# This file was generated by Animated Java via MC-Build. It is not recommended to edit this file directly.
$data merge entity $(bone_head_lower) { transformation: [-0.9586018661252597f,-0.208955588975463f,0.19344256020092226f,0.4895653068824124f,-0.060155795092053765f,0.8126177835397081f,0.5796840675677181f,0.23787052195600566f,-0.2783230902710244f,0.5440495379199668f,-0.7915468133414839f,0.5782909177716362f,0f,0f,0f,1f], start_interpolation: 0, interpolation_duration: 1 }
$data merge entity $(bone_head_upper) { transformation: [-0.9978082830323387f,-0.25805752685189776f,0.1457974133194616f,0.4935118346694423f,-0.06261614204640414f,0.683992449316921f,0.7821160339848369f,0.3071269726419908f,-0.2897063886951551f,0.7409673303837548f,-0.6712000940380526f,0.5485684439748141f,0f,0f,0f,1f], start_interpolation: 0, interpolation_duration: 1 }
$data merge entity $(bone_neck_0) { transformation: [-0.96542717295969f,-0.20697372356283772f,-0.1584684557430758f,0.48693649245715964f,-0.23208266797509797f,0.9592793637617478f,0.1609991847383607f,0.3020415707900738f,0.11869291864564491f,0.19221076976951734f,-0.9741493782002779f,0.48241982481240997f,0f,0f,0f,1f], start_interpolation: 0, interpolation_duration: 1 }
$data merge entity $(bone_neck_1) { transformation: [-0.9195737608322563f,0.06377656650342009f,-0.38770690986085776f,0.45438643920856353f,-0.06283270871879007f,0.9501718257631954f,0.30532859715541816f,0.33228423323678824f,0.3878609919853765f,0.3051328417113944f,-0.8697458248277189f,0.41014664689571056f,0f,0f,0f,1f], start_interpolation: 0, interpolation_duration: 1 }
$data merge entity $(bone_neck_2) { transformation: [-0.8218414025156512f,0.1792696049799128f,-0.5407764028149281f,0.40876553197521115f,-0.04979111962114611f,0.9229698072545315f,0.38163802130213087f,0.37475503745716615f,0.5675363895980418f,0.3405717892410925f,-0.7496087665276739f,0.3478097075561759f,0f,0f,0f,1f], start_interpolation: 0, interpolation_duration: 1 }
$data merge entity $(bone_body_0) { transformation: [-0.8175280207995126f,0.06670686129523884f,-0.5720123511461702f,0.13981372216375168f,-0.0560128072674923f,0.9793488240932928f,0.19426385708386285f,0.4756403865468453f,0.5731583556310128f,0.19085616417402543f,-0.79690866726817f,-0.02595221538584755f,0f,0f,0f,1f], start_interpolation: 0, interpolation_duration: 1 }
$data merge entity $(bone_leg_left_3) { transformation: [-0.7139755042911132f,0.2116567120742693f,-0.6674132269487625f,0.11908608339009814f,0.02541770737235772f,0.9604218333318271f,0.27738753074257844f,0.11346306108502693f,0.6997091677434162f,0.18108378804697473f,-0.6910974911561858f,-0.7619501040460493f,0f,0f,0f,1f], start_interpolation: 0, interpolation_duration: 1 }
$data merge entity $(bone_leg_left_2) { transformation: [-0.7750288231031928f,-0.09988611195497483f,-0.6643909146718462f,0.07406775767649698f,-0.30505327208711f,0.9560387739492865f,0.2121192197684751f,0.34239649216611234f,0.5986109120697032f,0.35787543481602285f,-0.7520986295739509f,-0.7008444042349707f,0f,0f,0f,1f], start_interpolation: 0, interpolation_duration: 1 }
$data merge entity $(bone_leg_left_1) { transformation: [-0.8601669586736825f,0.5082712283341566f,-0.042108926057962126f,0.2315132290549791f,0.03825479529935381f,0.14663063857719327f,0.98845132731311f,0.3290458345942366f,0.5085758289996408f,0.8486223036652596f,-0.14557064222979837f,-0.47270832829657006f,0f,0f,0f,1f], start_interpolation: 0, interpolation_duration: 1 }
$data merge entity $(bone_leg_left_0) { transformation: [-0.8726557731008492f,0.1816993297407104f,-0.4532739295895317f,0.23828502654288694f,-0.015000287716164566f,0.9177894602012646f,0.39678394386857885f,0.6553549440667812f,0.4881054118140789f,0.3530550386487182f,-0.7981887287118007f,-0.2123551328130678f,0f,0f,0f,1f], start_interpolation: 0, interpolation_duration: 1 }
$data merge entity $(bone_leg_right_3) { transformation: [-0.9705903640119701f,0.04363835056789354f,-0.23674889576685568f,-0.15233655976187974f,0.047564195117837195f,0.9988087819518934f,-0.010893320823722796f,0.0362015114779507f,0.2359915096563944f,-0.02183372289578333f,-0.971509802274072f,-0.05062627857090127f,0f,0f,0f,1f], start_interpolation: 0, interpolation_duration: 1 }
$data merge entity $(bone_leg_right_2) { transformation: [-0.9898934939972749f,0.0491909435088534f,-0.2641085404133513f,-0.1474966598566076f,0.045764182130813326f,1.0244978182859508f,0.01928884293887761f,0.2755355795028f,0.2647238366231113f,0.006831610698197904f,-0.9909272520823633f,-0.08006861743179092f,0f,0f,0f,1f], start_interpolation: 0, interpolation_duration: 1 }
$data merge entity $(bone_leg_right_1) { transformation: [-0.9014385705042239f,0.31497626788297317f,-0.2969822457282843f,-0.06412933878186663f,-0.2724666412585377f,0.12030036401173055f,0.9546149756943572f,0.2521618870614274f,0.33640813457553714f,0.9414445140788488f,-0.022622862379648945f,0.1835920469424059f,0f,0f,0f,1f], start_interpolation: 0, interpolation_duration: 1 }
$data merge entity $(bone_leg_right_0) { transformation: [-0.9242825189582207f,-0.3659527959239683f,-0.10853744194367546f,-0.0915071462258153f,-0.22810441941537363f,0.7575294335452913f,-0.61165147850367f,0.625907799482623f,0.30605587560349445f,-0.5405808990965001f,-0.7836466630699055f,-0.0004506849772847321f,0f,0f,0f,1f], start_interpolation: 0, interpolation_duration: 1 }
$data merge entity $(bone_tail_4) { transformation: [-2.6918290573154295f,0.4529508608805956f,-0.41779561440954993f,-0.5127713246490689f,-0.5518182552787019f,-0.9385961522224265f,2.5377539691180515f,1.991523862885113f,0.2742522031515802f,2.5572512806255046f,1.0054416683257779f,-0.9200740485452318f,0f,0f,0f,1f], start_interpolation: 0, interpolation_duration: 1 }
$data merge entity $(bone_tail_3) { transformation: [-2.041774364721821f,0.16612117665725895f,-0.3735059896109524f,-0.4510641375283444f,-0.3536200589893136f,0.23671312881991496f,2.038348663641509f,1.6435788311274837f,0.20507516546291904f,2.062114491330377f,-0.20389587342578108f,-0.9056802523956432f,0f,0f,0f,1f], start_interpolation: 0, interpolation_duration: 1 }
$data merge entity $(bone_tail_2) { transformation: [-1.9379555027634647f,0.02284964169120421f,-0.25016042490003587f,-0.4059874352887458f,-0.21266378283598986f,0.886564656591866f,1.7284533838535565f,1.3223168296944878f,0.13370287873292017f,1.7413370950391853f,-0.8767226110131979f,-0.7421862117715003f,0f,0f,0f,1f], start_interpolation: 0, interpolation_duration: 1 }
$data merge entity $(bone_tail_1) { transformation: [-1.4085410061761856f,-0.01653344984005918f,-0.5508131524905382f,-0.28591080546603376f,-0.43874642502306005f,0.9483790571271689f,1.0934966797078383f,1.0758347561540345f,0.3334217426168593f,1.1781171669401007f,-0.8879899394201313f,-0.5658204912007329f,0f,0f,0f,1f], start_interpolation: 0, interpolation_duration: 1 }
$data merge entity $(bone_tail_0) { transformation: [-1.12979047919103f,0.1326903204336141f,-0.5829257830775328f,-0.11236428939592866f,-0.4247640022834701f,0.698876823827066f,0.9823351994434221f,0.8056387219811589f,0.42069553370277f,1.0619793691803268f,-0.5736295005854603f,-0.37256516481110846f,0f,0f,0f,1f], start_interpolation: 0, interpolation_duration: 1 }
$data merge entity $(bone_body_1) { transformation: [-1.0372336426183895f,0.24576886595178538f,-0.6263773864098309f,0.01670540157556747f,-0.09261459659674325f,1.0878425089802806f,0.5801946287315669f,0.5974776851851852f,0.6664634289847117f,0.5336674388048345f,-0.8942204189357782f,-0.20061773261283758f,0f,0f,0f,1f], start_interpolation: 0, interpolation_duration: 1 }