# This file was generated by Animated Java via MC-Build. It is not recommended to edit this file directly.
$data merge entity $(bone_head_lower) { transformation: [-0.9587093919871766f,-0.2636191419458137f,0.10668294013257609f,0.5113501136525339f,-0.12461395353009255f,0.7266128876963247f,0.675651592182841f,0.26721821213709307f,-0.2556318921832287f,0.6344593441926448f,-0.7294612232774687f,0.5739076143860066f,0f,0f,0f,1f], start_interpolation: 0, interpolation_duration: 1 }
$data merge entity $(bone_head_upper) { transformation: [-0.9979202066572056f,-0.28345554662200906f,0.08532383499330681f,0.51055741170415f,-0.1297106123069927f,0.6884034055228561f,0.7699011955458872f,0.33571082285458204f,-0.2660871300602344f,0.7274789666631327f,-0.6953013266653211f,0.5422281195585884f,0f,0f,0f,1f], start_interpolation: 0, interpolation_duration: 1 }
$data merge entity $(bone_neck_0) { transformation: [-0.9454500163649373f,-0.265577313627179f,-0.1886609579168687f,0.5029745567201193f,-0.29622849555833636f,0.9418433186172778f,0.1586815729542591f,0.33077930670500016f,0.13554683683061086f,0.2059122474807268f,-0.9691373490701157f,0.476175741001458f,0f,0f,0f,1f], start_interpolation: 0, interpolation_duration: 1 }
$data merge entity $(bone_neck_1) { transformation: [-0.9046560816546191f,0.006434468924197002f,-0.4260938529654876f,0.46690845768614747f,-0.13381443553807182f,0.945020983326621f,0.29837734148895045f,0.3604093772742841f,0.4045875316503688f,0.3269463850267349f,-0.8540579550305772f,0.40533202382722844f,0f,0f,0f,1f], start_interpolation: 0, interpolation_duration: 1 }
$data merge entity $(bone_neck_2) { transformation: [-0.8053096850486721f,0.12239772779128752f,-0.5800819833423015f,0.41728727558414336f,-0.11948155022649644f,0.9248718261372874f,0.3610211411717499f,0.40109261012226366f,0.5806896506071737f,0.36004291612113287f,-0.7301839687563054f,0.34488747696005884f,0f,0f,0f,1f], start_interpolation: 0, interpolation_duration: 1 }
$data merge entity $(bone_body_0) { transformation: [-0.8003724958890351f,0.0035482734049520626f,-0.5994925167007508f,0.13478250229954108f,-0.1256511314835646f,0.9767788992704027f,0.17353609162649816f,0.49218455933466326f,0.5861873940825205f,0.21422042782130765f,-0.7813411209726515f,-0.02131494597461539f,0f,0f,0f,1f], start_interpolation: 0, interpolation_duration: 1 }
$data merge entity $(bone_leg_left_3) { transformation: [-0.6876874077338886f,0.15026157426553924f,-0.7102869057947543f,0.11324578155710863f,0.026649887743914236f,0.9829125555555075f,0.1821337190488847f,0.09137341650105216f,0.7255176171034591f,0.10632199880825743f,-0.6799410414454589f,-0.7310281380336714f,0f,0f,0f,1f], start_interpolation: 0, interpolation_duration: 1 }
$data merge entity $(bone_leg_left_2) { transformation: [-0.7303346884771481f,-0.149910536963839f,-0.7044148445446722f,0.055399253810488186f,-0.3130861721168704f,0.9695627006179639f,0.11826841463509971f,0.32054638293726395f,0.648575740478232f,0.29922767248085186f,-0.7361212592946215f,-0.683021859814026f,0f,0f,0f,1f], start_interpolation: 0, interpolation_duration: 1 }
$data merge entity $(bone_leg_left_1) { transformation: [-0.8430750294063533f,0.5245999600996952f,-0.11840344866123911f,0.22098671025740285f,0.01582273144722377f,0.2442647971968292f,0.9695794707087918f,0.33516751627137226f,0.5375631460219588f,0.8155547748090191f,-0.21423415536553558f,-0.4608048433926165f,0f,0f,0f,1f], start_interpolation: 0, interpolation_duration: 1 }
$data merge entity $(bone_leg_left_0) { transformation: [-0.8534578417832749f,0.14547959458825924f,-0.5004452016525587f,0.21960975041210473f,-0.03881010295280991f,0.9398415590682399f,0.3393989094811186f,0.6720379957601332f,0.5197148143043709f,0.3090849905877281f,-0.7964690705771049f,-0.21418030569401328f,0f,0f,0f,1f], start_interpolation: 0, interpolation_duration: 1 }
$data merge entity $(bone_leg_right_3) { transformation: [-0.9532990943104587f,0.02180267837855306f,-0.3012399043991028f,-0.15883993955913148f,0.022206101586897724f,0.9997512391905331f,0.002085375099718823f,0.03854809610918192f,0.3012104344792384f,-0.004701377725254286f,-0.9535461033470347f,-0.058213756825842664f,0f,0f,0f,1f], start_interpolation: 0, interpolation_duration: 1 }
$data merge entity $(bone_leg_right_2) { transformation: [-0.9681502438470319f,0.020033826434011467f,-0.3381507809218237f,-0.16311849019264896f,0.019457022811078098f,1.025503840919696f,0.005049358669704398f,0.27771741506053893f,0.3381844601736698f,-0.0016485017616095143f,-0.968344335884545f,-0.08904884954235881f,0f,0f,0f,1f], start_interpolation: 0, interpolation_duration: 1 }
$data merge entity $(bone_leg_right_1) { transformation: [-0.8708132809238776f,0.3821030989605837f,-0.3093241851703654f,-0.06025041485905873f,-0.2925093359486022f,0.10299199649491853f,0.9507002351114147f,0.24945004042013863f,0.3951234214134867f,0.9183626029094988f,0.022081925364222765f,0.1671395582123008f,0f,0f,0f,1f], start_interpolation: 0, interpolation_duration: 1 }
$data merge entity $(bone_leg_right_0) { transformation: [-0.8959084166521427f,-0.40640253928912295f,-0.17940202069988928f,-0.10104050302990658f,-0.2462978046053815f,0.7904997032508917f,-0.5607562845005144f,0.6341134126085329f,0.3697100220692157f,-0.45819995113444234f,-0.8083113907164583f,0.010048701164156737f,0f,0f,0f,1f], start_interpolation: 0, interpolation_duration: 1 }
$data merge entity $(bone_tail_4) { transformation: [-2.541302917253746f,-0.49404484401325044f,0.9609164929698755f,-0.13462309851061036f,0.9198577337194004f,0.2991320876507097f,2.586511758228509f,1.8916888340869966f,-0.5668355705795192f,2.700389049348566f,-0.11071472207497884f,-1.176268396806126f,0f,0f,0f,1f], start_interpolation: 0, interpolation_duration: 1 }
$data merge entity $(bone_tail_3) { transformation: [-2.008505118251654f,-0.04488661165245944f,0.547574568525344f,-0.22703225945820954f,0.4696367436031626f,0.9367419099619888f,1.7994169748068471f,1.57740745605283f,-0.2851211059517908f,1.8591517722497992f,-0.8934238460695474f,-1.042969987855863f,0f,0f,0f,1f], start_interpolation: 0, interpolation_duration: 1 }
$data merge entity $(bone_tail_2) { transformation: [-1.8987245821311813f,0.11808198120670496f,0.4468506259678366f,-0.3114767192906662f,0.4059052886900106f,1.3295877249860697f,1.3733940633272819f,1.3227130232332933f,-0.22104237789850828f,1.4272445488715104f,-1.3163917121785247f,-0.7980794754559748f,0f,0f,0f,1f], start_interpolation: 0, interpolation_duration: 1 }
$data merge entity $(bone_tail_1) { transformation: [-1.4978531318904738f,0.11350826464801686f,-0.17665819862801385f,-0.27341836040676465f,-0.04713308691342031f,1.0582572496550768f,1.0795954407418014f,1.0775050574495204f,0.20462335498156373f,1.074645856740288f,-1.0444720270007337f,-0.5866526752766308f,0f,0f,0f,1f], start_interpolation: 0, interpolation_duration: 1 }
$data merge entity $(bone_tail_0) { transformation: [-1.1889240017081157f,0.1758974912034199f,-0.43514998257466475f,-0.1420127018752589f,-0.24966496759816043f,0.7664852583034699f,0.9919694901264353f,0.8061251715750911f,0.397445390840802f,1.0076686647781767f,-0.678584364620639f,-0.3640377122811837f,0f,0f,0f,1f], start_interpolation: 0, interpolation_duration: 1 }
$data merge entity $(bone_body_1) { transformation: [-1.0084812735001647f,0.22302135307535975f,-0.679581924515486f,0.000958505348761348f,-0.11927709865542171f,1.10583616140956f,0.539911060186365f,0.6061175000000001f,0.705225559514175f,0.5059569697589466f,-0.880493639963693f,-0.19341506717494936f,0f,0f,0f,1f], start_interpolation: 0, interpolation_duration: 1 }