# This file was generated by Animated Java via MC-Build. It is not recommended to edit this file directly.
$data merge entity $(bone_head_lower) { transformation: [-0.9507812838190404f,-0.2883671119077447f,-0.11339911423553287f,0.5784088469902681f,-0.2630992682095597f,0.5579644703261564f,0.7870542706327472f,0.33381452135584844f,-0.16368789022713748f,0.7781516938384432f,-0.606371351540746f,0.5568813144618968f,0f,0f,0f,1f], start_interpolation: 0, interpolation_duration: 1 }
$data merge entity $(bone_head_upper) { transformation: [-0.989667842168371f,-0.3126621697704539f,-0.07919515361270027f,0.5656213741640381f,-0.2738599186546356f,0.6795724015237419f,0.7393605606368503f,0.39995869523496275f,-0.17038265673413983f,0.7238063700087153f,-0.7283859084321516f,0.5228682979481445f,0f,0f,0f,1f], start_interpolation: 0, interpolation_duration: 1 }
$data merge entity $(bone_neck_0) { transformation: [-0.8802625348108196f,-0.3796713312346912f,-0.2845831162365538f,0.5536669086960855f,-0.4320905522150051f,0.8892405053375697f,0.15016350539833406f,0.39537412758269985f,0.19605005609528037f,0.2551489837437353f,-0.9468174964583074f,0.4574404082594633f,0f,0f,0f,1f], start_interpolation: 0, interpolation_duration: 1 }
$data merge entity $(bone_neck_1) { transformation: [-0.8442767173050805f,-0.10053860190257899f,-0.5263922626179377f,0.5086114063822593f,-0.28369866677053607f,0.9171700155169924f,0.2798467957815138f,0.4233061117898235f,0.4546557940785289f,0.3856049171937965f,-0.8028679572300714f,0.39120338829303486f,0f,0f,0f,1f], start_interpolation: 0, interpolation_duration: 1 }
$data merge entity $(bone_neck_2) { transformation: [-0.7431685817614344f,0.018264974634827166f,-0.6688548794651104f,0.45019352804680374f,-0.2637314703332619f,0.910704903236121f,0.31790295811386093f,0.4600731653860298f,0.6149359077485671f,0.4126535713201529f,-0.6719902227251298f,0.33637214122734943f,0f,0f,0f,1f], start_interpolation: 0, interpolation_duration: 1 }
$data merge entity $(bone_body_0) { transformation: [-0.7413025559031499f,-0.12344860993137663f,-0.6597203660017389f,0.13809379118119797f,-0.2654563143343393f,0.9567184171067736f,0.11925944637108585f,0.525393634058762f,0.616444211418589f,0.26353426926060347f,-0.7419880208829478f,-0.010813537227161718f,0f,0f,0f,1f], start_interpolation: 0, interpolation_duration: 1 }
$data merge entity $(bone_leg_left_3) { transformation: [-0.6498132548353803f,0.11875643847560313f,-0.7507593770049354f,0.13774365607074077f,0.0002167473827083548f,0.9877481637085308f,0.15605613769088786f,0.07356328696887984f,0.760093867138014f,0.10124462163994452f,-0.64187758936433f,-0.6610589880802706f,0f,0f,0f,1f], start_interpolation: 0, interpolation_duration: 1 }
$data merge entity $(bone_leg_left_2) { transformation: [-0.6757438423639472f,-0.19266439190229662f,-0.747203380011641f,0.06869360046552694f,-0.3429278250561285f,0.9647254732295354f,0.061379700268220865f,0.29980429094578886f,0.6912546316735797f,0.29025401443504883f,-0.6999870290190072f,-0.6139615358513788f,0f,0f,0f,1f], start_interpolation: 0, interpolation_duration: 1 }
$data merge entity $(bone_leg_left_1) { transformation: [-0.8123201883585645f,0.5536939905614559f,-0.18319081964235198f,0.24500857312340474f,-0.022308949681529095f,0.2843768897695314f,0.958452969805569f,0.32667215047451587f,0.5827848851413473f,0.7826574917428047f,-0.21865275728800804f,-0.4013479563209028f,0f,0f,0f,1f], start_interpolation: 0, interpolation_duration: 1 }
$data merge entity $(bone_leg_left_0) { transformation: [-0.8136884958181466f,-0.008990006290599373f,-0.5812316333099024f,0.19418255372108031f,-0.08027015868116111f,0.9920393277475779f,0.09702924212542943f,0.6989467822150922f,0.5757323452773024f,0.12560713351171165f,-0.8079326176188633f,-0.21931611053949598f,0f,0f,0f,1f], start_interpolation: 0, interpolation_duration: 1 }
$data merge entity $(bone_leg_right_3) { transformation: [-0.9042561249740207f,0.01995800941322263f,-0.4265237839877511f,-0.18196915750628295f,0.0027918354636921076f,0.9991620364124015f,0.040834184783914824f,0.04697865147068847f,0.4269813416318232f,0.035733777472930536f,-0.9035541107458942f,-0.06166970503216146f,0f,0f,0f,1f], start_interpolation: 0, interpolation_duration: 1 }
$data merge entity $(bone_leg_right_2) { transformation: [-0.9069774639130523f,-0.012898496619724803f,-0.4788399609885258f,-0.1983670127800507f,-0.0002804403348562741f,1.0253430337835554f,-0.027088446346146194f,0.2851479046593445f,0.47901357058830873f,-0.023822077096265586f,-0.9066646057587963f,-0.09598572525587185f,0f,0f,0f,1f], start_interpolation: 0, interpolation_duration: 1 }
$data merge entity $(bone_leg_right_1) { transformation: [-0.8048871387343733f,0.5148990458603366f,-0.29501807821235027f,-0.0588682104867474f,-0.3011762542097141f,0.0739184713958394f,0.950699176126028f,0.2488096108678035f,0.5113213840630951f,0.8540579793893487f,0.09557933898695598f,0.14114925365449293f,0f,0f,0f,1f], start_interpolation: 0, interpolation_duration: 1 }
$data merge entity $(bone_leg_right_0) { transformation: [-0.8317283293416491f,-0.4405493935056346f,-0.3378523613242428f,-0.10762919511889069f,-0.25204977867021483f,0.8418476992933523f,-0.4772455974304899f,0.6475043976224173f,0.49467049158287685f,-0.31178307054153376f,-0.8112289576197633f,0.027254073963471792f,0f,0f,0f,1f], start_interpolation: 0, interpolation_duration: 1 }
$data merge entity $(bone_tail_4) { transformation: [-0.30127074740966997f,0.5438957244956113f,2.6905528631176554f,0.217773223656667f,1.916061150073626f,1.9798718948105174f,-0.18568328120201086f,1.382412520518833f,-1.965605997531996f,1.8466039241306738f,-0.59338717668268f,-1.3676862487828017f,0f,0f,0f,1f], start_interpolation: 0, interpolation_duration: 1 }
$data merge entity $(bone_tail_3) { transformation: [-1.0911968583886698f,0.7561984941995507f,1.60418165419552f,-0.061636699691394764f,1.4649431422448909f,1.445938310864722f,0.31488016324910634f,1.314870839427698f,-0.9995881813410994f,1.2935887153915846f,-1.289727579444274f,-1.161654893196378f,0f,0f,0f,1f], start_interpolation: 0, interpolation_duration: 1 }
$data merge entity $(bone_tail_2) { transformation: [-1.3514985868695553f,0.9001016885398907f,1.0872177311743998f,-0.2645332783602322f,1.297972746633712f,1.38393082544066f,0.46773506859551134f,1.229209001565349f,-0.5545197865617688f,1.0456224441382018f,-1.5549776157966775f,-0.8727491787017256f,0f,0f,0f,1f], start_interpolation: 0, interpolation_duration: 1 }
$data merge entity $(bone_tail_1) { transformation: [-1.382324288210404f,0.5968007259949449f,0.1437522371147911f,-0.3014417945028881f,0.5655686035675361f,1.1004351132892891f,0.8699603244393719f,1.0280112351162392f,0.23867963231551134f,0.8488390335581277f,-1.2288859093609286f,-0.6189108498172466f,0f,0f,0f,1f], start_interpolation: 0, interpolation_duration: 1 }
$data merge entity $(bone_tail_0) { transformation: [-1.1818109178538203f,0.3207782719931909f,-0.36641502595090375f,-0.18662585652295374f,-0.027001073504167198f,0.9170998870388121f,0.8899631766579158f,0.7900745641724136f,0.4862402832501248f,0.8305810098927668f,-0.8411547357855022f,-0.3530624864468116f,0f,0f,0f,1f], start_interpolation: 0, interpolation_duration: 1 }
$data merge entity $(bone_body_1) { transformation: [-0.9492320481901334f,0.14884190340922468f,-0.7780804595506389f,-0.01575860729889807f,-0.16179211140180236f,1.152327799350327f,0.4178140143518761f,0.6153212037037037f,0.7754910872686811f,0.4226006692969167f,-0.8652322479732752f,-0.18037326282666552f,0f,0f,0f,1f], start_interpolation: 0, interpolation_duration: 1 }