# This file was generated by Animated Java via MC-Build. It is not recommended to edit this file directly.
$data merge entity $(bone_head_lower) { transformation: [-0.9491997939980139f,-0.15858460659011106f,-0.27179159962513105f,0.6565798304589369f,-0.31223633390212985f,0.5819593520173066f,0.7508873313560124f,0.2974601403280199f,0.03909249116499652f,0.797605312891192f,-0.6019115732250531f,0.5155932002098028f,0f,0f,0f,1f], start_interpolation: 0, interpolation_duration: 1 }
$data merge entity $(bone_head_upper) { transformation: [-0.9880216700726187f,-0.17095922135804964f,-0.2793887375737791f,0.633173952638027f,-0.3250066698602545f,0.6219969535752152f,0.768740786528857f,0.36432099069825197f,0.0406913577651069f,0.8169239113646436f,-0.6437790607245868f,0.4895692100661116f,0f,0f,0f,1f], start_interpolation: 0, interpolation_duration: 1 }
$data merge entity $(bone_neck_0) { transformation: [-0.8111684337766825f,-0.39739347739348707f,-0.4290503422319993f,0.6121433030909447f,-0.5054433348942555f,0.8454319793883701f,0.17254507654069895f,0.3619184540365452f,0.2941645921168228f,0.35682375530865995f,-0.8866476190641741f,0.42634994202610776f,0f,0f,0f,1f], start_interpolation: 0, interpolation_duration: 1 }
$data merge entity $(bone_neck_1) { transformation: [-0.7785227618360201f,-0.07746546291283296f,-0.6228173178058843f,0.5590256280910335f,-0.35477968668427967f,0.8729094995294137f,0.3349035376754215f,0.39431056423723f,0.5177196956070143f,0.481692959972438f,-0.707063087067605f,0.3686715176034369f,0f,0f,0f,1f], start_interpolation: 0, interpolation_duration: 1 }
$data merge entity $(bone_neck_2) { transformation: [-0.6920141652141654f,0.08109649005953831f,-0.7173142647703062f,0.496977503963158f,-0.32451762713844934f,0.8526565056548795f,0.4094694042792946f,0.4385311951733057f,0.6448292059292692f,0.516139751098899f,-0.5637331394518108f,0.32433759733951506f,0f,0f,0f,1f], start_interpolation: 0, interpolation_duration: 1 }
$data merge entity $(bone_body_0) { transformation: [-0.708640131311762f,-0.10554918340531089f,-0.6976306574233394f,0.1671813033260887f,-0.3100552705337403f,0.9347487147048792f,0.17352397405495645f,0.5292170433739612f,0.6337940466024413f,0.3392701139800678f,-0.6951265325473156f,-0.00004095880223509152f,0f,0f,0f,1f], start_interpolation: 0, interpolation_duration: 1 }
$data merge entity $(bone_leg_left_3) { transformation: [-0.6878706154605931f,0.06835804452896434f,-0.7226072198186515f,0.18720558600554663f,-0.010098583368641069f,0.9945576180236618f,0.10369745920246248f,0.07486401719031688f,0.7257630708432412f,0.07862774433541832f,-0.6834366414093648f,-0.6566912623800123f,0f,0f,0f,1f], start_interpolation: 0, interpolation_duration: 1 }
$data merge entity $(bone_leg_left_2) { transformation: [-0.7221735132756919f,-0.1635025323626424f,-0.7097848534131603f,0.12603748760911831f,-0.34598208989110396f,0.956567515481238f,0.13167073061743698f,0.3013709824214058f,0.6409555442449364f,0.3321260449554488f,-0.7286497650206326f,-0.6007973404708928f,0f,0f,0f,1f], start_interpolation: 0, interpolation_duration: 1 }
$data merge entity $(bone_leg_left_1) { transformation: [-0.8381898673639101f,0.5303767210351668f,-0.1270365303070566f,0.2935548846995578f,-0.013433096826466274f,0.21278472273108645f,0.9770067623521884f,0.30762869568404f,0.5452130759236444f,0.8206236625617371f,-0.17122939667486656f,-0.37963642991811836f,0f,0f,0f,1f], start_interpolation: 0, interpolation_duration: 1 }
$data merge entity $(bone_leg_left_0) { transformation: [-0.8378589240543545f,-0.03825988530874433f,-0.5445444009065203f,0.22543955786112108f,-0.07169595090376306f,0.9966123821987936f,0.04029206214691555f,0.687314589652256f,0.5411581229238684f,0.07280069247065885f,-0.8377636571070077f,-0.2199298153534654f,0f,0f,0f,1f], start_interpolation: 0, interpolation_duration: 1 }
$data merge entity $(bone_leg_right_3) { transformation: [-0.9130344619373154f,0.09945180128090202f,-0.3955722570363356f,-0.1858217092984283f,0.07230153107848614f,0.9939230383459986f,0.08300290626698575f,0.049644610089931956f,0.4014231681387404f,0.047184034026811456f,-0.9146765040244631f,-0.0397290040981736f,0f,0f,0f,1f], start_interpolation: 0, interpolation_duration: 1 }
$data merge entity $(bone_leg_right_2) { transformation: [-0.9153584853796219f,0.046224459368359436f,-0.4604827272551288f,-0.18785776649245178f,0.0675204685259375f,1.022990297612645f,-0.03152834948303965f,0.28702304614159474f,0.45784498367270143f,-0.058449549589279635f,-0.9159824346455825f,-0.08237176004552008f,0f,0f,0f,1f], start_interpolation: 0, interpolation_duration: 1 }
$data merge entity $(bone_leg_right_1) { transformation: [-0.8329660439605453f,0.5002333587735162f,-0.2365040303649923f,-0.05600574769495557f,-0.23436237397127102f,0.06823664626592124f,0.9697515340399981f,0.24946135258549929f,0.5012403089090787f,0.8631977449440806f,0.06039706820852436f,0.15891137234460018f,0f,0f,0f,1f], start_interpolation: 0, interpolation_duration: 1 }
$data merge entity $(bone_leg_right_0) { transformation: [-0.8571554688173652f,-0.39836510232770356f,-0.3264808532271395f,-0.08617296391770862f,-0.18705290634906063f,0.8313586999094432f,-0.5233105409900032f,0.6402302396489646f,0.4798913548948889f,-0.3874892996358976f,-0.787119006354712f,0.015047219293871872f,0f,0f,0f,1f], start_interpolation: 0, interpolation_duration: 1 }
$data merge entity $(bone_tail_4) { transformation: [0.617783441400315f,0.6233216255878009f,2.6182962212488805f,0.2658036390166042f,1.9309770247049134f,1.768732993154378f,-0.8766827593770253f,1.1654458714504319f,-1.8749220466977679f,2.0269965667464103f,-0.040169251983577396f,-1.4066505999728776f,0f,0f,0f,1f], start_interpolation: 0, interpolation_duration: 1 }
$data merge entity $(bone_tail_3) { transformation: [-0.6861805745742305f,0.8146035535287258f,1.789279965712408f,-0.045563657175357763f,1.5275633445007666f,1.4139108128368993f,-0.057896182300522465f,1.1614266971517464f,-1.237599278304192f,1.2935311321981064f,-1.0635181062961145f,-1.2389754481619146f,0f,0f,0f,1f], start_interpolation: 0, interpolation_duration: 1 }
$data merge entity $(bone_tail_2) { transformation: [-1.2218851256625145f,1.0352437534915209f,1.1198397142199703f,-0.25439659177121227f,1.383825331854359f,1.3557065987071497f,0.25663387177619756f,1.1150648779331327f,-0.6409353053200076f,0.9534693828757453f,-1.5807820676221218f,-0.9453585700435667f,0f,0f,0f,1f], start_interpolation: 0, interpolation_duration: 1 }
$data merge entity $(bone_tail_1) { transformation: [-1.3233582798792936f,0.7258948127559407f,0.09724111213337706f,-0.28293080906009915f,0.6775253012325747f,1.1371466752660748f,0.7317876434601923f,0.9430446096316576f,0.2780981468198361f,0.68383507495984f,-1.3201088064966626f,-0.6699107478775035f,0f,0f,0f,1f], start_interpolation: 0, interpolation_duration: 1 }
$data merge entity $(bone_tail_0) { transformation: [-1.1666842477854351f,0.30542546729701253f,-0.42355503359039764f,-0.1517877233165068f,-0.0075039657649446445f,1.0268620469792713f,0.7611397661109075f,0.7454018898277893f,0.5221372166884487f,0.6972125479249278f,-0.9354694578386286f,-0.3797198492074044f,0f,0f,0f,1f], start_interpolation: 0, interpolation_duration: 1 }
$data merge entity $(bone_body_1) { transformation: [-0.9800565863545906f,0.06658599678197524f,-0.7507729268106221f,0.018271426103021383f,-0.14808560025614964f,1.190519014871787f,0.2988975163525712f,0.5957224999999999f,0.7390293212018132f,0.32685681164312685f,-0.9357376139403218f,-0.18419008736405104f,0f,0f,0f,1f], start_interpolation: 0, interpolation_duration: 1 }