# This file was generated by Animated Java via MC-Build. It is not recommended to edit this file directly.
$data merge entity $(bone_head_lower) { transformation: [-0.8692925898207824f,0.08922948116076117f,-0.4861774295197782f,0.7712846508372199f,-0.3193563010053259f,0.6493452803953565f,0.6901900171956066f,0.2610028394181666f,0.3772823164301149f,0.7552408930401328f,-0.5359750434386564f,0.4171010637419592f,0f,0f,0f,1f], start_interpolation: 0, interpolation_duration: 1 }
$data merge entity $(bone_head_upper) { transformation: [-0.9048462945392067f,0.2010360840672244f,-0.47361336419603994f,0.7428683152145916f,-0.33241784065131835f,0.5029071528079784f,0.8485603793807455f,0.3306898115966944f,0.39271300597114145f,0.8888986619075291f,-0.37297132112753895f,0.4114712973020343f,0f,0f,0f,1f], start_interpolation: 0, interpolation_duration: 1 }
$data merge entity $(bone_neck_0) { transformation: [-0.6973139973886672f,-0.28357450942611484f,-0.6582846547274033f,0.7051306607317873f,-0.5441636637070659f,0.8072063923857788f,0.22870012503809323f,0.33255135011782044f,0.4665180555420567f,0.5176903878722052f,-0.7171872601754608f,0.35654279502163594f,0f,0f,0f,1f], start_interpolation: 0, interpolation_duration: 1 }
$data merge entity $(bone_neck_1) { transformation: [-0.6640269529918678f,0.06100265524771338f,-0.7452159967103932f,0.6422821164578545f,-0.3748867471034587f,0.8351798243142141f,0.4024109689169344f,0.37048840988218934f,0.646937502813466f,0.5465833304366381f,-0.5317128269491619f,0.31401778092859356f,0f,0f,0f,1f], start_interpolation: 0, interpolation_duration: 1 }
$data merge entity $(bone_neck_2) { transformation: [-0.5974736779703271f,0.23171548521507362f,-0.7676803618982011f,0.5772961985752917f,-0.31281839110760556f,0.8141418752056783f,0.48920104376568f,0.4213170481208268f,0.7383561866182601f,0.5324292825795034f,-0.41394347528909814f,0.28296604336195885f,0f,0f,0f,1f], start_interpolation: 0, interpolation_duration: 1 }
$data merge entity $(bone_body_0) { transformation: [-0.6426475541911583f,-0.02770376211246056f,-0.7656609057911593f,0.21617917194049116f,-0.2747484922372986f,0.9412125268871343f,0.1965508718985152f,0.5229169628150859f,0.7152044372803159f,0.3366771165308857f,-0.612479495247796f,-0.0024859755688678986f,0f,0f,0f,1f], start_interpolation: 0, interpolation_duration: 1 }
$data merge entity $(bone_leg_left_3) { transformation: [-0.6979595101197139f,0.031779249747785746f,-0.715431758813457f,0.2099445889304848f,-0.004099820598229734f,0.9988212169634333f,0.04836701370509039f,0.07037708653459182f,0.7161254874004352f,0.03669135905296955f,-0.6970064780662618f,-0.6759317530612459f,0f,0f,0f,1f], start_interpolation: 0, interpolation_duration: 1 }
$data merge entity $(bone_leg_left_2) { transformation: [-0.7487710244346555f,-0.09638397968904366f,-0.6943444972973233f,0.1648576410726854f,-0.3287499446944364f,0.9455903355045023f,0.22325902168687808f,0.2971825090572543f,0.6191345785297212f,0.3855272303748191f,-0.7211818964789946f,-0.6073931543507365f,0f,0f,0f,1f], start_interpolation: 0, interpolation_duration: 1 }
$data merge entity $(bone_leg_left_1) { transformation: [-0.8389240251314302f,0.5417495467254735f,-0.05209518864562397f,0.33150469298147606f,0.016851868872994415f,0.12153038108649693f,0.9924446488285672f,0.27722735776658874f,0.5439875867818736f,0.8317077582274403f,-0.11108424880026245f,-0.38638650810035546f,0f,0f,0f,1f], start_interpolation: 0, interpolation_duration: 1 }
$data merge entity $(bone_leg_left_0) { transformation: [-0.8398060970591258f,-0.017507588449802367f,-0.5426040947956347f,0.27115303053705564f,-0.04148428293955323f,0.9986270639486148f,0.03198501865499652f,0.6618934071010365f,0.5412991535290894f,0.04937075547367824f,-0.8393793867451411f,-0.235731319361049f,0f,0f,0f,1f], start_interpolation: 0, interpolation_duration: 1 }
$data merge entity $(bone_leg_right_3) { transformation: [-0.9089057732609059f,0.19822395912415897f,-0.3668753975972462f,-0.1679758260717348f,0.16643128601469342f,0.9791226648316312f,0.11670233180403417f,0.056337627977145616f,0.38234921520579745f,0.045011878900434676f,-0.9229209112320307f,0.002962275471032734f,0f,0f,0f,1f], start_interpolation: 0, interpolation_duration: 1 }
$data merge entity $(bone_leg_right_2) { transformation: [-0.9130047264420476f,0.12432233189876694f,-0.45058686930094655f,-0.15150520780674398f,0.15761778591512376f,1.0127303985337712f,-0.03994963015517916f,0.29092446613566136f,0.4400468185981917f,-0.10480122698506111f,-0.9205637945111292f,-0.05059896203123973f,0f,0f,0f,1f], start_interpolation: 0, interpolation_duration: 1 }
$data merge entity $(bone_leg_right_1) { transformation: [-0.8537395519295049f,0.4941511653946006f,-0.16414445836020664f,-0.025556928627139153f,-0.14584656114713562f,0.07568220391738895f,0.9864081227421844f,0.2562649426520124f,0.4998575377772777f,0.8660755335127319f,0.007457357298182865f,0.19424616057353714f,0f,0f,0f,1f], start_interpolation: 0, interpolation_duration: 1 }
$data merge entity $(bone_leg_right_0) { transformation: [-0.8755988864441607f,-0.3644789657749462f,-0.3169884438987819f,-0.041047567875036634f,-0.10392288960317624f,0.7830130870325008f,-0.6132622102757997f,0.6257084042919804f,0.4717272761609949f,-0.5040293533549993f,-0.7234830943997721f,0.0003935172806945608f,0f,0f,0f,1f], start_interpolation: 0, interpolation_duration: 1 }
$data merge entity $(bone_tail_4) { transformation: [0.7252308598785886f,0.5233036529471203f,2.612633693859888f,0.26935001279038007f,1.894825353305367f,1.802373614948721f,-0.8869879166075899f,0.9850315073587843f,-1.8733228264105881f,2.0256514928656606f,0.11427575902248256f,-1.4786396322526727f,0f,0f,0f,1f], start_interpolation: 0, interpolation_duration: 1 }
$data merge entity $(bone_tail_3) { transformation: [-0.656484288093645f,0.7983523187232593f,1.807652477861776f,-0.04497355143112891f,1.4098446572609182f,1.5239266178670399f,-0.1610317726214748f,0.9974237268711206f,-1.3846703390783919f,1.1731269175114707f,-1.020983258203096f,-1.3169985690743744f,0f,0f,0f,1f], start_interpolation: 0, interpolation_duration: 1 }
$data merge entity $(bone_tail_2) { transformation: [-1.2662356390629923f,1.0719953351016185f,1.0325924573082454f,-0.2376114611471441f,1.3075111464842375f,1.4489157471985932f,0.09915459818986674f,0.9803027098997419f,-0.7112213320682859f,0.7551443796010718f,-1.6561084076142785f,-1.0094778535327207f,0f,0f,0f,1f], start_interpolation: 0, interpolation_duration: 1 }
$data merge entity $(bone_tail_1) { transformation: [-1.3095361770115113f,0.7565561856544125f,0.019849157315173577f,-0.24987980208051433f,0.708930953188065f,1.212370408244582f,0.5614544922117264f,0.8439866988331453f,0.2649304714636236f,0.49541596780979136f,-1.404290252807143f,-0.7135993143710198f,0f,0f,0f,1f], start_interpolation: 0, interpolation_duration: 1 }
$data merge entity $(bone_tail_0) { transformation: [-1.1573500847463878f,0.2724470578165889f,-0.46920048871313064f,-0.10619388121762105f,0.014497591079267184f,1.1205128523247945f,0.6148792436014402f,0.6913446638746179f,0.5423710148730799f,0.5514156916937214f,-1.017649317674565f,-0.40291188847437465f,0f,0f,0f,1f], start_interpolation: 0, interpolation_duration: 1 }
$data merge entity $(bone_body_1) { transformation: [-0.9819061538059245f,0.02148581905997611f,-0.7510015044949165f,0.06695622633437606f,-0.11380592194380858f,1.2173474315165078f,0.1836247210125345f,0.5666575f,0.7426392881505972f,0.21496089322417075f,-0.9648229356393281f,-0.19308321258219052f,0f,0f,0f,1f], start_interpolation: 0, interpolation_duration: 1 }