# This file was generated by Animated Java via MC-Build. It is not recommended to edit this file directly.
$data merge entity $(bone_head_lower) { transformation: [0.07124671232666588f,0.7232668272074393f,-0.6868835437277014f,1.0364023257127106f,-0.3323809506307177f,0.6664907379455787f,0.6673177653041906f,0.34482902235485313f,0.9404503227924703f,0.18076280838170816f,0.28788538946166764f,-0.09171105591096591f,0f,0f,0f,1f], start_interpolation: 0, interpolation_duration: 1 }
$data merge entity $(bone_head_upper) { transformation: [0.07416067317469638f,1.03732684357068f,-0.04387660818104624f,1.0566935096056314f,-0.34597519301945134f,0.06616461696359514f,0.9794872903007582f,0.41373060405512724f,0.9789143491403813f,-0.05520150046201608f,0.3495016938117936f,-0.06855298200096657f,0f,0f,0f,1f], start_interpolation: 0, interpolation_duration: 1 }
$data merge entity $(bone_neck_0) { transformation: [-0.04419346291814569f,0.5089777683151058f,-0.859644443474322f,0.9928599045568857f,-0.5815789983455208f,0.6865385119084659f,0.43638370770450413f,0.4309921082206086f,0.8122886226697522f,0.5192364615736107f,0.26567026640893215f,-0.0600648965441208f,0f,0f,0f,1f], start_interpolation: 0, interpolation_duration: 1 }
$data merge entity $(bone_neck_1) { transformation: [0.009006526032083267f,0.5442113912850348f,-0.8388997819074933f,0.9243011963229097f,-0.34852463469347905f,0.7880363467987418f,0.5074734427887537f,0.4776121543589111f,0.9372563478049164f,0.2878066672606804f,0.19676854621531747f,-0.042070128752277794f,0f,0f,0f,1f], start_interpolation: 0, interpolation_duration: 1 }
$data merge entity $(bone_neck_2) { transformation: [0.00924305044280585f,0.41923279249803597f,-0.9078317199309629f,0.848872879978109f,-0.19365419076641793f,0.8914333688009818f,0.4096884223244988f,0.5222316226441218f,0.9810263097476619f,0.172018646321937f,0.08942575076818071f,-0.03255159223270867f,0f,0f,0f,1f], start_interpolation: 0, interpolation_duration: 1 }
$data merge entity $(bone_body_0) { transformation: [-0.10872865458857428f,-0.06345937329872331f,-0.9920438435935639f,0.38072180680198886f,-0.13951251480747212f,0.9890573297719353f,-0.04797766810198621f,0.509041934971651f,0.9842328677114239f,0.13318598411598254f,-0.11639224953408123f,-0.08613805998600052f,0f,0f,0f,1f], start_interpolation: 0, interpolation_duration: 1 }
$data merge entity $(bone_leg_left_3) { transformation: [-0.36769429271342435f,-0.04588313127227228f,-0.9288141070045322f,0.06053420566089633f,0.015512553316461194f,0.9983404671625153f,-0.0554587442639517f,0.054678185266647195f,0.9298173303372974f,-0.03480014210289742f,-0.36637232744032344f,-0.7023469005160783f,0f,0f,0f,1f], start_interpolation: 0, interpolation_duration: 1 }
$data merge entity $(bone_leg_left_2) { transformation: [-0.5007372417420688f,0.21807262285124157f,-0.8681985633459778f,0.08375856015314545f,-0.2864498332280594f,0.9034572021607556f,0.3921399959302428f,0.276947237600198f,0.8480984065996449f,0.43390277082237466f,-0.3801574380391682f,-0.611637640794817f,0f,0f,0f,1f], start_interpolation: 0, interpolation_duration: 1 }
$data merge entity $(bone_leg_left_1) { transformation: [-0.5501811817045842f,0.8306461574850325f,0.08560156747103628f,0.315836379413507f,0.07479974438645913f,-0.0530759724247625f,0.9957850869494311f,0.20822576403950993f,0.8316884425900531f,0.5542651912275539f,-0.03293071902669916f,-0.4758781824179943f,0f,0f,0f,1f], start_interpolation: 0, interpolation_duration: 1 }
$data merge entity $(bone_leg_left_0) { transformation: [-0.5522282895788662f,0.006518455225838285f,-0.8336674552423579f,0.3220507885498255f,0.016459974526845996f,0.9998597652177463f,-0.0030853099177718044f,0.6029682606424533f,0.8335304346137433f,-0.015425940495861577f,-0.5522581415718943f,-0.340058371421164f,0f,0f,0f,1f], start_interpolation: 0, interpolation_duration: 1 }
$data merge entity $(bone_leg_right_3) { transformation: [-0.6961150136514528f,0.35015658822545126f,-0.6267489541206666f,0.011379028718457262f,0.3250775033425274f,0.93210549736226f,0.15969958862703132f,0.08626316063996844f,0.6401160086965694f,-0.0925727039108491f,-0.7626806605001912f,0.16505570518188117f,0f,0f,0f,1f], start_interpolation: 0, interpolation_duration: 1 }
$data merge entity $(bone_leg_right_2) { transformation: [-0.6830288503184031f,0.1792596263685102f,-0.7439084456353731f,0.031233720443707425f,0.31868620726778163f,0.9732042645028897f,-0.0580926875894062f,0.3108259345540233f,0.695681601331163f,-0.26981780039186803f,-0.7037667679435405f,0.07933275694434111f,0f,0f,0f,1f], start_interpolation: 0, interpolation_duration: 1 }
$data merge entity $(bone_leg_right_1) { transformation: [-0.6318133847066812f,0.7720653571202152f,-0.06875268169549398f,0.2320431769056335f,0.018279404002115557f,0.1035157856152023f,0.994459825994894f,0.28656956444628123f,0.7749049685573158f,0.6270562705717105f,-0.07951555345895017f,0.2693342736867811f,0f,0f,0f,1f], start_interpolation: 0, interpolation_duration: 1 }
$data merge entity $(bone_leg_right_0) { transformation: [-0.6637565883544367f,-0.5531013707452369f,-0.5034938580517332f,0.13304386199730808f,0.05088263242055954f,0.638215036702969f,-0.7681748008390942f,0.5937713498390214f,0.7462158864122588f,-0.5355001779700617f,-0.39547618165952675f,0.004507014395657399f,0f,0f,0f,1f], start_interpolation: 0, interpolation_duration: 1 }
$data merge entity $(bone_tail_4) { transformation: [-1.868078687696168f,2.017466901093633f,-0.2564578935556825f,-0.941851489194416f,1.9695132279812495f,1.7078765534536298f,-0.9109537060521952f,0.3817523098630742f,-0.5069132006391631f,-0.7991534976179526f,-2.594234766913502f,-1.402392133975384f,0f,0f,0f,1f], start_interpolation: 0, interpolation_duration: 1 }
$data merge entity $(bone_tail_3) { transformation: [-1.5321858127026506f,1.254645257274649f,-0.6435972652174597f,-0.8449988654080687f,1.4046965697747422f,1.4411096388810694f,-0.5347673154107222f,0.4583266955175656f,0.12320595870425845f,-0.8276556126594862f,-1.9067648005502564f,-1.070976026699194f,0f,0f,0f,1f], start_interpolation: 0, interpolation_duration: 1 }
$data merge entity $(bone_tail_2) { transformation: [-1.3724430562908458f,0.7855696327671141f,-1.1480654529755525f,-0.6324039228194491f,1.1527383367836412f,1.5449981944253646f,-0.3208563247536576f,0.5191932088768624f,0.7786965128669218f,-0.9025712195163782f,-1.5484737032162963f,-0.7827571135335851f,0f,0f,0f,1f], start_interpolation: 0, interpolation_duration: 1 }
$data merge entity $(bone_tail_1) { transformation: [-0.8108964136243735f,0.46068910284506576f,-1.1907429642416274f,-0.38102606277915413f,0.867935077402615f,1.2334431776709718f,-0.11385463921620634f,0.5277866875435965f,0.9363716985178728f,-0.744338449884691f,-0.9256481859961752f,-0.5753637659913018f,0f,0f,0f,1f], start_interpolation: 0, interpolation_duration: 1 }
$data merge entity $(bone_tail_0) { transformation: [-0.7981419798494398f,-0.04799198600669186f,-0.9972471438240259f,-0.09076540128625021f,-0.006616992182320149f,1.2769644801009687f,-0.056157355341481155f,0.5750125996101638f,0.9983793427352669f,-0.029903217613222812f,-0.7976090534590868f,-0.3430054803203064f,0f,0f,0f,1f], start_interpolation: 0, interpolation_duration: 1 }
$data merge entity $(bone_body_1) { transformation: [-0.5944481376326314f,-0.06375481681045314f,-1.0822066947006066f,0.16512683527843042f,-0.028925323525402506f,1.2347209628132467f,-0.05685125068747511f,0.5050625000000001f,1.0836970667028205f,-0.0020155344811990552f,-0.5951480490572979f,-0.2045061350601756f,0f,0f,0f,1f], start_interpolation: 0, interpolation_duration: 1 }