# This file was generated by Animated Java via MC-Build. It is not recommended to edit this file directly.
$data merge entity $(bone_head_lower) { transformation: [0.22192177187175477f,0.3791649048655265f,-0.8983232725960169f,0.7367706574778697f,-0.611482355048465f,0.7717370504050358f,0.17467471052364072f,0.9887723981571984f,0.7594998727015587f,0.5105447090612641f,0.4031179026238664f,-0.6402914950920352f,0f,0f,0f,1f], start_interpolation: 0, interpolation_duration: 1 }
$data merge entity $(bone_head_upper) { transformation: [0.23099827987390462f,-0.039781580755430875f,-1.0141642683073606f,0.6660352682531733f,-0.6364917285856327f,0.8044792401170505f,-0.17653151063272765f,0.9944695643414112f,0.7905631010367723f,0.6593197408214003f,0.154205723712937f,-0.6146106948611813f,0f,0f,0f,1f], start_interpolation: 0, interpolation_duration: 1 }
$data merge entity $(bone_neck_0) { transformation: [0.6016536688450284f,-0.2758977227572878f,-0.7495954304440897f,0.6218489502360617f,-0.4517026897932737f,0.6564608068342557f,-0.60417206913597f,0.9448930322011564f,0.6587697190967711f,0.7020966141976903f,0.27033830940749165f,-0.608739322335626f,0f,0f,0f,1f], start_interpolation: 0, interpolation_duration: 1 }
$data merge entity $(bone_neck_1) { transformation: [0.6981585815686854f,-0.275042944690735f,-0.6610037621359284f,0.5645861674429484f,-0.16487142768550395f,0.8366833852624682f,-0.5222818445616118f,0.904503400788059f,0.6967008018618502f,0.473616185747051f,0.5387909625109442f,-0.5609147656138527f,0f,0f,0f,1f], start_interpolation: 0, interpolation_duration: 1 }
$data merge entity $(bone_neck_2) { transformation: [0.775746187882435f,-0.35021713654737113f,-0.5249436248345438f,0.5151683241777469f,0.0026068243224131177f,0.8336353268392027f,-0.552309103955971f,0.8642787918350714f,0.6310396631376052f,0.4270832461174934f,0.6476023814293168f,-0.4999985280762646f,0f,0f,0f,1f], start_interpolation: 0, interpolation_duration: 1 }
$data merge entity $(bone_body_0) { transformation: [0.8611324599130817f,-0.40186320198452463f,-0.3113789546112422f,0.36458834121264316f,0.10152112736530446f,0.7360885260069798f,-0.6692287669992597f,0.5558859468770705f,0.4981408908958612f,0.5446830718607077f,0.674667328426285f,-0.17684155907812504f,0f,0f,0f,1f], start_interpolation: 0, interpolation_duration: 1 }
$data merge entity $(bone_leg_left_3) { transformation: [0.9283116869867083f,-0.1060067428862977f,-0.35637056874345f,-0.05904642417684412f,0.07571166036630222f,0.9923069832517454f,-0.0979520059743435f,0.04659300589047241f,0.36401257710204105f,0.06394858444452518f,0.9291961161450645f,-0.5048057238762766f,0f,0f,0f,1f], start_interpolation: 0, interpolation_duration: 1 }
$data merge entity $(bone_leg_left_2) { transformation: [0.7639512463786341f,0.23541492272075742f,-0.6426667151935019f,-0.02284765021185023f,-0.477978478730206f,0.8728528188165525f,-0.24844864671688313f,0.24163402918115726f,0.48987474575444684f,0.4845306701799925f,0.7598124522720313f,-0.3676207390449569f,0f,0f,0f,1f], start_interpolation: 0, interpolation_duration: 1 }
$data merge entity $(bone_leg_left_1) { transformation: [0.6336864505968668f,0.7134276756737228f,-0.2991027146529005f,0.17421137928617708f,-0.24116815010173737f,0.5495627415717816f,0.7998866897583763f,0.35331307622020847f,0.735037009752877f,-0.4347433089294148f,0.5203064958605197f,-0.527960737191117f,0f,0f,0f,1f], start_interpolation: 0, interpolation_duration: 1 }
$data merge entity $(bone_leg_left_0) { transformation: [0.6649290169938165f,-0.5237226377314437f,-0.5325260567214116f,0.0892468370636551f,-0.2712421958913097f,0.4949826827954126f,-0.825481565451777f,0.5833198672568025f,0.6959145590715123f,0.6933301828568228f,0.18707267040385012f,-0.19004775844300958f,0f,0f,0f,1f], start_interpolation: 0, interpolation_duration: 1 }
$data merge entity $(bone_leg_right_3) { transformation: [0.506302630596539f,0.05895147877118947f,-0.8603385202359098f,0.25030647512292525f,0.06204897898330541f,0.9925843647651666f,0.10452847952046357f,0.04002356577144611f,0.8601206720327991f,-0.10630617091411314f,0.4988901959022899f,0.44223872754269455f,0f,0f,0f,1f], start_interpolation: 0, interpolation_duration: 1 }
$data merge entity $(bone_leg_right_2) { transformation: [0.5621214601266445f,-0.03940034293642985f,-0.8570468345092208f,0.21376366335151137f,0.28041817238831324f,0.9767816010365054f,0.1390163730344524f,0.27157113268664995f,0.8108312476466245f,-0.3104955979619477f,0.5460836666544466f,0.3854811797670565f,0f,0f,0f,1f], start_interpolation: 0, interpolation_duration: 1 }
$data merge entity $(bone_leg_right_1) { transformation: [0.610566171995228f,0.7909719652384304f,0.03965223602710388f,0.4387028294490292f,-0.03297138994316762f,-0.024637306617312033f,0.9991525862288804f,0.21122999420533972f,0.7912786089995794f,-0.6113561591490675f,0.01103673911038508f,0.2345682769989424f,0f,0f,0f,1f], start_interpolation: 0, interpolation_duration: 1 }
$data merge entity $(bone_leg_right_0) { transformation: [0.634404009017408f,-0.1751484780485072f,-0.752897445858287f,0.35745867969254513f,0.10525027332420304f,0.9844933618521234f,-0.14033958968974014f,0.5969605625137314f,0.7658028031470119f,0.00978933636135021f,0.6430009607969364f,0.09702339208029383f,0f,0f,0f,1f], start_interpolation: 0, interpolation_duration: 1 }
$data merge entity $(bone_tail_4) { transformation: [0.634328566716506f,-2.5909373722741704f,0.7143753453195297f,-0.058743659002545065f,2.6786500762480543f,0.6693804272353234f,0.04924372295579045f,0.055796606377931185f,-0.2193681154217131f,0.681641187273239f,2.6670028596439597f,1.445358114624932f,0f,0f,0f,1f], start_interpolation: 0, interpolation_duration: 1 }
$data merge entity $(bone_tail_3) { transformation: [0.6143664787953369f,-1.907669929607359f,0.5650617625082377f,-0.13588920465551457f,1.989066692232719f,0.6025742950053611f,-0.12830993294996781f,0.07165656688866805f,-0.04596791954670143f,0.5776202772714005f,2.000046822377392f,1.1005716156530767f,0f,0f,0f,1f], start_interpolation: 0, interpolation_duration: 1 }
$data merge entity $(bone_tail_2) { transformation: [0.7851824779871622f,-1.704431162837883f,0.5451392137902189f,-0.23705436890442103f,1.7830095202971155f,0.6945509085580318f,-0.3965475519453357f,0.1468575985489245f,0.15211640869599027f,0.6567246923719949f,1.8342156775137215f,0.7598636786324291f,0f,0f,0f,1f], start_interpolation: 0, interpolation_duration: 1 }
$data merge entity $(bone_tail_1) { transformation: [0.6127067490746925f,-1.3773681301225835f,-0.12289720810881094f,-0.19435672120832784f,1.2485004870508367f,0.6087889598859639f,-0.5985639365638308f,0.2670272811008926f,0.5945529610321902f,0.14102938149047076f,1.3835728170516617f,0.45984228726940035f,0f,0f,0f,1f], start_interpolation: 0, interpolation_duration: 1 }
$data merge entity $(bone_tail_0) { transformation: [0.9195672383458302f,-0.6156663617315814f,-0.6396770605369936f,-0.02228534266323523f,0.33304636560129003f,1.092910361806611f,-0.573116721095749f,0.4608791813563189f,0.8229896287954196f,0.2456371076852357f,0.9466711143830454f,0.18913064593542858f,0f,0f,0f,1f], start_interpolation: 0, interpolation_duration: 1 }
$data merge entity $(bone_body_1) { transformation: [0.8435565471060059f,-0.3330546749006162f,-0.8402925266939413f,0.19550449504491124f,0.042901527681540104f,1.1628344568100197f,-0.41782781146566456f,0.47969314197240775f,0.9028712011208647f,0.2559203091558811f,0.8049428455513941f,-0.015245339160733663f,0f,0f,0f,1f], start_interpolation: 0, interpolation_duration: 1 }