# This file was generated by Animated Java via MC-Build. It is not recommended to edit this file directly.
$data merge entity $(bone_head_lower) { transformation: [0.22389158752663424f,0.3378488546472175f,-0.9141830825651757f,0.7329499906267983f,-0.6233824941813276f,0.7706706809443906f,0.13213995414323446f,1.0004610291902516f,0.7491774309087738f,0.5403007060390281f,0.3831557438831592f,-0.6303620642121841f,0f,0f,0f,1f], start_interpolation: 0, interpolation_duration: 1 }
$data merge entity $(bone_head_upper) { transformation: [0.23304866016831213f,-0.08343374063421462f,-1.0110386122700974f,0.6614505146799915f,-0.6488785784506381f,0.7851605453332693f,-0.21436289572439798f,1.0031125579366738f,0.7798184756756797f,0.6782578208611032f,0.12377970762250906f,-0.6063568392301985f,0f,0f,0f,1f], start_interpolation: 0, interpolation_duration: 1 }
$data merge entity $(bone_neck_0) { transformation: [0.5982732609422964f,-0.3005710845107329f,-0.7427826925807524f,0.618106308285122f,-0.45835820586561904f,0.6319722944254363f,-0.6249150135772863f,0.9525943931518093f,0.6572494658477261f,0.7143304853040299f,0.24032290237966836f,-0.6026244066366835f,0f,0f,0f,1f], start_interpolation: 0, interpolation_duration: 1 }
$data merge entity $(bone_neck_1) { transformation: [0.6937636151812361f,-0.29490559771613933f,-0.6570561122814003f,0.5610864384879353f,-0.16769738982864502f,0.8210970986820723f,-0.5455979655208975f,0.9101577761953829f,0.7004067616002296f,0.4887026119958531f,0.520192392613646f,-0.5563058916115162f,0f,0f,0f,1f], start_interpolation: 0, interpolation_duration: 1 }
$data merge entity $(bone_neck_2) { transformation: [0.7732066799430828f,-0.36120321066783506f,-0.52123283731423f,0.5118861275084841f,0.0035027811155495803f,0.824354086646414f,-0.5660636628099467f,0.868637295585333f,0.6341444319836385f,0.43585844081835085f,0.6386613022185894f,-0.4960870450302639f,0f,0f,0f,1f], start_interpolation: 0, interpolation_duration: 1 }
$data merge entity $(bone_body_0) { transformation: [0.8607029517208333f,-0.4084676428011843f,-0.30388256561291715f,0.36477624901250244f,0.10669099715981357f,0.7283556783759487f,-0.6768419585860174f,0.5565827169422166f,0.4978026315961873f,0.5501383376587705f,0.670477702398786f,-0.17485266284197823f,0f,0f,0f,1f], start_interpolation: 0, interpolation_duration: 1 }
$data merge entity $(bone_leg_left_3) { transformation: [0.9314057776084792f,-0.10700453588027042f,-0.34789841439505337f,-0.05824076364668385f,0.07853395300444503f,0.9923769717889782f,-0.09497559733127925f,0.04988241741327812f,0.35540919467993515f,0.06113898235974813f,0.9327091342819447f,-0.5076809557512936f,0f,0f,0f,1f], start_interpolation: 0, interpolation_duration: 1 }
$data merge entity $(bone_leg_left_2) { transformation: [0.7666926654957734f,0.23718915618135272f,-0.638737708582841f,-0.021502741557195254f,-0.4816868548427878f,0.8687454655788273f,-0.25558029933581394f,0.24373986952413834f,0.4818945217029794f,0.49100388972685255f,0.7607595216140591f,-0.36897018450387586f,0f,0f,0f,1f], start_interpolation: 0, interpolation_duration: 1 }
$data merge entity $(bone_leg_left_1) { transformation: [0.6369504236294281f,0.7107935483700566f,-0.298440428618169f,0.17474054863826807f,-0.2478552537503346f,0.5553946251233479f,0.7937912720435099f,0.3574597130241708f,0.7299739248950262f,-0.4316356588369413f,0.529932757049185f,-0.5288756375295716f,0f,0f,0f,1f], start_interpolation: 0, interpolation_duration: 1 }
$data merge entity $(bone_leg_left_0) { transformation: [0.668277814357054f,-0.5249963986227315f,-0.5270517472424514f,0.08921962699298472f,-0.2771722898572913f,0.48175409218669224f,-0.83131733796225f,0.5820580724323139f,0.6903479445710144f,0.7016350733070135f,0.17643111781099563f,-0.18748286157119698f,0f,0f,0f,1f], start_interpolation: 0, interpolation_duration: 1 }
$data merge entity $(bone_leg_right_3) { transformation: [0.507654755890017f,0.055378002782448f,-0.8597789981327024f,0.2501309769641102f,0.057518683316056446f,0.993527314128341f,0.09795446467880128f,0.03885871593640122f,0.8596384413762765f,-0.09918040577024531f,0.5011835963191683f,0.44615891045693673f,0f,0f,0f,1f], start_interpolation: 0, interpolation_duration: 1 }
$data merge entity $(bone_leg_right_2) { transformation: [0.5631776887113292f,-0.042399528036986295f,-0.8562098869206658f,0.21291328631957063f,0.28011931964208975f,0.9773121857849377f,0.1358538103264427f,0.27043268766653644f,0.8102013683040233f,-0.3084240117747014f,0.5481884450257786f,0.38995027067412913f,0f,0f,0f,1f], start_interpolation: 0, interpolation_duration: 1 }
$data merge entity $(bone_leg_right_1) { transformation: [0.6120093188033755f,0.7899232826876036f,0.03828578281644965f,0.4376687708641031f,-0.033068441328184935f,-0.022808144748369646f,0.9991928075808297f,0.21058440927504235f,0.7901588902783745f,-0.6127813606835455f,0.012162734596703681f,0.23856816671037703f,0f,0f,0f,1f], start_interpolation: 0, interpolation_duration: 1 }
$data merge entity $(bone_leg_right_0) { transformation: [0.6370230365266103f,-0.170712790587883f,-0.7517039271309647f,0.3577645272200818f,0.1063379761537645f,0.98530709483327f,-0.13364940590493787f,0.595963379498101f,0.7634748756586154f,0.005203076101597315f,0.6458165701165793f,0.09926403998778185f,0f,0f,0f,1f], start_interpolation: 0, interpolation_duration: 1 }
$data merge entity $(bone_tail_4) { transformation: [0.6713239197242196f,-2.468770812518394f,1.0393056343845053f,-0.028578500292179787f,2.6571433153194626f,0.7491676710510121f,0.06323396322465988f,0.05823381255016449f,-0.3384891848482095f,0.9846724366555974f,2.557636916341239f,1.4427914243608044f,0f,0f,0f,1f], start_interpolation: 0, interpolation_duration: 1 }
$data merge entity $(bone_tail_3) { transformation: [0.6542419744303669f,-1.8546310570097353f,0.6842927789425014f,-0.12646024726148922f,1.9708363739660197f,0.6680822337746144f,-0.07359104573001246f,0.06417442526835665f,-0.15400309084681f,0.6707870730225184f,1.9652667189773392f,1.1029906354189096f,0f,0f,0f,1f], start_interpolation: 0, interpolation_duration: 1 }
$data merge entity $(bone_tail_2) { transformation: [0.8258743602712029f,-1.6835691960431152f,0.549818313794791f,-0.2284601924073698f,1.7652772497555838f,0.7334538372559612f,-0.4057284499670254f,0.14107831084403114f,0.1431839639930776f,0.6681422795722642f,1.8308080515733984f,0.7629122804141526f,0f,0f,0f,1f], start_interpolation: 0, interpolation_duration: 1 }
$data merge entity $(bone_tail_1) { transformation: [0.6166547985049083f,-1.3770887411520087f,-0.10497479922937723f,-0.18962643423839953f,1.2531494509795478f,0.6062371123965881f,-0.5913960323359508f,0.25973229258849073f,0.5805252475048172f,0.1541408853790056f,1.3881236524402454f,0.46176472714252537f,0f,0f,0f,1f], start_interpolation: 0, interpolation_duration: 1 }
$data merge entity $(bone_tail_0) { transformation: [0.924380077229805f,-0.6196259937532516f,-0.6288249496242522f,-0.02082184770268264f,0.33204101288528914f,1.087641699325614f,-0.5836266068594114f,0.4565282835255662f,0.8179889700764666f,0.25871775806352015f,0.9475203866302059f,0.19112056811377137f,0f,0f,0f,1f], start_interpolation: 0, interpolation_duration: 1 }
$data merge entity $(bone_body_1) { transformation: [0.8446040508805489f,-0.34124119775372436f,-0.8359443984189504f,0.19650853149887387f,0.04373376171571265f,1.1587866606878192f,-0.42884196174630146f,0.47817552759222587f,0.9018514014950636f,0.26338662650906663f,0.8036766325169676f,-0.013463949647122168f,0f,0f,0f,1f], start_interpolation: 0, interpolation_duration: 1 }