# This file was generated by Animated Java via MC-Build. It is not recommended to edit this file directly.
$data merge entity $(bone_head_lower) { transformation: [0.22423067007742964f,0.45003265021702205f,-0.8644022329536584f,0.730816398414711f,-0.6299198243826691f,0.7437178597690857f,0.22379624641668588f,1.0048745851541407f,0.743586996555436f,0.49432212048332863f,0.4502488420357474f,-0.6269056715415567f,0f,0f,0f,1f], start_interpolation: 0, interpolation_duration: 1 }
$data merge entity $(bone_head_upper) { transformation: [0.23340161105415067f,-0.09329857805790263f,-1.010094552937104f,0.6591606006804727f,-0.6556832827333269f,0.7769811388221745f,-0.22327490956700022f,1.006725964359225f,0.7739993948866382f,0.6863436659797171f,0.11545237749023353f,-0.6032947516546534f,0f,0f,0f,1f], start_interpolation: 0, interpolation_duration: 1 }
$data merge entity $(bone_neck_0) { transformation: [0.5979775304797507f,-0.310518827827504f,-0.7389187577846241f,0.6162278096383542f,-0.46075646265862935f,0.6211762739563487f,-0.6339112862159927f,0.9558020983090086f,0.6558401902595219f,0.7195262985036336f,0.22837589759432553f,-0.6004187172093975f,0f,0f,0f,1f], start_interpolation: 0, interpolation_duration: 1 }
$data merge entity $(bone_neck_1) { transformation: [0.6926687312470148f,-0.303305869023047f,-0.6543818293388236f,0.5593957877064902f,-0.16839476663961706f,0.8141991302743904f,-0.5556284539409541f,0.9124839892550347f,0.7013224873915279f,0.49506093168073795f,0.5128951575150225f,-0.5546890817892961f,0f,0f,0f,1f], start_interpolation: 0, interpolation_duration: 1 }
$data merge entity $(bone_neck_2) { transformation: [0.7727023972171175f,-0.3653441419561284f,-0.5190902265245034f,0.5103426431964055f,0.004360997183090631f,0.820799207749116f,-0.5712001770500358f,0.8704787069874924f,0.6347534852511556f,0.4391039950817614f,0.635826780235582f,-0.4946867845879599f,0f,0f,0f,1f], start_interpolation: 0, interpolation_duration: 1 }
$data merge entity $(bone_body_0) { transformation: [0.8608263268340366f,-0.41104137203931856f,-0.3000383733815643f,0.36502000009518487f,0.10928842174644479f,0.7251454156653441f,-0.6798677570025706f,0.5569674991322516f,0.49702522662495885f,0.5524573437031766f,0.669146327410409f,-0.17405778300770955f,0f,0f,0f,1f], start_interpolation: 0, interpolation_duration: 1 }
$data merge entity $(bone_leg_left_3) { transformation: [0.9329966712915349f,-0.10707335697621197f,-0.3435876999904989f,-0.05842065390383447f,0.07946698077608694f,0.9924438030119108f,-0.09348955465499656f,0.05112373106269713f,0.3510017241058073f,0.05992156614359495f,0.9344555610544835f,-0.5083837840885129f,0f,0f,0f,1f], start_interpolation: 0, interpolation_duration: 1 }
$data merge entity $(bone_leg_left_2) { transformation: [0.7678781413476884f,0.23906036296247513f,-0.6366125213985067f,-0.02117893930604975f,-0.4834702309276247f,0.8671820349461277f,-0.25751515212541926f,0.2445541874544799f,0.47820695869874535f,0.492856632934607f,0.761887553071418f,-0.3692120006699642f,0f,0f,0f,1f], start_interpolation: 0, interpolation_duration: 1 }
$data merge entity $(bone_leg_left_1) { transformation: [0.6387213786826335f,0.7097437922997104f,-0.2971510553671013f,0.1746755117711593f,-0.25069112909579944f,0.5570770160500922f,0.7917191143211079f,0.3588974616995241f,0.7274537498744709f,-0.4311947906465843f,0.5337434723842711f,-0.5291495987760175f,0f,0f,0f,1f], start_interpolation: 0, interpolation_duration: 1 }
$data merge entity $(bone_leg_left_0) { transformation: [0.6700308374234835f,-0.5246105116293217f,-0.5252070905743819f,0.0893597691716194f,-0.2797320166486995f,0.4769198613590393f,-0.833245128820401f,0.5814570453642749f,0.6876108461646291f,0.7052171700471395f,0.17280065771711256f,-0.18637309090519666f,0f,0f,0f,1f], start_interpolation: 0, interpolation_duration: 1 }
$data merge entity $(bone_leg_right_3) { transformation: [0.5083827143595345f,0.053006823619030516f,-0.8594982794574129f,0.2509766056263516f,0.05561791840290874f,0.9939985873595022f,0.0941990205885456f,0.038028036194683645f,0.8593332664880137f,-0.09569265895111738f,0.5023835707205259f,0.4472428662580968f,0f,0f,0f,1f], start_interpolation: 0, interpolation_duration: 1 }
$data merge entity $(bone_leg_right_2) { transformation: [0.5634968732538762f,-0.04489743072873104f,-0.8558724753418339f,0.21318658984428518f,0.2799375046999828f,0.977754456611906f,0.13301659873338226f,0.2696177001297178f,0.8100422623518767f,-0.3066637291728668f,0.549409765033657f,0.3914825368861794f,0f,0f,0f,1f], start_interpolation: 0, interpolation_duration: 1 }
$data merge entity $(bone_leg_right_1) { transformation: [0.6126927053555293f,0.7894520745681439f,0.03705496949366423f,0.4378929496614075f,-0.03309961017967107f,-0.02121272948401645f,0.9992269191298799f,0.21020041631302028f,0.7896278013153263f,-0.6134455493912166f,0.013133671308201103f,0.23985792179565535f,0f,0f,0f,1f], start_interpolation: 0, interpolation_duration: 1 }
$data merge entity $(bone_leg_right_0) { transformation: [0.6380137212927895f,-0.16999674642113943f,-0.7510256970625929f,0.3580994435718163f,0.10679591191702484f,0.9854355785030231f,-0.13233047199425774f,0.595469217169794f,0.7625831919469099f,0.004222182686568793f,0.6468763780919994f,0.1001860705271658f,0f,0f,0f,1f], start_interpolation: 0, interpolation_duration: 1 }
$data merge entity $(bone_tail_4) { transformation: [0.6885817499432365f,-2.391377647915718f,1.1970085422812153f,-0.013086080398120384f,2.6444726023300995f,0.7927856865417996f,0.06258468135190019f,0.059011087970442626f,-0.3978456494302556f,1.130692324137533f,2.4877530100405623f,1.4406290340784438f,0f,0f,0f,1f], start_interpolation: 0, interpolation_duration: 1 }
$data merge entity $(bone_tail_3) { transformation: [0.672562623535581f,-1.8246683187232375f,0.7444397692997708f,-0.12145974316926995f,1.959648838755735f,0.7023771128945561f,-0.04887070788982842f,0.060424442593595654f,-0.20828219374368384f,0.7163780035526404f,1.9440593123255512f,1.1039780945564517f,0f,0f,0f,1f], start_interpolation: 0, interpolation_duration: 1 }
$data merge entity $(bone_tail_2) { transformation: [0.8459751157553858f,-1.6727934961752904f,0.5521430047361723f,-0.223874415771698f,1.7561237140165864f,0.752773283830731f,-0.41004360648846294f,0.1381283349236247f,0.13830936191751422f,0.6736973929793136f,1.8291463085553386f,0.7642063713044405f,0f,0f,0f,1f], start_interpolation: 0, interpolation_duration: 1 }
$data merge entity $(bone_tail_1) { transformation: [0.6184865012443895f,-1.3769344024671302f,-0.09582457451490556f,-0.18701332046030786f,1.25546449637085f,0.6048391210771922f,-0.587907123589142f,0.2560464197019701f,0.5735325589107936f,0.1608649710690871f,1.3902658432660204f,0.4625223280845849f,0f,0f,0f,1f], start_interpolation: 0, interpolation_duration: 1 }
$data merge entity $(bone_tail_0) { transformation: [0.9268509200977885f,-0.621570202556023f,-0.6232443917055134f,-0.01988641987439485f,0.3315166476217612f,1.0849100322394905f,-0.5889844232912825f,0.45434216913485204f,0.8154016193554804f,0.265436285809985f,0.9478921320023116f,0.19193166646046428f,0f,0f,0f,1f], start_interpolation: 0, interpolation_duration: 1 }
$data merge entity $(bone_body_1) { transformation: [0.8452166376601449f,-0.3453169288233703f,-0.8336483965957862f,0.19718470047608175f,0.044069863395534696f,1.1566849418555312f,-0.43444491881159775f,0.4774335879124568f,0.901260937586351f,0.26728404181490567f,0.803052027223834f,-0.012770157897936178f,0f,0f,0f,1f], start_interpolation: 0, interpolation_duration: 1 }