# This file was generated by Animated Java via MC-Build. It is not recommended to edit this file directly.
$data merge entity $(bone_head_lower) { transformation: [0.22719922021326577f,0.4020930385563158f,-0.8869620638330781f,0.7265268290391584f,-0.6400428358806345f,0.7480996111975519f,0.17519172344590628f,1.0120239627532215f,0.7339793475107861f,0.5278902916995357f,0.42732441699137674f,-0.6223102712025492f,0f,0f,0f,1f], start_interpolation: 0, interpolation_duration: 1 }
$data merge entity $(bone_head_upper) { transformation: [0.23649157365364662f,-0.10654655437428169f,-1.0080632469866648f,0.65471454359207f,-0.6662203211836375f,0.7638325420841252f,-0.23702800230939183f,1.0126287207152593f,0.7639987969992492f,0.6990562366417874f,0.10534779912000423f,-0.5991135813854629f,0f,0f,0f,1f], start_interpolation: 0, interpolation_duration: 1 }
$data merge entity $(bone_neck_0) { transformation: [0.599714676462754f,-0.326130358692611f,-0.7307402383707929f,0.6125634340522391f,-0.46375096396224f,0.6025479753174996f,-0.6495159588992985f,0.9609991670837813f,0.6521329237657518f,0.7284057430991405f,0.21011359584977224f,-0.5975613537370835f,0f,0f,0f,1f], start_interpolation: 0, interpolation_duration: 1 }
$data merge entity $(bone_neck_1) { transformation: [0.6923363065240898f,-0.31726045663741226f,-0.6480866001722317f,0.5562004136148524f,-0.16843773953172836f,0.8022852169141049f,-0.5726841700470944f,0.9161813291097317f,0.7016403398964625f,0.5056522850490329f,0.50201254969838f,-0.5527048249922307f,0f,0f,0f,1f], start_interpolation: 0, interpolation_duration: 1 }
$data merge entity $(bone_neck_2) { transformation: [0.7729664365514239f,-0.37118960100424364f,-0.5145300458392141f,0.5074895444366613f,0.0068030825628155045f,0.8157925007308908f,-0.5783046894318626f,0.8735046194827982f,0.6344104397254486f,0.44350972464823135f,0.633105455757422f,-0.49289780137907824f,0f,0f,0f,1f], start_interpolation: 0, interpolation_duration: 1 }
$data merge entity $(bone_body_0) { transformation: [0.8616102174576384f,-0.41486572464551175f,-0.29242821971717353f,0.36571710648037703f,0.1144147815263038f,0.7200527605377779f,-0.6844218580745459f,0.5577985669643054f,0.49450691697982274f,0.556246755097304f,0.6678715868359956f,-0.17283348137097848f,0f,0f,0f,1f], start_interpolation: 0, interpolation_duration: 1 }
$data merge entity $(bone_leg_left_3) { transformation: [0.936205917433654f,-0.10638142678196137f,-0.33496488203697444f,-0.059815801168501145f,0.08041966580552422f,0.9926454256077762f,-0.09048611148504801f,0.052829350650557994f,0.3421273995369822f,0.057775869147863104f,0.9378756801571684f,-0.5084718292055008f,0f,0f,0f,1f], start_interpolation: 0, interpolation_duration: 1 }
$data merge entity $(bone_leg_left_2) { transformation: [0.7698671734694827f,0.2444292034059151f,-0.6321559137089152f,-0.02118180277796558f,-0.4868606504764675f,0.8650016571824569f,-0.25845897080567487f,0.24571713610341905f,0.4715224721393824f,0.494053334261239f,0.7652712334026494f,-0.36892689573435405f,0f,0f,0f,1f], start_interpolation: 0, interpolation_duration: 1 }
$data merge entity $(bone_leg_left_1) { transformation: [0.6424229059089629f,0.7081468727690299f,-0.2929519014291035f,0.1739423895602819f,-0.25536289254695127f,0.5582316087002908f,0.7894094401246667f,0.3605896146375847f,0.7225528375652109f,-0.4323256615507906f,0.5394552060098533f,-0.5293770403261552f,0f,0f,0f,1f], start_interpolation: 0, interpolation_duration: 1 }
$data merge entity $(bone_leg_left_0) { transformation: [0.6735932689978826f,-0.5220929982680163f,-0.523154861508769f,0.08986226421103523f,-0.28404436783450465f,0.4706050282381228f,-0.8353739907960342f,0.5803416709278422f,0.6823422199030651f,0.7113014892129139f,0.16869880373389817f,-0.1844903272711121f,0f,0f,0f,1f], start_interpolation: 0, interpolation_duration: 1 }
$data merge entity $(bone_leg_right_3) { transformation: [0.5099251010161494f,0.04737941907701645f,-0.8589130235370721f,0.2542160129061893f,0.05247561535858481f,0.9949091589606378f,0.08603531373206565f,0.035970703164110274f,0.8586167370523407f,-0.08894355549539006f,0.5048428892134964f,0.4478304170874807f,0f,0f,0f,1f], start_interpolation: 0, interpolation_duration: 1 }
$data merge entity $(bone_leg_right_2) { transformation: [0.5637908543180591f,-0.05146311641246799f,-0.8553090784839857f,0.21491250073478413f,0.27948597106067324f,0.9788986674920187f,0.1253283298513064f,0.2675901795482314f,0.8099936197701069f,-0.30194560094851863f,0.5520882080793362f,0.3932527279045057f,0f,0f,0f,1f], start_interpolation: 0, interpolation_duration: 1 }
$data merge entity $(bone_leg_right_1) { transformation: [0.613987707986763f,0.7885950949940362f,0.033717511659505164f,0.4395888430170677f,-0.03316862910522161f,-0.016902222056249944f,0.9993068382298013f,0.20933831273189857f,0.788618371891273f,-0.6146804788187996f,0.015778861639853994f,0.2411322266864514f,0f,0f,0f,1f], start_interpolation: 0, interpolation_duration: 1 }
$data merge entity $(bone_leg_right_0) { transformation: [0.6394150818463948f,-0.17122977489051594f,-0.7495523446019707f,0.35902832570400567f,0.10752556770019316f,0.9852200837811196f,-0.1333403120030669f,0.5945198694632688f,0.7613058553552046f,0.004663765138527121f,0.6483761592598954f,0.10166018658986727f,0f,0f,0f,1f], start_interpolation: 0, interpolation_duration: 1 }
$data merge entity $(bone_tail_4) { transformation: [0.7127026676508316f,-2.371347461896475f,1.2224677722052766f,-0.0006532669012286885f,2.639771579329893f,0.8100730828456654f,0.03238735881603934f,0.04860157792152842f,-0.38642237006357044f,1.1602388318816372f,2.475921027922415f,1.441507751103801f,0f,0f,0f,1f], start_interpolation: 0, interpolation_duration: 1 }
$data merge entity $(bone_tail_3) { transformation: [0.7037296503475237f,-1.8081040759218046f,0.7559561864957213f,-0.1111417825694632f,1.9490193942379417f,0.7297327927488704f,-0.0689853471089637f,0.05315793523397318f,-0.2050207456589744f,0.7308866039724198f,1.9389989149113895f,1.1055728899353934f,0f,0f,0f,1f], start_interpolation: 0, interpolation_duration: 1 }
$data merge entity $(bone_tail_2) { transformation: [0.8858943009173933f,-1.650506694087864f,0.5565903479005085f,-0.21434838530180192f,1.7371516255511406f,0.7914674385441963f,-0.41792032562690073f,0.13232127101799057f,0.12755152860663177f,0.684237401417239f,1.8260130506255075f,0.766378185688501f,0f,0f,0f,1f], start_interpolation: 0, interpolation_duration: 1 }
$data merge entity $(bone_tail_1) { transformation: [0.6219962114675647f,-1.3765156941994572f,-0.07734020004230475f,-0.18147339250084088f,1.2600734862361556f,0.6020184599755687f,-0.5809000199116077f,0.24876158163201284f,0.55945667589605f,0.174455058600294f,1.3943564502393606f,0.4636612124093753f,0f,0f,0f,1f], start_interpolation: 0, interpolation_duration: 1 }
$data merge entity $(bone_tail_0) { transformation: [0.9319049011111336f,-0.6252426392435382f,-0.6119318703424845f,-0.01774089602380527f,0.3304121260404432f,1.0793768561917039f,-0.5996741997678204f,0.450047606810339f,0.8100720948375586f,0.27902143461303586f,0.9485599384203407f,0.1932032360690776f,0f,0f,0f,1f], start_interpolation: 0, interpolation_duration: 1 }
$data merge entity $(bone_body_1) { transformation: [0.8465576732392797f,-0.35328107019001254f,-0.8289373838724774f,0.19877142129780642f,0.04459203621846232f,1.1524128074867814f,-0.44560169041709907f,0.47602057727165925f,0.8999756948061647f,0.2752122846859936f,0.8018145310309156f,-0.011744911179128476f,0f,0f,0f,1f], start_interpolation: 0, interpolation_duration: 1 }