# This file was generated by Animated Java via MC-Build. It is not recommended to edit this file directly.
$data merge entity $(bone_head_lower) { transformation: [0.2359496581631279f,0.4783214698906296f,-0.8458938055420259f,0.7204279189481956f,-0.6485190150861305f,0.7257759921503955f,0.2295044581044653f,1.0188736703798738f,0.7237063257181177f,0.4944267192009108f,0.4814471657989121f,-0.6205329943177841f,0f,0f,0f,1f], start_interpolation: 0, interpolation_duration: 1 }
$data merge entity $(bone_head_upper) { transformation: [0.24559990086964228f,-0.11199016875462348f,-1.0052914171416365f,0.648687308711448f,-0.6750431725868971f,0.7522803999253357f,-0.2487224509679429f,1.0184101046967247f,0.7533056128956863f,0.7106365770026158f,0.10487254926512607f,-0.5971123529620623f,0f,0f,0f,1f], start_interpolation: 0, interpolation_duration: 1 }
$data merge entity $(bone_neck_0) { transformation: [0.6067635672953686f,-0.34034394044153876f,-0.7183341670891932f,0.6075668344114695f,-0.4640894248421313f,0.5819985993469814f,-0.6677564197428966f,0.9659347529334887f,0.6453363302594225f,0.7385415577764585f,0.19518552273266404f,-0.596687729639161f,0f,0f,0f,1f], start_interpolation: 0, interpolation_duration: 1 }
$data merge entity $(bone_neck_1) { transformation: [0.6954322717764522f,-0.3317933645548574f,-0.6374065567667233f,0.5520416025359369f,-0.16550342633248796f,0.7892204662098643f,-0.5913879197174146f,0.9194722742022481f,0.6992728875367967f,0.5167632136219179f,0.49393644308058343f,-0.5524641664646657f,0f,0f,0f,1f], start_interpolation: 0, interpolation_duration: 1 }
$data merge entity $(bone_neck_2) { transformation: [0.775767210152677f,-0.37468937242449935f,-0.5077333058250827f,0.5038919138089724f,0.011916642384847964f,0.8131797276834813f,-0.5818906461861119f,0.8764558271878494f,0.6309066724058352f,0.4453612069733443f,0.6353032079543138f,-0.4924464761067847f,0f,0f,0f,1f], start_interpolation: 0, interpolation_duration: 1 }
$data merge entity $(bone_body_0) { transformation: [0.8637243100035009f,-0.4176985017275276f,-0.2819721226709384f,0.3670204094375372f,0.12162870265332588f,0.7157408600348136f,-0.6876928674688244f,0.5591670839659522f,0.48906724997677464f,0.5596811439839686f,0.669006907340239f,-0.17181436695535532f,0f,0f,0f,1f], start_interpolation: 0, interpolation_duration: 1 }
$data merge entity $(bone_leg_left_3) { transformation: [0.9408848157145056f,-0.10337617249634078f,-0.3225664745721224f,-0.06411812451478163f,0.079707116615536f,0.9931206100524961f,-0.08578012269631655f,0.053620264215455044f,0.3292150347701609f,0.05499837133010896f,0.9426519188079538f,-0.5057422818907237f,0f,0f,0f,1f], start_interpolation: 0, interpolation_duration: 1 }
$data merge entity $(bone_leg_left_2) { transformation: [0.7718548664683847f,0.2555310670261532f,-0.625304836375221f,-0.0226814851932918f,-0.49139386256641f,0.8638969004960533f,-0.25352794056291017f,0.2463958906831901f,0.4635022507408464f,0.490355196361252f,0.7725151418971552f,-0.36684795217302546f,0f,0f,0f,1f], start_interpolation: 0, interpolation_duration: 1 }
$data merge entity $(bone_leg_left_1) { transformation: [0.64801576925562f,0.7069034138066386f,-0.2834839084402628f,0.17149136599072384f,-0.25993256650389707f,0.5551290436166536f,0.7901055662403322f,0.3604795872334872f,0.7158984730160725f,-0.4383141664169429f,0.5434795928565084f,-0.5290058989541051f,0f,0f,0f,1f], start_interpolation: 0, interpolation_duration: 1 }
$data merge entity $(bone_leg_left_0) { transformation: [0.6787693969302204f,-0.5148104660830204f,-0.5236814774291414f,0.0909153267972829f,-0.288517198702415f,0.4688232215198974f,-0.8348428672610291f,0.578968730317494f,0.675299882899365f,0.7177569024224626f,0.16969118180098625f,-0.1824842187856536f,0f,0f,0f,1f], start_interpolation: 0, interpolation_duration: 1 }
$data merge entity $(bone_leg_right_3) { transformation: [0.5123465655888408f,0.037546423329286364f,-0.8579576113215017f,0.26201119882614404f,0.0492497635161121f,0.9961149627826904f,0.07300302537597897f,0.03225463042860652f,0.8573654165657294f,-0.07965705879341006f,0.5085069276435241f,0.4452947159934115f,0f,0f,0f,1f], start_interpolation: 0, interpolation_duration: 1 }
$data merge entity $(bone_leg_right_2) { transformation: [0.5635666531779283f,-0.06398448189292599f,-0.8546114982864532f,0.2198108807148797f,0.27856362470437285f,0.9809735689808826f,0.11025136485851235f,0.26389324849526813f,0.8104672318595517f,-0.2926756609943801f,0.5563686035751051f,0.3930093849961714f,0f,0f,0f,1f], start_interpolation: 0, interpolation_duration: 1 }
$data merge entity $(bone_leg_right_1) { transformation: [0.6157508954580218f,0.7874730865494306f,0.027147241166590827f,0.4445659858544399f,-0.03336815749956972f,-0.00836181104913375f,0.9994081479461042f,0.20795219764160483f,0.7872340190869094f,-0.6162923154447821f,0.02112773333749894f,0.24013974378883857f,0f,0f,0f,1f], start_interpolation: 0, interpolation_duration: 1 }
$data merge entity $(bone_leg_right_0) { transformation: [0.6402368313973608f,-0.17875613875762508f,-0.7470897152141316f,0.36075435061408934f,0.10812356402238078f,0.9838361846700304f,-0.14274332431681752f,0.5932863221802965f,0.7605301405107925f,0.010611531010307679f,0.6492159123005624f,0.10302482545829528f,0f,0f,0f,1f], start_interpolation: 0, interpolation_duration: 1 }
$data merge entity $(bone_tail_4) { transformation: [0.7507090569344628f,-2.3405887200074265f,1.2584679921279562f,0.017761001344483787f,2.631119248003569f,0.8383108429361731f,-0.010380992282893126f,0.034722182570664215f,-0.3732408689059983f,1.2018904717109804f,2.4580097394820575f,1.4420985273799203f,0f,0f,0f,1f], start_interpolation: 0, interpolation_duration: 1 }
$data merge entity $(bone_tail_3) { transformation: [0.7513706908931754f,-1.7821055026839174f,0.7716784227998464f,-0.09564784104907949f,1.931329391037581f,0.7723576101861522f,-0.0968299093585542f,0.043582831367306576f,-0.20335779853637898f,0.7506725153725039f,1.9316008662462336f,1.1072244812004348f,0f,0f,0f,1f], start_interpolation: 0, interpolation_duration: 1 }
$data merge entity $(bone_tail_2) { transformation: [0.9456638410643905f,-1.6150512279058937f,0.5622306519087913f,-0.1998503309592604f,1.7066767200535653f,0.8505788696048764f,-0.42725172300608844f,0.12447238476242042f,0.10838979626018169f,0.6977814792785288f,1.8221214378425277f,0.7687422730754017f,0f,0f,0f,1f], start_interpolation: 0, interpolation_duration: 1 }
$data merge entity $(bone_tail_1) { transformation: [0.6272860567615428f,-1.3753892563494654f,-0.04972772376671996f,-0.17293605828831707f,1.2668996728887207f,0.5984032334833035f,-0.569679768809793f,0.23853589338616407f,0.5377115135711776f,0.1946129843437779f,1.4002315396025766f,0.4645354110129829f,0f,0f,0f,1f], start_interpolation: 0, interpolation_duration: 1 }
$data merge entity $(bone_tail_0) { transformation: [0.9397177720694485f,-0.6298023585828829f,-0.5950758057292344f,-0.014239329812750112f,0.3285652127255622f,1.0713056057788892f,-0.6149674110043236f,0.44409617668496393f,0.8017550289380578f,0.29914712890848905f,0.9494922777054954f,0.19429065231810902f,0f,0f,0f,1f], start_interpolation: 0, interpolation_duration: 1 }
$data merge entity $(bone_body_1) { transformation: [0.8486742157776829f,-0.36432040864127496f,-0.8219655165381573f,0.20139570379923302f,0.045030443981439204f,1.1461206306249385f,-0.4615022797635756f,0.47418963420160454f,0.8979582003886483f,0.2868496731035222f,0.7999955815199437f,-0.011018475342802068f,0f,0f,0f,1f], start_interpolation: 0, interpolation_duration: 1 }