# This file was generated by Animated Java via MC-Build. It is not recommended to edit this file directly.
$data merge entity $(bone_head_lower) { transformation: [0.239668857264752f,0.5028243365166332f,-0.8304977576514075f,0.7185695222261189f,-0.6497348388419149f,0.7186958846696425f,0.24763050004793657f,1.0201972576799985f,0.7213899625393182f,0.48025400775582067f,0.4989515106520805f,-0.6211144031318843f,0f,0f,0f,1f], start_interpolation: 0, interpolation_duration: 1 }
$data merge entity $(bone_head_upper) { transformation: [0.24947121366485653f,-0.11044199951146833f,-1.0045091442490706f,0.6469188053190011f,-0.6763087230276997f,0.7505575497039008f,-0.25048316973925794f,1.019573233674043f,0.7508945114280253f,0.7126976020093603f,0.10812725549500353f,-0.5974238596063985f,0f,0f,0f,1f], start_interpolation: 0, interpolation_duration: 1 }
$data merge entity $(bone_neck_0) { transformation: [0.6099380755162791f,-0.34302554037452826f,-0.7143591692462979f,0.6060978634646087f,-0.4632224392726941f,0.5770743906198572f,-0.6726143913454243f,0.9668634053541113f,0.6429622973314635f,0.7411603243168668f,0.1930825156992822f,-0.5971769610431621f,0f,0f,0f,1f], start_interpolation: 0, interpolation_duration: 1 }
$data merge entity $(bone_neck_1) { transformation: [0.6971477432001745f,-0.33512749808861775f,-0.6337780243711257f,0.5508646559710475f,-0.1638555127974959f,0.7861401237305314f,-0.5959321075313986f,0.9200017835198017f,0.6979515707244832f,0.5193007470491527f,0.49314332504599356f,-0.5530088952765632f,0f,0f,0f,1f], start_interpolation: 0, interpolation_duration: 1 }
$data merge entity $(bone_neck_2) { transformation: [0.7771393314065838f,-0.3746654043241802f,-0.5056483900731086f,0.5028978561635061f,0.013893432192277205f,0.8134910014107194f,-0.5814115265160329f,0.8770303585462351f,0.6291751998631594f,0.44481257336813607f,0.6374012413313688f,-0.4928127729254928f,0f,0f,0f,1f], start_interpolation: 0, interpolation_duration: 1 }
$data merge entity $(bone_body_0) { transformation: [0.8645763135258293f,-0.41797232037654786f,-0.2789389493941844f,0.3674532665181002f,0.12381855840790051f,0.7151845506483776f,-0.6878808204243434f,0.5596477342589328f,0.4870079698360964f,0.5601876452697995f,0.6700843524536303f,-0.1716680428746672f,0f,0f,0f,1f], start_interpolation: 0, interpolation_duration: 1 }
$data merge entity $(bone_leg_left_3) { transformation: [0.9423513428789132f,-0.10188126589574371f,-0.31873837897841945f,-0.06604489495354113f,0.07893887799482785f,0.9933237809837805f,-0.0841220522396176f,0.05347403283049079f,0.32518087292340425f,0.054111678883287384f,0.9441023917421274f,-0.5041821010142473f,0f,0f,0f,1f], start_interpolation: 0, interpolation_duration: 1 }
$data merge entity $(bone_leg_left_2) { transformation: [0.7722398333550939f,0.25977860110765133f,-0.6230753707914826f,-0.0235486639029156f,-0.4927269169859466f,0.8640374076467808f,-0.25044309326721326f,0.24637567883825076f,0.4614412471354454f,0.4878694867423848f,0.7753177018800113f,-0.36578377233935183f,0f,0f,0f,1f], start_interpolation: 0, interpolation_duration: 1 }
$data merge entity $(bone_leg_left_1) { transformation: [0.6497952615264329f,0.7067711992921202f,-0.27971519434770364f,0.17035295056566158f,-0.26082508658447756f,0.5529756744020544f,0.7913205278063964f,0.3598277103556009f,0.7139582566971228f,-0.4412395895324584f,0.5436646322166209f,-0.5287076383345803f,0f,0f,0f,1f], start_interpolation: 0, interpolation_duration: 1 }
$data merge entity $(bone_leg_left_0) { transformation: [0.6803673862913852f,-0.5116693801734143f,-0.5246853009795333f,0.09127772850823586f,-0.2894839707155167f,0.47008253226226504f,-0.8337994024708069f,0.5786139431890254f,0.6732750183764484f,0.7191779044540028f,0.17170873995036573f,-0.1820277108170206f,0f,0f,0f,1f], start_interpolation: 0, interpolation_duration: 1 }
$data merge entity $(bone_leg_right_3) { transformation: [0.5131452903800501f,0.03411045806496023f,-0.8576236864798987f,0.2651472528835988f,0.04853682378473175f,0.9964577856170423f,0.06867356274483591f,0.0309513728967776f,0.8569282862046649f,-0.07686584504041821f,0.5096720064596031f,0.4436850074011136f,0f,0f,0f,1f], start_interpolation: 0, interpolation_duration: 1 }
$data merge entity $(bone_leg_right_2) { transformation: [0.5633621107994433f,-0.06854264966426163f,-0.8543929053973303f,0.22189150530498009f,0.27819370817793365f,0.9816888263849887f,0.10467811797012394f,0.2625850520141334f,0.8107364506092598f,-0.2892250902472999f,0.5577790371873382f,0.3922471704910314f,0f,0f,0f,1f], start_interpolation: 0, interpolation_duration: 1 }
$data merge entity $(bone_leg_right_1) { transformation: [0.6162885829723141f,0.7871329505437404f,0.024700215915702067f,0.44669469554690877f,-0.033472237202678314f,-0.0051547697322280595f,0.9994263543081375f,0.20751221565672662f,0.7868087390431201f,-0.6167618231678356f,0.023170275096820847f,0.23913318023420638f,0f,0f,0f,1f], start_interpolation: 0, interpolation_duration: 1 }
$data merge entity $(bone_leg_right_0) { transformation: [0.6402138061626584f,-0.18252245828130387f,-0.7461982542338678f,0.3613343876343086f,0.10818639758394479f,0.9831048444741477f,-0.14765015458600336f,0.5929513329059175f,0.7605405878561188f,0.013799166439019378f,0.6491437415773623f,0.10327449154745487f,0f,0f,0f,1f], start_interpolation: 0, interpolation_duration: 1 }
$data merge entity $(bone_tail_4) { transformation: [0.7641476567033358f,-2.3301275764766602f,1.2697421658343901f,0.023608176750149132f,2.6276824098719516f,0.8487516568733771f,-0.02381405896168288f,0.030781021118231788f,-0.3701686685881643f,1.214819918299707f,2.4521111423624258f,1.4421729560234378f,0f,0f,0f,1f], start_interpolation: 0, interpolation_duration: 1 }
$data merge entity $(bone_tail_3) { transformation: [0.7676867130725841f,-1.773084166590695f,0.776385970250389f,-0.09068717258371499f,1.924851663421467f,0.7872703037749762f,-0.10534262509597989f,0.040939179509774715f,-0.20383500788595563f,0.7565206758733588f,1.9292675508028152f,1.1076373250758391f,0f,0f,0f,1f], start_interpolation: 0, interpolation_duration: 1 }
$data merge entity $(bone_tail_2) { transformation: [0.965710450047954f,-1.6026307069489891f,0.5636949696556977f,-0.1951440971011908f,1.695865632140005f,0.8708088230007629f,-0.42954118139380304f,0.12225115778964474f,0.10107897604020369f,0.7014561183217283f,1.8211304812325926f,0.7693348020617403f,0f,0f,0f,1f], start_interpolation: 0, interpolation_duration: 1 }
$data merge entity $(bone_tail_1) { transformation: [0.6291693249954138f,-1.3748255727268264f,-0.04070448453389134f,-0.17018021451216966f,1.269135989448875f,0.5975473027714207f,-0.5655858124424851f,0.2354420190342403f,0.5301849212967498f,0.20111716865288923f,1.4021811879006953f,0.46463608119862865f,0f,0f,0f,1f], start_interpolation: 0, interpolation_duration: 1 }
$data merge entity $(bone_tail_0) { transformation: [0.9423712331015982f,-0.6309660004596594f,-0.589621982180568f,-0.013105300787508406f,0.32788208187688067f,1.06878997162422f,-0.6196910952431135f,0.44232196592288975f,0.7989152120160707f,0.30562332928536073f,0.9498234473784464f,0.19445082927965154f,0f,0f,0f,1f], start_interpolation: 0, interpolation_duration: 1 }
$data merge entity $(bone_body_1) { transformation: [0.8493587034133278f,-0.3676456189039796f,-0.819775022120698f,0.2022444500648837f,0.04509271046927278f,1.1441368655152326f,-0.46639261946107496f,0.47368597957436814f,0.8973076593091218f,0.2905032304913982f,0.7994069255863977f,-0.010967537139989148f,0f,0f,0f,1f], start_interpolation: 0, interpolation_duration: 1 }