# This file was generated by Animated Java via MC-Build. It is not recommended to edit this file directly.
$data merge entity $(bone_head_lower) { transformation: [0.25216093380008603f,0.5084265357139981f,-0.823357347235653f,0.7137631316057613f,-0.6491800128571759f,0.719859361047451f,0.24569861867562937f,1.0215024891200617f,0.7176211914177462f,0.47255154014585343f,0.5115807536782008f,-0.625686455131113f,0f,0f,0f,1f], start_interpolation: 0, interpolation_duration: 1 }
$data merge entity $(bone_head_upper) { transformation: [0.2624742109254538f,-0.09739181319066574f,-1.0025437975001403f,0.6425449755122352f,-0.6757312048913624f,0.7512736849617021f,-0.2498942408372782f,1.0209353242271237f,0.7469715991379023f,0.7138449604718144f,0.12621705540007408f,-0.6007243026113634f,0f,0f,0f,1f], start_interpolation: 0, interpolation_duration: 1 }
$data merge entity $(bone_neck_0) { transformation: [0.6207287944894829f,-0.34625191367790736f,-0.7034240370971272f,0.6024800031430765f,-0.45824593031517014f,0.5677669137031922f,-0.6838504215495783f,0.9676484228940546f,0.6361654116982608f,0.74682685006522f,0.19376074158725592f,-0.6005233307844984f,0f,0f,0f,1f], start_interpolation: 0, interpolation_duration: 1 }
$data merge entity $(bone_neck_1) { transformation: [0.703419559663953f,-0.34127305054394197f,-0.6234850664246923f,0.5480904324906837f,-0.1574601289345225f,0.7805740666760401f,-0.604905310134365f,0.9200010108968966f,0.693114154290687f,0.5236762658410831f,0.49533416772583405f,-0.5561495144199722f,0f,0f,0f,1f], start_interpolation: 0, interpolation_duration: 1 }
$data merge entity $(bone_neck_2) { transformation: [0.7818967615008351f,-0.3717164052354688f,-0.5004641529953244f,0.5006066832771372f,0.020169671160195746f,0.8174512669791989f,-0.5756445174579464f,0.8775735926444678f,0.6230815666666735f,0.44000038658269736f,0.6466598959942393f,-0.4951893787967706f,0f,0f,0f,1f], start_interpolation: 0, interpolation_duration: 1 }
$data merge entity $(bone_body_0) { transformation: [0.8672411920853503f,-0.41711100370000337f,-0.27186600622872403f,0.36850375034006577f,0.12940381617867736f,0.716104788241605f,-0.6858925459690033f,0.5611368010653105f,0.48077787709999287f,0.5596537705133612f,0.6750113258615755f,-0.17172767047932916f,0f,0f,0f,1f], start_interpolation: 0, interpolation_duration: 1 }
$data merge entity $(bone_leg_left_3) { transformation: [0.9462681959673291f,-0.09604048500356673f,-0.3087923680096648f,-0.07299190537116568f,0.0751952453623179f,0.9940550829457343f,-0.07874114010255157f,0.052064871194799134f,0.3145189602800404f,0.05129051871475439f,0.9478644978657726f,-0.49794571849522806f,0f,0f,0f,1f], start_interpolation: 0, interpolation_duration: 1 }
$data merge entity $(bone_leg_left_2) { transformation: [0.7725164368702491f,0.27326782526972115f,-0.6169321274973009f,-0.02716107290294767f,-0.4960820034181967f,0.8657082810573631f,-0.23772677067168513f,0.24574378168662803f,0.4573654995193422f,0.47742650458657715f,0.7841829710395143f,-0.361713980298933f,0f,0f,0f,1f], start_interpolation: 0, interpolation_duration: 1 }
$data merge entity $(bone_leg_left_1) { transformation: [0.6545478014149402f,0.707165176436637f,-0.2673660204629753f,0.16609796916834801f,-0.26168664310124884f,0.5437101701022641f,0.79743297633705f,0.35637164232085494f,0.7092864558732725f,-0.451991885062892f,0.5409399775871859f,-0.5273213616831721f,0f,0f,0f,1f], start_interpolation: 0, interpolation_duration: 1 }
$data merge entity $(bone_leg_left_0) { transformation: [0.6844913272191679f,-0.5008554434631791f,-0.5297314864297236f,0.09215895495944934f,-0.29084558323598714f,0.47868950619888767f,-0.8284112525594902f,0.5779403014229068f,0.6684911889276182f,0.7211103808768581f,0.18198722185299732f,-0.18127565654295788f,0f,0f,0f,1f], start_interpolation: 0, interpolation_duration: 1 }
$data merge entity $(bone_leg_right_3) { transformation: [0.5153679669061236f,0.02405262320671178f,-0.8566313851382776f,0.2753215651984583f,0.047389870592165935f,0.9972765630031085f,0.0565124503978018f,0.027218620639443025f,0.8556576762072006f,-0.06972035715328907f,0.5128245440168704f,0.43709546552879663f,0f,0f,0f,1f], start_interpolation: 0, interpolation_duration: 1 }
$data merge entity $(bone_leg_right_2) { transformation: [0.5625092826989275f,-0.08224023359625703f,-0.8537458933173647f,0.22889424932360045f,0.27694421937478714f,0.9837025477538623f,0.08771200828930768f,0.25879930493129794f,0.8117557549738237f,-0.278618091697734f,0.5616820744391662f,0.388249144586601f,0f,0f,0f,1f], start_interpolation: 0, interpolation_duration: 1 }
$data merge entity $(bone_leg_right_1) { transformation: [0.6177368670973155f,0.7861983945199754f,0.017124470298567923f,0.4538741825207616f,-0.03390571735219856f,0.004872040767451513f,0.9994131605845467f,0.20644250636634598f,0.7856535911962896f,-0.6179549722050733f,0.029666259747402557f,0.23444348486500444f,0f,0f,0f,1f], start_interpolation: 0, interpolation_duration: 1 }
$data merge entity $(bone_leg_right_0) { transformation: [0.6394056281507803f,-0.1967234881434694f,-0.7432767397825474f,0.3627942306184443f,0.10797342768056421f,0.9801083352829273f,-0.16652144013261197f,0.5922661005181654f,0.7612504066363552f,0.026220608719008914f,0.6479276950975229f,0.10347831727569161f,0f,0f,0f,1f], start_interpolation: 0, interpolation_duration: 1 }
$data merge entity $(bone_tail_4) { transformation: [0.779458959408347f,-2.319361040408064f,1.2801052403749003f,0.0331885505838526f,2.626706731032728f,0.8500354231509749f,-0.0592693861610146f,0.019123214443303393f,-0.34426270687574684f,1.2343684519728166f,2.446115092351301f,1.4430311064717096f,0f,0f,0f,1f], start_interpolation: 0, interpolation_duration: 1 }
$data merge entity $(bone_tail_3) { transformation: [0.7974994700295569f,-1.7613370779671167f,0.7730665036885762f,-0.0806588943735156f,1.9139984061636535f,0.8098188788594325f,-0.1294179689621574f,0.0331430059619494f,-0.19118112498364861f,0.7601517001661944f,1.9291357381555283f,1.108482293654778f,0f,0f,0f,1f], start_interpolation: 0, interpolation_duration: 1 }
$data merge entity $(bone_tail_2) { transformation: [1.0060026503993802f,-1.5805407753604483f,0.5555388373599023f,-0.1835645614822382f,1.6726769247544555f,0.9111221437942356f,-0.43678624003572913f,0.11579427071661348f,0.09425734871178894f,0.7003721664326517f,1.821913350218126f,0.7700289348584679f,0f,0f,0f,1f], start_interpolation: 0, interpolation_duration: 1 }
$data merge entity $(bone_tail_1) { transformation: [0.6385547651297815f,-1.3709219998046467f,-0.02183878159784399f,-0.16271705141207735f,1.270530570920803f,0.6007000573043959f,-0.5590775970383305f,0.2275447651074161f,0.51541840313061f,0.21768913984423818f,1.4052087240364572f,0.46449025428575563f,0f,0f,0f,1f], start_interpolation: 0, interpolation_duration: 1 }
$data merge entity $(bone_tail_0) { transformation: [0.9504370017010507f,-0.6330505056147016f,-0.5742406113490374f,-0.010187234563319575f,0.3255553273162496f,1.062190480440409f,-0.6321398806449492f,0.437903278948947f,0.7902651145264827f,0.32378103277797476f,0.9510429055303977f,0.1943868260823207f,0f,0f,0f,1f], start_interpolation: 0, interpolation_duration: 1 }
$data merge entity $(bone_body_1) { transformation: [0.851178517780308f,-0.37617969753915953f,-0.8139954306290146f,0.20439367298455743f,0.04505625665475018f,1.1388385254613689f,-0.4791882111628861f,0.47259896923567524f,0.8955834185947333f,0.30023364758229887f,0.7977435002893152f,-0.011300229899547407f,0f,0f,0f,1f], start_interpolation: 0, interpolation_duration: 1 }