# This file was generated by Animated Java via MC-Build. It is not recommended to edit this file directly.
$data merge entity $(bone_head_lower) { transformation: [0.27698694243704647f,0.469004236390979f,-0.8386377406047802f,0.7090212388178189f,-0.6331896636204665f,0.7455728024109556f,0.20782696213262244f,1.013214528148409f,0.722737216146766f,0.4734513940758742f,0.5034825655810085f,-0.6429628022058603f,0f,0f,0f,1f], start_interpolation: 0, interpolation_duration: 1 }
$data merge entity $(bone_head_upper) { transformation: [0.28831559297149567f,-0.043653163002453366f,-0.9992199271396076f,0.6392469306792685f,-0.6590868570335171f,0.7738916402793852f,-0.22398255863988586f,1.0149466934508005f,0.7522968671466621f,0.6947359736252839f,0.1867171476210844f,-0.6142573668503623f,0f,0f,0f,1f], start_interpolation: 0, interpolation_duration: 1 }
$data merge entity $(bone_neck_0) { transformation: [0.6407956455076602f,-0.3391375342583513f,-0.6887428210555713f,0.6000093094479608f,-0.4418577811092096f,0.5707251647521396f,-0.6921231737139631f,0.9610715470694146f,0.6278078065552126f,0.7478358905373617f,0.21586764197656916f,-0.6126405994615378f,0f,0f,0f,1f], start_interpolation: 0, interpolation_duration: 1 }
$data merge entity $(bone_neck_1) { transformation: [0.7154981775886222f,-0.3401118005938749f,-0.610234644185458f,0.5467475732043867f,-0.14232731956243216f,0.7842084234930561f,-0.6039537090114679f,0.9135214912046921f,0.683962931724764f,0.5189808393566452f,0.5126924969288493f,-0.566817936028331f,0f,0f,0f,1f], start_interpolation: 0, interpolation_duration: 1 }
$data merge entity $(bone_neck_2) { transformation: [0.7903385993131186f,-0.35657511642553097f,-0.49821590177542185f,0.49960903034034265f,0.030788974712242234f,0.8352757721792772f,-0.5489685086109048f,0.873605604443555f,0.6118961819393441f,0.41853144536155384f,0.671129266066994f,-0.5039242944191238f,0f,0f,0f,1f], start_interpolation: 0, interpolation_duration: 1 }
$data merge entity $(bone_body_0) { transformation: [0.8711286921970537f,-0.40942842394602547f,-0.2711146755454681f,0.3679333829121811f,0.13371222030173757f,0.7290196816260369f,-0.6713057023024989f,0.5641665680868608f,0.47249957012999555f,0.5485423132876308f,0.6898155454612662f,-0.1735912634395682f,0f,0f,0f,1f], start_interpolation: 0, interpolation_duration: 1 }
$data merge entity $(bone_leg_left_3) { transformation: [0.9506390431551734f,-0.07916704117873455f,-0.3000299805353143f,-0.09042933412244479f,0.0623753837907601f,0.9959238875860907f,-0.06515306310806354f,0.04668705892781466f,0.30396499983710634f,0.043222560387053646f,0.9517022061273239f,-0.48111040476897515f,0f,0f,0f,1f], start_interpolation: 0, interpolation_duration: 1 }
$data merge entity $(bone_leg_left_2) { transformation: [0.7688027354483382f,0.2982962368112827f,-0.6099376267882431f,-0.0385540152180307f,-0.49915120707261706f,0.8729301842293082f,-0.20224531005694515f,0.24314115912655515f,0.4602745115100298f,0.4484132558994078f,0.7994592706877507f,-0.3511649936545991f,0f,0f,0f,1f], start_interpolation: 0, interpolation_duration: 1 }
$data merge entity $(bone_leg_left_1) { transformation: [0.659345117165303f,0.7115425631096602f,-0.24283985948276343f,0.15449790887221426f,-0.2557191734516415f,0.5159763670656736f,0.8175427162900533f,0.3450492210737624f,0.7070160682753133f,-0.47694398991185993f,0.5221615743115087f,-0.522509929894291f,0f,0f,0f,1f], start_interpolation: 0, interpolation_duration: 1 }
$data merge entity $(bone_leg_left_0) { transformation: [0.6879233250523261f,-0.47761526001802745f,-0.5464843659674664f,0.0914465927827626f,-0.2868423766196187f,0.5127424716405546f,-0.809207395388317f,0.578890342483071f,0.6666955450759819f,0.7134275164120367f,0.21572720969315f,-0.18243620253229953f,0f,0f,0f,1f], start_interpolation: 0, interpolation_duration: 1 }
$data merge entity $(bone_leg_right_3) { transformation: [0.5181116311406342f,0.009638302382236235f,-0.8552586981749908f,0.2937164238310242f,0.04903375386673923f,0.9979572729944537f,0.04095085175193505f,0.022763964846963358f,0.853906334827496f,-0.06315365709649355f,0.5165806683731118f,0.41957188844116877f,0f,0f,0f,1f], start_interpolation: 0, interpolation_duration: 1 }
$data merge entity $(bone_leg_right_2) { transformation: [0.5606011159368831f,-0.10258220841852321f,-0.8527986156338401f,0.24257965857218516f,0.2743573786180071f,0.9863991504788379f,0.06170043948932786f,0.254173362502114f,0.8139512375498126f,-0.26183163665091996f,0.5665595965479039f,0.3747857970537933f,0f,0f,0f,1f], start_interpolation: 0, interpolation_duration: 1 }
$data merge entity $(bone_leg_right_1) { transformation: [0.6197656244348623f,0.7847755850217387f,0.004225153565573875f,0.46789759424890304f,-0.03519166782377759f,0.022412918945684757f,0.9991292246652154f,0.20657132077478602f,0.7839975237745629f,-0.6193746380165412f,0.041508318410076114f,0.21993341849428344f,0f,0f,0f,1f], start_interpolation: 0, interpolation_duration: 1 }
$data merge entity $(bone_leg_right_0) { transformation: [0.6353984002191104f,-0.23277415755198136f,-0.7362642627310935f,0.3625580613623506f,0.10599969372871498f,0.9707492193483407f,-0.21542984487764405f,0.5929311688120291f,0.7648744589332384f,0.05883999244181212f,0.6414864903963556f,0.10187864645886575f,0f,0f,0f,1f], start_interpolation: 0, interpolation_duration: 1 }
$data merge entity $(bone_tail_4) { transformation: [0.7153843516091651f,-2.3770806286382027f,1.2097000644894358f,0.015724977614573407f,2.657221423704731f,0.7433582161978429f,-0.11069868750694715f,0.0009447830286531539f,-0.23034944427398701f,1.19271437442674f,2.4799259840080903f,1.4480170029325217f,0f,0f,0f,1f], start_interpolation: 0, interpolation_duration: 1 }
$data merge entity $(bone_tail_3) { transformation: [0.7862174741766367f,-1.7974864050109087f,0.69774653932837f,-0.08499723522621479f,1.9249702732925316f,0.7750572792417421f,-0.1723983378078473f,0.02259262634383402f,-0.11089209297254167f,0.7101227807497756f,1.9543219044008127f,1.1096871193055768f,0f,0f,0f,1f], start_interpolation: 0, interpolation_duration: 1 }
$data merge entity $(bone_tail_2) { transformation: [1.0155921373348706f,-1.596911881992558f,0.487051256786546f,-0.17516801534640858f,1.663560918987164f,0.9197556090482422f,-0.4531981503113795f,0.10829014294604801f,0.14110830735625993f,0.6501507023591229f,1.83743472940395f,0.7683710633839875f,0f,0f,0f,1f], start_interpolation: 0, interpolation_duration: 1 }
$data merge entity $(bone_tail_1) { transformation: [0.6773216908937263f,-1.3522100740042888f,-0.020481523531712904f,-0.15487834286308103f,1.251226599087403f,0.635287234856299f,-0.56435660443093f,0.22077227078696898f,0.513150635565265f,0.23578442482478365f,1.403117379348218f,0.4630633872509985f,0f,0f,0f,1f], start_interpolation: 0, interpolation_duration: 1 }
$data merge entity $(bone_tail_0) { transformation: [0.9667954272089381f,-0.6288567684164141f,-0.5510730290340651f,-0.009017429682387279f,0.3189940801777986f,1.0561065843476325f,-0.6455365023707993f,0.4348987736130228f,0.772906912456756f,0.35073318049262064f,0.9557389064813272f,0.19223808175987686f,0f,0f,0f,1f], start_interpolation: 0, interpolation_duration: 1 }
$data merge entity $(bone_body_1) { transformation: [0.852676198314898f,-0.3844160820929032f,-0.8085617921419767f,0.2048550119795559f,0.0441599851090812f,1.1332954915238265f,-0.49223553271090076f,0.47300114606760435f,0.8942023214008499f,0.31059652247950376f,0.7953216982336271f,-0.013583952332496946f,0f,0f,0f,1f], start_interpolation: 0, interpolation_duration: 1 }