# This file was generated by Animated Java via MC-Build. It is not recommended to edit this file directly.
$data merge entity $(bone_head_lower) { transformation: [0.2833116310962088f,0.4481507421584276f,-0.8478770146598247f,0.709347548222847f,-0.6247635003298844f,0.7570023320035394f,0.1913584019497282f,1.00752679668415f,0.7276022872017076f,0.4755085505477832f,0.4944557917698911f,-0.6496037186732866f,0f,0f,0f,1f], start_interpolation: 0, interpolation_duration: 1 }
$data merge entity $(bone_head_upper) { transformation: [0.2948989587615308f,-0.020609487673709005f,-0.9980389750519263f,0.6401741351133088f,-0.6503160671752516f,0.7855826754011215f,-0.20837661929025755f,1.0106000361384315f,0.7573609175806378f,0.682573843412528f,0.20968865346978316f,-0.6195862136165587f,0f,0f,0f,1f], start_interpolation: 0, interpolation_duration: 1 }
$data merge entity $(bone_neck_0) { transformation: [0.6448185886052241f,-0.3352106191050047f,-0.6869081660807408f,0.6009901050032586f,-0.4359289306224344f,0.576913293470487f,-0.6907510544786859f,0.9567112528678685f,0.6278335410246474f,0.7448522623019111f,0.22587640892350197f,-0.6172738390253938f,0f,0f,0f,1f], start_interpolation: 0, interpolation_duration: 1 }
$data merge entity $(bone_neck_1) { transformation: [0.7176824706825992f,-0.33684487831085447f,-0.6094812542077617f,0.5478072410816314f,-0.13802041854411357f,0.7890567549459844f,-0.5986149025366978f,0.9096357996403562f,0.6825556646456229f,0.5137362800405071f,0.519800730309523f,-0.5708731759584803f,0f,0f,0f,1f], start_interpolation: 0, interpolation_duration: 1 }
$data merge entity $(bone_neck_2) { transformation: [0.7916248261647847f,-0.34975914299942396f,-0.5009976811202654f,0.5004917261234589f,0.03255748240593903f,0.842934631562956f,-0.5370299966028066f,0.870840801090122f,0.6101394471257874f,0.40881505451748235f,0.6786752583238218f,-0.5074135783717408f,0f,0f,0f,1f], start_interpolation: 0, interpolation_duration: 1 }
$data merge entity $(bone_body_0) { transformation: [0.8713820485864004f,-0.40544893089668543f,-0.2762326733681283f,0.36644189515963066f,0.13228538112234695f,0.736365492971363f,-0.6635257634051271f,0.5651383987963168f,0.47243402009453506f,0.5416428945308673f,0.695290638123037f,-0.17456588234022177f,0f,0f,0f,1f], start_interpolation: 0, interpolation_duration: 1 }
$data merge entity $(bone_leg_left_3) { transformation: [0.9506451968873755f,-0.07232884093869295f,-0.30173208050094497f,-0.09682142999887107f,0.05696142560652944f,0.9966057202157109f,-0.059434286621415866f,0.04470029976987561f,0.3050067304631737f,0.03931382965051873f,0.9515383950058849f,-0.4750976182112062f,0f,0f,0f,1f], start_interpolation: 0, interpolation_duration: 1 }
$data merge entity $(bone_leg_left_2) { transformation: [0.7661928546566498f,0.30445640267300195f,-0.6101778493564017f,-0.04352165824197715f,-0.49882997194723216f,0.8760172044748975f,-0.18927418221142644f,0.2422753442127386f,0.46495093080981326f,0.43813508856983335f,0.8024465562289413f,-0.3474484575791073f,0f,0f,0f,1f], start_interpolation: 0, interpolation_duration: 1 }
$data merge entity $(bone_leg_left_1) { transformation: [0.658898595581558f,0.7141820320767751f,-0.23621317871647024f,0.14990476554185264f,-0.25157612140664304f,0.5051498927246775f,0.825550144460188f,0.3407349959756484f,0.7089161416406319f,-0.4845282354403465f,0.5125137004826545f,-0.5203799504214769f,0f,0f,0f,1f], start_interpolation: 0, interpolation_duration: 1 }
$data merge entity $(bone_leg_left_0) { transformation: [0.6870746035429669f,-0.470852582832719f,-0.5533772080651972f,0.08997113110542829f,-0.28354612749160596f,0.5274697645100898f,-0.8008603131084624f,0.5800622999632258f,0.6689768925387399f,0.7071587465112965f,0.22890265285003397f,-0.1835748441749535f,0f,0f,0f,1f], start_interpolation: 0, interpolation_duration: 1 }
$data merge entity $(bone_leg_right_3) { transformation: [0.518270711435879f,0.008019942890647806f,-0.8551790164543202f,0.29750539057414416f,0.05056978917499146f,0.997918952081101f,0.04000576833598937f,0.022799430285276256f,0.853720191919194f,-0.06398004058600361f,0.5167865984292433f,0.41363627267978803f,0f,0f,0f,1f], start_interpolation: 0, interpolation_duration: 1 }
$data merge entity $(bone_leg_right_2) { transformation: [0.5601804592312566f,-0.10494801474168342f,-0.8527871755590206f,0.2458181654436035f,0.27367187540387033f,0.9867945358203639f,0.058330508215632106f,0.25419790919353796f,0.8144714588056979f,-0.25939286377528764f,0.566933668531044f,0.3694294091486221f,0f,0f,0f,1f], start_interpolation: 0, interpolation_duration: 1 }
$data merge entity $(bone_leg_right_1) { transformation: [0.6201412221212279f,0.7844884393547621f,0.0016592602928670597f,0.47120165823566307f,-0.03569145989613064f,0.026101223533284562f,0.999021944614105f,0.20759360062326226f,0.7836778574876753f,-0.6195939110811167f,0.04418598233299914f,0.21436908134262347f,0f,0f,0f,1f], start_interpolation: 0, interpolation_duration: 1 }
$data merge entity $(bone_leg_right_0) { transformation: [0.6336469789707933f,-0.24533045615990787f,-0.733692356046837f,0.360926392757705f,0.10501316168369318f,0.9668838792704075f,-0.23261083354006207f,0.5939491400107737f,0.7664618333057308f,0.07034579793690209f,0.6384259759739094f,0.10089643453818843f,0f,0f,0f,1f], start_interpolation: 0, interpolation_duration: 1 }
$data merge entity $(bone_tail_4) { transformation: [0.701559695543148f,-2.3945386710214875f,1.183072220184404f,0.004834137504785521f,2.6632465749385594f,0.7194594586097441f,-0.12311417503684555f,0.0011599543712000233f,-0.20147706139269303f,1.1722729938029042f,2.4921565667776453f,1.4502645205237585f,0f,0f,0f,1f], start_interpolation: 0, interpolation_duration: 1 }
$data merge entity $(bone_tail_3) { transformation: [0.7880585108283675f,-1.80727967123256f,0.6698130332450607f,-0.09105575016430009f,1.9253124090972658f,0.7718881214908535f,-0.18250035978552795f,0.02455173999897116f,-0.08989681268822619f,0.688385389077437f,1.963158079528403f,1.1106490655710721f,0f,0f,0f,1f], start_interpolation: 0, interpolation_duration: 1 }
$data merge entity $(bone_tail_2) { transformation: [1.0238888216753719f,-1.599479248603125f,0.4605341346078237f,-0.17629153115899643f,1.6574613892935552f,0.9302500406759796f,-0.45412606160205277f,0.11041974019703549f,0.15247064914950623f,0.6285498151404523f,1.8440313733875593f,0.7681099697741836f,0f,0f,0f,1f], start_interpolation: 0, interpolation_duration: 1 }
$data merge entity $(bone_tail_1) { transformation: [0.6935751022374356f,-1.3438981154219978f,-0.023402626381105653f,-0.15549040309272127f,1.2439925975225796f,0.6517929621741325f,-0.5615199032708417f,0.22209658729418688f,0.5090110459168408f,0.23824365642231207f,1.404209373743521f,0.46254120191261366f,0f,0f,0f,1f], start_interpolation: 0, interpolation_duration: 1 }
$data merge entity $(bone_tail_0) { transformation: [0.9722401572085356f,-0.6243198259784155f,-0.5466347484247875f,-0.01081697415841465f,0.31596151440341436f,1.0571138820722075f,-0.6453791740753302f,0.43620142302409226f,0.767302492313853f,0.35576777791775277f,0.9583902597942248f,0.19106260316449575f,0f,0f,0f,1f], start_interpolation: 0, interpolation_duration: 1 }
$data merge entity $(bone_body_1) { transformation: [0.8521849098805575f,-0.3837716320131752f,-0.8093854513703964f,0.20320354845030209f,0.04367568085698379f,1.1336229328394707f,-0.49152423754924435f,0.47411637382095273f,0.8946943105495838f,0.3101982844224499f,0.7949237133636308f,-0.014640080861247243f,0f,0f,0f,1f], start_interpolation: 0, interpolation_duration: 1 }