# This file was generated by Animated Java via MC-Build. It is not recommended to edit this file directly.
$data merge entity $(bone_head_lower) { transformation: [0.289203582917181f,0.40888093418642935f,-0.8655505007142553f,0.7120751219284367f,-0.610419896551837f,0.7752762748207214f,0.1622783029050724f,0.9964908795074713f,0.7373932719529721f,0.48141778047652023f,0.4738017339769364f,-0.6589088781543967f,0f,0f,0f,1f], start_interpolation: 0, interpolation_duration: 1 }
$data merge entity $(bone_head_upper) { transformation: [0.30103188895700084f,0.016201449600720376f,-0.996287738279119f,0.6438509181714371f,-0.6353858159791836f,0.8048310399651412f,-0.1788960719093738f,1.002033281946264f,0.7675523495286521f,0.6598912431022044f,0.24264970759014118f,-0.6271252929455703f,0f,0f,0f,1f], start_interpolation: 0, interpolation_duration: 1 }
$data merge entity $(bone_neck_0) { transformation: [0.6463410424048094f,-0.3299970352291979f,-0.6880008820074315f,0.6045111128160667f,-0.42784823397467464f,0.5898439936336235f,-0.6848576142959135f,0.9483130789843046f,0.6318141701385118f,0.7370115466627899f,0.24005173296168103f,-0.6237703320479817f,0f,0f,0f,1f], start_interpolation: 0, interpolation_duration: 1 }
$data merge entity $(bone_neck_1) { transformation: [0.7176574822963802f,-0.33011311068260163f,-0.6131827396946827f,0.5510456969036928f,-0.13352159194268007f,0.7989468759342541f,-0.5863922526091118f,0.902318607179067f,0.6834762048448456f,0.5027019232013663f,0.529292975412044f,-0.576616385137831f,0f,0f,0f,1f], start_interpolation: 0, interpolation_duration: 1 }
$data merge entity $(bone_neck_2) { transformation: [0.7909809173253015f,-0.33859651295492454f,-0.5096092521157657f,0.5030850328643115f,0.03246951510355764f,0.8549677186971725f,-0.5176639166241863f,0.8653380339242831f,0.6109786567599268f,0.39291551432912186f,0.6872572150100117f,-0.5125606102163628f,0f,0f,0f,1f], start_interpolation: 0, interpolation_duration: 1 }
$data merge entity $(bone_body_0) { transformation: [0.870129612977805f,-0.39827971782782834f,-0.29025458305784013f,0.36249502416188056f,0.12671024708766152f,0.7499648578469424f,-0.6492281765894017f,0.5665035816304247f,0.4762551521002991f,0.5281344320924372f,0.7030327529612828f,-0.17619276948481327f,0f,0f,0f,1f], start_interpolation: 0, interpolation_duration: 1 }
$data merge entity $(bone_leg_left_3) { transformation: [0.9488604381846585f,-0.061250489633633574f,-0.30969702350468026f,-0.10658249498060121f,0.0482773582630209f,0.9976121399414154f,-0.04938942114111035f,0.041979941737919885f,0.31198263657960573f,0.031912313628913946f,0.9495517040749744f,-0.46654371467913625f,0f,0f,0f,1f], start_interpolation: 0, interpolation_duration: 1 }
$data merge entity $(bone_leg_left_2) { transformation: [0.7608889808515604f,0.31023448110458385f,-0.6138930892697343f,-0.05205890739971755f,-0.49679065338710415f,0.881012864370761f,-0.17052149137611952f,0.24130217314626978f,0.4757196706323827f,0.42383145122523824f,0.803815834272018f,-0.3421696879302947f,0f,0f,0f,1f], start_interpolation: 0, interpolation_duration: 1 }
$data merge entity $(bone_leg_left_1) { transformation: [0.6557321459651213f,0.7194161045694293f,-0.22903235848701617f,0.142471668361849f,-0.24338779928910084f,0.4885890923471505f,0.8378801095601902f,0.3344457623074101f,0.7146871566672971f,-0.493681240605247f,0.4954806764842387f,-0.5167993318966607f,0f,0f,0f,1f], start_interpolation: 0, interpolation_duration: 1 }
$data merge entity $(bone_leg_left_0) { transformation: [0.6834300481011638f,-0.46293365236560124f,-0.5644606300353334f,0.08612575024996885f,-0.2767212175936912f,0.5512304497022325f,-0.7871279178472452f,0.5827779513859067f,0.6755358888215386f,0.6941451035831911f,0.24862388880711905f,-0.18594658527958302f,0f,0f,0f,1f], start_interpolation: 0, interpolation_duration: 1 }
$data merge entity $(bone_leg_right_3) { transformation: [0.5176388646246157f,0.010022336316412982f,-0.8555405067002378f,0.2993206041007306f,0.053597189909839305f,0.9975876955081558f,0.04411497483277124f,0.024756443187842148f,0.8539188176073341f,-0.06869019249855213f,0.5158529930034375f,0.40576160112759563f,0f,0f,0f,1f], start_interpolation: 0, interpolation_duration: 1 }
$data merge entity $(bone_leg_right_2) { transformation: [0.5600199432922981f,-0.10215211575431071f,-0.8532319777542938f,0.24827160160546566f,0.2729698946339522f,0.9868264730227038f,0.06101760619521642f,0.25624649901275887f,0.8148173410274937f,-0.2603855927066309f,0.5659807800379765f,0.3612933488071927f,0f,0f,0f,1f], start_interpolation: 0, interpolation_duration: 1 }
$data merge entity $(bone_leg_right_1) { transformation: [0.6203851645159868f,0.7842971607461133f,0.0004596673332750989f,0.47367161015437065f,-0.03649632405769916f,0.028283413523816553f,0.9989334646760594f,0.21022368654076995f,0.7834476791584412f,-0.6197402779915357f,0.046170573488170136f,0.20608341826765755f,0f,0f,0f,1f], start_interpolation: 0, interpolation_duration: 1 }
$data merge entity $(bone_leg_right_0) { transformation: [0.6308932905975708f,-0.26306870846353175f,-0.7299099331467537f,0.3564440043012518f,0.10335994802625145f,0.9608754279129114f,-0.2569730203293529f,0.5963955753702526f,0.7689540799182875f,0.08667910163648872f,0.6334006286044493f,0.09914306447981641f,0f,0f,0f,1f], start_interpolation: 0, interpolation_duration: 1 }
$data merge entity $(bone_tail_4) { transformation: [0.6900725648960936f,-2.4192179515898955f,1.1387913283314544f,-0.01788522316012428f,2.668511397941944f,0.6973777682824187f,-0.13554519157596365f,0.009128132582115665f,-0.16884343585599576f,1.1343324391952412f,2.5120595421203133f,1.4546306193237641f,0f,0f,0f,1f], start_interpolation: 0, interpolation_duration: 1 }
$data merge entity $(bone_tail_3) { transformation: [0.7975364630860559f,-1.8194372861124495f,0.6241226465979209f,-0.10590873789612437f,1.9224060999946246f,0.7768153666689652f,-0.19198489225681906f,0.03407992746212539f,-0.06508381362585694f,0.6497317708525345f,1.9772602886805748f,1.1130022068335954f,0f,0f,0f,1f], start_interpolation: 0, interpolation_duration: 1 }
$data merge entity $(bone_tail_2) { transformation: [1.0421946781597924f,-1.5998169905053716f,0.41616069577570425f,-0.1828821377221362f,1.6448288376046318f,0.954574960946606f,-0.4495537942457587f,0.11909440025298607f,0.16474896904800027f,0.5900390799149641f,1.8556630988338108f,0.7683007140830452f,0f,0f,0f,1f], start_interpolation: 0, interpolation_duration: 1 }
$data merge entity $(bone_tail_1) { transformation: [0.7217550094537105f,-1.3287991796531788f,-0.03191702494772459f,-0.16046029726290256f,1.2319047396806277f,0.6823782081337902f,-0.5517489858772041f,0.2283063303055893f,0.49913592205017643f,0.23729511418728583f,1.4079100149164236f,0.4619566388939956f,0f,0f,0f,1f], start_interpolation: 0, interpolation_duration: 1 }
$data merge entity $(bone_tail_0) { transformation: [0.9803286088309116f,-0.6138942997274631f,-0.5439901874609551f,-0.016308083987662675f,0.3102701267898957f,1.0622751836012458f,-0.6396402108300802f,0.44085865898926424f,0.7592917645500046f,0.35852606551141436f,0.9637275513439851f,0.1889849218979338f,0f,0f,0f,1f], start_interpolation: 0, interpolation_duration: 1 }
$data merge entity $(bone_body_1) { transformation: [0.850181449007586f,-0.3788409392730954f,-0.8138031958344047f,0.19840738517951562f,0.042828965922720265f,1.1367103934301297f,-0.48441692394275443f,0.4769132965492935f,0.8966391573523891f,0.304915757636185f,0.7947761932165555f,-0.016327650093565713f,0f,0f,0f,1f], start_interpolation: 0, interpolation_duration: 1 }