# This file was generated by Animated Java via MC-Build. It is not recommended to edit this file directly.
$data merge entity $(bone_head_lower) { transformation: [0.28492887134447814f,0.3196551674803409f,-0.9036792086672556f,0.7236055928634628f,-0.5844700024210555f,0.8051642681632468f,0.10052520849555387f,0.9718083482095923f,0.7597436110585553f,0.49953085507930184f,0.4162434026857945f,-0.6687415301253435f,0f,0f,0f,1f], start_interpolation: 0, interpolation_duration: 1 }
$data merge entity $(bone_head_upper) { transformation: [0.29658234346210427f,0.077936098801454f,-0.994704388566595f,0.6568753950274135f,-0.6083745819909091f,0.8366197087004372f,-0.1158437464211573f,0.9824196030678828f,0.7908168081910123f,0.6143821043138487f,0.2839284211997352f,-0.6351269728786536f,0f,0f,0f,1f], start_interpolation: 0, interpolation_duration: 1 }
$data merge entity $(bone_neck_0) { transformation: [0.6316519135619348f,-0.3280022303993191f,-0.7024460099869727f,0.6165739076143804f,-0.4186591115624738f,0.618283758034812f,-0.6651689581272342f,0.9295079055940516f,0.6524878607294287f,0.7142406677048165f,0.25321899651746466f,-0.6305576581563151f,0f,0f,0f,1f], start_interpolation: 0, interpolation_duration: 1 }
$data merge entity $(bone_neck_1) { transformation: [0.7045486902966316f,-0.3158893032731031f,-0.63547233698953f,0.561285797562928f,-0.13354874096553598f,0.8204476762614705f,-0.5559049777647916f,0.8861951576131177f,0.696976238323676f,0.47652865453694054f,0.5358587170303306f,-0.5829680837328153f,0f,0f,0f,1f], start_interpolation: 0, interpolation_duration: 1 }
$data merge entity $(bone_neck_2) { transformation: [0.779712081348268f,-0.3192764966480396f,-0.5386200784297837f,0.510972722591896f,0.02301966307097139f,0.8742610254806973f,-0.48491004777952235f,0.8522729624548702f,0.6257149233569957f,0.3656913698921456f,0.6890215211985437f,-0.5190242837460635f,0f,0f,0f,1f], start_interpolation: 0, interpolation_duration: 1 }
$data merge entity $(bone_body_0) { transformation: [0.8613968651522411f,-0.3830242695062721f,-0.3335983358397917f,0.3501002929569774f,0.10687371034199686f,0.7787486734390752f,-0.6181654419769966f,0.5683524623218681f,0.496561628343982f,0.4968328819493204f,0.7117468908750539f,-0.17884768888582164f,0f,0f,0f,1f], start_interpolation: 0, interpolation_duration: 1 }
$data merge entity $(bone_leg_left_3) { transformation: [0.9398215427002086f,-0.0413004578554514f,-0.3391603456442543f,-0.12245216305070511f,0.033839652528693004f,0.9990381886604992f,-0.027885041055843843f,0.03882226160696331f,0.3399858023408293f,0.014729894055248785f,0.940315204826437f,-0.4553659922275106f,0f,0f,0f,1f], start_interpolation: 0, interpolation_duration: 1 }
$data merge entity $(bone_leg_left_2) { transformation: [0.7481300236822325f,0.3071321369315015f,-0.6308989757717204f,-0.069197079425794f,-0.4882815545164133f,0.8901841292004034f,-0.14565554963491345f,0.24106397133989851f,0.503929350886562f,0.4065762733907419f,0.7954955328167719f,-0.3352274930758292f,0f,0f,0f,1f], start_interpolation: 0, interpolation_duration: 1 }
$data merge entity $(bone_leg_left_1) { transformation: [0.6425021211973916f,0.7317690703069656f,-0.22738744907960834f,0.128865655481938f,-0.224261131257371f,0.4633137305172754f,0.8573490141834479f,0.3259275573060743f,0.7327332183434957f,-0.49985439365503703f,0.46178741416342095f,-0.510106624128098f,0f,0f,0f,1f], start_interpolation: 0, interpolation_duration: 1 }
$data merge entity $(bone_leg_left_0) { transformation: [0.6699065665262475f,-0.4585908019853735f,-0.5838832661238257f,0.07423355426875207f,-0.2599137229176364f,0.5918105186071132f,-0.7630236999629001f,0.5901848682498615f,0.69546390903059f,0.6629138604678526f,0.277263709914406f,-0.1915305960056986f,0f,0f,0f,1f], start_interpolation: 0, interpolation_duration: 1 }
$data merge entity $(bone_leg_right_3) { transformation: [0.5140486855952554f,0.028880237114220393f,-0.8572746822005284f,0.2878764895526661f,0.059900157150932457f,0.9957844473682516f,0.06946441932960822f,0.03407200871650562f,0.8556669445590873f,-0.08705898163735024f,0.5101517555641494f,0.39794886791612427f,0f,0f,0f,1f], start_interpolation: 0, interpolation_duration: 1 }
$data merge entity $(bone_leg_right_2) { transformation: [0.5617516451085335f,-0.07501889564480622f,-0.8549090325963251f,0.24309768623831565f,0.272729239883152f,0.9844107539926965f,0.09282471996716923f,0.2659823195733794f,0.8137051372772013f,-0.2781543316586298f,0.5590852500727655f,0.34912737103187735f,0f,0f,0f,1f], start_interpolation: 0, interpolation_duration: 1 }
$data merge entity $(bone_leg_right_1) { transformation: [0.6198594381714079f,0.7846698852536231f,0.008212678362901266f,0.46817729158831894f,-0.038259701927090786f,0.019767010524998074f,0.9990722999379749f,0.21760338447016536f,0.7837796068527664f,-0.619598609158357f,0.04227400395932171f,0.19416919747032754f,0f,0f,0f,1f], start_interpolation: 0, interpolation_duration: 1 }
$data merge entity $(bone_leg_right_0) { transformation: [0.6265814358230306f,-0.2857651779077848f,-0.7250751460209358f,0.34214609591548717f,0.10030282259097976f,0.9521829843477824f,-0.28859471252750496f,0.6032920100027579f,0.7728745357832874f,0.10810100560995214f,0.6252832354412561f,0.0958447324755507f,0f,0f,0f,1f], start_interpolation: 0, interpolation_duration: 1 }
$data merge entity $(bone_tail_4) { transformation: [0.7011014390850121f,-2.4558184366361533f,1.0502732549155405f,-0.07637953112187144f,2.666894076472371f,0.7036557729974865f,-0.13492912807798585f,0.047430503575657215f,-0.14762821068312507f,1.0485636323110146f,2.5503689050812306f,1.4650509659413875f,0f,0f,0f,1f], start_interpolation: 0, interpolation_duration: 1 }
$data merge entity $(bone_tail_3) { transformation: [0.8348061727250179f,-1.8309829773019846f,0.5352994646504061f,-0.1492289329303687f,1.9071180829427756f,0.8145590112880824f,-0.18798872542388412f,0.07133534504188878f,-0.0440998609671609f,0.5656328137618829f,2.003511978577353f,1.1197942112712085f,0f,0f,0f,1f], start_interpolation: 0, interpolation_duration: 1 }
$data merge entity $(bone_tail_2) { transformation: [1.090840012931886f,-1.5879498432203896f,0.32750150626505525f,-0.2096819886984867f,1.6123002506146646f,1.020685292274519f,-0.4212639445824257f,0.15108247461253743f,0.1712595780020177f,0.5053619540028671f,1.8799077975772518f,0.7705703470484442f,0f,0f,0f,1f], start_interpolation: 0, interpolation_duration: 1 }
$data merge entity $(bone_tail_1) { transformation: [0.7805384168750973f,-1.2941851465544068f,-0.059167864758377244f,-0.18187535236231506f,1.2064054922193999f,0.7512586932126379f,-0.5175446011845812f,0.25211637119040997f,0.47223068316764966f,0.21988959118245663f,1.4199658445063488f,0.4618704608858674f,0f,0f,0f,1f], start_interpolation: 0, interpolation_duration: 1 }
$data merge entity $(bone_tail_0) { transformation: [0.9933783187781704f,-0.584799024727581f,-0.5523090919432281f,-0.03459004103359517f,0.29658387061888986f,1.0820985598676287f,-0.6123205296290083f,0.45716362744021743f,0.7477120034172254f,0.34771903024439377f,0.9766544693676089f,0.1848604049817376f,0f,0f,0f,1f], start_interpolation: 0, interpolation_duration: 1 }
$data merge entity $(bone_body_1) { transformation: [0.8426152117027016f,-0.3577500631978538f,-0.8310349525413436f,0.18271095001453294f,0.0412234416315487f,1.1496126933577808f,-0.4530958818914262f,0.48506750000000004f,0.9038278751640226f,0.2810874287634554f,0.7954178930121497f,-0.018996346176275276f,0f,0f,0f,1f], start_interpolation: 0, interpolation_duration: 1 }