# This file was generated by Animated Java via MC-Build. It is not recommended to edit this file directly.
$data merge entity $(bone_head_lower) { transformation: [0.14947029978208998f,-0.05311109227105604f,-0.9873387672733346f,0.8079583748276414f,-0.5719243756941282f,0.8099158767603337f,-0.1301490724454893f,0.9097351264883908f,0.8065737027512947f,0.5841365289462f,0.09068284060808407f,-0.6235917261885675f,0f,0f,0f,1f], start_interpolation: 0, interpolation_duration: 1 }
$data merge entity $(bone_head_upper) { transformation: [0.1555835727638859f,0.14632171666323493f,-1.0187520059868624f,0.741062208522264f,-0.595315844358195f,0.8532702193029551f,0.031637333804907984f,0.9308912750949535f,0.8395622311214466f,0.5779202632430512f,0.21122351192745575f,-0.5957928628740867f,0f,0f,0f,1f], start_interpolation: 0, interpolation_duration: 1 }
$data merge entity $(bone_neck_0) { transformation: [0.4982403997217962f,-0.35353837134527f,-0.7916862535573035f,0.6954478876777431f,-0.4508527057693127f,0.6742960393310597f,-0.5848561267892602f,0.882273974088657f,0.7405999877029128f,0.6483328399279027f,0.17656779685283996f,-0.5951386220520942f,0f,0f,0f,1f], start_interpolation: 0, interpolation_duration: 1 }
$data merge entity $(bone_neck_1) { transformation: [0.5887558965143033f,-0.27942907409064033f,-0.7584760292009806f,0.6299077181908356f,-0.19106758951771857f,0.8636448899999747f,-0.46648759920583105f,0.8467350558388023f,0.7854041447277497f,0.419567511289636f,0.455086181854265f,-0.5546539543643287f,0f,0f,0f,1f], start_interpolation: 0, interpolation_duration: 1 }
$data merge entity $(bone_neck_2) { transformation: [0.6826129990565791f,-0.2745826157000513f,-0.6772325159605826f,0.5678887351269805f,-0.05210727141903705f,0.906078400190038f,-0.419888991251645f,0.8188207048745844f,0.7289199721397719f,0.32191042211208243f,0.6041931432508773f,-0.4985703993404863f,0f,0f,0f,1f], start_interpolation: 0, interpolation_duration: 1 }
$data merge entity $(bone_body_0) { transformation: [0.7851165566342595f,-0.34787865097649334f,-0.5124182243963801f,0.3230739685384433f,0.012366748458612131f,0.8359914379978753f,-0.5486031162204659f,0.5682299768977919f,0.6192245602617239f,0.4243804422791178f,0.6606528469473624f,-0.18316443583410905f,0f,0f,0f,1f], start_interpolation: 0, interpolation_duration: 1 }
$data merge entity $(bone_leg_left_3) { transformation: [0.913852767453833f,-0.008177126623159267f,-0.40596336536337796f,-0.14816148473833096f,0.01339497113638511f,0.999860144124209f,0.01001333811329827f,0.033396482948003764f,0.4058247086677035f,-0.014588584307760652f,0.9138344921497923f,-0.4388001401824691f,0f,0f,0f,1f], start_interpolation: 0, interpolation_duration: 1 }
$data merge entity $(bone_leg_left_2) { transformation: [0.7239515330781927f,0.28416839282397177f,-0.6687336553324276f,-0.1014659875733066f,-0.4662647119587873f,0.9056945667607601f,-0.11990316769261163f,0.24008367355792848f,0.5572733580895631f,0.3886230509897405f,0.7684274384115273f,-0.32360027972984756f,0f,0f,0f,1f], start_interpolation: 0, interpolation_duration: 1 }
$data merge entity $(bone_leg_left_1) { transformation: [0.615276978311812f,0.751673505771461f,-0.23753143093226134f,0.10308436493033393f,-0.18528516674182502f,0.4307696744448375f,0.8832366016895716f,0.31395684523479855f,0.7662268899907784f,-0.4994240966352447f,0.40431661449306f,-0.4959815242340039f,0f,0f,0f,1f], start_interpolation: 0, interpolation_duration: 1 }
$data merge entity $(bone_leg_left_0) { transformation: [0.6424434311923036f,-0.45579519850663264f,-0.6160496528171729f,0.04897516019135613f,-0.2246212207297032f,0.6565837835294726f,-0.7200298899379252f,0.6042499380205841f,0.7326743785036829f,0.6009562980986407f,0.31943666486460176f,-0.2008385202379211f,0f,0f,0f,1f], start_interpolation: 0, interpolation_duration: 1 }
$data merge entity $(bone_leg_right_3) { transformation: [0.518346995739392f,0.10195541631385914f,-0.8490709540976034f,0.26613144398845806f,0.07225699426808088f,0.9840954296542298f,0.16228096657648963f,0.05740929430909497f,0.8521122688867286f,-0.14546916655403255f,0.5027359175499461f,0.3832573208972734f,0f,0f,0f,1f], start_interpolation: 0, interpolation_duration: 1 }
$data merge entity $(bone_leg_right_2) { transformation: [0.5813678371948358f,0.032482615035630595f,-0.844404237966947f,0.2467052998005834f,0.26872028152217964f,0.964631694034073f,0.22212002310527929f,0.2887111584162224f,0.8011635586287815f,-0.3471206909507069f,0.5382437902473789f,0.31773522806916316f,0f,0f,0f,1f], start_interpolation: 0, interpolation_duration: 1 }
$data merge entity $(bone_leg_right_1) { transformation: [0.6327115638753527f,0.7738164919479148f,0.02973404997352802f,0.46795092262885507f,-0.04552602302932223f,-0.0011609458296077957f,0.9989624784905159f,0.23450786276163915f,0.7730481603144391f,-0.6334087850623826f,0.03449424358146436f,0.15922414713386185f,0f,0f,0f,1f], start_interpolation: 0, interpolation_duration: 1 }
$data merge entity $(bone_leg_right_0) { transformation: [0.6288614984222954f,-0.3504973977460286f,-0.6940351503888887f,0.31371178830219404f,0.09052623804130237f,0.9195650441519712f,-0.38236779388420367f,0.6161601182733727f,0.7722293804486815f,0.17762799257731218f,0.6100082624233869f,0.08951673096153628f,0f,0f,0f,1f], start_interpolation: 0, interpolation_duration: 1 }
$data merge entity $(bone_tail_4) { transformation: [-0.16408042363128944f,-2.3934083244654f,1.3676021126631477f,-0.0055003855612931335f,2.7372596942423986f,0.020460177244887467f,0.364214331161088f,0.06112524908511183f,-0.32580410135077614f,1.3772578934705135f,2.371217770264084f,1.4530496671189206f,0f,0f,0f,1f], start_interpolation: 0, interpolation_duration: 1 }
$data merge entity $(bone_tail_3) { transformation: [0.5413419358487773f,-1.885840588522308f,0.6974953112514652f,-0.1053153843548134f,2.0106889861637165f,0.505957154915516f,-0.19256864841964116f,0.08882658768114912f,0.004922951946702387f,0.7235731878089986f,1.9525273704797323f,1.114892447337052f,0f,0f,0f,1f], start_interpolation: 0, interpolation_duration: 1 }
$data merge entity $(bone_tail_2) { transformation: [0.9781233526990908f,-1.6510565398194186f,0.36886431682530113f,-0.1735560604555289f,1.68462817902883f,0.9114873604597088f,-0.3872887361478233f,0.1622852987718199f,0.15516597671356902f,0.511836857840952f,1.8795532516076263f,0.7657241328247595f,0f,0f,0f,1f], start_interpolation: 0, interpolation_duration: 1 }
$data merge entity $(bone_tail_1) { transformation: [0.9301753190139167f,-1.1887302939303375f,0.09669753972905501f,-0.18072195569486632f,1.1321830257482597f,0.8415505477516826f,-0.5455369114792873f,0.2683100136280592f,0.3749556268478647f,0.4078838239880772f,1.4073717753401156f,0.4575292484027429f,0f,0f,0f,1f], start_interpolation: 0, interpolation_duration: 1 }
$data merge entity $(bone_tail_0) { transformation: [1.0479053741868196f,-0.5971728429461934f,-0.42321937453520564f,-0.07145826239258643f,0.30889266053602915f,1.0308618656150192f,-0.689742600447242f,0.4947453657248233f,0.6635626327645214f,0.46318908261347347f,0.9894322729375333f,0.17957171936720653f,0f,0f,0f,1f], start_interpolation: 0, interpolation_duration: 1 }
$data merge entity $(bone_body_1) { transformation: [0.8326266048239385f,-0.2981053876206244f,-0.8639853643825042f,0.14948574567863235f,0.03745886248339066f,1.178902043275333f,-0.37066346062020383f,0.5015120094646855f,0.9132000687785025f,0.22344517289270835f,0.802958581839771f,-0.022155521324164266f,0f,0f,0f,1f], start_interpolation: 0, interpolation_duration: 1 }