# This file was generated by Animated Java via MC-Build. It is not recommended to edit this file directly.
$data merge entity $(bone_head_lower) { transformation: [0.01307706671107628f,-0.2810907861504115f,-0.9595920801400866f,0.8773651062598451f,-0.540459301144076f,0.8054257076281781f,-0.24329647202231638f,0.8413586865578813f,0.8412685267695987f,0.5218020692111065f,-0.1413855241314206f,-0.5576297773330833f,0f,0f,0f,1f], start_interpolation: 0, interpolation_duration: 1 }
$data merge entity $(bone_head_upper) { transformation: [0.013611913290781505f,0.20413427212789592f,-1.0205958344726311f,0.8115959248640459f,-0.5625638613694933f,0.8601849979910338f,0.16454669153683463f,0.8718426928134347f,0.8756760589859226f,0.5494387233873189f,0.12157496265639312f,-0.5366393835079378f,0f,0f,0f,1f], start_interpolation: 0, interpolation_duration: 1 }
$data merge entity $(bone_neck_0) { transformation: [0.3564140226194468f,-0.36922442992526583f,-0.8582787221098909f,0.7619760519322506f,-0.4570753650829984f,0.7322779418296291f,-0.5048278187105046f,0.82746102796376f,0.8148933397165963f,0.5722257738481594f,0.09223073581733454f,-0.5402271808406368f,0f,0f,0f,1f], start_interpolation: 0, interpolation_duration: 1 }
$data merge entity $(bone_neck_1) { transformation: [0.45834642846008183f,-0.24133379128000332f,-0.8553809401104909f,0.68840226482035f,-0.22132912260859244f,0.9011150726319563f,-0.3728338039405961f,0.8000284358265461f,0.8607740533979853f,0.3602077554161265f,0.35960867889259596f,-0.5081041737712908f,0f,0f,0f,1f], start_interpolation: 0, interpolation_duration: 1 }
$data merge entity $(bone_neck_2) { transformation: [0.5643383628932005f,-0.2388077689682926f,-0.7902487340372076f,0.6168324715401301f,-0.09857873854011093f,0.9309038147325596f,-0.35171056285560864f,0.7783300828522894f,0.8196367759409425f,0.27638548658848777f,0.5018033661987351f,-0.4614364487124047f,0f,0f,0f,1f], start_interpolation: 0, interpolation_duration: 1 }
$data merge entity $(bone_body_0) { transformation: [0.6806995176073349f,-0.30993885910698077f,-0.6637665782069816f,0.30104921729928014f,-0.052445541811443425f,0.8831451723187596f,-0.4661588460537597f,0.5670442285006267f,0.730682989998567f,0.35212569946757905f,0.5849015813803398f,-0.18242008934422776f,0f,0f,0f,1f], start_interpolation: 0, interpolation_duration: 1 }
$data merge entity $(bone_leg_left_3) { transformation: [0.8722663040929435f,0.021372460453489242f,-0.48856392895730705f,-0.1623470230893003f,-0.000393700159099359f,0.999074904070865f,0.04300210525052034f,0.028655704026537915f,0.48903102124939f,-0.0373169397185263f,0.8714677884269864f,-0.4294414670023914f,0f,0f,0f,1f], start_interpolation: 0, interpolation_duration: 1 }
$data merge entity $(bone_leg_left_2) { transformation: [0.6859181900787397f,0.2506226837369256f,-0.7202546122145288f,-0.1251222144456054f,-0.4417266700709024f,0.9202435472158212f,-0.10045676809657646f,0.2393732894922434f,0.6216558412561348f,0.3773622711729912f,0.723328369986954f,-0.31816035960783384f,0f,0f,0f,1f], start_interpolation: 0, interpolation_duration: 1 }
$data merge entity $(bone_leg_left_1) { transformation: [0.5708101490235563f,0.7801198437552194f,-0.25610311038922906f,0.08902667607180385f,-0.14623871515545975f,0.4035145508442486f,0.9032110746922033f,0.3040050901782855f,0.8079542140253902f,-0.4781098583341451f,0.3444139245186203f,-0.48240520333209824f,0f,0f,0f,1f], start_interpolation: 0, interpolation_duration: 1 }
$data merge entity $(bone_leg_left_0) { transformation: [0.5982771890042928f,-0.46280208240312787f,-0.6541243288859162f,0.0301304001757442f,-0.18871029859414037f,0.7119986720911834f,-0.6763477760330863f,0.6166754370278501f,0.7787508127261457f,0.5280834436561328f,0.3386370449532181f,-0.212079915112514f,0f,0f,0f,1f], start_interpolation: 0, interpolation_duration: 1 }
$data merge entity $(bone_leg_right_3) { transformation: [0.5017054609900469f,0.17844166271691114f,-0.8464338151442136f,0.23208821558809828f,0.08454528221697824f,0.9636930483534519f,0.2532741672774447f,0.08581316749847148f,0.8608970470779975f,-0.19863101863016155f,0.4684036643434038f,0.37375982523819323f,0f,0f,0f,1f], start_interpolation: 0, interpolation_duration: 1 }
$data merge entity $(bone_leg_right_2) { transformation: [0.5784063156952787f,0.14562845899723753f,-0.8344463346402798f,0.23934854160307564f,0.2645848134294367f,0.928810450140485f,0.3454970675896309f,0.3125844706361906f,0.8046758415455371f,-0.41008011307622994f,0.48620293128801917f,0.2919482380063557f,0f,0f,0f,1f], start_interpolation: 0, interpolation_duration: 1 }
$data merge entity $(bone_leg_right_1) { transformation: [0.6233078270890257f,0.7802932598906244f,0.051281392910293766f,0.46102362832011806f,-0.05248845271017416f,-0.023683193315078788f,0.9983406576347035f,0.2521569020677902f,0.7802129933688937f,-0.6249652269715996f,0.026194466108085734f,0.13631388914445242f,0f,0f,0f,1f], start_interpolation: 0, interpolation_duration: 1 }
$data merge entity $(bone_leg_right_0) { transformation: [0.6106339493925428f,-0.40932881329144166f,-0.6779204248720391f,0.28449294851086926f,0.08000532756884342f,0.8835615207317818f,-0.4614305870255494f,0.6273325351151631f,0.7878612361386159f,0.22752793606843363f,0.5722811467264766f,0.08745243175684927f,0f,0f,0f,1f], start_interpolation: 0, interpolation_duration: 1 }
$data merge entity $(bone_tail_4) { transformation: [-0.6699802581608268f,-2.2654851642294154f,1.4298128394762624f,-0.001502808016497728f,2.6521569552430817f,-0.35297281749038045f,0.6834727547376327f,0.06625628662338293f,-0.3779567039099823f,1.5390414199654674f,2.261451208671145f,1.4292146450735672f,0f,0f,0f,1f], start_interpolation: 0, interpolation_duration: 1 }
$data merge entity $(bone_tail_3) { transformation: [0.39721482448066087f,-1.8886473042833627f,0.7817782737326684f,-0.11558161672631526f,2.0419745327060763f,0.33070736249548116f,-0.23857530093353763f,0.10347361015119044f,0.09222752862916364f,0.8121511721711148f,1.9151631999776118f,1.0965262027321763f,0f,0f,0f,1f], start_interpolation: 0, interpolation_duration: 1 }
$data merge entity $(bone_tail_2) { transformation: [0.9273590872918687f,-1.6854070081046473f,0.34377640298849943f,-0.17920421561545777f,1.7084808620435363f,0.8571686740020544f,-0.40636053369306435f,0.1804824392089458f,0.19968009978699594f,0.49339533474089375f,1.88028263205502f,0.7472508255197462f,0f,0f,0f,1f], start_interpolation: 0, interpolation_duration: 1 }
$data merge entity $(bone_tail_1) { transformation: [1.04243245108674f,-1.0832223746199008f,0.16619302646054562f,-0.20272173686397887f,1.0501858802293405f,0.9218427832593933f,-0.5787674402724309f,0.2927548412438552f,0.31320991665050757f,0.5142872933248492f,1.387466892591093f,0.4420975674108655f,0f,0f,0f,1f], start_interpolation: 0, interpolation_duration: 1 }
$data merge entity $(bone_tail_0) { transformation: [1.0702178999260872f,-0.5945443081492542f,-0.36740499303785773f,-0.10970487185516997f,0.30634259447596f,1.0030026460486907f,-0.7307363569804708f,0.5304972291881965f,0.6281907179126107f,0.5237733042554548f,0.9822798299170098f,0.16769215365370832f,0f,0f,0f,1f], start_interpolation: 0, interpolation_duration: 1 }
$data merge entity $(bone_body_1) { transformation: [0.7999989518865139f,-0.24138757305769115f,-0.9112290116156572f,0.11840227511120752f,0.03351777750225063f,1.2016728095221287f,-0.288900696611748f,0.5167214029106453f,0.9420630714702914f,0.16223160445721257f,0.7840935345629687f,-0.02552605956715094f,0f,0f,0f,1f], start_interpolation: 0, interpolation_duration: 1 }