# This file was generated by Animated Java via MC-Build. It is not recommended to edit this file directly.
$data merge entity $(bone_head_lower) { transformation: [-0.1542789519324166f,-0.29546804269204885f,-0.9428131526120989f,0.9483367821891469f,-0.46970227787719426f,0.8614459624834944f,-0.193107803772558f,0.7563616916265904f,0.8692397685032651f,0.41304901581848064f,-0.27168499293073695f,-0.439836341109437f,0f,0f,0f,1f], start_interpolation: 0, interpolation_duration: 1 }
$data merge entity $(bone_head_upper) { transformation: [-0.16058889678355584f,0.2556159000291516f,-0.9961644746052906f,0.8853537638103198f,-0.4889129053330891f,0.8680436981001349f,0.301556382407845f,0.7964901134122457f,0.9047913128518119f,0.5144245254888569f,-0.013857501469106267f,-0.42895950091194657f,0f,0f,0f,1f], start_interpolation: 0, interpolation_duration: 1 }
$data merge entity $(bone_neck_0) { transformation: [0.17221673606594123f,-0.38247114206069777f,-0.9077759752877247f,0.832807843404457f,-0.42125203293000896f,0.8044338334438575f,-0.4188471467769052f,0.7564853191961598f,0.8904426542855685f,0.45453496356342643f,-0.02257977695341712f,-0.4380852306211934f,0f,0f,0f,1f], start_interpolation: 0, interpolation_duration: 1 }
$data merge entity $(bone_neck_1) { transformation: [0.2797892517474865f,-0.20030015471976598f,-0.9389344080529904f,0.7523450177529885f,-0.21100073426950522f,0.9412527984500592f,-0.2636699822650686f,0.7384852450156509f,0.9365877773835782f,0.2718878765763008f,0.2210889364634036f,-0.4181035424490496f,0f,0f,0f,1f], start_interpolation: 0, interpolation_duration: 1 }
$data merge entity $(bone_neck_2) { transformation: [0.3929860121915622f,-0.20775710287228644f,-0.8957672579570475f,0.6718350158162074f,-0.10582348741283493f,0.9574520712963694f,-0.2684900755746421f,0.7243375549052815f,0.9134349367817933f,0.20030605926033704f,0.3542796902025791f,-0.3851048629781814f,0f,0f,0f,1f], start_interpolation: 0, interpolation_duration: 1 }
$data merge entity $(bone_body_0) { transformation: [0.5183764128759359f,-0.2665898483162932f,-0.812536612928041f,0.28634995561299714f,-0.0798459033871154f,0.9309260473915744f,-0.35637245404239015f,0.5652487879707696f,0.8514167759013047f,0.24961279426863492f,0.4612839978269694f,-0.16532557073592105f,0f,0f,0f,1f], start_interpolation: 0, interpolation_duration: 1 }
$data merge entity $(bone_leg_left_3) { transformation: [0.7660836923325478f,0.05853582236048305f,-0.6400697882596185f,-0.1469396656883665f,-0.010198764128598773f,0.9968259832913311f,0.07895533069730121f,0.0247466659374439f,0.6426599112690783f,-0.05395847047362386f,0.7642491229381734f,-0.43875817999290645f,0f,0f,0f,1f], start_interpolation: 0, interpolation_duration: 1 }
$data merge entity $(bone_leg_left_2) { transformation: [0.5804235912764267f,0.18148217335138925f,-0.8259751055244503f,-0.12926230843725045f,-0.40915350373357123f,0.9370116063615094f,-0.08163859030544697f,0.24000496092968915f,0.7401108461392877f,0.3756802760329244f,0.602629625165829f,-0.3314155065416478f,0f,0f,0f,1f], start_interpolation: 0, interpolation_duration: 1 }
$data merge entity $(bone_leg_left_1) { transformation: [0.4468062452870523f,0.8447327995529677f,-0.29460257387180555f,0.10695138543101841f,-0.09877628567679735f,0.37386788477731137f,0.9222071622580443f,0.2946299637074091f,0.8891610790854388f,-0.38294817154746297f,0.2504860741599675f,-0.4664435982870602f,0f,0f,0f,1f], start_interpolation: 0, interpolation_duration: 1 }
$data merge entity $(bone_leg_left_0) { transformation: [0.4761126125941987f,-0.49892407436644487f,-0.7241488439169899f,0.025368112227226056f,-0.14439241099758024f,0.767942172492254f,-0.6240317711095991f,0.6301597872813643f,0.8674489101814771f,0.40167099437906073f,0.2935861040640448f,-0.2317710911835672f,0f,0f,0f,1f], start_interpolation: 0, interpolation_duration: 1 }
$data merge entity $(bone_leg_right_3) { transformation: [0.4038034650979648f,0.27585216239793786f,-0.8722662128474649f,0.15517084597771671f,0.0982802520941225f,0.9348590489202478f,0.3411444718887382f,0.12104209777064248f,0.909551402408458f,-0.22348186313952206f,0.3503885032710059f,0.37006945847222916f,0f,0f,0f,1f], start_interpolation: 0, interpolation_duration: 1 }
$data merge entity $(bone_leg_right_2) { transformation: [0.4989038142755847f,0.2988101070058237f,-0.8449081036143137f,0.19793761466721788f,0.2596745423165675f,0.877324881714804f,0.4636080062913941f,0.339469964390402f,0.8577449012816389f,-0.43940388183989476f,0.35108419567117805f,0.2771644389855787f,0f,0f,0f,1f], start_interpolation: 0, interpolation_duration: 1 }
$data merge entity $(bone_leg_right_1) { transformation: [0.5382127793835287f,0.8395966944931282f,0.07351458837856883f,0.43284970496081515f,-0.06113122041743257f,-0.048106690281966735f,0.9969697689701484f,0.27230787560369396f,0.8405890660712476f,-0.5410759068248453f,0.02543393510920733f,0.14556295980139602f,0f,0f,0f,1f], start_interpolation: 0, interpolation_duration: 1 }
$data merge entity $(bone_leg_right_0) { transformation: [0.5163915846447367f,-0.48485630364117394f,-0.7058711611388551f,0.2398979322835747f,0.06644077526531246f,0.8444758095044749f,-0.5314567061801987f,0.6394149786969827f,0.8537712543124428f,0.22754114349097324f,0.4682944301703559f,0.09750812816484677f,0f,0f,0f,1f], start_interpolation: 0, interpolation_duration: 1 }
$data merge entity $(bone_tail_4) { transformation: [-0.29774147518472854f,-2.4382974415576295f,1.261632645443333f,-0.26144788460928226f,2.7371134832126187f,-0.16534740708505202f,0.3263914009068519f,0.048902163215248956f,-0.21265259361340677f,1.285701035647001f,2.434627908524364f,1.3912657494406244f,0f,0f,0f,1f], start_interpolation: 0, interpolation_duration: 1 }
$data merge entity $(bone_tail_3) { transformation: [0.6376976927890288f,-1.923064597196339f,0.4807387374302991f,-0.32414471238469733f,1.9515577243376476f,0.5205695844699096f,-0.5063351482440591f,0.12966371111938693f,0.34743291040725766f,0.6056198384955316f,1.961749349440706f,1.0526990889411103f,0f,0f,0f,1f], start_interpolation: 0, interpolation_duration: 1 }
$data merge entity $(bone_tail_2) { transformation: [1.0505432278857882f,-1.64764507375447f,-0.01996277232035112f,-0.3200489195812417f,1.5867662528255209f,1.0179602906180554f,-0.5144935185419125f,0.22672248545419735f,0.44419101773915026f,0.2603774810927571f,1.8851185061163729f,0.7026500884067907f,0f,0f,0f,1f], start_interpolation: 0, interpolation_duration: 1 }
$data merge entity $(bone_tail_1) { transformation: [1.1385832059017662f,-0.9938913745438974f,-0.05885973874984236f,-0.2963214355970003f,0.888777925003197f,1.054908348593726f,-0.620401826314422f,0.3464817584026736f,0.448729688415497f,0.43244024058186437f,1.378148524310798f,0.40037306307165527f,0f,0f,0f,1f], start_interpolation: 0, interpolation_duration: 1 }
$data merge entity $(bone_tail_0) { transformation: [1.0202925083341012f,-0.5925463853936052f,-0.49165810801644383f,-0.16694670904528874f,0.2772545738126066f,1.0441929891436048f,-0.683100738769445f,0.5712979079040147f,0.7183096931834664f,0.4386177141479181f,0.9620194395636489f,0.12983325019036823f,0f,0f,0f,1f], start_interpolation: 0, interpolation_duration: 1 }
$data merge entity $(bone_body_1) { transformation: [0.6747205212276989f,-0.1777826141520479f,-1.0206616262972448f,0.08231774257327266f,0.029108622635156182f,1.2208003000269312f,-0.19340090640606866f,0.5340313459189905f,1.03562034615913f,0.08151419885927183f,0.670410716696731f,-0.03151841024157604f,0f,0f,0f,1f], start_interpolation: 0, interpolation_duration: 1 }