# This file was generated by Animated Java via MC-Build. It is not recommended to edit this file directly.
$data merge entity $(bone_head_lower) { transformation: [-0.23346974261330772f,-0.23977266707341852f,-0.9423380218417252f,0.9735785791285787f,-0.42325591885249664f,0.8975516640465855f,-0.12351290427940781f,0.7130819114709251f,0.8754120780754653f,0.3700136193327279f,-0.31103635650497596f,-0.36838060605824663f,0f,0f,0f,1f], start_interpolation: 0, interpolation_duration: 1 }
$data merge entity $(bone_head_upper) { transformation: [-0.2430185578071326f,0.28556418353908203f,-0.9710133985813514f,0.9129763019353945f,-0.44056690957693095f,0.8691963945379265f,0.36588299836369625f,0.7576857321641344f,0.9112160673137194f,0.4964097776891928f,-0.08206432761798776f,-0.36260828673536016f,0f,0f,0f,1f], start_interpolation: 0, interpolation_duration: 1 }
$data merge entity $(bone_neck_0) { transformation: [0.08010923294524305f,-0.37776374917554184f,-0.9224299759904615f,0.8594361787918995f,-0.3895225190354799f,0.8399564056534835f,-0.3778166801054906f,0.7197471943041848f,0.9175264126776835f,0.3895738523188108f,-0.0798592238148004f,-0.37439212367947367f,0f,0f,0f,1f], start_interpolation: 0, interpolation_duration: 1 }
$data merge entity $(bone_neck_1) { transformation: [0.18882961121164474f,-0.1736458319167073f,-0.966535308712317f,0.7767579877261281f,-0.19195707333367218f,0.9587279930080191f,-0.20974536328602492f,0.7063957491487541f,0.9630658647916197f,0.22513942453681896f,0.14770368848610266f,-0.36084249346737635f,0f,0f,0f,1f], start_interpolation: 0, interpolation_duration: 1 }
$data merge entity $(bone_neck_2) { transformation: [0.30287160446607647f,-0.18957968842319795f,-0.9339851888255551f,0.6930777766591248f,-0.09517543274816187f,0.9690992260463965f,-0.22757048815141934f,0.6959469547180392f,0.948267065867704f,0.15781708340239448f,0.27546930859356533f,-0.335164188132579f,0f,0f,0f,1f], start_interpolation: 0, interpolation_duration: 1 }
$data merge entity $(bone_body_0) { transformation: [0.4291264587512144f,-0.23819870966522166f,-0.8712702549229291f,0.28018223231945605f,-0.07846144903829116f,0.9511241711269469f,-0.298674759751958f,0.5642433071124885f,0.899830141423621f,0.19653036867594179f,0.3894631314690062f,-0.14973947733338022f,0f,0f,0f,1f], start_interpolation: 0, interpolation_duration: 1 }
$data merge entity $(bone_leg_left_3) { transformation: [0.6818016682115311f,0.07997749224441032f,-0.7271520377185698f,-0.12931221600852827f,-0.013200461279292332f,0.9951889441637239f,0.09708096227534123f,0.023564874059156554f,0.7314179605711002f,-0.05659121971284575f,0.6795772221060864f,-0.4463891112941383f,0f,0f,0f,1f], start_interpolation: 0, interpolation_duration: 1 }
$data merge entity $(bone_leg_left_2) { transformation: [0.49779221584867384f,0.1371410224917126f,-0.8862603733052093f,-0.12396199396402516f,-0.390377902137196f,0.9457001993057366f,-0.07292753976891189f,0.24114680599157515f,0.8073847923166027f,0.37270051312509894f,0.5111617397192973f,-0.34246341626809335f,0f,0f,0f,1f], start_interpolation: 0, interpolation_duration: 1 }
$data merge entity $(bone_leg_left_1) { transformation: [0.3539213111092187f,0.8816984693703216f,-0.31200563240551205f,0.1250669716968307f,-0.07290171913207764f,0.35858943843146196f,0.9306443756843944f,0.2906583460236507f,0.932429646080775f,-0.30662913063738806f,0.19118977837279943f,-0.4544748769553911f,0f,0f,0f,1f], start_interpolation: 0, interpolation_duration: 1 }
$data merge entity $(bone_leg_left_0) { transformation: [0.38405591302253145f,-0.5164165019985536f,-0.7653855578308282f,0.029268578864690004f,-0.11997395755755572f,0.7940188810960038f,-0.5959364613539165f,0.6369788700139414f,0.9154820070216605f,0.32069925619905676f,0.24299111484365865f,-0.2418906791458586f,0f,0f,0f,1f], start_interpolation: 0, interpolation_duration: 1 }
$data merge entity $(bone_leg_right_3) { transformation: [0.3229953129478984f,0.3273102783057168f,-0.8879988792386643f,0.10236666444299174f,0.1051945726757913f,0.9200600082039614f,0.377390624132721f,0.13861927285924913f,0.9405360863322827f,-0.21530806538344366f,0.2627438054219201f,0.3673802420485182f,0f,0f,0f,1f], start_interpolation: 0, interpolation_duration: 1 }
$data merge entity $(bone_leg_right_2) { transformation: [0.42821495431643436f,0.38283980883044066f,-0.8497810501388816f,0.16467970391039033f,0.256925228125015f,0.8504585661014618f,0.5126127719811997f,0.35230337230265063f,0.8959261016140659f,-0.4268677870488848f,0.259157311931006f,0.27449718211069873f,0f,0f,0f,1f], start_interpolation: 0, interpolation_duration: 1 }
$data merge entity $(bone_leg_right_1) { transformation: [0.46479224368389227f,0.8814464512275086f,0.08378737273435066f,0.4089540194882384f,-0.06622442840663281f,-0.05975720370113918f,0.9960137557724973f,0.2819254720330918f,0.8829396894995196f,-0.4684882391525449f,0.030598602619068827f,0.1631850284059591f,0f,0f,0f,1f], start_interpolation: 0, interpolation_duration: 1 }
$data merge entity $(bone_leg_right_0) { transformation: [0.4386579916515988f,-0.5234762426966413f,-0.7304462948721099f,0.21187789517904762f,0.05869512812028557f,0.8277763128447183f,-0.557979621337685f,0.6455355710289753f,0.8967352163794667f,0.2018885812160021f,0.39383620006223463f,0.106123870864902f,0f,0f,0f,1f], start_interpolation: 0, interpolation_duration: 1 }
$data merge entity $(bone_tail_4) { transformation: [0.20801434626852966f,-2.583743510587492f,0.9521873948144355f,-0.5291613530705082f,2.7444791246093057f,0.2722517545790644f,0.1391928457657385f,0.1571246847048022f,-0.22411090542456916f,0.935847095003049f,2.5883635464215864f,1.3654278460229343f,0f,0f,0f,1f], start_interpolation: 0, interpolation_duration: 1 }
$data merge entity $(bone_tail_3) { transformation: [0.8699613302951985f,-1.8887485749109445f,0.1083588049367902f,-0.5290521144888611f,1.8457218173244139f,0.8211765737526403f,-0.504901509026249f,0.23470146499065797f,0.41523942838815003f,0.3069908492711062f,2.017245240822278f,1.0203734522497525f,0f,0f,0f,1f], start_interpolation: 0, interpolation_duration: 1 }
$data merge entity $(bone_tail_2) { transformation: [1.16862712562158f,-1.5233786114180803f,-0.36387102459270154f,-0.46090764261863615f,1.4680094552963774f,1.2236138637082628f,-0.40803336469478524f,0.3119306509904372f,0.5459237633815316f,-0.02933587935677545f,1.8761344636673796f,0.6720008532232502f,0f,0f,0f,1f], start_interpolation: 0, interpolation_duration: 1 }
$data merge entity $(bone_tail_1) { transformation: [1.1639485935988458f,-0.9097676276748712f,-0.32434978818261373f,-0.38110222135496225f,0.783397019289599f,1.1863368133154917f,-0.5162851203943573f,0.40777927120577107f,0.5649504682956206f,0.22931218678317383f,1.3841615293618292f,0.370801892835648f,0f,0f,0f,1f], start_interpolation: 0, interpolation_duration: 1 }
$data merge entity $(bone_tail_0) { transformation: [0.952071602041984f,-0.5293510978659702f,-0.6687172768497386f,-0.19846167557163646f,0.2504978193488976f,1.1315720258976163f,-0.5391023180171268f,0.5926243471375693f,0.8152583784731592f,0.27049562284459305f,0.946584180585783f,0.10071553583011932f,0f,0f,0f,1f], start_interpolation: 0, interpolation_duration: 1 }
$data merge entity $(bone_body_1) { transformation: [0.5743269306443951f,-0.13891585387759758f,-1.0860274201576572f,0.06338145536831824f,0.026911791411267854f,1.227796151815325f,-0.1428179264895194f,0.5431267306126604f,1.094545077772439f,0.04270351490436484f,0.5733690588052236f,-0.03546112349498691f,0f,0f,0f,1f], start_interpolation: 0, interpolation_duration: 1 }