# This file was generated by Animated Java via MC-Build. It is not recommended to edit this file directly.
$data merge entity $(bone_head_lower) { transformation: [-0.3277089571018409f,-0.16065043331641865f,-0.931020020037416f,0.994877394139696f,-0.3714753678558944f,0.9279781461848241f,-0.02937024480159106f,0.6665781200673242f,0.8686845748092638f,0.33622611213084624f,-0.36378442931195365f,-0.272929984387894f,0f,0f,0f,1f], start_interpolation: 0, interpolation_duration: 1 }
$data merge entity $(bone_head_upper) { transformation: [-0.3411121169019074f,0.31428669891233085f,-0.9318467348083569f,0.9375896690057297f,-0.38666855561979724f,0.8640096693491657f,0.4329511080359451f,0.7157057045962374f,0.9042134119670565f,0.48804006468879446f,-0.16639394057764845f,-0.2731612399315803f,0f,0f,0f,1f], start_interpolation: 0, interpolation_duration: 1 }
$data merge entity $(bone_neck_0) { transformation: [-0.030407438839286996f,-0.3653950200576452f,-0.9303557744112239f,0.883371991910096f,-0.35268369083032236f,0.8748412265559832f,-0.3320648167757686f,0.6801474184052808f,0.9352484172055766f,0.31802406769786506f,-0.15547054537553776f,-0.288678585961508f,0f,0f,0f,1f], start_interpolation: 0, interpolation_duration: 1 }
$data merge entity $(bone_neck_1) { transformation: [0.07894839522801052f,-0.13984064028969834f,-0.9870216543796235f,0.7991140747751936f,-0.16842119863563004f,0.9740080360755398f,-0.15146829869780662f,0.6718031987553517f,0.9825484470198196f,0.17819354922004757f,0.053344243131785166f,-0.28333871301799163f,0f,0f,0f,1f], start_interpolation: 0, interpolation_duration: 1 }
$data merge entity $(bone_neck_2) { transformation: [0.19298739970457576f,-0.1644854647120824f,-0.9673160783599725f,0.7127595159373254f,-0.08033856653019764f,0.9798898189046342f,-0.18265173838459997f,0.665395270343036f,0.9779067329163549f,0.11296227115941695f,0.17589186169737098f,-0.266823295508269f,0f,0f,0f,1f], start_interpolation: 0, interpolation_duration: 1 }
$data merge entity $(bone_body_0) { transformation: [0.31860799632420606f,-0.20197846357433072f,-0.926117511404696f,0.27435970841433505f,-0.07268427022901516f,0.9689516350649816f,-0.23632546575892815f,0.5632464400648876f,0.9450957314153683f,0.14260935858859886f,0.2940350817562392f,-0.12688713170585544f,0f,0f,0f,1f], start_interpolation: 0, interpolation_duration: 1 }
$data merge entity $(bone_leg_left_3) { transformation: [0.5651513001012428f,0.10316854979700936f,-0.8185110007364942f,-0.1010973263437732f,-0.015006644102444977f,0.9932712768793013f,0.11483453818144485f,0.023099544949495093f,0.8248507796120809f,-0.05261578526778071f,0.5628967671909274f,-0.4555060315697541f,0f,0f,0f,1f], start_interpolation: 0, interpolation_duration: 1 }
$data merge entity $(bone_leg_left_2) { transformation: [0.3839704109079938f,0.08472514549010884f,-0.9473386790211412f,-0.11002934302496908f,-0.3704599578396183f,0.954264900643729f,-0.06480832151488904f,0.24295971680579226f,0.8760070448833781f,0.3664182700436604f,0.3878292255537178f,-0.3567497863224688f,0f,0f,0f,1f], start_interpolation: 0, interpolation_duration: 1 }
$data merge entity $(bone_leg_left_1) { transformation: [0.23010216158065064f,0.9175360822646355f,-0.3243154837166682f,0.15185438623530012f,-0.04631631771421931f,0.34320563940657445f,0.9381176300405619f,0.2873661411150656f,0.972063677929233f,-0.2008417955057885f,0.12146925219455099f,-0.43711375516774464f,0f,0f,0f,1f], start_interpolation: 0, interpolation_duration: 1 }
$data merge entity $(bone_leg_left_0) { transformation: [0.2607650448269917f,-0.5296902937232073f,-0.8071120022226155f,0.03990534198136925f,-0.094718549662575f,0.8179658155164016f,-0.5674154747593746f,0.64370381160683f,0.9607444965994837f,0.2244105999769402f,0.1631253961582758f,-0.25057112024589295f,0f,0f,0f,1f], start_interpolation: 0, interpolation_duration: 1 }
$data merge entity $(bone_leg_right_3) { transformation: [0.2094826466061015f,0.3772483409764088f,-0.9021090344306785f,0.0365792405052395f,0.11191635615385156f,0.9072656538566499f,0.4053933430106007f,0.15428631809263382f,0.9713865090663691f,-0.18588362639730674f,0.14783615065754088f,0.3611259121252377f,0f,0f,0f,1f], start_interpolation: 0, interpolation_duration: 1 }
$data merge entity $(bone_leg_right_2) { transformation: [0.32497647493958887f,0.4688083671661082f,-0.852450118840734f,0.11900910185711028f,0.2539826958090917f,0.8267003779160326f,0.5514720980101631f,0.363637910576441f,0.9391194175748254f,-0.38580746432544805f,0.14584073335451606f,0.2742449547869293f,0f,0f,0f,1f], start_interpolation: 0, interpolation_duration: 1 }
$data merge entity $(bone_leg_right_1) { transformation: [0.35888298678517055f,0.9288715351488976f,0.09165518526676936f,0.37364080238568115f,-0.07191845251250578f,-0.07038607757736831f,0.994923884662279f,0.2903168800548552f,0.9306077250831102f,-0.3636529544406363f,0.041542637641765634f,0.19178217997946495f,0f,0f,0f,1f], start_interpolation: 0, interpolation_duration: 1 }
$data merge entity $(bone_leg_right_0) { transformation: [0.32897653026797646f,-0.5585534878058043f,-0.7614410310672878f,0.1780686573528497f,0.05046249678099773f,0.8155682696433859f,-0.5764563591196832f,0.6515950808179276f,0.9429888540971579f,0.1512163972949514f,0.29648882312435404f,0.11737199045472713f,0f,0f,0f,1f], start_interpolation: 0, interpolation_duration: 1 }
$data merge entity $(bone_tail_4) { transformation: [0.902043680079843f,-2.5880195151452137f,0.33783652859859215f,-0.8966695328986192f,2.608850661134449f,0.9045678883435835f,-0.036283534502345345f,0.36166887704508327f,-0.0766600203911123f,0.33101851338734006f,2.7404764762114757f,1.2531701792522836f,0f,0f,0f,1f], start_interpolation: 0, interpolation_duration: 1 }
$data merge entity $(bone_tail_3) { transformation: [1.1329375460276239f,-1.683183011987681f,-0.46828729536623953f,-0.8007940455743989f,1.6431898620401f,1.2161792802423648f,-0.39595525207054233f,0.41690698657975267f,0.5935698106659292f,-0.15410526438018635f,1.9899427060598427f,0.9172574738954531f,0f,0f,0f,1f], start_interpolation: 0, interpolation_duration: 1 }
$data merge entity $(bone_tail_2) { transformation: [1.2761487275847954f,-1.2163100594286356f,-0.8430943834584553f,-0.6434104238195761f,1.2816781238926638f,1.4649258298037684f,-0.17339946629531494f,0.4504378824474648f,0.7399455972039198f,-0.43972267113400815f,1.754394015229214f,0.5915619740880653f,0f,0f,0f,1f], start_interpolation: 0, interpolation_duration: 1 }
$data merge entity $(bone_tail_1) { transformation: [1.1404507019994838f,-0.7073903845176345f,-0.6975867617729553f,-0.48573997355826354f,0.6415464728758292f,1.3352639202915952f,-0.30519606207830574f,0.4991775324327365f,0.7585819464299607f,-0.06576744680702738f,1.3068604835601303f,0.3104193899202871f,0f,0f,0f,1f], start_interpolation: 0, interpolation_duration: 1 }
$data merge entity $(bone_tail_0) { transformation: [0.8268455623047315f,-0.36334611230630715f,-0.9045118768445732f,-0.23018876926657467f,0.21895758979894245f,1.2250166501359223f,-0.29193748875954517f,0.6140502858502234f,0.9498524656758216f,0.03390466259504563f,0.854673319981328f,0.06148216126990222f,0f,0f,0f,1f], start_interpolation: 0, interpolation_duration: 1 }
$data merge entity $(bone_body_1) { transformation: [0.4345392362586541f,-0.09453830987462751f,-1.153621582311134f,0.04437991501708159f,0.024818933208732172f,1.2327144826711878f,-0.09167125952738187f,0.5523305012212498f,1.1572226526310208f,0.009061304266219738f,0.4351530995625206f,-0.04029518200022944f,0f,0f,0f,1f], start_interpolation: 0, interpolation_duration: 1 }