# This file was generated by Animated Java via MC-Build. It is not recommended to edit this file directly.
$data merge entity $(bone_head_lower) { transformation: [-0.42973913030000455f,-0.06307499290113067f,-0.9007473703317248f,1.0041702107798245f,-0.3173390203877072f,0.9444713643481957f,0.08526305217166619f,0.6180918710376736f,0.8453521313797969f,0.3224831580048488f,-0.4258924591664588f,-0.15850335166047802f,0f,0f,0f,1f], start_interpolation: 0, interpolation_duration: 1 }
$data merge entity $(bone_head_upper) { transformation: [-0.4473152816713038f,0.3425236279181266f,-0.8752477053295447f,0.9513853579037904f,-0.3303180540969727f,0.8501912152164587f,0.5015344686956801f,0.6716546148383493f,0.879926681323176f,0.49327923579862293f,-0.25666432087264307f,-0.16484750449560812f,0f,0f,0f,1f], start_interpolation: 0, interpolation_duration: 1 }
$data merge entity $(bone_neck_0) { transformation: [-0.15257953587175757f,-0.3407671690669364f,-0.9276837940372056f,0.8969801767291578f,-0.31352589982120327f,0.9068775080140906f,-0.2815576239412777f,0.6388295566597448f,0.9372411618012001f,0.24789296469294775f,-0.24521028257656144f,-0.18502987480297078f,0f,0f,0f,1f], start_interpolation: 0, interpolation_duration: 1 }
$data merge entity $(bone_neck_1) { transformation: [-0.043249709643817955f,-0.09695029470307714f,-0.9943490850665633f,0.8122991205033682f,-0.1430872896819577f,0.985620819392201f,-0.08987562468276858f,0.6357565435438778f,0.988764628284809f,0.13839162090832244f,-0.056500169160545045f,-0.18917862779701713f,0f,0f,0f,1f], start_interpolation: 0, interpolation_duration: 1 }
$data merge entity $(bone_neck_2) { transformation: [0.06941636816054136f,-0.13023668504091024f,-0.9890499348874933f,0.7243758297882333f,-0.06386704820793335f,0.9888274041031131f,-0.13468988472748905f,0.6336379377709114f,0.9955412437386034f,0.07251738249725712f,0.06032297448850482f,-0.18318389231150323f,0f,0f,0f,1f], start_interpolation: 0, interpolation_duration: 1 }
$data merge entity $(bone_body_0) { transformation: [0.19209159150004537f,-0.15606119825868286f,-0.968888911523423f,0.26625544113075056f,-0.06473187732866437f,0.9831100108792666f,-0.17118554426841975f,0.5623241844441347f,0.9792398095116875f,0.09560130180615958f,0.17874503226797978f,-0.09803130699614443f,0f,0f,0f,1f], start_interpolation: 0, interpolation_duration: 1 }
$data merge entity $(bone_leg_left_3) { transformation: [0.4198743847349621f,0.12632456162507455f,-0.8987477989812654f,-0.06562159547121238f,-0.015813500839821863f,0.9911339167237684f,0.13192229648922765f,0.023449500392944217f,0.9074444524237424f,-0.04117844399725939f,0.41814937703569366f,-0.4617871469636999f,0f,0f,0f,1f], start_interpolation: 0, interpolation_duration: 1 }
$data merge entity $(bone_leg_left_2) { transformation: [0.2439922153693165f,0.029420281596439175f,-0.9958235011138535f,-0.0891606529325836f,-0.3499090197043531f,0.9624670272484197f,-0.05729833234766272f,0.24548555063451655f,0.9327881197085466f,0.35334666828918987f,0.23898672607535656f,-0.37058968409894755f,0f,0f,0f,1f], start_interpolation: 0, interpolation_duration: 1 }
$data merge entity $(bone_leg_left_1) { transformation: [0.08326767497425175f,0.9419599721178582f,-0.3252351537458791f,0.18233136037615558f,-0.019636508714160505f,0.3278561322304636f,0.944523564599846f,0.28485090169825317f,0.9963337301476353f,-0.07226179825193929f,0.04579662305776425f,-0.41249244659692297f,0f,0f,0f,1f], start_interpolation: 0, interpolation_duration: 1 }
$data merge entity $(bone_leg_left_0) { transformation: [0.11368981846048878f,-0.5303549635396781f,-0.8401179904199454f,0.05570697500941649f,-0.06921711830485355f,0.8393177920741086f,-0.539216685982004f,0.6502416893464174f,0.9911022226349776f,0.1194539934730936f,0.058712245156671436f,-0.25512943983611264f,0f,0f,0f,1f], start_interpolation: 0, interpolation_duration: 1 }
$data merge entity $(bone_leg_right_3) { transformation: [0.06995746679213465f,0.4173721296435942f,-0.906038883402251f,-0.03787743411523101f,0.11829637276640052f,0.8983841070867471f,0.4229798627881247f,0.166537235032639f,0.9905109393794398f,-0.1367717131965478f,0.01347506730747747f,0.3476576512326247f,0f,0f,0f,1f], start_interpolation: 0, interpolation_duration: 1 }
$data merge entity $(bone_leg_right_2) { transformation: [0.19440224125466743f,0.5447382610347603f,-0.8470715406981169f,0.06262036743894545f,0.2508878876312826f,0.8093153603347052f,0.5780364303976986f,0.37266216323428347f,0.9753590292480864f,-0.3167508074051677f,0.020146701295728202f,0.2729329704192556f,0f,0f,0f,1f], start_interpolation: 0, interpolation_duration: 1 }
$data merge entity $(bone_leg_right_1) { transformation: [0.2255795882269168f,0.9695469397594831f,0.09535502597344059f,0.32545125812022735f,-0.07824750939301262f,-0.07953059702263282f,0.9937566157822618f,0.2967927129863539f,0.971077327842209f,-0.23163250147646466f,0.057924153947990456f,0.22627319028125473f,0f,0f,0f,1f], start_interpolation: 0, interpolation_duration: 1 }
$data merge entity $(bone_leg_right_0) { transformation: [0.19315628133914087f,-0.581191884156114f,-0.7905103698056721f,0.1391495531209105f,0.0418927249739229f,0.8098334438169809f,-0.5851621936435984f,0.6575243996628278f,0.9802732530134105f,0.07991111979314858f,0.18077212827178618f,0.12895102679139558f,0f,0f,0f,1f], start_interpolation: 0, interpolation_duration: 1 }
$data merge entity $(bone_tail_4) { transformation: [1.4521076187656794f,-2.2819198405069927f,-0.5566746236565879f,-1.2529725916555614f,2.3045977341711295f,1.5105902749937048f,-0.1805758465236647f,0.6027702494194793f,0.45373348870891433f,-0.3696216906446093f,2.6987343438413975f,0.9969774619739251f,0f,0f,0f,1f], start_interpolation: 0, interpolation_duration: 1 }
$data merge entity $(bone_tail_3) { transformation: [1.2390669339652403f,-1.2506957565830645f,-1.1119436962650295f,-1.052188991823879f,1.3684888439360459f,1.5535985928057452f,-0.22252016200568425f,0.6252982639524246f,0.963274074820353f,-0.5983619832021134f,1.7464282177867694f,0.7067032157263466f,0f,0f,0f,1f], start_interpolation: 0, interpolation_duration: 1 }
$data merge entity $(bone_tail_2) { transformation: [1.2499099946094094f,-0.7311760539671113f,-1.3122044270933415f,-0.8075028006186433f,1.0667306784047508f,1.6339209791397722f,0.10564927202704456f,0.6068358799165091f,1.057631571072092f,-0.7838735146914891f,1.4442062345245457f,0.43882396647712635f,0f,0f,0f,1f], start_interpolation: 0, interpolation_duration: 1 }
$data merge entity $(bone_tail_1) { transformation: [1.0071958806789494f,-0.39457711734237444f,-1.05712894502664f,-0.5761593950672671f,0.5021623038304931f,1.4256946691269656f,-0.05370270975103599f,0.6004847076327283f,1.0104680739909633f,-0.31521398904987474f,1.080393753477064f,0.20922307728603165f,0f,0f,0f,1f], start_interpolation: 0, interpolation_duration: 1 }
$data merge entity $(bone_tail_0) { transformation: [0.6450683891879899f,-0.1078499547769942f,-1.0982216885078528f,-0.257836104165022f,0.18695054777889358f,1.264388806487355f,-0.014358109161074781f,0.6351924350546194f,1.0875532090613365f,-0.15337877906708614f,0.6538644233908943f,0.01444739238888243f,0f,0f,0f,1f], start_interpolation: 0, interpolation_duration: 1 }
$data merge entity $(bone_body_1) { transformation: [0.26243633533642213f,-0.04492149708632187f,-1.2073582003908212f,0.02588354664531849f,0.02290494673117317f,1.2354755627010028f,-0.040988930702479665f,0.5615037405861999f,1.207976460187317f,-0.013667045196901033f,0.2630792248832179f,-0.04579426976140648f,0f,0f,0f,1f], start_interpolation: 0, interpolation_duration: 1 }