# This file was generated by Animated Java via MC-Build. It is not recommended to edit this file directly.
$data merge entity $(bone_head_lower) { transformation: [-0.6258692111261142f,0.143214927487855f,-0.7666662997086962f,0.9664714206787439f,-0.21329656835686234f,0.9140912968853663f,0.3448792178221456f,0.5212228715906643f,0.750194844351494f,0.3793765747948561f,-0.5415543463082546f,0.09456546592154692f,0f,0f,0f,1f], start_interpolation: 0, interpolation_duration: 1 }
$data merge entity $(bone_head_upper) { transformation: [-0.6514670010823344f,0.388490272391771f,-0.7128379881440557f,0.9258514601519731f,-0.22202030912908788f,0.793876905757657f,0.6355614710021205f,0.5827941796171092f,0.780877500904285f,0.5498242531437866f,-0.4139994707965979f,0.07861399807331801f,0f,0f,0f,1f], start_interpolation: 0, interpolation_duration: 1 }
$data merge entity $(bone_neck_0) { transformation: [-0.39912283789558356f,-0.25569579021489397f,-0.8805229259573863f,0.8731945854508716f,-0.23790817982396903f,0.9563183680969645f,-0.16986723290029876f,0.5563642797061659f,0.8854945839715916f,0.14168571454716f,-0.4425206210452107f,0.047413834745109185f,0f,0f,0f,1f], start_interpolation: 0, interpolation_duration: 1 }
$data merge entity $(bone_neck_1) { transformation: [-0.29343820560115097f,0.007291894053746327f,-0.9559502328964024f,0.7922466467221585f,-0.09544091366809682f,0.994751513896139f,0.03688438151220812f,0.5640715668083375f,0.9512018983852881f,0.10206005037451321f,-0.291202154225851f,0.02321536814847449f,0f,0f,0f,1f], start_interpolation: 0, interpolation_duration: 1 }
$data merge entity $(bone_neck_2) { transformation: [-0.18888906153647878f,-0.040478791622107164f,-0.9811637935944654f,0.7058930270056061f,-0.03364134502743672f,0.9988303189414215f,-0.03473116566029742f,0.5708080293041389f,0.9814220205072911f,0.026447332421098556f,-0.19002988257427994f,0.006826261124833567f,0f,0f,0f,1f], start_interpolation: 0, interpolation_duration: 1 }
$data merge entity $(bone_body_0) { transformation: [-0.0797654582354515f,-0.04485955445767253f,-0.9958037417314457f,0.23614711446095485f,-0.048791922695352444f,0.9979651095309441f,-0.04104861067784659f,0.560968838148629f,0.9956188125744609f,0.04531291794565632f,-0.08179192817797504f,-0.031290305721135586f,0f,0f,0f,1f], start_interpolation: 0, interpolation_duration: 1 }
$data merge entity $(bone_leg_left_3) { transformation: [0.08236021090485551f,0.16392445287245713f,-0.9830287734396047f,0.012179345331525537f,-0.015538137894465679f,0.9864711916420078f,0.16319667377483538f,0.02671169769139034f,0.9964814910124927f,0.0018335241648657873f,0.08379305614820694f,-0.45599372528217874f,0f,0f,0f,1f], start_interpolation: 0, interpolation_duration: 1 }
$data merge entity $(bone_leg_left_2) { transformation: [-0.07536330508517818f,-0.06975320096745138f,-1.0205474328526467f,-0.03573642837433441f,-0.3092438533829275f,0.9769850417490591f,-0.043939354161872855f,0.252607815352434f,0.9750645162717242f,0.30446168667679413f,-0.09281416893128355f,-0.3863798278057956f,0f,0f,0f,1f], start_interpolation: 0, interpolation_duration: 1 }
$data merge entity $(bone_leg_left_1) { transformation: [-0.23439413182156857f,0.9301388390768919f,-0.2826678811048496f,0.23661297740494205f,0.031420618080118416f,0.2978648212101248f,0.9540908201240195f,0.2823012184938077f,0.9716337456712157f,0.2147516899261861f,-0.09904330339185366f,-0.34213631255977817f,0f,0f,0f,1f], start_interpolation: 0, interpolation_duration: 1 }
$data merge entity $(bone_leg_left_0) { transformation: [-0.207457080759004f,-0.4802156602130643f,-0.8522643248013394f,0.0933221431612665f,-0.02000382149981046f,0.8731187700975003f,-0.4870969723051378f,0.6624428050485507f,0.9780395732118186f,-0.08400317249699082f,-0.19074081954863514f,-0.24586903069388438f,0f,0f,0f,1f], start_interpolation: 0, interpolation_duration: 1 }
$data merge entity $(bone_leg_right_3) { transformation: [-0.259858626051295f,0.4183465818668828f,-0.8703215681040136f,-0.1884965093544824f,0.12853855038461015f,0.9082486826489214f,0.3981986583748398f,0.16822036011001504f,0.9570534653465063f,-0.00839451647179583f,-0.28978991797757303f,0.28782925995998265f,0f,0f,0f,1f], start_interpolation: 0, interpolation_duration: 1 }
$data merge entity $(bone_leg_right_2) { transformation: [-0.11985590987053721f,0.6093943521144439f,-0.8162936260812145f,-0.07148875815437261f,0.23866006589264463f,0.8158469507922408f,0.5740185757724365f,0.37576259283656943f,0.9903222371116983f,-0.12285957835966768f,-0.23712779294730613f,0.2503261952854043f,0f,0f,0f,1f], start_interpolation: 0, interpolation_duration: 1 }
$data merge entity $(bone_leg_right_1) { transformation: [-0.08564613158464322f,0.994483457858319f,0.06055899760355338f,0.19376380136168275f,-0.09595870285965855f,-0.06873331549930395f,0.993009395064299f,0.3025133268608996f,0.9916938375779482f,0.07923625045794577f,0.10131608521497437f,0.28622898576153205f,0f,0f,0f,1f], start_interpolation: 0, interpolation_duration: 1 }
$data merge entity $(bone_leg_right_0) { transformation: [-0.11765314166120319f,-0.5660427102420266f,-0.8159371228465526f,0.0516196109191774f,0.019799373350041644f,0.8201432362188907f,-0.5718155794479113f,0.6687753935591603f,0.9928573528318128f,-0.08343094309826579f,-0.08528513740118746f,0.14496891997570305f,0f,0f,0f,1f], start_interpolation: 0, interpolation_duration: 1 }
$data merge entity $(bone_tail_4) { transformation: [0.8966457531359437f,-1.232871164773448f,-2.3025456382129414f,-1.6555691658949885f,1.604173125756167f,2.1811151360726706f,-0.5431635825388004f,0.88381800911309f,2.0611444169647517f,-1.1612178029400257f,1.4244010103022875f,0.19973297086894296f,0f,0f,0f,1f], start_interpolation: 0, interpolation_duration: 1 }
$data merge entity $(bone_tail_3) { transformation: [0.5206762613303902f,-0.3089753755927545f,-1.992329283579592f,-1.3147201775746682f,0.8901098640570209f,1.8815283214164837f,-0.05917036133492225f,0.8754388840613863f,1.8090180172789447f,-0.8368577651127044f,0.6025515912975181f,0.10575179797166614f,0f,0f,0f,1f], start_interpolation: 0, interpolation_duration: 1 }
$data merge entity $(bone_tail_2) { transformation: [0.5591335517766802f,0.1584733100080102f,-1.8657517938609836f,-0.9674298364587847f,0.7778233140088543f,1.7515528160548732f,0.38187366989268073f,0.8054413475033284f,1.7032716866268445f,-0.8518936656579427f,0.43808289050132554f,0.02536991063031767f,0f,0f,0f,1f], start_interpolation: 0, interpolation_duration: 1 }
$data merge entity $(bone_tail_1) { transformation: [0.38868549484310266f,0.13181662613920492f,-1.455748677887722f,-0.6561516240818221f,0.3613426806200522f,1.4509198590605015f,0.22785802541532355f,0.7383276296150934f,1.4163372844280024f,-0.4063399926873215f,0.34136894569070025f,-0.04447492002628284f,0f,0f,0f,1f], start_interpolation: 0, interpolation_duration: 1 }
$data merge entity $(bone_tail_0) { transformation: [0.17660136219440997f,0.2985811005900021f,-1.230242659732449f,-0.2894408315755067f,0.13342487075833465f,1.230847345990773f,0.31788100181454654f,0.6751379516638795f,1.2589064617032628f,-0.17233645529011296f,0.13888982483910894f,-0.08922054060073908f,0f,0f,0f,1f], start_interpolation: 0, interpolation_duration: 1 }
$data merge entity $(bone_body_1) { transformation: [-0.13115917537014962f,0.0566490924243543f,-1.2280849913991987f,-0.007743992190473736f,0.019916706309065866f,1.23499005597096f,0.05484050983437074f,0.5792029569509465f,1.2292295109467033f,-0.013965566103537068f,-0.13192561327273408f,-0.057609003514673726f,0f,0f,0f,1f], start_interpolation: 0, interpolation_duration: 1 }