# This file was generated by Animated Java via MC-Build. It is not recommended to edit this file directly.
$data merge entity $(bone_head_lower) { transformation: [-0.7069391161171095f,0.22615517821198988f,-0.6701424635638775f,0.919177973589371f,-0.16828063929574866f,0.8665070920324903f,0.4699437050281783f,0.4763623218195211f,0.6869633997104756f,0.44499358964517743f,-0.5745102197810981f,0.21388153516329309f,0f,0f,0f,1f], start_interpolation: 0, interpolation_duration: 1 }
$data merge entity $(bone_head_upper) { transformation: [-0.7358526314083342f,0.40014420682131313f,-0.6179623460861344f,0.8853339801779609f,-0.17516324732601177f,0.7534721087767011f,0.6964693537158004f,0.5412397255531421f,0.7150599165238842f,0.596352527978578f,-0.46532238366311496f,0.19541634936541866f,0f,0f,0f,1f], start_interpolation: 0, interpolation_duration: 1 }
$data merge entity $(bone_neck_0) { transformation: [-0.5078529543872154f,-0.20390064211895173f,-0.8369646975014273f,0.8346880632498916f,-0.205242857105016f,0.9722445813387217f,-0.11232027272431165f,0.5182618527027614f,0.8366365676490286f,0.11473884347060902f,-0.5356064333738724f,0.15865026836562035f,0f,0f,0f,1f], start_interpolation: 0, interpolation_duration: 1 }
$data merge entity $(bone_neck_1) { transformation: [-0.40625311635131545f,0.05875396216704536f,-0.9118697151372656f,0.7577114022472125f,-0.07601178058757377f,0.9922989607950041f,0.097800724010927f,0.5311182549360021f,0.9105935507495931f,0.10904468962232126f,-0.39865855189425015f,0.1253810118811876f,0f,0f,0f,1f], start_interpolation: 0, interpolation_duration: 1 }
$data merge entity $(bone_neck_2) { transformation: [-0.30832106112698204f,0.006386254157086657f,-0.9512609205803488f,0.6744363365670762f,-0.022286409176551513f,0.9996545121050058f,0.013934575491147645f,0.5421262707159209f,0.951021261187965f,0.02549651321150142f,-0.30807221325934053f,0.09864120225773128f,0f,0f,0f,1f], start_interpolation: 0, interpolation_duration: 1 }
$data merge entity $(bone_body_0) { transformation: [-0.20884338823130244f,0.009792185004560729f,-0.9779000727604564f,0.21364898220274572f,-0.0427677488600627f,0.9989017616258995f,0.01913609882179368f,0.5606608302369503f,0.9770134895944439f,0.04581903243752868f,-0.20819523869910325f,0.0009560505487470478f,0f,0f,0f,1f], start_interpolation: 0, interpolation_duration: 1 }
$data merge entity $(bone_leg_left_3) { transformation: [-0.0828915873814147f,0.17521959007123028f,-0.9810336793386145f,0.047270095446070325f,-0.015059843856099268f,0.9840888388069546f,0.17703773168059422f,0.029534394873665715f,0.9964447731030652f,0.029449152633823618f,-0.07893390630603928f,-0.4434566185794475f,0f,0f,0f,1f], start_interpolation: 0, interpolation_duration: 1 }
$data merge entity $(bone_leg_left_2) { transformation: [-0.22970849651398687f,-0.10621705249604121f,-0.9939890059195984f,-0.00856402253546501f,-0.2903525295404583f,0.9830146582706906f,-0.037944561074144595f,0.25705058093876854f,0.9565519404190425f,0.27287784608631277f,-0.2502164381022032f,-0.38609802363824325f,0f,0f,0f,1f], start_interpolation: 0, interpolation_duration: 1 }
$data merge entity $(bone_leg_left_1) { transformation: [-0.380547500595221f,0.8923605626796751f,-0.24264423744392608f,0.25431023783169615f,0.054530092167011185f,0.28358261997374357f,0.9573961388563698f,0.2822284149925257f,0.9231522457530976f,0.3511032950896952f,-0.1565771609723811f,-0.30079511883104976f,0f,0f,0f,1f], start_interpolation: 0, interpolation_duration: 1 }
$data merge entity $(bone_leg_left_0) { transformation: [-0.3565632281071589f,-0.4336197999617567f,-0.827548508211409f,0.1099650202696193f,0.0024502742588848204f,0.8853319790562811f,-0.4649529901144253f,0.6679735097817167f,0.9342679811049175f,-0.1678128598809244f,-0.31461434096481805f,-0.2324397344236171f,0f,0f,0f,1f], start_interpolation: 0, interpolation_duration: 1 }
$data merge entity $(bone_leg_right_3) { transformation: [-0.43644304875106626f,0.3755317505632213f,-0.8176144381771872f,-0.2587236730896285f,0.13439108318794904f,0.9257461404385644f,0.3534587956504566f,0.15432330996935612f,0.88963841079196f,0.044384544404826726f,-0.45450358663219786f,0.24035964627725573f,0f,0f,0f,1f], start_interpolation: 0, interpolation_duration: 1 }
$data merge entity $(bone_leg_right_2) { transformation: [-0.28438838581216513f,0.5909864447594997f,-0.7886193426656315f,-0.1448962669421678f,0.22861627020656683f,0.837971377239424f,0.5455279749242885f,0.3661578089246833f,0.9586031746831863f,-0.024519227938172492f,-0.364061753620628f,0.22190595482805953f,0f,0f,0f,1f], start_interpolation: 0, interpolation_duration: 1 }
$data merge entity $(bone_leg_right_1) { transformation: [-0.24132067034918897f,0.9703438001250063f,0.014044344811346643f,0.11316490895011869f,-0.10751992019870958f,-0.04111713995269323f,0.9933523280098425f,0.30016255809304065f,0.9644707361152444f,0.23820640285490352f,0.11425370373097862f,0.2997676400430907f,0f,0f,0f,1f], start_interpolation: 0, interpolation_duration: 1 }
$data merge entity $(bone_leg_right_0) { transformation: [-0.2691827356935708f,-0.5176487207406832f,-0.812145588376899f,0.007332315239689097f,0.006354467902755616f,0.8422985087390675f,-0.5389738796209106f,0.674013299986487f,0.963068157267282f,-0.15024321645743957f,-0.2234428346721481f,0.1469855617135431f,0f,0f,0f,1f], start_interpolation: 0, interpolation_duration: 1 }
$data merge entity $(bone_tail_4) { transformation: [-0.0842137472547085f,-0.7487617054467722f,-2.656675607752998f,-1.6753360371651356f,1.2464138064213224f,2.3611670822456072f,-0.704985081035109f,0.9551311502420097f,2.4627265377088934f,-1.2206175690101344f,0.2659550380950887f,-0.24938626024851707f,0f,0f,0f,1f], start_interpolation: 0, interpolation_duration: 1 }
$data merge entity $(bone_tail_3) { transformation: [-0.15446411070275373f,0.014217778483713568f,-2.0765076978726182f,-1.3233761992604902f,0.6957132814040229f,1.962259011746447f,-0.038316144669725355f,0.9424259075096405f,1.9565452702729114f,-0.6966225316764401f,-0.15031027835066102f,-0.21708219325977754f,0f,0f,0f,1f], start_interpolation: 0, interpolation_duration: 1 }
$data merge entity $(bone_tail_2) { transformation: [0.010977352239929107f,0.45103375013365216f,-1.9013736952479783f,-0.96979954023799f,0.6950324159298257f,1.7761711953348565f,0.42534656537025756f,0.8642914933319292f,1.8263579368643288f,-0.6786444695905944f,-0.15044017199388746f,-0.18792668803806958f,0f,0f,0f,1f], start_interpolation: 0, interpolation_duration: 1 }
$data merge entity $(bone_tail_1) { transformation: [-0.011648885042582791f,0.3019666876610714f,-1.4820042756416956f,-0.6545688566684977f,0.3418240880547679f,1.4442271784039196f,0.2915825783289888f,0.7835654212550712f,1.4733217049588294f,-0.33268637889528263f,-0.07936735471686984f,-0.16818854166661984f,0f,0f,0f,1f], start_interpolation: 0, interpolation_duration: 1 }
$data merge entity $(bone_tail_0) { transformation: [-0.07799105068781258f,0.4160606626556011f,-1.20608732585465f,-0.2920818230393527f,0.11242438549253148f,1.2058794264400061f,0.40871907591813805f,0.6932282264023111f,1.2708713035328423f,-0.08114216205729378f,-0.11017166594651344f,-0.13795192516181332f,0f,0f,0f,1f], start_interpolation: 0, interpolation_duration: 1 }
$data merge entity $(bone_body_1) { transformation: [-0.32279145255710523f,0.0995016998368272f,-1.1893316126892055f,-0.022281028568543967f,0.018995822557433713f,1.2323354838009322f,0.09794390816553612f,0.5874510996336251f,1.1933354230633109f,0.007298092281851884f,-0.3232675377572035f,-0.06328832919622245f,0f,0f,0f,1f], start_interpolation: 0, interpolation_duration: 1 }