# This file was generated by Animated Java via MC-Build. It is not recommended to edit this file directly.
$data merge entity $(bone_head_lower) { transformation: [-0.8405213737153174f,0.40470189513901206f,-0.3601946645893129f,0.7140448756392569f,-0.05686911717985735f,0.5952600343405572f,0.8015181813459149f,0.3660289970921211f,0.5387854153917858f,0.6941771154307604f,-0.4773137422841812f,0.4662428143721038f,0f,0f,0f,1f], start_interpolation: 0, interpolation_duration: 1 }
$data merge entity $(bone_head_upper) { transformation: [-0.874898347683035f,0.4532702815966992f,-0.335515835134873f,0.7008217687798355f,-0.05919504037704803f,0.5420509010025646f,0.8866502751934245f,0.4393055650292401f,0.5608215143873868f,0.7643289966546242f,-0.42982828717603144f,0.4539484852672694f,0f,0f,0f,1f], start_interpolation: 0, interpolation_duration: 1 }
$data merge entity $(bone_neck_0) { transformation: [-0.7197421845286286f,-0.011113814518285789f,-0.6941524839232447f,0.6563495323748609f,-0.12961844913688295f,0.9844413290481792f,0.1186352700726239f,0.4310392983967008f,0.6820339034485798f,0.17536177687486024f,-0.709984508111258f,0.4049727231047802f,0f,0f,0f,1f], start_interpolation: 0, interpolation_duration: 1 }
$data merge entity $(bone_neck_1) { transformation: [-0.6375792410350428f,0.17159191092159862f,-0.7510319084482715f,0.5935177749201209f,-0.037702472647500804f,0.9667607744074372f,0.2528875809987455f,0.4569159416993934f,0.7694616526880617f,0.18955163194603936f,-0.6099171614810901f,0.3541779750390089f,0f,0f,0f,1f], start_interpolation: 0, interpolation_duration: 1 }
$data merge entity $(bone_neck_2) { transformation: [-0.5669487373600832f,0.11050082145171339f,-0.8163079674144458f,0.5230849467698855f,-0.00544987629577663f,0.9904371237706872f,0.13785718227647548f,0.4786902632605972f,0.8237350472416286f,0.0826067328693322f,-0.5609248609488501f,0.3058455218274313f,0f,0f,0f,1f], start_interpolation: 0, interpolation_duration: 1 }
$data merge entity $(bone_body_0) { transformation: [-0.5014498195754881f,0.1172978594083036f,-0.8571985129629778f,0.12020791083804595f,-0.032009736399704336f,0.9875734964105087f,0.15386346532931244f,0.5606134095024877f,0.8645943876890089f,0.10459350537080654f,-0.4914638780326741f,0.07521682298071326f,0f,0f,0f,1f], start_interpolation: 0, interpolation_duration: 1 }
$data merge entity $(bone_leg_left_3) { transformation: [-0.06900708854952031f,0.15520591116278054f,-0.9854689984317364f,0.11587526186133028f,-0.055998297835049254f,0.985663722127764f,0.15915783838950215f,0.047979470861414575f,0.9960432783616865f,0.06616760552848265f,-0.059326516913866645f,-0.37846425381493787f,0f,0f,0f,1f], start_interpolation: 0, interpolation_duration: 1 }
$data merge entity $(bone_leg_left_2) { transformation: [-0.395824538209423f,-0.13627243815117784f,-0.936383979493629f,0.0545578216392148f,-0.22611266672373254f,0.9992255002512382f,-0.049836343118642226f,0.2790065316532875f,0.9188352389841575f,0.1871908698326128f,-0.41564838668390186f,-0.34625026970102907f,0f,0f,0f,1f], start_interpolation: 0, interpolation_duration: 1 }
$data merge entity $(bone_leg_left_1) { transformation: [-0.6961685727342599f,0.7135264329724069f,-0.07892621736037206f,0.2664512386036272f,0.1272051840470641f,0.23081440440510373f,0.964646853449836f,0.2880169699552003f,0.7065183362721001f,0.6615169991533024f,-0.25144999570990945f,-0.16727156284314973f,0f,0f,0f,1f], start_interpolation: 0, interpolation_duration: 1 }
$data merge entity $(bone_leg_left_0) { transformation: [-0.681767607392387f,-0.27671013609470463f,-0.6772181554661026f,0.1336626819075311f,0.07473331643766594f,0.8945208706381389f,-0.44073500360989437f,0.6838031826607597f,0.7277416168700868f,-0.3510896076149734f,-0.5891758875752438f,-0.17253954226703366f,0f,0f,0f,1f], start_interpolation: 0, interpolation_duration: 1 }
$data merge entity $(bone_leg_right_3) { transformation: [-0.8646962876446178f,0.17200281336881407f,-0.47192728499932046f,-0.40724091093856973f,0.11772738842834007f,0.9827712055543111f,0.14248164635197547f,0.08045675170880034f,0.4883037908387152f,0.06764458386699954f,-0.8700480550670756f,0.041191431742010634f,0f,0f,0f,1f], start_interpolation: 0, interpolation_duration: 1 }
$data merge entity $(bone_leg_right_2) { transformation: [-0.7151517621179398f,0.36902996168782337f,-0.6359536492677623f,-0.33976490804497805f,0.18136373919076365f,0.9482797538357399f,0.34631618800262326f,0.3119207431268975f,0.712549893514163f,0.1290139346838439f,-0.7264229163586748f,0.047709236305107317f,0f,0f,0f,1f], start_interpolation: 0, interpolation_duration: 1 }
$data merge entity $(bone_leg_right_1) { transformation: [-0.6300473218679187f,0.7532509712591052f,-0.18882093767450267f,-0.1376635899855675f,-0.1567702171251185f,0.11476932760058572f,0.9809439843664131f,0.2879522156482035f,0.7605678610285914f,0.6476426296495041f,0.0457772108266655f,0.23637283265829293f,0f,0f,0f,1f], start_interpolation: 0, interpolation_duration: 1 }
$data merge entity $(bone_leg_right_0) { transformation: [-0.6405411501504805f,-0.28765800104723543f,-0.7120111722419868f,-0.11816598801945591f,-0.05386636714907052f,0.9417367444294875f,-0.3320095159502384f,0.690999663119976f,0.7660322770314978f,-0.17431230198944303f,-0.618716228913611f,0.129228643975411f,0f,0f,0f,1f], start_interpolation: 0, interpolation_duration: 1 }
$data merge entity $(bone_tail_4) { transformation: [-2.736183933514251f,-0.3727644778687189f,-0.0023361544775674765f,-0.983554538656364f,-0.34843431020219046f,2.563644665852821f,-0.9653915735691408f,0.9306127688777345f,0.13248526352921558f,-0.956260426287546f,-2.587213749125487f,-1.408341660612577f,0f,0f,0f,1f], start_interpolation: 0, interpolation_duration: 1 }
$data merge entity $(bone_tail_3) { transformation: [-2.004863854743316f,-0.11095798656357642f,-0.5515022893932296f,-0.8889543196535565f,-0.05635966405801736f,2.07073379066784f,-0.2117325730682717f,0.9462510330775737f,0.5597231800233795f,-0.18893231446367426f,-1.9967373558734163f,-1.067919941722312f,0f,0f,0f,1f], start_interpolation: 0, interpolation_duration: 1 }
$data merge entity $(bone_tail_2) { transformation: [-1.6691124742513301f,0.49895794976242214f,-0.8853690686206852f,-0.7254816319474341f,0.47045213853344053f,1.8883877562488205f,0.17731424759909828f,0.9140859225295414f,0.9008397241744465f,-0.061697013065482115f,-1.7330479349778192f,-0.7450986753740274f,0f,0f,0f,1f], start_interpolation: 0, interpolation_duration: 1 }
$data merge entity $(bone_tail_1) { transformation: [-1.1772026101038071f,0.41686470663255754f,-0.8532725714148651f,-0.5458379686601421f,0.3719260337314415f,1.4528101941925056f,0.196646421485704f,0.8536553751459792f,0.8737970532094873f,-0.056768001677761915f,-1.2332527534078046f,-0.47985731324799463f,0f,0f,0f,1f], start_interpolation: 0, interpolation_duration: 1 }
$data merge entity $(bone_tail_0) { transformation: [-0.7904285273219345f,0.4025793927585958f,-0.9203196685423093f,-0.26718421341335663f,0.07120157390208168f,1.1905832009065709f,0.45964953407673353f,0.7480659915153409f,1.0019924129720608f,0.2329746570535345f,-0.7586631202986234f,-0.2525362230426471f,0f,0f,0f,1f], start_interpolation: 0, interpolation_duration: 1 }
$data merge entity $(bone_body_1) { transformation: [-0.7920296180203994f,0.18944359314446524f,-0.9302713605455264f,-0.06366952349626391f,0.022633744088220293f,1.2149254664424303f,0.2281412274764084f,0.6131925f,0.9490950388992978f,0.12911944494307462f,-0.7817617099414521f,-0.07948468713082084f,0f,0f,0f,1f], start_interpolation: 0, interpolation_duration: 1 }