# This file was generated by Animated Java via MC-Build. It is not recommended to edit this file directly.
$data merge entity $(bone_head_lower) { transformation: [-0.9522225880778321f,-0.05924497416331287f,0.29960336411786853f,0.4416350489877834f,0.05590650150580656f,0.9306128390023237f,0.3617101145577993f,0.19061246305669818f,-0.3002442436479625f,0.36117831734535677f,-0.8828383868159788f,0.591118369342926f,0f,0f,0f,1f], start_interpolation: 0, interpolation_duration: 1 }
$data merge entity $(bone_head_upper) { transformation: [-0.9911680951708038f,-0.2065649246340929f,0.24163750042139467f,0.45334685396244845f,0.05819305412301843f,0.6599365406788322f,0.802850716704045f,0.260795641703207f,-0.31252410811139597f,0.7780016945812357f,-0.6168581584622265f,0.5659665990055421f,0f,0f,0f,1f], start_interpolation: 0, interpolation_duration: 1 }
$data merge entity $(bone_neck_0) { transformation: [-0.9896048888568655f,-0.0950633590382909f,-0.1079125651578548f,0.4482318478039834f,-0.1126285413171216f,0.9788974341084901f,0.1705128299471675f,0.25596837330829036f,0.08942581076718648f,0.18089436493205416f,-0.9794285339443916f,0.49966976313731093f,0f,0f,0f,1f], start_interpolation: 0, interpolation_duration: 1 }
$data merge entity $(bone_neck_1) { transformation: [-0.9348972904365469f,0.16610392434621135f,-0.3136503509502122f,0.4224267664341167f,0.06085989546432995f,0.9456629351381632f,0.3194020761202797f,0.2873824722422417f,0.3496614497745983f,0.27951940795347674f,-0.894206783198866f,0.4252064231088532f,0f,0f,0f,1f], start_interpolation: 0, interpolation_duration: 1 }
$data merge entity $(bone_neck_2) { transformation: [-0.8454235923963648f,0.2773918228608172f,-0.45641288985914785f,0.3851574135014781f,0.07091923689876219f,0.9052877873556997f,0.41883706128077847f,0.332939073331477f,0.5293669910915514f,0.3217262791171624f,-0.7850240697380577f,0.35958232827075776f,0f,0f,0f,1f], start_interpolation: 0, interpolation_duration: 1 }
$data merge entity $(bone_body_0) { transformation: [-0.8432381103511211f,0.17685531252738027f,-0.507613718965823f,0.1476057392252958f,0.06661705136172649f,0.97142922240041f,0.22778813475333565f,0.4495488446651106f,0.5333963420565797f,0.15826390712154595f,-0.8309277212750112f,-0.030523129241983582f,0f,0f,0f,1f], start_interpolation: 0, interpolation_duration: 1 }
$data merge entity $(bone_leg_left_3) { transformation: [-0.8012359245740669f,0.46238597524218517f,-0.3797633514062064f,0.1874776186920984f,-0.03493642517674294f,0.5974508091067257f,0.801144167359152f,0.2553831488814304f,0.5973277487006695f,0.6551730615624027f,-0.4625449383953276f,-0.7960441136272378f,0f,0f,0f,1f], start_interpolation: 0, interpolation_duration: 1 }
$data merge entity $(bone_leg_left_2) { transformation: [-0.9228631366544985f,0.045897879609387245f,-0.44528554339016807f,0.18298332017415142f,-0.2848032572484808f,0.7269588430428472f,0.665191810445044f,0.4449517685345803f,0.3453591393977735f,0.722140169683048f,-0.6413289636881073f,-0.6469984434799754f,0f,0f,0f,1f], start_interpolation: 0, interpolation_duration: 1 }
$data merge entity $(bone_leg_left_1) { transformation: [-0.9036697586408862f,0.3624994243781625f,0.22798055759959834f,0.2873689998596271f,0.06870981859655878f,-0.4027424090947414f,0.9127307997131423f,0.28576302382655006f,0.4226818285026587f,0.8404717242370886f,0.3390388659307131f,-0.4450678635901318f,0f,0f,0f,1f], start_interpolation: 0, interpolation_duration: 1 }
$data merge entity $(bone_leg_left_0) { transformation: [-0.9145896601925443f,0.15478364875832096f,-0.37358770796955776f,0.27220998082519965f,0.014418465411357669f,0.9357403890137109f,0.35239471083381846f,0.6261544962644068f,0.40412604633216637f,0.31690999738968423f,-0.8580502271023545f,-0.20379803912392397f,0f,0f,0f,1f], start_interpolation: 0, interpolation_duration: 1 }
$data merge entity $(bone_leg_right_3) { transformation: [-0.9898282654203413f,0.0931993905185737f,-0.1074889695825815f,-0.15060875449035865f,0.09700311128223471f,0.9948102578878214f,-0.030707445395732877f,0.03539475764753636f,0.10406921435527956f,-0.040821861889580174f,-0.9937319428373741f,-0.04133723699337679f,0f,0f,0f,1f], start_interpolation: 0, interpolation_duration: 1 }
$data merge entity $(bone_leg_right_2) { transformation: [-1.0143821625119664f,0.10058037183043676f,-0.11390617490150476f,-0.1291101363981974f,0.097688800258354f,1.020561233290324f,0.031206840751827985f,0.2740989782152461f,0.11639555911771085f,0.02001393035057436f,-1.018878656126573f,-0.06834050659735577f,0f,0f,0f,1f], start_interpolation: 0, interpolation_duration: 1 }
$data merge entity $(bone_leg_right_1) { transformation: [-0.9481284229636122f,0.18254242693517414f,-0.26025133224856056f,-0.08459887885436934f,-0.2320375385327676f,0.16217420327529186f,0.9590923357548418f,0.2626688078057711f,0.21728109508235743f,0.9697307823105545f,-0.11140527617294743f,0.20534084975715175f,0f,0f,0f,1f], start_interpolation: 0, interpolation_duration: 1 }
$data merge entity $(bone_leg_right_0) { transformation: [-0.9650694684288285f,-0.2619488547635603f,0.0048701739761487645f,-0.07563091956258895f,-0.19136049835976937f,0.6920683449278863f,-0.6960047166623777f,0.6133070277585597f,0.17894714519656205f,-0.6726248608524928f,-0.7180206931482997f,-0.021109350019606815f,0f,0f,0f,1f], start_interpolation: 0, interpolation_duration: 1 }
$data merge entity $(bone_tail_4) { transformation: [0.6180452410563485f,1.8137404269543285f,-1.9884735540708427f,-1.193941751480369f,-2.6200649139593417f,0.8721035457141207f,-0.018883426386284312f,1.46875150346061f,0.6155820483467881f,1.8908840262650664f,1.916057846874354f,-0.6783058538840532f,0f,0f,0f,1f], start_interpolation: 0, interpolation_duration: 1 }
$data merge entity $(bone_tail_3) { transformation: [-0.5027010925875841f,0.61782888746925f,-1.9239346671246924f,-0.8737594699620574f,-1.8768971492764677f,0.5917737677930044f,0.68044575451272f,1.3475820778763432f,0.7486616248970978f,1.89843008815311f,0.4140223397908104f,-0.7670863716797565f,0f,0f,0f,1f], start_interpolation: 0, interpolation_duration: 1 }
$data merge entity $(bone_tail_2) { transformation: [-1.1172131784222892f,-0.031292003903031086f,-1.6030063628863345f,-0.5765976520027337f,-1.4934347799599599f,0.7311432339895946f,1.0265748898156233f,1.1558137128035728f,0.5833190781795913f,1.8119669580005442f,-0.4419145518635273f,-0.684072926542435f,0f,0f,0f,1f], start_interpolation: 0, interpolation_duration: 1 }
$data merge entity $(bone_tail_1) { transformation: [-0.8483478212825436f,-0.35147696471924117f,-1.2018428214192198f,-0.31286755535523847f,-1.1642246153514602f,0.7558767434153529f,0.6007392477386058f,1.0184137843128152f,0.4610241524420458f,1.2620501345174644f,-0.6945087751998124f,-0.5504900954155808f,0f,0f,0f,1f], start_interpolation: 0, interpolation_duration: 1 }
$data merge entity $(bone_tail_0) { transformation: [-0.9218019695070299f,0.011022721500425233f,-0.8854351163172334f,-0.05385683703550102f,-0.7595544287445676f,0.6471624810102271f,0.7988075547534768f,0.8006008342844805f,0.45518558343987786f,1.1022227267514668f,-0.46015960475153234f,-0.389422165968937f,0f,0f,0f,1f], start_interpolation: 0, interpolation_duration: 1 }
$data merge entity $(bone_body_1) { transformation: [-1.0939989300896045f,0.2640438961614695f,-0.5119099109403159f,0.047369816349984675f,-0.04040673993221398f,1.0609202675760137f,0.6335772062430434f,0.5818425f,0.574576567036197f,0.5773505016907498f,-0.9301251323701495f,-0.2120697551240728f,0f,0f,0f,1f], start_interpolation: 0, interpolation_duration: 1 }