# This file was generated by Animated Java via MC-Build. It is not recommended to edit this file directly.
$data merge entity $(bone_head_lower) { transformation: [-0.9181397618629429f,0.3345014142249689f,-0.21243394636393292f,0.5535190984655726f,-0.014951602180918143f,0.5064757681271604f,0.8621245535838927f,0.37993681292674075f,0.3959745285728392f,0.794727060179467f,-0.46001420906317597f,0.6073623865845719f,0f,0f,0f,1f], start_interpolation: 0, interpolation_duration: 1 }
$data merge entity $(bone_head_upper) { transformation: [-0.9556912955649032f,0.3593672708250703f,-0.20243827411021992f,0.5473363603402389f,-0.015563116480283454f,0.4790945511819364f,0.9239578686372594f,0.4543851444713559f,0.41216972180208145f,0.8513492340226931f,-0.43450264066179795f,0.5966536905251317f,0f,0f,0f,1f], start_interpolation: 0, interpolation_duration: 1 }
$data merge entity $(bone_neck_0) { transformation: [-0.8483409634076872f,0.027765226030320306f,-0.5287217623930401f,0.5129716583261306f,-0.0818930887634226f,0.9797245815935965f,0.18284765854130652f,0.45033211167344867f,0.5230785140084646f,0.19841581702257824f,-0.8288667153034673f,0.5396679341037459f,0f,0f,0f,1f], start_interpolation: 0, interpolation_duration: 1 }
$data merge entity $(bone_neck_1) { transformation: [-0.7943279230041006f,0.14830607419026792f,-0.5891081896343511f,0.4637496901646474f,-0.0035547405843164136f,0.9685913007152379f,0.24863277337901707f,0.4758567499322845f,0.6074788181948159f,0.1995900812591502f,-0.7688519265161501f,0.4754555713018933f,0f,0f,0f,1f], start_interpolation: 0, interpolation_duration: 1 }
$data merge entity $(bone_neck_2) { transformation: [-0.7491028876594515f,0.11089029466205542f,-0.6531065810800207f,0.40761834065385516f,0.021835485483163483f,0.9894876933105726f,0.14295914227721343f,0.49806874593665434f,0.6620937058105792f,0.09283020702704761f,-0.7436494317817565f,0.4112151694527472f,0f,0f,0f,1f], start_interpolation: 0, interpolation_duration: 1 }
$data merge entity $(bone_body_0) { transformation: [-0.7078889958527306f,0.09381697997240313f,-0.7000653853887296f,0.0785738737708042f,0.0027189898565884016f,0.9914941985256788f,0.13012248608169777f,0.5688402072763409f,0.7063184668722549f,0.09020880532841334f,-0.7021229200050711f,0.08116662184706704f,0f,0f,0f,1f], start_interpolation: 0, interpolation_duration: 1 }
$data merge entity $(bone_leg_left_3) { transformation: [-0.3136160130929514f,0.1371826808461361f,-0.9395881589332368f,0.13078678346001246f,-0.15173752884760183f,0.9695530406150726f,0.19220464035317014f,0.09483955260801208f,0.9373477042543524f,0.20284923837652263f,-0.28325159808756567f,-0.3427619111041854f,0f,0f,0f,1f], start_interpolation: 0, interpolation_duration: 1 }
$data merge entity $(bone_leg_left_2) { transformation: [-0.5202768355520634f,-0.03167379301115542f,-0.8833860904071971f,0.09529593511539225f,-0.24507876699837833f,0.9900260945241575f,0.1088436016883584f,0.32859674272875494f,0.8493000717385936f,0.2662842513146914f,-0.5097492375151615f,-0.2951273877345776f,0f,0f,0f,1f], start_interpolation: 0, interpolation_duration: 1 }
$data merge entity $(bone_leg_left_1) { transformation: [-0.7099515206783702f,0.703866118796975f,-0.023266394137309965f,0.3018874543263931f,0.13183396863806365f,0.16528170619700105f,0.9773953971191736f,0.31903567473704225f,0.6918010140203668f,0.6908360474137777f,-0.21013546248575257f,-0.11008167492632524f,0f,0f,0f,1f], start_interpolation: 0, interpolation_duration: 1 }
$data merge entity $(bone_leg_left_0) { transformation: [-0.689867991609066f,-0.37344591691678797f,-0.6201776368843471f,0.12553195421333985f,0.08422172974845415f,0.809456727709636f,-0.5811079987435956f,0.6939534506672993f,0.7190193699695802f,-0.4531202413309163f,-0.5269660259492636f,-0.16148865340043478f,0f,0f,0f,1f], start_interpolation: 0, interpolation_duration: 1 }
$data merge entity $(bone_leg_right_3) { transformation: [-0.918994060275559f,0.1104709306152536f,-0.3784786528554051f,-0.41202127602516864f,0.08762769370385581f,0.9931639590810826f,0.0771150937140908f,0.06780080711006586f,0.38441033346462705f,0.03770310161498108f,-0.9223920921464064f,-0.008541654379547108f,0f,0f,0f,1f], start_interpolation: 0, interpolation_duration: 1 }
$data merge entity $(bone_leg_right_2) { transformation: [-0.809901286219501f,0.2514940380047382f,-0.5769513453739091f,-0.3699722984640006f,0.16507178315826382f,0.9922184711476902f,0.200788474318089f,0.30503466653349753f,0.6073494978063649f,0.0656921141546383f,-0.8239376998007462f,-0.01963451222319923f,0f,0f,0f,1f], start_interpolation: 0, interpolation_duration: 1 }
$data merge entity $(bone_leg_right_1) { transformation: [-0.7107225467779716f,0.6556314099924065f,-0.25499199150719054f,-0.19248839756172784f,-0.17687036904854164f,0.18429144900751737f,0.9668265275504923f,0.3003015567556763f,0.680874683076164f,0.7322459395954877f,-0.015018318542852738f,0.19365038703623955f,0f,0f,0f,1f], start_interpolation: 0, interpolation_duration: 1 }
$data merge entity $(bone_leg_right_0) { transformation: [-0.7223209052909749f,-0.26248241278710216f,-0.6398089502008297f,-0.15947476143479947f,-0.08407549178042124f,0.9516382818681159f,-0.2954926262446845f,0.7077765514204415f,0.6864283075904626f,-0.15964824916221831f,-0.7094565632073125f,0.10890661371287684f,0f,0f,0f,1f], start_interpolation: 0, interpolation_duration: 1 }
$data merge entity $(bone_tail_4) { transformation: [-1.8477734840493527f,-1.018677418541467f,1.7814855599184094f,-0.5045979957105725f,-1.744350110787568f,2.0424394647213417f,-0.6413618756553915f,0.5846508984547517f,-1.0810352326541057f,-1.554476980049075f,-2.0101307111374593f,-1.5830477410540031f,0f,0f,0f,1f], start_interpolation: 0, interpolation_duration: 1 }
$data merge entity $(bone_tail_3) { transformation: [-1.8693413289398892f,-0.750689722614455f,0.5272318866710598f,-0.5866509520204353f,-0.8791222819592496f,1.8078523361726966f,-0.5429175535955079f,0.6590183981109895f,-0.26201628828081364f,-0.7099861949364942f,-1.939900150450942f,-1.2471645905530337f,0f,0f,0f,1f], start_interpolation: 0, interpolation_duration: 1 }
$data merge entity $(bone_tail_2) { transformation: [-1.9524339291622914f,0.0025413224048542794f,-0.0822749593686185f,-0.5727993295618975f,0.02008555308639637f,1.9089039178756744f,-0.41767963546106995f,0.7371332114380131f,0.07982604722699745f,-0.4181545754886741f,-1.9072358082273875f,-0.8926540935810952f,0f,0f,0f,1f], start_interpolation: 0, interpolation_duration: 1 }
$data merge entity $(bone_tail_1) { transformation: [-1.4606076536053814f,0.16028815529826118f,-0.3585934180941738f,-0.49619796042488507f,0.226624065552482f,1.4717167946933885f,-0.26523095432072863f,0.7760012259086837f,0.32081624825099947f,-0.3098606678629937f,-1.4452403092114654f,-0.5781732758890283f,0f,0f,0f,1f], start_interpolation: 0, interpolation_duration: 1 }
$data merge entity $(bone_tail_0) { transformation: [-0.9915800712051318f,0.13330289771849274f,-0.7955092811732032f,-0.26051482272994075f,0.08244411164583944f,1.2707867408273503f,0.11018050815074794f,0.7744702683578335f,0.8023762505382258f,0.03416304115973469f,-0.9944148811109796f,-0.2867577202369242f,0f,0f,0f,1f], start_interpolation: 0, interpolation_duration: 1 }
$data merge entity $(bone_body_1) { transformation: [-0.8963783202027458f,0.21803206121289453f,-0.8231479347055488f,-0.08383046496277986f,0.04347521357493935f,1.2053118501057067f,0.27191514274792006f,0.6300675f,0.850423663788448f,0.16819619298386318f,-0.8815294820881588f,-0.09314367111333662f,0f,0f,0f,1f], start_interpolation: 0, interpolation_duration: 1 }