# This file was generated by Animated Java via MC-Build. It is not recommended to edit this file directly.
$data merge entity $(bone_head_lower) { transformation: [-0.992826309866357f,0.11762711719666462f,-0.02144247507062469f,0.25601323568341344f,0.06167516693998801f,0.6574604975180396f,0.7509606301173561f,0.41406579195313786f,0.10243091437684673f,0.7442510030247417f,-0.6599987517235081f,0.7726967538185392f,0f,0f,0f,1f], start_interpolation: 0, interpolation_duration: 1 }
$data merge entity $(bone_head_upper) { transformation: [-1.033432492262262f,0.12428842625172808f,-0.006450861956781988f,0.2580385870116813f,0.0641976555698473f,0.5785768276081593f,0.8629017662270257f,0.48656368489687135f,0.10662029609531212f,0.8563137183522486f,-0.5820918061661758f,0.7518302744194431f,0f,0f,0f,1f], start_interpolation: 0, interpolation_duration: 1 }
$data merge entity $(bone_neck_0) { transformation: [-0.9836145364961282f,0.05497761997178843f,-0.17169713129736464f,0.24636176916179825f,0.031119520869083938f,0.9898490254362383f,0.13867401437835486f,0.4794534455354191f,0.17757820534734997f,0.13105864391625277f,-0.9753407675476542f,0.6865782041425516f,0f,0f,0f,1f], start_interpolation: 0, interpolation_duration: 1 }
$data merge entity $(bone_neck_1) { transformation: [-0.9703305853727682f,0.12200984379546807f,-0.20873943831280767f,0.22924088313071084f,0.07636047517495416f,0.9737945771433049f,0.21422698092758413f,0.5020874324416872f,0.229407133544701f,0.19193154910878452f,-0.9542193917205339f,0.6066275021896066f,0f,0f,0f,1f], start_interpolation: 0, interpolation_duration: 1 }
$data merge entity $(bone_neck_2) { transformation: [-0.9603004195254005f,0.13347096668084726f,-0.24496653916937286f,0.20908674123358967f,0.08761656460731224f,0.9779849294513707f,0.18939064225143293f,0.5282545568326394f,0.2648517356291111f,0.16040878660247304f,-0.9508536056170632f,0.5248960972118395f,0f,0f,0f,1f], start_interpolation: 0, interpolation_duration: 1 }
$data merge entity $(bone_body_0) { transformation: [-0.9522485178804216f,0.1012371556982179f,-0.28805172886249975f,0.07429345206914693f,0.0793162441767504f,0.9930623348008607f,0.08681090144421537f,0.5786283692093144f,0.2948418111534294f,0.05981837097412429f,-0.9536718874381102f,0.07600395768832834f,0f,0f,0f,1f], start_interpolation: 0, interpolation_duration: 1 }
$data merge entity $(bone_leg_left_3) { transformation: [-0.6435814872433585f,0.06817306021417759f,-0.7623354269208935f,0.1630254405186356f,-0.1158567036614137f,0.9758706140765964f,0.18507773717678316f,0.09696403978703752f,0.7565580569224932f,0.20743427499524075f,-0.6201539551295796f,-0.2824766935191028f,0f,0f,0f,1f], start_interpolation: 0, interpolation_duration: 1 }
$data merge entity $(bone_leg_left_2) { transformation: [-0.6777106946676736f,-0.032642236276636816f,-0.7692235684406802f,0.1305927432623865f,-0.17257271267595595f,1.005144274887448f,0.10938850488667906f,0.33437458006760906f,0.7503259776080099f,0.2016969771031318f,-0.6696203821978072f,-0.254991650706925f,0f,0f,0f,1f], start_interpolation: 0, interpolation_duration: 1 }
$data merge entity $(bone_leg_left_1) { transformation: [-0.738257618529678f,0.6743906138697003f,0.013152513346778694f,0.32780890024214276f,0.20198443057190585f,0.20242461742133583f,0.9582413913353822f,0.3345228466853718f,0.6435666076556734f,0.7100856104627629f,-0.28565792011476593f,-0.05975038687442508f,0f,0f,0f,1f], start_interpolation: 0, interpolation_duration: 1 }
$data merge entity $(bone_leg_left_0) { transformation: [-0.718604592499805f,-0.3664762837130249f,-0.5910182510837372f,0.14847478215868887f,0.15841769506429815f,0.7412610656441414f,-0.6522544491612355f,0.6970837372985876f,0.6771346051773637f,-0.5623407917233127f,-0.4746172778516322f,-0.16317259557949298f,0f,0f,0f,1f], start_interpolation: 0, interpolation_duration: 1 }
$data merge entity $(bone_leg_right_3) { transformation: [-0.9273200658214709f,0.04853531116498911f,-0.3711089046290595f,-0.323341282839575f,0.04899340452001066f,0.9987654470258729f,0.008199276842918532f,0.04860643371188683f,0.3710487054800238f,-0.010578534743806003f,-0.9285531502096543f,-0.008296290314486886f,0f,0f,0f,1f], start_interpolation: 0, interpolation_duration: 1 }
$data merge entity $(bone_leg_right_2) { transformation: [-0.8885018865276224f,0.07141041992710226f,-0.5074713283165709f,-0.32100035218095635f,0.1271715128231763f,1.0146472925307664f,-0.07987789172821505f,0.2824533686382568f,0.4964413393985386f,-0.13211216138764326f,-0.8877807008773985f,-0.06729801177419725f,0f,0f,0f,1f], start_interpolation: 0, interpolation_duration: 1 }
$data merge entity $(bone_leg_right_1) { transformation: [-0.760375983245616f,0.5424809032003743f,-0.3571313956601527f,-0.16982769626788488f,-0.2145649256287036f,0.3091825500987786f,0.9264815396997207f,0.3130383043885309f,0.6130173380853201f,0.781102183057583f,-0.11869761088356548f,0.1634069415083565f,0f,0f,0f,1f], start_interpolation: 0, interpolation_duration: 1 }
$data merge entity $(bone_leg_right_0) { transformation: [-0.7801912647033921f,-0.32526554878830005f,-0.5343256621686511f,-0.16332284649366297f,-0.1405250867744508f,0.9234833900779256f,-0.356974968642362f,0.7210275323772227f,0.6095525329842825f,-0.2034225922104726f,-0.7662016435056878f,0.07503412137083244f,0f,0f,0f,1f], start_interpolation: 0, interpolation_duration: 1 }
$data merge entity $(bone_tail_4) { transformation: [-1.4545734695218595f,-0.8632534093044619f,2.18281261327842f,0.11794705323832433f,-1.8307758697093341f,2.0243586118445642f,-0.41939630081914403f,0.4575580832220559f,-1.4690599267059097f,-1.6680608782580366f,-1.638626610845758f,-1.6098379333282982f,0f,0f,0f,1f], start_interpolation: 0, interpolation_duration: 1 }
$data merge entity $(bone_tail_3) { transformation: [-1.6482862058295165f,-0.5329998552161861f,1.1554260097713338f,-0.072754678236574f,-0.9695110722174526f,1.750660175927132f,-0.575484800246708f,0.5380074546036556f,-0.8241033858469137f,-0.9935017004548868f,-1.6339380363628682f,-1.3230602290144047f,0f,0f,0f,1f], start_interpolation: 0, interpolation_duration: 1 }
$data merge entity $(bone_tail_2) { transformation: [-1.8134315693854546f,0.040011913445965205f,0.72707555655611f,-0.20924784812290417f,-0.20772027740240287f,1.8417178235457343f,-0.6194365341119377f,0.653443997718476f,-0.6979198410382474f,-0.6521107116273533f,-1.704826498582419f,-1.0068079514617803f,0f,0f,0f,1f], start_interpolation: 0, interpolation_duration: 1 }
$data merge entity $(bone_tail_1) { transformation: [-1.4680651449133904f,0.1588101237178289f,0.3274451479181742f,-0.2802491321556338f,0.06587899799367172f,1.454376149704448f,-0.41000758870320364f,0.7238318714235984f,-0.35791191362369684f,-0.3836998954594507f,-1.4185660725925424f,-0.6965160857936586f,0f,0f,0f,1f], start_interpolation: 0, interpolation_duration: 1 }
$data merge entity $(bone_tail_0) { transformation: [-1.2614658026511827f,0.056844689500861266f,-0.198263528166898f,-0.2209401575345607f,0.07054357169747014f,1.2735199070515066f,-0.08370404661492661f,0.7790244432412872f,0.1938126668146323f,-0.0935491539411265f,-1.2599686196739692f,-0.3305814784574197f,0f,0f,0f,1f], start_interpolation: 0, interpolation_duration: 1 }
$data merge entity $(bone_body_1) { transformation: [-0.9806387683848226f,0.21638600505264577f,-0.7211999014242202f,-0.06784641587721547f,0.07530594064444066f,1.2064612366513325f,0.2595860065905778f,0.6374106069958848f,0.7491870369277652f,0.16196597275768718f,-0.9700981406148047f,-0.11595680733071627f,0f,0f,0f,1f], start_interpolation: 0, interpolation_duration: 1 }