# This file was generated by Animated Java via MC-Build. It is not recommended to edit this file directly.
$data merge entity $(bone_head_lower) { transformation: [-0.9988154314466666f,0.04402542870805853f,0.020724273957862867f,0.06279891013989537f,0.04861317166076273f,0.9213920873542474f,0.3855818731502618f,0.4075270944121384f,-0.0021197747734400633f,0.38613259767605085f,-0.9224408509855009f,0.8137042064226604f,0f,0f,0f,1f], start_interpolation: 0, interpolation_duration: 1 }
$data merge entity $(bone_head_upper) { transformation: [-1.0396665664197389f,0.02920660163154206f,0.04138052287772299f,0.06598465865219384f,0.05060143012619974f,0.6359925175779172f,0.8224505793283835f,0.4785214225849094f,-0.0022064726784342733f,0.823487968697507f,-0.6366589663801808f,0.788305134283896f,0f,0f,0f,1f], start_interpolation: 0, interpolation_duration: 1 }
$data merge entity $(bone_neck_0) { transformation: [-0.9989910704929015f,0.04110502747192161f,-0.018089162279643786f,0.06447056682387002f,0.03821984127093625f,0.9896720563899626f,0.13816100945667487f,0.4713785896117452f,0.02358145052093181f,0.1373302498264513f,-0.9902445746753341f,0.7220373161717101f,0f,0f,0f,1f], start_interpolation: 0, interpolation_duration: 1 }
$data merge entity $(bone_neck_1) { transformation: [-0.9977242730549468f,0.060994055490994376f,-0.028740218366244623f,0.062316885102273116f,0.053165426462206344f,0.9738160115532117f,0.22103351119612355f,0.49458927771311556f,0.041469415067850346f,0.21900251331287648f,-0.9748426471880339f,0.6404642663486576f,0f,0f,0f,1f], start_interpolation: 0, interpolation_duration: 1 }
$data merge entity $(bone_neck_2) { transformation: [-0.9969606122883368f,0.06844921537314722f,-0.0372054090216066f,0.05972757283067544f,0.05594281856380928f,0.9613459655069805f,0.2696003257686986f,0.5276204660964386f,0.05422120062117077f,0.26669953040500877f,-0.9622533044292164f,0.5587748150707466f,0f,0f,0f,1f], start_interpolation: 0, interpolation_duration: 1 }
$data merge entity $(bone_body_0) { transformation: [-0.9964885527944982f,0.058671235563553976f,-0.059734832945044336f,0.03213368692708689f,0.05304383464843294f,0.9943646443889697f,0.09178946342030596f,0.5803530621895514f,0.06478360714961848f,0.08829858496399554f,-0.9939851327550326f,0.09115450384256085f,0f,0f,0f,1f], start_interpolation: 0, interpolation_duration: 1 }
$data merge entity $(bone_leg_left_3) { transformation: [-0.8950864467843518f,0.014416584090220855f,-0.44565952798760344f,0.17386368414419523f,-0.027081721283062073f,0.9958743247862044f,0.08660779182018519f,0.04429004598827993f,0.4450694700328369f,0.08959068776826937f,-0.8910031849044642f,-0.17973848174172596f,0f,0f,0f,1f], start_interpolation: 0, interpolation_duration: 1 }
$data merge entity $(bone_leg_left_2) { transformation: [-0.9190530970633398f,-0.11366687739006405f,-0.44100277239873437f,0.13231334006660744f,-0.04752101514592349f,1.0117527595883822f,-0.16174147917429618f,0.2750558860110134f,0.4529297488556901f,-0.124492545762309f,-0.9118215001587954f,-0.2362342165511072f,0f,0f,0f,1f], start_interpolation: 0, interpolation_duration: 1 }
$data merge entity $(bone_leg_left_1) { transformation: [-0.9142415083109341f,0.36307465148125617f,0.17983120400284403f,0.23961949513686512f,0.3051833318402041f,0.3251399401296357f,0.8950682394652426f,0.3098372674125878f,0.2665062821928594f,0.8731900232963392f,-0.40806076112201584f,0.017318598956040487f,0f,0f,0f,1f], start_interpolation: 0, interpolation_duration: 1 }
$data merge entity $(bone_leg_left_0) { transformation: [-0.9191140576374318f,0.05079872577883707f,-0.3907030055073828f,0.1844998308802313f,0.256777945623143f,0.8293500665967706f,-0.4962293357687456f,0.7057202429141157f,0.29882174568597525f,-0.5564152734201129f,-0.7753112973573953f,-0.10328725034135365f,0f,0f,0f,1f], start_interpolation: 0, interpolation_duration: 1 }
$data merge entity $(bone_leg_right_3) { transformation: [-0.9960419778413283f,0.020511563745417318f,-0.08648499367319534f,-0.24465521096265908f,0.019063562782355485f,0.9996644839983977f,0.017535678095251833f,0.03892866048648971f,0.08681566075298933f,0.01581755938616275f,-0.9960988133027202f,-0.08555638218326554f,0f,0f,0f,1f], start_interpolation: 0, interpolation_duration: 1 }
$data merge entity $(bone_leg_right_2) { transformation: [-1.0161985667779132f,0.018930914262252522f,-0.13800106109883742f,-0.24293078485756264f,0.051575797045347364f,0.9950959773889113f,-0.2432820018913f,0.2632855708797204f,0.12939323606103573f,-0.24796736835780775f,-0.9868291514705324f,-0.17405539449090401f,0f,0f,0f,1f], start_interpolation: 0, interpolation_duration: 1 }
$data merge entity $(bone_leg_right_1) { transformation: [-0.9083214318970375f,0.18802857688111982f,-0.3736273954524432f,-0.19012328947704973f,-0.28741050990653383f,0.36840694691944736f,0.8841218921940331f,0.31075575599940986f,0.3038871092227865f,0.9104513033312395f,-0.2805905363882859f,0.09421934456610297f,0f,0f,0f,1f], start_interpolation: 0, interpolation_duration: 1 }
$data merge entity $(bone_leg_right_0) { transformation: [-0.929811361663413f,-0.3193312220449347f,-0.18297104237807257f,-0.19249372188850317f,-0.22878331387688916f,0.8909350547919064f,-0.3922918855067635f,0.7191027480151344f,0.2882863628636267f,-0.3228967308137874f,-0.9014591916535268f,0.007303329204458531f,0f,0f,0f,1f], start_interpolation: 0, interpolation_duration: 1 }
$data merge entity $(bone_tail_4) { transformation: [-2.5554640586093673f,-0.5123830781261037f,0.9125395103806496f,0.08904907558682167f,-0.6198507336977893f,2.6811120597068725f,-0.23040078738729783f,0.5639162946778117f,-0.8432377154101031f,-0.41804669134487044f,-2.596121809693366f,-1.7690882412399869f,0f,0f,0f,1f], start_interpolation: 0, interpolation_duration: 1 }
$data merge entity $(bone_tail_3) { transformation: [-2.009737916390195f,-0.20631315571880973f,0.504315293487502f,0.005554774540717275f,-0.30393644110521634f,2.024039681202184f,-0.3831860314934541f,0.6090836680325802f,-0.4522407248759611f,-0.4434453480878487f,-1.9836280084903408f,-1.4283987733783885f,0f,0f,0f,1f], start_interpolation: 0, interpolation_duration: 1 }
$data merge entity $(bone_tail_2) { transformation: [-1.920761906668794f,0.061010019063972534f,0.3545777072330525f,-0.061766227063081366f,-0.03332359275320108f,1.8874223491185815f,-0.5052724900650065f,0.7034371969887943f,-0.3582416936355308f,-0.5026813390452117f,-1.8541165646527287f,-1.0841070681548806f,0f,0f,0f,1f], start_interpolation: 0, interpolation_duration: 1 }
$data merge entity $(bone_tail_1) { transformation: [-1.497830570956266f,0.08315296093565512f,0.19299071427521933f,-0.10288114937885329f,0.04703803133131545f,1.486471931623672f,-0.27539947368044226f,0.7444845685200656f,-0.20481028860216022f,-0.2667265108357695f,-1.4746409610817397f,-0.7633246598900725f,0f,0f,0f,1f], start_interpolation: 0, interpolation_duration: 1 }
$data merge entity $(bone_tail_0) { transformation: [-1.2776689607141498f,0.037386334206544906f,-0.00007366307143714364f,-0.10195742447497706f,0.03737286947822905f,1.2771360804864904f,-0.0369109351086663f,0.7860903702891614f,-0.0010060012996112302f,-0.03689729689597124f,-1.277682783020568f,-0.3908464520815701f,0f,0f,0f,1f], start_interpolation: 0, interpolation_duration: 1 }
$data merge entity $(bone_body_1) { transformation: [-1.1856873154361043f,0.11605111259436839f,-0.3305787717561179f,-0.03291935670195763f,0.042089490471394264f,1.205304644049087f,0.27216499569528f,0.64163f,0.34781986697431855f,0.24975477844390206f,-1.1598484753788552f,-0.13802068515676158f,0f,0f,0f,1f], start_interpolation: 0, interpolation_duration: 1 }