# This file was generated by Animated Java via MC-Build. It is not recommended to edit this file directly.
$data merge entity $(bone_head_lower) { transformation: [-0.9995676555143953f,0.027648522517841525f,0.01000306213296962f,0.03560801531146817f,0.029318448590303744f,0.9629510141567604f,0.26807792319906626f,0.4071716767612545f,-0.002220500329510584f,0.26825529545014976f,-0.9633452993819192f,0.8153555771823285f,0f,0f,0f,1f], start_interpolation: 0, interpolation_duration: 1 }
$data merge entity $(bone_head_upper) { transformation: [-1.040449556138411f,0.017198311039868727f,0.02531564362735136f,0.037416407318102404f,0.030517560921626923f,0.6480299188689392f,0.8140011334817772f,0.47784758445434833f,-0.0023113178677790966f,0.814391419976659f,-0.6482539745050717f,0.7889528825868051f,0f,0f,0f,1f], start_interpolation: 0, interpolation_duration: 1 }
$data merge entity $(bone_neck_0) { transformation: [-0.9996450108788685f,0.02460328123548968f,-0.010224029412839432f,0.036678955314748976f,0.022964053798647018f,0.9902219110353637f,0.13759803464659404f,0.4706643528288412f,0.013509421087524454f,0.13731440367973005f,-0.9904353841033549f,0.722676238116419f,0f,0f,0f,1f], start_interpolation: 0, interpolation_duration: 1 }
$data merge entity $(bone_neck_1) { transformation: [-0.9991974330059609f,0.036473907439890554f,-0.01655729296608478f,0.03544436601838856f,0.03189880684175716f,0.9745632037825916f,0.2218310797771204f,0.49394604767831135f,0.024227174750076238f,0.22112488758409174f,-0.9749445256498197f,0.6411043353634691f,0f,0f,0f,1f], start_interpolation: 0, interpolation_duration: 1 }
$data merge entity $(bone_neck_2) { transformation: [-0.998925162807739f,0.04121753938723071f,-0.021204564517912607f,0.033990232603948636f,0.033473782352579654f,0.9579166876374782f,0.28508792580650333f,0.5283004912083054f,0.03206282901654752f,0.2840717057232281f,-0.9582667900970748f,0.5599342170938861f,0f,0f,0f,1f], start_interpolation: 0, interpolation_duration: 1 }
$data merge entity $(bone_body_0) { transformation: [-0.998754076470268f,0.035097366504937805f,-0.035474915058956905f,0.01760538445526138f,0.031686065205428264f,0.9952055667825961f,0.09253039023331333f,0.5813902941668652f,0.038552405966677195f,0.09129104397119124f,-0.9950777141936354f,0.09182748324348453f,0f,0f,0f,1f], start_interpolation: 0, interpolation_duration: 1 }
$data merge entity $(bone_leg_left_3) { transformation: [-0.9414866537754703f,0.00871170999024054f,-0.3369376602158234f,0.17660601975550527f,-0.0117450383505508f,0.9982108158955696f,0.05862781851003218f,0.038713022122987384f,0.3368455652622012f,0.05915465440814521f,-0.9396998414520678f,-0.15608758587269167f,0f,0f,0f,1f], start_interpolation: 0, interpolation_duration: 1 }
$data merge entity $(bone_leg_left_2) { transformation: [-0.9666042361616249f,-0.0988545596153832f,-0.3285821452519055f,0.14190893656577896f,-0.024013237582180328f,0.9992929034328019f,-0.22999838492988853f,0.264501513102815f,0.34228908039246225f,-0.2090542242883031f,-0.9440321584840173f,-0.23346162431707654f,0f,0f,0f,1f], start_interpolation: 0, interpolation_duration: 1 }
$data merge entity $(bone_leg_left_1) { transformation: [-0.9365450353879079f,0.25733028587830054f,0.2380431067266059f,0.21784449966874794f,0.3210442137374401f,0.3569613525845881f,0.8772167380908155f,0.3085586751629956f,0.1407622446395731f,0.8979753430527887f,-0.41692478188907844f,0.029798973545960367f,0f,0f,0f,1f], start_interpolation: 0, interpolation_duration: 1 }
$data merge entity $(bone_leg_left_0) { transformation: [-0.9471756351223638f,0.15021925217443746f,-0.2833592993121974f,0.1897592391991365f,0.27177962289692414f,0.8450398978617335f,-0.4604817125574441f,0.7094362377876763f,0.17027669484856817f,-0.5131683420652365f,-0.8412277336687515f,-0.08340737120954525f,0f,0f,0f,1f], start_interpolation: 0, interpolation_duration: 1 }
$data merge entity $(bone_leg_right_3) { transformation: [-0.9998280534153331f,0.007023057877561194f,0.017162175321173517f,-0.2203435605272738f,0.00734798135371424f,0.9997935561498802f,0.01894339597858341f,0.0367411195379829f,-0.017025591729268597f,0.019066246070592152f,-0.9996732503608586f,-0.10508302958815113f,0f,0f,0f,1f], start_interpolation: 0, interpolation_duration: 1 }
$data merge entity $(bone_leg_right_2) { transformation: [-1.0253130953067904f,0.02441816199112632f,-0.014107071208377262f,-0.21349704563683947f,0.027311721988331896f,0.9876153946376819f,-0.27555780086468595f,0.2583944929565105f,0.007023242494402764f,-0.27582926809953473f,-0.9878922453513006f,-0.1999196224838125f,0f,0f,0f,1f], start_interpolation: 0, interpolation_duration: 1 }
$data merge entity $(bone_leg_right_1) { transformation: [-0.9300272444724808f,0.06927446101045447f,-0.36090216623156424f,-0.19405851573410404f,-0.3096253513807531f,0.3812667333961475f,0.8710727982136601f,0.3096079327519736f,0.19794308859182166f,0.9218658942911067f,-0.33313932013736874f,0.0721331532772566f,0f,0f,0f,1f], start_interpolation: 0, interpolation_duration: 1 }
$data merge entity $(bone_leg_right_0) { transformation: [-0.9504413845517058f,-0.30407551740120276f,-0.06480165313190209f,-0.1976600207302479f,-0.25432050839372516f,0.8802810366782143f,-0.4005326147457723f,0.7174120111184787f,0.17883582846229024f,-0.3642023835478275f,-0.9139881674706118f,-0.017254437549776874f,0f,0f,0f,1f], start_interpolation: 0, interpolation_duration: 1 }
$data merge entity $(bone_tail_4) { transformation: [-2.692667897183983f,-0.3266965309094446f,0.518141200607057f,0.04775684653702049f,-0.34319728095639607f,2.7394733263077944f,-0.05623924245797402f,0.5981713467551019f,-0.5073623492327005f,-0.1192333960761184f,-2.711831148032862f,-1.7979345409200094f,0f,0f,0f,1f], start_interpolation: 0, interpolation_duration: 1 }
$data merge entity $(bone_tail_3) { transformation: [-2.0581199535122296f,-0.12607886099405904f,0.2901584115784057f,-0.0002095168809506595f,-0.1683711184484026f,2.0533793883518277f,-0.30204267911795674f,0.6292926940607713f,-0.2678412766391632f,-0.3219980346939399f,-2.0397362187856514f,-1.4489196513277447f,0f,0f,0f,1f], start_interpolation: 0, interpolation_duration: 1 }
$data merge entity $(bone_tail_2) { transformation: [-1.943013126896452f,0.037165634244917554f,0.20516476145289353f,-0.03977710559595421f,-0.01307899844887711f,1.897361128192959f,-0.4675719880667515f,0.7166551167636735f,-0.20809325676346163f,-0.466276033971609f,-1.8862814561024712f,-1.0985288737780203f,0f,0f,0f,1f], start_interpolation: 0, interpolation_duration: 1 }
$data merge entity $(bone_tail_1) { transformation: [-1.507591487168119f,0.04845838481252616f,0.11169575981021226f,-0.06296483006400304f,0.030186965256025964f,1.4929872810436713f,-0.24027895407308977f,0.7500813999350514f,-0.11795297769387164f,-0.2372699171475129f,-1.4891092409457278f,-0.7750761105711359f,0f,0f,0f,1f], start_interpolation: 0, interpolation_duration: 1 }
$data merge entity $(bone_tail_0) { transformation: [-1.2780269012695875f,0.02197505142540123f,0.0002309331812350931f,-0.06250201697093305f,0.021968462887225915f,1.2778605212913656f,-0.020629865422731354f,0.7869469767817507f,-0.0005855370661216028f,-0.0206228471322075f,-1.2780493229553127f,-0.40209805981133284f,0f,0f,0f,1f], start_interpolation: 0, interpolation_duration: 1 }
$data merge entity $(bone_body_1) { transformation: [-1.2184773423319148f,0.06985430923966489f,-0.19758020336221147f,-0.021272570795015863f,0.025084708212310805f,1.2058954656056298f,0.27164586965741727f,0.6425675f,0.2080584501862561f,0.26370645909548857f,-1.1898635130945325f,-0.14323396176124356f,0f,0f,0f,1f], start_interpolation: 0, interpolation_duration: 1 }