# This file was generated by Animated Java via MC-Build. It is not recommended to edit this file directly.
$data merge entity $(bone_head_lower) { transformation: [-0.9999341656123174f,0.011372713902690446f,0.0015250638301780393f,0.015441585148889714f,0.0114693043529504f,0.9866091050785111f,0.16269889008176552f,0.40962002567435607f,0.0003456860685056287f,0.1627056703211865f,-0.9866745893892652f,0.8147583943299224f,0f,0f,0f,1f], start_interpolation: 0, interpolation_duration: 1 }
$data merge entity $(bone_head_upper) { transformation: [-1.0408310563466256f,0.007849207080989119f,0.009002481661982566f,0.015915340660350608f,0.011938394122109258f,0.660064212633388f,0.804763724660821f,0.4799235901202012f,0.00035982448467164707f,0.8048139957358921f,-0.6601107826550591f,0.7873240932868646f,0f,0f,0f,1f], start_interpolation: 0, interpolation_duration: 1 }
$data merge entity $(bone_neck_0) { transformation: [-0.9999349554976033f,0.009548585991635413f,-0.006237730321740956f,0.01568010985025467f,0.008626209791368036f,0.9909328747910432f,0.13408067035555135f,0.47250601176561036f,0.007461452850600117f,0.13401814117468977f,-0.9909507881612685f,0.7210695805943969f,0f,0f,0f,1f], start_interpolation: 0, interpolation_duration: 1 }
$data merge entity $(bone_neck_1) { transformation: [-0.9998479875027205f,0.014885324829061186f,-0.009079041331177169f,0.014979570717908374f,0.012531246880145556f,0.9755515779564277f,0.21941305020065008f,0.4955874210895873f,0.012123107620933285f,0.2192659249665974f,-0.9755898136051615f,0.6394344494738167f,0f,0f,0f,1f], start_interpolation: 0, interpolation_duration: 1 }
$data merge entity $(bone_neck_2) { transformation: [-0.99979000996924f,0.017238303729182603f,-0.011080471571540317f,0.014177612072153185f,0.013206721769135454f,0.9554644903678002f,0.29481043086416125f,0.5307696204375266f,0.015669028872904257f,0.2946021869075996f,-0.9554915138312009f,0.5586105662120419f,0f,0f,0f,1f], start_interpolation: 0, interpolation_duration: 1 }
$data merge entity $(bone_body_0) { transformation: [-0.9997497469836762f,0.014028051139905925f,-0.01742576217247596f,0.00609855042904494f,0.012401325129349954f,0.9958476220426369f,0.0901871432470373f,0.5827611762575517f,0.018618553679372173f,0.08994847110007853f,-0.9957723745945389f,0.0901636518348575f,0f,0f,0f,1f], start_interpolation: 0, interpolation_duration: 1 }
$data merge entity $(bone_leg_left_3) { transformation: [-0.9705483540500282f,0.008818867279287095f,-0.24074492732078862f,0.17826493512565342f,0.0007004461309849368f,0.9994288158760076f,0.03378685205665394f,0.035943484900771705f,0.24090537940444387f,0.032623144799221404f,-0.9700001693800935f,-0.13737052840086228f,0f,0f,0f,1f], start_interpolation: 0, interpolation_duration: 1 }
$data merge entity $(bone_leg_left_2) { transformation: [-0.9963423835525074f,-0.07256857662089869f,-0.23258945789699842f,0.15261554529355903f,-0.004668512846291851f,0.9846557016574256f,-0.2872169105084528f,0.2565817676551621f,0.24360266670421907f,-0.27793731376235414f,-0.9568023776589678f,-0.231348871919199f,0f,0f,0f,1f], start_interpolation: 0, interpolation_duration: 1 }
$data merge entity $(bone_leg_left_1) { transformation: [-0.9422974422040628f,0.16709825430128372f,0.29009257802492094f,0.20139193917289203f,0.3332118256803377f,0.3844441601770786f,0.8609137976200153f,0.3087274709304293f,0.03233279515379891f,0.9078991469955262f,-0.41793986318887816f,0.03682098971670818f,0f,0f,0f,1f], start_interpolation: 0, interpolation_duration: 1 }
$data merge entity $(bone_leg_left_0) { transformation: [-0.9572080972394154f,0.22475304838308424f,-0.1823149083915227f,0.1931788936918369f,0.2833543131592867f,0.8559522230862845f,-0.4324998555001798f,0.7129575233822082f,0.05884719019058732f,-0.46565207938562736f,-0.8830091444433146f,-0.06728419335892613f,0f,0f,0f,1f], start_interpolation: 0, interpolation_duration: 1 }
$data merge entity $(bone_leg_right_3) { transformation: [-0.9942461334824475f,-0.004819205910483817f,0.10701122048456298f,-0.19775911305621802f,-0.0028999517495876693f,0.9998322755357623f,0.018083447592490864f,0.03540991425453091f,-0.1070804199424594f,0.017669070472796866f,-0.9940933495470002f,-0.11825944221424795f,0f,0f,0f,1f], start_interpolation: 0, interpolation_duration: 1 }
$data merge entity $(bone_leg_right_2) { transformation: [-1.0209864613479003f,0.03460597166980451f,0.09193079989740001f,-0.18526750159283434f,0.005832195961651872f,0.9796028574761179f,-0.3039842538941525f,0.25435039504016727f,-0.09805524328281487f,-0.3020643438906822f,-0.9752971346801622f,-0.21865913136923446f,0f,0f,0f,1f], start_interpolation: 0, interpolation_duration: 1 }
$data merge entity $(bone_leg_right_1) { transformation: [-0.9383284595235918f,-0.0330670972034187f,-0.3441602375792747f,-0.19468522788260137f,-0.32876039969557697f,0.39348933302978883f,0.858535231882639f,0.30916819225558084f,0.10703411437521962f,0.9187342988450534f,-0.3800933917941758f,0.05322264661477552f,0f,0f,0f,1f], start_interpolation: 0, interpolation_duration: 1 }
$data merge entity $(bone_leg_right_0) { transformation: [-0.9573009288711322f,-0.2867311124045554f,0.03688089968688224f,-0.19895675329634674f,-0.27632634550219853f,0.8700545483695086f,-0.40822644897523497f,0.7161420876073962f,0.08496282930709911f,-0.4009867230230656f,-0.9121353877552149f,-0.03984335758258156f,0f,0f,0f,1f], start_interpolation: 0, interpolation_duration: 1 }
$data merge entity $(bone_tail_4) { transformation: [-2.750825359467417f,-0.13989170117261426f,0.19761448644769636f,0.013690488638592218f,-0.13218333287528716f,2.756059919882316f,0.11100727961833545f,0.6254141520157379f,-0.20285152161355813f,0.10112052987061661f,-2.7521422983228447f,-1.8137263404516764f,0f,0f,0f,1f], start_interpolation: 0, interpolation_duration: 1 }
$data merge entity $(bone_tail_3) { transformation: [-2.0786319125407005f,-0.05317511220233674f,0.11138808578166355f,-0.0046764542416928775f,-0.06532936787084069f,2.0683273272875513f,-0.2317318858801582f,0.6444671097447212f,-0.10472331118442885f,-0.23481908074568208f,-2.0663587668787735f,-1.4610503650212885f,0f,0f,0f,1f], start_interpolation: 0, interpolation_duration: 1 }
$data merge entity $(bone_tail_2) { transformation: [-1.9525537429095607f,0.015055630599486712f,0.07798130570779677f,-0.020613232219498352f,-0.0028611491468029412f,1.9041554561746998f,-0.4392694930773784f,0.7265773327130881f,-0.07936982977303661f,-0.43902073038769934f,-1.9025601444933158f,-1.1075317454820741f,0f,0f,0f,1f], start_interpolation: 0, interpolation_duration: 1 }
$data merge entity $(bone_tail_1) { transformation: [-1.5118123924061841f,0.019247590150488197f,0.04134090517258276f,-0.028300272597823695f,0.013216802653958973f,1.497259290224308f,-0.21376665774766596f,0.754262457431084f,-0.04364465940634609f,-0.21330822326014592f,-1.4967468041037884f,-0.7827993629293033f,0f,0f,0f,1f], start_interpolation: 0, interpolation_duration: 1 }
$data merge entity $(bone_tail_0) { transformation: [-1.278182826733364f,0.00866851500991464f,-0.0030388937885567143f,-0.02720305049355096f,0.008687199843688412f,1.2781617809256238f,-0.007919022915811641f,0.787420900601417f,0.0029850606042531066f,-0.007939471807885855f,-1.2781876899675684f,-0.40947480567254446f,0f,0f,0f,1f], start_interpolation: 0, interpolation_duration: 1 }
$data merge entity $(bone_body_1) { transformation: [-1.2333109124798258f,0.028561054144917705f,-0.08205519118593782f,-0.010050157632981373f,0.010015814273920167f,1.2066082529204336f,0.26944536088969717f,0.643505f,0.08630452872740842f,0.26811450021712724f,-1.203856610294893f,-0.14765442138662194f,0f,0f,0f,1f], start_interpolation: 0, interpolation_duration: 1 }