# This file was generated by Animated Java via MC-Build. It is not recommended to edit this file directly.
$data merge entity $(bone_head_lower) { transformation: [-0.9999999976723838f,0.000027150456680867062f,-0.00006259461011690469f,-0.00033316967222041054f,0.000040752292399321205f,0.9734717912804929f,-0.2288070582836094f,0.33350827042216197f,0.000054721871110801514f,-0.22880706030190817f,-0.9734717901210677f,1.0347859148450536f,0f,0f,0f,1f], start_interpolation: 0, interpolation_duration: 1 }
$data merge entity $(bone_head_upper) { transformation: [-0.9999999976723838f,0.00002635078417612195f,-0.00006293543268279314f,0.00005367216792604886f,0.000040752292399321205f,0.9704777326382883f,-0.24119073114963935f,0.3424241284364943f,0.000054721871110801514f,-0.241190733153003f,-0.9704777314532436f,1.0161187460144674f,0f,0f,0f,1f], start_interpolation: 0, interpolation_duration: 1 }
$data merge entity $(bone_neck_0) { transformation: [-0.9999999976723838f,0.00003573452621108567f,-0.000058122939964666076f,0.0000427765199177732f,0.000040752292399321205f,0.9960533385239194f,-0.08875666259276005f,0.3088445152357665f,0.000054721871110801514f,-0.08875666475481159f,-0.9960533376617535f,0.8305950868079628f,0f,0f,0f,1f], start_interpolation: 0, interpolation_duration: 1 }
$data merge entity $(bone_neck_1) { transformation: [-0.9999999976723838f,0.00005617650936566851f,-0.0000387225039112388f,0.00003646773593713264f,0.000040752292399321205f,0.9469536452777857f,0.3213701791304914f,0.3724590673060063f,0.000054721871110801514f,0.3213701768044343f,-0.9469536453629628f,0.6679321037613656f,0f,0f,0f,1f], start_interpolation: 0, interpolation_duration: 1 }
$data merge entity $(bone_neck_2) { transformation: [-0.9999999976723838f,0.00006527923351153393f,-0.00001984575989509022f,0.000041272923061785414f,0.000040752292399321205f,0.8047450926565158f,0.5936205304607535f,0.6216013070394921f,0.000054721871110801514f,0.5936205282702727f,-0.8047450934436566f,0.5702028013706615f,0f,0f,0f,1f], start_interpolation: 0, interpolation_duration: 1 }
$data merge entity $(bone_arm_right_2) { transformation: [-0.9947000357694117f,0.03561858289348825f,-0.0964528661730214f,-0.3798586870937386f,0.013338797496447702f,0.974855390278077f,0.22243885570449878f,0.15226220335132995f,0.10195055331718317f,0.21997337247593823f,-0.9701638006439339f,0.39355905502088695f,0f,0f,0f,1f], start_interpolation: 0, interpolation_duration: 1 }
$data merge entity $(bone_arm_right_1) { transformation: [-0.9462112984859012f,-0.31844201114274767f,-0.05726136705482184f,-0.33937886814064444f,-0.22534453012405414f,0.7756075740608299f,-0.5896208390166034f,0.42645600809871914f,0.23217239577691845f,-0.5450023638470171f,-0.8056478151403192f,0.18759103417942913f,0f,0f,0f,1f], start_interpolation: 0, interpolation_duration: 1 }
$data merge entity $(bone_arm_right_0) { transformation: [-0.8551988397928549f,0.5004797172360621f,0.13474048037715416f,-0.15934564620947742f,0.26667055649303545f,0.201962928712613f,0.9423894045061831f,0.500452700611794f,0.4444342006604012f,0.841861644251082f,-0.3061816670250113f,0.44261801720678784f,0f,0f,0f,1f], start_interpolation: 0, interpolation_duration: 1 }
$data merge entity $(bone_arm_left_2) { transformation: [-0.9484329747869098f,0.07064956883903435f,0.30900409505330395f,0.3448039791909588f,0.0776501169838931f,0.9969264307500465f,0.01039956750832921f,0.10175871298989614f,-0.3073196246080626f,0.03385749687781314f,-0.9510038476451759f,0.10676655149444303f,0f,0f,0f,1f], start_interpolation: 0, interpolation_duration: 1 }
$data merge entity $(bone_arm_left_1) { transformation: [-0.9716915797137322f,0.23612222678918168f,-0.007859257569888242f,0.27474222053667463f,0.23305651412358908f,0.963467895190661f,0.13196316213791837f,0.4371177785123376f,0.03873157804676859f,0.12639584230897583f,-0.9912234641638645f,0.15000231284839072f,0f,0f,0f,1f], start_interpolation: 0, interpolation_duration: 1 }
$data merge entity $(bone_arm_left_0) { transformation: [-0.9377032720071921f,-0.2899346555697046f,-0.191443122536911f,0.15940435304859488f,-0.24644324258538952f,0.16664268304007035f,0.9547229673435145f,0.5004397108185917f,-0.24490467911210845f,0.9424267142270978f,-0.22771382579920735f,0.4426005746103713f,0f,0f,0f,1f], start_interpolation: 0, interpolation_duration: 1 }
$data merge entity $(bone_finger_right_1_fire) { transformation: [0.000006223234137795968f,-0.000013990555450969079f,-0.0000065812987181337005f,-1.1628914515928148f,0.000015436784999907785f,0.000006021036040578932f,0.000001797379103708941f,1.314832092861283f,8.687942855307571e-7f,-0.000006766776259725668f,0.000015206370813511691f,1.2591398625373456f,0f,0f,0f,1f], start_interpolation: 0, interpolation_duration: 1 }
$data merge entity $(bone_finger_right_1_fire_s) { transformation: [0.0000037339404826775807f,-0.000008394333270581447f,-0.00000394877923088022f,-1.1628914515928148f,0.00000926207099994467f,0.000003612621624347359f,0.0000010784274622253646f,1.314832092861283f,5.212765713184542e-7f,-0.0000040600657558354005f,0.000009123822488107014f,1.2591398625373456f,0f,0f,0f,1f], start_interpolation: 0, interpolation_duration: 1 }
$data merge entity $(bone_finger_right_1) { transformation: [0.7423471966547849f,-1.6688829937464775f,-0.7850594314107837f,-0.7245048335521472f,1.8413985102129997f,0.7182277135509146f,0.21440288271666622f,1.189738256165685f,0.10363534266153608f,-0.8071843796281398f,1.8139132314088806f,0.3264890015819144f,0f,0f,0f,1f], start_interpolation: 0, interpolation_duration: 1 }
$data merge entity $(bone_finger_right_2_fire) { transformation: [0.000011374995881659425f,0.000009978560897343344f,0.0000069868139296835f,-0.31343026916010747f,-0.000012074515928737004f,0.000010499921215227838f,0.000004662134418746696f,1.4055312015557848f,-0.0000016103762158841352f,-0.00000824364935388428f,0.00001439537118490857f,0.7814691113552665f,0f,0f,0f,1f], start_interpolation: 0, interpolation_duration: 1 }
$data merge entity $(bone_finger_right_2_fire_s) { transformation: [0.000006824997528995655f,0.000005987136538406006f,0.0000041920883578101f,-0.31343026916010747f,-0.000007244709557242202f,0.000006299952729136702f,0.0000027972806512480173f,1.4055312015557848f,-9.66225729530481e-7f,-0.0000049461896123305675f,0.000008637222710945142f,0.7814691113552665f,0f,0f,0f,1f], start_interpolation: 0, interpolation_duration: 1 }
$data merge entity $(bone_finger_right_2) { transformation: [0.847896174267452f,0.7438054217842867f,0.5207995557034834f,-0.5379189630545854f,-0.9000386434086312f,0.7826678023555081f,0.34751713132042517f,1.2563056035913458f,-0.12003800676367897f,-0.6144845081158079f,1.0730360065029994f,0.317885756380045f,0f,0f,0f,1f], start_interpolation: 0, interpolation_duration: 1 }
$data merge entity $(bone_finger_film_right) { transformation: [1.1769418954361768f,-0.12692733616177432f,-0.05632718277943259f,-0.6282368824002258f,0.3475050112368965f,0.39158453722619757f,0.39356674413209436f,1.285568824262386f,-0.07626161445394142f,-0.17451126220198981f,0.9240899905108785f,0.37249525132355793f,0f,0f,0f,1f], start_interpolation: 0, interpolation_duration: 1 }
$data merge entity $(bone_finger_right_0_fire) { transformation: [0.000015945989457644996f,-0.000004797830379677541f,-6.957166393696841e-7f,-0.674156036673637f,0.00000477200370460781f,0.000015111672893246231f,0.000005161695534271106f,1.5327963178577708f,-8.550898418657178e-7f,-0.00000513769829720938f,0.000015831950459339113f,1.0280579434034107f,0f,0f,0f,1f], start_interpolation: 0, interpolation_duration: 1 }
$data merge entity $(bone_finger_right_0_fire_s) { transformation: [0.000009567593674586997f,-0.0000028786982278065245f,-4.174299836218105e-7f,-0.674156036673637f,0.000002863202222764686f,0.000009067003735947739f,0.0000030970173205626635f,1.5327963178577708f,-5.130539051194307e-7f,-0.000003082618978325628f,0.000009499170275603467f,1.0280579434034107f,0f,0f,0f,1f], start_interpolation: 0, interpolation_duration: 1 }
$data merge entity $(bone_fire_large_right) { transformation: [0.000025513583132231993f,-0.000007676528607484064f,-0.0000011131466229914945f,-0.64179424405268f,0.000007635205927372496f,0.00002417867662919397f,0.000008258712854833769f,1.436534662787062f,-0.0000013681437469851484f,-0.000008220317275535006f,0.000025331120734942577f,1.0674575998749836f,0f,0f,0f,1f], start_interpolation: 0, interpolation_duration: 1 }
$data merge entity $(bone_finger_right_0) { transformation: [1.3993239602164425f,-0.4210286871924634f,-0.06105190057833128f,-0.6250675471592482f,0.41876229379406116f,1.3261093652821074f,0.4529593008720383f,1.2504150484303405f,-0.07503753260583815f,-0.45085344793085447f,1.3893165848100828f,0.382975227500891f,0f,0f,0f,1f], start_interpolation: 0, interpolation_duration: 1 }
$data merge entity $(bone_wing_right_1_model) { transformation: [-0.7752886004766463f,-0.5426950372323769f,0.36794940627231987f,-0.3757683677349334f,-0.11650372411274564f,0.67475969882705f,0.7497354961241534f,0.894046865245704f,-0.6452375928916919f,0.53024383866672f,-0.5774833359649066f,0.12576811145874087f,0f,0f,0f,1f], start_interpolation: 0, interpolation_duration: 1 }
$data merge entity $(bone_wing_right_0) { transformation: [-0.9318492664581937f,-0.013316450653930171f,-0.3626011813870827f,-0.1744374720013883f,-0.16503194225979712f,0.9055344951492518f,0.390860251405472f,0.7803067077872674f,0.3231430064774506f,0.4240636157898616f,-0.8460192947728458f,0.5320621606226288f,0f,0f,0f,1f], start_interpolation: 0, interpolation_duration: 1 }
$data merge entity $(bone_finger_left_1_fire) { transformation: [0.000002743394395956064f,0.000015155822514209359f,0.000006368093033538369f,1.1792297207193196f,-0.000016329071661446778f,0.0000032587276436623563f,-7.210343941481517e-7f,1.0965324159666974f,-0.0000019007850066093052f,-0.000006120417946512619f,0.000015385229224695803f,1.2717824738195935f,0f,0f,0f,1f], start_interpolation: 0, interpolation_duration: 1 }
$data merge entity $(bone_finger_left_1_fire_s) { transformation: [0.0000016460366375736383f,0.000009093493508525614f,0.000003820855820123021f,1.1792297207193196f,-0.000009797442996868067f,0.0000019552365861974136f,-4.32620636488891e-7f,1.0965324159666974f,-0.0000011404710039655831f,-0.000003672250767907571f,0.000009231137534817482f,1.2717824738195935f,0f,0f,0f,1f], start_interpolation: 0, interpolation_duration: 1 }
$data merge entity $(bone_finger_left_1) { transformation: [0.3272496412737734f,1.807883506758983f,0.759626892835871f,0.7515370104514231f,-1.9478361738360048f,0.38872188919296524f,-0.08600959715411408f,1.1338949172645567f,-0.2267378006124002f,-0.7300826233348827f,1.8352486073887535f,0.326609520134536f,0f,0f,0f,1f], start_interpolation: 0, interpolation_duration: 1 }
$data merge entity $(bone_finger_left_2_fire) { transformation: [0.000013674672946749228f,-0.000007214124998816203f,-0.000006223945539501298f,0.3840707481628967f,0.000009155692168917295f,0.00001296273316053895f,0.0000050910340496276745f,1.4030478787678702f,0.0000026371193536223112f,-0.000007596165301512147f,0.000014598686653416184f,0.790377805437992f,0f,0f,0f,1f], start_interpolation: 0, interpolation_duration: 1 }
$data merge entity $(bone_finger_left_2_fire_s) { transformation: [0.000008204803768049537f,-0.0000043284749992897215f,-0.0000037343673237007787f,0.3840707481628967f,0.000005493415301350377f,0.00000777763989632337f,0.0000030546204297766045f,1.4030478787678702f,0.0000015822716121733866f,-0.000004557699180907288f,0.00000875921199204971f,0.790377805437992f,0f,0f,0f,1f], start_interpolation: 0, interpolation_duration: 1 }
$data merge entity $(bone_finger_left_2) { transformation: [1.0193149075862187f,-0.5377434023555092f,-0.4639350788953655f,0.5842029243298119f,0.6824684987633541f,0.9662466667431794f,0.37948745992116417f,1.2400979543228954f,0.1965717996107808f,-0.5662208202325708f,1.0881912126859707f,0.3203060939189436f,0f,0f,0f,1f], start_interpolation: 0, interpolation_duration: 1 }
$data merge entity $(bone_finger_film_left) { transformation: [1.0705911821673342f,0.2140076166186066f,0.11350458295294268f,0.6770886617250387f,-0.6009332582041825f,0.36523385825436755f,0.3081424055415599f,1.2451214158798314f,0.06694424363927891f,-0.1439032588545625f,0.9508810712832289f,0.37812360164354286f,0f,0f,0f,1f], start_interpolation: 0, interpolation_duration: 1 }
$data merge entity $(bone_finger_left_0_fire) { transformation: [0.000014496420985514176f,0.00000811420826454649f,0.0000013383499647281402f,0.756478515710113f,-0.000008191846416347776f,0.000014008502445207798f,0.0000037991169120409067f,1.4312937449922338f,7.247128255333645e-7f,-0.000003962229329550536f,0.0000161726098029457f,1.0504550381558613f,0f,0f,0f,1f], start_interpolation: 0, interpolation_duration: 1 }
$data merge entity $(bone_finger_left_0_fire_s) { transformation: [0.000008697852591308505f,0.000004868524958727894f,8.030099788368841e-7f,0.756478515710113f,-0.000004915107849808665f,0.000008405101467124679f,0.000002279470147224544f,1.4312937449922338f,4.348276953200187e-7f,-0.000002377337597730321f,0.000009703565881767418f,1.0504550381558613f,0f,0f,0f,1f], start_interpolation: 0, interpolation_duration: 1 }
$data merge entity $(bone_fire_large_left) { transformation: [0.00002319427357682268f,0.000012982733223274382f,0.000002141359943565024f,0.7028404376060329f,-0.000013106954266156438f,0.000022413603912332475f,0.00000607858705926545f,1.3420007340178115f,0.0000011595405208533833f,-0.000006339566927280856f,0.000025876175684713113f,1.0823241385054818f,0f,0f,0f,1f], start_interpolation: 0, interpolation_duration: 1 }
$data merge entity $(bone_finger_left_0) { transformation: [1.2721185647522864f,0.712054029191806f,0.11744552934600408f,0.6660531038905355f,-0.7188670856240221f,1.229301773364204f,0.3333876105213149f,1.2108852020491159f,0.06359643117403424f,-0.3477013735296444f,1.4192107963324516f,0.38598239720111577f,0f,0f,0f,1f], start_interpolation: 0, interpolation_duration: 1 }
$data merge entity $(bone_wing_left_1_model) { transformation: [-0.7339815289842564f,0.6205367478017829f,-0.3273871451040195f,0.3764579727928858f,0.14837013930646006f,0.6003658714695219f,0.8053100056367505f,0.8895822495659362f,0.6857364653523652f,0.5342958431843434f,-0.5246623057584915f,0.12482547854721107f,0f,0f,0f,1f], start_interpolation: 0, interpolation_duration: 1 }
$data merge entity $(bone_wing_left_0) { transformation: [-0.9281915934593553f,0.047222924614265104f,0.36909397342988215f,0.17452877718635226f,0.19835658266023395f,0.9020235281493382f,0.38341651083433254f,0.7802924866126099f,-0.3148253991448861f,0.42909620139998395f,-0.8466176338804714f,0.5320430645364743f,0f,0f,0f,1f], start_interpolation: 0, interpolation_duration: 1 }
$data merge entity $(bone_body_0) { transformation: [-0.9999999976723838f,0.000057437004732554307f,-0.000036826933092771665f,0.000014447090113106919f,0.000040752292399321205f,0.9357058491223675f,0.35278118183576584f,0.6411805511948354f,0.000054721871110801514f,0.3527811795138448f,-0.9357058492850931f,0.06540039954705357f,0f,0f,0f,1f], start_interpolation: 0, interpolation_duration: 1 }
$data merge entity $(bone_leg_right_3) { transformation: [-0.993685839727483f,-0.030651734317385854f,0.10793017700542946f,-0.2700038997691324f,-0.006944210726713054f,0.9769168847398423f,0.21350685761254787f,0.03941030319410968f,-0.1119831677640438f,0.2114092512014038f,-0.9709613270589059f,-0.20613341199018237f,0f,0f,0f,1f], start_interpolation: 0, interpolation_duration: 1 }
$data merge entity $(bone_leg_right_2) { transformation: [-0.8922959113074687f,0.3801813731600543f,0.243454575159535f,-0.20109999768969022f,0.3388652965538041f,0.9203532453256733f,-0.19524398738502385f,0.19612131205463149f,-0.2982923355627438f,-0.09171710484220741f,-0.9500577115227722f,-0.21326985954199068f,0f,0f,0f,1f], start_interpolation: 0, interpolation_duration: 1 }
$data merge entity $(bone_leg_right_1) { transformation: [-0.9270662448600713f,0.35846825024961265f,0.1097665304363191f,-0.24585178058441126f,0.2669514226602187f,0.8367745182643762f,-0.4780641625588623f,0.33851651441934205f,-0.26322065948692475f,-0.41389481652516763f,-0.8714390198246039f,0.07099912343260883f,0f,0f,0f,1f], start_interpolation: 0, interpolation_duration: 1 }
$data merge entity $(bone_leg_right_0) { transformation: [-0.9270662448600713f,0.3412394644691858f,-0.15525400326506758f,-0.09365605492943409f,0.2669514226602187f,0.31010324237606335f,-0.9124543369437934f,0.508620536896879f,-0.26322065948692475f,-0.887350892802073f,-0.3785806089363699f,-0.19911316260412143f,0f,0f,0f,1f], start_interpolation: 0, interpolation_duration: 1 }
$data merge entity $(bone_leg_left_3) { transformation: [-0.9980278070963736f,-0.05080667483461897f,-0.03686703208359797f,0.2835764928299739f,-0.055705211705212865f,0.987562008075408f,0.1470313218159479f,0.04343906400076655f,0.028938307678251424f,0.14879503351361167f,-0.9884445418688912f,-0.15734466671795586f,0f,0f,0f,1f], start_interpolation: 0, interpolation_duration: 1 }
$data merge entity $(bone_leg_left_2) { transformation: [-0.8919562597352217f,-0.43120447008618856f,-0.13592915690477553f,0.2051885015960624f,-0.337192565819854f,0.8347271982382299f,-0.4353523608264662f,0.18720243644488366f,0.3011896483529556f,-0.34248096224322266f,-0.8899390913011853f,-0.20778703459776393f,0f,0f,0f,1f], start_interpolation: 0, interpolation_duration: 1 }
$data merge entity $(bone_leg_left_1) { transformation: [-0.927059186139531f,-0.3622846334480468f,-0.09649409184880184f,0.24573917245647608f,-0.26687586279833364f,0.8184457386591497f,-0.5088456020506842f,0.3397358082540822f,0.2633221207000193f,-0.4459780456906963f,-0.8554326645107444f,0.07181479656119588f,0f,0f,0f,1f], start_interpolation: 0, interpolation_duration: 1 }
$data merge entity $(bone_leg_left_0) { transformation: [-0.927059186139531f,-0.34064715210909186f,0.15659113370263295f,0.09364519463460046f,-0.26687586279833364f,0.3062401796721227f,-0.9137801848420826f,0.5086129039415723f,0.2633221207000193f,-0.8889187083835908f,-0.37481327435897105f,-0.19912341207898282f,0f,0f,0f,1f], start_interpolation: 0, interpolation_duration: 1 }
$data merge entity $(bone_tail_3) { transformation: [-2.442234160982083f,0.00015408237686615107f,-0.00006344124390286204f,-0.00009453875008237414f,0.00009952664086761255f,2.09459647919858f,1.2558556064521864f,0.10836051383983213f,0.00013364362329072908f,1.25585560094366f,-2.094596480602373f,-1.5294317984709145f,0f,0f,0f,1f], start_interpolation: 0, interpolation_duration: 1 }
$data merge entity $(bone_tail_2) { transformation: [-1.1562499973086937f,0.00004953544262293575f,-0.00006139939524033119f,-0.00006964384170818748f,0.00004711983808671515f,1.1553821670631863f,0.044789600490474334f,0.08417948388669176f,0.00006327216347186425f,0.04478959788405524f,-1.1553821663925827f,-1.0564885274521811f,0f,0f,0f,1f], start_interpolation: 0, interpolation_duration: 1 }
$data merge entity $(bone_tail_1) { transformation: [-1.3854166634419485f,0.00003937686112184667f,-0.00008593381126839729f,-0.00004410546277861488f,0.00005645890509489292f,1.3548531207071426f,-0.28939999723615517f,0.16409851908931408f,0.0000758125922680896f,-0.28940000006454286f,-1.354853119158262f,-0.649311387361991f,0f,0f,0f,1f], start_interpolation: 0, interpolation_duration: 1 }
$data merge entity $(bone_tail_0) { transformation: [-1.1979166638783765f,0.000010363242007734826f,-0.00008107331297784381f,-0.00001986285018612491f,0.000048817850270020194f,1.0437307345134221f,-0.5879034714361427f,0.3553570377998284f,0.00006555224143481432f,-0.5879034733716525f,-1.0437307325063434f,-0.34872975292910313f,0f,0f,0f,1f], start_interpolation: 0, interpolation_duration: 1 }
$data merge entity $(bone_body_1) { transformation: [-1.020833330957225f,9.249795929754505e-7f,-0.00006964456510055368f,1.522405723039963e-17f,0.00004160129849097373f,0.8267634199687326f,-0.5988012526000435f,0.5414175560026534f,0.000055861910092276544f,-0.5988012540444396f,-0.8267634180820399f,-0.12431386127820049f,0f,0f,0f,1f], start_interpolation: 0, interpolation_duration: 1 }
data modify entity @s data merge value {"locators":{"body_1":{"posx":-0.000006952467054527477,"posy":0.3183860818059524,"posz":-0.08526956748880453,"roty":359.99517354112487,"rotx":-35.9147462956685},"body_0":{"posx":0.00001277518344654437,"posy":0.43720882252076965,"posz":0.18674875132406005,"roty":359.99774498808665,"rotx":20.65751927693532},"neck_1":{"posx":0.000025007900611088225,"posy":0.31106698407049416,"posz":0.5042321609320156,"roty":359.998587032972,"rotx":36.41435519727768},"neck_0":{"posx":0.00003626919838592975,"posy":0.17579434894971874,"posz":0.8107634872226306,"roty":359.9976570806228,"rotx":18.745807762522826},"head_0":{"posx":0.00005416751264577682,"posy":0.11968828466060633,"posz":1.1796245028593462,"roty":359.99628437154956,"rotx":-13.956828928256646},"arm_right_0":{"posx":-0.3260956406795188,"posy":0.0035861266561560967,"posz":0.40085314486704604,"roty":355.93454268052693,"rotx":-36.130106403323744},"arm_left_0":{"posx":0.2967453055146891,"posy":-0.015628436810525823,"posz":0.012115267118045099,"roty":359.5457201436675,"rotx":7.583050707274168},"finger_right_0":{"posx":-0.5301271379465373,"posy":1.0921689190129773,"posz":0.2965612832001138,"roty":203.40290204963628,"rotx":6.190974222206073},"finger_right_1":{"posx":-0.7107875722971624,"posy":1.283697296650453,"posz":0.8405040630189711,"roty":203.40290204963628,"rotx":6.190974222206073},"finger_right_2":{"posx":-0.9530815831047627,"posy":1.3786000389262565,"posz":1.4258996004494358,"roty":203.40290204963628,"rotx":6.190974222206073},"finger_right_3":{"posx":-1.213104136221867,"posy":1.48044715052715,"posz":2.05412859965054,"roty":203.40290204963628,"rotx":6.190974222206073},"finger_left_0":{"posx":0.5415621428475068,"posy":1.083474875441936,"posz":0.2870303995502016,"roty":157.5148701882941,"rotx":-2.4795075142368117},"finger_left_1":{"posx":0.7435711445268733,"posy":1.1935154530179772,"posz":0.845849238016214,"roty":157.5148701882941,"rotx":-2.4795075142368117},"finger_left_2":{"posx":0.9835122434728456,"posy":1.193204786087317,"posz":1.4398433675586373,"roty":157.5148701882941,"rotx":-2.4795075142368117},"finger_left_3":{"posx":1.2410097957320705,"posy":1.1928717338088386,"posz":2.077300140496922,"roty":157.5148701882941,"rotx":-2.4795075142368117},"leg_right_0":{"posx":-0.294089206372431,"posy":0.29357231222667807,"posz":0.19336364654465452,"roty":337.70171270433013,"rotx":-65.84675717646844},"leg_left_0":{"posx":0.29389718275297005,"posy":0.2953255664864712,"posz":0.19440534898777256,"roty":22.67441042679397,"rotx":-66.03308678054393},"tail_0":{"posx":-0.00003365365994160047,"posy":0.10618814932318307,"posz":-0.4151859294000847,"roty":359.9955494664373,"rotx":-29.391308803328414},"tail_1":{"posx":-0.00006442210078473745,"posy":-0.06674654976954619,"posz":-0.8486680978017069,"roty":359.9963659199459,"rotx":-12.057324444964586},"tail_2":{"posx":-0.00009214463378529741,"posy":-0.1091220595331288,"posz":-1.3237182604494802,"roty":359.9969551839115,"rotx":2.220019293028485},"tail_3":{"posx":-0.00011441129977920101,"posy":0.02123830896813999,"posz":-1.827705957446897,"roty":359.9982646225394,"rotx":30.945605203847165},"tail_4":{"posx":-0.00012577611671048852,"posy":0.2462113419892698,"posz":-2.2029304026581795,"roty":359.9982646225394,"rotx":30.945605203847165},"shadow":{"posx":2.516232135628731e-18,"posy":0.24867191566212338,"posz":-0.02054659463757738,"roty":0,"rotx":-5.986328125}},"cameras":{}}