# This file was generated by Animated Java via MC-Build. It is not recommended to edit this file directly.
$data merge entity $(bone_head_lower) { transformation: [-0.999772159175987f,0.009907520763247574f,-0.01890689738984803f,0.009682494543623629f,-0.004137684586642736f,0.7790035428471765f,0.6270058690297953f,1.381488588042268f,0.020940613717030442f,0.6269412422738462f,-0.7787850598421113f,1.0343876381710844f,0f,0f,0f,1f], start_interpolation: 0, interpolation_duration: 1 }
$data merge entity $(bone_head_upper) { transformation: [-0.999772159175987f,-0.0027143510178218224f,-0.021172199581915754f,0.009696171568714851f,-0.004137684586642736f,0.9977123658613036f,0.0674752886151801f,1.3956923827227474f,0.020940613717030442f,0.0675475188736972f,-0.9974962773821072f,1.0193424597904737f,0f,0f,0f,1f], start_interpolation: 0, interpolation_duration: 1 }
$data merge entity $(bone_neck_0) { transformation: [-0.999772159175987f,0.0004725578700286329f,-0.021340253645256844f,0.005681672658387119f,-0.004137684586642736f,0.976501581360984f,0.21547051112799484f,1.4195700800255144f,0.020940613717030442f,0.21550971738777228f,-0.9762771391406218f,0.8323655680717018f,0f,0f,0f,1f], start_interpolation: 0, interpolation_duration: 1 }
$data merge entity $(bone_neck_1) { transformation: [-0.9999534808971668f,-0.00606423503323402f,-0.0075007396369225175f,0.004324656038383989f,-0.0060758849348025775f,0.9999803690927132f,0.0015313560854232078f,1.42780211180383f,0.007491305887376546f,0.001576858479072074f,-0.9999706964973719f,0.6579051155696822f,0f,0f,0f,1f], start_interpolation: 0, interpolation_duration: 1 }
$data merge entity $(bone_neck_2) { transformation: [-0.9999534808971668f,-0.0030838880366178133f,-0.009139238273335962f,0.0018148262900754815f,-0.0060758849348025775f,0.9372852194098455f,0.348510403141853f,1.6403009030978963f,0.007491305887376546f,0.3485497197107116f,-0.9372603550912022f,0.49523724338381825f,0f,0f,0f,1f], start_interpolation: 0, interpolation_duration: 1 }
$data merge entity $(bone_arm_right_2) { transformation: [-0.8304163100167099f,0.3986124950571052f,0.38925162920992507f,-0.4201728449183177f,0.2318435984044346f,-0.3880580102704387f,0.8919974924537802f,1.0841022516478709f,0.5066135587774125f,0.8309747646284438f,0.22983394573819527f,0.8170652059249961f,0f,0f,0f,1f], start_interpolation: 0, interpolation_duration: 1 }
$data merge entity $(bone_arm_right_1) { transformation: [-0.7768323066621132f,-0.36857893400514097f,-0.5105694240097567f,-0.42127383860645223f,-0.009554595052502281f,0.8176098294907552f,-0.5756933875193297f,1.33951151956627f,0.6296350347934931f,-0.44233893806416374f,-0.6386673522522226f,0.5846677498546724f,0f,0f,0f,1f], start_interpolation: 0, interpolation_duration: 1 }
$data merge entity $(bone_arm_right_0) { transformation: [-0.3991580313420062f,0.8213020569703862f,-0.4075975922786918f,-0.15681230402393892f,0.8877843087039251f,0.45730586574264237f,0.052061179168997135f,1.4680162097991059f,0.22915472335142512f,-0.34107810890408213f,-0.9116763879755507f,0.456321051851751f,0f,0f,0f,1f], start_interpolation: 0, interpolation_duration: 1 }
$data merge entity $(bone_arm_left_2) { transformation: [-0.9804016909040034f,-0.14897723146803493f,-0.12891202029558907f,0.4187909112763889f,-0.10321261171031298f,-0.16895446426652005f,0.9802048488904499f,1.0536854899301011f,-0.16780846598579846f,0.9742998375800607f,0.1502669133074891f,0.5881918593253943f,0f,0f,0f,1f], start_interpolation: 0, interpolation_duration: 1 }
$data merge entity $(bone_arm_left_1) { transformation: [-0.9514008927953558f,0.27190822552586924f,-0.14457613246858236f,0.3626301311674349f,0.27466089093062884f,0.5368943928240464f,-0.7976877872622172f,1.2602825831743047f,-0.13927575589955765f,-0.7986302823243506f,-0.5854843601439199f,0.317254058798647f,0f,0f,0f,1f], start_interpolation: 0, interpolation_duration: 1 }
$data merge entity $(bone_arm_left_0) { transformation: [-0.8165475343343678f,-0.5697398547097461f,-0.09298721486194761f,0.16192286801203298f,-0.5237242877640882f,0.6633678264813475f,0.5344679571269093f,1.4699528981220742f,-0.24282296962697575f,0.4851181554474444f,-0.8400579626887696f,0.45393319810014965f,0f,0f,0f,1f], start_interpolation: 0, interpolation_duration: 1 }
$data merge entity $(bone_finger_right_1_fire) { transformation: [0.000007412502206979331f,-0.000009547580174490346f,-0.000011475029482357917f,-1.7387462106785168f,0.000011093689578509349f,-0.000005049159170548998f,0.000011367225738231467f,2.655548963995849f,-0.00000998812496642776f,-0.00001269360005120367f,0.000004109459231198487f,0.4441793238408196f,0f,0f,0f,1f], start_interpolation: 0, interpolation_duration: 1 }
$data merge entity $(bone_finger_right_1_fire_s) { transformation: [0.000004447501324187599f,-0.000005728548104694207f,-0.00000688501768941475f,-1.7387462106785168f,0.000006656213747105609f,-0.0000030294955023293988f,0.00000682033544293888f,2.655548963995849f,-0.000005992874979856655f,-0.0000076161600307222016f,0.0000024656755387190924f,0.4441793238408196f,0f,0f,0f,1f], start_interpolation: 0, interpolation_duration: 1 }
$data merge entity $(bone_finger_right_1) { transformation: [0.8842107032626192f,-1.1388964677263251f,-1.3688149568443393f,-1.0049750147682668f,1.3233262925378975f,-0.6022960204817759f,1.355955436300974f,1.9578506568647784f,-1.1914474699952882f,-1.5141738531479012f,0.4902025976364352f,0.2151251215738771f,0f,0f,0f,1f], start_interpolation: 0, interpolation_duration: 1 }
$data merge entity $(bone_finger_right_2_fire) { transformation: [0.00000947273107074921f,0.000013611121798625545f,0.0000016680848965268458f,-0.7685023033609581f,-0.000005610304019217794f,0.0000019968011975908183f,0.000015566472033412913f,2.5340104850394005f,0.000012512778774156807f,-0.000009408928001534406f,0.000005716661524765172f,0.401340862629989f,0f,0f,0f,1f], start_interpolation: 0, interpolation_duration: 1 }
$data merge entity $(bone_finger_right_2_fire_s) { transformation: [0.000005683638642449525f,0.000008166673079175326f,0.0000010008509379161075f,-0.7685023033609581f,-0.000003366182411530676f,0.0000011980807185544908f,0.000009339883220047747f,2.5340104850394005f,0.000007507667264494084f,-0.000005645356800920643f,0.000003429996914859103f,0.401340862629989f,0f,0f,0f,1f], start_interpolation: 0, interpolation_duration: 1 }
$data merge entity $(bone_finger_right_2) { transformation: [0.7061006894695206f,1.0145777827621774f,0.12433963201682484f,-0.8216309007325568f,-0.418194025198901f,0.1488422601488387f,1.1603302736358099f,2.0333625957428065f,0.9327069092982192f,-0.701344786359175f,0.42612195088752947f,0.21667353236129505f,0f,0f,0f,1f], start_interpolation: 0, interpolation_duration: 1 }
$data merge entity $(bone_finger_film_right) { transformation: [1.1552213677163443f,-0.0004410571973613969f,-0.34444377126405007f,-0.9211278758550727f,0.4171288202326476f,0.061603825211575355f,0.9361199357599956f,2.0718555435053183f,0.05687645215444304f,-0.442840776445622f,0.13056721824064468f,0.1918843312653515f,0f,0f,0f,1f], start_interpolation: 0, interpolation_duration: 1 }
$data merge entity $(bone_finger_right_0_fire) { transformation: [0.000015593696662689374f,-5.194358800672302e-7f,-0.000005860425627572362f,-1.17513723240229f,0.000005827521052091009f,0.0000036463348989183356f,0.000015182951556602695f,2.715995978117111f,8.089502810706312e-7f,-0.000016254605684211685f,0.000003593211832236824f,0.30830938376791506f,0f,0f,0f,1f], start_interpolation: 0, interpolation_duration: 1 }
$data merge entity $(bone_finger_right_0_fire_s) { transformation: [0.000009356217997613625f,-3.1166152804033805e-7f,-0.000003516255376543417f,-1.17513723240229f,0.000003496512631254605f,0.0000021878009393510013f,0.000009109770933961616f,2.715995978117111f,4.853701686423787e-7f,-0.000009752763410527011f,0.0000021559270993420943f,0.30830938376791506f,0f,0f,0f,1f], start_interpolation: 0, interpolation_duration: 1 }
$data merge entity $(bone_fire_large_right) { transformation: [0.000024949914660302997f,-8.310974081075681e-7f,-0.000009376681004115778f,-1.1726598678853184f,0.000009324033683345613f,0.0000058341358382693365f,0.000024292722490564307f,2.6983932841090823f,0.0000012943204497130099f,-0.000026007369094738697f,0.000005749138931578918f,0.41577999657616904f,0f,0f,0f,1f], start_interpolation: 0, interpolation_duration: 1 }
$data merge entity $(bone_finger_right_0) { transformation: [1.3684088670952268f,-0.0455825632335227f,-0.5142756440113443f,-0.9267143487814765f,0.511388136717168f,0.31998038156130715f,1.3323643513243237f,2.060359068371887f,0.07098860274131513f,-1.42640626084717f,0.31531862129581445f,0.2264138102875699f,0f,0f,0f,1f], start_interpolation: 0, interpolation_duration: 1 }
$data merge entity $(bone_wing_right_1_model) { transformation: [-0.6516682828694869f,-0.6676609915966653f,0.4006673588451302f,-0.6144899495031128f,-0.575544681573311f,0.7649243637662142f,0.33855002624629793f,1.6636157287876556f,-0.5244557671114419f,-0.00982858376626454f,-0.869382902021048f,0.246773338314802f,0f,0f,0f,1f], start_interpolation: 0, interpolation_duration: 1 }
$data merge entity $(bone_wing_right_0) { transformation: [-0.39461966000990245f,0.02820790137658544f,-0.9184114754474694f,-0.17423042520937848f,0.22619968304541663f,0.9717500451518682f,-0.0673465154072233f,1.7509184380834553f,0.8905666888694086f,-0.23432064366434102f,-0.3898522907831977f,0.3775224375529186f,0f,0f,0f,1f], start_interpolation: 0, interpolation_duration: 1 }
$data merge entity $(bone_finger_left_1_fire) { transformation: [0.000007664237602840606f,0.0000115131669799325f,0.000009299689555956909f,1.5979339220148239f,-0.000007017408382195506f,-0.000006393626089914993f,0.000013698733620215713f,2.7925467903752783f,0.000013030472721374087f,-0.000010215004125908524f,0.00000190741949842593f,0.32511899469428185f,0f,0f,0f,1f], start_interpolation: 0, interpolation_duration: 1 }
$data merge entity $(bone_finger_left_1_fire_s) { transformation: [0.000004598542561704364f,0.0000069079001879595f,0.000005579813733574145f,1.5979339220148239f,-0.000004210445029317304f,-0.000003836175653948996f,0.000008219240172129428f,2.7925467903752783f,0.000007818283632824452f,-0.000006129002475545115f,0.000001144451699055558f,0.32511899469428185f,0f,0f,0f,1f], start_interpolation: 0, interpolation_duration: 1 }
$data merge entity $(bone_finger_left_1) { transformation: [0.9142393123874856f,1.37336424163502f,1.109326488247698f,0.9955221681870181f,-0.8370813832419259f,-0.7626726392120358f,1.6340726181144996f,1.9526854199358192f,1.554358181230918f,-1.2185110681647746f,0.22752920525703485f,0.2281556996237966f,0f,0f,0f,1f], start_interpolation: 0, interpolation_duration: 1 }
$data merge entity $(bone_finger_left_2_fire) { transformation: [0.000009982150558062017f,-0.000012605392810287097f,-0.000004386173743973474f,0.6640346678954366f,0.000003839999975075608f,-0.0000025331697360554803f,0.000016019214370796393f,2.5116878836248713f,-0.000012782364734483966f,-0.000010604947004321743f,0.0000013870935829733184f,0.24186977267377424f,0f,0f,0f,1f], start_interpolation: 0, interpolation_duration: 1 }
$data merge entity $(bone_finger_left_2_fire_s) { transformation: [0.00000598929033483721f,-0.0000075632356861722585f,-0.0000026317042463840846f,0.6640346678954366f,0.0000023039999850453647f,-0.000001519901841633288f,0.000009611528622477836f,2.5116878836248713f,-0.000007669418840690379f,-0.000006362968202593045f,8.32256149783991e-7f,0.24186977267377424f,0f,0f,0f,1f], start_interpolation: 0, interpolation_duration: 1 }
$data merge entity $(bone_finger_left_2) { transformation: [0.744072996350638f,-0.9396103919662837f,-0.32694692603659314f,0.8046816884027959f,0.286234942142127f,-0.18882335873498307f,1.1940778459241927f,1.996200223247771f,-0.9528019411360915f,-0.790496461433594f,0.10339444115758516f,0.19643996521522544f,0f,0f,0f,1f], start_interpolation: 0, interpolation_duration: 1 }
$data merge entity $(bone_finger_film_left) { transformation: [1.199869658693575f,0.042149534184818996f,0.19813718955948573f,0.9002389649959299f,-0.2294661073047932f,-0.04836175078298078f,0.9823040196068235f,2.0428365815931757f,0.139376826092884f,-0.44247908077593756f,-0.08848904647890267f,0.17017751012558469f,0f,0f,0f,1f], start_interpolation: 0, interpolation_duration: 1 }
$data merge entity $(bone_finger_left_0_fire) { transformation: [0.000016227579959851318f,0.000001855794771583989f,0.000003316542203888159f,1.0503078779291786f,-0.0000032959005898933055f,-3.6951785879706933e-7f,0.00001633334851251723f,2.7279031477022357f,0.0000018922118607467655f,-0.000016558902744311575f,7.208068929721405e-9f,0.1361838793074655f,0f,0f,0f,1f], start_interpolation: 0, interpolation_duration: 1 }
$data merge entity $(bone_finger_left_0_fire_s) { transformation: [0.00000973654797591079f,0.0000011134768629503933f,0.0000019899253223328953f,1.0503078779291786f,-0.000001977540353935983f,-2.217107152782416e-7f,0.000009800009107510337f,2.7279031477022357f,0.0000011353271164480593f,-0.000009935341646586944f,4.324841357832843e-9f,0.1361838793074655f,0f,0f,0f,1f], start_interpolation: 0, interpolation_duration: 1 }
$data merge entity $(bone_fire_large_left) { transformation: [0.000025964127935762106f,0.000002969271634534382f,0.000005306467526221054f,1.0381030017615607f,-0.000005273440943829288f,-5.912285740753109e-7f,0.000026133357620027564f,2.7367247167676494f,0.000003027538977194825f,-0.000026494244390898517f,1.1532910287554246e-8f,0.24406875176708853f,0f,0f,0f,1f], start_interpolation: 0, interpolation_duration: 1 }
$data merge entity $(bone_finger_left_0) { transformation: [1.4240346461072932f,0.16285336799071207f,0.29103976164644635f,0.9033879419726194f,-0.28922837796798234f,-0.032426660942931555f,1.433316257033724f,2.0410949041914273f,0.16604911232267514f,-1.453109537451749f,0.0006325367006570489f,0.20682055920212014f,0f,0f,0f,1f], start_interpolation: 0, interpolation_duration: 1 }
$data merge entity $(bone_wing_left_1_model) { transformation: [-0.7130399320329525f,0.6736649460161492f,-0.26215773663453346f,0.5854097246775467f,0.5827553035858442f,0.7535741696963564f,0.3514246860293934f,1.649554308891501f,0.4277235024064649f,0.09632546037962196f,-0.9158335515876457f,0.17699307273909085f,0f,0f,0f,1f], start_interpolation: 0, interpolation_duration: 1 }
$data merge entity $(bone_wing_left_0) { transformation: [-0.5365034402133132f,-0.022250161099854882f,0.8436047587409108f,0.17471959119375252f,-0.1969571204656937f,0.9753466384168322f,-0.09953304791297907f,1.7530387168645847f,-0.8205924392395668f,-0.2195537867129957f,-0.5276591545712462f,0.3749082246297979f,0f,0f,0f,1f], start_interpolation: 0, interpolation_duration: 1 }
$data merge entity $(bone_body_0) { transformation: [-0.9999534808971668f,-0.007568846147051313f,-0.0059790141027990466f,0.0001585933341609644f,-0.0060758849348025775f,0.9757070586190132f,-0.21899502136645183f,1.379463489473339f,0.007491305887376546f,-0.21894850611282063f,-0.9757076570402972f,0.06260586107984048f,0f,0f,0f,1f], start_interpolation: 0, interpolation_duration: 1 }
$data merge entity $(bone_leg_right_3) { transformation: [-0.9923503134125786f,-0.11871547307246623f,0.033874650155206576f,-0.2062435740678185f,-0.014199950903142465f,0.3823314696149357f,0.923916126461938f,0.73010128969867f,-0.12263448480874142f,0.916367439292375f,-0.38109250758894564f,-0.47419839700943256f,0f,0f,0f,1f], start_interpolation: 0, interpolation_duration: 1 }
$data merge entity $(bone_leg_right_2) { transformation: [-0.8961269962461815f,0.3628963800420653f,0.25546550442508104f,-0.1403574237926567f,0.35030549331658134f,0.9318187431764635f,-0.0948677564679502f,0.8879954778306485f,-0.27247471066325174f,0.004477411908758798f,-0.9621525268020538f,-0.4649540766137626f,0f,0f,0f,1f], start_interpolation: 0, interpolation_duration: 1 }
$data merge entity $(bone_leg_right_1) { transformation: [-0.9251917075677479f,0.29308542094828305f,0.2410834715932275f,-0.2262639015058872f,0.2681444346063043f,0.9543998664529452f,-0.13122292903401267f,0.9174499410612929f,-0.26854956048658907f,-0.05676117460172864f,-0.9615920666375593f,-0.15699225740096284f,0f,0f,0f,1f], start_interpolation: 0, interpolation_duration: 1 }
$data merge entity $(bone_leg_right_0) { transformation: [-0.9259815027094039f,0.350193914628342f,0.14114701129429444f,-0.09371015331265671f,0.26695215016491963f,0.8715958478758732f,-0.4111656934714567f,1.2425251790415357f,-0.2670108727418424f,-0.3430523285488897f,-0.9005666514560844f,-0.1995969276929156f,0f,0f,0f,1f], start_interpolation: 0, interpolation_duration: 1 }
$data merge entity $(bone_leg_left_3) { transformation: [-0.9599368440189773f,0.2585962647432297f,0.10793158645982595f,0.1620282919617645f,0.056226158286400936f,-0.19958610237754143f,0.9782658160551734f,0.7949287853225546f,0.2745175306227966f,0.945141978540045f,0.1770501787126209f,-0.5501820404652459f,0f,0f,0f,1f], start_interpolation: 0, interpolation_duration: 1 }
$data merge entity $(bone_leg_left_2) { transformation: [-0.9026932560032316f,-0.21884476873350572f,-0.3704751715894905f,0.12155533592575288f,-0.34505391253583095f,0.8825611843663453f,0.31941126043643014f,0.9415115116210142f,0.2570655227952576f,0.41616429814179445f,-0.87219527282722f,-0.47123610273483724f,0f,0f,0f,1f], start_interpolation: 0, interpolation_duration: 1 }
$data merge entity $(bone_leg_left_1) { transformation: [-0.9270271182543932f,-0.2387248795447105f,-0.2891905148986022f,0.22210799797477804f,-0.26202850020056184f,0.9640501846260385f,0.044139626246096964f,0.9145565853838505f,0.26825694232134856f,0.11669478741085426f,-0.9562533866541526f,-0.16750832245032016f,0f,0f,0f,1f], start_interpolation: 0, interpolation_duration: 1 }
$data merge entity $(bone_leg_left_0) { transformation: [-0.9270271182543932f,-0.3414722263944215f,-0.15497561299182572f,0.09359104393552999f,-0.26202850020056184f,0.8854986363777788f,-0.38370982533124987f,1.2424379532555394f,0.26825694232134856f,-0.31510138618281436f,-0.9103567044417642f,-0.1997071666180212f,0f,0f,0f,1f], start_interpolation: 0, interpolation_duration: 1 }
$data merge entity $(bone_tail_3) { transformation: [-2.4422334788320645f,0.0014191104079027332f,-0.0011600997840688378f,-0.0011470697090224765f,0.0011373431558755669f,2.3854267644095657f,0.5236846216217204f,0.37851226706682717f,0.001437413094624308f,0.5236839338744214f,-2.3854267534509277f,-1.3637822674510942f,0f,0f,0f,1f], start_interpolation: 0, interpolation_duration: 1 }
$data merge entity $(bone_tail_2) { transformation: [-1.1562496743519646f,-0.000031465219350159724f,-0.0008672202234454266f,-0.0007917535647188666f,0.0005384631178819356f,0.8801295619080766f,-0.7498571376022017f,0.6811578403577545f,0.0006805280645662995f,-0.7498573302738573f,-0.8801292993737435f,-0.9995493870722169f,0f,0f,0f,1f], start_interpolation: 0, interpolation_duration: 1 }
$data merge entity $(bone_tail_1) { transformation: [-1.3854162764757774f,0.000021304077125689473f,-0.0010395671727309198f,-0.0004805419629011851f,0.0006451855376423193f,1.1038392920221902f,-0.8372083022768879f,0.9263782949544832f,0.0008154075007866473f,-0.8372085506084271f,-1.1038389910564503f,-0.6648150027513562f,0f,0f,0f,1f], start_interpolation: 0, interpolation_duration: 1 }
$data merge entity $(bone_tail_0) { transformation: [-1.1979163292835668f,0.0002278387306633882f,-0.0008697143643849512f,-0.00021861666371865158f,0.0005578671942020054f,1.0971167865997353f,-0.48097690757773626f,1.0867340362080329f,0.0007050515984245446f,-0.480977177138751f,-1.0971165837100723f,-0.3466717831669166f,0f,0f,0f,1f], start_interpolation: 0, interpolation_duration: 1 }
$data merge entity $(bone_body_1) { transformation: [-1.020833045824257f,0.000019744809605555037f,-0.0007659032297916444f,1.53580913193594e-17f,0.0004753998698417089f,0.8166033697828908f,-0.6125842022927421f,1.2765324738620267f,0.0006008265795270032f,-0.6125843864430549f,-0.8166031489885719f,-0.1254083326723452f,0f,0f,0f,1f], start_interpolation: 0, interpolation_duration: 1 }
data modify entity @s data merge value {"locators":{"body_1":{"posx":-0.00007836703970351062,"posy":1.0541872862330894,"posz":-0.0826285850683344,"roty":359.946261522786,"rotx":-36.87580534693296},"body_0":{"posx":0.0023882763520174937,"posy":1.275636286590336,"posz":0.27601820616608364,"roty":359.64890304651726,"rotx":-12.650012631202763},"neck_1":{"posx":0.0039057876990356627,"posy":1.3236249039498698,"posz":0.517500011635661,"roty":359.4413257929411,"rotx":20.39623175501926},"neck_0":{"posx":0.006664227279276892,"posy":1.2871703334780935,"posz":0.8561348935522194,"roty":359.5702347417538,"rotx":0.08774027491903082},"head_0":{"posx":0.012612742272647462,"posy":1.1335988505832508,"posz":1.106771646279828,"roty":358.78406006535874,"rotx":3.8689889178778927},"arm_right_0":{"posx":-0.3979042745841873,"posy":0.9274104698146854,"posz":0.8172676141904456,"roty":321.3601339061096,"rotx":-35.14820501976803},"arm_left_0":{"posx":0.3554080699171249,"posy":0.9219688520913129,"posz":0.648867945434853,"roty":346.12919815009957,"rotx":-52.909866128713624},"finger_right_0":{"posx":-0.8279878023393976,"posy":1.923250057034779,"posz":0.3403307826158956,"roty":250.29644251784867,"rotx":43.002756468150736},"finger_right_1":{"posx":-1.1715125719991775,"posy":2.416525073336928,"posz":0.40250433502828126,"roty":250.29644251784867,"rotx":43.002756468150736},"finger_right_2":{"posx":-1.5997364754490844,"posy":2.8716371557487137,"posz":0.5435650821024955,"roty":250.29644251784867,"rotx":43.002756468150736},"finger_right_3":{"posx":-2.0592934027177248,"posy":3.360050064751066,"posz":0.6949470447911504,"roty":250.29644251784867,"rotx":43.002756468150736},"finger_left_0":{"posx":0.811815527485566,"posy":1.92181387245658,"posz":0.3443320747924637,"roty":101.59093898140458,"rotx":55.277861630988},"finger_left_1":{"posx":1.0764693075382923,"posy":2.463560312261439,"posz":0.30353708294506876,"roty":101.59093898140458,"rotx":55.277861630988},"finger_left_2":{"posx":1.4207360525751338,"posy":3.0013700881692897,"posz":0.35493656356393044,"roty":101.59093898140458,"rotx":55.277861630988},"finger_left_3":{"posx":1.790192663372434,"posy":3.578531601811718,"posz":0.4100966724865567,"roty":101.59093898140458,"rotx":55.277861630988},"leg_right_0":{"posx":-0.27510094235168187,"posy":0.7955602259164948,"posz":-0.11140993783323702,"roty":8.907578240809102,"rotx":-24.278082900749332},"leg_left_0":{"posx":0.2697033908980146,"posy":0.7907918455835491,"posz":-0.12583249218295167,"roty":350.3388053027641,"rotx":-22.56366797003622},"tail_0":{"posx":-0.0003845247469699311,"posy":0.8454271341007294,"posz":-0.4376251230500665,"roty":359.9545800758435,"rotx":-23.672682283899146},"tail_1":{"posx":-0.0006658466573306967,"posy":0.6327346590787895,"posz":-0.7473130330213916,"roty":359.9460403243671,"rotx":-37.17853967042717},"tail_2":{"posx":-0.0009808787478761774,"posy":0.3579298397387866,"posz":-1.0651301863972307,"roty":359.94354461024443,"rotx":-40.43049221430281},"tail_3":{"posx":-0.0013798483200197025,"posy":0.20096525837515497,"posz":-1.6188014008670217,"roty":359.9721354612525,"rotx":12.382001128348097},"tail_4":{"posx":-0.0015876677267160095,"posy":0.29477772938493163,"posz":-2.0461249633979617,"roty":359.9721354612525,"rotx":12.382001128348097},"shadow":{"posx":1.6065947065497488e-18,"posy":0.9869487628170166,"posz":-0.013118841348120316,"roty":0,"rotx":-7.663223339383897}},"cameras":{}}