# This file was generated by Animated Java via MC-Build. It is not recommended to edit this file directly.
$data merge entity $(bone_head_lower) { transformation: [-0.9989756125082175f,-0.012976547494078748f,0.04335129558578127f,-0.05934731555350801f,0.016811452881041467f,-0.9958626748238106f,0.08930234008576439f,0.6702886743970617f,0.04201310112167851f,0.08993965814866578f,0.9950606801729432f,-0.49058562375342485f,0f,0f,0f,1f], start_interpolation: 0, interpolation_duration: 1 }
$data merge entity $(bone_head_upper) { transformation: [-0.9989756125082175f,-0.01346611044305693f,0.043201730096921506f,-0.05844761656446082f,0.016811452881041467f,-0.9968091509767798f,0.07803134998819197f,0.6584149548501261f,0.04201310112167851f,0.07867769949920071f,0.9960144170320292f,-0.4736649060162704f,0f,0f,0f,1f], start_interpolation: 0, interpolation_duration: 1 }
$data merge entity $(bone_neck_0) { transformation: [-0.9985773998876619f,-0.032588427973923986f,0.042203919199347906f,-0.04996891153841112f,0.03790450315059716f,-0.9905246674075061f,0.13200049961328097f,0.7000206404036308f,0.037502334254057974f,0.13341243427596133f,0.9903507950751891f,-0.28997033027299757f,0f,0f,0f,1f], start_interpolation: 0, interpolation_duration: 1 }
$data merge entity $(bone_neck_1) { transformation: [-0.9977623144530201f,-0.0059947645149801155f,0.06659149086604706f,-0.038397901370510426f,0.048181300568375524f,-0.7550030667014678f,0.6539487224140124f,0.8081067879102959f,0.04635651122434422f,0.6556938554461134f,0.7536024428021174f,-0.15326058749883617f,0f,0f,0f,1f], start_interpolation: 0, interpolation_duration: 1 }
$data merge entity $(bone_neck_2) { transformation: [-0.9977623144530201f,-0.02214208744983662f,0.06308796890625566f,-0.027260601880851124f,0.048181300568375524f,-0.8923178507035647f,0.44882893800568463f,0.782646777652321f,0.04635651122434422f,0.45086426037016325f,0.891387958516365f,0.1129172113988606f,0f,0f,0f,1f], start_interpolation: 0, interpolation_duration: 1 }
$data merge entity $(bone_arm_right_2) { transformation: [-0.9997911848714234f,-0.013100877216304553f,0.015682910111294548f,-0.5337155190734352f,-0.018728680132742887f,0.2804453651159251f,-0.9596872582906799f,1.2686228140951883f,0.00817454548467612f,-0.9597805812794713f,-0.2806321660197923f,-0.2156165579001362f,0f,0f,0f,1f], start_interpolation: 0, interpolation_duration: 1 }
$data merge entity $(bone_arm_right_1) { transformation: [-0.9668363647798973f,-0.2543422885901586f,0.023182837917609278f,-0.4700272213863037f,0.17281244119402328f,-0.5846663274718827f,0.7926544932624198f,1.0621741300186112f,-0.18805133317197162f,0.7703734716066366f,0.6092301784522682f,0.05376500326253278f,0f,0f,0f,1f], start_interpolation: 0, interpolation_duration: 1 }
$data merge entity $(bone_arm_right_0) { transformation: [-0.13975612050273303f,0.8567940168407518f,0.4963589824793297f,-0.1852567675199802f,-0.44760755928794727f,-0.5018035250832287f,0.7401626139452955f,0.9228485984746513f,0.8832415862323921f,-0.11873177721206521f,0.45363759261083325f,0.004567254954410571f,0f,0f,0f,1f], start_interpolation: 0, interpolation_duration: 1 }
$data merge entity $(bone_arm_left_2) { transformation: [-0.983667709370401f,0.14708314359845737f,-0.1037515610060119f,0.4635942472192666f,0.10876525333288331f,0.026442953085091314f,-0.9937156987285509f,1.2419889628443166f,-0.143415331151946f,-0.9887706099502219f,-0.04200861446468407f,-0.16948104277339263f,0f,0f,0f,1f], start_interpolation: 0, interpolation_duration: 1 }
$data merge entity $(bone_arm_left_1) { transformation: [-0.9647207208066673f,0.02151832126947495f,-0.26239453633032916f,0.3271046454418065f,-0.2587660064711495f,-0.26117209920887074f,0.9299619822819667f,1.1240341988540439f,-0.048518911171189394f,0.9650523801559039f,0.25752634586423756f,0.12496920119373542f,0f,0f,0f,1f], start_interpolation: 0, interpolation_duration: 1 }
$data merge entity $(bone_arm_left_0) { transformation: [-0.7494402753457661f,-0.5397111974362027f,-0.3834724201968675f,0.13277997021191992f,0.6510794596884961f,-0.7058955654061122f,-0.27893903977701134f,0.9074908089184817f,-0.12014495770276248f,-0.45871916692238346f,0.8804214417179058f,-0.010208882998349128f,0f,0f,0f,1f], start_interpolation: 0, interpolation_duration: 1 }
$data merge entity $(bone_finger_right_1_fire) { transformation: [0.000008712933684437337f,-0.00000981221907242647f,-0.000010275355043164448f,-1.6114311885914225f,0.0000036348446921102374f,0.000013191926430303987f,-0.000009515185699683583f,0.5357831093277444f,0.000013735008862487604f,0.000002733351735495316f,0.000009036376354226817f,1.26323185083139f,0f,0f,0f,1f], start_interpolation: 0, interpolation_duration: 1 }
$data merge entity $(bone_finger_right_1_fire_s) { transformation: [0.000005227760210662402f,-0.000005887331443455882f,-0.000006165213025898669f,-1.6114311885914225f,0.0000021809068152661424f,0.000007915155858182391f,-0.000005709111419810149f,0.5357831093277444f,0.000008241005317492562f,0.0000016400110412971894f,0.00000542182581253609f,1.26323185083139f,0f,0f,0f,1f], start_interpolation: 0, interpolation_duration: 1 }
$data merge entity $(bone_finger_right_1) { transformation: [1.039334492655266f,-1.1704642891610926f,-1.2257101118209315f,-0.9518554893803427f,0.43358753788093857f,1.5736174129358131f,-1.1350322474467356f,1.1006230980614193f,1.6383997611742411f,0.3260516884609884f,1.0779168043408416f,0.6943868742034676f,0f,0f,0f,1f], start_interpolation: 0, interpolation_duration: 1 }
$data merge entity $(bone_finger_right_2_fire) { transformation: [0.000008612672143551869f,0.00001390323907416132f,0.0000032092989222222835f,-0.6589152956374255f,-0.000007877354577292823f,0.000007758537059406202f,-0.000012471173374594796f,0.6676170554505886f,-0.000011897350175104847f,0.000004927760517954587f,0.000010580548797978221f,1.0807126473690438f,0f,0f,0f,1f], start_interpolation: 0, interpolation_duration: 1 }
$data merge entity $(bone_finger_right_2_fire_s) { transformation: [0.000005167603286131121f,0.000008341943444496792f,0.00000192557935333337f,-0.6589152956374255f,-0.0000047264127463756935f,0.0000046551222356437205f,-0.000007482704024756877f,0.6676170554505886f,-0.000007138410105062907f,0.000002956656310772752f,0.000006348329278786932f,1.0807126473690438f,0f,0f,0f,1f], start_interpolation: 0, interpolation_duration: 1 }
$data merge entity $(bone_finger_right_2) { transformation: [0.6419915960156064f,1.0363523067216605f,0.23922226491707174f,-0.761601640530677f,-0.5871807672655089f,0.5783240678961089f,-0.929605628252977f,1.0694400130499417f,-0.8868326461248763f,0.3673169937245161f,0.7886778105933757f,0.7407614668990425f,0f,0f,0f,1f], start_interpolation: 0, interpolation_duration: 1 }
$data merge entity $(bone_finger_film_right) { transformation: [1.1917527880098802f,0.013573868357672264f,-0.24559045458983508f,-0.8560319850237978f,-0.20928512919226294f,0.3573421961083416f,-0.5798628626633513f,1.0688362891625958f,0.21838685600656488f,0.2683756398658179f,0.7845089121783261f,0.796244843989226f,0f,0f,0f,1f], start_interpolation: 0, interpolation_duration: 1 }
$data merge entity $(bone_finger_right_0_fire) { transformation: [0.000016106959805674444f,1.4448809855517584e-7f,-0.000004280507771928625f,-1.0423725762479141f,-0.0000029563657177782046f,0.000012427495347979933f,-0.000010704907234369696f,0.6459711786495637f,0.0000030989555238678755f,0.000011104695418744765f,0.000012035779662978863f,1.3248796214477965f,0f,0f,0f,1f], start_interpolation: 0, interpolation_duration: 1 }
$data merge entity $(bone_finger_right_0_fire_s) { transformation: [0.000009664175883404665f,8.66928591331055e-8f,-0.000002568304663157175f,-1.0423725762479141f,-0.0000017738194306669226f,0.00000745649720878796f,-0.000006422944340621817f,0.6459711786495637f,0.0000018593733143207253f,0.000006662817251246858f,0.000007221467797787317f,1.3248796214477965f,0f,0f,0f,1f], start_interpolation: 0, interpolation_duration: 1 }
$data merge entity $(bone_fire_large_right) { transformation: [0.000025771135689079108f,2.311809576882813e-7f,-0.0000068488124350858f,-1.0435907997064653f,-0.000004730185148445127f,0.00001988399255676789f,-0.000017127851574991513f,0.5606203833629234f,0.000004958328838188601f,0.00001776751266999162f,0.00001925724746076618f,1.2572062702361495f,0f,0f,0f,1f], start_interpolation: 0, interpolation_duration: 1 }
$data merge entity $(bone_finger_right_0) { transformation: [1.41344974811316f,0.012679404988408435f,-0.37563157200513025f,-0.863387246838022f,-0.2594328432887656f,1.0905621160792474f,-0.9393981618221974f,1.0440068506829034f,0.27194566556761346f,0.9744811641591424f,1.0561875076505554f,0.770071161592126f,0f,0f,0f,1f], start_interpolation: 0, interpolation_duration: 1 }
$data merge entity $(bone_wing_right_1_model) { transformation: [-0.654062837309532f,-0.5227907512953633f,0.5743419871927126f,-0.6276950221643853f,0.6251066550980185f,0.09123337918088091f,0.7949183752544942f,0.9865399520313001f,-0.4608910474771791f,0.8656462233066736f,0.2630839057641526f,0.3268436870619096f,0f,0f,0f,1f], start_interpolation: 0, interpolation_duration: 1 }
$data merge entity $(bone_wing_right_0) { transformation: [-0.4161109581306499f,0.2530574346181373f,-0.8733920112458551f,-0.19241226192662883f,-0.9033544294791465f,-0.005257727495276976f,0.42886260158935685f,0.822319412845742f,0.10393481257018017f,0.967436970084394f,0.2307883525005734f,0.28095279196002443f,0f,0f,0f,1f], start_interpolation: 0, interpolation_duration: 1 }
$data merge entity $(bone_finger_left_1_fire) { transformation: [0.000008575385940001401f,0.000012011718537802883f,0.00000774332948584824f,1.472964909534531f,-0.000007187785718714191f,0.000011430125760311521f,-0.000009770657057899901f,0.3970583362351081f,-0.000012352176740139872f,0.0000016877857239127167f,0.000011061323922039427f,1.3217882489528077f,0f,0f,0f,1f], start_interpolation: 0, interpolation_duration: 1 }
$data merge entity $(bone_finger_left_1_fire_s) { transformation: [0.00000514523156400084f,0.00000720703112268173f,0.000004645997691508943f,1.472964909534531f,-0.000004312671431228515f,0.000006858075456186913f,-0.000005862394234739941f,0.3970583362351081f,-0.000007411306044083923f,0.00000101267143434763f,0.000006636794353223656f,1.3217882489528077f,0f,0f,0f,1f], start_interpolation: 0, interpolation_duration: 1 }
$data merge entity $(bone_finger_left_1) { transformation: [1.0229269173933828f,1.43283466218777f,0.9236738983806873f,0.966450073547376f,-0.8574050823568284f,1.363458553494824f,-1.1655065060714707f,0.9812834275685797f,-1.4734466954950207f,0.20132988297694185f,1.3194655098939638f,0.6291175574416343f,0f,0f,0f,1f], start_interpolation: 0, interpolation_duration: 1 }
$data merge entity $(bone_finger_left_2_fire) { transformation: [0.000009316675796791523f,-0.000012389660800928525f,-0.000006121571294462877f,0.5750530287322501f,0.000007861191489716167f,0.000010823375332672636f,-0.000009941528682646625f,0.6721929153765861f,0.000011365693917982798f,0.0000026699493298200115f,0.000011894122503013842f,1.0460434521069675f,0f,0f,0f,1f], start_interpolation: 0, interpolation_duration: 1 }
$data merge entity $(bone_finger_left_2_fire_s) { transformation: [0.000005590005478074914f,-0.000007433796480557115f,-0.000003672942776677726f,0.5750530287322501f,0.0000047167148938297f,0.000006494025199603581f,-0.000005964917209587975f,0.6721929153765861f,0.000006819416350789678f,0.0000016019695978920068f,0.000007136473501808305f,1.0460434521069675f,0f,0f,0f,1f], start_interpolation: 0, interpolation_duration: 1 }
$data merge entity $(bone_finger_left_2) { transformation: [0.6944682747293689f,-0.9235296524824924f,-0.4563040668392158f,0.7715362254443316f,0.5859759650604643f,0.8067781854787844f,-0.7410450275395182f,0.9927851681504339f,0.8472028026393088f,0.19901895752704907f,0.8865920543175275f,0.6636981361221033f,0f,0f,0f,1f], start_interpolation: 0, interpolation_duration: 1 }
$data merge entity $(bone_finger_film_left) { transformation: [1.2197478326780764f,0.041192755588909134f,0.08639721279773196f,0.8609428753779866f,-0.0476719457622664f,0.3899347952306522f,-0.49065233420109666f,0.9832300805090398f,-0.14734450166583093f,0.2148422478250796f,0.8739597546413668f,0.7262362111225324f,0f,0f,0f,1f], start_interpolation: 0, interpolation_duration: 1 }
$data merge entity $(bone_finger_left_0_fire) { transformation: [0.000016517934897726693f,0.0000016580045013599856f,0.0000014787243034827263f,0.9333888751157048f,-5.42244622298286e-7f,0.000013766740985013103f,-0.000009378730788274445f,0.6175735829351217f,-0.000002154431540297581f,0.000009246926056955822f,0.000013697830522135254f,1.3212482685378442f,0f,0f,0f,1f], start_interpolation: 0, interpolation_duration: 1 }
$data merge entity $(bone_finger_left_0_fire_s) { transformation: [0.000009910760938636015f,9.948027008159913e-7f,8.872345820896357e-7f,0.9333888751157048f,-3.2534677337897157e-7f,0.000008260044591007862f,-0.000005627238472964667f,0.6175735829351217f,-0.0000012926589241785486f,0.000005548155634173493f,0.000008218698313281152f,1.3212482685378442f,0f,0f,0f,1f], start_interpolation: 0, interpolation_duration: 1 }
$data merge entity $(bone_fire_large_left) { transformation: [0.000026428695836362707f,0.000002652807202175977f,0.000002365958885572362f,0.9217598245437473f,-8.675913956772575e-7f,0.000022026785576020964f,-0.000015005969261239112f,0.5242727770185956f,-0.0000034470904644761296f,0.000014795081691129315f,0.000021916528835416405f,1.2662423635203512f,0f,0f,0f,1f], start_interpolation: 0, interpolation_duration: 1 }
$data merge entity $(bone_finger_left_0) { transformation: [1.4495144460667355f,0.14549648556223163f,0.12976393555971555f,0.8647685373477664f,-0.04758412102904822f,1.208086244230315f,-0.8230209071259659f,0.9538326225095092f,-0.18905993152648543f,0.8114545180289497f,1.202039077193694f,0.7044000870283694f,0f,0f,0f,1f], start_interpolation: 0, interpolation_duration: 1 }
$data merge entity $(bone_wing_left_1_model) { transformation: [-0.7239992583103564f,0.6080864950780239f,-0.3701796476193938f,0.5823379436577072f,-0.5335573232292037f,-0.11396070921093769f,0.8563332427428402f,0.9954316255485479f,0.4712947483649498f,0.8051216394444413f,0.40079606897243153f,0.28749920422201913f,0f,0f,0f,1f], start_interpolation: 0, interpolation_duration: 1 }
$data merge entity $(bone_wing_left_0) { transformation: [-0.4776270592834917f,-0.17832346617669276f,0.8602750337252233f,0.15577311133936242f,0.8781719129957165f,-0.06770009945427397f,0.47353013395065524f,0.8055057650662731f,-0.026200829483967736f,0.981640177429903f,0.188934058839958f,0.2647759340749821f,0f,0f,0f,1f], start_interpolation: 0, interpolation_duration: 1 }
$data merge entity $(bone_body_0) { transformation: [-0.9977623144530201f,0.023786765645183925f,0.062486427626277305f,-0.0011140248634284085f,0.048181300568375524f,-0.3921694285050969f,0.9186303400288528f,1.2855585166141479f,0.04635651122434422f,0.9195854115448584f,0.39014579933786364f,0.15297906024369717f,0f,0f,0f,1f], start_interpolation: 0, interpolation_duration: 1 }
$data merge entity $(bone_leg_right_3) { transformation: [-0.9993025370362059f,-0.012010666588548963f,0.035357932081807555f,-0.2272612772554513f,0.03398772958859145f,-0.6847653630578364f,0.7279706256393059f,1.7278310062185989f,0.015468474728162252f,0.7286646289236003f,0.6846959798664044f,-0.37389179077376633f,0f,0f,0f,1f], start_interpolation: 0, interpolation_duration: 1 }
$data merge entity $(bone_leg_right_2) { transformation: [-0.9051624014510968f,0.3920188536540469f,0.1643235995803728f,-0.15569457301104267f,0.22318037390537226f,0.10929480062720119f,0.9686305628356555f,1.7383133080283235f,0.36176172780262694f,0.9134417687710733f,-0.18642045853830172f,-0.21856843420470812f,0f,0f,0f,1f], start_interpolation: 0, interpolation_duration: 1 }
$data merge entity $(bone_leg_right_1) { transformation: [-0.9323614658028011f,0.27136648419346326f,0.2388772244114773f,-0.2406110625311622f,0.22975457048778664f,-0.06539914522224821f,0.971048808837214f,1.4289143072593313f,0.27913246752397897f,0.960251624867502f,-0.0013720471189841987f,-0.23079212190052797f,0f,0f,0f,1f], start_interpolation: 0, interpolation_duration: 1 }
$data merge entity $(bone_leg_right_0) { transformation: [-0.9296362565659128f,0.3684542076299384f,0.004234071080053254f,-0.09119412000005982f,0.23728832014567708f,0.589825335179063f,0.7718810317032988f,1.567085814342956f,0.281905451526854f,0.7185732884408524f,-0.6357528966027132f,0.05841848709155071f,0f,0f,0f,1f], start_interpolation: 0, interpolation_duration: 1 }
$data merge entity $(bone_leg_left_3) { transformation: [-0.9975216358031391f,0.04951935960672846f,-0.049984188787742634f,0.23691969124185774f,-0.06836798367103866f,-0.8500320365712979f,0.5222751723097777f,1.757146378193288f,-0.016625429720335223f,0.5243981024246663f,0.8513108863746681f,-0.37024296342510643f,0f,0f,0f,1f], start_interpolation: 0, interpolation_duration: 1 }
$data merge entity $(bone_leg_left_2) { transformation: [-0.899525787554672f,-0.38803603044344653f,-0.20070225858679164f,0.16632577119856207f,-0.2045092215945166f,-0.031941371749041936f,0.9783433584655208f,1.7435142940421018f,-0.3860431786820637f,0.9210905426984266f,-0.05062485895848178f,-0.21471906931834425f,0f,0f,0f,1f], start_interpolation: 0, interpolation_duration: 1 }
$data merge entity $(bone_leg_left_1) { transformation: [-0.9285896544387007f,-0.2929273745497811f,-0.22784821023827806f,0.2480011628351036f,-0.21258509170718828f,-0.08337855232984198f,0.9735787568528939f,1.4334851921006875f,-0.3041855230829711f,0.9524922940637116f,0.015152468313356093f,-0.23201232698062313f,0f,0f,0f,1f], start_interpolation: 0, interpolation_duration: 1 }
$data merge entity $(bone_leg_left_0) { transformation: [-0.9285896544387007f,-0.3706294027069351f,0.018844084443529287f,0.09609351398897172f,-0.21258509170718828f,0.572866856975493f,0.7916003682179957f,1.5649139500700597f,-0.3041855230829711f,0.7310659409575313f,-0.6107485223220918f,0.059037689750763386f,0f,0f,0f,1f], start_interpolation: 0, interpolation_duration: 1 }
$data merge entity $(bone_tail_3) { transformation: [-2.442056626542397f,0.011977065538716192f,0.026901812122558717f,0.01719421097896429f,0.02831909094375876f,1.5669014367589882f,1.8731058809914531f,2.5745681044111137f,-0.008073827005532804f,1.8732816558696481f,-1.5669264105036276f,-0.8634124117798354f,0f,0f,0f,1f], start_interpolation: 0, interpolation_duration: 1 }
$data merge entity $(bone_tail_2) { transformation: [-1.1561659455012592f,0.011022374336502242f,0.00853675741517112f,0.01364241311770598f,0.013407374833516606f,1.073163276601262f,0.4301800629440154f,2.392971589168642f,-0.003822468214785835f,0.43024777921382656f,-1.0732130728416969f,-0.42606798136486634f,0f,0f,0f,1f], start_interpolation: 0, interpolation_duration: 1 }
$data merge entity $(bone_tail_1) { transformation: [-1.385315952717725f,0.007515828558877639f,0.014918570462127327f,0.009137341307433017f,0.016064692368087465f,0.9386273457085443f,1.018871911392708f,2.0831771092135414f,-0.004580074527626271f,1.0189708329913008f,-0.9386462617557877f,-0.15004740102838848f,0f,0f,0f,1f], start_interpolation: 0, interpolation_duration: 1 }
$data merge entity $(bone_tail_0) { transformation: [-1.1978295831769803f,-0.001597452840216299f,0.014355420170198434f,0.004848563280279919f,0.013890523476165853f,0.19902719018048548f,1.1811856633079312f,1.7355657940184972f,-0.00396021481712046f,1.1812662553341067f,-0.19899419837100288f,-0.0720915131378893f,0f,0f,0f,1f], start_interpolation: 0, interpolation_duration: 1 }
$data merge entity $(bone_body_1) { transformation: [-1.0207591230551658f,0.0025508100326307724f,0.012041615849664577f,0.00146484374999999f,0.011837141744906552f,0.47724268929240266f,0.9023303120458221f,1.4873482088763161f,-0.0033747917571983043f,0.9024043458060124f,-0.4772375738512871f,0.08074038838214924f,0f,0f,0f,1f], start_interpolation: 0, interpolation_duration: 1 }
data modify entity @s data merge value {"locators":{"body_1":{"posx":0.0021264650164918475,"posy":1.4798838370607668,"posz":-0.14555884011609843,"roty":1.4453753122442095,"rotx":62.118345105298474},"body_0":{"posx":-0.01622707756579034,"posy":1.1732090922475218,"posz":-0.05553734453679367,"roty":170.9006879526286,"rotx":66.72666129140275},"neck_1":{"posx":-0.02914045064632878,"posy":0.9816736082580741,"posz":-0.1344054084196626,"roty":175.95164263036355,"rotx":26.66857462171155},"neck_0":{"posx":-0.05077219149826218,"posy":0.7842762202769022,"posz":-0.3948321018331234,"roty":174.9502192601169,"rotx":40.83998450902811},"pos_head":{"posx":-0.06448745390847122,"posy":0.6362322739377855,"posz":-0.608416970589018,"roty":177.51637504702742,"rotx":4.475416605043524},"head_0":{"posx":-0.059539423458938145,"posy":0.9050056986515249,"posz":-0.5983132178917098,"roty":177.51637504702742,"rotx":4.475416605043524},"arm_right_0":{"posx":-0.48204146852625446,"posy":1.4080562743461393,"posz":-0.26980463177607816,"roty":177.82079375804062,"rotx":52.43427460311375},"arm_left_0":{"posx":0.4248851206984841,"posy":1.3467544361951753,"posz":-0.2816150866916389,"roty":225.53646357783202,"rotx":68.42888949589143},"pos_wing_r_0":{"posx":-0.48241304921021816,"posy":1.5802080996348795,"posz":0.2725936494168772,"roty":228.67088222510802,"rotx":-34.813786922025024},"pos_wing_r_1":{"posx":-0.867738863328885,"posy":1.2233886358967454,"posz":0.6114577627003828,"roty":228.67088222510802,"rotx":-34.813786922025024},"pos_wing_r_2":{"posx":-1.2530646774475516,"posy":0.866569172158611,"posz":0.9503218759838883,"roty":228.67088222510802,"rotx":-34.813786922025024},"pos_wing_r_3":{"posx":-1.6383904915662182,"posy":0.5097497084204767,"posz":1.289185989267394,"roty":228.67088222510802,"rotx":-34.813786922025024},"pos_wing_r_4":{"posx":-2.0237163056848853,"posy":0.1529302446823425,"posz":1.6280501025508993,"roty":228.67088222510802,"rotx":-34.813786922025024},"pos_wing_r_5":{"posx":-2.409042119803552,"posy":-0.20388921905579194,"posz":1.9669142158344053,"roty":228.67088222510802,"rotx":-34.813786922025024},"finger_right_0":{"posx":-0.7816682567348412,"posy":1.0143886702241898,"posz":0.5857679912734826,"roty":228.67088222510802,"rotx":-34.813786922025024},"finger_right_1":{"posx":-1.0720581911608618,"posy":0.7086946601657965,"posz":1.0186882124410042,"roty":228.67088222510802,"rotx":-34.813786922025024},"finger_right_2":{"posx":-1.4520331355250595,"posy":0.34939688029326277,"posz":1.3887219952802141,"roty":228.67088222510802,"rotx":-34.813786922025024},"finger_right_3":{"posx":-1.8598106955264606,"posy":-0.0361906729145198,"posz":1.785831473986958,"roty":228.67088222510802,"rotx":-34.813786922025024},"pos_wing_l_0":{"posx":0.6218290982935437,"posy":1.4699208534138177,"posz":0.10877406289077007,"roty":145.00657974016409,"rotx":-35.890597936983255},"pos_wing_l_1":{"posx":0.9122039540128526,"posy":1.1035212137425714,"posz":0.5235737099672486,"roty":145.00657974016409,"rotx":-35.890597936983255},"pos_wing_l_2":{"posx":1.2025788097321615,"posy":0.7371215740713252,"posz":0.9383733570437272,"roty":145.00657974016409,"rotx":-35.890597936983255},"pos_wing_l_3":{"posx":1.4929536654514703,"posy":0.37072193440007883,"posz":1.3531730041202055,"roty":145.00657974016409,"rotx":-35.890597936983255},"pos_wing_l_4":{"posx":1.7833285211707794,"posy":0.004322294728832499,"posz":1.7679726511966842,"roty":145.00657974016409,"rotx":-35.890597936983255},"pos_wing_l_5":{"posx":2.073703376890088,"posy":-0.36207734494241384,"posz":2.1827722982731625,"roty":145.00657974016409,"rotx":-35.890597936983255},"finger_left_0":{"posx":0.7889294884329435,"posy":0.9123700396340517,"posz":0.5198677553689485,"roty":145.00657974016409,"rotx":-35.890597936983255},"finger_left_1":{"posx":0.9910887071001229,"posy":0.6271393190396816,"posz":1.0127877752853212,"roty":145.00657974016409,"rotx":-35.890597936983255},"finger_left_2":{"posx":1.2740621122764333,"posy":0.2639881492559729,"posz":1.4582629522097492,"roty":145.00657974016409,"rotx":-35.890597936983255},"finger_left_3":{"posx":1.577740524787242,"posy":-0.12573467142133676,"posz":1.9363338491763384,"roty":145.00657974016409,"rotx":-35.890597936983255},"leg_right_0":{"posx":-0.2922853722254115,"posy":1.3487409747553882,"posz":-0.3318955815182044,"roty":0.3815803556754247,"rotx":50.52310565116182},"leg_left_0":{"posx":0.30002740681964235,"posy":1.3556989216035042,"posz":-0.33478622022607907,"roty":1.7672479788954547,"rotx":52.335320899121896},"tail_0":{"posx":0.0072538811492921145,"posy":1.882585815196514,"posz":-0.28394260797759063,"roty":4.126163563342033,"rotx":80.41279326036495},"tail_1":{"posx":0.010757192012124162,"posy":2.137283405089579,"posz":-0.4502180675779894,"roty":0.9105657743562574,"rotx":47.34325373613015},"tail_2":{"posx":0.013618627566320544,"posy":2.300649016214341,"posz":-0.7426967219269376,"roty":0.4557434748582807,"rotx":21.841954978451923},"tail_3":{"posx":0.018399968976068617,"posy":2.5900639902430984,"posz":-1.1737608877860624,"roty":0.9835872760010318,"rotx":50.08204316849149},"tail_4":{"posx":0.023219139457039874,"posy":2.925610775280608,"posz":-1.4544589117314881,"roty":0.9835872760010318,"rotx":50.08204316849149},"shadow":{"posx":0.0014648437500000282,"posy":1.4940921300544872,"posz":-0.22977881407012388,"roty":180,"rotx":75.2246687578338}},"cameras":{}}