# This file was generated by Animated Java via MC-Build. It is not recommended to edit this file directly.
$data merge entity $(bone_head_lower) { transformation: [-0.9938451232498421f,-0.10007543157014756f,0.04750556797423516f,-0.0936715245727548f,0.02713019929080415f,-0.6356560185536637f,-0.7714955465606691f,1.2745870929123388f,0.10740494997413864f,-0.7654582510317284f,0.634458700506581f,-0.7756457378826808f,0f,0f,0f,1f], start_interpolation: 0, interpolation_duration: 1 }
$data merge entity $(bone_head_upper) { transformation: [-0.9938451232498421f,-0.10383499740086811f,0.03860264637648145f,-0.09403604360224938f,0.02713019929080415f,-0.5659968881062624f,-0.8239608455141957f,1.2539758410229132f,0.10740494997413864f,-0.8178421705737533f,0.565330311191841f,-0.7774202193050711f,0f,0f,0f,1f], start_interpolation: 0, interpolation_duration: 1 }
$data merge entity $(bone_neck_0) { transformation: [-0.9938451232498421f,-0.09555423127798046f,0.05604694351505875f,-0.08188881220871103f,0.02713019929080415f,-0.7004774228802736f,-0.7131587006560682f,1.1319592221106813f,0.10740494997413864f,-0.7072487320030233f,0.6987584760138283f,-0.6342035717200369f,0f,0f,0f,1f], start_interpolation: 0, interpolation_duration: 1 }
$data merge entity $(bone_neck_1) { transformation: [-0.9938451232498421f,-0.04168905113754881f,0.10263476023139922f,-0.06431334497602251f,0.02713019929080415f,-0.9898696129620517f,-0.13936320038230757f,1.0997590807467343f,0.10740494997413864f,-0.13572093556120512f,0.9849081197611498f,-0.46343966693858113f,0f,0f,0f,1f], start_interpolation: 0, interpolation_duration: 1 }
$data merge entity $(bone_neck_2) { transformation: [-0.9938451232498421f,-0.0547289199682953f,0.09631519252750263f,-0.050291679409673065f,0.02713019929080415f,-0.9632105933198061f,-0.2673748402579203f,0.901947097532261f,0.10740494997413864f,-0.2631161307020363f,0.9587669573391864f,-0.28372688392139134f,0f,0f,0f,1f], start_interpolation: 0, interpolation_duration: 1 }
$data merge entity $(bone_arm_right_2) { transformation: [-0.9712459391639167f,0.11083437878213924f,-0.21070611319460597f,-0.41430350932194554f,0.19643839613440903f,0.8730995114162334f,-0.44621653901315167f,1.5634834556606154f,0.1345112715787851f,-0.4747767724359644f,-0.8697664825535338f,-0.09724935418540606f,0f,0f,0f,1f], start_interpolation: 0, interpolation_duration: 1 }
$data merge entity $(bone_arm_right_1) { transformation: [-0.8794644253825803f,-0.43921946304202375f,0.1833809907584853f,-0.42091327272032064f,0.4569249396306652f,-0.8869861174977666f,0.06689713678290443f,1.219264085991268f,0.13327386851892664f,0.1426250000922491f,0.9807630627825892f,-0.0705469107405371f,0f,0f,0f,1f], start_interpolation: 0, interpolation_duration: 1 }
$data merge entity $(bone_arm_right_0) { transformation: [-0.155524206269779f,0.6322498451478191f,0.7589943047050574f,-0.20343261218915806f,-0.8342425055347258f,-0.49553266640658994f,0.24184048148132234f,1.0820932030174446f,0.5290100785649527f,-0.5955732615174506f,0.6045170195636913f,-0.2624128658574858f,0f,0f,0f,1f], start_interpolation: 0, interpolation_duration: 1 }
$data merge entity $(bone_arm_left_2) { transformation: [-0.956222450390688f,0.2520237208747017f,-0.14873691366065897f,0.4657663477090459f,0.28786729068512007f,0.7186445224666534f,-0.6329948445937635f,1.3485161495729383f,-0.05264074773819527f,-0.648100373742482f,-0.7597334119494927f,-0.12905154873106225f,0f,0f,0f,1f], start_interpolation: 0, interpolation_duration: 1 }
$data merge entity $(bone_arm_left_1) { transformation: [-0.963392747071052f,-0.09673526905627494f,-0.25003340299148374f,0.29259866996025685f,-0.026003903604862988f,-0.8945183959076431f,0.4462741717600572f,1.0664238356508136f,-0.2668299306453464f,0.4364391447881663f,0.8592570401273257f,-0.030661682775137866f,0f,0f,0f,1f], start_interpolation: 0, interpolation_duration: 1 }
$data merge entity $(bone_arm_left_0) { transformation: [-0.7247126529723291f,-0.4890900994429445f,-0.48536836037044995f,0.11335552084672909f,0.5430194229191837f,0.028236216262627123f,-0.8392452695271431f,1.0734454519935008f,0.4241715183205081f,-0.8717761127250853f,0.24512228035740485f,-0.29664819366174255f,0f,0f,0f,1f], start_interpolation: 0, interpolation_duration: 1 }
$data merge entity $(bone_finger_right_1_fire) { transformation: [0.000008384216702420703f,-0.000009552353203876236f,-0.000010781244656022914f,-1.6399293963361203f,-0.000009471810229565848f,0.0000057421329808508304f,-0.000012453533538040294f,0.007064549904091333f,0.000010852073490339025f,0.000012391861638849847f,-0.0000025400873728398433f,0.28279707955143085f,0f,0f,0f,1f], start_interpolation: 0, interpolation_duration: 1 }
$data merge entity $(bone_finger_right_1_fire_s) { transformation: [0.000005030530021452422f,-0.0000057314119223257415f,-0.0000064687467936137484f,-1.6399293963361203f,-0.000005683086137739509f,0.000003445279788510498f,-0.0000074721201228241765f,0.007064549904091333f,0.000006511244094203415f,0.000007435116983309909f,-0.0000015240524237039058f,0.28279707955143085f,0f,0f,0f,1f], start_interpolation: 0, interpolation_duration: 1 }
$data merge entity $(bone_finger_right_1) { transformation: [1.000123027251637f,-1.139465825218862f,-1.2860558625362115f,-0.9493838096586329f,-1.1298581437680835f,0.6849583716069645f,-1.4855371830320898f,0.770875440671809f,1.294504779197977f,1.4781805641964985f,-0.30299787839152265f,0.41473888173002194f,0f,0f,0f,1f], start_interpolation: 0, interpolation_duration: 1 }
$data merge entity $(bone_finger_right_2_fire) { transformation: [0.000008764891768159206f,0.000013940675775169522f,0.0000025713827023284753f,-0.6793052162783064f,0.000004849364681513857f,-1.0780766445924647e-7f,-0.000015945212995471315f,0.19463015138187156f,-0.000013320589786338994f,0.000009133658315092755f,-0.000004112900595078384f,0.282244681749528f,0f,0f,0f,1f], start_interpolation: 0, interpolation_duration: 1 }
$data merge entity $(bone_finger_right_2_fire_s) { transformation: [0.000005258935060895523f,0.000008364405465101713f,0.000001542829621397085f,-0.6793052162783064f,0.000002909618808908314f,-6.468459867554788e-8f,-0.000009567127797282788f,0.19463015138187156f,-0.000007992353871803395f,0.000005480194989055653f,-0.0000024677403570470305f,0.282244681749528f,0f,0f,0f,1f], start_interpolation: 0, interpolation_duration: 1 }
$data merge entity $(bone_finger_right_2) { transformation: [0.6533381001107059f,1.0391428515176573f,0.1916717666155103f,-0.7614671829700995f,0.3614733406376814f,-0.008036021041474791f,-1.18856175750698f,0.7075782926413234f,-0.9929214248801336f,0.6808260875874241f,-0.30657704987235096f,0.41531081339911313f,0f,0f,0f,1f], start_interpolation: 0, interpolation_duration: 1 }
$data merge entity $(bone_finger_film_right) { transformation: [1.1789326127142108f,0.014536195413903576f,-0.2837660769631749f,-0.8575125281575214f,-0.34561584262575257f,-0.014190484200319885f,-0.9648978208487574f,0.6656103525945428f,-0.04934952797860236f,0.4466436031962849f,-0.021420855614267875f,0.4470888443798382f,0f,0f,0f,1f], start_interpolation: 0, interpolation_duration: 1 }
$data merge entity $(bone_finger_right_0_fire) { transformation: [0.000015926004316937266f,1.2480041490857344e-7f,-0.000004911678850567453f,-1.0703763360614489f,-0.00000486505600188311f,-0.000001927693095306531f,-0.00001582381139948989f,-0.002244901256364673f,-6.865816580816061e-7f,0.00001655434087979718f,-0.0000018055972529996165f,0.40645874772718305f,0f,0f,0f,1f], start_interpolation: 0, interpolation_duration: 1 }
$data merge entity $(bone_finger_right_0_fire_s) { transformation: [0.00000955560259016236f,7.488024894514406e-8f,-0.0000029470073103404716f,-1.0703763360614489f,-0.000002919033601129866f,-0.0000011566158571839185f,-0.000009494286839693932f,-0.002244901256364673f,-4.1194899484896364e-7f,0.000009932604527878307f,-0.0000010833583517997699f,0.40645874772718305f,0f,0f,0f,1f], start_interpolation: 0, interpolation_duration: 1 }
$data merge entity $(bone_fire_large_right) { transformation: [0.000025481606907099624f,1.996806638537175e-7f,-0.000007858686160907923f,-1.0717182695123022f,-0.000007784089603012976f,-0.000003084308952490449f,-0.000025318098239183817f,0.0039833217164848556f,-0.0000010985306529305696f,0.000026486945407675482f,-0.000002888955604799386f,0.2977143996354968f,0f,0f,0f,1f], start_interpolation: 0, interpolation_duration: 1 }
$data merge entity $(bone_finger_right_0) { transformation: [1.397570184678405f,0.01095173248987658f,-0.431019343060725f,-0.8647027397094644f,-0.42692800276285037f,-0.1691627316932019f,-1.3886023499555507f,0.6729965605008192f,-0.060250269658751805f,1.4527092157071995f,-0.158448336199797f,0.4117418878998181f,0f,0f,0f,1f], start_interpolation: 0, interpolation_duration: 1 }
$data merge entity $(bone_wing_right_1_model) { transformation: [-0.6072184049668264f,-0.5238521829327575f,0.6227694454193845f,-0.6291025604689116f,0.8008622322087746f,-0.5226427238899173f,0.34123503810181344f,0.934739769170568f,0.14450805075483314f,0.6952701321381151f,0.7257368322370903f,0.04940652991255384f,0f,0f,0f,1f], start_interpolation: 0, interpolation_duration: 1 }
$data merge entity $(bone_wing_right_0) { transformation: [-0.499621426227533f,0.24824950500987447f,-0.8299100033839318f,-0.2110580764511627f,-0.6815310634354632f,-0.7040124376681397f,0.19970452468857594f,0.8213264688135893f,-0.5346904151253249f,0.6653861066109779f,0.5209294473363854f,-0.12643917003089722f,0f,0f,0f,1f], start_interpolation: 0, interpolation_duration: 1 }
$data merge entity $(bone_finger_left_1_fire) { transformation: [0.000008303379862631067f,0.000012305446589992664f,0.000007576783278903283f,1.4534453541058698f,0.000006173032105614854f,0.000004880745793959174f,-0.000014691826737869452f,-0.20698135826700126f,-0.000013066190541151567f,0.000010125812683106746f,-0.000002126113832026295f,0.09518577834806921f,0f,0f,0f,1f], start_interpolation: 0, interpolation_duration: 1 }
$data merge entity $(bone_finger_left_1_fire_s) { transformation: [0.00000498202791757864f,0.0000073832679539955985f,0.00000454606996734197f,1.4534453541058698f,0.0000037038192633689126f,0.0000029284474763755046f,-0.00000881509604272167f,-0.20698135826700126f,-0.00000783971432469094f,0.000006075487609864047f,-0.0000012756682992157768f,0.09518577834806921f,0f,0f,0f,1f], start_interpolation: 0, interpolation_duration: 1 }
$data merge entity $(bone_finger_left_1) { transformation: [0.9904802916457544f,1.467872424112501f,0.9038072009205684f,0.9566770153945829f,0.7363587769632157f,0.5822065950765316f,-1.7525351209841904f,0.6977960979187606f,-1.5586188313680223f,1.2078717420421443f,-0.25361646501262136f,0.2059463116138247f,0f,0f,0f,1f], start_interpolation: 0, interpolation_duration: 1 }
$data merge entity $(bone_finger_left_2_fire) { transformation: [0.000009592300645336137f,-0.000012095714806721428f,-0.00000628165817453651f,0.5607123690589508f,-0.000005120480291529382f,0.000003920550016321581f,-0.00001536840092304198f,0.18246252711716754f,0.000012631160979550565f,0.000010775005738363124f,-0.0000014597264896885897f,0.19183593540381594f,0f,0f,0f,1f], start_interpolation: 0, interpolation_duration: 1 }
$data merge entity $(bone_finger_left_2_fire_s) { transformation: [0.000005755380387201682f,-0.000007257428884032857f,-0.000003768994904721906f,0.5607123690589508f,-0.000003072288174917629f,0.0000023523300097929484f,-0.000009221040553825187f,0.18246252711716754f,0.0000075786965877303385f,0.000006465003443017874f,-8.758358938131538e-7f,0.19183593540381594f,0f,0f,0f,1f], start_interpolation: 0, interpolation_duration: 1 }
$data merge entity $(bone_finger_left_2) { transformation: [0.7150134474085814f,-0.9016188151931974f,-0.46823699891031245f,0.7623671228649879f,-0.3816823930987021f,0.2922391704091163f,-1.145565983743872f,0.6770594167091273f,0.9415311603220418f,0.8031726989895955f,-0.10880852344565885f,0.23960890744617566f,0f,0f,0f,1f], start_interpolation: 0, interpolation_duration: 1 }
$data merge entity $(bone_finger_film_left) { transformation: [1.217076091023567f,0.05247780077318242f,0.08044464072411311f,0.8519580921747569f,0.08601753679783536f,0.038914812613986466f,-0.9996951148106384f,0.6191208569092477f,-0.1519689571221796f,0.4423063382773747f,0.07841033969771975f,0.26435645446411077f,0f,0f,0f,1f], start_interpolation: 0, interpolation_duration: 1 }
$data merge entity $(bone_finger_left_0_fire) { transformation: [0.000016483182468609745f,0.0000020684023878260547f,0.0000013431995556615008f,0.9195571426237957f,0.0000013545218513370773f,-6.878837818706288e-9f,-0.000016611532169358077f,-0.07923667527061085f,-0.0000020610055891588743f,0.00001653781853877359f,-1.7490488223635137e-7f,0.29118127863260695f,0f,0f,0f,1f], start_interpolation: 0, interpolation_duration: 1 }
$data merge entity $(bone_finger_left_0_fire_s) { transformation: [0.000009889909481165847f,0.0000012410414326956328f,8.059197333969005e-7f,0.9195571426237957f,8.127131108022464e-7f,-4.1273026912237726e-9f,-0.000009966919301614846f,-0.07923667527061085f,-0.0000012366033534953245f,0.000009922691123264154f,-1.0494292934181082e-7f,0.29118127863260695f,0f,0f,0f,1f], start_interpolation: 0, interpolation_duration: 1 }
$data merge entity $(bone_fire_large_left) { transformation: [0.000026373091949775593f,0.0000033094438205216873f,0.000002149119289058401f,0.9052023936033596f,0.0000021672349621393235f,-1.100614050993006e-8f,-0.00002657845147097292f,-0.08554630396709129f,-0.0000032976089426541983f,0.000026460509662037743f,-2.798478115781622e-7f,0.1833849217602863f,0f,0f,0f,1f], start_interpolation: 0, interpolation_duration: 1 }
$data merge entity $(bone_finger_left_0) { transformation: [1.4464647822708179f,0.18151053143122792f,0.11787110022753045f,0.8548897482745966f,0.1188646766791876f,-0.000603645361971806f,-1.4577279787015442f,0.6208118507563717f,-0.1808614329459081f,1.451259314606074f,-0.015348598663146723f,0.22769300571582565f,0f,0f,0f,1f], start_interpolation: 0, interpolation_duration: 1 }
$data merge entity $(bone_wing_left_1_model) { transformation: [-0.7268417220989288f,0.6271069689769228f,-0.33077944845271157f,0.562021096528479f,-0.7089051418204231f,-0.6504729959168983f,0.32452344218145573f,0.9452247383969704f,-0.011475798824882985f,0.46324811287830575f,0.903463654497434f,-0.025857964599365284f,0f,0f,0f,1f], start_interpolation: 0, interpolation_duration: 1 }
$data merge entity $(bone_wing_left_0) { transformation: [-0.4819937540218837f,-0.14582000249694715f,0.863955177052422f,0.13576032929012255f,0.644054681836256f,-0.7274953701986452f,0.23652495247718608f,0.8118589449053247f,0.5940333222039742f,0.6704379264416105f,0.4445642798291184f,-0.16391987265480998f,0f,0f,0f,1f], start_interpolation: 0, interpolation_duration: 1 }
$data merge entity $(bone_body_0) { transformation: [-0.9938451232498421f,0.019598420109932922f,0.10903106402168397f,-0.0011692624506418042f,0.02713019929080415f,-0.9111927222805767f,0.41108609213807396f,1.2445377845419834f,0.10740494997413864f,0.4115139424030567f,0.9050527343359315f,0.08427776514504717f,0f,0f,0f,1f], start_interpolation: 0, interpolation_duration: 1 }
$data merge entity $(bone_leg_right_3) { transformation: [-0.9997092955650779f,0.009511722549828891f,0.022155168582318113f,-0.2307308200279355f,0.0008573338921241402f,-0.9042899460856475f,0.4269179761816247f,1.8544865443934435f,0.02409542154379695f,0.42681286360951187f,0.9040189102657504f,-0.15755960793420742f,0f,0f,0f,1f], start_interpolation: 0, interpolation_duration: 1 }
$data merge entity $(bone_leg_right_2) { transformation: [-0.9078678127147214f,0.3946498627069613f,0.14151862245642507f,-0.15853650413607187f,0.016425557692094507f,-0.30380672904268485f,0.9525920808210031f,1.795700595094114f,0.4189346436988605f,0.8671522111219929f,0.269334006495926f,-0.013722165585568241f,0f,0f,0f,1f], start_interpolation: 0, interpolation_duration: 1 }
$data merge entity $(bone_leg_right_1) { transformation: [-0.9351284625163973f,0.27195228830100227f,0.2271050670495214f,-0.23969900975499978f,0.060932000138134795f,-0.5079938096314429f,0.8592028751903127f,1.5278207575437541f,0.3490301562198965f,0.8173030296432174f,0.45846887330017577f,-0.17101492042763494f,0f,0f,0f,1f], start_interpolation: 0, interpolation_duration: 1 }
$data merge entity $(bone_leg_right_0) { transformation: [-0.9307381541890755f,0.3649711503097698f,-0.02285930397620115f,-0.08937957181532336f,0.07074034299147783f,0.24102483635232796f,0.9679374112693351f,1.5349565839896422f,0.3587788904188218f,0.8992792045315499f,-0.25014919565519694f,0.14900493988904256f,0f,0f,0f,1f], start_interpolation: 0, interpolation_duration: 1 }
$data merge entity $(bone_leg_left_3) { transformation: [-0.997057401795794f,-0.0743412899451177f,-0.01870588499687608f,0.2653169327228039f,0.05970732451360712f,-0.906148392558122f,0.41872440347292716f,1.8543928185846308f,-0.04807881990697378f,0.41637538744938773f,0.9079206814489494f,-0.1829004038564772f,0f,0f,0f,1f], start_interpolation: 0, interpolation_duration: 1 }
$data merge entity $(bone_leg_left_2) { transformation: [-0.8982210409484197f,-0.43092318791840273f,-0.08662659933171932f,0.18659072591196496f,0.016767421837874604f,-0.23053209103129027f,0.9729202477950862f,1.8082070020675425f,-0.4392241058530919f,0.8724449330009213f,0.21429424564969093f,-0.03789670867134584f,0f,0f,0f,1f], start_interpolation: 0, interpolation_duration: 1 }
$data merge entity $(bone_leg_left_1) { transformation: [-0.9301207255191712f,-0.32539788549720655f,-0.17026935153936895f,0.25027953998320557f,-0.01978715383788828f,-0.41855279332680373f,0.9079768872285934f,1.5231914421596329f,-0.36672047188926626f,0.847897266956485f,0.3828659297783457f,-0.17130523906852826f,0f,0f,0f,1f], start_interpolation: 0, interpolation_duration: 1 }
$data merge entity $(bone_leg_left_0) { transformation: [-0.9301207255191712f,-0.360345771933104f,0.07089683074458089f,0.09788931747548318f,-0.01978715383788828f,0.24193643424754172f,0.9700903207055418f,1.5317291008541878f,-0.36672047188926626f,0.9008982664172023f,-0.23216030897591772f,0.14769929523581984f,0f,0f,0f,1f], start_interpolation: 0, interpolation_duration: 1 }
$data merge entity $(bone_tail_3) { transformation: [-2.4418122131044253f,0.034513915816012423f,0.0294894961493299f,0.02479030045452555f,0.04208337950625984f,1.1260156210080747f,2.1667546089137923f,2.8464342917780123f,0.01702439242464311f,2.1668883994555124f,-1.1264158020916282f,-0.15213836029914768f,0f,0f,0f,1f], start_interpolation: 0, interpolation_duration: 1 }
$data merge entity $(bone_tail_2) { transformation: [-1.1560502305376772f,0.019334032710046238f,0.009387340035941202f,0.020848160539604466f,0.01992393203659338f,0.7746629402962526f,0.8581459248657924f,2.4910790335719537f,0.008060018981660684f,0.8581594179467658f,-0.7748622535543226f,0.16085870107595002f,0f,0f,0f,1f], start_interpolation: 0, interpolation_duration: 1 }
$data merge entity $(bone_tail_1) { transformation: [-1.3851773032568564f,0.014294161913922517f,0.021420918631543873f,0.014362083711997022f,0.023872819467269546f,0.2805818703585792f,1.356496679979182f,2.0834536129566024f,0.009657500221269108f,1.3566314279269214f,-0.28077970319846135f,0.23818737316785543f,0f,0f,0f,1f], start_interpolation: 0, interpolation_duration: 1 }
$data merge entity $(bone_tail_0) { transformation: [-1.1977096983048008f,0.00008854293909022977f,0.02226681442301815f,0.00775069485323435f,0.020641911569443592f,-0.4448189403244935f,1.1120765990223571f,1.7460875121717137f,0.008350470116134944f,1.1122681523654807f,0.4447405616312693f,0.12386526636453707f,0f,0f,0f,1f], start_interpolation: 0, interpolation_duration: 1 }
$data merge entity $(bone_body_1) { transformation: [-1.0206569602945257f,0.00611873507251942f,0.01796176293952276f,0.0027465820312499844f,0.01759049855483019f,-0.05728084757901166f,1.0190731933014758f,1.4546282325877655f,0.007116052794619343f,1.0192066326443263f,0.0571655159242164f,0.12659591705202988f,0f,0f,0f,1f], start_interpolation: 0, interpolation_duration: 1 }
data modify entity @s data merge value {"locators":{"body_1":{"posx":0.0032721490892879774,"posy":1.5650822129289852,"posz":-0.07105816819351246,"roty":162.55695484228022,"rotx":86.63491343697466},"body_0":{"posx":-0.024296443043392128,"posy":1.3031801469248103,"posz":-0.14453677860615238,"roty":173.13072118885037,"rotx":24.27307968921197},"neck_1":{"posx":-0.04711297000057242,"posy":1.2154681074476195,"posz":-0.3335080405411021,"roty":174.26346298248342,"rotx":-15.508114080548923},"neck_0":{"posx":-0.07883166815613109,"posy":1.2663256874400788,"posz":-0.639855650835616,"roty":174.05082552208577,"rotx":-8.010999083909534},"pos_head":{"posx":-0.10049694569234077,"posy":1.3596443445271233,"posz":-0.8639019745230461,"roty":176.09371598498882,"rotx":-55.483277988943705},"head_0":{"posx":-0.07154719962503128,"posy":1.4851228616456966,"posz":-0.6277181973481264,"roty":176.09371598498882,"rotx":-55.483277988943705},"arm_right_0":{"posx":-0.3261710678356535,"posy":1.6825805254912027,"posz":-0.04160040627689546,"roty":169.4092471602612,"rotx":3.835788239027816},"arm_left_0":{"posx":0.44418192250518834,"posy":1.5052549333959382,"posz":-0.12513863137995368,"roty":196.22435680106884,"rotx":26.504888762398277},"finger_right_0":{"posx":-0.7782411770475888,"posy":0.8033168111024888,"posz":0.2811129515501096,"roty":283.2572567374319,"rotx":-48.34944749131164},"finger_right_1":{"posx":-1.0892148533445551,"posy":0.2851563327695683,"posz":0.28150159201856884,"roty":283.2572567374319,"rotx":-48.34944749131164},"finger_right_2":{"posx":-1.4891675682240042,"posy":-0.20895170410501662,"posz":0.2021547132853465,"roty":283.2572567374319,"rotx":-48.34944749131164},"finger_right_3":{"posx":-1.918384680948559,"posy":-0.7392138706299549,"posz":0.11700224646918339,"roty":283.2572567374319,"rotx":-48.34944749131164},"finger_left_0":{"posx":0.7767029699915767,"posy":0.7514225694776566,"posz":0.0922287801671486,"roty":74.3254004999212,"rotx":-61.82500569593195},"finger_left_1":{"posx":0.9752406393104487,"posy":0.18162949219119645,"posz":0.12560096372054458,"roty":74.3254004999212,"rotx":-61.82500569593195},"finger_left_2":{"posx":1.2522745661924748,"posy":-0.3929002880846337,"posz":0.0658633010550756,"roty":74.3254004999212,"rotx":-61.82500569593195},"finger_left_3":{"posx":1.5495789140224185,"posy":-1.009468594167888,"posz":0.001754905323778446,"roty":74.3254004999212,"rotx":-61.82500569593195},"leg_right_0":{"posx":-0.29094870962018493,"posy":1.4964638860826056,"posz":-0.2963549457576372,"roty":354.77865998486914,"rotx":75.45196999850623},"leg_left_0":{"posx":0.3009905185758056,"posy":1.4916864449096994,"posz":-0.2968271051807347,"roty":16.98155896489922,"rotx":75.95143514050022},"tail_0":{"posx":0.011086375086206204,"posy":1.9818667597737385,"posz":0.01946901066720784,"roty":177.13376699164627,"rotx":68.17785218097762},"tail_1":{"posx":0.016222505036904537,"posy":2.2842706609298644,"posz":0.00861909072805337,"roty":4.362692038253243,"rotx":78.27251584838103},"tail_2":{"posx":0.019552393379901153,"posy":2.547359304737702,"posz":-0.16411525089182818,"roty":0.6940958230690342,"rotx":47.91747288427244},"tail_3":{"posx":0.02411473752140163,"posy":2.9284803003329523,"posz":-0.45184780123216073,"roty":1.4996574162631475,"rotx":62.523708478544826},"tail_4":{"posx":0.029397463781406796,"posy":3.316631098621726,"posz":-0.6536330846178668,"roty":1.4996574162631475,"rotx":62.523708478544826},"shadow":{"posx":0.002746582031250014,"posy":1.6508516670998667,"posz":-0.11416126209893177,"roty":180,"rotx":37.28789516861252}},"cameras":{}}