# This file was generated by Animated Java via MC-Build. It is not recommended to edit this file directly.
$data merge entity $(bone_head_lower) { transformation: [-0.9803106322712191f,-0.19360972448247538f,0.03881158128474668f,-0.11738086291447816f,-0.05789915952206767f,0.0939237406947243f,-0.9938943697700213f,1.8063070401911074f,0.1887822861993167f,-0.976572375976164f,-0.1032842819485577f,-0.6498175329356789f,0f,0f,0f,1f], start_interpolation: 0, interpolation_duration: 1 }
$data merge entity $(bone_head_upper) { transformation: [-0.9803106322712191f,-0.19649775861021285f,0.01948576704071575f,-0.11927481810958096f,-0.05789915952206767f,0.1916972655878145f,-0.979744785999289f,1.7932090157952598f,0.1887822861993167f,-0.9615824401616938f,-0.1992999227045558f,-0.6657222509003381f,0f,0f,0f,1f], start_interpolation: 0, interpolation_duration: 1 }
$data merge entity $(bone_neck_0) { transformation: [-0.9848901822700807f,-0.16219236886947122f,0.060703907193165624f,-0.10512158828609619f,-0.05920214561888229f,-0.014080765747078505f,-0.9981467016376382f,1.6060242753079f,0.16274653551497728f,-0.9866586884614585f,0.004265871703060531f,-0.648167260696974f,0f,0f,0f,1f], start_interpolation: 0, interpolation_duration: 1 }
$data merge entity $(bone_neck_1) { transformation: [-0.989131136887784f,-0.08058349933568959f,0.1229873720098721f,-0.084304829791345f,-0.0406590070876344f,-0.6539256862181537f,-0.7554654472884677f,1.4690035624719942f,0.14130265100742967f,-0.7522549411861194f,0.6435418123784505f,-0.5418750025206276f,0f,0f,0f,1f], start_interpolation: 0, interpolation_duration: 1 }
$data merge entity $(bone_neck_2) { transformation: [-0.989131136887784f,-0.0859432064349918f,0.11930364330879481f,-0.06952275880865498f,-0.0406590070876344f,-0.6198791425132781f,-0.7836432184480708f,1.2031530363810266f,0.14130265100742967f,-0.7799766752568154f,0.6096473955276092f,-0.5148961155365491f,0f,0f,0f,1f], start_interpolation: 0, interpolation_duration: 1 }
$data merge entity $(bone_arm_right_2) { transformation: [-0.9032036072040791f,0.23575147399904395f,-0.3586704426640396f,-0.30108064505371146f,0.18926350743734452f,0.9687756136357206f,0.1601659613564888f,1.6541499324518871f,0.3852305396591161f,0.07677924805578862f,-0.9196207796597112f,0.08149741986457248f,0f,0f,0f,1f], start_interpolation: 0, interpolation_duration: 1 }
$data merge entity $(bone_arm_right_1) { transformation: [-0.7603552146360049f,-0.6037218628449995f,0.23954093574752217f,-0.3765280304606289f,0.3769308669739679f,-0.7105001103756835f,-0.5942328791630387f,1.3755425642392016f,0.5289452420601661f,-0.36153769579271444f,0.7677938690969127f,-0.10805286456289304f,0f,0f,0f,1f], start_interpolation: 0, interpolation_duration: 1 }
$data merge entity $(bone_arm_right_0) { transformation: [-0.2500092481993575f,0.43876019717245934f,0.8631250576781886f,-0.21728464813054177f,-0.9653417058010417f,-0.18191526951921091f,-0.18714226074536955f,1.334563999394939f,0.07490505227237404f,-0.8799979114139631f,0.46903401694454494f,-0.38353160418032045f,0f,0f,0f,1f], start_interpolation: 0, interpolation_duration: 1 }
$data merge entity $(bone_arm_left_2) { transformation: [-0.9363974371337005f,0.2365721970683367f,-0.25921696569417907f,0.46464910163101325f,0.28082055598824046f,0.9480979314839433f,-0.14916476678600218f,1.4437660085677086f,0.2104748323764453f,-0.21247095775688288f,-0.9542308091054174f,-0.1450397510992552f,0f,0f,0f,1f], start_interpolation: 0, interpolation_duration: 1 }
$data merge entity $(bone_arm_left_1) { transformation: [-0.973214383717163f,-0.13766440952372533f,-0.184125700749533f,0.2773860841750872f,0.17251714238999238f,-0.966684632721162f,-0.18909959397720155f,1.1672804991307284f,-0.1519592014575408f,-0.21579928454755215f,0.9645408596224166f,-0.23297159560593442f,0f,0f,0f,1f], start_interpolation: 0, interpolation_duration: 1 }
$data merge entity $(bone_arm_left_0) { transformation: [-0.7057474384073784f,-0.48943734946351364f,-0.5122222507189178f,0.09800090175243938f,0.1619681046093225f,0.5923907562368103f,-0.789201827807338f,1.3475240579041223f,0.6897005772584848f,-0.6399408354491141f,-0.3388050189327226f,-0.4285718241889387f,0f,0f,0f,1f], start_interpolation: 0, interpolation_duration: 1 }
$data merge entity $(bone_finger_right_1_fire) { transformation: [0.000006940894323616384f,-0.000009831299100448124f,-0.000011530278477283007f,-1.6942318301009331f,-0.00001502867953007883f,-0.00000608530329399674f,-0.000003858192994141148f,0.41612598411160084f,-0.0000019340515371512925f,0.000012003850198806146f,-0.000011399333438146382f,-0.6805357498662916f,0f,0f,0f,1f], start_interpolation: 0, interpolation_duration: 1 }
$data merge entity $(bone_finger_right_1_fire_s) { transformation: [0.00000416453659416983f,-0.000005898779460268874f,-0.000006918167086369804f,-1.6942318301009331f,-0.000009017207718047298f,-0.0000036511819763980438f,-0.000002314915796484689f,0.41612598411160084f,-0.0000011604309222907755f,0.000007202310119283688f,-0.000006839600062887829f,-0.6805357498662916f,0f,0f,0f,1f], start_interpolation: 0, interpolation_duration: 1 }
$data merge entity $(bone_finger_right_1) { transformation: [0.8279542966446333f,-1.172740277015695f,-1.3754054105525715f,-0.9564112191397203f,-1.7927170778967954f,-0.7258939228490127f,-0.4602299527763187f,0.6696234770688492f,-0.23070604528124394f,1.4318960763548694f,-1.3597854482361045f,0.004320943466319144f,0f,0f,0f,1f], start_interpolation: 0, interpolation_duration: 1 }
$data merge entity $(bone_finger_right_2_fire) { transformation: [0.000009921124037976054f,0.00001329794855168888f,0.000001585446283387482f,-0.7238319619898428f,0.000012851819873819736f,-0.000008899100542921367f,-0.0000057805288024234005f,0.43067121169615297f,-0.0000037656077240949563f,0.0000046635127984589135f,-0.000015551515187422224f,-0.5536795019425345f,0f,0f,0f,1f], start_interpolation: 0, interpolation_duration: 1 }
$data merge entity $(bone_finger_right_2_fire_s) { transformation: [0.000005952674422785633f,0.000007978769131013328f,9.512677700324891e-7f,-0.7238319619898428f,0.00000771109192429184f,-0.00000533946032575282f,-0.00000346831728145404f,0.43067121169615297f,-0.0000022593646344569736f,0.000002798107679075348f,-0.000009330909112453334f,-0.5536795019425345f,0f,0f,0f,1f], start_interpolation: 0, interpolation_duration: 1 }
$data merge entity $(bone_finger_right_2) { transformation: [0.7395240581841482f,0.991233739324882f,0.11817972086990206f,-0.7743265575704013f,0.9579791515314786f,-0.6633420691545485f,-0.430882640117721f,0.6159517794747364f,-0.2806897177167414f,0.3476198762266068f,-1.159215385100768f,-0.05298559664192404f,0f,0f,0f,1f], start_interpolation: 0, interpolation_duration: 1 }
$data merge entity $(bone_finger_film_right) { transformation: [1.1495921623047514f,-0.014311769798227106f,-0.3553741904669435f,-0.875103756780564f,-0.2643189653249725f,-0.3770479601586211f,-0.495509729726605f,0.5753876716823485f,-0.34690220069033906f,0.23986076811470558f,-0.8001182016834958f,-0.0669272197653571f,0f,0f,0f,1f], start_interpolation: 0, interpolation_duration: 1 }
$data merge entity $(bone_finger_right_0_fire) { transformation: [0.000015515771702240185f,-0.000001050364616999887f,-0.0000059946092811037525f,-1.1358512407685875f,-0.0000036640288850594482f,-0.000014720157249051235f,-0.0000069043204350922375f,0.2552213310190818f,-0.000004859372242501146f,0.000007745416871436743f,-0.000013934589935633209f,-0.6348151571842049f,0f,0f,0f,1f], start_interpolation: 0, interpolation_duration: 1 }
$data merge entity $(bone_finger_right_0_fire_s) { transformation: [0.00000930946302134411f,-6.302187701999321e-7f,-0.0000035967655686622515f,-1.1358512407685875f,-0.000002198417331035669f,-0.00000883209434943074f,-0.000004142592261055342f,0.2552213310190818f,-0.000002915623345500687f,0.000004647250122862045f,-0.000008360753961379925f,-0.6348151571842049f,0f,0f,0f,1f], start_interpolation: 0, interpolation_duration: 1 }
$data merge entity $(bone_fire_large_right) { transformation: [0.000024825234723584292f,-0.000001680583387199819f,-0.000009591374849766004f,-1.1299666988751302f,-0.000005862446216095117f,-0.00002355225159848197f,-0.000011046912696147579f,0.34836537948638013f,-0.000007774995588001831f,0.000012392666994298788f,-0.00002229534389701313f,-0.6909888448902617f,0f,0f,0f,1f], start_interpolation: 0, interpolation_duration: 1 }
$data merge entity $(bone_finger_right_0) { transformation: [1.3615706420640925f,-0.09217367034109264f,-0.5260507929887467f,-0.8794989203270513f,-0.32153309917878464f,-1.2917523112293106f,-0.6058815628530734f,0.609303381983977f,-0.4264292302841394f,0.6796911185006381f,-1.222815656846808f,-0.08056795559347527f,0f,0f,0f,1f], start_interpolation: 0, interpolation_duration: 1 }
$data merge entity $(bone_wing_right_1_model) { transformation: [-0.5263446534046897f,-0.5673481034765695f,0.6573085412161298f,-0.6220801121709696f,0.5192572805704505f,-0.8217233120298287f,-0.29346168077476326f,1.0323091440247403f,0.6959240371252579f,0.18402176770726983f,0.7161025112391481f,-0.18109429979483807f,0f,0f,0f,1f], start_interpolation: 0, interpolation_duration: 1 }
$data merge entity $(bone_wing_right_0) { transformation: [-0.5969978096192077f,0.18863707598198629f,-0.7797497475952361f,-0.22748420910827905f,-0.10128186144651333f,-0.9819074973325222f,-0.15999891007163786f,1.0444889428891573f,-0.7958238497631228f,-0.016544492955334f,0.6053021393494767f,-0.4314765087930714f,0f,0f,0f,1f], start_interpolation: 0, interpolation_duration: 1 }
$data merge entity $(bone_finger_left_1_fire) { transformation: [0.00000815764753286234f,0.000012449594181955491f,0.000007499211239322625f,1.4355016926771524f,0.000014434592279929489f,-0.000005937174352049154f,-0.000005845535407757593f,0.37574442434186256f,-0.0000016950251383277255f,0.0000093560324494824f,-0.000013688291506336619f,-1.103779183734757f,0f,0f,0f,1f], start_interpolation: 0, interpolation_duration: 1 }
$data merge entity $(bone_finger_left_1_fire_s) { transformation: [0.000004894588519717404f,0.000007469756509173295f,0.0000044995267435935744f,1.4355016926771524f,0.000008660755367957692f,-0.0000035623046112294922f,-0.0000035073212446545556f,0.37574442434186256f,-0.0000010170150829966353f,0.00000561361946968944f,-0.000008212974903801971f,-1.103779183734757f,0f,0f,0f,1f], start_interpolation: 0, interpolation_duration: 1 }
$data merge entity $(bone_finger_left_1) { transformation: [0.9730964066640302f,1.4850672714264155f,0.8945539115783342f,0.9432568665883496f,1.7218505485405806f,-0.7082241546282761f,-0.6972928748639353f,0.752623037077929f,-0.20219344666061637f,1.1160474291819373f,-1.6328270159414722f,-0.2711169078099935f,0f,0f,0f,1f], start_interpolation: 0, interpolation_duration: 1 }
$data merge entity $(bone_finger_left_2_fire) { transformation: [0.000009734534893439586f,-0.000011944472337994478f,-0.000006351864982276425f,0.5453966163881521f,-0.000013349827608838627f,-0.000007214263952739441f,-0.0000068930600035305204f,0.49017810045472643f,0.0000021905960377201073f,0.000009113822138096985f,-0.000013781049046151605f,-0.7131414202650048f,0f,0f,0f,1f], start_interpolation: 0, interpolation_duration: 1 }
$data merge entity $(bone_finger_left_2_fire_s) { transformation: [0.0000058407209360637515f,-0.000007166683402796687f,-0.000003811118989365855f,0.5453966163881521f,-0.000008009896565303175f,-0.000004328558371643665f,-0.000004135836002118312f,0.49017810045472643f,0.0000013143576226320643f,0.000005468293282858191f,-0.000008268629427690962f,-0.7131414202650048f,0f,0f,0f,1f], start_interpolation: 0, interpolation_duration: 1 }
$data merge entity $(bone_finger_left_2) { transformation: [0.7256156380441994f,-0.8903451486394266f,-0.47347023893162843f,0.7493209589964016f,-0.995100822402494f,-0.5377537600295814f,-0.5138111052341661f,0.7113346457082264f,0.16328779536026997f,0.6793474920114974f,-1.0272442192673066f,-0.26920716300644987f,0f,0f,0f,1f], start_interpolation: 0, interpolation_duration: 1 }
$data merge entity $(bone_finger_film_left) { transformation: [1.2153325504616108f,0.05822422402673013f,0.0780377895926972f,0.8390217410806442f,0.18546794710153364f,-0.3553258020301503f,-0.5914471140396586f,0.6606366644852014f,-0.01833641985764995f,0.2650597918267249f,-0.8100063326040388f,-0.30634668333639176f,0f,0f,0f,1f], start_interpolation: 0, interpolation_duration: 1 }
$data merge entity $(bone_finger_left_0_fire) { transformation: [0.000016460176984036444f,0.0000022782856764794634f,0.0000012844320956450745f,0.904583387952563f,0.0000026139064233261324f,-0.000014053083707014528f,-0.000008570653960551389f,0.27134835807701224f,-8.856998401859206e-8f,0.000008665911981884502f,-0.000014236288233171572f,-0.8869917819283892f,0f,0f,0f,1f], start_interpolation: 0, interpolation_duration: 1 }
$data merge entity $(bone_finger_left_0_fire_s) { transformation: [0.000009876106190421865f,0.000001366971405887678f,7.706592573870446e-7f,0.904583387952563f,0.0000015683438539956794f,-0.000008431850224208716f,-0.000005142392376330833f,0.27134835807701224f,-5.314199041115523e-8f,0.000005199547189130701f,-0.000008541772939902943f,-0.8869917819283892f,0f,0f,0f,1f], start_interpolation: 0, interpolation_duration: 1 }
$data merge entity $(bone_fire_large_left) { transformation: [0.000026336283174458305f,0.000003645257082367141f,0.000002055091353032119f,0.8888390727063027f,0.000004182250277321811f,-0.00002248493393122324f,-0.00001371304633688222f,0.35960080033141356f,-1.4171197442974728e-7f,0.000013865459171015202f,-0.00002277806117307451f,-0.9488751218692151f,0f,0f,0f,1f], start_interpolation: 0, interpolation_duration: 1 }
$data merge entity $(bone_finger_left_0) { transformation: [1.4444459595527093f,0.19992862429663688f,0.11271402201043546f,0.8414931398532792f,0.22938067892490083f,-1.23321395629826f,-0.7521089533878774f,0.6927402317471274f,-0.007772368163317926f,0.760468223410493f,-1.2492908817065322f,-0.32420489430396865f,0f,0f,0f,1f], start_interpolation: 0, interpolation_duration: 1 }
$data merge entity $(bone_wing_left_1_model) { transformation: [-0.7228205763429354f,0.6506125811545328f,-0.29190883285803915f,0.5358777324361277f,-0.5293303815074751f,-0.7680451543459735f,-0.40111478549245816f,1.0920309532419996f,-0.4778251193378778f,-0.13336788658048881f,0.8859307225740827f,-0.2745057407092836f,0f,0f,0f,1f], start_interpolation: 0, interpolation_duration: 1 }
$data merge entity $(bone_wing_left_0) { transformation: [-0.5164960622857887f,-0.0944134677011669f,0.8510686898011907f,0.11768917448968765f,0.07416502560101718f,-0.995100340760974f,-0.06538241961715797f,1.0586775641212525f,0.8530717241949092f,0.02934976889235022f,0.5209675848314272f,-0.48078636503019284f,0f,0f,0f,1f], start_interpolation: 0, interpolation_duration: 1 }
$data merge entity $(bone_body_0) { transformation: [-0.989131136887784f,0.008648479899173125f,0.14678146284362123f,-0.0005589112961553095f,-0.0406590070876344f,-0.9754311979254557f,-0.2165197987629725f,1.2552242665666884f,0.14130265100742967f,-0.2201344632472254f,0.9651810083653369f,-0.017159852912026652f,0f,0f,0f,1f], start_interpolation: 0, interpolation_duration: 1 }
$data merge entity $(bone_leg_right_3) { transformation: [-0.9996901915153245f,0.024513458423496046f,0.004314086713736176f,-0.23510488951783942f,-0.024251710923966427f,-0.9983099807465277f,0.05281133267707083f,1.8914887941354748f,0.005601384231997519f,0.05269034729423777f,0.9985951891515892f,0.0405287260612921f,0f,0f,0f,1f], start_interpolation: 0, interpolation_duration: 1 }
$data merge entity $(bone_leg_right_2) { transformation: [-0.911588280442316f,0.39326737734563644f,0.1197813711555605f,-0.16297076529178953f,-0.17864964822767684f,-0.6413680155924533f,0.746144337084405f,1.7776258591756346f,0.37025816688946733f,0.6587775333833746f,0.6549206450868441f,0.14630640361183975f,0f,0f,0f,1f], start_interpolation: 0, interpolation_duration: 1 }
$data merge entity $(bone_leg_right_1) { transformation: [-0.9391695807576719f,0.27545490131422523f,0.20514652305469155f,-0.23716080429168024f,-0.10887926013009665f,-0.8052791972311935f,0.58281276686446f,1.6019176262536272f,0.3257388605815729f,0.525023820267857f,0.7862850519107962f,-0.11197721067055441f,0f,0f,0f,1f], start_interpolation: 0, interpolation_duration: 1 }
$data merge entity $(bone_leg_right_0) { transformation: [-0.9330079286511829f,0.35760809268036353f,-0.04015790237974907f,-0.08799641214433769f,-0.10164313116611619f,-0.15483647853855498f,0.9826974808151934f,1.47583895623409f,0.345202663606144f,0.9209463160050602f,0.18081206839127545f,0.1828341146208772f,0f,0f,0f,1f], start_interpolation: 0, interpolation_duration: 1 }
$data merge entity $(bone_leg_left_3) { transformation: [-0.9855735240649638f,-0.15917878594528626f,0.05750602374667198f,0.28835257884136717f,0.16896337864544364f,-0.9450719393395f,0.27980422825574547f,1.8892856578773833f,0.00980843202986345f,0.2854840513549952f,0.9583332672317358f,-0.025751185503447155f,0f,0f,0f,1f], start_interpolation: 0, interpolation_duration: 1 }
$data merge entity $(bone_leg_left_2) { transformation: [-0.8969239969727114f,-0.4417229890973715f,0.020202587888160928f,0.20703457078692444f,0.2217306423080635f,-0.40975808777967027f,0.8848354828784851f,1.814339159868468f,-0.3825740005752468f,0.798109710755377f,0.46546538397803483f,0.10512058725818713f,0f,0f,0f,1f], start_interpolation: 0, interpolation_duration: 1 }
$data merge entity $(bone_leg_left_1) { transformation: [-0.9309269963939026f,-0.34949551440987925f,-0.10596137405866628f,0.25045352810474325f,0.16476039040534923f,-0.6608539278643931f,0.7322063232311509f,1.5883568322307149f,-0.3259278158404151f,0.6641723958684052f,0.6727897795210023f,-0.1187873227204756f,0f,0f,0f,1f], start_interpolation: 0, interpolation_duration: 1 }
$data merge entity $(bone_leg_left_0) { transformation: [-0.9309269963939026f,-0.347801924539648f,0.11139456302505839f,0.09926180653150053f,0.16476039040534923f,-0.1277544175983114f,0.9780249600790326f,1.4735140811730905f,-0.3259278158404151f,0.9288232501776822f,0.1762340171217326f,0.17956108149162575f,0f,0f,0f,1f], start_interpolation: 0, interpolation_duration: 1 }
$data merge entity $(bone_tail_3) { transformation: [-2.441673078205673f,0.04948934340345499f,0.017061913408406473f,0.02784885537346021f,0.03031420936701807f,0.6877861607010741f,2.343189913492408f,2.7546444723679295f,0.042677309077701335f,2.342863360691698f,-0.688242432034174f,0.5430615283803732f,0f,0f,0f,1f], start_interpolation: 0, interpolation_duration: 1 }
$data merge entity $(bone_tail_2) { transformation: [-1.1559843585877723f,0.02342702430564267f,0.008087010114950612f,0.02441856447254111f,0.014351942601988266f,0.3251881620366462f,1.1094867027210273f,2.298627518644536f,0.02020512172608025f,1.109332184831672f,-0.32540423975821736f,0.6707205721352972f,0f,0f,0f,1f], start_interpolation: 0, interpolation_duration: 1 }
$data merge entity $(bone_tail_1) { transformation: [-1.3850983756051687f,0.01745506124278862f,0.024023967422373668f,0.017137215063527243f,0.0171964717663463f,-0.4422836287047712f,1.3128095114738876f,1.90768490215656f,0.024209740446564626f,1.3128060987421288f,0.4419653559395345f,0.531828063999429f,0f,0f,0f,1f], start_interpolation: 0, interpolation_duration: 1 }
$data merge entity $(bone_tail_0) { transformation: [-1.1976414525909354f,0.0013518186297166103f,0.025641058871358882f,0.009543910313596861f,0.014869129722780636f,-0.9387490391937506f,0.7439983136216608f,1.6717453108816893f,0.020933234220713776f,0.7441456539394558f,0.9385165878693131f,0.2649873033997554f,0f,0f,0f,1f], start_interpolation: 0, interpolation_duration: 1 }
$data merge entity $(bone_body_1) { transformation: [-1.0205988030774926f,0.008125146211434724f,0.020316485923418653f,0.003906249999999985f,0.012671084459413062f,-0.5532759248113095f,0.8578029430395172f,1.4169846656770606f,0.0178387561185213f,0.8578580462219126f,0.5530479597258369f,0.12340255953582055f,0f,0f,0f,1f], start_interpolation: 0, interpolation_duration: 1 }
data modify entity @s data merge value {"locators":{"body_1":{"posx":0.004260610304180337,"posy":1.6106579345086947,"posz":0.006107910139321798,"roty":177.89615769369897,"rotx":57.17147007769349},"body_0":{"posx":-0.029067814317305478,"posy":1.4398002611058327,"posz":-0.16361405486094488,"roty":171.35290675306592,"rotx":-12.504705841102362},"neck_1":{"posx":-0.06033840388281948,"posy":1.4851900234350803,"posz":-0.36945032850812465,"roty":168.92755216354482,"rotx":-51.59536611269559},"neck_0":{"posx":-0.09740418647842229,"posy":1.7106966745618881,"posz":-0.5640258934811049,"roty":169.18065474973514,"rotx":-49.066056159954364},"pos_head":{"posx":-0.12420595549552033,"posy":1.9288790385104861,"posz":-0.6497222916894622,"roty":5.584121687751747,"rotx":-78.44840786575155},"head_0":{"posx":-0.0710952803968317,"posy":1.8470429007987643,"posz":-0.3990276060432769,"roty":5.584121687751747,"rotx":-78.44840786575155},"arm_right_0":{"posx":-0.18795518477526668,"posy":1.6983905124134842,"posz":0.18295502682108505,"roty":162.67280936585044,"rotx":-36.45796509554314},"arm_left_0":{"posx":0.45368130293662406,"posy":1.563452001407991,"posz":-0.04206783649373834,"roty":190.8074332574833,"rotx":-10.900242203819182},"pos_wing_r_0":{"posx":-0.4276363634406609,"posy":0.8383427629503355,"posz":0.5701994263538105,"roty":314.67280228900665,"rotx":-13.384903188784964},"pos_wing_r_1":{"posx":-0.8600218063387736,"posy":0.6936605256700425,"posz":0.14272442242332117,"roty":314.67280228900665,"rotx":-13.384903188784964},"pos_wing_r_2":{"posx":-1.2924072492368863,"posy":0.5489782883897495,"posz":-0.28475058150716814,"roty":314.67280228900665,"rotx":-13.384903188784964},"pos_wing_r_3":{"posx":-1.724792692134999,"posy":0.4042960511094564,"posz":-0.7122255854376573,"roty":314.67280228900665,"rotx":-13.384903188784964},"pos_wing_r_4":{"posx":-2.157178135033112,"posy":0.2596138138291633,"posz":-1.1397005893681464,"roty":314.67280228900665,"rotx":-13.384903188784964},"pos_wing_r_5":{"posx":-2.5895635779312247,"posy":0.11493157654887032,"posz":-1.567175593298636,"roty":314.67280228900665,"rotx":-13.384903188784964},"finger_right_0":{"posx":-0.7753258301036172,"posy":0.7816053154950833,"posz":-0.04921672709591489,"roty":314.67280228900665,"rotx":-13.384903188784964},"finger_right_1":{"posx":-1.1247138765074225,"posy":0.5207233714891079,"posz":-0.46762282650062137,"roty":314.67280228900665,"rotx":-13.384903188784964},"finger_right_2":{"posx":-1.555850102725829,"posy":0.3473676836410374,"posz":-0.908610596559017,"roty":314.67280228900665,"rotx":-13.384903188784964},"finger_right_3":{"posx":-2.0185324576761974,"posy":0.1613272261396884,"posz":-1.3818655218355245,"roty":314.67280228900665,"rotx":-13.384903188784964},"pos_wing_l_0":{"posx":0.611189922987842,"posy":1.016158559441409,"posz":0.3986353421029078,"roty":28.716391292262273,"rotx":-20.532101649164044},"pos_wing_l_1":{"posx":0.8924103444624404,"posy":0.7969509816504994,"posz":-0.11467558938471528,"roty":28.716391292262273,"rotx":-20.532101649164044},"pos_wing_l_2":{"posx":1.1736307659370389,"posy":0.5777434038595897,"posz":-0.6279865208723383,"roty":28.716391292262273,"rotx":-20.532101649164044},"pos_wing_l_3":{"posx":1.454851187411637,"posy":0.3585358260686799,"posz":-1.1412974523599613,"roty":28.716391292262273,"rotx":-20.532101649164044},"pos_wing_l_4":{"posx":1.7360716088862356,"posy":0.13932824827777024,"posz":-1.6546083838475845,"roty":28.716391292262273,"rotx":-20.532101649164044},"pos_wing_l_5":{"posx":2.017292030360834,"posy":-0.07987932951313959,"posz":-2.1679193153352077,"roty":28.716391292262273,"rotx":-20.532101649164044},"finger_left_0":{"posx":0.7620359590854657,"posy":0.8759226257710959,"posz":-0.283539731194125,"roty":28.716391292262273,"rotx":-20.532101649164044},"finger_left_1":{"posx":0.9590448111013832,"posy":0.5498235985457505,"posz":-0.7526260733181728,"roty":28.716391292262273,"rotx":-20.532101649164044},"finger_left_2":{"posx":1.2333442374071235,"posy":0.30114816041707737,"posz":-1.2754273784122372,"roty":28.716391292262273,"rotx":-20.532101649164044},"finger_left_3":{"posx":1.5277140041008301,"posy":0.03427681242693961,"posz":-1.8364820653963336,"roty":28.716391292262273,"rotx":-20.532101649164044},"leg_right_0":{"posx":-0.2874259663009551,"posy":1.6255205562667177,"posz":-0.23939864629583155,"roty":192.52199595160874,"rotx":79.32616475692426},"leg_left_0":{"posx":0.29950963146568266,"posy":1.6081534437058844,"posz":-0.24732330978623923,"roty":147.70370686516424,"rotx":77.96624976124357},"tail_0":{"posx":0.013192586963452562,"posy":1.9282260503406778,"posz":0.2915556306201652,"roty":178.4350206419025,"rotx":38.39481470515495},"tail_1":{"posx":0.019034491857167834,"posy":2.1968955870478823,"posz":0.4349460516750399,"roty":176.8886279562381,"rotx":71.3683059699147},"tail_2":{"posx":0.022110519433169138,"posy":2.490436498150975,"posz":0.4024274382287939,"roty":1.4236329268949248,"rotx":73.64919984140104},"tail_3":{"posx":0.024700832435760312,"posy":2.892864918248212,"posz":0.26477579180429084,"roty":1.4201034309901956,"rotx":73.62665615929342},"tail_4":{"posx":0.027757290828677658,"posy":3.31262220489371,"posz":0.1414845578494724,"roty":1.4201034309901956,"rotx":73.62665615929342},"shadow":{"posx":0.003906249999999997,"posy":1.7119848850291701,"posz":0.026229898016952996,"roty":180,"rotx":4.700645954101395}},"cameras":{}}