# This file was generated by Animated Java via MC-Build. It is not recommended to edit this file directly.
$data merge entity $(bone_head_lower) { transformation: [-0.9539469138811919f,-0.2997012116837212f,0.012824555035519807f,-0.13438474969069455f,-0.2356577734200397f,0.7222734189961301f,-0.6502203642138181f,2.1184857476968886f,0.18560899580370288f,-0.6232979158692498f,-0.759637419266449f,-0.28657617785427225f,0f,0f,0f,1f], start_interpolation: 0, interpolation_duration: 1 }
$data merge entity $(bone_head_upper) { transformation: [-0.9539469138811919f,-0.2993245932203207f,-0.019750275695273253f,-0.13826803578077623f,-0.2356577734200397f,0.7885233160955887f,-0.5680637233623758f,2.119880596924019f,0.18560899580370288f,-0.5372483297946175f,-0.8227475510809104f,-0.30685128198882056f,0f,0f,0f,1f], start_interpolation: 0, interpolation_duration: 1 }
$data merge entity $(bone_neck_0) { transformation: [-0.9704707181447758f,-0.23513334447751028f,0.05384139242612097f,-0.12416481888054547f,-0.1967082070158244f,0.6422401633170604f,-0.7408329460243351f,1.9698674891566592f,0.1396154236328589f,-0.7295477249209241f,-0.669527931117531f,-0.42018170790278464f,0f,0f,0f,1f], start_interpolation: 0, interpolation_duration: 1 }
$data merge entity $(bone_neck_1) { transformation: [-0.983604135706854f,-0.1280386197684829f,0.12700006326043473f,-0.10302591357443941f,-0.1260697783337866f,-0.0153772764668232f,-0.991902187899257f,1.796679775221541f,0.12895470216801902f,-0.9916499640580061f,-0.0010166476837016464f,-0.4282575826481445f,0f,0f,0f,1f], start_interpolation: 0, interpolation_duration: 1 }
$data merge entity $(bone_neck_2) { transformation: [-0.983604135706854f,-0.11812040613784278f,0.1362735259476456f,-0.08898410009377253f,-0.1260697783337866f,-0.08996294141467731f,-0.9879337428000369f,1.560052089261396f,0.12895470216801902f,-0.988915688431451f,0.07359650781733534f,-0.5524873612827473f,0f,0f,0f,1f], start_interpolation: 0, interpolation_duration: 1 }
$data merge entity $(bone_arm_right_2) { transformation: [-0.8679414262660198f,0.23544800850568212f,-0.4373121492275467f,-0.26996826976109434f,-0.06091550816136632f,0.823382624137708f,0.5642077233905481f,1.6074485091602566f,0.49291680985410713f,0.5163383479452315f,-0.7003054540730351f,0.21307367353772078f,0f,0f,0f,1f], start_interpolation: 0, interpolation_duration: 1 }
$data merge entity $(bone_arm_right_1) { transformation: [-0.7075569819603144f,-0.6589882177075208f,0.2551424037706722f,-0.3704393878165217f,0.00905355451512388f,-0.36947983836998244f,-0.9291946417133138f,1.4890094804070766f,0.7065982949525518f,-0.6551482106827105f,0.2673942250860888f,-0.0953439569868128f,0f,0f,0f,1f], start_interpolation: 0, interpolation_duration: 1 }
$data merge entity $(bone_arm_right_0) { transformation: [-0.32908673138599454f,0.3726688051793501f,0.8676519376292997f,-0.2306045593288341f,-0.8461572340552637f,0.29150725205344274f,-0.44614062497848905f,1.5927959304838217f,-0.4191895257298643f,-0.8809889236797739f,0.21940523665565792f,-0.3647893635093854f,0f,0f,0f,1f], start_interpolation: 0, interpolation_duration: 1 }
$data merge entity $(bone_arm_left_2) { transformation: [-0.9268010586044866f,0.16028163430454742f,-0.33963155841921716f,0.4612136671313364f,0.061560622122509234f,0.9569570670779449f,0.2836255657966461f,1.579473186719865f,0.3704727892484041f,0.24195654459890392f,-0.8967758599294847f,-0.11577553166836982f,0f,0f,0f,1f], start_interpolation: 0, interpolation_duration: 1 }
$data merge entity $(bone_arm_left_1) { transformation: [-0.9853716412587243f,-0.12700469081556182f,-0.11363334507938752f,0.27561602351617054f,0.17012559846674735f,-0.6939530876245569f,-0.6996330416173002f,1.3867389749462673f,0.0100004674600086f,-0.7087304993346819f,0.7054084419422508f,-0.33406598544539534f,0f,0f,0f,1f], start_interpolation: 0, interpolation_duration: 1 }
$data merge entity $(bone_arm_left_0) { transformation: [-0.6852580637254886f,-0.5332101848214257f,-0.49609302041239706f,0.08291925892772556f,-0.2521115915780645f,0.8127214644404565f,-0.5252842722086155f,1.6329806723277163f,0.6832723699163967f,-0.23488448233218973f,-0.6913524054115745f,-0.4058936748254415f,0f,0f,0f,1f], start_interpolation: 0, interpolation_duration: 1 }
$data merge entity $(bone_finger_right_1_fire) { transformation: [0.000004793359833594033f,-0.000011361039726839904f,-0.000011212861169595871f,-1.7152305566159025f,-0.000007784110349436029f,-0.000011884771760626294f,0.000008714218498718091f,1.3472249809641172f,-0.000013935892700192132f,0.0000027307058246473965f,-0.000008724214470412026f,-0.9617829758694654f,0f,0f,0f,1f], start_interpolation: 0, interpolation_duration: 1 }
$data merge entity $(bone_finger_right_1_fire_s) { transformation: [0.0000028760159001564196f,-0.000006816623836103942f,-0.000006727716701757523f,-1.7152305566159025f,-0.000004670466209661617f,-0.0000071308630563757764f,0.000005228531099230855f,1.3472249809641172f,-0.000008361535620115279f,0.000001638423494788438f,-0.000005234528682247215f,-0.9617829758694654f,0f,0f,0f,1f], start_interpolation: 0, interpolation_duration: 1 }
$data merge entity $(bone_finger_right_1) { transformation: [0.5717826384540312f,-1.3552175292717152f,-1.337541842620881f,-0.9938992686856775f,-0.9285385007869658f,-1.4176916381467723f,1.0394877535254856f,0.8297353665298215f,-1.6623624709921987f,0.3257360672812192f,-1.040680137003357f,-0.4236802019472033f,0f,0f,0f,1f], start_interpolation: 0, interpolation_duration: 1 }
$data merge entity $(bone_finger_right_2_fire) { transformation: [0.000011904117475148532f,0.000011536860765353686f,0.0000017235453566657466f,-0.7631781762535105f,0.000008934380671209975f,-0.000010600812600740208f,0.00000925080493814864f,1.1201611140426027f,0.0000074997737924253964f,-0.000005683431504171439f,-0.00001375608146157978f,-0.9575120628811133f,0f,0f,0f,1f], start_interpolation: 0, interpolation_duration: 1 }
$data merge entity $(bone_finger_right_2_fire_s) { transformation: [0.000007142470485089119f,0.000006922116459212211f,0.000001034127213999448f,-0.7631781762535105f,0.000005360628402725985f,-0.000006360487560444124f,0.000005550482962889183f,1.1201611140426027f,0.000004499864275455238f,-0.000003410058902502863f,-0.000008253648876947867f,-0.9575120628811133f,0f,0f,0f,1f], start_interpolation: 0, interpolation_duration: 1 }
$data merge entity $(bone_finger_right_2) { transformation: [0.8873370830386877f,0.8599616393507314f,0.12847367412673955f,-0.8182463215805217f,0.6659718622652263f,-0.7901882815435851f,0.6895582378713278f,0.8217849347701491f,0.5590357634082164f,-0.4236449735219654f,-1.025383126774668f,-0.5153445213344828f,0f,0f,0f,1f], start_interpolation: 0, interpolation_duration: 1 }
$data merge entity $(bone_finger_film_right) { transformation: [1.1188587507837393f,-0.08430631086902754f,-0.3715050117525206f,-0.9227430280917216f,-0.020594651691462476f,-0.40534992965771094f,0.4241624726976158f,0.8241044306656399f,-0.5094101962300486f,-0.16878109956169507f,-0.8331146782807304f,-0.5480694024504792f,0f,0f,0f,1f], start_interpolation: 0, interpolation_duration: 1 }
$data merge entity $(bone_finger_right_0_fire) { transformation: [0.000015098318114986942f,-0.000003672849348032018f,-0.0000060273332032579666f,-1.190251084416446f,-1.8722360137748435e-7f,-0.000014435799933836346f,0.000008327689077476162f,1.143979318959631f,-0.000007055743419337357f,-0.000007476338389525266f,-0.000013118636623657447f,-1.1129693415599644f,0f,0f,0f,1f], start_interpolation: 0, interpolation_duration: 1 }
$data merge entity $(bone_finger_right_0_fire_s) { transformation: [0.000009058990868992165f,-0.0000022037096088192108f,-0.00000361639992195478f,-1.190251084416446f,-1.1233416082649061e-7f,-0.000008661479960301807f,0.000004996613446485697f,1.143979318959631f,-0.000004233446051602414f,-0.000004485803033715159f,-0.000007871181974194468f,-1.1129693415599644f,0f,0f,0f,1f], start_interpolation: 0, interpolation_duration: 1 }
$data merge entity $(bone_fire_large_right) { transformation: [0.000024157308983979105f,-0.000005876558956851229f,-0.000009643733125212746f,-1.167302954857722f,-2.9955776220397496e-7f,-0.000023097279894138153f,0.000013324302523961858f,1.2412798224413386f,-0.000011289189470939772f,-0.000011962141423240423f,-0.000020989818597851913f,-1.0697036489082328f,0f,0f,0f,1f], start_interpolation: 0, interpolation_duration: 1 }
$data merge entity $(bone_finger_right_0) { transformation: [1.324937430404611f,-0.322307129865968f,-0.5289224472353695f,-0.9212792564480708f,-0.016429615234689728f,-1.2667988264988763f,0.730787819112616f,0.8548535917070798f,-0.619169531626945f,-0.6560784121259403f,-1.15121251030652f,-0.5278701695536657f,0f,0f,0f,1f], start_interpolation: 0, interpolation_duration: 1 }
$data merge entity $(bone_wing_right_1_model) { transformation: [-0.4496694018667292f,-0.6516740616603873f,0.6356850080234011f,-0.620350837326312f,-0.05417164806601057f,-0.6885929924878392f,-0.7442326291451452f,1.2155991694302055f,0.9087573628931269f,-0.3635074842386834f,0.27018409896186213f,-0.3418363605060557f,0f,0f,0f,1f], start_interpolation: 0, interpolation_duration: 1 }
$data merge entity $(bone_wing_right_0) { transformation: [-0.6586973902279537f,0.08148616201979147f,-0.7479824553464922f,-0.24522728251598702f,0.47786030136261226f,-0.7225732667486022f,-0.4995371923709855f,1.3799029573345374f,-0.5811774948228093f,-0.6864749664623887f,0.43701812311613114f,-0.5672962554403687f,0f,0f,0f,1f], start_interpolation: 0, interpolation_duration: 1 }
$data merge entity $(bone_finger_left_1_fire) { transformation: [0.000007968089162676664f,0.000012806371808434658f,0.000007091133476218233f,1.3936797268969003f,0.000009048390756002461f,-0.000010655295568155388f,0.000009075741229217331f,1.6235818267040223f,0.000011507126383250599f,-4.891781241595039e-7f,-0.000012046764085866372f,-1.3952189003436215f,0f,0f,0f,1f], start_interpolation: 0, interpolation_duration: 1 }
$data merge entity $(bone_finger_left_1_fire_s) { transformation: [0.000004780853497605998f,0.000007683823085060794f,0.000004254680085730939f,1.3936797268969003f,0.000005429034453601477f,-0.000006393177340893233f,0.000005445444737530399f,1.6235818267040223f,0.0000069042758299503595f,-2.935068744957023e-7f,-0.000007228058451519823f,-1.3952189003436215f,0f,0f,0f,1f], start_interpolation: 0, interpolation_duration: 1 }
$data merge entity $(bone_finger_left_1) { transformation: [0.9504846710947136f,1.5276259900896596f,0.8458757842975584f,0.9260905188365347f,1.079349959076812f,-1.2710318492612107f,1.0826124985649102f,1.0810996162447999f,1.3726436806029843f,-0.05835229738974024f,-1.4370151194522902f,-0.6437255157167027f,0f,0f,0f,1f], start_interpolation: 0, interpolation_duration: 1 }
$data merge entity $(bone_finger_left_2_fire) { transformation: [0.00000992032544852512f,-0.000011569925685323476f,-0.000006745497788096513f,0.516087344572555f,-0.000008331419955480972f,-0.000011903813513361877f,0.000008164829645638336f,1.3155781970812068f,-0.000010485817197459442f,-0.0000014878915461058963f,-0.000012869016832154209f,-1.090349502177368f,0f,0f,0f,1f], start_interpolation: 0, interpolation_duration: 1 }
$data merge entity $(bone_finger_left_2_fire_s) { transformation: [0.000005952195269115072f,-0.000006941955411194086f,-0.000004047298672857908f,0.516087344572555f,-0.000004998851973288583f,-0.000007142288108017126f,0.0000048988977873830015f,1.3155781970812068f,-0.0000062914903184756645f,-8.927349276635378e-7f,-0.000007721410099292525f,-1.090349502177368f,0f,0f,0f,1f], start_interpolation: 0, interpolation_duration: 1 }
$data merge entity $(bone_finger_left_2) { transformation: [0.7394645310469693f,-0.8624263100580016f,-0.5028117660489397f,0.7327002736357047f,-0.6210269594785359f,-0.8873144256207238f,0.6086092594762574f,1.0520861256522653f,-0.7816164839346458f,-0.11090795660877463f,-0.9592610188246659f,-0.6765575894468946f,0f,0f,0f,1f], start_interpolation: 0, interpolation_duration: 1 }
$data merge entity $(bone_finger_film_left) { transformation: [1.2123523787422565f,0.07016988973361472f,0.056289259838667734f,0.821562334133296f,0.1501578712876731f,-0.4065054487897149f,0.4004432822659291f,1.0613518205513608f,0.1393632496575952f,-0.17243168436849418f,-0.9211332917031633f,-0.7399101006766194f,0f,0f,0f,1f], start_interpolation: 0, interpolation_duration: 1 }
$data merge entity $(bone_finger_left_0_fire) { transformation: [0.00001642422559337925f,0.0000026902692663386234f,8.860263597420725e-7f,0.8712197561257429f,0.0000019477784948149896f,-0.000014512855174638622f,0.00000795996051453016f,1.3663084752578438f,0.000002056392562401506f,-0.000007740624246941379f,-0.00001461614736087253f,-1.3704083360087418f,0f,0f,0f,1f], start_interpolation: 0, interpolation_duration: 1 }
$data merge entity $(bone_finger_left_0_fire_s) { transformation: [0.00000985453535602755f,0.000001614161559803174f,5.316158158452435e-7f,0.8712197561257429f,0.0000011686670968889937f,-0.000008707713104783173f,0.000004775976308718096f,1.3663084752578438f,0.0000012338355374409035f,-0.000004644374548164827f,-0.000008769688416523518f,-1.3704083360087418f,0f,0f,0f,1f], start_interpolation: 0, interpolation_duration: 1 }
$data merge entity $(bone_fire_large_left) { transformation: [0.0000262787609494068f,0.000004304430826141797f,0.000001417642175587316f,0.8526407083291402f,0.000003116445591703983f,-0.000023220568279421795f,0.000012735936823248255f,1.46382783089964f,0.0000032902280998424092f,-0.000012384998795106204f,-0.000023385835777396046f,-1.3255672940175893f,0f,0f,0f,1f], start_interpolation: 0, interpolation_duration: 1 }
$data merge entity $(bone_finger_left_0) { transformation: [1.441291082115763f,0.2360818219415479f,0.07775233502214683f,0.8231525439349461f,0.1709253053395322f,-1.2735607301738583f,0.6985181759930666f,1.0930906930501239f,0.1804566215111677f,-0.6792705466504876f,-1.2826250301023239f,-0.7213150005937785f,0f,0f,0f,1f], start_interpolation: 0, interpolation_duration: 1 }
$data merge entity $(bone_wing_left_1_model) { transformation: [-0.725563345509119f,0.6716429707631496f,-0.2311506749285098f,0.5055416059867341f,-0.09426869095179394f,-0.4185551093169451f,-0.9202728494380108f,1.3263356372401065f,-0.7040229602801957f,-0.6361481143027709f,0.3614475495963129f,-0.4050493662037229f,0f,0f,0f,1f], start_interpolation: 0, interpolation_duration: 1 }
$data merge entity $(bone_wing_left_0) { transformation: [-0.5504372212378017f,-0.03138208347024722f,0.8342865396930923f,0.09801736420612495f,-0.5096357049006037f,-0.7788785458958718f,-0.36554022902219274f,1.4238970551180103f,0.6612793008755622f,-0.6263891566591802f,0.4127303122540543f,-0.6122970942758091f,0f,0f,0f,1f], start_interpolation: 0, interpolation_duration: 1 }
$data merge entity $(bone_body_0) { transformation: [-0.983604135706854f,-0.008420402916112787f,0.1801443894077828f,-0.001303945519491416f,-0.1260697783337866f,-0.6821750225679581f,-0.7202386060017026f,1.3238623025614884f,0.12895470216801902f,-0.7311404347997287f,0.6699286151446446f,-0.11461136563936265f,0f,0f,0f,1f], start_interpolation: 0, interpolation_duration: 1 }
$data merge entity $(bone_leg_right_3) { transformation: [-0.9996293120435555f,0.02604221057207784f,-0.007939884876227293f,-0.23863746048116014f,-0.02059608625885906f,-0.9140691934326688f,-0.4050349501563641f,1.865049600660337f,-0.017805609625784508f,-0.40472127802460567f,0.9142667266066202f,0.2349104528062879f,0f,0f,0f,1f], start_interpolation: 0, interpolation_duration: 1 }
$data merge entity $(bone_leg_right_2) { transformation: [-0.9156479572195154f,0.3865898001113484f,0.11016871102811526f,-0.16755267203745977f,-0.3232690556288158f,-0.8710570004852639f,0.36980646232653736f,1.7154454697331025f,0.23892663332617886f,0.30299839662196704f,0.9225540827138186f,0.27875761651087505f,0f,0f,0f,1f], start_interpolation: 0, interpolation_duration: 1 }
$data merge entity $(bone_leg_right_1) { transformation: [-0.943474073825981f,0.27807591501018075f,0.18036201792355921f,-0.23385233895076343f,-0.24144091449085506f,-0.9494141648265265f,0.20079598710275337f,1.6637305871105865f,0.22707478245729354f,0.14589903741286392f,0.9628865530549136f,-0.031109928567148032f,0f,0f,0f,1f], start_interpolation: 0, interpolation_duration: 1 }
$data merge entity $(bone_leg_right_0) { transformation: [-0.935163011119912f,0.3524210247285595f,-0.0356309410823171f,-0.08676791059300257f,-0.24533101788139802f,-0.571850225996503f,0.7828154384610883f,1.4128853312045375f,0.25550505728540224f,0.7408014176262224f,0.6212329879719547f,0.1701421346838194f,0f,0f,0f,1f], start_interpolation: 0, interpolation_duration: 1 }
$data merge entity $(bone_leg_left_3) { transformation: [-0.9710378623395783f,-0.20015218170811516f,0.13047825129293966f,0.3085885015228629f,0.20065287803435655f,-0.9796169771619827f,-0.009434012537079373f,1.8894202812904193f,0.12970694830852916f,0.017020053275527858f,0.9914062867195199f,0.13301932738516636f,0f,0f,0f,1f], start_interpolation: 0, interpolation_duration: 1 }
$data merge entity $(bone_leg_left_2) { transformation: [-0.896658128771407f,-0.4316145580664826f,0.09855492566702911f,0.22844975815684623f,0.3805363814237092f,-0.6375987452758253f,0.669820798748175f,1.7780014459953446f,-0.22626591108938182f,0.6381039988025216f,0.7359531399424312f,0.235589507538661f,0f,0f,0f,1f], start_interpolation: 0, interpolation_duration: 1 }
$data merge entity $(bone_leg_left_1) { transformation: [-0.9317107318617399f,-0.3615041473016961f,-0.0350694114198484f,0.24931135048915667f,0.30859928595252706f,-0.8388593409683f,0.4484211042979806f,1.6449486742129495f,-0.1915243922931265f,0.4069763599447804f,0.8931341722288121f,-0.05587185233008504f,0f,0f,0f,1f], start_interpolation: 0, interpolation_duration: 1 }
$data merge entity $(bone_leg_left_0) { transformation: [-0.9317107318617399f,-0.3339829722188702f,0.1427252129145736f,0.10045982337028661f,0.30859928595252706f,-0.5207377861153832f,0.7959890946622574f,1.4122516829895273f,-0.1915243922931265f,0.7856764807345954f,0.5882438905566719f,0.1649332599038003f,0f,0f,0f,1f], start_interpolation: 0, interpolation_duration: 1 }
$data merge entity $(bone_tail_3) { transformation: [-2.4412755858955664f,0.06829716216342942f,0.004090988231344987f,0.036095323387333705f,0.008262183623149368f,0.14931607406709232f,2.437651363747695f,2.332346771008414f,0.0679188844583312f,2.436708421723789f,-0.1494885195201394f,1.1069875889794405f,0f,0f,0f,1f], start_interpolation: 0, interpolation_duration: 1 }
$data merge entity $(bone_tail_2) { transformation: [-1.1557961700472001f,0.030833995050673944f,0.009926759463126414f,0.03187416326550841f,0.003911643668184885f,-0.21888643071157962f,1.1353358498674118f,1.8684928775277356f,0.03215547928482648f,1.1349238114074265f,0.218696204705073f,1.011689069886582f,0f,0f,0f,1f], start_interpolation: 0, interpolation_duration: 1 }
$data merge entity $(bone_tail_1) { transformation: [-1.3848728884349335f,0.021138440531125676f,0.03255133618723303f,0.02202079168558157f,0.004686924395212521f,-1.0623356288119274f,0.8892695793595203f,1.607475018413537f,0.03852863734127858f,0.8890306622195078f,1.061847148141363f,0.6892718486593323f,0f,0f,0f,1f], start_interpolation: 0, interpolation_duration: 1 }
$data merge entity $(bone_tail_0) { transformation: [-1.1974464824813336f,0.000529314170080392f,0.033555650751681036f,0.0120638790292117f,0.004052603800371728f,-1.1867217443051172f,0.16333835518222653f,1.5400211138132007f,0.0333142352950905f,0.16338776483478604f,1.1862541634518184f,0.3395863168312157f,0f,0f,0f,1f], start_interpolation: 0, interpolation_duration: 1 }
$data merge entity $(bone_body_1) { transformation: [-1.0204326546362665f,0.009692183280863952f,0.02690638176485566f,0.00457763671874999f,0.0034535232385776464f,-0.911632757902848f,0.4593631268834412f,1.3921104116807825f,0.028389522251468423f,0.4592738515811041f,0.9112421515297873f,0.08849392422508671f,0f,0f,0f,1f], start_interpolation: 0, interpolation_duration: 1 }
data modify entity @s data merge value {"locators":{"body_1":{"posx":0.005259965905021688,"posy":1.6185125658744082,"posz":0.08547823001472485,"roty":178.30871044937908,"rotx":26.742937732352512},"body_0":{"posx":-0.033474780432620366,"posy":1.5584639978825956,"posz":-0.13064166549721645,"roty":164.94913747387693,"rotx":-46.07418370488007},"neck_1":{"posx":-0.07272582047518084,"posy":1.7157233057565808,"posz":-0.2762884617465563,"roty":118.37191206647915,"rotx":-81.09033077306637},"neck_0":{"posx":-0.11026220971765903,"posy":1.9956874865550775,"posz":-0.2888969626883735,"roty":89.54135158803797,"rotx":-82.70349333434645},"pos_head":{"posx":-0.13904686242227848,"posy":2.206394899657874,"posz":-0.2010149048505411,"roty":358.6248635426866,"rotx":-34.61531336892493},"head_0":{"posx":-0.059688268786701346,"posy":1.9779593347835096,"posz":-0.0831797277048202,"roty":358.6248635426866,"rotx":-34.61531336892493},"arm_right_0":{"posx":-0.14890355276971703,"posy":1.5845727578411022,"posz":0.31241288527846567,"roty":136.34315762418325,"rotx":-68.30962039472409},"arm_left_0":{"posx":0.45414949587819653,"posy":1.6217355722071045,"posz":0.036580081767187286,"roty":189.15108875216427,"rotx":-44.39757028802731},"finger_right_0":{"posx":-0.7954066612280728,"posy":0.9116851504352035,"posz":-0.3780397579150868,"roty":307.8848528797631,"rotx":31.52382779308326},"finger_right_1":{"posx":-1.1514101342936447,"posy":1.1546791178821565,"posz":-0.8016085464806584,"roty":307.8848528797631,"rotx":31.52382779308326},"finger_right_2":{"posx":-1.5739578483324728,"posy":1.4762622437981503,"posz":-1.1599918271940057,"roty":307.8848528797631,"rotx":31.52382779308326},"finger_right_3":{"posx":-2.0274233144340497,"posy":1.8213754705119667,"posz":-1.5445983397606304,"roty":307.8848528797631,"rotx":31.52382779308326},"finger_left_0":{"posx":0.7434677658896284,"posy":1.148291308574979,"posz":-0.5420774020263539,"roty":30.482508452481397,"rotx":32.993540058403774},"finger_left_1":{"posx":0.9276457028745625,"posy":1.393555434830418,"posz":-1.0627683426018508,"roty":30.482508452481397,"rotx":32.993540058403774},"finger_left_2":{"posx":1.186592378806604,"posy":1.7269016483884831,"posz":-1.5446685131127673,"roty":30.482508452481397,"rotx":32.993540058403774},"finger_left_3":{"posx":1.4644860370398627,"posy":2.0846386421066416,"posz":-2.0618296057593763,"roty":30.482508452481397,"rotx":32.993540058403774},"leg_right_0":{"posx":-0.28338787597949394,"posy":1.7447811722130975,"posz":-0.13258376903671962,"roty":183.2826144189665,"rotx":51.519082038671236},"leg_left_0":{"posx":0.2965154284317145,"posy":1.7188919595043881,"posz":-0.16368684507102996,"roty":166.36190800435162,"rotx":52.74877818670953},"tail_0":{"posx":0.017029716347568835,"posy":1.7473491130640582,"posz":0.4928573178469971,"roty":178.37970253068428,"rotx":7.836807817373272},"tail_1":{"posx":0.02492537784200366,"posy":1.9047414444054835,"posz":0.7575124493586003,"roty":178.2441255471325,"rotx":39.932059534702894},"tail_2":{"posx":0.028675404381605468,"posy":2.161865117740887,"posz":0.8610248272591496,"roty":177.40109209404025,"rotx":79.08588129130818},"tail_3":{"posx":0.03006995506652415,"posy":2.52902117935303,"posz":0.8664868095038913,"roty":1.5675977747200989,"rotx":86.4894310697443},"tail_4":{"posx":0.03080281163517018,"posy":2.965700219469488,"posz":0.8397075480462052,"roty":1.5675977747200989,"rotx":86.4894310697443},"shadow":{"posx":0.004577636718749983,"posy":1.6977781410594948,"posz":0.14358380334017945,"roty":180,"rotx":-23.74779095760883}},"cameras":{}}