# This file was generated by Animated Java via MC-Build. It is not recommended to edit this file directly.
$data merge entity $(bone_head_lower) { transformation: [-0.8705076237169144f,-0.49214422635920646f,-0.003246153420482338f,-0.15928577895868437f,-0.36562932924737884f,0.6422840574073891f,0.6736366848638917f,1.9385472246645785f,-0.3294414525296461f,0.5875927586871709f,-0.7390555319416513f,0.49649876523407743f,0f,0f,0f,1f], start_interpolation: 0, interpolation_duration: 1 }
$data merge entity $(bone_head_upper) { transformation: [-0.8705076237169144f,-0.4880613704714146f,-0.06334489485582682f,-0.16638024541997803f,-0.36562932924737884f,0.55517800650954f,0.7470559381212398f,1.9579194876673618f,-0.3294414525296461f,0.673478640894912f,-0.6617362387035329f,0.494921002681854f,0f,0f,0f,1f], start_interpolation: 0, interpolation_duration: 1 }
$data merge entity $(bone_neck_0) { transformation: [-0.9338448202536578f,-0.3475283191855129f,0.0846044859892537f,-0.1445920707343825f,-0.24616789603993133f,0.796073605585202f,0.5528726629612378f,2.0482157507139314f,-0.2594903054926853f,0.4954703642546836f,-0.8289595282645855f,0.33085248348791607f,0f,0f,0f,1f], start_interpolation: 0, interpolation_duration: 1 }
$data merge entity $(bone_neck_1) { transformation: [-0.976306795490913f,-0.17240811499255476f,0.13076881494828396f,-0.12314900372964965f,-0.19356122148912244f,0.9659732637702433f,-0.17155088812566166f,2.025977850457611f,-0.09674241372791681f,-0.1927980694036598f,-0.9764577870140205f,0.1589463230452604f,0f,0f,0f,1f], start_interpolation: 0, interpolation_duration: 1 }
$data merge entity $(bone_neck_2) { transformation: [-0.976306795490913f,-0.11841040665025415f,0.18111879161253802f,-0.09898912344056217f,-0.19356122148912244f,0.8520759585053632f,-0.48631328839833876f,2.0372122985850916f,-0.09674241372791681f,-0.509848542739987f,-0.8548072115114661f,-0.10734855025869411f,0f,0f,0f,1f], start_interpolation: 0, interpolation_duration: 1 }
$data merge entity $(bone_arm_right_2) { transformation: [-0.8483763986393303f,0.04317957694142552f,-0.5276296147553888f,-0.24945684568505538f,-0.5106934051735285f,0.19580723781030568f,0.8371689026315812f,1.3493407738935355f,0.13946229649631722f,0.9796913032972473f,-0.14406671405885313f,0.29240046658833974f,0f,0f,0f,1f], start_interpolation: 0, interpolation_duration: 1 }
$data merge entity $(bone_arm_right_1) { transformation: [-0.6801106191907209f,-0.682695148699767f,0.2671645178645875f,-0.36136139566372694f,-0.6764486217072676f,0.44390780769850585f,-0.5876760335887834f,1.5867613871364539f,0.2826071617180863f,-0.5804077809662012f,-0.7637146063416216f,0.06800682136838365f,0f,0f,0f,1f], start_interpolation: 0, interpolation_duration: 1 }
$data merge entity $(bone_arm_right_0) { transformation: [-0.5139807301364437f,0.3073277088312051f,0.8008579702000663f,-0.23961933480212944f,-0.08167053272956365f,0.9118431471054936f,-0.4023331942065169f,1.8736248057196607f,-0.8539049906939752f,-0.27219800598334953f,-0.4435701888163935f,-0.008245937727632463f,0f,0f,0f,1f], start_interpolation: 0, interpolation_duration: 1 }
$data merge entity $(bone_arm_left_2) { transformation: [-0.9061606992001044f,-0.171689817374713f,-0.3865170032935356f,0.4465508368890118f,-0.41793796458071353f,0.5035605371458532f,0.7561445914582142f,1.654640886407541f,0.06481238297816046f,0.8467286413244898f,-0.5280624612424887f,0.2137099932635918f,0f,0f,0f,1f], start_interpolation: 0, interpolation_duration: 1 }
$data merge entity $(bone_arm_left_1) { transformation: [-0.9985672127241972f,-0.000206492118200563f,0.05351148505912143f,0.2988920186950704f,-0.05118481361707437f,0.29537315279063103f,-0.9540098613041208f,1.7373754859185915f,-0.01560886053537669f,-0.955381943502978f,-0.29496051515628224f,-0.08728094242548588f,0f,0f,0f,1f], start_interpolation: 0, interpolation_duration: 1 }
$data merge entity $(bone_arm_left_0) { transformation: [-0.6915470681006908f,-0.6500771734305779f,-0.31490049410226195f,0.07157845626059904f,-0.7201006465058986f,0.6546854010344003f,0.2298740624216084f,1.9353224450693185f,0.0567248755232268f,0.38572878328812404f,-0.9208667624797507f,0.02259070664814103f,0f,0f,0f,1f], start_interpolation: 0, interpolation_duration: 1 }
$data merge entity $(bone_finger_right_1_fire) { transformation: [0.0000039290962407317544f,-0.000014787842292182146f,-0.000006607548777753732f,-1.5244267439129007f,0.000014671704269472016f,3.6911068320229597e-7f,0.000007898267462581941f,2.2366365160705812f,-0.000006861565006469166f,-0.00000767862327653031f,0.000013104787217536294f,0.1208728020618478f,0f,0f,0f,1f], start_interpolation: 0, interpolation_duration: 1 }
$data merge entity $(bone_finger_right_1_fire_s) { transformation: [0.0000023574577444390527f,-0.000008872705375309287f,-0.000003964529266652239f,-1.5244267439129007f,0.00000880302256168321f,2.2146640992137757e-7f,0.000004738960477549165f,2.2366365160705812f,-0.000004116939003881499f,-0.0000046071739659181854f,0.000007862872330521776f,0.1208728020618478f,0f,0f,0f,1f], start_interpolation: 0, interpolation_duration: 1 }
$data merge entity $(bone_finger_right_1) { transformation: [0.4686877458104243f,-1.763988470802156f,-0.7881907065226427f,-1.0826458268387076f,1.7501347841699466f,0.04402988460074236f,0.9421558918485344f,1.7434944075067866f,-0.8184913879876834f,-0.9159553276135051f,1.563222889945921f,-0.6786954597942653f,0f,0f,0f,1f], start_interpolation: 0, interpolation_duration: 1 }
$data merge entity $(bone_finger_right_2_fire) { transformation: [0.000012986906900114331f,0.000008261601462496683f,0.000006392493114616035f,-0.7022956979291818f,-0.00000991537999685024f,0.000006540286638759533f,0.00001169135013498029f,2.196256323721701f,0.0000032868322840696954f,-0.000012913108445897685f,0.000010011300693649196f,-0.4087024603970268f,0f,0f,0f,1f], start_interpolation: 0, interpolation_duration: 1 }
$data merge entity $(bone_finger_right_2_fire_s) { transformation: [0.000007792144140068599f,0.000004956960877498009f,0.000003835495868769621f,-0.7022956979291818f,-0.000005949227998110144f,0.000003924171983255719f,0.0000070148100809881735f,2.196256323721701f,0.0000019720993704418172f,-0.000007747865067538611f,0.000006006780416189517f,-0.4087024603970268f,0f,0f,0f,1f], start_interpolation: 0, interpolation_duration: 1 }
$data merge entity $(bone_finger_right_2) { transformation: [0.9680485857519371f,0.6158226645750144f,0.4764986741360693f,-0.9077827388228844f,-0.7390958953482156f,0.48751525515345895f,0.8714773310339778f,1.820612859398615f,0.24500162884585444f,-0.9625476231451694f,0.7462458576598536f,-0.7315647275024836f,0f,0f,0f,1f], start_interpolation: 0, interpolation_duration: 1 }
$data merge entity $(bone_finger_film_right) { transformation: [1.1132513869367557f,-0.18422317124374207f,-0.1027842164139227f,-1.0007927328926787f,0.4128259833684965f,0.24491849331778726f,0.7708755299596137f,1.86072158928117f,-0.31939606892697014f,-0.3255455941998831f,0.6381192414703236f,-0.689895909817094f,0f,0f,0f,1f], start_interpolation: 0, interpolation_duration: 1 }
$data merge entity $(bone_finger_right_0_fire) { transformation: [0.000015075750276900912f,-0.000006992743248933252f,-0.0000012653352207215345f,-1.0749714384726121f,0.000005732610556987417f,0.00001021339149331227f,0.000011857554055707738f,2.378898829240015f,-0.00000419960802554434f,-0.000011160911872988375f,0.000011643672804272224f,-0.22194044912372368f,0f,0f,0f,1f], start_interpolation: 0, interpolation_duration: 1 }
$data merge entity $(bone_finger_right_0_fire_s) { transformation: [0.000009045450166140547f,-0.000004195645949359951f,-7.592011324329207e-7f,-1.0749714384726121f,0.0000034395663341924503f,0.000006128034895987361f,0.000007114532433424643f,2.378898829240015f,-0.000002519764815326604f,-0.0000066965471237930246f,0.000006986203682563334f,-0.22194044912372368f,0f,0f,0f,1f], start_interpolation: 0, interpolation_duration: 1 }
$data merge entity $(bone_fire_large_right) { transformation: [0.00002412120044304146f,-0.0000111883891982932f,-0.000002024536353154455f,-1.0285749881126214f,0.000009172176891179867f,0.00001634142638929963f,0.000018972086489132378f,2.3171917945504372f,-0.000006719372840870944f,-0.000017857458996781398f,0.000018629876486835558f,-0.14509296346229128f,0f,0f,0f,1f], start_interpolation: 0, interpolation_duration: 1 }
$data merge entity $(bone_finger_right_0) { transformation: [1.3229570129054058f,-0.6136410162483074f,-0.11103819532581702f,-0.9924484909683138f,0.5030593635026098f,0.8962657017693375f,1.0405475021657253f,1.8352891028629663f,-0.3685322976834174f,-0.979414381479425f,1.0217785721742845f,-0.6646130143521274f,0f,0f,0f,1f], start_interpolation: 0, interpolation_duration: 1 }
$data merge entity $(bone_wing_right_1_model) { transformation: [-0.4476488758456975f,-0.7868098067627205f,0.45991074675194743f,-0.6197738449298921f,-0.8901415712231809f,0.2675310636730597f,-0.40872019303201645f,1.7008053326994814f,0.1955391269701553f,-0.5833819854896206f,-0.8077171484324064f,-0.3510343365798219f,0f,0f,0f,1f], start_interpolation: 0, interpolation_duration: 1 }
$data merge entity $(bone_wing_right_0) { transformation: [-0.6394437834571756f,-0.07754143618674317f,-0.7649176252852787f,-0.24815677163583186f,0.6128197291677677f,0.5493998086072447f,-0.5679892867344131f,1.976348189051604f,0.4642883019641105f,-0.8319538304355719f,-0.303791370323225f,-0.2837841420087196f,0f,0f,0f,1f], start_interpolation: 0, interpolation_duration: 1 }
$data merge entity $(bone_finger_left_1_fire) { transformation: [0.00000795494799767163f,0.000014004481028762814f,0.000004286151099429468f,1.2230786806148946f,-0.000013564011831317173f,0.000005205158302423858f,0.00000816711012931584f,2.5636149103283996f,0.000005523962633110915f,-0.000007386380435606355f,0.000013881822598861572f,0.3787610500976429f,0f,0f,0f,1f], start_interpolation: 0, interpolation_duration: 1 }
$data merge entity $(bone_finger_left_1_fire_s) { transformation: [0.000004772968798602978f,0.000008402688617257688f,0.000002571690659657681f,1.2230786806148946f,-0.000008138407098790304f,0.0000031230949814543147f,0.000004900266077589504f,2.5636149103283996f,0.000003314377579866549f,-0.000004431828261363813f,0.000008329093559316943f,0.3787610500976429f,0f,0f,0f,1f], start_interpolation: 0, interpolation_duration: 1 }
$data merge entity $(bone_finger_left_1) { transformation: [0.948917108829457f,1.6705441257894125f,0.5112795345069833f,0.9276227555143031f,-1.6180021409152328f,0.6209045953262533f,0.9742251657296209f,2.0437711689036524f,0.6589336162383218f,-0.8810947311939139f,1.655912643256841f,-0.4698479317790157f,0f,0f,0f,1f], start_interpolation: 0, interpolation_duration: 1 }
$data merge entity $(bone_finger_left_2_fire) { transformation: [0.00000965646318957075f,-0.000009910104641178037f,-0.000009290873072383692f,0.4389747616138652f,0.000013412601665181037f,0.000005149571118541573f,0.000008447592061886214f,2.3448186481859454f,-0.000002152350579581685f,-0.000012371318485665213f,0.000010958815797639382f,-0.164644153403868f,0f,0f,0f,1f], start_interpolation: 0, interpolation_duration: 1 }
$data merge entity $(bone_finger_left_2_fire_s) { transformation: [0.000005793877913742449f,-0.000005946062784706822f,-0.000005574523843430215f,0.4389747616138652f,0.000008047560999108622f,0.0000030897426711249434f,0.000005068555237131728f,2.3448186481859454f,-0.0000012914103477490109f,-0.000007422791091399127f,0.000006575289478583628f,-0.164644153403868f,0f,0f,0f,1f], start_interpolation: 0, interpolation_duration: 1 }
$data merge entity $(bone_finger_left_2) { transformation: [0.7197961459127199f,-0.7387026684900352f,-0.6925449306210556f,0.737569121277856f,0.9997800225331771f,0.3838508335259802f,0.62968646895022f,2.0735363360873187f,-0.16043696552472161f,-0.9221624098829547f,0.8168739651415685f,-0.5179433117720272f,0f,0f,0f,1f], start_interpolation: 0, interpolation_duration: 1 }
$data merge entity $(bone_finger_film_left) { transformation: [1.1879064025510726f,0.10458763750006178f,-0.10953619877650525f,0.8161255767204608f,-0.11321773386841148f,0.31601208137231446f,0.7055985923832274f,2.133958793629867f,0.2963577490511219f,-0.2984978552753846f,0.7086199910766006f,-0.4713185382094019f,0f,0f,0f,1f], start_interpolation: 0, interpolation_duration: 1 }
$data merge entity $(bone_finger_left_0_fire) { transformation: [0.000016125018255263206f,0.000003727383727080506f,-0.0000019667675501445455f,0.7478324570889993f,-0.000001657206465018878f,0.000012759219298637129f,0.000010594043958723367f,2.6060260739758117f,0.000003874949132247513f,-0.000010054188739931188f,0.000012715181311413263f,0.04392992438258975f,0f,0f,0f,1f], start_interpolation: 0, interpolation_duration: 1 }
$data merge entity $(bone_finger_left_0_fire_s) { transformation: [0.000009675010953157922f,0.0000022364302362483033f,-0.0000011800605300867272f,0.7478324570889993f,-9.943238790113268e-7f,0.000007655531579182277f,0.00000635642637523402f,2.6060260739758117f,0.0000023249694793485076f,-0.000006032513243958712f,0.000007629108786847958f,0.04392992438258975f,0f,0f,0f,1f], start_interpolation: 0, interpolation_duration: 1 }
$data merge entity $(bone_fire_large_left) { transformation: [0.000025800029208421127f,0.000005963813963328808f,-0.0000031468280802312725f,0.7214394618852648f,-0.0000026515303440302047f,0.000020414750877819406f,0.000016950470333957387f,2.5268966520158127f,0.00000619991861159602f,-0.000016086701983889896f,0.00002034429009826122f,0.11398611021313504f,0f,0f,0f,1f], start_interpolation: 0, interpolation_duration: 1 }
$data merge entity $(bone_finger_left_0) { transformation: [1.4150344488469109f,0.3270927384016295f,-0.17259167042619566f,0.8155208445663396f,-0.145426454701105f,1.1196722113521203f,0.9296694687027114f,2.104956633781303f,0.3400421892775199f,-0.8822950273292028f,1.1158077029222266f,-0.44864318672509224f,0f,0f,0f,1f], start_interpolation: 0, interpolation_duration: 1 }
$data merge entity $(bone_wing_left_1_model) { transformation: [-0.732865860192487f,0.702350559698696f,-0.024257066951598717f,0.47735431367721104f,0.6471219710332242f,0.660765145676407f,-0.4190461310012921f,1.7787500754988026f,-0.27407639192794586f,-0.3179153921910755f,-0.9245480073190326f,-0.2628030884939167f,0f,0f,0f,1f], start_interpolation: 0, interpolation_duration: 1 }
$data merge entity $(bone_wing_left_0) { transformation: [-0.5724748483108325f,0.1396179829794884f,0.807947626322541f,0.09254134963614898f,-0.6662049076649847f,0.4952106308333031f,-0.5576176576407634f,2.043894522660082f,-0.4779577063450056f,-0.8574807577656899f,-0.19048144530898545f,-0.25002430467413994f,0f,0f,0f,1f], start_interpolation: 0, interpolation_duration: 1 }
$data merge entity $(bone_body_0) { transformation: [-0.976306795490913f,0.010098244413750722f,0.2161551908653241f,0.002990722656250018f,-0.19356122148912244f,0.40583109712805154f,-0.8932161967516494f,1.5442977351428981f,-0.09674241372791681f,-0.9138923055062902f,-0.3942610294240281f,-0.15029219408249836f,0f,0f,0f,1f], start_interpolation: 0, interpolation_duration: 1 }
$data merge entity $(bone_leg_right_3) { transformation: [-0.9976098905766816f,0.04502265331541351f,-0.0524162847979677f,-0.2524626840780226f,0.05507140959252198f,0.05991074801787455f,-0.9966834212112848f,1.4699597557199764f,-0.041733033307851705f,-0.9971878774636096f,-0.062247015756154156f,0.525399022185359f,0f,0f,0f,1f], start_interpolation: 0, interpolation_duration: 1 }
$data merge entity $(bone_leg_right_2) { transformation: [-0.9294294177769501f,0.36287934391035465f,0.06692935928268158f,-0.1850436602426319f,-0.3163599347996339f,-0.6902592502564957f,-0.6507369353962565f,1.3584298609355363f,-0.18994038281621695f,-0.62598781873015f,0.7563477386606626f,0.41416604731742535f,0f,0f,0f,1f], start_interpolation: 0, interpolation_duration: 1 }
$data merge entity $(bone_leg_right_1) { transformation: [-0.9567271680592097f,0.27143494872689483f,0.10486274127178233f,-0.2270953542371303f,-0.26131934945991575f,-0.6429293422594055f,-0.7199680954457182f,1.5974613236628277f,-0.12800516979892337f,-0.7162157003804903f,0.6860391731040091f,0.20396712898338426f,0f,0f,0f,1f], start_interpolation: 0, interpolation_duration: 1 }
$data merge entity $(bone_leg_right_0) { transformation: [-0.9459890382532874f,0.3233078259119136f,-0.024016436220476497f,-0.09065990234375f,-0.3015649965368121f,-0.9047216410640502f,-0.30089417583948747f,1.31636047861722f,-0.11900963141012132f,-0.27740007551275775f,0.9533550785185672f,0.0383553938316557f,0f,0f,0f,1f], start_interpolation: 0, interpolation_duration: 1 }
$data merge entity $(bone_leg_left_3) { transformation: [-0.9674906925628551f,-0.2200306936098243f,0.12469263680677553f,0.33012630199347f,-0.011635107388343655f,-0.4537922199214106f,-0.8910315625245046f,1.5883137852278681f,0.2526388411949132f,-0.8635155557419785f,0.43647966838251895f,0.48376527991495843f,0f,0f,0f,1f], start_interpolation: 0, interpolation_duration: 1 }
$data merge entity $(bone_leg_left_2) { transformation: [-0.8909331688187203f,-0.44047683470039617f,0.11053617865184928f,0.24842281085476525f,0.3865391747221602f,-0.8632808936281205f,-0.3245513289169298f,1.4453250096772996f,0.2383811131439425f,-0.24642698064325985f,0.9393871343100785f,0.43648138724723945f,0f,0f,0f,1f], start_interpolation: 0, interpolation_duration: 1 }
$data merge entity $(bone_leg_left_1) { transformation: [-0.9270627176576474f,-0.3740636506850137f,0.025121758804216618f,0.25014150266337226f,0.3165465278339145f,-0.8168962795808014f,-0.4821605169685072f,1.6103618407733498f,0.20088059449710413f,-0.43904083368548463f,0.8757226348058184f,0.1610764837135567f,0f,0f,0f,1f], start_interpolation: 0, interpolation_duration: 1 }
$data merge entity $(bone_leg_left_0) { transformation: [-0.9270627176576474f,-0.3492301233667228f,0.1363562923464875f,0.09664134765624997f,0.3165465278339145f,-0.9240235977040152f,-0.21442641302419158f,1.31636047861722f,0.20088059449710413f,-0.15562362230520138f,0.9671754106340267f,0.03835539383165572f,0f,0f,0f,1f], start_interpolation: 0, interpolation_duration: 1 }
$data merge entity $(bone_tail_3) { transformation: [-2.4422341666666667f,-2.4478940352664536e-16f,-1.7184712977495334e-16f,0.0029907226562498495f,0f,-1.4032383042571956f,1.9988571700597868f,0.8364974950041729f,-2.990874254976637e-16f,1.9988571700597868f,1.4032383042571956f,1.2291163795415971f,0f,0f,0f,1f], start_interpolation: 0, interpolation_duration: 1 }
$data merge entity $(bone_tail_2) { transformation: [-1.15625f,-4.2415718051468335e-17f,-1.3509776571173984e-16f,0.002990722656249905f,0f,-1.1031569739601672f,0.3463506219180894f,0.7002289686271774f,-1.415997861514127e-16f,0.3463506219180894f,1.1031569739601672f,0.7755847388038287f,0f,0f,0f,1f], start_interpolation: 0, interpolation_duration: 1 }
$data merge entity $(bone_tail_1) { transformation: [-1.3854166666666667f,8.178749269156516e-17f,-1.48650211777292e-16f,0.0029907226562499493f,0f,-1.2138210942190688f,-0.6678455596218341f,0.9062725533512538f,-1.696646086318729e-16f,-0.6678455596218341f,1.2138210942190688f,0.4154093406350956f,0f,0f,0f,1f], start_interpolation: 0, interpolation_duration: 1 }
$data merge entity $(bone_tail_0) { transformation: [-1.1979166666666667f,1.2713712858965128e-16f,-7.319677936164058e-17f,0.002990722656249973f,0f,-0.5976970618189917f,-1.0381534388377869f,1.2050414904815852f,-1.4670248114786003e-16f,-1.0381534388377869f,0.5976970618189917f,0.22133135957747338f,0f,0f,0f,1f], start_interpolation: 0, interpolation_duration: 1 }
$data merge entity $(bone_body_1) { transformation: [-1.0208333333333333f,8.216745200450362e-17f,-9.422057599699387e-17f,0.0029907226562500013f,0f,-0.7693693893014207f,-0.6709481628638707f,1.3818738836909399f,-1.2501602741295897e-16f,-0.6709481628638707f,0.7693693893014207f,-0.010425655344963043f,0f,0f,0f,1f], start_interpolation: 0, interpolation_duration: 1 }