# This file was generated by Animated Java via MC-Build. It is not recommended to edit this file directly.
$data merge entity $(bone_head_lower) { transformation: [-0.7555560523134973f,-0.6317627325613074f,0.173236547988909f,-0.2126730605812692f,0.09148034610445777f,0.1601034213485986f,0.9828520950524964f,1.4696275915359622f,-0.648665089309616f,0.7584475883138814f,-0.06317323556542531f,0.7065784619485984f,0f,0f,0f,1f], start_interpolation: 0, interpolation_duration: 1 }
$data merge entity $(bone_head_upper) { transformation: [-0.7555560523134973f,-0.6489086070075265f,0.08973667903368815f,-0.21948397316998441f,0.09148034610445777f,0.03112643067300591f,0.9953202959802271f,1.4858925216978596f,-0.648665089309616f,0.7602294160745886f,0.03584462087730397f,0.7174029194143612f,0f,0f,0f,1f], start_interpolation: 0, interpolation_duration: 1 }
$data merge entity $(bone_neck_0) { transformation: [-0.8738063427940117f,-0.3882730439737455f,0.29275675673896223f,-0.15791882295189968f,0.1816148637929753f,0.2978950021917655f,0.9371630642095466f,1.656806830614349f,-0.4510859303308106f,0.8720680082381933f,-0.18978638640602497f,0.6669583958957442f,0f,0f,0f,1f], start_interpolation: 0, interpolation_duration: 1 }
$data merge entity $(bone_neck_1) { transformation: [-0.9666802916827852f,-0.0836638112190827f,0.24192887459826456f,-0.11637390878499437f,0.07271112216082648f,0.816417127390304f,0.5728666221886883f,1.7632622871485786f,-0.24544308176479215f,0.5713697933878389f,-0.7831310572424895f,0.5348701178031412f,0f,0f,0f,1f], start_interpolation: 0, interpolation_duration: 1 }
$data merge entity $(bone_neck_2) { transformation: [-0.9666802916827852f,0.05047474226912481f,0.25096118039439996f,-0.052328642806111623f,0.07271112216082648f,0.9941287432952961f,0.08013198155685808f,1.923060963999019f,-0.24544308176479215f,0.09570967634978561f,-0.964674738690104f,0.32996658203368723f,0f,0f,0f,1f], start_interpolation: 0, interpolation_duration: 1 }
$data merge entity $(bone_arm_right_2) { transformation: [-0.92646698112096f,-0.2780510372665945f,-0.25366622472766376f,-0.3301626735735145f,-0.2918137166784227f,0.10500546555526481f,0.950693750353839f,1.1347144057536387f,-0.23770504338557882f,0.9548096526944483f,-0.17842320328524253f,0.30108488060800287f,0f,0f,0f,1f], start_interpolation: 0, interpolation_duration: 1 }
$data merge entity $(bone_arm_right_1) { transformation: [-0.8140360979971534f,-0.49054871110137505f,0.3109778017710406f,-0.36221748092588446f,-0.5423167561266541f,0.8336387608264348f,-0.10458944723072823f,1.4748447135630562f,-0.20793693077909983f,-0.25378805819924943f,-0.944644829728942f,0.25081016580279303f,0f,0f,0f,1f], start_interpolation: 0, interpolation_duration: 1 }
$data merge entity $(bone_arm_right_0) { transformation: [-0.6441384447598593f,0.3673633901095599f,0.6709171361573358f,-0.22062743179711297f,0.352546826953579f,0.9209865833861763f,-0.16581449884621266f,1.7593237156300083f,-0.6788198573902451f,0.12972221409561613f,-0.7227556629891032f,0.2949711094581465f,0f,0f,0f,1f], start_interpolation: 0, interpolation_duration: 1 }
$data merge entity $(bone_arm_left_2) { transformation: [-0.884597019173198f,-0.46206757689162f,-0.06310046002526312f,0.3598924302511206f,-0.2925445130012295f,0.444430457983913f,0.846699046845503f,1.293048195415193f,-0.363188410584322f,0.767447146324564f,-0.5283171926177654f,0.5156425656986839f,0f,0f,0f,1f], start_interpolation: 0, interpolation_duration: 1 }
$data merge entity $(bone_arm_left_1) { transformation: [-0.9578607482556878f,0.2540505751955878f,0.1340189993763754f,0.2977471437972332f,0.08361427831477156f,0.6930028412677229f,-0.7160696296148603f,1.5202569907794161f,-0.2747934486354318f,-0.6746890893127396f,-0.6850424755804503f,0.26313947543170385f,0f,0f,0f,1f], start_interpolation: 0, interpolation_duration: 1 }
$data merge entity $(bone_arm_left_0) { transformation: [-0.7910281308023743f,-0.608842004373597f,0.059882468132521585f,0.0875019111767748f,-0.4805862299786615f,0.6789805085361137f,0.5549976077272205f,1.7361470454412449f,-0.37856488457620924f,0.4102400306386269f,-0.8296937660531261f,0.373206091770674f,0f,0f,0f,1f], start_interpolation: 0, interpolation_duration: 1 }
$data merge entity $(bone_finger_right_1_fire) { transformation: [0.000006817884736636046f,-0.000014288865082846353f,-0.000005207932424670795f,-1.3482075330261227f,0.000014303875716975724f,0.000007963592651524191f,-0.000003123797261616053f,2.050117848045344f,0.00000516656220024838f,-0.0000031917557084748945f,0.00001552086042415692f,0.695382829240223f,0f,0f,0f,1f], start_interpolation: 0, interpolation_duration: 1 }
$data merge entity $(bone_finger_right_1_fire_s) { transformation: [0.000004090730841981627f,-0.000008573319049707812f,-0.0000031247594548024767f,-1.3482075330261227f,0.000008582325430185434f,0.000004778155590914515f,-0.000001874278356969632f,2.050117848045344f,0.0000030999373201490274f,-0.0000019150534250849367f,0.000009312516254494152f,0.695382829240223f,0f,0f,0f,1f], start_interpolation: 0, interpolation_duration: 1 }
$data merge entity $(bone_finger_right_1) { transformation: [0.813280925848262f,-1.704467275818443f,-0.6212355103822502f,-0.9947259300708103f,1.706257840325453f,0.9499482984667752f,-0.3726265296680371f,2.227406741539735f,0.6163006052437082f,-0.3807330481434196f,1.8514275649001521f,-0.2644548278210861f,0f,0f,0f,1f], start_interpolation: 0, interpolation_duration: 1 }
$data merge entity $(bone_finger_right_2_fire) { transformation: [0.000010763304574880953f,0.000009614116520535752f,0.000008336535007764681f,-0.5393621673911915f,-0.000010997854376727564f,0.000012520675199518979f,-2.401446110628266e-7f,2.283391466629266f,-0.000006401269523650664f,-0.000005345954905860109f,0.00001442990964655945f,0.19605070662396373f,0f,0f,0f,1f], start_interpolation: 0, interpolation_duration: 1 }
$data merge entity $(bone_finger_right_2_fire_s) { transformation: [0.000006457982744928572f,0.000005768469912321451f,0.0000050019210046588085f,-0.5393621673911915f,-0.000006598712626036538f,0.0000075124051197113864f,-1.4408676663769594e-7f,2.283391466629266f,-0.000003840761714190398f,-0.000003207572943516065f,0.000008657945787935669f,0.19605070662396373f,0f,0f,0f,1f], start_interpolation: 0, interpolation_duration: 1 }
$data merge entity $(bone_finger_right_2) { transformation: [0.8023004901682272f,0.7166396103815169f,0.6214082372660319f,-0.8072865910086863f,-0.8197839144903044f,0.9332955116084642f,-0.01790046335923696f,2.291985643186947f,-0.4771528707372537f,-0.3984893497670295f,1.0756105155229174f,-0.2684012533707206f,0f,0f,0f,1f], start_interpolation: 0, interpolation_duration: 1 }
$data merge entity $(bone_finger_film_right) { transformation: [1.177903756946721f,-0.12721999234443337f,0.0357763973695992f,-0.8915839906174289f,0.3458207495332267f,0.4276805512847709f,0.07724771950758373f,2.3028156499434123f,-0.06869163318669168f,-0.02841828101324499f,1.0023785130334402f,-0.19931783314696502f,0f,0f,0f,1f], start_interpolation: 0, interpolation_duration: 1 }
$data merge entity $(bone_finger_right_0_fire) { transformation: [0.000015976303178555368f,-0.000004674913999335732f,8.250415889361477e-7f,-0.8732725839605644f,0.000004688767470631692f,0.000015992567819980405f,-1.7610198025879157e-7f,2.32736626075359f,-7.422763171525867e-7f,4.009132074648314e-7f,0.000016645301807022083f,0.5021480644280485f,0f,0f,0f,1f], start_interpolation: 0, interpolation_duration: 1 }
$data merge entity $(bone_finger_right_0_fire_s) { transformation: [0.00000958578190713322f,-0.000002804948399601439f,4.950249533616886e-7f,-0.8732725839605644f,0.000002813260482379015f,0.000009595540691988243f,-1.0566118815527493e-7f,2.32736626075359f,-4.4536579029155197e-7f,2.4054792447889883e-7f,0.00000998718108421325f,0.5021480644280485f,0f,0f,0f,1f], start_interpolation: 0, interpolation_duration: 1 }
$data merge entity $(bone_fire_large_right) { transformation: [0.000025562085085688587f,-0.00000747986239893717f,0.000001320066542297836f,-0.8411387700275559f,0.000007502027953010706f,0.000025588108511968646f,-2.8176316841406645e-7f,2.2233444292999116f,-0.0000011876421074441386f,6.414611319437302e-7f,0.00002663248289123533f,0.5057259649036371f,0f,0f,0f,1f], start_interpolation: 0, interpolation_duration: 1 }
$data merge entity $(bone_finger_right_0) { transformation: [1.401984109723368f,-0.41024228622485787f,0.07240067896946296f,-0.8887911682619819f,0.41145798339862666f,1.403411396660365f,-0.015453648773080487f,2.26613694327611f,-0.06513769737850016f,0.03518172758503863f,1.4606913986408707f,-0.20091005244774995f,0f,0f,0f,1f], start_interpolation: 0, interpolation_duration: 1 }
$data merge entity $(bone_wing_right_1_model) { transformation: [-0.5960515948943595f,-0.7125879295817413f,0.4097780153694647f,-0.5537211779916591f,-0.6930764533382414f,0.707819581532898f,0.22274099952302823f,1.899165611166731f,-0.44197806404143497f,-0.14895289743687537f,-0.9019121400076535f,-0.10945511042278899f,0f,0f,0f,1f], start_interpolation: 0, interpolation_duration: 1 }
$data merge entity $(bone_wing_right_0) { transformation: [-0.6580734572438304f,0.029326647547613896f,-0.7523823978634604f,-0.18006612087060822f,0.17587985118963984f,0.9775853139079642f,-0.11572913192872966f,2.0110603585120983f,0.7321240351311126f,-0.2084871741260962f,-0.6484809136807745f,0.14824099661257106f,0f,0f,0f,1f], start_interpolation: 0, interpolation_duration: 1 }
$data merge entity $(bone_finger_left_1_fire) { transformation: [0.000006388101164889626f,0.000015385071745202606f,5.191422539943314e-7f,1.0558849135524528f,-0.000014319508680921254f,0.000006145195011586915f,-0.0000059132078590529915f,1.627556792748469f,-0.000005649921452722569f,0.000001820418479996761f,0.000015573767749441026f,1.1318676714168359f,0f,0f,0f,1f], start_interpolation: 0, interpolation_duration: 1 }
$data merge entity $(bone_finger_left_1_fire_s) { transformation: [0.000003832860698933776f,0.000009231043047121562f,3.1148535239659884e-7f,1.0558849135524528f,-0.000008591705208552752f,0.0000036871170069521488f,-0.000003547924715431795f,1.627556792748469f,-0.0000033899528716335412f,0.0000010922510879980566f,0.000009344260649664615f,1.1318676714168359f,0f,0f,0f,1f], start_interpolation: 0, interpolation_duration: 1 }
$data merge entity $(bone_finger_left_1) { transformation: [0.7620135907954899f,1.8352298222269356f,0.061926610566869406f,0.9919988208054923f,-1.708122640315845f,0.7330381902301613f,-0.7053652779581386f,1.9822582835607925f,-0.6739587903780454f,0.21715116697228562f,1.8577386892669214f,0.15833064445468328f,0f,0f,0f,1f], start_interpolation: 0, interpolation_duration: 1 }
$data merge entity $(bone_finger_left_2_fire) { transformation: [0.00000977293621034271f,-0.0000064537150216476565f,-0.000011858206357864987f,0.43897625753638786f,0.000008342475269876247f,0.000014396521119729778f,-9.597206877292578e-7f,2.0416906177141896f,0.000010614640925526089f,-0.000005372850253479214f,0.000011672174431253707f,0.49476731788961026f,0f,0f,0f,1f], start_interpolation: 0, interpolation_duration: 1 }
$data merge entity $(bone_finger_left_2_fire_s) { transformation: [0.000005863761726205626f,-0.000003872229012988594f,-0.000007114923814718992f,0.43897625753638786f,0.000005005485161925748f,0.000008637912671837867f,-5.758324126375546e-7f,2.0416906177141896f,0.000006368784555315653f,-0.000003223710152087528f,0.000007003304658752224f,0.49476731788961026f,0f,0f,0f,1f], start_interpolation: 0, interpolation_duration: 1 }
$data merge entity $(bone_finger_left_2) { transformation: [0.7284780856466191f,-0.48106217651387384f,-0.8839148522874811f,0.8203606526955134f,0.6218510264829198f,1.0731217230470493f,-0.07153791596557955f,2.0734870744960587f,0.7912190497130384f,-0.4004941383919292f,0.870047967366702f,0.11912399204765975f,0f,0f,0f,1f], start_interpolation: 0, interpolation_duration: 1 }
$data merge entity $(bone_finger_film_left) { transformation: [1.0732830229825925f,0.1749009324755909f,-0.29328357777994213f,0.8838460639301887f,-0.5204022338434324f,0.4043701954145664f,-0.054056941693311905f,2.0624712983627296f,0.29835022958746293f,0.07614189368977654f,0.9607665867568262f,0.20769099952503625f,0f,0f,0f,1f], start_interpolation: 0, interpolation_duration: 1 }
$data merge entity $(bone_finger_left_0_fire) { transformation: [0.000014607974312938477f,0.000006071171382262841f,-0.000005246498098493909f,0.6819116067542166f,-0.000007031200096691917f,0.000014935837145863f,-0.000002293637227269487f,1.994740303470788f,0.000003866146589381618f,0.000004223674298194584f,0.00001565219677073992f,0.8767406485807832f,0f,0f,0f,1f], start_interpolation: 0, interpolation_duration: 1 }
$data merge entity $(bone_finger_left_0_fire_s) { transformation: [0.000008764784587763086f,0.000003642702829357705f,-0.0000031478988590963455f,0.6819116067542166f,-0.00000421872005801515f,0.0000089615022875178f,-0.000001376182336361692f,1.994740303470788f,0.0000023196879536289705f,0.0000025342045789167506f,0.00000939131806244395f,0.8767406485807832f,0f,0f,0f,1f], start_interpolation: 0, interpolation_duration: 1 }
$data merge entity $(bone_fire_large_left) { transformation: [0.000023372758900701564f,0.000009713874211620546f,-0.000008394396957590254f,0.6391196123027381f,-0.000011249920154707065f,0.000023897339433380798f,-0.000003669819563631179f,1.8970112468131004f,0.000006185834543010588f,0.0000067578788771113345f,0.000025043514833183867f,0.8547451607631646f,0f,0f,0f,1f], start_interpolation: 0, interpolation_duration: 1 }
$data merge entity $(bone_finger_left_0) { transformation: [1.2819078126582453f,0.5327694216998088f,-0.46040106297278205f,0.8776967309002649f,-0.6170157575051f,1.310679079502133f,-0.20127578390087586f,2.027147410246061f,0.33926973115092973f,0.3706442087719101f,1.3735424841145913f,0.19932014691583191f,0f,0f,0f,1f], start_interpolation: 0, interpolation_duration: 1 }
$data merge entity $(bone_wing_left_1_model) { transformation: [-0.6403244326336537f,0.7698757825436899f,0.16808623818436302f,0.4996902345339154f,0.7669802611025401f,0.5591884318713706f,0.36059209611714627f,1.7293915051123692f,0.1808396612839922f,0.3543679728133152f,-0.9341827657330829f,0.04518912131252179f,0f,0f,0f,1f], start_interpolation: 0, interpolation_duration: 1 }
$data merge entity $(bone_wing_left_0) { transformation: [-0.5626111644132081f,0.35287356915656043f,0.7476288663958368f,0.15727267546683957f,0.0035248775053562387f,0.9053452838640996f,-0.4246616208507725f,1.985686630878343f,-0.8267141301055558f,-0.23628406881493974f,-0.5106012004569422f,0.23389234844447399f,0f,0f,0f,1f], start_interpolation: 0, interpolation_duration: 1 }
$data merge entity $(bone_body_0) { transformation: [-0.9666802916827852f,0.17861830308703147f,0.1833704323886337f,0.007015482999002377f,0.07271112216082648f,0.8784143301466778f,-0.4723360639492571f,1.55635281764417f,-0.24544308176479215f,-0.44326489416067294f,-0.8621333581404496f,-0.012396124080195123f,0f,0f,0f,1f], start_interpolation: 0, interpolation_duration: 1 }
$data merge entity $(bone_leg_right_3) { transformation: [-0.9881051561794728f,0.13096127933563814f,-0.08060610179330469f,-0.30988969277916256f,0.1497297091943809f,0.9388288703340286f,-0.3101312083810629f,0.9176989071448962f,0.03506015567714652f,-0.3185113742743027f,-0.9472704418178524f,0.3211468205798355f,0f,0f,0f,1f], start_interpolation: 0, interpolation_duration: 1 }
$data merge entity $(bone_leg_right_2) { transformation: [-0.9333840816910874f,0.3584026513536225f,-0.018485008747068647f,-0.2426103475540448f,0.05260934391787695f,0.08569525807616868f,-0.9949314447115387f,0.9390370263643084f,-0.35500199010458516f,-0.9296256570501656f,-0.09884191811084721f,0.16502125804194367f,0f,0f,0f,1f], start_interpolation: 0, interpolation_duration: 1 }
$data merge entity $(bone_leg_right_1) { transformation: [-0.9610246024638985f,0.2751801690063638f,-0.026600527151448283f,-0.24257511065416645f,0.046906895881789507f,0.06747625286751094f,-0.9966176289920297f,1.2578993643946395f,-0.27245450368426793f,-0.9590218088680719f,-0.07775418662406801f,0.20263480020893565f,0f,0f,0f,1f], start_interpolation: 0, interpolation_duration: 1 }
$data merge entity $(bone_leg_right_0) { transformation: [-0.9479521883670207f,0.3140855459035895f,-0.05231556579662233f,-0.10710006143306594f,0.01242623201105185f,-0.12768435049690993f,-0.991737009189528f,1.2895723418741871f,-0.31817013896370605f,-0.9407693535041554f,0.11713575960905145f,-0.1224850207414215f,0f,0f,0f,1f], start_interpolation: 0, interpolation_duration: 1 }
$data merge entity $(bone_leg_left_3) { transformation: [-0.9842448552776966f,-0.16928358155652617f,0.05104051209364018f,0.3142751645909454f,-0.14294551750388634f,0.5919559721386133f,-0.7931927294642679f,1.0125140436933153f,0.10406077015346446f,-0.7879918756337683f,-0.6068279492988469f,0.417979239238094f,0f,0f,0f,1f], start_interpolation: 0, interpolation_duration: 1 }
$data merge entity $(bone_leg_left_2) { transformation: [-0.897468624728442f,-0.44010297368058876f,0.029316210286148777f,0.23316672786080875f,0.07588228520743032f,-0.21953130468948656f,-0.9726499293440729f,0.9822801715907841f,0.43450195214721066f,-0.870698213400507f,0.23041847747398264f,0.2701132479743933f,0f,0f,0f,1f], start_interpolation: 0, interpolation_duration: 1 }
$data merge entity $(bone_leg_left_1) { transformation: [-0.9323309679251969f,-0.3592940797492747f,0.04082561089300652f,0.22965882504872245f,0.054247812055401454f,-0.25059625179258493f,-0.9665705838037433f,1.295660203244804f,0.3575138334874151f,-0.898948987898996f,0.25312956370306405f,0.2003377451919504f,0f,0f,0f,1f], start_interpolation: 0, interpolation_duration: 1 }
$data merge entity $(bone_leg_left_0) { transformation: [-0.9323309679251969f,-0.3578991237925955f,0.05164478130612778f,0.07953116832182466f,0.054247812055401454f,-0.2796378588770039f,-0.9585717723623447f,1.2741044963806032f,0.3575138334874151f,-0.8909045319624193f,0.28013028003762014f,-0.11912524581944554f,0f,0f,0f,1f], start_interpolation: 0, interpolation_duration: 1 }
$data merge entity $(bone_tail_3) { transformation: [-2.4238978976598946f,-0.29495438493220394f,-0.047208234061820106f,-0.1344073932954933f,0.23144642163968562f,-2.0984949126464256f,1.2277049239704483f,0.10148089754264258f,-0.18883659725846366f,1.2140134831377962f,2.1106917650688617f,0.1377288433879565f,0f,0f,0f,1f], start_interpolation: 0, interpolation_duration: 1 }
$data merge entity $(bone_tail_2) { transformation: [-1.1483763824916076f,-0.07165550127416377f,-0.11406680399063301f,-0.08733095599745325f,0.11929771459273533f,-0.9957034291977762f,-0.5755491281174349f,0.3422197500199584f,-0.06256038625551669f,-0.5833988624611274f,0.9963162288403332f,-0.26734975934301847f,0f,0f,0f,1f], start_interpolation: 0, interpolation_duration: 1 }
$data merge entity $(bone_tail_1) { transformation: [-1.380767408133551f,0.024506475927625587f,-0.110725505424642f,-0.05429418931734875f,0.10810340525065022f,-0.1243251874991922f,-1.37558578133255f,0.7547835982668183f,-0.0342689172158592f,-1.3796093724923288f,0.12199574140908835f,-0.29701319506815577f,0f,0f,0f,1f], start_interpolation: 0, interpolation_duration: 1 }
$data merge entity $(bone_tail_0) { transformation: [-1.1936314394264822f,0.0693946555240609f,-0.07370691199025203f,-0.03129683322056123f,0.09892720905060232f,0.6144442211228788f,-1.0235604753584104f,1.0685701812347403f,-0.02148800595449149f,-1.0259858776762834f,-0.617977009836696f,-0.1298658274931215f,0f,0f,0f,1f], start_interpolation: 0, interpolation_duration: 1 }
$data merge entity $(bone_body_1) { transformation: [-1.0171815744677848f,0.03565552678062698f,-0.07855585540033706f,-0.008246527777777773f,0.08430318684312196f,0.21351821680076694f,-0.9946877088949871f,1.3559963639209678f,-0.01831151811774057f,-0.9976168347359926f,-0.21569894251017319f,-0.08701863179347184f,0f,0f,0f,1f], start_interpolation: 0, interpolation_duration: 1 }
data modify entity @s data merge value {"locators":{"body_1":{"posx":-0.022989568703296714,"posy":1.2167615533023077,"posz":0.09092463350324417,"roty":339.98877477899043,"rotx":-77.00455868829374},"body_0":{"posx":-0.05344452471092735,"posy":1.5139253342156505,"posz":0.21315738331376233,"roty":12.007523847929548,"rotx":-28.186042658392722},"neck_1":{"posx":-0.0998576529200455,"posy":1.6251783015608847,"posz":0.42891406316690345,"roty":14.58232432948796,"rotx":4.596152077428867},"neck_0":{"posx":-0.15264576229177693,"posy":1.5350046417698198,"posz":0.6101071799266954,"roty":17.16723381739652,"rotx":34.950366930530656},"pos_head":{"posx":-0.23922791546248443,"posy":1.35068379162264,"posz":0.7213330502538593,"roty":111.77385523465226,"rotx":84.45481125875132},"head_0":{"posx":-0.06304337580785818,"posy":1.3734709576765782,"posz":0.5193293975488459,"roty":111.77385523465226,"rotx":84.45481125875132},"arm_right_0":{"posx":-0.22601113149573762,"posy":1.0212662446757048,"posz":0.2646127581204525,"roty":18.2215844975415,"rotx":-6.003513381636419},"arm_left_0":{"posx":0.32077182311616625,"posy":1.1434662290186113,"posz":0.5494517081636314,"roty":11.06931243049388,"rotx":-45.73092790300581},"pos_wing_r_0":{"posx":-0.775479120546163,"posy":2.3941666819884437,"posz":-1.0076973599852346,"roty":198.54887157275834,"rotx":-10.802713539620703},"pos_wing_r_1":{"posx":-0.9707765864713177,"posy":2.2770242846778417,"posz":-0.42566509407935005,"roty":198.54887157275834,"rotx":-10.802713539620703},"pos_wing_r_2":{"posx":-1.1660740523964725,"posy":2.1598818873672396,"posz":0.15636717182653448,"roty":198.54887157275834,"rotx":-10.802713539620703},"pos_wing_r_3":{"posx":-1.3613715183216273,"posy":2.0427394900566376,"posz":0.7383994377324188,"roty":198.54887157275834,"rotx":-10.802713539620703},"pos_wing_r_4":{"posx":-1.556668984246782,"posy":1.9255970927460355,"posz":1.3204317036383033,"roty":198.54887157275834,"rotx":-10.802713539620703},"pos_wing_r_5":{"posx":-1.751966450171937,"posy":1.8084546954354337,"posz":1.902463969544188,"roty":198.54887157275834,"rotx":-10.802713539620703},"finger_right_0":{"posx":-0.8071466324826465,"posy":2.143275992479026,"posz":-0.34148830500939253,"roty":198.54887157275834,"rotx":-10.802713539620703},"finger_right_1":{"posx":-0.934397716674106,"posy":2.151703001424859,"posz":0.24921568751951434,"roty":198.54887157275834,"rotx":-10.802713539620703},"finger_right_2":{"posx":-1.12295616822155,"posy":2.0557284936428433,"posz":0.853893665962779,"roty":198.54887157275834,"rotx":-10.802713539620703},"finger_right_3":{"posx":-1.3253113138386492,"posy":1.9527318258656132,"posz":1.5028160952078105,"roty":198.54887157275834,"rotx":-10.802713539620703},"pos_wing_l_0":{"posx":0.9978396534452153,"posy":2.2778435325858877,"posz":-0.5771166671019065,"roty":178.0907863343899,"rotx":-20.78072598041402},"pos_wing_l_1":{"posx":1.0173074879700028,"posy":2.0560982378714003,"posz":0.00689962350213183,"roty":178.0907863343899,"rotx":-20.78072598041402},"pos_wing_l_2":{"posx":1.0367753224947902,"posy":1.8343529431569134,"posz":0.5909159141061702,"roty":178.0907863343899,"rotx":-20.78072598041402},"pos_wing_l_3":{"posx":1.0562431570195776,"posy":1.6126076484424263,"posz":1.1749322047102082,"roty":178.0907863343899,"rotx":-20.78072598041402},"pos_wing_l_4":{"posx":1.075710991544365,"posy":1.3908623537279392,"posz":1.7589484953142465,"roty":178.0907863343899,"rotx":-20.78072598041402},"pos_wing_l_5":{"posx":1.0951788260691524,"posy":1.1691170590134519,"posz":2.342964785918285,"roty":178.0907863343899,"rotx":-20.78072598041402},"finger_left_0":{"posx":0.8239048633739771,"posy":1.9376087096129528,"posz":0.02435688041785941,"roty":178.0907863343899,"rotx":-20.78072598041402},"finger_left_1":{"posx":0.7892234965464898,"posy":1.8477085837085125,"posz":0.6209390037291506,"roty":178.0907863343899,"rotx":-20.78072598041402},"finger_left_2":{"posx":0.7984485956801521,"posy":1.6446443045306594,"posz":1.2284590852706219,"roty":178.0907863343899,"rotx":-20.78072598041402},"finger_left_3":{"posx":0.8083485607061558,"posy":1.4267220976255883,"posz":1.8804315847967215,"roty":178.0907863343899,"rotx":-20.78072598041402},"leg_right_0":{"posx":-0.2868256773711373,"posy":1.2734952761387228,"posz":0.3334727226776367,"roty":204.0666543845511,"rotx":-82.62935037593444},"leg_left_0":{"posx":0.2799890566769861,"posy":1.3324122511566936,"posz":0.3245796939546596,"roty":169.55424907719117,"rotx":-73.45005082847901},"tail_0":{"posx":-0.05307064089801859,"posy":0.8199824442987405,"posz":-0.0648151018224665,"roty":353.19838973123444,"rotx":-58.69907952449237},"tail_1":{"posx":-0.07698634093895815,"posy":0.5298508376481422,"posz":-0.09226245958277168,"roty":222.2274432888369,"rotx":-83.17031162248011},"tail_2":{"posx":-0.10032344393777212,"posy":0.3882781264818832,"posz":0.058973758974908544,"roty":186.5312734885587,"rotx":-29.852720315382403},"tail_3":{"posx":-0.11093807335435521,"posy":0.4035541796078346,"posz":0.20671200200885873,"roty":181.2812774089174,"rotx":30.17862387767987},"tail_4":{"posx":-0.1193949210571436,"posy":0.6234843204469384,"posz":0.5848197444281641,"roty":181.2812774089174,"rotx":30.17862387767987},"shadow":{"posx":-0.008246527777777811,"posy":1.3297308398061232,"posz":0.22246121861269866,"roty":0,"rotx":-71.61777276854264}},"cameras":{}}