# This file was generated by Animated Java via MC-Build. It is not recommended to edit this file directly.
$data merge entity $(bone_head_lower) { transformation: [-0.729448473148224f,-0.5952121032149045f,0.3370867502709274f,-0.2253316875526467f,0.29111426034375676f,0.17580651344871331f,0.9403959576973491f,1.2371712348066553f,-0.6189971021307223f,0.7841011554738949f,0.04503293837038201f,0.7718284859601366f,0f,0f,0f,1f], start_interpolation: 0, interpolation_duration: 1 }
$data merge entity $(bone_head_upper) { transformation: [-0.729448473148224f,-0.6344711403882186f,0.2556389974870774f,-0.22931405775185407f,0.29111426034375676f,0.050241065544299635f,0.9553681608455875f,1.2529723990410078f,-0.6189971021307223f,0.7713120038917108f,0.14805532819294687f,0.7845787525975882f,0f,0f,0f,1f], start_interpolation: 0, interpolation_duration: 1 }
$data merge entity $(bone_neck_0) { transformation: [-0.8422973495405255f,-0.30524219340474834f,0.4442548573988405f,-0.1407117605439892f,0.39101213993311057f,0.22128026673897433f,0.8933893607922906f,1.4169680728100458f,-0.3710049613980054f,0.9262085331702501f,-0.0670303789387916f,0.7562649647668277f,0f,0f,0f,1f], start_interpolation: 0, interpolation_duration: 1 }
$data merge entity $(bone_neck_1) { transformation: [-0.9505960645496033f,0.039471002105872566f,0.30791096449390143f,-0.08667364626037846f,0.2503590146673356f,0.6839278512186776f,0.6852467133100332f,1.5419761198457496f,-0.18354150984888198f,0.7284811145940301f,-0.6600210449995002f,0.6469080824525157f,0f,0f,0f,1f], start_interpolation: 0, interpolation_duration: 1 }
$data merge entity $(bone_neck_2) { transformation: [-0.9505960645496033f,0.1951281241124191f,0.24143764669822057f,-0.004175386295947468f,0.2503590146673356f,0.9417364335993936f,0.2246171262533097f,1.7270419583707484f,-0.18354150984888198f,0.2739662475778044f,-0.9440630325092334f,0.4720723175124972f,0f,0f,0f,1f], start_interpolation: 0, interpolation_duration: 1 }
$data merge entity $(bone_arm_right_2) { transformation: [-0.9672657352232166f,-0.2535735581033387f,0.009871580111766684f,-0.3926259964274774f,-0.0719805872749829f,0.31145978599329377f,0.94752920628578f,0.9839479081713007f,-0.243342952473744f,0.9158019722297089f,-0.3195167525209541f,0.3634725237510648f,0f,0f,0f,1f], start_interpolation: 0, interpolation_duration: 1 }
$data merge entity $(bone_arm_right_1) { transformation: [-0.9067550491751519f,-0.31627016002641306f,0.2788699816621268f,-0.35664924857576397f,-0.3414250652509168f,0.9388100511622803f,-0.04543800892516739f,1.3272960407524654f,-0.24743525539780106f,-0.13641434570287456f,-0.9592533141317164f,0.35563559956405083f,0f,0f,0f,1f], start_interpolation: 0, interpolation_duration: 1 }
$data merge entity $(bone_arm_right_0) { transformation: [-0.7136422052601348f,0.43515286521274177f,0.5489597314636048f,-0.19387196824476308f,0.4588759715066537f,0.8825078990474391f,-0.10301772125561509f,1.5982494934687814f,-0.5292897558476606f,0.1783866363156624f,-0.8294760770141038f,0.4105356637077114f,0f,0f,0f,1f], start_interpolation: 0, interpolation_duration: 1 }
$data merge entity $(bone_arm_left_2) { transformation: [-0.9022114722976206f,-0.4091638559439975f,0.1363796108060109f,0.2979116479856379f,-0.15955875085374124f,0.6104253350567411f,0.7758362683884138f,1.0127210535265423f,-0.4006937287761727f,0.6782078216224768f,-0.6160184140182351f,0.5952404616696918f,0f,0f,0f,1f], start_interpolation: 0, interpolation_duration: 1 }
$data merge entity $(bone_arm_left_1) { transformation: [-0.9340692676942356f,0.35094346624782424f,0.06597944109430012f,0.2693861679143166f,0.21675208359013337f,0.7040480723384532f,-0.6762653666245552f,1.2631463748630698f,-0.28378361018298737f,-0.6173775144386701f,-0.7336973948822771f,0.3591956791942694f,0f,0f,0f,1f], start_interpolation: 0, interpolation_duration: 1 }
$data merge entity $(bone_arm_left_0) { transformation: [-0.8690193213907729f,-0.4541893532456246f,0.19625863152442893f,0.10913052733042297f,-0.2917373798451268f,0.790738505085743f,0.538165325690781f,1.5184475575435683f,-0.3996182181165174f,0.41042008719491996f,-0.819671050956598f,0.46903951997204246f,0f,0f,0f,1f], start_interpolation: 0, interpolation_duration: 1 }
$data merge entity $(bone_finger_right_1_fire) { transformation: [0.000008893599534855815f,-0.000013236833949626964f,-0.000004844367046518403f,-1.2226099207819785f,0.00001213037355545888f,0.000010104810366607461f,-0.000005340844749447799f,1.9559864590560299f,0.000007178837127029298f,-6.75878852075836e-7f,0.00001502615263660929f,0.9390139931277056f,0f,0f,0f,1f], start_interpolation: 0, interpolation_duration: 1 }
$data merge entity $(bone_finger_right_1_fire_s) { transformation: [0.000005336159720913489f,-0.000007942100369776178f,-0.0000029066202279110416f,-1.2226099207819785f,0.0000072782241332753274f,0.000006062886219964477f,-0.0000032045068496686797f,1.9559864590560299f,0.000004307302276217579f,-4.055273112455016e-7f,0.000009015691581965573f,0.9390139931277056f,0f,0f,0f,1f], start_interpolation: 0, interpolation_duration: 1 }
$data merge entity $(bone_finger_right_1) { transformation: [1.0608854715546245f,-1.5789742692487816f,-0.5778671052578128f,-0.8940385539830006f,1.44698859208589f,1.2053664513152842f,-0.63709014312053f,2.266958296386445f,0.8563376370696676f,-0.080623155100259f,1.79241565387163f,0.004665933460183888f,0f,0f,0f,1f], start_interpolation: 0, interpolation_duration: 1 }
$data merge entity $(bone_finger_right_2_fire) { transformation: [0.000008893770470883832f,0.000010932478155159498f,0.00000889716505275546f,-0.41421106850090683f,-0.00001081933755161773f,0.00001203779084699361f,-0.00000397634307448052f,2.1789965564468137f,-0.000009034409750125743f,-0.0000036538049604179873f,0.000013520611212361506f,0.43429846195672955f,0f,0f,0f,1f], start_interpolation: 0, interpolation_duration: 1 }
$data merge entity $(bone_finger_right_2_fire_s) { transformation: [0.000005336262282530299f,0.000006559486893095698f,0.000005338299031653276f,-0.41421106850090683f,-0.000006491602530970637f,0.000007222674508196166f,-0.000002385805844688312f,2.1789965564468137f,-0.0000054206458500754456f,-0.0000021922829762507923f,0.000008112366727416903f,0.43429846195672955f,0f,0f,0f,1f], start_interpolation: 0, interpolation_duration: 1 }
$data merge entity $(bone_finger_right_2) { transformation: [0.6629447637193455f,0.8149107480529431f,0.6631977970401602f,-0.7000693941786772f,-0.8064772078657285f,0.8973011429616999f,-0.29639800449185394f,2.307775733542419f,-0.6734280648177853f,-0.27235590058129283f,1.0078310919833509f,-0.000757765411246003f,0f,0f,0f,1f], start_interpolation: 0, interpolation_duration: 1 }
$data merge entity $(bone_finger_film_right) { transformation: [1.2089045593067818f,-0.07041665050906284f,0.09263490112440786f,-0.7788496661608514f,0.2063270610695443f,0.437610093244254f,-0.1184487977023348f,2.3155560386743383f,-0.08801535243614066f,0.05866924847780917f,0.9946851268544948f,0.0749323605988355f,0f,0f,0f,1f], start_interpolation: 0, interpolation_duration: 1 }
$data merge entity $(bone_finger_right_0_fire) { transformation: [0.000016405420207299135f,-0.0000024831029282299568f,0.000001572948011707577f,-0.724604722148138f,0.0000027610305793780837f,0.00001607735336592103f,-0.0000034166060154522825f,2.2047333885982936f,-0.0000010083033965320743f,0.000003623628895582632f,0.00001623669965434535f,0.766140196090307f,0f,0f,0f,1f], start_interpolation: 0, interpolation_duration: 1 }
$data merge entity $(bone_finger_right_0_fire_s) { transformation: [0.000009843252124379482f,-0.0000014898617569379739f,9.437688070245462e-7f,-0.724604722148138f,0.0000016566183476268502f,0.000009646412019552618f,-0.0000020499636092713693f,2.2047333885982936f,-6.049820379192446e-7f,0.000002174177337349579f,0.000009742019792607209f,0.766140196090307f,0f,0f,0f,1f], start_interpolation: 0, interpolation_duration: 1 }
$data merge entity $(bone_fire_large_right) { transformation: [0.000026248672331678615f,-0.00000397296468516793f,0.000002516716818732123f,-0.7064548382632588f,0.000004417648927004934f,0.000025723765385473646f,-0.000005466569624723651f,2.098781087555719f,-0.0000016132854344513188f,0.000005797806232932211f,0.000025978719446952555f,0.748515883127219f,0f,0f,0f,1f], start_interpolation: 0, interpolation_duration: 1 }
$data merge entity $(bone_finger_right_0) { transformation: [1.4396408347358232f,-0.2179021522863184f,0.13803244049568641f,-0.7810360591479706f,0.24229140843697985f,1.4108516653391998f,-0.29982075886484916f,2.2797767064575276f,-0.08848263105169074f,0.31798783951223586f,1.4248349355499303f,0.06652274624252687f,0f,0f,0f,1f], start_interpolation: 0, interpolation_duration: 1 }
$data merge entity $(bone_wing_right_1_model) { transformation: [-0.708523243581576f,-0.6101617792229969f,0.3958212974587271f,-0.49803094539424925f,-0.4821913494417224f,0.807772890524654f,0.3820622238573925f,1.8618978935111283f,-0.5444845258315923f,0.07862978793505937f,-0.8534231310557934f,0.04224793068345377f,0f,0f,0f,1f], start_interpolation: 0, interpolation_duration: 1 }
$data merge entity $(bone_wing_right_0) { transformation: [-0.6526667520188364f,0.14711301756200348f,-0.743225316356342f,-0.12095519892097428f,0.08298080269733613f,0.988946166906199f,0.12288069557600204f,1.867992572890734f,0.753087177684555f,0.018526711131173823f,-0.6576598389606693f,0.31851338822704106f,0f,0f,0f,1f], start_interpolation: 0, interpolation_duration: 1 }
$data merge entity $(bone_finger_left_1_fire) { transformation: [0.000003960058264941968f,0.00001618096909942209f,-5.214933552696829e-7f,1.0280124129197514f,-0.000013893335049568745f,0.0000031210609095691172f,-0.00000866094670211992f,1.151088797622498f,-0.000008310893905980709f,0.0000024925881288502434f,0.000014230032490518967f,1.161588217040733f,0f,0f,0f,1f], start_interpolation: 0, interpolation_duration: 1 }
$data merge entity $(bone_finger_left_1_fire_s) { transformation: [0.0000023760349589651807f,0.000009708581459653252f,-3.1289601316180976e-7f,1.0280124129197514f,-0.000008336001029741247f,0.0000018726365457414702f,-0.000005196568021271951f,1.151088797622498f,-0.000004986536343588425f,0.000001495552877310146f,0.00000853801949431138f,1.161588217040733f,0f,0f,0f,1f], start_interpolation: 0, interpolation_duration: 1 }
$data merge entity $(bone_finger_left_1) { transformation: [0.47238109421517355f,1.9301695523813027f,-0.06220706497404149f,1.027144355790928f,-1.6572859220568772f,0.3723001200832255f,-1.0331331526877574f,1.6831273714513573f,-0.9913766148263771f,0.29733186457328165f,1.6974493476770414f,0.27018307585506574f,0f,0f,0f,1f], start_interpolation: 0, interpolation_duration: 1 }
$data merge entity $(bone_finger_left_2_fire) { transformation: [0.000010975205713559828f,-0.000003970822377741029f,-0.000011897697548990425f,0.49024178865524476f,0.000004560112991460852f,0.000015990793682859897f,-0.0000011303383011716806f,1.769389567685283f,0.000011684519965661041f,-0.0000025109489868208927f,0.000011616578934240035f,0.6263435171783885f,0f,0f,0f,1f], start_interpolation: 0, interpolation_duration: 1 }
$data merge entity $(bone_finger_left_2_fire_s) { transformation: [0.000006585123428135897f,-0.000002382493426644617f,-0.000007138618529394254f,0.49024178865524476f,0.000002736067794876511f,0.000009594476209715937f,-6.782029807030083e-7f,1.769389567685283f,0.000007010711979396625f,-0.0000015065693920925356f,0.000006969947360544021f,0.6263435171783885f,0f,0f,0f,1f], start_interpolation: 0, interpolation_duration: 1 }
$data merge entity $(bone_finger_left_2) { transformation: [0.8180956752107492f,-0.2959864898246484f,-0.8868585394958882f,0.8730505659913864f,0.3399124184230389f,1.1919593578981653f,-0.08425581258774245f,1.806689384503814f,0.8709682078223618f,-0.1871670163097747f,0.8659038595608791f,0.25266030449137555f,0f,0f,0f,1f], start_interpolation: 0, interpolation_duration: 1 }
$data merge entity $(bone_finger_film_left) { transformation: [0.9716333532846045f,0.2389108661041344f,-0.30177602832748346f,0.9335179272530362f,-0.7338166986988487f,0.34970784695043217f,-0.1800381796382222f,1.7695038637984988f,0.17090778625450737f,0.14328014144945703f,0.9426172748090524f,0.3360677073335743f,0f,0f,0f,1f], start_interpolation: 0, interpolation_duration: 1 }
$data merge entity $(bone_finger_left_0_fire) { transformation: [0.000013233731134843378f,0.000008435493512130015f,-0.0000056114692581593435f,0.7206758821277455f,-0.000009901945271585833f,0.000012722545070047535f,-0.00000422683150325463f,1.614582801370043f,0.0000021442056494128348f,0.0000066900727892302684f,0.000015113672154231897f,0.9869825818053035f,0f,0f,0f,1f], start_interpolation: 0, interpolation_duration: 1 }
$data merge entity $(bone_finger_left_0_fire_s) { transformation: [0.000007940238680906027f,0.000005061296107278009f,-0.0000033668815548956057f,0.7206758821277455f,-0.000005941167162951499f,0.00000763352704202852f,-0.000002536098901952778f,1.614582801370043f,0.0000012865233896477008f,0.000004014043673538161f,0.000009068203292539138f,0.9869825818053035f,0f,0f,0f,1f], start_interpolation: 0, interpolation_duration: 1 }
$data merge entity $(bone_fire_large_left) { transformation: [0.000021173969815749404f,0.000013496789619408022f,-0.000008978350813054948f,0.6624344225872862f,-0.00001584311243453733f,0.000020356072112076055f,-0.000006762930405207408f,1.5308055163307146f,0.0000034307290390605354f,0.00001070411646276843f,0.000024181875446771033f,0.9488351875206598f,0f,0f,0f,1f], start_interpolation: 0, interpolation_duration: 1 }
$data merge entity $(bone_finger_left_0) { transformation: [1.1613125111637674f,0.7402480867761194f,-0.4924287329937835f,0.921658339731517f,-0.8689350578141112f,1.1164539020133246f,-0.3709212660658192f,1.7377823860318873f,0.18816256895343267f,0.5870804802942933f,1.3262848083806618f,0.32161915813586334f,0f,0f,0f,1f], start_interpolation: 0, interpolation_duration: 1 }
$data merge entity $(bone_wing_left_1_model) { transformation: [-0.5313176562745502f,0.8389018648733265f,0.21194879637500713f,0.5067164971794323f,0.7847974267428551f,0.3624865560196725f,0.5326101564227155f,1.5330014123831226f,0.36437841614254807f,0.44252032818718273f,-0.8380818647557029f,0.11866132132826365f,0f,0f,0f,1f], start_interpolation: 0, interpolation_duration: 1 }
$data merge entity $(bone_wing_left_0) { transformation: [-0.5813364715222985f,0.4722598412528981f,0.6625847487059986f,0.21077074498965873f,0.273534053796781f,0.8803594713890979f,-0.38748719017408495f,1.7806257263885792f,-0.7663073980404362f,-0.04402094359841907f,-0.6409642175919036f,0.38256318063834344f,0f,0f,0f,1f], start_interpolation: 0, interpolation_duration: 1 }
$data merge entity $(bone_body_0) { transformation: [-0.9505960645496033f,0.29206874422609586f,0.10518065748509946f,-0.00042934214706505727f,0.2503590146673356f,0.9216270145544095f,-0.2965198303964286f,1.4376905537404947f,-0.18354150984888198f,-0.25553765806572887f,-0.9492170560375932f,0.05798229807235537f,0f,0f,0f,1f], start_interpolation: 0, interpolation_duration: 1 }
$data merge entity $(bone_leg_right_3) { transformation: [-0.9815795917902631f,0.18516774592704363f,-0.04705752701915322f,-0.363054570042769f,0.1633393808121305f,0.9411031360280516f,0.29604920880501573f,0.7066446792799821f,0.0991047509293592f,0.2829095142027991f,-0.9540128170610526f,0.03335789277051965f,0f,0f,0f,1f], start_interpolation: 0, interpolation_duration: 1 }
$data merge entity $(bone_leg_right_2) { transformation: [-0.9209522587400283f,0.38542543516936945f,-0.05739486951063005f,-0.2909558674801329f,0.26008595725190486f,0.4982983364007479f,-0.8270756088657233f,0.7960921844917789f,-0.29017620846995773f,-0.7766247497116924f,-0.5591527216899247f,-0.09375598453516923f,0f,0f,0f,1f], start_interpolation: 0, interpolation_duration: 1 }
$data merge entity $(bone_leg_right_1) { transformation: [-0.9503991186980032f,0.29636950548142854f,-0.09437495111920526f,-0.26944330192100036f,0.2228364447861526f,0.43711947386678995f,-0.8713612823860654f,1.0702289547979817f,-0.2169917833769906f,-0.849171173431549f,-0.4814798896732438f,0.07199748028323036f,0f,0f,0f,1f], start_interpolation: 0, interpolation_duration: 1 }
$data merge entity $(bone_leg_right_0) { transformation: [-0.9342097347854691f,0.34990536684446133f,-0.06941473680355072f,-0.12066140076162656f,0.21888652453941607f,0.408624215929125f,-0.8860671190893854f,1.273421566385038f,-0.281675097953509f,-0.8429664788173671f,-0.45833029005634185f,-0.17626905576725288f,0f,0f,0f,1f], start_interpolation: 0, interpolation_duration: 1 }
$data merge entity $(bone_leg_left_3) { transformation: [-0.9941144680168988f,-0.10222522521457728f,0.03586680651113424f,0.27475604168416307f,-0.10833188650178767f,0.9404457641965474f,-0.32222037019986094f,0.719884308582684f,-0.0007917363462480176f,-0.3242094507175888f,-0.945984992068562f,0.19002654254324605f,0f,0f,0f,1f], start_interpolation: 0, interpolation_duration: 1 }
$data merge entity $(bone_leg_left_2) { transformation: [-0.9135655129398244f,-0.4055498852253871f,-0.03045232603055266f,0.19987922433729635f,-0.09066257354682448f,0.27608064646507374f,-0.9568488775168695f,0.7732875546846253f,0.3964572503118872f,-0.8713832493461773f,-0.2889859536967764f,0.0454631570222398f,0f,0f,0f,1f], start_interpolation: 0, interpolation_duration: 1 }
$data merge entity $(bone_leg_left_1) { transformation: [-0.9454408648841999f,-0.32444980818948704f,0.029561680818606474f,0.19953818300485165f,-0.07879029087560535f,0.13965922533276853f,-0.9870599732757823f,1.088183681117749f,0.31612285755818675f,-0.9355360082569008f,-0.15760303354945415f,0.10813917842101683f,0f,0f,0f,1f], start_interpolation: 0, interpolation_duration: 1 }
$data merge entity $(bone_leg_left_0) { transformation: [-0.9454408648841999f,-0.3257037500337881f,-0.007657559725120222f,0.06471678008743427f,-0.07879029087560535f,0.2513898191932654f,-0.9646736488936114f,1.2466939457970891f,0.31612285755818675f,-0.9114385475828334f,-0.26333650128560115f,-0.177793068353174f,0f,0f,0f,1f], start_interpolation: 0, interpolation_duration: 1 }
$data merge entity $(bone_tail_3) { transformation: [-2.3970232256222324f,-0.46653468718281327f,-0.033656593957951654f,-0.21377110351290926f,0.45588014072424504f,-2.369486507797212f,0.37711365858882084f,0.13520897515929636f,-0.10469325649180274f,0.363849968883107f,2.412708073311592f,-0.5373174909590785f,0f,0f,0f,1f], start_interpolation: 0, interpolation_duration: 1 }
$data merge entity $(bone_tail_2) { transformation: [-1.1365980536217664f,-0.09690996291617206f,-0.18885811100082142f,-0.13593738807939426f,0.21152540158702965f,-0.6032187693208833f,-0.9634823212298423f,0.5328368859226421f,-0.017774461641868872f,-0.981656578405394f,0.6106950901118796f,-0.7824583030549872f,0f,0f,0f,1f], start_interpolation: 0, interpolation_duration: 1 }
$data merge entity $(bone_tail_1) { transformation: [-1.3713269753689794f,0.08474839835504645f,-0.17793081767754254f,-0.08307474732019113f,0.19707742568630401f,0.5803563985794911f,-1.2424678181709499f,0.9020267736113445f,-0.0014680558585511972f,-1.2551428205116244f,-0.5865097486043168f,-0.600566455265374f,0f,0f,0f,1f], start_interpolation: 0, interpolation_duration: 1 }
$data merge entity $(bone_tail_0) { transformation: [-1.1856173542645203f,0.14647609517827068f,-0.0886599294264493f,-0.054406059780166105f,0.1709409956561793f,1.0479529394475466f,-0.5545972890170838f,1.0834614226914216f,0.009747078980437406f,-0.5615547440119715f,-1.0580952718005956f,-0.2952981880096497f,0f,0f,0f,1f], start_interpolation: 0, interpolation_duration: 1 }
$data merge entity $(bone_body_1) { transformation: [-1.010352180155852f,0.09391282688444737f,-0.11166712786372228f,-0.020833333333333332f,0.1456714571678745f,0.693728157811561f,-0.7345895208008416f,1.305732846084908f,0.00830620643550318f,-0.7429820445006688f,-0.7000067020598454f,-0.10969297354770106f,0f,0f,0f,1f], start_interpolation: 0, interpolation_duration: 1 }
data modify entity @s data merge value {"locators":{"body_1":{"posx":-0.05040946145414122,"posy":1.0960300662652418,"posz":-0.029583721962822815,"roty":350.93637625503254,"rotx":-46.02129211912217},"body_0":{"posx":-0.06318097849179463,"posy":1.3562509427742682,"posz":0.2718974926748113,"roty":6.323024886238102,"rotx":-17.248695453204483},"neck_1":{"posx":-0.09226830080133507,"posy":1.4253402727126767,"posz":0.516787222088875,"roty":14.345524006849473,"rotx":12.98036483829388},"neck_0":{"posx":-0.1533196844469675,"posy":1.3100081757017954,"posz":0.675665586365674,"roty":25.009846109519373,"rotx":43.25501284157485},"pos_head":{"posx":-0.271487704428431,"posy":1.1234268621823105,"posz":0.7733534561556262,"roty":120.07761360112067,"rotx":72.81740775774733},"head_0":{"posx":-0.09397622793448264,"posy":1.1398583325086176,"posz":0.5718952591218394,"roty":120.07761360112067,"rotx":72.81740775774733},"arm_right_0":{"posx":-0.3133216061426878,"posy":0.8576601415119187,"posz":0.3104587674076978,"roty":16.20997629940362,"rotx":-2.604302811759159},"arm_left_0":{"posx":0.24059157463688696,"posy":0.8668521530754748,"posz":0.6172613099817119,"roty":5.138633786091987,"rotx":-42.552490438971525},"pos_wing_r_0":{"posx":-0.6896175590331568,"posy":2.5431209120701177,"posz":-0.7096405619361809,"roty":197.86909840398727,"rotx":-18.690182584005868},"pos_wing_r_1":{"posx":-0.8712813232775969,"posy":2.342839233965825,"posz":-0.1461598380633326,"roty":197.86909840398727,"rotx":-18.690182584005868},"pos_wing_r_2":{"posx":-1.052945087522037,"posy":2.142557555861533,"posz":0.41732088580951576,"roty":197.86909840398727,"rotx":-18.690182584005868},"pos_wing_r_3":{"posx":-1.234608851766477,"posy":1.9422758777572402,"posz":0.980801609682364,"roty":197.86909840398727,"rotx":-18.690182584005868},"pos_wing_r_4":{"posx":-1.4162726160109171,"posy":1.7419941996529478,"posz":1.5442823335552123,"roty":197.86909840398727,"rotx":-18.690182584005868},"pos_wing_r_5":{"posx":-1.5979363802553572,"posy":1.5417125215486553,"posz":2.107763057428061,"roty":197.86909840398727,"rotx":-18.690182584005868},"finger_right_0":{"posx":-0.7231260239963795,"posy":2.1766632023346717,"posz":-0.09941977887662065,"roty":197.86909840398727,"rotx":-18.690182584005868},"finger_right_1":{"posx":-0.8203211987984129,"posy":2.0888012007151646,"posz":0.49051956238134425,"roty":197.86909840398727,"rotx":-18.690182584005868},"finger_right_2":{"posx":-0.991438203658698,"posy":1.9040458428568379,"posz":1.0795741284433433,"roty":197.86909840398727,"rotx":-18.690182584005868},"finger_right_3":{"posx":-1.1750756663833637,"posy":1.7057721762567677,"posz":1.7117300214991733,"roty":197.86909840398727,"rotx":-18.690182584005868},"pos_wing_l_0":{"posx":1.0844070896243205,"posy":2.1030309409760846,"posz":-0.39965979710641253,"roty":182.0988007435414,"rotx":-31.309233278817537},"pos_wing_l_1":{"posx":1.0648510888017073,"posy":1.7782454396465877,"posz":0.13396642128804864,"roty":182.0988007435414,"rotx":-31.309233278817537},"pos_wing_l_2":{"posx":1.0452950879790943,"posy":1.4534599383170907,"posz":0.6675926396825098,"roty":182.0988007435414,"rotx":-31.309233278817537},"pos_wing_l_3":{"posx":1.025739087156481,"posy":1.1286744369875938,"posz":1.201218858076971,"roty":182.0988007435414,"rotx":-31.309233278817537},"pos_wing_l_4":{"posx":1.006183086333868,"posy":0.8038889356580968,"posz":1.7348450764714318,"roty":182.0988007435414,"rotx":-31.309233278817537},"pos_wing_l_5":{"posx":0.9866270855112549,"posy":0.4791034343285998,"posz":2.2684712948658934,"roty":182.0988007435414,"rotx":-31.309233278817537},"finger_left_0":{"posx":0.8544909579634479,"posy":1.6916605621945793,"posz":0.1348460103361478,"roty":182.0988007435414,"rotx":-31.309233278817537},"finger_left_1":{"posx":0.8032253565710838,"posy":1.501238279021683,"posz":0.7060782327136728,"roty":182.0988007435414,"rotx":-31.309233278817537},"finger_left_2":{"posx":0.7765599901402491,"posy":1.1919437189002282,"posz":1.266459073500176,"roty":182.0988007435414,"rotx":-31.309233278817537},"finger_left_3":{"posx":0.7479434325306694,"posy":0.8600183429457389,"posz":1.8678432062608026,"roty":182.0988007435414,"rotx":-31.309233278817537},"leg_right_0":{"posx":-0.318702166505685,"posy":1.0116252183822627,"posz":0.18801072699140914,"roty":351.3879259046078,"rotx":-62.383128737491305},"leg_left_0":{"posx":0.24527177231281688,"posy":1.0511894160819713,"posz":0.23407475813263426,"roty":358.334365922887,"rotx":-74.72525791699151},"tail_0":{"posx":-0.09029985774314055,"posy":0.838652129777069,"posz":-0.36797283239531897,"roty":355.2102603166976,"rotx":-27.578804673418706},"tail_1":{"posx":-0.12556892206555614,"posy":0.6068144920211249,"posz":-0.5367189953505913,"roty":343.12365541436304,"rotx":-63.74302294841148},"tail_2":{"posx":-0.16127317649444484,"posy":0.4227365743156416,"posz":-0.4725982756200059,"roty":197.18427961401403,"rotx":-56.4373705920762},"tail_3":{"posx":-0.17310556585017506,"posy":0.3890988240033588,"posz":-0.36283536697500673,"roty":180.79920805104817,"rotx":8.882776432519513},"tail_4":{"posx":-0.17913478289151277,"posy":0.45665468244006036,"posz":0.06937535076895303,"roty":180.79920805104817,"rotx":8.882776432519513},"shadow":{"posx":-0.020833333333333367,"posy":1.198123458556025,"posz":0.18166226543061526,"roty":0,"rotx":-56.19758789816755}},"cameras":{}}