# This file was generated by Animated Java via MC-Build. It is not recommended to edit this file directly.
$data merge entity $(bone_head_lower) { transformation: [-0.7540844530537255f,-0.45770966179619715f,0.4710185804839069f,-0.19577901847689963f,0.34582676228757614f,0.33297956968886117f,0.8772277108342582f,1.0007078254197919f,-0.5583551630891901f,0.8243946091940628f,-0.09280646628016939f,0.8287959044264861f,0f,0f,0f,1f], start_interpolation: 0, interpolation_duration: 1 }
$data merge entity $(bone_head_upper) { transformation: [-0.7540844530537255f,-0.5162816647861427f,0.4059678315683558f,-0.19579696589071938f,0.34582676228757614f,0.21336629529634837f,0.913716955362657f,1.0179687134294908f,-0.5583551630891901f,0.829414291314757f,0.01764781047278491f,0.8402049703785083f,0f,0f,0f,1f], start_interpolation: 0, interpolation_duration: 1 }
$data merge entity $(bone_neck_0) { transformation: [-0.8296727904507517f,-0.12761703914012723f,0.5434675262669983f,-0.0915815138512105f,0.5110769158242018f,0.21803056677812532f,0.8314223102984615f,1.1703838248349956f,-0.22459618629283312f,0.9675621754034811f,-0.11567190597201349f,0.8020553696172253f,0f,0f,0f,1f], start_interpolation: 0, interpolation_duration: 1 }
$data merge entity $(bone_neck_1) { transformation: [-0.927564812994914f,0.20196370739592887f,0.31437903649671384f,-0.03512060809454875f,0.37073582080791234f,0.6025126270548249f,0.7067768285741809f,1.2984999337525567f,-0.046674070570221306f,0.7721328869659582f,-0.6337446930760217f,0.6976308222853045f,0f,0f,0f,1f], start_interpolation: 0, interpolation_duration: 1 }
$data merge entity $(bone_neck_2) { transformation: [-0.927564812994914f,0.3323346714965205f,0.17081330104827988f,0.05092763803882764f,0.37073582080791234f,0.8756139380162006f,0.30960488161791777f,1.493397906814217f,-0.046674070570221306f,0.3505052034892795f,-0.9353970458919276f,0.5356636909835879f,0f,0f,0f,1f], start_interpolation: 0, interpolation_duration: 1 }
$data merge entity $(bone_arm_right_2) { transformation: [-0.9845582642078754f,-0.061927068202247915f,0.16373778612113277f,-0.42463398793331536f,0.1007100696316557f,0.5646835794544344f,0.819139754235695f,0.7960040437804037f,-0.1431869625865522f,0.8229808584155538f,-0.549727205463615f,0.448411338526597f,0f,0f,0f,1f], start_interpolation: 0, interpolation_duration: 1 }
$data merge entity $(bone_arm_right_1) { transformation: [-0.9723523351942767f,-0.16093457356561f,0.1692069717047519f,-0.33069921287962223f,-0.17496760939127184f,0.9819754153187994f,-0.07148859610717623f,1.1281494292654766f,-0.15465209958529746f,-0.0991178426960902f,-0.9829844257937825f,0.4384421434609795f,0f,0f,0f,1f], start_interpolation: 0, interpolation_duration: 1 }
$data merge entity $(bone_arm_right_0) { transformation: [-0.7987233438464514f,0.47180554280227305f,0.37341739350999203f,-0.1572175135461476f,0.4913886272709965f,0.8696329127320942f,-0.04770549320382125f,1.3951868654418864f,-0.3472437716985999f,0.14538956934438826f,-0.9264359859927636f,0.4774465182223814f,0f,0f,0f,1f], start_interpolation: 0, interpolation_duration: 1 }
$data merge entity $(bone_arm_left_2) { transformation: [-0.9428456909790868f,-0.26436877307105155f,0.20285747417109246f,0.2699372857625905f,-0.08555797047328764f,0.7804084245188017f,0.619388831533612f,0.7415163166111653f,-0.3220587472661794f,0.5666320170666216f,-0.7584235759418023f,0.6224339514457706f,0f,0f,0f,1f], start_interpolation: 0, interpolation_duration: 1 }
$data merge entity $(bone_arm_left_1) { transformation: [-0.9335366454105081f,0.3545979131977165f,-0.05262747981349879f,0.2423996716174452f,0.29282737046825985f,0.6696162157084851f,-0.6825439581191031f,0.9924379911432575f,-0.206788449339754f,-0.652590563535876f,-0.7289472502201979f,0.3867993254442516f,0f,0f,0f,1f], start_interpolation: 0, interpolation_duration: 1 }
$data merge entity $(bone_arm_left_0) { transformation: [-0.9391829410269308f,-0.27406025799076855f,0.20694535093603392f,0.13844377059598123f,-0.15628898533873908f,0.8776840134430672f,0.45303920979122464f,1.2770148225593643f,-0.3057926688882392f,0.39314341853387696f,-0.8671384526808303f,0.4923238782166395f,0f,0f,0f,1f], start_interpolation: 0, interpolation_duration: 1 }
$data merge entity $(bone_finger_right_1_fire) { transformation: [0.000010780735566437612f,-0.000012173990831950492f,-0.0000036534183510666554f,-1.0434121342955578f,0.00001060565449979977f,0.000011256250084397266f,-0.000006212463637411593f,1.8125426361215542f,0.000007005255959292427f,0.0000016936820949841445f,0.000015027827776618486f,1.1750252686230978f,0f,0f,0f,1f], start_interpolation: 0, interpolation_duration: 1 }
$data merge entity $(bone_finger_right_1_fire_s) { transformation: [0.0000064684413398625674f,-0.0000073043944991702955f,-0.0000021920510106399932f,-1.0434121342955578f,0.000006363392699879861f,0.000006753750050638359f,-0.0000037274781824469557f,1.8125426361215542f,0.000004203153575575456f,0.0000010162092569904867f,0.000009016696665971092f,1.1750252686230978f,0f,0f,0f,1f], start_interpolation: 0, interpolation_duration: 1 }
$data merge entity $(bone_finger_right_1) { transformation: [1.2859951350723036f,-1.4521915399763792f,-0.43580312279267747f,-0.7912707635471377f,1.265110344924915f,1.3427175500674458f,-0.7410624224377342f,2.1754614210308816f,0.8356317644625401f,0.20203323985511662f,1.7926154752928234f,0.2356725084662378f,0f,0f,0f,1f], start_interpolation: 0, interpolation_duration: 1 }
$data merge entity $(bone_finger_right_2_fire) { transformation: [0.000006734501684212941f,0.00001158992623812314f,0.00000990443711868453f,-0.27783460807456406f,-0.000010713138802120907f,0.000011301354322136275f,-0.0000059401873093195465f,2.0073502438001034f,-0.000010846793159713261f,-0.000003966204490211581f,0.00001201640869270021f,0.5971662696893558f,0f,0f,0f,1f], start_interpolation: 0, interpolation_duration: 1 }
$data merge entity $(bone_finger_right_2_fire_s) { transformation: [0.000004040701010527764f,0.000006953955742873884f,0.000005942662271210717f,-0.27783460807456406f,-0.0000064278832812725436f,0.0000067808125932817644f,-0.0000035641123855917277f,2.0073502438001034f,-0.000006508075895827957f,-0.000002379722694126948f,0.000007209845215620126f,0.5971662696893558f,0f,0f,0f,1f], start_interpolation: 0, interpolation_duration: 1 }
$data merge entity $(bone_finger_right_2) { transformation: [0.501992112616822f,0.8639171582638822f,0.7382802093797362f,-0.5960272788340542f,-0.798561115908673f,0.8424069066460506f,-0.4427836411022371f,2.1992760705386614f,-0.8085237585026323f,-0.29564227087194267f,0.8957073096969159f,0.2105257634176526f,0f,0f,0f,1f], start_interpolation: 0, interpolation_duration: 1 }
$data merge entity $(bone_finger_film_right) { transformation: [1.2061315421249872f,-0.02019065549896066f,0.1900077269442409f,-0.6648054575361536f,0.1055836654091216f,0.43512450622879184f,-0.21458606736048957f,2.2072021549157212f,-0.21416485378500688f,0.10080764159915391f,0.9642923454872193f,0.2953938899306312f,0f,0f,0f,1f], start_interpolation: 0, interpolation_duration: 1 }
$data merge entity $(bone_finger_right_0_fire) { transformation: [0.000016384552310399873f,-4.766009128596049e-7f,0.000003016135762098524f,-0.5455838679155975f,0.0000013775731827053695f,0.000015845648596875062f,-0.000004979507048736869f,2.0306960562128373f,-0.0000027251633880997406f,0.0000051445164876779785f,0.000015616824657847327f,0.9644411642354153f,0f,0f,0f,1f], start_interpolation: 0, interpolation_duration: 1 }
$data merge entity $(bone_finger_right_0_fire_s) { transformation: [0.000009830731386239923f,-2.8596054771576293e-7f,0.0000018096814572591143f,-0.5455838679155975f,8.265439096232216e-7f,0.000009507389158125037f,-0.0000029877042292421216f,2.0306960562128373f,-0.0000016350980328598442f,0.000003086709892606787f,0.000009370094794708396f,0.9644411642354153f,0f,0f,0f,1f], start_interpolation: 0, interpolation_duration: 1 }
$data merge entity $(bone_fire_large_right) { transformation: [0.000026215283696639794f,-7.625614605753677e-7f,0.000004825817219357638f,-0.5399848266738445f,0.0000022041170923285907f,0.000025353037755000097f,-0.00000796721127797899f,1.925553698767375f,-0.000004360261420959584f,0.000008231226380284765f,0.00002498691945255572f,0.9365187682663074f,0f,0f,0f,1f], start_interpolation: 0, interpolation_duration: 1 }
$data merge entity $(bone_finger_right_0) { transformation: [1.4378095938330226f,-0.04182362459205895f,0.2646779022637998f,-0.6714106130561549f,0.12088752263579743f,1.3905186508289593f,-0.436971537067179f,2.1726517685975875f,-0.2391439198302199f,0.45145177124678115f,1.3704384406041177f,0.2845170674340932f,0f,0f,0f,1f], start_interpolation: 0, interpolation_duration: 1 }
$data merge entity $(bone_wing_right_1_model) { transformation: [-0.8163765717907335f,-0.49467513734925217f,0.3461255329523501f,-0.4459614084131546f,-0.30611887644700275f,0.8408891377309899f,0.4797642906372848f,1.7381963112954066f,-0.5203821764394649f,0.28138772108315446f,-0.8252274982752301f,0.1591178045300925f,0f,0f,0f,1f], start_interpolation: 0, interpolation_duration: 1 }
$data merge entity $(bone_wing_right_0) { transformation: [-0.6162958165769142f,0.251831408190294f,-0.7461637945643625f,-0.06191980008974592f,0.03948235195975444f,0.9561809413266165f,0.2901019671209966f,1.666620300659205f,0.7865243863692473f,0.1493283271607877f,-0.5992332103228594f,0.41589556871383115f,0f,0f,0f,1f], start_interpolation: 0, interpolation_duration: 1 }
$data merge entity $(bone_finger_left_1_fire) { transformation: [9.573862666565798e-7f,0.000016636800424323492f,-2.7939390727984433e-7f,1.0538287971146694f,-0.000013547281439275967f,6.168886724446865e-7f,-0.000009688570160175145f,0.7771329017134845f,-0.00000966086719292032f,7.836439145537685e-7f,0.000013558441100425835f,1.0601814637507605f,0f,0f,0f,1f], start_interpolation: 0, interpolation_duration: 1 }
$data merge entity $(bone_finger_left_1_fire_s) { transformation: [5.744317599939478e-7f,0.000009982080254594095f,-1.676363443679066e-7f,1.0538287971146694f,-0.00000812836886356558f,3.701332034668119e-7f,-0.000005813142096105087f,0.7771329017134845f,-0.000005796520315752192f,4.701863487322611e-7f,0.0000081350646602555f,1.0601814637507605f,0f,0f,0f,1f], start_interpolation: 0, interpolation_duration: 1 }
$data merge entity $(bone_finger_left_1) { transformation: [0.11420316115890342f,1.9845440301360215f,-0.033327893381346424f,1.0368031859615696f,-1.6160064326780486f,0.07358642893670585f,-1.1557146555547162f,1.3783469804265533f,-1.1524100683215703f,0.09347806144902665f,1.6173376284818362f,0.21406050111047406f,0f,0f,0f,1f], start_interpolation: 0, interpolation_duration: 1 }
$data merge entity $(bone_finger_left_2_fire) { transformation: [0.000012708023839061746f,-0.000001808749879915079f,-0.000010630725833898808f,0.5594876598151013f,0.0000019746879580664125f,0.00001654303908191317f,-4.541400448528128e-7f,1.5076470931779922f,0.00001060115632145304f,-9.132686264066044e-7f,0.000012828063097830295f,0.6359694514796226f,0f,0f,0f,1f], start_interpolation: 0, interpolation_duration: 1 }
$data merge entity $(bone_finger_left_2_fire_s) { transformation: [0.000007624814303437047f,-0.0000010852499279490474f,-0.000006378435500339285f,0.5594876598151013f,0.0000011848127748398474f,0.000009925823449147901f,-2.7248402691168767e-7f,1.5076470931779922f,0.000006360693792871823f,-5.479611758439626e-7f,0.000007696837858698177f,0.6359694514796226f,0f,0f,0f,1f], start_interpolation: 0, interpolation_duration: 1 }
$data merge entity $(bone_finger_left_2) { transformation: [0.9472605447720059f,-0.13482484911132794f,-0.7924180244128589f,0.9016777320427146f,0.14719393153505567f,1.233123923229486f,-0.03385175789234436f,1.5231708439732246f,0.7902139026058219f,-0.06807536305636752f,0.9562083131343543f,0.22337043619422065f,0f,0f,0f,1f], start_interpolation: 0, interpolation_duration: 1 }
$data merge entity $(bone_finger_film_left) { transformation: [0.8651466692030906f,0.30182506765687056f,-0.22310664305804917f,0.9645091703092492f,-0.8736536210071917f,0.29956378144374746f,-0.2162385744403888f,1.470949611546408f,0.004287560448379348f,0.13808094899789522f,0.9568041329950223f,0.29631570900977866f,0f,0f,0f,1f], start_interpolation: 0, interpolation_duration: 1 }
$data merge entity $(bone_finger_left_0_fire) { transformation: [0.000011777551007272714f,0.00001088572383987613f,-0.000004535205235799138f,0.8015449625261781f,-0.000011792089372088596f,0.000010807617717176301f,-0.000004681859171080435f,1.2920599556432915f,-1.1703969216716714e-7f,0.000006517222839454493f,0.000015339161839850572f,0.9554314830268518f,0f,0f,0f,1f], start_interpolation: 0, interpolation_duration: 1 }
$data merge entity $(bone_finger_left_0_fire_s) { transformation: [0.000007066530604363628f,0.000006531434303925678f,-0.0000027211231414794825f,0.8015449625261781f,-0.000007075253623253157f,0.000006484570630305781f,-0.000002809115502648261f,1.2920599556432915f,-7.022381530030028e-8f,0.000003910333703672695f,0.000009203497103910342f,0.9554314830268518f,0f,0f,0f,1f], start_interpolation: 0, interpolation_duration: 1 }
$data merge entity $(bone_fire_large_left) { transformation: [0.00001884408161163634f,0.000017417158143801805f,-0.00000725632837727862f,0.7278419082585711f,-0.00001886734299534175f,0.00001729218834748208f,-0.0000074909746737286955f,1.2207620773957584f,-1.872635074674674e-7f,0.000010427556543127187f,0.00002454265894376091f,0.9186837329229613f,0f,0f,0f,1f], start_interpolation: 0, interpolation_duration: 1 }
$data merge entity $(bone_finger_left_0) { transformation: [1.0335269166534344f,0.9552655377013939f,-0.3979822868821866f,0.9466244198897662f,-1.0348027159560282f,0.9484114149626462f,-0.41085175265251317f,1.4425368005995276f,-0.01027069822044528f,0.5719122101229186f,1.3460724246152007f,0.2811991479482638f,0f,0f,0f,1f], start_interpolation: 0, interpolation_duration: 1 }
$data merge entity $(bone_wing_left_1_model) { transformation: [-0.40711306410269826f,0.9098634005334522f,0.19335104977334763f,0.4952073657591421f,0.7710231923770748f,0.21201681255509697f,0.6257389160444489f,1.3102598539967965f,0.5203453400343057f,0.3977116375032545f,-0.7759144692173895f,0.09672878168808924f,0f,0f,0f,1f], start_interpolation: 0, interpolation_duration: 1 }
$data merge entity $(bone_wing_left_0) { transformation: [-0.6296847990462231f,0.5622148651961983f,0.5361077309669564f,0.26176901433304056f,0.4517932202857408f,0.8264239184758335f,-0.33601546552932526f,1.5372460115311959f,-0.6319651414073075f,0.030626007305386588f,-0.7743914434719514f,0.4321832440929566f,0f,0f,0f,1f], start_interpolation: 0, interpolation_duration: 1 }
$data merge entity $(bone_body_0) { transformation: [-0.927564812994914f,0.37334219111329964f,-0.015463700347295592f,-0.016130180165836956f,0.37073582080791234f,0.9143425249470718f,-0.1628886068554124f,1.269253569112394f,-0.046674070570221306f,-0.15682268779782482f,-0.9865232768304416f,0.08792338980215028f,0f,0f,0f,1f], start_interpolation: 0, interpolation_duration: 1 }
$data merge entity $(bone_leg_right_3) { transformation: [-0.9768718041700453f,0.21287612984714632f,0.02013036410157213f,-0.4188146510266995f,0.1519954767997978f,0.6250967800382492f,0.765605244638655f,0.6314670124316607f,0.1503956556884642f,0.7509579009019836f,-0.6429956281522629f,-0.28532925048374175f,0f,0f,0f,1f], start_interpolation: 0, interpolation_duration: 1 }
$data merge entity $(bone_leg_right_2) { transformation: [-0.8994460082408884f,0.43099674597059995f,-0.07237874841613423f,-0.3389485080755409f,0.4091153464844276f,0.7721218351471679f,-0.4862638223844095f,0.7644288541273637f,-0.1536929130781855f,-0.4669793107319893f,-0.8708092855601721f,-0.3581273601192778f,0f,0f,0f,1f], start_interpolation: 0, interpolation_duration: 1 }
$data merge entity $(bone_leg_right_1) { transformation: [-0.9319337463987202f,0.3320658855273392f,-0.14571115260058173f,-0.30140488658742326f,0.3485922616895407f,0.7096443865158696f,-0.6122812097204078f,0.9520997388593402f,-0.09991460060179756f,-0.6213993018627066f,-0.777097149802471f,-0.10033270168037525f,0f,0f,0f,1f], start_interpolation: 0, interpolation_duration: 1 }
$data merge entity $(bone_leg_right_0) { transformation: [-0.9099177649270137f,0.41029019493779306f,-0.06092304168486369f,-0.1330758734785974f,0.38159018174076587f,0.7704353199402384f,-0.5107037800796386f,1.247142611413484f,-0.16259949037213223f,-0.48794607665856926f,-0.8575954943936172f,-0.1986923028359303f,0f,0f,0f,1f], start_interpolation: 0, interpolation_duration: 1 }
$data merge entity $(bone_leg_left_3) { transformation: [-0.9976387222788119f,-0.031003536131457968f,0.06128426027329529f,0.22203466153601564f,-0.016431848905849936f,0.9741450217365644f,0.22532525594660713f,0.5335817702682122f,-0.06668563677010914f,0.2237861867346017f,-0.9723542402207908f,-0.11048707569312867f,0f,0f,0f,1f], start_interpolation: 0, interpolation_duration: 1 }
$data merge entity $(bone_leg_left_2) { transformation: [-0.9362276997268668f,-0.3431707060872897f,-0.07557486849271204f,0.15800578279237631f,-0.19449000209247042f,0.6851830943284202f,-0.7019243309165186f,0.654530194930613f,0.29266249050777005f,-0.6424624453850065f,-0.7082306636398251f,-0.21358313847940336f,0f,0f,0f,1f], start_interpolation: 0, interpolation_duration: 1 }
$data merge entity $(bone_leg_left_1) { transformation: [-0.9632564113036304f,-0.26806300285151563f,0.01671264744675935f,0.16104858279258089f,-0.15209064303425018f,0.4931185085166512f,-0.8565644008828186f,0.9227761190375983f,0.22137190965404724f,-0.8276329881418103f,-0.5157694393385271f,-0.03716648399830119f,0f,0f,0f,1f], start_interpolation: 0, interpolation_duration: 1 }
$data merge entity $(bone_leg_left_0) { transformation: [-0.9632564113036304f,-0.26379333435951735f,-0.050499136922716f,0.05039009072378023f,-0.15209064303425018f,0.690704599560269f,-0.706962228444856f,1.211034689677326f,0.22137190965404724f,-0.6733054528917588f,-0.7054461316942238f,-0.20956503104691215f,0f,0f,0f,1f], start_interpolation: 0, interpolation_duration: 1 }
$data merge entity $(bone_tail_3) { transformation: [-2.392225605517797f,-0.4909062028564853f,-0.027847390112276296f,-0.2481509184541152f,0.4708137300278077f,-2.2470733089996457f,-0.8327686956368581f,0.4495616251109547f,0.14177026753286684f,-0.8210848730870877f,2.2956978344863352f,-1.1050187726021914f,0f,0f,0f,1f], start_interpolation: 0, interpolation_duration: 1 }
$data merge entity $(bone_tail_2) { transformation: [-1.1325739743274492f,-0.06714033986333226f,-0.2228955583657124f,-0.15652809751506608f,0.22290179327384424f,0.006431208659920822f,-1.13454285622469f,0.9141642903279933f,0.06711963745008506f,-1.1542811082306637f,0.006643790360956846f,-1.1019070869423726f,0f,0f,0f,1f], start_interpolation: 0, interpolation_duration: 1 }
$data merge entity $(bone_tail_1) { transformation: [-1.3570480953653221f,0.18327370197989928f,-0.21026306690836788f,-0.09447362027968692f,0.26708052707586744f,1.1549282492414152f,-0.7170690841465801f,1.1231524018917414f,0.08042262865640823f,-0.7429204732301574f,-1.1666107797947227f,-0.7488440793473891f,0f,0f,0f,1f], start_interpolation: 0, interpolation_duration: 1 }
$data merge entity $(bone_tail_0) { transformation: [-1.17338745087979f,0.2321523297192321f,-0.065356913953612f,-0.07135767131841275f,0.23093429032875756f,1.1751127166661326f,0.02799637400938266f,1.1335983507480742f,0.06953836312396201f,0.014823603247965274f,-1.1958047571065125f,-0.3934771203015299f,0f,0f,0f,1f], start_interpolation: 0, interpolation_duration: 1 }
$data merge entity $(bone_body_1) { transformation: [-0.9999301755323425f,0.16970856614029087f,-0.11592817208474226f,-0.035156249999999944f,0.19679617784537598f,0.9566340746384231f,-0.29702391498090447f,1.2360894402828935f,0.05925877900998501f,-0.31329051096983274f,-0.9697619023713765f,-0.12298489691165362f,0f,0f,0f,1f], start_interpolation: 0, interpolation_duration: 1 }
data modify entity @s data merge value {"locators":{"body_1":{"posx":-0.08025862002143577,"posy":1.0164910150407658,"posz":-0.1547622985963464,"roty":353.18304482215524,"rotx":-16.915570456121706},"body_0":{"posx":-0.06853421714025298,"posy":1.1641033200901691,"posz":0.2941444620024136,"roty":359.1019652226212,"rotx":-9.374601250547334},"neck_1":{"posx":-0.06755709870322205,"posy":1.1996551121440573,"posz":0.5571166428732836,"roty":10.348782876681156,"rotx":18.035420443158173},"neck_0":{"posx":-0.12585298252938534,"posy":1.0736842395063186,"posz":0.7150479230100185,"roty":26.384434803255544,"rotx":44.97327067899786},"pos_head":{"posx":-0.25707645412334074,"posy":0.8959871482336561,"posz":0.8474155146395971,"roty":92.48913527609477,"rotx":66.02416982391456},"head_0":{"posx":-0.1064459520767821,"posy":0.8675319960642461,"posz":0.62635787775621,"roty":92.48913527609477,"rotx":66.02416982391456},"arm_right_0":{"posx":-0.37412202989381793,"posy":0.659168596621113,"posz":0.3869878317590438,"roty":9.766947415599589,"rotx":-4.0994917334187795},"arm_left_0":{"posx":0.20279180359946275,"posy":0.6010425260576949,"posz":0.6508389348203735,"roty":355.8706067954399,"rotx":-43.042758175411436},"finger_right_0":{"posx":-0.6426151444297786,"posy":2.080060562799186,"posz":0.10529491996883969,"roty":193.66411040729346,"rotx":-21.885182483597813},"finger_right_1":{"posx":-0.6821152851492448,"posy":1.9487819589345121,"posz":0.693853096148349,"roty":193.66411040729346,"rotx":-21.885182483597813},"finger_right_2":{"posx":-0.8043347241408301,"posy":1.7279992365489736,"posz":1.282680958631788,"roty":193.66411040729346,"rotx":-21.885182483597813},"finger_right_3":{"posx":-0.9354967417612405,"posy":1.4910620476421617,"posz":1.914593556508175,"roty":193.66411040729346,"rotx":-21.885182483597813},"finger_left_0":{"posx":0.8539049470551021,"posy":1.4223331224385818,"posz":0.10087222457656506,"roty":181.18050639520854,"rotx":-35.54303032475392},"finger_left_1":{"posx":0.8360993535828016,"posy":1.1927677895778461,"posz":0.6596009409380068,"roty":181.18050639520854,"rotx":-35.54303032475392},"finger_left_2":{"posx":0.8237651878621346,"posy":0.8434313231357214,"posz":1.1964554416902204,"roty":181.18050639520854,"rotx":-35.54303032475392},"finger_left_3":{"posx":0.8105285098458737,"posy":0.468534163690136,"posz":1.772591838650982,"roty":181.18050639520854,"rotx":-35.54303032475392},"leg_right_0":{"posx":-0.3590250129021498,"posy":0.8441115052864647,"posz":-0.03446640129001487,"roty":355.93657036562666,"rotx":-30.710719556866476},"leg_left_0":{"posx":0.19809398220127206,"posy":0.8253244761723093,"posz":0.054761328764403275,"roty":355.9054842520652,"rotx":-44.98828830962735},"tail_0":{"posx":-0.11694071370782556,"posy":0.9568382509448115,"posz":-0.5756298362573486,"roty":356.8716019105322,"rotx":1.3391750667717286},"tail_1":{"posx":-0.1557361031357485,"posy":0.8438073748671706,"posz":-0.854890334809405,"roty":349.7830337153574,"rotx":-31.170309980280248},"tail_2":{"posx":-0.19474387019418865,"posy":0.6583636639072447,"posz":-0.8972541816762406,"roty":268.29270498375007,"rotx":-78.88025331116634},"tail_3":{"posx":-0.2047071892236074,"posy":0.5874808727941886,"posz":-0.8299757279737365,"roty":180.69497808005346,"rotx":-19.936983754717243},"tail_4":{"posx":-0.20969574983765754,"posy":0.43829931219126034,"posz":-0.41872613680181237,"roty":180.69497808005346,"rotx":-19.936983754717243},"shadow":{"posx":-0.03515624999999997,"posy":1.0641435087275455,"posz":0.13566979990635644,"roty":0,"rotx":-42.85405954804294}},"cameras":{}}