# This file was generated by Animated Java via MC-Build. It is not recommended to edit this file directly.
$data merge entity $(bone_head_lower) { transformation: [-0.8444873329507536f,-0.25750930841080133f,0.46960632509317185f,-0.12496169491331809f,0.269617304221919f,0.5532106127977945f,0.7882033539334846f,0.7741478673160818f,-0.46276090343699955f,0.7922417396033106f,-0.3977503894158904f,0.8629817227650327f,0f,0f,0f,1f], start_interpolation: 0, interpolation_duration: 1 }
$data merge entity $(bone_head_upper) { transformation: [-0.8444873329507536f,-0.31781328075866755f,0.43108683934810094f,-0.12193271896071284f,0.269617304221919f,0.4431991046982539f,0.8549158220893864f,0.7935229402550472f,-0.46276090343699955f,0.8381940540042495f,-0.28858806988871427f,0.8695799964922233f,0f,0f,0f,1f], start_interpolation: 0, interpolation_duration: 1 }
$data merge entity $(bone_neck_0) { transformation: [-0.838532304366344f,0.10187756885998149f,0.5352425015796567f,-0.023158651569443016f,0.541192869871208f,0.26939549160770215f,0.7965778974475819f,0.9385230235771127f,-0.06303849724283261f,0.9576257254609571f,-0.2810322362305454f,0.8005490026244262f,0f,0f,0f,1f], start_interpolation: 0, interpolation_duration: 1 }
$data merge entity $(bone_neck_1) { transformation: [-0.9048712565861472f,0.34922780753895344f,0.243409012663341f,0.022092496055205718f,0.4121897967625001f,0.5759741174770437f,0.7059414900977485f,1.0662820049747785f,0.10633710758289214f,0.7391168746809105f,-0.6651305624558445f,0.6903853351137685f,0f,0f,0f,1f], start_interpolation: 0, interpolation_duration: 1 }
$data merge entity $(bone_neck_2) { transformation: [-0.9048712565861472f,0.4213326900929311f,0.06071880485698708f,0.09588019553700748f,0.4121897967625001f,0.8315937992341937f,0.3722248306066219f,1.26909402505626f,0.10633710758289214f,0.36184322203724334f,-0.926154361981096f,0.5321275324500976f,0f,0f,0f,1f], start_interpolation: 0, interpolation_duration: 1 }
$data merge entity $(bone_arm_right_2) { transformation: [-0.9822524126921871f,0.13842994589988517f,0.12655966118211634f,-0.4060062314312091f,0.18708538270950614f,0.7712593956905238f,0.6084061177663533f,0.5895969787423838f,-0.013388701834560965f,0.6212858397205293f,-0.7834696216356714f,0.5164755387403407f,0f,0f,0f,1f], start_interpolation: 0, interpolation_duration: 1 }
$data merge entity $(bone_arm_right_1) { transformation: [-0.9960109224213459f,-0.08662041829449306f,0.021427681906040774f,-0.285671977784295f,-0.08872944222352318f,0.98686310708434f,-0.13501219929526795f,0.91038809510565f,-0.00945137556559475f,-0.13637489142188036f,-0.9906122149911077f,0.4733894507846971f,0f,0f,0f,1f], start_interpolation: 0, interpolation_duration: 1 }
$data merge entity $(bone_arm_right_0) { transformation: [-0.878158627901639f,0.4430245740579867f,0.18046232577092153f,-0.12280285765529637f,0.45281570354521306f,0.891478879613339f,0.014944759154952934f,1.18621297985597f,-0.15425745643165628f,0.09484004420119933f,-0.9834683539144259f,0.49129241798867374f,0f,0f,0f,1f], start_interpolation: 0, interpolation_duration: 1 }
$data merge entity $(bone_arm_left_2) { transformation: [-0.978245093727476f,-0.16074757387210656f,0.13113639499526142f,0.29271767771535717f,-0.0885801705563517f,0.895266821383022f,0.4366358573398986f,0.513788508426429f,-0.1875902182479921f,0.4155208009534208f,-0.8900294231050447f,0.6048049497848109f,0f,0f,0f,1f], start_interpolation: 0, interpolation_duration: 1 }
$data merge entity $(bone_arm_left_1) { transformation: [-0.9518437460269962f,0.2664960689494899f,-0.1515695496587749f,0.23478901028156304f,0.2923877653159391f,0.6403790580112155f,-0.7102281723180374f,0.7554683417275787f,-0.0922110505462675f,-0.7203433259877801f,-0.6874609915202584f,0.36505755860287287f,0f,0f,0f,1f], start_interpolation: 0, interpolation_duration: 1 }
$data merge entity $(bone_arm_left_0) { transformation: [-0.9802774138311504f,-0.15816421540978762f,0.11849165749671017f,0.16562485538153804f,-0.10507693440464097f,0.9249340182535831f,0.3653161640735366f,1.0548274821379229f,-0.16737690936516372f,0.34566044442644384f,-0.9233113382658524f,0.4573974649466269f,0f,0f,0f,1f], start_interpolation: 0, interpolation_duration: 1 }
$data merge entity $(bone_finger_right_1_fire) { transformation: [0.000011849896091287382f,-0.000011581995971924957f,-0.0000017930727006410569f,-0.8512588579176499f,0.000010261862729939772f,0.000011485217639355566f,-0.000006368808904833516f,1.6328267104741727f,0.000005661440957507472f,0.0000034241674697257194f,0.00001529708930488762f,1.3451831504364005f,0f,0f,0f,1f], start_interpolation: 0, interpolation_duration: 1 }
$data merge entity $(bone_finger_right_1_fire_s) { transformation: [0.000007109937654772429f,-0.000006949197583154974f,-0.000001075843620384634f,-0.8512588579176499f,0.000006157117637963863f,0.000006891130583613339f,-0.0000038212853429001094f,1.6328267104741727f,0.0000033968645745044827f,0.0000020545004818354315f,0.00000917825358293257f,1.3451831504364005f,0f,0f,0f,1f], start_interpolation: 0, interpolation_duration: 1 }
$data merge entity $(bone_finger_right_1) { transformation: [1.4135314451037428f,-1.381574604305429f,-0.21388918739774931f,-0.7162047086823541f,1.2241006623486874f,1.3700302654152237f,-0.7597122865455327f,2.0050202599488105f,0.6753329106336191f,0.40845661046069f,1.8247347136585461f,0.3855471455881731f,0f,0f,0f,1f], start_interpolation: 0, interpolation_duration: 1 }
$data merge entity $(bone_finger_right_2_fire) { transformation: [0.000005002568631922751f,0.000011228363874932503f,0.000011255040184414767f,-0.16381381069640616f,-0.000010682320681342116f,0.000011112671497774033f,-0.000006338322713566184f,1.8203338590787448f,-0.000011774553482899083f,-0.000005311323248725247f,0.000010532213129427159f,0.6741836336064948f,0f,0f,0f,1f], start_interpolation: 0, interpolation_duration: 1 }
$data merge entity $(bone_finger_right_2_fire_s) { transformation: [0.000003001541179153651f,0.000006737018324959501f,0.00000675302411064886f,-0.16381381069640616f,-0.0000064093924088052695f,0.000006667602898664419f,-0.0000038029936281397105f,1.8203338590787448f,-0.00000706473208973945f,-0.0000031867939492351483f,0.000006319327877656295f,0.6741836336064948f,0f,0f,0f,1f], start_interpolation: 0, interpolation_duration: 1 }
$data merge entity $(bone_finger_right_2) { transformation: [0.372893216722543f,0.8369661731648248f,0.8389546346103411f,-0.5254495166273484f,-0.7962639223994796f,0.8283424228791004f,-0.47246079348217307f,2.0250593194771267f,-0.8776793377090165f,-0.3959078939231169f,0.7850748529420956f,0.33524399024078455f,0f,0f,0f,1f], start_interpolation: 0, interpolation_duration: 1 }
$data merge entity $(bone_finger_film_right) { transformation: [1.1697229704069372f,0.0033136258744429093f,0.3098662349307196f,-0.5822942205153119f,0.08319960900282312f,0.43381628416554036f,-0.23373246236449538f,2.0331138907875097f,-0.36958597033833274f,0.10814633868734716f,0.928095844541872f,0.4285159747690921f,0f,0f,0f,1f], start_interpolation: 0, interpolation_duration: 1 }
$data merge entity $(bone_finger_right_0_fire) { transformation: [0.000015912809952035267f,5.703777579118473e-7f,0.000004922898172973401f,-0.38044062276228674f,0.0000010706226619711969f,0.00001576931170275311f,-0.00000528775503544419f,1.843602160335728f,-0.000004838804017922104f,0.0000053648164379101675f,0.00001501940405080867f,1.0737545931584105f,0f,0f,0f,1f], start_interpolation: 0, interpolation_duration: 1 }
$data merge entity $(bone_finger_right_0_fire_s) { transformation: [0.00000954768597122116f,3.422266547471084e-7f,0.0000029537389037840403f,-0.38044062276228674f,6.423735971827181e-7f,0.000009461587021651865f,-0.000003172653021266514f,1.843602160335728f,-0.000002903282410753262f,0.0000032188898627461f,0.000009011642430485202f,1.0737545931584105f,0f,0f,0f,1f], start_interpolation: 0, interpolation_duration: 1 }
$data merge entity $(bone_fire_large_right) { transformation: [0.000025460495923256423f,9.126044126589557e-7f,0.000007876637076757441f,-0.380995112042673f,0.0000017129962591539148f,0.000025230898724404973f,-0.000008460408056710704f,1.7388166241773986f,-0.000007742086428675365f,0.000008583706300656266f,0.00002403104648129387f,1.0439954140312704f,0f,0f,0f,1f], start_interpolation: 0, interpolation_duration: 1 }
$data merge entity $(bone_finger_right_0) { transformation: [1.3964123267106539f,0.0500529155083523f,0.43200388319865346f,-0.5910693975750405f,0.09395139431305384f,1.3838197849306038f,-0.46402152318649353f,1.9988875833759978f,-0.4246242868186358f,0.47078396757195784f,1.3180124075895625f,0.4181613289354589f,0f,0f,0f,1f], start_interpolation: 0, interpolation_duration: 1 }
$data merge entity $(bone_wing_right_1_model) { transformation: [-0.8955021596716018f,-0.3964093456939621f,0.26816523956661836f,-0.4134879692737115f,-0.20044594721903694f,0.8272779771443046f,0.5535428202201981f,1.5707224490067428f,-0.43459681005364087f,0.4352560880910828f,-0.8078705549236761f,0.21705608926306008f,0f,0f,0f,1f], start_interpolation: 0, interpolation_duration: 1 }
$data merge entity $(bone_wing_right_0) { transformation: [-0.5707997814031721f,0.3122242868594389f,-0.7594100369663319f,-0.021022183320847203f,0.004791150952883308f,0.9261319625764379f,0.37716923624132187f,1.4582924059486706f,0.8210753037466405f,0.21164966947630773f,-0.5301318354786217f,0.4448191616105346f,0f,0f,0f,1f], start_interpolation: 0, interpolation_duration: 1 }
$data merge entity $(bone_finger_left_1_fire) { transformation: [-0.0000016570943818815386f,0.0000165345430020079f,0.0000012808995675174752f,1.1276951552699153f,-0.000013409877693106953f,-5.785400740157643e-7f,-0.000009880194806604183f,0.5397928965693826f,-0.000009757407250044819f,-0.0000020129473106089118f,0.000013361093692481284f,0.8971699727038462f,0f,0f,0f,1f], start_interpolation: 0, interpolation_duration: 1 }
$data merge entity $(bone_finger_left_1_fire_s) { transformation: [-9.942566291289231e-7f,0.000009920725801204738f,7.685397405104851e-7f,1.1276951552699153f,-0.000008045926615864171f,-3.4712404440945854e-7f,-0.000005928116883962509f,0.5397928965693826f,-0.000005854444350026891f,-0.0000012077683863653471f,0.00000801665621548877f,0.8971699727038462f,0f,0f,0f,1f], start_interpolation: 0, interpolation_duration: 1 }
$data merge entity $(bone_finger_left_1) { transformation: [-0.19766882327487398f,1.9723461103547144f,0.15279389817071654f,1.0136262155046838f,-1.5996160344510328f,-0.06901196268507405f,-1.178572869778509f,1.1554188756717263f,-1.1639259841917462f,-0.2401172380722189f,1.593796766638799f,0.06912296067350143f,0f,0f,0f,1f], start_interpolation: 0, interpolation_duration: 1 }
$data merge entity $(bone_finger_left_2_fire) { transformation: [0.000014407881045467998f,-7.255345102995422e-7f,-0.000008346516712484695f,0.6240792003705532f,8.824515991504376e-7f,0.000016643112502186176f,7.657148626477041e-8f,1.310844555633236f,0.00000833138768348819f,-5.081177931507272e-7f,0.00001442593405480154f,0.5657634484191173f,0f,0f,0f,1f], start_interpolation: 0, interpolation_duration: 1 }
$data merge entity $(bone_finger_left_2_fire_s) { transformation: [0.000008644728627280798f,-4.353207061797253e-7f,-0.000005007910027490817f,0.6240792003705532f,5.294709594902625e-7f,0.000009985867501311705f,4.594289175886224e-8f,1.310844555633236f,0.000004998832610092914f,-3.048706758904363e-7f,0.000008655560432880924f,0.5657634484191173f,0f,0f,0f,1f], start_interpolation: 0, interpolation_duration: 1 }
$data merge entity $(bone_finger_left_2) { transformation: [1.0739684958875502f,-0.05408159633480647f,-0.6221522770294584f,0.8928628360685609f,0.0657782510587333f,1.2405834310023331f,0.005707665386196177f,1.3092773179626653f,0.6210245539128988f,-0.037875278142682794f,1.0753141735218257f,0.10173125047222939f,0f,0f,0f,1f], start_interpolation: 0, interpolation_duration: 1 }
$data merge entity $(bone_finger_film_left) { transformation: [0.7877548854690104f,0.34164128708606767f,-0.07554056746375899f,0.9630070486766852f,-0.9327595620713722f,0.27493748059876116f,-0.21658393308532764f,1.2514620801704246f,-0.14549787521096752f,0.08714236521515828f,0.9794870426736352f,0.16282991898117521f,0f,0f,0f,1f], start_interpolation: 0, interpolation_duration: 1 }
$data merge entity $(bone_finger_left_0_fire) { transformation: [0.00001070210962914571f,0.000012578395850361884f,-0.000002242004704527519f,0.8996712668415922f,-0.000012593919890299331f,0.00000989252106584664f,-0.00000461616578301529f,1.0730721857164123f,-0.000002153092905623778f,0.000004658300395118082f,0.000015856929278595313f,0.8389645726276578f,0f,0f,0f,1f], start_interpolation: 0, interpolation_duration: 1 }
$data merge entity $(bone_finger_left_0_fire_s) { transformation: [0.0000064212657774874265f,0.00000754703751021713f,-0.0000013452028227165114f,0.8996712668415922f,-0.000007556351934179599f,0.000005935512639507984f,-0.000002769699469809174f,1.0730721857164123f,-0.0000012918557433742667f,0.000002794980237070849f,0.000009514157567157187f,0.8389645726276578f,0f,0f,0f,1f], start_interpolation: 0, interpolation_duration: 1 }
$data merge entity $(bone_fire_large_left) { transformation: [0.000017123375406633136f,0.00002012543336057901f,-0.0000035872075272440302f,0.8158751151948731f,-0.00002015027182447893f,0.000015828033705354624f,-0.000007385865252824463f,1.0078359152615186f,-0.0000034449486489980446f,0.00000745328063218893f,0.000025371086845752498f,0.8147084646338368f,0f,0f,0f,1f], start_interpolation: 0, interpolation_duration: 1 }
$data merge entity $(bone_finger_left_0) { transformation: [0.939152660843312f,1.1038042349927604f,-0.19674482479099029f,0.940829457562217f,-1.1051665312053303f,0.8681080462992794f,-0.40508689671857917f,1.2246583876917647f,-0.18894246101278636f,0.4087843764156822f,1.391508575490621f,0.15077259491379755f,0f,0f,0f,1f], start_interpolation: 0, interpolation_duration: 1 }
$data merge entity $(bone_wing_left_1_model) { transformation: [-0.30508928821710707f,0.9613426297991671f,0.11712368414561089f,0.4644252817204364f,0.7286497726115787f,0.1469705037507939f,0.6916981010109634f,1.1235545984291135f,0.6379397449055154f,0.29188542649454047f,-0.734038733795313f,0.01615852273736236f,0f,0f,0f,1f], start_interpolation: 0, interpolation_duration: 1 }
$data merge entity $(bone_wing_left_0) { transformation: [-0.6963773475323526f,0.5975209901023801f,0.3975264220537754f,0.29474734582280837f,0.542180043194564f,0.8009241868550464f,-0.25408905460905534f,1.3144520782841989f,-0.47021206982099656f,0.03858903079443948f,-0.8817094170399907f,0.40771109994148613f,0f,0f,0f,1f], start_interpolation: 0, interpolation_duration: 1 }
$data merge entity $(bone_body_0) { transformation: [-0.9048712565861472f,0.400821553481622f,-0.14335303020440837f,-0.03685928674083892f,0.4121897967625001f,0.9091300610215562f,-0.05985067745506506f,1.0951637674530588f,0.10633710758289214f,-0.11324581410154047f,-0.9878602153844359f,0.07678446646259782f,0f,0f,0f,1f], start_interpolation: 0, interpolation_duration: 1 }
$data merge entity $(bone_leg_right_3) { transformation: [-0.9747210079967414f,0.2027845631783273f,0.09379433621701802f,-0.46289120705326f,0.13319168746309762f,0.19033185704100153f,0.9726426674714903f,0.668764044069168f,0.17938486825969613f,0.9605478671736765f,-0.2125296777100851f,-0.5387070294363095f,0f,0f,0f,1f], start_interpolation: 0, interpolation_duration: 1 }
$data merge entity $(bone_leg_right_2) { transformation: [-0.8752241423029782f,0.4800517990328704f,-0.05943880025135548f,-0.3748752337838029f,0.48371647223442615f,0.8688527969600952f,-0.1054191239941836f,0.8151265009154125f,0.0010369277204656231f,-0.12101688915157288f,-0.992649906724913f,-0.5524269630686951f,0f,0f,0f,1f], start_interpolation: 0, interpolation_duration: 1 }
$data merge entity $(bone_leg_right_1) { transformation: [-0.9111523601532819f,0.37244829786473377f,-0.17630553594475196f,-0.3280099916586391f,0.41077431470523895f,0.8548521929130009f,-0.31700503253146417f,0.9062779286978988f,0.032647189244174805f,-0.36126166927795683f,-0.9318927874734085f,-0.24815235567609611f,0f,0f,0f,1f], start_interpolation: 0, interpolation_duration: 1 }
$data merge entity $(bone_leg_right_0) { transformation: [-0.8816480703132387f,0.47137252501761595f,-0.022463810261383665f,-0.14228643821790696f,0.4717887717992081f,0.8793593716890542f,-0.06436186935466034f,1.2024315070019054f,-0.010584654795367632f,-0.06734269137143761f,-0.9976737577994694f,-0.19467914561954486f,0f,0f,0f,1f], start_interpolation: 0, interpolation_duration: 1 }
$data merge entity $(bone_leg_left_3) { transformation: [-0.9930287143231084f,0.018177737647194922f,0.11646262226063907f,0.17106428436489665f,0.0893186595326329f,0.7607752922545962f,0.6428398958949475f,0.4645184510877601f,-0.07691651051034586f,0.6487607606421364f,-0.7570953215163522f,-0.39105665754171326f,0f,0f,0f,1f], start_interpolation: 0, interpolation_duration: 1 }
$data merge entity $(bone_leg_left_2) { transformation: [-0.9581107502330032f,-0.270627176161959f,-0.09372684679725386f,0.11943720761744284f,-0.22383553068883516f,0.9117387920459152f,-0.3444271044501325f,0.6215251641803198f,0.17866573675218028f,-0.30901991295264297f,-0.9341227156586771f,-0.4362291479966214f,0f,0f,0f,1f], start_interpolation: 0, interpolation_duration: 1 }
$data merge entity $(bone_leg_left_1) { transformation: [-0.9794129288180177f,-0.20165299662352332f,0.009294289476126698f,0.12396861822596722f,-0.15951904120366575f,0.7449137090717878f,-0.6478095719656933f,0.8191933520304283f,0.12370929778143562f,-0.6359556863411673f,-0.761745610195923f,-0.1832573625340773f,0f,0f,0f,1f], start_interpolation: 0, interpolation_duration: 1 }
$data merge entity $(bone_leg_left_0) { transformation: [-0.9794129288180177f,-0.19125005141949164f,-0.06460443248070952f,0.03897478286837016f,-0.15951904120366575f,0.9293700688150554f,-0.3329038159651559f,1.160812265467048f,0.12370929778143562f,-0.31574466428229786f,-0.9407450858865452f,-0.2169045076174394f,0f,0f,0f,1f], start_interpolation: 0, interpolation_duration: 1 }
$data merge entity $(bone_tail_3) { transformation: [-2.3667543833111964f,0.4884002124725155f,0.35276996239485686f,-0.09999415905282297f,-0.5807785885823056f,-1.4691637723414825f,-1.8624612119230064f,0.8980142992664935f,-0.1602424567822529f,-1.88879082148611f,1.5399023711093642f,-1.3967946882921114f,0f,0f,0f,1f], start_interpolation: 0, interpolation_duration: 1 }
$data merge entity $(bone_tail_2) { transformation: [-1.1461054748750028f,0.11324215861445433f,0.1026280491575444f,-0.14259616060009317f,-0.03211392397363809f,0.5806660275084925f,-0.9993546532060186f,1.3043510524718225f,-0.1494155241216922f,-0.9934370843238365f,-0.5724262600035004f,-1.1573462118092404f,0f,0f,0f,1f], start_interpolation: 0, interpolation_duration: 1 }
$data merge entity $(bone_tail_1) { transformation: [-1.341968412830089f,0.28775421215105274f,-0.18893817145668693f,-0.0874481322821449f,0.2977375912971434f,1.351894602136294f,-0.055791143751529604f,1.3143263114708204f,0.17277860392029057f,-0.0946458577110251f,-1.3713384177230936f,-0.7462021185371872f,0f,0f,0f,1f], start_interpolation: 0, interpolation_duration: 1 }
$data merge entity $(bone_tail_0) { transformation: [-1.1592866452284907f,0.30151903477554715f,-0.012045170844441917f,-0.0790572957264214f,0.26618286364149335f,1.0443191076742857f,0.523018761353525f,1.1756723454820357f,0.142146043125595f,0.5034761298137023f,-1.0776412340892172f,-0.4181261942408946f,0f,0f,0f,1f], start_interpolation: 0, interpolation_duration: 1 }
$data merge entity $(bone_body_1) { transformation: [-0.9879138368034094f,0.24047524865790604f,-0.09109665350455637f,-0.048611111111111084f,0.22683409249448996f,0.9852780166125276f,0.1409759515191479f,1.1538875975452996f,0.12113314979398529f,0.11618768956927535f,-1.0069398568226338f,-0.1290250633997829f,0f,0f,0f,1f], start_interpolation: 0, interpolation_duration: 1 }
data modify entity @s data merge value {"locators":{"body_1":{"posx":-0.10540982038494343,"posy":0.9711428807911222,"posz":-0.2500447747341986,"roty":354.8305913847831,"rotx":7.937852179751693},"body_0":{"posx":-0.06960764151659925,"posy":0.9716712916456368,"posz":0.27680207133405,"roty":351.74317686555196,"rotx":-3.431241812707939},"neck_1":{"posx":-0.03388062833045996,"posy":0.9798569334480067,"posz":0.5490899860899758,"roty":3.750951149704491,"rotx":21.852893940160907},"neck_0":{"posx":-0.07522105244411742,"posy":0.8453562550277589,"posz":0.7186643350337288,"roty":20.10043996948056,"rotx":44.90565587936794},"pos_head":{"posx":-0.18433303558795555,"posy":0.6822145908517143,"posz":0.9186036817080881,"roty":56.19994638214324,"rotx":58.750436415914805},"head_0":{"posx":-0.08594583590562091,"posy":0.5905134495054429,"posz":0.6856303307198054,"roty":56.19994638214324,"rotx":58.750436415914805},"arm_right_0":{"posx":-0.37689197219590953,"posy":0.44574328817992903,"posz":0.45725797117266775,"roty":1.2391572552935486,"rotx":-7.759325315062175},"arm_left_0":{"posx":0.2295157328035573,"posy":0.37511711272937115,"posz":0.6475132963073171,"roty":347.5664988060535,"rotx":-45.253483087910844},"pos_wing_r_0":{"posx":-0.6529573953481644,"posy":2.332576470350601,"posz":-0.3334759480786395,"roty":186.68550846237315,"rotx":-22.46559143837988},"pos_wing_r_1":{"posx":-0.7201976216222041,"posy":2.093746136419344,"posz":0.2401649008546461,"roty":186.68550846237315,"rotx":-22.46559143837988},"pos_wing_r_2":{"posx":-0.7874378478962437,"posy":1.8549158024880874,"posz":0.8138057497879316,"roty":186.68550846237315,"rotx":-22.46559143837988},"pos_wing_r_3":{"posx":-0.8546780741702833,"posy":1.6160854685568307,"posz":1.3874465987212172,"roty":186.68550846237315,"rotx":-22.46559143837988},"pos_wing_r_4":{"posx":-0.921918300444323,"posy":1.3772551346255737,"posz":1.9610874476545028,"roty":186.68550846237315,"rotx":-22.46559143837988},"pos_wing_r_5":{"posx":-0.9891585267183626,"posy":1.1384248006943167,"posz":2.5347282965877884,"roty":186.68550846237315,"rotx":-22.46559143837988},"finger_right_0":{"posx":-0.588196291183053,"posy":1.9085345058099572,"posz":0.23553889006039336,"roty":186.68550846237315,"rotx":-22.46559143837988},"finger_right_1":{"posx":-0.5531610897809771,"posy":1.7688848212541248,"posz":0.822450774386685,"roty":186.68550846237315,"rotx":-22.46559143837988},"finger_right_2":{"posx":-0.6021489304571958,"posy":1.5415218841497547,"posz":1.4193654581609738,"roty":186.68550846237315,"rotx":-22.46559143837988},"finger_right_3":{"posx":-0.6547209645572748,"posy":1.297522998341547,"posz":2.0599565622696216,"roty":186.68550846237315,"rotx":-22.46559143837988},"pos_wing_l_0":{"posx":0.9867821910985828,"posy":1.625626909143393,"posz":-0.5684280619555594,"roty":174.52391111759684,"rotx":-36.35678904633717},"pos_wing_l_1":{"posx":1.034815924880488,"posy":1.2551196038957362,"posz":-0.06738704848751143,"roty":174.52391111759684,"rotx":-36.35678904633717},"pos_wing_l_2":{"posx":1.0828496586623935,"posy":0.8846122986480793,"posz":0.43365396498053665,"roty":174.52391111759684,"rotx":-36.35678904633717},"pos_wing_l_3":{"posx":1.1308833924442987,"posy":0.5141049934004227,"posz":0.9346949784485846,"roty":174.52391111759684,"rotx":-36.35678904633717},"pos_wing_l_4":{"posx":1.178917126226204,"posy":0.14359768815276586,"posz":1.4357359919166326,"roty":174.52391111759684,"rotx":-36.35678904633717},"pos_wing_l_5":{"posx":1.2269508600081094,"posy":-0.22690961709489121,"posz":1.936777005384681,"roty":174.52391111759684,"rotx":-36.35678904633717},"finger_left_0":{"posx":0.818108381321104,"posy":1.2142419077809377,"posz":-0.011566318902828292,"roty":174.52391111759684,"rotx":-36.35678904633717},"finger_left_1":{"posx":0.8770696063882614,"posy":0.9767727575424384,"posz":0.5409977374027286,"roty":174.52391111759684,"rotx":-36.35678904633717},"finger_left_2":{"posx":0.929035676492299,"posy":0.619847350473412,"posz":1.0704357741499528,"roty":174.52391111759684,"rotx":-36.35678904633717},"finger_left_3":{"posx":0.9848041436818042,"posy":0.23680596402973375,"posz":1.6386130458238917,"roty":174.52391111759684,"rotx":-36.35678904633717},"leg_right_0":{"posx":-0.3940211367056941,"posy":0.7841680971514133,"posz":-0.24096731266343924,"roty":358.710135384254,"rotx":-3.6902142270569573},"leg_left_0":{"posx":0.15090970701931605,"posy":0.6893893462740536,"posz":-0.1414841067589279,"roty":356.07145566037946,"rotx":-19.445120384501134},"tail_0":{"posx":-0.12730402658185885,"posy":1.093514869792651,"posz":-0.6577591650861578,"roty":359.3596118143158,"rotx":25.887591777959113},"tail_1":{"posx":-0.15885195989684728,"posy":1.124879394898027,"posz":-0.9743334478841085,"roty":352.1553772261534,"rotx":-2.3079422707481334},"tail_2":{"posx":-0.1394908522387264,"posy":0.9778265029402693,"posz":-1.1109857436733899,"roty":10.164346834297788,"rotx":-59.8036365868477},"tail_3":{"posx":-0.11512956238245589,"posy":0.8743096083723302,"posz":-1.087332638785044,"roty":167.09698661516762,"rotx":-49.69443470914121},"tail_4":{"posx":-0.051934615454659966,"posy":0.5406697013815732,"posz":-0.8114756810225253,"roty":167.09698661516762,"rotx":-49.69443470914121},"shadow":{"posx":-0.04861111111111111,"posy":0.9350953326821076,"posz":0.09142357098130832,"roty":0,"rotx":-31.684895252970957}},"cameras":{}}