# This file was generated by Animated Java via MC-Build. It is not recommended to edit this file directly.
$data merge entity $(bone_head_lower) { transformation: [-0.9948187343236257f,-0.10024140192846771f,0.016951317888438015f,0.04017149264840539f,-0.09058392268385658f,0.9496797879845515f,0.29983804502568134f,0.4261322334773273f,-0.04615450996321588f,0.2967489875855228f,-0.9538395040975303f,0.9662556972265474f,0f,0f,0f,1f], start_interpolation: 0, interpolation_duration: 1 }
$data merge entity $(bone_head_upper) { transformation: [-0.9948187343236257f,-0.1016001624094345f,0.003618402564119022f,0.03927820482989745f,-0.09058392268385658f,0.9019877386808661f,0.42215242770897693f,0.4447729108033552f,-0.04615450996321588f,0.41963737472698304f,-0.9065176418262918f,0.9573207910384085f,0f,0f,0f,1f], start_interpolation: 0, interpolation_duration: 1 }
$data merge entity $(bone_neck_0) { transformation: [-0.9099393198722007f,0.3882663158507745f,0.14580707159182452f,0.06006423605343497f,0.390095486480024f,0.6818468557196794f,0.6187975248601925f,0.5493872527176287f,0.14084014192846514f,0.6199468794347252f,-0.771900201516178f,0.801852469382148f,0f,0f,0f,1f], start_interpolation: 0, interpolation_duration: 1 }
$data merge entity $(bone_neck_1) { transformation: [-0.9157717092195546f,0.4013179377539972f,0.01749541168347217f,0.06631330005428088f,0.3313095553804242f,0.7299566204469689f,0.597827157947233f,0.6595091187922008f,0.2271478705749209f,0.5532695953172548f,-0.8014340894863159f,0.6664265444641955f,0f,0f,0f,1f], start_interpolation: 0, interpolation_duration: 1 }
$data merge entity $(bone_neck_2) { transformation: [-0.9157717092195546f,0.39868777160047403f,-0.049094168384275494f,0.11199713496643818f,0.3313095553804242f,0.8187486713593883f,0.4689185341409127f,0.8823962347359467f,0.2271478705749209f,0.4131569603957857f,-0.8818759385365915f,0.5255109918723004f,0f,0f,0f,1f], start_interpolation: 0, interpolation_duration: 1 }
$data merge entity $(bone_arm_right_2) { transformation: [-0.970549944512357f,0.20638984112935316f,-0.12424185561098593f,-0.34529935699591535f,0.19537633357326697f,0.9760926827076979f,0.09524265349074018f,0.21960177281910265f,0.14092868227060146f,0.0681638338350341f,-0.987670389487496f,0.5772277811400977f,0f,0f,0f,1f], start_interpolation: 0, interpolation_duration: 1 }
$data merge entity $(bone_arm_right_1) { transformation: [-0.9726918726883299f,-0.15026000283434152f,-0.17689672793552003f,-0.24865826700508115f,-0.06872872696435281f,0.9144438916907043f,-0.39883421498088556f,0.5143233603288442f,0.22169096259416876f,-0.37578491254676966f,-0.8997993201854999f,0.42542735460975767f,0f,0f,0f,1f], start_interpolation: 0, interpolation_duration: 1 }
$data merge entity $(bone_arm_right_0) { transformation: [-0.9154196755758209f,0.39506010399778296f,-0.0770346142842257f,-0.10444318128421799f,0.3591860318729543f,0.8881755747783392f,0.2865825236725512f,0.7953687446443019f,0.18163758442574493f,0.23467352342441228f,-0.9549534676242358f,0.48147853282510783f,0f,0f,0f,1f], start_interpolation: 0, interpolation_duration: 1 }
$data merge entity $(bone_arm_left_2) { transformation: [-0.988020323154358f,-0.15187431613414232f,0.02738673278696746f,0.37842087781232214f,-0.15312473675281918f,0.9868622904446719f,-0.05153285061663698f,0.21445033679483685f,-0.019200417400098424f,-0.05510908996783909f,-0.9982957137915492f,0.6226793245932621f,0f,0f,0f,1f], start_interpolation: 0, interpolation_duration: 1 }
$data merge entity $(bone_arm_left_1) { transformation: [-0.9795559748449937f,0.14812095881991028f,-0.1361259479443379f,0.2794868710357182f,0.19131244912197984f,0.47665186841398494f,-0.8580224607482065f,0.38980425777412653f,-0.06220642214774978f,-0.8665236164673921f,-0.49524456902408154f,0.34213209396357325f,0f,0f,0f,1f], start_interpolation: 0, interpolation_duration: 1 }
$data merge entity $(bone_arm_left_0) { transformation: [-0.9737313954574982f,-0.225700718993589f,0.030105729457532843f,0.18745905102951502f,-0.20886692338170648f,0.9380045925004815f,0.27662608836670943f,0.6897638238667916f,-0.09067401952849333f,0.2630714159573082f,-0.9605059355822657f,0.4090751490793518f,0f,0f,0f,1f], start_interpolation: 0, interpolation_duration: 1 }
$data merge entity $(bone_finger_right_1_fire) { transformation: [0.000010380165071277286f,-0.000013030800240476635f,-4.776986116863818e-7f,-0.7008349479511848f,0.000012713299281075203f,0.000010249383775156661f,-0.0000033316559541984826f,1.4009235247008602f,0.0000028986155765512938f,0.0000017106008009256585f,0.000016323285527645f,1.4636981868085444f,0f,0f,0f,1f], start_interpolation: 0, interpolation_duration: 1 }
$data merge entity $(bone_finger_right_1_fire_s) { transformation: [0.000006228099042766371f,-0.000007818480144285981f,-2.8661916701182903e-7f,-0.7008349479511848f,0.0000076279795686451215f,0.0000061496302650939965f,-0.0000019989935725190896f,1.4009235247008602f,0.0000017391693459307762f,0.000001026360480555395f,0.000009793971316587f,1.4636981868085444f,0f,0f,0f,1f], start_interpolation: 0, interpolation_duration: 1 }
$data merge entity $(bone_finger_right_1) { transformation: [1.2382125227584106f,-1.5543972498055918f,-0.05698294767306639f,-0.6445946919928608f,1.5165237033620491f,1.2226120927568473f,-0.3974212448149018f,1.5864922147224176f,0.3457654171107282f,0.20405141137953844f,1.947145966764872f,0.44385985737064204f,0f,0f,0f,1f], start_interpolation: 0, interpolation_duration: 1 }
$data merge entity $(bone_finger_right_2_fire) { transformation: [0.000006200790794098879f,0.000009372333083978242f,0.000012308019494157595f,-0.06439109182221131f,-0.000012055447730208345f,0.00001123728092316254f,-0.0000024834402058273406f,1.5410793822263402f,-0.00000969505808800602f,-0.000007978763550492785f,0.000010960061982183075f,0.7334410205241033f,0f,0f,0f,1f], start_interpolation: 0, interpolation_duration: 1 }
$data merge entity $(bone_finger_right_2_fire_s) { transformation: [0.000003720474476459327f,0.0000056233998503869445f,0.000007384811696494557f,-0.06439109182221131f,-0.0000072332686381250075f,0.0000067423685538975235f,-0.0000014900641234964042f,1.5410793822263402f,-0.000005817034852803612f,-0.000004787258130295671f,0.000006576037189309845f,0.7334410205241033f,0f,0f,0f,1f], start_interpolation: 0, interpolation_duration: 1 }
$data merge entity $(bone_finger_right_2) { transformation: [0.46220911606890824f,0.6986169883963174f,0.9174440809013299f,-0.4600273953117688f,-0.8986172932164355f,0.8376308530608586f,-0.18511650214644196f,1.6218044951121013f,-0.7226730231502994f,-0.5947398276209747f,0.8169668561736201f,0.38055527230653213f,0f,0f,0f,1f], start_interpolation: 0, interpolation_duration: 1 }
$data merge entity $(bone_finger_film_right) { transformation: [1.136001652058292f,-0.05668398326364898f,0.36311897847357494f,-0.515125393551363f,0.16570714198464925f,0.4430241375320824f,0.003076361402031416f,1.6406961322242897f,-0.44023764210127264f,0.02048703737567014f,0.9381604274546181f,0.47330858067967957f,0f,0f,0f,1f], start_interpolation: 0, interpolation_duration: 1 }
$data merge entity $(bone_finger_right_0_fire) { transformation: [0.00001546755927739172f,-0.0000015800973322045241f,0.0000060029726135400085f,-0.27220291260349994f,0.000002233072157317446f,0.000016455013182821565f,-0.0000014225707965370927f,1.6147827602347267f,-0.000005791871590286237f,0.0000021245261475695473f,0.00001548284179043713f,1.1315711506074333f,0f,0f,0f,1f], start_interpolation: 0, interpolation_duration: 1 }
$data merge entity $(bone_finger_right_0_fire_s) { transformation: [0.000009280535566435031f,-9.480583993227144e-7f,0.000003601783568124005f,-0.27220291260349994f,0.0000013398432943904674f,0.000009873007909692939f,-8.535424779222556e-7f,1.6147827602347267f,-0.0000034751229541717423f,0.0000012747156885417284f,0.000009289705074262278f,1.1315711506074333f,0f,0f,0f,1f], start_interpolation: 0, interpolation_duration: 1 }
$data merge entity $(bone_fire_large_right) { transformation: [0.00002474809484382675f,-0.0000025281557315272384f,0.000009604756181664013f,-0.2583575718626091f,0.000003572915451707913f,0.000026328021092514504f,-0.0000022761132744593483f,1.5070720513469589f,-0.000009266994544457979f,0.0000033992418361112757f,0.000024772546864699405f,1.1230485618378718f,0f,0f,0f,1f], start_interpolation: 0, interpolation_duration: 1 }
$data merge entity $(bone_finger_right_0) { transformation: [1.3573398101392509f,-0.13865982178784247f,0.5267847086542745f,-0.5191200937610488f,0.19596095826643117f,1.443992815469994f,-0.12483624211504611f,1.604213146861982f,-0.5082597547371887f,0.18643561444066434f,1.3586809114069751f,0.47035956540585583f,0f,0f,0f,1f], start_interpolation: 0, interpolation_duration: 1 }
$data merge entity $(bone_wing_right_1_model) { transformation: [-0.9285036061160009f,-0.3379625982261793f,0.2337507618632131f,-0.37012806486102745f,-0.11403855219761282f,0.7668234553482747f,0.6557088378100797f,1.2046012654383589f,-0.3947826555005867f,0.5733586604995019f,-0.7391776406168968f,0.1994064644086485f,0f,0f,0f,1f], start_interpolation: 0, interpolation_duration: 1 }
$data merge entity $(bone_wing_right_0) { transformation: [-0.6940495846511388f,0.27783790421951815f,-0.6641545550732055f,-0.019256137514582328f,-0.028209981481067223f,0.9113260410492218f,0.41071771796501577f,1.0769515632235216f,0.7193742913048948f,0.30379424926166426f,-0.6246676581392079f,0.4807254165861811f,0f,0f,0f,1f], start_interpolation: 0, interpolation_duration: 1 }
$data merge entity $(bone_finger_left_1_fire) { transformation: [-0.0000032944061310919718f,0.000015418610107022178f,0.000005402881489430898f,1.3115926495070274f,-0.00001487593235201424f,-5.520002966655114e-7f,-0.000007495312542419777f,0.48713508933996313f,-0.000006755094572209752f,-0.000006303930188215332f,0.000013871082844550657f,0.8266657708093685f,0f,0f,0f,1f], start_interpolation: 0, interpolation_duration: 1 }
$data merge entity $(bone_finger_left_1_fire_s) { transformation: [-0.000001976643678655183f,0.000009251166064213306f,0.000003241728893658539f,1.3115926495070274f,-0.000008925559411208544f,-3.312001779993068e-7f,-0.000004497187525451866f,0.48713508933996313f,-0.000004053056743325851f,-0.000003782358112929199f,0.000008322649706730394f,0.8266657708093685f,0f,0f,0f,1f], start_interpolation: 0, interpolation_duration: 1 }
$data merge entity $(bone_finger_left_1) { transformation: [-0.3929778475158893f,1.83923049267029f,0.6444902825008498f,0.9431561991502088f,-1.7744964169153112f,-0.06584612818816085f,-0.8940888500601024f,0.9541729589294872f,-0.8057909131784412f,-0.7519731380035293f,1.6546315366282072f,-0.02409808227502959f,0f,0f,0f,1f], start_interpolation: 0, interpolation_duration: 1 }
$data merge entity $(bone_finger_left_2_fire) { transformation: [0.000016006221723886378f,-0.00000191820998024284f,-0.000004230734495954839f,0.6891817421138801f,0.0000025603790615519587f,0.000016308487141507834f,0.0000022924842407784903f,1.1815509231283048f,0.0000038759647785721425f,-0.000002851577704490653f,0.000015956916350231888f,0.5293926851543055f,0f,0f,0f,1f], start_interpolation: 0, interpolation_duration: 1 }
$data merge entity $(bone_finger_left_2_fire_s) { transformation: [0.000009603733034331827f,-0.000001150925988145704f,-0.0000025384406975729037f,0.6891817421138801f,0.000001536227436931175f,0.0000097850922849047f,0.000001375490544467094f,1.1815509231283048f,0.0000023255788671432853f,-0.0000017109466226943918f,0.000009574149810139132f,0.5293926851543055f,0f,0f,0f,1f], start_interpolation: 0, interpolation_duration: 1 }
$data merge entity $(bone_finger_left_2) { transformation: [1.1931093694760937f,-0.14298404330079434f,-0.31536043008554726f,0.8255050191897384f,0.1908515513807545f,1.2156403394984934f,0.1708825776771129f,1.10869933739993f,0.28891577118243994f,-0.21255760014492983f,1.1894341296670072f,0.015893327444351783f,0f,0f,0f,1f], start_interpolation: 0, interpolation_duration: 1 }
$data merge entity $(bone_finger_film_left) { transformation: [0.7805635273710323f,0.3338334945713075f,0.19988946363335786f,0.9129024926584894f,-0.9269584458596493f,0.29281066767089453f,-0.05252668552121524f,1.0633388977458507f,-0.2079336704199991f,-0.05215639841423857f,0.9845278024543154f,0.06385134786451414f,0f,0f,0f,1f], start_interpolation: 0, interpolation_duration: 1 }
$data merge entity $(bone_finger_left_0_fire) { transformation: [0.000010552759650782884f,0.000012688528471836407f,0.000002327721364335359f,1.0420004570966523f,-0.000012545499842764986f,0.00001079452766553195f,-0.0000019663122720023105f,0.9983657066193171f,-0.000003004575714767426f,-5.071444323266858e-7f,0.00001638575927678567f,0.7509500639005597f,0f,0f,0f,1f], start_interpolation: 0, interpolation_duration: 1 }
$data merge entity $(bone_finger_left_0_fire_s) { transformation: [0.00000633165579046973f,0.000007613117083101844f,0.0000013966328186012154f,1.0420004570966523f,-0.0000075272999056589915f,0.00000647671659931917f,-0.0000011797873632013862f,0.9983657066193171f,-0.0000018027454288604556f,-3.0428665939601145e-7f,0.000009831455566071401f,0.7509500639005597f,0f,0f,0f,1f], start_interpolation: 0, interpolation_duration: 1 }
$data merge entity $(bone_fire_large_left) { transformation: [0.000016884415441252613f,0.00002030164555493825f,0.0000037243541829365744f,0.9592153502971521f,-0.000020072799748423976f,0.00001727124426485112f,-0.0000031460996352036965f,0.9282360572917798f,-0.000004807321143627882f,-8.114310917226972e-7f,0.00002621721484285707f,0.7606651638003992f,0f,0f,0f,1f], start_interpolation: 0, interpolation_duration: 1 }
$data merge entity $(bone_finger_left_0) { transformation: [0.92604660657581f,1.1134688103043202f,0.20426680241285097f,0.8901272290804877f,-1.1009174795645025f,0.9472627108978992f,-0.17255171795948393f,1.0344387256616832f,-0.26366346215930786f,-0.04450393983578517f,1.4379155099310674f,0.06253606680902712f,0f,0f,0f,1f], start_interpolation: 0, interpolation_duration: 1 }
$data merge entity $(bone_wing_left_1_model) { transformation: [-0.3274522054668207f,0.9595403754650895f,-0.05508542483334137f,0.41942282370217476f,0.5780245098285365f,0.24310259566755557f,0.7986024524499141f,0.8848643643097496f,0.7678800702025252f,0.22618682294477668f,-0.6246413386526328f,-0.0440882107936149f,0f,0f,0f,1f], start_interpolation: 0, interpolation_duration: 1 }
$data merge entity $(bone_wing_left_0) { transformation: [-0.8222032221519197f,0.5041916809371338f,0.2641450555221282f,0.3003172817078561f,0.5227321101612796f,0.8524969960184325f,-0.00011307468714562285f,0.9613357100932475f,-0.2252398776623198f,0.13798413188963554f,-0.964482958303218f,0.40145847599616563f,0f,0f,0f,1f], start_interpolation: 0, interpolation_duration: 1 }
$data merge entity $(bone_body_0) { transformation: [-0.9157717092195546f,0.3477840025334367f,-0.20101856674177593f,-0.03990526076393616f,0.3313095553804242f,0.9368984200272368f,0.1116034455744691f,0.786199614026293f,0.2271478705749209f,0.03560390613809522f,-0.97320923072122f,0.053408582702829166f,0f,0f,0f,1f], start_interpolation: 0, interpolation_duration: 1 }
$data merge entity $(bone_leg_right_3) { transformation: [-0.9773339408390175f,0.20603222321565323f,0.048673309738409984f,-0.48746506138838014f,0.0742070721581091f,0.11807579202308904f,0.9902279625317808f,0.4748617626198639f,0.19827172901298148f,0.9713953007581082f,-0.13068852719067348f,-0.6431681687654686f,0f,0f,0f,1f], start_interpolation: 0, interpolation_duration: 1 }
$data merge entity $(bone_leg_right_2) { transformation: [-0.881912272114483f,0.4683981730494283f,-0.053234347726142744f,-0.4014446806199744f,0.45844913835291284f,0.8784737552922826f,0.13456689342534095f,0.6213381423179223f,0.10979586439088665f,0.09427095388630036f,-0.9894735243633481f,-0.6207587692526673f,0f,0f,0f,1f], start_interpolation: 0, interpolation_duration: 1 }
$data merge entity $(bone_leg_right_1) { transformation: [-0.9133748728320318f,0.3211140504193732f,-0.25026407713120546f,-0.3301238783409578f,0.38258157983790025f,0.8871864835654832f,-0.25793696545367256f,0.6929437233055917f,0.1392037228230843f,-0.33133956902545914f,-0.9331861623225117f,-0.3160064856782009f,0f,0f,0f,1f], start_interpolation: 0, interpolation_duration: 1 }
$data merge entity $(bone_leg_right_0) { transformation: [-0.8831663776234041f,0.4688685670412604f,-0.013394636099199483f,-0.1459198152735646f,0.4547995272534888f,0.8629550133780464f,0.22015002815284676f,0.9620774008518177f,0.11478039660829709f,0.18833722873179148f,-0.9753740558514313f,-0.1792750291710031f,0f,0f,0f,1f], start_interpolation: 0, interpolation_duration: 1 }
$data merge entity $(bone_leg_left_3) { transformation: [-0.992898914113158f,-0.005637774218156644f,0.11882744571342349f,0.17649054543988607f,0.09368455382630911f,0.5785363852317627f,0.8102585114254159f,0.26739922428528595f,-0.07331405545512361f,0.8156370923792213f,-0.5738999763093675f,-0.5410901848952733f,0f,0f,0f,1f], start_interpolation: 0, interpolation_duration: 1 }
$data merge entity $(bone_leg_left_2) { transformation: [-0.9578713194308728f,-0.27598887147327017f,-0.07945236456311218f,0.12384716718150393f,-0.2588280577510893f,0.9494493343496279f,-0.17763445055463684f,0.42946422064137535f,0.12446112619029953f,-0.1495864443255464f,-0.9808839501905834f,-0.5589962895850501f,0f,0f,0f,1f], start_interpolation: 0, interpolation_duration: 1 }
$data merge entity $(bone_leg_left_1) { transformation: [-0.9790490245571073f,-0.20024071225394516f,0.036968428013772085f,0.11948097653934818f,-0.18809351282262476f,0.8198002251969629f,-0.5408774548833165f,0.5918824969201282f,0.0779989611970684f,-0.5364990660970828f,-0.8402885897887324f,-0.28206812142573967f,0f,0f,0f,1f], start_interpolation: 0, interpolation_duration: 1 }
$data merge entity $(bone_leg_left_0) { transformation: [-0.9790490245571073f,-0.19046153646129005f,-0.07202368112351232f,0.03533580882581716f,-0.18809351282262476f,0.9813999107995108f,-0.038406321312479896f,0.9281631672370929f,0.0779989611970684f,-0.024054484228872408f,-0.9966632048192916f,-0.21210766144793122f,0f,0f,0f,1f], start_interpolation: 0, interpolation_duration: 1 }
$data merge entity $(bone_tail_3) { transformation: [-2.0719507542664037f,-0.27540079988828914f,1.2632031492003957f,-0.00825921138273962f,-0.6739877715471495f,2.2663741955899357f,-0.6113887586495269f,1.5200982017194473f,-1.103298817426092f,-0.8673004841570152f,-1.9987569423222078f,-1.474816325628885f,0f,0f,0f,1f], start_interpolation: 0, interpolation_duration: 1 }
$data merge entity $(bone_tail_2) { transformation: [-1.114351746672954f,-0.06735679284881996f,0.3009938697782023f,-0.1311864244633918f,-0.02647722953797372f,1.145067499922874f,0.1582195924541992f,1.4495157244133507f,-0.3072998592627886f,0.1455937690201764f,-1.1051168777190807f,-1.022967817151975f,0f,0f,0f,1f], start_interpolation: 0, interpolation_duration: 1 }
$data merge entity $(bone_tail_1) { transformation: [-1.3458943130940637f,0.3005739683379187f,-0.13267677949223702f,-0.09295075720943084f,0.17982342026887288f,1.1421240922823963f,0.7632793955221738f,1.2152497562558955f,0.2749752275781224f,0.7242839137130452f,-1.1485559528523857f,-0.6826183406357803f,0f,0f,0f,1f], start_interpolation: 0, interpolation_duration: 1 }
$data merge entity $(bone_tail_0) { transformation: [-1.1592508487568436f,0.3014154325231267f,-0.01704543842827158f,-0.08307659429547862f,0.21690418875637932f,0.878603737436201f,0.7848645652218316f,0.9961871824451621f,0.20998662536993287f,0.7564446773411877f,-0.9048212019872832f,-0.401827973657929f,0f,0f,0f,1f], start_interpolation: 0, interpolation_duration: 1 }
$data merge entity $(bone_body_1) { transformation: [-0.9878833319840927f,0.23984893454765588f,-0.09305753826963951f,-0.052083333333333315f,0.18484009128804496f,0.91854044606676f,0.4052385520117126f,0.8978539586427574f,0.1789451242282906f,0.3753087155666338f,-0.9323211383311492f,-0.129154168305334f,0f,0f,0f,1f], start_interpolation: 0, interpolation_duration: 1 }
data modify entity @s data merge value {"locators":{"body_1":{"posx":-0.1089477264811542,"posy":0.7540963642887196,"posz":-0.2945859979684105,"roty":354.3000293744124,"rotx":23.388793397923983},"body_0":{"posx":-0.054104332293782,"posy":0.6267907019588133,"posz":0.22867145298980968,"roty":348.3295487880871,"rotx":6.4077554393389935},"neck_1":{"posx":0.0031950605886123112,"posy":0.5841811393151288,"posz":0.5218290249408213,"roty":356.81362417738296,"rotx":27.96411912199983},"neck_0":{"posx":0.006524018296010958,"posy":0.4384309404656505,"posz":0.7478359812777525,"roty":1.2505757791839756,"rotx":36.71443728472473},"pos_head":{"posx":0.0376083024033274,"posy":0.3977280698423883,"posz":1.08565887673031,"roty":0.22869725300137134,"rotx":24.970554012937864},"head_0":{"posx":0.0648676708772269,"posy":0.1699204842794999,"posz":0.9452083393633726,"roty":0.22869725300137134,"rotx":24.970554012937864},"arm_right_0":{"posx":-0.32347915205129857,"posy":0.06454851741767745,"posz":0.5541927787852902,"roty":348.8777366308059,"rotx":-23.505319834820558},"arm_left_0":{"posx":0.33214763708865824,"posy":0.08489615566485204,"posz":0.7009273024109641,"roty":344.6308809975219,"rotx":-59.09526474251947},"pos_wing_r_0":{"posx":-0.6470188382184301,"posy":1.7675684602415507,"posz":-0.3278220846668406,"roty":181.67627434742775,"rotx":-11.53107378234667},"pos_wing_r_1":{"posx":-0.6649325361566695,"posy":1.6426313619591075,"posz":0.28430112261984675,"roty":181.67627434742775,"rotx":-11.53107378234667},"pos_wing_r_2":{"posx":-0.6828462340949087,"posy":1.5176942636766646,"posz":0.8964243299065342,"roty":181.67627434742775,"rotx":-11.53107378234667},"pos_wing_r_3":{"posx":-0.7007599320331481,"posy":1.3927571653942215,"posz":1.5085475371932215,"roty":181.67627434742775,"rotx":-11.53107378234667},"pos_wing_r_4":{"posx":-0.7186736299713874,"posy":1.2678200671117783,"posz":2.120670744479909,"roty":181.67627434742775,"rotx":-11.53107378234667},"pos_wing_r_5":{"posx":-0.7365873279096267,"posy":1.1428829688293352,"posz":2.7327939517665962,"roty":181.67627434742775,"rotx":-11.53107378234667},"finger_right_0":{"posx":-0.5077314599039688,"posy":1.4800914635156228,"posz":0.3091547413812407,"roty":181.67627434742775,"rotx":-11.53107378234667},"finger_right_1":{"posx":-0.43846307117516226,"posy":1.4679839290808254,"posz":0.9093633364797206,"roty":181.67627434742775,"rotx":-11.53107378234667},"finger_right_2":{"posx":-0.4394035014437374,"posy":1.3613606524192794,"posz":1.5410526951625059,"roty":181.67627434742775,"rotx":-11.53107378234667},"finger_right_3":{"posx":-0.44041252301718337,"posy":1.2469360106794143,"posz":2.2189628816521108,"roty":181.67627434742775,"rotx":-11.53107378234667},"pos_wing_l_0":{"posx":0.7184143594646253,"posy":1.311330055559034,"posz":-0.6950805087698378,"roty":158.71874667499023,"rotx":-26.725640838691657},"pos_wing_l_1":{"posx":0.9210224153182839,"posy":1.0302558352182924,"posz":-0.1749149020991882,"roty":158.71874667499023,"rotx":-26.725640838691657},"pos_wing_l_2":{"posx":1.1236304711719425,"posy":0.7491816148775508,"posz":0.3452507045714614,"roty":158.71874667499023,"rotx":-26.725640838691657},"pos_wing_l_3":{"posx":1.3262385270256012,"posy":0.4681073945368093,"posz":0.8654163112421107,"roty":158.71874667499023,"rotx":-26.725640838691657},"pos_wing_l_4":{"posx":1.5288465828792597,"posy":0.1870331741960677,"posz":1.3855819179127604,"roty":158.71874667499023,"rotx":-26.725640838691657},"pos_wing_l_5":{"posx":1.7314546387329186,"posy":-0.09404104614467412,"posz":1.9057475245834101,"roty":158.71874667499023,"rotx":-26.725640838691657},"finger_left_0":{"posx":0.7298703844310022,"posy":0.9946012609220208,"posz":-0.05685241124802167,"roty":158.71874667499023,"rotx":-26.725640838691657},"finger_left_1":{"posx":0.9479093774077356,"posy":0.8534750721116124,"posz":0.48880082668867975,"roty":158.71874667499023,"rotx":-26.725640838691657},"finger_left_2":{"posx":1.1609085754828203,"posy":0.5905894037068803,"posz":1.0327891724967229,"roty":158.71874667499023,"rotx":-26.725640838691657},"finger_left_3":{"posx":1.3894930135991932,"posy":0.3084686830200494,"posz":1.616581336985394,"roty":158.71874667499023,"rotx":-26.725640838691657},"leg_right_0":{"posx":-0.3957680920185417,"posy":0.5737234894683754,"posz":-0.3442426349956867,"roty":359.2132168448443,"rotx":12.717845019213508},"leg_left_0":{"posx":0.1462961649096007,"posy":0.4555022896264135,"posz":-0.2809315454188583,"roty":355.866716107495,"rotx":-2.2010614551182517},"tail_0":{"posx":-0.13205949726748883,"posy":0.9789365840955264,"posz":-0.6544237983245884,"roty":358.9207633808195,"rotx":40.93415610825926},"tail_1":{"posx":-0.15618273567330282,"posy":1.1974495116325585,"posz":-0.9804730240259467,"roty":353.41061722179415,"rotx":33.43142259827022},"tail_2":{"posx":-0.051767631102744335,"posy":1.2834910505904853,"posz":-1.2966568383708172,"roty":15.235735034928354,"rotx":7.864948743207956},"tail_3":{"posx":0.12660725253297547,"posy":1.255596810961334,"posz":-1.5665104044308893,"roty":32.292656292556075,"rotx":-14.49762908326061},"tail_4":{"posx":0.3528965188605655,"posy":1.1460730865126474,"posz":-1.9245662265142751,"roty":32.292656292556075,"rotx":-14.49762908326061},"shadow":{"posx":-0.05208333333333333,"posy":0.6268575634878985,"posz":0.02259763358685009,"roty":0,"rotx":-15.716666666666708}},"cameras":{}}