# This file was generated by Animated Java via MC-Build. It is not recommended to edit this file directly.
$data merge entity $(bone_head_lower) { transformation: [-0.9940929034926563f,-0.08342323987323347f,-0.06942522794052013f,0.03626488121580839f,-0.09324365270165008f,0.9838240899212204f,0.1529567956043054f,0.37396645097665043f,0.0555420602462163f,0.1585267268940353f,-0.9857912336817922f,1.0095563807678036f,0f,0f,0f,1f], start_interpolation: 0, interpolation_duration: 1 }
$data merge entity $(bone_head_upper) { transformation: [-0.9940929034926563f,-0.07363781914384723f,-0.07972935981981966f,0.03440845764470118f,-0.09324365270165008f,0.9554076408993619f,0.2801818354961125f,0.391044248525446f,0.0555420602462163f,0.2859610310913962f,-0.9566302149946716f,0.998023476307191f,0f,0f,0f,1f], start_interpolation: 0, interpolation_duration: 1 }
$data merge entity $(bone_neck_0) { transformation: [-0.9362063534768339f,0.34771812002167113f,0.051085934641584285f,0.03809707350565687f,0.32578166145973453f,0.8040796297689161f,0.4973150490858066f,0.4707720494812218f,0.1318482945135975f,0.4822323692985343f,-0.866064644951275f,0.8272122046223769f,0f,0f,0f,1f], start_interpolation: 0, interpolation_duration: 1 }
$data merge entity $(bone_neck_1) { transformation: [-0.9410098589567304f,0.33818417369938164f,0.011485208117433802f,0.04279462802673707f,0.28790432643629704f,0.7823471927656683f,0.5523078568977093f,0.573369084165881f,0.17779635588362427f,0.5230337796270378f,-0.8335611082599518f,0.6859399894349879f,0f,0f,0f,1f], start_interpolation: 0, interpolation_duration: 1 }
$data merge entity $(bone_neck_2) { transformation: [-0.9410098589567304f,0.3383364419354f,-0.005375630635376702f,0.08978362649153751f,0.28790432643629704f,0.8088889962667973f,0.5126496762290554f,0.8047583647040106f,0.17779635588362427f,0.4808607322052684f,-0.8585810457129349f,0.5599482950118913f,0f,0f,0f,1f], start_interpolation: 0, interpolation_duration: 1 }
$data merge entity $(bone_arm_right_2) { transformation: [-0.9739948523587061f,0.17948052231573783f,-0.13827787128825783f,-0.37276172574390487f,0.1726750893634791f,0.9831599417984466f,0.05983178382924609f,0.17590569340096884f,0.14668790370053197f,0.03439870567543296f,-0.9885845375868462f,0.5629386239518908f,0f,0f,0f,1f], start_interpolation: 0, interpolation_duration: 1 }
$data merge entity $(bone_arm_right_1) { transformation: [-0.9658189875303759f,-0.18754184455950895f,-0.17894619265303283f,-0.2887742334399735f,-0.0853858447082572f,0.8819769951408178f,-0.4634930825436678f,0.46283437578830394f,0.24475077292882394f,-0.4323709478926525f,-0.8678435472878463f,0.3901331950046591f,0f,0f,0f,1f], start_interpolation: 0, interpolation_duration: 1 }
$data merge entity $(bone_arm_right_0) { transformation: [-0.8770736453409592f,0.47520260473309955f,-0.0701733931287243f,-0.1196258438732971f,0.39185201637506134f,0.7922963882094414f,0.4676734229064902f,0.7154211083082729f,0.27783775465389804f,0.3826864482643089f,-0.881111380248677f,0.49267586142071074f,0f,0f,0f,1f], start_interpolation: 0, interpolation_duration: 1 }
$data merge entity $(bone_arm_left_2) { transformation: [-0.9924435583914195f,-0.10459128083569669f,0.0641595462930151f,0.37602528052114526f,-0.11089329900713552f,0.9883613954909055f,-0.10413658405471393f,0.1728457819273005f,-0.052521040000090904f,-0.11046454578922094f,-0.9924913724969554f,0.632432364900219f,0f,0f,0f,1f], start_interpolation: 0, interpolation_duration: 1 }
$data merge entity $(bone_arm_left_1) { transformation: [-0.9709370806797135f,0.21416742711634562f,-0.10683397644719672f,0.299031639027768f,0.19550291302735243f,0.4522301521472041f,-0.8702106069720917f,0.3411754649111776f,-0.13805722132135978f,-0.8658060999157268f,-0.4809573795979677f,0.34091773248906776f,0f,0f,0f,1f], start_interpolation: 0, interpolation_duration: 1 }
$data merge entity $(bone_arm_left_0) { transformation: [-0.9465869620248806f,-0.31323399234296473f,0.07653488985681517f,0.18032104866916066f,-0.25936649257070576f,0.8806641543424436f,0.3964336890173171f,0.6236516042567033f,-0.19157804116358768f,0.355408375389771f,-0.9148676083711382f,0.4360032729828055f,0f,0f,0f,1f], start_interpolation: 0, interpolation_duration: 1 }
$data merge entity $(bone_finger_right_1_fire) { transformation: [0.000009540861611859024f,-0.000013543994404317023f,-0.0000018193276387067268f,-0.7773343252425389f,0.000013373020490538688f,0.000009710168188133051f,-0.0000021570198180775136f,1.3830513139183356f,0.00000281283850243224f,-2.2500469278680752e-7f,0.00001642604913621156f,1.4560176614142333f,0f,0f,0f,1f], start_interpolation: 0, interpolation_duration: 1 }
$data merge entity $(bone_finger_right_1_fire_s) { transformation: [0.0000057245169671154136f,-0.000008126396642590214f,-0.000001091596583224036f,-0.7773343252425389f,0.000008023812294323213f,0.000005826100912879831f,-0.0000012942118908465082f,1.3830513139183356f,0.0000016877031014593441f,-1.350028156720845e-7f,0.000009855629481726936f,1.4560176614142333f,0f,0f,0f,1f], start_interpolation: 0, interpolation_duration: 1 }
$data merge entity $(bone_finger_right_1) { transformation: [1.13809503457686f,-1.6156143341111218f,-0.21702104444182607f,-0.6364721245620252f,1.5952194714425942f,1.1582910065569143f,-0.2573031288271215f,1.4965823098310531f,0.33553337873653316f,-0.026839999785644233f,1.9594042676817864f,0.43379582801221916f,0f,0f,0f,1f], start_interpolation: 0, interpolation_duration: 1 }
$data merge entity $(bone_finger_right_2_fire) { transformation: [0.000007547176729805583f,0.00000958615362789172f,0.000011354451101190116f,-0.0835672019253168f,-0.000012416324148918127f,0.000011064707389897665f,-0.0000010885415852021482f,1.5001701656471143f,-0.000008164116352419991f,-0.000007965907781049211f,0.000012151925575222471f,0.7756131284438239f,0f,0f,0f,1f], start_interpolation: 0, interpolation_duration: 1 }
$data merge entity $(bone_finger_right_2_fire_s) { transformation: [0.00000452830603788335f,0.000005751692176735032f,0.000006812670660714069f,-0.0835672019253168f,-0.000007449794489350876f,0.000006638824433938599f,-6.531249511212889e-7f,1.5001701656471143f,-0.000004898469811451995f,-0.000004779544668629526f,0.000007291155345133483f,0.7756131284438239f,0f,0f,0f,1f], start_interpolation: 0, interpolation_duration: 1 }
$data merge entity $(bone_finger_right_2) { transformation: [0.5625691949515635f,0.7145552465768185f,0.8463647591405965f,-0.4485358512614587f,-0.9255171477738091f,0.8247671614905583f,-0.08114027075052294f,1.5360114022514286f,-0.6085560903501094f,-0.5937815540671314f,0.9058087855510342f,0.38435072219349053f,0f,0f,0f,1f], start_interpolation: 0, interpolation_duration: 1 }
$data merge entity $(bone_finger_film_right) { transformation: [1.1634604367097083f,-0.07653897355362056f,0.2760376880284483f,-0.5125568527340034f,0.18756848198546827f,0.4401153213741626f,0.08856904970476928f,1.5589236408110345f,-0.3506360915303789f,-0.018532903555215047f,0.9633112489695649f,0.4702122401837594f,0f,0f,0f,1f], start_interpolation: 0, interpolation_duration: 1 }
$data merge entity $(bone_finger_right_0_fire) { transformation: [0.000015824026558074248f,-0.0000024439338442871187f,0.000004626569855939368f,-0.32951790834265443f,0.000002545505084063232f,0.000016471130822787392f,-5.573455765637652e-9f,1.5925343611443004f,-0.000004571472972046004f,7.119090961273847e-7f,0.000016011639456423f,1.1472347729553096f,0f,0f,0f,1f], start_interpolation: 0, interpolation_duration: 1 }
$data merge entity $(bone_finger_right_0_fire_s) { transformation: [0.000009494415934844549f,-0.0000014663603065722712f,0.000002775941913563621f,-0.32951790834265443f,0.0000015273030504379391f,0.000009882678493672436f,-3.344073459382591e-9f,1.5925343611443004f,-0.000002742883783227602f,4.271454576764308e-7f,0.0000096069836738538f,1.1472347729553096f,0f,0f,0f,1f], start_interpolation: 0, interpolation_duration: 1 }
$data merge entity $(bone_fire_large_right) { transformation: [0.000025318442492918795f,-0.000003910294150859389f,0.000007402511769502989f,-0.3105241883086787f,0.000004072808134501171f,0.000026353809316459827f,-8.917529225020241e-9f,1.4852768401313998f,-0.000007314356755273606f,0.0000011390545538038154f,0.0000256186231302768f,1.1482285405891444f,0f,0f,0f,1f], start_interpolation: 0, interpolation_duration: 1 }
$data merge entity $(bone_finger_right_0) { transformation: [1.3886212309765835f,-0.2144649094732257f,0.40599989547385695f,-0.5147588117284241f,0.22337818950925772f,1.4454072024446143f,-0.0004890928979213722f,1.5221734132830524f,-0.4011649249021007f,0.062472853023835116f,1.4050850085679576f,0.46972778685751837f,0f,0f,0f,1f], start_interpolation: 0, interpolation_duration: 1 }
$data merge entity $(bone_wing_right_1_model) { transformation: [-0.8991036411837503f,-0.3693806417528379f,0.2935092280495177f,-0.35131526816073655f,-0.08418377443002759f,0.7471429872955735f,0.6823983673043195f,1.1320521133343602f,-0.46422281026967654f,0.5799244615250752f,-0.6922152009252724f,0.19333053147488014f,0f,0f,0f,1f], start_interpolation: 0, interpolation_duration: 1 }
$data merge entity $(bone_wing_right_0) { transformation: [-0.7882828570711514f,0.23695430411800283f,-0.5678580764660267f,-0.0440397626354261f,-0.032581792376563765f,0.9055077912725737f,0.42307690406141923f,0.9984789646658092f,0.6144498059673168f,0.35200610464112386f,-0.7060758728650263f,0.5193456496964955f,0f,0f,0f,1f], start_interpolation: 0, interpolation_duration: 1 }
$data merge entity $(bone_finger_left_1_fire) { transformation: [-0.0000027279651656791677f,0.000015455707886969024f,0.000005608660940483243f,1.3163573113887956f,-0.00001530192006177549f,-3.064578208429824e-7f,-0.000006598113655042258f,0.5465914242538588f,-0.000006015581954861223f,-0.000006229362334501467f,0.00001424028077067375f,0.9518686677360696f,0f,0f,0f,1f], start_interpolation: 0, interpolation_duration: 1 }
$data merge entity $(bone_finger_left_1_fire_s) { transformation: [-0.0000016367790994075006f,0.000009273424732181413f,0.0000033651965642899455f,1.3163573113887956f,-0.000009181152037065293f,-1.8387469250578944e-7f,-0.000003958868193025355f,0.5465914242538588f,-0.000003609349172916734f,-0.0000037376174007008804f,0.00000854416846240425f,0.9518686677360696f,0f,0f,0f,1f], start_interpolation: 0, interpolation_duration: 1 }
$data merge entity $(bone_finger_left_1) { transformation: [-0.32540914393927145f,1.8436557532881415f,0.6690369724108601f,0.9350606308769416f,-1.8253109572569752f,-0.03655625020020434f,-0.7870652247008327f,0.9572480359615118f,-0.7175771153003578f,-0.7430782071782758f,1.698671828122897f,0.07800202345406167f,0f,0f,0f,1f], start_interpolation: 0, interpolation_duration: 1 }
$data merge entity $(bone_finger_left_2_fire) { transformation: [0.00001588681810015057f,-0.0000024910436806745686f,-0.00000437966777409854f,0.670673360689778f,0.0000033261038496271386f,0.000016067042970215192f,0.000002926592071425756f,1.2024681652177667f,0.000003784682498176235f,-0.0000036636879441360543f,0.00001581237954305957f,0.6188552869462376f,0f,0f,0f,1f], start_interpolation: 0, interpolation_duration: 1 }
$data merge entity $(bone_finger_left_2_fire_s) { transformation: [0.000009532090860090342f,-0.0000014946262084047412f,-0.000002627800664459124f,0.670673360689778f,0.000001995662309776283f,0.000009640225782129115f,0.0000017559552428554534f,1.2024681652177667f,0.000002270809498905741f,-0.0000021982127664816326f,0.00000948742772583574f,0.6188552869462376f,0f,0f,0f,1f], start_interpolation: 0, interpolation_duration: 1 }
$data merge entity $(bone_finger_left_2) { transformation: [1.1842089815715582f,-0.18568326782277053f,-0.3264619687650261f,0.8117561145653015f,0.2479289450875542f,1.1976430064648798f,0.21814919731130078f,1.1092154082396526f,0.28211155805293087f,-0.27309258164668193f,1.1786603054725f,0.1099618210231088f,0f,0f,0f,1f], start_interpolation: 0, interpolation_duration: 1 }
$data merge entity $(bone_finger_film_left) { transformation: [0.8142883901394462f,0.3233110363501605f,0.197373346499359f,0.9005192591885247f,-0.907319680353573f,0.3017347634398727f,0.0036168654544570574f,1.0694765148986147f,-0.15960328077447966f,-0.06579730542492072f,0.9864281649187279f,0.1603382449690334f,0f,0f,0f,1f], start_interpolation: 0, interpolation_duration: 1 }
$data merge entity $(bone_finger_left_0_fire) { transformation: [0.000011010027544284751f,0.000012294220121882423f,0.000002325773601744188f,1.0288862998335189f,-0.000012289562036845999f,0.00001120750686902012f,-0.0000010659420721401642f,1.0433631423801064f,-0.0000023502630053640193f,-0.0000010108012432451261f,0.000016469132412791196f,0.8501443338210974f,0f,0f,0f,1f], start_interpolation: 0, interpolation_duration: 1 }
$data merge entity $(bone_finger_left_0_fire_s) { transformation: [0.00000660601652657085f,0.000007376532073129454f,0.0000013954641610465128f,1.0288862998335189f,-0.0000073737372221075985f,0.000006724504121412072f,-6.395652432840986e-7f,1.0433631423801064f,-0.0000014101578032184115f,-6.064807459470757e-7f,0.000009881479447674717f,0.8501443338210974f,0f,0f,0f,1f], start_interpolation: 0, interpolation_duration: 1 }
$data merge entity $(bone_fire_large_left) { transformation: [0.0000176160440708556f,0.000019670752195011877f,0.0000037212377627907006f,0.948635286213277f,-0.000019663299258953594f,0.00001793201099043219f,-0.0000017055073154242627f,0.9708561708909889f,-0.0000037604208085824306f,-0.0000016172819891922017f,0.00002635061186046591f,0.8631227269062189f,0f,0f,0f,1f], start_interpolation: 0, interpolation_duration: 1 }
$data merge entity $(bone_finger_left_0) { transformation: [0.9661736818704753f,1.0788666852201672f,0.20409587850311942f,0.8788039334973909f,-1.0784579197423327f,0.9835032775963198f,-0.09354065395003618f,1.0397426462506967f,-0.206244921016139f,-0.08870182702970171f,1.4452318340237682f,0.16040326153009074f,0f,0f,0f,1f], start_interpolation: 0, interpolation_duration: 1 }
$data merge entity $(bone_wing_left_1_model) { transformation: [-0.41594537589402303f,0.9236058617376443f,-0.07013372568232046f,0.42756172291009376f,0.507255808820024f,0.29145991322669645f,0.8298914064153634f,0.8663044262242796f,0.7750213363079517f,0.3049268997441679f,-0.5808085718390243f,0.013421920506705345f,0f,0f,0f,1f], start_interpolation: 0, interpolation_duration: 1 }
$data merge entity $(bone_wing_left_0) { transformation: [-0.844673668567777f,0.4396886368310811f,0.30528723568121635f,0.28434091905773307f,0.48674793018306f,0.8682188703583752f,0.09629353880782378f,0.8980100715105588f,-0.22271696408392389f,0.2299345467633182f,-0.94737915224792f,0.45730072212012174f,0f,0f,0f,1f], start_interpolation: 0, interpolation_duration: 1 }
$data merge entity $(bone_body_0) { transformation: [-0.9410098589567304f,0.31268873184774254f,-0.12932981992442746f,-0.022154694507266256f,0.28790432643629704f,0.9406797917070058f,0.1795344766147338f,0.7405138168787091f,0.17779635588362427f,0.13170909782363113f,-0.9752133968445003f,0.0715311958283201f,0f,0f,0f,1f], start_interpolation: 0, interpolation_duration: 1 }
$data merge entity $(bone_leg_right_3) { transformation: [-0.9804974304614706f,0.1954523018536721f,-0.020571498694905276f,-0.4661474090330915f,0.06541804335706525f,0.4232813655197823f,0.9036334241311806f,0.2905737360347689f,0.18532476483672275f,0.8846645032461797f,-0.4278123984112706f,-0.5344620208442997f,0f,0f,0f,1f], start_interpolation: 0, interpolation_duration: 1 }
$data merge entity $(bone_leg_right_2) { transformation: [-0.8958179540134246f,0.4415919739516107f,-0.05006717296514465f,-0.3846484251432421f,0.44077362468588877f,0.8972135871438223f,0.026951638647369602f,0.44112441129864727f,0.056822575165730124f,0.002075472484773744f,-0.9983821349390722f,-0.5274316079099164f,0f,0f,0f,1f], start_interpolation: 0, interpolation_duration: 1 }
$data merge entity $(bone_leg_right_1) { transformation: [-0.9242884470194783f,0.286306967597996f,-0.25242659727366434f,-0.31217876905732167f,0.3690352758094773f,0.8392176718341121f,-0.3994078923726417f,0.5587355121759919f,0.09748759877309383f,-0.46232241951496644f,-0.8813365693645552f,-0.23759760661371965f,0f,0f,0f,1f], start_interpolation: 0, interpolation_duration: 1 }
$data merge entity $(bone_leg_right_0) { transformation: [-0.9048370973013611f,0.41682594256091643f,-0.08675229654280286f,-0.1397459095973177f,0.42124611334757517f,0.9060521181247647f,-0.04026501249458972f,0.8634785584326647f,0.061818600249509775f,-0.07297734477103959f,-0.9954158768139877f,-0.1880178811675075f,0f,0f,0f,1f], start_interpolation: 0, interpolation_duration: 1 }
$data merge entity $(bone_leg_left_3) { transformation: [-0.9976941927849186f,-0.035180397808035765f,0.05803996289900298f,0.22108022577528247f,0.01644400739845684f,0.7043863561458457f,0.7096262790344349f,0.1741628195339691f,-0.0658474927687364f,0.7089444272195431f,-0.7021836702818038f,-0.468387513392078f,0f,0f,0f,1f], start_interpolation: 0, interpolation_duration: 1 }
$data merge entity $(bone_leg_left_2) { transformation: [-0.9359479112313888f,-0.3438171978749951f,-0.07610020963825642f,0.15694619328137852f,-0.3100311496851395f,0.9070345722949728f,-0.284901686352655f,0.3294068415392455f,0.16697962057242433f,-0.2430597027626391f,-0.9555311544928438f,-0.5021978137635884f,0f,0f,0f,1f], start_interpolation: 0, interpolation_duration: 1 }
$data merge entity $(bone_leg_left_1) { transformation: [-0.9628623484374688f,-0.26676905664726575f,0.041597696775303186f,0.1519874595469924f,-0.2424172593010602f,0.7863665558094617f,-0.5682090392604886f,0.5013309320855189f,0.11886955183916825f,-0.5571910895912576f,-0.8218321722381416f,-0.23107885747365195f,0f,0f,0f,1f], start_interpolation: 0, interpolation_duration: 1 }
$data merge entity $(bone_leg_left_0) { transformation: [-0.9628623484374688f,-0.2610828265605746f,-0.06878848476760539f,0.043672704679767596f,-0.2424172593010602f,0.9481627010319598f,-0.20547838028547197f,0.8376247656201535f,0.11886955183916825f,-0.18117187984596125f,-0.9762411482818351f,-0.2157838961038291f,0f,0f,0f,1f], start_interpolation: 0, interpolation_duration: 1 }
$data merge entity $(bone_tail_3) { transformation: [-2.1797766330243813f,-0.8998677328658644f,0.6350744982297503f,-0.10904445371235552f,-0.8052504771012015f,2.2628175060342075f,0.4424209854284101f,1.390916541720026f,-0.7514341116047424f,0.18547970931076702f,-2.3163444860781857f,-1.5264594503508238f,0f,0f,0f,1f], start_interpolation: 0, interpolation_duration: 1 }
$data merge entity $(bone_tail_2) { transformation: [-1.136138279086095f,-0.18242907836827918f,0.11324091425357952f,-0.15449877763154218f,-0.14048447438627823f,1.0927270943888487f,0.3508926789559954f,1.2416921405510706f,-0.16238222116875203f,0.3310304986767902f,-1.0958854345660856f,-1.0793285489762192f,0f,0f,0f,1f], start_interpolation: 0, interpolation_duration: 1 }
$data merge entity $(bone_tail_1) { transformation: [-1.3558445937443362f,0.22501303591746025f,-0.1744531787020251f,-0.1033760983433424f,0.10633279405291683f,1.1876301388125323f,0.7054128795044811f,1.0245287551672624f,0.2641176154688152f,0.6769661197793515f,-1.1795499557660682f,-0.7294617000708213f,0f,0f,0f,1f], start_interpolation: 0, interpolation_duration: 1 }
$data merge entity $(bone_tail_0) { transformation: [-1.173084616463719f,0.23196564007862522f,-0.07119525768519235f,-0.07852925748859307f,0.1653522830555271f,1.0214573735865808f,0.6035625872365741f,0.8615898891333167f,0.17758222147014627f,0.5812238089121057f,-1.0323021741957197f,-0.41360935963228457f,0f,0f,0f,1f], start_interpolation: 0, interpolation_duration: 1 }
$data merge entity $(bone_body_1) { transformation: [-0.9996721079429951f,0.16962421283538975f,-0.11825395327525952f,-0.041666666666666685f,0.14090890208210133f,0.9860993219548917f,0.2232789801986833f,0.8163677835306072f,0.15133093655716812f,0.20232757623349718f,-0.9890718851431644f,-0.12799227362961052f,0f,0f,0f,1f], start_interpolation: 0, interpolation_duration: 1 }
data modify entity @s data merge value {"locators":{"body_1":{"posx":-0.08697823726761658,"posy":0.6414575064478101,"posz":-0.2644501497258528,"roty":353.1820505262376,"rotx":12.633996635383694},"body_0":{"posx":-0.04445650838314631,"posy":0.567943618824776,"posz":0.2329376530149829,"roty":352.44568956271087,"rotx":10.342645566630067},"neck_1":{"posx":-0.007311199734520858,"posy":0.5036536192155759,"posz":0.5336382518586286,"roty":359.64127216106067,"rotx":30.84048507589199},"neck_0":{"posx":-0.006942286945316269,"posy":0.35397252232021265,"posz":0.7779682649106201,"roty":0.7893990099541668,"rotx":33.525486110081076},"pos_head":{"posx":0.04441521152842294,"posy":0.36395598337561413,"posz":1.131637699510044,"roty":355.2357530838313,"rotx":16.271057514931094},"head_0":{"posx":0.06159877383655026,"posy":0.11743868668206935,"posz":1.0253377922967282,"roty":355.2357530838313,"rotx":16.271057514931094},"arm_right_0":{"posx":-0.3461249411931094,"posy":0.020453199449153123,"posz":0.549776233559343,"roty":348.34910661871686,"rotx":-27.612740460957415},"arm_left_0":{"posx":0.32318323468300775,"posy":0.04572935149702763,"posz":0.7105180613765671,"roty":347.47635099956904,"rotx":-60.483122614726575},"finger_right_0":{"posx":-0.48367539095546386,"posy":1.3873662128056239,"posz":0.32011586153349514,"roty":186.320244822976,"rotx":-7.436146338220655},"finger_right_1":{"posx":-0.4687261433690513,"posy":1.422193443926879,"posz":0.9232399314115696,"roty":186.320244822976,"rotx":-7.436146338220655},"finger_right_2":{"posx":-0.5225935832150678,"posy":1.3617834011865724,"posz":1.5587316930172994,"roty":186.320244822976,"rotx":-7.436146338220655},"finger_right_3":{"posx":-0.5804023061405472,"posy":1.2969534337756208,"posz":2.2407225027702045,"roty":186.320244822976,"rotx":-7.436146338220655},"finger_left_0":{"posx":0.7206031232770963,"posy":0.988269386139576,"posz":0.042734677422662765,"roty":158.50255949842926,"rotx":-23.32129419276822},"finger_left_1":{"posx":0.9412053905237916,"posy":0.8823459507839116,"posz":0.5952832501520997,"roty":158.50255949842926,"rotx":-23.32129419276822},"finger_left_2":{"posx":1.1611570033538865,"posy":0.6546277824223116,"posz":1.1522092571042633,"roty":158.50255949842926,"rotx":-23.32129419276822},"finger_left_3":{"posx":1.3972025530203802,"posy":0.4102477799043538,"posz":1.7498857168717277,"roty":158.50255949842926,"rotx":-23.32129419276822},"leg_right_0":{"posx":-0.3707607638227724,"posy":0.4329424502089142,"posz":-0.22958745529955848,"roty":355.0191541703248,"rotx":-2.3076391161403453},"leg_left_0":{"posx":0.18861619923689188,"posy":0.36923463791740785,"posz":-0.20808295415133019,"roty":355.96945240322464,"rotx":-11.857504402674948},"tail_0":{"posx":-0.12496173749010733,"posy":0.7950683882115597,"posz":-0.6583959468507049,"roty":356.0547030535071,"rotx":30.254614758708893},"tail_1":{"posx":-0.16389969011950636,"posy":0.9905239698815826,"posz":-1.0264686253145765,"roty":351.58705138705625,"rotx":30.60857289182839},"tail_2":{"posx":-0.09697100412172734,"posy":1.1281287091100458,"posz":-1.3835835731038764,"roty":5.899595009261816,"rotx":17.66642468762418},"tail_3":{"posx":0.02987401528694268,"posy":1.217799616286953,"posz":-1.7439219574386986,"roty":15.332083521987016,"rotx":10.436996112671682},"tail_4":{"posx":0.1436407853893929,"posy":1.2970545803550024,"posz":-2.1588701743176584,"roty":15.332083521987016,"rotx":10.436996112671682},"shadow":{"posx":-0.0416666666666667,"posy":0.5374579483563805,"posz":0.008671398966799687,"roty":0,"rotx":-12.573333333333396}},"cameras":{}}