# This file was generated by Animated Java via MC-Build. It is not recommended to edit this file directly.
$data merge entity $(bone_head_lower) { transformation: [-0.9999998737893412f,0.0003211102285592697f,-0.0003864059043049387f,0.00010921862973849465f,0.0004066633182124062f,0.9689649377294542f,-0.2471978642219635f,1.0780922409537206f,0.00029503601032345036f,-0.2471979901600655f,-0.9689649460195021f,1.029216381296283f,0f,0f,0f,1f], start_interpolation: 0, interpolation_duration: 1 }
$data merge entity $(bone_head_upper) { transformation: [-0.9999998737893412f,0.00010688702904931469f,-0.0004909139077151052f,0.0004902869323411441f,0.0004066633182124062f,0.7459921482353934f,-0.665954615117343f,1.0772732284297384f,0.00029503601032345036f,-0.665954730703451f,-0.7459920975502667f,1.008545402404974f,0f,0f,0f,1f], start_interpolation: 0, interpolation_duration: 1 }
$data merge entity $(bone_neck_0) { transformation: [-0.9999998737893412f,0.0001503492796853054f,-0.0004793916935713567f,0.00039834263036358706f,0.0004066633182124062f,0.8025445573977843f,-0.5965920448817098f,0.9516223131230883f,0.00029503601032345036f,-0.5965921645364516f,-0.8025445172496439f,0.8679806212695729f,0f,0f,0f,1f], start_interpolation: 0, interpolation_duration: 1 }
$data merge entity $(bone_neck_1) { transformation: [-0.9999998737893412f,0.00031166498893766956f,-0.0003940637466674473f,0.0003320695383514644f,0.0004066633182124062f,0.9626988550666257f,-0.2705748493085668f,0.9120808171241778f,0.00029503601032345036f,-0.27057497541040754f,-0.9626988603064875f,0.6978555995045161f,0f,0f,0f,1f], start_interpolation: 0, interpolation_duration: 1 }
$data merge entity $(bone_neck_2) { transformation: [-0.9999998737893412f,0.00041963949166950505f,-0.00027626798366525067f,0.0003292739475916075f,0.0004066633182124062f,0.9989686627578847f,0.04540314364302783f,1.0647015153058792f,0.00029503601032345036f,0.04540302556461223f,-0.9989687073293797f,0.4780152149820269f,0f,0f,0f,1f], start_interpolation: 0, interpolation_duration: 1 }
$data merge entity $(bone_arm_right_2) { transformation: [-0.968810063691658f,0.13024732032776987f,-0.2108143639252336f,-0.3349925757609156f,0.14500636705366876f,0.9878408257381778f,-0.056068320099780355f,0.5591672812768972f,0.20094828688909575f,-0.08488897780248042f,-0.9759168240398294f,0.6713935398619878f,0f,0f,0f,1f], start_interpolation: 0, interpolation_duration: 1 }
$data merge entity $(bone_arm_right_1) { transformation: [-0.8953102098312378f,-0.4158590059873768f,-0.15962742656303075f,-0.33263808249691484f,0.03628512971227965f,0.2890785913086905f,-0.9566174561488756f,0.6421365310812988f,0.44396285602931707f,-0.8622614772713516f,-0.24372551626803074f,0.336200694082075f,0f,0f,0f,1f], start_interpolation: 0, interpolation_duration: 1 }
$data merge entity $(bone_arm_right_0) { transformation: [-0.8679918806764182f,0.48995941298490553f,-0.08080760302905407f,-0.1591301410350095f,0.41659372084896906f,0.8070407923238797f,0.4184911364347586f,0.8981385533323895f,0.2702587035213218f,0.3295829685416577f,-0.9046188700321496f,0.42154817457700366f,0f,0f,0f,1f], start_interpolation: 0, interpolation_duration: 1 }
$data merge entity $(bone_arm_left_2) { transformation: [-0.9541557863510672f,-0.0758625288066811f,0.289536892460757f,0.3362619253271524f,-0.14817735548208177f,0.9602111076357518f,-0.23672367878026035f,0.4231191595165484f,-0.2600580833104659f,-0.26877407891383176f,-0.9274320933679773f,0.4654163749822239f,0f,0f,0f,1f], start_interpolation: 0, interpolation_duration: 1 }
$data merge entity $(bone_arm_left_1) { transformation: [-0.9615482778084175f,0.27257907445790236f,-0.03354933101180773f,0.2790259966028723f,0.21967955108364626f,0.690063002624165f,-0.689604196075553f,0.6695877294567667f,-0.16482052141451992f,-0.6704578290817369f,-0.723408940464279f,0.2304249359714276f,0f,0f,0f,1f], start_interpolation: 0, interpolation_duration: 1 }
$data merge entity $(bone_arm_left_0) { transformation: [-0.9416485831069255f,-0.3048222805667652f,-0.14276317173135447f,0.15961981873534298f,-0.32374271257365356f,0.7040935671393452f,0.6320149561271831f,0.8980089293997093f,-0.09213360943853566f,0.6413545244114744f,-0.7616927018350372f,0.42145413184871305f,0f,0f,0f,1f], start_interpolation: 0, interpolation_duration: 1 }
$data merge entity $(bone_finger_right_1_fire) { transformation: [0.000007473592238940325f,-0.000012297914685797998f,-0.000008407406925126361f,-1.3349265243451742f,0.000013221862292991933f,0.0000011422870426026731f,0.00001008242607685462f,2.0941988175067427f,-0.000006863348623593801f,-0.000011190811072970265f,0.000010268299322569291f,0.5559677962884291f,0f,0f,0f,1f], start_interpolation: 0, interpolation_duration: 1 }
$data merge entity $(bone_finger_right_1_fire_s) { transformation: [0.000004484155343364195f,-0.000007378748811478798f,-0.000005044444155075816f,-1.3349265243451742f,0.00000793311737579516f,6.853722255616038e-7f,0.000006049455646112771f,2.0941988175067427f,-0.000004118009174156281f,-0.0000067144866437821585f,0.000006160979593541574f,0.5559677962884291f,0f,0f,0f,1f], start_interpolation: 0, interpolation_duration: 1 }
$data merge entity $(bone_finger_right_1) { transformation: [0.8914979132511313f,-1.466973970375974f,-1.002889305433393f,-0.7864265145663117f,1.5771883542267526f,0.1362593090787195f,1.2026963099741106f,1.4635553622322062f,-0.8187041492534595f,-1.3349115659747601f,1.2248684603117292f,-0.05974763708095271f,0f,0f,0f,1f], start_interpolation: 0, interpolation_duration: 1 }
$data merge entity $(bone_finger_right_2_fire) { transformation: [0.000010297798092326858f,0.000011961647896473142f,0.000005352766745174554f,-0.42319805681888256f,-0.000010871522833548533f,0.000003996556609347918f,0.00001198396029389651f,1.8987319772284046f,0.000007317316687630795f,-0.000010896067760749967f,0.000010271823675659688f,0.2584381487462669f,0f,0f,0f,1f], start_interpolation: 0, interpolation_duration: 1 }
$data merge entity $(bone_finger_right_2_fire_s) { transformation: [0.000006178678855396115f,0.000007176988737883885f,0.000003211660047104732f,-0.42319805681888256f,-0.000006522913700129119f,0.000002397933965608751f,0.000007190376176337906f,1.8987319772284046f,0.000004390390012578477f,-0.0000065376406564499795f,0.000006163094205395813f,0.2584381487462669f,0f,0f,0f,1f], start_interpolation: 0, interpolation_duration: 1 }
$data merge entity $(bone_finger_right_2) { transformation: [0.7676014740313762f,0.8916254207798716f,0.39899710665367194f,-0.5949855748367574f,-0.8103671170456991f,0.29790472845560706f,0.8932885946931485f,1.513557005609788f,0.54543534695684f,-0.8121967045100186f,0.7656653319219595f,-0.07277518081072876f,0f,0f,0f,1f], start_interpolation: 0, interpolation_duration: 1 }
$data merge entity $(bone_finger_film_right) { transformation: [1.2037558260821795f,-0.06424578105231503f,-0.14527124088595672f,-0.6887774852568501f,0.24325956069854326f,0.22431114862607116f,0.847156720606026f,1.5685899173252937f,-0.05970334336315254f,-0.38139240594713186f,0.5227156028592387f,-0.05972467335638798f,0f,0f,0f,1f], start_interpolation: 0, interpolation_duration: 1 }
$data merge entity $(bone_finger_right_0_fire) { transformation: [0.00001629084163131617f,-0.000002599519009306677f,-0.000002372500293236413f,-0.8007286125013848f,0.0000034491818037312305f,0.000009559377434808023f,0.000013209815506715842f,2.1432046811689354f,-6.99572445114139e-7f,-0.000013402931834375432f,0.00000988179105298733f,0.3279314420954626f,0f,0f,0f,1f], start_interpolation: 0, interpolation_duration: 1 }
$data merge entity $(bone_finger_right_0_fire_s) { transformation: [0.0000097745049787897f,-0.000001559711405584006f,-0.0000014235001759418478f,-0.8007286125013848f,0.0000020695090822387383f,0.000005735626460884814f,0.000007925889304029505f,2.1432046811689354f,-4.1974346706848336e-7f,-0.000008041759100625259f,0.000005929074631792397f,0.3279314420954626f,0f,0f,0f,1f], start_interpolation: 0, interpolation_duration: 1 }
$data merge entity $(bone_fire_large_right) { transformation: [0.000026065346610105867f,-0.000004159230414890683f,-0.0000037960004691782607f,-0.7833113034046086f,0.000005518690885969969f,0.000015295003895692835f,0.000021135704810745343f,2.086083950057074f,-0.0000011193159121826221f,-0.000021444690935000687f,0.000015810865684779726f,0.4190345935763287f,0f,0f,0f,1f], start_interpolation: 0, interpolation_duration: 1 }
$data merge entity $(bone_finger_right_0) { transformation: [1.429586109243478f,-0.22811812615472285f,-0.20819633142016086f,-0.6904082895592789f,0.30267941377508534f,0.8388733684297073f,1.1592138197309543f,1.5455216236340856f,-0.06139026285923502f,-1.1761605451204857f,0.8671664450190737f,-0.03107407396823867f,0f,0f,0f,1f], start_interpolation: 0, interpolation_duration: 1 }
$data merge entity $(bone_wing_right_1_model) { transformation: [-0.7040756156138948f,-0.5459137367590023f,0.48706550130098314f,-0.4416396476101616f,-0.46571134902387373f,0.8557595344333238f,0.2859469210512064f,1.1065420131943389f,-0.5642406843981732f,-0.025117609084544374f,-0.8437882665844538f,-0.004335940307950672f,0f,0f,0f,1f], start_interpolation: 0, interpolation_duration: 1 }
$data merge entity $(bone_wing_right_0) { transformation: [-0.8567381543577067f,-0.031315612818043494f,-0.5148000264778362f,-0.1741356971177906f,-0.01876355985290569f,0.999386680837497f,-0.029566720925009865f,1.1874597159443043f,0.5154101897415271f,-0.01567145680660803f,-0.8568002928058335f,0.3704171518918147f,0f,0f,0f,1f], start_interpolation: 0, interpolation_duration: 1 }
$data merge entity $(bone_finger_left_1_fire) { transformation: [0.000006754500644107885f,0.00001381585614900161f,0.000006424688140028159f,1.1635260706287809f,-0.000012284000365488531f,7.800727574264515e-7f,0.000011237108137398009f,2.179901087609358f,0.00000901431272184417f,-0.000009289315536733232f,0.000010498979035581633f,0.6490199129401015f,0f,0f,0f,1f], start_interpolation: 0, interpolation_duration: 1 }
$data merge entity $(bone_finger_left_1_fire_s) { transformation: [0.000004052700386464731f,0.000008289513689400966f,0.000003854812884016895f,1.1635260706287809f,-0.000007370400219293118f,4.680436544558709e-7f,0.000006742264882438805f,2.179901087609358f,0.000005408587633106501f,-0.000005573589322039939f,0.0000062993874213489795f,0.6490199129401015f,0f,0f,0f,1f], start_interpolation: 0, interpolation_duration: 1 }
$data merge entity $(bone_finger_left_1) { transformation: [0.8057200656333107f,1.6480437429322656f,0.7663779193466549f,0.7352758165542645f,-1.4653141811978108f,0.09305207097147465f,1.3404341761209138f,1.4781710606253198f,1.0752849130629922f,-1.1080890088409747f,1.2523854128300047f,0.015106975375834664f,0f,0f,0f,1f], start_interpolation: 0, interpolation_duration: 1 }
$data merge entity $(bone_finger_left_2_fire) { transformation: [0.000010944017071283529f,-0.0000102836101055003f,-0.000007228667326643585f,0.31432356099820735f,0.000010691580835423244f,0.0000025750639795461016f,0.000012523454895460452f,1.9210744228414274f,-0.000006610322787946359f,-0.00001286056711335367f,0.000008287775572483898f,0.23689877716198338f,0f,0f,0f,1f], start_interpolation: 0, interpolation_duration: 1 }
$data merge entity $(bone_finger_left_2_fire_s) { transformation: [0.000006566410242770117f,-0.00000617016606330018f,-0.000004337200395986151f,0.31432356099820735f,0.000006414948501253946f,0.0000015450383877276609f,0.000007514072937276271f,1.9210744228414274f,-0.000003966193672767815f,-0.000007716340268012202f,0.000004972665343490338f,0.23689877716198338f,0f,0f,0f,1f], start_interpolation: 0, interpolation_duration: 1 }
$data merge entity $(bone_finger_left_2) { transformation: [0.815770862899449f,-0.7665438965275292f,-0.5388273925615771f,0.5465698187677396f,0.7969541775257408f,0.1919461703077592f,0.9335027111168354f,1.5184624478053044f,-0.4927357742264973f,-0.9586311738278721f,0.6177736918943999f,-0.030567581645877084f,0f,0f,0f,1f], start_interpolation: 0, interpolation_duration: 1 }
$data merge entity $(bone_finger_film_left) { transformation: [1.187699077150479f,0.11445301948563256f,0.03725893609693752f,0.635501956163064f,-0.1842898574626015f,0.1955181904628858f,0.8920473217882997f,1.5784535359133163f,0.2591832218317602f,-0.3854559931092668f,0.4635441635273228f,-0.008476772179743266f,0f,0f,0f,1f], start_interpolation: 0, interpolation_duration: 1 }
$data merge entity $(bone_finger_left_0_fire) { transformation: [0.000016094989118684672f,0.000004306945846788198f,4.234625367533692e-7f,0.6689876892833527f,-0.0000026591835717490025f,0.000008555546412376707f,0.000014053794722251568f,2.186772507170265f,0.000003414358765411141f,-0.000013639304265111171f,0.000008949263163107791f,0.340549273341088f,0f,0f,0f,1f], start_interpolation: 0, interpolation_duration: 1 }
$data merge entity $(bone_finger_left_0_fire_s) { transformation: [0.000009656993471210803f,0.0000025841675080729186f,2.540775220520215e-7f,0.6689876892833527f,-0.0000015955101430494014f,0.000005133327847426024f,0.000008432276833350941f,2.186772507170265f,0.0000020486152592466845f,-0.000008183582559066702f,0.000005369557897864674f,0.340549273341088f,0f,0f,0f,1f], start_interpolation: 0, interpolation_duration: 1 }
$data merge entity $(bone_fire_large_left) { transformation: [0.000025751982589895473f,0.000006891113354861116f,6.775400588053906e-7f,0.6397140376602551f,-0.000004254693714798403f,0.00001368887425980273f,0.00002248607155560251f,2.136453058722928f,0.000005462974024657825f,-0.00002182288682417787f,0.000014318821060972464f,0.43261952487369315f,0f,0f,0f,1f], start_interpolation: 0, interpolation_duration: 1 }
$data merge entity $(bone_finger_left_0) { transformation: [1.4123992727463268f,0.3779516181654053f,0.03716052086369174f,0.6334784965948768f,-0.23335392867567264f,0.7507832059830452f,1.233276350711596f,1.557859481808718f,0.29962355374092015f,-1.196903165497959f,0.785333415883782f,0.0219773422994147f,0f,0f,0f,1f], start_interpolation: 0, interpolation_duration: 1 }
$data merge entity $(bone_wing_left_1_model) { transformation: [-0.7883037086930611f,0.45763158676407895f,-0.44735631961379163f,0.42868728664434186f,0.3416294349790911f,0.9011056367642746f,0.31980469600892086f,1.0971790178416339f,0.5411503257492067f,0.09777036989437339f,-0.8535656757122353f,-0.011755932619330606f,0f,0f,0f,1f], start_interpolation: 0, interpolation_duration: 1 }
$data merge entity $(bone_wing_left_0) { transformation: [-0.8703387406223089f,0.062005417398137114f,0.48853434350642766f,0.17483050883894913f,0.044317591078939934f,0.9978781335332282f,-0.04769886515631669f,1.1873178041711352f,-0.4904553269085099f,-0.019863504965725726f,-0.8712399287667797f,0.3703141942816771f,0f,0f,0f,1f], start_interpolation: 0, interpolation_duration: 1 }
$data merge entity $(bone_body_0) { transformation: [-0.9999998737893412f,0.0003671374815072678f,-0.0003429743014273875f,0.00010624673720681897f,0.0004066633182124062f,0.992353242018355f,-0.12342964668427919f,0.8470046987809772f,0.00029503601032345036f,-0.12342977058120963f,-0.992353266074145f,0.02214587104454549f,0f,0f,0f,1f], start_interpolation: 0, interpolation_duration: 1 }
$data merge entity $(bone_leg_right_3) { transformation: [-0.988536048124638f,-0.11221564676604767f,0.10101549474709925f,-0.2601627931978312f,-0.06757291255732195f,0.9271130502033158f,0.36863978845374873f,0.07561277309315328f,-0.1350199357378165f,0.35758780846609106f,-0.9240674088992504f,-0.1530994175242783f,0f,0f,0f,1f], start_interpolation: 0, interpolation_duration: 1 }
$data merge entity $(bone_leg_right_2) { transformation: [-0.8928143184662866f,0.3513686741289982f,0.2818202398381109f,-0.1964550938388379f,0.2407422430643762f,0.9010580776707571f,-0.3607457734591119f,0.2308014766453914f,-0.3806911676752079f,-0.2542329551909231f,-0.8890668362665302f,-0.18795357417273706f,0f,0f,0f,1f], start_interpolation: 0, interpolation_duration: 1 }
$data merge entity $(bone_leg_right_1) { transformation: [-0.927087105577706f,0.35275863425847126f,0.12677083508303325f,-0.24657735710285006f,0.17918541750177475f,0.7141087691025917f,-0.6767135672095663f,0.4382795026654735f,-0.32924471875227723f,-0.6046569373180793f,-0.7252502349719402f,0.05189762522859906f,0f,0f,0f,1f], start_interpolation: 0, interpolation_duration: 1 }
$data merge entity $(bone_leg_right_0) { transformation: [-0.927087105577706f,0.3745694568642879f,-0.014395160851614387f,-0.09369052416051167f,0.17918541750177475f,0.4091120642970292f,-0.8947177795267837f,0.64327872424246f,-0.32924471875227723f,-0.8320607194375997f,-0.4463999040576936f,-0.1923573642892468f,0f,0f,0f,1f], start_interpolation: 0, interpolation_duration: 1 }
$data merge entity $(bone_leg_left_3) { transformation: [-0.995695030040732f,0.05201733039669784f,-0.07671769346497756f,0.2698306289578665f,0.022648341975704478f,0.9391290714994927f,0.3428172102888832f,0.08754899074001785f,0.08988025232461826f,0.3396038639398874f,-0.9362642553462999f,-0.12040055157019763f,0f,0f,0f,1f], start_interpolation: 0, interpolation_duration: 1 }
$data merge entity $(bone_leg_left_2) { transformation: [-0.8925767536444633f,-0.3927497988610787f,-0.22148213099050051f,0.19862003813960402f,-0.23887142107241333f,0.8284940338993831f,-0.506495883485714f,0.23136148437734264f,0.38242278050392986f,-0.3991807000441157f,-0.8333112177715676f,-0.18043416992395025f,0f,0f,0f,1f], start_interpolation: 0, interpolation_duration: 1 }
$data merge entity $(bone_leg_left_1) { transformation: [-0.9270380957271961f,-0.3549241997466497f,-0.12095115338306787f,0.24690714801233105f,-0.17843141269986734f,0.7012618083554516f,-0.6902130881865192f,0.4433522914924123f,0.32979175252335186f,-0.6182723417525989f,-0.7134260377862123f,0.05582040279157793f,0f,0f,0f,1f], start_interpolation: 0, interpolation_duration: 1 }
$data merge entity $(bone_leg_left_0) { transformation: [-0.9270380957271961f,-0.37440686289117553f,0.02049073181910775f,0.09361070220007416f,-0.17843141269986734f,0.3924170503931936f,-0.9023142964192884f,0.6432025556946297f,0.32979175252335186f,-0.8401359173256995f,-0.43059150059758716f,-0.1924126249027754f,0f,0f,0f,1f], start_interpolation: 0, interpolation_duration: 1 }
$data merge entity $(bone_tail_3) { transformation: [-2.4422338584306837f,0.001217892237626911f,-0.00014935629156707282f,-0.0006529509084867539f,0.0009931670500683775f,2.136656124799436f,1.182880950396233f,-0.016095418564057624f,0.0007205470248089499f,1.182880740366324f,-2.136656350402758f,-1.3614357187355255f,0f,0f,0f,1f], start_interpolation: 0, interpolation_duration: 1 }
$data merge entity $(bone_tail_2) { transformation: [-1.1562498540689257f,0.000448525247553679f,-0.0003691756903073498f,-0.0005040268782217114f,0.0004702044616830947f,1.154097784889101f,-0.07051343362675705f,0.006950685089906095f,0.0003411353869364895f,-0.07051357485742132f,-1.1540978216284246f,-0.8884358082077812f,0f,0f,0f,1f], start_interpolation: 0, interpolation_duration: 1 }
$data merge entity $(bone_tail_1) { transformation: [-1.3854164918123164f,0.00034818806911658787f,-0.0006027083043916551f,-0.0003252686599016064f,0.0005633981387734378f,1.2654080656367048f,-0.5640225618553646f,0.16955598377534437f,0.00040874780596894685f,-0.5640227357690645f,-1.2654080475240346f,-0.506677034717411f,0f,0f,0f,1f], start_interpolation: 0, interpolation_duration: 1 }
$data merge entity $(bone_tail_0) { transformation: [-1.197916515476815f,0.00004596934967893193f,-0.0006000937280995834f,-0.00014631883348951302f,0.0004871487666086116f,0.775462704238573f,-0.9130507638126463f,0.4530939844666418f,0.00035342855403329996f,-0.9130508926120146f,-0.7754626250609625f,-0.29095658907923755f,0f,0f,0f,1f], start_interpolation: 0, interpolation_duration: 1 }
$data merge entity $(bone_body_1) { transformation: [-1.0208332044932857f,0.000010888186166081684f,-0.0005127668683388995f,1.596370934272371e-17f,0.00041513547067516466f,0.6168754987295056f,-0.8133665478578579f,0.6963791279441602f,0.00030118259387185555f,-0.8133666537258062f,-0.6168754253010684f,-0.13035357912043102f,0f,0f,0f,1f], start_interpolation: 0, interpolation_duration: 1 }
data modify entity @s data merge value {"locators":{"body_1":{"posx":-0.000052001466176651995,"posy":0.49434369587981775,"posz":-0.028132363638393623,"roty":359.95237390004786,"rotx":-52.8224951110035},"body_0":{"posx":0.00011551574052085656,"posy":0.7229853242835973,"posz":0.22450466932977542,"roty":359.9801975971233,"rotx":-7.090078893442363},"neck_1":{"posx":0.0002442320798869554,"posy":0.7699779736242807,"posz":0.5960055457417373,"roty":359.984154669752,"rotx":2.6023031144594637},"neck_0":{"posx":0.0003665380553776364,"posy":0.8306821241532678,"posz":0.9268797622957052,"roty":359.9765469876271,"rotx":-15.698476588657842},"pos_head":{"posx":0.0005590167358016432,"posy":1.1766278066807685,"posz":1.1024354068303273,"roty":359.96229545721934,"rotx":-41.75560259712036},"head_0":{"posx":0.0005151167981114324,"posy":0.9564969478517074,"posz":1.2570579333917096,"roty":359.96229545721934,"rotx":-41.75560259712036},"arm_right_0":{"posx":-0.2767956964601638,"posy":0.44387235547660714,"posz":0.7628727616134323,"roty":326.7773047208718,"rotx":-73.06138710553141},"arm_left_0":{"posx":0.28136716152276475,"posy":0.2781539827294862,"posz":0.49735235960532465,"roty":357.3447124766408,"rotx":-43.598785720181226},"finger_right_0":{"posx":-0.5998627340728552,"posy":1.366122183938334,"posz":0.00269324699711046,"roty":219.30969306615,"rotx":37.22492484762106},"finger_right_1":{"posx":-0.8346038086941062,"posy":1.8317066159733237,"posz":0.30818109328494836,"roty":219.30969306615,"rotx":37.22492484762106},"finger_right_2":{"posx":-1.1449257049753374,"posy":2.2410493344659757,"posz":0.6909861519161911,"roty":219.30969306615,"rotx":37.22492484762106},"finger_right_3":{"posx":-1.4779537234670705,"posy":2.6803439762527237,"posz":1.101800945107874,"roty":219.30969306615,"rotx":37.22492484762106},"finger_left_0":{"posx":0.5445440325069605,"posy":1.3779363723432343,"posz":0.057208355971154215,"roty":148.5360954903632,"rotx":42.39411134626508},"finger_left_1":{"posx":0.7152684476189421,"posy":1.8764952918637692,"posz":0.35299077185900557,"roty":148.5360954903632,"rotx":42.39411134626508},"finger_left_2":{"posx":0.9506577306987274,"posy":2.3286064412415186,"posz":0.741047787550924,"roty":148.5360954903632,"rotx":42.39411134626508},"finger_left_3":{"posx":1.2032703252853316,"posy":2.8137988639085747,"posz":1.1574987783660495,"roty":148.5360954903632,"rotx":42.39411134626508},"leg_right_0":{"posx":-0.299140741522627,"posy":0.3795688148078163,"posz":0.1663967641923818,"roty":358.15300980026655,"rotx":-63.472202453015434},"leg_left_0":{"posx":0.29946116055643063,"posy":0.38694494600790297,"posz":0.1714759007790665,"roty":2.7245020633722277,"rotx":-64.46395857307009},"tail_0":{"posx":-0.00024366279835762915,"posy":0.19633145159426013,"posz":-0.26698679969494676,"roty":359.95566152389836,"rotx":-49.65843327948157},"tail_1":{"posx":-0.0004773319926885643,"posy":-0.09760674979189479,"posz":-0.6538388330761756,"roty":359.9727102735158,"rotx":-24.023671121032358},"tail_2":{"posx":-0.0006658386423529913,"posy":-0.21200665196930676,"posz":-1.1350830781247,"roty":359.9816720837389,"rotx":-3.4963291932521865},"tail_3":{"posx":-0.0007796048507530342,"posy":-0.11345115061177509,"posz":-1.656528243692843,"roty":359.99599491741617,"rotx":28.96948820696215},"tail_4":{"posx":-0.0008063604249942134,"posy":0.09844925716308078,"posz":-2.0392872624879446,"roty":359.99599491741617,"rotx":28.96948820696215},"shadow":{"posx":-6.8640280973198794e-18,"posy":0.4479405679916614,"posz":0.05604904289219459,"roty":0,"rotx":-23.349609374999996}},"cameras":{}}