# This file was generated by Animated Java via MC-Build. It is not recommended to edit this file directly.
$data merge entity $(bone_head_lower) { transformation: [-0.9999996848292456f,0.0006026456645698966f,-0.0005168748517143132f,0.00046918005476751916f,0.0006836552219495224f,0.984630511933741f,-0.1746490411786928f,1.3885085473386551f,0.00040367926236151223f,-0.1746493394986141f,-0.9846306136088554f,0.9452788895556445f,0f,0f,0f,1f], start_interpolation: 0, interpolation_duration: 1 }
$data merge entity $(bone_head_upper) { transformation: [-0.9999996848292456f,0.00008866966774957166f,-0.0007889734465625354f,0.0008452499279353224f,0.0006836552219495224f,0.6014386419518121f,-0.7989187021109829f,1.383664971353742f,0.00040367926236151223f,-0.7989189897009896f,-0.6014385130154231f,0.925166612061052f,0f,0f,0f,1f], start_interpolation: 0, interpolation_duration: 1 }
$data merge entity $(bone_neck_0) { transformation: [-0.9999996848292456f,0.00012941261207298507f,-0.0007833222741605351f,0.0006965915285540712f,0.0006836552219495224f,0.642008492478939f,-0.7666972206813181f,1.2287990907842374f,0.00040367926236151223f,-0.7666975145631398f,-0.6420083786102462f,0.8176344977746253f,0f,0f,0f,1f], start_interpolation: 0, interpolation_duration: 1 }
$data merge entity $(bone_neck_1) { transformation: [-0.9999996848292456f,0.00037814855072617985f,-0.000698101054965021f,0.0005778001186297864f,0.0006836552219495224f,0.8572054140765951f,-0.514974184492107f,1.1457750017737707f,0.00040367926236151223f,-0.5149744994477365f,-0.8572054024337494f,0.6639691345300132f,0f,0f,0f,1f], start_interpolation: 0, interpolation_duration: 1 }
$data merge entity $(bone_neck_2) { transformation: [-0.9999996848292456f,0.0005820413666868822f,-0.0005399715333467607f,0.000538403625307479f,0.0006836552219495224f,0.9770749556468546f,-0.21289448950885176f,1.2367606905212614f,0.00040367926236151223f,-0.21289479156509344f,-0.9770750456170235f,0.4122858512564865f,0f,0f,0f,1f], start_interpolation: 0, interpolation_duration: 1 }
$data merge entity $(bone_arm_right_2) { transformation: [-0.9539116542268518f,0.20847381535698695f,-0.21585000403217933f,-0.30564633997276f,0.24189914943535568f,0.9598584331656018f,-0.14197390529011789f,0.8141026226303335f,0.1775876049521541f,-0.187644495233345f,-0.9660497844189917f,0.7740018509164653f,0f,0f,0f,1f], start_interpolation: 0, interpolation_duration: 1 }
$data merge entity $(bone_arm_right_1) { transformation: [-0.8723390199177223f,-0.4470279559701817f,-0.19796626205015042f,-0.31648989451582954f,0.21333390680036193f,0.016291078019300544f,-0.9768435110017692f,0.7857273317149798f,0.4399014418461048f,-0.8943716270980928f,0.08115487726333925f,0.43002373518232107f,0f,0f,0f,1f], start_interpolation: 0, interpolation_duration: 1 }
$data merge entity $(bone_arm_right_0) { transformation: [-0.8740526010271439f,0.44522954027268985f,-0.19442918275365392f,-0.15896486959804715f,0.44904378250042254f,0.8931164557195195f,0.026508072746181055f,1.0623385501369762f,0.1854500796316833f,-0.06413776572015042f,-0.9805583179867626f,0.3900445663367995f,0f,0f,0f,1f], start_interpolation: 0, interpolation_duration: 1 }
$data merge entity $(bone_arm_left_2) { transformation: [-0.9602475666087749f,-0.1388268203316569f,0.24218118171841585f,0.33038515738128216f,-0.21123225085960629f,0.9285458335761214f,-0.30525984201203116f,0.6621068823868892f,-0.18249807401370233f,-0.3442814966056523f,-0.9209585789145248f,0.593775619618615f,0f,0f,0f,1f], start_interpolation: 0, interpolation_duration: 1 }
$data merge entity $(bone_arm_left_1) { transformation: [-0.9539933547313129f,0.2933273041871972f,-0.062094860872435764f,0.28068509326367974f,0.16235078325612387f,0.33125571209875604f,-0.9294685989198717f,0.7876699181688773f,-0.2520692410918452f,-0.8967880160998012f,-0.36363766564420086f,0.27595883027986845f,0f,0f,0f,1f], start_interpolation: 0, interpolation_duration: 1 }
$data merge entity $(bone_arm_left_0) { transformation: [-0.9435710946236505f,-0.31077929311032865f,-0.11441075283630645f,0.1597850299412749f,-0.3304433956369156f,0.860657748901012f,0.3873956653559609f,1.0621206350349799f,-0.021926050047165316f,0.4033416296769864f,-0.9147867391358719f,0.3899158935719218f,0f,0f,0f,1f], start_interpolation: 0, interpolation_duration: 1 }
$data merge entity $(bone_finger_right_1_fire) { transformation: [0.000007947953487121755f,-0.000011503570607626802f,-0.000009070594049987666f,-1.4072870729020903f,0.000011012138309605543f,-0.000002114197684249941f,0.000012330480760286999f,2.2798140211189115f,-0.00000966129509923204f,-0.000011873323427121605f,0.000006592521943710019f,0.181507335417174f,0f,0f,0f,1f], start_interpolation: 0, interpolation_duration: 1 }
$data merge entity $(bone_finger_right_1_fire_s) { transformation: [0.000004768772092273053f,-0.000006902142364576081f,-0.000005442356429992599f,-1.4072870729020903f,0.000006607282985763326f,-0.0000012685186105499645f,0.000007398288456172199f,2.2798140211189115f,-0.000005796777059539224f,-0.000007123994056272963f,0.0000039555131662260114f,0.181507335417174f,0f,0f,0f,1f], start_interpolation: 0, interpolation_duration: 1 }
$data merge entity $(bone_finger_right_1) { transformation: [0.9480827588462004f,-1.3722195249296136f,-1.0819985100844485f,-0.8191702843385884f,1.3135983352549305f,-0.25219503064251214f,1.4708586601638989f,1.5160751149073413f,-1.1524611117250327f,-1.4163260076569983f,0.7863982095861708f,-0.20383724991622865f,0f,0f,0f,1f], start_interpolation: 0, interpolation_duration: 1 }
$data merge entity $(bone_finger_right_2_fire) { transformation: [0.000009755177366666219f,0.000012684358075685962f,0.00000466061718342551f,-0.47772925851796566f,-0.000008330221454318011f,0.0000011184192563371804f,0.000014392161987236374f,2.026777611413554f,0.000010640568727501398f,-0.000010753323967621003f,0.0000069944333995317165f,0.008663994805992864f,0f,0f,0f,1f], start_interpolation: 0, interpolation_duration: 1 }
$data merge entity $(bone_finger_right_2_fire_s) { transformation: [0.000005853106419999731f,0.000007610614845411577f,0.0000027963703100553054f,-0.47772925851796566f,-0.000004998132872590807f,6.710515538023083e-7f,0.000008635297192341825f,2.026777611413554f,0.000006384341236500838f,-0.000006451994380572602f,0.00000419666003971903f,0.008663994805992864f,0f,0f,0f,1f], start_interpolation: 0, interpolation_duration: 1 }
$data merge entity $(bone_finger_right_2) { transformation: [0.7271543352233781f,0.9454964904869579f,0.3474040360685516f,-0.6271982061764846f,-0.6209376227823734f,0.08336736281411312f,1.0727967917852947f,1.5639180263051675f,0.7931517171470086f,-0.801556532209858f,0.5213675136527838f,-0.2171523419447439f,0f,0f,0f,1f], start_interpolation: 0, interpolation_duration: 1 }
$data merge entity $(bone_finger_film_right) { transformation: [1.2054536441672878f,-0.03767273579950418f,-0.179098371874369f,-0.7215642562785893f,0.23828894607886159f,0.11239205898271809f,0.9539652160194023f,1.6188609555865536f,-0.043216684824365116f,-0.43110551973979305f,0.2643557905286061f,-0.22564838143740065f,0f,0f,0f,1f], start_interpolation: 0, interpolation_duration: 1 }
$data merge entity $(bone_finger_right_0_fire) { transformation: [0.00001630669955727906f,-0.0000016619147842800106f,-0.0000030178413769123217f,-0.8586875937282181f,0.0000034052569476940554f,0.000005558612699221597f,0.00001533896436393316f,2.274600479144098f,-5.230224150014154e-7f,-0.000015624264523094253f,0.0000057781124464276545f,-0.01542156788398108f,0f,0f,0f,1f], start_interpolation: 0, interpolation_duration: 1 }
$data merge entity $(bone_finger_right_0_fire_s) { transformation: [0.000009784019734367437f,-9.971488705680063e-7f,-0.0000018107048261473929f,-0.8586875937282181f,0.0000020431541686164333f,0.0000033351676195329584f,0.000009203378618359895f,2.274600479144098f,-3.138134490008492e-7f,-0.000009374558713856552f,0.0000034668674678565926f,-0.01542156788398108f,0f,0f,0f,1f], start_interpolation: 0, interpolation_duration: 1 }
$data merge entity $(bone_fire_large_right) { transformation: [0.000026090719291646498f,-0.0000026590636548480165f,-0.000004828546203059714f,-0.8476288937885655f,0.000005448411116310489f,0.000008893780318754556f,0.000024542342982293052f,2.244379259754413f,-8.368358640022645e-7f,-0.000024998823236950804f,0.000009244979914284246f,0.08864719708859431f,0f,0f,0f,1f], start_interpolation: 0, interpolation_duration: 1 }
$data merge entity $(bone_finger_right_0) { transformation: [1.4309777052819779f,-0.14583962843183843f,-0.2648275767435294f,-0.725187225201042f,0.29882483305652047f,0.48779035984217456f,1.3460550953184813f,1.6043223440464072f,-0.04589729593047382f,-1.371091318353f,0.5070523351710012f,-0.19201557881156328f,0f,0f,0f,1f], start_interpolation: 0, interpolation_duration: 1 }
$data merge entity $(bone_wing_right_1_model) { transformation: [-0.6770689411309487f,-0.5431016513846674f,0.5268731614543513f,-0.4784829476119055f,-0.6038582494498197f,0.8138624307621768f,0.06293044896645893f,1.1900756565845299f,-0.4559714317466116f,-0.2713772707854658f,-0.8656913499474377f,-0.040884692700353456f,0f,0f,0f,1f], start_interpolation: 0, interpolation_duration: 1 }
$data merge entity $(bone_wing_right_0) { transformation: [-0.798619828133425f,-0.03704783102579766f,-0.6006944550505046f,-0.17392949649156575f,0.09138840079243142f,0.9790640042606539f,-0.18188412729453896f,1.3357512950678223f,0.5948567309132011f,-0.2001527760921094f,-0.7785141847839904f,0.28249079289944085f,0f,0f,0f,1f], start_interpolation: 0, interpolation_duration: 1 }
$data merge entity $(bone_finger_left_1_fire) { transformation: [0.00000811614264633856f,0.000013305516998344432f,0.000005905016827141979f,1.1327252463700161f,-0.000007754090898353017f,-0.000001770253397180985f,0.000014646434891386571f,2.4807594462791194f,0.000012319905870668876f,-0.00000987963552436599f,0.000005328273549783447f,0.18288753626255533f,0f,0f,0f,1f], start_interpolation: 0, interpolation_duration: 1 }
$data merge entity $(bone_finger_left_1_fire_s) { transformation: [0.000004869685587803136f,0.000007983310199006658f,0.0000035430100962851875f,1.1327252463700161f,-0.00000465245453901181f,-0.0000010621520383085909f,0.000008787860934831942f,2.4807594462791194f,0.0000073919435224013255f,-0.000005927781314619594f,0.0000031969641298700683f,0.18288753626255533f,0f,0f,0f,1f], start_interpolation: 0, interpolation_duration: 1 }
$data merge entity $(bone_finger_left_1) { transformation: [0.9681454381682f,1.587167222871313f,0.7043881992491889f,0.737947210253133f,-0.924957588537297f,-0.21116715483748982f,1.7471204910278948f,1.572289399204649f,1.4695972196509557f,-1.1785061550137312f,0.6355905699688881f,-0.12775920694501686f,0f,0f,0f,1f], start_interpolation: 0, interpolation_duration: 1 }
$data merge entity $(bone_finger_left_2_fire) { transformation: [0.000009738090905483274f,-0.000010987509852393982f,-0.000007888091691776094f,0.29141584674794835f,0.000008240758896046542f,-0.000002887869710323916f,0.000014196051533127133f,2.0383160420824558f,-0.000010725542229255894f,-0.000012194778126621112f,0.0000037453849079513207f,-0.05039834737215071f,0f,0f,0f,1f], start_interpolation: 0, interpolation_duration: 1 }
$data merge entity $(bone_finger_left_2_fire_s) { transformation: [0.000005842854543289964f,-0.000006592505911436389f,-0.000004732855015065656f,0.29141584674794835f,0.000004944455337627925f,-0.0000017327218261943495f,0.00000851763091987628f,2.0383160420824558f,-0.000006435325337553536f,-0.000007316866875972667f,0.0000022472309447707922f,-0.05039834737215071f,0f,0f,0f,1f], start_interpolation: 0, interpolation_duration: 1 }
$data merge entity $(bone_finger_left_2) { transformation: [0.72588070442654f,-0.8190128300258955f,-0.587981115537082f,0.5448196408363201f,0.6142690523769226f,-0.21526281896194327f,1.058178649897333f,1.5815528958423508f,-0.7994856717085145f,-0.9090030297306818f,0.2791823019234092f,-0.17175289060326943f,0f,0f,0f,1f], start_interpolation: 0, interpolation_duration: 1 }
$data merge entity $(bone_finger_film_left) { transformation: [1.2086217792656548f,0.08175843285379361f,-0.017358165230105447f,0.6293297963577561f,-0.004040341909710824f,0.04982381866963614f,0.9997158100925506f,1.6508765991599506f,0.22579827773646471f,-0.43673370014870383f,0.11080089042890985f,-0.17868955760041114f,0f,0f,0f,1f], start_interpolation: 0, interpolation_duration: 1 }
$data merge entity $(bone_finger_left_0_fire) { transformation: [0.0000163878216144602f,0.0000030136037124140362f,-3.677950175483041e-7f,0.626905324449737f,-2.4066420504833625e-7f,0.0000033022587217487083f,0.000016334471091921552f,2.3450092159245433f,0.000003026410621646953f,-0.000016055872999526894f,0.0000032905256039155167f,-0.0730180011382698f,0f,0f,0f,1f], start_interpolation: 0, interpolation_duration: 1 }
$data merge entity $(bone_finger_left_0_fire_s) { transformation: [0.00000983269296867612f,0.0000018081622274484218f,-2.2067701052898245e-7f,0.626905324449737f,-1.4439852302900173e-7f,0.000001981355233049225f,0.00000980068265515293f,2.3450092159245433f,0.0000018158463729881716f,-0.000009633523799716137f,0.00000197431536234931f,-0.0730180011382698f,0f,0f,0f,1f], start_interpolation: 0, interpolation_duration: 1 }
$data merge entity $(bone_fire_large_left) { transformation: [0.000026220514583136318f,0.000004821765939862458f,-5.884720280772865e-7f,0.6057485195015215f,-3.8506272807733795e-7f,0.000005283613954797932f,0.00002613515374707448f,2.3296217956429857f,0.000004842256994635124f,-0.00002568939679924303f,0.000005264840966264826f,0.032724808026863256f,0f,0f,0f,1f], start_interpolation: 0, interpolation_duration: 1 }
$data merge entity $(bone_finger_left_0) { transformation: [1.4380964882598f,0.26445570483908853f,-0.03227547477505844f,0.6302848124950895f,-0.02111924063320657f,0.28978632931186804f,1.4334147678387066f,1.6425878979170692f,0.26557956203174116f,-1.4089666778036578f,0.28875670158286215f,-0.1428280473466508f,0f,0f,0f,1f], start_interpolation: 0, interpolation_duration: 1 }
$data merge entity $(bone_wing_left_1_model) { transformation: [-0.8070631809360614f,0.39313831399659244f,-0.474413713004929f,0.4584955472776576f,0.41481938655396017f,0.9247817911167663f,0.060667935515410984f,1.1759045267202104f,0.4555776350504954f,-0.14559528814018166f,-0.8956718782874761f,-0.05339123839717564f,0f,0f,0f,1f], start_interpolation: 0, interpolation_duration: 1 }
$data merge entity $(bone_wing_left_0) { transformation: [-0.8276476819682873f,0.06819121364076436f,0.5570900043213128f,0.175036643524478f,-0.061021391039870615f,0.9757741865421785f,-0.21009789792739286f,1.3355127224687258f,-0.5579208764404502f,-0.2078814452041106f,-0.8034361209030686f,0.2823499224610518f,0f,0f,0f,1f], start_interpolation: 0, interpolation_duration: 1 }
$data merge entity $(bone_body_0) { transformation: [-0.9999996848292456f,0.0005197968963181912f,-0.0006001271498087394f,0.00016774541201761318f,0.0006836552219495224f,0.9480903948330146f,-0.31800021358627417f,0.9328868262852388f,0.00040367926236151223f,-0.3180005236419668f,-0.9480904513845121f,0.00871510200059794f,0f,0f,0f,1f], start_interpolation: 0, interpolation_duration: 1 }
$data merge entity $(bone_leg_right_3) { transformation: [-0.9847089568236541f,-0.15760666004559137f,0.07421867056572831f,-0.2450201555861499f,-0.09551720164105873f,0.8447485465488876f,0.5265703725943975f,0.08973889606302976f,-0.14568711179075527f,0.5114294025697141f,-0.846885607178002f,-0.1636369068805681f,0f,0f,0f,1f], start_interpolation: 0, interpolation_duration: 1 }
$data merge entity $(bone_leg_right_2) { transformation: [-0.8931606487365329f,0.33290106448148055f,0.3023920250529648f,-0.1846145942614747f,0.20809206787188317f,0.9019724021537774f,-0.3783430679181896f,0.2454120037906951f,-0.39870007127832224f,-0.2749957581855427f,-0.8748803267548192f,-0.20203050784449467f,0f,0f,0f,1f], start_interpolation: 0, interpolation_duration: 1 }
$data merge entity $(bone_leg_right_1) { transformation: [-0.9270995733589389f,0.34892744744095955f,0.13687957298300585f,-0.23792315103056716f,0.1494748408239866f,0.6790834668953633f,-0.7186813737324893f,0.4667201105579418f,-0.3437203122282962f,-0.6458291425847169f,-0.6817338670991577f,0.024395837938079035f,0f,0f,0f,1f], start_interpolation: 0, interpolation_duration: 1 }
$data merge entity $(bone_leg_right_0) { transformation: [-0.9270995733589389f,0.3681829691638917f,0.07019745219973693f,-0.09371358324090269f,0.1494748408239866f,0.5349299457254668f,-0.831569134303813f,0.7109416059063333f,-0.3437203122282962f,-0.7604546366377222f,-0.550967415168876f,-0.1868363239274514f,0f,0f,0f,1f], start_interpolation: 0, interpolation_duration: 1 }
$data merge entity $(bone_leg_left_3) { transformation: [-0.9907638001790573f,0.11934120732150555f,-0.06437987643509499f,0.2517725737762753f,0.0679155167423071f,0.8476713942175618f,0.5261565261506121f,0.10138692856958526f,0.11736513468819476f,0.5169244467620966f,-0.8479472516019626f,-0.13966641227792684f,0f,0f,0f,1f], start_interpolation: 0, interpolation_duration: 1 }
$data merge entity $(bone_leg_left_2) { transformation: [-0.8930244791658486f,-0.36203234315798355f,-0.2672823640237132f,0.1861368465111804f,-0.20635657425074175f,0.8572703450353236f,-0.4717038475426241f,0.25008069014057543f,0.3999052936309581f,-0.36608760977470584f,-0.8402711574815477f,-0.19388018801589968f,0f,0f,0f,1f], start_interpolation: 0, interpolation_duration: 1 }
$data merge entity $(bone_leg_left_1) { transformation: [-0.9270252775902437f,-0.3496406135257178f,-0.1355565420114096f,0.23903112184943714f,-0.14820725828798384f,0.6736594454312756f,-0.7240287012073381f,0.4731767115740808f,0.34446878421634997f,-0.6511024442855254f,-0.6763186111189932f,0.030882645359945227f,0f,0f,0f,1f], start_interpolation: 0, interpolation_duration: 1 }
$data merge entity $(bone_leg_left_0) { transformation: [-0.9270252775902437f,-0.36988542523786794f,-0.06171634228737975f,0.09358760772722104f,-0.14820725828798384f,0.5125621257076657f,-0.8457627775450973f,0.7108135564286931f,0.34446878421634997f,-0.7748966637472643f,-0.5299777516215836f,-0.18691193355789076f,0f,0f,0f,1f], start_interpolation: 0, interpolation_duration: 1 }
$data merge entity $(bone_tail_3) { transformation: [-2.442233396945882f,0.0019379943285138972f,0.00006208210737389945f,-0.0009871741576224656f,0.0016696461412652069f,2.0621495694391285f,1.3084510271224559f,0.013891237247288885f,0.0009858792869140826f,1.3084506571797156f,-2.0621502444298363f,-1.2958925936436818f,0f,0f,0f,1f], start_interpolation: 0, interpolation_duration: 1 }
$data merge entity $(bone_tail_2) { transformation: [-1.1562496355838152f,0.0007711770362517377f,-0.0004979942500741199f,-0.000787124751843398f,0.0007904763503791352f,1.1553246898170042f,-0.046241742466979666f,0.0269910310647338f,0.0004667541471054985f,-0.04624206834930444f,-1.1553248529116582f,-0.8225128139599421f,0f,0f,0f,1f], start_interpolation: 0, interpolation_duration: 1 }
$data merge entity $(bone_tail_1) { transformation: [-1.3854162300238508f,0.0006004339530320089f,-0.0009215982565590722f,-0.0005141251996066902f,0.0009471473387425675f,1.2414221417694764f,-0.6150199257862975f,0.20498788737405027f,0.0005592639780633451f,-0.6150203620054644f,-1.241422160999331f,-0.44768309146291535f,0f,0f,0f,1f], start_interpolation: 0, interpolation_duration: 1 }
$data merge entity $(bone_tail_0) { transformation: [-1.1979162891183672f,0.00004600046500904118f,-0.0009499613757973368f,-0.00023127112158799517f,0.000818961984627032f,0.6582593964106818f,-1.0008487581128782f,0.5127290365429467f,0.00048357411637056153f,-1.0008490921206754f,-0.6582592203950294f,-0.2681714048595962f,0f,0f,0f,1f], start_interpolation: 0, interpolation_duration: 1 }
$data merge entity $(bone_body_1) { transformation: [-1.0208330115965214f,0.000021531213517295415f,-0.0008101948082252727f,1.5896703577071772e-17f,0.0006978980390734707f,0.5422121399535916f,-0.8649313282970609f,0.769314482404115f,0.0004120892469940437f,-0.8649316095899132f,-0.542211983784109f,-0.12980643552197807f,0f,0f,0f,1f], start_interpolation: 0, interpolation_duration: 1 }
data modify entity @s data merge value {"locators":{"body_1":{"posx":-0.00008302745946851525,"posy":0.5771543759728572,"posz":-0.010048421130573915,"roty":359.9143864209306,"rotx":-57.917012438857824},"body_0":{"posx":0.0002021162929032185,"posy":0.8515140531207561,"posz":0.23166881734582895,"roty":359.9637326288723,"rotx":-18.54202930675824},"neck_1":{"posx":0.0004410285565013145,"posy":0.9822673629026292,"posz":0.6020668516805056,"roty":359.96833601788614,"rotx":-12.292030880323907},"neck_0":{"posx":0.0006632772499660987,"posy":1.1276829976229954,"posz":0.9063541332966955,"roty":359.9533387970178,"rotx":-30.99572945756272},"head_0":{"posx":0.0009060194805819875,"posy":1.3137915197911063,"posz":1.1924924164608597,"roty":359.9248388293608,"rotx":-53.026969715484626},"arm_right_0":{"posx":-0.24657531714385683,"posy":0.731651570380145,"posz":0.8954954019085839,"roty":247.70916828093402,"rotx":-77.64577153870825},"arm_left_0":{"posx":0.2705317989654227,"posy":0.5463088880083122,"posz":0.683534433515259,"roty":350.30962405837784,"rotx":-68.35213024280895},"finger_right_0":{"posx":-0.6374753142560187,"posy":1.4421461038509213,"posz":-0.10524936222296255,"roty":233.9902871905636,"rotx":47.7168378846859},"finger_right_1":{"posx":-0.8916886543217044,"posy":1.9687441228541864,"posz":0.047279860589423066,"roty":233.9902871905636,"rotx":47.7168378846859},"finger_right_2":{"posx":-1.226682232007807,"posy":2.4607093702682623,"posz":0.2842405148214601,"roty":233.9902871905636,"rotx":47.7168378846859},"finger_right_3":{"posx":-1.586187150962695,"posy":2.9886719918931806,"posz":0.5385393963022578,"roty":233.9902871905636,"rotx":47.7168378846859},"finger_left_0":{"posx":0.5580725065267313,"posy":1.4823769514308671,"posz":-0.039674162110082456,"roty":132.06088202989966,"rotx":61.496275533861294},"finger_left_1":{"posx":0.6991560236586949,"posy":2.063686703695147,"posz":0.046171471520183055,"roty":132.06088202989966,"rotx":61.496275533861294},"finger_left_2":{"posx":0.912306478109805,"posy":2.639124237209553,"posz":0.2301263089079101,"roty":132.06088202989966,"rotx":61.496275533861294},"finger_left_3":{"posx":1.1410529981391129,"posy":3.2566667504350053,"posz":0.42754087686548764,"roty":132.06088202989966,"rotx":61.496275533861294},"leg_right_0":{"posx":-0.28941507656152493,"posy":0.390645532144894,"posz":0.1287085754068056,"roty":7.260800595745707,"rotx":-56.26026504823377},"leg_left_0":{"posx":0.29077804926954154,"posy":0.40017926777939905,"posz":0.1372477513667972,"roty":353.35777644721,"rotx":-57.75375350761292},"tail_0":{"posx":-0.00038124605718824867,"posy":0.2608098550921608,"posz":-0.21305097225334446,"roty":359.917314124798,"rotx":-56.667013439628235},"tail_1":{"posx":-0.0007556838704616558,"posy":-0.06793883091494551,"posz":-0.5838575836410401,"roty":359.9574651698141,"rotx":-26.354527164367394},"tail_2":{"posx":-0.0010346411564684341,"posy":-0.1867340292880646,"posz":-1.0737074689695587,"roty":359.97530307868647,"rotx":-2.292033261857938},"tail_3":{"posx":-0.0011628155395771735,"posy":-0.06565608021804455,"posz":-1.5962755930355041,"roty":0.0017249192896144905,"rotx":32.39545770642623},"tail_4":{"posx":-0.0011516941973460342,"posy":0.1687388570812689,"posz":-1.9656876437928754,"roty":0.0017249192896144905,"rotx":32.39545770642623},"shadow":{"posx":-9.693156023773648e-18,"posy":0.5395219625300268,"posz":0.07915062555605748,"roty":0,"rotx":-28.749999999999996}},"cameras":{}}