# This file was generated by Animated Java via MC-Build. It is not recommended to edit this file directly.
$data merge entity $(bone_head_lower) { transformation: [-0.9999864070908234f,0.003843398184155082f,-0.003523339890499696f,0.0032647044177726036f,0.0013952050854431747f,0.8483515917815552f,0.5294314215500167f,1.8402451873253642f,0.005023846768712843f,0.5294193092550551f,-0.84834542254411f,0.8852500376965214f,0f,0f,0f,1f], start_interpolation: 0, interpolation_duration: 1 }
$data merge entity $(bone_head_upper) { transformation: [-0.9999864070908234f,-0.0026723298515708292f,-0.004477084626222339f,0.003545565197087352f,0.0013952050854431747f,0.6902097593179122f,-0.7236080026817558f,1.8377715020494048f,0.005023846768712843f,-0.7236044131951342f,-0.6901966489111417f,0.8647096540275446f,0f,0f,0f,1f], start_interpolation: 0, interpolation_duration: 1 }
$data merge entity $(bone_neck_0) { transformation: [-0.9999864070908234f,-0.0027012708146973807f,-0.004459682676112409f,0.00275465647732096f,0.0013952050854431747f,0.6855086453823318f,-0.7280631500830478f,1.689421353126406f,0.005023846768712843f,-0.728059475758723f,-0.6854955584987972f,0.7483557694997045f,0f,0f,0f,1f], start_interpolation: 0, interpolation_duration: 1 }
$data merge entity $(bone_neck_1) { transformation: [-0.999993224741864f,-0.0028625719153245414f,-0.0023143362757684f,0.002328055037999847f,-0.0004115502348027213f,0.7117072690395052f,-0.7024760450170056f,1.572523398332323f,0.003658018148120124f,-0.7024703330948285f,-0.7117036251311838f,0.6185838792280125f,0f,0f,0f,1f], start_interpolation: 0, interpolation_duration: 1 }
$data merge entity $(bone_neck_2) { transformation: [-0.999993224741864f,-0.0018779217070419556f,-0.0031660512361556927f,0.001343238091128485f,-0.0004115502348027213f,0.9117267834701914f,-0.4107969120252771f,1.6093647237383184f,0.003658018148120124f,-0.41079282578102705f,-0.9117213791450032f,0.3535091368133646f,0f,0f,0f,1f], start_interpolation: 0, interpolation_duration: 1 }
$data merge entity $(bone_arm_right_2) { transformation: [-0.8841015903883704f,0.4630181379737227f,0.06307600003250907f,-0.2351010828388461f,0.4381765658339409f,0.7745211429941377f,0.45619984240355693f,1.42140063056526f,0.16237510593292306f,0.4309654312846948f,-0.8876390719266871f,0.9654421788735276f,0f,0f,0f,1f], start_interpolation: 0, interpolation_duration: 1 }
$data merge entity $(bone_arm_right_1) { transformation: [-0.7829181342033986f,-0.5235029527186664f,-0.33613070914497944f,-0.28330271623358705f,0.4604187595853951f,-0.12420460692350921f,-0.878969727260742f,1.3128308765907173f,0.4183942649670467f,-0.8429222230513407f,0.33827261924204033f,0.6412001474006506f,0f,0f,0f,1f], start_interpolation: 0, interpolation_duration: 1 }
$data merge entity $(bone_arm_right_0) { transformation: [-0.7623747688313715f,0.3688645607720985f,-0.5317176390300774f,-0.1578930273164327f,0.646978102863198f,0.4525809516924565f,-0.6136691426010337f,1.4342652508007263f,0.014284476358977949f,-0.8118555400879871f,-0.5836835921658176f,0.3720304309395409f,0f,0f,0f,1f], start_interpolation: 0, interpolation_duration: 1 }
$data merge entity $(bone_arm_left_2) { transformation: [-0.9839324020825486f,-0.17851051949268432f,-0.0033200244755000607f,0.3470218063231258f,-0.16161691415575044f,0.8826060358111945f,0.44145957754750503f,1.2714986535526662f,-0.07587490488190884f,0.43490295466931556f,-0.8972749962130118f,0.7150707792181838f,0f,0f,0f,1f], start_interpolation: 0, interpolation_duration: 1 }
$data merge entity $(bone_arm_left_1) { transformation: [-0.9236164299382592f,0.32370661384327437f,-0.20529665974444375f,0.3110148951354831f,0.060153183893641195f,-0.40654160865412975f,-0.9116498861407104f,1.1517658770214765f,-0.37856873195704166f,-0.8543640609172612f,0.35601652573638176f,0.3931837672333427f,0f,0f,0f,1f], start_interpolation: 0, interpolation_duration: 1 }
$data merge entity $(bone_arm_left_0) { transformation: [-0.9122553579082202f,-0.4094671372844543f,-0.011261680683569676f,0.16085481307003643f,-0.4090309593604184f,0.9120711312318294f,-0.02863434752507532f,1.4343964324380698f,0.021996278149735843f,-0.02151546089594486f,-0.9995265122496724f,0.3708644376548276f,0f,0f,0f,1f], start_interpolation: 0, interpolation_duration: 1 }
$data merge entity $(bone_finger_right_1_fire) { transformation: [0.000006742006132522701f,-0.00001032078363353507f,-0.000011216263026363062f,-1.7139280193654711f,0.000007626000661699166f,-0.00000833504718350115f,0.000012253525212539918f,2.5606095433085914f,-0.000013197243840839202f,-0.000010088914283328124f,0.0000013506818155536898f,0.07027904003760213f,0f,0f,0f,1f], start_interpolation: 0, interpolation_duration: 1 }
$data merge entity $(bone_finger_right_1_fire_s) { transformation: [0.000004045203679513621f,-0.000006192470180121042f,-0.000006729757815817837f,-1.7139280193654711f,0.000004575600397019499f,-0.00000500102831010069f,0.000007352115127523951f,2.5606095433085914f,-0.00000791834630450352f,-0.000006053348569996874f,8.104090893322139e-7f,0.07027904003760213f,0f,0f,0f,1f], start_interpolation: 0, interpolation_duration: 1 }
$data merge entity $(bone_finger_right_1) { transformation: [0.8042296403265559f,-1.2311291248233176f,-1.3379476378679547f,-0.9946321081557099f,0.9096781653317112f,-0.9942577723499915f,1.4616789099131215f,1.814708247763003f,-1.5742517076958813f,-1.2034702647667919f,0.16111797132286365f,0.007720485725675946f,0f,0f,0f,1f], start_interpolation: 0, interpolation_duration: 1 }
$data merge entity $(bone_finger_right_2_fire) { transformation: [0.000010257391835578085f,0.000012984251391243854f,0.0000019932150707277174f,-0.7480813285518683f,-0.0000019223143351775964f,-0.0000010180154717037238f,0.000016524107536382125f,2.416174141279598f,0.00001299493740292598f,-0.000010399549898247129f,8.710577395795039e-7f,0.005021398355281908f,0f,0f,0f,1f], start_interpolation: 0, interpolation_duration: 1 }
$data merge entity $(bone_finger_right_2_fire_s) { transformation: [0.000006154435101346851f,0.000007790550834746312f,0.0000011959290424366304f,-0.7480813285518683f,-0.0000011533886011065577f,-6.108092830222342e-7f,0.000009914464521829275f,2.416174141279598f,0.000007796962441755588f,-0.000006239729938948278f,5.226346437477023e-7f,0.005021398355281908f,0f,0f,0f,1f], start_interpolation: 0, interpolation_duration: 1 }
$data merge entity $(bone_finger_right_2) { transformation: [0.7645895775111328f,0.9678506431913037f,0.1485749489973188f,-0.8117189348995318f,-0.1432899833541553f,-0.07588322956621064f,1.2317127591995611f,1.884485617100255f,0.9686471822421934f,-0.7751860892578053f,0.06492894877846507f,-0.023797833048540856f,0f,0f,0f,1f], start_interpolation: 0, interpolation_duration: 1 }
$data merge entity $(bone_finger_film_right) { transformation: [1.155612576673977f,-0.028590372057642973f,-0.33748954312314783f,-0.9126669023238656f,0.3970573960175163f,-0.06852526987453528f,0.9395213879735657f,1.9158173479459042f,-0.13664841311738435f,-0.4408968780898077f,-0.12413788298401889f,-0.05249783465245381f,0f,0f,0f,1f], start_interpolation: 0, interpolation_duration: 1 }
$data merge entity $(bone_finger_right_0_fire) { transformation: [0.000015601164267907702f,-0.0000015546115905074405f,-0.000005653727448878114f,-1.1601751125549333f,0.00000556008538519335f,-0.0000011807961223554238f,0.000015667448701194707f,2.5702283436583335f,-0.0000018619618075828668f,-0.00001655193889240376f,-5.866812652645678e-7f,-0.11147562813869169f,0f,0f,0f,1f], start_interpolation: 0, interpolation_duration: 1 }
$data merge entity $(bone_finger_right_0_fire_s) { transformation: [0.000009360698560744621f,-9.327669543044643e-7f,-0.0000033922364693268683f,-1.1601751125549333f,0.00000333605123111601f,-7.084776734132542e-7f,0.000009400469220716824f,2.5702283436583335f,-0.0000011171770845497201f,-0.000009931163335442255f,-3.520087591587407e-7f,-0.11147562813869169f,0f,0f,0f,1f], start_interpolation: 0, interpolation_duration: 1 }
$data merge entity $(bone_fire_large_right) { transformation: [0.000024961862828652324f,-0.0000024873785448119046f,-0.000009045963918204982f,-1.1508654385459953f,0.00000889613661630936f,-0.000001889273795768678f,0.00002506791792191153f,2.5842802606640856f,-0.000002979138892132587f,-0.00002648310222784601f,-9.386900244233085e-7f,-0.0038568640360379276f,0f,0f,0f,1f], start_interpolation: 0, interpolation_duration: 1 }
$data merge entity $(bone_finger_right_0) { transformation: [1.3690641791368658f,-0.13642334664810016f,-0.49613705720566376f,-0.9160329399290739f,0.48791959389012257f,-0.1036195534012748f,1.3748809016384227f,1.914842901398429f,-0.1633945499135817f,-1.4524984317655272f,-0.051483613084995244f,-0.015845647997858335f,0f,0f,0f,1f], start_interpolation: 0, interpolation_duration: 1 }
$data merge entity $(bone_wing_right_1_model) { transformation: [-0.6789349231849726f,-0.6699713597541169f,0.34808451593093703f,-0.6016634157520856f,-0.6802510831715967f,0.7459118549457884f,0.10886253504784252f,1.5320992852127526f,-0.3275407103941807f,-0.1604087429113293f,-0.947609202822515f,0.08406926544613673f,0f,0f,0f,1f], start_interpolation: 0, interpolation_duration: 1 }
$data merge entity $(bone_wing_right_0) { transformation: [-0.4471569528890661f,-0.018916362210141688f,-0.8942554616683648f,-0.17371099486383035f,0.3917979713998271f,0.8946171960506175f,-0.21483580273667485f,1.6760667253582726f,0.8040802255309765f,-0.44643279871808916f,-0.3926229070479565f,0.2052127995759386f,0f,0f,0f,1f], start_interpolation: 0, interpolation_duration: 1 }
$data merge entity $(bone_finger_left_1_fire) { transformation: [0.000006836590999394296f,0.000012145429327676657f,0.000009139329720017248f,1.5540406347912559f,-0.0000025130153894401676f,-0.000008980155368629771f,0.000013813737401061477f,2.661153107031748f,0.000014990782332393985f,-0.000007044368941179859f,-0.0000018523199132716413f,-0.10577060395318334f,0f,0f,0f,1f], start_interpolation: 0, interpolation_duration: 1 }
$data merge entity $(bone_finger_left_1_fire_s) { transformation: [0.0000041019545996365775f,0.000007287257596605994f,0.000005483597832010349f,1.5540406347912559f,-0.0000015078092336641004f,-0.0000053880932211778625f,0.000008288242440636886f,2.661153107031748f,0.000008994469399436391f,-0.000004226621364707915f,-0.0000011113919479629847f,-0.10577060395318334f,0f,0f,0f,1f], start_interpolation: 0, interpolation_duration: 1 }
$data merge entity $(bone_finger_left_1) { transformation: [0.8155123285901478f,1.4487845409529687f,1.0901977407138654f,0.9602626819406637f,-0.29976855895091553f,-1.0712104053645182f,1.6477910051179796f,1.8197037811460717f,1.7881964576148817f,-0.8402974112651569f,-0.2209565741024863f,0.02484217479517055f,0f,0f,0f,1f], start_interpolation: 0, interpolation_duration: 1 }
$data merge entity $(bone_finger_left_2_fire) { transformation: [0.000010763782957947988f,-0.000011906279147633801f,-0.000004489907690653199f,0.6277035309468034f,-6.450268524357077e-8f,-0.000005931793401941158f,0.000015575218913969125f,2.348821820616168f,-0.000012724566539397815f,-0.000010041519888596826f,-0.0000038769914223698755f,-0.15402734317023367f,0f,0f,0f,1f], start_interpolation: 0, interpolation_duration: 1 }
$data merge entity $(bone_finger_left_2_fire_s) { transformation: [0.000006458269774768792f,-0.000007143767488580281f,-0.0000026939446143919196f,0.6277035309468034f,-3.870161114614246e-8f,-0.000003559076041164695f,0.000009345131348381474f,2.348821820616168f,-0.000007634739923638688f,-0.000006024911933158095f,-0.000002326194853421925f,-0.15402734317023367f,0f,0f,0f,1f], start_interpolation: 0, interpolation_duration: 1 }
$data merge entity $(bone_finger_left_2) { transformation: [0.802336149009478f,-0.887498214862325f,-0.33467929072898117f,0.7717398004888395f,-0.004808052733995599f,-0.44215795630838456f,1.1609822691738783f,1.8473672950469253f,-0.9484936434450015f,-0.7484984070279682f,-0.28899229757044825f,-0.030051976153575653f,0f,0f,0f,1f], start_interpolation: 0, interpolation_duration: 1 }
$data merge entity $(bone_finger_film_left) { transformation: [1.189022186002015f,0.0700946987966944f,0.20180658622372408f,0.8686928445796656f,-0.15038967522988245f,-0.1810623651031994f,0.9115386047334665f,1.8856694646589873f,0.27454868181438696f,-0.4027484726711541f,-0.3746749497982111f,-0.06365124134620018f,0f,0f,0f,1f], start_interpolation: 0, interpolation_duration: 1 }
$data merge entity $(bone_finger_left_0_fire) { transformation: [0.000016080716756854524f,0.000002898794575869008f,0.0000032841005420827675f,1.0195458508728819f,-0.0000022148652547311746f,-0.0000053997300145108345f,0.000015611376154956785f,2.5301479800834086f,0.0000037792457272557092f,-0.000015498957498976532f,-0.0000048246653724083596f,-0.2979230049334023f,0f,0f,0f,1f], start_interpolation: 0, interpolation_duration: 1 }
$data merge entity $(bone_finger_left_0_fire_s) { transformation: [0.000009648430054112714f,0.0000017392767455214047f,0.0000019704603252496604f,1.0195458508728819f,-0.0000013289191528387046f,-0.0000032398380087065006f,0.000009366825692974071f,2.5301479800834086f,0.0000022675474363534254f,-0.00000929937449938592f,-0.0000028947992234450155f,-0.2979230049334023f,0f,0f,0f,1f], start_interpolation: 0, interpolation_duration: 1 }
$data merge entity $(bone_fire_large_left) { transformation: [0.000025729146810967236f,0.000004638071321390412f,0.0000052545608673324275f,1.000535873039561f,-0.000003543784407569879f,-0.000008639568023217334f,0.000024978201847930857f,2.571428453862185f,0.000006046793163609134f,-0.000024798331998362452f,-0.000007719464595853375f,-0.1989256917574971f,0f,0f,0f,1f], start_interpolation: 0, interpolation_duration: 1 }
$data merge entity $(bone_finger_left_0) { transformation: [1.411146816263093f,0.2543807467409445f,0.2881928768674176f,0.8695232469732533f,-0.1943632301920481f,-0.4738477727001334f,1.3699603128176738f,1.8953352923511286f,0.3316438350684543f,-1.360095128891249f,-0.42338356447368886f,-0.02813301013056347f,0f,0f,0f,1f], start_interpolation: 0, interpolation_duration: 1 }
$data merge entity $(bone_wing_left_1_model) { transformation: [-0.7558546533627444f,0.6380724847737571f,-0.22918187146100572f,0.5689542579442501f,0.6351070349672976f,0.7864951042188544f,0.09508726632237191f,1.493413337944661f,0.2372759578355407f,-0.07256747381752547f,-0.9845867989257265f,0.0303553544460242f,0f,0f,0f,1f], start_interpolation: 0, interpolation_duration: 1 }
$data merge entity $(bone_wing_left_0) { transformation: [-0.5782518286326863f,0.052504869140524914f,0.8141670967310645f,0.1752528907997452f,-0.3325802895493277f,0.8960778130130896f,-0.29399813609777153f,1.6762103425003985f,-0.7449934051293605f,-0.4407808885854908f,-0.500696549390492f,0.20393627470035716f,0f,0f,0f,1f], start_interpolation: 0, interpolation_duration: 1 }
$data merge entity $(bone_body_0) { transformation: [-0.999993224741864f,-0.0022711604528902595f,-0.0028969467659882312f,0.0003177160202589823f,-0.0004115502348027213f,0.8510238992460109f,-0.525126797581803f,1.2217324353986465f,0.003658018148120124f,-0.5251220474730736f,-0.8510190680360311f,0.029550852848847536f,0f,0f,0f,1f], start_interpolation: 0, interpolation_duration: 1 }
$data merge entity $(bone_leg_right_3) { transformation: [-0.9770559152369148f,-0.2029349464872166f,-0.06464631462647774f,-0.16519421065118106f,-0.09107703604725936f,0.12372701168618797f,0.9881278257816913f,0.38861756318294755f,-0.19252717212227782f,0.9713439319177509f,-0.1393709220790419f,-0.5079100564963178f,0f,0f,0f,1f], start_interpolation: 0, interpolation_duration: 1 }
$data merge entity $(bone_leg_right_2) { transformation: [-0.8951540093335246f,0.29666462192524906f,0.33270016782692685f,-0.11118894756819116f,0.2725061249736084f,0.9548610673059368f,-0.11824023847758225f,0.5511046642758914f,-0.3527601329883868f,-0.015180390025175128f,-0.9355906392930078f,-0.501714054457576f,0f,0f,0f,1f], start_interpolation: 0, interpolation_duration: 1 }
$data merge entity $(bone_leg_right_1) { transformation: [-0.9265038351183069f,0.31924688030668114f,0.1991784951382074f,-0.18404280814854554f,0.197981235555931f,0.8637212582662501f,-0.4634533616090326f,0.6880996193165554f,-0.31999074030167846f,-0.38995771236560706f,-0.8634459500673832f,-0.22062213407902617f,0f,0f,0f,1f], start_interpolation: 0, interpolation_duration: 1 }
$data merge entity $(bone_leg_right_0) { transformation: [-0.9267539449691582f,0.2569229223074417f,0.2740761526968498f,-0.09376970423595578f,0.19747111624784192f,0.9538093663470331f,-0.22639092498707336f,1.0290445985418275f,-0.3195814195661787f,-0.15568655902702627f,-0.9346814492683537f,-0.19479865077917968f,0f,0f,0f,1f], start_interpolation: 0, interpolation_duration: 1 }
$data merge entity $(bone_leg_left_3) { transformation: [-0.9534687944010347f,0.2543529228563606f,0.16186985123198103f,0.14191726893839657f,0.12353027528108386f,-0.16017681861362018f,0.9793281665855422f,0.4152604023673926f,0.27502277940639197f,0.9537546735996872f,0.12130331155552718f,-0.5462829397713819f,0f,0f,0f,1f], start_interpolation: 0, interpolation_duration: 1 }
$data merge entity $(bone_leg_left_2) { transformation: [-0.8975609109796744f,-0.20749236072673638f,-0.3890132791067457f,0.10354910305645333f,-0.27179094484911936f,0.9551385410297426f,0.11764374074976491f,0.5761383780445617f,0.3471513983543202f,0.21132270980569207f,-0.9136895637693467f,-0.5015260666412413f,0f,0f,0f,1f], start_interpolation: 0, interpolation_duration: 1 }
$data merge entity $(bone_leg_left_1) { transformation: [-0.926998470476572f,-0.29728448902399324f,-0.22868268041073683f,0.18554806071505436f,-0.1939318963857813f,0.9017996451052929f,-0.3861966075099348f,0.6877835155694056f,0.3210362211625201f,-0.3136547985823129f,-0.8936198364114227f,-0.21187195460393943f,0f,0f,0f,1f], start_interpolation: 0, interpolation_duration: 1 }
$data merge entity $(bone_leg_left_0) { transformation: [-0.926998470476572f,-0.26093343456192064f,-0.26942082039407383f,0.09353133300938012f,-0.1939318963857813f,0.9483145016180055f,-0.25117727919779786f,1.0288214354984504f,0.3210362211625201f,-0.18059166300998986f,-0.9296894083256921f,-0.19497155722748288f,0f,0f,0f,1f], start_interpolation: 0, interpolation_duration: 1 }
$data merge entity $(bone_tail_3) { transformation: [-2.4422313925436443f,0.003640788625605743f,0.0005429240687953534f,-0.0019508620552885585f,0.0029098386117149743f,1.6888322656035177f,1.7641839009382694f,0.4091156227204334f,0.002254539335338844f,1.7641825438850427f,-1.688834685141714f,-1.3790778477904901f,0f,0f,0f,1f], start_interpolation: 0, interpolation_duration: 1 }
$data merge entity $(bone_tail_2) { transformation: [-1.1562486866207227f,0.0013717916798792512f,-0.0010748839197094056f,-0.0015175909502587624f,0.0013776323911590946f,1.1562319933726073f,-0.0063041359916864315f,0.4058549788927005f,0.001067387862337336f,-0.006305409518331103f,-1.1562323144567261f,-0.905528229577965f,0f,0f,0f,1f], start_interpolation: 0, interpolation_duration: 1 }
$data merge entity $(bone_tail_1) { transformation: [-1.3854150929779832f,0.00101544686859989f,-0.0018246353721934477f,-0.0009762269273755784f,0.0016506766488663027f,1.2740061140631733f,-0.5443207114138053f,0.5625173742907419f,0.0012789422134312225f,-0.5443222671130471f,-1.2740058767955136f,-0.521292784772185f,0f,0f,0f,1f], start_interpolation: 0, interpolation_duration: 1 }
$data merge entity $(bone_tail_0) { transformation: [-1.1979153059584065f,0.00009858734859038762f,-0.0018028613063975902f,-0.000439238946045125f,0.0014272768016513142f,0.7843014017638275f,-0.905468726323557f,0.8439447672858668f,0.0011058522898089518f,-0.905469845853305f,-0.7843006283427822f,-0.302826598278105f,0f,0f,0f,1f], start_interpolation: 0, interpolation_duration: 1 }
$data merge entity $(bone_body_1) { transformation: [-1.0208321737732506f,0.00006096136427427462f,-0.0015374386284622205f,1.595447628899516e-17f,0.0012162880570593807f,0.6567130284685773f,-0.7815543572442266f,1.0789082997245563f,0.0009423784730545849f,-0.7815553012857029f,-0.6567123551445272f,-0.1302781855152301f,0f,0f,0f,1f], start_interpolation: 0, interpolation_duration: 1 }
data modify entity @s data merge value {"locators":{"body_1":{"posx":-0.0001615624489599621,"posy":0.8720215631723865,"posz":-0.0382708621949021,"roty":359.86586428129607,"rotx":-49.960780393005116},"body_0":{"posx":0.0011913515555247254,"posy":1.193152932962001,"posz":0.26516141581558594,"roty":359.80496067799595,"rotx":-31.676779596109455},"neck_1":{"posx":0.002301619059315735,"posy":1.3997357950947837,"posz":0.5919173690284745,"roty":359.80103499979816,"rotx":-24.2549054039164},"neck_0":{"posx":0.0031890574889729224,"posy":1.6120602731074003,"posz":0.8584044574848743,"roty":359.8136847573864,"rotx":-44.62599655091088},"pos_head":{"posx":0.004125024251248052,"posy":1.944332279820369,"posz":0.9503316999168511,"roty":359.628345839895,"rotx":-46.353172914856295},"head_0":{"posx":0.004699128488895184,"posy":1.7373041096688093,"posz":1.1221011087889528,"roty":359.628345839895,"rotx":-46.353172914856295},"arm_right_0":{"posx":-0.17787430041871688,"posy":1.3619450948925447,"posz":1.1004917228920108,"roty":224.81802878061202,"rotx":-61.51833090005663},"arm_left_0":{"posx":0.27222949000291546,"posy":1.2561441745375492,"posz":0.8537019231993345,"roty":209.96986643587533,"rotx":-65.73435864051719},"finger_right_0":{"posx":-0.8100042503919722,"posy":1.8147629695814447,"posz":0.12650888403124244,"roty":263.13340735126025,"rotx":47.32509167762665},"finger_right_1":{"posx":-1.1499588805817662,"posy":2.3105481960900986,"posz":0.06467913160129429,"roty":263.13340735126025,"rotx":47.32509167762665},"finger_right_2":{"posx":-1.569370080008754,"posy":2.7938809952909396,"posz":0.09441975062811105,"roty":263.13340735126025,"rotx":47.32509167762665},"finger_right_3":{"posx":-2.0194694911347564,"posy":3.312579459915166,"posz":0.12633621360099953,"roty":263.13340735126025,"rotx":47.32509167762665},"finger_left_0":{"posx":0.7696315383378817,"posy":1.8221778799467945,"posz":0.13370804801872022,"roty":78.54273455672565,"rotx":55.97814820638673},"finger_left_1":{"posx":1.0354925614250667,"posy":2.3306083107905433,"posz":-0.056058843435877484,"roty":78.54273455672565,"rotx":55.97814820638673},"finger_left_2":{"posx":1.374988991410982,"posy":2.8652821617974373,"posz":-0.15232358508347726,"roty":78.54273455672565,"rotx":55.97814820638673},"finger_left_3":{"posx":1.7393262603285762,"posy":3.4390781991421187,"posz":-0.2556323442155724,"roty":78.54273455672565,"rotx":55.97814820638673},"leg_right_0":{"posx":-0.21962866252022636,"posy":0.555150068648093,"posz":-0.20118065729562296,"roty":16.342692318286197,"rotx":-13.084683039340208},"leg_left_0":{"posx":0.22170153340806795,"posy":0.5555419377104673,"posz":-0.1889591073028729,"roty":343.83859198713856,"rotx":-14.547188434366474},"tail_0":{"posx":-0.0007256034180868097,"posy":0.5869615160883455,"posz":-0.2813537045430614,"roty":359.868295194172,"rotx":-49.10140684118118},"tail_1":{"posx":-0.0014314455620674349,"posy":0.2976702762426427,"posz":-0.6725817521758183,"roty":359.9179408538055,"rotx":-23.134639541752783},"tail_2":{"posx":-0.0020003130854277184,"posy":0.20093494570634454,"posz":-1.1639557133540162,"roty":359.946735363167,"rotx":-0.31239107059656185},"tail_3":{"posx":-0.0022439954368998457,"posy":0.403812190152523,"posz":-1.689769882714579,"roty":0.018419361551536895,"rotx":46.25006622486471},"tail_4":{"posx":-0.002146736425728872,"posy":0.7198467732383625,"posz":-1.9923064637001588,"roty":0.018419361551536895,"rotx":46.25006622486471},"shadow":{"posx":-5.9022970893150055e-18,"posy":0.8247141777733947,"posz":0.04819591324963585,"roty":0,"rotx":-21.542193085530904}},"cameras":{}}