# This file was generated by Animated Java via MC-Build. It is not recommended to edit this file directly.
$data merge entity $(bone_head_lower) { transformation: [-0.9563397950838063f,-0.2920137964980899f,0.011922205913136724f,0.5348605578066092f,-0.18644306609805006f,0.6409959796912058f,0.7445556642210636f,0.2963301006028882f,-0.22506261227272145f,0.7098253987245616f,-0.6674539114294677f,0.5687401817491475f,0f,0f,0f,1f], start_interpolation: 0, interpolation_duration: 1 }
$data merge entity $(bone_head_upper) { transformation: [-0.9954536942278195f,-0.3035232826960748f,0.02043286796052947f,0.529144593514814f,-0.19406850981684945f,0.6874473547688562f,0.7571165633522203f,0.3638999260594028f,-0.23426757933858733f,0.7202511324990802f,-0.7140230738485545f,0.5356176375867806f,0f,0f,0f,1f], start_interpolation: 0, interpolation_duration: 1 }
$data merge entity $(bone_neck_0) { transformation: [-0.9210154505843408f,-0.3190979987337553f,-0.22339876228179f,0.5201763726186607f,-0.3570422788808084f,0.9208574227393042f,0.1566601994047164f,0.3591979949984225f,0.15572845236668345f,0.22404926732760966f,-0.9620553907823806f,0.46972227270765976f,0f,0f,0f,1f], start_interpolation: 0, interpolation_duration: 1 }
$data merge entity $(bone_neck_1) { transformation: [-0.8837567865776397f,-0.04576663448755495f,-0.46570307852283566f,0.48051436835061606f,-0.20198592652368688f,0.9350285594838368f,0.2914159886415789f,0.38819231376618724f,0.42210854962240646f,0.3516063254795959f,-0.835582051158595f,0.40055731235079917f,0f,0f,0f,1f], start_interpolation: 0, interpolation_duration: 1 }
$data merge entity $(bone_neck_2) { transformation: [-0.7835323531064596f,0.07059629734825643f,-0.6173274774673249f,0.42712303324212264f,-0.18612584881343217f,0.9212356053472548f,0.34158765762825277f,0.4271374268304574f,0.5928188762505233f,0.3825455819130493f,-0.7086781058561589f,0.34221715552992316f,0f,0f,0f,1f], start_interpolation: 0, interpolation_duration: 1 }
$data merge entity $(bone_body_0) { transformation: [-0.7787955424298836f,-0.05572867434270773f,-0.624797421527448f,0.13212746618260993f,-0.19131357592438666f,0.9696918386675287f,0.15197649057867924f,0.5080009038064558f,0.5973915121244752f,0.23789084235756494f,-0.7658533334549383f,-0.0164604409403801f,0f,0f,0f,1f], start_interpolation: 0, interpolation_duration: 1 }
$data merge entity $(bone_leg_left_3) { transformation: [-0.669248352652893f,0.12673970668818096f,-0.73215004556442f,0.12090487560811031f,0.02032261636716165f,0.9880992121578734f,0.15246946644158865f,0.07561344660454994f,0.7427608186592652f,0.08716073474669307f,-0.663859452431789f,-0.6952044275237393f,0f,0f,0f,1f], start_interpolation: 0, interpolation_duration: 1 }
$data merge entity $(bone_leg_left_2) { transformation: [-0.6986775176664488f,-0.1852183758133953f,-0.7277403926326962f,0.05415639022353935f,-0.3232928797877295f,0.9713676086111883f,0.06315759906956325f,0.30348812895910693f,0.6777858361508448f,0.27239919548839137f,-0.7200466916188641f,-0.6529097362884192f,0f,0f,0f,1f], start_interpolation: 0, interpolation_duration: 1 }
$data merge entity $(bone_leg_left_1) { transformation: [-0.8287490519597575f,0.5341682703986785f,-0.16685103468389748f,0.2246274250586003f,-0.003400499634269258f,0.2933380593295193f,0.9560027298868077f,0.33254383615715283f,0.559610083431348f,0.7928537329470521f,-0.2412871995649253f,-0.43586417005577194f,0f,0f,0f,1f], start_interpolation: 0, interpolation_duration: 1 }
$data merge entity $(bone_leg_left_0) { transformation: [-0.8354621674325432f,0.08250089709093283f,-0.5433199506442848f,0.2041057125857187f,-0.059865430248235436f,0.9691201222510647f,0.23921187033522198f,0.6866176609194098f,0.5462774908872874f,0.2323785502736272f,-0.8047242461381519f,-0.2155964590769269f,0f,0f,0f,1f], start_interpolation: 0, interpolation_duration: 1 }
$data merge entity $(bone_leg_right_3) { transformation: [-0.9329680403994346f,0.010082402477861942f,-0.3598179828100775f,-0.16849852877133903f,0.004431592241008737f,0.9998536135761444f,0.016526112940871758f,0.04209105934619756f,0.35993193326439976f,0.01382376862506827f,-0.9328761476410209f,-0.06383062156612654f,0f,0f,0f,1f], start_interpolation: 0, interpolation_duration: 1 }
$data merge entity $(bone_leg_right_2) { transformation: [-0.9427222364774779f,-0.0029685539563393194f,-0.40413880293657123f,-0.1802176747837313f,0.001206700107767191f,1.0256479170163428f,-0.010348608388584833f,0.280846409229198f,0.40414790389960753f,-0.00998686678286419f,-0.94267010866268f,-0.095918260697135f,0f,0f,0f,1f], start_interpolation: 0, interpolation_duration: 1 }
$data merge entity $(bone_leg_right_1) { transformation: [-0.8401882350491721f,0.44355571794321375f,-0.3119968826203832f,-0.059903176487521734f,-0.3051551958783906f,0.0888959222687869f,0.948144409587697f,0.24863327292114545f,0.44829012493404097f,0.891827247892697f,0.060664023957861024f,0.15207391863256853f,0f,0f,0f,1f], start_interpolation: 0, interpolation_duration: 1 }
$data merge entity $(bone_leg_right_0) { transformation: [-0.866619873701099f,-0.43122088897262495f,-0.25103493665215193f,-0.10801193191321026f,-0.2574327466090716f,0.8173846076283766f,-0.515374411651873f,0.6414528865817657f,0.42743230514269775f,-0.3820090942973269f,-0.8193721232715547f,0.019086786400290434f,0f,0f,0f,1f], start_interpolation: 0, interpolation_duration: 1 }
$data merge entity $(bone_tail_4) { transformation: [-1.6805051774496353f,-0.4336138717895655f,2.1479158946189285f,0.10363491412711454f,1.6401762294863813f,1.546054800825045f,1.5953676130201684f,1.6672156592033156f,-1.453060775188983f,2.2466319001201542f,-0.683316047352687f,-1.3146584058324644f,0f,0f,0f,1f], start_interpolation: 0, interpolation_duration: 1 }
$data merge entity $(bone_tail_3) { transformation: [-1.6925137983325247f,0.17228428102277646f,1.2006917568680646f,-0.10164397426541533f,0.9693328435352453f,1.4312084821966296f,1.161026117267282f,1.456343035833541f,-0.7292025829235177f,1.5026330001185684f,-1.24350439728084f,-1.1185104562427677f,0f,0f,0f,1f], start_interpolation: 0, interpolation_duration: 1 }
$data merge entity $(bone_tail_2) { transformation: [-1.7110523554220305f,0.406539039194612f,0.8519388015686457f,-0.26118602869536983f,0.8116687498859457f,1.5340549163361719f,0.8981331911950388f,1.2903472544303998f,-0.4819414409096654f,1.1402523397381477f,-1.5120618123140246f,-0.83750651072995f,0f,0f,0f,1f], start_interpolation: 0, interpolation_duration: 1 }
$data merge entity $(bone_tail_1) { transformation: [-1.4894513432673655f,0.25598883397195243f,0.06050341247170271f,-0.27591190710423374f,0.232965160449738f,1.1222339829989052f,0.9869013990359127f,1.0640363647635493f,0.12214000186535343f,0.9811813564698904f,-1.1445615822926427f,-0.6033202457140141f,0f,0f,0f,1f], start_interpolation: 0, interpolation_duration: 1 }
$data merge entity $(bone_tail_0) { transformation: [-1.209822447413472f,0.2078117250605898f,-0.35634203968356887f,-0.16676561383932295f,-0.14014843579194397f,0.8314247925047268f,0.9606908696024812f,0.8033639254289016f,0.387973940186162f,0.9483579587475617f,-0.7641525504770695f,-0.3571315430109134f,0f,0f,0f,1f], start_interpolation: 0, interpolation_duration: 1 }
$data merge entity $(bone_body_1) { transformation: [-0.9816452543770585f,0.19469157490109745f,-0.7259975070740808f,-0.011095222247027314f,-0.1420483179178652f,1.1246031596693251f,0.4936543362462498f,0.6128462037037037f,0.7381053210700724f,0.47536040956368114f,-0.8705386901704856f,-0.18676238882749716f,0f,0f,0f,1f], start_interpolation: 0, interpolation_duration: 1 }