# This file was generated by Animated Java via MC-Build. It is not recommended to edit this file directly.
$data merge entity $(bone_head_lower) { transformation: [-0.954525193391982f,-0.2962058252726013f,-0.03381958389124378f,0.5480005113495966f,-0.2148154768803729f,0.6046763856922172f,0.7669555264021863f,0.309985013547498f,-0.20672679089236984f,0.7393433422035895f,-0.6408084396031063f,0.5654694150027326f,0f,0f,0f,1f], start_interpolation: 0, interpolation_duration: 1 }
$data merge entity $(bone_head_upper) { transformation: [-0.9935648760828837f,-0.3100574185689089f,-0.012852112211465958f,0.5398438322641579f,-0.22360134037833146f,0.6853990363463883f,0.7508012680729587f,0.37706431690128456f,-0.2151818305037049f,0.7194195582199122f,-0.7208357799493916f,0.5318644728116692f,0f,0f,0f,1f], start_interpolation: 0, interpolation_duration: 1 }
$data merge entity $(bone_neck_0) { transformation: [-0.9076607261495189f,-0.34247687390686293f,-0.24261409077939214f,0.5300082799327261f,-0.3847868269661979f,0.9098684908215644f,0.15517225010733632f,0.37245350817520306f,0.1676040094956371f,0.23419846337897107f,-0.9576324846995923f,0.4660865235617568f,0f,0f,0f,1f], start_interpolation: 0, interpolation_duration: 1 }
$data merge entity $(bone_neck_1) { transformation: [-0.8713829032724962f,-0.06790975288167445f,-0.48588074807296655f,0.4885349516433207f,-0.23284168678781497f,0.9289723710515411f,0.28774134690148817f,0.40110863645482525f,0.43182934682372f,0.36386618321359215f,-0.8253028631571393f,0.3978488249750603f,0f,0f,0f,1f], start_interpolation: 0, interpolation_duration: 1 }
$data merge entity $(bone_neck_2) { transformation: [-0.7708444692987108f,0.048906419182184996f,-0.6351432644013203f,0.4333704625175876f,-0.21593937527693677f,0.9179551737652863f,0.3327588994490589f,0.4392481666114545f,0.5993070918624235f,0.39365779697640824f,-0.697039847155875f,0.3406370624338741f,0f,0f,0f,1f], start_interpolation: 0, interpolation_duration: 1 }
$data merge entity $(bone_body_0) { transformation: [-0.7666631848684519f,-0.08187670082392906f,-0.6368074801928372f,0.13246550720953018f,-0.2202485794853985f,0.9651900463282655f,0.1410628856344026f,0.5149252173039619f,0.6030904776250625f,0.24840366408535375f,-0.7580089019707781f,-0.014243335126578105f,0f,0f,0f,1f], start_interpolation: 0, interpolation_duration: 1 }
$data merge entity $(bone_leg_left_3) { transformation: [-0.662010275759368f,0.1233067099505249f,-0.739281982784771f,0.1271045979667788f,0.014689718543192965f,0.988318968776973f,0.15168990778803473f,0.0718970606801293f,0.749350790323282f,0.08956043343350822f,-0.6560886539219184f,-0.6796230156426322f,0f,0f,0f,1f], start_interpolation: 0, interpolation_duration: 1 }
$data merge entity $(bone_leg_left_2) { transformation: [-0.6877752968718548f,-0.19465735754396502f,-0.7356193673820225f,0.05792931750346658f,-0.329503833704644f,0.9699728167151409f,0.05140192514227678f,0.2990736805502511f,0.685896904853396f,0.270783026588431f,-0.7129405220106617f,-0.6374728552250977f,0f,0f,0f,1f], start_interpolation: 0, interpolation_duration: 1 }
$data merge entity $(bone_leg_left_1) { transformation: [-0.8226312846531526f,0.5393376403830692f,-0.1799796632287291f,0.2303791626866197f,-0.011324240626878188f,0.30094052671597277f,0.9535756713308794f,0.33048126889863333f,0.5684624271525148f,0.7864793125352605f,-0.24145550287772644f,-0.42232639359904467f,0f,0f,0f,1f], start_interpolation: 0, interpolation_duration: 1 }
$data merge entity $(bone_leg_left_0) { transformation: [-0.8273315914086311f,0.04801349533974461f,-0.5596580582128002f,0.1985919873237045f,-0.0685021138795405f,0.9802793239413382f,0.18536425612061028f,0.6923158554760476f,0.5575212087905681f,0.19169546504383744f,-0.8077270271758464f,-0.21648036861130765f,0f,0f,0f,1f], start_interpolation: 0, interpolation_duration: 1 }
$data merge entity $(bone_leg_right_3) { transformation: [-0.9226776765943755f,0.009366263782838974f,-0.3854584001123274f,-0.17365795717160384f,0.000010011205593356016f,0.9997054909514966f,0.02426790599131213f,0.04395249411360044f,0.38557217873464433f,0.022387596212583495f,-0.9224060334373587f,-0.06486405759859795f,0f,0f,0f,1f], start_interpolation: 0, interpolation_duration: 1 }
$data merge entity $(bone_leg_right_2) { transformation: [-0.9298873619551984f,-0.010252492436780792f,-0.4327430877270368f,-0.18797889093602504f,-0.003266559857123621f,1.0255500970965326f,-0.017277946425637077f,0.2824778344509265f,0.43285219551643245f,-0.014285805711303336f,-0.9297833576121254f,-0.09760004603782918f,0f,0f,0f,1f], start_interpolation: 0, interpolation_duration: 1 }
$data merge entity $(bone_leg_right_1) { transformation: [-0.8263722013138197f,0.47066800752038546f,-0.30916114178942644f,-0.060174072933532434f,-0.30732914957895857f,0.08308808337501072f,0.9479689679626339f,0.24865289892961973f,0.47186627206744236f,0.878389433621476f,0.07598831612370927f,0.14639828980095232f,0f,0f,0f,1f], start_interpolation: 0, interpolation_duration: 1 }
$data merge entity $(bone_leg_right_0) { transformation: [-0.8531256485536297f,-0.4376193079127522f,-0.2840175507286693f,-0.10967911411947669f,-0.2590135549974416f,0.8278573661399559f,-0.4975581972547555f,0.6443179162266353f,0.45286709541270015f,-0.35091526423023933f,-0.8196156850760516f,0.022681987120248853f,0f,0f,0f,1f], start_interpolation: 0, interpolation_duration: 1 }
$data merge entity $(bone_tail_4) { transformation: [-1.163135360267822f,-0.13155092278591102f,2.5010941245800433f,0.18071174831675188f,1.8011053723525698f,1.8722796415505625f,0.9360821081069794f,1.5554604530511438f,-1.7403439036516177f,2.0255677303288255f,-0.7028085076841161f,-1.343900610805782f,0f,0f,0f,1f], start_interpolation: 0, interpolation_duration: 1 }
$data merge entity $(bone_tail_3) { transformation: [-1.4843906287173287f,0.3706949630647157f,1.4124854802011468f,-0.06242113318965789f,1.1674125067671732f,1.5112269281993274f,0.8302329411516106f,1.3998950848636507f,-0.8773129581079955f,1.3837355028646616f,-1.2851239464316755f,-1.1395320183414668f,0f,0f,0f,1f], start_interpolation: 0, interpolation_duration: 1 }
$data merge entity $(bone_tail_2) { transformation: [-1.58781931471222f,0.5824584149565437f,0.9789514255957248f,-0.2454415724343489f,0.9968462707049096f,1.5232122319368053f,0.7105602606834883f,1.2689030501015799f,-0.5512723568358076f,1.0767267835097183f,-1.5347742821875427f,-0.8543722567748786f,0f,0f,0f,1f], start_interpolation: 0, interpolation_duration: 1 }
$data merge entity $(bone_tail_1) { transformation: [-1.4625146540329543f,0.3610273770946916f,0.1355225801370198f,-0.27762046096885507f,0.365881384705589f,1.1312143554065666f,0.9349551563834639f,1.0535336520867618f,0.12181112044796413f,0.93684020254803f,-1.1811641443190604f,-0.6117671897827673f,0f,0f,0f,1f], start_interpolation: 0, interpolation_duration: 1 }
$data merge entity $(bone_tail_0) { transformation: [-1.2120450555535849f,0.23989915090376795f,-0.3274612912815586f,-0.17613946689372836f,-0.08226774624875903f,0.8645550632426423f,0.9378764722140589f,0.8003276023742438f,0.3975103996366441f,0.9104002727378708f,-0.8043584662099066f,-0.3547453706092052f,0f,0f,0f,1f], start_interpolation: 0, interpolation_duration: 1 }
$data merge entity $(bone_body_1) { transformation: [-0.969547441891982f,0.17941627413373049f,-0.7459169883793595f,-0.014809175017674665f,-0.150958941650688f,1.1339671365896238f,0.46897177540517676f,0.6149175f,0.7521926288608973f,0.45883867400966705f,-0.8673395617499716f,-0.18400711283494128f,0f,0f,0f,1f], start_interpolation: 0, interpolation_duration: 1 }