# This file was generated by Animated Java via MC-Build. It is not recommended to edit this file directly.
$data merge entity $(bone_head_lower) { transformation: [-0.5334070202784724f,0.42674852214890413f,-0.7303168145136518f,0.940772769019966f,-0.32779612314737555f,0.691644723929578f,0.6435660630501959f,0.2916308582127083f,0.7797606378672832f,0.5826776765108683f,-0.22904164016332043f,0.20250252279807124f,0f,0f,0f,1f], start_interpolation: 0, interpolation_duration: 1 }
$data merge entity $(bone_head_upper) { transformation: [-0.5552231451549369f,0.7531022670828366f,-0.4561098299559648f,0.9260681141695206f,-0.34120284800238526f,0.31304642198093097f,0.932230924601574f,0.3628198577048352f,0.8116525230557894f,0.6467695536921447f,0.07988284432556711f,0.22278443515455515f,0f,0f,0f,1f], start_interpolation: 0, interpolation_duration: 1 }
$data merge entity $(bone_neck_0) { transformation: [-0.4369440829668712f,0.05038351587423623f,-0.8980764832064088f,0.8673201734970657f,-0.5750777566171293f,0.7520705215566332f,0.3219868078815399f,0.3716184357307352f,0.6916396765689851f,0.6571540397301718f,-0.2996383250885404f,0.19251893093333403f,0f,0f,0f,1f], start_interpolation: 0, interpolation_duration: 1 }
$data merge entity $(bone_neck_1) { transformation: [-0.3928423182574434f,0.3004788140750107f,-0.8691302521936474f,0.7950777021382955f,-0.378894257155148f,0.8082760557567505f,0.4506983021769209f,0.41352212409470085f,0.8379224635256931f,0.5063618271378536f,-0.20367534248565344f,0.17759770182832477f,0f,0f,0f,1f], start_interpolation: 0, interpolation_duration: 1 }
$data merge entity $(bone_neck_2) { transformation: [-0.35030349397200206f,0.3646079865367261f,-0.8627563261226442f,0.7230635173656921f,-0.27075922492296356f,0.8423762010167597f,0.46593108726472415f,0.46258857131532494f,0.8966475919948281f,0.3968165219773573f,-0.19636635061962615f,0.16427961852690043f,0f,0f,0f,1f], start_interpolation: 0, interpolation_duration: 1 }
$data merge entity $(bone_body_0) { transformation: [-0.43524653005861247f,-0.013285547579299728f,-0.9002132815602399f,0.2986698121185295f,-0.2172558886824007f,0.9718918195029587f,0.09069823601398691f,0.5145927942758719f,0.8737049484263884f,0.23505272899659502f,-0.42589890547698706f,-0.03420576744390422f,0f,0f,0f,1f], start_interpolation: 0, interpolation_duration: 1 }
$data merge entity $(bone_leg_left_3) { transformation: [-0.5805905888450823f,-0.0015585632861590815f,-0.8141941654329168f,0.15180457903883524f,0.007007543006587206f,0.9999515641419986f,-0.006911129501116997f,0.0646188981980361f,0.8141655006726407f,-0.009718037376621774f,-0.5805515457425081f,-0.7080785964438315f,0f,0f,0f,1f], start_interpolation: 0, interpolation_duration: 1 }
$data merge entity $(bone_leg_left_2) { transformation: [-0.6685347687428282f,0.04970278201872287f,-0.7763073463147617f,0.13836170085443344f,-0.3048141816519285f,0.9250113492145572f,0.3217211805101183f,0.2897074440515688f,0.7156897212804814f,0.44039282099570864f,-0.5881365365028802f,-0.6224894171179549f,0f,0f,0f,1f], start_interpolation: 0, interpolation_duration: 1 }
$data merge entity $(bone_leg_left_1) { transformation: [-0.736810614888483f,0.6756802473240796f,0.023797503308683382f,0.3353348226119403f,0.051315043994896156f,0.020791594505977753f,0.9984660614451055f,0.24137900371713578f,0.6741490073028794f,0.736901562607904f,-0.04999202915037897f,-0.43307099979875846f,0f,0f,0f,1f], start_interpolation: 0, interpolation_duration: 1 }
$data merge entity $(bone_leg_left_0) { transformation: [-0.7393537309942192f,0.011937838158384655f,-0.6732113698423641f,0.3088568017614575f,-0.00702782735751088f,0.9996515251866226f,0.025444799757363284f,0.6309861504313378f,0.6732805285373705f,0.02354392091737288f,-0.7390121877751922f,-0.28538056610208073f,0f,0f,0f,1f], start_interpolation: 0, interpolation_duration: 1 }
$data merge entity $(bone_leg_right_3) { transformation: [-0.8322367281344945f,0.29643013116546135f,-0.4685202297459731f,-0.10098342423798168f,0.2596402091816631f,0.9550510249343073f,0.1430541909488548f,0.07076289192379615f,0.48986629820808647f,-0.0025917386358829675f,-0.8717937214563716f,0.08515876007854747f,0f,0f,0f,1f], start_interpolation: 0, interpolation_duration: 1 }
$data merge entity $(bone_leg_right_2) { transformation: [-0.8304163487433276f,0.17866219698600963f,-0.5749353934214063f,-0.0758173145036784f,0.24901587928200902f,0.9937129185425947f,-0.05087167077716872f,0.30043745011464573f,0.5481441225680548f,-0.18076685091682337f,-0.8478936053564781f,0.015968180469075666f,0f,0f,0f,1f], start_interpolation: 0, interpolation_duration: 1 }
$data merge entity $(bone_leg_right_1) { transformation: [-0.7830030439276437f,0.6143217143597168f,-0.09754519191730138f,0.08065413392238538f,-0.05368724555318542f,0.08948942100611801f,0.9945397544557488f,0.27093305515562766f,0.6196966297027576f,0.7839645877168994f,-0.03708924831962873f,0.24325558039550702f,0f,0f,0f,1f], start_interpolation: 0, interpolation_duration: 1 }
$data merge entity $(bone_leg_right_0) { transformation: [-0.8079859238207956f,-0.4260537794708379f,-0.40698516423337905f,0.04045177766364057f,-0.01795415032574746f,0.7082225838188568f,-0.7057608803660222f,0.6085452355146517f,0.5889281750719151f,-0.5629377841001233f,-0.5798833122611021f,0.0009560451319743646f,0f,0f,0f,1f], start_interpolation: 0, interpolation_duration: 1 }
$data merge entity $(bone_tail_4) { transformation: [-0.3201400685655293f,1.3408621280745618f,2.3927516422717625f,-0.21394262633787478f,1.791246865711245f,1.9265474330550452f,-0.8399470137268511f,0.7134312519045156f,-2.0771630494928655f,1.4547044625230146f,-1.0931102067665133f,-1.638098422754693f,0f,0f,0f,1f], start_interpolation: 0, interpolation_duration: 1 }
$data merge entity $(bone_tail_3) { transformation: [-1.3106126640893654f,1.1688791222965451f,1.1189108848484226f,-0.41510696388914553f,1.2416115388600641f,1.64981794701937f,-0.2691599047160958f,0.7429260613508258f,-1.0376130094320157f,0.49776286040291684f,-1.7353780289912015f,-1.348713438783427f,0f,0f,0f,1f], start_interpolation: 0, interpolation_duration: 1 }
$data merge entity $(bone_tail_2) { transformation: [-1.5465127199176787f,1.193132884016013f,0.059213201359427155f,-0.4269742203714737f,1.1898644455359293f,1.5471043747770052f,-0.09728581498914678f,0.7622592591401091f,-0.10627738887023762f,-0.040937142404653445f,-1.9508467756308907f,-0.9861436115005107f,0f,0f,0f,1f], start_interpolation: 0, interpolation_duration: 1 }
$data merge entity $(bone_tail_1) { transformation: [-1.12570530539911f,0.810729394955534f,-0.6026289601001029f,-0.3061300538097557f,0.7827473036607416f,1.2704223948419837f,0.24696122630040104f,0.6928385424563086f,0.6385534229867819f,-0.12806653286082664f,-1.365102464708372f,-0.6914333665107251f,0f,0f,0f,1f], start_interpolation: 0, interpolation_duration: 1 }
$data merge entity $(bone_tail_0) { transformation: [-1.0380146436159974f,0.19971969665114414f,-0.7186608094173197f,-0.09130107001715411f,0.0205464740999112f,1.2387320419000023f,0.314573500721755f,0.6308056649555288f,0.7456132768566044f,0.2439071293009971f,-1.0091609734008402f,-0.39064716148730205f,0f,0f,0f,1f], start_interpolation: 0, interpolation_duration: 1 }
$data merge entity $(bone_body_1) { transformation: [-0.8441641246510375f,-0.0044131744733091356f,-0.903311712311684f,0.11900350833260427f,-0.07057921274271262f,1.2328953872768385f,0.059934412622162495f,0.5338275000000001f,0.9005609920693973f,0.09248828563019672f,-0.8420453738608273f,-0.2011131496213051f,0f,0f,0f,1f], start_interpolation: 0, interpolation_duration: 1 }