# This file was generated by Animated Java via MC-Build. It is not recommended to edit this file directly.
$data merge entity $(bone_head_lower) { transformation: [0.5390608963600406f,0.6405284777130641f,-0.5469338344389517f,1.0294688721497136f,-0.14688320118023696f,0.7108995938490701f,0.6877841904814865f,0.5443978915744798f,0.829360401289184f,-0.29042216978704f,0.47730104553586755f,-0.5092929082242352f,0f,0f,0f,1f], start_interpolation: 0, interpolation_duration: 1 }
$data merge entity $(bone_head_upper) { transformation: [0.5611082624124595f,0.8698909316654052f,-0.10917521441367273f,1.0416499754748685f,-0.15289066290717485f,0.22472467580408378f,1.0047861503146138f,0.6186638732026067f,0.8632808961350779f,-0.5256049178561313f,0.24891264989384257f,-0.5036678583231693f,0f,0f,0f,1f], start_interpolation: 0, interpolation_duration: 1 }
$data merge entity $(bone_neck_0) { transformation: [0.46314901539183073f,0.5309480330363557f,-0.7096387642712333f,0.9869954652750669f,-0.4235870541000778f,0.8359328733894452f,0.3489845824469669f,0.6277979843073275f,0.7785030488960182f,0.13896192788562953f,0.6120642004380861f,-0.4665978059433399f,0f,0f,0f,1f], start_interpolation: 0, interpolation_duration: 1 }
$data merge entity $(bone_neck_1) { transformation: [0.5244797594919801f,0.39827861294247313f,-0.7525258323511922f,0.9250814701583707f,-0.1760867181156114f,0.9154764743944735f,0.3617959266403346f,0.662664333548277f,0.8330152757221853f,-0.05724483647356041f,0.5502804549596573f,-0.4202455487833147f,0f,0f,0f,1f], start_interpolation: 0, interpolation_duration: 1 }
$data merge entity $(bone_neck_2) { transformation: [0.5112521132244843f,0.14537510497932557f,-0.8470462535043463f,0.8522971786416769f,-0.03035646208250001f,0.9880294335121969f,0.1512492106538133f,0.6855883244431114f,0.858894499885366f,-0.05161315109366879f,0.509545209673145f,-0.3761108918343011f,0f,0f,0f,1f], start_interpolation: 0, interpolation_duration: 1 }
$data merge entity $(bone_body_0) { transformation: [0.4445813902218287f,-0.2834475115325051f,-0.8497087122505315f,0.4491324571089358f,-0.002425189710200143f,0.9482281409800327f,-0.3175807158950632f,0.5449467822974637f,0.8957351762230261f,0.14325118100588827f,0.42087717117601264f,-0.1763884127853809f,0f,0f,0f,1f], start_interpolation: 0, interpolation_duration: 1 }
$data merge entity $(bone_leg_left_3) { transformation: [0.23339727224968537f,-0.10973890210122478f,-0.9661692846867074f,-0.026667431106450368f,-0.004717677460083013f,0.9934718868290823f,-0.11397961922925542f,0.02608629393535586f,0.9723700205301422f,0.031160607277156964f,0.23135591569771874f,-0.5744498878758677f,0f,0f,0f,1f], start_interpolation: 0, interpolation_duration: 1 }
$data merge entity $(bone_leg_left_2) { transformation: [0.023808893185539352f,0.3252953957496849f,-0.9724598920315581f,0.019142023494671256f,-0.3339978393670547f,0.9221370541308148f,0.30028469191381757f,0.2497970873707919f,0.9695054303118231f,0.30969074639661603f,0.1273305214506252f,-0.4968222714262365f,0f,0f,0f,1f], start_interpolation: 0, interpolation_duration: 1 }
$data merge entity $(bone_leg_left_1) { transformation: [-0.06360016677554718f,0.9970011496814009f,-0.04408771166762629f,0.29360096354655174f,0.019237046783958312f,0.04539370642909543f,0.9987839343159567f,0.20877426660802978f,0.9977900354368923f,0.0626747074232842f,-0.022066405059532033f,-0.49849680480309644f,0f,0f,0f,1f], start_interpolation: 0, interpolation_duration: 1 }
$data merge entity $(bone_leg_left_0) { transformation: [-0.048584209754024506f,-0.27296851811983364f,-0.9607953802335016f,0.2589902414237194f,-0.03720336873973984f,0.9617583847687867f,-0.27136086431419926f,0.6041564910240195f,0.9981259859942493f,0.022560971663391074f,-0.05688161953225106f,-0.36895039190620016f,0f,0f,0f,1f], start_interpolation: 0, interpolation_duration: 1 }
$data merge entity $(bone_leg_right_3) { transformation: [-0.2730187164158043f,0.2604103409753783f,-0.9260924547796259f,0.19671940767026505f,0.3020830776543796f,0.9371795175587802f,0.17447167696548943f,0.09279860972365611f,0.9133491088743259f,-0.23212282563629819f,-0.3345331061899496f,0.24028239507899035f,0f,0f,0f,1f], start_interpolation: 0, interpolation_duration: 1 }
$data merge entity $(bone_leg_right_2) { transformation: [-0.2319738728211221f,0.07242828780752619f,-0.9964960937978301f,0.18316602288968742f,0.3494985477764875f,0.9642540350940346f,-0.011274768631446327f,0.3166741799611332f,0.9360027173738285f,-0.34209720611375444f,-0.24275628547715772f,0.15158568218696877f,0f,0f,0f,1f], start_interpolation: 0, interpolation_duration: 1 }
$data merge entity $(bone_leg_right_1) { transformation: [-0.15524124669725098f,0.985021091949202f,-0.0750573363441901f,0.45165450486409175f,0.04696776000436858f,0.08325201287141198f,0.9954210826946706f,0.28743314113116536f,0.9867594361565821f,0.15100513490626688f,-0.05918838051412483f,0.2154001190722839f,0f,0f,0f,1f], start_interpolation: 0, interpolation_duration: 1 }
$data merge entity $(bone_leg_right_0) { transformation: [-0.19655097330145674f,-0.6705610425232559f,-0.7153429968514226f,0.2694579244380009f,0.10674081036379623f,0.7106045068824883f,-0.6954477940156081f,0.6106420077232301f,0.9746661553050514f,-0.2130472319661062f,-0.0680937783828304f,0.023964194539387085f,0f,0f,0f,1f], start_interpolation: 0, interpolation_duration: 1 }
$data merge entity $(bone_tail_4) { transformation: [0.43331886949809173f,-0.4832704222718576f,-2.684091240605296f,-1.3764486624291257f,2.705771509566152f,0.4165996319995641f,0.3618101936622757f,0.09891196183129651f,0.34160888009096235f,-2.686737013028073f,0.5388960265839691f,0.22276731144774595f,0f,0f,0f,1f], start_interpolation: 0, interpolation_duration: 1 }
$data merge entity $(bone_tail_3) { transformation: [-0.06602431344373096f,-0.9201518126287884f,-1.866790550060366f,-1.0509055628903443f,1.9790006870173882f,0.5504584163062824f,-0.34131706483375396f,0.15140005520417904f,0.644315603461094f,-1.7850102799922418f,0.8570538078224913f,0.09491038425360337f,0f,0f,0f,1f], start_interpolation: 0, interpolation_duration: 1 }
$data merge entity $(bone_tail_2) { transformation: [-0.09260156652921428f,-0.8626772724314664f,-1.7509959304662355f,-0.7256729941416968f,1.394391508489611f,1.1974704012575341f,-0.6637099021161005f,0.27609829374364336f,1.365968940324479f,-1.2808694065926873f,0.5588168683267312f,-0.008267178711664547f,0f,0f,0f,1f], start_interpolation: 0, interpolation_duration: 1 }
$data merge entity $(bone_tail_1) { transformation: [-0.11334329350357399f,-0.6512262075557523f,-1.360409487768413f,-0.42485919786553566f,1.0034884643240765f,0.9859106756532956f,-0.5555603401984066f,0.38263823636513455f,1.1259753326721995f,-0.9442143910285499f,0.3581828918141062f,-0.0748778204662803f,0f,0f,0f,1f], start_interpolation: 0, interpolation_duration: 1 }
$data merge entity $(bone_tail_0) { transformation: [0.2409300237850468f,-0.43624526134916514f,-1.1770635123787345f,-0.09142125730622613f,0.1864634519270745f,1.1976879483112177f,-0.4057224126783394f,0.5301020989025355f,1.2413781943140474f,-0.09523322426806645f,0.28938992425641197f,-0.16174242972631317f,0f,0f,0f,1f], start_interpolation: 0, interpolation_duration: 1 }
$data merge entity $(bone_body_1) { transformation: [0.032922045697829964f,-0.24092393134763512f,-1.2122196142891437f,0.20663075901558303f,0.020397682739737147f,1.21259036070236f,-0.24044364563618523f,0.5043253125f,1.235760765076384f,-0.013596745638953762f,0.03626368792760285f,-0.1692573918881148f,0f,0f,0f,1f], start_interpolation: 0, interpolation_duration: 1 }