# This file was generated by Animated Java via MC-Build. It is not recommended to edit this file directly.
$data merge entity $(bone_head_lower) { transformation: [0.22536692412447834f,0.32387660786527334f,-0.9188654375850445f,0.7286655253775206f,-0.6354584271383088f,0.7637694576460061f,0.11335256038587097f,1.0087211808447754f,0.738513599664609f,0.5583548678437482f,0.37793849323085876f,-0.6242362258749501f,0f,0f,0f,1f], start_interpolation: 0, interpolation_duration: 1 }
$data merge entity $(bone_head_upper) { transformation: [0.23458433741828447f,-0.10096439175013892f,-1.0090829117669449f,0.6569077008523146f,-0.661448412033921f,0.7698637850964665f,-0.23079794886058558f,1.0098923335830108f,0.7687184981768918f,0.6932444637925164f,0.1093431596634996f,-0.6008931431207305f,0f,0f,0f,1f], start_interpolation: 0, interpolation_duration: 1 }
$data merge entity $(bone_neck_0) { transformation: [0.5984888453632132f,-0.31900514599217744f,-0.7348787783072234f,0.614373726095204f,-0.46254805507027763f,0.6113663255441955f,-0.6420907355983986f,0.958599381763941f,0.6541103872638864f,0.7242008925851297f,0.21834071643280406f,-0.598741320789557f,0f,0f,0f,1f], start_interpolation: 0, interpolation_duration: 1 }
$data merge entity $(bone_neck_1) { transformation: [0.6922163568140928f,-0.3107420777422359f,-0.6513646263648822f,0.5577630431719787f,-0.1686345684648065f,0.8079244706711999f,-0.564641861722411f,0.914488812197441f,0.7017114062616577f,0.5006969251064959f,0.5068566774850529f,-0.5534972595658311f,0f,0f,0f,1f], start_interpolation: 0, interpolation_duration: 1 }
$data merge entity $(bone_neck_2) { transformation: [0.7726396774778878f,-0.3686546426727024f,-0.5168381596038818f,0.5088747847435641f,0.005468312804916192f,0.8179518209959739f,-0.5752607374786134f,0.8720999166862221f,0.6348212554270166f,0.4416430379449363f,0.633997950069899f,-0.4936303227867027f,0f,0f,0f,1f], start_interpolation: 0, interpolation_duration: 1 }
$data merge entity $(bone_body_0) { transformation: [0.8611379337340705f,-0.4131650133887723f,-0.29620285413154107f,0.365339577143277f,0.1118694813451143f,0.7223771953658575f,-0.6823902159021134f,0.5573735126522197f,0.495909949716469f,0.554496040857654f,0.6682869611517167f,-0.1733869161627827f,0f,0f,0f,1f], start_interpolation: 0, interpolation_duration: 1 }
$data merge entity $(bone_leg_left_3) { transformation: [0.9346010469436697f,-0.10686343780244596f,-0.339265513591994f,-0.05895425325445885f,0.08009252813374061f,0.9925331194392222f,-0.09199561812060966f,0.05210298860804166f,0.3465632265387409f,0.05880656831757733f,0.9361814554528238f,-0.5086376041434304f,0f,0f,0f,1f], start_interpolation: 0, interpolation_duration: 1 }
$data merge entity $(bone_leg_left_2) { transformation: [0.7689371602229704f,0.24149648852623193f,-0.6344109781194113f,-0.021075000837641134f,-0.48519724726936375f,0.8659376296810997f,-0.25845280467660914f,0.24521171901998814f,0.47474358802532607f,0.4938559172800031f,0.7634049109725853f,-0.36919136883732817f,0f,0f,0f,1f], start_interpolation: 0, interpolation_duration: 1 }
$data merge entity $(bone_leg_left_1) { transformation: [0.6405534847057202f,0.7088639133772794f,-0.2953018549599847f,0.17440585244095175f,-0.25319245811739877f,0.5580065268834993f,0.7902672301872854f,0.3599343303319437f,0.7249722838728583f,-0.43144022560125683f,0.5369120219824738f,-0.5293142719930131f,0f,0f,0f,1f], start_interpolation: 0, interpolation_duration: 1 }
$data merge entity $(bone_leg_left_0) { transformation: [0.6718094665029232f,-0.5236232356643385f,-0.5239186461555521f,0.08957967025111774f,-0.28202233683543754f,0.47321821077417914f,-0.8345824863472535f,0.5808830865234417f,0.6849346262548981f,0.7084371758060789f,0.17023902517627915f,-0.1853761314546596f,0f,0f,0f,1f], start_interpolation: 0, interpolation_duration: 1 }
$data merge entity $(bone_leg_right_3) { transformation: [0.5091413878161067f,0.05032207162903111f,-0.8592105308477382f,0.2523592611426989f,0.0539409367746745f,0.9944611858771875f,0.09020712346377985f,0.03705787675308256f,0.8589909327534022f,-0.09227480095184f,0.5036069286226502f,0.4477883764448002f,0f,0f,0f,1f], start_interpolation: 0, interpolation_duration: 1 }
$data merge entity $(bone_leg_right_2) { transformation: [0.5636966627631773f,-0.04794673552904263f,-0.8555754685838415f,0.21386732572911774f,0.2797274309120802f,0.9782898311920524f,0.12947497859528037f,0.2686632097036797f,0.8099758245069287f,-0.30448697219918763f,0.5507168482768501f,0.3925759437599835f,0f,0f,0f,1f], start_interpolation: 0, interpolation_duration: 1 }
$data merge entity $(bone_leg_right_1) { transformation: [0.6133520370178022f,0.7890106162293327f,0.0355179695861408f,0.43854840282463997f,-0.03313076963966814f,-0.01922797461230552f,0.9992660492058123f,0.20978242588942614f,0.789114459878411f,-0.6140786044715433f,0.014347011573362434f,0.2407047728539132f,0f,0f,0f,1f], start_interpolation: 0, interpolation_duration: 1 }
$data merge entity $(bone_leg_right_0) { transformation: [0.6388072617221863f,-0.170191313093203f,-0.7503067368207575f,0.35852770626960195f,0.10719263164299724f,0.985402684513634f,-0.1322546372524311f,0.5949860092408719f,0.7618628630484959f,0.0040578690139998486f,0.6477256453210837f,0.10098302772987974f,0f,0f,0f,1f], start_interpolation: 0, interpolation_duration: 1 }
$data merge entity $(bone_tail_4) { transformation: [0.700568428550591f,-2.3814073959364945f,1.209861158603382f,-0.006891779398899386f,2.642208751697968f,0.8013443773271264f,0.047343774425654996f,0.053728206284866256f,-0.3919159616152709f,1.145603480749409f,2.4818654023790283f,1.4411281833454304f,0f,0f,0f,1f], start_interpolation: 0, interpolation_duration: 1 }
$data merge entity $(bone_tail_3) { transformation: [0.6881205371835292f,-1.816455984389305f,0.7502821530111036f,-0.11633645868596319f,1.9544327659728087f,0.7159959816943919f,-0.05905796757259474f,0.05673567236603455f,-0.20646601570857329f,0.7237284967570432f,1.9415288752381878f,1.1048343820967483f,0f,0f,0f,1f], start_interpolation: 0, interpolation_duration: 1 }
$data merge entity $(bone_tail_2) { transformation: [0.865968196338407f,-1.6617762598014154f,0.5544119590102667f,-0.21915551956558424f,1.7467554324209111f,0.7720901185421002f,-0.41412097647965096f,0.13519520803955248f,0.13311054519165616f,0.6790805447167819f,1.8275407167964044f,0.7653585715433756f,0f,0f,0f,1f], start_interpolation: 0, interpolation_duration: 1 }
$data merge entity $(bone_tail_1) { transformation: [0.6202580587931822f,-1.3767485604414982f,-0.08660018374331599f,-0.18428337445456422f,1.2577729689858013f,0.6034180598870853f,-0.584422837927086f,0.2523786789728255f,0.5665186219276084f,0.16764932545157693f,1.3923385381023092f,0.4631522767144709f,0f,0f,0f,1f], start_interpolation: 0, interpolation_duration: 1 }
$data merge entity $(bone_tail_0) { transformation: [0.9293602928474777f,-0.6234517903999631f,-0.6176026454845855f,-0.018850529307217118f,0.33097465968439993f,1.0821464415313709f,-0.5943488624636333f,0.45217535184634305f,0.8127613040181443f,0.2722180389175185f,0.9482363199976334f,0.19262469114156158f,0f,0f,0f,1f], start_interpolation: 0, interpolation_duration: 1 }
$data merge entity $(bone_body_1) { transformation: [0.8458719584899379f,-0.3493401708789201f,-0.8313041981771376f,0.19794659165126888f,0.04435528526635158f,1.154554225821148f,-0.4400474330838895f,0.4767127955590615f,0.9006319079210928f,0.271238971582379f,0.8024314187428082f,-0.012199243024316634f,0f,0f,0f,1f], start_interpolation: 0, interpolation_duration: 1 }