# This file was generated by Animated Java via MC-Build. It is not recommended to edit this file directly.
$data merge entity $(bone_head_lower) { transformation: [0.22963256346565414f,0.42100364916771377f,-0.8775105772488792f,0.7244261471183485f,-0.643717831519117f,0.7419357179042931f,0.18750665023450938f,1.0148042162436832f,0.7299974240917007f,0.5218115731615289f,0.4413801569329688f,-0.6210824833216405f,0f,0f,0f,1f], start_interpolation: 0, interpolation_duration: 1 }
$data merge entity $(bone_head_upper) { transformation: [0.23902443963116463f,-0.11016409025642371f,-1.007076527906638f,0.6526014389471397f,-0.6700456226124858f,0.7588964264405168f,-0.24204755759388794f,1.014950912633581f,0.759854014571458f,0.7038551198487475f,0.10335274251731848f,-0.5979168564558128f,0f,0f,0f,1f], start_interpolation: 0, interpolation_duration: 1 }
$data merge entity $(bone_neck_0) { transformation: [0.6015629289766622f,-0.33199515159869186f,-0.7265681398162055f,0.610814704491292f,-0.4643888953930583f,0.594719850291222f,-0.6562402406933008f,0.9630138256117787f,0.649973073532f,0.7321799771808486f,0.20358655333498193f,-0.5968472446088728f,0f,0f,0f,1f], start_interpolation: 0, interpolation_duration: 1 }
$data merge entity $(bone_neck_1) { transformation: [0.6929584890269092f,-0.3229090521547968f,-0.6446225845578435f,0.5547191092681748f,-0.1678298125780881f,0.7972878994103009f,-0.579797515917336f,0.9175703718627798f,0.701171652661135f,0.509962498121578f,0.4982936523918926f,-0.552285898663558f,0f,0f,0f,1f], start_interpolation: 0, interpolation_duration: 1 }
$data merge entity $(bone_neck_2) { transformation: [0.7736307401175054f,-0.3730041458183342f,-0.5122141985025168f,0.5061933601577129f,0.008341026814286195f,0.8142969574228434f,-0.5803885701868906f,0.8746964563488998f,0.6335818062546654f,0.4447340467450574f,0.6330763954285776f,-0.49246943407463556f,0f,0f,0f,1f], start_interpolation: 0, interpolation_duration: 1 }
$data merge entity $(bone_body_0) { transformation: [0.8622161436966106f,-0.4161705768647867f,-0.28876525500997596f,0.3661348333833594f,0.11690406425639277f,0.7181725744992857f,-0.6859749215513676f,0.5582405397155199f,0.4928658654332668f,0.5577008196059053f,0.6678720195528619f,-0.17239105834667434f,0f,0f,0f,1f], start_interpolation: 0, interpolation_duration: 1 }
$data merge entity $(bone_leg_left_3) { transformation: [0.9377976287050344f,-0.10563443940183465f,-0.33072189647417394f,-0.06097998782332002f,0.0804578652292446f,0.9927809025427782f,-0.08895286093824178f,0.053314646296356044f,0.33773086847069095f,0.05681060427953209f,0.9395266977172212f,-0.5079151938247993f,0f,0f,0f,1f], start_interpolation: 0, interpolation_duration: 1 }
$data merge entity $(bone_leg_left_2) { transformation: [0.7706654293680743f,0.2477905684804337f,-0.629870486409515f,-0.021490591777244245f,-0.488452977826802f,0.8643605195711773f,-0.2575980981285909f,0.2460771180225278f,0.4685623586351616f,0.49350068478116704f,0.7674428901823684f,-0.3684365604792271f,0f,0f,0f,1f], start_interpolation: 0, interpolation_duration: 1 }
$data merge entity $(bone_leg_left_1) { transformation: [0.644305719436196f,0.7075855455110939f,-0.2901600173793303f,0.17329553701791076f,-0.25720659181600275f,0.5577981908887384f,0.7891171949511973f,0.3608840684929379f,0.720218653624163f,-0.4338016528610944f,0.5413882312599525f,-0.529343719463679f,0f,0f,0f,1f], start_interpolation: 0, interpolation_duration: 1 }
$data merge entity $(bone_leg_left_0) { transformation: [0.6753616505568696f,-0.5200769344696118f,-0.5228829918727439f,0.09019047162144311f,-0.2857995980224245f,0.46903392776555525f,-0.8356588803902201f,0.5798383609833074f,0.6798567722155318f,0.7138117096528375f,0.1681297488107671f,-0.18371408463769426f,0f,0f,0f,1f], start_interpolation: 0, interpolation_duration: 1 }
$data merge entity $(bone_leg_right_3) { transformation: [0.510726485046656f,0.04423354200297262f,-0.8586045953952024f,0.25648461202252093f,0.051211346000640805f,0.9953371199536358f,0.0817399271054432f,0.03479069683956221f,0.8582166716585564f,-0.08571704267105677f,0.5060797694860341f,0.447404575284011f,0f,0f,0f,1f], start_interpolation: 0, interpolation_duration: 1 }
$data merge entity $(bone_leg_right_2) { transformation: [0.5637924672321831f,-0.055363152556588344f,-0.855064427240391f,0.21627956540552917f,0.27921146237340955f,0.9795613678487107f,0.12067595203004808f,0.26642129426815364f,0.8100871636263867f,-0.29909304147380683f,0.5535018874135819f,0.393535357474441f,0f,0f,0f,1f], start_interpolation: 0, interpolation_duration: 1 }
$data merge entity $(bone_leg_right_1) { transformation: [0.6145996971661147f,0.7882021456715231f,0.03169526466409675f,0.4409685961807625f,-0.03321843252687183f,-0.014283770667933432f,0.9993460409867859f,0.20887770783393111f,0.7881394216658484f,-0.6152506411652999f,0.017404038666623087f,0.24116422907624666f,0f,0f,0f,1f], start_interpolation: 0, interpolation_duration: 1 }
$data merge entity $(bone_leg_right_0) { transformation: [0.6398484986398549f,-0.17304641116132424f,-0.7487648752262018f,0.3595803076896861f,0.10779261700497929f,0.9848954464084989f,-0.1355053923761749f,0.5940770011313994f,0.7609038378846184f,0.005991596447460917f,0.6488369982241066f,0.10222276836679048f,0f,0f,0f,1f], start_interpolation: 0, interpolation_duration: 1 }
$data merge entity $(bone_tail_4) { transformation: [0.7250567256210001f,-2.361193872218717f,1.2347945472946247f,0.005572991987530931f,2.6371314750753325f,0.819074874062171f,0.017755715897637924f,0.04368776292282468f,-0.38143368938617944f,1.1745387094842055f,2.4699450382800876f,1.4417843099202199f,0f,0f,0f,1f], start_interpolation: 0, interpolation_duration: 1 }
$data merge entity $(bone_tail_3) { transformation: [0.719441054629957f,-1.7996025905105564f,0.7614332611497053f,-0.10592742685046258f,1.9433829717964803f,0.7436584454902844f,-0.07861467691785269f,0.04974062528277347f,-0.20399196035348985f,0.7377995383050293f,1.9364877090837604f,1.106207607971218f,0f,0f,0f,1f], start_interpolation: 0, interpolation_duration: 1 }
$data merge entity $(bone_tail_2) { transformation: [0.9057932037523896f,-1.6389723746244271f,0.5586430902255274f,-0.209498171128747f,1.7272887120124443f,0.8109674368512296f,-0.4214017047000584f,0.1295484888315327f,0.12159873516262584f,0.6891119260234084f,1.8245855354085032f,0.7672750338291543f,0f,0f,0f,1f], start_interpolation: 0, interpolation_duration: 1 }
$data merge entity $(bone_tail_1) { transformation: [0.6237282552177463f,-1.3762209241627674f,-0.06808290196227543f,-0.17862050359581802f,1.2623637491250879f,0.6006854915979457f,-0.577296245508826f,0.2452274135100501f,0.5523197249219679f,0.1812433669967352f,1.3963344919401686f,0.46405624643006194f,0f,0f,0f,1f], start_interpolation: 0, interpolation_duration: 1 }
$data merge entity $(bone_tail_0) { transformation: [0.9344814837930077f,-0.6269154866151017f,-0.6062648313024573f,-0.016584416427512017f,0.3298256750156622f,1.0766281626318481f,-0.6049153164802997f,0.44797868393468143f,0.8073382792439049f,0.2858049836062151f,0.9488709768969485f,0.19367107653873f,0f,0f,0f,1f], start_interpolation: 0, interpolation_duration: 1 }
$data merge entity $(bone_body_1) { transformation: [0.8472614695601163f,-0.3571103906828009f,-0.8265741141128602f,0.19963640568906552f,0.04478213191886713f,1.1502798832500587f,-0.4510602464275502f,0.47536435978986946f,0.8993037072735125f,0.2791647436780986f,0.8012018990413765f,-0.011400868515236699f,0f,0f,0f,1f], start_interpolation: 0, interpolation_duration: 1 }