# This file was generated by Animated Java via MC-Build. It is not recommended to edit this file directly.
$data merge entity $(bone_head_lower) { transformation: [-0.957502070436362f,0.05742145386509469f,0.28265272287048393f,0.3235449837302079f,0.11458844193706128f,0.9750565171350938f,0.19009018219470725f,0.20357801565984984f,-0.26468712489374424f,0.21440047814405389f,-0.9401984688814827f,0.6542665024319966f,0f,0f,0f,1f], start_interpolation: 0, interpolation_duration: 1 }
$data merge entity $(bone_head_upper) { transformation: [-0.9966635061580134f,-0.15027717354685785f,0.25990492336062093f,0.337778317355574f,0.11927506146710296f,0.628746367927088f,0.8209283812331136f,0.27432601539039303f,-0.27551271801559635f,0.8158227249303424f,-0.5848059218940902f,0.6321850794743847f,0f,0f,0f,1f], start_interpolation: 0, interpolation_duration: 1 }
$data merge entity $(bone_neck_0) { transformation: [-0.9988382036691482f,-0.011191004058841734f,-0.04687221265466282f,0.335251872773493f,-0.019370051447219656f,0.9838634637670489f,0.17786929406515478f,0.2698636876365124f,0.04412532150501586f,0.17857056334250432f,-0.9829371851291514f,0.5657137250193451f,0f,0f,0f,1f], start_interpolation: 0, interpolation_duration: 1 }
$data merge entity $(bone_neck_1) { transformation: [-0.960486520536762f,0.19254792008043262f,-0.20097497938769238f,0.31911369842207155f,0.1226215759061598f,0.9409723894062147f,0.3154915395021687f,0.3009249040352478f,0.24985914629941797f,0.2783815023449974f,-0.9274018256196547f,0.4884330870240148f,0f,0f,0f,1f], start_interpolation: 0, interpolation_duration: 1 }
$data merge entity $(bone_neck_2) { transformation: [-0.9071624402526914f,0.28017398878804833f,-0.313940827229235f,0.2943532058595643f,0.13149142164707442f,0.8974822271047188f,0.42099365561061f,0.3465940176489015f,0.3997077845476782f,0.3406291062691913f,-0.8510026433180093f,0.41721384479309903f,0f,0f,0f,1f], start_interpolation: 0, interpolation_duration: 1 }
$data merge entity $(bone_body_0) { transformation: [-0.9067149800475657f,0.20644359851418304f,-0.3677621318051346f,0.12299492557814437f,0.13007338130196505f,0.9663812835495651f,0.2217839721029643f,0.46032596171354717f,0.4011843222684756f,0.1532587858414962f,-0.9030852031388702f,-0.0069468433681161845f,0f,0f,0f,1f], start_interpolation: 0, interpolation_duration: 1 }
$data merge entity $(bone_leg_left_3) { transformation: [-0.9229819376939247f,0.3452423958494142f,-0.1700353810209066f,0.2768913793888554f,-0.00942521085497008f,0.4214189547449193f,0.9068170873897553f,0.2502612863194187f,0.3847278363871112f,0.8385784117718845f,-0.3857081010544583f,-0.6627562849239298f,0f,0f,0f,1f], start_interpolation: 0, interpolation_duration: 1 }
$data merge entity $(bone_leg_left_2) { transformation: [-0.9950368508465304f,-0.014467493182939342f,-0.248504641001161f,0.26429544267816324f,-0.1911488194224534f,0.7003357078489706f,0.7246062549038464f,0.4356055577340241f,0.1594553034286304f,0.749254821441529f,-0.6820948748200655f,-0.5089384852446178f,0f,0f,0f,1f], start_interpolation: 0, interpolation_duration: 1 }
$data merge entity $(bone_leg_left_1) { transformation: [-0.9439658547248934f,0.16891275805009284f,0.2835435509430825f,0.3139453438384848f,0.15056713009747485f,-0.5441031241989789f,0.8253976796497071f,0.24101510592412345f,0.2936971304723825f,0.8218395648816268f,0.4881820614765224f,-0.31741086572473065f,0f,0f,0f,1f], start_interpolation: 0, interpolation_duration: 1 }
$data merge entity $(bone_leg_left_0) { transformation: [-0.9532759814072619f,0.1275614921921126f,-0.27384844162737787f,0.2754803455872154f,0.0932601414341421f,0.9864655017512194f,0.13486422755645316f,0.6281986122487848f,0.28734552248417866f,0.10302368448292137f,-0.9522702721096874f,-0.16602838687026134f,0f,0f,0f,1f], start_interpolation: 0, interpolation_duration: 1 }
$data merge entity $(bone_leg_right_3) { transformation: [-0.9954620891274992f,0.08743483955354833f,0.037554998897081526f,-0.15446151322825347f,0.08626788464679602f,0.9957692025526254f,-0.03164723252158802f,0.027263133833483943f,-0.04016318200145042f,-0.02826382988827975f,-0.9987933093145772f,-0.05777219690114737f,0f,0f,0f,1f], start_interpolation: 0, interpolation_duration: 1 }
$data merge entity $(bone_leg_right_2) { transformation: [-1.0211168022319335f,0.08887431598625188f,0.03852313147059329f,-0.1309703634651625f,0.08772593955553783f,1.0214647701546413f,-0.031242316858997577f,0.26426346500991366f,-0.041071099686067356f,-0.027807890815301512f,-1.02450089579252f,-0.09585212561807477f,0f,0f,0f,1f], start_interpolation: 0, interpolation_duration: 1 }
$data merge entity $(bone_leg_right_1) { transformation: [-0.9633357490846457f,0.0354535075888132f,-0.2659460158287285f,-0.12641940752126163f,-0.2507124667598321f,0.23401217353849035f,0.9393516709129714f,0.27302447415262654f,0.09553791680125996f,0.971587027206231f,-0.21654365614774784f,0.18148506838691914f,0f,0f,0f,1f], start_interpolation: 0, interpolation_duration: 1 }
$data merge entity $(bone_leg_right_0) { transformation: [-0.9761595437249952f,-0.18959043052680252f,0.10567882402482756f,-0.09595812795700887f,-0.20971459502440762f,0.6982733082217759f,-0.6844225125306482f,0.6272902346117959f,0.05596725675211829f,-0.690267959330055f,-0.7213860343075433f,-0.037318862057778235f,0f,0f,0f,1f], start_interpolation: 0, interpolation_duration: 1 }
$data merge entity $(bone_tail_4) { transformation: [1.1685715223625703f,0.15262694358432524f,-2.497359995037826f,-1.1921294976442374f,-1.773811580266467f,1.9944488954292554f,-0.7081153951395208f,0.9819470609021764f,1.7645663508170504f,1.903822457902293f,0.9420334250710374f,-1.0515894908705872f,0f,0f,0f,1f], start_interpolation: 0, interpolation_duration: 1 }
$data merge entity $(bone_tail_3) { transformation: [-0.04191430168911058f,-0.42241320119698406f,-2.038567095980133f,-0.8423302068393206f,-1.6165719195482542f,1.2914018158043041f,-0.2343546566848247f,1.009047569703463f,1.3118246629357262f,1.5779080973353f,-0.35393165459126047f,-1.0070168309785164f,0f,0f,0f,1f], start_interpolation: 0, interpolation_duration: 1 }
$data merge entity $(bone_tail_2) { transformation: [-0.6171274504296103f,-0.7942573915273524f,-1.6754351019759588f,-0.5315158084050382f,-1.5883696199118553f,1.137433064644573f,0.045845926723095225f,0.9996210555718337f,0.9565613077425275f,1.3762903379956561f,-1.0047831831158829f,-0.8191950150827001f,0f,0f,0f,1f], start_interpolation: 0, interpolation_duration: 1 }
$data merge entity $(bone_tail_1) { transformation: [-0.6362376649980359f,-0.673821547030944f,-1.1953335962795797f,-0.26544873894904236f,-1.2198747910371759f,0.8810579410305489f,0.15263894895804644f,0.9571702677052084f,0.6283019798073651f,1.0282789880688197f,-0.914076142816511f,-0.6356659379329763f,0f,0f,0f,1f], start_interpolation: 0, interpolation_duration: 1 }
$data merge entity $(bone_tail_0) { transformation: [-0.9108391568277092f,-0.20999811336374466f,-0.8718420380763269f,-0.015743860483164618f,-0.7703648702290027f,0.8193658524698835f,0.607464635273018f,0.7994277400789802f,0.4590704888036994f,0.9583194189694774f,-0.7104321882625841f,-0.404935185866393f,0f,0f,0f,1f], start_interpolation: 0, interpolation_duration: 1 }
$data merge entity $(bone_body_1) { transformation: [-1.168215963673267f,0.19498255900114528f,-0.35476451198020836f,0.05360046005163904f,-0.0028569502950209916f,1.0795046573167837f,0.6027156275745927f,0.5865925000000001f,0.4048059968802369f,0.5703122754886031f,-1.0195492182200228f,-0.2063188532118992f,0f,0f,0f,1f], start_interpolation: 0, interpolation_duration: 1 }