# This file was generated by Animated Java via MC-Build. It is not recommended to edit this file directly.
$data merge entity $(bone_head_lower) { transformation: [0.28995928768273854f,0.3769780047951022f,-0.87966538830809f,0.715571382466572f,-0.6001834386656693f,0.7875723939347656f,0.13967664179566766f,0.9875411129675178f,0.7454551974719685f,0.4874600580689321f,0.4546198855631616f,-0.6640053640321933f,0f,0f,0f,1f], start_interpolation: 0, interpolation_duration: 1 }
$data merge entity $(bone_head_upper) { transformation: [0.3018185017325927f,0.04124908002432998f,-0.995327106027233f,0.6479760842735666f,-0.6247306912306624f,0.8179178714497581f,-0.15554376098404885f,0.994990531196442f,0.7759440044422399f,0.642480203231003f,0.26191989807935145f,-0.6312816979471394f,0f,0f,0f,1f], start_interpolation: 0, interpolation_duration: 1 }
$data merge entity $(bone_neck_0) { transformation: [0.6434645868944054f,-0.3278312796488365f,-0.6917224714411254f,0.6083614091482591f,-0.4234185203850128f,0.6003839551620823f,-0.6784215967810143f,0.9415139785052905f,0.6377068934924403f,0.7294283778876041f,0.24751597832156275f,-0.6273228999876919f,0f,0f,0f,1f], start_interpolation: 0, interpolation_duration: 1 }
$data merge entity $(bone_neck_1) { transformation: [0.7147236006451013f,-0.3247320808337696f,-0.6194507650800603f,0.5543897989497952f,-0.13227237392657462f,0.8069383279502406f,-0.5756340451890405f,0.8964676836905114f,0.6867854059141983f,0.49335546065918856f,0.5337847840291345f,-0.5798314959173095f,0f,0f,0f,1f], start_interpolation: 0, interpolation_duration: 1 }
$data merge entity $(bone_neck_2) { transformation: [0.7882872572405355f,-0.3308218540884752f,-0.5188064195146949f,0.5056995128369766f,0.030200283687349103f,0.8629520323040301f,-0.5043825262710316f,0.8607288312614987f,0.6145658166033949f,0.38193021718608233f,0.6902450045185364f,-0.5156215211513143f,0f,0f,0f,1f], start_interpolation: 0, interpolation_duration: 1 }
$data merge entity $(bone_body_0) { transformation: [0.867841762792085f,-0.3926905749136098f,-0.3043760620153052f,0.35850734763012504f,0.12043608840924769f,0.7606216275401735f,-0.6379262405065476f,0.5673224581135193f,0.48202263781134425f,0.5169611707779959f,0.7073933308600227f,-0.17730499568885252f,0f,0f,0f,1f], start_interpolation: 0, interpolation_duration: 1 }
$data merge entity $(bone_leg_left_3) { transformation: [0.9462602304246466f,-0.05344541940073842f,-0.3189595012878181f,-0.11305794763070229f,0.04237103574304357f,0.998237018726901f,-0.04156380364319631f,0.04047378077640851f,0.3206185765777714f,0.02581552998308609f,0.9468565291346605f,-0.46148627268283554f,0f,0f,0f,1f], start_interpolation: 0, interpolation_duration: 1 }
$data merge entity $(bone_leg_left_2) { transformation: [0.7563867279102139f,0.31117689573853685f,-0.6189590106788188f,-0.05847822892689028f,-0.4942356644174534f,0.8845484980693824f,-0.15927103340448417f,0.2409718165644227f,0.485461044121784f,0.4156983204469579f,0.8022372968881837f,-0.33904173822997996f,0f,0f,0f,1f], start_interpolation: 0, interpolation_duration: 1 }
$data merge entity $(bone_leg_left_1) { transformation: [0.6517257130416815f,0.7238110766880118f,-0.22660785560975766f,0.13719752749138328f,-0.2365886243365106f,0.4778780433415246f,0.8459659558910353f,0.3306412956448864f,0.7206104480195032f,-0.4977249249895136f,0.482690875456864f,-0.5142095678430124f,0f,0f,0f,1f], start_interpolation: 0, interpolation_duration: 1 }
$data merge entity $(bone_leg_left_0) { transformation: [0.6792185104349981f,-0.459657828119748f,-0.5721685906537498f,0.08227558143746161f,-0.2708574364572016f,0.5675695460422125f,-0.7774966620643909f,0.5852865153675259f,0.682127894311833f,0.6830662423613636f,0.2610020006590598f,-0.1879479083141737f,0f,0f,0f,1f], start_interpolation: 0, interpolation_duration: 1 }
$data merge entity $(bone_leg_right_3) { transformation: [0.5165961686407184f,0.014950663133742112f,-0.8560986369674884f,0.29722934093383996f,0.055987794029304955f,0.9971179056997813f,0.05119813524547052f,0.02750179832672739f,0.8543967260385907f,-0.07437983466466407f,0.5142702351194309f,0.40165526786013583f,0f,0f,0f,1f], start_interpolation: 0, interpolation_duration: 1 }
$data merge entity $(bone_leg_right_2) { transformation: [0.5603527564355565f,-0.09509583468944226f,-0.8538288880569024f,0.24780618378846644f,0.27274701573987303f,0.9863521003776196f,0.06914332206616695f,0.2591327453628802f,0.8146631532484834f,-0.26481789177861575f,0.5641432711943501f,0.3560973050113178f,0f,0f,0f,1f], start_interpolation: 0, interpolation_duration: 1 }
$data merge entity $(bone_leg_right_1) { transformation: [0.6203209430912209f,0.784345822266201f,0.0018864400269544002f,0.473142462468619f,-0.03710304247593197f,0.026941353942098817f,0.9989482107130456f,0.2127324719908983f,0.7834700324846176f,-0.6197384888332526f,0.04581390244487962f,0.20090722220525836f,0f,0f,0f,1f], start_interpolation: 0, interpolation_duration: 1 }
$data merge entity $(bone_leg_right_0) { transformation: [0.6290814595505028f,-0.2734784055539004f,-0.7276441980429071f,0.3518538980117607f,0.10218150864717296f,0.9570401402978562f,-0.271354213435589f,0.5987062450324943f,0.7705942230126027f,0.0963521227288524f,0.6300006443689145f,0.09785088217475778f,0f,0f,0f,1f], start_interpolation: 0, interpolation_duration: 1 }
$data merge entity $(bone_tail_4) { transformation: [0.6895313378197868f,-2.4346217234193865f,1.1058141478652135f,-0.03793556307824329f,2.6694879730234016f,0.6929701750951429f,-0.13887991183759602f,0.020333772783460883f,-0.1550542732331673f,1.103662417536731f,2.5265685765617194f,1.4583187099779604f,0f,0f,0f,1f], start_interpolation: 0, interpolation_duration: 1 }
$data merge entity $(bone_tail_3) { transformation: [0.8089528590122524f,-1.8255535262196165f,0.5906734468786202f,-0.12022747741675323f,1.9179890406097249f,0.7872313063990277f,-0.19372773774220342f,0.045479161705020546f,-0.05346810302726033f,0.6193276347595419f,1.987339922818002f,1.115278692363029f,0f,0f,0f,1f], start_interpolation: 0, interpolation_duration: 1 }
$data merge entity $(bone_tail_2) { transformation: [1.0587477169890034f,-1.597211814917036f,0.3830686166508262f,-0.19103627204017865f,1.6337359598030947f,0.9770186314204281f,-0.4417185557641778f,0.1290342187385864f,0.1695109448372296f,0.5595738442328756f,1.8646493041410248f,0.7689029556012925f,0f,0f,0f,1f], start_interpolation: 0, interpolation_duration: 1 }
$data merge entity $(bone_tail_1) { transformation: [0.743367930692986f,-1.3165873537163304f,-0.04071989257670535f,-0.1668900780152028f,1.2226983423514006f,0.7070890787408768f,-0.5410083625384331f,0.23564161714999043f,0.48996850228189803f,0.23297859292134293f,1.4118456332092493f,0.46177350257392724f,0f,0f,0f,1f], start_interpolation: 0, interpolation_duration: 1 }
$data merge entity $(bone_tail_0) { transformation: [0.9856330428523538f,-0.604189765705414f,-0.545268693800107f,-0.02213006777934856f,0.30552379297344573f,1.0684328842071358f,-0.6316186352982062f,0.4459984513090915f,0.7543331050330199f,0.356709427329425f,0.968284910390317f,0.18742618062625982f,0f,0f,0f,1f], start_interpolation: 0, interpolation_duration: 1 }
$data merge entity $(bone_body_1) { transformation: [0.8478542620458138f,-0.37252700473029254f,-0.8191284246891174f,0.19339815420371753f,0.042206565930573495f,1.1406704801455902f,-0.47507268556824755f,0.4796139443959586f,0.8988694850640703f,0.29782391026805655f,0.7949460122231874f,-0.01744818565799793f,0f,0f,0f,1f], start_interpolation: 0, interpolation_duration: 1 }