# This file was generated by Animated Java via MC-Build. It is not recommended to edit this file directly.
$data merge entity $(bone_head_lower) { transformation: [0.24973523400336878f,0.22062462687139267f,-0.9428452083534927f,0.7482972992831044f,-0.5796383294198996f,0.8140355910832059f,0.036952178787234224f,0.9555321594072799f,0.7756621171390228f,0.5372809604552112f,0.33117585897485774f,-0.6587028446275164f,0f,0f,0f,1f], start_interpolation: 0, interpolation_duration: 1 }
$data merge entity $(bone_head_upper) { transformation: [0.2599493010177591f,0.09446245988485957f,-1.003481513111421f,0.6813217527300858f,-0.603345295577203f,0.8447198359863574f,-0.07677757211286687f,0.9690199808530233f,0.8073863745374601f,0.6008304128014742f,0.2657103683478946f,-0.6266433479320122f,0f,0f,0f,1f], start_interpolation: 0, interpolation_duration: 1 }
$data merge entity $(bone_neck_0) { transformation: [0.5974010584901289f,-0.338408879742516f,-0.7270429185586562f,0.6396097698284566f,-0.4259126474056974f,0.6342836459257086f,-0.6451997158175602f,0.9171421676477752f,0.6794927461678629f,0.6950997673878229f,0.2347890995822654f,-0.6229637781538349f,0f,0f,0f,1f], start_interpolation: 0, interpolation_duration: 1 }
$data merge entity $(bone_neck_1) { transformation: [0.6748734858184091f,-0.3093094811950262f,-0.6699801661110373f,0.5814287061529912f,-0.1471302008739962f,0.8332844346180314f,-0.5329068915055288f,0.8758367967640369f,0.7231171980599598f,0.4582190479084991f,0.5168528049684374f,-0.5770686040036096f,0f,0f,0f,1f], start_interpolation: 0, interpolation_duration: 1 }
$data merge entity $(bone_neck_2) { transformation: [0.7554735617963019f,-0.308769732580476f,-0.5778589357870919f,0.5277808807729778f,0.004520800185762203f,0.8844218581784072f,-0.46666641098533523f,0.8436123619188671f,0.6551635366780493f,0.3499417508935373f,0.6695532175929528f,-0.5149845720384929f,0f,0f,0f,1f], start_interpolation: 0, interpolation_duration: 1 }
$data merge entity $(bone_body_0) { transformation: [0.8434003971721833f,-0.3766059598840764f,-0.3832019324450187f,0.34359160449354154f,0.08292200574803503f,0.7959119833372397f,-0.5997066414030314f,0.56855492725679f,0.5308481054054222f,0.47401694670124883f,0.7025014044309801f,-0.17938269057192596f,0f,0f,0f,1f], start_interpolation: 0, interpolation_duration: 1 }
$data merge entity $(bone_leg_left_3) { transformation: [0.9320670240750203f,-0.032173363535919194f,-0.3608544544698328f,-0.12740757514296516f,0.02785196858022279f,0.9994645687877236f,-0.01717100999288619f,0.03746554629120549f,0.3612136908786008f,0.005954025256504597f,0.93246405780872f,-0.45253197493186226f,0f,0f,0f,1f], start_interpolation: 0, interpolation_duration: 1 }
$data merge entity $(bone_leg_left_2) { transformation: [0.7394210339151605f,0.29967233044340863f,-0.6446047071431806f,-0.07632844100605811f,-0.4827236317738536f,0.8944388930978167f,-0.1379099754974524f,0.24094703068594575f,0.5218204954115835f,0.4027874878658266f,0.7858293769565f,-0.3335476077639332f,0f,0f,0f,1f], start_interpolation: 0, interpolation_duration: 1 }
$data merge entity $(bone_leg_left_1) { transformation: [0.631704621603442f,0.7397187899967028f,-0.23187363535051952f,0.12434695376209655f,-0.21402191854712396f,0.4539040860707647f,0.8649657213032618f,0.3226464284037778f,0.7450797872887578f,-0.49677680337761104f,0.44504934355604003f,-0.5069488188524214f,0f,0f,0f,1f], start_interpolation: 0, interpolation_duration: 1 }
$data merge entity $(bone_leg_left_0) { transformation: [0.6592461675410238f,-0.4613975033545923f,-0.5937228599949822f,0.06817431025737841f,-0.25068545779301427f,0.609562116071843f,-0.7520577291013792f,0.5940539171687209f,0.708908521484669f,0.6446288626397098f,0.2861858445455596f,-0.19471511194611668f,0f,0f,0f,1f], start_interpolation: 0, interpolation_duration: 1 }
$data merge entity $(bone_leg_right_3) { transformation: [0.5105699452605138f,0.046030428646811575f,-0.8586032440162723f,0.28043480849073654f,0.06300831518735867f,0.9938783990535491f,0.09075064799770496f,0.03938349121953816f,0.8575245088123876f,-0.10043369720041047f,0.5045441400439904f,0.3941133285932669f,0f,0f,0f,1f], start_interpolation: 0, interpolation_duration: 1 }
$data merge entity $(bone_leg_right_2) { transformation: [0.5627201528078994f,-0.04822790794544362f,-0.8562022529868478f,0.24185947668597274f,0.2718032110171351f,0.9813088578502233f,0.123361823455063f,0.2715159244879349f,0.8133457097724948f,-0.294566111256182f,0.551145862721278f,0.3412214646909493f,0f,0f,0f,1f], start_interpolation: 0, interpolation_duration: 1 }
$data merge entity $(bone_leg_right_1) { transformation: [0.6194557447467969f,0.7849246765385417f,0.012955016829668625f,0.46674874521049314f,-0.04018481546743456f,0.015223963699601495f,0.9990762791374446f,0.22186423465130406f,0.7840023985333461f,-0.6194041355126225f,0.040972625054071704f,0.18638958083417123f,0f,0f,0f,1f], start_interpolation: 0, interpolation_duration: 1 }
$data merge entity $(bone_leg_right_0) { transformation: [0.6234168232463861f,-0.30342316191660335f,-0.7206149105492579f,0.33378932739268485f,0.09782790133111047f,0.9446593088458884f,-0.31312695816866115f,0.6068836718004417f,0.7757455550723671f,0.12471236916737086f,0.6185997565163818f,0.09479752443535584f,0f,0f,0f,1f], start_interpolation: 0, interpolation_duration: 1 }
$data merge entity $(bone_tail_4) { transformation: [0.6438870115447077f,-2.3576675782288423f,1.285486070921256f,-0.02774553490510563f,2.6743745663405036f,0.682369537305187f,-0.08805580656006749f,0.0710552221004831f,-0.24246964114104166f,1.265478856688822f,2.442423605355649f,1.4596473354273165f,0f,0f,0f,1f], start_interpolation: 0, interpolation_duration: 1 }
$data merge entity $(bone_tail_3) { transformation: [0.8196434094921573f,-1.7883553593359773f,0.682579897195048f,-0.12598540016049314f,1.9108386321910134f,0.8083505082991649f,-0.17666551305588912f,0.09310082026435441f,-0.11325161829700775f,0.6959167267074502f,1.9592905620367649f,1.1206139684691865f,0f,0f,0f,1f], start_interpolation: 0, interpolation_duration: 1 }
$data merge entity $(bone_tail_2) { transformation: [1.0854222017263329f,-1.5659242351665632f,0.4341817692169372f,-0.20626884892364805f,1.6219429535495393f,1.0119675143890896f,-0.4049650358425268f,0.1698230741272908f,0.0996673187826979f,0.5853007043750731f,1.8617903711286858f,0.7747241773708864f,0f,0f,0f,1f], start_interpolation: 0, interpolation_duration: 1 }
$data merge entity $(bone_tail_1) { transformation: [0.80003113726659f,-1.2835823244360156f,-0.0047797279590085905f,-0.1903141641613112f,1.2117216058141205f,0.7570894671435431f,-0.4961880074564023f,0.26618491595757643f,0.42348220671850617f,0.2586275413325912f,1.4287865010060405f,0.4636992258444251f,0f,0f,0f,1f], start_interpolation: 0, interpolation_duration: 1 }
$data merge entity $(bone_tail_0) { transformation: [1.0057048243408986f,-0.5730524711016686f,-0.5422217150260042f,-0.045693153556614685f,0.29885767036214983f,1.0897738866209246f,-0.5974216982072712f,0.4670636066918443f,0.7301216444861628f,0.3432775232773368f,0.9914225349715564f,0.1822664164540771f,0f,0f,0f,1f], start_interpolation: 0, interpolation_duration: 1 }
$data merge entity $(bone_body_1) { transformation: [0.8353892375445292f,-0.3440490045489521f,-0.8440140397646804f,0.17370242993339807f,0.04035102779680863f,1.1577378077807507f,-0.4319948588201165f,0.48951450284958276f,0.9105499499790013f,0.2643445591650155f,0.7934893431479357f,-0.020014222792051783f,0f,0f,0f,1f], start_interpolation: 0, interpolation_duration: 1 }