# This file was generated by Animated Java via MC-Build. It is not recommended to edit this file directly.
$data merge entity $(bone_head_lower) { transformation: [-0.23346974261330772f,-0.23977266707341852f,-0.9423380218417252f,0.9735785791285787f,-0.42325591885249664f,0.8975516640465855f,-0.12351290427940781f,0.7130819114709251f,0.8754120780754653f,0.3700136193327279f,-0.31103635650497596f,-0.36838060605824663f,0f,0f,0f,1f], start_interpolation: 0, interpolation_duration: 1 }
$data merge entity $(bone_head_upper) { transformation: [-0.2430185578071326f,0.28556418353908203f,-0.9710133985813514f,0.9129763019353945f,-0.44056690957693095f,0.8691963945379265f,0.36588299836369625f,0.7576857321641344f,0.9112160673137194f,0.4964097776891928f,-0.08206432761798776f,-0.36260828673536016f,0f,0f,0f,1f], start_interpolation: 0, interpolation_duration: 1 }
$data merge entity $(bone_neck_0) { transformation: [0.08010923294524305f,-0.37776374917554184f,-0.9224299759904615f,0.8594361787918995f,-0.3895225190354799f,0.8399564056534835f,-0.3778166801054906f,0.7197471943041848f,0.9175264126776835f,0.3895738523188108f,-0.0798592238148004f,-0.37439212367947367f,0f,0f,0f,1f], start_interpolation: 0, interpolation_duration: 1 }
$data merge entity $(bone_neck_1) { transformation: [0.18882961121164474f,-0.1736458319167073f,-0.966535308712317f,0.7767579877261281f,-0.19195707333367218f,0.9587279930080191f,-0.20974536328602492f,0.7063957491487541f,0.9630658647916197f,0.22513942453681896f,0.14770368848610266f,-0.36084249346737635f,0f,0f,0f,1f], start_interpolation: 0, interpolation_duration: 1 }
$data merge entity $(bone_neck_2) { transformation: [0.30287160446607647f,-0.18957968842319795f,-0.9339851888255551f,0.6930777766591248f,-0.09517543274816187f,0.9690992260463965f,-0.22757048815141934f,0.6959469547180392f,0.948267065867704f,0.15781708340239448f,0.27546930859356533f,-0.335164188132579f,0f,0f,0f,1f], start_interpolation: 0, interpolation_duration: 1 }
$data merge entity $(bone_body_0) { transformation: [0.4291264587512144f,-0.23819870966522166f,-0.8712702549229291f,0.28018223231945605f,-0.07846144903829116f,0.9511241711269469f,-0.298674759751958f,0.5642433071124885f,0.899830141423621f,0.19653036867594179f,0.3894631314690062f,-0.14973947733338022f,0f,0f,0f,1f], start_interpolation: 0, interpolation_duration: 1 }
$data merge entity $(bone_leg_left_3) { transformation: [0.6818016682115311f,0.07997749224441032f,-0.7271520377185698f,-0.12931221600852827f,-0.013200461279292332f,0.9951889441637239f,0.09708096227534123f,0.023564874059156554f,0.7314179605711002f,-0.05659121971284575f,0.6795772221060864f,-0.4463891112941383f,0f,0f,0f,1f], start_interpolation: 0, interpolation_duration: 1 }
$data merge entity $(bone_leg_left_2) { transformation: [0.49779221584867384f,0.1371410224917126f,-0.8862603733052093f,-0.12396199396402516f,-0.390377902137196f,0.9457001993057366f,-0.07292753976891189f,0.24114680599157515f,0.8073847923166027f,0.37270051312509894f,0.5111617397192973f,-0.34246341626809335f,0f,0f,0f,1f], start_interpolation: 0, interpolation_duration: 1 }
$data merge entity $(bone_leg_left_1) { transformation: [0.3539213111092187f,0.8816984693703216f,-0.31200563240551205f,0.1250669716968307f,-0.07290171913207764f,0.35858943843146196f,0.9306443756843944f,0.2906583460236507f,0.932429646080775f,-0.30662913063738806f,0.19118977837279943f,-0.4544748769553911f,0f,0f,0f,1f], start_interpolation: 0, interpolation_duration: 1 }
$data merge entity $(bone_leg_left_0) { transformation: [0.38405591302253145f,-0.5164165019985536f,-0.7653855578308282f,0.029268578864690004f,-0.11997395755755572f,0.7940188810960038f,-0.5959364613539165f,0.6369788700139414f,0.9154820070216605f,0.32069925619905676f,0.24299111484365865f,-0.2418906791458586f,0f,0f,0f,1f], start_interpolation: 0, interpolation_duration: 1 }
$data merge entity $(bone_leg_right_3) { transformation: [0.3229953129478984f,0.3273102783057168f,-0.8879988792386643f,0.10236666444299174f,0.1051945726757913f,0.9200600082039614f,0.377390624132721f,0.13861927285924913f,0.9405360863322827f,-0.21530806538344366f,0.2627438054219201f,0.3673802420485182f,0f,0f,0f,1f], start_interpolation: 0, interpolation_duration: 1 }
$data merge entity $(bone_leg_right_2) { transformation: [0.42821495431643436f,0.38283980883044066f,-0.8497810501388816f,0.16467970391039033f,0.256925228125015f,0.8504585661014618f,0.5126127719811997f,0.35230337230265063f,0.8959261016140659f,-0.4268677870488848f,0.259157311931006f,0.27449718211069873f,0f,0f,0f,1f], start_interpolation: 0, interpolation_duration: 1 }
$data merge entity $(bone_leg_right_1) { transformation: [0.46479224368389227f,0.8814464512275086f,0.08378737273435066f,0.4089540194882384f,-0.06622442840663281f,-0.05975720370113918f,0.9960137557724973f,0.2819254720330918f,0.8829396894995196f,-0.4684882391525449f,0.030598602619068827f,0.1631850284059591f,0f,0f,0f,1f], start_interpolation: 0, interpolation_duration: 1 }
$data merge entity $(bone_leg_right_0) { transformation: [0.4386579916515988f,-0.5234762426966413f,-0.7304462948721099f,0.21187789517904762f,0.05869512812028557f,0.8277763128447183f,-0.557979621337685f,0.6455355710289753f,0.8967352163794667f,0.2018885812160021f,0.39383620006223463f,0.106123870864902f,0f,0f,0f,1f], start_interpolation: 0, interpolation_duration: 1 }
$data merge entity $(bone_tail_4) { transformation: [1.26182418694977f,-1.1467855835702017f,2.1721749188645254f,-0.11636115807623904f,2.3847422160109155f,1.1571375657947398f,-0.7744020587537027f,0.21614017300108407f,-0.5886132992074673f,2.229703301056483f,1.5190848906015495f,1.3095888090612644f,0f,0f,0f,1f], start_interpolation: 0, interpolation_duration: 1 }
$data merge entity $(bone_tail_3) { transformation: [1.2838030535188336f,-1.1192361106219697f,1.1979590036808316f,-0.30853813155643944f,1.599373339688608f,1.1893835702208264f,-0.6027579690277964f,0.30670659817663937f,-0.3602779012283042f,1.2917518250859998f,1.5929603203840201f,1.02684079946672f,0f,0f,0f,1f], start_interpolation: 0, interpolation_duration: 1 }
$data merge entity $(bone_tail_2) { transformation: [1.329816701688462f,-1.2523329492738424f,0.6942791938955661f,-0.43691778723658664f,1.430636785210053f,1.2019331523047416f,-0.5721966106133531f,0.4144205790161769f,-0.0603307858148912f,0.8976595994900538f,1.7347453169641618f,0.7045244233573338f,0f,0f,0f,1f], start_interpolation: 0, interpolation_duration: 1 }
$data merge entity $(bone_tail_1) { transformation: [1.0199907159457997f,-1.1159628577133804f,-0.043612952073462455f,-0.4148657439289294f,1.0721863908109506f,0.9950146947281582f,-0.3847315305961007f,0.4840231484556936f,0.31255644729258647f,0.22853644671959222f,1.4620997947392715f,0.38680463059616094f,0f,0f,0f,1f], start_interpolation: 0, interpolation_duration: 1 }
$data merge entity $(bone_tail_0) { transformation: [0.952071602041984f,-0.36525012170438775f,-0.7707059943740986f,-0.19846167557163646f,0.25049781934889753f,1.223878447652933f,-0.2705699622207203f,0.5926243471375693f,0.8152583784731592f,0.05049366841104818f,0.9831784590621063f,0.10071553583011932f,0f,0f,0f,1f], start_interpolation: 0, interpolation_duration: 1 }
$data merge entity $(bone_body_1) { transformation: [0.5743269306443951f,-0.13891585387759758f,-1.0860274201576572f,0.06338145536831824f,0.026911791411267854f,1.227796151815325f,-0.1428179264895194f,0.5431267306126604f,1.094545077772439f,0.04270351490436484f,0.5733690588052236f,-0.03546112349498691f,0f,0f,0f,1f], start_interpolation: 0, interpolation_duration: 1 }