# This file was generated by Animated Java via MC-Build. It is not recommended to edit this file directly.
$data merge entity $(bone_head_lower) { transformation: [-0.3277089571018409f,-0.16065043331641865f,-0.931020020037416f,0.994877394139696f,-0.3714753678558944f,0.9279781461848241f,-0.02937024480159106f,0.6665781200673242f,0.8686845748092638f,0.33622611213084624f,-0.36378442931195365f,-0.272929984387894f,0f,0f,0f,1f], start_interpolation: 0, interpolation_duration: 1 }
$data merge entity $(bone_head_upper) { transformation: [-0.3411121169019074f,0.31428669891233085f,-0.9318467348083569f,0.9375896690057297f,-0.38666855561979724f,0.8640096693491657f,0.4329511080359451f,0.7157057045962374f,0.9042134119670565f,0.48804006468879446f,-0.16639394057764845f,-0.2731612399315803f,0f,0f,0f,1f], start_interpolation: 0, interpolation_duration: 1 }
$data merge entity $(bone_neck_0) { transformation: [-0.030407438839286996f,-0.3653950200576452f,-0.9303557744112239f,0.883371991910096f,-0.35268369083032236f,0.8748412265559832f,-0.3320648167757686f,0.6801474184052808f,0.9352484172055766f,0.31802406769786506f,-0.15547054537553776f,-0.288678585961508f,0f,0f,0f,1f], start_interpolation: 0, interpolation_duration: 1 }
$data merge entity $(bone_neck_1) { transformation: [0.07894839522801052f,-0.13984064028969834f,-0.9870216543796235f,0.7991140747751936f,-0.16842119863563004f,0.9740080360755398f,-0.15146829869780662f,0.6718031987553517f,0.9825484470198196f,0.17819354922004757f,0.053344243131785166f,-0.28333871301799163f,0f,0f,0f,1f], start_interpolation: 0, interpolation_duration: 1 }
$data merge entity $(bone_neck_2) { transformation: [0.19298739970457576f,-0.1644854647120824f,-0.9673160783599725f,0.7127595159373254f,-0.08033856653019764f,0.9798898189046342f,-0.18265173838459997f,0.665395270343036f,0.9779067329163549f,0.11296227115941695f,0.17589186169737098f,-0.266823295508269f,0f,0f,0f,1f], start_interpolation: 0, interpolation_duration: 1 }
$data merge entity $(bone_body_0) { transformation: [0.31860799632420606f,-0.20197846357433072f,-0.926117511404696f,0.27435970841433505f,-0.07268427022901516f,0.9689516350649816f,-0.23632546575892815f,0.5632464400648876f,0.9450957314153683f,0.14260935858859886f,0.2940350817562392f,-0.12688713170585544f,0f,0f,0f,1f], start_interpolation: 0, interpolation_duration: 1 }
$data merge entity $(bone_leg_left_3) { transformation: [0.5651513001012428f,0.10316854979700936f,-0.8185110007364942f,-0.1010973263437732f,-0.015006644102444977f,0.9932712768793013f,0.11483453818144485f,0.023099544949495093f,0.8248507796120809f,-0.05261578526778071f,0.5628967671909274f,-0.4555060315697541f,0f,0f,0f,1f], start_interpolation: 0, interpolation_duration: 1 }
$data merge entity $(bone_leg_left_2) { transformation: [0.3839704109079938f,0.08472514549010884f,-0.9473386790211412f,-0.11002934302496908f,-0.3704599578396183f,0.954264900643729f,-0.06480832151488904f,0.24295971680579226f,0.8760070448833781f,0.3664182700436604f,0.3878292255537178f,-0.3567497863224688f,0f,0f,0f,1f], start_interpolation: 0, interpolation_duration: 1 }
$data merge entity $(bone_leg_left_1) { transformation: [0.23010216158065064f,0.9175360822646355f,-0.3243154837166682f,0.15185438623530012f,-0.04631631771421931f,0.34320563940657445f,0.9381176300405619f,0.2873661411150656f,0.972063677929233f,-0.2008417955057885f,0.12146925219455099f,-0.43711375516774464f,0f,0f,0f,1f], start_interpolation: 0, interpolation_duration: 1 }
$data merge entity $(bone_leg_left_0) { transformation: [0.2607650448269917f,-0.5296902937232073f,-0.8071120022226155f,0.03990534198136925f,-0.094718549662575f,0.8179658155164016f,-0.5674154747593746f,0.64370381160683f,0.9607444965994837f,0.2244105999769402f,0.1631253961582758f,-0.25057112024589295f,0f,0f,0f,1f], start_interpolation: 0, interpolation_duration: 1 }
$data merge entity $(bone_leg_right_3) { transformation: [0.2094826466061015f,0.3772483409764088f,-0.9021090344306785f,0.0365792405052395f,0.11191635615385156f,0.9072656538566499f,0.4053933430106007f,0.15428631809263382f,0.9713865090663691f,-0.18588362639730674f,0.14783615065754088f,0.3611259121252377f,0f,0f,0f,1f], start_interpolation: 0, interpolation_duration: 1 }
$data merge entity $(bone_leg_right_2) { transformation: [0.32497647493958887f,0.4688083671661082f,-0.852450118840734f,0.11900910185711028f,0.2539826958090917f,0.8267003779160326f,0.5514720980101631f,0.363637910576441f,0.9391194175748254f,-0.38580746432544805f,0.14584073335451606f,0.2742449547869293f,0f,0f,0f,1f], start_interpolation: 0, interpolation_duration: 1 }
$data merge entity $(bone_leg_right_1) { transformation: [0.35888298678517055f,0.9288715351488976f,0.09165518526676936f,0.37364080238568115f,-0.07191845251250578f,-0.07038607757736831f,0.994923884662279f,0.2903168800548552f,0.9306077250831102f,-0.3636529544406363f,0.041542637641765634f,0.19178217997946495f,0f,0f,0f,1f], start_interpolation: 0, interpolation_duration: 1 }
$data merge entity $(bone_leg_right_0) { transformation: [0.32897653026797646f,-0.5585534878058043f,-0.7614410310672878f,0.1780686573528497f,0.05046249678099773f,0.8155682696433859f,-0.5764563591196832f,0.6515950808179276f,0.9429888540971579f,0.1512163972949514f,0.29648882312435404f,0.11737199045472713f,0f,0f,0f,1f], start_interpolation: 0, interpolation_duration: 1 }
$data merge entity $(bone_tail_4) { transformation: [1.7980308366236029f,-1.4188377266616006f,1.5426101087288278f,-0.4600220653438354f,2.0874078221875516f,1.3949248812933646f,-1.150032386943479f,0.27512348882188975f,-0.18834815109485703f,1.9148747772505725f,1.9807677534301484f,1.2827879275216072f,0f,0f,0f,1f], start_interpolation: 0, interpolation_duration: 1 }
$data merge entity $(bone_tail_3) { transformation: [1.568102862227319f,-1.1944485059308028f,0.671037782988862f,-0.5621166593740162f,1.3698729763070048f,1.3827061875174775f,-0.7399440207401601f,0.38705978519615925f,-0.021141624883715356f,0.9986800747611808f,1.8270568316329743f,0.963213737608545f,0f,0f,0f,1f], start_interpolation: 0, interpolation_duration: 1 }
$data merge entity $(bone_tail_2) { transformation: [1.4702115991397156f,-1.272604238668918f,0.19424258153072335f,-0.5974416102699615f,1.2629565589527274f,1.3687278934205775f,-0.591860252909021f,0.49834489317626834f,0.24938415939289932f,0.5708207078384131f,1.852227074510446f,0.6192090042760005f,0f,0f,0f,1f], start_interpolation: 0, interpolation_duration: 1 }
$data merge entity $(bone_tail_1) { transformation: [1.048353223135105f,-1.0175121256569954f,-0.3915109751759453f,-0.5017563491340125f,0.9674370197397593f,1.1186480038343944f,-0.3167783236813672f,0.5519134757656363f,0.5026702521328371f,-0.03085397313648032f,1.4261931495987503f,0.31220507146806487f,0f,0f,0f,1f], start_interpolation: 0, interpolation_duration: 1 }
$data merge entity $(bone_tail_0) { transformation: [0.8268455623047314f,-0.22669398244051067f,-0.9480358490090243f,-0.23018876926657467f,0.21895758979894245f,1.2545938208671936f,-0.10903043196888809f,0.6140502858502234f,0.9498524656758218f,-0.09186892592789848f,0.8503976190479625f,0.06148216126990222f,0f,0f,0f,1f], start_interpolation: 0, interpolation_duration: 1 }
$data merge entity $(bone_body_1) { transformation: [0.4345392362586541f,-0.09453830987462751f,-1.153621582311134f,0.04437991501708159f,0.024818933208732172f,1.2327144826711878f,-0.09167125952738187f,0.5523305012212498f,1.1572226526310208f,0.009061304266219738f,0.4351530995625206f,-0.04029518200022944f,0f,0f,0f,1f], start_interpolation: 0, interpolation_duration: 1 }