# This file was generated by Animated Java via MC-Build. It is not recommended to edit this file directly.
$data merge entity $(bone_head_lower) { transformation: [-0.8187980502997999f,0.31898623987370506f,-0.4773023481992109f,0.7971501096756856f,-0.10046779724332695f,0.7389667905598143f,0.6662089042986449f,0.4031544445731186f,0.5652220577280398f,0.593444067474739f,-0.5730167224756343f,0.39813157949667705f,0f,0f,0f,1f], start_interpolation: 0, interpolation_duration: 1 }
$data merge entity $(bone_head_upper) { transformation: [-0.8522865493912075f,0.3993298945470963f,-0.4445393296788713f,0.7752070125433063f,-0.10457688828899685f,0.6627229075629355f,0.7958228224992207f,0.4728651773948747f,0.5883394043799259f,0.6962800626873075f,-0.5025164297229897f,0.37930684285869015f,0f,0f,0f,1f], start_interpolation: 0, interpolation_duration: 1 }
$data merge entity $(bone_neck_0) { transformation: [-0.6701462666021347f,-0.11072451563765383f,-0.7339237446738094f,0.7297639346153382f,-0.15573372470312125f,0.987775516855548f,-0.006821678008179954f,0.45644094764635457f,0.7257072332210234f,0.10972515635697122f,-0.6791976160979407f,0.3333731123341907f,0f,0f,0f,1f], start_interpolation: 0, interpolation_duration: 1 }
$data merge entity $(bone_neck_1) { transformation: [-0.5794606142389653f,0.13716658808908747f,-0.8033745848966092f,0.6623394723086716f,-0.04892200205396244f,0.9781037587282492f,0.20228612131508922f,0.4780832388805761f,0.8135305982326866f,0.15651953320167264f,-0.560062140717883f,0.2866495641243076f,0f,0f,0f,1f], start_interpolation: 0, interpolation_duration: 1 }
$data merge entity $(bone_neck_2) { transformation: [-0.4971077598930567f,0.08120945669886219f,-0.8638801416844714f,0.5874521841330416f,-0.00885419934835017f,0.9950839550075635f,0.09863835785537414f,0.49646719266338674f,0.8676436354909811f,0.05668286010057004f,-0.49394491106075045f,0.24393124595572502f,0f,0f,0f,1f], start_interpolation: 0, interpolation_duration: 1 }
$data merge entity $(bone_body_0) { transformation: [-0.4178414207601049f,0.09147427718150526f,-0.9039032048351736f,0.16231740016424262f,-0.035790936640012254f,0.992488678260344f,0.116983897949529f,0.56105596034866f,0.9078147145489587f,0.08123226045824604f,-0.4114289293538268f,0.05080017323094191f,0f,0f,0f,1f], start_interpolation: 0, interpolation_duration: 1 }
$data merge entity $(bone_leg_left_3) { transformation: [-0.3423690459039893f,0.1833391067600581f,-0.9215043181337877f,0.09689573725934425f,-0.014740123344953986f,0.9796082442083217f,0.20037568875206707f,0.036965369766371686f,0.939449926909661f,0.08218552069259949f,-0.3326850988816882f,-0.4088981057961439f,0f,0f,0f,1f], start_interpolation: 0, interpolation_duration: 1 }
$data merge entity $(bone_leg_left_2) { transformation: [-0.47128533460924804f,-0.14717435260160786f,-0.8990506341798786f,0.03407377595796954f,-0.2583610077508716f,0.9922614726436827f,-0.026999242241948412f,0.26702486516571944f,0.8736142870608846f,0.21405391690876127f,-0.4929920867517183f,-0.3728828059797917f,0f,0f,0f,1f], start_interpolation: 0, interpolation_duration: 1 }
$data merge entity $(bone_leg_left_1) { transformation: [-0.6001749040341138f,0.7852456395990689f,-0.1522477259544184f,0.26742798408960355f,0.09306012769372358f,0.2575985835421447f,0.9617602520330671f,0.2841448425858954f,0.7944368428020382f,0.5630561741493737f,-0.22767926464875934f,-0.22366449081655063f,0f,0f,0f,1f], start_interpolation: 0, interpolation_duration: 1 }
$data merge entity $(bone_leg_left_0) { transformation: [-0.5824852763366375f,-0.33111760904202026f,-0.7423422605734682f,0.13012290954788122f,0.040191647507103426f,0.9004188038803532f,-0.4331634900235001f,0.6776140528938418f,0.8118469894762781f,-0.28214731365187595f,-0.5111725335709403f,-0.19843404077723875f,0f,0f,0f,1f], start_interpolation: 0, interpolation_duration: 1 }
$data merge entity $(bone_leg_right_3) { transformation: [-0.7221914216248932f,0.26270954046356776f,-0.6398618975066702f,-0.36359835045647654f,0.1368525558105249f,0.961048557933658f,0.2401188190495765f,0.11555087659231386f,0.6780198584846483f,0.08584501524874416f,-0.7300134963529099f,0.12877367058754358f,0f,0f,0f,1f], start_interpolation: 0, interpolation_duration: 1 }
$data merge entity $(bone_leg_right_2) { transformation: [-0.5590070333842346f,0.48971938218097844f,-0.7069287537255308f,-0.2704255070551744f,0.20602070472317888f,0.8948593217994278f,0.45699503598477587f,0.3379448627326658f,0.8349423964280506f,0.1070696988211071f,-0.586062687553162f,0.13432418832348325f,0f,0f,0f,1f], start_interpolation: 0, interpolation_duration: 1 }
$data merge entity $(bone_leg_right_1) { transformation: [-0.4939813418176495f,0.8641455604976278f,-0.09609830491884258f,-0.04040541625311961f,-0.1318896173812574f,0.034773295637794355f,0.9906543023363457f,0.2922244270885212f,0.8594111721190619f,0.5020391102122691f,0.09679446809716485f,0.28269462086207814f,0f,0f,0f,1f], start_interpolation: 0, interpolation_duration: 1 }
$data merge entity $(bone_leg_right_0) { transformation: [-0.5110294389428952f,-0.38485480903795455f,-0.7685933180128937f,-0.06952335486174267f,-0.022157345470028036f,0.8997681796505463f,-0.43580531769365116f,0.6835562927215315f,0.8592775829587499f,-0.20567935931615003f,-0.4683353889851445f,0.1401506095679338f,0f,0f,0f,1f], start_interpolation: 0, interpolation_duration: 1 }
$data merge entity $(bone_tail_4) { transformation: [-1.7216666772062321f,-1.4005936895770095f,-1.6431258323435591f,-1.5096206354099297f,-0.3791049771597124f,2.2650342920896347f,-1.5334798347388672f,0.7315228151769838f,2.12551278530391f,-0.7304918233457985f,-1.6044433387111385f,-0.8432295374378813f,0f,0f,0f,1f], start_interpolation: 0, interpolation_duration: 1 }
$data merge entity $(bone_tail_3) { transformation: [-1.0619788013840772f,-0.5780108264893548f,-1.695302343511734f,-1.2165037166566592f,-0.008902998777987442f,1.972567239572759f,-0.6669668267773963f,0.8253126227907177f,1.7911078382018326f,-0.332907638647483f,-1.008489336635028f,-0.6689692511901733f,0f,0f,0f,1f], start_interpolation: 0, interpolation_duration: 1 }
$data merge entity $(bone_tail_2) { transformation: [-0.8585663214660985f,0.021127691819224907f,-1.7553322669185287f,-0.890821117295291f,0.5491066451055517f,1.8592044145546702f,-0.24620055281036354f,0.8719292050464986f,1.6673690770036111f,-0.6014037250812424f,-0.8227805269409989f,-0.5149263263245596f,0f,0f,0f,1f], start_interpolation: 0, interpolation_duration: 1 }
$data merge entity $(bone_tail_1) { transformation: [-0.6032425171625814f,0.2941101332101988f,-1.3554534093912753f,-0.6021615380170149f,0.5481306921302793f,1.4083357241601089f,0.06163994158987407f,0.8409258593378922f,1.2740908365701928f,-0.46663258308598765f,-0.6682834896736304f,-0.36663230471684466f,0f,0f,0f,1f], start_interpolation: 0, interpolation_duration: 1 }
$data merge entity $(bone_tail_0) { transformation: [-0.5244607243283624f,0.4856194161913375f,-1.0596935631771016f,-0.2807755877189966f,0.08288356138188172f,1.174606045163367f,0.4972591582890731f,0.7239605121545254f,1.1627153479995236f,0.13531495803378918f,-0.513438017917147f,-0.21332839149185423f,0f,0f,0f,1f], start_interpolation: 0, interpolation_duration: 1 }
$data merge entity $(bone_body_1) { transformation: [-0.627910057204367f,0.15551227937803785f,-1.0536363158512076f,-0.04629475898554988f,0.018689015600468307f,1.2245372711700802f,0.16959890113874293f,0.6020498682067983f,1.0648869779529393f,0.07020681971312144f,-0.624252610493761f,-0.07292733146822845f,0f,0f,0f,1f], start_interpolation: 0, interpolation_duration: 1 }