# This file was generated by Animated Java via MC-Build. It is not recommended to edit this file directly.
$data merge entity $(bone_head_lower) { transformation: [-0.8490680671919566f,0.33632737508665406f,-0.4073908615104619f,0.7414832102660913f,-0.07902950543393314f,0.6816169217998115f,0.7274288344484413f,0.3783851870700815f,0.5223387354445226f,0.6498324927883115f,-0.5521593762409058f,0.4549217465397419f,0f,0f,0f,1f], start_interpolation: 0, interpolation_duration: 1 }
$data merge entity $(bone_head_upper) { transformation: [-0.8837945973617464f,0.3951700115381138f,-0.3823868646262093f,0.7237215502596956f,-0.08226177927722042f,0.6206710537257413f,0.8315481858080331f,0.4496213963048227f,0.5437021720830638f,0.7362608556968463f,-0.49576188137473143f,0.43744655213515093f,0f,0f,0f,1f], start_interpolation: 0, interpolation_duration: 1 }
$data merge entity $(bone_neck_0) { transformation: [-0.7195220961566654f,-0.07682214843822013f,-0.6902074403044742f,0.680570906118659f,-0.13951291706808616f,0.989591070282807f,0.03529390298170562f,0.43588572780506873f,0.6803117661142364f,0.12168759643392096f,-0.7227503232518571f,0.3885171174830382f,0f,0f,0f,1f], start_interpolation: 0, interpolation_duration: 1 }
$data merge entity $(bone_neck_1) { transformation: [-0.6338641242071474f,0.16112009458133866f,-0.7564764286910773f,0.6172296839911227f,-0.04094906002227521f,0.9696991701371521f,0.2408457886669615f,0.4607558100705622f,0.772359661379592f,0.18364050358627057f,-0.6080597987995777f,0.33785248058481376f,0f,0f,0f,1f], start_interpolation: 0, interpolation_duration: 1 }
$data merge entity $(bone_neck_2) { transformation: [-0.5588197816785854f,0.1048282726473976f,-0.8226369094919466f,0.5461868552496953f,-0.006077634638887152f,0.9914340793870167f,0.13046658034613706f,0.481892420291735f,0.8292668532878269f,0.07790699252173526f,-0.5533958678507853f,0.29013361024073414f,0f,0f,0f,1f], start_interpolation: 0, interpolation_duration: 1 }
$data merge entity $(bone_body_0) { transformation: [-0.4881621633210229f,0.11421017223952845f,-0.8652477904385288f,0.13948681094852766f,-0.034120318072445796f,0.9881452032939452f,0.14968253439130055f,0.5618505556837299f,0.8720857218165964f,0.10259187962107422f,-0.47847821271134267f,0.06560593877641632f,0f,0f,0f,1f], start_interpolation: 0, interpolation_duration: 1 }
$data merge entity $(bone_leg_left_3) { transformation: [-0.4194582698669679f,0.18395835371482225f,-0.8889398651982833f,0.10901183322547739f,-0.015248554475591383f,0.9776857196180673f,0.20951877061806728f,0.04125337447979971f,0.9076465399188248f,0.10143942898810943f,-0.4072932614467749f,-0.3929999749382635f,0f,0f,0f,1f], start_interpolation: 0, interpolation_duration: 1 }
$data merge entity $(bone_leg_left_2) { transformation: [-0.5444296914833993f,-0.15361076101773463f,-0.8556063607942248f,0.04591870254087707f,-0.246262909642614f,0.9954556388888008f,-0.02201930606392766f,0.2722300964535588f,0.8336744507698067f,0.19373694692736246f,-0.5652566718134509f,-0.3640157924814762f,0f,0f,0f,1f], start_interpolation: 0, interpolation_duration: 1 }
$data merge entity $(bone_leg_left_1) { transformation: [-0.6648350323587965f,0.738136948283719f,-0.11466571120817298f,0.26576948912731485f,0.10752741477967367f,0.24647207340522803f,0.9631663262916368f,0.28596465080270905f,0.7392105483685133f,0.6280170082169156f,-0.2432332267002103f,-0.1952248587382197f,0f,0f,0f,1f], start_interpolation: 0, interpolation_duration: 1 }
$data merge entity $(bone_leg_left_0) { transformation: [-0.6495373467620168f,-0.29150274336106896f,-0.7022302939736581f,0.13295661215779783f,0.054518824618128785f,0.9033529976659376f,-0.4254186871427047f,0.6816213470657293f,0.7583725554920993f,-0.31461009554833974f,-0.5708691223524418f,-0.1840984497144087f,0f,0f,0f,1f], start_interpolation: 0, interpolation_duration: 1 }
$data merge entity $(bone_leg_right_3) { transformation: [-0.8097350287919209f,0.20970424976753682f,-0.5480449897378699f,-0.39085414118267126f,0.12852877174069194f,0.9746663661302639f,0.18304597665410816f,0.09594513098366461f,0.5725465378309226f,0.077779189786611f,-0.8161745276924308f,0.08045864232067995f,0f,0f,0f,1f], start_interpolation: 0, interpolation_duration: 1 }
$data merge entity $(bone_leg_right_2) { transformation: [-0.6507522920764643f,0.42540183097573037f,-0.6690418044191402f,-0.3113604175461218f,0.19324462954475022f,0.9245520076879646f,0.39990286037106737f,0.323515855668528f,0.7689214309733049f,0.12766779853723922f,-0.6667255550129415f,0.08842012678136171f,0f,0f,0f,1f], start_interpolation: 0, interpolation_duration: 1 }
$data merge entity $(bone_leg_right_1) { transformation: [-0.5742452562039427f,0.8050596305855611f,-0.148732568486894f,-0.09619910952465428f,-0.14461875016327388f,0.07906471093296352f,0.9863235719510612f,0.2898041905176876f,0.8058087880064854f,0.5879011504381731f,0.07102418239580038f,0.2604158267945146f,0f,0f,0f,1f], start_interpolation: 0, interpolation_duration: 1 }
$data merge entity $(bone_leg_right_0) { transformation: [-0.5874432662529024f,-0.3303900809354778f,-0.7387508398327342f,-0.09747672448682207f,-0.03793980423835145f,0.9231058915595468f,-0.38266968030196713f,0.6878087425977153f,0.8083755192906804f,-0.1967686646483699f,-0.5548072750280229f,0.13432846506449003f,0f,0f,0f,1f], start_interpolation: 0, interpolation_duration: 1 }
$data merge entity $(bone_tail_4) { transformation: [-2.327899529688947f,-1.1952809790008359f,-0.8819571942632924f,-1.3057867800148801f,-0.6636504542290165f,2.3037153636081893f,-1.3704469817096927f,0.7630112674730286f,1.3289519125519913f,-0.9433240356920788f,-2.2292796839809066f,-1.1492599510137207f,0f,0f,0f,1f], start_interpolation: 0, interpolation_duration: 1 }
$data merge entity $(bone_tail_3) { transformation: [-1.5704746594650405f,-0.5060646275969797f,-1.2702178800181243f,-1.0854525276831892f,-0.15206360310520675f,1.987064441050622f,-0.6036531237120246f,0.8459235442518406f,1.3588346222529326f,-0.36251762143619054f,-1.535608989801577f,-0.885329893908521f,0f,0f,0f,1f], start_interpolation: 0, interpolation_duration: 1 }
$data merge entity $(bone_tail_2) { transformation: [-1.2976061678379691f,0.18116610198986177f,-1.4498865306228055f,-0.8168381877810583f,0.49762069265223524f,1.8779650546778135f,-0.21070067549973032f,0.8859071699705705f,1.3738143085715573f,-0.5091168548590117f,-1.2931388744699068f,-0.6440434872411176f,0f,0f,0f,1f], start_interpolation: 0, interpolation_duration: 1 }
$data merge entity $(bone_tail_1) { transformation: [-0.8933768396751166f,0.3814921893015499f,-1.1593091830197895f,-0.5711776268177331f,0.5207486156862834f,1.4185159991002818f,0.06549419483701456f,0.8539761486872688f,1.1037911720941243f,-0.3604612597748053f,-0.9692104924156771f,-0.4321284673255443f,0f,0f,0f,1f], start_interpolation: 0, interpolation_duration: 1 }
$data merge entity $(bone_tail_0) { transformation: [-0.6796250593419119f,0.4610264839638868f,-0.9794897020298f,-0.2738225801212355f,0.07444722676351939f,1.1736784514908205f,0.5007716241135854f,0.7359619928649966f,1.0800014378350389f,0.20921087489428675f,-0.6508943237456009f,-0.23687338664782803f,0f,0f,0f,1f], start_interpolation: 0, interpolation_duration: 1 }
$data merge entity $(bone_body_1) { transformation: [-0.7247388776453441f,0.17027835554854548f,-0.9870984935239746f,-0.05580546304990383f,0.01946005798768226f,1.2205360016733082f,0.19625944517067212f,0.608122659780175f,1.001488622216315f,0.09950751382316383f,-0.7181388370783534f,-0.0766187037603551f,0f,0f,0f,1f], start_interpolation: 0, interpolation_duration: 1 }