# This file was generated by Animated Java via MC-Build. It is not recommended to edit this file directly.
$data merge entity $(bone_head_lower) { transformation: [-0.8918142752385756f,0.37221532434352805f,-0.25714402735536473f,0.6093024141368827f,-0.032506431586559456f,0.5142066813153127f,0.8570500690135909f,0.3800984147020662f,0.4512323463429926f,0.7726883208736463f,-0.4464774668438066f,0.5609547103391016f,0f,0f,0f,1f], start_interpolation: 0, interpolation_duration: 1 }
$data merge entity $(bone_head_upper) { transformation: [-0.928289107506552f,0.402757063774499f,-0.24400414555482564f,0.6012370470946522f,-0.033835931094103246f,0.4809110077938194f,0.9225246202314795f,0.4544830575263336f,0.4696875612949434f,0.8306523296457938f,-0.4157911069303085f,0.5510890497845758f,0f,0f,0f,1f], start_interpolation: 0, interpolation_duration: 1 }
$data merge entity $(bone_neck_0) { transformation: [-0.804646812707479f,0.0209386205500266f,-0.5933844293282035f,0.5627878257284011f,-0.10508045975000618f,0.978581061115469f,0.1770231730730477f,0.45007945647784947f,0.5843813855509282f,0.20479424063089485f,-0.7852118919285369f,0.4968027538303325f,0f,0f,0f,1f], start_interpolation: 0, interpolation_duration: 1 }
$data merge entity $(bone_neck_1) { transformation: [-0.7417723132903495f,0.14770215916276386f,-0.6541849183637157f,0.5080502223504338f,-0.02122888032940652f,0.9697864521397195f,0.24302998145540708f,0.47513497063733023f,0.6703157240255097f,0.1941605248883339f,-0.7162251885400592f,0.4370235531734849f,0f,0f,0f,1f], start_interpolation: 0, interpolation_duration: 1 }
$data merge entity $(bone_neck_2) { transformation: [-0.6879306853204337f,0.09902662161198038f,-0.7189889431741467f,0.44603093102852454f,0.007589617197051552f,0.991575394920306f,0.12930829014197667f,0.49617148951683515f,0.7257367083904194f,0.08349828980737907f,-0.682886715124758f,0.378015055721838f,0f,0f,0f,1f], start_interpolation: 0, interpolation_duration: 1 }
$data merge entity $(bone_body_0) { transformation: [-0.6381891981224106f,0.09076582892059305f,-0.7645103738342812f,0.08658471673208454f,-0.013359964262234934f,0.9915707370000464f,0.128875850647423f,0.5663561453758723f,0.7697636382388989f,0.0924610070545563f,-0.631597105297096f,0.08122651515291503f,0f,0f,0f,1f], start_interpolation: 0, interpolation_duration: 1 }
$data merge entity $(bone_leg_left_3) { transformation: [-0.21373286435221844f,0.1510000076388451f,-0.965151418373752f,0.12205476240496482f,-0.12026823394108342f,0.9763983284139733f,0.17939302153398223f,0.07754159935847063f,0.9694605791884935f,0.15441924091080017f,-0.190527907236823f,-0.3516872991927192f,0f,0f,0f,1f], start_interpolation: 0, interpolation_duration: 1 }
$data merge entity $(bone_leg_left_2) { transformation: [-0.47755304269344595f,-0.06795948196867084f,-0.9051998672809649f,0.07749791000108319f,-0.23628638690218573f,0.9968698054785404f,0.04981499563968893f,0.31108344054976467f,0.8764553806553057f,0.2317203038933393f,-0.4797852290188147f,-0.3111414315505693f,0f,0f,0f,1f], start_interpolation: 0, interpolation_duration: 1 }
$data merge entity $(bone_leg_left_1) { transformation: [-0.7132358416688819f,0.7000615168942153f,-0.03476358328268353f,0.2837310148719516f,0.13491653694958944f,0.18578671956329423f,0.9732835264666919f,0.3072496308333696f,0.6878169540047786f,0.6894905129134704f,-0.22695962280967077f,-0.12548962299986993f,0f,0f,0f,1f], start_interpolation: 0, interpolation_duration: 1 }
$data merge entity $(bone_leg_left_0) { transformation: [-0.6957901001210813f,-0.32870531548561915f,-0.638614869968587f,0.12575443808753325f,0.08527544586117695f,0.8450369515284227f,-0.527864233382721f,0.6919255052178271f,0.7131649422866165f,-0.42174087556585016f,-0.5599378527749996f,-0.16257265710554847f,0f,0f,0f,1f], start_interpolation: 0, interpolation_duration: 1 }
$data merge entity $(bone_leg_right_3) { transformation: [-0.9109437441320173f,0.125840718895912f,-0.3928684366228744f,-0.4172857813404462f,0.09578926930075335f,0.9908320430579252f,0.09526950370651624f,0.07030167195601777f,0.4012554185473004f,0.0491525779325786f,-0.9146464416204836f,-0.0008851646938220388f,0f,0f,0f,1f], start_interpolation: 0, interpolation_duration: 1 }
$data merge entity $(bone_leg_right_2) { transformation: [-0.7892302107883992f,0.2841874118394921f,-0.5902672181576442f,-0.3680596145771542f,0.16767950995940703f,0.9810123221946071f,0.24811409702556655f,0.3063819224777409f,0.6332941305739114f,0.09441683194754005f,-0.8013028176203539f,-0.004623063222228135f,0f,0f,0f,1f], start_interpolation: 0, interpolation_duration: 1 }
$data merge entity $(bone_leg_right_1) { transformation: [-0.6935966790817408f,0.6796095339471411f,-0.2388608970403697f,-0.18457606711283184f,-0.17260855825294566f,0.16513175178705358f,0.9710498391790087f,0.29630460971992595f,0.6993782470055958f,0.7147463787385624f,0.0027715871791217095f,0.20333275236669587f,0f,0f,0f,1f], start_interpolation: 0, interpolation_duration: 1 }
$data merge entity $(bone_leg_right_0) { transformation: [-0.7042531729964593f,-0.2620013909180023f,-0.6598353881699974f,-0.15184412581583406f,-0.07683760425159356f,0.9520818800929385f,-0.2960339105095414f,0.7031562494907906f,0.7057786132331405f,-0.15778265036349154f,-0.6906382441966109f,0.11553957609916594f,0f,0f,0f,1f], start_interpolation: 0, interpolation_duration: 1 }
$data merge entity $(bone_tail_4) { transformation: [-2.163410944834528f,-1.0697489761821692f,1.3419953589067957f,-0.6849543828209612f,-1.5777288449305369f,2.0894454134297207f,-0.8778672381241137f,0.6213149095330507f,-0.675341474547753f,-1.454481462190119f,-2.2481234175420535f,-1.5460411066365527f,0f,0f,0f,1f], start_interpolation: 0, interpolation_duration: 1 }
$data merge entity $(bone_tail_3) { transformation: [-1.9542861528129574f,-0.702606753553043f,0.15183843001569058f,-0.7038250108202028f,-0.7151140813345163f,1.855682253523967f,-0.6172525825606141f,0.7078188298248086f,0.07295895863475184f,-0.6314528088957322f,-1.9828993586506272f,-1.2036353902592745f,0f,0f,0f,1f], start_interpolation: 0, interpolation_duration: 1 }
$data merge entity $(bone_tail_2) { transformation: [-1.9118484198280556f,0.08877402947775404f,-0.39462471576679886f,-0.6318577207875187f,0.1732120563761467f,1.9025537335566778f,-0.4111699763580393f,0.7848352293248189f,0.3655230199723271f,-0.43724402525661443f,-1.8692202810932907f,-0.8559851819427151f,0f,0f,0f,1f], start_interpolation: 0, interpolation_duration: 1 }
$data merge entity $(bone_tail_1) { transformation: [-1.3872106231586045f,0.2532833032408215f,-0.5469465287350628f,-0.5159317547756352f,0.3424893708877033f,1.4606140897024917f,-0.19225962080350534f,0.8080256516073394f,0.4959878706428836f,-0.30018377581405115f,-1.3969760137214806f,-0.552175946208516f,0f,0f,0f,1f], start_interpolation: 0, interpolation_duration: 1 }
$data merge entity $(bone_tail_0) { transformation: [-0.9357589744118238f,0.21723675145376067f,-0.843207597338625f,-0.26428458707947344f,0.07745045138169333f,1.2536562748516478f,0.2370297211108553f,0.7690130171202955f,0.8672901970923755f,0.12243306304644555f,-0.9309423052394609f,-0.277178439598617f,0f,0f,0f,1f], start_interpolation: 0, interpolation_duration: 1 }
$data merge entity $(bone_body_1) { transformation: [-0.8730788460072537f,0.2117981334649313f,-0.8493994786740003f,-0.08107721379234573f,0.035321959565521345f,1.207181996903144f,0.2647047044947243f,0.6261606069958848f,0.8746943939933217f,0.16265845219341904f,-0.858519970707116f,-0.08854077341842519f,0f,0f,0f,1f], start_interpolation: 0, interpolation_duration: 1 }