# This file was generated by Animated Java via MC-Build. It is not recommended to edit this file directly.
$data merge entity $(bone_head_lower) { transformation: [-0.9999323986937813f,-0.011070973921298907f,0.0035540932648314874f,-0.0027185772392421042f,-0.009966179933436771f,0.9734967911841165f,0.22848341911780545f,0.3936757162581761f,-0.005989432363384968f,0.22843255260724615f,-0.9735413168475708f,0.813888302163715f,0f,0f,0f,1f], start_interpolation: 0, interpolation_duration: 1 }
$data merge entity $(bone_head_upper) { transformation: [-1.0408292171618576f,-0.011022295854088853f,-0.00499922792510999f,-0.0036338167379916892f,-0.010373792540139364f,0.5909865168218804f,0.8567959289974376f,0.46600819605007643f,-0.006234397651450596f,0.8567878316785044f,-0.5910564155451472f,0.7923794389763886f,0f,0f,0f,1f], start_interpolation: 0, interpolation_duration: 1 }
$data merge entity $(bone_neck_0) { transformation: [-0.9999930087294012f,0.0008689148195797705f,0.003636960180760174f,-0.0030896254491947755f,0.0015897292055467244f,0.9791418435622332f,0.20317165881737592f,0.463251834762847f,-0.0033845610310869276f,0.2031760201711498f,-0.9791363794559161f,0.7257698106739251f,0f,0f,0f,1f], start_interpolation: 0, interpolation_duration: 1 }
$data merge entity $(bone_neck_1) { transformation: [-0.9999156942993735f,-0.0018477466376096157f,0.012852631098932782f,-0.002009351242123134f,0.0016348706045918376f,0.9640313328358269f,0.26578358961547166f,0.49020836505934917f,-0.01288143982279517f,0.2657821949325093f,-0.9639470386722238f,0.6453352700427849f,0f,0f,0f,1f], start_interpolation: 0, interpolation_duration: 1 }
$data merge entity $(bone_neck_2) { transformation: [-0.9999968335703682f,-0.0014541529690603743f,0.002053847214405611f,-0.0018436558886998013f,-0.0006671349343998562f,0.9401331959912141f,0.34080658550903126f,0.5292700695713332f,-0.0024264748539500848f,0.34080413617573346f,-0.9401311892418501f,0.566309412377025f,0f,0f,0f,1f], start_interpolation: 0, interpolation_duration: 1 }
$data merge entity $(bone_body_0) { transformation: [-0.9999968335703682f,-0.0008521362200330374f,0.0023678498896797908f,-0.0007358147777968919f,-0.0006671349343998562f,0.9970261440881577f,0.07706116360190454f,0.575086627302667f,-0.0024264748539500848f,0.07705933991777181f,-0.9970235555648725f,0.09715003601452565f,0f,0f,0f,1f], start_interpolation: 0, interpolation_duration: 1 }
$data merge entity $(bone_leg_left_3) { transformation: [-0.989256926271651f,0.0016811657527141463f,-0.1461776573395431f,0.18390026572714063f,-0.0012148008421453728f,0.9998048086891907f,0.019719756106121478f,0.03327452955242924f,0.14618227690961352f,0.019685482053607206f,-0.9890617896339131f,-0.12991477582307154f,0f,0f,0f,1f], start_interpolation: 0, interpolation_duration: 1 }
$data merge entity $(bone_leg_left_2) { transformation: [-1.0151327852989338f,-0.0411307905775612f,-0.14098186329591275f,0.16838091215064785f,-0.0011013139452477564f,0.9867563644962692f,-0.27995153818901297f,0.2546325403866808f,0.1468550810136192f,-0.27691575378310507f,-0.9766337337957937f,-0.2244179650289751f,0f,0f,0f,1f], start_interpolation: 0, interpolation_duration: 1 }
$data merge entity $(bone_leg_left_1) { transformation: [-0.9383366261107443f,0.08107606705387817f,0.33608190586549014f,0.19126978233151934f,0.34213702019398845f,0.3574184953448761f,0.8690191474289753f,0.2988285868932732f,-0.04966523443902614f,0.9304185566380757f,-0.36311798902235176f,0.048595211859606566f,0f,0f,0f,1f], start_interpolation: 0, interpolation_duration: 1 }
$data merge entity $(bone_leg_left_0) { transformation: [-0.9560894310697169f,0.2746676220387972f,-0.10222865156274669f,0.19626537245442144f,0.29195165510493576f,0.8620924502098314f,-0.41419903231743294f,0.7049793519919867f,-0.025636514550024823f,-0.4258571411808916f,-0.9044271471085799f,-0.04796502143291771f,0f,0f,0f,1f], start_interpolation: 0, interpolation_duration: 1 }
$data merge entity $(bone_leg_right_3) { transformation: [-0.9880500770208311f,-0.007072575613052613f,0.1539708542982341f,-0.18440327125691922f,-0.0005158871803715942f,0.9990928281808356f,0.04258232659258687f,0.0312901627047818f,-0.1541323430028477f,0.04199403947964847f,-0.9871573944861254f,-0.12359456226976323f,0f,0f,0f,1f], start_interpolation: 0, interpolation_duration: 1 }
$data merge entity $(bone_leg_right_2) { transformation: [-1.013919873017352f,0.045080163511763735f,0.1483120678128537f,-0.16773867011693736f,-0.0006037405449496477f,0.9802126856753675f,-0.3020677504122767f,0.2504420066722376f,-0.15501072897875887f,-0.2986855691183148f,-0.9689276568468042f,-0.22292145903254806f,0f,0f,0f,1f], start_interpolation: 0, interpolation_duration: 1 }
$data merge entity $(bone_leg_right_1) { transformation: [-0.9390074835090106f,-0.0882257647958682f,-0.33238706403868934f,-0.19277921084546212f,-0.34055076570259113f,0.37305446026314526f,0.8630501408708262f,0.2992340211968949f,0.04785521803789426f,0.9236052100892234f,-0.38034628169943757f,0.04911842094539644f,0f,0f,0f,1f], start_interpolation: 0, interpolation_duration: 1 }
$data merge entity $(bone_leg_right_0) { transformation: [-0.9566027961608291f,-0.27191708128547937f,0.10474822806362671f,-0.19684026670373966f,-0.2904416306992584f,0.8606832523822519f,-0.4181722112066568f,0.7049793519919867f,0.023553121534928993f,-0.4304479526887021f,-0.902308046341196f,-0.0491745743683622f,0f,0f,0f,1f], start_interpolation: 0, interpolation_duration: 1 }
$data merge entity $(bone_tail_4) { transformation: [-2.7607217555674186f,0.03570991692037987f,-0.05292940364572f,0.0230443623154934f,0.03300476043574076f,2.7577570724803127f,0.13909689634708408f,0.6276974853649504f,0.054657165361289534f,0.13842710218144297f,-2.7574466202007097f,-1.8131765497435754f,0f,0f,0f,1f], start_interpolation: 0, interpolation_duration: 1 }
$data merge entity $(bone_tail_3) { transformation: [-2.082202896244417f,0.009128508321251167f,-0.017125864989451216f,0.02585894652592013f,0.010779699743336498f,2.072032950678033f,-0.20617656370783774f,0.642380942394115f,0.016137626506136926f,-0.20625626701935015f,-2.0719902160411947f,-1.4598251981964776f,0f,0f,0f,1f], start_interpolation: 0, interpolation_duration: 1 }
$data merge entity $(bone_tail_2) { transformation: [-1.9540053092996341f,0.0017962018094594028f,0.025177368621018447f,0.019734076648750334f,-0.0034689365122696834f,1.9116092635951774f,-0.40560062231134997f,0.718233520054103f,-0.025001854153098167f,-0.4056114791261957f,-1.9114466014756322f,-1.1046064537579783f,0f,0f,0f,1f], start_interpolation: 0, interpolation_duration: 1 }
$data merge entity $(bone_tail_1) { transformation: [-1.5116752012840802f,0.005413672904944095f,0.049649048011163474f,0.010428190904264913f,-0.0010374444094842599f,1.499859784802675f,-0.19513021201436445f,0.7418901193249322f,-0.04993254982307405f,-0.19505785828146446f,-1.4990381657552336f,-0.7795980803269571f,0f,0f,0f,1f], start_interpolation: 0, interpolation_duration: 1 }
$data merge entity $(bone_tail_0) { transformation: [-1.2777814243000272f,0.0032012717292702517f,0.03316775779484077f,0.0008130535755912038f,0.003164009519085615f,1.2782110640018054f,-0.001476987191488386f,0.7731672392181957f,-0.03317133312945051f,-0.0013943839916107f,-1.2777845808021502f,-0.4062333763094048f,0f,0f,0f,1f], start_interpolation: 0, interpolation_duration: 1 }
$data merge entity $(bone_body_1) { transformation: [-1.2363616474421826f,-0.0007803129817230282f,0.0037232918168067976f,1.7388801006136295e-17f,0f,1.2100784471557717f,0.2536035228172632f,0.632700601851852f,-0.0038041806348471344f,0.25360232234144997f,-1.210072719041699f,-0.14199033564814814f,0f,0f,0f,1f], start_interpolation: 0, interpolation_duration: 1 }