# This file was generated by Animated Java via MC-Build. It is not recommended to edit this file directly.
$data merge entity $(bone_head_lower) { transformation: [-0.959522523981643f,-0.2772405496099892f,0.049539919497797895f,-0.16297408048194725f,-0.14767251693706612f,0.6450591480746523f,0.7497276326951516f,0.788202145091029f,-0.2398110792131361f,0.7120648658213345f,-0.6598895916359615f,0.8022211709599347f,0f,0f,0f,1f], start_interpolation: 0, interpolation_duration: 1 }
$data merge entity $(bone_head_upper) { transformation: [-0.9987665954114406f,-0.2833710629866153f,0.07508709033903452f,-0.1644708423234213f,-0.15371226134957675f,0.7332520973795805f,0.7226242764969586f,0.8544352242838338f,-0.24961925243167038f,0.6822859700549243f,-0.7454180212908541f,0.7660770785460087f,0f,0f,0f,1f], start_interpolation: 0, interpolation_duration: 1 }
$data merge entity $(bone_neck_0) { transformation: [-0.9593287444389986f,0.09165622896833911f,0.26699718310198983f,-0.1483840731953669f,0.0259700717542617f,0.9704660972695291f,-0.23983558831734592f,0.8231661294894537f,-0.28109413986451676f,-0.22314723780892373f,-0.9333763414572255f,0.7094361408413976f,0f,0f,0f,1f], start_interpolation: 0, interpolation_duration: 1 }
$data merge entity $(bone_neck_1) { transformation: [-0.9183778095555307f,0.057505307376044756f,0.391503944475112f,-0.11495363084613569f,-0.04074175625734801f,0.9703848001245085f,-0.23810386175865506f,0.8074660487613836f,-0.39360171266529287f,-0.234619861288222f,-0.888836999947709f,0.6330591165867302f,0f,0f,0f,1f], start_interpolation: 0, interpolation_duration: 1 }
$data merge entity $(bone_neck_2) { transformation: [-0.97229938284311f,0.10668930082092867f,0.20796947663839668f,-0.09568938998568743f,0.039790891393784944f,0.952314822289008f,-0.30251142823163446f,0.790287536119554f,-0.23032714795480633f,-0.2858563841144653f,-0.9301803763657928f,0.5487696266035432f,0f,0f,0f,1f], start_interpolation: 0, interpolation_duration: 1 }
$data merge entity $(bone_body_0) { transformation: [-0.9737925230523816f,0.14852909869913444f,0.17224177451158387f,-0.013097562238549737f,0.04499912254840412f,0.8681635061388722f,-0.494233958342134f,0.5656272675306054f,-0.22294214724262038f,-0.47353060455295115f,-0.8520948101793405f,0.1426695669999357f,0f,0f,0f,1f], start_interpolation: 0, interpolation_duration: 1 }
$data merge entity $(bone_leg_left_3) { transformation: [-0.9971813696960832f,-0.051091580921539786f,0.054945120711319885f,0.2240038341627357f,-0.04845138091846501f,0.9976543325499659f,0.048355934810286647f,0.03784664263844148f,-0.05728681888652564f,0.04555747033386094f,-0.9973177714643624f,-0.17449841206792288f,0f,0f,0f,1f], start_interpolation: 0, interpolation_duration: 1 }
$data merge entity $(bone_leg_left_2) { transformation: [-1.0226926237706413f,-0.051309931137793696f,0.059407808850781826f,0.212292947973087f,-0.048571195415385286f,1.0234350719371668f,0.047787990181443446f,0.27780938259422444f,-0.06166713680508155f,0.044834629431903736f,-1.0228632458655762f,-0.1957542499385418f,0f,0f,0f,1f], start_interpolation: 0, interpolation_duration: 1 }
$data merge entity $(bone_leg_left_1) { transformation: [-0.9302540739581938f,-0.11833019356691617f,0.3473115649882675f,0.18025282050256955f,0.3320325035888691f,0.1313428835325271f,0.9340789385838163f,0.25733846064914867f,-0.15614664403915623f,0.9842494664645632f,-0.08289278207137118f,0.0791416526248781f,0f,0f,0f,1f], start_interpolation: 0, interpolation_duration: 1 }
$data merge entity $(bone_leg_left_0) { transformation: [-0.9498076033156166f,0.3127745297199959f,0.006132718995646477f,0.19211955168184106f,0.28255254867665597f,0.8661165292196951f,-0.41231809934655433f,0.6638232032756521f,-0.13427424890935008f,-0.38989005036146346f,-0.9110193053437262f,-0.015392009461371717f,0f,0f,0f,1f], start_interpolation: 0, interpolation_duration: 1 }
$data merge entity $(bone_leg_right_3) { transformation: [-0.9963683094248976f,0.05326844190701428f,0.06642789376888876f,-0.2337275101531381f,0.06560665188218073f,0.9775683902279859f,0.20013947550614455f,0.006917070436377265f,-0.05427669115358881f,0.20377074256100478f,-0.9775129284431766f,-0.11730251499533247f,0f,0f,0f,1f], start_interpolation: 0, interpolation_duration: 1 }
$data merge entity $(bone_leg_right_2) { transformation: [-1.022169285624143f,0.07484013228790357f,0.04038694871431236f,-0.2134484751324268f,0.06682999464414034f,1.008145482018405f,-0.17674455692449523f,0.23634844146031916f,-0.052591851490393096f,-0.1735045854889753f,-1.0095506205593685f,-0.1888642281855483f,0f,0f,0f,1f], start_interpolation: 0, interpolation_duration: 1 }
$data merge entity $(bone_leg_right_1) { transformation: [-0.9494333458666527f,0.023653717304690243f,-0.3130763859094497f,-0.20932666032599376f,-0.29148990952472886f,0.30410806392719925f,0.9069464802840991f,0.2650588550579955f,0.1166617092353714f,0.952343838701191f,-0.2818355167223632f,0.08712872182136308f,0f,0f,0f,1f], start_interpolation: 0, interpolation_duration: 1 }
$data merge entity $(bone_leg_right_0) { transformation: [-0.9660376005465984f,-0.25566490511800555f,0.03750747420410922f,-0.20043572822961123f,-0.2421586928097623f,0.8450748186718496f,-0.47666310780613985f,0.6638232032756521f,0.09016940626863376f,-0.46955724585799097f,-0.8782855293328135f,-0.03622128621048949f,0f,0f,0f,1f], start_interpolation: 0, interpolation_duration: 1 }
$data merge entity $(bone_tail_4) { transformation: [-2.4629974092085845f,-0.3276933911202754f,-1.2049573167742877f,0.1823914590410472f,0.30851185091711925f,2.422384739313367f,-1.2893928587460848f,0.5050666470349712f,1.2100105502331346f,-1.2846519169634254f,-2.1239598047436554f,-1.7427017785619068f,0f,0f,0f,1f], start_interpolation: 0, interpolation_duration: 1 }
$data merge entity $(bone_tail_3) { transformation: [-2.0060342067020005f,-0.2004653976531997f,-0.5211390523935655f,0.2727190953821925f,-0.06719208579726398f,2.0160101572022744f,-0.5168498773414932f,0.572977044410794f,0.5543081374038565f,-0.48110518230990623f,-1.94864717648087f,-1.407575236079749f,0f,0f,0f,1f], start_interpolation: 0, interpolation_duration: 1 }
$data merge entity $(bone_tail_2) { transformation: [-1.9429269163912497f,-0.17429668805755288f,0.11588587962876752f,0.24969800147867477f,-0.18179494409159883f,1.9414867992530198f,-0.1278807320583219f,0.5970773482219044f,-0.10372786929218913f,-0.13792587814187715f,-1.9465330349813417f,-1.0458285172821375f,0f,0f,0f,1f], start_interpolation: 0, interpolation_duration: 1 }
$data merge entity $(bone_tail_1) { transformation: [-1.410611881954778f,-0.046231984064125285f,0.543776582924912f,0.13459614496191277f,-0.10346158567904842f,1.5023873187516565f,-0.14065665552324663f,0.609078802553763f,-0.5358414586207156f,-0.16837814021927788f,-1.4043429008328137f,-0.741059416618794f,0f,0f,0f,1f], start_interpolation: 0, interpolation_duration: 1 }
$data merge entity $(bone_tail_0) { transformation: [-1.2113040662234573f,-0.009395752215440258f,0.40803173353901245f,0.01513305264396968f,-0.03224036375706171f,1.2760866525208296f,-0.06632594354416402f,0.6592550288899115f,-0.40686451636798937f,-0.07314568806510291f,-1.2095233318221492f,-0.3893737228732572f,0f,0f,0f,1f], start_interpolation: 0, interpolation_duration: 1 }
$data merge entity $(bone_body_1) { transformation: [-1.2346307054327952f,-0.0003703327477789919f,0.06550938186568916f,-0.00007201646090533726f,3.35118082372618e-20f,1.2363477446645932f,0.00698922878604972f,0.5743533367626886f,-0.06551042862604978f,0.00697941062552337f,-1.2346109778488128f,-0.10281407750342936f,0f,0f,0f,1f], start_interpolation: 0, interpolation_duration: 1 }