# This file was generated by Animated Java via MC-Build. It is not recommended to edit this file directly.
$data merge entity $(bone_head_lower) { transformation: [-0.9611516693323168f,-0.2606457598755169f,0.09083642660637367f,-0.17845831233900297f,-0.15387436649489092f,0.7791816081592876f,0.6076172321800148f,0.9184806819510144f,-0.22915092815761573f,0.5700349194261874f,-0.7890184045757631f,0.7506553262170877f,0f,0f,0f,1f], start_interpolation: 0, interpolation_duration: 1 }
$data merge entity $(bone_head_upper) { transformation: [-1.0004623721281465f,-0.25447181515155703f,0.1333832067117191f,-0.17528789494673563f,-0.1601677639702126f,0.8951656257580975f,0.5064550645707897f,0.9734453466846882f,-0.23852310563970883f,0.4662558743201976f,-0.8995466248735542f,0.6990385597930806f,0f,0f,0f,1f], start_interpolation: 0, interpolation_duration: 1 }
$data merge entity $(bone_neck_0) { transformation: [-0.9467093805523231f,0.17181329905559906f,0.27243630272389896f,-0.16015459931955783f,0.016354638615970613f,0.8703930998808551f,-0.4920857419957792f,0.9274927633557435f,-0.3216735527984506f,-0.46140659070653406f,-0.8268192568406925f,0.6531683112309274f,0f,0f,0f,1f], start_interpolation: 0, interpolation_duration: 1 }
$data merge entity $(bone_neck_1) { transformation: [-0.9024928846407806f,0.12605949227495275f,0.41184414234045363f,-0.12468525468547904f,-0.08504460971622829f,0.8852277443934078f,-0.457317455291588f,0.8928301061658978f,-0.42222506738820836f,-0.4477508737719453f,-0.7881910602801089f,0.584335451110928f,0f,0f,0f,1f], start_interpolation: 0, interpolation_duration: 1 }
$data merge entity $(bone_neck_2) { transformation: [-0.9601975111009261f,0.18220416718926083f,0.21171296874413423f,-0.10435371810183992f,0.04424847186313144f,0.8476042380893423f,-0.528780794196199f,0.8548035179818977f,-0.27579487379819906f,-0.49836602716462663f,-0.8219297357772025f,0.5074489268991179f,0f,0f,0f,1f], start_interpolation: 0, interpolation_duration: 1 }
$data merge entity $(bone_body_0) { transformation: [-0.9618401663155489f,0.20076550995361545f,0.18589433685602647f,-0.014829871806162248f,0.05062257848792131f,0.7982559192241709f,-0.6001873390624031f,0.5795418612348179f,-0.268888171940142f,-0.5678738393663144f,-0.7779578738942423f,0.13539059011252533f,0f,0f,0f,1f], start_interpolation: 0, interpolation_duration: 1 }
$data merge entity $(bone_leg_left_3) { transformation: [-0.9971990422915573f,-0.0495806128933509f,0.05599850781869587f,0.22324561869299833f,-0.04709881486428292f,0.9978849954361404f,0.044802204430075335f,0.03718066407096918f,-0.05810139147370629f,0.04203925199779272f,-0.9974251498735558f,-0.18041331112643177f,0f,0f,0f,1f], start_interpolation: 0, interpolation_duration: 1 }
$data merge entity $(bone_leg_left_2) { transformation: [-1.022704091759095f,-0.049168941515253556f,0.060999634344549525f,0.2120829708223545f,-0.047223897523289655f,1.0240587274860746f,0.033702012744132946f,0.2768555476026163f,-0.06251754715765023f,0.030795086467899583f,-1.0233305518978313f,-0.204957507235146f,0f,0f,0f,1f], start_interpolation: 0, interpolation_duration: 1 }
$data merge entity $(bone_leg_left_1) { transformation: [-0.9286709822460925f,-0.12029509538822492f,0.3508550936777398f,0.17928957719583352f,0.3293560389209532f,0.16756671608297297f,0.9292179482163848f,0.26653662113375615f,-0.17057199758570335f,0.9784939885797492f,-0.11599443069784279f,0.07041768908934505f,0f,0f,0f,1f], start_interpolation: 0, interpolation_duration: 1 }
$data merge entity $(bone_leg_left_0) { transformation: [-0.9482989935336031f,0.3166662687041818f,0.02124836765792079f,0.19162923785318486f,0.28025682535426627f,0.8669239938457308f,-0.41218794346379867f,0.673060868448573f,-0.1489467378142385f,-0.38492241186963694f,-0.910851033997853f,-0.023885267833734153f,0f,0f,0f,1f], start_interpolation: 0, interpolation_duration: 1 }
$data merge entity $(bone_leg_right_3) { transformation: [-0.9957715312467821f,0.0542724489571772f,0.07411854587503264f,-0.2366598838720427f,0.06709435316949815f,0.9807757906170501f,0.18324081508295792f,0.006340629775882817f,-0.06274874764650981f,0.18743892291541453f,-0.9802699856902197f,-0.11879382501447538f,0f,0f,0f,1f], start_interpolation: 0, interpolation_duration: 1 }
$data merge entity $(bone_leg_right_2) { transformation: [-1.0215801534127738f,0.07891846567176382f,0.046990056712486086f,-0.21522704361460507f,0.06842299564262738f,1.003963647155815f,-0.19858874176945962f,0.23411966666323708f,-0.06127383879860155f,-0.1946562880214836f,-1.0051948297286821f,-0.1951378868607255f,0f,0f,0f,1f], start_interpolation: 0, interpolation_duration: 1 }
$data merge entity $(bone_leg_right_1) { transformation: [-0.9512713494525882f,0.019827479655995028f,-0.30771690035021304f,-0.21246555001355322f,-0.28206020846840457f,0.34728805505084664f,0.8943338557931038f,0.2754174591702462f,0.12459879016030605f,0.9375488669234745f,-0.3247726337318106f,0.07927102725633625f,0f,0f,0f,1f], start_interpolation: 0, interpolation_duration: 1 }
$data merge entity $(bone_leg_right_0) { transformation: [-0.9675943454096623f,-0.2509412329624283f,0.02810125140529305f,-0.20077321390291158f,-0.23280229108094036f,0.8434339181778189f,-0.4841717865950859f,0.673060868448573f,0.0977971165153263f,-0.47502391862569265f,-0.8745215839159025f,-0.047418699628829414f,0f,0f,0f,1f], start_interpolation: 0, interpolation_duration: 1 }
$data merge entity $(bone_tail_4) { transformation: [-2.4171277033868113f,-0.4050438200654376f,-1.2724364427926442f,0.17007460703213784f,0.26239177155059756f,2.435994016931738f,-1.2738701029913981f,0.5186856011947034f,1.3093149183227617f,-1.2359344581730756f,-2.0937578158320713f,-1.7525401548928774f,0f,0f,0f,1f], start_interpolation: 0, interpolation_duration: 1 }
$data merge entity $(bone_tail_3) { transformation: [-1.992141446134312f,-0.2332003624047768f,-0.5594064493841814f,0.26721131709375756f,-0.10821065351014338f,2.0279546404530944f,-0.4600390817920941f,0.5768461008929384f,0.5963291365556808f,-0.4110512051843251f,-1.952274057005244f,-1.417484160665014f,0f,0f,0f,1f], start_interpolation: 0, interpolation_duration: 1 }
$data merge entity $(bone_tail_2) { transformation: [-1.9420263159696942f,-0.20208292228594768f,0.08043727745470698f,0.25077409503965464f,-0.20536862395882838f,1.9416928349433138f,-0.08016569107686122f,0.5920589003887845f,-0.0716337307224133f,-0.08812095240602565f,-1.9508657517555175f,-1.0548964162061258f,0f,0f,0f,1f], start_interpolation: 0, interpolation_duration: 1 }
$data merge entity $(bone_tail_1) { transformation: [-1.4152609367184652f,-0.062330237879207176f,0.5299128913743218f,0.13885677636577778f,-0.11628784501505027f,1.50206695198571f,-0.1338964482505606f,0.6026218035398799f,-0.5207397316323462f,-0.16603030807139058f,-1.4102908631559632f,-0.7488905080005839f,0f,0f,0f,1f], start_interpolation: 0, interpolation_duration: 1 }
$data merge entity $(bone_tail_0) { transformation: [-1.2088049356421025f,-0.011754237828440893f,0.41531696575554583f,0.017207855410498154f,-0.041906226089504076f,1.2746377781950777f,-0.08589597893312056f,0.6584818851481989f,-0.4133645030312305f,-0.09484771412646789f,-1.2058065414247658f,-0.3988146553430358f,0f,0f,0f,1f], start_interpolation: 0, interpolation_duration: 1 }
$data merge entity $(bone_body_1) { transformation: [-1.2341500436179813f,0.001617212179754725f,0.07399763184555681f,-0.00010448816872426642f,0f,1.2360723380255088f,-0.027014259649348248f,0.5815040783607682f,-0.07401530175568369f,-0.026965808891410203f,-1.2338554110239568f,-0.11014421724965706f,0f,0f,0f,1f], start_interpolation: 0, interpolation_duration: 1 }