# This file was generated by Animated Java via MC-Build. It is not recommended to edit this file directly.
$data merge entity $(bone_head_lower) { transformation: [-0.9843816637969013f,-0.11646477032183511f,0.13201779143102924f,-0.15845247783510674f,-0.09250965003073718f,0.9802216717005559f,0.1749498184616337f,1.1587616814562791f,-0.14978219063571957f,0.1600044736951134f,-0.9756863552217563f,0.5957797390061198f,0f,0f,0f,1f], start_interpolation: 0, interpolation_duration: 1 }
$data merge entity $(bone_head_upper) { transformation: [-1.024642463687168f,-0.08974554733562701f,0.1597670207709542f,-0.14977185120107506f,-0.09629325617130682f,1.0358204853836999f,-0.03571377127819477f,1.1795288511705964f,-0.15590821982347441f,-0.049935972769265875f,-1.027945021972756f,0.5237462198980396f,0f,0f,0f,1f], start_interpolation: 0, interpolation_duration: 1 }
$data merge entity $(bone_neck_0) { transformation: [-0.9427516043020239f,0.2965862366515856f,0.15249923545647745f,-0.1444204888083016f,0.02706673620987135f,0.5238125206346653f,-0.8514034502028424f,1.1159643024014967f,-0.3323955540871533f,-0.7985343120087003f,-0.5018527156127446f,0.5043645967818283f,0f,0f,0f,1f], start_interpolation: 0, interpolation_duration: 1 }
$data merge entity $(bone_neck_1) { transformation: [-0.9080682358369587f,0.2361123667654314f,0.34592344431157035f,-0.11402849267026252f,-0.14157855432425104f,0.604270136163924f,-0.7841001948066892f,1.0523245215698536f,-0.3941669595734893f,-0.7609918217700236f,-0.515290068970606f,0.45720697055894605f,0f,0f,0f,1f], start_interpolation: 0, interpolation_duration: 1 }
$data merge entity $(bone_neck_2) { transformation: [-0.9486104525320603f,0.290610656689143f,0.1252344024844014f,-0.10021175979396317f,0.054048808022549986f,0.538731419822713f,-0.8407420434634784f,0.9839437303043286f,-0.31179630481816406f,-0.790767920134921f,-0.5267534155439617f,0.40331730853860737f,0f,0f,0f,1f], start_interpolation: 0, interpolation_duration: 1 }
$data merge entity $(bone_body_0) { transformation: [-0.9475658807423746f,0.2738123760815203f,0.16475947425723383f,-0.019952832276910762f,0.0477246115644433f,0.6310541201937079f,-0.774269370979873f,0.6250450585841509f,-0.3159766812661197f,-0.7258081565338993f,-0.611032942487483f,0.10842554416660996f,0f,0f,0f,1f], start_interpolation: 0, interpolation_duration: 1 }
$data merge entity $(bone_leg_left_3) { transformation: [-0.997899407607144f,-0.03937186454703722f,0.051445394151477336f,0.218151247177939f,-0.03777946539473092f,0.9987873598417271f,0.03156773376219604f,0.0338311098550812f,-0.052625889938313214f,0.029557843332731506f,-0.9981767627057437f,-0.19640297067740203f,0f,0f,0f,1f], start_interpolation: 0, interpolation_duration: 1 }
$data merge entity $(bone_leg_left_2) { transformation: [-1.0234194989513066f,-0.03652728281031834f,0.05779694003531545f,0.2098352641299296f,-0.037825403560645045f,1.0247640822762778f,-0.02213626035776921f,0.2719593384377678f,-0.05695583826461684f,-0.024218439001050484f,-1.0238318705728113f,-0.23377760437503992f,0f,0f,0f,1f], start_interpolation: 0, interpolation_duration: 1 }
$data merge entity $(bone_leg_left_1) { transformation: [-0.9232343909496046f,-0.11638184984622772f,0.3661878266604212f,0.17718351325505421f,0.3200013696520092f,0.29464833787210565f,0.9004340511164844f,0.29787741135605794f,-0.21269081500796103f,0.94849228885404f,-0.2347871274062394f,0.040586209421118236f,0f,0f,0f,1f], start_interpolation: 0, interpolation_duration: 1 }
$data merge entity $(bone_leg_left_0) { transformation: [-0.9429800513260115f,0.3263161726302439f,0.06562300115920909f,0.19031813063671746f,0.2721014824590422f,0.8692974490977105f,-0.4126532784745628f,0.7044231679260863f,-0.19170134596497806f,-0.37126769381695784f,-0.9085212674907799f,-0.05351643775521621f,0f,0f,0f,1f], start_interpolation: 0, interpolation_duration: 1 }
$data merge entity $(bone_leg_right_3) { transformation: [-0.9933126679141561f,0.053522407593730614f,0.10230002759839106f,-0.24523613109529913f,0.06586571594309411f,0.9904203237159223f,0.12136428565995608f,0.005805879304113415f,-0.09482431768573209f,0.12729074693715317f,-0.9873223458018243f,-0.12057263691610554f,0f,0f,0f,1f], start_interpolation: 0, interpolation_duration: 1 }
$data merge entity $(bone_leg_right_2) { transformation: [-1.0191438252215146f,0.08983766320235813f,0.07305653484728486f,-0.22045625048451045f,0.06739400265430455f,0.9864383931474946f,-0.27287276234815877f,0.22720569232116244f,-0.09416003090369325f,-0.2663281627909876f,-0.9860351909466959f,-0.21298017112704737f,0f,0f,0f,1f], start_interpolation: 0, interpolation_duration: 1 }
$data merge entity $(bone_leg_right_1) { transformation: [-0.9571168508693156f,0.004604524353322829f,-0.28966555221062f,-0.22290415074876244f,-0.2506143554233341f,0.48841767797745766f,0.835847244832963f,0.3105721674142008f,0.1453264553952603f,0.8725978284379283f,-0.46631882995184887f,0.05170345941066405f,0f,0f,0f,1f], start_interpolation: 0, interpolation_duration: 1 }
$data merge entity $(bone_leg_right_0) { transformation: [-0.9723964474490527f,-0.2333336263526616f,0.0007535260962593104f,-0.20151385285652915f,-0.20157671805332497f,0.8384171408919828f,-0.5063827846573807f,0.7044231679260863f,0.11752436227145238f,-0.49255671416764735f,-0.8623084758954065f,-0.08515823397474383f,0f,0f,0f,1f], start_interpolation: 0, interpolation_duration: 1 }
$data merge entity $(bone_tail_4) { transformation: [-2.3033640473539636f,-0.5089099356645377f,-1.435683138557768f,0.11642415894815525f,-0.10413335934719922f,2.6492980477282155f,-0.7720346037416548f,0.6240418884906629f,1.519648525294002f,-0.5898235865793967f,-2.2289992884445664f,-1.7841713561631196f,0f,0f,0f,1f], start_interpolation: 0, interpolation_duration: 1 }
$data merge entity $(bone_tail_3) { transformation: [-1.9505336108330475f,-0.29798008042365504f,-0.6652608741882767f,0.23214378809567188f,-0.2888841765927565f,2.060754615254263f,-0.07603863667257567f,0.616769129594531f,0.6692608546518789f,0.021066879773971883f,-1.9716976495019896f,-1.4500504531313494f,0f,0f,0f,1f], start_interpolation: 0, interpolation_duration: 1 }
$data merge entity $(bone_tail_2) { transformation: [-1.9326675628419296f,-0.2830134324689396f,-0.05893524907525132f,0.24160327694963685f,-0.28698137760200015f,1.92628257310949f,0.16078250043807088f,0.5871261714922307f,0.034808841564624673f,0.1676684841573068f,-1.9466508415666373f,-1.0881066770076155f,0f,0f,0f,1f], start_interpolation: 0, interpolation_duration: 1 }
$data merge entity $(bone_tail_1) { transformation: [-1.4400754493809673f,-0.10938490155221745f,0.4493037874340895f,0.14763103982727005f,-0.1432985897984243f,1.502795034182283f,-0.09342831154877007f,0.5889976883829896f,-0.4396640356590344f,-0.13152292024389825f,-1.4411986355803037f,-0.7759490356249747f,0f,0f,0f,1f], start_interpolation: 0, interpolation_duration: 1 }
$data merge entity $(bone_tail_0) { transformation: [-1.20594385226547f,-0.01741500365207938f,0.4233578384947467f,0.02349578460723205f,-0.06745799274366435f,1.2687374826051605f,-0.13996548157222116f,0.6605157507115771f,-0.4183115597041775f,-0.15439441202500212f,-1.1979204986714853f,-0.42961463584204596f,0f,0f,0f,1f], start_interpolation: 0, interpolation_duration: 1 }
$data merge entity $(bone_body_1) { transformation: [-1.2323558564809538f,0.0102008408482454f,0.09899283256546063f,-0.0002057613168724113f,0f,1.2298551149795562f,-0.12673196603411715f,0.6071396879286695f,-0.09951702393733725f,-0.12632075863001058f,-1.2258646022061508f,-0.1361096879286694f,0f,0f,0f,1f], start_interpolation: 0, interpolation_duration: 1 }