# This file was generated by Animated Java via MC-Build. It is not recommended to edit this file directly.
$data merge entity $(bone_head_lower) { transformation: [-0.9918577686941665f,-0.05732800040397111f,0.11371748788428374f,-0.14201809331568946f,-0.055794033000497074f,0.9983038114051199f,0.016629071397717438f,1.2037831310934888f,-0.11447791299010224f,0.01014891638024673f,-0.9933739512055556f,0.5617449096997066f,0f,0f,0f,1f], start_interpolation: 0, interpolation_duration: 1 }
$data merge entity $(bone_head_upper) { transformation: [-1.0324243381596878f,-0.03908458260657522f,0.12666619107523683f,-0.13448418782069954f,-0.05807598570270366f,1.0274534949828789f,-0.15632798250995808f,1.2160594600225014f,-0.11916001193226702f,-0.16212234156168664f,-1.021268417462503f,0.48766395055488915f,0f,0f,0f,1f], start_interpolation: 0, interpolation_duration: 1 }
$data merge entity $(bone_neck_0) { transformation: [-0.9491469727335495f,0.2995752334355316f,0.09682305336429986f,-0.1327794022735957f,0.04923158077689575f,0.4449824774645813f,-0.8941850178814738f,1.151000972263443f,-0.31096024762812924f,-0.8439462508131251f,-0.43710233370862095f,0.4731994031703461f,0f,0f,0f,1f], start_interpolation: 0, interpolation_duration: 1 }
$data merge entity $(bone_neck_1) { transformation: [-0.9210790410796185f,0.24027246642955846f,0.3064025815160631f,-0.1057161768665201f,-0.1333245941903643f,0.544726681913299f,-0.8279477003988249f,1.083372422958834f,-0.3658386976084211f,-0.8034562737869339f,-0.4697021007453449f,0.42970804777584093f,0f,0f,0f,1f], start_interpolation: 0, interpolation_duration: 1 }
$data merge entity $(bone_neck_2) { transformation: [-0.9530327463619056f,0.28769832400263473f,0.09464807831096723f,-0.09460754894245373f,0.06030483774442524f,0.48650651291872465f,-0.871593219014628f,1.011777522852055f,-0.29680281485609694f,-0.8249491422225602f,-0.48100623887820804f,0.3794915260077455f,0f,0f,0f,1f], start_interpolation: 0, interpolation_duration: 1 }
$data merge entity $(bone_body_0) { transformation: [-0.9509073553207616f,0.27097392649568613f,0.14949358767647952f,-0.0215704163042032f,0.044818714944809296f,0.5985410298692861f,-0.7998374324534393f,0.640518991812913f,-0.30621313555687113f,-0.7538711870886994f,-0.5813017709330538f,0.0983446158526346f,0f,0f,0f,1f], start_interpolation: 0, interpolation_duration: 1 }
$data merge entity $(bone_leg_left_3) { transformation: [-0.9982503567014235f,-0.03406292525893983f,0.048331588720882425f,0.2156306840135093f,-0.03279126628429931f,0.9991011066887298f,0.02686468813942503f,0.03259255366584493f,-0.04920323364325587f,0.025232830522163747f,-0.9984700025853994f,-0.20064723377517094f,0f,0f,0f,1f], start_interpolation: 0, interpolation_duration: 1 }
$data merge entity $(bone_leg_left_2) { transformation: [-1.0237821909045868f,-0.030447272278055073f,0.0548196014042812f,0.20863936682078202f,-0.032769954576411214f,1.0242705730696153f,-0.04310594763367023f,0.2699655316199433f,-0.05346358727543669f,-0.04477673787987173f,-1.023327361151442f,-0.24279296768893105f,0f,0f,0f,1f], start_interpolation: 0, interpolation_duration: 1 }
$data merge entity $(bone_leg_left_1) { transformation: [-0.9212608629180215f,-0.11231919625695727f,0.3723745703021804f,0.1767238862415125f,0.31667860330925707f,0.33924143641689336f,0.8857933788553071f,0.30884081720117945f,-0.22581648447719754f,0.9339698314024893f,-0.27696077225550486f,0.03012368612709619f,0f,0f,0f,1f], start_interpolation: 0, interpolation_duration: 1 }
$data merge entity $(bone_leg_left_0) { transformation: [-0.9410367327736603f,0.32884115211470905f,0.0794566815726993f,0.18994970516369808f,0.26911834256277517f,0.8699683131749151f,-0.4131954159569749f,0.7153472437345275f,-0.20500045187008564f,-0.3674488137788223f,-0.9071693248702786f,-0.06413596306267276f,0f,0f,0f,1f], start_interpolation: 0, interpolation_duration: 1 }
$data merge entity $(bone_leg_right_3) { transformation: [-0.9922971086721033f,0.05232456046251811f,0.11228797127648357f,-0.2480596629443529f,0.06355371291155462f,0.9930684640410026f,0.09887341049240445f,0.006307373087153151f,-0.1063361354203724f,0.10524811684608948f,-0.9887443856751915f,-0.12003886275937345f,0f,0f,0f,1f], start_interpolation: 0, interpolation_duration: 1 }
$data merge entity $(bone_leg_right_2) { transformation: [-1.0181329464697766f,0.09287937921528502f,0.08270987685910886f,-0.22227399949590268f,0.06510268939082746f,0.979225282001394f,-0.298230928013957f,0.22524569416099108f,-0.10596764906115017f,-0.2907807894386557f,-0.9778954899919414f,-0.21787639743757312f,0f,0f,0f,1f], start_interpolation: 0, interpolation_duration: 1 }
$data merge entity $(bone_leg_right_1) { transformation: [-0.9590689341251084f,-0.0007230478606523802f,-0.2831717796637227f,-0.22655251694639159f,-0.23958123426982236f,0.5351570650089301f,0.8100665083539599f,0.3228968451931932f,0.15095566164234187f,0.8447522672196973f,-0.5134257446265271f,0.04185294755501248f,0f,0f,0f,1f], start_interpolation: 0, interpolation_duration: 1 }
$data merge entity $(bone_leg_right_0) { transformation: [-0.9739522013943702f,-0.226623936898634f,-0.0076616332217215866f,-0.20166183408403243f,-0.1906246102843613f,0.8366021830998478f,-0.5135747707846483f,0.7153472437345275f,0.12279807552643318f,-0.4987367827392849f,-0.8580106375738425f,-0.09839831680950739f,0f,0f,0f,1f], start_interpolation: 0, interpolation_duration: 1 }
$data merge entity $(bone_tail_4) { transformation: [-2.2705130386075063f,-0.4863708451485532f,-1.494615426824838f,0.09411414509421091f,-0.27787120077445737f,2.7087714930279714f,-0.45935381345883464f,0.6732894621011174f,1.5470033836076351f,-0.2272921713312951f,-2.2761327139598064f,-1.7894646997341341f,0f,0f,0f,1f], start_interpolation: 0, interpolation_duration: 1 }
$data merge entity $(bone_tail_3) { transformation: [-1.9378844822319334f,-0.2986686849415315f,-0.7009609662487722f,0.21589392912523978f,-0.3526873453106648f,2.0496862055769065f,0.10170359467542706f,0.6359865021555455f,0.6753968433645748f,0.21337525945498934f,-1.9581255395582096f,-1.4595270134728937f,0f,0f,0f,1f], start_interpolation: 0, interpolation_duration: 1 }
$data merge entity $(bone_tail_2) { transformation: [-1.9278138678899253f,-0.29934116911728303f,-0.11270505865115685f,0.23534881194721785f,-0.3120321389425096f,1.9114038586840074f,0.26066282488614617f,0.5877539457971641f,0.07031009913963192f,0.2751436506302873f,-1.93342347572372f,-1.0999903505153321f,0f,0f,0f,1f], start_interpolation: 0, interpolation_duration: 1 }
$data merge entity $(bone_tail_1) { transformation: [-1.450003610527186f,-0.121287331367397f,0.41283793758313975f,0.1493785988571625f,-0.14753024807439025f,1.5033424404684754f,-0.07650217375602901f,0.5859804980113286f,-0.4042036681689493f,-0.11360959438385478f,-1.4530548870234403f,-0.7855342258444497f,0f,0f,0f,1f], start_interpolation: 0, interpolation_duration: 1 }
$data merge entity $(bone_tail_0) { transformation: [-1.2063134623708716f,-0.018399625040013603f,0.42226176820216f,0.02553988018362218f,-0.07411003223455719f,1.2664283141783543f,-0.15653352597316483f,0.6622844036434893f,-0.4161144676756874f,-0.17221061358053827f,-1.1962558133381096f,-0.44011622248713284f,0f,0f,0f,1f], start_interpolation: 0, interpolation_duration: 1 }
$data merge entity $(bone_body_1) { transformation: [-1.2316625344234553f,0.01376143042020746f,0.10687665501235835f,-0.00023437499999998216f,0f,1.2262442612878623f,-0.15789112297667193f,0.616395625f,-0.10775897342607192f,-0.1572902722599981f,-1.221577819442865f,-0.14552187499999997f,0f,0f,0f,1f], start_interpolation: 0, interpolation_duration: 1 }