# This file was generated by Animated Java via MC-Build. It is not recommended to edit this file directly.
$data merge entity $(bone_head_lower) { transformation: [-0.9972508871767475f,0.004094381495317069f,0.07398583692410858f,-0.12123726911418542f,-0.008464006645232712f,0.9856428401912362f,-0.16863140920736736f,1.2438791650974157f,-0.07361405176119187f,-0.16879403905329118f,-0.982898541947935f,0.5307032584308375f,0f,0f,0f,1f], start_interpolation: 0, interpolation_duration: 1 }
$data merge entity $(bone_head_upper) { transformation: [-1.0380380329410737f,0.011640472884039655f,0.07624620739662843f,-0.11604190939999497f,-0.008810180990353295f,1.0043473852720233f,-0.2732776115814725f,1.2475897466337582f,-0.07662483580570306f,-0.27317168900124505f,-1.0014877959563278f,0.4555055436125055f,0f,0f,0f,1f], start_interpolation: 0, interpolation_duration: 1 }
$data merge entity $(bone_neck_0) { transformation: [-0.9558672327267732f,0.29209538238229216f,0.031593052878811145f,-0.11843143449920862f,0.0817455480517989f,0.367701554685946f,-0.9263440138821265f,1.1816957060979316f,-0.2821976236132612f,-0.882879297680312f,-0.3753513646632276f,0.4456565920967371f,0f,0f,0f,1f], start_interpolation: 0, interpolation_duration: 1 }
$data merge entity $(bone_neck_1) { transformation: [-0.9366998163328757f,0.23679906369731094f,0.2579140506332174f,-0.09549182560209002f,-0.1145674440251771f,0.4887785556981446f,-0.8648524869936917f,1.110683090969456f,-0.33085911631915904f,-0.8396557192812497f,-0.43070931987454425f,0.40530167070177603f,0f,0f,0f,1f], start_interpolation: 0, interpolation_duration: 1 }
$data merge entity $(bone_neck_2) { transformation: [-0.9592714422206643f,0.2756501700225928f,0.061767984477417104f,-0.08738169945610723f,0.07020201610918271f,0.4444235165312795f,-0.8930618203059504f,1.0367953615385415f,-0.27362378747852456f,-0.8523524633157854f,-0.44567398533616476f,0.3579122236952868f,0f,0f,0f,1f], start_interpolation: 0, interpolation_duration: 1 }
$data merge entity $(bone_body_0) { transformation: [-0.9563860497294243f,0.26103929062100456f,0.13108856790365012f,-0.023113423442968243f,0.0432785148596848f,0.570446613911441f,-0.8201936544673529f,0.6556753849700561f,-0.2888817994171443f,-0.7787484506752191f,-0.5568645764783918f,0.08804548461493777f,0f,0f,0f,1f], start_interpolation: 0, interpolation_duration: 1 }
$data merge entity $(bone_leg_left_3) { transformation: [-0.9986023970188863f,-0.0279319983159624f,0.04486709415832267f,0.21277818458197806f,-0.02695217500892158f,0.9993880265071495f,0.022296922129146378f,0.03145263290489139f,-0.045462434277358965f,0.021056494110412147f,-0.9987441069289743f,-0.20421684755341138f,0f,0f,0f,1f], start_interpolation: 0, interpolation_duration: 1 }
$data merge entity $(bone_leg_left_2) { transformation: [-1.024147044341647f,-0.02365076167620111f,0.0512413167190191f,0.20725997309237196f,-0.026842415386967345f,1.0233400023658183f,-0.06416325891672177f,0.2679671267975106f,-0.04964388988744526f,-0.06540703731829095f,-1.0224087260811014f,-0.25113715857848634f,0f,0f,0f,1f], start_interpolation: 0, interpolation_duration: 1 }
$data merge entity $(bone_leg_left_1) { transformation: [-0.9192541466437929f,-0.10718166861870096f,0.37879269236655455f,0.1763598400895424f,0.31339624972089025f,0.38305405801915887f,0.8689375002242314f,0.319704275239888f,-0.23823224915840752f,0.9174866094647735f,-0.3185336982389157f,0.019753658746915995f,0f,0f,0f,1f], start_interpolation: 0, interpolation_duration: 1 }
$data merge entity $(bone_leg_left_0) { transformation: [-0.9390690726798157f,0.33104917958821595f,0.09249712119974497f,0.18961981997752983f,0.2661060751383647f,0.87051876685271f,-0.41398627191211557f,0.7261409551170406f,-0.21757029556151755f,-0.36414765858262255f,-0.9055714489967468f,-0.07480149313948431f,0f,0f,0f,1f], start_interpolation: 0, interpolation_duration: 1 }
$data merge entity $(bone_leg_right_3) { transformation: [-0.9912175441344239f,0.050827703857590764f,0.12208326961826735f,-0.25085143438826124f,0.06044376406950459f,0.9952436026358209f,0.07639844761238329f,0.0072345747598319965f,-0.11761943540602267f,0.08310665396366917f,-0.9895751373603373f,-0.11896753407675492f,0f,0f,0f,1f], start_interpolation: 0, interpolation_duration: 1 }
$data merge entity $(bone_leg_right_2) { transformation: [-1.0170560068481354f,0.09556428985748586f,0.09234037545328805f,-0.22414396736533088f,0.06199090947402153f,0.9716195037188893f,-0.32276131527234986f,0.22364672866575758f,-0.11754320727887005f,-0.3144601818955588f,-0.9692061637884388f,-0.22203820358575088f,0f,0f,0f,1f], start_interpolation: 0, interpolation_duration: 1 }
$data merge entity $(bone_leg_right_1) { transformation: [-0.9609670140360357f,-0.005776883546211054f,-0.27660264921211275f,-0.23018165753186115f,-0.22857312552887993f,0.5798626668503433f,0.7819933592295822f,0.33515112258910573f,0.15587406525982608f,0.8146937554748415f,-0.5585493358421206f,0.03201632224090188f,0f,0f,0f,1f], start_interpolation: 0, interpolation_duration: 1 }
$data merge entity $(bone_leg_right_0) { transformation: [-0.975442223819979f,-0.2197071372684269f,-0.015531961320011889f,-0.20176126715314155f,-0.1797055961327642f,0.8346516909003784f,-0.5206365849570188f,0.7261409551170406f,0.12735135141686393f,-0.5050597278643901f,-0.8536371035644166f,-0.11160300387836293f,0f,0f,0f,1f], start_interpolation: 0, interpolation_duration: 1 }
$data merge entity $(bone_tail_4) { transformation: [-2.242010400166228f,-0.4314394045017089f,-1.553354672117633f,0.07106749385118277f,-0.4567806690310632f,2.721703530780995f,-0.09665734598984688f,0.7255224256323376f,1.5460925320128815f,0.17846921969201732f,-2.2810979706440757f,-1.790078753188734f,0f,0f,0f,1f], start_interpolation: 0, interpolation_duration: 1 }
$data merge entity $(bone_tail_3) { transformation: [-1.9271079087994305f,-0.28619662155142783f,-0.7350456636833378f,0.19850473406522018f,-0.41102755432308935f,2.0204872538664085f,0.2909177419735757f,0.6564214732142541f,0.6732436286176868f,0.4143287062470725f,-1.926400858012102f,-1.4674868877979448f,0f,0f,0f,1f], start_interpolation: 0, interpolation_duration: 1 }
$data merge entity $(bone_tail_2) { transformation: [-1.9226762811478262f,-0.30702152506411007f,-0.1668159946217686f,0.2280206930985035f,-0.3334912436005067f,1.890848462069036f,0.3636613244981191f,0.5890209616969815f,0.1042755165709069f,0.38626901460154267f,-1.9127720041880059f,-1.1117377301338736f,0f,0f,0f,1f], start_interpolation: 0, interpolation_duration: 1 }
$data merge entity $(bone_tail_1) { transformation: [-1.4598611487964297f,-0.13008563452848113f,0.37354973420428406f,0.1506218308181806f,-0.14919332400211294f,1.5039543987114163f,-0.0593192099558279f,0.5835440401107744f,-0.3663373149270619f,-0.09410177621015181f,-1.4644446310482775f,-0.7951052989988454f,0f,0f,0f,1f], start_interpolation: 0, interpolation_duration: 1 }
$data merge entity $(bone_tail_0) { transformation: [-1.207201404975961f,-0.018786509972575326f,0.4196993584116419f,0.027522571618776453f,-0.07960072037956453f,1.2640351952581794f,-0.17237884744857426f,0.664420566735074f,-0.4125096480364403f,-0.1889386375935182f,-1.1949785345708872f,-0.45046422320182417f,0f,0f,0f,1f], start_interpolation: 0, interpolation_duration: 1 }
$data merge entity $(bone_body_1) { transformation: [-1.2309377364792846f,0.01754094021700952f,0.11440803898244455f,-0.0002572016460905159f,0f,1.2220872806935685f,-0.1873693502770637f,0.6256650651577503f,-0.11574490903493447f,-0.18654647903284666f,-1.2167202317086672f,-0.15502858367626882f,0f,0f,0f,1f], start_interpolation: 0, interpolation_duration: 1 }