# This file was generated by Animated Java via MC-Build. It is not recommended to edit this file directly.
$data merge entity $(bone_head_lower) { transformation: [-0.9984846802341371f,0.053898309605212164f,0.011104753911425425f,-0.09739769986263241f,0.04625732926445708f,0.9313476291894889f,-0.3611811914987244f,1.278728411047885f,-0.029809441911116456f,-0.3601202102421067f,-0.9324295315722944f,0.5028214100087345f,0f,0f,0f,1f], start_interpolation: 0, interpolation_duration: 1 }
$data merge entity $(bone_head_upper) { transformation: [-1.03932228762043f,0.05616147642598114f,0.011270031259803682f,-0.0956823178532175f,0.048149234757486184f,0.9674915634273721f,-0.3809378800705376f,1.2742072714025008f,-0.031028635664680327f,-0.37983931582449515f,-0.9686233842450196f,0.42750824215167527f,0f,0f,0f,1f], start_interpolation: 0, interpolation_duration: 1 }
$data merge entity $(bone_neck_0) { transformation: [-0.960924613116066f,0.2741286430487033f,-0.03843663575308098f,-0.1023068258919768f,0.12226519676864697f,0.29574576297220345f,-0.9474099774348554f,1.2081059506698049f,-0.24834473935813997f,-0.9150890288623647f,-0.31770577534705247f,0.42189864814367645f,0f,0f,0f,1f], start_interpolation: 0, interpolation_duration: 1 }
$data merge entity $(bone_neck_1) { transformation: [-0.9526277178712397f,0.22598472009540008f,0.2035468924519293f,-0.08402264919094547f,-0.0871159283801795f,0.43846671127277315f,-0.8945153761272625f,1.1343487191280088f,-0.2913953434183413f,-0.8698723178656981f,-0.398008673831444f,0.3841746965719416f,0f,0f,0f,1f], start_interpolation: 0, interpolation_duration: 1 }
$data merge entity $(bone_neck_2) { transformation: [-0.9661277469862531f,0.25654078194617225f,0.02800006610193903f,-0.0790579388066781f,0.0833787218507715f,0.4129873347269645f,-0.9069120409927579f,1.058939826620797f,-0.2442235968242998f,-0.8738582771557207f,-0.42038856573488914f,0.33878988660454445f,0f,0f,0f,1f], start_interpolation: 0, interpolation_duration: 1 }
$data merge entity $(bone_body_0) { transformation: [-0.9630897258514369f,0.24538225455209817f,0.1106604225110919f,-0.024566523951357985f,0.04340364724918978f,0.5472843260538927f,-0.8358205488388069f,0.6702343035911964f,-0.2656582454298605f,-0.8001671172990462f,-0.5377343963598221f,0.0777350901029766f,0f,0f,0f,1f], start_interpolation: 0, interpolation_duration: 1 }
$data merge entity $(bone_leg_left_3) { transformation: [-0.998923754085378f,-0.021145170646363266f,0.041282142414259246f,0.20966003699454083f,-0.020415153520994784f,0.999629076370453f,0.018025847593629463f,0.030487455571566374f,-0.041647989515572206f,0.017163666073736705f,-0.9989849115658453f,-0.20711097199987968f,0f,0f,0f,1f], start_interpolation: 0, interpolation_duration: 1 }
$data merge entity $(bone_leg_left_2) { transformation: [-1.0244810681590408f,-0.016331428437342636f,0.04726547291206182f,0.20572456187645974f,-0.02019778227530392f,1.0220014219609066f,-0.0846601594714892f,0.2660667906193771f,-0.04574702258687778f,-0.08549021848009575f,-1.0211076495499165f,-0.2586663887864976f,0f,0f,0f,1f], start_interpolation: 0, interpolation_duration: 1 }
$data merge entity $(bone_leg_left_1) { transformation: [-0.9172496890546227f,-0.10119699662212135f,0.38524300876701245f,0.17606825661523284f,0.31025146972937795f,0.4250341086827578f,0.8503470068078173f,0.3302572072659458f,-0.2497939820331128f,0.8995027372559329f,-0.35846588709265614f,0.009686885143146237f,0f,0f,0f,1f], start_interpolation: 0, interpolation_duration: 1 }
$data merge entity $(bone_leg_left_0) { transformation: [-0.9371204905308353f,0.3329751473850383f,0.10455973149907499f,0.1893290347917628f,0.26313817264757233f,0.8709086568356874f,-0.4150619394070665f,0.7365894419617947f,-0.22926728576694733f,-0.36144939157864253f,-0.9037648195213653f,-0.08531598520129938f,0f,0f,0f,1f], start_interpolation: 0, interpolation_duration: 1 }
$data merge entity $(bone_leg_right_3) { transformation: [-0.9901052127662345f,0.04914533371531833f,0.13143973458258082f,-0.2535829137644713f,0.056719198704619264f,0.9969009253432091f,0.0545112607463768f,0.008586433656750186f,-0.12835341893161728f,0.06142703984291886f,-0.9898242867421981f,-0.11745733220289607f,0f,0f,0f,1f], start_interpolation: 0, interpolation_duration: 1 }
$data merge entity $(bone_leg_right_2) { transformation: [-1.0159442761550082f,0.09787337385375501f,0.10168692117993328f,-0.22605007720213408f,0.05824459606744543f,0.9638864328385747f,-0.34582179098397253f,0.22248915992723559f,-0.12855735792832323f,-0.3367579943830664f,-0.9602756158740459f,-0.22543250838196532f,0f,0f,0f,1f], start_interpolation: 0, interpolation_duration: 1 }
$data merge entity $(bone_leg_right_1) { transformation: [-0.9627788008236435f,-0.010385248514625169f,-0.2700909611554527f,-0.2337211545011142f,-0.21779321778601862f,0.6215927667563127f,0.7524550130091793f,0.34711160964428683f,0.16007215551431378f,0.7832717146236814f,-0.6007181752698013f,0.022405715585524705f,0f,0f,0f,1f], start_interpolation: 0, interpolation_duration: 1 }
$data merge entity $(bone_leg_right_0) { transformation: [-0.9768435487428454f,-0.21274201055534347f,-0.02274902688807126f,-0.20181557483308568f,-0.1690255356652924f,0.8325258741361017f,-0.5275708835663514f,0.7365894419617947f,0.1311756439761018f,-0.5115090476607329f,-0.8492063616039773f,-0.12455118518390293f,0f,0f,0f,1f], start_interpolation: 0, interpolation_duration: 1 }
$data merge entity $(bone_tail_4) { transformation: [-2.220335966899325f,-0.3456953565898785f,-1.6050745297728202f,0.04854620095383916f,-0.627605093718166f,2.673249078064219f,0.2924252803158774f,0.7781272524842429f,1.5171952320094648f,0.5999128425538196f,-2.227977679624898f,-1.7858019181357365f,0f,0f,0f,1f], start_interpolation: 0, interpolation_duration: 1 }
$data merge entity $(bone_tail_3) { transformation: [-1.9190699992066977f,-0.2609164100238814f,-0.7648780890896937f,0.18079453136916382f,-0.46041522580192684f,1.9726604699317327f,0.4822592832314604f,0.6770498681564164f,0.6641789548299556f,0.6135787018740226f,-1.8757219992877467f,-1.4737531320227801f,0f,0f,0f,1f], start_interpolation: 0, interpolation_duration: 1 }
$data merge entity $(bone_tail_2) { transformation: [-1.9177319621937032f,-0.3053670788129701f,-0.21869829299905477f,0.2199593460850473f,-0.3501298981154831f,1.8652734820732555f,0.46576578504945204f,0.5906499714223062f,0.13596709392021492f,0.4962657143651213f,-1.8852074594376462f,-1.123078554812304f,0f,0f,0f,1f], start_interpolation: 0, interpolation_duration: 1 }
$data merge entity $(bone_tail_1) { transformation: [-1.4692155373588416f,-0.1354304354055659f,0.3327469788731832f,0.1514150531038402f,-0.1483607677048616f,1.5046005541830971f,-0.04269080648034915f,0.5815861089476685f,-0.3271865483014177f,-0.07410816093911228f,-1.4748264959285304f,-0.8044938670202264f,0f,0f,0f,1f], start_interpolation: 0, interpolation_duration: 1 }
$data merge entity $(bone_tail_0) { transformation: [-1.2085099519159042f,-0.018535790770464532f,0.4159276826141306f,0.029424015535334323f,-0.08387511738277388f,1.2616065568214925f,-0.18748220463039286f,0.6668175802034592f,-0.40780433713764414f,-0.20455081723024268f,-1.194022739467802f,-0.46050884647236295f,0f,0f,0f,1f], start_interpolation: 0, interpolation_duration: 1 }
$data merge entity $(bone_body_1) { transformation: [-1.2301939880067154f,0.021438305921944414f,0.1215226150458451f,-0.00027231224279833377f,2.144755727184755e-18f,1.2175661501742283f,-0.21479586822413163f,0.6347428900891633f,-0.12339913665979814f,-0.213723335285026f,-1.211486518324703f,-0.16445941786694102f,0f,0f,0f,1f], start_interpolation: 0, interpolation_duration: 1 }