# This file was generated by Animated Java via MC-Build. It is not recommended to edit this file directly.
$data merge entity $(bone_head_lower) { transformation: [-0.9943929050332678f,0.07977656319244433f,-0.06941505877474172f,-0.07175857438614763f,0.10468566332162084f,0.8354618251505344f,-0.5394853571794607f,1.3080049193269536f,0.01495534400845163f,-0.543727173020937f,-0.8391287737911559f,0.4784186469896618f,0f,0f,0f,1f], start_interpolation: 0, interpolation_duration: 1 }
$data merge entity $(bone_head_upper) { transformation: [-1.0350631605187515f,0.08965944203609703f,-0.06385437161398405f,-0.07446856067577375f,0.10896726333244876f,0.9200235497615583f,-0.4745047375838153f,1.2959865249846643f,0.015567011347003968f,-0.47852878170641366f,-0.9242509485090101f,0.40396281670391365f,0f,0f,0f,1f], start_interpolation: 0, interpolation_duration: 1 }
$data merge entity $(bone_neck_0) { transformation: [-0.9629121823966446f,0.24685115143437553f,-0.10892491922262132f,-0.08520756622168393f,0.16808795276196684f,0.2330225817656859f,-0.9578344932834404f,1.230214443870148f,-0.21106058165470493f,-0.9406194689792347f,-0.2658729874372355f,0.40210718741785506f,0f,0f,0f,1f], start_interpolation: 0, interpolation_duration: 1 }
$data merge entity $(bone_neck_1) { transformation: [-0.9669927213893698f,0.2087090490810883f,0.1461697971937052f,-0.0718635694203035f,-0.05314441722697427f,0.39583983655268745f,-0.9167805052004252f,1.1543746869825597f,-0.24920021608655624f,-0.8942881843285249f,-0.37168251999899604f,0.36650092576168664f,0f,0f,0f,1f], start_interpolation: 0, interpolation_duration: 1 }
$data merge entity $(bone_neck_2) { transformation: [-0.9725546604952058f,0.23260577986233638f,-0.005655397748128718f,-0.07008166871505798f,0.09916118761452399f,0.39237254267505983f,-0.9144456499024889f,1.0781039621343553f,-0.2104863207430174f,-0.8899091745393699f,-0.4046692104061352f,0.32233610089905657f,0f,0f,0f,1f], start_interpolation: 0, interpolation_duration: 1 }
$data merge entity $(bone_body_0) { transformation: [-0.9701515869084985f,0.22551659783735745f,0.08915246782218583f,-0.025916117462068025f,0.0452456269100619f,0.529519034277496f,-0.8470905651601506f,0.6839176860642817f,-0.2382409109797009f,-0.817772496748143f,-0.5239173712503438f,0.06762550327176481f,0f,0f,0f,1f], start_interpolation: 0, interpolation_duration: 1 }
$data merge entity $(bone_leg_left_3) { transformation: [-0.999189302277633f,-0.013922986306808176f,0.03777417988834898f,0.206357975267796f,-0.01339461498113026f,0.9998093851627029f,0.014204845303104868f,0.029749781510314904f,-0.037964753435840964f,0.01368735887153881f,-0.9991853350123178f,-0.20937859538581982f,0f,0f,0f,1f], start_interpolation: 0, interpolation_duration: 1 }
$data merge entity $(bone_leg_left_2) { transformation: [-1.0247581368441288f,-0.008720095805374434f,0.043091999275843736f,0.20406728186783107f,-0.013054065158258403f,1.020335307692059f,-0.1039598516759686f,0.2643553834137585f,-0.041982756642318896f,-0.10441273536686278f,-1.0195085229357408f,-0.2652895634089715f,0f,0f,0f,1f], start_interpolation: 0, interpolation_duration: 1 }
$data merge entity $(bone_leg_left_1) { transformation: [-0.9152864707690889f,-0.09462934870483097f,0.39153028336358014f,0.17582264912024453f,0.30734659926217167f,0.4642180265287866f,0.8306862775848033f,0.3402914297028131f,-0.26036271689518814f,0.8806514124268572f,-0.3958084706541003f,0.00013338822616153212f,0f,0f,0f,1f], start_interpolation: 0, interpolation_duration: 1 }
$data merge entity $(bone_leg_left_0) { transformation: [-0.9352378944171142f,0.3346613694212447f,0.11546362484930049f,0.189076747842109f,0.2602932852332266f,0.8710959604947753f,-0.4164603621861014f,0.746480255194787f,-0.2399530923091781f,-0.359435106002157f,-0.9017920592156937f,-0.09548170198963518f,0f,0f,0f,1f], start_interpolation: 0, interpolation_duration: 1 }
$data merge entity $(bone_leg_right_3) { transformation: [-0.9889959462742993f,0.047393788912504405f,0.14014580630728993f,-0.2562135130641356f,0.05261416784912013f,0.9980434128474778f,0.033780103808359996f,0.010317800481796313f,-0.13827063171385323f,0.040782040707595f,-0.9895544742767707f,-0.11565497128298774f,0f,0f,0f,1f], start_interpolation: 0, interpolation_duration: 1 }
$data merge entity $(bone_leg_right_2) { transformation: [-1.0148338364634646f,0.09979950897195056f,0.11051941855845233f,-0.22796045618346994f,0.0541018398712569f,0.9563442677189312f,-0.36679808072614023f,0.22182062468700792f,-0.1387352687390112f,-0.35708248222335526f,-0.9514761298097897f,-0.22808002274454067f,0f,0f,0f,1f], start_interpolation: 0, interpolation_duration: 1 }
$data merge entity $(bone_leg_right_1) { transformation: [-0.9644742767682786f,-0.014423798488098279f,-0.26378272022534194f,-0.2370970132116955f,-0.20745461736057896f,0.6595609790433413f,0.7224554634433631f,0.3585548144755688f,0.16356023718520968f,0.7515126538925101f,-0.6391218818436388f,0.013236512802241612f,0f,0f,0f,1f], start_interpolation: 0, interpolation_duration: 1 }
$data merge entity $(bone_leg_right_0) { transformation: [-0.9781363880938453f,-0.20590284850768847f,-0.029209985675218944f,-0.20182986812116274f,-0.1588001342214595f,0.8301863202991387f,-0.5343904854686525f,0.746480255194787f,0.13428225369710267f,-0.5180682296421927f,-0.8447328487619216f,-0.1370211308782606f,0f,0f,0f,1f], start_interpolation: 0, interpolation_duration: 1 }
$data merge entity $(bone_tail_4) { transformation: [-2.2078555212450053f,-0.23465643258050198f,-1.641941438528347f,0.02783928804303082f,-0.7783057404244493f,2.5605992261206554f,0.6806123046291834f,0.8285345403262413f,1.4646759038539194f,1.0069405610257696f,-2.113399284288422f,-1.777253341418802f,0f,0f,0f,1f], start_interpolation: 0, interpolation_duration: 1 }
$data merge entity $(bone_tail_3) { transformation: [-1.9144346191179968f,-0.22470573080224088f,-0.7876502711937616f,0.1635945890932035f,-0.4982028062699621f,1.9088543414680645f,0.666344200040564f,0.6968675498639828f,0.6501381230105719f,0.8010792492928499f,-1.8087393353949983f,-1.4783971798725588f,0f,0f,0f,1f], start_interpolation: 0, interpolation_duration: 1 }
$data merge entity $(bone_tail_2) { transformation: [-1.9134653348960364f,-0.29462520673530973f,-0.2657447548121184f,0.211510949300037f,-0.3609193936804501f,1.8361606621664186f,0.5630498103904227f,0.5923678595822653f,0.16480739795079913f,0.6004031023167109f,-1.8523305621060009f,-1.1337882404576116f,0f,0f,0f,1f], start_interpolation: 0, interpolation_duration: 1 }
$data merge entity $(bone_tail_1) { transformation: [-1.4777310783612292f,-0.13725193983849188f,0.2917687698433996f,0.15181511122571228f,-0.14522326452324674f,1.5052622727256344f,-0.02742159277046461f,0.5800071463682889f,-0.28788420152306166f,-0.054805522709204246f,-1.4838380272772365f,-0.8135378748305386f,0f,0f,0f,1f], start_interpolation: 0, interpolation_duration: 1 }
$data merge entity $(bone_tail_0) { transformation: [-1.210138317677532f,-0.01764070692652215f,0.41120527006806856f,0.031225672329851382f,-0.08693188702373007f,1.259186235443414f,-0.20181325048758464f,0.6693680756417693f,-0.40229816764573273f,-0.21903092592828918f,-1.1933219826936525f,-0.4701070625161181f,0f,0f,0f,1f], start_interpolation: 0, interpolation_duration: 1 }
$data merge entity $(bone_body_1) { transformation: [-1.2294454710530083f,0.025340580756454904f,0.12816506439128605f,-0.0002777777777777565f,0f,1.2128873554155575f,-0.23981004593074312f,0.6434239814814815f,-0.1306461968964153f,-0.23846742565019383f,-1.2060967843405117f,-0.17364398148148152f,0f,0f,0f,1f], start_interpolation: 0, interpolation_duration: 1 }