# This file was generated by Animated Java via MC-Build. It is not recommended to edit this file directly.
$data merge entity $(bone_head_lower) { transformation: [-0.9996061476129938f,-0.027909281287581675f,0.002936268434643511f,-0.0043128393935813625f,-0.023871724676836487f,0.9006453919438766f,0.4338986272520512f,0.35933918181668495f,-0.01475433547344498f,0.43365764145034014f,-0.9009569132852386f,0.8129935789279994f,0f,0f,0f,1f], start_interpolation: 0, interpolation_duration: 1 }
$data merge entity $(bone_head_upper) { transformation: [-1.040489622547804f,-0.024680534553800315f,-0.015625593363917556f,-0.006267219250069934f,-0.024848068269567154f,0.45506925502583895f,0.9358239627285714f,0.4340631666373484f,-0.015357781646669101f,0.9358283960897285f,-0.455479191839239f,0.8026030551830344f,0f,0f,0f,1f], start_interpolation: 0, interpolation_duration: 1 }
$data merge entity $(bone_neck_0) { transformation: [-0.9999825618746142f,0.0008792469522059724f,0.005839766389207107f,-0.005580761467098425f,0.0027052971162237274f,0.9471992916434767f,0.3206340332491378f,0.43942026976487386f,-0.005249506090712536f,0.32064424029583516f,-0.9471851528877075f,0.7361533262438571f,0f,0f,0f,1f], start_interpolation: 0, interpolation_duration: 1 }
$data merge entity $(bone_neck_1) { transformation: [-0.9996025744563158f,-0.005203380869950318f,0.027705919364416538f,-0.0032576777819859405f,0.0047765446048314815f,0.9373437082137291f,0.3483733016374442f,0.4732502861089265f,-0.027782688169854464f,0.3483671877482979f,-0.936946329700052f,0.6583865587857434f,0f,0f,0f,1f], start_interpolation: 0, interpolation_duration: 1 }
$data merge entity $(bone_neck_2) { transformation: [-0.9999909419521793f,-0.0037396309524215807f,0.002032528950077397f,-0.0031162263262855877f,-0.0025766446912579093f,0.9119739574228548f,0.41024000522210435f,0.5181191823933152f,-0.003387759691628774f,0.41023105214359f,-0.9119753324193779f,0.582507098245706f,0f,0f,0f,1f], start_interpolation: 0, interpolation_duration: 1 }
$data merge entity $(bone_body_0) { transformation: [-0.9999909419521793f,-0.002806030947511886f,0.003200344343163375f,-0.0016346469909577109f,-0.0025766446912579093f,0.9975746996175462f,0.0695563051426511f,0.560403954153134f,-0.003387759691628774f,0.06954742894805087f,-0.9975728936829567f,0.11301726054629627f,0f,0f,0f,1f], start_interpolation: 0, interpolation_duration: 1 }
$data merge entity $(bone_leg_left_3) { transformation: [-0.9939607629542991f,-0.01314233694777061f,-0.10894622841961367f,0.1912848421932003f,-0.016099974703508484f,0.9995241052192728f,0.02631261864882914f,0.031879149044033966f,0.10854857217786783f,0.02790774202911417f,-0.9936993335073655f,-0.13452479032290698f,0f,0f,0f,1f], start_interpolation: 0, interpolation_duration: 1 }
$data merge entity $(bone_leg_left_2) { transformation: [-1.0198439530548826f,-0.03764993523907118f,-0.10277642382656534f,0.17775028134561302f,-0.016143769706115595f,1.004318322528542f,-0.20771683907142935f,0.2595398660091047f,0.10825843901405546f,-0.2049131252766496f,-0.9991761210979224f,-0.21300081009728483f,0f,0f,0f,1f], start_interpolation: 0, interpolation_duration: 1 }
$data merge entity $(bone_leg_left_1) { transformation: [-0.9379935505866377f,0.04434406924909222f,0.3438047448484448f,0.19024379261536106f,0.34185452429388297f,0.28277097069560675f,0.896200905127677f,0.2820205203892987f,-0.05747680643246929f,0.9581618765398131f,-0.28039656750400566f,0.06331769817633155f,0f,0f,0f,1f], start_interpolation: 0, interpolation_duration: 1 }
$data merge entity $(bone_leg_left_0) { transformation: [-0.9559302047785937f,0.27793541282881307f,-0.09460100362910115f,0.19591999952754252f,0.2916659756364672f,0.8621370258070766f,-0.4143075034181206f,0.6881643999829921f,-0.03359169909343249f,-0.4236409506034627f,-0.9052071269736064f,-0.03323388548818812f,0f,0f,0f,1f], start_interpolation: 0, interpolation_duration: 1 }
$data merge entity $(bone_leg_right_3) { transformation: [-0.9916897302903432f,0.0018262210887323022f,0.12863958859232144f,-0.19179944806485377f,0.012810759217456436f,0.996331404503163f,0.0846145191384243f,0.02630092808719045f,-0.12801313715763296f,0.0855593204583201f,-0.9880750170901862f,-0.11986851670640218f,0f,0f,0f,1f], start_interpolation: 0, interpolation_duration: 1 }
$data merge entity $(bone_leg_right_2) { transformation: [-1.0175734748221235f,0.04523108069758035f,0.12066719594841423f,-0.17594835059513386f,0.012940506251723528f,0.9914544655847503f,-0.2625124482204621f,0.24927463838999855f,-0.12821453169228936f,-0.25891000658854546f,-0.9841691124252686f,-0.21043638787946484f,0f,0f,0f,1f], start_interpolation: 0, interpolation_duration: 1 }
$data merge entity $(bone_leg_right_1) { transformation: [-0.9395739969113908f,-0.06196740403441153f,-0.33669087478752685f,-0.1936383397641959f,-0.33815908573379533f,0.32133148291782737f,0.8845306726290012f,0.2829235212618941f,0.05337730850874547f,0.9449370978658134f,-0.3228695464321405f,0.06446032476809947f,0f,0f,0f,1f], start_interpolation: 0, interpolation_duration: 1 }
$data merge entity $(bone_leg_right_0) { transformation: [-0.957153662247f,-0.2717010092685247f,0.1001769854288944f,-0.197178378707082f,-0.28813607415085113f,0.8590676963173847f,-0.4230606291264609f,0.6881643999829921f,0.028887187819015968f,-0.43379863382266054f,-0.900546653801735f,-0.035911867108377266f,0f,0f,0f,1f], start_interpolation: 0, interpolation_duration: 1 }
$data merge entity $(bone_tail_4) { transformation: [-2.7576353588428417f,0.07778508346065212f,-0.12271120588899459f,0.05789011837033498f,0.07865351441092726f,2.760282006450898f,-0.01783819313199955f,0.6014063556452275f,0.12215639127987506f,-0.021308619251932705f,-2.7586745169401654f,-1.798711842456152f,0f,0f,0f,1f], start_interpolation: 0, interpolation_duration: 1 }
$data merge entity $(bone_tail_3) { transformation: [-2.0818725777996074f,0.019907256831814924f,-0.03682114848689169f,0.06393881632372785f,0.02420468723253599f,2.066963902571507f,-0.25103761595980906f,0.6237461939505308f,0.03415009467683338f,-0.25141490138064937f,-2.066777647557126f,-1.4458024372083926f,0f,0f,0f,1f], start_interpolation: 0, interpolation_duration: 1 }
$data merge entity $(bone_tail_2) { transformation: [-1.9530631683417738f,0.0037520036375133597f,0.06560531943579435f,0.05029964074029111f,-0.009361743543537138f,1.9151930641280956f,-0.38822900442424163f,0.6963659211562611f,-0.06504224186936951f,-0.3883237368319337f,-1.9140919667529737f,-1.0901174191388792f,0f,0f,0f,1f], start_interpolation: 0, interpolation_duration: 1 }
$data merge entity $(bone_tail_1) { transformation: [-1.5074343968022972f,0.01234942885954286f,0.12306616490383462f,0.02510637656014967f,-0.003497121899850496f,1.5000844753638125f,-0.1933664575641118f,0.7196425834444158f,-0.12363478262896856f,-0.19300338955396348f,-1.4950319000425942f,-0.7659258501067698f,0f,0f,0f,1f], start_interpolation: 0, interpolation_duration: 1 }
$data merge entity $(bone_tail_0) { transformation: [-1.275674011853347f,0.006877622645900855f,0.08027596385441425f,0.0018138434207549444f,0.0067496422072599455f,1.2781960323847465f,-0.0022498244362101866f,0.7511451816032997f,-0.08028682579407787f,-0.0018214518001817362f,-1.2756905676931527f,-0.3931833712960347f,0f,0f,0f,1f], start_interpolation: 0, interpolation_duration: 1 }
$data merge entity $(bone_body_1) { transformation: [-1.2363388110173354f,-0.001607603414095244f,0.008267710671921722f,1.554456655412171e-17f,1.340472329490472e-19f,1.2136375576516867f,0.2359840539390294f,0.6145350925925926f,-0.008422554748508258f,0.2359785781056444f,-1.2136093961003256f,-0.1269310185185185f,0f,0f,0f,1f], start_interpolation: 0, interpolation_duration: 1 }