# This file was generated by Animated Java via MC-Build. It is not recommended to edit this file directly.
$data merge entity $(bone_head_lower) { transformation: [-0.9378375680645418f,-0.062192970239476994f,-0.3414567767369363f,0.023198213354362753f,0.2988282470645251f,0.35569433751114854f,-0.8855412000685503f,1.3648858027746535f,0.17652867949183065f,-0.9325307355338462f,-0.31499849618938447f,0.4295083362711451f,0f,0f,0f,1f], start_interpolation: 0, interpolation_duration: 1 }
$data merge entity $(bone_head_upper) { transformation: [-0.9761947338327283f,0.0970585214773982f,-0.3479876831575766f,0.001085243939262022f,0.3110501978576946f,0.7357643492542453f,-0.6673608764099623f,1.335497654986532f,0.18374862892943009f,-0.729864650711764f,-0.7190312758089566f,0.36360833744696297f,0f,0f,0f,1f], start_interpolation: 0, interpolation_duration: 1 }
$data merge entity $(bone_neck_0) { transformation: [-0.937131386403707f,0.10676888988497374f,-0.3322426353883514f,-0.021828436515160126f,0.3452681064663331f,0.14523838672979772f,-0.9271977921011668f,1.2730742511579087f,-0.05074149459977978f,-0.9836189379901424f,-0.17297134315523038f,0.36840606157180866f,0f,0f,0f,1f], start_interpolation: 0, interpolation_duration: 1 }
$data merge entity $(bone_neck_1) { transformation: [-0.9917288335925776f,0.11272324720110732f,-0.06137906940923772f,-0.026508747384958953f,0.0966016827105306f,0.34066017674494364f,-0.9352105425398056f,1.1954190224181582f,-0.08451056453840519f,-0.9334045819046216f,-0.34873177509492626f,0.3345638248834584f,0f,0f,0f,1f], start_interpolation: 0, interpolation_duration: 1 }
$data merge entity $(bone_neck_2) { transformation: [-0.9835757534912527f,0.1332876961755384f,-0.12170919107582706f,-0.03586641549176584f,0.16681207081312283f,0.4137180635650024f,-0.8949922328775051f,1.1210615487924334f,-0.06893816196528962f,-0.9005952220216593f,-0.429157052716841f,0.2881490582919619f,0f,0f,0f,1f], start_interpolation: 0, interpolation_duration: 1 }
$data merge entity $(bone_body_0) { transformation: [-0.990535242674535f,0.1369257822406795f,0.00955317630310501f,-0.030059650091453317f,0.06358173494228735f,0.519410907185681f,-0.8521558968159972f,0.7243917083622445f,-0.12164413673263874f,-0.8434830405256089f,-0.523200787790161f,0.033531258694606214f,0f,0f,0f,1f], start_interpolation: 0, interpolation_duration: 1 }
$data merge entity $(bone_leg_left_3) { transformation: [-0.9995372533549103f,0.013458389209293271f,0.027279129671109136f,0.19350696661532094f,0.013631734044113712f,0.9998879946861868f,0.0061785038145956706f,0.029151792503889218f,-0.027192921554561787f,0.006547506573315098f,-0.9996087610535435f,-0.21447873549507326f,0f,0f,0f,1f], start_interpolation: 0, interpolation_duration: 1 }
$data merge entity $(bone_leg_left_2) { transformation: [-1.0251306409762284f,0.019070375487298515f,0.02838466506998003f,0.19723909132586315f,0.014507439763847883f,1.0135120586205184f,-0.15698739033117254f,0.2605708748140889f,-0.030966152874708476f,-0.15649864954774242f,-1.0132183721027603f,-0.28231936973345306f,0f,0f,0f,1f], start_interpolation: 0, interpolation_duration: 1 }
$data merge entity $(bone_leg_left_1) { transformation: [-0.9086918319870788f,-0.06902714049604596f,0.41172127508170603f,0.17474758764209353f,0.30022468595368973f,0.5772302179607295f,0.7593881836169283f,0.3711320227751581f,-0.29007635619604544f,0.8136587302720644f,-0.5038007326593295f,-0.02877696601498389f,0f,0f,0f,1f], start_interpolation: 0, interpolation_duration: 1 }
$data merge entity $(bone_leg_left_0) { transformation: [-0.9293750567139888f,0.33988835443573073f,0.1440066334473563f,0.1884120963821772f,0.2517683401105027f,0.8689478464530975f,-0.4260778603289853f,0.7762691100166216f,-0.26995315681775683f,-0.3597298245398832f,-0.8931515808980199f,-0.12869943749586782f,0f,0f,0f,1f], start_interpolation: 0, interpolation_duration: 1 }
$data merge entity $(bone_leg_right_3) { transformation: [-0.9853400934719129f,0.04204885413138788f,0.16533842282724046f,-0.2646343189513074f,0.03818761422405918f,0.9989200756991081f,-0.026464853771800134f,0.01864604074804535f,-0.16627268662241707f,-0.01976300158188493f,-0.9858817461804623f,-0.10959662893870215f,0f,0f,0f,1f], start_interpolation: 0, interpolation_duration: 1 }
$data merge entity $(bone_leg_right_2) { transformation: [-1.01116473302986f,0.10397503005787097f,0.1371031556960336f,-0.23459208978585447f,0.03947340383714966f,0.9356368121486042f,-0.418434947922137f,0.22374887087895534f,-0.1674811409289276f,-0.407228619300703f,-0.9263784963805464f,-0.2328904471336024f,0f,0f,0f,1f], start_interpolation: 0, interpolation_duration: 1 }
$data merge entity $(bone_leg_right_1) { transformation: [-0.9696024393758881f,-0.023778910201051537f,-0.24352756103976736f,-0.24744652656903648f,-0.17490677703428764f,0.7633520820256666f,0.6218530519460026f,0.394663645105121f,0.17111028286986515f,0.6455448569206714f,-0.7443071333794028f,-0.014633055355061236f,0f,0f,0f,1f], start_interpolation: 0, interpolation_duration: 1 }
$data merge entity $(bone_leg_right_0) { transformation: [-0.981952518365804f,-0.18355826638086234f,-0.04555891261112223f,-0.20163154457076338f,-0.12688488474690682f,0.8180202514377168f,-0.5610196915087193f,0.7762691100166216f,0.14024791512824586f,-0.5451139615539367f,-0.8265478154475719f,-0.1776837687500921f,0f,0f,0f,1f], start_interpolation: 0, interpolation_duration: 1 }
$data merge entity $(bone_tail_4) { transformation: [-2.2577195651234723f,0.26118806306189024f,-1.5684847760092095f,-0.0188082876941828f,-1.0325454652593387f,1.8306796996078651f,1.7911233992151498f,0.9641684604920959f,1.2092202276802426f,2.0508666374870983f,-1.399068907456422f,-1.736398842138465f,0f,0f,0f,1f], start_interpolation: 0, interpolation_duration: 1 }
$data merge entity $(bone_tail_3) { transformation: [-1.929892085600594f,-0.04173961877792922f,-0.7808456109916398f,0.11400272739974268f,-0.511301623042678f,1.6405867740584443f,1.176006468138196f,0.7487067922392033f,0.5916356262553476f,1.2816701475236225f,-1.530762700334922f,-1.4893802047481515f,0f,0f,0f,1f], start_interpolation: 0, interpolation_duration: 1 }
$data merge entity $(bone_tail_2) { transformation: [-1.9102870056151164f,-0.18958349252793355f,-0.36556193803748127f,0.18050222913303143f,-0.33139281049006397f,1.7375255740928484f,0.8306368397389989f,0.5944616204277944f,0.24445088737066348f,0.873977604825779f,-1.7306590608578762f,-1.167265741845236f,0f,0f,0f,1f], start_interpolation: 0, interpolation_duration: 1 }
$data merge entity $(bone_tail_1) { transformation: [-1.500340389778797f,-0.11653892140285496f,0.15183426687236096f,0.15068713989355115f,-0.11683685671652771f,1.5079777466775064f,0.002917950998980002f,0.5755118624534716f,-0.15160512429007716f,-0.008834326442353685f,-1.504856834042794f,-0.8431845110940791f,0f,0f,0f,1f], start_interpolation: 0, interpolation_duration: 1 }
$data merge entity $(bone_tail_0) { transformation: [-1.2178854351268402f,-0.008489745119889522f,0.3879674054836749f,0.03710917413687472f,-0.08855010935276432f,1.2502752148115468f,-0.25061221427851815f,0.6789179443386678f,-0.37782226194806007f,-0.2656605504017631f,-1.1918517218684175f,-0.5013085990667638f,0f,0f,0f,1f], start_interpolation: 0, interpolation_duration: 1 }
$data merge entity $(bone_body_1) { transformation: [-1.226731317148324f,0.0384828330017329f,0.1491775524264591f,-0.00016460905349791738f,0f,1.1971749575621093f,-0.30883120963142924f,0.6700786454046639f,-0.15406125594641965f,-0.3064241955305954f,-1.187844239311657f,-0.20451160836762683f,0f,0f,0f,1f], start_interpolation: 0, interpolation_duration: 1 }