# This file was generated by Animated Java via MC-Build. It is not recommended to edit this file directly.
$data merge entity $(bone_head_lower) { transformation: [-0.9245922233755115f,-0.10342243739662144f,-0.36665108743391184f,0.038533761727494384f,0.3201842806432756f,0.31054223969431705f,-0.8950114769066291f,1.3631820806541446f,0.20642491831771748f,-0.9449165660568024f,-0.2540107011307684f,0.4346003224201227f,0f,0f,0f,1f], start_interpolation: 0, interpolation_duration: 1 }
$data merge entity $(bone_head_upper) { transformation: [-0.9624076600648103f,0.0828857793599551f,-0.38778007428435063f,0.013363644426199823f,0.33327968431146865f,0.7206334280162966f,-0.673115188533312f,1.3330643855796616f,0.2148676114665295f,-0.7465181528863724f,-0.692830787088229f,0.3701422264954337f,0f,0f,0f,1f], start_interpolation: 0, interpolation_duration: 1 }
$data merge entity $(bone_neck_0) { transformation: [-0.9276758506044331f,0.08543600417336486f,-0.36348068091197133f,-0.011226729208859969f,0.3731557443070349f,0.17791108489172833f,-0.9105506226252942f,1.2711780685973364f,-0.013126564516441633f,-0.9803307273892508f,-0.19692475273682253f,0.37332555009636015f,0f,0f,0f,1f], start_interpolation: 0, interpolation_duration: 1 }
$data merge entity $(bone_neck_1) { transformation: [-0.9908799511837572f,0.09496664967200595f,-0.09559423514077392f,-0.018887316115412014f,0.12391287658920112f,0.36347686984772143f,-0.9233256002630339f,1.1946347641113337f,-0.05293884544891858f,-0.9267501823769863f,-0.3719295337920323f,0.337548814762606f,0f,0f,0f,1f], start_interpolation: 0, interpolation_duration: 1 }
$data merge entity $(bone_neck_2) { transformation: [-0.9831154936238187f,0.11742500315426171f,-0.14033992600474407f,-0.03003248201136544f,0.17830298382278478f,0.44233250083998954f,-0.878948237759501f,1.1219630180128548f,-0.04113358915396466f,-0.8891306581908321f,-0.45580116334696935f,0.2889120694943367f,0f,0f,0f,1f], start_interpolation: 0, interpolation_duration: 1 }
$data merge entity $(bone_body_0) { transformation: [-0.9926887754071869f,0.12063813214260295f,-0.0039288998108432255f,-0.030734928752518095f,0.06811693735450385f,0.5330447110004736f,-0.8433406304215777f,0.7295776586006975f,-0.09964475914980364f,-0.8374424022866084f,-0.5373650014900601f,0.027676273726044226f,0f,0f,0f,1f], start_interpolation: 0, interpolation_duration: 1 }
$data merge entity $(bone_leg_left_3) { transformation: [-0.9994952232801751f,0.018253441194837662f,0.026002125387352186f,0.19105829883207986f,0.018431136306569482f,0.9998082778456989f,0.0066106554642459125f,0.02940600635666399f,-0.02587647299308047f,0.007086567276539529f,-0.99964002956548f,-0.21550720617176092f,0f,0f,0f,1f], start_interpolation: 0, interpolation_duration: 1 }
$data merge entity $(bone_leg_left_2) { transformation: [-1.025089235893046f,0.023826132506583043f,0.026202545042126185f,0.195831610550853f,0.019417116657030727f,1.0127565405323617f,-0.16127419102368762f,0.26052411392104924f,-0.02961812853022871f,-0.1606819981186331f,-1.0126037040440181f,-0.2843018855961781f,0f,0f,0f,1f], start_interpolation: 0, interpolation_duration: 1 }
$data merge entity $(bone_leg_left_1) { transformation: [-0.9075694986936466f,-0.06464432899640432f,0.4148960300720745f,0.17434005072032172f,0.3000685386152285f,0.591330815588904f,0.7485230381680199f,0.3754953099561697f,-0.29372857738783975f,0.8038339239317824f,-0.5172760825344137f,-0.032641156442680105f,0f,0f,0f,1f], start_interpolation: 0, interpolation_duration: 1 }
$data merge entity $(bone_leg_left_0) { transformation: [-0.9285814145360812f,0.34097728244544523f,0.14653002912130175f,0.18831896904836004f,0.25073246878677774f,0.8674694876474507f,-0.4296858353457289f,0.7802252106144961f,-0.2736234377283093f,-0.3622584448384722f,-0.8910101197343124f,-0.1341575389626079f,0f,0f,0f,1f], start_interpolation: 0, interpolation_duration: 1 }
$data merge entity $(bone_leg_right_3) { transformation: [-0.984793974769812f,0.04171580267454328f,0.16864346730393473f,-0.2659233395623567f,0.0366335653168297f,0.9987792107812674f,-0.033137139335292054f,0.020231478720154544f,-0.1698199315429503f,-0.02645524368376817f,-0.9851199474847621f,-0.10951760706309972f,0f,0f,0f,1f], start_interpolation: 0, interpolation_duration: 1 }
$data merge entity $(bone_leg_right_2) { transformation: [-1.0106156857990949f,0.10431973621374607f,0.14083865859135924f,-0.2356861679011331f,0.03788627492546152f,0.9347654643893029f,-0.4205239068804743f,0.2250691030023037f,-0.17112207715485275f,-0.409137041493483f,-0.9248709723463393f,-0.2332040379857779f,0f,0f,0f,1f], start_interpolation: 0, interpolation_duration: 1 }
$data merge entity $(bone_leg_right_1) { transformation: [-0.9703755586609784f,-0.024356211404754427f,-0.2403706515350844f,-0.24888026717617845f,-0.17005056687715328f,0.775586271252699f,0.6079052068777614f,0.4001439799814519f,0.17162190960991228f,0.6307715202910971f,-0.7567517488129812f,-0.018289895001138506f,0f,0f,0f,1f], start_interpolation: 0, interpolation_duration: 1 }
$data merge entity $(bone_leg_right_0) { transformation: [-0.9825264204631903f,-0.18014695847107276f,-0.04678575045258718f,-0.20155929173192072f,-0.12224170660661852f,0.8141362017316232f,-0.5676611755227825f,0.7802252106144961f,0.14035240738117596f,-0.5520229328421306f,-0.8219317997003651f,-0.1844412174994193f,0f,0f,0f,1f], start_interpolation: 0, interpolation_duration: 1 }
$data merge entity $(bone_tail_4) { transformation: [-2.2854313988955277f,0.3526947638308033f,-1.5093280147498636f,-0.019779889791558425f,-0.9947919704873247f,1.7283538483395973f,1.9101945560553908f,0.972428943602652f,1.1886351786803118f,2.1246318999054963f,-1.303359901756834f,-1.7362589608228056f,0f,0f,0f,1f], start_interpolation: 0, interpolation_duration: 1 }
$data merge entity $(bone_tail_3) { transformation: [-1.939146859064803f,-0.004119173349468646f,-0.7587081240071638f,0.10890927998834526f,-0.48013070072396025f,1.618960561381602f,1.21835410983742f,0.7499983097067237f,0.587477229555216f,1.3095400945165176f,-1.5086155148520257f,-1.4932683969714902f,0f,0f,0f,1f], start_interpolation: 0, interpolation_duration: 1 }
$data merge entity $(bone_tail_2) { transformation: [-1.913688782331286f,-0.15707289596973478f,-0.36317657514473267f,0.17497056853341308f,-0.3034990607089375f,1.7334989984484737f,0.8494959785247418f,0.5922669329443969f,0.25388469731547353f,0.888303553259018f,-1.7219852591527054f,-1.1727559901764226f,0f,0f,0f,1f], start_interpolation: 0, interpolation_duration: 1 }
$data merge entity $(bone_tail_1) { transformation: [-1.50316997918747f,-0.10760143364153921f,0.12867865070720436f,0.1500317613001626f,-0.10815664611631143f,1.5086267572838494f,-0.0019227865427096516f,0.5743426213673193f,-0.12821233782445518f,-0.011112546310512466f,-1.5070150489441323f,-0.8482048355842708f,0f,0f,0f,1f], start_interpolation: 0, interpolation_duration: 1 }
$data merge entity $(bone_tail_0) { transformation: [-1.2196807087656518f,-0.005202441252804176f,0.38234489646647063f,0.038176151855711694f,-0.08697891220589474f,1.2483678418943513f,-0.26047671055114874f,0.6805853100294241f,-0.37235648789892767f,-0.2745658072540693f,-1.1915535992940163f,-0.5066309416133778f,0f,0f,0f,1f], start_interpolation: 0, interpolation_duration: 1 }
$data merge entity $(bone_body_1) { transformation: [-1.2262111778209874f,0.04050263754767758f,0.15287340774247973f,-0.00009291409465018008f,0f,1.1951329911182278f,-0.3166413248409752f,0.6736992944101509f,-0.15814784994781622f,-0.3140402282331507f,-1.1853153958606983f,-0.2099088777434842f,0f,0f,0f,1f], start_interpolation: 0, interpolation_duration: 1 }