# This file was generated by Animated Java via MC-Build. It is not recommended to edit this file directly.
$data merge entity $(bone_head_lower) { transformation: [-0.9326157331248892f,-0.060288565206420716f,-0.3557993581125128f,0.038712857298206706f,0.2231364988984862f,0.6785357318139454f,-0.6998566735489765f,1.2025018247833383f,0.2836159325342122f,-0.73208916776378f,-0.6193605196133224f,0.5788878574985461f,0f,0f,0f,1f], start_interpolation: 0, interpolation_duration: 1 }
$data merge entity $(bone_head_upper) { transformation: [-0.9707593280198085f,0.0929684644285975f,-0.36394386142346896f,0.015409757145910653f,0.23226268872989309f,0.9411737200604517f,-0.37910158885849815f,1.1975734680819081f,0.2952157060015563f,-0.43476526525570736f,-0.8984980765926233f,0.5072768715025944f,0f,0f,0f,1f], start_interpolation: 0, interpolation_duration: 1 }
$data merge entity $(bone_neck_0) { transformation: [-0.9249660447956701f,0.12606255369080113f,-0.35853319027951636f,-0.009521023147759955f,0.356733291783913f,0.613337242269134f,-0.7046692740418778f,1.1419373486732065f,0.13106934999483114f,-0.7796958764817519f,-0.6122868328563703f,0.48029883107363996f,0f,0f,0f,1f], start_interpolation: 0, interpolation_duration: 1 }
$data merge entity $(bone_neck_1) { transformation: [-0.9889822748723242f,0.09012909341452165f,-0.1174342646276588f,-0.01905403321922186f,0.14753950443108207f,0.6649067884508024f,-0.7322097085564152f,1.0829727185670976f,0.012089442526157467f,-0.7414686164581183f,-0.670878629997327f,0.4200507525984022f,0f,0f,0f,1f], start_interpolation: 0, interpolation_duration: 1 }
$data merge entity $(bone_neck_2) { transformation: [-0.9848131046696942f,0.1040436903264537f,-0.13898942180644852f,-0.030211896234527868f,0.17233997733895345f,0.6827729271069426f,-0.7100141281838177f,1.0274549295216902f,0.021025724283526226f,-0.7231846517405293f,-0.690334613361725f,0.35249183322736766f,0f,0f,0f,1f], start_interpolation: 0, interpolation_duration: 1 }
$data merge entity $(bone_body_0) { transformation: [-0.9956057847040521f,0.09333393254176886f,-0.007609106394118395f,-0.032908917169050866f,0.07001110875300903f,0.6879241005531255f,-0.7223980042395934f,0.6935447960789798f,-0.06218975892381973f,-0.7197563538548735f,-0.6914356260495514f,0.019764236587901857f,0f,0f,0f,1f], start_interpolation: 0, interpolation_duration: 1 }
$data merge entity $(bone_leg_left_3) { transformation: [-0.9995027464794607f,0.02536874828849417f,0.01872662250086075f,0.18290840849595227f,0.02582801510768509f,0.9993610964458418f,0.02470450457229388f,0.020160553299872347f,-0.018087935637101003f,0.025175891659290253f,-0.9995193850364024f,-0.22385608852449415f,0f,0f,0f,1f], start_interpolation: 0, interpolation_duration: 1 }
$data merge entity $(bone_leg_left_2) { transformation: [-1.02511284230864f,0.029115024999107765f,0.018925521231841734f,0.188689624122637f,0.027196819478393308f,1.020727040570985f,-0.09715369863342145f,0.25513025253168725f,-0.02159150399706435f,-0.0965961876431742f,-1.020913895971959f,-0.2779568283974744f,0f,0f,0f,1f], start_interpolation: 0, interpolation_duration: 1 }
$data merge entity $(bone_leg_left_1) { transformation: [-0.9074935767896964f,-0.05587863286474593f,0.4163327833291659f,0.16950171796597344f,0.32245104731679897f,0.5425438838452129f,0.7756748392119288f,0.35496177244568916f,-0.26922245480223733f,0.8381668762790134f,-0.4743369660261977f,-0.019734293461522376f,0f,0f,0f,1f], start_interpolation: 0, interpolation_duration: 1 }
$data merge entity $(bone_leg_left_0) { transformation: [-0.9324471243577156f,0.3441828738647753f,0.10991137163738285f,0.187270755427183f,0.25794548566709574f,0.8471585532707718f,-0.46452826829391003f,0.7553920300154466f,-0.2529950329571567f,-0.40479690581618444f,-0.8787109754297201f,-0.13655530481980874f,0f,0f,0f,1f], start_interpolation: 0, interpolation_duration: 1 }
$data merge entity $(bone_leg_right_3) { transformation: [-0.9842257847550493f,0.044307480380709f,0.1712788714512697f,-0.25797604113916145f,0.040396762759587646f,0.9988387803656792f,-0.026252474095757483f,0.007295527348168018f,-0.17224316004373907f,-0.018919249982911612f,-0.9848727612226017f,-0.12753712454665556f,0f,0f,0f,1f], start_interpolation: 0, interpolation_duration: 1 }
$data merge entity $(bone_leg_right_2) { transformation: [-1.0100542129431176f,0.09410731157745349f,0.15164597035271876f,-0.22978624754887872f,0.04144044175772329f,0.9713680801852622f,-0.3267857739939387f,0.22355658254224126f,-0.17359543831413993f,-0.315673987217124f,-0.9603524129670628f,-0.23053015154217077f,0f,0f,0f,1f], start_interpolation: 0, interpolation_duration: 1 }
$data merge entity $(bone_leg_right_1) { transformation: [-0.969827138137614f,-0.03340028341294135f,-0.24149480988158015f,-0.24536679528070823f,-0.1881366974708662f,0.7325193464396654f,0.6542323670962494f,0.38411430644534544f,0.1550480738240921f,0.6799263402454276f,-0.7167009604039181f,-0.004716401989145497f,0f,0f,0f,1f], start_interpolation: 0, interpolation_duration: 1 }
$data merge entity $(bone_leg_right_0) { transformation: [-0.9828185329546554f,-0.1839588648712488f,-0.0150621152611628f,-0.2020910347909041f,-0.13625096077002524f,0.7781366493077978f,-0.6131386716667595f,0.7553920300154466f,0.12451267794929147f,-0.6005518221097286f,-0.7898316921918118f,-0.19069311854013135f,0f,0f,0f,1f], start_interpolation: 0, interpolation_duration: 1 }
$data merge entity $(bone_tail_4) { transformation: [-2.351142381121048f,0.5471984011483597f,-1.3410312244974494f,-0.006287297645551776f,-0.6139960894553821f,1.939137125841524f,1.8677305322011983f,0.8907531568929999f,1.3117925283481184f,1.8883809066403294f,-1.5293394801698863f,-1.7879745432265175f,0f,0f,0f,1f], start_interpolation: 0, interpolation_duration: 1 }
$data merge entity $(bone_tail_3) { transformation: [-1.964914056141478f,0.099731979824039f,-0.6819910631543994f,0.10837722856217676f,-0.2801480551408698f,1.7669438402839301f,1.0655383890446695f,0.6927862895115019f,0.629742284766458f,1.09722765346463f,-1.6539231110586934f,-1.5182675368594616f,0f,0f,0f,1f], start_interpolation: 0, interpolation_duration: 1 }
$data merge entity $(bone_tail_2) { transformation: [-1.9300344540345724f,-0.03862896362119011f,-0.3037246852196915f,0.1634026379717796f,-0.14751445654692913f,1.816036318135868f,0.7064173350958773f,0.5617879020886f,0.2682915696623957f,0.7206204058891543f,-1.7965243497562216f,-1.183927723524218f,0f,0f,0f,1f], start_interpolation: 0, interpolation_duration: 1 }
$data merge entity $(bone_tail_1) { transformation: [-1.5085860172744323f,-0.05833158088149597f,0.09177093851505021f,0.14580885990123946f,-0.06480109399279772f,1.5073065920302176f,-0.10716298726513927f,0.5664848245196354f,-0.08732294487363665f,-0.11081748189756578f,-1.5059051892481408f,-0.8584356730963933f,0f,0f,0f,1f], start_interpolation: 0, interpolation_duration: 1 }
$data merge entity $(bone_tail_0) { transformation: [-1.2269263560993542f,0.016091983602129465f,0.35809004643600195f,0.04155495377529345f,-0.06388470595442183f,1.246666746493776f,-0.27491177514935267f,0.6769047240971999f,-0.35271259920494225f,-0.2817779051565257f,-1.1958389319267548f,-0.5157835460994282f,0f,0f,0f,1f], start_interpolation: 0, interpolation_duration: 1 }
$data merge entity $(bone_body_1) { transformation: [-1.224586819553076f,0.0336715707412341f,0.16690698534498333f,0.0004833984375000274f,2.144755727184755e-18f,1.211951189615051f,-0.24449725774926984f,0.6521133984375f,-0.17026954053245227f,-0.24216757497801178f,-1.200403159047987f,-0.22039492187499998f,0f,0f,0f,1f], start_interpolation: 0, interpolation_duration: 1 }