# This file was generated by Animated Java via MC-Build. It is not recommended to edit this file directly.
$data merge entity $(bone_head_lower) { transformation: [-0.9658190966835359f,0.013647831290207232f,-0.25885750748717556f,0.009085265949713567f,0.03817305882777521f,0.9952139244620883f,-0.08995588994891063f,0.8596733068632175f,0.25639089309320323f,-0.09676249923313945f,-0.9617175929975631f,0.7334765208756594f,0f,0f,0f,1f], start_interpolation: 0, interpolation_duration: 1 }
$data merge entity $(bone_head_upper) { transformation: [-1.005320695313269f,0.0938349712039454f,-0.2529767584927668f,-0.006559326128298303f,0.03973432102839004f,1.0167724259066966f,0.21924178486714518f,0.8976309486414147f,0.2668771737911765f,0.202091005931668f,-0.9856001937978035f,0.6701525865289407f,0f,0f,0f,1f], start_interpolation: 0, interpolation_duration: 1 }
$data merge entity $(bone_neck_0) { transformation: [-0.9486827326144243f,0.17673221295517855f,-0.2622342421256128f,-0.02607803599453024f,0.2177637497813968f,0.9664103074885629f,-0.1364920029196102f,0.8730481035886132f,0.22930334083997636f,-0.1865927181961478f,-0.9553026407352796f,0.6113355826222072f,0f,0f,0f,1f], start_interpolation: 0, interpolation_duration: 1 }
$data merge entity $(bone_neck_1) { transformation: [-0.9933351996747001f,0.09062098027022374f,-0.07122512914756762f,-0.031694259734666885f,0.10790055105641648f,0.9483961181444129f,-0.2981648439543649f,0.8521587702588781f,0.04052964555662482f,-0.30386286548947167f,-0.9518533010961204f,0.5293012567063372f,0f,0f,0f,1f], start_interpolation: 0, interpolation_duration: 1 }
$data merge entity $(bone_neck_2) { transformation: [-0.9910103663180672f,0.093603673344375f,-0.09558664230199687f,-0.03915192803580181f,0.12288510349858886f,0.9193526186095693f,-0.3737512728993297f,0.8284163923499244f,0.05289333784392388f,-0.382137560300172f,-0.9225904724305152f,0.44473404634156694f,0f,0f,0f,1f], start_interpolation: 0, interpolation_duration: 1 }
$data merge entity $(bone_body_0) { transformation: [-0.9973393484923737f,0.07156139259616243f,0.013899317915113923f,-0.03191951990863161f,0.055732787386969074f,0.8714040562977724f,-0.48738981019084493f,0.607012615410074f,-0.046990215565438684f,-0.4853183880273719f,-0.8730738696603094f,0.02863434130372866f,0f,0f,0f,1f], start_interpolation: 0, interpolation_duration: 1 }
$data merge entity $(bone_leg_left_3) { transformation: [-0.9998040827554175f,0.018446505856335102f,0.0071779194263233365f,0.18421176017131f,0.01879642742963416f,0.9984600435704775f,0.05219421145226119f,0.006294876627956858f,-0.006204064915931151f,0.05231890494776269f,-0.9986111564385741f,-0.22736444025709784f,0f,0f,0f,1f], start_interpolation: 0, interpolation_duration: 1 }
$data merge entity $(bone_leg_left_2) { transformation: [-1.0254570320368934f,0.020116641663128335f,0.009767070951800726f,0.18761189460340086f,0.020337333720581396f,1.0252265532902578f,0.023645439019204337f,0.24603599851320263f,-0.00929880658568176f,0.023833477662114005f,-1.0253817323510823f,-0.2535122055356663f,0f,0f,0f,1f], start_interpolation: 0, interpolation_duration: 1 }
$data merge entity $(bone_leg_left_1) { transformation: [-0.9125297355120765f,-0.053140235184225754f,0.40554358238150573f,0.16984044252892283f,0.35431678821961143f,0.39262201670655295f,0.8487093528311201f,0.30063032931487527f,-0.20432595378952462f,0.9181634208580979f,-0.3394507876057393f,0.01799657921217153f,0f,0f,0f,1f], start_interpolation: 0, interpolation_duration: 1 }
$data merge entity $(bone_leg_left_0) { transformation: [-0.9440652765985658f,0.32814698681188775f,0.032562379629755625f,0.18625905303431042f,0.26798244744453065f,0.8209995647369854f,-0.5041280815063965f,0.6951804441172422f,-0.1921618104164116f,-0.4672036705206408f,-0.8630148138181218f,-0.11753170087344227f,0f,0f,0f,1f], start_interpolation: 0, interpolation_duration: 1 }
$data merge entity $(bone_leg_right_3) { transformation: [-0.9863876364940404f,0.03912674540993777f,0.1597138953420354f,-0.2380489778449108f,0.04280119486926426f,0.9988907400174395f,0.019630262993044434f,-0.013181177035999914f,-0.1587686628068147f,0.026198994275329346f,-0.986968147616476f,-0.15750768937124177f,0f,0f,0f,1f], start_interpolation: 0, interpolation_duration: 1 }
$data merge entity $(bone_leg_right_2) { transformation: [-1.0122452834323987f,0.06558531629202959f,0.1520534509849455f,-0.21649162778772918f,0.043351928025217625f,1.0139326690392405f,-0.14873920966629145f,0.21850109291255826f,-0.15981957328829646f,-0.1403613495323092f,-1.0034035056008679f,-0.22098743823661773f,0f,0f,0f,1f], start_interpolation: 0, interpolation_duration: 1 }
$data merge entity $(bone_leg_right_1) { transformation: [-0.9624684999164899f,-0.04958448951305867f,-0.26682534562561894f,-0.23497893005484258f,-0.2446251160953896f,0.5842685449476093f,0.773814460940167f,0.3313165189010189f,0.11752846142028245f,0.8100442245856295f,-0.5744696815077783f,0.031884634111619764f,0f,0f,0f,1f], start_interpolation: 0, interpolation_duration: 1 }
$data merge entity $(bone_leg_right_0) { transformation: [-0.9787384134775124f,-0.19806581895357472f,0.05330149477989846f,-0.2032816617859519f,-0.18460125050932363f,0.737330391862449f,-0.6498201840096702f,0.6951804441172422f,0.08940635488552118f,-0.6458434985336752f,-0.758216775802189f,-0.17036670871454224f,0f,0f,0f,1f], start_interpolation: 0, interpolation_duration: 1 }
$data merge entity $(bone_tail_4) { transformation: [-2.3771837341059254f,0.6688790342504587f,-1.2358234758420734f,0.008011423815989072f,-0.17371104602123308f,2.2700576781916735f,1.5627936337767814f,0.7743597954475834f,1.3944473092922582f,1.4230601908644631f,-1.9120872695524074f,-1.8305702257277456f,0f,0f,0f,1f], start_interpolation: 0, interpolation_duration: 1 }
$data merge entity $(bone_tail_3) { transformation: [-1.9789854761801982f,0.16780749308304418f,-0.6256218157780804f,0.112451636404181f,-0.07712641782360673f,1.9358474240675851f,0.7632114991593342f,0.6260035421967727f,0.6431279241223916f,0.74851915275464f,-1.8335896698056369f,-1.5269860239802235f,0f,0f,0f,1f], start_interpolation: 0, interpolation_duration: 1 }
$data merge entity $(bone_tail_2) { transformation: [-1.9401973314749748f,0.050552086487830786f,-0.22771182773824306f,0.15336012762989668f,-0.005944161197730169f,1.896388448684424f,0.4716454109251097f,0.5387725461721243f,0.23317988096707606f,0.4689661109832853f,-1.8826767659011916f,-1.1767165096811285f,0f,0f,0f,1f], start_interpolation: 0, interpolation_duration: 1 }
$data merge entity $(bone_tail_1) { transformation: [-1.5094755876082362f,-0.019599515091126844f,0.0935711463163898f,0.13490635530414946f,-0.033815309486450396f,1.4941344410987258f,-0.23254041964126212f,0.5705807062010809f,-0.08942161516717376f,-0.23416742072882685f,-1.4915849435449873f,-0.8527961857720692f,0f,0f,0f,1f], start_interpolation: 0, interpolation_duration: 1 }
$data merge entity $(bone_tail_0) { transformation: [-1.2355907667236323f,0.02852910378532945f,0.3260939496656454f,0.040302582177785165f,-0.03281446657999823f,1.2561424927816904f,-0.23423271589446873f,0.6693419058325542f,-0.3256906270594915f,-0.23479319549219183f,-1.2135211112214688f,-0.5038430902729908f,0f,0f,0f,1f], start_interpolation: 0, interpolation_duration: 1 }
$data merge entity $(bone_body_1) { transformation: [-1.225149557641461f,0.008773819530650408f,0.16594028009505724f,0.0011328125000000277f,0f,1.2346429256460512f,-0.06527971513732152f,0.6013565624999999f,-0.16617206885389152f,-0.064687412216392f,-1.22344063088072f,-0.21505312499999998f,0f,0f,0f,1f], start_interpolation: 0, interpolation_duration: 1 }