# This file was generated by Animated Java via MC-Build. It is not recommended to edit this file directly.
$data merge entity $(bone_head_lower) { transformation: [-0.9988321310607001f,-0.04829993778223937f,-0.0012206436713154308f,-0.006738479195184353f,-0.03771009494675899f,0.7635447306791124f,0.6446529244417246f,0.3253619340485594f,-0.030204680098404265f,0.6439460849033816f,-0.7644744057440769f,0.8095803828866436f,0f,0f,0f,1f], start_interpolation: 0, interpolation_duration: 1 }
$data merge entity $(bone_head_upper) { transformation: [-1.0396839490410283f,-0.04114228329655273f,-0.028923022233267433f,-0.009978942878071866f,-0.039252422117541874f,0.28960948938013126f,0.9990282946955972f,0.40072323217714734f,-0.031440038929145625f,0.9989522504953041f,-0.29082274286239723f,0.8119532780151393f,0f,0f,0f,1f], start_interpolation: 0, interpolation_duration: 1 }
$data merge entity $(bone_neck_0) { transformation: [-0.9999556417322765f,0.0003888874472507489f,0.009410809441507864f,-0.009053624000014365f,0.004545171732415611f,0.8950383673040128f,0.4459659880166761f,0.41503060959163435f,-0.008249604942895929f,0.4459889794830368f,-0.8950004325127253f,0.7468443002103063f,0f,0f,0f,1f], start_interpolation: 0, interpolation_duration: 1 }
$data merge entity $(bone_neck_1) { transformation: [-0.9988846395713108f,-0.009481705073350579f,0.046255530451984536f,-0.005178854496953888f,0.011672024571136797f,0.8996430479032651f,0.43647010229995614f,0.45614989899284264f,-0.045751947181549006f,0.4365231765075314f,-0.8985289509530959f,0.672738112580871f,0f,0f,0f,1f], start_interpolation: 0, interpolation_duration: 1 }
$data merge entity $(bone_neck_2) { transformation: [-0.9999769753132636f,-0.006275644367481837f,0.0025816915209608666f,-0.005014121437666686f,-0.004248033025426609f,0.8755986338482333f,0.4830206896381585f,0.507038791934838f,-0.0052917916390758015f,0.4829986011272499f,-0.8756051326085111f,0.6007573941050324f,0f,0f,0f,1f], start_interpolation: 0, interpolation_duration: 1 }
$data merge entity $(bone_body_0) { transformation: [-0.9999769753132636f,-0.004548739145199799f,0.005035654428714775f,-0.002684168815399479f,-0.004248033025426609f,0.9982961541418505f,0.05819572871788381f,0.5439762393839878f,-0.0052917916390758015f,0.058172997153142864f,-0.9982924918797441f,0.13082005679308373f,0f,0f,0f,1f], start_interpolation: 0, interpolation_duration: 1 }
$data merge entity $(bone_leg_left_3) { transformation: [-0.9974846050688756f,-0.02786339482607811f,-0.06517740313448608f,0.20056864086913923f,-0.03016394678763658f,0.9989465207200532f,0.0345830168651156f,0.031940254539254975f,0.06414513983757342f,0.03646203463969526f,-0.9972742456642263f,-0.13832202119940357f,0f,0f,0f,1f], start_interpolation: 0, interpolation_duration: 1 }
$data merge entity $(bone_leg_left_2) { transformation: [-1.023331112621438f,-0.03755552226628676f,-0.05869596399217266f,0.18841296129590349f,-0.030311215399707176f,1.0178712423341751f,-0.12280701832863573f,0.26536225214876114f,0.06274443132785994f,-0.12078872578632376f,-1.0166294406326002f,-0.19779876078822198f,0f,0f,0f,1f], start_interpolation: 0, interpolation_duration: 1 }
$data merge entity $(bone_leg_left_1) { transformation: [-0.9375257508552807f,0.0016134669741078994f,0.34791214869211706f,0.18907074543773061f,0.3414686116431255f,0.19588687054228693f,0.9192537849863146f,0.26302425903766047f,-0.06666823640804251f,0.980625173383527f,-0.18419993371542917f,0.07970346761364291f,0f,0f,0f,1f], start_interpolation: 0, interpolation_duration: 1 }
$data merge entity $(bone_leg_left_0) { transformation: [-0.9556754900795575f,0.28172850267473604f,-0.08551846842553285f,0.19552648467825307f,0.29127018089623374f,0.8622955180318144f,-0.4142561059331775f,0.6691801624724821f,-0.04296556041613875f,-0.4208033868244123f,-0.9061338037261555f,-0.01674851059497258f,0f,0f,0f,1f], start_interpolation: 0, interpolation_duration: 1 }
$data merge entity $(bone_leg_right_3) { transformation: [-0.99485679312207f,0.013391322369008935f,0.10040235885715022f,-0.20054241914311516f,0.026807099456667337f,0.9906876781985718f,0.13348896465342242f,0.02114384551137155f,-0.0976797860234707f,0.13549389931185715f,-0.9859513490287827f,-0.11503247581056633f,0f,0f,0f,1f], start_interpolation: 0, interpolation_duration: 1 }
$data merge entity $(bone_leg_right_2) { transformation: [-1.020732944997137f,0.046891874352794634f,0.08926145090601902f,-0.18526986974261053f,0.02715211870081466f,1.00231944349889f,-0.21605715710160145f,0.24806379537876178f,-0.09710415515426091f,-0.21264779520242102f,-0.9987061118006738f,-0.19531421503565932f,0f,0f,0f,1f], start_interpolation: 0, interpolation_duration: 1 }
$data merge entity $(bone_leg_right_1) { transformation: [-0.9402776024174975f,-0.03195469197482602f,-0.338905485427422f,-0.19470290104219246f,-0.3351138508156103f,0.26180501132842904f,0.9050728385245321f,0.26451236443274556f,0.05980583068176004f,0.9645916409051629f,-0.25687784823209137f,0.08155009858446588f,0f,0f,0f,1f], start_interpolation: 0, interpolation_duration: 1 }
$data merge entity $(bone_leg_right_0) { transformation: [-0.9578302779656599f,-0.27130133559688785f,0.09464007563168728f,-0.19755660213344872f,-0.2851810454816736f,0.8573549812621071f,-0.42850228401145257f,0.6691801624724821f,0.03511310168877438f,-0.43742201751671894f,-0.8985705585436221f,-0.021129540021276302f,0f,0f,0f,1f], start_interpolation: 0, interpolation_duration: 1 }
$data merge entity $(bone_tail_4) { transformation: [-2.750782878909314f,0.11545181176818717f,-0.2133676729470338f,0.0992348402224969f,0.13183637950822946f,2.750186256267118f,-0.21155627260286547f,0.5703112608877273f,0.20365179532120842f,-0.22092479851501265f,-2.745064573241138f,-1.780075384756944f,0f,0f,0f,1f], start_interpolation: 0, interpolation_duration: 1 }
$data merge entity $(bone_tail_3) { transformation: [-2.081176215533086f,0.027803814638983678f,-0.06227386157407944f,0.1095221037152265f,0.03672709358079733f,2.059047075594622f,-0.30809379598879755f,0.6024031912317795f,0.057464828729701434f,-0.3090268830072887f,-2.0584328274399213f,-1.428017174156212f,0f,0f,0f,1f], start_interpolation: 0, interpolation_duration: 1 }
$data merge entity $(bone_tail_2) { transformation: [-1.950832809299424f,0.0027718611651015098f,0.11409444311348355f,0.08687032194698566f,-0.018872459626783435f,1.9188617289436842f,-0.36930660766586304f,0.6714991265271409f,-0.11255689863944351f,-0.3697781185842582f,-1.9155596995624367f,-1.0720900292550064f,0f,0f,0f,1f], start_interpolation: 0, interpolation_duration: 1 }
$data merge entity $(bone_tail_1) { transformation: [-1.497585495965767f,0.018591654904506035f,0.2110646409062413f,0.04265505340437255f,-0.008306632455554595f,1.5003562456448134f,-0.1910978440795434f,0.6942888812647043f,-0.21171899331476415f,-0.19037262545469327f,-1.485459383943994f,-0.7499063640801027f,0f,0f,0f,1f], start_interpolation: 0, interpolation_duration: 1 }
$data merge entity $(bone_tail_0) { transformation: [-1.2708663140058094f,0.009726491119947547f,0.13652810655615608f,0.0029930850171845207f,0.00946916466361783f,1.2781774319171257f,-0.0029161691210407774f,0.7259857519653696f,-0.13654619522304096f,-0.0018879862983618525f,-1.2709001883160913f,-0.3785653510580823f,0f,0f,0f,1f], start_interpolation: 0, interpolation_duration: 1 }
$data merge entity $(bone_body_1) { transformation: [-1.236290717764649f,-0.0023970114598444703f,0.013568734697122126f,1.3472836950182186e-17f,1.340472329490472e-19f,1.2175155325193077f,0.21508259606596955f,0.59397375f,-0.013778832505677378f,0.21506923877332712f,-1.2174399210492861f,-0.1100140625f,0f,0f,0f,1f], start_interpolation: 0, interpolation_duration: 1 }