# This file was generated by Animated Java via MC-Build. It is not recommended to edit this file directly.
$data merge entity $(bone_head_lower) { transformation: [-0.9999709610424155f,0.002765611754680556f,-0.007101300129597494f,0.013384257341368154f,-0.006473580635515068f,0.1834228093082919f,0.9830128004147298f,0.9472606786682569f,0.004021172175340538f,0.9830302255867194f,-0.18339957949041213f,0.6710915108117891f,0f,0f,0f,1f], start_interpolation: 0, interpolation_duration: 1 }
$data merge entity $(bone_head_upper) { transformation: [-1.0408693566944833f,-0.0033022276860314986f,-0.007212500969122933f,0.012489780259474123f,-0.00673834738618237f,0.8674563469886178f,0.5752790829911799f,1.006395314261929f,0.00418563644182356f,0.5753090681928968f,-0.8674525341977537f,0.6242113308233288f,0f,0f,0f,1f], start_interpolation: 0, interpolation_duration: 1 }
$data merge entity $(bone_neck_0) { transformation: [-0.9999502786690296f,0.006650676436682601f,-0.007430255222058889f,0.012224482010296507f,0.00016933574452955048f,0.756331433370332f,0.6541886075294989f,1.0364196442267752f,0.009970532339649833f,0.6541548221934266f,-0.756294953762056f,0.5646865000272827f,0f,0f,0f,1f], start_interpolation: 0, interpolation_duration: 1 }
$data merge entity $(bone_neck_1) { transformation: [-0.9999967230810107f,0.002457004158787775f,-0.0007189977776226718f,0.01217489257272005f,0.0019125257776587458f,0.9036930406803338f,0.42817663466270844f,1.076855025877821f,0.0017017850599642624f,0.4281738564607797f,-0.9036947784352377f,0.4901042347348339f,0f,0f,0f,1f], start_interpolation: 0, interpolation_duration: 1 }
$data merge entity $(bone_neck_2) { transformation: [-0.9999955657003146f,0.002839134038343504f,-0.0008988312524954513f,0.012123945110461212f,0.001979729637798703f,0.8592486025265345f,0.5115544152157805f,1.1300836101579488f,0.0022246910503179182f,0.511550367387328f,-0.8592504130785277f,0.4198358519867583f,0f,0f,0f,1f], start_interpolation: 0, interpolation_duration: 1 }
$data merge entity $(bone_body_0) { transformation: [-0.9999929694885251f,0.002125661450324072f,0.003089099694148385f,0.013600075794580642f,0.0029228751467569192f,0.957919237369167f,0.2870229807505843f,1.2744818427845093f,-0.0023489943376373236f,0.28702999188494643f,-0.95791871575f,-0.028893327090838555f,0f,0f,0f,1f], start_interpolation: 0, interpolation_duration: 1 }
$data merge entity $(bone_leg_left_3) { transformation: [-0.9636004077902871f,0.09947682715891393f,-0.2481503877989884f,0.24461836926605118f,0.14640559206710568f,0.9729930907783919f,-0.17846525686808634f,0.6896703979897263f,0.22369545529105633f,-0.2082997987418791f,-0.9521405028283478f,0.2968075998784111f,0f,0f,0f,1f], start_interpolation: 0, interpolation_duration: 1 }
$data merge entity $(bone_leg_left_2) { transformation: [-0.9891951986992881f,-0.08046057033299435f,-0.2590002992134564f,0.2163242418513661f,0.14857728077670349f,0.6586887082815999f,-0.7720856019380314f,0.8195793757110156f,0.22689171427791555f,-0.7821236997462108f,-0.6235903044371535f,0.09557596238751664f,0f,0f,0f,1f], start_interpolation: 0, interpolation_duration: 1 }
$data merge entity $(bone_leg_left_1) { transformation: [-0.9853624644435407f,0.06795652489290843f,0.15634169114549035f,0.24611823833728483f,0.048613058473748305f,0.9910426375229229f,-0.12438352446138673f,1.09444336650012f,-0.1633939540239489f,-0.11496260842590489f,-0.9798397901965052f,0.11956533504812922f,0f,0f,0f,1f], start_interpolation: 0, interpolation_duration: 1 }
$data merge entity $(bone_leg_left_0) { transformation: [-0.9651097602755901f,0.15314237660682814f,-0.2123924742263847f,0.21131824680571246f,0.2570988821505626f,0.4004715213773867f,-0.879501407254481f,1.353172745760495f,-0.04963179845345341f,-0.9034212600182119f,-0.42587170782922645f,-0.20624956249554766f,0f,0f,0f,1f], start_interpolation: 0, interpolation_duration: 1 }
$data merge entity $(bone_leg_right_3) { transformation: [-0.9825231013054911f,-0.011540169203266018f,0.18578261462203494f,-0.22313847886225038f,-0.03911594345997513f,0.9885906770160218f,-0.1454593286257027f,0.744494555597935f,-0.1819843355024702f,-0.15018421292454198f,-0.9717645825095502f,0.335643411111729f,0f,0f,0f,1f], start_interpolation: 0, interpolation_duration: 1 }
$data merge entity $(bone_leg_right_2) { transformation: [-1.0083316009198409f,0.10390405131514083f,0.15663183012218687f,-0.1925136664870165f,-0.03871780218879159f,0.7215873299345784f,-0.7279250349948475f,0.890259436411948f,-0.18393073120279457f,-0.7215108265985208f,-0.7054458255039993f,0.14594419536671357f,0f,0f,0f,1f], start_interpolation: 0, interpolation_duration: 1 }
$data merge entity $(bone_leg_right_1) { transformation: [-0.9767627465716572f,0.04004451666756617f,-0.21054921893622308f,-0.1899209222614696f,0.0671904597110434f,0.99007967466629f,-0.12340048596546149f,1.1671159830519142f,0.20351898936858748f,-0.13467989641202727f,-0.9697635518356186f,0.16484170630701425f,0f,0f,0f,1f], start_interpolation: 0, interpolation_duration: 1 }
$data merge entity $(bone_leg_right_0) { transformation: [-0.9610310841747267f,-0.23304091881539135f,0.14869830331119296f,-0.18178084211533654f,-0.20032863934820147f,0.2164308854051751f,-0.95552399661109f,1.353172745760495f,0.19049328467651452f,-0.9480767911938411f,-0.25468157862857355f,-0.20882110788523386f,0f,0f,0f,1f], start_interpolation: 0, interpolation_duration: 1 }
$data merge entity $(bone_tail_4) { transformation: [-1.5435642631141382f,1.0788581919822344f,-2.0196870299206586f,-0.2605177895664396f,2.277491603755924f,0.9753279016028557f,-1.2196019066794874f,0.9467991835496585f,0.23686006851763317f,-2.3474372872449214f,-1.434955337978861f,-1.8238375584483688f,0f,0f,0f,1f], start_interpolation: 0, interpolation_duration: 1 }
$data merge entity $(bone_tail_3) { transformation: [-1.638259080612192f,0.4221478015337677f,-1.21401974633708f,-0.058795951279173995f,1.156997660186177f,1.3409883999328713f,-1.0950123522653223f,1.1193501890128457f,0.5598295500952538f,-1.536062131214141f,-1.2895927767843856f,-1.5901387054207703f,0f,0f,0f,1f], start_interpolation: 0, interpolation_duration: 1 }
$data merge entity $(bone_tail_2) { transformation: [-1.8168433494828033f,0.6521055604900104f,-0.3043229475752611f,-0.003411265332874386f,0.7196201232762932f,1.6452379893605429f,-0.7707870727661873f,1.2635614309704615f,-0.000998307917683073f,-0.828688223245428f,-1.7697595054239474f,-1.2613422057058061f,0f,0f,0f,1f], start_interpolation: 0, interpolation_duration: 1 }
$data merge entity $(bone_tail_1) { transformation: [-1.5114580938018578f,0.04705707642031545f,-0.03059921959180188f,0.0040421257725686294f,0.05347399747018148f,1.4578168542844576f,-0.39945813417519516f,1.3316489720915683f,0.01706494287754128f,-0.40026478851248176f,-1.4584763065616273f,-0.9426178566140886f,0f,0f,0f,1f], start_interpolation: 0, interpolation_duration: 1 }
$data merge entity $(bone_tail_0) { transformation: [-1.2774344896731804f,0.005644881846930784f,-0.04432805529665135f,0.01713203486455182f,-0.0008588158801587016f,1.264640683549457f,0.1857926815858844f,1.3078740647622f,0.044677775378064374f,0.18570889425260184f,-1.2638638453436237f,-0.5688059796462415f,0f,0f,0f,1f], start_interpolation: 0, interpolation_duration: 1 }
$data merge entity $(bone_body_1) { transformation: [-1.2363410462064321f,0.0008599957052911691f,0.008041948073793409f,0.015204467773437536f,6.70236164745236e-20f,1.2293580798138226f,-0.13146599047936672f,1.2556320751953127f,-0.008087800778623864f,-0.13146317758257564f,-1.2293317759964995f,-0.274148583984375f,0f,0f,0f,1f], start_interpolation: 0, interpolation_duration: 1 }