# This file was generated by Animated Java via MC-Build. It is not recommended to edit this file directly.
$data merge entity $(bone_head_lower) { transformation: [-1f,-1.1829179713786698e-16f,3.169619151431767e-17f,0.01407714843749992f,0f,0.2588190451025209f,0.9659258262890682f,0.8907120733452207f,-1.2246467991473532e-16f,0.9659258262890682f,-0.2588190451025209f,0.6862199115495078f,0f,0f,0f,1f], start_interpolation: 0, interpolation_duration: 1 }
$data merge entity $(bone_head_upper) { transformation: [-1.0408995833333334f,-5.886068151062283e-17f,1.1307031716324864e-16f,0.013754023437499926f,0f,0.9232892066673638f,0.4806339391210912f,0.944577925946779f,-1.2747343429629804e-16f,0.4806339391210912f,-0.9232892066673638f,0.6333632941252114f,0f,0f,0f,1f], start_interpolation: 0, interpolation_duration: 1 }
$data merge entity $(bone_neck_0) { transformation: [-1f,-7.024285468436542e-17f,1.0031719290535246e-16f,0.014077148437499933f,0f,0.8191520442889917f,0.573576436351046f,0.9683700801881625f,-1.2246467991473532e-16f,0.573576436351046f,-0.8191520442889917f,0.5710851660136065f,0f,0f,0f,1f], start_interpolation: 0, interpolation_duration: 1 }
$data merge entity $(bone_neck_1) { transformation: [-1f,-4.6865204053263e-17f,1.1314261122877003e-16f,0.014077148437499942f,0f,0.9238795325112866f,0.3826834323650898f,1.0050445871508733f,-1.2246467991473532e-16f,0.3826834323650898f,-0.9238795325112866f,0.4945834184285133f,0f,0f,0f,1f], start_interpolation: 0, interpolation_duration: 1 }
$data merge entity $(bone_neck_2) { transformation: [-1f,-6.123233995736767e-17f,1.0605752387249068e-16f,0.01407714843749995f,0f,0.8660254037844386f,0.5f,1.0573272671198004f,-1.2246467991473532e-16f,0.5f,-0.8660254037844386f,0.423608410366468f,0f,0f,0f,1f], start_interpolation: 0, interpolation_duration: 1 }
$data merge entity $(bone_body_0) { transformation: [-1f,-3.6825839484795395e-17f,1.16796641102639e-16f,0.014077148437500006f,0f,0.9537169507482269f,0.3007057995042732f,1.2081341288814815f,-1.2246467991473532e-16f,0.3007057995042732f,-0.9537169507482269f,-0.023010213460078394f,0f,0f,0f,1f], start_interpolation: 0, interpolation_duration: 1 }
$data merge entity $(bone_leg_left_3) { transformation: [-0.9624619074793482f,0.10734948695709447f,-0.24928530703044469f,0.25167395221320404f,0.15842916841288754f,0.9679537836699152f,-0.19484781567956116f,0.6462704635966591f,0.22037984310552405f,-0.22702766423751947f,-0.9486259349309618f,0.3452524083793841f,0f,0f,0f,1f], start_interpolation: 0, interpolation_duration: 1 }
$data merge entity $(bone_leg_left_2) { transformation: [-0.9880403295462991f,-0.0882766715596163f,-0.26085577614668765f,0.22150235204181945f,0.160738448974126f,0.6040397102415068f,-0.8132412796786961f,0.7621878110098876f,0.22361050447626005f,-0.8242605517737741f,-0.5680273625259269f,0.1359107852419998f,0f,0f,0f,1f], start_interpolation: 0, interpolation_duration: 1 }
$data merge entity $(bone_leg_left_1) { transformation: [-0.9875834112217006f,0.05656052065394049f,0.14656027218542078f,0.24876341162564283f,0.023752817256682268f,0.9759733756048412f,-0.21659125971022497f,1.0383434139903642f,-0.1552894379926726f,-0.21042071574311932f,-0.9651985872524231f,0.1330292522086504f,0f,0f,0f,1f], start_interpolation: 0, interpolation_duration: 1 }
$data merge entity $(bone_leg_left_0) { transformation: [-0.965334663195303f,0.14356097762658065f,-0.21798906792890177f,0.21063089843750005f,0.2561122801830486f,0.35985596758930444f,-0.8971678675308233f,1.2824492493495119f,-0.05035362919443406f,-0.9218969184747641f,-0.3841491685968923f,-0.20352019608390268f,0f,0f,0f,1f], start_interpolation: 0, interpolation_duration: 1 }
$data merge entity $(bone_leg_right_3) { transformation: [-0.983241794236853f,-0.019510929260791107f,0.18125920033276813f,-0.2231800011316084f,-0.050062075946160585f,0.9849311046630085f,-0.1655430687744629f,0.7039804987178209f,-0.17529792530961408f,-0.17184307581827685f,-0.969402184170976f,0.3844431530735152f,0f,0f,0f,1f], start_interpolation: 0, interpolation_duration: 1 }
$data merge entity $(bone_leg_right_2) { transformation: [-1.0090571212372312f,0.10182177751310939f,0.15329139312171663f,-0.19314267266541252f,-0.049765065066764744f,0.6715789616323622f,-0.7736713359640469f,0.8366918743694876f,-0.177170437376066f,-0.7685546326823899f,-0.6557412692541964f,0.1853037000832258f,0f,0f,0f,1f], start_interpolation: 0, interpolation_duration: 1 }
$data merge entity $(bone_leg_right_1) { transformation: [-0.9757847753555492f,0.04512469395283997f,-0.2140276481672001f,-0.18896584327669466f,0.09137955370460421f,0.9731083341215666f,-0.2114472681968172f,1.1140892502170276f,0.19873059489939549f,-0.2258847760669406f,-0.9536677716018931f,0.17847467168075432f,0f,0f,0f,1f], start_interpolation: 0, interpolation_duration: 1 }
$data merge entity $(bone_leg_right_0) { transformation: [-0.9597474705980991f,-0.23618133351974094f,0.1519972709537505f,-0.18247660156249995f,-0.1949915413863066f,0.17080510411523625f,-0.9658177442954626f,1.2824492493495119f,0.20214621309424335f,-0.9565793192961158f,-0.20998312890953064f,-0.2035201960839027f,0f,0f,0f,1f], start_interpolation: 0, interpolation_duration: 1 }
$data merge entity $(bone_tail_4) { transformation: [-1.5092362026883974f,1.0998371748679445f,-2.0342629143926323f,-0.2743922153555721f,2.3071776719710355f,0.8815368591538186f,-1.235105375063817f,0.9018270745230649f,0.15747573163195358f,-2.3746394013263825f,-1.4006964122233134f,-1.822823992396809f,0f,0f,0f,1f], start_interpolation: 0, interpolation_duration: 1 }
$data merge entity $(bone_tail_3) { transformation: [-1.6148621875638434f,0.4494792326561429f,-1.2353679859182884f,-0.06931796405135343f,1.191699637943727f,1.3266411709870816f,-1.0750910205239643f,1.071140557197077f,0.5549933460373675f,-1.5407586277211995f,-1.286075722110241f,-1.589675542966887f,0f,0f,0f,1f], start_interpolation: 0, interpolation_duration: 1 }
$data merge entity $(bone_tail_2) { transformation: [-1.7989237002680292f,0.6969204348293905f,-0.31136683049736075f,-0.012599921230832442f,0.763313245557067f,1.6430102139512137f,-0.7325600323604198f,1.2082772543914002f,0.0005336421042832963f,-0.795985690431666f,-1.7847073628068286f,-1.258091354757644f,0f,0f,0f,1f], start_interpolation: 0, interpolation_duration: 1 }
$data merge entity $(bone_tail_1) { transformation: [-1.5109413344110099f,0.05710054238728112f,-0.03810593165579225f,-0.003654434135157602f,0.06404671814454795f,1.4747471048733767f,-0.3296592855699756f,1.2611278063363793f,0.02470934768848474f,-0.3309331574905606f,-1.4756452634051782f,-0.9365272485228835f,0f,0f,0f,1f], start_interpolation: 0, interpolation_duration: 1 }
$data merge entity $(bone_tail_0) { transformation: [-1.2767626123710942f,0.012437551265865253f,-0.059651115277719914f,0.014077148437500072f,0.0021732059683877776f,1.2598038308292858f,0.21616036081507292f,1.2283620354534748f,0.06089520023110049f,0.21581318710957526f,-1.2583926888862829f,-0.5635877004206484f,0f,0f,0f,1f], start_interpolation: 0, interpolation_duration: 1 }
$data merge entity $(bone_body_1) { transformation: [-1.2363675f,1.9763146993256132e-17f,1.5011600505441695e-16f,0.014077148437500036f,0f,1.2257902046445845f,-0.1613783419596246f,1.1833145703125f,-1.5141135014448153e-16f,-0.1613783419596246f,-1.2257902046445845f,-0.267738671875f,0f,0f,0f,1f], start_interpolation: 0, interpolation_duration: 1 }