# This file was generated by Animated Java via MC-Build. It is not recommended to edit this file directly.
$data merge entity $(bone_head_lower) { transformation: [-0.9999581058803698f,0.008212833277685412f,-0.004041763686319907f,0.009432322626527437f,-0.0013519011036917017f,0.3042026258328777f,0.9526063902786857f,0.7901363452876307f,0.009053112588991056f,0.9525719457373995f,-0.3041787785933069f,0.6997674344799326f,0f,0f,0f,1f], start_interpolation: 0, interpolation_duration: 1 }
$data merge entity $(bone_head_upper) { transformation: [-1.0408559757616662f,0.002972638764230689f,-0.009052277255705987f,0.008551920835684037f,-0.001407193295540566f,0.93013498195945f,0.46724605693984095f,0.8432325558038891f,0.009423381121750545f,0.4672387198612477f,-0.9300919960596177f,0.646143989856366f,0f,0f,0f,1f], start_interpolation: 0, interpolation_duration: 1 }
$data merge entity $(bone_neck_0) { transformation: [-0.9999445432618734f,0.006169625809287721f,-0.008534993742051173f,0.008222994622818102f,0.0009989717292043917f,0.862345470697834f,0.5063193569501515f,0.8619743080931568f,0.010483914168273805f,0.5062827519127074f,-0.8623038111126543f,0.5821645026517072f,0f,0f,0f,1f], start_interpolation: 0, interpolation_duration: 1 }
$data merge entity $(bone_neck_1) { transformation: [-0.9999978966572877f,0.0020356595928241804f,0.0002505414594460691f,0.00825359680207653f,0.0019895506038724083f,0.9330818584795474f,0.35965857012554037f,0.8967407009883059f,0.0004983667278113666f,0.3596583121052199f,-0.9330839459363927f,0.5047769465906841f,0f,0f,0f,1f], start_interpolation: 0, interpolation_duration: 1 }
$data merge entity $(bone_neck_2) { transformation: [-0.9999970426328911f,0.0024135138883470166f,-0.000299459817788306f,0.008250991685502739f,0.0019805152037578088f,0.879612986184598f,0.47568589646419157f,0.9470263140556563f,0.0014114832621741932f,0.47568389660164523f,-0.8796151648470346f,0.43237330368651294f,0f,0f,0f,1f], start_interpolation: 0, interpolation_duration: 1 }
$data merge entity $(bone_body_0) { transformation: [-0.9999873998043304f,0.0018422283170588267f,0.004669735260404443f,0.010469369929729508f,0.0031852590128423983f,0.9518343783046086f,0.3065961030451956f,1.1005913199317947f,-0.0038799945355044293f,0.30660711419063147f,-0.9518282529795475f,-0.013298966565240683f,0f,0f,0f,1f], start_interpolation: 0, interpolation_duration: 1 }
$data merge entity $(bone_leg_left_3) { transformation: [-0.9625889317634931f,0.09488684797902208f,-0.2538090513102777f,0.24750254656343595f,0.14267644128627635f,0.9738048558095198f,-0.1770523535671969f,0.5312504050549222f,0.23036054685709734f,-0.20664120809365688f,-0.9509118936943071f,0.3261001971231509f,0f,0f,0f,1f], start_interpolation: 0, interpolation_duration: 1 }
$data merge entity $(bone_leg_left_2) { transformation: [-0.9881692012928615f,-0.08877942050294754f,-0.26019616371515425f,0.21723394139311586f,0.14474545207683645f,0.6573087768558161f,-0.7739871610511877f,0.660773011454661f,0.23373614016663055f,-0.7823845511410396f,-0.6207286286426088f,0.12490681244443634f,0f,0f,0f,1f], start_interpolation: 0, interpolation_duration: 1 }
$data merge entity $(bone_leg_left_1) { transformation: [-0.9868400232359807f,0.06188531504896791f,0.14938867534354422f,0.24577676828089526f,0.04257436786597693f,0.9907083811400683f,-0.1291678239331961f,0.935920200830553f,-0.15599420418855747f,-0.12110784995248924f,-0.9803054100327427f,0.14710403910829783f,0f,0f,0f,1f], start_interpolation: 0, interpolation_duration: 1 }
$data merge entity $(bone_leg_left_0) { transformation: [-0.9649468533111594f,0.14542246337956266f,-0.2184716856471597f,0.20845951583294708f,0.2569948711318505f,0.3548051117288984f,-0.8989254523612996f,1.1782886082303872f,-0.05320908284132668f,-0.9235613893161968f,-0.3797409033374219f,-0.19078981453313382f,0f,0f,0f,1f], start_interpolation: 0, interpolation_duration: 1 }
$data merge entity $(bone_leg_right_3) { transformation: [-0.9801038751028867f,-0.011157727854240379f,0.19817138824117797f,-0.2301813028792819f,-0.04343982983714812f,0.9862721807492176f,-0.1593115396445049f,0.5922712607563401f,-0.19367337243933316f,-0.16475038873797454f,-0.9671338760578401f,0.36640752052889025f,0f,0f,0f,1f], start_interpolation: 0, interpolation_duration: 1 }
$data merge entity $(bone_leg_right_2) { transformation: [-1.005885591020765f,0.11280578612771408f,0.16592538049861186f,-0.1971980913969367f,-0.0430983855730228f,0.7069542587394988f,-0.7419032313663148f,0.734200000984901f,-0.1959563891239574f,-0.7345425312171439f,-0.6885568697611737f,0.17421123408333952f,0f,0f,0f,1f], start_interpolation: 0, interpolation_duration: 1 }
$data merge entity $(bone_leg_right_1) { transformation: [-0.9793288200689868f,0.04062076080617083f,-0.19815402083685807f,-0.19515729942925292f,0.06923101258302664f,0.9877752590600054f,-0.139667836260423f,1.0113339080604995f,0.19005822549685905f,-0.1504991407964424f,-0.970168995351077f,0.18856457435394547f,0f,0f,0f,1f], start_interpolation: 0, interpolation_duration: 1 }
$data merge entity $(bone_leg_right_0) { transformation: [-0.9613123876512163f,-0.22491444007330957f,0.15903454968913924f,-0.18463522593758064f,-0.1986590183069461f,0.16612556001425055f,-0.9658865837950502f,1.1782886082303872f,0.190822136539863f,-0.960112385586428f,-0.20437984061521475f,-0.19395691866974324f,0f,0f,0f,1f], start_interpolation: 0, interpolation_duration: 1 }
$data merge entity $(bone_tail_4) { transformation: [-1.6315495327989067f,1.3390999009684472f,-1.780595099636625f,-0.22166140122116285f,2.224063990875393f,1.1090285911783284f,-1.2038506053661453f,0.890406590861658f,0.13132714157816194f,-2.145350407456858f,-1.7337491579549806f,-1.864588173356684f,0f,0f,0f,1f], start_interpolation: 0, interpolation_duration: 1 }
$data merge entity $(bone_tail_3) { transformation: [-1.6811797335714127f,0.5727013398576908f,-1.08701122570027f,-0.04294879911148311f,1.1183665747006426f,1.4761350970436342f,-0.9519595085468596f,1.0373786038931974f,0.5087597016918199f,-1.352399303699034f,-1.499374941545064f,-1.5971153024568299f,0f,0f,0f,1f], start_interpolation: 0, interpolation_duration: 1 }
$data merge entity $(bone_tail_2) { transformation: [-1.8023783847914996f,0.7219004550468388f,-0.22150793674793592f,-0.002931938856281671f,0.755050645117993f,1.7151673381101984f,-0.5539615515445601f,1.1413252938445422f,-0.010225279754762645f,-0.5965187426107589f,-1.8608693421008347f,-1.2513332605393594f,0f,0f,0f,1f], start_interpolation: 0, interpolation_duration: 1 }
$data merge entity $(bone_tail_1) { transformation: [-1.5114866066907422f,0.04994193791542257f,-0.023880758609358066f,0.003040477192639175f,0.052675596591608836f,1.4981788715210604f,-0.20085218557835155f,1.1661824294844472f,0.01702261196833318f,-0.20154930355904135f,-1.4989143934583595f,-0.9263361373934058f,0f,0f,0f,1f], start_interpolation: 0, interpolation_duration: 1 }
$data merge entity $(bone_tail_0) { transformation: [-1.2775816533013016f,0.005893971304491407f,-0.03982583124308229f,0.014820742747071666f,-0.0011888364839531486f,1.2583693638858164f,0.2243676609617529f,1.130983678500655f,0.04024204765857547f,0.22429338313890468f,-1.2577395487398721f,-0.5533828097860103f,0f,0f,0f,1f], start_interpolation: 0, interpolation_duration: 1 }
$data merge entity $(bone_body_1) { transformation: [-1.2363273739269105f,0.0011141710028963715f,0.00989839169844079f,0.012444458007812534f,0f,1.2286088005809994f,-0.1382932037056351f,1.0803793896484377f,-0.009960900322734723f,-0.13828871542589652f,-1.2285689263150301f,-0.25844301757812504f,0f,0f,0f,1f], start_interpolation: 0, interpolation_duration: 1 }