# This file was generated by Animated Java via MC-Build. It is not recommended to edit this file directly.
$data merge entity $(bone_head_lower) { transformation: [-0.9926793375024157f,0.06146262287998044f,-0.10397152920140264f,-0.011737642812649092f,-0.07098113495959742f,0.39961399090212885f,0.9139312538452333f,0.42105056555146125f,0.09772108971768702f,0.9146206887360391f,-0.3923258650158072f,0.7359590487878589f,0f,0f,0f,1f], start_interpolation: 0, interpolation_duration: 1 }
$data merge entity $(bone_head_upper) { transformation: [-1.0332795087898738f,0.010318369145008563f,-0.125295373245188f,-0.02046423900975769f,-0.07388423380397206f,0.7894957127813423f,0.674321571713813f,0.4852414999507779f,0.10171784157001972f,0.6782786988705856f,-0.7829836715719358f,0.6972443622780589f,0f,0f,0f,1f], start_interpolation: 0, interpolation_duration: 1 }
$data merge entity $(bone_neck_0) { transformation: [-0.9926503946580043f,0.03911583320694892f,-0.11452137607378939f,-0.028183579070631237f,0.007624105722697606f,0.9646558279998494f,0.26340274584342116f,0.4866129790198853f,0.12077693073280708f,0.2605937165367786f,-0.9578642116209958f,0.631038115680895f,0f,0f,0f,1f], start_interpolation: 0, interpolation_duration: 1 }
$data merge entity $(bone_neck_1) { transformation: [-0.9997897131587115f,0.01732954182339366f,-0.010964325889566622f,-0.029032566347267183f,0.013202681751736329f,0.9530686692849525f,0.3024661978171646f,0.5166265040696576f,0.01569135611041124f,0.3022578346504868f,-0.9530970479105553f,0.5516907503861226f,0f,0f,0f,1f], start_interpolation: 0, interpolation_duration: 1 }
$data merge entity $(bone_neck_2) { transformation: [-0.9995750451083679f,0.021815339642445915f,-0.019334429210322163f,-0.03051282154462366f,0.014863986266873996f,0.9520087192435749f,0.30570976496747104f,0.5527297326708895f,0.025075707544602067f,0.3052924654171683f,-0.9519284213903085f,0.47128368525339603f,0f,0f,0f,1f], start_interpolation: 0, interpolation_duration: 1 }
$data merge entity $(bone_body_0) { transformation: [-0.9992069005517614f,0.01595382602791337f,0.03648349386795825f,-0.013166307562558538f,0.024981375849580562f,0.9646470838966127f,0.26235840827086815f,0.6855677359278888f,-0.031008075567572173f,0.26306173983464914f,-0.9642805713508715f,0.019327859926972696f,0f,0f,0f,1f], start_interpolation: 0, interpolation_duration: 1 }
$data merge entity $(bone_leg_left_3) { transformation: [-0.9885194532617434f,-0.0015788938618955528f,-0.1510853984251188f,0.21315944368324197f,0.0010068346270610206f,0.9998543643993661f,-0.017036322243162205f,0.13511721338421814f,0.15109029355699116f,-0.016992853960179383f,-0.9883738999524168f,0.041311063179712046f,0f,0f,0f,1f], start_interpolation: 0, interpolation_duration: 1 }
$data merge entity $(bone_leg_left_2) { transformation: [-1.0143904674904338f,-0.036173207485029064f,-0.147531955946766f,0.1985944199416188f,0.0012639231910673207f,0.9941490044157091f,-0.25244476429135004f,0.3590521897475224f,0.15189661439084326f,-0.24984286177554346f,-0.983141984891857f,-0.04707478699206552f,0f,0f,0f,1f], start_interpolation: 0, interpolation_duration: 1 }
$data merge entity $(bone_leg_left_1) { transformation: [-0.9567682782945065f,0.05189256180292964f,0.28618459720763245f,0.21656848773967421f,0.23530270988802648f,0.7164595675445855f,0.6567482948536496f,0.5141741976033549f,-0.17095934127364015f,0.6956959465911486f,-0.6976962473225212f,0.18233201592653053f,0f,0f,0f,1f], start_interpolation: 0, interpolation_duration: 1 }
$data merge entity $(bone_leg_left_0) { transformation: [-0.9624890197090816f,0.19241906009102872f,-0.1912845844628787f,0.19577621273248544f,0.26077460789910073f,0.4614103757059488f,-0.8479959133545191f,0.794692804781835f,-0.07490988462493689f,-0.8660689178723482f,-0.4942804251443693f,-0.12618746626401778f,0f,0f,0f,1f], start_interpolation: 0, interpolation_duration: 1 }
$data merge entity $(bone_leg_right_3) { transformation: [-0.974018156125789f,0.052096916905386585f,0.22039633115428903f,-0.24558686179180697f,0.040353776691307706f,0.9975321590224493f,-0.05745576057071161f,0.172723364141946f,-0.22284569604115279f,-0.04706912963890553f,-0.9737167415583291f,0.09114732885581127f,0f,0f,0f,1f], start_interpolation: 0, interpolation_duration: 1 }
$data merge entity $(bone_leg_right_2) { transformation: [-0.9997436608304178f,0.10795621451994472f,0.20228758705519317f,-0.21261985181335963f,0.04136147381281451f,0.9749658016089954f,-0.31590048065435894f,0.3901595698062569f,-0.22553057578545868f,-0.2997487963948258f,-0.9546459123394532f,-0.007876631807273021f,0f,0f,0f,1f], start_interpolation: 0, interpolation_duration: 1 }
$data merge entity $(bone_leg_right_1) { transformation: [-0.9804590616789868f,-0.04474757680954394f,-0.19156639251506197f,-0.23414286198596107f,-0.14803835591603123f,0.8091318431999767f,0.5686741646122909f,0.5768667846886317f,0.1295556774102906f,0.5859209116335433f,-0.7999450054605493f,0.19630603543885355f,0f,0f,0f,1f], start_interpolation: 0, interpolation_duration: 1 }
$data merge entity $(bone_leg_right_0) { transformation: [-0.969457074643926f,-0.14983704096365053f,0.1941696206364385f,-0.19605614738716245f,-0.2311936514513076f,0.29403229583937934f,-0.9274128015786902f,0.794692804781835f,0.08186865060236674f,-0.9439776852016583f,-0.31969306199832764f,-0.15782459823448197f,0f,0f,0f,1f], start_interpolation: 0, interpolation_duration: 1 }
$data merge entity $(bone_tail_4) { transformation: [-2.234879846893636f,1.529861594672555f,0.5389776458208861f,0.16843413135857277f,1.6220027830257824f,2.102786878024359f,0.7570043917079907f,1.2077661819175487f,0.008965121599405192f,0.9292320368748147f,-2.600405502962988f,-1.8431376239932313f,0f,0f,0f,1f], start_interpolation: 0, interpolation_duration: 1 }
$data merge entity $(bone_tail_3) { transformation: [-1.979866771725331f,0.624503468661201f,0.16145745536359635f,0.1349456567323173f,0.6428737131166852f,1.8677573457785113f,0.6588940827769064f,1.0777646223972135f,0.05278713144247466f,0.6763308664884246f,-1.9686888031970762f,-1.5159391826395887f,0f,0f,0f,1f], start_interpolation: 0, interpolation_duration: 1 }
$data merge entity $(bone_tail_2) { transformation: [-1.8879411784886129f,0.4218879288509199f,0.2765186378161256f,0.082245806706022f,0.4978587870650241f,1.73080122141962f,0.7584442201488988f,0.9375514867562409f,-0.08117025139758675f,0.8031883853897597f,-1.7796274000098502f,-1.1849792358634375f,0f,0f,0f,1f], start_interpolation: 0, interpolation_duration: 1 }
$data merge entity $(bone_tail_1) { transformation: [-1.5110371997549836f,-0.04273668539672633f,0.05095494753132148f,0.07324688481415055f,-0.02776654861229619f,1.458435873724582f,0.39981254483992495f,0.8337149432978386f,-0.0604305364429233f,0.39849043646556587f,-1.457809923244695f,-0.8760882054882848f,0f,0f,0f,1f], start_interpolation: 0, interpolation_duration: 1 }
$data merge entity $(bone_tail_0) { transformation: [-1.2691646102523657f,-0.03257456129500811f,0.14830983319870045f,0.02912122232172263f,-0.012475228231108243f,1.2666052960807879f,0.17143835394890403f,0.8141821137296413f,-0.151331679920532f,0.16877688965188833f,-1.2579542125037348f,-0.5044118600216337f,0f,0f,0f,1f], start_interpolation: 0, interpolation_duration: 1 }
$data merge entity $(bone_body_1) { transformation: [-1.2323570410135365f,-0.007133320748835885f,0.09924633119518911f,0.006528320312500032f,1.0723778635923776e-18f,1.2331862817633386f,0.08863514837220113f,0.7105118359375004f,-0.09950235434707534f,0.08834763868975976f,-1.22918614183271f,-0.22459414062500002f,0f,0f,0f,1f], start_interpolation: 0, interpolation_duration: 1 }