# This file was generated by Animated Java via MC-Build. It is not recommended to edit this file directly.
$data merge entity $(bone_head_lower) { transformation: [-0.9854872030417722f,0.07700674346220054f,-0.15127767218678315f,-0.012465642115618344f,-0.09857344002000663f,0.46591668825640126f,0.8793207131228112f,0.3204533446451817f,0.138196416608851f,0.8814712706977659f,-0.45156411435247906f,0.7408668154842303f,0f,0f,0f,1f], start_interpolation: 0, interpolation_duration: 1 }
$data merge entity $(bone_head_upper) { transformation: [-1.0257932190265129f,0.0326035737166543f,-0.17365834665697652f,-0.024023521949921783f,-0.10260505264455824f,0.7229490363966304f,0.7418145566976275f,0.3877938638260578f,0.1438485924663128f,0.748166853273782f,-0.7092431774020632f,0.7088180029947989f,0f,0f,0f,1f], start_interpolation: 0, interpolation_duration: 1 }
$data merge entity $(bone_neck_0) { transformation: [-0.9868567636630295f,0.03839911584171065f,-0.15696890110817005f,-0.0344778369689602f,0.0075299197188202285f,0.9812294713863735f,0.19269671712783729f,0.38432436763071953f,0.16142189542177876f,0.18898209540957178f,-0.9686220828027036f,0.6430653897544863f,0f,0f,0f,1f], start_interpolation: 0, interpolation_duration: 1 }
$data merge entity $(bone_neck_1) { transformation: [-0.9995627867169201f,0.020921427658443827f,-0.020893283022001413f,-0.03615138986321939f,0.013997840187393487f,0.9572636822583978f,0.2888776611286882f,0.4132060911738259f,0.026044114129552237f,0.28845889914132566f,-0.9571380086619594f,0.5633121320754364f,0f,0f,0f,1f], start_interpolation: 0, interpolation_duration: 1 }
$data merge entity $(bone_neck_2) { transformation: [-0.9991380911601618f,0.025856166833311735f,-0.03247358048500441f,-0.03874317103215702f,0.016783180639501304f,0.9671426726009436f,0.2536796714006188f,0.44489926421498927f,0.0379657693251431f,0.25291601268206015f,-0.9667430325006525f,0.4810943976923008f,0f,0f,0f,1f], start_interpolation: 0, interpolation_duration: 1 }
$data merge entity $(bone_body_0) { transformation: [-0.9990011291432338f,0.019038951444590134f,0.040426010172097876f,-0.019509174224386416f,0.02822391603783682f,0.9702321817272488f,0.24052634804584694f,0.5675011043963709f,-0.03464324658621302f,0.24142707360334156f,-0.9698003988436452f,0.026331001128700293f,0f,0f,0f,1f], start_interpolation: 0, interpolation_duration: 1 }
$data merge entity $(bone_leg_left_3) { transformation: [-0.9969426507215283f,-0.019474233247178833f,-0.07567103416610041f,0.21751966152912042f,-0.02172944859701571f,0.9993404475986041f,0.029094687781299707f,0.07540349778481475f,0.07505452841769297f,0.03065002500579945f,-0.9967082791525016f,-0.035045818735373935f,0f,0f,0f,1f], start_interpolation: 0, interpolation_duration: 1 }
$data merge entity $(bone_leg_left_2) { transformation: [-1.0228039895233918f,-0.02476129963275549f,-0.07294570964919608f,0.20790673347541908f,-0.02143540260985791f,1.024391264325148f,-0.04717266782759059f,0.31269651300376505f,0.0739913645683142f,-0.045514998797273505f,-1.0220155881171757f,-0.07712536969007161f,0f,0f,0f,1f], start_interpolation: 0, interpolation_duration: 1 }
$data merge entity $(bone_leg_left_1) { transformation: [-0.9416148448789505f,0.0007497923461279588f,0.33669113697130126f,0.20900644145669944f,0.29596130871936327f,0.4786141965779497f,0.8266410070733033f,0.39298483996999534f,-0.16052534891633677f,0.8780249931781445f,-0.45089214199163735f,0.18851717369310933f,0f,0f,0f,1f], start_interpolation: 0, interpolation_duration: 1 }
$data merge entity $(bone_leg_left_0) { transformation: [-0.9624040451720158f,0.20334288978380988f,-0.18008365559070022f,0.1916012718627672f,0.2601438491262419f,0.49933910153616323f,-0.826429452185025f,0.6865665109928896f,-0.07812574222574584f,-0.8422067031622502f,-0.5334643732717768f,-0.10781733505547475f,0f,0f,0f,1f], start_interpolation: 0, interpolation_duration: 1 }
$data merge entity $(bone_leg_right_3) { transformation: [-0.9805179942630651f,0.058047214707627f,0.1876565580815716f,-0.24675969271327025f,0.05409406185553067f,0.998194075462846f,-0.026123173292004156f,0.0939244744275439f,-0.18883404194769982f,-0.015463136019601753f,-0.9818872623810401f,0.009094592153507546f,0f,0f,0f,1f], start_interpolation: 0, interpolation_duration: 1 }
$data merge entity $(bone_leg_right_2) { transformation: [-1.0063235155572419f,0.0811727820283404f,0.18106949217078794f,-0.22068138828768183f,0.05493629068723608f,1.01333881450085f,-0.14895855293414131f,0.3254435673273144f,-0.1906756027989292f,-0.1364464216624437f,-0.9985426320460603f,-0.053274500570127475f,0f,0f,0f,1f], start_interpolation: 0, interpolation_duration: 1 }
$data merge entity $(bone_leg_right_1) { transformation: [-0.970048834921657f,-0.060570339055358205f,-0.2352370971888883f,-0.24397949191812968f,-0.2211302228845895f,0.6209891310039989f,0.7519800021954772f,0.44986076232418126f,0.10053199686740191f,0.7814753567462107f,-0.6157837156049479f,0.19368894938978493f,0f,0f,0f,1f], start_interpolation: 0, interpolation_duration: 1 }
$data merge entity $(bone_leg_right_0) { transformation: [-0.9694050186298763f,-0.13076347129337573f,0.20773739295205285f,-0.19951442828640353f,-0.24084913743869954f,0.3433218910910565f,-0.9078115289489859f,0.6865665109928896f,0.047387792206891516f,-0.9300704240394743f,-0.3643122334986697f,-0.14733967877486925f,0f,0f,0f,1f], start_interpolation: 0, interpolation_duration: 1 }
$data merge entity $(bone_tail_4) { transformation: [-2.276771746264335f,1.0772028107352216f,1.132080320276167f,0.25329981729522344f,1.5557948375538155f,1.7501313861820207f,1.4636269627680047f,1.2916471887976608f,-0.1465406784935372f,1.8445421023237003f,-2.049841846070549f,-1.7170210601108815f,0f,0f,0f,1f], start_interpolation: 0, interpolation_duration: 1 }
$data merge entity $(bone_tail_3) { transformation: [-1.987789496611761f,0.4128379540209329f,0.4628209879901896f,0.17078253739361665f,0.6071511658246418f,1.6123586309884645f,1.1694497137368614f,1.0775735383329326f,-0.12651444598220177f,1.2513232974900044f,-1.659557057217679f,-1.4478666915245424f,0f,0f,0f,1f], start_interpolation: 0, interpolation_duration: 1 }
$data merge entity $(bone_tail_2) { transformation: [-1.9036099031556062f,0.26678942237511477f,0.35194689332260404f,0.10401224711638904f,0.42150794292288035f,1.5623379047197257f,1.095538771806674f,0.8745987182159771f,-0.13181147773847962f,1.1431087221203005f,-1.5794625854231776f,-1.1540735079686182f,0f,0f,0f,1f], start_interpolation: 0, interpolation_duration: 1 }
$data merge entity $(bone_tail_1) { transformation: [-1.5097852186187015f,-0.06571060744132132f,0.06234548668646848f,0.09284184463886438f,-0.03901057551319219f,1.4112390490055817f,0.542714263272997f,0.7405989939612859f,-0.08174973173417496f,0.5401321251615339f,-1.4104008361915688f,-0.8570954397430589f,0f,0f,0f,1f], start_interpolation: 0, interpolation_duration: 1 }
$data merge entity $(bone_tail_0) { transformation: [-1.261407326683049f,-0.031069013037322134f,0.20425961226644493f,0.03240268787034615f,-0.0077752832512646124f,1.2699243504300437f,0.14514615302935782f,0.7288294512832081f,-0.2064626303831139f,0.1419949900445289f,-1.2534138668618469f,-0.48739218374571086f,0f,0f,0f,1f], start_interpolation: 0, interpolation_duration: 1 }
$data merge entity $(bone_body_1) { transformation: [-1.230103064439574f,-0.016672558953266393f,0.12317902293235233f,0.004888305664062524f,1.0723778635923776e-18f,1.2251955020981624f,0.16583297830854407f,0.6077499951171877f,-0.1243022361529314f,0.16499273460559377f,-1.2189876728954232f,-0.215108056640625f,0f,0f,0f,1f], start_interpolation: 0, interpolation_duration: 1 }