# This file was generated by Animated Java via MC-Build. It is not recommended to edit this file directly.
$data merge entity $(bone_head_lower) { transformation: [-0.9747381247120597f,0.053447214639480094f,-0.21686166899684822f,-0.003582064900995628f,-0.11620537323881207f,0.707826180006288f,0.6967628076527439f,0.18532175422094935f,0.19074039808925008f,0.7043617636875155f,-0.6837343097956741f,0.7549039734013157f,0f,0f,0f,1f], start_interpolation: 0, interpolation_duration: 1 }
$data merge entity $(bone_head_upper) { transformation: [-1.0146045078718977f,0.07138976963360376f,-0.221253555861126f,-0.017546625994316913f,-0.12095812458537397f,0.6838785922286856f,0.7753393745783892f,0.2540903722099674f,0.19854160089593456f,0.7814637000312167f,-0.6583066616940064f,0.7271312402778316f,0f,0f,0f,1f], start_interpolation: 0, interpolation_duration: 1 }
$data merge entity $(bone_neck_0) { transformation: [-0.9786118028178684f,0.02812074210417674f,-0.2037846001273696f,-0.0308639587666346f,0.009690746014385965f,0.9958148647978f,0.09087818489287766f,0.24379965231089182f,0.20548729602397858f,0.086959639553357f,-0.9747886910820743f,0.6626216597018659f,0f,0f,0f,1f], start_interpolation: 0, interpolation_duration: 1 }
$data merge entity $(bone_neck_1) { transformation: [-0.9987726278924292f,0.02892077305200583f,-0.04020978312458184f,-0.03413702076433623f,0.01764352808553384f,0.9663118331335304f,0.25676866448772745f,0.2700030061079908f,0.04628113751353258f,0.2557440713529652f,-0.9656360734139248f,0.5819977912789572f,0f,0f,0f,1f], start_interpolation: 0, interpolation_duration: 1 }
$data merge entity $(bone_neck_2) { transformation: [-0.9979688415673129f,0.03344238828437078f,-0.05421990341777707f,-0.038559669070212466f,0.021545319478611165f,0.9781552789825424f,0.20675601419825548f,0.29769313515015294f,0.05994989966096918f,0.20516787483527246f,-0.976889017578874f,0.49842370839597505f,0f,0f,0f,1f], start_interpolation: 0, interpolation_duration: 1 }
$data merge entity $(bone_body_0) { transformation: [-0.9991929996804463f,0.024570563384786224f,0.03177478252554951f,-0.023350267891911136f,0.029954305997204236f,0.9828548464825043f,0.18193155388243876f,0.3927997152329232f,-0.02675983822480281f,0.18273652661908366f,-0.9827976764814695f,0.03697564279825033f,0f,0f,0f,1f], start_interpolation: 0, interpolation_duration: 1 }
$data merge entity $(bone_leg_left_3) { transformation: [-0.9990724826500392f,-0.024205065883356015f,0.03561304812943923f,0.24282318197201955f,-0.021675827338372863f,0.9973277041070835f,0.06976825302163736f,0.00903966234262854f,-0.03720662468814413f,0.0689315994742365f,-0.996927330186729f,-0.083646704939448f,0f,0f,0f,1f], start_interpolation: 0, interpolation_duration: 1 }
$data merge entity $(bone_leg_left_2) { transformation: [-1.0246799026759206f,-0.028936232792652134f,0.03543996310000641f,0.23558377557129048f,-0.020628470934227903f,1.0013607485455767f,0.22116355251228162f,0.2492583407504346f,-0.04083825093801271f,0.2202306636340782f,-1.0009459983217437f,-0.06330832730041858f,0f,0f,0f,1f], start_interpolation: 0, interpolation_duration: 1 }
$data merge entity $(bone_leg_left_1) { transformation: [-0.9237001041089271f,-0.09476693578014346f,0.371210648489506f,0.20854700471651147f,0.3565551830576171f,0.14184424368235388f,0.9234438867462009f,0.23171596897029f,-0.14016604119367335f,0.9853422950513306f,-0.09723190052174385f,0.21232669201650173f,0f,0f,0f,1f], start_interpolation: 0, interpolation_duration: 1 }
$data merge entity $(bone_leg_left_0) { transformation: [-0.9630841680704046f,0.19449551609359483f,-0.18611926131280124f,0.18808032298538369f,0.2591734368804318f,0.4829668132850856f,-0.8364043202188962f,0.5195685288369362f,-0.07278746339666882f,-0.8537649275325939f,-0.5155457629420914f,-0.08938392642704705f,0f,0f,0f,1f], start_interpolation: 0, interpolation_duration: 1 }
$data merge entity $(bone_leg_right_3) { transformation: [-0.9942627741683739f,0.05872311512018523f,0.08940431563180222f,-0.2618685843845743f,0.06290551452408716f,0.9970178337432524f,0.04470274533373403f,0.009136015983841561f,-0.08651261263809627f,0.050070300063953105f,-0.9949917250440008f,-0.07357648789591702f,0f,0f,0f,1f], start_interpolation: 0, interpolation_duration: 1 }
$data merge entity $(bone_leg_right_2) { transformation: [-1.020139919959821f,0.05171966497516106f,0.09328354334995015f,-0.2453473033337926f,0.06317376949361761f,1.015759111343427f,0.127689866753291f,0.24975617243104592f,-0.08594078224587086f,0.1327429978505949f,-1.0134375550418975f,-0.07382072093957792f,0f,0f,0f,1f], start_interpolation: 0, interpolation_duration: 1 }
$data merge entity $(bone_leg_right_1) { transformation: [-0.9513819868105188f,-0.009834329365970756f,-0.307856461907805f,-0.25063879790294963f,-0.29739996493977094f,0.28944390602576253f,0.9098216781976415f,0.274212600419119f,0.08015969078217058f,0.9571444568248155f,-0.27829644759363287f,0.2025617475258702f,0f,0f,0f,1f], start_interpolation: 0, interpolation_duration: 1 }
$data merge entity $(bone_leg_right_0) { transformation: [-0.9683062267637642f,-0.11923440779822553f,0.21946800953106654f,-0.20272975746532634f,-0.24832549286562683f,0.3653525807922716f,-0.8971354085652121f,0.5195685288369362f,0.02678620547157412f,-0.9232013039989887f,-0.3833821220284033f,-0.1318219703777237f,0f,0f,0f,1f], start_interpolation: 0, interpolation_duration: 1 }
$data merge entity $(bone_tail_4) { transformation: [-2.2971728852841027f,0.608925498800758f,1.40636688087631f,0.28680125045197546f,1.4968506055682682f,1.4351446651367437f,1.8235842142164571f,1.214735586708833f,-0.3287800652798496f,2.2793049069046885f,-1.5239206480767906f,-1.6212249462870234f,0f,0f,0f,1f], start_interpolation: 0, interpolation_duration: 1 }
$data merge entity $(bone_tail_3) { transformation: [-1.979803646785504f,0.2103839273930049f,0.6099685642014341f,0.1813143509251371f,0.5870687937348091f,1.4041107213945032f,1.4211857160597303f,0.9600146822177662f,-0.26771865389251537f,1.5232062274045974f,-1.3943152574644937f,-1.3997063730742267f,0f,0f,0f,1f], start_interpolation: 0, interpolation_duration: 1 }
$data merge entity $(bone_tail_2) { transformation: [-1.91323388812064f,0.15008342055496623f,0.3684900693696878f,0.11143383341546693f,0.353921660096209f,1.4688638430152499f,1.2393354445831009f,0.7302361559411636f,-0.18179500230836848f,1.280112437467807f,-1.4652769702614954f,-1.1271444056175144f,0f,0f,0f,1f], start_interpolation: 0, interpolation_duration: 1 }
$data merge entity $(bone_tail_1) { transformation: [-1.5092928186369927f,-0.07178907048434297f,0.06736294953308536f,0.09925756141949818f,-0.03911707610123322f,1.3870773160320862f,0.6017828708982293f,0.5838209803282446f,-0.09033986920564639f,0.5987646438361393f,-1.3859927342247103f,-0.836127203807473f,0f,0f,0f,1f], start_interpolation: 0, interpolation_duration: 1 }
$data merge entity $(bone_tail_0) { transformation: [-1.2571082671544258f,-0.02255949413312683f,0.23022943004855417f,0.031434770149860576f,-0.0012878516822854285f,1.272786082010596f,0.1176845251602269f,0.580145422261908f,-0.2313284735480462f,0.11550919984399971f,-1.2517909085232075f,-0.46753736325556977f,0f,0f,0f,1f], start_interpolation: 0, interpolation_duration: 1 }
$data merge entity $(bone_body_1) { transformation: [-1.2291418559596121f,-0.02459743545971645f,0.13118635277045868f,0.002592592592592618f,-2.144755727184755e-18f,1.2151912381176284f,0.22784830448874424f,0.4453221296296298f,-0.13347244279030088f,0.22651670143104372f,-1.2080893535019002f,-0.20193101851851852f,0f,0f,0f,1f], start_interpolation: 0, interpolation_duration: 1 }