# This file was generated by Animated Java via MC-Build. It is not recommended to edit this file directly.
$data merge entity $(bone_head_lower) { transformation: [-0.9745022041090697f,0.01602612852217169f,-0.22380486453863266f,-0.0016297920565445222f,-0.11531476725823535f,0.8198692188089309f,0.5608181242629483f,0.17978966395592508f,0.19247846279192876f,0.5723265040640906f,-0.7971163115299f,0.7570849105192308f,0f,0f,0f,1f], start_interpolation: 0, interpolation_duration: 1 }
$data merge entity $(bone_head_upper) { transformation: [-1.0143589382145457f,0.0719265522878163f,-0.22220364111272894f,-0.01564771997963286f,-0.1200310931912775f,0.6889739272046721f,0.770960055309602f,0.24837108538905475f,0.20035075172075917f,0.7769256343381045f,-0.6631124169978785f,0.7288795418325529f,0f,0f,0f,1f], start_interpolation: 0, interpolation_duration: 1 }
$data merge entity $(bone_neck_0) { transformation: [-0.9787055869149086f,0.02255520921999991f,-0.20402606862503173f,-0.028890297219692104f,0.006883186411957717f,0.9969918910326038f,0.07719968238309463f,0.23717768972048592f,0.2051535909662865f,0.0741514109931462f,-0.9759167855720914f,0.6645050259450931f,0f,0f,0f,1f], start_interpolation: 0, interpolation_duration: 1 }
$data merge entity $(bone_neck_1) { transformation: [-0.9986492729134906f,0.03204936750718318f,-0.04089581582198752f,-0.032207062147462454f,0.020389739680088285f,0.9656911033813992f,0.25889177539233205f,0.26355803925265864f,0.047790043158953605f,0.25770822822022f,-0.9650401965112441f,0.5839406847418935f,0f,0f,0f,1f], start_interpolation: 0, interpolation_duration: 1 }
$data merge entity $(bone_neck_2) { transformation: [-0.9978339343513228f,0.03720803815231177f,-0.05424943643777355f,-0.03659542970164972f,0.02393079195956425f,0.9734812880421141f,0.2275115360329103f,0.2930207463813992f,0.0612760691718062f,0.2257204991327157f,-0.9722630814847028f,0.5009730915925437f,0f,0f,0f,1f], start_interpolation: 0, interpolation_duration: 1 }
$data merge entity $(bone_body_0) { transformation: [-0.9992652332991195f,0.025523396505348284f,0.028592826906180896f,-0.022876595347908493f,0.02956942523298452f,0.9880248797303619f,0.1514347586427724f,0.37380355225992423f,-0.024385294975599228f,0.1521689628821678f,-0.9880536241137514f,0.03675672333147931f,0f,0f,0f,1f], start_interpolation: 0, interpolation_duration: 1 }
$data merge entity $(bone_leg_left_3) { transformation: [-0.9978238577539166f,-0.03594923533004762f,0.0552738760742954f,0.2544152359848968f,-0.03304592923325889f,0.998070226381842f,0.052571758304336524f,0.016093434064501283f,-0.05705712451747093f,0.050630778082940475f,-0.997086259484361f,-0.07685226195686101f,0f,0f,0f,1f], start_interpolation: 0, interpolation_duration: 1 }
$data merge entity $(bone_leg_left_2) { transformation: [-1.0233689240808619f,-0.04596805475653959f,0.051625407196195156f,0.24370797315651507f,-0.03222196832789297f,0.9949494649984308f,0.24718314335145766f,0.2556037875882492f,-0.0611554534228099f,0.2449993868194996f,-0.9941315358016839f,-0.0505612531578645f,0f,0f,0f,1f], start_interpolation: 0, interpolation_duration: 1 }
$data merge entity $(bone_leg_left_1) { transformation: [-0.9258112992445314f,-0.11486846673126101f,0.3601092522304331f,0.2118410667131274f,0.3501754024895277f,0.09802591586809162f,0.9315407169359371f,0.22585497727093967f,-0.14230469311463256f,0.9885323237856372f,-0.05052938895849879f,0.22350606378853607f,0f,0f,0f,1f], start_interpolation: 0, interpolation_duration: 1 }
$data merge entity $(bone_leg_left_0) { transformation: [-0.9631743832875649f,0.1846095221956918f,-0.19548511885383343f,0.18824477199257106f,0.2595052203368941f,0.4479742143960531f,-0.855556043666421f,0.5015659538699526f,-0.07037149988822936f,-0.8747790735671022f,-0.4793844224133316f,-0.08911823280840517f,0f,0f,0f,1f], start_interpolation: 0, interpolation_duration: 1 }
$data merge entity $(bone_leg_right_3) { transformation: [-0.9956041175780772f,0.07624305787607122f,0.054400709437322066f,-0.2740028959327431f,0.08064861142489843f,0.9931966315890303f,0.08400150281655573f,0.021663234595520803f,-0.04762606992828212f,0.08801958376355883f,-0.9949795527232083f,-0.09372988181670795f,0f,0f,0f,1f], start_interpolation: 0, interpolation_duration: 1 }
$data merge entity $(bone_leg_right_2) { transformation: [-1.0214433547426236f,0.0696136564987863f,0.06220620050845175f,-0.2542689584116228f,0.08114121815108984f,0.9999926608085917f,0.21329083558982176f,0.2612258333603489f,-0.046171151921800165f,0.2173265208356222f,-1.0013488940286455f,-0.07394592243113166f,0f,0f,0f,1f], start_interpolation: 0, interpolation_duration: 1 }
$data merge entity $(bone_leg_right_1) { transformation: [-0.952065584558363f,0.023205502312854856f,-0.3050125036157542f,-0.25074901036774655f,-0.2956353031547374f,0.18626198879370093f,0.9369665090381948f,0.2562464431790796f,0.0785550140229696f,0.9822260311114863f,-0.1704732635307592f,0.20349993048247142f,0f,0f,0f,1f], start_interpolation: 0, interpolation_duration: 1 }
$data merge entity $(bone_leg_right_0) { transformation: [-0.9679424831149289f,-0.11816151098016131f,0.2216420688953042f,-0.20263799231043272f,-0.24991303930047987f,0.36483764434613675f,-0.8969041008132135f,0.5015659538699526f,0.025116173452625262f,-0.9235428255315761f,-0.38267195773959f,-0.130881507669129f,0f,0f,0f,1f], start_interpolation: 0, interpolation_duration: 1 }
$data merge entity $(bone_tail_4) { transformation: [-2.313197205529812f,0.5430492304716166f,1.4070812177032475f,0.2846168861160408f,1.4614088496817093f,1.4440003600298834f,1.8452123091681216f,1.1930389568263078f,-0.3729131185692613f,2.2903322521236418f,-1.4969887482814277f,-1.623509457957136f,0f,0f,0f,1f], start_interpolation: 0, interpolation_duration: 1 }
$data merge entity $(bone_tail_3) { transformation: [-1.981395459139023f,0.18555691188090773f,0.6128508733786103f,0.17888420530355376f,0.5719255886045982f,1.4090761251036341f,1.422445471997664f,0.9380558539078959f,-0.28795604117119733f,1.5218471119532981f,-1.3917644241166902f,-1.4024101118046226f,0f,0f,0f,1f], start_interpolation: 0, interpolation_duration: 1 }
$data merge entity $(bone_tail_2) { transformation: [-1.9153177258377942f,0.13803133674977142f,0.3623247633952011f,0.1101453959971485f,0.3387336872665349f,1.4842462964824372f,1.2251719452761574f,0.7109027208461599f,-0.18865676029534292f,1.2636194666338507f,-1.4786643788708869f,-1.1273684527700039f,0f,0f,0f,1f], start_interpolation: 0, interpolation_duration: 1 }
$data merge entity $(bone_tail_1) { transformation: [-1.5094081984036354f,-0.06941330365134528f,0.0672676286790247f,0.09796070492083463f,-0.03759842091277804f,1.3913116314332656f,0.5920258043222197f,0.5665339460885837f,-0.08904773628093295f,0.5891434354337759f,-1.3901930668610496f,-0.8353310113738721f,0f,0f,0f,1f], start_interpolation: 0, interpolation_duration: 1 }
$data merge entity $(bone_tail_0) { transformation: [-1.257589305233612f,-0.02035980010048084f,0.22779450056122358f,0.030902539175840394f,-0.0003390577106056131f,1.2733053374326893f,0.11193354854252628f,0.5645514876133793f,-0.22870229772771783f,0.11006685599816901f,-1.252763450460129f,-0.46658830491570746f,0f,0f,0f,1f], start_interpolation: 0, interpolation_duration: 1 }
$data merge entity $(bone_body_1) { transformation: [-1.2293704548867526f,-0.025072374731627396f,0.1289350834067518f,0.002615740740740766f,0f,1.2136344304739035f,0.2360001360688885f,0.42793787037037045f,-0.1313502177683356f,0.23466452703774968f,-1.2067660399176845f,-0.20183842592592594f,0f,0f,0f,1f], start_interpolation: 0, interpolation_duration: 1 }