# This file was generated by Animated Java via MC-Build. It is not recommended to edit this file directly.
$data merge entity $(bone_head_lower) { transformation: [-0.9863840778221753f,-0.07797978202319286f,-0.14479504347356728f,-0.006464982080446005f,-0.09459830407164248f,0.9892318007422497f,0.11167634157248985f,0.23729195150403956f,0.1345273648209389f,0.1238531307471139f,-0.9831392526587841f,0.7733592141254322f,0f,0f,0f,1f], start_interpolation: 0, interpolation_duration: 1 }
$data merge entity $(bone_head_upper) { transformation: [-1.0267267756117366f,0.035319060412331474f,-0.16750114864389434f,-0.017537715171717684f,-0.09846733529221263f,0.7112895283522795f,0.753553802538578f,0.3051812166605212f,0.14002947798904666f,0.7591387971981733f,-0.6982635422719228f,0.7423124952939799f,0f,0f,0f,1f], start_interpolation: 0, interpolation_duration: 1 }
$data merge entity $(bone_neck_0) { transformation: [-0.9894549993435486f,-0.0008258955102645685f,-0.14483826210868533f,-0.026570105292058183f,-0.014783105571457886f,0.9953374421303303f,0.09531440648251865f,0.29519300874570154f,0.14408422558948378f,0.09645047532313045f,-0.9848538174501946f,0.6770178715822133f,0f,0f,0f,1f], start_interpolation: 0, interpolation_duration: 1 }
$data merge entity $(bone_neck_1) { transformation: [-0.9994614325359534f,0.025408372046697842f,-0.020766788464188876f,-0.028212271645100942f,0.019094042059389686f,0.9649638563657263f,0.2616871671779496f,0.3218068143155379f,0.02668824518423875f,0.26114970905157536f,-0.9649293067532273f,0.5964787786689508f,0f,0f,0f,1f], start_interpolation: 0, interpolation_duration: 1 }
$data merge entity $(bone_neck_2) { transformation: [-0.9991537231260685f,0.03116835214493918f,-0.02683973524244795f,-0.030258476102634657f,0.020411498389009103f,0.9422316489554764f,0.3343394838187069f,0.3603224973822401f,0.0357100587626388f,0.3335087008328462f,-0.9420704528706737f,0.5172116000931748f,0f,0f,0f,1f], start_interpolation: 0, interpolation_duration: 1 }
$data merge entity $(bone_body_0) { transformation: [-0.9995115959667049f,0.018453444690545977f,0.025219831624009106f,-0.018196671905124445f,0.020694135586222136f,0.9955730201908043f,0.0916848636389857f,0.413017307280648f,-0.023416282378496037f,0.0921619869968812f,-0.9954686563987625f,0.04892891346852857f,0f,0f,0f,1f], start_interpolation: 0, interpolation_duration: 1 }
$data merge entity $(bone_leg_left_3) { transformation: [-0.9994511365327883f,-0.031631542063363396f,0.009842318325044973f,0.2342476050308482f,-0.03127492087677578f,0.9989154985266191f,0.03449211688874991f,0.004762200104543812f,-0.010922683162540924f,0.034165367699023064f,-0.9993565042778887f,-0.08017915273253559f,0f,0f,0f,1f], start_interpolation: 0, interpolation_duration: 1 }
$data merge entity $(bone_leg_left_2) { transformation: [-1.0251440380052503f,-0.03219237267100315f,0.01027384956067599f,0.22547073147198077f,-0.030744496938770113f,1.017959966084493f,0.12196098908230334f,0.24576863468520677f,-0.014024148849969652f,0.12158683354608353f,-1.0183723114156067f,-0.08333146097632743f,0f,0f,0f,1f], start_interpolation: 0, interpolation_duration: 1 }
$data merge entity $(bone_leg_left_1) { transformation: [-0.9305468693872101f,-0.07027859675956641f,0.3593653332072652f,0.20585126578088117f,0.34769051701967124f,0.13827439330877606f,0.9273572647743068f,0.2272254405855041f,-0.11486439068856875f,0.9878973180409979f,-0.10423560216714672f,0.1928652301304673f,0f,0f,0f,1f], start_interpolation: 0, interpolation_duration: 1 }
$data merge entity $(bone_leg_left_0) { transformation: [-0.9616316673110105f,0.20677784891759304f,-0.18029824630777502f,0.1899020505231305f,0.2678194753993272f,0.5650882851115033f,-0.7803511764754182f,0.5437638065387274f,-0.05947491085722804f,-0.798697784663732f,-0.5987859248110058f,-0.07890004354661295f,0f,0f,0f,1f], start_interpolation: 0, interpolation_duration: 1 }
$data merge entity $(bone_leg_right_3) { transformation: [-0.995855357034357f,0.0628208278098934f,0.0657696849563199f,-0.2528249280796177f,0.06886215804508383f,0.9931853951720928f,0.09402539022109174f,0.009751607887428154f,-0.05941473769484944f,0.09816473098895737f,-0.993394974083581f,-0.106984613135313f,0f,0f,0f,1f], start_interpolation: 0, interpolation_duration: 1 }
$data merge entity $(bone_leg_right_2) { transformation: [-1.0217061316494205f,0.06085834921680425f,0.06689575009877319f,-0.2349865042199561f,0.06926371242529054f,1.0144147077397554f,0.1350094010172196f,0.2502751443952991f,-0.05814910310347601f,0.13900094083338865f,-1.0145736147546855f,-0.10584835349702484f,0f,0f,0f,1f], start_interpolation: 0, interpolation_duration: 1 }
$data merge entity $(bone_leg_right_1) { transformation: [-0.9491248219546894f,0.0078119980541413725f,-0.31480318460250917f,-0.23507066210645167f,-0.3093020090861701f,0.1645347084873593f,0.9366219071099283f,0.23913922653600866f,0.05911293872527511f,0.9863403582888528f,-0.15374770920530856f,0.1714409717765006f,0f,0f,0f,1f], start_interpolation: 0, interpolation_duration: 1 }
$data merge entity $(bone_leg_right_0) { transformation: [-0.9646322871981416f,-0.1570350705469066f,0.21171806043228825f,-0.2017996857108825f,-0.2632219711250432f,0.5308866659143578f,-0.8055268722217678f,0.5437638065387274f,0.014097673990022236f,-0.8327660743406071f,-0.5534454995890796f,-0.11211534706035034f,0f,0f,0f,1f], start_interpolation: 0, interpolation_duration: 1 }
$data merge entity $(bone_tail_4) { transformation: [-2.4665460061908f,0.32832077111837876f,1.1975047399473815f,0.23440850649719452f,1.1015795600236113f,1.807565909652461f,1.7733835701281493f,1.1197567862414737f,-0.5730048899288728f,2.061691607664567f,-1.7454954719514724f,-1.699308721825973f,0f,0f,0f,1f], start_interpolation: 0, interpolation_duration: 1 }
$data merge entity $(bone_tail_3) { transformation: [-2.0117830260354617f,0.12203248272342558f,0.5232424441503211f,0.14449174029054884f,0.4173631934449434f,1.6319902392772472f,1.2240757124073973f,0.8962284743591693f,-0.338352696099032f,1.2875020225648564f,-1.6011875346062259f,-1.4404057045072243f,0f,0f,0f,1f], start_interpolation: 0, interpolation_duration: 1 }
$data merge entity $(bone_tail_2) { transformation: [-1.9294134336521134f,0.11099934505109296f,0.2895113511483907f,0.0892719299453783f,0.24033182912859188f,1.6882419956391133f,0.9543864264913595f,0.7193895564115843f,-0.19590377472944148f,0.9779018276705848f,-1.6805069477654837f,-1.1279152988725691f,0f,0f,0f,1f], start_interpolation: 0, interpolation_duration: 1 }
$data merge entity $(bone_tail_1) { transformation: [-1.510621919078814f,-0.045470276013186345f,0.06008428744627308f,0.07834149453392106f,-0.025922499739476808f,1.4460585686956926f,0.4426046654849255f,0.606494164038158f,-0.07075091240329379f,0.44102530528423267f,-1.445042296437392f,-0.8222818043707487f,0f,0f,0f,1f], start_interpolation: 0, interpolation_duration: 1 }
$data merge entity $(bone_tail_0) { transformation: [-1.26481454274377f,-0.009466278321319169f,0.18436452647578105f,0.024237456708841615f,0.0020385616099724345f,1.275740213408605f,0.07948879633481118f,0.6140515741388981f,-0.18459613569752212f,0.07894943983929247f,-1.2623497808526098f,-0.45148866804757876f,0f,0f,0f,1f], start_interpolation: 0, interpolation_duration: 1 }
$data merge entity $(bone_body_1) { transformation: [-1.231946214135589f,-0.022028279230261797f,0.10211696943893749f,0.0019804526748971422f,0f,1.2085678081223785f,0.26070759142479916f,0.47203509259259263f,-0.10446588214933752f,0.25977529355324314f,-1.204245934758485f,-0.18901606652949243f,0f,0f,0f,1f], start_interpolation: 0, interpolation_duration: 1 }