# This file was generated by Animated Java via MC-Build. It is not recommended to edit this file directly.
$data merge entity $(bone_head_lower) { transformation: [-0.9878991465487779f,-0.07048735422219958f,-0.13815501852249373f,-0.0053604141655602105f,-0.08986898121426436f,0.9861368938013046f,0.13949047601691028f,0.2457868022861829f,0.12640744623520653f,0.15021837297304286f,-0.9805384224790098f,0.772724414982636f,0f,0f,0f,1f], start_interpolation: 0, interpolation_duration: 1 }
$data merge entity $(bone_head_upper) { transformation: [-1.0283038100179787f,0.04145626102305676f,-0.1560275466320113f,-0.015504867700744246f,-0.09354458510051894f,0.6669013038817961f,0.7937027176863127f,0.3154486301948871f,0.1315774581164572f,0.7981202740729342f,-0.655105596993999f,0.745525586208451f,0f,0f,0f,1f], start_interpolation: 0, interpolation_duration: 1 }
$data merge entity $(bone_neck_0) { transformation: [-0.9904529932908714f,0.0013755390507280653f,-0.13784402770331697f,-0.0241204084440646f,-0.015013078976834248f,0.9929259726202913f,0.1177820884331893f,0.30695244170371133f,0.13703092913933057f,0.11872708531909734f,-0.9834258506216133f,0.6799639854567954f,0f,0f,0f,1f], start_interpolation: 0, interpolation_duration: 1 }
$data merge entity $(bone_neck_1) { transformation: [-0.9995089981333383f,0.023911013737130997f,-0.02024910053689072f,-0.025725617977573546f,0.017856592073849892f,0.9657241422469598f,0.2589556394459902f,0.3333383535653684f,0.025746937099361884f,0.25846691181549f,-0.9656769391088125f,0.5993491989588232f,0f,0f,0f,1f], start_interpolation: 0, interpolation_duration: 1 }
$data merge entity $(bone_neck_2) { transformation: [-0.9992329641003885f,0.029428662252625214f,-0.025834807782767023f,-0.027700815904035198f,0.019084634661301815f,0.9420456557942478f,0.3349414264002438f,0.3719049503274884f,0.03419444655198042f,0.33419146643384867f,-0.9418847082248429f,0.5201049777090692f,0f,0f,0f,1f], start_interpolation: 0, interpolation_duration: 1 }
$data merge entity $(bone_body_0) { transformation: [-0.9995934425817357f,0.01728394387960039f,0.022676305509520746f,-0.01684890698316069f,0.01926503374535041f,0.9957307532568532f,0.09027250685192066f,0.42393562437311094f,-0.021019229823778178f,0.09067266568545546f,-0.995658907294616f,0.051718438903505054f,0f,0f,0f,1f], start_interpolation: 0, interpolation_duration: 1 }
$data merge entity $(bone_leg_left_3) { transformation: [-0.999576830986358f,-0.028792989980035155f,-0.004137956413426156f,0.22896624017565168f,-0.02890985493734868f,0.9990795424832201f,0.03169050455612299f,0.0023458673471275504f,0.003221683220194589f,0.03179672183621727f,-0.9994891641422131f,-0.08256048721860625f,0f,0f,0f,1f], start_interpolation: 0, interpolation_duration: 1 }
$data merge entity $(bone_leg_left_2) { transformation: [-1.0253072375152767f,-0.02826192063772702f,-0.002920965825367709f,0.2206975171980516f,-0.028409011446983257f,1.0213948053595403f,0.08948619532557317f,0.24315296461113223f,0.0004430215472508485f,0.08953275896066339f,-1.0217856371595246f,-0.09326759670807833f,0f,0f,0f,1f], start_interpolation: 0, interpolation_duration: 1 }
$data merge entity $(bone_leg_left_1) { transformation: [-0.9312363921883562f,-0.05645741634931606f,0.3600157524375482f,0.20481207079316371f,0.3481218223388795f,0.15428592278704717f,0.9246659130957553f,0.22909375219584333f,-0.10774961102236787f,0.9864118887001057f,-0.12402260743759252f,0.18343328294094785f,0f,0f,0f,1f], start_interpolation: 0, interpolation_duration: 1 }
$data merge entity $(bone_leg_left_0) { transformation: [-0.961348086088737f,0.21150158945504638f,-0.17628651403754997f,0.19042394309571978f,0.26957924427285174f,0.5927883610553193f,-0.7588998550893433f,0.5549664148111163f,-0.05600793185612575f,-0.7770901084528984f,-0.6268923950040088f,-0.07715694731691808f,0f,0f,0f,1f], start_interpolation: 0, interpolation_duration: 1 }
$data merge entity $(bone_leg_right_3) { transformation: [-0.9957378413898184f,0.057633327388703665f,0.07200382488764871f,-0.24654373872495125f,0.06382919825920053f,0.994166613947443f,0.08694007799550536f,0.006318891481775141f,-0.06657315280150394f,0.09116547200768149f,-0.9936080072340826f,-0.1067906941587037f,0f,0f,0f,1f], start_interpolation: 0, interpolation_duration: 1 }
$data merge entity $(bone_leg_right_2) { transformation: [-1.0215957118993693f,0.05723373576943865f,0.07161494550294063f,-0.22940453402408267f,0.06419354523824485f,1.0186305581639548f,0.10165222193848256f,0.2468021161049067f,-0.06544913810937872f,0.10572740876971852f,-1.0181357104317064f,-0.11350920612921067f,0f,0f,0f,1f], start_interpolation: 0, interpolation_duration: 1 }
$data merge entity $(bone_leg_right_1) { transformation: [-0.9482041672631804f,0.0009468499639348205f,-0.31766013388507586f,-0.2311838808208314f,-0.31242399286398337f,0.17806149163536267f,0.9331052212261572f,0.23946533808848358f,0.057446547917730933f,0.984018906663757f,-0.16854282975137314f,0.1639009437807742f,0f,0f,0f,1f], start_interpolation: 0, interpolation_duration: 1 }
$data merge entity $(bone_leg_right_0) { transformation: [-0.9639950200773902f,-0.16690127155634765f,0.20702069176501672f,-0.20147839905778883f,-0.2655405766877099f,0.5625858060845904f,-0.7829338496479191f,0.5549664148111163f,0.014205752297932528f,-0.8097167259881854f,-0.5866489753307542f,-0.10791504821480007f,0f,0f,0f,1f], start_interpolation: 0, interpolation_duration: 1 }
$data merge entity $(bone_tail_4) { transformation: [-2.5051967539263575f,0.30188916367230456f,1.1218348758057402f,0.21827944302468752f,0.9998898770355282f,1.9179881383439255f,1.7167419918478952f,1.0908008315733433f,-0.5914987654414161f,1.963630761021338f,-1.8493092700930371f,-1.7220412877915396f,0f,0f,0f,1f], start_interpolation: 0, interpolation_duration: 1 }
$data merge entity $(bone_tail_3) { transformation: [-2.020654180145215f,0.11688024180067035f,0.48912290825796667f,0.13419850796997304f,0.37554144920492066f,1.69769626086552f,1.1457493407446253f,0.879910792837653f,-0.3344709706913027f,1.2000466411620394f,-1.6685211280786858f,-1.4508651617089703f,0f,0f,0f,1f], start_interpolation: 0, interpolation_duration: 1 }
$data merge entity $(bone_tail_2) { transformation: [-1.9326358037634876f,0.10852232239475745f,0.2681708980413124f,0.0829428690668282f,0.21766706415455456f,1.7386970364337544f,0.8650592694616898f,0.7196728448549594f,-0.19056173329546686f,0.8853978744278213f,-1.731626606623062f,-1.1288897845819816f,0f,0f,0f,1f], start_interpolation: 0, interpolation_duration: 1 }
$data merge entity $(bone_tail_1) { transformation: [-1.5109048248670542f,-0.03961136034954124f,0.05704209256957531f,0.07259573113984408f,-0.023259744876507355f,1.4592217725587613f,0.39722418450888214f,0.6163793751863765f,-0.06543580412692278f,0.3959280346498912f,-1.458291945022168f,-0.819858923891057f,0f,0f,0f,1f], start_interpolation: 0, interpolation_duration: 1 }
$data merge entity $(bone_tail_0) { transformation: [-1.2666908941166195f,-0.0076434232622394176f,0.17108908038475618f,0.022415075952343162f,0.002107451537325242f,1.2761498067161472f,0.07261505388268737f,0.625955336808403f,-0.17124676345579537f,0.07224240778934499f,-1.2646308936234085f,-0.44856104602916036f,0f,0f,0f,1f], start_interpolation: 0, interpolation_duration: 1 }
$data merge entity $(bone_body_1) { transformation: [-1.2325771424164587f,-0.020584255295018363f,0.09452233324816142f,0.0018264531893004347f,0f,1.2080537169936358f,0.2630794783218765f,0.48342205246913583f,-0.09673770231262976f,0.26227295008837676f,-1.2043501615640955f,-0.18623244813100137f,0f,0f,0f,1f], start_interpolation: 0, interpolation_duration: 1 }