# This file was generated by Animated Java via MC-Build. It is not recommended to edit this file directly.
$data merge entity $(bone_head_lower) { transformation: [-0.9947723470598255f,-0.10095041628128222f,-0.015394511285585999f,-0.021971971039109854f,-0.05628646274693872f,0.41626053541156716f,0.9075015155746642f,0.3097502644418556f,-0.08520452826301951f,0.9036239151945411f,-0.41976661164504847f,0.8062289964168672f,0f,0f,0f,1f], start_interpolation: 0, interpolation_duration: 1 }
$data merge entity $(bone_head_upper) { transformation: [-1.0354581215660945f,-0.09081920984824261f,-0.05522945037625467f,-0.028140101010035987f,-0.05858855562059571f,0.03637997950830932f,1.0386124497736267f,0.38214818573992515f,-0.08868935796709024f,1.0362916147480028f,-0.04130168967329851f,0.8266238893113432f,0f,0f,0f,1f], start_interpolation: 0, interpolation_duration: 1 }
$data merge entity $(bone_neck_0) { transformation: [-0.9994215367057637f,-0.006717091876182379f,0.03333875590685574f,-0.02555238546318561f,0.014522325597315665f,0.8021382646157833f,0.5969617295090406f,0.40772394990280364f,-0.03075213859125145f,0.5971005653287448f,-0.8015767092775077f,0.7651103113790664f,0f,0f,0f,1f], start_interpolation: 0, interpolation_duration: 1 }
$data merge entity $(bone_neck_1) { transformation: [-0.9944380410823492f,-0.022844640028427673f,0.10281587849292292f,-0.016947773497460787f,0.035696993276244336f,0.8453103942882321f,0.5330816653940643f,0.45677720298122576f,-0.09908938953962579f,0.533786904794643f,-0.8397933276410449f,0.6964278837874704f,0f,0f,0f,1f], start_interpolation: 0, interpolation_duration: 1 }
$data merge entity $(bone_neck_2) { transformation: [-0.9997552279904279f,-0.013662556700112573f,0.017401685269638676f,-0.015557020324392955f,-0.0018556753912968161f,0.835553840053879f,0.5494054393979538f,0.5130898343285596f,-0.022046327917580422f,0.5492386684453607f,-0.8353746731315942f,0.6286201869493422f,0f,0f,0f,1f], start_interpolation: 0, interpolation_duration: 1 }
$data merge entity $(bone_body_0) { transformation: [-0.9997552279904279f,-0.0018135459792040123f,0.02204983348664256f,-0.005182292781398284f,-0.0018556753912968161f,0.9999964915463071f,-0.001890334340415828f,0.5217251434202683f,-0.022046327917580422f,-0.0019307889728639172f,-0.9997550857481511f,0.15742097093935736f,0f,0f,0f,1f], start_interpolation: 0, interpolation_duration: 1 }
$data merge entity $(bone_leg_left_3) { transformation: [-0.9988198316767558f,-0.047009875537701716f,0.012207188502966652f,0.21782307811636506f,-0.04634237701564587f,0.9976650019817167f,0.050168993545421856f,0.035371295355221904f,-0.01453712288442548f,0.04954407555652475f,-0.9986661387247951f,-0.14559315743519372f,0f,0f,0f,1f], start_interpolation: 0, interpolation_duration: 1 }
$data merge entity $(bone_leg_left_2) { transformation: [-1.024492519387042f,-0.046927773362656036f,0.016584972351767122f,0.20580745676554085f,-0.04646430174095612f,1.0242655729552494f,0.02798757265419571f,0.27491897089129624f,-0.01784224998174424f,0.027203302126243792f,-1.0251847804028846f,-0.17096258893912925f,0f,0f,0f,1f], start_interpolation: 0, interpolation_duration: 1 }
$data merge entity $(bone_leg_left_1) { transformation: [-0.9361652744617166f,-0.07267249828797395f,0.34396698516660473f,0.18646620752342916f,0.3402258446836117f,0.059155042651532486f,0.9384812494334758f,0.23444021088134148f,-0.08854915867099951f,0.995600014524648f,-0.030653834624372323f,0.10290009878151775f,0f,0f,0f,1f], start_interpolation: 0, interpolation_duration: 1 }
$data merge entity $(bone_leg_left_0) { transformation: [-0.9547991895241018f,0.2903755182602779f,-0.06356544721146254f,0.19463182537240742f,0.2899881456914165f,0.8629372783393686f,-0.41381895680441794f,0.6406634341541437f,-0.06530990003492614f,-0.41354723073346517f,-0.9081372720630455f,0.006862116069194263f,0f,0f,0f,1f], start_interpolation: 0, interpolation_duration: 1 }
$data merge entity $(bone_leg_right_3) { transformation: [-0.9976668741668427f,0.03620942632468723f,0.05787646875370071f,-0.21644068507679648f,0.04798369433532542f,0.9749528492219713f,0.21717390927985444f,0.012286132231182967f,-0.04856308544661367f,0.21944434200771146f,-0.9744156235881626f,-0.10831118731339529f,0f,0f,0f,1f], start_interpolation: 0, interpolation_duration: 1 }
$data merge entity $(bone_leg_right_2) { transformation: [-1.02348007202886f,0.054400997996449214f,0.03989076431310938f,-0.20093928337805544f,0.048632205068319945f,1.0153556548441867f,-0.13693064779960787f,0.24465684385144218f,-0.04675093892839568f,-0.13474281091627013f,-1.0157366411213047f,-0.1710378243385399f,0f,0f,0f,1f], start_interpolation: 0, interpolation_duration: 1 }
$data merge entity $(bone_leg_right_1) { transformation: [-0.942132127961413f,0.016230783937640866f,-0.33484864508561085f,-0.1975339203022063f,-0.32680289431763687f,0.1782338788492295f,0.9281339088170271f,0.23734419301242204f,0.07474571378022464f,0.9838542809192465f,-0.16261559638717604f,0.10635776737083433f,0f,0f,0f,1f], start_interpolation: 0, interpolation_duration: 1 }
$data merge entity $(bone_leg_right_0) { transformation: [-0.9595728913161091f,-0.26953550966510714f,0.08105846828563791f,-0.1983860495638315f,-0.2770543957952922f,0.8537769899778913f,-0.44080121727916916f,0.6406634341541437f,0.04960572569521016f,-0.4454385035152019f,-0.8939372525878923f,-0.0015317231509041906f,0f,0f,0f,1f], start_interpolation: 0, interpolation_duration: 1 }
$data merge entity $(bone_tail_4) { transformation: [-2.719688331278602f,0.13249746826540298f,-0.4597837896340779f,0.1800343708132666f,0.23804502359024612f,2.676472184481745f,-0.6367829646272244f,0.5166321127291802f,0.41507984659693425f,-0.6667851214587622f,-2.64740772348165f,-1.7441806037687364f,0f,0f,0f,1f], start_interpolation: 0, interpolation_duration: 1 }
$data merge entity $(bone_tail_3) { transformation: [-2.077461170100894f,0.017011468988104905f,-0.14075234523920668f,0.20373429660658524f,0.045770562698860484f,2.0370319448212415f,-0.42936166271858067f,0.5695020272602968f,0.13418520170905482f,-0.4314591426138764f,-2.0326787414497267f,-1.395291238654766f,0f,0f,0f,1f], start_interpolation: 0, interpolation_duration: 1 }
$data merge entity $(bone_tail_2) { transformation: [-1.943276522106581f,-0.018687058775002974f,0.20518534905413321f,0.16414939562555864f,-0.05237707333384319f,1.9269857876864194f,-0.32055622166214126f,0.6295125305991901f,-0.19926584208315332f,-0.3242690902501597f,-1.9167463463614591f,-1.0391967861952036f,0f,0f,0f,1f], start_interpolation: 0, interpolation_duration: 1 }
$data merge entity $(bone_tail_1) { transformation: [-1.4603362074350905f,0.020729259344917f,0.393248914888659f,0.08066838702678807f,-0.02728712764416778f,1.5014459182905822f,-0.18047663869177658f,0.6500215337477252f,-0.3928483472270534f,-0.18134691134828393f,-1.4492893858113398f,-0.7247337852046044f,0f,0f,0f,1f], start_interpolation: 0, interpolation_duration: 1 }
$data merge entity $(bone_tail_0) { transformation: [-1.2521126477464255f,0.009455678252025843f,0.256827226139009f,0.005845684688900921f,0.008414922392366844f,1.2781738936426579f,-0.006033512702030317f,0.6826292793116956f,-0.25686343262246175f,-0.004219519307845862f,-1.2521338144233005f,-0.35893300684994783f,0f,0f,0f,1f], start_interpolation: 0, interpolation_duration: 1 }
$data merge entity $(bone_body_1) { transformation: [-1.2360856190488108f,-0.0035194617954524094f,0.026163922214351723f,1.0437087781115239e-17f,0f,1.225331315287885f,0.16482646277558563f,0.561774675925926f,-0.026399572666395497f,0.16478888378705f,-1.2250519504900599f,-0.08522528935185186f,0f,0f,0f,1f], start_interpolation: 0, interpolation_duration: 1 }