# This file was generated by Animated Java via MC-Build. It is not recommended to edit this file directly.
$data merge entity $(bone_head_lower) { transformation: [-0.9932163736672283f,-0.04272668758752228f,-0.10814649900537542f,-0.0032185365369579912f,-0.06723444304658877f,0.9698323582657506f,0.2343175762270251f,0.2802894905028323f,0.09487236029285033f,0.23999922297476506f,-0.9661260829850171f,0.773220539732072f,0f,0f,0f,1f], start_interpolation: 0, interpolation_duration: 1 }
$data merge entity $(bone_head_upper) { transformation: [-1.0338385095100624f,0.04780093666890995f,-0.11119779355317927f,-0.010131795114440567f,-0.06998430375284298f,0.544146257743875f,0.8845784250110745f,0.35346693193255346f,0.0987526002986778f,0.8860540972313249f,-0.5372411035069247f,0.7561113196026372f,0f,0f,0f,1f], start_interpolation: 0, interpolation_duration: 1 }
$data merge entity $(bone_neck_0) { transformation: [-0.9942732540628376f,0.008737205985180511f,-0.1065098938449804f,-0.016839471246689615f,-0.01049138574456131f,0.9838576408591766f,0.1786451044618193f,0.3490519951314232f,0.10635143196241072f,0.17873948571758863f,-0.9781316727133195f,0.6899278498519226f,0f,0f,0f,1f], start_interpolation: 0, interpolation_duration: 1 }
$data merge entity $(bone_neck_1) { transformation: [-0.9996906366346953f,0.01825100935778664f,-0.01689768275060098f,-0.018186846639016464f,0.01348847586356467f,0.968616184616095f,0.2481949796402761f,0.3745396611515656f,0.020897177890710657f,0.24789027322019114f,-0.9685627085527414f,0.609019875554397f,0f,0f,0f,1f], start_interpolation: 0, interpolation_duration: 1 }
$data merge entity $(bone_neck_2) { transformation: [-0.999523225378132f,0.022647824407366037f,-0.02098566127882049f,-0.019803611603662362f,0.014449222375451484f,0.9437613351117032f,0.33031161396614594f,0.41271744919368286f,0.027286295139520536f,0.329850903284785f,-0.9436386171092036f,0.529579501905975f,0f,0f,0f,1f], start_interpolation: 0, interpolation_duration: 1 }
$data merge entity $(bone_body_0) { transformation: [-0.9997941113081232f,0.013147918593386411f,0.015455330157003414f,-0.012394322098654495f,0.014448081421258164f,0.9960802692614632f,0.08726597350202286f,0.4633344849228376f,-0.014247383508735556f,0.08747130629339403f,-0.9960651497961778f,0.060971005582925675f,0f,0f,0f,1f], start_interpolation: 0, interpolation_duration: 1 }
$data merge entity $(bone_leg_left_3) { transformation: [-0.9985188416354971f,-0.019290068444703733f,-0.050872548179777294f,0.2125471414081672f,-0.02062128426397045f,0.9994550859463781f,0.02577389786628408f,-0.0003412359723812264f,0.05034764675940314f,0.026784779919121277f,-0.9983725206707534f,-0.09182553863445506f,0f,0f,0f,1f], start_interpolation: 0, interpolation_duration: 1 }
$data merge entity $(bone_leg_left_2) { transformation: [-1.02434603987968f,-0.021095475638224254f,-0.04829462693829017f,0.204548148172853f,-0.02021676052607346f,1.025324339311136f,-0.01906518582934219f,0.23803981533678945f,0.04866901146872545f,-0.018088107266185746f,-1.0243858390269156f,-0.12762445691380403f,0f,0f,0f,1f], start_interpolation: 0, interpolation_duration: 1 }
$data merge entity $(bone_leg_left_1) { transformation: [-0.9333990865574758f,-0.010500180332281145f,0.35868634128812227f,0.2012614250222867f,0.3482170606473257f,0.2149100822870864f,0.9124464560759133f,0.24109646999960876f,-0.08666616345383232f,0.9765773920915571f,-0.19694053256718463f,0.14985210060587079f,0f,0f,0f,1f], start_interpolation: 0, interpolation_duration: 1 }
$data merge entity $(bone_leg_left_0) { transformation: [-0.9602311403637466f,0.22761223112483858f,-0.1617059965434554f,0.19214178715026817f,0.27547456909352136f,0.6779552309424197f,-0.6815353744454858f,0.594795943981516f,-0.04549636093664697f,-0.6989773795196688f,-0.7136951058129368f,-0.07178001095393532f,0f,0f,0f,1f], start_interpolation: 0, interpolation_duration: 1 }
$data merge entity $(bone_leg_right_3) { transformation: [-0.9945917394080408f,0.04011659599991778f,0.09580151682863391f,-0.22626432706787847f,0.04654621761466128f,0.99674330703763f,0.06585005316215145f,0.0009127244114552902f,-0.09284784072371483f,0.06995311716477648f,-0.9932199352972509f,-0.10790948301059718f,0f,0f,0f,1f], start_interpolation: 0, interpolation_duration: 1 }
$data merge entity $(bone_leg_right_2) { transformation: [-1.0204692813218503f,0.04757506431399782f,0.09187632249213779f,-0.21075212487709707f,0.04678527075559686f,1.024575308554114f,-0.010898396316090873f,0.23933035030495808f,-0.09228100465147689f,-0.006652056633555756f,-1.0215195376612984f,-0.1408864342419301f,0f,0f,0f,1f], start_interpolation: 0, interpolation_duration: 1 }
$data merge entity $(bone_leg_right_1) { transformation: [-0.9454505967423993f,-0.02441046440105893f,-0.3248496549900671f,-0.2189841172541332f,-0.3214085236288939f,0.23244344738959655f,0.9179687384134253f,0.2473912999719048f,0.05310113047888626f,0.9723035395355534f,-0.22760952736759454f,0.13638715096181242f,0f,0f,0f,1f], start_interpolation: 0, interpolation_duration: 1 }
$data merge entity $(bone_leg_right_0) { transformation: [-0.9619604419136623f,-0.19838542133051518f,0.18781728567090283f,-0.20031363049754633f,-0.2727530630185322f,0.6586328785254821f,-0.7012905945036241f,0.594795943981516f,0.015423190567459347f,-0.7258415501531665f,-0.6876890062113601f,-0.09441298943953265f,0f,0f,0f,1f], start_interpolation: 0, interpolation_duration: 1 }
$data merge entity $(bone_tail_4) { transformation: [-2.6170261595485145f,0.2361805729439096f,0.8491490733685362f,0.16230051235603332f,0.6733911017276785f,2.2523101227610756f,1.4488978109659671f,0.9847251766940005f,-0.5686649593150079f,1.5801832740134534f,-2.192099978599376f,-1.7851941279998351f,0f,0f,0f,1f], start_interpolation: 0, interpolation_duration: 1 }
$data merge entity $(bone_tail_3) { transformation: [-2.047242061101349f,0.10370071598419792f,0.36604867272851876f,0.09921739155300562f,0.2467047338585117f,1.8869895037593223f,0.8451940091117488f,0.8229458324541918f,-0.2896243145762219f,0.8743353477075917f,-1.8675119764541654f,-1.4770891668553352f,0f,0f,0f,1f], start_interpolation: 0, interpolation_duration: 1 }
$data merge entity $(bone_tail_2) { transformation: [-1.941860401419264f,0.09802431222292718f,0.19581442902864699f,0.06140334308860325f,0.14954598578724207f,1.87012666223662f,0.5468419701608656f,0.7218446876505538f,-0.15996266607404025f,0.5583828224504379f,-1.865849523422922f,-1.1302172305052374f,0f,0f,0f,1f], start_interpolation: 0, interpolation_duration: 1 }
$data merge entity $(bone_tail_1) { transformation: [-1.5116609371853784f,-0.023010989322755176f,0.044810214886931876f,0.053486168749365376f,-0.015510890898728973f,1.4927243131617662f,0.24328951304826274f,0.651259304841187f,-0.047925705538392316f,0.24269501285795123f,-1.4921322017443788f,-0.8120479373876183f,0f,0f,0f,1f], start_interpolation: 0, interpolation_duration: 1 }
$data merge entity $(bone_tail_0) { transformation: [-1.2719445239085936f,-0.0033565075230302245f,0.1264182682218719f,0.016462814035388035f,0.0018098371602349335f,1.277151541993874f,0.05211890114105562f,0.6668488923259155f,-0.1264498682182893f,0.05204218696351582f,-1.270880701792131f,-0.43941118763182685f,0f,0f,0f,1f], start_interpolation: 0, interpolation_duration: 1 }
$data merge entity $(bone_body_1) { transformation: [-1.2343166273314152f,-0.015353901862182304f,0.06950767041886102f,0.0013374485596708038f,0f,1.2072642832480154f,0.26667873077901416f,0.5235320061728395f,-0.07118327436589675f,0.2662363670641417f,-1.205261686671939f,-0.17713763717421124f,0f,0f,0f,1f], start_interpolation: 0, interpolation_duration: 1 }