# This file was generated by Animated Java via MC-Build. It is not recommended to edit this file directly.
$data merge entity $(bone_head_lower) { transformation: [-0.997602647472783f,-0.028771137567957503f,-0.06293790112754158f,0.00009349225625415389f,-0.0400120945557449f,0.9818528046753456f,0.1853755707757091f,0.3430792748029011f,0.05646228869392974f,0.18744943743368098f,-0.9806501508495477f,0.7904689534276669f,0f,0f,0f,1f], start_interpolation: 0, interpolation_duration: 1 }
$data merge entity $(bone_head_upper) { transformation: [-1.0384041800866501f,0.02554766092378538f,-0.06734996943876524f,-0.004298121584241227f,-0.04164857255136881f,0.5811219781742609f,0.8625743941659609f,0.41557889256603897f,0.05877157277555785f,0.863201312607705f,-0.578706608506703f,0.7699756461330465f,0f,0f,0f,1f], start_interpolation: 0, interpolation_duration: 1 }
$data merge entity $(bone_neck_0) { transformation: [-0.9980136576177213f,0.003895789401862482f,-0.06287735708054439f,-0.00810464219159339f,-0.006489979734084793f,0.9864176240492697f,0.16412845922643876f,0.41018243598381837f,0.0626627430898865f,0.16421051668492473f,-0.9844329773217277f,0.7036346715282149f,0f,0f,0f,1f], start_interpolation: 0, interpolation_duration: 1 }
$data merge entity $(bone_neck_1) { transformation: [-0.9999046524689829f,0.009655540331175196f,-0.009872006472636866f,-0.008896448842547502f,0.007103588248926329f,0.9727166883285653f,0.2318874366607607f,0.43430752958513463f,0.011841663940192305f,0.23179520009702886f,-0.9726925311767878f,0.6223026990605163f,0f,0f,0f,1f], start_interpolation: 0, interpolation_duration: 1 }
$data merge entity $(bone_neck_2) { transformation: [-0.9998549109880428f,0.012077403780942512f,-0.012012214242389827f,-0.009830563570394878f,0.007662557722336076f,0.9487102057530831f,0.3160541578734481f,0.47128471007923406f,0.015213223926731155f,0.31591625760295194f,-0.9486651021303043f,0.5422855387352296f,0f,0f,0f,1f], start_interpolation: 0, interpolation_duration: 1 }
$data merge entity $(bone_body_0) { transformation: [-0.9999489037049785f,0.0070259872321150295f,0.007268114103804433f,-0.006338197337829802f,0.007623751250523006f,0.9962847060740228f,0.08578264894410878f,0.5212046080228966f,-0.006638403127402943f,0.08583367606255843f,-0.9962873639957028f,0.07355671321826071f,0f,0f,0f,1f], start_interpolation: 0, interpolation_duration: 1 }
$data merge entity $(bone_leg_left_3) { transformation: [-0.9936770388125037f,-0.005046651344685453f,-0.11216271148211143f,0.19389249743334658f,-0.007481553646224549f,0.999745170457529f,0.021298368526387f,0.00872336251440109f,0.11202664366949887f,0.02200285111189723f,-0.9934615773401083f,-0.1068557096203788f,0f,0f,0f,1f], start_interpolation: 0, interpolation_duration: 1 }
$data merge entity $(bone_leg_left_2) { transformation: [-1.019559519452713f,-0.025388258610164742f,-0.1091605337051402f,0.1830192592784028f,-0.007182685016840947f,1.0117848805863725f,-0.16823187555711244f,0.2393586875849794f,0.11184361774368944f,-0.16646017914882305f,-1.0059046741259534f,-0.1765707839417206f,0f,0f,0f,1f], start_interpolation: 0, interpolation_duration: 1 }
$data merge entity $(bone_leg_left_1) { transformation: [-0.9360992991949757f,0.0492144185798945f,0.3482758146218573f,0.196561038288271f,0.34602908828572815f,0.3064920838411982f,0.886750513167502f,0.2687017014216425f,-0.06310286924398209f,0.9506000965424545f,-0.30393664528426645f,0.09905394901959225f,0f,0f,0f,1f], start_interpolation: 0, interpolation_duration: 1 }
$data merge entity $(bone_leg_left_0) { transformation: [-0.9584140666711549f,0.24960172970204836f,-0.13835264123465318f,0.19438536451503874f,0.2835235393169237f,0.7775698376491743f,-0.5612482073302698f,0.652656879316699f,-0.032509682558645364f,-0.5771344073159927f,-0.8160018360469259f,-0.06490021035326726f,0f,0f,0f,1f], start_interpolation: 0, interpolation_duration: 1 }
$data merge entity $(bone_leg_right_3) { transformation: [-0.9911819999698791f,0.015171734568224203f,0.1316360946165684f,-0.20124829500694857f,0.020699560521054906f,0.9989558762295075f,0.040726963313905656f,0.008076986950865062f,-0.1308807515639561f,0.04309264225744794f,-0.9904611315207307f,-0.11353065653644367f,0f,0f,0f,1f], start_interpolation: 0, interpolation_duration: 1 }
$data merge entity $(bone_leg_right_2) { transformation: [-1.017064966420915f,0.04146890636642957f,0.12617996427599007f,-0.18610457456654006f,0.020732324175427995f,1.0120489213786794f,-0.1654972838787126f,0.23883735006225779f,-0.13119155580372852f,-0.16155342782410564f,-1.0043662007180316f,-0.18202441255797144f,0f,0f,0f,1f], start_interpolation: 0, interpolation_duration: 1 }
$data merge entity $(bone_leg_right_1) { transformation: [-0.9420666521100097f,-0.0625908908704628f,-0.32953422183785414f,-0.20439315044618567f,-0.3318628414124707f,0.31673606425797635f,0.8885636274842723f,0.2711493021299739f,0.048759383423906115f,0.946446324932592f,-0.3191580745488223f,0.09299349850535141f,0f,0f,0f,1f], start_interpolation: 0, interpolation_duration: 1 }
$data merge entity $(bone_leg_right_0) { transformation: [-0.9592091266417891f,-0.23734273478343706f,0.15357824589640062f,-0.19855121013506916f,-0.2821286991266941f,0.7692542397074936f,-0.5732811804177119f,0.652656879316699f,0.017923406377570547f,-0.5932253711175584f,-0.8048368844469416f,-0.07649136467413545f,0f,0f,0f,1f], start_interpolation: 0, interpolation_duration: 1 }
$data merge entity $(bone_tail_4) { transformation: [-2.721951310621966f,0.14898509035041307f,0.4409601309150767f,0.08247175375282467f,0.2903542192647743f,2.588235763190417f,0.91781882367778f,0.8216837910909758f,-0.36378128258406267f,0.9510522638611403f,-2.5668704878598945f,-1.8312898315969943f,0f,0f,0f,1f], start_interpolation: 0, interpolation_duration: 1 }
$data merge entity $(bone_tail_3) { transformation: [-2.0727638247626676f,0.07309258975451459f,0.1850760009365359f,0.05037443494302229f,0.10450888817336254f,2.0479855089916508f,0.36163347922644024f,0.7403229708588892f,-0.16933264626896372f,0.36926732095817905f,-2.0422814758559515f,-1.4886079346558958f,0f,0f,0f,1f], start_interpolation: 0, interpolation_duration: 1 }
$data merge entity $(bone_tail_2) { transformation: [-1.950644891865696f,0.06699722157754857f,0.09627955723793485f,0.031049823113584306f,0.0708742027319091f,1.951321237715931f,0.0780778433914511f,0.7263252004050323f,-0.09346244287498671f,0.08142895395639428f,-1.9502327994965585f,-1.1261136508815124f,0f,0f,0f,1f], start_interpolation: 0, interpolation_duration: 1 }
$data merge entity $(bone_tail_1) { transformation: [-1.5122881959228784f,-0.007342294233222269f,0.024222988827124266f,0.027371855784796752f,-0.006885503172969783f,1.5122158554947962f,0.028496424972217046f,0.7017143892756241f,-0.024356771509812594f,0.028382161748798544f,-1.5120375162594626f,-0.8010637200544022f,0f,0f,0f,1f], start_interpolation: 0, interpolation_duration: 1 }
$data merge entity $(bone_tail_0) { transformation: [-1.2765749976818401f,-0.00046515528032723606f,0.06474392255805225f,0.008440951799054686f,0.000899547035510375f,1.2779320519297375f,0.02691798747694435f,0.7246871045518432f,-0.0647393442411088f,0.02692899673666311f,-1.2762912532122188f,-0.42745190743614236f,0f,0f,0f,1f], start_interpolation: 0, interpolation_duration: 1 }
$data merge entity $(bone_body_1) { transformation: [-1.2358299204637848f,-0.007861013578003076f,0.03559785398379805f,0.0006944444444444643f,0f,1.2072812592739044f,0.2666018680772242f,0.5813869444444445f,-0.036455489884588785f,0.26648594808693404f,-1.206756326598594f,-0.16484768518518517f,0f,0f,0f,1f], start_interpolation: 0, interpolation_duration: 1 }