# This file was generated by Animated Java via MC-Build. It is not recommended to edit this file directly.
$data merge entity $(bone_head_lower) { transformation: [-0.9984633449472028f,-0.02376363163785941f,-0.050062347210487766f,0.0003566374083827984f,-0.03187659552294662f,0.9852584676242153f,0.16807627623388544f,0.3581904419513561f,0.04533024878279143f,0.16941381816771311f,-0.9845019688955056f,0.7951460819744711f,0f,0f,0f,1f], start_interpolation: 0, interpolation_duration: 1 }
$data merge entity $(bone_head_upper) { transformation: [-1.0393000797291498f,0.019528931354169f,-0.05427621669437228f,-0.0032691334554407307f,-0.033180334997920335f,0.5987710228129973f,0.850790379701375f,0.43027663421784407f,0.04718423707040395f,0.8512131493716177f,-0.597228402449551f,0.773103142924543f,0f,0f,0f,1f], start_interpolation: 0, interpolation_duration: 1 }
$data merge entity $(bone_neck_0) { transformation: [-0.9987321745427569f,0.002835514229935817f,-0.05025936123896067f,-0.006242308368096167f,-0.0051134756028486696f,0.9875333156831482f,0.1573270567420203f,0.42442183164831426f,0.05007889675657383f,0.15738459351187983f,-0.9862667964728129f,0.7067584538220423f,0f,0f,0f,1f], start_interpolation: 0, interpolation_duration: 1 }
$data merge entity $(bone_neck_1) { transformation: [-0.9999393126518579f,0.007609617166138897f,-0.00796647600356006f,-0.006882116890512994f,0.00559155198175433f,0.9736091030142926f,0.2281535646755053f,0.44823472852831486f,0.009492394838281504f,0.22809517367601068f,-0.9735925668296491f,0.6253331909623601f,0f,0f,0f,1f], start_interpolation: 0, interpolation_duration: 1 }
$data merge entity $(bone_neck_2) { transformation: [-0.9999079139971837f,0.009534923120046314f,-0.009656540109990955f,-0.007634749371526823f,0.006043217106336153f,0.9499787382039412f,0.3122561072060139f,0.48489159102409374f,0.012150845765079236f,0.3121689962208656f,-0.9499488800696859f,0.54516687403028f,0f,0f,0f,1f], start_interpolation: 0, interpolation_duration: 1 }
$data merge entity $(bone_body_0) { transformation: [-0.9999690521589301f,0.005554389880808704f,0.005571667382685178f,-0.00495593092121793f,0.006011944018595458f,0.9962958946077619f,0.08578080739207766f,0.5348107276359594f,-0.005074569290943059f,0.08581164921367868f,-0.9962984540817776f,0.07643261196406281f,0f,0f,0f,1f], start_interpolation: 0, interpolation_duration: 1 }
$data merge entity $(bone_leg_left_3) { transformation: [-0.9920950883269578f,-0.0014686787775668557f,-0.12547979399160028f,0.19030622844288247f,-0.004065218418643951f,0.9997828302340781f,0.02043933385278146f,0.01289630747718637f,0.12542252475825416f,0.020787865493721608f,-0.991885605768871f,-0.1106169489265148f,0f,0f,0f,1f], start_interpolation: 0, interpolation_duration: 1 }
$data merge entity $(bone_leg_left_2) { transformation: [-1.0179779627788348f,-0.028459259252545315f,-0.12236477172840368f,0.17831152799131972f,-0.003783118482943105f,1.0055277477475155f,-0.20239030615384526f,0.24102272947609377f,0.12557370270837753f,-0.20041511563078188f,-0.9980617346214125f,-0.18798318712554668f,0f,0f,0f,1f], start_interpolation: 0, interpolation_duration: 1 }
$data merge entity $(bone_leg_left_1) { transformation: [-0.9366743740203233f,0.06207337924743249f,0.3446563689277193f,0.19555009957330144f,0.3452866948908072f,0.3280005652363523f,0.8793137821824563f,0.276618127119938f,-0.058465505941694765f,0.942635944993314f,-0.32866283608212216f,0.08669696318778623f,0f,0f,0f,1f], start_interpolation: 0, interpolation_duration: 1 }
$data merge entity $(bone_leg_left_0) { transformation: [-0.957960579090617f,0.25452995284122903f,-0.13238592075825625f,0.19487640758483862f,0.2853624210639999f,0.7976164376079219f,-0.5313909174065178f,0.6662274987898844f,-0.029661718643093346f,-0.5468295178246049f,-0.8367183880391588f,-0.06334090606696997f,0f,0f,0f,1f], start_interpolation: 0, interpolation_duration: 1 }
$data merge entity $(bone_leg_right_3) { transformation: [-0.9901022654378616f,0.009267429483003218f,0.14004148930082044f,-0.19608791004393294f,0.014354083558630283f,0.999271685526176f,0.03535617047796988f,0.01213029211918451f,-0.1396118342405331f,0.037016391726544196f,-0.9895141850845498f,-0.11547408542677651f,0f,0f,0f,1f], start_interpolation: 0, interpolation_duration: 1 }
$data merge entity $(bone_leg_right_2) { transformation: [-1.0159818262383753f,0.0413398110145744f,0.13466309174866567f,-0.18071379526680487f,0.014331166016091646f,1.0057836302103047f,-0.20063924437231828f,0.24035411158903586f,-0.14013474206865859f,-0.19685656892000047f,-0.9968309509837111f,-0.19195020514677819f,0f,0f,0f,1f], start_interpolation: 0, interpolation_duration: 1 }
$data merge entity $(bone_leg_right_1) { transformation: [-0.9413175025483549f,-0.07167499417466461f,-0.32982427837591016f,-0.20143993484316855f,-0.33411137456494316f,0.3364496174503927f,0.8804380979397749f,0.27840778668383387f,0.04786385674444066f,0.9389698345141584f,-0.34065334445738443f,0.08215877064534403f,0f,0f,0f,1f], start_interpolation: 0, interpolation_duration: 1 }
$data merge entity $(bone_leg_right_0) { transformation: [-0.9585688092867145f,-0.2454665797276205f,0.1445406382284035f,-0.19812641563353592f,-0.2842605719303539f,0.7913337625089072f,-0.5412825542720957f,0.6662274987898844f,0.018486890178680146f,-0.5599437780262586f,-0.8283243328197001f,-0.07241215177177958f,0f,0f,0f,1f], start_interpolation: 0, interpolation_duration: 1 }
$data merge entity $(bone_tail_4) { transformation: [-2.737074443741744f,0.12453735397894176f,0.3443475983359642f,0.06410017191855381f,0.21779123463664443f,2.6412538970726342f,0.7758905598820406f,0.7826982709713193f,-0.2943667765412204f,0.7961969795613046f,-2.627751872267659f,-1.8343822845240827f,0f,0f,0f,1f], start_interpolation: 0, interpolation_duration: 1 }
$data merge entity $(bone_tail_3) { transformation: [-2.0764395882709903f,0.061952179930237425f,0.14319947523415386f,0.03921258201346952f,0.07845781739736273f,2.0665021663697347f,0.24363639572707077f,0.7211641955922535f,-0.13486487012816803f,0.24834703508503445f,-2.0630270824723143f,-1.4869993994092208f,0f,0f,0f,1f], start_interpolation: 0, interpolation_duration: 1 }
$data merge entity $(bone_tail_2) { transformation: [-1.9519553694043894f,0.05614361067816223f,0.07410806863067908f,0.02400604981647685f,0.05497686188233804f,1.9531387804339966f,-0.03162789947413822f,0.7275491604053631f,-0.07497770010957136f,-0.029507191455555505f,-1.9525064776183103f,-1.1240951729637056f,0f,0f,0f,1f], start_interpolation: 0, interpolation_duration: 1 }
$data merge entity $(bone_tail_1) { transformation: [-1.5123715484750502f,-0.0049149681224015165f,0.019089066282444805f,0.02140325341855292f,-0.005178400367584069f,1.5123470412321953f,-0.020877285404415094f,0.713559786357126f,-0.01901929369910459f,-0.020940868286204645f,-1.512235430249737f,-0.7984048294417068f,0f,0f,0f,1f], start_interpolation: 0, interpolation_duration: 1 }
$data merge entity $(bone_tail_0) { transformation: [-1.2772137190502946f,-0.0001690425216810544f,0.0506043859598084f,0.0066113963885685145f,0.0006756993780145695f,1.2780377829237441f,0.02132335418594093f,0.7381699349895805f,-0.05060015695720657f,0.021333387635685073f,-1.2770357188708228f,-0.4247104986703205f,0f,0f,0f,1f], start_interpolation: 0, interpolation_duration: 1 }
$data merge entity $(bone_body_1) { transformation: [-1.2360382796956144f,-0.006145182440795391f,0.027860418448500724f,0.0005481610082304728f,0f,1.2073467968613316f,0.2663049138955801f,0.5949343981481482f,-0.028530092592843427f,0.26623400214416953f,-1.20702530419838f,-0.16202677254801096f,0f,0f,0f,1f], start_interpolation: 0, interpolation_duration: 1 }