# This file was generated by Animated Java via MC-Build. It is not recommended to edit this file directly.
$data merge entity $(bone_head_lower) { transformation: [-0.99985045216715f,-0.00796275402493924f,-0.01535147711082251f,0.00029838103240569154f,-0.009683176147397806f,0.99326394720133f,0.11546846881175848f,0.39655078326062393f,0.014328621735682032f,0.11559985180947197f,-0.9931925114804196f,0.8073162453776712f,0f,0f,0f,1f], start_interpolation: 0, interpolation_duration: 1 }
$data merge entity $(bone_head_upper) { transformation: [-1.0407439190564314f,0.00536759822715809f,-0.017182154109398055f,-0.0010886600830949085f,-0.010079214017169649f,0.6494359736556493f,0.8133899852778138f,0.4672035301951972f,0.014914656394412373f,0.8134347223930865f,-0.649286876514092f,0.7808262102825657f,0f,0f,0f,1f], start_interpolation: 0, interpolation_duration: 1 }
$data merge entity $(bone_neck_0) { transformation: [-0.9998769972918886f,0.0007296847595927539f,-0.01566709439264691f,-0.0017904826793826187f,-0.0014346874202800903f,0.9904739567508766f,0.13769271102810343f,0.4600302131907446f,0.015618321246618673f,0.13769825183499723f,-0.9903510789023369f,0.7145481051309106f,0f,0f,0f,1f], start_interpolation: 0, interpolation_duration: 1 }
$data merge entity $(bone_neck_1) { transformation: [-0.9999936222519767f,0.002369378190384884f,-0.0026723589507644772f,-0.002005951128072769f,0.0017254850013748856f,0.9756436322050867f,0.21935479397354346f,0.48310711153008945f,0.003127004458076912f,0.21934878386865192f,-0.9756414981223699f,0.632908977373968f,0f,0f,0f,1f], start_interpolation: 0, interpolation_duration: 1 }
$data merge entity $(bone_neck_2) { transformation: [-0.9999904137669746f,0.0029859942010151863f,-0.0032025322459747433f,-0.002257282222337687f,0.0018746892413918966f,0.9529442706294798f,0.30313974106787267f,0.5189943463953249f,0.003957008264233704f,0.30313083134692875f,-0.9529407332948447f,0.5523920623774959f,0f,0f,0f,1f], start_interpolation: 0, interpolation_duration: 1 }
$data merge entity $(bone_body_0) { transformation: [-0.9999972459114339f,0.0017382314395490732f,0.0015769340536845233f,-0.0014975202890878682f,0.0018679855671961843f,0.9962584733548158f,0.08640350049999393f,0.5692065994496415f,-0.0014208446318487817f,0.08640620822715381f,-0.996258976561987f,0.08368206983611753f,0f,0f,0f,1f], start_interpolation: 0, interpolation_duration: 1 }
$data merge entity $(bone_leg_left_3) { transformation: [-0.9874943292488038f,0.008002436309234445f,-0.15745129632547183f,0.18247395673871755f,0.005254145109281747f,0.9998266319938811f,0.017863367961909293f,0.027027516337938207f,0.15756694977255073f,0.016812702605131458f,-0.987365175287485f,-0.12071857804026889f,0f,0f,0f,1f], start_interpolation: 0, interpolation_duration: 1 }
$data merge entity $(bone_leg_left_2) { transformation: [-1.0133597795828788f,-0.03935444068703959f,-0.15367297948124758f,0.16697920600981137f,0.005507213103265607f,0.9843085232996875f,-0.2883896687888068f,0.24756441523769207f,0.1585365170182217f,-0.2857449185173603f,-0.9722541919755002f,-0.21712636294140858f,0f,0f,0f,1f], start_interpolation: 0, interpolation_duration: 1 }
$data merge entity $(bone_leg_left_1) { transformation: [-0.9380292501650169f,0.09272304970923154f,0.3339214906044165f,0.1931406561497554f,0.34323720650657535f,0.38160256457001623f,0.8582352257878658f,0.29888054546669846f,-0.04784710967674615f,0.9196640249385676f,-0.38978036806562694f,0.05434300727309749f,0f,0f,0f,1f], start_interpolation: 0, interpolation_duration: 1 }
$data merge entity $(bone_leg_left_0) { transformation: [-0.9567539546959987f,0.26669466603254294f,-0.11617153387709518f,0.19606357448696113f,0.29002349691513035f,0.8435613753882842f,-0.45198515151511903f,0.700607236797859f,-0.02254421013666398f,-0.4661310556729901f,-0.884428401582908f,-0.05929853700084112f,0f,0f,0f,1f], start_interpolation: 0, interpolation_duration: 1 }
$data merge entity $(bone_leg_right_3) { transformation: [-0.9868926642999262f,-0.005740143780787271f,0.1612759123377363f,-0.18422694272885287f,-0.002210316446646424f,0.9997542542963693f,0.022057776803571294f,0.02654419687917428f,-0.16136289428551712f,0.0214121873167214f,-0.9866628272019348f,-0.12175399893832695f,0f,0f,0f,1f], start_interpolation: 0, interpolation_duration: 1 }
$data merge entity $(bone_leg_right_2) { transformation: [-1.012754838272288f,0.04339882228262178f,0.1565451349651198f,-0.16770162854578827f,-0.002385374475416682f,0.9843415075870179f,-0.2883197980205714f,0.24708610053545543f,-0.16243197667139977f,-0.2850448002796973f,-0.971816605275308f,-0.21797902057423113f,0f,0f,0f,1f], start_interpolation: 0, interpolation_duration: 1 }
$data merge entity $(bone_leg_right_1) { transformation: [-0.939429998966877f,-0.09489727337193557f,-0.3293414406777039f,-0.19472455277118217f,-0.33973512470699196f,0.38480504046034614f,0.8581987682796076f,0.29934392310385505f,0.04529152328436428f,0.9181065234181071f,-0.39373733576548015f,0.05322619177701389f,0f,0f,0f,1f], start_interpolation: 0, interpolation_duration: 1 }
$data merge entity $(bone_leg_right_0) { transformation: [-0.9569246774431809f,-0.2644003780563914f,0.11994832964198199f,-0.19703426297069657f,-0.289680992393541f,0.8417335544554152f,-0.4555980091591113f,0.700607236797859f,0.019495752002873f,-0.47071972912497495f,-0.8820673739949532f,-0.06205475585335023f,0f,0f,0f,1f], start_interpolation: 0, interpolation_duration: 1 }
$data merge entity $(bone_tail_4) { transformation: [-2.7591568420954258f,0.047958366880398506f,0.10205315950114006f,0.01877329758630774f,0.06232684074468026f,2.731402967729015f,0.40151528539262304f,0.6847127248613776f,-0.09396923560818882f,0.4034837723221312f,-2.730207310779149f,-1.8291347281432868f,0f,0f,0f,1f], start_interpolation: 0, interpolation_duration: 1 }
$data merge entity $(bone_tail_3) { transformation: [-2.081754765954671f,0.024052620854603766f,0.04079328252890359f,0.011620890571662702f,0.022962159979860335f,2.0814281021173797f,-0.05545557654145884f,0.6737475332970728f,-0.04141690088016692f,-0.05499139196738872f,-2.0811549949908623f,-1.475709614317712f,0f,0f,0f,1f], start_interpolation: 0, interpolation_duration: 1 }
$data merge entity $(bone_tail_2) { transformation: [-1.953942701504819f,0.02094497165263691f,0.02104999765550086f,0.006267892742369627f,0.017393739824697725f,1.9300107323417046f,-0.3058265944346962f,0.7310721425790118f,-0.02406765575906967f,-0.30560392047728f,-1.9299743176368842f,-1.1170221200360557f,0f,0f,0f,1f], start_interpolation: 0, interpolation_duration: 1 }
$data merge entity $(bone_tail_1) { transformation: [-1.5124885354280184f,-0.000807122476677786f,0.0058334168474477276f,0.006467461805918522f,-0.001359838954945528f,1.5056039283126939f,-0.14426091600777288f,0.7437123286855315f,-0.0057298374169829705f,-0.1442650671600466f,-1.5055932416693703f,-0.7912662868323975f,0f,0f,0f,1f], start_interpolation: 0, interpolation_duration: 1 }
$data merge entity $(bone_tail_0) { transformation: [-1.2781250361429064f,0.00007492333797198016f,0.015234925507377768f,0.0020172705136591884f,0.0001584533222838943f,1.278196615772489f,0.007007346454119736f,0.7725097804317771f,-0.01523428571566714f,0.007008737281196509f,-1.278105829234999f,-0.41760492427109897f,0f,0f,0f,1f], start_interpolation: 0, interpolation_duration: 1 }
$data merge entity $(bone_body_1) { transformation: [-1.2363371102126788f,-0.0018662139450106865f,0.008465353667987905f,0.00017489711934158233f,1.340472329490472e-19f,1.2073765528485216f,0.2661699733025333f,0.6293036111111111f,-0.00866861968324073f,0.2661634308716784f,-1.2073468756557308f,-0.15484168381344307f,0f,0f,0f,1f], start_interpolation: 0, interpolation_duration: 1 }