# This file was generated by Animated Java via MC-Build. It is not recommended to edit this file directly.
$data merge entity $(bone_head_lower) { transformation: [-0.983628584753143f,-0.1790368313778048f,-0.02050902890740776f,-0.06441197753032983f,-0.07702175914615866f,0.31478779308526883f,0.9460318672975752f,0.4211004805904457f,-0.16291855595530094f,0.9321236282461148f,-0.32342400311470093f,0.8259807291234786f,0f,0f,0f,1f], start_interpolation: 0, interpolation_duration: 1 }
$data merge entity $(bone_head_upper) { transformation: [-1.0238585840243029f,-0.17904607045940574f,-0.05592894739133223f,-0.07260583898822175f,-0.08017191700283692f,0.13711585293709247f,1.0287097011212303f,0.4950710298028622f,-0.16958185701114112f,1.0161760133509776f,-0.1486615156867229f,0.8384977165972763f,0f,0f,0f,1f], start_interpolation: 0, interpolation_duration: 1 }
$data merge entity $(bone_neck_0) { transformation: [-0.9941795586599732f,-0.020139465992686817f,0.10583669993055607f,-0.06511409396244756f,0.03238913020740301f,0.8810556152420245f,0.4719024762542635f,0.511273478382251f,-0.10275188264488903f,0.47258375422778465f,-0.8752751829298623f,0.7742630634044869f,0f,0f,0f,1f], start_interpolation: 0, interpolation_duration: 1 }
$data merge entity $(bone_neck_1) { transformation: [-0.9786359362195819f,-0.0374351151616224f,0.20216408309207315f,-0.04816060161711859f,0.04697393799964657f,0.9165664468075603f,0.39711383473176726f,0.5491367393527491f,-0.200162817447267f,0.3981263125433937f,-0.8952263880003606f,0.7002597566506122f,0f,0f,0f,1f], start_interpolation: 0, interpolation_duration: 1 }
$data merge entity $(bone_neck_2) { transformation: [-0.9971087762132067f,-0.016897896415778598f,0.07408474536180096f,-0.04183566325493034f,0.012823519201909394f,0.9235576107224643f,0.3832452178852222f,0.5917541010111084f,-0.07489756841099404f,0.3830871973498132f,-0.9206707084907099f,0.6233527606480653f,0f,0f,0f,1f], start_interpolation: 0, interpolation_duration: 1 }
$data merge entity $(bone_body_0) { transformation: [-0.9971880845269516f,0.02380299487252475f,0.07105871876531332f,-0.008119202291129161f,0.013091078707926689f,0.9889651227422691f,-0.1475689996497622f,0.5316265138604477f,-0.07378717866765336f,-0.14622381281606356f,-0.9864958432906854f,0.15702800446773862f,0f,0f,0f,1f], start_interpolation: 0, interpolation_duration: 1 }
$data merge entity $(bone_leg_left_3) { transformation: [-0.9978974616739992f,-0.0511081521609364f,0.039857405425891224f,0.22301976655488095f,-0.04891619994329962f,0.9973336007869702f,0.054156201162957995f,0.03738782262721793f,-0.04251895304092502f,0.05209266286138817f,-0.9977366852573443f,-0.1579436793478224f,0f,0f,0f,1f], start_interpolation: 0, interpolation_duration: 1 }
$data merge entity $(bone_leg_left_2) { transformation: [-1.0234743870922296f,-0.05190418040819915f,0.04322423536665744f,0.21066900400343982f,-0.0489920571480675f,1.0223011448521402f,0.0675451483905214f,0.2776961775937066f,-0.0464989978739277f,0.06533394822640233f,-1.0225612538652948f,-0.17438829134426698f,0f,0f,0f,1f], start_interpolation: 0, interpolation_duration: 1 }
$data merge entity $(bone_leg_left_1) { transformation: [-0.9341962590305755f,-0.10056423585183757f,0.3422925416669401f,0.18380003331313852f,0.33804950400968276f,0.057107816338373196f,0.939394076068116f,0.23665618045342152f,-0.11401702702704371f,0.9932902555550406f,-0.019354218333887063f,0.09875482628554762f,0f,0f,0f,1f], start_interpolation: 0, interpolation_duration: 1 }
$data merge entity $(bone_leg_left_0) { transformation: [-0.9533194525393129f,0.29961730569047035f,-0.03756982221049305f,0.19365012826030856f,0.28782034304830584f,0.8639762395760398f,-0.41316402018520587f,0.642981955132619f,-0.09133165682117234f,-0.40469065664879006f,-0.9098813114266446f,0.003310502068049559f,0f,0f,0f,1f], start_interpolation: 0, interpolation_duration: 1 }
$data merge entity $(bone_leg_right_3) { transformation: [-0.9975253535979728f,0.04553839012654539f,0.05356700433962866f,-0.22420905852399647f,0.056794061169834424f,0.971024838482929f,0.23213185405075054f,0.008527875795481143f,-0.04144398080634086f,0.2345996975144773f,-0.9712082054745207f,-0.11232647515176758f,0f,0f,0f,1f], start_interpolation: 0, interpolation_duration: 1 }
$data merge entity $(bone_leg_right_2) { transformation: [-1.0233193277751471f,0.06214775519772247f,0.03189685605822348f,-0.20714919591541486f,0.05764791462269996f,1.0158250634060517f,-0.12976269878682145f,0.24121554082462088f,-0.03945213355661475f,-0.12766869851560894f,-1.0169594053244482f,-0.17345325894642513f,0f,0f,0f,1f], start_interpolation: 0, interpolation_duration: 1 }
$data merge entity $(bone_leg_right_1) { transformation: [-0.944613976251132f,0.02649202184418528f,-0.3271125320889329f,-0.2014158971468072f,-0.3152072327917696f,0.20427142085093605f,0.9267780678346325f,0.24127932004215547f,0.09137196652574064f,0.9785557518108747f,-0.18460716218790646f,0.10400036037977303f,0f,0f,0f,1f], start_interpolation: 0, interpolation_duration: 1 }
$data merge entity $(bone_leg_right_0) { transformation: [-0.961829856497284f,-0.2658588169162954f,0.064826048917714f,-0.19924058691652016f,-0.2656366297208416f,0.850191137066238f,-0.45454615981720703f,0.642981955132619f,0.06573057204198515f,-0.45441624082099574f,-0.8883610594668973f,-0.009742945142938789f,0f,0f,0f,1f], start_interpolation: 0, interpolation_duration: 1 }
$data merge entity $(bone_tail_4) { transformation: [-2.6518220610617855f,0.01228951509519941f,-0.7702921886432115f,0.22304578783154566f,0.3043509428760755f,2.5532183649278206f,-1.0070292032338237f,0.5027838259887892f,0.7077228211923564f,-1.0519440481385076f,-2.453202694346617f,-1.7322246873979972f,0f,0f,0f,1f], start_interpolation: 0, interpolation_duration: 1 }
$data merge entity $(bone_tail_3) { transformation: [-2.0639895030641413f,-0.052354091052161725f,-0.27046609110124337f,0.26941916792615395f,0.01651110843126672f,2.0171613994824464f,-0.5164618067009737f,0.5706171551152817f,0.2749913463799455f,-0.5140665945503218f,-1.9990149628824754f,-1.3882350763441405f,0f,0f,0f,1f], start_interpolation: 0, interpolation_duration: 1 }
$data merge entity $(bone_tail_2) { transformation: [-1.9384675724961555f,-0.07655484703078176f,0.2350674387909424f,0.22426903787591684f,-0.10643425202765522f,1.9355258680499083f,-0.24735650205268447f,0.6169820502832001f,-0.22313470231892074f,-0.2581721218654712f,-1.924144468358679f,-1.0307672509085424f,0f,0f,0f,1f], start_interpolation: 0, interpolation_duration: 1 }
$data merge entity $(bone_tail_1) { transformation: [-1.4191996620325873f,-0.000512248704594259f,0.5229993373684669f,0.11308754078079616f,-0.057898074639521964f,1.503356484130765f,-0.15563850608066845f,0.6321520545584319f,-0.519784938450151f,-0.1660580296861629f,-1.4106397834093305f,-0.7246868322718625f,0f,0f,0f,1f], start_interpolation: 0, interpolation_duration: 1 }
$data merge entity $(bone_tail_0) { transformation: [-1.2278319700293274f,0.0007356016011385474f,0.355336219443238f,0.009267790054352416f,-0.0036984338080608705f,1.278117401485589f,-0.015425504566178515f,0.6675029951789248f,-0.3553177332266095f,-0.015845614347137313f,-1.2277352896877622f,-0.3662964283027736f,0f,0f,0f,1f], start_interpolation: 0, interpolation_duration: 1 }
$data merge entity $(bone_body_1) { transformation: [-1.2356856872392101f,-0.003509829652902388f,0.040904260220895654f,-0.000005465534979413196f,-2.680944658980944e-19f,1.2318410006859979f,0.1056993097667614f,0.5599561531207133f,-0.041054566230946096f,0.10564102035183773f,-1.2311616841287993f,-0.08718425497256514f,0f,0f,0f,1f], start_interpolation: 0, interpolation_duration: 1 }