# This file was generated by Animated Java via MC-Build. It is not recommended to edit this file directly.
$data merge entity $(bone_head_lower) { transformation: [-0.9999538824960115f,0.003937590635868569f,0.00875946694366659f,0.03694646462448359f,0.0047908938401498655f,0.9950128615927603f,0.09963158435555997f,0.3908497517619405f,-0.008323473876049673f,0.09966895527179437f,-0.9949858386618695f,0.786033851184772f,0f,0f,0f,1f], start_interpolation: 0, interpolation_duration: 1 }
$data merge entity $(bone_head_upper) { transformation: [-1.0408515796426474f,-0.0033932556062938723f,0.009403060953919545f,0.037195382118083854f,0.0049868394020062285f,0.6723215600249819f,0.7946261976186416f,0.46072753933532085f,-0.00866390048946599f,0.7946346005086061f,-0.6722742975053737f,0.7575296526216168f,0f,0f,0f,1f], start_interpolation: 0, interpolation_duration: 1 }
$data merge entity $(bone_neck_0) { transformation: [-0.9999564285333411f,0.0038523039442726554f,-0.008502987073139727f,0.036906143835718275f,0.002899419708530437f,0.9939979514721844f,0.10936025710675178f,0.4516635912367796f,0.008873240681894372f,0.10933083839165417f,-0.993965810969562f,0.6914804479301153f,0f,0f,0f,1f], start_interpolation: 0, interpolation_duration: 1 }
$data merge entity $(bone_neck_1) { transformation: [-0.9991420279242847f,0.026884179625161847f,-0.031503157321605274f,0.03436126498664913f,0.01954388807510072f,0.9767123834646636f,0.21366084439055216f,0.4742630609168158f,0.03651362039370672f,0.21286183517168555f,-0.9763998129112308f,0.6097471963958963f,0f,0f,0f,1f], start_interpolation: 0, interpolation_duration: 1 }
$data merge entity $(bone_neck_2) { transformation: [-0.9988567778786102f,0.029901872177148812f,-0.03729631786466653f,0.03138658583660476f,0.01685871993795039f,0.9504273430755791f,0.3104893703435743f,0.5107695361349899f,0.044731653758994246f,0.3095056438493439f,-0.9498449008008564f,0.5295639129432976f,0f,0f,0f,1f], start_interpolation: 0, interpolation_duration: 1 }
$data merge entity $(bone_body_0) { transformation: [-0.9982909610540992f,0.02238301879815889f,-0.05398293755590146f,0.006157856035350198f,0.015365367900718692f,0.9917742984299763f,0.1270733899878484f,0.5801066382214689f,0.056383176098537185f,0.12602674891946355f,-0.9904232408469784f,0.06398171593616395f,0f,0f,0f,1f], start_interpolation: 0, interpolation_duration: 1 }
$data merge entity $(bone_leg_left_3) { transformation: [-0.9854248069185654f,0.01692351063270181f,-0.16926767174322746f,0.20396917225545838f,-0.01656559295733893f,0.9807631662924313f,0.19449728217642742f,0.05480751764790409f,0.16930307451278004f,0.19446646608582643f,-0.9661880057880093f,-0.23439022531724787f,0f,0f,0f,1f], start_interpolation: 0, interpolation_duration: 1 }
$data merge entity $(bone_leg_left_2) { transformation: [-1.008292881254623f,-0.0812300642873643f,-0.169733148700587f,0.17822480397749726f,-0.0552254104518968f,1.0122084477734385f,-0.1563534834827806f,0.28583413869378105f,0.1798827928190033f,-0.14456117878826003f,-0.9994030447900781f,-0.29869419048355084f,0f,0f,0f,1f], start_interpolation: 0, interpolation_duration: 1 }
$data merge entity $(bone_leg_left_1) { transformation: [-0.9509192410955603f,0.10316749314373884f,0.29173458017979353f,0.2097178307633736f,0.3089518188798928f,0.2636468967409013f,0.91380473157546f,0.3028410168098619f,0.017360026643115152f,0.9590864310359778f,-0.2825806916220944f,-0.02349909419661758f,0f,0f,0f,1f], start_interpolation: 0, interpolation_duration: 1 }
$data merge entity $(bone_leg_left_0) { transformation: [-0.9658693567546037f,0.2260063342962728f,-0.12656035137597185f,0.1964510032931656f,0.2562749877613385f,0.9048367969665546f,-0.3399904432527947f,0.7155852318896974f,0.037676469186666964f,-0.36082060322723725f,-0.9318739056097443f,-0.08492777456221959f,0f,0f,0f,1f], start_interpolation: 0, interpolation_duration: 1 }
$data merge entity $(bone_leg_right_3) { transformation: [-0.9769017896733265f,-0.014325502853794775f,0.21320805167966228f,-0.1878985899999624f,-0.011663554094934681f,0.9998376027040915f,0.013737893754482866f,0.03715329435923054f,-0.21337022950478868f,0.010933809350855195f,-0.976910229741788f,-0.10519471594635157f,0f,0f,0f,1f], start_interpolation: 0, interpolation_duration: 1 }
$data merge entity $(bone_leg_right_2) { transformation: [-1.0019145889752803f,0.028188063984497556f,0.2177952913815981f,-0.17304279463769912f,-0.04974752653393479f,0.9616434758074325f,-0.35331177243540823f,0.25046925326089553f,-0.2139031077449433f,-0.35568168070129785f,-0.9379755871083477f,-0.21675940161360618f,0f,0f,0f,1f], start_interpolation: 0, interpolation_duration: 1 }
$data merge entity $(bone_leg_right_1) { transformation: [-0.9458651433980317f,-0.09499878620203485f,-0.31034555115993046f,-0.20122892739550377f,-0.3202731826015976f,0.42809503058128345f,0.8450797200843562f,0.3155709951935507f,0.05257584056260642f,0.8987268079965961f,-0.43534573108896474f,0.05153277266149088f,0f,0f,0f,1f], start_interpolation: 0, interpolation_duration: 1 }
$data merge entity $(bone_leg_right_0) { transformation: [-0.9621871942056274f,-0.2498870289206988f,0.10840791522710971f,-0.1962888607539112f,-0.27119851429115255f,0.8416730762548439f,-0.4669451772467291f,0.7155852318896974f,0.025439519511458418f,-0.47868873548987284f,-0.8776160466639912f,-0.06793054700789057f,0f,0f,0f,1f], start_interpolation: 0, interpolation_duration: 1 }
$data merge entity $(bone_tail_4) { transformation: [-2.757712489148567f,0.029081120747264884f,-0.140845472806532f,-0.0795329731545277f,-0.0007324109967617107f,2.701539312477143f,0.5721417117416432f,0.7929981227237053f,0.14381454157401596f,0.5714026278873844f,-2.697865405478051f,-1.8436903919341412f,0f,0f,0f,1f], start_interpolation: 0, interpolation_duration: 1 }
$data merge entity $(bone_tail_3) { transformation: [-2.0794675032063235f,0.002684399162797436f,-0.1084122832267542f,-0.061176525153840026f,-0.0005522783367555321f,2.0813661561116885f,0.062130067004131366f,0.7620953574792295f,0.10844410607286108f,0.06207450554320894f,-2.0785408722620944f,-1.4918541184320924f,0f,0f,0f,1f], start_interpolation: 0, interpolation_duration: 1 }
$data merge entity $(bone_tail_2) { transformation: [-1.9523407860659892f,-0.00842668591027894f,-0.08407330747973166f,-0.04699313470434631f,0f,1.9444257961746914f,-0.1948902208249423f,0.7987877055992516f,0.08449455642828119f,-0.1947079585886624f,-1.9426073601731773f,-1.1307115053359127f,0f,0f,0f,1f], start_interpolation: 0, interpolation_duration: 1 }
$data merge entity $(bone_tail_1) { transformation: [-1.5110855030016057f,-0.001957109305439833f,-0.06536835887148616f,-0.03145902092283732f,0f,1.5118225635879088f,-0.04526351981986862f,0.7900474410185814f,0.06539764994542879f,-0.04522118916669707f,-1.5104087001311814f,-0.8051981014906775f,0f,0f,0f,1f], start_interpolation: 0, interpolation_duration: 1 }
$data merge entity $(bone_tail_0) { transformation: [-1.2770204399716472f,0.0034267429383929775f,-0.05516130810162685f,-0.0152569112161498f,0f,1.2757565229535035f,0.07925282787140367f,0.7976742001671178f,0.0552676440482895f,0.07917871026007252f,-1.274563429550264f,-0.4308303204427836f,0f,0f,0f,1f], start_interpolation: 0, interpolation_duration: 1 }
$data merge entity $(bone_body_1) { transformation: [-1.2352112433932811f,0.012998121578402109f,-0.051853911004935846f,-0.00407711899449705f,0f,1.199263894962751f,0.3006172072503865f,0.6470059765625f,0.05345820097117681f,0.3003360686471988f,-1.1981423378191427f,-0.17250877575720996f,0f,0f,0f,1f], start_interpolation: 0, interpolation_duration: 1 }