# This file was generated by Animated Java via MC-Build. It is not recommended to edit this file directly.
$data merge entity $(bone_head_lower) { transformation: [-0.9455507351686573f,-0.32539412873023044f,0.007243494316009708f,0.555324789246299f,-0.30474387261037283f,0.8929210187652225f,0.33139587558343275f,0.2927496181105589f,-0.11430214052433413f,0.311144203280684f,-0.9434639926549311f,0.3566187912367316f,0f,0f,0f,1f], start_interpolation: 0, interpolation_duration: 1 }
$data merge entity $(bone_head_upper) { transformation: [-0.9842233662575824f,-0.3033421574210883f,-0.1508636584045993f,0.5378076470468701f,-0.3172077700235235f,0.6623404360039458f,0.7376695195372475f,0.35837682042778224f,-0.11897705044588752f,0.7434787320083407f,-0.7187181499739476f,0.32372993998017224f,0f,0f,0f,1f], start_interpolation: 0, interpolation_duration: 1 }
$data merge entity $(bone_neck_0) { transformation: [-0.9576183839151406f,-0.2856114640351173f,-0.037324554913238384f,0.5403396113657273f,-0.2776922133418711f,0.9498529240065222f,-0.14375832986492454f,0.3337529726374254f,0.0765118646815462f,-0.12730088125373118f,-0.9889087016479206f,0.2618268582234272f,0f,0f,0f,1f], start_interpolation: 0, interpolation_duration: 1 }
$data merge entity $(bone_neck_1) { transformation: [-0.9307301525648763f,-0.04095219838449013f,-0.36340652244289656f,0.5093656475452744f,-0.06465275088691969f,0.9964838990686034f,0.053290343400914125f,0.34285804092176164f,0.3599463917159278f,0.0730941608099499f,-0.930105283688988f,0.18337146872520288f,0f,0f,0f,1f], start_interpolation: 0, interpolation_duration: 1 }
$data merge entity $(bone_neck_2) { transformation: [-0.8909548978565421f,0.04280787566266381f,-0.45206952536826517f,0.4701800824592338f,-0.09039043210835288f,0.9589042835179135f,0.2689463605149964f,0.3758080314513968f,0.44500442668439155f,0.2804818369025829f,-0.8504710455971143f,0.11160991908247803f,0f,0f,0f,1f], start_interpolation: 0, interpolation_duration: 1 }
$data merge entity $(bone_body_0) { transformation: [-0.8208274591251515f,-0.060197608036742636f,-0.5679951851317073f,0.2019126242250444f,-0.095826397692281f,0.9948494013773432f,0.03304497063794237f,0.40085918630429f,0.5630804417234438f,0.08155315178333933f,-0.8223682262725955f,-0.27519224636677164f,0f,0f,0f,1f], start_interpolation: 0, interpolation_duration: 1 }
$data merge entity $(bone_leg_left_3) { transformation: [-0.8262358325373217f,-0.06138384105887204f,-0.5599699751667211f,0.504031312182322f,-0.06800377459207249f,0.9976442698168395f,-0.009022058681745937f,0.049217321946745246f,0.5592046456107007f,0.03062572380345327f,-0.8284637767391679f,-0.7335073037408586f,0f,0f,0f,1f], start_interpolation: 0, interpolation_duration: 1 }
$data merge entity $(bone_leg_left_2) { transformation: [-0.781125528138536f,-0.2797341858822149f,-0.6030372244230053f,0.41897730710802716f,-0.49950443088437096f,0.860946715352135f,0.2476454650340811f,0.25678118503640424f,0.4386347367889009f,0.4822672890357378f,-0.7918838482435078f,-0.6448837683445836f,0f,0f,0f,1f], start_interpolation: 0, interpolation_duration: 1 }
$data merge entity $(bone_leg_left_1) { transformation: [-0.9014860632172312f,0.4152468474504091f,-0.12203660724387178f,0.556212921485019f,-0.11560429014491337f,0.04070092784466178f,0.9924611239603672f,0.21750427063307798f,0.4170833560874719f,0.9087978268873013f,0.011312997822444992f,-0.40689827340573426f,0f,0f,0f,1f], start_interpolation: 0, interpolation_duration: 1 }
$data merge entity $(bone_leg_left_0) { transformation: [-0.8825416933486396f,-0.35491816997610554f,-0.30846920773738185f,0.3393537475715756f,-0.16587034377687965f,0.8487898757665197f,-0.5020386198805789f,0.5723491650380078f,0.44000816873855364f,-0.3919041201838388f,-0.8079628531227632f,-0.4438371170366096f,0f,0f,0f,1f], start_interpolation: 0, interpolation_duration: 1 }
$data merge entity $(bone_leg_right_3) { transformation: [-0.7920878990454143f,0.00004599242065406184f,0.610407042939807f,-0.16832836987813488f,-0.016467078226996404f,0.9996344359963215f,-0.021443640198971048f,0.039403190032835794f,-0.6101848863422367f,-0.027036868439487993f,-0.7917975828609851f,-0.03720080890729485f,0f,0f,0f,1f], start_interpolation: 0, interpolation_duration: 1 }
$data merge entity $(bone_leg_right_2) { transformation: [-0.8254537618698037f,0.048876212782358486f,0.6068767604215355f,-0.13689959442347718f,-0.3974040807801684f,0.7313081844756874f,-0.5994335120752247f,0.1919614096189468f,-0.46125728514024955f,-0.7175386084689958f,-0.5695983337072882f,-0.22134557200457194f,0f,0f,0f,1f], start_interpolation: 0, interpolation_duration: 1 }
$data merge entity $(bone_leg_right_1) { transformation: [-0.9830845217713615f,0.1594837382794383f,-0.0900542074419033f,-0.1083754518192372f,0.017646239110918505f,0.5718796169993662f,0.8201477390726005f,0.30417710567404754f,0.1823003930297849f,0.8046854297705868f,-0.5650202879685934f,0.030859496357124316f,0f,0f,0f,1f], start_interpolation: 0, interpolation_duration: 1 }
$data merge entity $(bone_leg_right_0) { transformation: [-0.9894937526980156f,-0.08289822884657527f,-0.11844828840341766f,-0.01622755515044222f,0.05815079624485431f,0.5218851740009713f,-0.8510313449304117f,0.5716039365006071f,0.13236539679118495f,-0.8489780614433312f,-0.5115815212849615f,-0.2762218183756885f,0f,0f,0f,1f], start_interpolation: 0, interpolation_duration: 1 }
$data merge entity $(bone_tail_4) { transformation: [-2.4016110199357756f,1.2463857594762777f,-0.5517684107465619f,-0.32618550519590517f,-0.4105917930631936f,0.4044119119971318f,2.7006530166802203f,1.9099364403611774f,1.2997462136864246f,2.4307683714433925f,-0.16639181469722994f,-1.29840785705024f,0f,0f,0f,1f], start_interpolation: 0, interpolation_duration: 1 }
$data merge entity $(bone_tail_3) { transformation: [-1.8182477805146273f,0.8192945647918962f,-0.5988964441374927f,-0.23265224048082078f,-0.30111383987470586f,0.7379616143745675f,1.9237174005529074f,1.5765235247818181f,0.9691496221605753f,1.7663846120979945f,-0.5259086784355955f,-1.2265186398380976f,0f,0f,0f,1f], start_interpolation: 0, interpolation_duration: 1 }
$data merge entity $(bone_tail_2) { transformation: [-1.778445275202666f,0.7323581151360605f,-0.34577141192765815f,-0.16951488594925646f,0.037206699564016885f,0.9073171056935422f,1.7303656279024449f,1.2550957449403881f,0.8090253022122625f,1.5681840248877128f,-0.8396730312866472f,-1.0694538736487789f,0f,0f,0f,1f], start_interpolation: 0, interpolation_duration: 1 }
$data merge entity $(bone_tail_1) { transformation: [-1.3721667076851412f,0.537740265530553f,-0.34007379073908567f,-0.10159719010745591f,0.011460174641465032f,0.829183865364604f,1.2649027756377964f,0.9727559152867523f,0.6361473419874584f,1.1449654030782521f,-0.7563246888976631f,-0.9213050154637603f,0f,0f,0f,1f], start_interpolation: 0, interpolation_duration: 1 }
$data merge entity $(bone_tail_0) { transformation: [-1.158851113114721f,0.3479576331697073f,-0.4120986529166712f,0.02722445185912528f,0.0007907883843149676f,0.9777332094425091f,0.8233303482752289f,0.7557540955657528f,0.539350710457056f,0.746189636256236f,-0.8866439840529471f,-0.6442001506569691f,0f,0f,0f,1f], start_interpolation: 0, interpolation_duration: 1 }
$data merge entity $(bone_body_1) { transformation: [-1.1183433699259475f,0.2725090424057949f,-0.4512776571092374f,0.11378476787905625f,-0.002343827944556477f,1.0557885528563262f,0.6433580909449734f,0.5350675f,0.5271690511301779f,0.5827983772462576f,-0.9544859548814151f,-0.4615511428984851f,0f,0f,0f,1f], start_interpolation: 0, interpolation_duration: 1 }