# This file was generated by Animated Java via MC-Build. It is not recommended to edit this file directly.
$data merge entity $(bone_head_lower) { transformation: [-0.9523750947341113f,0.12372761885238578f,-0.278699040657321f,0.29534278865397406f,0.06207541169430823f,0.9735089498272509f,0.22006128207666503f,0.39045486905090454f,0.2985436688211198f,0.19228052667746195f,-0.9348261211944517f,0.6611636570213056f,0f,0f,0f,1f], start_interpolation: 0, interpolation_duration: 1 }
$data merge entity $(bone_head_upper) { transformation: [-0.9913268392857804f,0.04931686765021362f,-0.3135456694970331f,0.27452743726700096f,0.06461427016785057f,1.0380823757588562f,-0.04101121569805547f,0.410957587351714f,0.3107539804827083f,-0.05852153695459246f,-0.9917051658180128f,0.5915804968407609f,0f,0f,0f,1f], start_interpolation: 0, interpolation_duration: 1 }
$data merge entity $(bone_neck_0) { transformation: [-0.9203670896836607f,0.08236589338780662f,-0.3822829839708496f,0.24876874347297068f,0.24233984020861585f,0.8873584991439294f,-0.3922579455469268f,0.3711116548098425f,0.30691337878119773f,-0.4536637009982854f,-0.8366560968054004f,0.544745385992265f,0f,0f,0f,1f], start_interpolation: 0, interpolation_duration: 1 }
$data merge entity $(bone_neck_1) { transformation: [-0.9678702959364425f,0.0009956702485209995f,-0.2514480043362035f,0.2274723841790135f,-0.0108550739629294f,0.9988944640049078f,0.04573857397872594f,0.37958809427848667f,0.25121556005383616f,0.0469984938174009f,-0.9667894724115138f,0.4630621447533894f,0f,0f,0f,1f], start_interpolation: 0, interpolation_duration: 1 }
$data merge entity $(bone_neck_2) { transformation: [-0.9842994161345501f,-0.0005251690011561921f,-0.17650604407414544f,0.21200398919003585f,-0.07460585103909101f,0.9075129996588738f,0.4133450404212998f,0.42468533936948094f,0.15996445351363822f,0.4200236655804923f,-0.8933036963790141f,0.3889143353736889f,0f,0f,0f,1f], start_interpolation: 0, interpolation_duration: 1 }
$data merge entity $(bone_body_0) { transformation: [-0.9730734900818594f,0.15320647103981389f,-0.17220847868626069f,0.1323022621117393f,0.11628392578376115f,0.9713789879898128f,0.20712534923616613f,0.5315563388287643f,0.1990126415688872f,0.1815231085107726f,-0.9630385919434173f,-0.06323290710207316f,0f,0f,0f,1f], start_interpolation: 0, interpolation_duration: 1 }
$data merge entity $(bone_leg_left_3) { transformation: [-0.9704180377396835f,0.026834765187143575f,-0.2399348399187028f,0.4111785231211261f,0.014234679697286614f,0.9984343524432401f,0.05409452611090624f,0.04737649936194066f,0.24101080042889847f,0.049078908286541094f,-0.9692806893970511f,-0.4547146800122496f,0f,0f,0f,1f], start_interpolation: 0, interpolation_duration: 1 }
$data merge entity $(bone_leg_left_2) { transformation: [-0.9046824520156748f,-0.08654917720826816f,-0.4755219242476341f,0.3749047734814858f,-0.07599875096021465f,1.0220419372853389f,-0.04143268978974494f,0.2842146324966699f,0.47732174721888393f,-0.001310669789751935f,-0.907868069312556f,-0.4823368784467078f,0f,0f,0f,1f], start_interpolation: 0, interpolation_duration: 1 }
$data merge entity $(bone_leg_left_1) { transformation: [-0.9965888503520687f,0.06210367113471703f,-0.0543488489807574f,0.4145065491536141f,-0.044718446408332765f,0.1471185084829098f,0.9881074865684346f,0.2726672139228222f,0.06936082399140982f,0.9871673001540088f,-0.14383948554509568f,-0.2079070292180563f,0f,0f,0f,1f], start_interpolation: 0, interpolation_duration: 1 }
$data merge entity $(bone_leg_left_0) { transformation: [-0.9936523482788937f,0.08461249507902516f,0.07413323435775651f,0.3261557081894473f,0.07286583337965556f,0.98616387818284f,-0.14890055639005828f,0.6804611590594396f,-0.08570636549130042f,-0.14255360761440805f,-0.9860694133124651f,-0.19357155659623188f,0f,0f,0f,1f], start_interpolation: 0, interpolation_duration: 1 }
$data merge entity $(bone_leg_right_3) { transformation: [-0.8873763332536628f,0.09919410136099563f,0.45024856850018846f,-0.15304616342523392f,0.11531601880634437f,0.993293002924849f,0.008439558471327838f,0.01580842973324445f,-0.44639159824971975f,0.05940993684326437f,-0.8928633716399955f,-0.25332079257822154f,0f,0f,0f,1f], start_interpolation: 0, interpolation_duration: 1 }
$data merge entity $(bone_leg_right_2) { transformation: [-0.9116152959706346f,0.12671081509040438f,0.4527296334372116f,-0.10810442271948575f,0.1174375478662674f,1.017805825090414f,-0.048393432032395656f,0.2513797259028202f,-0.45522321338462607f,0.008824468926868662f,-0.9191061713668497f,-0.2789620957693418f,0f,0f,0f,1f], start_interpolation: 0, interpolation_duration: 1 }
$data merge entity $(bone_leg_right_1) { transformation: [-0.9603555332877587f,-0.27681850628731286f,-0.03299642799524915f,-0.2006834341627982f,-0.1486888222787773f,0.4084935359846711f,0.9005690785209599f,0.3116306165899528f,-0.23581535957807093f,0.869772697683482f,-0.4334588452799917f,-0.024379412793158417f,0f,0f,0f,1f], start_interpolation: 0, interpolation_duration: 1 }
$data merge entity $(bone_leg_right_0) { transformation: [-0.9555009241440329f,0.11512754221897366f,0.2715946114754809f,-0.06648865114000788f,-0.10593667655900757f,0.725357068053945f,-0.6801724372420695f,0.6641175163592019f,-0.27530965206387376f,-0.678677222873144f,-0.6808831196568657f,-0.20341020418107192f,0f,0f,0f,1f], start_interpolation: 0, interpolation_duration: 1 }
$data merge entity $(bone_tail_4) { transformation: [-2.201313715714661f,-0.21011046988810994f,1.6540050928125674f,0.5237774197326189f,0.215412786124129f,2.6806446229762093f,0.62721851733106f,0.8452677941964863f,-1.6533228928980426f,0.6290145684736806f,-2.1205012181244127f,-1.8943143394425113f,0f,0f,0f,1f], start_interpolation: 0, interpolation_duration: 1 }
$data merge entity $(bone_tail_3) { transformation: [-1.8999734038611145f,-0.058081563797281445f,0.8501018307307173f,0.3801999377116261f,0.041553009989205844f,2.0686627116987335f,0.23420815236136303f,0.7853112578475268f,-0.8510698784622164f,0.23066565244645512f,-1.8863772010921371f,-1.576711720057354f,0f,0f,0f,1f], start_interpolation: 0, interpolation_duration: 1 }
$data merge entity $(bone_tail_2) { transformation: [-1.8349509826099075f,0.042276495249333f,0.6707767619492678f,0.2541572172198686f,0.05884158089649827f,1.952914910979675f,0.03787999252408167f,0.7787776618295207f,-0.6695270231882448f,0.05576668741692262f,-1.8350470066998306f,-1.2360622980656957f,0f,0f,0f,1f], start_interpolation: 0, interpolation_duration: 1 }
$data merge entity $(bone_tail_1) { transformation: [-1.449243122196919f,-0.09194907220637866f,0.42296098033425344f,0.16564928181350647f,-0.09077378810701302f,1.5096760382506942f,0.017164758209530864f,0.756716490112021f,-0.423214770722419f,-0.00893742983607293f,-1.452055656712337f,-0.9230825430153373f,0f,0f,0f,1f], start_interpolation: 0, interpolation_duration: 1 }
$data merge entity $(bone_tail_0) { transformation: [-1.2732697173583847f,0.029142683838971842f,0.10849261459098905f,0.13464848310121968f,0.034875508574407146f,1.276005923283868f,0.06654546739025502f,0.7680626538139246f,-0.10678783799573625f,0.06924813576676826f,-1.27186350287012f,-0.5497433857478051f,0f,0f,0f,1f], start_interpolation: 0, interpolation_duration: 1 }
$data merge entity $(bone_body_1) { transformation: [-1.2349108702664289f,-0.05801513326606364f,0.015296465806928379f,0.13500000000000004f,-0.05140260276434872f,1.1856062778544787f,0.34684307892381167f,0.6075675f,-0.030943658205070435f,0.34579848652129724f,-1.186621461036635f,-0.2971625f,0f,0f,0f,1f], start_interpolation: 0, interpolation_duration: 1 }