# This file was generated by Animated Java via MC-Build. It is not recommended to edit this file directly.
$data merge entity $(bone_head_lower) { transformation: [-0.968906452636619f,0.09180063569137094f,-0.2297671197664784f,0.27353883028473075f,0.0003256034688923007f,0.9290969013535681f,0.3698362365663747f,0.4028849884734752f,0.2474271206264666f,0.3582619030567702f,-0.9002378734515879f,0.668235040250442f,0f,0f,0f,1f], start_interpolation: 0, interpolation_duration: 1 }
$data merge entity $(bone_head_upper) { transformation: [-1.008534322838435f,-0.0027932844165504123f,-0.2575318617229621f,0.255409461850711f,0.00033892051510188377f,1.0408230656019424f,-0.012616411033527643f,0.4253867583602509f,0.2575467867654555f,-0.012307975327028065f,-1.008459274811653f,0.5985180922109371f,0f,0f,0f,1f], start_interpolation: 0, interpolation_duration: 1 }
$data merge entity $(bone_neck_0) { transformation: [-0.9485038781688532f,0.05127283386085994f,-0.31258837087537683f,0.23467114277222176f,0.1855496886639107f,0.8897255821318797f,-0.4170847654096391f,0.383915405218312f,0.2567327523620063f,-0.45360719241207414f,-0.8534218235179273f,0.5506141754120755f,0f,0f,0f,1f], start_interpolation: 0, interpolation_duration: 1 }
$data merge entity $(bone_neck_1) { transformation: [-0.9755009970692742f,-0.06874070548013975f,-0.2089797122376826f,0.21665113844940811f,-0.07536398219367015f,0.996869919160025f,0.023887956417360412f,0.39053148376512076f,0.20668351386785574f,0.039052268615001495f,-0.9776281733927565f,0.46797614667590903f,0f,0f,0f,1f], start_interpolation: 0, interpolation_duration: 1 }
$data merge entity $(bone_neck_2) { transformation: [-0.9821444748825573f,-0.0837593805996931f,-0.16845354439495047f,0.2010732878731436f,-0.14474011276477688f,0.908423345380733f,0.3921955192555334f,0.43378478503416823f,0.12017707857368426f,0.40957464732186916f,-0.9043263117131233f,0.39276037110393724f,0f,0f,0f,1f], start_interpolation: 0, interpolation_duration: 1 }
$data merge entity $(bone_body_0) { transformation: [-0.9865971875928248f,0.07220131848380337f,-0.1463316747772984f,0.13279552610458964f,0.0441994514446436f,0.9815019739679998f,0.18628012129294047f,0.5309279408285889f,0.15707449801263487f,0.1773156640179327f,-0.9715383458041985f,-0.06343285466043394f,0f,0f,0f,1f], start_interpolation: 0, interpolation_duration: 1 }
$data merge entity $(bone_leg_left_3) { transformation: [-0.9739515702764399f,-0.016550352715244514f,-0.22615133115031172f,0.44717525642705436f,-0.025438948576079937f,0.9990117870041098f,0.03644597813475445f,0.052352302065896f,0.22532465167264884f,0.04124966971814961f,-0.973410122248964f,-0.4592668341315965f,0f,0f,0f,1f], start_interpolation: 0, interpolation_duration: 1 }
$data merge entity $(bone_leg_left_2) { transformation: [-0.9058188835383892f,-0.14083267900540578f,-0.4601309664107824f,0.3987219878346798f,-0.10176349403506063f,1.0146704434350882f,-0.11022831760356364f,0.28530608677994f,0.4703174895830862f,-0.051693783418282034f,-0.9100502245749196f,-0.49871156782487536f,0f,0f,0f,1f], start_interpolation: 0, interpolation_duration: 1 }
$data merge entity $(bone_leg_left_1) { transformation: [-0.9929520583492479f,0.029389611738117646f,-0.11481489686392686f,0.4325708393294208f,-0.10698211163110466f,0.19461472260728535f,0.9750281726880714f,0.28859560289548347f,0.051000368733385926f,0.9804393711323368f,-0.19009892667420988f,-0.22329039943729811f,0f,0f,0f,1f], start_interpolation: 0, interpolation_duration: 1 }
$data merge entity $(bone_leg_left_0) { transformation: [-0.994710641787227f,0.030385904074883778f,0.0981194983109614f,0.32085319083376496f,0.020999331632767283f,0.9952253461528051f,-0.09531809086425524f,0.6895546173634252f,-0.10054733803646847f,-0.09275347545284396f,-0.9905993264712019f,-0.19075865653976723f,0f,0f,0f,1f], start_interpolation: 0, interpolation_duration: 1 }
$data merge entity $(bone_leg_right_3) { transformation: [-0.8725918265010618f,0.07531003208812428f,0.4826094729596867f,-0.143237167527066f,0.10899989438637657f,0.9931498078104596f,0.042100858302481656f,0.017669352063529514f,-0.4761328883277229f,0.08934124642589548f,-0.8748231903303473f,-0.26914484566600394f,0f,0f,0f,1f], start_interpolation: 0, interpolation_duration: 1 }
$data merge entity $(bone_leg_right_2) { transformation: [-0.8965238266076997f,0.09155981726387989f,0.48982040350314776f,-0.10536621502609776f,0.11078257051171886f,1.0196279986813994f,0.012172340632520975f,0.255547472296315f,-0.48583376776032955f,0.06354324250668227f,-0.9011048806527644f,-0.28142747312113137f,0f,0f,0f,1f], start_interpolation: 0, interpolation_duration: 1 }
$data merge entity $(bone_leg_right_1) { transformation: [-0.946279477193363f,-0.3207331055742596f,-0.04105394050936448f,-0.20916777706171424f,-0.16313920704005833f,0.3639407310696173f,0.9170238510501532f,0.30253427028961827f,-0.27917870651071636f,0.8744583576461504f,-0.3967137892408078f,-0.0283842708945784f,0f,0f,0f,1f], start_interpolation: 0, interpolation_duration: 1 }
$data merge entity $(bone_leg_right_0) { transformation: [-0.9399942807176104f,0.13977254316103377f,0.31124650744462856f,-0.07032752251883834f,-0.12092085834132138f,0.7165490227898375f,-0.6869757229749294f,0.6538589703077505f,-0.3190437246462942f,-0.6833894454242221f,-0.6566505673846581f,-0.20615270858837118f,0f,0f,0f,1f], start_interpolation: 0, interpolation_duration: 1 }
$data merge entity $(bone_tail_4) { transformation: [-2.756203564502468f,0.10227775679323f,-0.13617085991222114f,0.1373039473465961f,0.09368828339845013f,2.7544705985321376f,0.17255595896944168f,0.8118611345642474f,0.1422172569618066f,0.1676076188225249f,-2.7526974533237216f,-1.956339000905068f,0f,0f,0f,1f], start_interpolation: 0, interpolation_duration: 1 }
$data merge entity $(bone_tail_3) { transformation: [-2.0634704364745797f,-0.0008957904282824992f,-0.2793465256618735f,0.1846795611043172f,0.0033191660920737897f,2.0820570139946835f,-0.031194545299503062f,0.7967760142500933f,0.27932824235351567f,-0.03135783920326978f,-2.0632348254594395f,-1.6061837584754388f,0f,0f,0f,1f], start_interpolation: 0, interpolation_duration: 1 }
$data merge entity $(bone_tail_2) { transformation: [-1.950756281378084f,0.0015745034605757213f,-0.1154180514719361f,0.20469342246678987f,0.006664817532242619f,1.9522630496505478f,-0.08601418591827598f,0.8132353384439742f,0.1152362177181626f,-0.08625764262240466f,-1.9488596943387213f,-1.2438303122801735f,0f,0f,0f,1f], start_interpolation: 0, interpolation_duration: 1 }
$data merge entity $(bone_tail_1) { transformation: [-1.488387018177314f,-0.1703137545041036f,0.20821517511449752f,0.16339171268359398f,-0.15892047408667145f,1.5013107495317946f,0.09201394598836776f,0.7752348190523934f,-0.2170359809739218f,0.068669559245699f,-1.495271254520627f,-0.9226966854302546f,0f,0f,0f,1f], start_interpolation: 0, interpolation_duration: 1 }
$data merge entity $(bone_tail_0) { transformation: [-1.2724964482091907f,-0.05168483922938463f,0.10916585213726192f,0.1302436661995549f,-0.04064235367084222f,1.271133922395834f,0.12807211642939254f,0.768483895832555f,-0.11373963674601763f,0.12402800213033485f,-1.267089604686452f,-0.5494306364105868f,0f,0f,0f,1f], start_interpolation: 0, interpolation_duration: 1 }
$data merge entity $(bone_body_1) { transformation: [-1.2303075383094313f,-0.12137410268622059f,0.01470657785999707f,0.13500000000000004f,-0.11226684281298839f,1.1804195575131462f,0.3501577063289083f,0.6075675f,-0.04841603288210565f,0.34710602197863544f,-1.1856550477783898f,-0.2971625f,0f,0f,0f,1f], start_interpolation: 0, interpolation_duration: 1 }