# This file was generated by Animated Java via MC-Build. It is not recommended to edit this file directly.
$data merge entity $(bone_head_lower) { transformation: [-0.9738090278817229f,0.07580768371416907f,-0.21435758047231912f,0.2644949482499246f,-0.018133522020215377f,0.9138822751864746f,0.40557411465616844f,0.4042329343782964f,0.2266432275520197f,0.39883879223300883f,-0.8885721496957455f,0.6706876790417889f,0f,0f,0f,1f], start_interpolation: 0, interpolation_duration: 1 }
$data merge entity $(bone_head_upper) { transformation: [-1.0136374113683237f,-0.014454784644896516f,-0.23622489297045027f,0.24757098605824288f,-0.018875175515208013f,1.040584319063392f,0.017318927569383365f,0.42878704204764856f,0.2359128411242192f,0.021148917318698026f,-1.0135925203317422f,0.6013614084649488f,0f,0f,0f,1f], start_interpolation: 0, interpolation_duration: 1 }
$data merge entity $(bone_neck_0) { transformation: [-0.9566906912349377f,0.04608789568362358f,-0.2874349094592946f,0.2285459435900053f,0.1671134723205982f,0.8954333975915746f,-0.4126404219736133f,0.38751637714076814f,0.23836108884079654f,-0.44280349631531174f,-0.8643547043763721f,0.5525811231898232f,0f,0f,0f,1f], start_interpolation: 0, interpolation_duration: 1 }
$data merge entity $(bone_neck_1) { transformation: [-0.9775070432342463f,-0.08512123865448304f,-0.1929620562633182f,0.21180738189118742f,-0.09128825925889078f,0.9955523434321442f,0.023280575771393808f,0.3940749326683112f,0.19012215586018108f,0.0403720970063805f,-0.9809299973160084f,0.4696694669153389f,0f,0f,0f,1f], start_interpolation: 0, interpolation_duration: 1 }
$data merge entity $(bone_neck_2) { transformation: [-0.981087639710225f,-0.10517224325450811f,-0.1624987460155754f,0.19654157100551423f,-0.16127348245138878f,0.9083940745842823f,0.3857603778489529f,0.43676418070719014f,0.10704161371084392f,0.40467147726146935f,-0.9081756924875266f,0.39406845161780096f,0f,0f,0f,1f], start_interpolation: 0, interpolation_duration: 1 }
$data merge entity $(bone_body_0) { transformation: [-0.9895404708151156f,0.048428794346627266f,-0.13588343716999246f,0.13296156143233073f,0.02340957262536439f,0.9833873115560361f,0.18000385379232722f,0.5309673153617729f,0.14234341758050142f,0.17494012503917966f,-0.9742352406491869f,-0.06341844055185386f,0f,0f,0f,1f], start_interpolation: 0, interpolation_duration: 1 }
$data merge entity $(bone_leg_left_3) { transformation: [-0.9750408099243482f,-0.029335023687184436f,-0.22007924792524974f,0.45597044274372445f,-0.03794694878596922f,0.9986664430477985f,0.03500520829952336f,0.05329749765189093f,0.21875888109950253f,0.042482842601811954f,-0.974853712115086f,-0.45674562916462463f,0f,0f,0f,1f], start_interpolation: 0, interpolation_duration: 1 }
$data merge entity $(bone_leg_left_2) { transformation: [-0.9075135669879215f,-0.15633273471517714f,-0.4517094212987236f,0.40416176804053694f,-0.11008141580632544f,1.0115918699433526f,-0.12894250679772065f,0.28494241484224914f,0.46514880106007866f,-0.06560612945205192f,-0.9118084382979715f,-0.49949566578901833f,0f,0f,0f,1f], start_interpolation: 0, interpolation_duration: 1 }
$data merge entity $(bone_leg_left_1) { transformation: [-0.9916699079155138f,0.021254796081545957f,-0.12703947173366456f,0.43642345511607994f,-0.11987309241631147f,0.20859244756806888f,0.970628472965899f,0.2925193175393229f,0.04712998461051214f,0.9777716627419176f,-0.2043069751367254f,-0.22396860767616356f,0f,0f,0f,1f], start_interpolation: 0, interpolation_duration: 1 }
$data merge entity $(bone_leg_left_0) { transformation: [-0.9945527707184675f,0.017942179903159144f,0.10267845166607414f,0.3194672253501942f,0.008683955904916819f,0.9959117222801712f,-0.0899134602536496f,0.6918758768615825f,-0.10387191711940773f,-0.08853202587349862f,-0.9906425718838622f,-0.19016243354052667f,0f,0f,0f,1f], start_interpolation: 0, interpolation_duration: 1 }
$data merge entity $(bone_leg_right_3) { transformation: [-0.8708337482092257f,0.06680026979190289f,0.4870177686035697f,-0.13870934913310945f,0.10532760439073956f,0.9930705690822584f,0.05212428010004781f,0.017420036955195645f,-0.48016109664692636f,0.09668799707496951f,-0.8718352783000078f,-0.27329158765281814f,0f,0f,0f,1f], start_interpolation: 0, interpolation_duration: 1 }
$data merge entity $(bone_leg_right_2) { transformation: [-0.8947254919225769f,0.0817176646597533f,0.49482392513615725f,-0.10298074678148976f,0.10697864817613502f,1.0197998484131652f,0.02502074162744567f,0.2557411895738859f,-0.4899837369127713f,0.07343495053267705f,-0.8981010216573379f,-0.2831692014595253f,0f,0f,0f,1f], start_interpolation: 0, interpolation_duration: 1 }
$data merge entity $(bone_leg_right_1) { transformation: [-0.9428040510473564f,-0.3298139978702782f,-0.04840710833666795f,-0.20879010374503035f,-0.17012348551874265f,0.35117839323875344f,0.920723484981893f,0.29892554822041134f,-0.28666796298792774f,0.8762970175294857f,-0.3872015186763612f,-0.030280141184044096f,0f,0f,0f,1f], start_interpolation: 0, interpolation_duration: 1 }
$data merge entity $(bone_leg_right_0) { transformation: [-0.9365213449675062f,0.1397817275067397f,0.3215413489358484f,-0.07118812534461189f,-0.1278460876989602f,0.7178011542117828f,-0.6844098778307501f,0.6513382352696301f,-0.32647074643882446f,-0.6820722627899951f,-0.6543655553681083f,-0.20685384282586086f,0f,0f,0f,1f], start_interpolation: 0, interpolation_duration: 1 }
$data merge entity $(bone_tail_4) { transformation: [-2.660847103010783f,0.0712593004684188f,-0.735170822391554f,0.025580240063616838f,0.07639954787348714f,2.760388420365411f,-0.008955969923725491f,0.7932876940255221f,0.7346544324264632f,-0.028969163075579906f,-2.661786051527593f,-1.940614026714667f,0f,0f,0f,1f], start_interpolation: 0, interpolation_duration: 1 }
$data merge entity $(bone_tail_3) { transformation: [-1.9920222567342507f,-0.04601412133653855f,-0.6047111338130414f,0.12856718608727258f,-0.008721001790519907f,2.0782497937098006f,-0.12941122485080406f,0.7948937496909687f,0.606396568960938f,-0.12126838675945972f,-1.988346726697737f,-1.6022771931173099f,0f,0f,0f,1f], start_interpolation: 0, interpolation_duration: 1 }
$data merge entity $(bone_tail_2) { transformation: [-1.9251522112402195f,-0.042208442029650274f,-0.33283822794429857f,0.18900749790427143f,-0.019367260813869486f,1.9493903996140756f,-0.13518821732613853f,0.820474486075364f,0.3349443950392942f,-0.12988222479108272f,-1.9208635388589834f,-1.2449760895608883f,0f,0f,0f,1f], start_interpolation: 0, interpolation_duration: 1 }
$data merge entity $(bone_tail_1) { transformation: [-1.4938087052461952f,-0.1890242650104886f,0.14304415181310712f,0.16196376161019344f,-0.17947189343655695f,1.4981084996792942f,0.10543724510320142f,0.7796442009232585f,-0.15486007102214508f,0.08716077343564588f,-1.5020245031214094f,-0.9226746760664977f,0f,0f,0f,1f], start_interpolation: 0, interpolation_duration: 1 }
$data merge entity $(bone_tail_0) { transformation: [-1.2716512675669214f,-0.07361968728427368f,0.10639037514566763f,0.12909744705411832f,-0.06144694551412735f,1.2686565099351055f,0.14342471638559937f,0.7683471067927944f,-0.11385536072778484f,0.1375736821760307f,-1.265680115744141f,-0.5494936310863302f,0f,0f,0f,1f], start_interpolation: 0, interpolation_duration: 1 }
$data merge entity $(bone_body_1) { transformation: [-1.2286552133962354f,-0.13713231809887322f,0.014341861222690355f,0.13500000000000004f,-0.1274954626684512f,1.1789174395063249f,0.3500045326607335f,0.6075675f,-0.052496367964450966f,0.3463423064208737f,-1.1857047411518016f,-0.2971625f,0f,0f,0f,1f], start_interpolation: 0, interpolation_duration: 1 }