# This file was generated by Animated Java via MC-Build. It is not recommended to edit this file directly.
$data merge entity $(bone_head_lower) { transformation: [-0.9874678214086571f,0.008889843761477024f,-0.1575698967453394f,0.21268671274897083f,-0.0642932905666419f,0.8891478482694081f,0.45308109285865783f,0.3975569854075658f,0.14413075476994408f,0.4575336868425963f,-0.8774333313327386f,0.687856490609593f,0f,0f,0f,1f], start_interpolation: 0, interpolation_duration: 1 }
$data merge entity $(bone_head_upper) { transformation: [-1.0278548438593456f,-0.015559644435714483f,-0.16353672371495429f,0.20074445861482126f,-0.06692285936194649f,0.9859966175970649f,0.32680872626886254f,0.4422058366586121f,0.15002564258555365f,0.33322741504217424f,-0.9746403126356973f,0.6281964609418649f,0f,0f,0f,1f], start_interpolation: 0, interpolation_duration: 1 }
$data merge entity $(bone_neck_0) { transformation: [-0.9785727581204898f,0.03680229960403341f,-0.20258565548506183f,0.18736372127863557f,0.10587304829810792f,0.9337994525604567f,-0.34177401896846754f,0.40491456154806427f,0.17659630434559995f,-0.3558991052835714f,-0.9176870774669488f,0.5745769409583147f,0f,0f,0f,1f], start_interpolation: 0, interpolation_duration: 1 }
$data merge entity $(bone_neck_1) { transformation: [-0.9850527748540442f,-0.10472414964303516f,-0.1367621410840395f,0.17529572185882894f,-0.11189296080440511f,0.9926639604306782f,0.04580640767955141f,0.41336804427033214f,0.13096181151301858f,0.06042444988268092f,-0.9895442838911274f,0.49102792023156344f,0f,0f,0f,1f], start_interpolation: 0, interpolation_duration: 1 }
$data merge entity $(bone_neck_2) { transformation: [-0.9827742579547795f,-0.13682743731767555f,-0.12422966754567977f,0.16307264513083242f,-0.1733335563426834f,0.915619156541572f,0.3627630609911907f,0.4541132929406328f,0.06411112342667495f,0.3780473681579839f,-0.9235637234548526f,0.41381813134286416f,0f,0f,0f,1f], start_interpolation: 0, interpolation_duration: 1 }
$data merge entity $(bone_body_0) { transformation: [-0.9957787892810205f,-0.0046048481055487155f,-0.09167005068150627f,0.1198250270730631f,-0.018926955658425424f,0.9875776194212388f,0.15598787122011518f,0.5370377029891675f,0.08981298997098974f,0.15706444853054458f,-0.9834960019442209f,-0.04820361106062576f,0f,0f,0f,1f], start_interpolation: 0, interpolation_duration: 1 }
$data merge entity $(bone_leg_left_3) { transformation: [-0.9765082916990376f,-0.006394246750489621f,-0.21538493413310267f,0.42028892386141636f,-0.0320235731728331f,0.9927660861743398f,0.11571511959691569f,0.052069983007214465f,0.21308694705277317f,0.1198941689598711f,-0.9696490814955433f,-0.3384916020175294f,0f,0f,0f,1f], start_interpolation: 0, interpolation_duration: 1 }
$data merge entity $(bone_leg_left_2) { transformation: [-0.9235027079370368f,-0.1439182114688266f,-0.42248372316725813f,0.37225245627385384f,-0.09395667296535207f,1.011844258593062f,-0.13930376684868753f,0.2834785378562349f,0.4363222336060086f,-0.08672337782031855f,-0.9242100214243474f,-0.38659202395343983f,0f,0f,0f,1f], start_interpolation: 0, interpolation_duration: 1 }
$data merge entity $(bone_leg_left_1) { transformation: [-0.9969035727022265f,0.044442477449977924f,-0.0648701235673609f,0.4076205143757398f,-0.05238849604806858f,0.23983333119693478f,0.9693995145082358f,0.29826379379111206f,0.05864053389386881f,0.9697962876012105f,-0.2367624301690462f,-0.11173955019195549f,0f,0f,0f,1f], start_interpolation: 0, interpolation_duration: 1 }
$data merge entity $(bone_leg_left_0) { transformation: [-0.9949220160903376f,0.052147564224526245f,0.08608608159387213f,0.3054022185592109f,0.02053060487399599f,0.9424777605324756f,-0.33363777538701694f,0.6978586021693305f,-0.09853261471333108f,-0.33017616880559186f,-0.9387624946655121f,-0.17641325181782946f,0f,0f,0f,1f], start_interpolation: 0, interpolation_duration: 1 }
$data merge entity $(bone_leg_right_3) { transformation: [-0.8903347077705073f,0.03961227482584284f,0.4535801757377933f,-0.12924345638306275f,0.07962629545337742f,0.9944021428067552f,0.0694552478485618f,0.013040720198956496f,-0.448289818322452f,0.09795532688146966f,-0.8885049199210814f,-0.2629711013690823f,0f,0f,0f,1f], start_interpolation: 0, interpolation_duration: 1 }
$data merge entity $(bone_leg_right_2) { transformation: [-0.9146134917021653f,0.07102485013443237f,0.4588026056600475f,-0.09708969987711505f,0.08067890268207596f,1.022519759603708f,0.002540744514139206f,0.2513419484194095f,-0.45720375650150097f,0.03835376623033817f,-0.9173635665086984f,-0.2816722413662974f,0f,0f,0f,1f], start_interpolation: 0, interpolation_duration: 1 }
$data merge entity $(bone_leg_right_1) { transformation: [-0.9432473683870283f,-0.31612281493219346f,-0.10173872375006485f,-0.19635991033976896f,-0.2107395203832689f,0.33301800412184707f,0.9190690199758293f,0.2888715497553604f,-0.25665785898658094f,0.8883498043057405f,-0.38073792641445225f,-0.02525395029089339f,0f,0f,0f,1f], start_interpolation: 0, interpolation_duration: 1 }
$data merge entity $(bone_leg_right_0) { transformation: [-0.940838279496801f,0.07368561598040732f,0.3307472778891572f,-0.08495687934159066f,-0.16674199979240634f,0.7490489131235063f,-0.6411886081752569f,0.6545572875112043f,-0.2949922665744454f,-0.6584042494896899f,-0.6924474037175599f,-0.1930949001536612f,0f,0f,0f,1f], start_interpolation: 0, interpolation_duration: 1 }
$data merge entity $(bone_tail_4) { transformation: [-1.993527484195613f,-0.1831824837555516f,-1.9020919218065815f,-0.1695506514575595f,0.21318215810866123f,2.710263560209094f,-0.48444414875902986f,0.7243570280466578f,1.8989636301996005f,-0.4965651452205183f,-1.9424267088699338f,-1.8667210747191598f,0f,0f,0f,1f], start_interpolation: 0, interpolation_duration: 1 }
$data merge entity $(bone_tail_3) { transformation: [-1.737774925955776f,-0.17814286526688483f,-1.133291203671124f,0.02435692468759733f,0.030703862773592577f,2.049075746441134f,-0.36917663008637785f,0.7669039270747178f,1.1467960174218528f,-0.32480645151483434f,-1.7074264814404645f,-1.5740261538008564f,0f,0f,0f,1f], start_interpolation: 0, interpolation_duration: 1 }
$data merge entity $(bone_tail_2) { transformation: [-1.840499947878198f,-0.13209759109924146f,-0.6433382028831365f,0.14255970998204215f,-0.044398423945294835f,1.9348784728753607f,-0.2702738429028285f,0.8175748238853624f,0.6552576568147069f,-0.23993623451256083f,-1.8253333617606429f,-1.2342732351464598f,0f,0f,0f,1f], start_interpolation: 0, interpolation_duration: 1 }
$data merge entity $(bone_tail_1) { transformation: [-1.5001976806909256f,-0.19198589313947273f,0.01430334523832417f,0.14326186559044518f,-0.19095023960655927f,1.4981803660346258f,0.08154659295490618f,0.7818956281244186f,-0.0245188670979179f,0.0790775420950505f,-1.5102323720184392f,-0.9102312950118809f,0f,0f,0f,1f], start_interpolation: 0, interpolation_duration: 1 }
$data merge entity $(bone_tail_0) { transformation: [-1.271279591672047f,-0.09901880275831892f,0.08876481894585454f,0.11493322231105337f,-0.0883493085939709f,1.2665904287636318f,0.1475764277225678f,0.7693354492274749f,-0.09938971804542215f,0.14064024690214427f,-1.2665613769108006f,-0.5367187233669535f,0f,0f,0f,1f], start_interpolation: 0, interpolation_duration: 1 }
$data merge entity $(bone_body_1) { transformation: [-1.2277234648890427f,-0.14533202403502257f,0.013352588025453138f,0.12161807580174921f,-0.13618752669582931f,1.1815076429407123f,0.33778283304721857f,0.6112227478134111f,-0.052465668675493245f,0.33395042673848463f,-1.1892556752640988f,-0.28272736880466465f,0f,0f,0f,1f], start_interpolation: 0, interpolation_duration: 1 }