# This file was generated by Animated Java via MC-Build. It is not recommended to edit this file directly.
$data merge entity $(bone_head_lower) { transformation: [-0.9926459036636303f,0.0002910835450489179f,-0.12105381121709867f,0.17352578931226287f,-0.06791704656215819f,0.8264425512960462f,0.5589096386658186f,0.39072205722932973f,0.10020670998535382f,0.5630209806727031f,-0.8203450436226573f,0.7011512379099912f,0f,0f,0f,1f], start_interpolation: 0, interpolation_duration: 1 }
$data merge entity $(bone_head_upper) { transformation: [-1.033244707521013f,0.0004312217809306516f,-0.12600448805935235f,0.16452830613079053f,-0.07069482546778107f,0.8596512047117084f,0.5826439654482793f,0.4501692920900327f,0.10430512267095897f,0.5869169982791362f,-0.8532999596268082f,0.65553843208079f,0f,0f,0f,1f], start_interpolation: 0, interpolation_duration: 1 }
$data merge entity $(bone_neck_0) { transformation: [-0.9857949422392854f,0.037278316464546525f,-0.16376403444289403f,0.1536524546237965f,0.08145563476001724f,0.958823817645826f,-0.27206959822980326f,0.41698693303096523f,0.14687856011442554f,-0.28154433724842176f,-0.9482401988642226f,0.5987459752262937f,0f,0f,0f,1f], start_interpolation: 0, interpolation_duration: 1 }
$data merge entity $(bone_neck_1) { transformation: [-0.9895083565504794f,-0.09251647196877327f,-0.11096807978522831f,0.14382578998813936f,-0.10082908448328286f,0.9923104346046403f,0.07178786176654756f,0.42763975727169673f,0.10347322377809934f,0.0822234990085019f,-0.9912278185017642f,0.5151547625160713f,0f,0f,0f,1f], start_interpolation: 0, interpolation_duration: 1 }
$data merge entity $(bone_neck_2) { transformation: [-0.9870132366827434f,-0.12582922079095124f,-0.0998592900445271f,0.13384542052075704f,-0.1533119980877124f,0.9234689779546652f,0.3517107874343911f,0.46749359854414263f,0.047961462190056606f,0.36245282996620154f,-0.9307672341644198f,0.4371612117873997f,0f,0f,0f,1f], start_interpolation: 0, interpolation_duration: 1 }
$data merge entity $(bone_body_0) { transformation: [-0.997444188742251f,-0.01299738973907058f,-0.07025779817417732f,0.10060936732400862f,-0.023000076629371733f,0.9893832206750933f,0.14349856836088146f,0.5445490475989507f,0.06764677981512322f,0.14474774784621086f,-0.9871534848614445f,-0.026701620569310913f,0f,0f,0f,1f], start_interpolation: 0, interpolation_duration: 1 }
$data merge entity $(bone_leg_left_3) { transformation: [-0.9785848849230324f,0.04166301398925601f,-0.201583273774157f,0.36771715208929207f,0.0009633014758278595f,0.9802188665414425f,0.197914238311642f,0.08358344386745867f,0.2058414318120684f,0.19348169665769915f,-0.959267500756706f,-0.2134673920928008f,0f,0f,0f,1f], start_interpolation: 0, interpolation_duration: 1 }
$data merge entity $(bone_leg_left_2) { transformation: [-0.9447595384761566f,-0.09401524177783398f,-0.3881401142274134f,0.3323413882413839f,-0.055281516042191226f,1.01806385953916f,-0.11203629494499423f,0.3173444654816387f,0.39551936481427963f,-0.08227582703552813f,-0.9427922994187129f,-0.261168672705459f,0f,0f,0f,1f], start_interpolation: 0, interpolation_duration: 1 }
$data merge entity $(bone_leg_left_1) { transformation: [-0.9975594667580645f,0.06269961125772626f,0.030722451554132786f,0.36761252989117205f,0.04473714725442413f,0.23614258962592727f,0.9706880369203577f,0.3291244059806711f,0.05360688329778194f,0.9696934753378985f,-0.23837127752774034f,0.0138414457053469f,0f,0f,0f,1f], start_interpolation: 0, interpolation_duration: 1 }
$data merge entity $(bone_leg_left_0) { transformation: [-0.9945221074714728f,0.09856223438944388f,0.03480321397027152f,0.28783938762525524f,0.05980174443609233f,0.809604996725731f,-0.5839207999713057f,0.7014899276906477f,-0.08572939468408994f,-0.5786408516764864f,-0.8110642611151168f,-0.1572942974318829f,0f,0f,0f,1f], start_interpolation: 0, interpolation_duration: 1 }
$data merge entity $(bone_leg_right_3) { transformation: [-0.9102629453853441f,0.028422136419781634f,0.4130539340325099f,-0.13437789377926596f,0.061683404436973094f,0.9958166249939332f,0.06741221701410777f,0.012468742214113732f,-0.4094099753003858f,0.08684141608142792f,-0.9082081482664147f,-0.24002947321012452f,0f,0f,0f,1f], start_interpolation: 0, interpolation_duration: 1 }
$data merge entity $(bone_leg_right_2) { transformation: [-0.934931576920503f,0.07436367278733462f,0.4152531639219791f,-0.10276021433790028f,0.06240486631079167f,1.0229106644222934f,-0.042680262095830104f,0.24949190806829014f,-0.4172179030654941f,-0.013638778589550156f,-0.9369126984841821f,-0.2715161888410417f,0f,0f,0f,1f], start_interpolation: 0, interpolation_duration: 1 }
$data merge entity $(bone_leg_right_1) { transformation: [-0.9476119467744233f,-0.28709863093550364f,-0.14002133567905595f,-0.19220201814393098f,-0.23709430651720084f,0.3384412242048154f,0.910628259816196f,0.2884176230535737f,-0.21405113442239693f,0.8961204795526692f,-0.3887803981411353f,-0.011711766044635752f,0f,0f,0f,1f], start_interpolation: 0, interpolation_duration: 1 }
$data merge entity $(bone_leg_right_0) { transformation: [-0.948852346209985f,0.01117325725200119f,0.31552239764268275f,-0.10317212981075186f,-0.19174015620718762f,0.7735736818798906f,-0.604002873503457f,0.663612107126009f,-0.25082850234662313f,-0.6336078574522025f,-0.7318648409271893f,-0.17174319005084104f,0f,0f,0f,1f], start_interpolation: 0, interpolation_duration: 1 }
$data merge entity $(bone_tail_4) { transformation: [-1.950373977292948f,-0.16957921775460744f,-1.9475486050941637f,-0.17754836069168145f,0.2696917080894243f,2.701406417405127f,-0.5053029607969943f,0.7044606572534466f,1.936225467988245f,-0.5470901100441637f,-1.8913975468434894f,-1.8558085163583797f,0f,0f,0f,1f], start_interpolation: 0, interpolation_duration: 1 }
$data merge entity $(bone_tail_3) { transformation: [-1.7721719070629707f,-0.14942079235067302f,-1.0830631028128208f,0.007561317651402513f,0.05916589086764579f,2.046626036052432f,-0.3791659161298553f,0.7487253423884629f,1.0917195863494784f,-0.35346968952097096f,-1.7375710199630168f,-1.5577217033854078f,0f,0f,0f,1f], start_interpolation: 0, interpolation_duration: 1 }
$data merge entity $(bone_tail_2) { transformation: [-1.8566523962515105f,-0.11856198586317108f,-0.5979622145290472f,0.11732008280729436f,-0.02502261961875716f,1.9300590647943705f,-0.3049913931822872f,0.8058633365177794f,0.6090891749191706f,-0.28211511288131785f,-1.8352643719865058f,-1.2161668072596568f,0f,0f,0f,1f], start_interpolation: 0, interpolation_duration: 1 }
$data merge entity $(bone_tail_1) { transformation: [-1.5034021746192876f,-0.16563836207177363f,-0.0014437313385707445f,0.1210918237391981f,-0.1656163978364605f,1.502845143796289f,0.04103574704556139f,0.7788203974862963f,-0.003059430939438572f,0.04094699962258627f,-1.5119425363102383f,-0.891311254101472f,0f,0f,0f,1f], start_interpolation: 0, interpolation_duration: 1 }
$data merge entity $(bone_tail_0) { transformation: [-1.272892149330459f,-0.08812113580717808f,0.07626242968175875f,0.09667964930135785f,-0.0802550893921642f,1.2693379535080334f,0.12718489295007224f,0.772285401659607f,-0.08450096676114452f,0.1218669019550365f,-1.2695840899319517f,-0.51736840971273f,0f,0f,0f,1f], start_interpolation: 0, interpolation_duration: 1 }
$data merge entity $(bone_body_1) { transformation: [-1.2297753980363195f,-0.12689388697890852f,0.012450176233530556f,0.10233236151603498f,-0.11913002503628363f,1.1865528384397948f,0.3263510284671565f,0.6164906049562683f,-0.045443399693645505f,0.32341134502997937f,-1.192453183310118f,-0.2619237973760932f,0f,0f,0f,1f], start_interpolation: 0, interpolation_duration: 1 }