# This file was generated by Animated Java via MC-Build. It is not recommended to edit this file directly.
$data merge entity $(bone_head_lower) { transformation: [-0.9958006706361586f,0.015012766278812085f,-0.0903085887899613f,0.13116287485139705f,-0.04223436659936294f,0.7998785807743174f,0.5986739632691688f,0.3896813353393769f,0.08122365812081586f,0.5999740601618716f,-0.7958855724878743f,0.7177422148040604f,0f,0f,0f,1f], start_interpolation: 0, interpolation_duration: 1 }
$data merge entity $(bone_head_upper) { transformation: [-1.0365285031482314f,0.03199875824247277f,-0.08975903417335418f,0.12537187907414019f,-0.043961734595624136f,0.7093148444778412f,0.760533865043646f,0.45802436670868396f,0.08454567189476636f,0.7611310488068546f,-0.70498475053688f,0.6862596653050352f,0f,0f,0f,1f], start_interpolation: 0, interpolation_duration: 1 }
$data merge entity $(bone_neck_0) { transformation: [-0.9915257617245357f,0.03672204816971339f,-0.12461201793888324f,0.11703855141280083f,0.059539131154258816f,0.980998144131027f,-0.1846557149748591f,0.43014150411642293f,0.11546322227434705f,-0.190510189726696f,-0.974871330952102f,0.6262776856940994f,0f,0f,0f,1f], start_interpolation: 0, interpolation_duration: 1 }
$data merge entity $(bone_neck_1) { transformation: [-0.993731945809047f,-0.07221119711774404f,-0.08533676165280478f,0.10947673969708976f,-0.08099224648472972f,0.9912355656362746f,0.10436622742578802f,0.44354919173256274f,0.07705242298540702f,0.11062367029057035f,-0.9908709944707842f,0.5428475367016914f,0f,0f,0f,1f], start_interpolation: 0, interpolation_duration: 1 }
$data merge entity $(bone_neck_2) { transformation: [-0.9918765223624569f,-0.10299928752691792f,-0.07464657497237229f,0.10192871248075441f,-0.12242549584571855f,0.9323018727050538f,0.340331039015808f,0.48249256125559314f,0.03453928709583696f,0.3467050113851785f,-0.9373380781379334f,0.4641241497733154f,0f,0f,0f,1f], start_interpolation: 0, interpolation_duration: 1 }
$data merge entity $(bone_body_0) { transformation: [-0.9986170472387284f,-0.014326519826737496f,-0.05058402706248004f,0.0779521722068096f,-0.02082975991440493f,0.991232531620417f,0.13047677708805944f,0.5534285059136305f,0.048271255070816886f,0.13134998700811884f,-0.9901601218221501f,-0.0012833297272709376f,0f,0f,0f,1f], start_interpolation: 0, interpolation_duration: 1 }
$data merge entity $(bone_leg_left_3) { transformation: [-0.9832181371223451f,0.037678371035271274f,-0.17850051873816497f,0.3308810652172017f,-0.00016128365487704313f,0.9782599964668085f,0.20738214315688336f,0.09332508706197637f,0.18243373816607558f,0.20393067368320977f,-0.961836894442017f,-0.15648514830403776f,0f,0f,0f,1f], start_interpolation: 0, interpolation_duration: 1 }
$data merge entity $(bone_leg_left_2) { transformation: [-0.9680617471206522f,-0.08252874211393496f,-0.3287972931571923f,0.29998059619825035f,-0.04201803389314146f,1.0163809446169645f,-0.13140190161476298f,0.3261159163422518f,0.3363824283314452f,-0.11054854881595097f,-0.9626463939397591f,-0.2114820835225216f,0f,0f,0f,1f], start_interpolation: 0, interpolation_duration: 1 }
$data merge entity $(bone_leg_left_1) { transformation: [-0.9929762167983934f,0.06197894074819998f,0.10078116776700474f,0.33124902431633063f,0.11352909354566547f,0.25933557538285296f,0.9590913430218959f,0.3434416768420518f,0.0333073233906536f,0.9637964879810342f,-0.26455047148696376f,0.06371873240267453f,0f,0f,0f,1f], start_interpolation: 0, interpolation_duration: 1 }
$data merge entity $(bone_leg_left_0) { transformation: [-0.9916718057998422f,0.12784963560300777f,-0.015540278564379138f,0.2674047631548548f,0.10749727327990916f,0.7552120047897082f,-0.6466058800064338f,0.7050995268683379f,-0.07093212120798942f,-0.6428913582384573f,-0.762665939768682f,-0.13486321137762694f,0f,0f,0f,1f], start_interpolation: 0, interpolation_duration: 1 }
$data merge entity $(bone_leg_right_3) { transformation: [-0.9319985913166139f,0.017745572395983712f,0.3620272371579048f,-0.1419754818203841f,0.04244480252367826f,0.997272272611765f,0.06038586770504656f,0.013808520435977217f,-0.359968143760768f,0.07164571822589483f,-0.9302095605493004f,-0.212930616557517f,0f,0f,0f,1f], start_interpolation: 0, interpolation_duration: 1 }
$data merge entity $(bone_leg_right_2) { transformation: [-0.9570710481588023f,0.07633720414208169f,0.36090142634890715f,-0.11154314053038364f,0.04284613813612922f,1.0197104231878282f,-0.10206400339793843f,0.24828083409723206f,-0.3663897060831885f,-0.08015911430751224f,-0.9546702567747694f,-0.26055076771186203f,0f,0f,0f,1f], start_interpolation: 0, interpolation_duration: 1 }
$data merge entity $(bone_leg_right_1) { transformation: [-0.950905882603182f,-0.24915568726039056f,-0.18357408841245998f,-0.18843275836545859f,-0.26506723853676273f,0.3495194844670848f,0.8986520400201394f,0.29029424156304756f,-0.15974154589573183f,0.903192987950895f,-0.3984031438520235f,0.002766998346664884f,0f,0f,0f,1f], start_interpolation: 0, interpolation_duration: 1 }
$data merge entity $(bone_leg_right_0) { transformation: [-0.9563350246095675f,-0.06080740946372597f,0.285877210807942f,-0.12438146255819112f,-0.2183155412712346f,0.7989412876393733f,-0.5603848171967083f,0.6749881592155594f,-0.19432355787311428f,-0.5983270659592888f,-0.7773307384865746f,-0.1462809798047528f,0f,0f,0f,1f], start_interpolation: 0, interpolation_duration: 1 }
$data merge entity $(bone_tail_4) { transformation: [-2.129583443118504f,-0.05891496966826871f,-1.7570044726023113f,-0.15589578704685889f,0.2682895712015495f,2.71668849850449f,-0.4162759177251436f,0.6883636099582165f,1.7373993197823085f,-0.49172549256918613f,-2.0893326626407687f,-1.8553371245075854f,0f,0f,0f,1f], start_interpolation: 0, interpolation_duration: 1 }
$data merge entity $(bone_tail_3) { transformation: [-1.8670224228288432f,-0.08811232210457669f,-0.9178284248115767f,0.0005962444981473802f,0.07584016614878004f,2.0510653645603876f,-0.3511761175588922f,0.7278388172795757f,0.918923864037324f,-0.3482996052804981f,-1.8358136733090882f,-1.540642581331797f,0f,0f,0f,1f], start_interpolation: 0, interpolation_duration: 1 }
$data merge entity $(bone_tail_2) { transformation: [-1.8892350884644387f,-0.08832136203633975f,-0.4916950198299625f,0.09058327299634347f,-0.00315673417426236f,1.9254572781643626f,-0.3337336962250217f,0.7903350163786823f,0.49955449206957847f,-0.3218500923950587f,-1.861620719287679f,-1.194278547735105f,0f,0f,0f,1f], start_interpolation: 0, interpolation_duration: 1 }
$data merge entity $(bone_tail_1) { transformation: [-1.5068838826657736f,-0.13011076198898275f,-0.005329519375118823f,0.09476023027696748f,-0.1300738140795483f,1.5068636313320634f,-0.00995235949648106f,0.774181070754879f,0.006165797022493606f,-0.009457070550354026f,-1.5124578661118742f,-0.8687047771891853f,0f,0f,0f,1f], start_interpolation: 0, interpolation_duration: 1 }
$data merge entity $(bone_tail_0) { transformation: [-1.2748282687188497f,-0.070176718484964f,0.06102319265664798f,0.07523434584584561f,-0.06528845051009008f,1.2726542968467804f,0.09962015625086452f,0.7757811609280967f,-0.06622703442945171f,0.09623920970237262f,-1.2728659438489864f,-0.4944213406742877f,0f,0f,0f,1f], start_interpolation: 0, interpolation_duration: 1 }
$data merge entity $(bone_body_1) { transformation: [-1.2322119430926002f,-0.10070485385824428f,0.010809938279136516f,0.07950437317784266f,-0.09470365319014913f,1.1923676403165577f,0.31288212389750547f,0.622726027696793f,-0.03591017165997732f,0.3110024723238766f,-1.1960737923874252f,-0.23729916180758026f,0f,0f,0f,1f], start_interpolation: 0, interpolation_duration: 1 }