# This file was generated by Animated Java via MC-Build. It is not recommended to edit this file directly.
$data merge entity $(bone_head_lower) { transformation: [-0.9877759846976496f,0.12323092597976547f,-0.09546068791266096f,0.10683787695895568f,0.045368035455235795f,0.8131596518046935f,0.5802698700051571f,0.3914239894539421f,0.14913197314298954f,0.5688457783609182f,-0.8088103207968107f,0.7290313080717017f,0f,0f,0f,1f], start_interpolation: 0, interpolation_duration: 1 }
$data merge entity $(bone_head_upper) { transformation: [-1.0281756108984565f,0.1501197336854305f,-0.061570457975463656f,0.10564509561828356f,0.047223569202006835f,0.6547498742737078f,0.8078022525555955f,0.4618286434721521f,0.15523140870621568f,0.7951343347386568f,-0.6535568391917451f,0.7018795409644515f,0f,0f,0f,1f], start_interpolation: 0, interpolation_duration: 1 }
$data merge entity $(bone_neck_0) { transformation: [-0.993830493471368f,0.0351950391549015f,-0.10517727637347556f,0.09859398572260189f,0.04958335244705436f,0.9892619840359176f,-0.1374853377689087f,0.43686498525912365f,0.09920907925471689f,-0.14185216304379955f,-0.9849038137976859f,0.6404642833149146f,0f,0f,0f,1f], start_interpolation: 0, interpolation_duration: 1 }
$data merge entity $(bone_neck_1) { transformation: [-0.99551695492959f,-0.06062531210039214f,-0.07259864999052708f,0.09216463397644063f,-0.06917504968430409f,0.9901510029404502f,0.12172018681054614f,0.4517377845611001f,0.06450430178593572f,0.12619652494720388f,-0.9899058703444277f,0.5571876351980595f,0f,0f,0f,1f], start_interpolation: 0, interpolation_duration: 1 }
$data merge entity $(bone_neck_2) { transformation: [-0.9940979557635024f,-0.08879014459045804f,-0.0623342969033211f,0.08583437105110196f,-0.1046290476760944f,0.9365397395180131f,0.33458344054349953f,0.4902191127157333f,0.028670834121444607f,0.33913069239916566f,-0.9403022688176622f,0.47813040561788667f,0f,0f,0f,1f], start_interpolation: 0, interpolation_duration: 1 }
$data merge entity $(bone_body_0) { transformation: [-0.9990461202752389f,-0.01315452507975726f,-0.041639020556673755f,0.06608474351452767f,-0.018229352951879874f,0.992121232517545f,0.12394817739209804f,0.5580866188062341f,0.03968047698741601f,0.12458899814106081f,-0.9914146666699347f,0.01206725696488778f,0f,0f,0f,1f], start_interpolation: 0, interpolation_duration: 1 }
$data merge entity $(bone_leg_left_3) { transformation: [-0.985163511462312f,0.026390519684586333f,-0.16957710975843493f,0.3136032066127389f,-0.006926217106934248f,0.9811869431481393f,0.19293576680387042f,0.08790178656146802f,0.17147852110347367f,0.1912478053897282f,-0.9664467878438926f,-0.14391359877575405f,0f,0f,0f,1f], start_interpolation: 0, interpolation_duration: 1 }
$data merge entity $(bone_leg_left_2) { transformation: [-0.9776247172028337f,-0.08430040633886339f,-0.2986729872383441f,0.2832059054348203f,-0.041024430751647106f,1.013575923909065f,-0.15179934800282535f,0.3194099385855177f,0.3076184453121706f,-0.1327384174370105f,-0.9694398403927575f,-0.20433753189437867f,0f,0f,0f,1f], start_interpolation: 0, interpolation_duration: 1 }
$data merge entity $(bone_leg_left_1) { transformation: [-0.9895762544807446f,0.06230950779321164f,0.1298320523076946f,0.31295567593905654f,0.14211320883252518f,0.2766896369185175f,0.9503929085895064f,0.34134231711228974f,0.023295330930969f,0.9589371043298234f,-0.2826604986487323f,0.07070302436391077f,0f,0f,0f,1f], start_interpolation: 0, interpolation_duration: 1 }
$data merge entity $(bone_leg_left_0) { transformation: [-0.9891783293503237f,0.14231812410354697f,-0.0356620848430071f,0.2567201849137287f,0.13225383316314493f,0.7596811073884532f,-0.63670522119008f,0.7068274910311819f,-0.06352288058138947f,-0.6345314544045086f,-0.7702822060867962f,-0.12311502370971564f,0f,0f,0f,1f], start_interpolation: 0, interpolation_duration: 1 }
$data merge entity $(bone_leg_right_3) { transformation: [-0.9423975071905822f,0.012751232165997842f,0.33425191774951f,-0.1465204552650638f,0.033125380751270576f,0.9979187451789521f,0.055325285092354376f,0.015394625690636071f,-0.33285078877938645f,0.06321063279793783f,-0.940858527255945f,-0.19896020385963004f,0f,0f,0f,1f], start_interpolation: 0, interpolation_duration: 1 }
$data merge entity $(bone_leg_right_2) { transformation: [-0.9676522459124646f,0.07578344555119954f,0.33161453505786803f,-0.11710587497891148f,0.03338501027004347f,1.0162528007929477f,-0.13482538881996367f,0.24806317682808077f,-0.33852144920304034f,-0.1164015195844695f,-0.96120555250612f,-0.25527361118157665f,0f,0f,0f,1f], start_interpolation: 0, interpolation_duration: 1 }
$data merge entity $(bone_leg_right_1) { transformation: [-0.9515472745872392f,-0.22826934222842626f,-0.20603614154851263f,-0.1871427962236795f,-0.2786263254802292f,0.35656017615041957f,0.8917579332604606f,0.29208492008136777f,-0.1300967139284556f,0.9059569240213269f,-0.40288571188717304f,0.009623163889886849f,0f,0f,0f,1f], start_interpolation: 0, interpolation_duration: 1 }
$data merge entity $(bone_leg_right_0) { transformation: [-0.9590863396739163f,-0.09716961384551305f,0.2659162635041396f,-0.13542362688321483f,-0.23122206067574808f,0.8108359906458728f,-0.5376628636331388f,0.6811000892901291f,-0.16336998410892312f,-0.5771508142751254f,-0.8001294806928502f,-0.13285351564983386f,0f,0f,0f,1f], start_interpolation: 0, interpolation_duration: 1 }
$data merge entity $(bone_tail_4) { transformation: [-2.2658468769074034f,0.0075636868654124926f,-1.5784619262592217f,-0.1369849137769307f,0.24798568215885852f,2.728842753464157f,-0.34290182255328044f,0.6810477790420785f,1.5588785595591383f,-0.42310914561984814f,-2.239762848839061f,-1.8557140557910479f,0f,0f,0f,1f], start_interpolation: 0, interpolation_duration: 1 }
$data merge entity $(bone_tail_3) { transformation: [-1.920610174054073f,-0.05608473423663059f,-0.8025313625959026f,-0.0003564183723562542f,0.07768899071187872f,2.054588464814357f,-0.3295090090094593f,0.7168145691407017f,0.8007287343954872f,-0.3338656449559205f,-1.8929640120921507f,-1.5314701747319155f,0f,0f,0f,1f], start_interpolation: 0, interpolation_duration: 1 }
$data merge entity $(bone_tail_2) { transformation: [-1.906342773683811f,-0.0709735409590571f,-0.42378515867126076f,0.07699779303258449f,0.005566380462118694f,1.9230856097208888f,-0.34710895709526723f,0.7818030859403475f,0.4296511604020678f,-0.3398210840588708f,-1.8758185909615532f,-1.182522753719462f,0f,0f,0f,1f], start_interpolation: 0, interpolation_duration: 1 }
$data merge entity $(bone_tail_1) { transformation: [-1.508447982687591f,-0.11054162752751122f,-0.004634879643262673f,0.08078755343749319f,-0.11039307418319366f,1.5079973196523897f,-0.037599243258244826f,0.7715657806506734f,0.007369036444641807f,-0.037160227458638326f,-1.5120254841758125f,-0.8567045340089806f,0f,0f,0f,1f], start_interpolation: 0, interpolation_duration: 1 }
$data merge entity $(bone_tail_0) { transformation: [-1.275732528746431f,-0.05975045298372719f,0.05265087891483162f,0.0639598580317126f,-0.05619007189858716f,1.2741808793035065f,0.08450727318640502f,0.7776190456654577f,-0.056434984737274985f,0.08202857288536411f,-1.2743320298541199f,-0.4823356010687962f,0f,0f,0f,1f], start_interpolation: 0, interpolation_duration: 1 }
$data merge entity $(bone_body_1) { transformation: [-1.2333365917258197f,-0.08597504822747778f,0.009681820524651882f,0.06749999999999992f,-0.08091558510606153f,1.1952009482548556f,0.3058626430832769f,0.6260050000000001f,-0.03062865738703565f,0.30447919375423205f,-1.1978977005461235f,-0.22434999999999988f,0f,0f,0f,1f], start_interpolation: 0, interpolation_duration: 1 }