# This file was generated by Animated Java via MC-Build. It is not recommended to edit this file directly.
$data merge entity $(bone_head_lower) { transformation: [-0.9569902408794784f,0.2531246614925791f,-0.14176595009276888f,0.08301474509222678f,0.14508483963441338f,0.8407053527266661f,0.5216942583592316f,0.39503402474490096f,0.2512370756271748f,0.4786882238378122f,-0.8412713689347248f,0.7439760756808078f,0f,0f,0f,1f], start_interpolation: 0, interpolation_duration: 1 }
$data merge entity $(bone_head_upper) { transformation: [-0.9961307429855154f,0.2986470053155403f,-0.044782269691163196f,0.08632438549030569f,0.15101874912344437f,0.6263127486734942f,0.8175558823993317f,0.4655047411622241f,0.26151256733821143f,0.7758957724131633f,-0.6427043410924381f,0.7171734470809579f,0f,0f,0f,1f], start_interpolation: 0, interpolation_duration: 1 }
$data merge entity $(bone_neck_0) { transformation: [-0.9957501887935591f,0.032584303608636636f,-0.08613840418728375f,0.08054736220266454f,0.040334576740122405f,0.9951406830214251f,-0.08982284183239206f,0.44353059550718565f,0.08279301562805191f,-0.09291546778654206f,-0.9922257970891611f,0.6544957063833059f,0f,0f,0f,1f], start_interpolation: 0, interpolation_duration: 1 }
$data merge entity $(bone_neck_1) { transformation: [-0.9970010293988277f,-0.048849533694709624f,-0.0600222495037272f,0.0752376461821343f,-0.056812816625475035f,0.9886515879778067f,0.13906955617978056f,0.4598662064879032f,0.05254760931534752f,0.14206252372378309f,-0.9884619305306963f,0.5714144715934978f,0f,0f,0f,1f], start_interpolation: 0, interpolation_duration: 1 }
$data merge entity $(bone_neck_2) { transformation: [-0.9960071462019843f,-0.07360905096043452f,-0.050512100840131f,0.07009172869322301f,-0.08618053627545093f,0.9404345784261842f,0.3288703678771332f,0.4978851595361031f,0.02329549059056476f,0.3319103965185023f,-0.943023228134427f,0.49204817436062487f,0f,0f,0f,1f], start_interpolation: 0, interpolation_duration: 1 }
$data merge entity $(bone_body_0) { transformation: [-0.999380048159914f,-0.011185026301670275f,-0.03338284778923274f,0.05425196635903055f,-0.015038963187234477f,0.9929557438752388f,0.11752752992990291f,0.5627345883189205f,0.03183314194579516f,0.11795671194044943f,-0.9925083703334983f,0.025406386455958635f,0f,0f,0f,1f], start_interpolation: 0, interpolation_duration: 1 }
$data merge entity $(bone_leg_left_3) { transformation: [-0.9864859676652323f,0.01666888804310114f,-0.16299565568136157f,0.2947217598275288f,-0.011720909876286753f,0.9850834005023592f,0.17167793779743598f,0.07929811882199847f,0.16342599509032338f,0.1712683339853429f,-0.9715755770410363f,-0.13565997226866253f,0f,0f,0f,1f], start_interpolation: 0, interpolation_duration: 1 }
$data merge entity $(bone_leg_left_2) { transformation: [-0.9862329640799145f,-0.08387159373905698f,-0.2690209951407348f,0.2653274389677577f,-0.03776104971844112f,1.0097188467470999f,-0.17636369566484575f,0.3091531061285614f,0.2792505025725148f,-0.15967343482267635f,-0.9739536695991349f,-0.2025459257828961f,0f,0f,0f,1f], start_interpolation: 0, interpolation_duration: 1 }
$data merge entity $(bone_leg_left_1) { transformation: [-0.984940096156944f,0.06358464719567482f,0.1607793507368147f,0.29368996435260797f,0.1724781227964731f,0.2967386525168955f,0.9392536767343858f,0.33651822250748814f,0.012012665772212605f,0.9528395272780505f,-0.3032367575304589f,0.0721540982781279f,0f,0f,0f,1f], start_interpolation: 0, interpolation_duration: 1 }
$data merge entity $(bone_leg_left_0) { transformation: [-0.9857267017299222f,0.1592901770184081f,-0.054493201430027366f,0.24605256363686592f,0.15886136482730515f,0.7729249743527908f,-0.614288247313054f,0.7084722946165365f,-0.055730927337118645f,-0.6141771922883348f,-0.7871978405781883f,-0.11138915237140658f,0f,0f,0f,1f], start_interpolation: 0, interpolation_duration: 1 }
$data merge entity $(bone_leg_right_3) { transformation: [-0.9520141252489391f,0.008046759084462618f,0.3059482881055787f,-0.15145076917509895f,0.024349964348058136f,0.9984768392257338f,0.04950839086495251f,0.017579415728775416f,-0.30508389758023274f,0.05458251732950056f,-0.9507599929736362f,-0.18524362839198905f,0f,0f,0f,1f], start_interpolation: 0, interpolation_duration: 1 }
$data merge entity $(bone_leg_right_2) { transformation: [-0.977428955198626f,0.07392275810980217f,0.30204347844880985f,-0.12336862315735546f,0.024485240525278656f,1.0114992561952847f,-0.16832090545591827f,0.2481185679369539f,-0.30999243545034494f,-0.15318903371495152f,-0.9656604006656467f,-0.25031408589912585f,0f,0f,0f,1f], start_interpolation: 0, interpolation_duration: 1 }
$data merge entity $(bone_leg_right_1) { transformation: [-0.9513566646661903f,-0.20691838769469753f,-0.2282658043357547f,-0.1864223832039298f,-0.29144881996546546f,0.36421088553272807f,0.8845383068020313f,0.29434630376676924f,-0.09989034956370836f,0.908039212640783f,-0.40680057321831187f,0.01595759010829982f,0f,0f,0f,1f], start_interpolation: 0, interpolation_duration: 1 }
$data merge entity $(bone_leg_right_0) { transformation: [-0.9609249389905647f,-0.13221693480901522f,0.24319116714158892f,-0.14640018195123564f,-0.2434439640772501f,0.8218175760049296f,-0.5151222263926658f,0.6872593609953624f,-0.13175089366047643f,-0.5541972157265775f,-0.8218924188119606f,-0.11941165097187399f,0f,0f,0f,1f], start_interpolation: 0, interpolation_duration: 1 }
$data merge entity $(bone_tail_4) { transformation: [-2.406168182164722f,0.06427030132319096f,-1.3534715878458405f,-0.11454709008873962f,0.21787370735709138f,2.740811925206519f,-0.25718158932592977f,0.6740870388289083f,1.3373657160180952f,-0.33087860404317604f,-2.393247505504988f,-1.8549980253813945f,0f,0f,0f,1f], start_interpolation: 0, interpolation_duration: 1 }
$data merge entity $(bone_tail_3) { transformation: [-1.97047748000218f,-0.028268459807481713f,-0.6725807914509698f,-0.00022561342321311684f,0.07467399172824218f,2.0584380592122584f,-0.3052901527895792f,0.7057095345959795f,0.6690200458940456f,-0.3130162561449915f,-1.9468894492562612f,-1.521814410584327f,0f,0f,0f,1f], start_interpolation: 0, interpolation_duration: 1 }
$data merge entity $(bone_tail_2) { transformation: [-1.9217134293630365f,-0.05404461767105517f,-0.3505289570197055f,0.06350309262784444f,0.011668743399980044f,1.9206678942367497f,-0.3601007573977198f,0.7731171357553797f,0.3544787875684504f,-0.35621327088099275f,-1.888446655273864f,-1.1705789464009195f,0f,0f,0f,1f], start_interpolation: 0, interpolation_duration: 1 }
$data merge entity $(bone_tail_1) { transformation: [-1.509778535384068f,-0.0906413243555308f,-0.0030289292850846777f,0.06670528095784696f,-0.0904246753823621f,1.508364944424474f,-0.06568730861702289f,0.768900497671493f,0.006957167206056092f,-0.06538803216513725f,-1.5110699034373092f,-0.844620907764047f,0f,0f,0f,1f], start_interpolation: 0, interpolation_duration: 1 }
$data merge entity $(bone_tail_0) { transformation: [-1.276519954665702f,-0.04896577600978119f,0.043987210687444156f,0.05266956423709028f,-0.04654160632319136f,1.2754921191721749f,0.06920584797948083f,0.7794568373237503f,-0.046544610914248045f,0.06751239362859149f,-1.2755827658311347f,-0.4702367819653399f,0f,0f,0f,1f], start_interpolation: 0, interpolation_duration: 1 }
$data merge entity $(bone_body_1) { transformation: [-1.2343082234017342f,-0.07083638655029612f,0.008367259981747107f,0.05549562682215738f,-0.06671707283345363f,1.1978364561317032f,0.298900069606262f,0.6292839723032071f,-0.02523166446433456f,0.2979507102837475f,-1.199663841418095f,-0.21140083819241975f,0f,0f,0f,1f], start_interpolation: 0, interpolation_duration: 1 }