# This file was generated by Animated Java via MC-Build. It is not recommended to edit this file directly.
$data merge entity $(bone_head_lower) { transformation: [-0.9341682933358174f,0.2998528744578616f,-0.19343694943160245f,0.0629220791908967f,0.18590600436563504f,0.8716872645751865f,0.45343166003074065f,0.3986911397381435f,0.3045793119482196f,0.38762038962983697f,-0.8700470540587806f,0.7587425519010376f,0f,0f,0f,1f], start_interpolation: 0, interpolation_duration: 1 }
$data merge entity $(bone_head_upper) { transformation: [-0.9723753872964636f,0.3686714515939549f,-0.04515982222248039f,0.0677854468853719f,0.19350948248335437f,0.6108634218377199f,0.8202876950395167f,0.46901645991037294f,0.31703647889885517f,0.757891274012193f,-0.6391874767289313f,0.7317953166228384f,0f,0f,0f,1f], start_interpolation: 0, interpolation_duration: 1 }
$data merge entity $(bone_neck_0) { transformation: [-0.9972810217167316f,0.028849537943679296f,-0.06781052930090045f,0.06325465525246589f,0.0318147687993592f,0.998565682200013f,-0.04306273120305043f,0.45001306948823405f,0.06647092755389675f,-0.04510302088396145f,-0.9967684451753404f,0.6680530281956111f,0f,0f,0f,1f], start_interpolation: 0, interpolation_duration: 1 }
$data merge entity $(bone_neck_1) { transformation: [-0.9981583258427859f,-0.03739889804659987f,-0.04776273626612214f,0.05903623255637343f,-0.04443256434025238f,0.9867718557370433f,0.15590719018512655f,0.467766389371684f,0.041300166789934915f,0.1577422807942497f,-0.9866162724549762f,0.5852003795499326f,0f,0f,0f,1f], start_interpolation: 0, interpolation_duration: 1 }
$data merge entity $(bone_neck_2) { transformation: [-0.997531951446629f,-0.05813133327799765f,-0.03937961318249456f,0.055017141009613135f,-0.06776634342292542f,0.9438771747715076f,0.32327016819441173f,0.5053284280960233f,0.01837739214814408f,0.32514093411423833f,-0.945486987970302f,0.5055519612093866f,0f,0f,0f,1f], start_interpolation: 0, interpolation_duration: 1 }
$data merge entity $(bone_body_0) { transformation: [-0.9996273160272393f,-0.00873329031438996f,-0.025864235779599933f,0.0427442281707144f,-0.011561812435397152f,0.9937179194718917f,0.11131496311666109f,0.567257158112163f,0.024729608678401092f,0.11157251525684765f,-0.9934485493944182f,0.03840625298532316f,0f,0f,0f,1f], start_interpolation: 0, interpolation_duration: 1 }
$data merge entity $(bone_leg_left_3) { transformation: [-0.9872354895758071f,0.009722275736660943f,-0.15897032891869112f,0.274310812367756f,-0.013659371980953315f,0.9892889440837331f,0.14532999233047766f,0.0691316559022152f,0.15868052709485947f,0.14564636098506273f,-0.9765283548636492f,-0.13082786260206308f,0f,0f,0f,1f], start_interpolation: 0, interpolation_duration: 1 }
$data merge entity $(bone_leg_left_2) { transformation: [-0.9935808434981429f,-0.08073101871840734f,-0.2415404925698823f,0.2464864262630715f,-0.03209941562383917f,1.0047420621342915f,-0.20377736772132507f,0.29698814002167284f,0.2526438886077024f,-0.18983701086856639f,-0.9758048853917262f,-0.2048433896800506f,0f,0f,0f,1f], start_interpolation: 0, interpolation_duration: 1 }
$data merge entity $(bone_leg_left_1) { transformation: [-0.9789105797408831f,0.06664414629844764f,0.19311301001102726f,0.27384518432024263f,0.20428906363925917f,0.31825580813593946f,0.9257317208917138f,0.3302824142330196f,0.00023526317759780396f,0.9456594515743448f,-0.32515864789260324f,0.06930324138090993f,0f,0f,0f,1f], start_interpolation: 0, interpolation_duration: 1 }
$data merge entity $(bone_leg_left_0) { transformation: [-0.9813543318366527f,0.1786372497127055f,-0.07093946997629375f,0.2356513022150599f,0.18613789955651902f,0.7912512602994108f,-0.582472424603329f,0.7100135711150142f,-0.04792032694091532f,-0.584816360996915f,-0.8097490143101141f,-0.09996800374728781f,0f,0f,0f,1f], start_interpolation: 0, interpolation_duration: 1 }
$data merge entity $(bone_leg_right_3) { transformation: [-0.96060270482987f,0.003669410563670067f,0.2779010235671196f,-0.15664910618615155f,0.016313900094690664f,0.9989331838859039f,0.04320128233364684f,0.020276685049240906f,-0.277446031035295f,0.04603291819650626f,-0.9596377807824553f,-0.17213131389032793f,0f,0f,0f,1f], start_interpolation: 0, interpolation_duration: 1 }
$data merge entity $(bone_leg_right_2) { transformation: [-0.9861516276325163f,0.07074987964827846f,0.27305973952266843f,-0.13018874872120206f,0.016344097977029064f,1.0055770510509316f,-0.20151889331207534f,0.24842204330574513f,-0.2816026229987047f,-0.18939759351734237f,-0.9679311513691371f,-0.2457561538212511f,0f,0f,0f,1f], start_interpolation: 0, interpolation_duration: 1 }
$data merge entity $(bone_leg_right_1) { transformation: [-0.9503298362500294f,-0.1857377118729083f,-0.249749283725117f,-0.18632852792967602f,-0.3032728558913493f,0.37214684960051503f,0.8772298998620125f,0.29695786000598723f,-0.06999126525858311f,0.9093999256216311f,-0.4099914609682431f,0.021649877052081934f,0f,0f,0f,1f], start_interpolation: 0, interpolation_duration: 1 }
$data merge entity $(bone_leg_right_0) { transformation: [-0.961788773331399f,-0.16494814631230575f,0.21852794906331122f,-0.1570494811029858f,-0.25472891471916786f,0.831706943038784f,-0.4933322824497456f,0.6932921312013801f,-0.10037696697787724f,-0.5301468380828229f,-0.841943462811552f,-0.10629214676101209f,0f,0f,0f,1f], start_interpolation: 0, interpolation_duration: 1 }
$data merge entity $(bone_tail_4) { transformation: [-2.5330090135829533f,0.10122971055307572f,-1.0951160734866663f,-0.09019725468372423f,0.18060231663290396f,2.7506949492153487f,-0.16346691159986057f,0.6675170838898492f,1.08485458561705f,-0.22156528081472696f,-2.529755064428797f,-1.8525052382348948f,0f,0f,0f,1f], start_interpolation: 0, interpolation_duration: 1 }
$data merge entity $(bone_tail_3) { transformation: [-2.0124497483386135f,-0.007266018617013731f,-0.5347324017017788f,0.0005447037720027886f,0.06693470230651719f,2.0623056610496913f,-0.27992969130475726f,0.694801535042528f,0.5305763678146939f,-0.28772919806702957f,-1.9928989318429358f,-1.5117675691466623f,0f,0f,0f,1f], start_interpolation: 0, interpolation_duration: 1 }
$data merge entity $(bone_tail_2) { transformation: [-1.9342687878916536f,-0.0386313668755838f,-0.27547368056540994f,0.050315181491518125f,0.01476435281825153f,1.9182460155601044f,-0.3726769548501987f,0.7645487365801098f,0.2777771500263974f,-0.3709632276707259f,-1.8984203996065008f,-1.1587382341128896f,0f,0f,0f,1f], start_interpolation: 0, interpolation_duration: 1 }
$data merge entity $(bone_tail_1) { transformation: [-1.5108294240008227f,-0.07106043883627558f,-0.0010562223910440267f,0.0528545131996328f,-0.07085958612371947f,1.5079477427016181f,-0.09342790983143125f,0.7662879742985419f,0.005442483598375688f,-0.09327523419156232f,-1.5096113274809482f,-0.8327517254266202f,0f,0f,0f,1f], start_interpolation: 0, interpolation_duration: 1 }
$data merge entity $(bone_tail_0) { transformation: [-1.2771569919305616f,-0.03826088784118647f,0.03523973621512037f,0.04163333985050436f,-0.036746348189781716f,1.2765367213132157f,0.05421643309595609f,0.7812497774766389f,-0.03681630673522866f,0.05315844415083183f,-1.2765792008167247f,-0.4584228045360351f,0f,0f,0f,1f], start_interpolation: 0, interpolation_duration: 1 }
$data merge entity $(bone_body_1) { transformation: [-1.2350883300852158f,-0.05580074884184913f,0.00690567681349835f,0.04378644314868809f,-0.05259081768325477f,1.2001979122528312f,0.2921707931597581f,0.6324823141399417f,-0.01989014426720616f,0.29157476384091324f,-1.2013297358795358f,-0.19877009839650145f,0f,0f,0f,1f], start_interpolation: 0, interpolation_duration: 1 }