# This file was generated by Animated Java via MC-Build. It is not recommended to edit this file directly.
$data merge entity $(bone_head_lower) { transformation: [-0.9981055560231117f,0.034207575791377134f,-0.05113844731972485f,0.00879768067160528f,0.026909843335285313f,0.9901863944621239f,0.13713775757890062f,0.41046146871264305f,0.05532774500614936f,0.1355018301742677f,-0.9892310623165645f,0.8052487588778352f,0f,0f,0f,1f], start_interpolation: 0, interpolation_duration: 1 }
$data merge entity $(bone_head_upper) { transformation: [-1.038927657387142f,0.0621969908084842f,-0.0152577729024163f,0.008819954134801427f,0.02801044471526376f,0.6643381859816917f,0.8008383933209716f,0.48059539132324297f,0.05759062672367379f,0.7989106655718347f,-0.6647533457852246f,0.7773796201229313f,0f,0f,0f,1f], start_interpolation: 0, interpolation_duration: 1 }
$data merge entity $(bone_neck_0) { transformation: [-0.9999400909215475f,0.0060311823278524955f,-0.009134517367409879f,0.008454507358835753f,0.005009465255922226f,0.9941367616139888f,0.10801390866689682f,0.4714414508528394f,0.009732411091657655f,0.10796167860578681f,-0.9941074167950685f,0.7113432053443023f,0f,0f,0f,1f], start_interpolation: 0, interpolation_duration: 1 }
$data merge entity $(bone_neck_1) { transformation: [-0.999970824784608f,-0.0035772088534724734f,-0.00674930784670766f,0.007866272645517286f,-0.004908304926018513f,0.9779250301571545f,0.20889840577391106f,0.49364306598677066f,0.0058530438529207866f,0.2089254387788787f,-0.9779140570155994f,0.6294635429738572f,0f,0f,0f,1f], start_interpolation: 0, interpolation_duration: 1 }
$data merge entity $(bone_neck_2) { transformation: [-0.9999633010992692f,-0.006809870748698466f,-0.00519828000770478f,0.007344191438943313f,-0.00806818368746184f,0.9526094053484893f,0.30408917319362555f,0.5296101996865713f,0.0028811224614474183f,0.3041199541332062f,-0.9526293889185756f,0.5489835882101085f,0f,0f,0f,1f], start_interpolation: 0, interpolation_duration: 1 }
$data merge entity $(bone_body_0) { transformation: [-0.9999934799116759f,-0.0002682656694501104f,-0.0036011342195968773f,0.005644434819667029f,-0.0005937817590628419f,0.9958782080523877f,0.09069863366990574f,0.5818431103947806f,0.0035619597638886042f,0.09070018059461482f,-0.9958718741297722f,0.08049694104766433f,0f,0f,0f,1f], start_interpolation: 0, interpolation_duration: 1 }
$data merge entity $(bone_leg_left_3) { transformation: [-0.9859280696508933f,0.01013192256005431f,-0.16686277481721457f,0.19305378271756896f,0.004602843498541648f,0.999428488652337f,0.03348895193692336f,0.03769593153842646f,0.16710671831554613f,0.03224965449958622f,-0.9854112362249912f,-0.1276072388180895f,0f,0f,0f,1f], start_interpolation: 0, interpolation_duration: 1 }
$data merge entity $(bone_leg_left_2) { transformation: [-1.0096439416390668f,-0.051124881625805293f,-0.17339999161179565f,0.17421147093130213f,0.0036962605796058046f,0.9777863102687312f,-0.3098103752450562f,0.2560477068023851f,0.18074193832630822f,-0.3055853030341975f,-0.9622952633159121f,-0.22829756403179824f,0f,0f,0f,1f], start_interpolation: 0, interpolation_duration: 1 }
$data merge entity $(bone_leg_left_1) { transformation: [-0.9454548680127398f,0.09773372516663428f,0.31074621721923773f,0.2031111804229377f,0.3235181980538439f,0.3932637246070792f,0.860627456241178f,0.31079765124754727f,-0.038092887512063064f,0.914216474295459f,-0.40343174149758354f,0.04222163313231493f,0f,0f,0f,1f], start_interpolation: 0, interpolation_duration: 1 }
$data merge entity $(bone_leg_left_0) { transformation: [-0.9600982613212643f,0.25919184175907256f,-0.10502817609301437f,0.20179224579593533f,0.27873814784013295f,0.8563624099170625f,-0.4346820307071515f,0.7148296515730161f,-0.02272385413035298f,-0.4466128211847266f,-0.8944387147294564f,-0.06296240410196803f,0f,0f,0f,1f], start_interpolation: 0, interpolation_duration: 1 }
$data merge entity $(bone_leg_right_3) { transformation: [-0.9827116511132045f,-0.009879159971782493f,0.1848789143320886f,-0.17630205872859833f,-0.006371577945997608f,0.9997884442563401f,0.019556833229480652f,0.03269762524899733f,-0.18503300721989552f,0.01804075746025019f,-0.9825666986568506f,-0.13159847772035327f,0f,0f,0f,1f], start_interpolation: 0, interpolation_duration: 1 }
$data merge entity $(bone_leg_right_2) { transformation: [-1.0085405154994818f,0.05037612507324865f,0.17991796497109044f,-0.1574345582672707f,-0.006582738790540315f,0.9775203671105472f,-0.31060070659090766f,0.25096746278994686f,-0.18672143863721066f,-0.306558929746566f,-0.960842820885177f,-0.23246159046334242f,0f,0f,0f,1f], start_interpolation: 0, interpolation_duration: 1 }
$data merge entity $(bone_leg_right_1) { transformation: [-0.940905895670014f,-0.11578573593429693f,-0.31826052040358704f,-0.19074930886956967f,-0.337463433064467f,0.39973086969126903f,0.8522521124410346f,0.30764079721281146f,0.028539916568777315f,0.9092903250172713f,-0.41518258392210067f,0.037152293113646984f,0f,0f,0f,1f], start_interpolation: 0, interpolation_duration: 1 }
$data merge entity $(bone_leg_right_0) { transformation: [-0.9577867430689915f,-0.25935601296322547f,0.12401214997375432f,-0.1913090205460928f,-0.2874580136698743f,0.8587294371251668f,-0.42420707701742166f,0.7127633504990312f,0.0035277724223785265f,-0.4419482009857191f,-0.8970336350813286f,-0.06375698349730875f,0f,0f,0f,1f], start_interpolation: 0, interpolation_duration: 1 }
$data merge entity $(bone_tail_4) { transformation: [-2.7584444681038565f,0.032397107803563495f,-0.12488344723460316f,-0.008336393433312312f,0.02372346824339519f,2.7547700768887067f,0.1906314563053389f,0.6469639224110023f,0.12681736884882225f,0.18935042245676117f,-2.7520401712318274f,-1.8271680755649866f,0f,0f,0f,1f], start_interpolation: 0, interpolation_duration: 1 }
$data merge entity $(bone_tail_3) { transformation: [-2.08140532263869f,0.005247914400257882f,-0.06057943818015495f,0.0018842856594048652f,0.010820810079964797f,2.073378632299425f,-0.19217045360258234f,0.6592592921987829f,0.05983576693741778f,-0.19240330704812877f,-2.0725216945731586f,-1.4738621669879701f,0f,0f,0f,1f], start_interpolation: 0, interpolation_duration: 1 }
$data merge entity $(bone_tail_2) { transformation: [-1.9539380935714081f,-0.002471513502645143f,-0.02989470043860354f,0.005996227322754608f,0.0039357482884212645f,1.909564956759789f,-0.41511451528845894f,0.7368854706920158f,0.029737373433405108f,-0.41512581531238013f,-1.9093349944641171f,-1.1189977529966058f,0f,0f,0f,1f], start_interpolation: 0, interpolation_duration: 1 }
$data merge entity $(bone_tail_1) { transformation: [-1.512474150171017f,-0.00859785612107341f,0.0020668658838689092f,0.00710153605741703f,-0.00878553273559277f,1.5012238071240283f,-0.18413621408780734f,0.7581670128114646f,-0.0010047283276630199f,-0.1841450726849902f,-1.5012480916646747f,-0.7936939699622745f,0f,0f,0f,1f], start_interpolation: 0, interpolation_duration: 1 }
$data merge entity $(bone_tail_0) { transformation: [-1.2781991842897695f,-0.004356745853960837f,0.004855989143290429f,0.005577367127741545f,-0.00433148527399389f,1.2781912371762447f,0.0066419895520369735f,0.7870711005410747f,-0.0048785346485326455f,0.006625447566179107f,-1.2781893521416372f,-0.4200174495299973f,0f,0f,0f,1f], start_interpolation: 0, interpolation_duration: 1 }
$data merge entity $(bone_body_1) { transformation: [-1.2363478944414124f,-0.006888318998642285f,0.001014902906393374f,0.005805393586005811f,-0.006498750324250126f,1.2063266457396593f,0.2708106073974498f,0.6428567674927115f,-0.002499041968339236f,0.27080097838842004f,-1.2063437237990526f,-0.1577997995626822f,0f,0f,0f,1f], start_interpolation: 0, interpolation_duration: 1 }