# This file was generated by Animated Java via MC-Build. It is not recommended to edit this file directly.
$data merge entity $(bone_head_lower) { transformation: [-0.9443001404357799f,-0.32894957384007384f,0.009456354657037452f,0.555500774348866f,-0.29714569467400015f,0.8646471187522875f,0.40507998737295525f,0.27499703826319827f,-0.14142729902558335f,0.3797071738903565f,-0.9142323452966028f,0.3505271575651681f,0f,0f,0f,1f], start_interpolation: 0, interpolation_duration: 1 }
$data merge entity $(bone_head_upper) { transformation: [-0.9829216227212115f,-0.315771564050691f,-0.13276048172399516f,0.5389529225145968f,-0.3092988297754607f,0.6447798166966179f,0.7563498955270066f,0.3415201525838003f,-0.14721161662768845f,0.7536705181318714f,-0.7026958322149108f,0.3189629317302763f,0f,0f,0f,1f], start_interpolation: 0, interpolation_duration: 1 }
$data merge entity $(bone_neck_0) { transformation: [-0.9617388348609988f,-0.2728947441866181f,-0.02422544355689693f,0.5421268151483098f,-0.26804696454373494f,0.9555521926436412f,-0.1227633167229499f,0.3181582552717262f,0.05665013962116783f,-0.11157269257864988f,-0.9921402602211302f,0.256602011164375f,0f,0f,0f,1f], start_interpolation: 0, interpolation_duration: 1 }
$data merge entity $(bone_neck_1) { transformation: [-0.931993416931905f,-0.02822958960371244f,-0.36137426729970434f,0.511383621480161f,-0.05834696456149812f,0.9956456078667861f,0.07270113659384708f,0.32890381060338414f,0.3577483787832608f,0.08884207227650587f,-0.9295822629932029f,0.1782634770433678f,0f,0f,0f,1f], start_interpolation: 0, interpolation_duration: 1 }
$data merge entity $(bone_neck_2) { transformation: [-0.8905107534895722f,0.05568623271159784f,-0.45154140608124094f,0.4723704107690406f,-0.08631816641980702f,0.9537753655550774f,0.2878571281142801f,0.36346031089304365f,0.4466987486722531f,0.2953160942899461f,-0.8445404859377521f,0.10716672555723367f,0f,0f,0f,1f], start_interpolation: 0, interpolation_duration: 1 }
$data merge entity $(bone_body_0) { transformation: [-0.8186828919595174f,-0.04756593549810273f,-0.572272491207634f,0.20220740669168596f,-0.09459432781278448f,0.9941202339869393f,0.05269604846096643f,0.3977659988015334f,0.5664011260215225f,0.09727508498039666f,-0.8183686958111287f,-0.27760070511764745f,0f,0f,0f,1f], start_interpolation: 0, interpolation_duration: 1 }
$data merge entity $(bone_leg_left_3) { transformation: [-0.8289463739869021f,-0.078343882202206f,-0.5538141792834973f,0.51146456591625f,-0.08216533607621529f,0.9964565742634262f,-0.017976461127799326f,0.050646637931784144f,0.5532601256203538f,0.030602805895596413f,-0.8324462154817369f,-0.7391327592221262f,0f,0f,0f,1f], start_interpolation: 0, interpolation_duration: 1 }
$data merge entity $(bone_leg_left_2) { transformation: [-0.7740050673058603f,-0.30117187187359884f,-0.6018918996611412f,0.4214599095569904f,-0.5133614917791792f,0.8573750542955008f,0.23114972318983368f,0.25684666216198687f,0.4352451424700804f,0.4756739633032628f,-0.7977205940003427f,-0.652231758611483f,0f,0f,0f,1f], start_interpolation: 0, interpolation_duration: 1 }
$data merge entity $(bone_leg_left_1) { transformation: [-0.899427893017332f,0.41567601299474927f,-0.13506634474654222f,0.5594621734706948f,-0.13091310924721228f,0.03862473783269704f,0.9906411496877072f,0.21740712112430022f,0.4170026655665768f,0.9086922371453076f,0.01967727273341796f,-0.41471695187894575f,0f,0f,0f,1f], start_interpolation: 0, interpolation_duration: 1 }
$data merge entity $(bone_leg_left_0) { transformation: [-0.8800124555342226f,-0.3628836685792726f,-0.3064204973285507f,0.3396027968028694f,-0.18144573187445617f,0.8530927161500201f,-0.48919348323165945f,0.5710847381151154f,0.43892542019023084f,-0.3748976670109183f,-0.8165759087681925f,-0.44440324998744274f,0f,0f,0f,1f], start_interpolation: 0, interpolation_duration: 1 }
$data merge entity $(bone_leg_right_3) { transformation: [-0.7783528269166085f,-0.0022950349458465413f,0.6278229126477637f,-0.16925374311197913f,-0.03291591656335327f,0.9987671914570382f,-0.037156960395241356f,0.05176325609928939f,-0.6269636506749958f,-0.049586591772539546f,-0.7774688100809347f,-0.022034857438171546f,0f,0f,0f,1f], start_interpolation: 0, interpolation_duration: 1 }
$data merge entity $(bone_leg_right_2) { transformation: [-0.8117784253514685f,0.053608558854711615f,0.6246631972928337f,-0.13619339971189692f,-0.4198494050259237f,0.7124832887420178f,-0.6067587987523787f,0.19974185684177598f,-0.46562266346684894f,-0.7359048071466664f,-0.5419426626361487f,-0.20959929831804602f,0f,0f,0f,1f], start_interpolation: 0, interpolation_duration: 1 }
$data merge entity $(bone_leg_right_1) { transformation: [-0.9831267965535836f,0.15756219781281816f,-0.09292930495103689f,-0.10803963714273895f,0.01560977082451194f,0.5784264708202776f,0.8155851598142305f,0.3139375530463117f,0.1822581601824584f,0.8003730203316404f,-0.5711260730977987f,0.04175721001489224f,0f,0f,0f,1f], start_interpolation: 0, interpolation_duration: 1 }
$data merge entity $(bone_leg_right_0) { transformation: [-0.9894911970781215f,-0.08127656443654435f,-0.11958800516062765f,-0.015162539411506332f,0.06484871418011026f,0.48977089563223253f,-0.8694360896930762f,0.5694747311304725f,0.12923550276178913f,-0.868054485539354f,-0.47935330911647483f,-0.27507377631419133f,0f,0f,0f,1f], start_interpolation: 0, interpolation_duration: 1 }
$data merge entity $(bone_tail_4) { transformation: [-2.37740418820343f,1.2653478856700646f,-0.6103321929433884f,-0.31583706649346166f,-0.4791960788141782f,0.397347696968651f,2.690380504196911f,1.9199755505876213f,1.3205990214905896f,2.422121150467913f,-0.1225099526327922f,-1.285155254047628f,0f,0f,0f,1f], start_interpolation: 0, interpolation_duration: 1 }
$data merge entity $(bone_tail_3) { transformation: [-1.8089764390580718f,0.8165411147540069f,-0.6299288665345527f,-0.2170149050456748f,-0.3428937379929233f,0.723315506543727f,1.9222861619652463f,1.5869486438458114f,0.9726117691157469f,1.7737025714459906f,-0.4939140215339715f,-1.2187627602886566f,0f,0f,0f,1f], start_interpolation: 0, interpolation_duration: 1 }
$data merge entity $(bone_tail_2) { transformation: [-1.7854837717147691f,0.7380430848417843f,-0.2934518373825624f,-0.16360749697512872f,0.08115471931476978f,0.8877642178697179f,1.7389831741583603f,1.2639467254545385f,0.7900857469154343f,1.5766867074311777f,-0.8417822842835835f,-1.0613178700956616f,0f,0f,0f,1f], start_interpolation: 0, interpolation_duration: 1 }
$data merge entity $(bone_tail_1) { transformation: [-1.3734852695699864f,0.5462820399234172f,-0.3205782231084514f,-0.09998818442574066f,0.025055741994873856f,0.8117717344657112f,1.2759526287898066f,0.9794289471755507f,0.6329033686648762f,1.1533684727699305f,-0.7462109232335117f,-0.9154450010871984f,0f,0f,0f,1f], start_interpolation: 0, interpolation_duration: 1 }
$data merge entity $(bone_tail_0) { transformation: [-1.1592621059638495f,0.35306845327172426f,-0.40655842577002466f,0.027337807594919897f,0.0019118006020876423f,0.9677826090399464f,0.8350023252915646f,0.7587761787752397f,0.538463955412752f,0.7566869931009614f,-0.8782465939456338f,-0.6405407289232056f,0f,0f,0f,1f], start_interpolation: 0, interpolation_duration: 1 }
$data merge entity $(bone_body_1) { transformation: [-1.1157770630731472f,0.2800887705040823f,-0.4529861159170595f,0.11378476787905625f,-0.005063653862074295f,1.0459575702921278f,0.659205366797331f,0.5350675f,0.5325603252080249f,0.5967643059385759f,-0.94279184247013f,-0.4615511428984851f,0f,0f,0f,1f], start_interpolation: 0, interpolation_duration: 1 }