# This file was generated by Animated Java via MC-Build. It is not recommended to edit this file directly.
$data merge entity $(bone_head_lower) { transformation: [-0.9453870495743997f,-0.32583259545133453f,0.008743353959362571f,0.5556305656225163f,-0.2900291879904073f,0.8531411683191651f,0.4336279707683019f,0.26627945759594474f,-0.14874944238764998f,0.4074104400484323f,-0.9010495750672689f,0.34791077918224744f,0f,0f,0f,1f], start_interpolation: 0, interpolation_duration: 1 }
$data merge entity $(bone_head_upper) { transformation: [-0.9840529859907221f,-0.3153769717863663f,-0.12509607912765533f,0.5396195867686621f,-0.30189126093372f,0.6387713104241818f,0.7643983399604748f,0.3332247905730885f,-0.15483323260237056f,0.7589338055649797f,-0.6953546515527631f,0.31696845476216484f,0f,0f,0f,1f], start_interpolation: 0, interpolation_duration: 1 }
$data merge entity $(bone_neck_0) { transformation: [-0.9641504429143183f,-0.2644129872354727f,-0.02235387235665487f,0.5427776031376196f,-0.2603834716893244f,0.958951644887922f,-0.11230400900129925f,0.3104815559594721f,0.051130921164581566f,-0.10245738112973024f,-0.9934224247282213f,0.25437845183661545f,0f,0f,0f,1f], start_interpolation: 0, interpolation_duration: 1 }
$data merge entity $(bone_neck_1) { transformation: [-0.9322472986462113f,-0.020673376196160373f,-0.3612306544072552f,0.5120813858970223f,-0.05412918383722548f,0.9950997141608848f,0.082744125676942f,0.3220753694166335f,0.357749920508667f,0.09669110814122353f,-0.9287980533907597f,0.1761425100887855f,0f,0f,0f,1f], start_interpolation: 0, interpolation_duration: 1 }
$data merge entity $(bone_neck_2) { transformation: [-0.8903222610287287f,0.06302222146629337f,-0.45094841292341376f,0.4731919497488778f,-0.08296219516416276f,0.9513446839687446f,0.2967500066688339f,0.35738715467235493f,0.4477092200192391f,0.3016148071396083f,-0.8417748882117483f,0.10534971404092597f,0f,0f,0f,1f], start_interpolation: 0, interpolation_duration: 1 }
$data merge entity $(bone_body_0) { transformation: [-0.8180611470549877f,-0.03978696626393155f,-0.5737533938850301f,0.20240510619871843f,-0.09273931234096976f,0.993674878822579f,0.06332183780858702f,0.3966964946890338f,0.5676049503180902f,0.10501063047351794f,-0.8165766270607753f,-0.2784994306119176f,0f,0f,0f,1f], start_interpolation: 0, interpolation_duration: 1 }
$data merge entity $(bone_leg_left_3) { transformation: [-0.8303422428930246f,-0.08263378305322205f,-0.5510929300632461f,0.5129931742592444f,-0.08854325504290987f,0.9959449828229613f,-0.015927434701714455f,0.05131821694056421f,0.5501743829494311f,0.03557034000518078f,-0.8342918549633145f,-0.742551883878695f,0f,0f,0f,1f], start_interpolation: 0, interpolation_duration: 1 }
$data merge entity $(bone_leg_left_2) { transformation: [-0.7719649976175668f,-0.3088573337496885f,-0.6006158417349957f,0.42123964872081765f,-0.5178064866315726f,0.8562847842237129f,0.22519993385858456f,0.25707332979131065f,0.43359968214503025f,0.47270044975298814f,-0.8003797848195225f,-0.6564287385978735f,0f,0f,0f,1f], start_interpolation: 0, interpolation_duration: 1 }
$data merge entity $(bone_leg_left_1) { transformation: [-0.8984685758431127f,0.41686120028698925f,-0.13777139731358987f,0.5596882514278321f,-0.13561509749416076f,0.034946330051274566f,0.9901450900487245f,0.2167544324873633f,0.41756767541812634f,0.9082981304127173f,0.025134492926341068f,-0.4193216813675274f,0f,0f,0f,1f], start_interpolation: 0, interpolation_duration: 1 }
$data merge entity $(bone_leg_left_0) { transformation: [-0.8789937374670818f,-0.36389708268092064f,-0.30813783070237544f,0.33968922919766f,-0.18637680928522352f,0.8570037780773346f,-0.4804250298660907f,0.5706804884857036f,0.43890055189565436f,-0.36486084686835024f,-0.8211229310938772f,-0.4446999332316918f,0f,0f,0f,1f], start_interpolation: 0, interpolation_duration: 1 }
$data merge entity $(bone_leg_right_3) { transformation: [-0.7762164218132236f,-0.0018212998121006074f,0.6304639159971567f,-0.16846097884343547f,-0.03985655064412255f,0.9981373614128946f,-0.046187261473878916f,0.05600392903560458f,-0.6292054687287991f,-0.06097942783183852f,-0.7748432018822087f,-0.016161781606256698f,0f,0f,0f,1f], start_interpolation: 0, interpolation_duration: 1 }
$data merge entity $(bone_leg_right_2) { transformation: [-0.8092120890996917f,0.05365085654051527f,0.6279805569825198f,-0.13529223599923446f,-0.42657093058819134f,0.7057175078292462f,-0.6099690482484301f,0.2023166526110321f,-0.46397762395694375f,-0.7423924731814301f,-0.5344533466370309f,-0.20500958668773328f,0f,0f,0f,1f], start_interpolation: 0, interpolation_duration: 1 }
$data merge entity $(bone_leg_right_1) { transformation: [-0.9829868977289435f,0.15636352767483747f,-0.09637015153203565f,-0.10727883887611306f,0.012913829363443086f,0.5822120844139903f,0.8129343895871843f,0.3176276772818484f,0.18322115572280134f,0.7978593459848651f,-0.5743261025934691f,0.045852931099907346f,0f,0f,0f,1f], start_interpolation: 0, interpolation_duration: 1 }
$data merge entity $(bone_leg_right_0) { transformation: [-0.989477207994283f,-0.0819973971599392f,-0.11921108052036698f,-0.0147170741101115f,0.06601466646769294f,0.47731503022811655f,-0.8762490660363018f,0.5686933248172095f,0.12875138318090978f,-0.8748981590890034f,-0.4668793126190913f,-0.2746242738546826f,0f,0f,0f,1f], start_interpolation: 0, interpolation_duration: 1 }
$data merge entity $(bone_tail_4) { transformation: [-2.3623628620539834f,1.27254880338576f,-0.6523209199386295f,-0.3160350493768585f,-0.5122818193655979f,0.4229764115217248f,2.6803581149621922f,1.9186951637796765f,1.3350918983858684f,2.4139949937598617f,-0.12577410133545747f,-1.2878191576918805f,0f,0f,0f,1f], start_interpolation: 0, interpolation_duration: 1 }
$data merge entity $(bone_tail_3) { transformation: [-1.8018782162233644f,0.8123321905070854f,-0.6552074726451994f,-0.2128853828535086f,-0.3638332793327861f,0.7363259716168106f,1.91347718419033f,1.587034616525618f,0.9781644875960793f,1.7702785096794695f,-0.49523101621099896f,-1.2211698431715816f,0f,0f,0f,1f], start_interpolation: 0, interpolation_duration: 1 }
$data merge entity $(bone_tail_2) { transformation: [-1.7883130992596488f,0.7374120879922835f,-0.2773689717722329f,-0.16246998665240442f,0.10022222522351605f,0.8953163142470866f,1.7341101689388236f,1.2649544755763817f,0.7814509834854468f,1.5727065794129078f,-0.857147741339703f,-1.06087588008767f,0f,0f,0f,1f], start_interpolation: 0, interpolation_duration: 1 }
$data merge entity $(bone_tail_1) { transformation: [-1.3740226362583712f,0.5474636178614505f,-0.31623034668995204f,-0.09980021878353199f,0.031032965774076667f,0.8140117355621066f,1.2743932279333692f,0.9807391707924291f,0.6314705061084489f,1.1512274890243108f,-0.7507173359060786f,-0.9140057411190743f,0f,0f,0f,1f], start_interpolation: 0, interpolation_duration: 1 }
$data merge entity $(bone_tail_0) { transformation: [-1.1594301925421522f,0.35356073179506714f,-0.4056502855147912f,0.02727227310509156f,0.0024467445519889075f,0.9670359334975894f,0.835865559375173f,0.7598161267185382f,0.5380997664437259f,0.7574113999940918f,-0.8778452762851918f,-0.6392012620742041f,0f,0f,0f,1f], start_interpolation: 0, interpolation_duration: 1 }
$data merge entity $(bone_body_1) { transformation: [-1.1146478640190562f,0.2828293230292829f,-0.45406200934322055f,0.11378476787905625f,-0.006249854243195268f,1.0424761235777484f,0.6646871942113071f,0.5350675f,0.5349071635489135f,0.6015444296653064f,-0.9384152708577088f,-0.4615511428984851f,0f,0f,0f,1f], start_interpolation: 0, interpolation_duration: 1 }