# This file was generated by Animated Java via MC-Build. It is not recommended to edit this file directly.
$data merge entity $(bone_head_lower) { transformation: [-0.9498423664817534f,-0.31272416547781906f,0.0017536141377054726f,0.5558544197337f,-0.2760568600729909f,0.8410805614944117f,0.4651624437579692f,0.2557582614680558f,-0.14694246779941958f,0.4413468991648705f,-0.8852236021224074f,0.34557273706088854f,0f,0f,0f,1f], start_interpolation: 0, interpolation_duration: 1 }
$data merge entity $(bone_head_upper) { transformation: [-0.9886905235032044f,-0.3033482492305402f,-0.11807976544367153f,0.5405957892217035f,-0.2873474706262846f,0.6358946396661509f,0.7723609136615079f,0.3231924332255416f,-0.1529523535063876f,0.7662178472967914f,-0.6877410345647809f,0.31531942044804184f,0f,0f,0f,1f], start_interpolation: 0, interpolation_duration: 1 }
$data merge entity $(bone_neck_0) { transformation: [-0.9677605592254986f,-0.2502945248306621f,-0.028145174494804304f,0.5431513265376027f,-0.246452505809139f,0.9640625397417296f,-0.09921986619181682f,0.30120778296899886f,0.051967897667178076f,-0.08908462441139187f,-0.9946674154236355f,0.2524315787262795f,0f,0f,0f,1f], start_interpolation: 0, interpolation_duration: 1 }
$data merge entity $(bone_neck_1) { transformation: [-0.9319241288587113f,-0.009364699295144774f,-0.3625323716001691f,0.5123969344266258f,-0.0472418878534159f,0.9942831437327844f,0.09575611792933356f,0.3139001211144452f,0.3595630988894397f,0.10636415042655425f,-0.9270388586359583f,0.17438922636029064f,0f,0f,0f,1f], start_interpolation: 0, interpolation_duration: 1 }
$data merge entity $(bone_neck_2) { transformation: [-0.89016355305272f,0.07353834861966435f,-0.4496676106846585f,0.47372266561802395f,-0.07659075249928778f,0.9486974404128259f,0.3067686802555722f,0.35006369914747715f,0.44915777344731533f,0.3075146790584887f,-0.8388635268715673f,0.10390925083454677f,0f,0f,0f,1f], start_interpolation: 0, interpolation_duration: 1 }
$data merge entity $(bone_body_0) { transformation: [-0.8181123342986552f,-0.027735919363611167f,-0.5743891775142185f,0.20275098091315086f,-0.08829278264758703f,0.993051257682639f,0.07780478229051702f,0.39619285581656344f,0.5682399079620782f,0.11436747086468269f,-0.8148763640008615f,-0.27904943061336956f,0f,0f,0f,1f], start_interpolation: 0, interpolation_duration: 1 }
$data merge entity $(bone_leg_left_3) { transformation: [-0.8320766049859781f,-0.0807360922333481f,-0.5487533205784696f,0.5110292958561614f,-0.0951512956759017f,0.9954604348989132f,-0.002180248165724097f,0.052008526141693795f,0.5464382438722653f,0.050400455967732155f,-0.8359814828523652f,-0.7478432455998106f,0f,0f,0f,1f], start_interpolation: 0, interpolation_duration: 1 }
$data merge entity $(bone_leg_left_2) { transformation: [-0.7720900136084115f,-0.3129911490289575f,-0.5983107478696919f,0.41838322775632975f,-0.5190505741524629f,0.8564205363275922f,0.2217939718050348f,0.25768809307717633f,0.43188622559518575f,0.4697260958117897f,-0.8030528516575056f,-0.6624986858617152f,0f,0f,0f,1f], start_interpolation: 0, interpolation_duration: 1 }
$data merge entity $(bone_leg_left_1) { transformation: [-0.8974218193299557f,0.4201702798519769f,-0.13450284056340095f,0.5575366051692904f,-0.13633538616794807f,0.02582599650874423f,0.9903260475130233f,0.21489623385394968f,0.4195792424190557f,0.9070776999978787f,0.034107264587027675f,-0.4262391252116723f,0f,0f,0f,1f], start_interpolation: 0, interpolation_duration: 1 }
$data merge entity $(bone_leg_left_0) { transformation: [-0.8781807881179537f,-0.35997003575974074f,-0.3149921851977607f,0.3397319826787015f,-0.1875483489443176f,0.8649215153911567f,-0.4655495559247432f,0.570583872791548f,0.44002740845178023f,-0.3497604116657518f,-0.8270692439225471f,-0.44507336247209467f,0f,0f,0f,1f], start_interpolation: 0, interpolation_duration: 1 }
$data merge entity $(bone_leg_right_3) { transformation: [-0.7818826334394631f,0.0010776089810040634f,0.6234247238317181f,-0.16514187055864482f,-0.04620945626772591f,0.9971475270596286f,-0.05967826597939546f,0.05760401074020252f,-0.6217107315120195f,-0.07546951727519119f,-0.7796025386599492f,-0.011633842448376286f,0f,0f,0f,1f], start_interpolation: 0, interpolation_duration: 1 }
$data merge entity $(bone_leg_right_2) { transformation: [-0.8134129938163768f,0.04936206395260491f,0.6228843292568147f,-0.1331238181106895f,-0.42725317849638944f,0.7021599892138117f,-0.6135864002018668f,0.20297674793828463f,-0.4559344497360394f,-0.7460542444690544f,-0.5362732898012877f,-0.20140392350172065f,0f,0f,0f,1f], start_interpolation: 0, interpolation_duration: 1 }
$data merge entity $(bone_leg_right_1) { transformation: [-0.982592493268481f,0.15393126423402279f,-0.1040055674651369f,-0.10535838231659009f,0.006448236763768406f,0.5877724455718649f,0.8090006010313633f,0.319878216050085f,0.18566209202491527f,0.7942472650993415f,-0.5785333780060984f,0.04874905566949572f,0f,0f,0f,1f], start_interpolation: 0, interpolation_duration: 1 }
$data merge entity $(bone_leg_right_0) { transformation: [-0.9894875686126547f,-0.08537172142723304f,-0.11673054759388136f,-0.014322213119636912f,0.06350882142391887f,0.4686528043441136f,-0.8810965773294902f,0.5682287785958744f,0.12992683003275837f,-0.8792475295165454f,-0.45830426648318445f,-0.27427059163634027f,0f,0f,0f,1f], start_interpolation: 0, interpolation_duration: 1 }
$data merge entity $(bone_tail_4) { transformation: [-2.323519022325303f,1.2824474129200398f,-0.7630526309417719f,-0.33049964440513235f,-0.5872635388920182f,0.5122814214308152f,2.6492169810615454f,1.9048212194546168f,1.3718754390907673f,2.3913506037282612f,-0.1583079317911572f,-1.305225544667928f,0f,0f,0f,1f], start_interpolation: 0, interpolation_duration: 1 }
$data merge entity $(bone_tail_3) { transformation: [-1.777764967952054f,0.8002198311648008f,-0.7315363740631442f,-0.21428888792411363f,-0.4176449936434707f,0.7911078049629737f,1.8803368385094348f,1.5782439669089463f,1.0005348090153685f,1.7520679749318195f,-0.5149110925308724f,-1.2350610120848888f,0f,0f,0f,1f], start_interpolation: 0, interpolation_duration: 1 }
$data merge entity $(bone_tail_2) { transformation: [-1.7915163418641697f,0.7304165944338469f,-0.2751993285094648f,-0.16428085688638788f,0.11800097472791823f,0.9345193913410271f,1.7121691365556249f,1.2602650908504185f,0.7715690777886711f,1.5530418477253063f,-0.9008418576071396f,-1.0666563946261447f,0f,0f,0f,1f], start_interpolation: 0, interpolation_duration: 1 }
$data merge entity $(bone_tail_1) { transformation: [-1.3746484428680394f,0.5434834301375054f,-0.3203492932510469f,-0.10067548611154548f,0.036783012807262455f,0.8357713910601389f,1.2600751730965185f,0.9788593889776188f,0.6297975218189531f,1.137439314008168f,-0.7728150739079391f,-0.9148609244667887f,0f,0f,0f,1f], start_interpolation: 0, interpolation_duration: 1 }
$data merge entity $(bone_tail_0) { transformation: [-1.159598319284157f,0.35049690822397495f,-0.40782272107230594f,0.026957906418590777f,0.0029487096260973782f,0.9735252359988114f,0.8282968287812211f,0.7603047023259786f,0.5377348413567101f,0.7504906720159291f,-0.8839913507451191f,-0.6384274291109747f,0f,0f,0f,1f], start_interpolation: 0, interpolation_duration: 1 }
$data merge entity $(bone_body_1) { transformation: [-1.1135404461214866f,0.2843184958754404f,-0.4558456567863048f,0.11378476787905625f,-0.00740703731923066f,1.0408177290968927f,0.6672692002872521f,0.5350675f,0.5371940112342671f,0.6037102307870593f,-0.9357142440902155f,-0.4615511428984851f,0f,0f,0f,1f], start_interpolation: 0, interpolation_duration: 1 }