# This file was generated by Animated Java via MC-Build. It is not recommended to edit this file directly.
$data merge entity $(bone_head_lower) { transformation: [-0.9553463394364323f,-0.2954879071802944f,0.0005181077287154529f,0.5561398460787534f,-0.27087771904992564f,0.8764766489086426f,0.39801249382423304f,0.2632303355137724f,-0.11806198815757063f,0.3800994351851705f,-0.9173798484402171f,0.3498359655101304f,0f,0f,0f,1f], start_interpolation: 0, interpolation_duration: 1 }
$data merge entity $(bone_head_upper) { transformation: [-0.9944196066584078f,-0.27872771568693244f,-0.13004787189642553f,0.5406072349396184f,-0.28195650489335133f,0.6502556789627834f,0.7623254055247549f,0.33029683263035536f,-0.12289067428072022f,0.7635118565340694f,-0.6967205104561193f,0.3189121971836692f,0f,0f,0f,1f], start_interpolation: 0, interpolation_duration: 1 }
$data merge entity $(bone_neck_0) { transformation: [-0.9672318919112415f,-0.2494344616082205f,-0.047380551200017884f,0.5419048454670825f,-0.2433646919445375f,0.9640167489567097f,-0.10698286987025604f,0.30780995752077644f,0.07236085947900786f,-0.091946490379747f,-0.9931312848371588f,0.25616354852075296f,0f,0f,0f,1f], start_interpolation: 0, interpolation_duration: 1 }
$data merge entity $(bone_neck_1) { transformation: [-0.9305068562414985f,-0.011338699029732516f,-0.3660989270564394f,0.5108392253278919f,-0.0471643201119393f,0.9949087221513069f,0.08906268295774658f,0.3199381558343722f,0.3632251607418483f,0.10014024411577363f,-0.9263041693269503f,0.17815476122364876f,0f,0f,0f,1f], start_interpolation: 0, interpolation_duration: 1 }
$data merge entity $(bone_neck_2) { transformation: [-0.8906265913017779f,0.07065962419785972f,-0.4492120795063206f,0.47217667995570406f,-0.0746201665377205f,0.9517534476772684f,0.29765282726746606f,0.35533303699787205f,0.4485711823245654f,0.2986178031240777f,-0.8423842959393835f,0.10727923394585087f,0f,0f,0f,1f], start_interpolation: 0, interpolation_duration: 1 }
$data merge entity $(bone_body_0) { transformation: [-0.8204704510881613f,-0.028930160937834876f,-0.5709564647845752f,0.2028114432438427f,-0.08524826711235241f,0.9937439861465946f,0.07215000313110059f,0.398803716559077f,0.5652972420289435f,0.10786999483446635f,-0.8178038226670759f,-0.2771210443745151f,0f,0f,0f,1f], start_interpolation: 0, interpolation_duration: 1 }
$data merge entity $(bone_leg_left_3) { transformation: [-0.8312663105722135f,-0.06166302925151422f,-0.5524436548021773f,0.5016723332091078f,-0.08720221934510386f,0.9959889835548501f,0.020042893470375245f,0.05102249616570137f,0.5489918886913984f,0.06483529487018094f,-0.8333092407324832f,-0.7473128754505034f,0f,0f,0f,1f], start_interpolation: 0, interpolation_duration: 1 }
$data merge entity $(bone_leg_left_2) { transformation: [-0.7793955488526436f,-0.29538802817112914f,-0.5977881654420342f,0.41313434351165523f,-0.5063302273101888f,0.8605203561839638f,0.23493960288919136f,0.25808371810843256f,0.4338599760768366f,0.47361675319491237f,-0.7996967498698555f,-0.6609546285140793f,0f,0f,0f,1f], start_interpolation: 0, interpolation_duration: 1 }
$data merge entity $(bone_leg_left_1) { transformation: [-0.8984740481722081f,0.42282091398319466f,-0.11818146834195517f,0.5521631468033079f,-0.12161419817199855f,0.01895758099250855f,0.9923963910282495f,0.2130229401114883f,0.4218463838460947f,0.9060149473498371f,0.03438813188652612f,-0.4250438322342849f,0f,0f,0f,1f], start_interpolation: 0, interpolation_duration: 1 }
$data merge entity $(bone_leg_left_0) { transformation: [-0.879940282735436f,-0.3480302435461009f,-0.3233883863046454f,0.3395253916890665f,-0.1730224475300079f,0.8687127967901851f,-0.46411346602280357f,0.571771260915048f,0.4424571521291149f,-0.3524386844122194f,-0.8246324285762578f,-0.4448454984534467f,0f,0f,0f,1f], start_interpolation: 0, interpolation_duration: 1 }
$data merge entity $(bone_leg_right_3) { transformation: [-0.8006692951335052f,0.005531397804955818f,0.599081032472853f,-0.16082446841488937f,-0.03592809749539995f,0.9977143495867232f,-0.057229786292658735f,0.04631162996676452f,-0.5980283033776727f,-0.06734597439391343f,-0.7986405124285629f,-0.02214647581754567f,0f,0f,0f,1f], start_interpolation: 0, interpolation_duration: 1 }
$data merge entity $(bone_leg_right_2) { transformation: [-0.8308255433635221f,0.0407560541643342f,0.600108373582936f,-0.13148932994881019f,-0.40552429865131234f,0.7178360384160507f,-0.6101833041432763f,0.19540989267207265f,-0.4442309750555047f,-0.731513886061501f,-0.565339256377206f,-0.20944364551172584f,0f,0f,0f,1f], start_interpolation: 0, interpolation_duration: 1 }
$data merge entity $(bone_leg_right_1) { transformation: [-0.9822929257068067f,0.15278073297230269f,-0.10843733553904628f,-0.10379544710968786f,0.0018584444304749377f,0.5867081143868109f,0.8097963538427251f,0.31188860293326404f,0.18734234516163334f,0.7952557048805873f,-0.5766031647192206f,0.04091438725125163f,0f,0f,0f,1f], start_interpolation: 0, interpolation_duration: 1 }
$data merge entity $(bone_leg_right_0) { transformation: [-0.9894763498830211f,-0.09035860305207749f,-0.11301272440150252f,-0.015021248221355865f,0.05412139023602214f,0.4932286220557936f,-0.868214490494062f,0.5699312772738052f,0.13419175884193882f,-0.8651941107285812f,-0.4831477233926357f,-0.275060925701152f,0f,0f,0f,1f], start_interpolation: 0, interpolation_duration: 1 }
$data merge entity $(bone_tail_4) { transformation: [-2.2682891475264535f,1.2850516459554544f,-0.910586592280434f,-0.3677568756641119f,-0.6897174342357544f,0.6248479279681679f,2.5999069713020755f,1.8767675668344157f,1.4159150877524265f,2.363021088721187f,-0.19229438404168647f,-1.3296980952453212f,0f,0f,0f,1f], start_interpolation: 0, interpolation_duration: 1 }
$data merge entity $(bone_tail_3) { transformation: [-1.7320035419716533f,0.7840188992229759f,-0.8493666006520891f,-0.23140792822900724f,-0.5020707442393963f,0.8679459546370711f,1.8249767981134677f,1.5588254097404912f,1.0411696424795482f,1.722768037646038f,-0.5328992307075255f,-1.2561967162748089f,0f,0f,0f,1f], start_interpolation: 0, interpolation_duration: 1 }
$data merge entity $(bone_tail_2) { transformation: [-1.7887987108413137f,0.7161183864472661f,-0.32580286015840176f,-0.1719942039438954f,0.09067808272205752f,0.9915160065636367f,1.68150152216545f,1.246540934948306f,0.7815052990281529f,1.524088035620987f,-0.9408395199345393f,-1.0803561631038117f,0f,0f,0f,1f], start_interpolation: 0, interpolation_duration: 1 }
$data merge entity $(bone_tail_1) { transformation: [-1.3741509022238092f,0.530205838557016f,-0.3438710756628754f,-0.10316537852293678f,0.02839353745039102f,0.8739798261787065f,1.2341026377346787f,0.9702651893303715f,0.6313155747710844f,1.1147633301255875f,-0.8039898089271813f,-0.9215764976133792f,0f,0f,0f,1f], start_interpolation: 0, interpolation_duration: 1 }
$data merge entity $(bone_tail_0) { transformation: [-1.159394162115004f,0.3420660273268222f,-0.4154897428174627f,0.02650504378495444f,0.0021072305040348103f,0.9896900651784031f,0.8089158491776502f,0.75776416149799f,0.5381788299601523f,0.7330348725811358f,-0.8982533824855361f,-0.6413965446376966f,0f,0f,0f,1f], start_interpolation: 0, interpolation_duration: 1 }
$data merge entity $(bone_body_1) { transformation: [-1.1150892384893423f,0.27799314931879404f,-0.45596095687386157f,0.11378476787905625f,-0.005786956429384605f,1.0492862703425043f,0.6538879331064702f,0.5350675f,0.533991663227801f,0.5918806694417262f,-0.9450580785330978f,-0.4615511428984851f,0f,0f,0f,1f], start_interpolation: 0, interpolation_duration: 1 }