# This file was generated by Animated Java via MC-Build. It is not recommended to edit this file directly.
$data merge entity $(bone_head_lower) { transformation: [-0.9118333041441254f,-0.40639758279586735f,-0.05831835175382866f,0.4752322050815312f,-0.3996396299031171f,0.9111229327706207f,-0.10071329401009083f,0.6053720119027929f,0.0940648269254075f,-0.06852741113699978f,-0.9932048138517824f,0.42370589925700086f,0f,0f,0f,1f], start_interpolation: 0, interpolation_duration: 1 }
$data merge entity $(bone_head_upper) { transformation: [-0.9491269063530768f,-0.3137460299896484f,-0.2901611395171307f,0.4478895402532264f,-0.41598472424964217f,0.8402021328350413f,0.45220463039856684f,0.6552831910230279f,0.09791203915297879f,0.528295132694491f,-0.8915096342405521f,0.37414069603224176f,0f,0f,0f,1f], start_interpolation: 0, interpolation_duration: 1 }
$data merge entity $(bone_neck_0) { transformation: [-0.8985961589319008f,-0.4350516033203646f,-0.0570530069427915f,0.4515524479774181f,-0.3765854232605615f,0.8314152678059665f,-0.4085732143041161f,0.6154903363761199f,0.22518517300323734f,-0.34565699024829993f,-0.9109406583043643f,0.32077546315210714f,0f,0f,0f,1f], start_interpolation: 0, interpolation_duration: 1 }
$data merge entity $(bone_neck_1) { transformation: [-0.9247051691596961f,-0.21689280281035317f,-0.3128543786147271f,0.4240503778640845f,-0.14976365864425967f,0.9628184111172993f,-0.22483672689986678f,0.6008792986933766f,0.3499874236009396f,-0.1610534672170356f,-0.9228058214047783f,0.24185974506093105f,0f,0f,0f,1f], start_interpolation: 0, interpolation_duration: 1 }
$data merge entity $(bone_neck_2) { transformation: [-0.8999450837854366f,-0.149217079061687f,-0.409674394472881f,0.38669889988561323f,-0.15442747442114746f,0.9877903818971475f,-0.02055034246414225f,0.6087500197737111f,0.40773888864606644f,0.044770802402748056f,-0.9120003146588737f,0.16240001163172815f,0f,0f,0f,1f], start_interpolation: 0, interpolation_duration: 1 }
$data merge entity $(bone_body_0) { transformation: [-0.8502457777525328f,-0.23434980626206087f,-0.4713409442419839f,0.16232520555100322f,-0.12573861484121082f,0.9599278975284244f,-0.25045604860827864f,0.49985553640864183f,0.5111476480937813f,-0.1536834403948365f,-0.8456414618481064f,-0.23761166505586376f,0f,0f,0f,1f], start_interpolation: 0, interpolation_duration: 1 }
$data merge entity $(bone_leg_left_3) { transformation: [-0.8379752721470602f,-0.023920297771391874f,-0.5451836962204467f,0.4620623526057408f,0.0018401062918391702f,0.9989093140827614f,-0.04665614908607765f,0.10567314886737825f,0.5457051010196764f,-0.04009989517736304f,-0.8370172884283031f,-0.6294694157765619f,0f,0f,0f,1f], start_interpolation: 0, interpolation_duration: 1 }
$data merge entity $(bone_leg_left_2) { transformation: [-0.8157329944986998f,-0.2351736553038155f,-0.5756172626302313f,0.3881890528755393f,-0.4253910042547368f,0.9036071926652389f,0.2336637206831369f,0.32286398671270916f,0.45352439260311583f,0.4245581146502592f,-0.8161667918380938f,-0.5550251573745157f,0f,0f,0f,1f], start_interpolation: 0, interpolation_duration: 1 }
$data merge entity $(bone_leg_left_1) { transformation: [-0.9276706384686919f,0.3583783587907867f,-0.10484339976131923f,0.5095848949551282f,-0.04738637984319147f,0.1655201849228135f,0.9850673070346385f,0.3165301018588075f,0.3703805037099638f,0.9187861668165991f,-0.13656596258956238f,-0.30555308060396685f,0f,0f,0f,1f], start_interpolation: 0, interpolation_duration: 1 }
$data merge entity $(bone_leg_left_0) { transformation: [-0.9097087513195659f,-0.33457786040477383f,-0.24594235727007235f,0.29246304457361555f,-0.09219824040686234f,0.7402417549223653f,-0.665989210674869f,0.6506683488526559f,0.4048820473156037f,-0.5831807606535216f,-0.704251892553442f,-0.4301203818801806f,0f,0f,0f,1f], start_interpolation: 0, interpolation_duration: 1 }
$data merge entity $(bone_leg_right_3) { transformation: [-0.8752220745296255f,-0.05707589903076957f,0.48034223425167144f,-0.16046840131566079f,-0.04667012973531011f,0.9983454338697972f,0.03359008278964698f,0.01395225027000982f,-0.48146466043370956f,0.0069811475529028555f,-0.8764377013412286f,-0.1003197140439478f,0f,0f,0f,1f], start_interpolation: 0, interpolation_duration: 1 }
$data merge entity $(bone_leg_right_2) { transformation: [-0.886545264496693f,-0.024774144518054392f,0.5152532729275778f,-0.14894421733898583f,-0.3494973199597871f,0.7823844706137815f,-0.5637272061769002f,0.17944544127259185f,-0.37940916810233877f,-0.6628144396484472f,-0.684680875484411f,-0.2753918962473756f,0f,0f,0f,1f], start_interpolation: 0, interpolation_duration: 1 }
$data merge entity $(bone_leg_right_1) { transformation: [-0.9845353491590877f,0.09715145325280142f,-0.1457797701571164f,-0.13442722795121498f,-0.05051312224968549f,0.6393705794031102f,0.767237698939722f,0.3114450365551148f,0.16774555355293724f,0.7627364271651118f,-0.6245755133997957f,-0.031714343887435936f,0f,0f,0f,1f], start_interpolation: 0, interpolation_duration: 1 }
$data merge entity $(bone_leg_right_0) { transformation: [-0.9894619486525249f,-0.1436010084319775f,-0.018541913225640985f,-0.07424991677756827f,-0.07867743542836761f,0.6407285273598603f,-0.7637256152452135f,0.6343361864176214f,0.12155210127004451f,-0.7542186053158486f,-0.6452746563071053f,-0.28944923699434827f,0f,0f,0f,1f], start_interpolation: 0, interpolation_duration: 1 }
$data merge entity $(bone_tail_4) { transformation: [-1.949419573307511f,1.1213305233794502f,-1.602511315449326f,-0.678383893943335f,-1.1447671565195328f,1.1803753324680641f,2.218531848645651f,1.602382159107949f,1.5858539706289934f,2.2304692921980505f,-0.368422654029011f,-1.504407245397288f,0f,0f,0f,1f], start_interpolation: 0, interpolation_duration: 1 }
$data merge entity $(bone_tail_3) { transformation: [-1.3997851061278617f,0.5686706282588632f,-1.4328855150578936f,-0.4409843501638296f,-0.8810894686139883f,1.2930555472887633f,1.373912015366239f,1.3567638893601686f,1.2650013956532125f,1.5298910399848316f,-0.6286098955743528f,-1.4127894217265908f,0f,0f,0f,1f], start_interpolation: 0, interpolation_duration: 1 }
$data merge entity $(bone_tail_2) { transformation: [-1.6900636215631917f,0.4785554333541255f,-0.8564131755634841f,-0.28291484679227924f,-0.31811465812209017f,1.3464062984082594f,1.3801329714550012f,1.1002853373381323f,0.9280419679946329f,1.3330223748371932f,-1.0865373112907049f,-1.2098010761850508f,0f,0f,0f,1f], start_interpolation: 0, interpolation_duration: 1 }
$data merge entity $(bone_tail_1) { transformation: [-1.3722587643898183f,0.2917514620522182f,-0.5651930802351733f,-0.16354694456216823f,-0.15641815685215033f,1.1479339210776196f,0.9723360134471715f,0.877166606830122f,0.6165188511005206f,0.9406301330649337f,-1.011323740949425f,-1.0042627269348325f,0f,0f,0f,1f], start_interpolation: 0, interpolation_duration: 1 }
$data merge entity $(bone_tail_0) { transformation: [-1.1751636724421928f,0.15615449518231214f,-0.47795589042354464f,-0.02010883851840728f,-0.0721542434530382f,1.1500672780481522f,0.5531498329554675f,0.7432765413266295f,0.49761413234345125f,0.5355340756490655f,-1.048531900179867f,-0.6849339443379133f,0f,0f,0f,1f], start_interpolation: 0, interpolation_duration: 1 }
$data merge entity $(bone_body_1) { transformation: [-1.1533536939472275f,0.08455259131623961f,-0.43729933800115006f,0.07586191492673271f,-0.05136649603326732f,1.1805350455066015f,0.36373490961446214f,0.5791958569805876f,0.44242664341085913f,0.35748071372968576f,-1.0977571678507796f,-0.4537996428706972f,0f,0f,0f,1f], start_interpolation: 0, interpolation_duration: 1 }