# This file was generated by Animated Java via MC-Build. It is not recommended to edit this file directly.
$data merge entity $(bone_head_lower) { transformation: [-0.8543273881482645f,-0.5197260201552771f,0.0030948074772635392f,0.2653308460222502f,-0.42256122350043224f,0.6911160634952037f,-0.5863451195095866f,1.0287265993040369f,0.30259994423922615f,-0.5022384401381977f,-0.8100554443949911f,0.3965367465708278f,0f,0f,0f,1f], start_interpolation: 0, interpolation_duration: 1 }
$data merge entity $(bone_head_upper) { transformation: [-0.8892690223537835f,-0.43464728350753845f,-0.32210912344261683f,0.2330895472593661f,-0.4398438014744235f,0.9417143437419326f,-0.056422226814760765f,1.0458464062006707f,0.3149761558753004f,0.0879077716344002f,-0.9881974435808863f,0.33048474162244434f,0f,0f,0f,1f], start_interpolation: 0, interpolation_duration: 1 }
$data merge entity $(bone_neck_0) { transformation: [-0.8169749394804906f,-0.5732251152892859f,0.06296757469073869f,0.24672965214862771f,-0.418251862427651f,0.5138234031369592f,-0.7490333036418042f,0.9892073387310005f,0.39701048832071206f,-0.6382777432985884f,-0.6595333157415253f,0.2980702413320964f,0f,0f,0f,1f], start_interpolation: 0, interpolation_duration: 1 }
$data merge entity $(bone_neck_1) { transformation: [-0.9040286446611154f,-0.40668440500485353f,-0.1316814503186957f,0.23370096076929203f,-0.2552327362962824f,0.7606351468402922f,-0.5969006816162631f,0.9421461677187567f,0.34291173784940526f,-0.5060058973145426f,-0.7914351343780517f,0.2286941919459458f,0f,0f,0f,1f], start_interpolation: 0, interpolation_duration: 1 }
$data merge entity $(bone_neck_2) { transformation: [-0.8924531323731321f,-0.38126262925762616f,-0.24117672783448013f,0.20883927115595732f,-0.25600984849486763f,0.8681799498112153f,-0.4251147283021734f,0.9134029534801444f,0.37146515851560014f,-0.31765135333783445f,-0.872416903625567f,0.14915392278029563f,0f,0f,0f,1f], start_interpolation: 0, interpolation_duration: 1 }
$data merge entity $(bone_body_0) { transformation: [-0.8726822055855477f,-0.4244253804716177f,-0.2414308689166874f,0.09101062572056326f,-0.19442289221950373f,0.7555889507891497f,-0.6255278382505093f,0.6257919582845279f,0.44791238767793345f,-0.4989473257337637f,-0.7419070420933997f,-0.20525718096868703f,0f,0f,0f,1f], start_interpolation: 0, interpolation_duration: 1 }
$data merge entity $(bone_leg_left_3) { transformation: [-0.8823359153332143f,-0.011977992046495467f,-0.47046770369456065f,0.42016232075605564f,0.07619021741264745f,0.9828530111936523f,-0.16791369556466734f,0.20643636845823118f,0.46441186815553315f,-0.18400132090315105f,-0.8662939054513676f,-0.48179542211389553f,0f,0f,0f,1f], start_interpolation: 0, interpolation_duration: 1 }
$data merge entity $(bone_leg_left_2) { transformation: [-0.8710744455001949f,-0.2328333153933139f,-0.48895823660122567f,0.34942684739717605f,-0.36174534628913957f,0.9393253679673869f,0.19715566700396456f,0.43092353721467674f,0.40302830463302836f,0.3398804199076275f,-0.8798361695956446f,-0.42913541890058404f,0f,0f,0f,1f], start_interpolation: 0, interpolation_duration: 1 }
$data merge entity $(bone_leg_left_1) { transformation: [-0.9732716679193083f,0.2094633433486845f,-0.09416670440638314f,0.43070905449351254f,-0.012885893118322639f,0.3595784222866358f,0.9330258903076576f,0.47938219396456433f,0.22929503741710408f,0.9093010865599166f,-0.34726836855210974f,-0.16825547130914786f,0f,0f,0f,1f], start_interpolation: 0, interpolation_duration: 1 }
$data merge entity $(bone_leg_left_0) { transformation: [-0.9591378423847211f,-0.2632716556095155f,-0.1036466818485124f,0.224253181782205f,-0.04523330887044478f,0.5042878765142035f,-0.8623500944334768f,0.7423231597552735f,0.279300102173653f,-0.8224243265817349f,-0.4955902339356242f,-0.4183460542916236f,0f,0f,0f,1f], start_interpolation: 0, interpolation_duration: 1 }
$data merge entity $(bone_leg_right_3) { transformation: [-0.9331827740391382f,-0.1113974571168023f,0.34170238041975887f,-0.16537590064360738f,-0.08527251547974346f,0.9922302400635042f,0.09059662690894171f,-0.0022425114065712237f,-0.34913966881518377f,0.055405390093665796f,-0.9354313092943769f,-0.17262234926634296f,0f,0f,0f,1f], start_interpolation: 0, interpolation_duration: 1 }
$data merge entity $(bone_leg_right_2) { transformation: [-0.9369745781190458f,-0.08089011875388086f,0.40938689298426967f,-0.17012577917231164f,-0.3109398881713412f,0.806428063691034f,-0.5523154565429237f,0.16914806324862358f,-0.2783113820944529f,-0.6286435924116361f,-0.7611913082906046f,-0.34225071257666995f,0f,0f,0f,1f], start_interpolation: 0, interpolation_duration: 1 }
$data merge entity $(bone_leg_right_1) { transformation: [-0.9776742792621504f,0.04959750494996764f,-0.20418886152768667f,-0.16529326981016765f,-0.10399308491959194f,0.7301842021691008f,0.6752899149192f,0.32963036068966534f,0.1825881758442791f,0.6814478104781109f,-0.708724516040222f,-0.11589818946045771f,0f,0f,0f,1f], start_interpolation: 0, interpolation_duration: 1 }
$data merge entity $(bone_leg_right_0) { transformation: [-0.9683618156242667f,-0.2422405413424793f,0.059957603112336305f,-0.15268882744933587f,-0.22285700364384697f,0.7313334583688353f,-0.6445821348727915f,0.6951614965839709f,0.11229492405162508f,-0.6375506982196645f,-0.7621803967774674f,-0.31723222853245464f,0f,0f,0f,1f], start_interpolation: 0, interpolation_duration: 1 }
$data merge entity $(bone_tail_4) { transformation: [-1.5050733327991013f,0.8838218451689124f,-2.139923956709496f,-0.9002369443379986f,-1.3217695227493753f,1.767521853844414f,1.6596545292660432f,1.153394137200594f,1.9008789870025633f,1.9288304160253753f,-0.540308832601766f,-1.6445510699156152f,0f,0f,0f,1f], start_interpolation: 0, interpolation_duration: 1 }
$data merge entity $(bone_tail_3) { transformation: [-0.9483154733838856f,0.2509574292698068f,-1.8367535647656794f,-0.5912472308421828f,-0.9543487143994863f,1.702648054961121f,0.7253645003069853f,1.0137373752554344f,1.589296014060687f,1.1721584772017155f,-0.6604000379008245f,-1.544042118913566f,0f,0f,0f,1f], start_interpolation: 0, interpolation_duration: 1 }
$data merge entity $(bone_tail_2) { transformation: [-1.433251942747116f,0.14477921388439446f,-1.320455119586202f,-0.34680286851107317f,-0.5781509238796884f,1.6809028360637552f,0.8118380626286639f,0.8627909174529488f,1.19595328204385f,0.9860925463376222f,-1.1899962656364527f,-1.321705427001142f,0f,0f,0f,1f], start_interpolation: 0, interpolation_duration: 1 }
$data merge entity $(bone_tail_1) { transformation: [-1.329512885774373f,-0.04710745892302722f,-0.7196058809332477f,-0.19010569232143407f,-0.34374730789035246f,1.3681713607830985f,0.5455283364327277f,0.7290032309593368f,0.6339475726572626f,0.6430740741522232f,-1.2133517463107f,-1.0690722405118995f,0f,0f,0f,1f], start_interpolation: 0, interpolation_duration: 1 }
$data merge entity $(bone_tail_0) { transformation: [-1.1878144715701338f,-0.08982025802804254f,-0.4635351323905963f,-0.05681747590503319f,-0.16788034048349423f,1.2532155688972217f,0.1873570007680157f,0.7044954848381754f,0.4413033978928078f,0.2349867564468601f,-1.1763792976276288f,-0.7196362191211784f,0f,0f,0f,1f], start_interpolation: 0, interpolation_duration: 1 }
$data merge entity $(bone_body_1) { transformation: [-1.1855252051883445f,-0.1500295590815706f,-0.31721556443714055f,0.02703625483240392f,-0.14832875890423264f,1.22716121701952f,-0.026048450651628415f,0.6278933682250772f,0.31801440565061545f,0.013079522208773845f,-1.1946967644359492f,-0.44276695506531044f,0f,0f,0f,1f], start_interpolation: 0, interpolation_duration: 1 }