# This file was generated by Animated Java via MC-Build. It is not recommended to edit this file directly.
$data merge entity $(bone_head_lower) { transformation: [-0.8774072008790658f,-0.4638439765554311f,0.12249640508524257f,-0.01993771310275825f,-0.2750092484978334f,0.27707269198956447f,-0.9206522886488218f,1.3800424323320752f,0.3930986098757153f,-0.8414745918724468f,-0.3706669585313471f,0.21808713292885262f,0f,0f,0f,1f], start_interpolation: 0, interpolation_duration: 1 }
$data merge entity $(bone_head_upper) { transformation: [-0.9132927898086859f,-0.45592581759452516f,-0.20371517252708196f,-0.0445025063240386f,-0.28625701217420796f,0.8259281350048252f,-0.5651297031408404f,1.3595410150336837f,0.40917617922854466f,-0.4398253144621426f,-0.8500591095292812f,0.1497371562313451f,0f,0f,0f,1f], start_interpolation: 0, interpolation_duration: 1 }
$data merge entity $(bone_neck_0) { transformation: [-0.8100646693251198f,-0.5507014072852886f,0.20130372953620956f,-0.02228516117607982f,-0.298480735296814f,0.09179561761062074f,-0.9499909553486066f,1.2967192502247908f,0.5046825558386754f,-0.8296393943162823f,-0.23873414760074577f,0.14760368601371635f,0f,0f,0f,1f], start_interpolation: 0, interpolation_duration: 1 }
$data merge entity $(bone_neck_1) { transformation: [-0.8874716882655246f,-0.44774935810695093f,0.10915362954090518f,-0.015101141436706395f,-0.31058473757819544f,0.40608547134725653f,-0.8594368567522341f,1.2257844533549447f,0.3404865978428858f,-0.7966273296061905f,-0.4994534757251038f,0.10162345876385166f,0f,0f,0f,1f], start_interpolation: 0, interpolation_duration: 1 }
$data merge entity $(bone_neck_2) { transformation: [-0.8761976004037653f,-0.4814880470881199f,0.021142978928058893f,-0.017962926821288625f,-0.3337713589902655f,0.5745717310059701f,-0.7473044933938204f,1.1659403913038258f,0.3476700231030496f,-0.6618433246925375f,-0.6641452917814393f,0.036959490313291266f,0f,0f,0f,1f], start_interpolation: 0, interpolation_duration: 1 }
$data merge entity $(bone_body_0) { transformation: [-0.8833504476724263f,-0.46549867965141534f,0.054799323350869025f,0.0034293319794841057f,-0.2648232040069963f,0.399205790740749f,-0.8777832347786795f,0.7560473786038086f,0.3867307295992818f,-0.7899023457882894f,-0.4759134657705797f,-0.19486154865045194f,0f,0f,0f,1f], start_interpolation: 0, interpolation_duration: 1 }
$data merge entity $(bone_leg_left_3) { transformation: [-0.9502870342140641f,0.011609254844410083f,-0.311158766237745f,0.3644734527403857f,0.10289487897331345f,0.9548742899293065f,-0.2786175412874615f,0.347059742339605f,0.2938829639256165f,-0.29678328058359466f,-0.9085991898963668f,-0.34192769875497886f,0f,0f,0f,1f], start_interpolation: 0, interpolation_duration: 1 }
$data merge entity $(bone_leg_left_2) { transformation: [-0.9342665761280547f,-0.27814470405540265f,-0.3191295784420312f,0.28832639179645936f,-0.34068347403246546f,0.952987541419665f,0.16676845001608492f,0.5738251177091686f,0.2512825794833904f,0.2579001143961155f,-0.9604201141913565f,-0.3111030055834559f,0f,0f,0f,1f], start_interpolation: 0, interpolation_duration: 1 }
$data merge entity $(bone_leg_left_1) { transformation: [-0.9992854491433929f,-0.024843935365188963f,-0.02848455732248508f,0.3029891793071088f,-0.03734910688768489f,0.5334183791705114f,0.8450265540075039f,0.674665013237327f,-0.005799598691281276f,0.8454866123355679f,-0.5339651234082101f,-0.05297570405947283f,0f,0f,0f,1f], start_interpolation: 0, interpolation_duration: 1 }
$data merge entity $(bone_leg_left_0) { transformation: [-0.9970966987073417f,-0.06494520488748762f,0.039752909189679234f,0.15831540405776712f,-0.05283761481157236f,0.21419222248542424f,-0.9753614090621887f,0.8320206290530793f,0.05483028258129383f,-0.9746300899258531f,-0.2170019076487087f,-0.411606415921691f,0f,0f,0f,1f], start_interpolation: 0, interpolation_duration: 1 }
$data merge entity $(bone_leg_right_3) { transformation: [-0.9762893274138209f,-0.10010495078593581f,0.19193266529180267f,-0.18535277306186615f,-0.07859200615098375f,0.9900630812875113f,0.11661214190916358f,-0.012547788985805192f,-0.201698898725386f,0.09876281638159423f,-0.9744554686353513f,-0.24904258642091875f,0f,0f,0f,1f], start_interpolation: 0, interpolation_duration: 1 }
$data merge entity $(bone_leg_right_2) { transformation: [-0.9900298765091335f,-0.08194614385133213f,0.25531915836439195f,-0.1950278837592283f,-0.21580369138413039f,0.8231762696107355f,-0.572600904151776f,0.16197226472982126f,-0.15915969937452046f,-0.6064056877687946f,-0.8117897088762346f,-0.4152358929952338f,0f,0f,0f,1f], start_interpolation: 0, interpolation_duration: 1 }
$data merge entity $(bone_leg_right_1) { transformation: [-0.9639168559561717f,0.0343577846286999f,-0.26397696384150127f,-0.19089060574224354f,-0.12331209125293978f,0.8211990046848539f,0.5571591539725721f,0.3530609022865625f,0.2359203741824687f,0.5696066514183394f,-0.7873308324367784f,-0.2140359894488249f,0f,0f,0f,1f], start_interpolation: 0, interpolation_duration: 1 }
$data merge entity $(bone_leg_right_0) { transformation: [-0.9378685285434626f,-0.3379094974214414f,0.07886567517056833f,-0.22093376603370019f,-0.32868213801261326f,0.792279052727443f,-0.5140641543239162f,0.7442011635432544f,0.11122353761312462f,-0.5080463307235812f,-0.8541184054445422f,-0.3569135003041087f,0f,0f,0f,1f], start_interpolation: 0, interpolation_duration: 1 }
$data merge entity $(bone_tail_4) { transformation: [-1.130521891407818f,0.6110004123669134f,-2.4442299565988375f,-0.9313413716636325f,-1.0899790076463776f,2.2967231634402063f,1.0782716749536871f,0.6461829028377334f,2.2714592991154188f,1.4062014571904957f,-0.6990933026838532f,-1.6650004921465689f,0f,0f,0f,1f], start_interpolation: 0, interpolation_duration: 1 }
$data merge entity $(bone_tail_3) { transformation: [-0.555469920296206f,-0.09154939514514608f,-2.0047487129161925f,-0.5905141909889688f,-0.6194139591450558f,1.9863848309248786f,0.08091462619473792f,0.613024437354889f,1.9088543791779453f,0.6179316610795605f,-0.5571184320887985f,-1.5765807403093866f,0f,0f,0f,1f], start_interpolation: 0, interpolation_duration: 1 }
$data merge entity $(bone_tail_2) { transformation: [-1.151653072415177f,-0.19073718803515594f,-1.5671912457960904f,-0.30007373192120157f,-0.4856124747926279f,1.8886042269169312f,0.12699792675495772f,0.589506115267571f,1.50221489811719f,0.46429222928530667f,-1.1604124269856895f,-1.3596413196596522f,0f,0f,0f,1f], start_interpolation: 0, interpolation_duration: 1 }
$data merge entity $(bone_tail_1) { transformation: [-1.2778756256068922f,-0.3727595567416815f,-0.7181507142219798f,-0.13975826368151936f,-0.43452174304538793f,1.4485833495020728f,0.021292824287887653f,0.5676318319317294f,0.6825547526027435f,0.22430524381543587f,-1.330962966162585f,-1.0766269324450393f,0f,0f,0f,1f], start_interpolation: 0, interpolation_duration: 1 }
$data merge entity $(bone_tail_0) { transformation: [-1.2008117429223613f,-0.28930080879236886f,-0.32892539682406696f,-0.05061996165235201f,-0.2398281450252517f,1.2373576709010474f,-0.2127537818702876f,0.6596630766102606f,0.3665642310667197f,-0.13815481489417725f,-1.2167085222879177f,-0.7244103450800224f,0f,0f,0f,1f], start_interpolation: 0, interpolation_duration: 1 }
$data merge entity $(bone_body_1) { transformation: [-1.1927814867512379f,-0.3174657402989477f,-0.07136121955374695f,-0.012645907214593285f,-0.276202140696167f,1.1311757181758166f,-0.41564223454857274f,0.6801013619212556f,0.17201539871363755f,-0.3850475209660713f,-1.1622193012764508f,-0.42827495460779985f,0f,0f,0f,1f], start_interpolation: 0, interpolation_duration: 1 }