# This file was generated by Animated Java via MC-Build. It is not recommended to edit this file directly.
$data merge entity $(bone_head_lower) { transformation: [-0.9547091488099487f,-0.2749924115708024f,0.1136204856399458f,-0.23205316248551788f,-0.09508913830440166f,-0.07985200758735733f,-0.9922609095700561f,1.579833075752705f,0.2819370443115078f,-0.958124642446244f,0.050086650737974636f,-0.00840285812420051f,0f,0f,0f,1f], start_interpolation: 0, interpolation_duration: 1 }
$data merge entity $(bone_head_upper) { transformation: [-0.9937563552007971f,-0.29517756252505845f,-0.09375742990984312f,-0.24545317723243795f,-0.0989782444405774f,0.6012693516837437f,-0.8438900499690579f,1.5351281376356019f,0.29346815195008f,-0.7967542380753821f,-0.6021055310187982f,-0.06771023207150292f,0f,0f,0f,1f], start_interpolation: 0, interpolation_duration: 1 }
$data merge entity $(bone_neck_0) { transformation: [-0.880665456601098f,-0.4231798891139588f,0.21294866752125197f,-0.2245299490234863f,-0.1254808326884553f,-0.22508141917483945f,-0.9662261202068863f,1.4763441844839802f,0.45681825070523524f,-0.8776429434523687f,0.1451204659270055f,-0.04422828948829732f,0f,0f,0f,1f], start_interpolation: 0, interpolation_duration: 1 }
$data merge entity $(bone_neck_1) { transformation: [-0.8989001499730214f,-0.35414848660532244f,0.2579871504816454f,-0.20430656910557077f,-0.3075030790253018f,0.09046969102476374f,-0.9472365551412397f,1.3965175983415707f,0.3121223746680755f,-0.9308029245984584f,-0.19022496889346047f,-0.06463093377954968f,0f,0f,0f,1f], start_interpolation: 0, interpolation_duration: 1 }
$data merge entity $(bone_neck_2) { transformation: [-0.8753598173131938f,-0.42973687550786077f,0.22152067186191224f,-0.18910708944219745f,-0.3630304110617195f,0.28163416588657664f,-0.8881954273974457f,1.3214623919412323f,0.31930253816368365f,-0.8579093276297405f,-0.40253878656362513f,-0.10829581903424747f,0f,0f,0f,1f], start_interpolation: 0, interpolation_duration: 1 }
$data merge entity $(bone_body_0) { transformation: [-0.8922510109998516f,-0.37160454697341894f,0.25651158655784434f,-0.07175413843154052f,-0.3070183309599128f,0.08271763621612632f,-0.9481020710416185f,0.8754134301240877f,0.3311010084918677f,-0.9246987905948058f,-0.18789430233025017f,-0.20565861097276436f,0f,0f,0f,1f], start_interpolation: 0, interpolation_duration: 1 }
$data merge entity $(bone_leg_left_3) { transformation: [-0.9946037308840174f,0.023449147576307082f,-0.10106213924876892f,0.3105008792069747f,0.05790302201196838f,0.9337555923087799f,-0.35319645223863866f,0.5033336948485636f,0.08608518196225476f,-0.35714231240504674f,-0.9300745723524011f,-0.2388463243062923f,0f,0f,0f,1f], start_interpolation: 0, interpolation_duration: 1 }
$data merge entity $(bone_leg_left_2) { transformation: [-0.9495409372359201f,-0.3696392059623504f,-0.11747793592563623f,0.21923482537857536f,-0.38359769055309445f,0.9409191547207534f,0.1399505469178645f,0.7263905772907961f,0.05733253715088052f,0.1734940955646625f,-1.009294297263557f,-0.22950787262737982f,0f,0f,0f,1f], start_interpolation: 0, interpolation_duration: 1 }
$data merge entity $(bone_leg_left_1) { transformation: [-0.9596674161577515f,-0.2720014984163461f,0.07108892476586942f,0.16068260470448256f,-0.12526733329131343f,0.6400788518745758f,0.758028468194307f,0.8625717887693068f,-0.2516873965362348f,0.7185501014140819f,-0.6483357202735515f,0.005097542387157206f,0f,0f,0f,1f], start_interpolation: 0, interpolation_duration: 1 }
$data merge entity $(bone_leg_left_0) { transformation: [-0.9734459488280761f,0.19531318311933274f,0.11939742547475912f,0.11446117530432676f,-0.12604219957611573f,-0.021908090687651205f,-0.9917829397042661f,0.9200516547556005f,-0.19109251329191632f,-0.9804961989024821f,0.04594404533302543f,-0.40583666528465157f,0f,0f,0f,1f], start_interpolation: 0, interpolation_duration: 1 }
$data merge entity $(bone_leg_right_3) { transformation: [-0.9931173231669772f,-0.04237910422495763f,0.10918788371768881f,-0.21760363236947303f,-0.028628108226996803f,0.9917989469938437f,0.12456034746758687f,0.00041727680543457435f,-0.11357118404331586f,0.12057719629761177f,-0.9861859489406682f,-0.3060558263206028f,0f,0f,0f,1f], start_interpolation: 0, interpolation_duration: 1 }
$data merge entity $(bone_leg_right_2) { transformation: [-1.0178082398621253f,-0.012263532952064327f,0.12640487383400217f,-0.21497676170722638f,-0.08373145545239571f,0.8323896430153161f,-0.5934464803748961f,0.1762358388101549f,-0.09548628036152554f,-0.5991988713783282f,-0.8269856602761332f,-0.4711376389806647f,0f,0f,0f,1f], start_interpolation: 0, interpolation_duration: 1 }
$data merge entity $(bone_leg_right_1) { transformation: [-0.9543735981254738f,0.0339755194182189f,-0.29667608478153157f,-0.2090190345049513f,-0.11005355963528465f,0.8835538954674675f,0.4552150346988399f,0.38993513734177465f,0.27759547765163456f,0.46709546977521127f,-0.8395013835026333f,-0.2941899038907729f,0f,0f,0f,1f], start_interpolation: 0, interpolation_duration: 1 }
$data merge entity $(bone_leg_right_0) { transformation: [-0.9219008938052609f,-0.3796077447998518f,0.07743837607434505f,-0.2571747375521159f,-0.3757443929491583f,0.8273496807562667f,-0.41750288252869805f,0.7924567690325702f,0.09441871196076347f,-0.413993316178503f,-0.9053698918073187f,-0.39401296159522214f,0f,0f,0f,1f], start_interpolation: 0, interpolation_duration: 1 }
$data merge entity $(bone_tail_4) { transformation: [-1.075694886177795f,0.359581357472612f,-2.5177853543956235f,-0.8099765825502208f,-0.6356989309941578f,2.6089387624123006f,0.6441946403964105f,0.29079788479310864f,2.462606081488435f,0.8305426617222792f,-0.9335049577133714f,-1.5845565813626405f,0f,0f,0f,1f], start_interpolation: 0, interpolation_duration: 1 }
$data merge entity $(bone_tail_3) { transformation: [-0.4427852214609085f,-0.32687777691085756f,-2.0082424387165196f,-0.4662541221240147f,-0.0990205519089138f,2.0562726294058438f,-0.312863116874579f,0.323725665847372f,2.032260245145762f,0.0289709951958509f,-0.4527963156673131f,-1.508062562850319f,0f,0f,0f,1f], start_interpolation: 0, interpolation_duration: 1 }
$data merge entity $(bone_tail_2) { transformation: [-1.0564222317795744f,-0.4030157002351f,-1.5938394801762983f,-0.1708399088046968f,-0.15154958033960012f,1.9103469646860252f,-0.38259779693113555f,0.39519227065134377f,1.6370029529306083f,-0.08322676781949047f,-1.0639870827305966f,-1.309079018465709f,0f,0f,0f,1f], start_interpolation: 0, interpolation_duration: 1 }
$data merge entity $(bone_tail_1) { transformation: [-1.2841478121831795f,-0.5516602540053201f,-0.5781795660657166f,-0.038451801506582214f,-0.40958631007438506f,1.3939873656229052f,-0.42035048362451466f,0.4689982566430325f,0.6861921750244638f,-0.20031584718763354f,-1.3329178933080224f,-1.0204568736523811f,0f,0f,0f,1f], start_interpolation: 0, interpolation_duration: 1 }
$data merge entity $(bone_tail_0) { transformation: [-1.2212239308826103f,-0.35519918094396413f,-0.12759846817415252f,-0.009736152409759329f,-0.27469709700277906f,1.132843494460986f,-0.5244452674395065f,0.6495908845358566f,0.25882297448622865f,-0.4736400273395257f,-1.158667989099527f,-0.6932969348632724f,0f,0f,0f,1f], start_interpolation: 0, interpolation_duration: 1 }
$data merge entity $(bone_body_1) { transformation: [-1.1688369326164927f,-0.34819747982935995f,0.20293677598799417f,-0.03346253888758219f,-0.4013003310142101f,0.9480896591892382f,-0.6846083825973573f,0.7448921769945295f,0.037186883921676954f,-0.7130842223995469f,-1.009322853444466f,-0.41061222702175737f,0f,0f,0f,1f], start_interpolation: 0, interpolation_duration: 1 }