# This file was generated by Animated Java via MC-Build. It is not recommended to edit this file directly.
$data merge entity $(bone_head_lower) { transformation: [-0.991618734740887f,-0.07746535965066113f,-0.10339924064071532f,-0.2720602787590257f,0.1043403826592105f,-0.008190951709485306f,-0.9945079149290982f,1.8240247097206792f,0.0761929751185263f,-0.9969613966269137f,0.016205066439266835f,-0.0552549987600755f,0f,0f,0f,1f], start_interpolation: 0, interpolation_duration: 1 }
$data merge entity $(bone_head_upper) { transformation: [-1.0321755278173166f,0.004343390128932547f,-0.13441263824782057f,-0.28154921905291835f,0.10860786083481277f,0.6404570454502901f,-0.813320999410121f,1.7823715113831118f,0.07930923605380107f,-0.8205290064822692f,-0.6355423960533944f,-0.11746775928512443f,0f,0f,0f,1f], start_interpolation: 0, interpolation_duration: 1 }
$data merge entity $(bone_neck_0) { transformation: [-0.9490752800410713f,-0.31453816837510984f,0.017940274529487488f,-0.27497695308216996f,0.0495013306963516f,-0.2051160901481733f,-0.9774850422495562f,1.7224789193850938f,0.31113619377091567f,-0.9268188227466884f,0.21024066858766804f,-0.088929732057133f,0f,0f,0f,1f], start_interpolation: 0, interpolation_duration: 1 }
$data merge entity $(bone_neck_1) { transformation: [-0.9478214239389873f,-0.24951451887974346f,0.19843652181612376f,-0.2593162574041596f,-0.2246909517698551f,0.08127010869839829f,-0.9710350898010365f,1.6405939036754023f,0.22616039554932565f,-0.964954752462705f,-0.13309320487767928f,-0.10464989928383808f,0f,0f,0f,1f], start_interpolation: 0, interpolation_duration: 1 }
$data merge entity $(bone_neck_2) { transformation: [-0.9188068063764137f,-0.3226942894283594f,0.22729374854294138f,-0.2425629991061184f,-0.32171613240345365f,0.27863804102191225f,-0.9049085988357247f,1.5640451641732815f,0.22867615246837417f,-0.9045602454595255f,-0.35983048734989587f,-0.14502995885754633f,0f,0f,0f,1f], start_interpolation: 0, interpolation_duration: 1 }
$data merge entity $(bone_body_0) { transformation: [-0.9294150697312926f,-0.2658150076633621f,0.25598830023519303f,-0.12444889337815088f,-0.284933743671804f,0.07606267719733417f,-0.9555245841184541f,1.1144346029740957f,0.23452161920289394f,-0.9610186527006126f,-0.14643346368898036f,-0.2231984051089631f,0f,0f,0f,1f], start_interpolation: 0, interpolation_duration: 1 }
$data merge entity $(bone_leg_left_3) { transformation: [-0.9827151848883204f,0.025099092538796046f,0.1834145603370774f,0.25063382060760475f,-0.04658770007301657f,0.9253502361829647f,-0.37623998537906406f,0.7899680466640746f,-0.17916598893713337f,-0.3782816093201737f,-0.9081864194416908f,-0.11194880721369264f,0f,0f,0f,1f], start_interpolation: 0, interpolation_duration: 1 }
$data merge entity $(bone_leg_left_2) { transformation: [-0.9100886609280323f,-0.44892923811920143f,0.14920914151830372f,0.1491884060319013f,-0.45460904323133183f,0.9194291927048779f,-0.0065404063363237305f,1.0033782580839103f,-0.13088715201733372f,-0.07193537561217501f,-1.0147689661558543f,-0.16028080064785902f,0f,0f,0f,1f], start_interpolation: 0, interpolation_duration: 1 }
$data merge entity $(bone_leg_left_1) { transformation: [-0.8457726441650764f,-0.48879597744606285f,0.2138857798325164f,0.021898204959909046f,-0.24946058177629823f,0.716641090224826f,0.6513025149200669f,1.1684927676559353f,-0.47163338783619446f,0.49749777912461235f,-0.728050758700403f,0.02287975487545002f,0f,0f,0f,1f], start_interpolation: 0, interpolation_duration: 1 }
$data merge entity $(bone_leg_left_0) { transformation: [-0.8714747020970466f,0.47601398924310323f,0.11807847242292313f,0.09785317628770025f,-0.23842240155572525f,-0.20080037940754575f,-0.9501757553559165f,1.1392795440177519f,-0.4285867497266621f,-0.8562066863057383f,0.28848484931462653f,-0.3866134788411928f,0f,0f,0f,1f], start_interpolation: 0, interpolation_duration: 1 }
$data merge entity $(bone_leg_right_3) { transformation: [-0.9813009115316145f,0.04085663132740808f,0.1880937444568508f,-0.26532714459755563f,0.05838959745389129f,0.9943511797618582f,0.08863625790483765f,0.1798164430926172f,-0.1834098577950357f,0.09796155869919948f,-0.9781433213393769f,-0.31394262954394647f,0f,0f,0f,1f], start_interpolation: 0, interpolation_duration: 1 }
$data merge entity $(bone_leg_right_2) { transformation: [-1.0048867489053723f,0.17191571147225546f,0.11273779102002096f,-0.22021077967223368f,0.077174537456226f,0.8367840463840426f,-0.5881315754032086f,0.35657396244862705f,-0.19054897570835463f,-0.567714406516895f,-0.8327386384636901f,-0.47171577375122453f,0f,0f,0f,1f], start_interpolation: 0, interpolation_duration: 1 }
$data merge entity $(bone_leg_right_1) { transformation: [-0.9776691902638096f,0.01544170477920033f,-0.2095817457757687f,-0.22437121413994693f,-0.07438155375366592f,0.9073108828762155f,0.41382888526004635f,0.5796326885136565f,0.1965460222698427f,0.4201767670491723f,-0.8859013181850492f,-0.30666765600657503f,0f,0f,0f,1f], start_interpolation: 0, interpolation_duration: 1 }
$data merge entity $(bone_leg_right_0) { transformation: [-0.9299762728267014f,-0.33050008856479546f,0.1609777109975759f,-0.2591073095911651f,-0.36723589518326555f,0.8152013212575413f,-0.44786672471719124f,0.9788669550761856f,0.016790749486018074f,-0.4756222211783433f,-0.8794893822287321f,-0.4237688201320283f,0f,0f,0f,1f], start_interpolation: 0, interpolation_duration: 1 }
$data merge entity $(bone_tail_4) { transformation: [-1.815210760175271f,-0.5199514658853576f,-2.0150239951096323f,-0.46663714341034734f,-0.5045943213211859f,2.7040534482206136f,-0.24318892173909104f,0.15910038376263927f,2.018924416275737f,0.2083428757838351f,-1.8724846538959385f,-1.6046665786857708f,0f,0f,0f,1f], start_interpolation: 0, interpolation_duration: 1 }
$data merge entity $(bone_tail_3) { transformation: [-1.068750674873395f,-0.5763163477882562f,-1.6916196346324766f,-0.17416125779606978f,0.22188828903989463f,1.9129991730815037f,-0.791925045077422f,0.274661407773482f,1.7732690456298659f,-0.5867189762620044f,-0.9204473155751249f,-1.442851222497073f,0f,0f,0f,1f], start_interpolation: 0, interpolation_duration: 1 }
$data merge entity $(bone_tail_2) { transformation: [-1.4282017201816177f,-0.513755056410686f,-1.2308815797977881f,0.05347861335890694f,0.06508111950565625f,1.774395119259362f,-0.8161251641967805f,0.42684763962315425f,1.332208005289315f,-0.6374571183725102f,-1.279704703391394f,-1.2041235034004336f,0f,0f,0f,1f], start_interpolation: 0, interpolation_duration: 1 }
$data merge entity $(bone_tail_1) { transformation: [-1.4329657390857518f,-0.434489258329948f,-0.21327101303814844f,0.10605235342724983f,-0.28188548569772487f,1.2909356538932444f,-0.735990462207344f,0.5697135263409944f,0.3934539535439745f,-0.6575412320935576f,-1.3040282836416939f,-0.9158492984039066f,0f,0f,0f,1f], start_interpolation: 0, interpolation_duration: 1 }
$data merge entity $(bone_tail_0) { transformation: [-1.253493588002066f,-0.1953205290656555f,0.15633116243170328f,0.055655321991098586f,-0.24985916035379535f,1.0177566304323065f,-0.7318316457918456f,0.808132023057993f,-0.01264679441722073f,-0.748235957917432f,-1.0362522503977394f,-0.6310885726245054f,0f,0f,0f,1f], start_interpolation: 0, interpolation_duration: 1 }
$data merge entity $(bone_body_1) { transformation: [-1.1226810567715906f,-0.24085418168736178f,0.4584551264695227f,-0.03470583462269515f,-0.5045157153150523f,0.7556511304867058f,-0.8384866469124923f,0.952169957025847f,-0.1168577460959078f,-0.9484646684058001f,-0.784451168027373f,-0.3848288382773717f,0f,0f,0f,1f], start_interpolation: 0, interpolation_duration: 1 }