# This file was generated by Animated Java via MC-Build. It is not recommended to edit this file directly.
$data merge entity $(bone_head_lower) { transformation: [-0.9786779681830509f,-0.031898888294683f,-0.20290858907069176f,-0.2084568269385072f,0.18362266619304007f,0.3068092455114807f,-0.9338901452145402f,1.939631668748085f,0.09204428854228167f,-0.9512363259433689f,-0.29441009009968705f,0.09360266353217177f,0f,0f,0f,1f], start_interpolation: 0, interpolation_duration: 1 }
$data merge entity $(bone_head_upper) { transformation: [-1.018705489299251f,0.09828691686259375f,-0.18987035215832565f,-0.2196552173790517f,0.1911327567308912f,0.8328951025080203f,-0.5943281586010467f,1.9174220237054223f,0.0958088615918741f,-0.6165203749879697f,-0.8331837923583664f,0.022351107686584017f,0f,0f,0f,1f], start_interpolation: 0, interpolation_duration: 1 }
$data merge entity $(bone_neck_0) { transformation: [-0.9432491974612357f,-0.3176017716905419f,-0.09700549524518517f,-0.2204677149321199f,0.09555323700503995f,0.020186466974024514f,-0.9952196166921977f,1.8527107174050021f,0.3180417117086896f,-0.9480092938205487f,0.011307008590740686f,0.038367441190739975f,0f,0f,0f,1f], start_interpolation: 0, interpolation_duration: 1 }
$data merge entity $(bone_neck_1) { transformation: [-0.9649086072340802f,-0.243915511743378f,0.09724506576970093f,-0.21335346979310077f,-0.16939429788436816f,0.2952314090821519f,-0.9402893102314993f,1.7744159657289127f,0.20064135049846862f,-0.9237660083713477f,-0.32618922460408994f,0.006479258103384886f,0f,0f,0f,1f], start_interpolation: 0, interpolation_duration: 1 }
$data merge entity $(bone_neck_2) { transformation: [-0.9443790211476497f,-0.29682575700411395f,0.14157236451773175f,-0.203856778545782f,-0.2770053633165772f,0.4859610645365004f,-0.8289209084396425f,1.7065541397902644f,0.1772464191741483f,-0.8220318203898714f,-0.5411537611034927f,-0.04897807531399401f,0f,0f,0f,1f], start_interpolation: 0, interpolation_duration: 1 }
$data merge entity $(bone_body_0) { transformation: [-0.9507331243799957f,-0.2590594476455095f,0.17027838615706645f,-0.12607307875703772f,-0.24568122305450776f,0.29463094695809106f,-0.9234897626573992f,1.2741236057949015f,0.18906946566035648f,-0.9198265095550258f,-0.34376144268187664f,-0.21975405143120091f,0f,0f,0f,1f], start_interpolation: 0, interpolation_duration: 1 }
$data merge entity $(bone_leg_left_3) { transformation: [-0.9600344468087942f,0.02734547062335734f,0.27854279056712195f,0.2271856800603203f,-0.07872929532735953f,0.9286450490573174f,-0.36251906283475777f,0.9642666395211525f,-0.26858063779392183f,-0.369960265566075f,-0.8893783463208947f,-0.04286329857648365f,0f,0f,0f,1f], start_interpolation: 0, interpolation_duration: 1 }
$data merge entity $(bone_leg_left_2) { transformation: [-0.9079422583760739f,-0.40432818728822045f,0.25342014900135845f,0.13936062246398634f,-0.45131301940812796f,0.9045339673937756f,-0.173773012416457f,1.1690416723427555f,-0.15498262311745634f,-0.26532851014505276f,-0.9785925442882413f,-0.1351943185921195f,0f,0f,0f,1f], start_interpolation: 0, interpolation_duration: 1 }
$data merge entity $(bone_leg_left_1) { transformation: [-0.822933931121248f,-0.50471137742032f,0.2608566091012692f,0.0048007006869692365f,-0.26555535518399737f,0.7476100906164626f,0.6087359901809211f,1.34514759785927f,-0.5022550132576379f,0.4316776319325898f,-0.7492625199131755f,0.031819800898121586f,0f,0f,0f,1f], start_interpolation: 0, interpolation_duration: 1 }
$data merge entity $(bone_leg_left_0) { transformation: [-0.8459759933243212f,0.5246275502821929f,0.09534438737457582f,0.10465851092964946f,-0.25236764616648f,-0.2364248248203905f,-0.9383037212848717f,1.2993591093510384f,-0.4697182026357062f,-0.817844261270783f,0.3324087460027621f,-0.37096936307990985f,0f,0f,0f,1f], start_interpolation: 0, interpolation_duration: 1 }
$data merge entity $(bone_leg_right_3) { transformation: [-0.9591334245380062f,0.07347803674417341f,0.27324723612548907f,-0.2868082251382482f,0.09437640543388597f,0.9934693534278802f,0.06412283444272254f,0.35370079461251863f,-0.26675113501422193f,0.08729044573039985f,-0.9598042561130955f,-0.29959581001294955f,0f,0f,0f,1f], start_interpolation: 0, interpolation_duration: 1 }
$data merge entity $(bone_leg_right_2) { transformation: [-0.9800456036816279f,0.2512129029196445f,0.16871541604635065f,-0.2215163786895994f,0.11981692449317177f,0.8472637113217718f,-0.5655530988182713f,0.5335327302349141f,-0.2778789643172105f,-0.5206711825947707f,-0.8388962988987684f,-0.4464580644680828f,0f,0f,0f,1f], start_interpolation: 0, interpolation_duration: 1 }
$data merge entity $(bone_leg_right_1) { transformation: [-0.9921224004815089f,-0.008455678439689307f,-0.12498657513882383f,-0.2369434407180949f,-0.06383725127374965f,0.8925816563158187f,0.4463438048839951f,0.7510755126999846f,0.10778658456700638f,0.450806486544542f,-0.8860900427590557f,-0.27484649954808793f,0f,0f,0f,1f], start_interpolation: 0, interpolation_duration: 1 }
$data merge entity $(bone_leg_right_0) { transformation: [-0.938648686839892f,-0.26530855555518673f,0.22034067496258308f,-0.24990734751055177f,-0.34338751111884036f,0.7782504058248109f,-0.5257483457331324f,1.13936871390737f,-0.031994685517356736f,-0.569155230304297f,-0.821607366030702f,-0.4277111638143939f,0f,0f,0f,1f], start_interpolation: 0, interpolation_duration: 1 }
$data merge entity $(bone_tail_4) { transformation: [-2.3028766206367615f,-1.2211597170300243f,-0.9116959730237703f,-0.15284632277486257f,-0.9327111464696984f,2.435880722760722f,-0.9067504360814403f,0.22176681046726565f,1.2051848484675662f,-0.44823585486421313f,-2.443823936178373f,-1.7150954210220601f,0f,0f,0f,1f], start_interpolation: 0, interpolation_duration: 1 }
$data merge entity $(bone_tail_3) { transformation: [-1.6770297750440868f,-0.6813292073857583f,-1.0292264915086078f,0.02833979719924032f,-0.017386056117628716f,1.7491849384993217f,-1.1295996202302139f,0.3961880148447472f,1.2341857172697708f,-0.9011593023071244f,-1.4144408977391323f,-1.466439962954065f,0f,0f,0f,1f], start_interpolation: 0, interpolation_duration: 1 }
$data merge entity $(bone_tail_2) { transformation: [-1.7350697871400016f,-0.5180756495281874f,-0.7347818248450851f,0.16352786730227187f,-0.08829577450546133f,1.6875714332239098f,-0.9813665925503358f,0.5789581935917839f,0.8947125599661644f,-0.8381373122199746f,-1.5217717160948439f,-1.1830837711534716f,0f,0f,0f,1f], start_interpolation: 0, interpolation_duration: 1 }
$data merge entity $(bone_tail_1) { transformation: [-1.4950004475961423f,-0.22528872213265655f,0.043300154355030596f,0.1583923604971098f,-0.21608474947472633f,1.286956947405912f,-0.764660347192204f,0.7279792910898808f,0.07705383009156373f,-0.7619993813668697f,-1.3042530046216987f,-0.8931820359583458f,0f,0f,0f,1f], start_interpolation: 0, interpolation_duration: 1 }
$data merge entity $(bone_tail_0) { transformation: [-1.2462385543441805f,-0.047034635863496634f,0.2802015797231395f,0.0753759168631471f,-0.20510421210147836f,1.0212638097135147f,-0.7408024093722276f,0.9691038879085583f,-0.1966149649146433f,-0.7672311845738898f,-1.0032619705605248f,-0.6185202253690676f,0f,0f,0f,1f], start_interpolation: 0, interpolation_duration: 1 }
$data merge entity $(bone_body_1) { transformation: [-1.115149682936768f,-0.18935803165438414f,0.4991886572732331f,-0.027923846223490135f,-0.5031878690655847f,0.7591626245595552f,-0.8361092470205876f,1.112352585658508f,-0.17845937388524055f,-0.9572984071730587f,-0.7617982715605639f,-0.37693195713938016f,0f,0f,0f,1f], start_interpolation: 0, interpolation_duration: 1 }