# This file was generated by Animated Java via MC-Build. It is not recommended to edit this file directly.
$data merge entity $(bone_head_lower) { transformation: [-0.9159979424599187f,0.1862340138303386f,-0.35533739108323037f,-0.028920326112156444f,0.2930432977602391f,0.9155206372777582f,-0.27558590014064854f,1.9328542130453505f,0.27399524639489536f,-0.3565653584003483f,-0.8931896495939884f,0.4428554711291416f,0f,0f,0f,1f], start_interpolation: 0, interpolation_duration: 1 }
$data merge entity $(bone_head_upper) { transformation: [-0.9534618766407201f,0.3531109984446787f,-0.2229237877698686f,-0.03665507244677764f,0.3050286465372588f,0.9684173015803598f,0.22934122476120608f,1.9705046370136723f,0.28520153780776064f,0.1447497680852165f,-0.9905450671498354f,0.37790875630890186f,0f,0f,0f,1f], start_interpolation: 0, interpolation_duration: 1 }
$data merge entity $(bone_neck_0) { transformation: [-0.8906664946183321f,-0.25995648746901145f,-0.37300914196178403f,-0.05626716513705819f,0.12859773077683684f,0.6428777324956918f,-0.7550965797169569f,1.911202012227176f,0.4360915259476398f,-0.7205073529700943f,-0.5391598420808874f,0.35459994321091737f,0f,0f,0f,1f], start_interpolation: 0, interpolation_duration: 1 }
$data merge entity $(bone_neck_1) { transformation: [-0.9732262755699791f,-0.16856712211425753f,-0.15625537393095967f,-0.07028061382148343f,-0.05186946161521729f,0.8233501620909338f,-0.5651584463993978f,1.8671187453905207f,0.2239200203017465f,-0.5419221677759183f,-0.8100494976117912f,0.28348155117686985f,0f,0f,0f,1f], start_interpolation: 0, interpolation_duration: 1 }
$data merge entity $(bone_neck_2) { transformation: [-0.9839980435786586f,-0.16590480064644275f,-0.06498805548588489f,-0.07759836658129218f,-0.1335778562368866f,0.9282483091314545f,-0.3471484306715987f,1.8457940703520488f,0.11791864380381084f,-0.3329124114794464f,-0.9355557277503089f,0.19826043217934364f,0f,0f,0f,1f], start_interpolation: 0, interpolation_duration: 1 }
$data merge entity $(bone_body_0) { transformation: [-0.9829792245429453f,-0.17607738367954373f,-0.05242708339700719f,-0.10398441156101618f,-0.11970716930283459f,0.8303356689550273f,-0.5442544170500687f,1.5971989897167982f,0.13936297117402635f,-0.5287148870776899f,-0.8372804371582878f,-0.2013833682447419f,0f,0f,0f,1f], start_interpolation: 0, interpolation_duration: 1 }
$data merge entity $(bone_leg_left_3) { transformation: [-0.9420253823165678f,0.0024660353130047455f,0.33553255839211626f,0.20699933819013974f,-0.13377183812979632f,0.9143076333033695f,-0.38229131170687997f,1.3025179939461682f,-0.30772272323424443f,-0.40501292615548234f,-0.8609711117408496f,0.09501001731881234f,0f,0f,0f,1f], start_interpolation: 0, interpolation_duration: 1 }
$data merge entity $(bone_leg_left_2) { transformation: [-0.9453713268144983f,-0.2466868006202979f,0.31221927605035976f,0.15767934869208217f,-0.38547350148793774f,0.7674262524004376f,-0.5608291417873569f,1.463473791399329f,-0.0987189626582358f,-0.6342434619505634f,-0.8000324973932876f,-0.07770895085823593f,0f,0f,0f,1f], start_interpolation: 0, interpolation_duration: 1 }
$data merge entity $(bone_leg_left_1) { transformation: [-0.8462231094637989f,-0.433689759720049f,0.3095474783024178f,0.040295218449434525f,-0.25617535364851934f,0.8405518452418349f,0.47733299031556864f,1.671611400976254f,-0.4672051339534654f,0.32463177258936465f,-0.8223950237161044f,0.0634047873338563f,0f,0f,0f,1f], start_interpolation: 0, interpolation_duration: 1 }
$data merge entity $(bone_leg_left_0) { transformation: [-0.8556059107063392f,0.509603471683264f,0.09079001714252934f,0.13350511669103082f,-0.24209483580403318f,-0.2389334486235271f,-0.9403727439722436f,1.626200854056181f,-0.45752444310811874f,-0.8265682723025566f,0.32780523971006437f,-0.34101711571129806f,0f,0f,0f,1f], start_interpolation: 0, interpolation_duration: 1 }
$data merge entity $(bone_leg_right_3) { transformation: [-0.9042283447165562f,0.1558112062475174f,0.3976103225758233f,-0.335613775737225f,0.1712658504629984f,0.9852189554184809f,0.0034085699792146817f,0.7637049625661774f,-0.39120213327171727f,0.07117919563897135f,-0.9175480439910746f,-0.26348816888853566f,0f,0f,0f,1f], start_interpolation: 0, interpolation_duration: 1 }
$data merge entity $(bone_leg_right_2) { transformation: [-0.9233066416937998f,0.35516535067396926f,0.27096977430231595f,-0.24301867056176596f,0.19017496556325997f,0.8754560477320701f,-0.49947211179709583f,0.9520415374197451f,-0.40422831095536144f,-0.3993701061304843f,-0.8539116994468433f,-0.38234334604118564f,0f,0f,0f,1f], start_interpolation: 0, interpolation_duration: 1 }
$data merge entity $(bone_leg_right_1) { transformation: [-0.998023485547647f,-0.06164004802110851f,0.012232202388831881f,-0.28028935698090507f,-0.04466104391139669f,0.8326538597210411f,0.5519899827428004f,1.1480826393479449f,-0.04420987957538683f,0.5503526636363344f,-0.8337610162248663f,-0.1894906355380947f,0f,0f,0f,1f], start_interpolation: 0, interpolation_duration: 1 }
$data merge entity $(bone_leg_right_0) { transformation: [-0.962083841961691f,-0.08980023226554969f,0.2575472758956797f,-0.2246469045777943f,-0.2538742078906395f,0.640021763901646f,-0.7252034392500674f,1.4879314592333728f,-0.09971242452238521f,-0.7630911216999444f,-0.6385525603884058f,-0.42552871652822377f,0f,0f,0f,1f], start_interpolation: 0, interpolation_duration: 1 }
$data merge entity $(bone_tail_4) { transformation: [-2.044655237099921f,-0.6013428433041415f,1.7559706938917734f,0.4890892331157807f,-1.7321083942653819f,1.5569754924984096f,-1.4836742088055377f,0.5195745310017831f,-0.6669683677021475f,-2.1999716889465257f,-1.5300127763906113f,-1.712559135848776f,0f,0f,0f,1f], start_interpolation: 0, interpolation_duration: 1 }
$data merge entity $(bone_tail_3) { transformation: [-1.9459158243468448f,-0.15645506041239335f,0.7244852963810507f,0.3677743351649249f,-0.6267329261024882f,1.4339081327867298f,-1.3737025995868004f,0.7384718111218569f,-0.3956803886219254f,-1.5017905336110873f,-1.3870860641144704f,-1.4626643985573053f,0f,0f,0f,1f], start_interpolation: 0, interpolation_duration: 1 }
$data merge entity $(bone_tail_2) { transformation: [-1.9132422637905682f,-0.18854570779993488f,0.35032617818047895f,0.30118986138229487f,-0.35823849076260533f,1.5649165140164965f,-1.1142151331306558f,0.9457094495199629f,-0.17304074313423964f,-1.1551020280613553f,-1.5667067629224274f,-1.1718198472048573f,0f,0f,0f,1f], start_interpolation: 0, interpolation_duration: 1 }
$data merge entity $(bone_tail_1) { transformation: [-1.4214963698346632f,0.32208058895597447f,0.40406486455103713f,0.2116605659093848f,0.0785853367522215f,1.3037281427659777f,-0.7627407977861914f,1.0938309513442892f,-0.5107138782081561f,-0.6958543482495089f,-1.242020253710799f,-0.8955569236189034f,0f,0f,0f,1f], start_interpolation: 0, interpolation_duration: 1 }
$data merge entity $(bone_tail_0) { transformation: [-1.185149152268552f,0.2623550016825012f,0.40053346496058895f,0.10094647171907223f,0.004025761429189135f,1.0746776699835305f,-0.692016918483727f,1.3219882654418007f,-0.4787911827781248f,-0.6403697957547445f,-0.9972568598726105f,-0.6195885546484554f,0f,0f,0f,1f], start_interpolation: 0, interpolation_duration: 1 }
$data merge entity $(bone_body_1) { transformation: [-1.126428570190302f,-0.11967327504203952f,0.4954206077223621f,-0.006171035504278371f,-0.43487286811772485f,0.8524291008742693f,-0.7828504401314463f,1.4465728775822546f,-0.26579853252105445f,-0.8874950874678957f,-0.8187235216397882f,-0.36946771211209384f,0f,0f,0f,1f], start_interpolation: 0, interpolation_duration: 1 }