# This file was generated by Animated Java via MC-Build. It is not recommended to edit this file directly.
$data merge entity $(bone_head_lower) { transformation: [-0.9995827677993564f,0.00493411230935889f,0.028459530113769938f,0.15395558231935227f,0.008568334507597567f,0.9916039413334989f,0.12902793176532396f,0.3280727551979847f,-0.027583943922939322f,0.12921794793135272f,-0.9912324893636539f,0.6875260445622551f,0f,0f,0f,1f], start_interpolation: 0, interpolation_duration: 1 }
$data merge entity $(bone_head_upper) { transformation: [-1.0404652865095303f,-0.015678419732650356f,0.02565379712313752f,0.155049042554852f,0.00891877581881893f,0.6872320027983168f,0.7817317777545029f,0.3973976660732647f,-0.028712115736077574f,0.7816254243996983f,-0.6868109295326167f,0.6577213877340893f,0f,0f,0f,1f], start_interpolation: 0, interpolation_duration: 1 }
$data merge entity $(bone_neck_0) { transformation: [-0.999009467028864f,0.007563088755342895f,-0.043850706666870604f,0.1524136154644402f,0.005957044566093875f,0.9993107393702267f,0.03664095794829286f,0.38354432723835696f,0.044097600918221055f,0.03634344325748182f,-0.998365942791243f,0.5925610026717429f,0f,0f,0f,1f], start_interpolation: 0, interpolation_duration: 1 }
$data merge entity $(bone_neck_1) { transformation: [-0.9846787843617953f,0.10546508188584272f,-0.1388697523962274f,0.1411353892200924f,0.07661205257045345f,0.9770433777936098f,0.19878840839092135f,0.4048854312380011f,0.15664700772347706f,0.18510363154856294f,-0.9701537819123393f,0.5112289933679706f,0f,0f,0f,1f], start_interpolation: 0, interpolation_duration: 1 }
$data merge entity $(bone_neck_2) { transformation: [-0.9796459476630371f,0.12394365002471344f,-0.15789803306546035f,0.12851582308683326f,0.06457664068745889f,0.9393851982798502f,0.33672734776113655f,0.44358244056389357f,0.19006229164385205f,0.31967705715499495f,-0.928268767342632f,0.433035525520709f,0f,0f,0f,1f], start_interpolation: 0, interpolation_duration: 1 }
$data merge entity $(bone_body_0) { transformation: [-0.9704583581272433f,0.10677142405000793f,-0.21635720035928643f,0.027564617175359317f,0.0532493136444621f,0.9694206010111119f,0.23955836226616728f,0.5657203413564618f,0.23531911468762737f,0.2209605424993067f,-0.9464678298394739f,-0.010926288060289141f,0f,0f,0f,1f], start_interpolation: 0, interpolation_duration: 1 }
$data merge entity $(bone_leg_left_3) { transformation: [-0.9724101180297883f,0.11505814288378892f,-0.20292901741600894f,0.23362786965219917f,-0.049479357363403184f,0.7483808478392434f,0.6614211213609071f,0.17368639347929643f,0.22797007599287664f,0.6532133880620854f,-0.7220401056092751f,-0.535373361311145f,0f,0f,0f,1f], start_interpolation: 0, interpolation_duration: 1 }
$data merge entity $(bone_leg_left_2) { transformation: [-0.9882735691396177f,-0.11832282595264346f,-0.24774434584731897f,0.1968573945980801f,-0.20300982387720032f,0.9380529658829405f,0.36180912662377823f,0.40321175540679427f,0.18483658579968337f,0.3976412221557185f,-0.9272427376329873f,-0.4710529721459576f,0f,0f,0f,1f], start_interpolation: 0, interpolation_duration: 1 }
$data merge entity $(bone_leg_left_1) { transformation: [-0.9600444744513305f,0.16300952451331724f,0.22746978259410852f,0.2481977298400954f,0.19871713567204924f,-0.17522794375366818f,0.9642648327706231f,0.3005092322700153f,0.19704341416491217f,0.9709392682582177f,0.13583383337162855f,-0.21840747470271699f,0f,0f,0f,1f], start_interpolation: 0, interpolation_duration: 1 }
$data merge entity $(bone_leg_left_0) { transformation: [-0.9684804320375475f,0.11291352892046108f,-0.22202744818398773f,0.19799500540225018f,0.14147687402945378f,0.9829769196010779f,-0.11722060248279698f,0.7124507192769717f,0.20501206519426904f,-0.14493760905404796f,-0.9679685648854908f,-0.17267809349141658f,0f,0f,0f,1f], start_interpolation: 0, interpolation_duration: 1 }
$data merge entity $(bone_leg_right_3) { transformation: [-0.9412527494165486f,-0.020982153975075996f,0.33705045754360635f,-0.21592442306968104f,-0.02223024832997708f,0.9997528652745471f,0.0001563154543512968f,0.055741077819954604f,-0.33697044050624936f,-0.007345583019742141f,-0.9414865716701033f,-0.038784577690600314f,0f,0f,0f,1f], start_interpolation: 0, interpolation_duration: 1 }
$data merge entity $(bone_leg_right_2) { transformation: [-0.9592785113844713f,-0.011302041100976538f,0.3629313998039286f,-0.20585450271663602f,-0.1772243407578609f,0.9093717080927034f,-0.440110019272676f,0.25438787371581256f,-0.3169202898831641f,-0.47431799448071266f,-0.8524354341959633f,-0.17519982335767484f,0f,0f,0f,1f], start_interpolation: 0, interpolation_duration: 1 }
$data merge entity $(bone_leg_right_1) { transformation: [-0.9662389186361838f,-0.0392678370531105f,-0.254637760526495f,-0.2222605669612987f,-0.23930280368585866f,0.5030341049354894f,0.8304762834782451f,0.34223530752172654f,0.09548047057312634f,0.863374036119295f,-0.4954480330914766f,0.08753018080911465f,0f,0f,0f,1f], start_interpolation: 0, interpolation_duration: 1 }
$data merge entity $(bone_leg_right_0) { transformation: [-0.97899032792512f,-0.1886904612875941f,0.0772906698647451f,-0.18880580584802859f,-0.194992022134147f,0.7554746473255471f,-0.6254887437455422f,0.7124507192769717f,0.059632618029920474f,-0.627418494361949f,-0.7763955073282447f,-0.1025450843418286f,0f,0f,0f,1f], start_interpolation: 0, interpolation_duration: 1 }
$data merge entity $(bone_tail_4) { transformation: [-2.699847414293022f,0.29214346640190847f,-0.5011361752796901f,-0.3090485412941062f,-0.03662359678162458f,2.295068475349736f,1.535246148737918f,1.248851321399091f,0.5789162143989891f,1.5076386238401132f,-2.2399873053683654f,-1.7991585658746865f,0f,0f,0f,1f], start_interpolation: 0, interpolation_duration: 1 }
$data merge entity $(bone_tail_3) { transformation: [-2.035834041340305f,0.14394153391545567f,-0.4130449333650161f,-0.24041996522319575f,-0.02761621440146335f,1.920093712823659f,0.8052471699556795f,1.0935215342049502f,0.43653479456576805f,0.7927587872950791f,-1.8753443428726098f,-1.4889272341374364f,0f,0f,0f,1f], start_interpolation: 0, interpolation_duration: 1 }
$data merge entity $(bone_tail_2) { transformation: [-1.922817287009122f,0.09281169854255683f,-0.33605586499167295f,-0.179347646726311f,0f,1.883650545571809f,0.5202254291841192f,0.9972609832506756f,0.34863671031842874f,0.5118793664365135f,-1.8534308277995357f,-1.1439988905462855f,0f,0f,0f,1f], start_interpolation: 0, interpolation_duration: 1 }
$data merge entity $(bone_tail_1) { transformation: [-1.4882347119198864f,0.07586290703174156f,-0.2589565824099216f,-0.12312860741879476f,0f,1.4514958926485226f,0.42522455670441667f,0.8880143650804069f,0.26984012347449954f,0.41840260869306367f,-1.4282093035693701f,-0.842036520313623f,0f,0f,0f,1f], start_interpolation: 0, interpolation_duration: 1 }
$data merge entity $(bone_tail_0) { transformation: [-1.2577092049535674f,0.05740156478823272f,-0.22069964367654854f,-0.05724983998929059f,0f,1.2370592140361412f,0.32174557891649747f,0.8238452713202808f,0.22804226002891037f,0.31658376128944826f,-1.2172128681182925f,-0.47869889948589384f,0f,0f,0f,1f], start_interpolation: 0, interpolation_duration: 1 }
$data merge entity $(bone_body_1) { transformation: [-1.2165322513650314f,0.07129338659238121f,-0.20873698635643698f,-0.01352353012096165f,0f,1.17000647568243f,0.399611613842027f,0.6521329296875f,0.22057623726271622f,0.39320057851638335f,-1.151235867954805f,-0.23753753574095798f,0f,0f,0f,1f], start_interpolation: 0, interpolation_duration: 1 }