# This file was generated by Animated Java via MC-Build. It is not recommended to edit this file directly.
$data merge entity $(bone_head_lower) { transformation: [-0.7983451872568638f,0.5370698273162805f,-0.2723985362850982f,0.11731977526681603f,0.29033241283281874f,0.7395661869600326f,0.607247021535776f,1.5796822882259052f,0.5275907998084093f,0.4057066128273711f,-0.7463578848418928f,0.5001063722362487f,0f,0f,0f,1f], start_interpolation: 0, interpolation_duration: 1 }
$data merge entity $(bone_head_upper) { transformation: [-0.8309971727718416f,0.6264477430062707f,-0.02188302335288832f,0.1296199704781981f,0.30220688754584235f,0.43223205020065436f,0.8973953390132468f,1.6513458287829703f,0.5491690436910733f,0.710077898997846f,-0.5269484617965436f,0.47989502284080654f,0f,0f,0f,1f], start_interpolation: 0, interpolation_duration: 1 }
$data merge entity $(bone_neck_0) { transformation: [-0.800650717998991f,-0.008667985543688375f,-0.5990686887113321f,0.09128247373343235f,0.083726147198911f,0.9884650219680979f,-0.12620155554046797f,1.627113704884035f,0.5932523578064621f,-0.15120107926936888f,-0.790689492522097f,0.4310301400619785f,0f,0f,0f,1f], start_interpolation: 0, interpolation_duration: 1 }
$data merge entity $(bone_neck_1) { transformation: [-0.9383834582037298f,0.07665134156138016f,-0.3369882152337818f,0.06308827208196169f,0.0379245272332479f,0.9920438171868735f,0.12004497080441012f,1.641853311361713f,0.34350868344736724f,0.09986809609749087f,-0.9338244737519565f,0.35238303052417896f,0f,0f,0f,1f], start_interpolation: 0, interpolation_duration: 1 }
$data merge entity $(bone_neck_2) { transformation: [-0.9791970185447167f,0.12068372613996348f,-0.16312154093838166f,0.04997917079044149f,0.05655481038748204f,0.9343684183750088f,0.351791432762966f,1.6818209301036475f,0.19487111713944094f,0.3352478142931863f,-0.9217560147438515f,0.2749125760943212f,0f,0f,0f,1f], start_interpolation: 0, interpolation_duration: 1 }
$data merge entity $(bone_body_0) { transformation: [-0.9756832837792192f,0.0820529334985304f,-0.20324725301485752f,-0.04502884062052166f,0.054038190229170835f,0.9887120484098075f,0.13974390622148208f,1.7571004272173476f,0.21241940530600217f,0.12536267958833752f,-0.9691038101338143f,-0.18062817925602906f,0f,0f,0f,1f], start_interpolation: 0, interpolation_duration: 1 }
$data merge entity $(bone_leg_left_3) { transformation: [-0.9886985495934112f,-0.0480099233456586f,0.1420219183514605f,0.2997614650193155f,-0.1110616033887879f,0.8708901907940041f,-0.47876465599655027f,1.398892626398402f,-0.10070004113502867f,-0.48912710294884265f,-0.8663799275585029f,0.16541362906871027f,0f,0f,0f,1f], start_interpolation: 0, interpolation_duration: 1 }
$data merge entity $(bone_leg_left_2) { transformation: [-0.9851010416042062f,-0.2525782339435049f,0.1335753460372925f,0.24348565754353965f,-0.26631111828961357f,0.6379252521698285f,-0.7577545515667266f,1.5237609174412394f,0.10352065304246262f,-0.7624420029633309f,-0.6782535410977383f,-0.03311096752074594f,0f,0f,0f,1f], start_interpolation: 0, interpolation_duration: 1 }
$data merge entity $(bone_leg_left_1) { transformation: [-0.9316039902312484f,-0.2825415879675746f,0.2286575090697378f,0.17315427641992298f,-0.21367622629764338f,0.9346204963634848f,0.2843008935836673f,1.7668453417397192f,-0.294034820557726f,0.2159971732362131f,-0.9310686040531877f,0.08080498901075539f,0f,0f,0f,1f], start_interpolation: 0, interpolation_duration: 1 }
$data merge entity $(bone_leg_left_0) { transformation: [-0.931022106998786f,0.33137387996689815f,0.15293524105066403f,0.18255736949914475f,-0.1958855160869718f,-0.10014504093951526f,-0.9754997874743814f,1.784160212715661f,-0.307939443506157f,-0.9381696661323614f,0.15814859051604535f,-0.33623104737948634f,0f,0f,0f,1f], start_interpolation: 0, interpolation_duration: 1 }
$data merge entity $(bone_leg_right_3) { transformation: [-0.9046705145521564f,0.2607844441100222f,0.33699070285419414f,-0.3667535417830634f,0.24770891036047657f,0.9653528665199338f,-0.08206179884557852f,1.074158705146078f,-0.3467153815854763f,0.009236710018918515f,-0.9379249049684435f,-0.2028597307501529f,0f,0f,0f,1f], start_interpolation: 0, interpolation_duration: 1 }
$data merge entity $(bone_leg_right_2) { transformation: [-0.927557995855982f,0.3755558078526777f,0.2250693204602781f,-0.2708173848042534f,0.25316650280132963f,0.8902306158520213f,-0.4421067427214486f,1.2676143335252112f,-0.3572185405094102f,-0.344252066498587f,-0.8977458596554335f,-0.3102945747188923f,0f,0f,0f,1f], start_interpolation: 0, interpolation_duration: 1 }
$data merge entity $(bone_leg_right_1) { transformation: [-0.9997270949537724f,-0.020214432836471452f,0.011709497016986335f,-0.29684023224150247f,-0.007497800247261599f,0.7523713241860064f,0.6586965716732155f,1.4369259912752155f,-0.022125067383924432f,0.6584290145852436f,-0.7523175620345186f,-0.0919605196084522f,0f,0f,0f,1f], start_interpolation: 0, interpolation_duration: 1 }
$data merge entity $(bone_leg_right_0) { transformation: [-0.9928785912554544f,-0.005887137676820475f,0.11898506056038524f,-0.19339026266429304f,-0.10979064230481025f,0.43288817125864243f,-0.8947367467845754f,1.6924950950229996f,-0.04623978686025282f,-0.9014284069155589f,-0.43045175027730553f,-0.4054725856736708f,0f,0f,0f,1f], start_interpolation: 0, interpolation_duration: 1 }
$data merge entity $(bone_tail_4) { transformation: [-1.7178372244130646f,0.5477504442020039f,2.091570236185561f,0.5191368106561551f,-1.4092782328657012f,1.742258748945857f,-1.6137319001905313f,0.9220890699126882f,-1.639704688165447f,-2.071271405248024f,-0.8042789522361813f,-1.8183101282465999f,0f,0f,0f,1f], start_interpolation: 0, interpolation_duration: 1 }
$data merge entity $(bone_tail_3) { transformation: [-1.669647870718464f,0.4337584920615914f,1.1662225707017495f,0.31714389202975213f,-0.4228128366691166f,1.6377558563365826f,-1.214467202614993f,1.111991101103081f,-1.1702353690593865f,-1.2106010290942786f,-1.225128505669001f,-1.5987269257712828f,0f,0f,0f,1f], start_interpolation: 0, interpolation_duration: 1 }
$data merge entity $(bone_tail_2) { transformation: [-1.8670268171544933f,0.13948851894847178f,0.5599354356622737f,0.21170574556880906f,-0.12060494141073815f,1.7600121376123439f,-0.8405864610897067f,1.2685839075173455f,-0.5643041618985729f,-0.8376598972981619f,-1.67291977820969f,-1.2883513883664706f,0f,0f,0f,1f], start_interpolation: 0, interpolation_duration: 1 }
$data merge entity $(bone_tail_1) { transformation: [-1.3246507784059405f,0.6901849651715203f,0.2379102333228316f,0.15333885366197966f,0.5795910221356656f,1.2939505242141296f,-0.5267091587828281f,1.3655549085709775f,-0.4438815296092766f,-0.37012566073857645f,-1.3977240188730253f,-0.9826282981645346f,0f,0f,0f,1f], start_interpolation: 0, interpolation_duration: 1 }
$data merge entity $(bone_tail_0) { transformation: [-1.1742356341050444f,0.4501247411603913f,0.22889759626794484f,0.09731196778842993f,0.3479171190855939f,1.1410638217291882f,-0.459089043184422f,1.5272472998566964f,-0.3660055606532953f,-0.3594395480746358f,-1.1707599486806832f,-0.6491789467475624f,0f,0f,0f,1f], start_interpolation: 0, interpolation_duration: 1 }
$data merge entity $(bone_body_1) { transformation: [-1.1823977769664258f,-0.10046262744559253f,0.3470552586661567f,0.023393352509277415f,-0.2882971512852888f,0.9781623844050309f,-0.6990620125225672f,1.6238832473556666f,-0.2177724607058758f,-0.7494732852330647f,-0.9588897460794515f,-0.3757681682964923f,0f,0f,0f,1f], start_interpolation: 0, interpolation_duration: 1 }