# This file was generated by Animated Java via MC-Build. It is not recommended to edit this file directly.
$data merge entity $(bone_head_lower) { transformation: [-0.27030008751114715f,0.9375625340599428f,0.21889348418480792f,0.16852161402666216f,0.4935727462416516f,-0.060265095944222136f,0.8676140054069598f,1.1365294665780648f,0.8266340223212086f,0.3425559997108972f,-0.4464656540016573f,0.33957989438826064f,0f,0f,0f,1f], start_interpolation: 0, interpolation_duration: 1 }
$data merge entity $(bone_head_upper) { transformation: [-0.2813552484653166f,0.7937615369615695f,0.6117628537145208f,0.22843129823738273f,0.5137596659076242f,-0.43131917457806745f,0.7959187885150646f,1.1818723386313135f,0.8604430094033035f,0.517086389943894f,-0.27519345102542886f,0.33248692720017103f,0f,0f,0f,1f], start_interpolation: 0, interpolation_duration: 1 }
$data merge entity $(bone_neck_0) { transformation: [-0.4029834165095653f,0.7423336447518168f,-0.5352990994647399f,0.18189860186673487f,0.3678340980282997f,0.6669451866594296f,0.647983174410822f,1.2128275183625363f,0.8380348694093734f,0.06422521203781281f,-0.5418234765979715f,0.29613831965350335f,0f,0f,0f,1f], start_interpolation: 0, interpolation_duration: 1 }
$data merge entity $(bone_neck_1) { transformation: [-0.5916208654901702f,0.7799165763397279f,-0.20424222253779745f,0.16818958311623772f,0.48305138558788363f,0.5457384210294105f,0.6847123006737585f,1.27334578576693f,0.6454813013544913f,0.30643059534394274f,-0.699610019824523f,0.23828385604178123f,0f,0f,0f,1f], start_interpolation: 0, interpolation_duration: 1 }
$data merge entity $(bone_neck_2) { transformation: [-0.6118317339772879f,0.784500429377581f,0.1010989891380533f,0.18472736232352466f,0.5972853534874163f,0.37441903199873194f,0.7092676469334723f,1.3391487474808168f,0.5185673879138154f,0.49433739974183977f,-0.6976520618537002f,0.18200417513728062f,0f,0f,0f,1f], start_interpolation: 0, interpolation_duration: 1 }
$data merge entity $(bone_body_0) { transformation: [-0.6109353818741089f,0.7875565721402292f,-0.08070071160199516f,0.15419588036852366f,0.590160774878467f,0.5209976695482946f,0.6166617290866148f,1.6347422619673886f,0.5277008802050496f,0.3291140744544021f,-0.7830809070759153f,-0.1839236968624255f,0f,0f,0f,1f], start_interpolation: 0, interpolation_duration: 1 }
$data merge entity $(bone_leg_left_3) { transformation: [-0.8177847185484166f,0.013791424854631917f,-0.5753589755180376f,0.4354511560395026f,0.3572953189263494f,0.7958962906989767f,-0.48876287658222156f,1.011783660205103f,0.451185337951052f,-0.6052758801175615f,-0.655799435624876f,0.07844003111217021f,0f,0f,0f,1f], start_interpolation: 0, interpolation_duration: 1 }
$data merge entity $(bone_leg_left_2) { transformation: [-0.7863416470635416f,-0.32327949342590745f,-0.5737764222450932f,0.3411430006783649f,0.25978349107758714f,0.6689029654220834f,-0.7329007846317114f,1.1454570757040132f,0.6051789416012688f,-0.7071926127163134f,-0.4309283660453744f,-0.09878429534232866f,0f,0f,0f,1f], start_interpolation: 0, interpolation_duration: 1 }
$data merge entity $(bone_leg_left_1) { transformation: [-0.9432052728515229f,0.24667160858261347f,-0.22252400046815118f,0.4387423292744554f,0.24682083966729543f,0.968668193885535f,0.027593536570476446f,1.4022349041127193f,0.2223584636819906f,-0.028897191451779963f,-0.9745366416688414f,-0.05937739803910197f,0f,0f,0f,1f], start_interpolation: 0, interpolation_duration: 1 }
$data merge entity $(bone_leg_left_0) { transformation: [-0.940622968109192f,-0.1485638112350102f,-0.3052166867272854f,0.2958863710573669f,0.2835736773335836f,0.1503267068732274f,-0.9470944254530058f,1.5713301669866664f,0.1865861768432011f,-0.9774101877881052f,-0.09927196693457152f,-0.41336362070874394f,0f,0f,0f,1f], start_interpolation: 0, interpolation_duration: 1 }
$data merge entity $(bone_leg_right_3) { transformation: [-0.699085439793495f,0.6896924106172378f,-0.18869002783856592f,-0.41264095788424465f,0.7137937379491868f,0.6886935445968613f,-0.1272780471846525f,1.3265647518832158f,0.042166900920785004f,-0.2236639898767661f,-0.9737537533171013f,-0.03477963504563816f,0f,0f,0f,1f], start_interpolation: 0, interpolation_duration: 1 }
$data merge entity $(bone_leg_right_2) { transformation: [-0.7166121596627804f,0.6357832635446847f,-0.366481723856197f,-0.2746549925112981f,0.7323815414647958f,0.651953356068025f,-0.30105863006062894f,1.4680938716190384f,0.04633022604941276f,-0.47201553238087707f,-0.9094597554845962f,-0.17298402605010224f,0f,0f,0f,1f], start_interpolation: 0, interpolation_duration: 1 }
$data merge entity $(bone_leg_right_1) { transformation: [-0.7927948672133195f,0.5931634015453633f,0.14011951180099302f,-0.1367314514028219f,0.48456813256460773f,0.4739760081613548f,0.7352145731623358f,1.5675157945954494f,0.36968909021374113f,0.6507717900728033f,-0.6631938282450879f,0.046346235654790235f,0f,0f,0f,1f], start_interpolation: 0, interpolation_duration: 1 }
$data merge entity $(bone_leg_right_0) { transformation: [-0.8132985675996138f,-0.16684611183995696f,-0.5574117104118863f,-0.062297061099856305f,0.4799304893416347f,0.34925745535229996f,-0.8047893856662967f,1.7143562907562038f,0.32895617541051775f,-0.9220529295245066f,-0.20397605206141195f,-0.3373263706020838f,0f,0f,0f,1f], start_interpolation: 0, interpolation_duration: 1 }
$data merge entity $(bone_tail_4) { transformation: [-2.020559445521774f,1.8744953021192843f,0.17107957518497652f,-0.2457944718276799f,1.5917849805261706f,1.8356006611481048f,-1.3124222339490967f,1.5375374013181387f,-1.004600136613588f,-0.8616837625981877f,-2.423621461860451f,-2.04149497636021f,0f,0f,0f,1f], start_interpolation: 0, interpolation_duration: 1 }
$data merge entity $(bone_tail_3) { transformation: [-1.2965531657292035f,1.624777309461811f,-0.12245043544251757f,-0.24093112455273408f,1.5948899348739018f,1.2334860880488707f,-0.520368804092115f,1.613702090980066f,-0.33349889073270583f,-0.4177993433364571f,-2.0125028508382603f,-1.6961603685712554f,0f,0f,0f,1f], start_interpolation: 0, interpolation_duration: 1 }
$data merge entity $(bone_tail_2) { transformation: [-1.3019271223106672f,1.4399854558036922f,-0.22405697995928137f,-0.19989947614875142f,1.4240151319940737f,1.3209123772405698f,0.2148145025535853f,1.5751358399219928f,0.309742711046673f,-0.02015573688247046f,-1.9293592392882561f,-1.3372724583851943f,0f,0f,0f,1f], start_interpolation: 0, interpolation_duration: 1 }
$data merge entity $(bone_tail_1) { transformation: [-0.4316068204442364f,1.3978063545996111f,-0.38406926144507186f,-0.13392644979773785f,1.371865961933044f,0.5233341636857347f,0.3629895117064363f,1.489316685177427f,0.4683541235385264f,-0.244775403503495f,-1.4171752420939907f,-1.0297674836744672f,0f,0f,0f,1f], start_interpolation: 0, interpolation_duration: 1 }
$data merge entity $(bone_tail_0) { transformation: [-0.5961486324170541f,1.0813557978862343f,-0.3303213027177166f,-0.011303846092968028f,1.1069949840771351f,0.634232655272902f,0.07840128058632272f,1.481711172532859f,0.23022734390025706f,-0.2495081039712686f,-1.2323054786688743f,-0.6756802563718469f,0f,0f,0f,1f], start_interpolation: 0, interpolation_duration: 1 }
$data merge entity $(bone_body_1) { transformation: [-1.1265273609830537f,0.27308720299450767f,-0.43007450467732106f,0.07028809077683476f,0.449833318060921f,1.0231451700903362f,-0.5286100093068327f,1.5356895071004204f,0.23914574212205603f,-0.6381237619284396f,-1.0316065013092142f,-0.3928640315151782f,0f,0f,0f,1f], start_interpolation: 0, interpolation_duration: 1 }