# This file was generated by Animated Java via MC-Build. It is not recommended to edit this file directly.
$data merge entity $(bone_head_lower) { transformation: [-0.00020618102057138026f,0.969114011448166f,0.2466130375795873f,0.22198600686941444f,0.474823731959636f,-0.21694455604351137f,0.852922905760543f,0.95693339667668f,0.8800808946098708f,0.11727357936862001f,-0.4601136017602193f,0.30737062308899005f,0f,0f,0f,1f], start_interpolation: 0, interpolation_duration: 1 }
$data merge entity $(bone_head_upper) { transformation: [-0.00021461373840399116f,0.7851379903923366f,0.6833961022475428f,0.28672753314929217f,0.49424382475356354f,-0.6013670138754942f,0.6910518785872359f,0.991222582676435f,0.9160758364990419f,0.32463516945744225f,-0.37267816023671946f,0.2892531456094133f,0f,0f,0f,1f], start_interpolation: 0, interpolation_duration: 1 }
$data merge entity $(bone_neck_0) { transformation: [-0.149713949620452f,0.8919591672068748f,-0.4266082246331672f,0.24471245206685535f,0.4235906430653271f,0.4477314793488395f,0.7874690403486364f,1.0347374131969327f,0.8933961609479567f,-0.06281215197489955f,-0.4448572053678965f,0.2612187249678963f,0f,0f,0f,1f], start_interpolation: 0, interpolation_duration: 1 }
$data merge entity $(bone_neck_1) { transformation: [-0.35807879421277294f,0.9237514965049498f,-0.13587770177623748f,0.23745743500703348f,0.571107360210367f,0.3318220510412491f,0.7508198915561073f,1.0998703752342023f,0.7386582161248005f,0.19125192586649722f,-0.6463797185893778f,0.20734295278554576f,0f,0f,0f,1f], start_interpolation: 0, interpolation_duration: 1 }
$data merge entity $(bone_neck_2) { transformation: [-0.3673793493905771f,0.9151151283345621f,0.16612259188495151f,0.260970569028945f,0.6980249353147329f,0.15324854788452583f,0.6994827176207767f,1.1626507064822964f,0.6146491709261628f,0.3729332171642826f,-0.6950735300781341f,0.15010054777852466f,0f,0f,0f,1f], start_interpolation: 0, interpolation_duration: 1 }
$data merge entity $(bone_body_0) { transformation: [-0.3670239668628785f,0.9292584983350487f,-0.042095736367559256f,0.24998335510768993f,0.6923031039244465f,0.3031005914385775f,0.6548636833465127f,1.474172916713887f,0.6212968855907888f,0.21120765786702644f,-0.7545737241737958f,-0.20351520182236382f,0f,0f,0f,1f], start_interpolation: 0, interpolation_duration: 1 }
$data merge entity $(bone_leg_left_3) { transformation: [-0.5964654317774618f,-0.11151756495922063f,-0.7948539623101164f,0.5074538057975839f,0.37578200061026323f,0.8362617268596146f,-0.3993171824591609f,0.7356480431074928f,0.7092368269568878f,-0.536870707801553f,-0.45689491832672446f,-0.07197708030312638f,0f,0f,0f,1f], start_interpolation: 0, interpolation_duration: 1 }
$data merge entity $(bone_leg_left_2) { transformation: [-0.5491540884212901f,-0.4360929313502846f,-0.7485418771833623f,0.3818159341267273f,0.2888252893527718f,0.7433946976927612f,-0.644985639509338f,0.8894473998246923f,0.8167447207672442f,-0.5561020393500619f,-0.2752104329967012f,-0.2088418133113362f,0f,0f,0f,1f], start_interpolation: 0, interpolation_duration: 1 }
$data merge entity $(bone_leg_left_1) { transformation: [-0.8171459499966424f,0.27987137697726294f,-0.5039290711528117f,0.5008487217812494f,0.29526454462077534f,0.9540494996853004f,0.05107250571602806f,1.1400437627145785f,0.49506701071064246f,-0.10705869651307276f,-0.8622337794397468f,-0.20205623822004493f,0f,0f,0f,1f], start_interpolation: 0, interpolation_duration: 1 }
$data merge entity $(bone_leg_left_0) { transformation: [-0.8157612299183487f,-0.2895394215051844f,-0.500700049087821f,0.3330731013786459f,0.35240675006013256f,0.437624851859951f,-0.8272206305131728f,1.4201867469326543f,0.458631767624266f,-0.8512645960152454f,-0.2549617408491756f,-0.46220721007363125f,0f,0f,0f,1f], start_interpolation: 0, interpolation_duration: 1 }
$data merge entity $(bone_leg_right_3) { transformation: [-0.5204663320605257f,0.7449259431400352f,-0.41737289853126724f,-0.3227816645206908f,0.8047199854671186f,0.5913735163544426f,0.05199143337495741f,1.2777185749114137f,0.2855530461775239f,-0.3088085222132176f,-0.9072467990724606f,0.018410596256435874f,0f,0f,0f,1f], start_interpolation: 0, interpolation_duration: 1 }
$data merge entity $(bone_leg_right_2) { transformation: [-0.5223735151423335f,0.6645635060296408f,-0.5809849022411236f,-0.18501751302704705f,0.8304021082737237f,0.5989209023467861f,-0.06154909266074615f,1.414135757206211f,0.29936674623794085f,-0.5017083801237507f,-0.8430483094468578f,-0.12505529865939455f,0f,0f,0f,1f], start_interpolation: 0, interpolation_duration: 1 }
$data merge entity $(bone_leg_right_1) { transformation: [-0.5915794568092076f,0.7812779434277626f,0.19909425254037014f,0.0048904020957338395f,0.5548042890066449f,0.21530201514779862f,0.803639996001399f,1.4410538089642133f,0.585000809555982f,0.5858752575306305f,-0.5608246030910763f,0.07550339081338242f,0f,0f,0f,1f], start_interpolation: 0, interpolation_duration: 1 }
$data merge entity $(bone_leg_right_0) { transformation: [-0.6070667602991809f,-0.2587669332636233f,-0.7513385540415163f,0.03504081530655892f,0.5852016362826535f,0.49406571362305196f,-0.6429915361140063f,1.6193389089953087f,0.5375955667897214f,-0.8300233399558619f,-0.14850003938233236f,-0.3008111774065736f,0f,0f,0f,1f], start_interpolation: 0, interpolation_duration: 1 }
$data merge entity $(bone_tail_4) { transformation: [-0.9132827447658625f,2.6049188709179596f,-0.07728929840821581f,-0.21728508563245957f,2.6050910723158993f,0.9147788463410373f,0.04838903622681035f,2.0359099274438592f,0.0712493133505926f,-0.056909312264891466f,-2.7599540208352398f,-1.899853881600429f,0f,0f,0f,1f], start_interpolation: 0, interpolation_duration: 1 }
$data merge entity $(bone_tail_3) { transformation: [-0.3864163786949116f,2.0375675491639007f,-0.18693953812655098f,-0.20552624624302668f,1.9861717379563686f,0.4192405734086914f,0.46400936951291755f,1.9531284872944255f,0.49168052194909473f,-0.09220276702252116f,-2.021310080154379f,-1.5562121112962866f,0f,0f,0f,1f], start_interpolation: 0, interpolation_duration: 1 }
$data merge entity $(bone_tail_2) { transformation: [-0.5742083615823856f,1.867823196043716f,-0.017179662764036062f,-0.2023127260337127f,1.6200509186848686f,0.5069422122114678f,0.968100454162291f,1.774479294240051f,0.929781508398593f,0.2702220879239094f,-1.6974275374344723f,-1.2399122170850716f,0f,0f,0f,1f], start_interpolation: 0, interpolation_duration: 1 }
$data merge entity $(bone_tail_1) { transformation: [0.14513739611930163f,1.4839665257770354f,-0.25383998231355237f,-0.16596781188317772f,1.1808250349060514f,0.045992118593052356f,0.944030302461974f,1.569644172524302f,0.9339398391689006f,-0.28876344193917336f,-1.15413530463833f,-0.9889176013541505f,0f,0f,0f,1f], start_interpolation: 0, interpolation_duration: 1 }
$data merge entity $(bone_tail_0) { transformation: [-0.17201523779689776f,1.2082759624669157f,-0.37988902731502056f,-0.025797557330208082f,1.143260600532156f,0.31312976130602727f,0.47826840627341505f,1.437439407151262f,0.5451620619784162f,-0.27541726106601644f,-1.1228443236131904f,-0.6674427017865538f,0f,0f,0f,1f], start_interpolation: 0, interpolation_duration: 1 }
$data merge entity $(bone_body_1) { transformation: [-0.9373452107889854f,0.39001461665933745f,-0.7056041026377844f,0.11197526042545833f,0.6263560495004519f,1.0335766109264712f,-0.2607720914058631f,1.4284465460514828f,0.5076087569392302f,-0.5551689681475996f,-0.9811856917733713f,-0.401936202913296f,0f,0f,0f,1f], start_interpolation: 0, interpolation_duration: 1 }