# This file was generated by Animated Java via MC-Build. It is not recommended to edit this file directly.
$data merge entity $(bone_head_lower) { transformation: [0.3589613121184906f,0.92636347728172f,0.11400651016802082f,0.3843711818643816f,0.48163331395660264f,-0.28847418954404463f,0.8275336807973963f,0.8008567898284124f,0.7994849137346821f,-0.2421432425764265f,-0.5497185850826056f,0.3153394816661766f,0f,0f,0f,1f], start_interpolation: 0, interpolation_duration: 1 }
$data merge entity $(bone_head_upper) { transformation: [0.3736426802169235f,0.7777748005730808f,0.5821764764204447f,0.4420856113204398f,0.5013319158168803f,-0.6886428821798846f,0.5982551575957078f,0.8267912581514756f,0.8321835135877166f,0.06564512929374736f,-0.6217984072802994f,0.27420671520002976f,0f,0f,0f,1f], start_interpolation: 0, interpolation_duration: 1 }
$data merge entity $(bone_neck_0) { transformation: [0.22442391150857174f,0.8941366881526664f,-0.38749643978051385f,0.40244333303699287f,0.5068701128528358f,0.23251097573888435f,0.830073090069486f,0.8765274690428754f,0.8322959789880918f,-0.3826986138730223f,-0.4010301413858083f,0.2542183347513579f,0f,0f,0f,1f], start_interpolation: 0, interpolation_duration: 1 }
$data merge entity $(bone_neck_1) { transformation: [-0.017474660946576716f,0.9808663612663687f,-0.19389640935529207f,0.3905364909922859f,0.6705421577991311f,0.15534703115627915f,0.7254243685767765f,0.938696098610324f,0.7416655923250635f,-0.11733917183533743f,-0.6604268830946466f,0.19773094275315184f,0f,0f,0f,1f], start_interpolation: 0, interpolation_duration: 1 }
$data merge entity $(bone_neck_2) { transformation: [-0.04189542096578708f,0.9970879114097673f,0.06372182218523734f,0.40588111436202534f,0.7918240799684534f,-0.005759292086393308f,0.6107220783112198f,0.9921435460168909f,0.6093105941014088f,0.07604293178968805f,-0.7892769301332817f,0.12932887192555373f,0f,0f,0f,1f], start_interpolation: 0, interpolation_duration: 1 }
$data merge entity $(bone_body_0) { transformation: [-0.040924643230529245f,0.986782916307137f,-0.15679492868340889f,0.34138459321098813f,0.7881089341498062f,0.12834107470902503f,0.6020073724264419f,1.2770899722767732f,0.6141738202575149f,-0.0989345471860757f,-0.782944745102345f,-0.24061252562851868f,0f,0f,0f,1f], start_interpolation: 0, interpolation_duration: 1 }
$data merge entity $(bone_leg_left_3) { transformation: [-0.31225633847253015f,-0.14094285651876268f,-0.9394844811278468f,0.4610753900930912f,0.3512372195363994f,0.9017308367806348f,-0.25201966909595536f,0.44405945558928134f,0.8826824993711317f,-0.4086766560439036f,-0.23206679234372402f,-0.2581465602469479f,0f,0f,0f,1f], start_interpolation: 0, interpolation_duration: 1 }
$data merge entity $(bone_leg_left_2) { transformation: [-0.27293753569235507f,-0.43216491180272243f,-0.8892698072674138f,0.3324325270588262f,0.2766043483840514f,0.8523189095266177f,-0.4991039074372045f,0.6277383275763779f,0.9492403992487431f,-0.3726233553745609f,-0.11025742135650084f,-0.3469393405948496f,0f,0f,0f,1f], start_interpolation: 0, interpolation_duration: 1 }
$data merge entity $(bone_leg_left_1) { transformation: [-0.6181875053368202f,0.3325298400825246f,-0.7122275715669318f,0.4728559631302359f,0.33015450367531357f,0.9321492661728876f,0.14864639005456654f,0.8665152731391934f,0.7133317684979033f,-0.1432537993493979f,-0.6860292537666426f,-0.36367895018876134f,0f,0f,0f,1f], start_interpolation: 0, interpolation_duration: 1 }
$data merge entity $(bone_leg_left_0) { transformation: [-0.6054027299891341f,-0.25951027835028917f,-0.7524240492915273f,0.36182223322231155f,0.4074550910445924f,0.7110321218930764f,-0.5730738786736596f,1.239718483544796f,0.6837162301010168f,-0.6535195001427156f,-0.3247220036118108f,-0.5143380127443826f,0f,0f,0f,1f], start_interpolation: 0, interpolation_duration: 1 }
$data merge entity $(bone_leg_right_3) { transformation: [-0.22410870948550668f,0.823157670957676f,-0.5217151857826978f,-0.29387480955911793f,0.8484592558528122f,0.42817308077700633f,0.31110240123730865f,1.2214164119901607f,0.4794707264165692f,-0.37293332063716406f,-0.7943730615196528f,0.02785609193883562f,0f,0f,0f,1f], start_interpolation: 0, interpolation_duration: 1 }
$data merge entity $(bone_leg_right_2) { transformation: [-0.2004712344023795f,0.7515739361864808f,-0.6685881408782539f,-0.13903537779804356f,0.8722332020067941f,0.4694716076467955f,0.2662101621486357f,1.3377234848425275f,0.5010815552331331f,-0.5165222430441766f,-0.7308790918793969f,-0.11590929764585362f,0f,0f,0f,1f], start_interpolation: 0, interpolation_duration: 1 }
$data merge entity $(bone_leg_right_1) { transformation: [-0.3154919175072194f,0.8559998394531108f,0.4095474634811773f,0.0655089482067254f,0.5985304001628939f,-0.15540271010165116f,0.7858825343357034f,1.2657452692816817f,0.736360108960598f,0.49306619489609194f,-0.4633136274514551f,0.057278868357764745f,0f,0f,0f,1f], start_interpolation: 0, interpolation_duration: 1 }
$data merge entity $(bone_leg_right_0) { transformation: [-0.2966858076398478f,-0.02645507634402816f,-0.954608642575963f,0.16733026296573134f,0.6597799132329298f,0.7170069685523792f,-0.22492548353104613f,1.4888595262319182f,0.6904114698058242f,-0.6965638061103658f,-0.19527126357352842f,-0.28059644410342177f,0f,0f,0f,1f], start_interpolation: 0, interpolation_duration: 1 }
$data merge entity $(bone_tail_4) { transformation: [0.7988943363033802f,2.5797991524475687f,0.5762512508040093f,0.15101594959825346f,2.4085524764408883f,-0.9584633970620385f,0.9517794998437219f,2.291493156693089f,1.0891758991333074f,0.22725664153793398f,-2.5273922551167347f,-1.6545250077585938f,0f,0f,0f,1f], start_interpolation: 0, interpolation_duration: 1 }
$data merge entity $(bone_tail_3) { transformation: [0.767835343557917f,1.9039316170081189f,0.3484520181956022f,0.07329989847217509f,1.5682517933559992f,-0.8316747488832497f,1.088507671424562f,2.1150610708064064f,1.134442913444054f,-0.13894976024188208f,-1.7405969568828206f,-1.358024353624731f,0f,0f,0f,1f], start_interpolation: 0, interpolation_duration: 1 }
$data merge entity $(bone_tail_2) { transformation: [0.3315661235053952f,1.8281954272808993f,0.6054248594297977f,-0.03856706127169522f,1.353577059552382f,-0.6582234156688053f,1.246332601644359f,1.8842148319422365f,1.3699149333443699f,0.2078876853911183f,-1.3780020539409914f,-1.1007943373181759f,0f,0f,0f,1f], start_interpolation: 0, interpolation_duration: 1 }
$data merge entity $(bone_tail_1) { transformation: [0.6749709631225501f,1.3363652410455331f,0.21493811078245492f,-0.10179987746346673f,0.6774075558900879f,-0.5414541632329115f,1.2391943521259148f,1.6235255747345931f,1.1718316654555958f,-0.45674016863317524f,-0.8401519006658881f,-0.9155393802136143f,0f,0f,0f,1f], start_interpolation: 0, interpolation_duration: 1 }
$data merge entity $(bone_tail_0) { transformation: [0.34033678009651025f,1.2090174017433917f,-0.23724146977125427f,-0.0032966624119866728f,0.9863965677348671f,-0.11989491962652686f,0.8040415014118678f,1.3856726823742382f,0.7382603902813976f,-0.39716224280945195f,-0.964919408869027f,-0.6431517345299f,0f,0f,0f,1f], start_interpolation: 0, interpolation_duration: 1 }
$data merge entity $(bone_body_1) { transformation: [-0.6116992197711884f,0.5883581995414868f,-0.8990346426138811f,0.16608619850662223f,0.7835767267082685f,0.9521137569551639f,0.08995277780107054f,1.3006283033723531f,0.7351436410312782f,-0.5252795616671881f,-0.8439489345939436f,-0.41156412295656447f,0f,0f,0f,1f], start_interpolation: 0, interpolation_duration: 1 }