# This file was generated by Animated Java via MC-Build. It is not recommended to edit this file directly.
$data merge entity $(bone_head_lower) { transformation: [0.7191495006731107f,0.6831728720342646f,-0.12688113570610354f,0.6459634728103991f,0.44030235041893895f,-0.3067729802846766f,0.8438152515703987f,0.6310023153847035f,0.5375479847391987f,-0.6626953791024294f,-0.5214182568908706f,0.24780818815710032f,0f,0f,0f,1f], start_interpolation: 0, interpolation_duration: 1 }
$data merge entity $(bone_head_upper) { transformation: [0.7485624156050157f,0.6695146229676441f,0.27363556450064214f,0.68009333679416f,0.4583105330917609f,-0.7437275538676174f,0.5659440992348478f,0.6534590776589663f,0.559533473336705f,-0.2865160341657885f,-0.8296401611332342f,0.18435503453646374f,0f,0f,0f,1f], start_interpolation: 0, interpolation_duration: 1 }
$data merge entity $(bone_neck_0) { transformation: [0.6225911594841949f,0.6558087962586044f,-0.4269602685051228f,0.6416391041089368f,0.5250216351491794f,0.054529171836119356f,0.8493402451574685f,0.7073242521068529f,0.5802865936392189f,-0.752955106343471f,-0.3103644262377449f,0.17632065686384119f,0f,0f,0f,1f], start_interpolation: 0, interpolation_duration: 1 }
$data merge entity $(bone_neck_1) { transformation: [0.36753485435930344f,0.8482065925736049f,-0.38139704658762213f,0.6132373501728913f,0.7071892096974008f,0.011441788642075304f,0.7069317556597919f,0.7672633611805807f,0.6039880400460356f,-0.5295419358156117f,-0.5956372937400775f,0.12342282683901577f,0f,0f,0f,1f], start_interpolation: 0, interpolation_duration: 1 }
$data merge entity $(bone_neck_2) { transformation: [0.3001789630740061f,0.9275950350597831f,-0.22239613544361486f,0.602835515877147f,0.8235540214829464f,-0.1343833935459937f,0.551089717957366f,0.8142272562340944f,0.4813017388573215f,-0.3485807718040439f,-0.8042636891601013f,0.04955047207197816f,0f,0f,0f,1f], start_interpolation: 0, interpolation_duration: 1 }
$data merge entity $(bone_body_0) { transformation: [0.30180308687211904f,0.8564652802383629f,-0.4187864855755055f,0.4136219180506028f,0.8213514486735132f,-0.010557460735614005f,0.5703247651862378f,1.0829186063381662f,0.48404203796404044f,-0.516096661265154f,-0.7066452729018851f,-0.28840526094628405f,0f,0f,0f,1f], start_interpolation: 0, interpolation_duration: 1 }
$data merge entity $(bone_leg_left_3) { transformation: [-0.03615003715469121f,-0.09188682687494587f,-0.9951130517989244f,0.3286564018556352f,0.28931324804709957f,0.9521603026504099f,-0.09843069928186732f,0.21894304082738986f,0.9565516291963292f,-0.29145766262621037f,-0.00783655398210198f,-0.4014528062461851f,0f,0f,0f,1f], start_interpolation: 0, interpolation_duration: 1 }
$data merge entity $(bone_leg_left_2) { transformation: [-0.013287561206560813f,-0.342251498897173f,-0.9668244678950338f,0.21897825376248986f,0.23654364889809365f,0.9398152699103253f,-0.3359413045608595f,0.42799749333751247f,0.9979642991529565f,-0.22731777195528613f,0.06675393374271955f,-0.4508290331430087f,0f,0f,0f,1f], start_interpolation: 0, interpolation_duration: 1 }
$data merge entity $(bone_leg_left_1) { transformation: [-0.39519859649410083f,0.39203786652930017f,-0.8307372512029587f,0.37741250650258745f,0.3387332991176102f,0.902818615599134f,0.26491187099970176f,0.6524690805355126f,0.8538605397826935f,-0.1767055701861649f,-0.4895889296820239f,-0.4898736199542829f,0f,0f,0f,1f], start_interpolation: 0, interpolation_duration: 1 }
$data merge entity $(bone_leg_left_0) { transformation: [-0.3600549610674672f,-0.09006779991445774f,-0.9285732154382196f,0.3757750087394713f,0.4271308677348322f,0.8689682809088115f,-0.249906679787624f,1.0636631433435626f,0.8294092155497154f,-0.486602423126883f,-0.27440560301905625f,-0.5621511398130759f,0f,0f,0f,1f], start_interpolation: 0, interpolation_duration: 1 }
$data merge entity $(bone_leg_right_3) { transformation: [0.08923299530906979f,0.8527556176745448f,-0.5146312554370136f,-0.29671361588961126f,0.8374915899705166f,0.21543294246612127f,0.502191680565344f,1.2750829725167143f,0.5391153023953481f,-0.47581141624060885f,-0.6949519313580459f,0.011935244781626192f,0f,0f,0f,1f], start_interpolation: 0, interpolation_duration: 1 }
$data merge entity $(bone_leg_right_2) { transformation: [0.14034622563404195f,0.8022372764888681f,-0.623522644867607f,-0.1292006441895573f,0.8468478062001639f,0.25545196416446103f,0.5192834357450491f,1.3493628572704501f,0.5614391592906062f,-0.5858513853503601f,-0.6273965446181667f,-0.14488623046715549f,0f,0f,0f,1f], start_interpolation: 0, interpolation_duration: 1 }
$data merge entity $(bone_leg_right_1) { transformation: [-0.016845975111815247f,0.7773552077596664f,0.6288363015057721f,0.04829585598967984f,0.6301624846038614f,-0.4800374327897991f,0.6102944421494162f,1.1991340390762282f,0.7762805266914922f,0.40655005114930826f,-0.4817733904960655f,0.0065722795871003825f,0f,0f,0f,1f], start_interpolation: 0, interpolation_duration: 1 }
$data merge entity $(bone_leg_right_0) { transformation: [0.03697774628471376f,0.4897212749812031f,-0.8710945523365925f,0.3071892748295412f,0.6709064748518209f,0.6338669721757796f,0.3848339428722633f,1.3386728551871474f,0.7406194355278604f,-0.5986532672720447f,-0.3051182021822023f,-0.28975590848184496f,0f,0f,0f,1f], start_interpolation: 0, interpolation_duration: 1 }
$data merge entity $(bone_tail_4) { transformation: [1.9676442197677761f,1.2974956710033865f,1.438937990235136f,0.6088278438940132f,1.1486050523497695f,-2.4327475182803644f,0.6229825660620946f,2.158571717016007f,1.5603666202950652f,0.15461509508518015f,-2.2731061379180595f,-1.4999243394911663f,0f,0f,0f,1f], start_interpolation: 0, interpolation_duration: 1 }
$data merge entity $(bone_tail_3) { transformation: [1.4515378948845499f,1.0607757588780553f,1.0505893846480938f,0.42030618429438726f,0.6009766884360065f,-1.75647429564309f,0.9431705014185117f,2.0158333339458268f,1.3666785597627062f,-0.3542574828655581f,-1.5305675013416227f,-1.2369299644656178f,0f,0f,0f,1f], start_interpolation: 0, interpolation_duration: 1 }
$data merge entity $(bone_tail_2) { transformation: [0.9857469719259635f,1.198398154479805f,1.1878209653314629f,0.20050692917087376f,0.7563412984017961f,-1.5435450014901781f,0.9296184936356143f,1.843211268189019f,1.5083184752145207f,-0.00919601635819981f,-1.242443031133605f,-1.004849388306945f,0f,0f,0f,1f], start_interpolation: 0, interpolation_duration: 1 }
$data merge entity $(bone_tail_1) { transformation: [0.9196003858265531f,0.9537517345300697f,0.72962251148696f,0.030963115072810025f,0.1134066906389299f,-0.983863723331042f,1.1431567462214032f,1.609135062694309f,1.1954623803809057f,-0.6403327672343992f,-0.6697013470943269f,-0.8540518348748427f,0f,0f,0f,1f], start_interpolation: 0, interpolation_duration: 1 }
$data merge entity $(bone_tail_0) { transformation: [0.7468527362495688f,1.0373239276943422f,0.0024033254759186864f,0.055293281715928594f,0.6931212105082658f,-0.5012342016838297f,0.9498331322869075f,1.3194760711071503f,0.7717704934008013f,-0.5536777588807277f,-0.8553636427980362f,-0.6174559285607022f,0f,0f,0f,1f], start_interpolation: 0, interpolation_duration: 1 }
$data merge entity $(bone_body_1) { transformation: [-0.21570988182592665f,0.7508467355335102f,-0.9582812852589611f,0.2275054011382074f,0.864936613795904f,0.7793900285918902f,0.41598128864536416f,1.170268799104177f,0.8567137772057657f,-0.5978168265668455f,-0.6612572425884091f,-0.4234556767243998f,0f,0f,0f,1f], start_interpolation: 0, interpolation_duration: 1 }