# This file was generated by Animated Java via MC-Build. It is not recommended to edit this file directly.
$data merge entity $(bone_head_lower) { transformation: [0.8327281693257981f,0.10092799571096131f,-0.5444054883017558f,1.1741282664925967f,0.5325257682223962f,0.12320769624655215f,0.8373984534048078f,0.3800713395146302f,0.1515918935512446f,-0.9872352319824218f,0.04885176089111393f,-0.4252306317875165f,0f,0f,0f,1f], start_interpolation: 0, interpolation_duration: 1 }
$data merge entity $(bone_head_upper) { transformation: [0.8667864044811527f,0.39268520871503804f,-0.4218430969526106f,1.1541342325963597f,0.5543058502569554f,-0.35942910551957147f,0.8043803112084615f,0.42762438584331985f,0.15779193883420156f,-0.894472463268342f,-0.5084217334822698f,-0.4803160462382991f,0f,0f,0f,1f], start_interpolation: 0, interpolation_duration: 1 }
$data merge entity $(bone_neck_0) { transformation: [0.7850760028524987f,-0.053299480864513f,-0.6171019649010339f,1.1148427353072106f,0.6170648573042213f,0.15372071443832458f,0.7717518408353115f,0.4748327424027427f,0.05372738245312641f,-0.9866757863108554f,0.15357168060092002f,-0.45438757605527313f,0f,0f,0f,1f], start_interpolation: 0, interpolation_duration: 1 }
$data merge entity $(bone_neck_1) { transformation: [0.6559613252630083f,0.20904170651078785f,-0.7252698151021144f,1.0543658918134202f,0.6548753468132814f,0.32015661122946504f,0.6845714165974572f,0.5342998478767479f,0.37530390338415365f,-0.924013695366645f,0.07311409494410122f,-0.4524506681838538f,0f,0f,0f,1f], start_interpolation: 0, interpolation_duration: 1 }
$data merge entity $(bone_neck_2) { transformation: [0.5557557232099257f,0.31137098947926123f,-0.7708331097131973f,0.9898836467480916f,0.7200197443870844f,0.28322447989661087f,0.6335262123069982f,0.592574440194921f,0.41558049017268606f,-0.9071008769139186f,-0.06678963459871519f,-0.46718302561999614f,0f,0f,0f,1f], start_interpolation: 0, interpolation_duration: 1 }
$data merge entity $(bone_body_0) { transformation: [0.5432569084321696f,0.14437440708744212f,-0.8270598297698122f,0.6014687971474575f,0.7274910655051499f,0.41077815823242697f,0.549561692923876f,0.8554939806434569f,0.41908075719472354f,-0.900231823086323f,0.11812698104909128f,-0.42008605583241443f,0f,0f,0f,1f], start_interpolation: 0, interpolation_duration: 1 }
$data merge entity $(bone_leg_left_3) { transformation: [0.6109416413199533f,0.132706589806876f,-0.7804737483881896f,0.14653285475175157f,-0.12395127510489884f,0.9897263046337491f,0.07125954894533654f,0.06770086130913011f,0.7819120105876052f,0.05320529050623243f,0.6211141640318599f,-0.6718822187582871f,0f,0f,0f,1f], start_interpolation: 0, interpolation_duration: 1 }
$data merge entity $(bone_leg_left_2) { transformation: [0.6211906676422846f,-0.0645886876099742f,-0.8136416013009955f,0.10729585727237631f,-0.06646520503947224f,1.0150855153531049f,-0.1313239221927079f,0.30015421101184714f,0.8134904611941605f,0.13225693726166746f,0.6105764256773838f,-0.6209217408680097f,0f,0f,0f,1f], start_interpolation: 0, interpolation_duration: 1 }
$data merge entity $(bone_leg_left_1) { transformation: [0.31755553111143653f,0.5566476174427151f,-0.767660025438268f,0.29290911184337604f,-0.10765494691587603f,0.8254929816405204f,0.5540503132990569f,0.4971741220913647f,0.9421087501265835f,-0.09329934221414317f,0.32206573192026317f,-0.682112099794444f,0f,0f,0f,1f], start_interpolation: 0, interpolation_duration: 1 }
$data merge entity $(bone_leg_left_0) { transformation: [0.3143487846342515f,-0.01394709018209167f,-0.9492050991616203f,0.40125535996241957f,0.029393649322577604f,0.9995556438318625f,-0.00495260167710454f,0.8934530910944687f,0.948852388403207f,-0.026343757501983936f,0.31461905769073556f,-0.6077390683326525f,0f,0f,0f,1f], start_interpolation: 0, interpolation_duration: 1 }
$data merge entity $(bone_leg_right_3) { transformation: [0.48736099152068796f,0.6186270297136905f,-0.6162628189754661f,0.055770854695647895f,0.536421825197309f,0.3447715753778255f,0.7703143425014749f,1.2267164630433367f,0.6890071765924934f,-0.7059979879001841f,-0.1638168235711212f,0.1871493064714385f,0f,0f,0f,1f], start_interpolation: 0, interpolation_duration: 1 }
$data merge entity $(bone_leg_right_2) { transformation: [0.5987303696354559f,0.5878119289794357f,-0.5899671856352343f,0.17362747600504563f,0.5042336314178684f,0.3224306160919182f,0.8329760754394024f,1.3268350061412244f,0.6628216871256053f,-0.7762588701308054f,-0.10075602771003671f,0.002062391192412888f,0f,0f,0f,1f], start_interpolation: 0, interpolation_duration: 1 }
$data merge entity $(bone_leg_right_1) { transformation: [0.528711176795061f,0.5695939605057109f,0.6293069296356112f,0.30552188914665396f,0.3245312429037148f,-0.8207278095254417f,0.47019712360981114f,1.085394658374613f,0.7843111397343223f,-0.04436871450683044f,-0.6187790019559968f,0.03844656236799554f,0f,0f,0f,1f], start_interpolation: 0, interpolation_duration: 1 }
$data merge entity $(bone_leg_right_0) { transformation: [0.5695054644327733f,0.6752303605738701f,-0.46875098521548997f,0.5425789297670365f,0.3431959244785918f,0.3228551391309883f,0.8820323784068218f,1.1004498098685793f,0.7469137054590014f,-0.6631956870306016f,-0.047868541877861215f,-0.30489667765611383f,0f,0f,0f,1f], start_interpolation: 0, interpolation_duration: 1 }
$data merge entity $(bone_tail_4) { transformation: [1.8622297794863645f,-1.4472562993108717f,1.4363881035775696f,0.9295534966300923f,-1.6666981059490729f,-2.201032680642597f,-0.05686733657411997f,2.0074169881407227f,1.1746825118388105f,-0.828592586527458f,-2.357799112208629f,-0.8766968691196755f,0f,0f,0f,1f], start_interpolation: 0, interpolation_duration: 1 }
$data merge entity $(bone_tail_3) { transformation: [1.3644409490264535f,-0.4845673033209677f,1.4964761779649154f,0.680548309298019f,-1.2939296798199338f,-1.4722108784601078f,0.7030552176530975f,1.902611543244262f,0.8944229460078259f,-1.3905880712635235f,-1.2657874765373216f,-0.6484580931929286f,0f,0f,0f,1f], start_interpolation: 0, interpolation_duration: 1 }
$data merge entity $(bone_tail_2) { transformation: [1.3545636577177476f,0.14889333206356917f,1.400629125736039f,0.42121146890633415f,-0.7361837535984592f,-1.5818292347981542f,0.8801270521227853f,1.73807707834021f,1.2008183264469174f,-1.1377262072254768f,-1.040378921001542f,-0.45443671023853444f,0f,0f,0f,1f], start_interpolation: 0, interpolation_duration: 1 }
$data merge entity $(bone_tail_1) { transformation: [0.9674864113720998f,0.5185425428680022f,1.0405478965652293f,0.190034214750205f,-0.8403323317631797f,-0.6235818411530416f,1.092082189937021f,1.511498649162934f,0.803410148058757f,-1.2766814671718898f,-0.11078273952217292f,-0.4157589441290654f,0f,0f,0f,1f], start_interpolation: 0, interpolation_duration: 1 }
$data merge entity $(bone_tail_0) { transformation: [1.0957917672522386f,0.6215938231415017f,0.2160954382641503f,0.1418862713887653f,-0.11487866778858111f,-0.23260317725175414f,1.251612707750899f,1.1401351967590079f,0.647980718149363f,-1.0924067912406752f,-0.14354131092446873f,-0.4001745586910195f,0f,0f,0f,1f], start_interpolation: 0, interpolation_duration: 1 }
$data merge entity $(bone_body_1) { transformation: [0.44447859349010066f,0.29452064529581273f,-1.1154823909322145f,0.3813822463363819f,0.6510280666203272f,0.9228665207181522f,0.5030749809585255f,0.9610157013567019f,0.9524735332059943f,-0.76823145567489f,0.17668954159762618f,-0.3895065617963306f,0f,0f,0f,1f], start_interpolation: 0, interpolation_duration: 1 }