# This file was generated by Animated Java via MC-Build. It is not recommended to edit this file directly.
$data merge entity $(bone_head_lower) { transformation: [0.3849417527564726f,0.3974870497019085f,-0.8329609188335593f,0.7654516955133825f,-0.5107910019635606f,0.8434409597497865f,0.16643286853689976f,1.2665264547035973f,0.7687082667031988f,0.36140198219660036f,0.5277084497774616f,-0.31103859995325683f,0f,0f,0f,1f], start_interpolation: 0, interpolation_duration: 1 }
$data merge entity $(bone_head_upper) { transformation: [0.40068571005181536f,0.020975933859855963f,-0.9604597412398328f,0.6998355246606671f,-0.5316821411142861f,0.8715900832910475f,-0.20277270554081067f,1.2719541141812565f,0.8001481145162486f,0.5686498742556083f,0.3462257326206127f,-0.27415343861405844f,0f,0f,0f,1f], start_interpolation: 0, interpolation_duration: 1 }
$data merge entity $(bone_neck_0) { transformation: [0.38152611357340355f,-0.535207578470001f,-0.7536515591504154f,0.6596671436366571f,-0.17741798273945675f,0.7577654491567597f,-0.6279445703761726f,1.219107415000305f,0.9071718051517231f,0.3732885907880548f,0.1941518578979657f,-0.2679515190817799f,0f,0f,0f,1f], start_interpolation: 0, interpolation_duration: 1 }
$data merge entity $(bone_neck_1) { transformation: [0.5912178071119532f,-0.486338088876818f,-0.6433791789150294f,0.6029239840476365f,-0.3175396684079631f,0.5929321579340576f,-0.7400000101858258f,1.1591512659725143f,0.741370395646531f,0.641799594418153f,0.19612041470382435f,-0.24838085536938787f,0f,0f,0f,1f], start_interpolation: 0, interpolation_duration: 1 }
$data merge entity $(bone_neck_2) { transformation: [0.6889991615020526f,-0.5542756905715345f,-0.46696746598763883f,0.5565874263381224f,-0.2307271354785605f,0.44303762964482796f,-0.8663040157315157f,1.087594152207057f,0.6870554158168948f,0.7046248062338855f,0.17736611298817212f,-0.2259435363822429f,0f,0f,0f,1f], start_interpolation: 0, interpolation_duration: 1 }
$data merge entity $(bone_body_0) { transformation: [0.6933945969464927f,-0.627727674335737f,-0.35378227739452633f,0.38387127492798157f,-0.21416263810447803f,0.2892575798017184f,-0.9329868257201613f,0.6506364999653275f,0.6879958556310793f,0.722694969818041f,0.06613382821340032f,-0.18789033819089404f,0f,0f,0f,1f], start_interpolation: 0, interpolation_duration: 1 }
$data merge entity $(bone_leg_left_3) { transformation: [0.9486369986091887f,-0.18296798776116546f,-0.2580902174131743f,0.21810036150462644f,0.16488393322333975f,0.9821755905184353f,-0.0902463182327361f,0.06904901800456298f,0.2700020989447132f,0.04305606629028144f,0.961896585772637f,-0.596559055649222f,0f,0f,0f,1f], start_interpolation: 0, interpolation_duration: 1 }
$data merge entity $(bone_leg_left_2) { transformation: [0.975172900309595f,-0.22858937586404252f,-0.22101337345182107f,0.15949906876147385f,0.15515462044032488f,0.9644126802093597f,-0.31288564286031445f,0.2844233491860767f,0.2775374889244429f,0.2640402980497127f,0.9514819298063563f,-0.5051760264645719f,0f,0f,0f,1f], start_interpolation: 0, interpolation_duration: 1 }
$data merge entity $(bone_leg_left_1) { transformation: [0.7983084742092381f,0.500368493671473f,-0.33516406511835206f,0.2973105849185456f,-0.1498606543002364f,0.7040588326332863f,0.6941490794373778f,0.4418636366530084f,0.5833055496893742f,-0.5039171863828371f,0.6370416822858468f,-0.6874777751028796f,0f,0f,0f,1f], start_interpolation: 0, interpolation_duration: 1 }
$data merge entity $(bone_leg_left_0) { transformation: [0.6352118084438602f,-0.6361593086334607f,-0.4379580944022816f,0.15704594132814426f,-0.2336817912304007f,0.38217158721318417f,-0.8940568764761596f,0.6375269436436919f,0.7361377444886467f,0.6702583173418682f,0.09410105830018667f,-0.3463781142698904f,0f,0f,0f,1f], start_interpolation: 0, interpolation_duration: 1 }
$data merge entity $(bone_leg_right_3) { transformation: [0.026780199860243367f,0.06883710981678068f,-0.9972684058003227f,0.27776313670711256f,0.051436866007484164f,0.9962097599837165f,0.07014529869145295f,0.03143147987404843f,0.9983171188108382f,-0.053174866480862226f,0.023137931281100685f,0.19198564223677433f,0f,0f,0f,1f], start_interpolation: 0, interpolation_duration: 1 }
$data merge entity $(bone_leg_right_2) { transformation: [0.18120445975347643f,0.26965469106147005f,-0.972889249017938f,0.3102715015140842f,0.23614584145503048f,0.9496946819008277f,0.3072089716031663f,0.2619317130527124f,0.9815611467604249f,-0.2782598754016157f,0.1056946375769887f,0.12886733436834374f,0f,0f,0f,1f], start_interpolation: 0, interpolation_duration: 1 }
$data merge entity $(bone_leg_right_1) { transformation: [0.367454867690493f,0.8810565778497931f,-0.2978526931860327f,0.5727421239461514f,0.0005404156046744916f,0.32005514838877863f,0.9473987597315138f,0.29864498039027276f,0.9300411970238396f,-0.34828725015057277f,0.11712968548158861f,0.04655880491185535f,0f,0f,0f,1f], start_interpolation: 0, interpolation_duration: 1 }
$data merge entity $(bone_leg_right_0) { transformation: [0.3193062177070383f,-0.8406829028880244f,-0.43737374878402313f,0.24114012078464658f,0.028787655203726253f,0.46992628459426333f,-0.8822361123618228f,0.5516255432470867f,0.9472142367181231f,0.26911251148765974f,0.17425167407892367f,0.02789802035224878f,0f,0f,0f,1f], start_interpolation: 0, interpolation_duration: 1 }
$data merge entity $(bone_tail_4) { transformation: [2.7423575078803877f,-0.15093752775831945f,0.28697472586671025f,-0.13147835793570134f,0.15268700838118066f,2.757221208142397f,-0.008900474222567543f,-0.08566705517879183f,-0.2860477373510798f,0.024706349062290113f,2.7464936955821218f,1.124247846567196f,0f,0f,0f,1f], start_interpolation: 0, interpolation_duration: 1 }
$data merge entity $(bone_tail_3) { transformation: [2.0678889993974003f,-0.06428095063588339f,0.2358994947027403f,-0.17084915521065538f,0.11513443600079061f,2.0283615250785285f,-0.45655132380963553f,-0.02810193203281896f,-0.21569579008974885f,0.46643650051309016f,2.017884496984678f,0.7775247576995967f,0f,0f,0f,1f], start_interpolation: 0, interpolation_duration: 1 }
$data merge entity $(bone_tail_2) { transformation: [1.9418893522895193f,0.17557845626618387f,0.1304293838157272f,-0.19361799301691793f,-0.15665265931866817f,1.9297157941540726f,-0.26538796717915275f,0.021576456844999786f,-0.1526419431079011f,0.253264751772286f,1.9316654155719473f,0.418379770719969f,0f,0f,0f,1f], start_interpolation: 0, interpolation_duration: 1 }
$data merge entity $(bone_tail_1) { transformation: [1.476883699182145f,0.32142131763405934f,0.056206099850890846f,-0.21105293536022793f,-0.273569820010818f,1.3617198146925633f,-0.5987778802301403f,0.13404251901055222f,-0.1778492132940479f,0.5745117342962083f,1.387790392849962f,0.11288986148353011f,0f,0f,0f,1f], start_interpolation: 0, interpolation_duration: 1 }
$data merge entity $(bone_tail_0) { transformation: [1.1542886226467053f,-0.02624934868801448f,-0.548419970374762f,-0.051425317093651834f,-0.2503678042059464f,1.1111183616583842f,-0.5801445212933662f,0.33038749729612427f,0.4886404146501726f,0.6313182039693386f,0.9982502627555196f,-0.16358723393191252f,0f,0f,0f,1f], start_interpolation: 0, interpolation_duration: 1 }
$data merge entity $(bone_body_1) { transformation: [0.26448569518309156f,-0.8417120717868096f,-0.8661251066145833f,0.20663191895387595f,-0.27016960921592603f,0.8229478928461621f,-0.8822526525731875f,0.48006750000000004f,1.177140728356589f,0.37799755147972613f,-0.007883639749582843f,-0.18721521567199143f,0f,0f,0f,1f], start_interpolation: 0, interpolation_duration: 1 }