# This file was generated by Animated Java via MC-Build. It is not recommended to edit this file directly.
$data merge entity $(bone_head_lower) { transformation: [0.37526308498914474f,-0.08939244090589094f,-0.9225977501345409f,0.74306245278532f,-0.5452623514000385f,0.7836184277233023f,-0.2977098048068966f,1.3195884538220584f,0.7495776045147896f,0.6147773184180974f,0.24532073611605457f,-0.19569900945560245f,0f,0f,0f,1f], start_interpolation: 0, interpolation_duration: 1 }
$data merge entity $(bone_head_upper) { transformation: [0.39061118880558204f,-0.8071889984570406f,-0.5285269742721908f,0.6886232368864221f,-0.5675633543796538f,0.2688705140025126f,-0.8300918190470542f,1.2682253391372003f,0.7802350162154427f,0.5996886776098511f,-0.33923259277572826f,-0.20537675268324437f,0f,0f,0f,1f], start_interpolation: 0, interpolation_duration: 1 }
$data merge entity $(bone_neck_0) { transformation: [0.4657446001407718f,-0.8248776782308602f,-0.3204040939129492f,0.6811441250557477f,-0.4428258053237971f,0.0962249878121339f,-0.8914292220136634f,1.2091650303263075f,0.7661509469935038f,0.5570615474765964f,-0.3204608536840919f,-0.2353880682772524f,0f,0f,0f,1f], start_interpolation: 0, interpolation_duration: 1 }
$data merge entity $(bone_neck_1) { transformation: [0.6398060937794869f,-0.5856917726365395f,-0.49760758618463846f,0.6362920226212753f,-0.41256897842673224f,0.284521165568068f,-0.8653522660649307f,1.1371690890867423f,0.6484095930833815f,0.7589551065838192f,-0.05959988076990688f,-0.23694054912025528f,0f,0f,0f,1f], start_interpolation: 0, interpolation_duration: 1 }
$data merge entity $(bone_neck_2) { transformation: [0.6842542662475849f,-0.5145914820096983f,-0.5167124014043415f,0.5859859686866932f,-0.33798567122153444f,0.40407569930948195f,-0.8499932442534363f,1.0666594595843613f,0.6461902081979481f,0.7562528914791767f,0.10256597368755727f,-0.22055081211478425f,0f,0f,0f,1f], start_interpolation: 0, interpolation_duration: 1 }
$data merge entity $(bone_body_0) { transformation: [0.704648075944007f,-0.5996460169262128f,-0.3793359242847121f,0.4014939922122811f,-0.2744733054059234f,0.26263977558647345f,-0.9250322983006773f,0.6331971784285514f,0.6543206352301256f,0.7559398141812713f,0.02048178819414035f,-0.20369655049074734f,0f,0f,0f,1f], start_interpolation: 0, interpolation_duration: 1 }
$data merge entity $(bone_leg_left_3) { transformation: [0.9774365311086975f,-0.006485560013906488f,-0.2111297353891723f,0.15544569209571352f,0.042887466806229166f,0.9848026911931562f,0.16829832028175945f,0.07630945538945946f,0.20682962274572864f,-0.17355574588593436f,0.9628602755461649f,-0.5077029992277662f,0f,0f,0f,1f], start_interpolation: 0, interpolation_duration: 1 }
$data merge entity $(bone_leg_left_2) { transformation: [1.0019954322620683f,-0.0388877295646386f,-0.21576630347659131f,0.14126734752884906f,0.047913498754589376f,1.0238772904211089f,0.037970913838316196f,0.31622156846018296f,0.21394309959365104f,-0.04717242997695122f,1.0020305940873389f,-0.4873996838999857f,0f,0f,0f,1f], start_interpolation: 0, interpolation_duration: 1 }
$data merge entity $(bone_leg_left_1) { transformation: [0.8052501647886703f,0.5561986340262903f,-0.20546350433862437f,0.2872290886553388f,-0.18617070069260375f,0.5661643315228466f,0.80299341212423f,0.43115067120678774f,0.5629499465418253f,-0.6083592928677732f,0.5594518106771833f,-0.6935546186673824f,0f,0f,0f,1f], start_interpolation: 0, interpolation_duration: 1 }
$data merge entity $(bone_leg_left_0) { transformation: [0.6423027354236214f,-0.5967000970062927f,-0.48103657896257124f,0.16678877382427867f,-0.2600112041911143f,0.42076131627628266f,-0.869111090954739f,0.6368733481933451f,0.7210002564232691f,0.6833073312632689f,0.11510743364113887f,-0.3508016620042302f,0f,0f,0f,1f], start_interpolation: 0, interpolation_duration: 1 }
$data merge entity $(bone_leg_right_3) { transformation: [-0.11595202679288777f,0.04396071207089719f,-0.9922815040485443f,0.286131927140537f,0.11419793489222359f,0.9929851802541659f,0.03064740546853728f,0.030155749294882878f,0.986668109928041f,-0.10976286981407299f,-0.1201588667606596f,0.2313268227427681f,0f,0f,0f,1f], start_interpolation: 0, interpolation_duration: 1 }
$data merge entity $(bone_leg_right_2) { transformation: [0.05114807213806067f,0.3458648224256309f,-0.964273612013593f,0.3368727913460269f,0.33522329501532533f,0.9066692302055327f,0.34298461915699513f,0.25157873329676284f,0.9680244917853691f,-0.3322508556914304f,-0.06782441814482729f,0.15028178019605298f,0f,0f,0f,1f], start_interpolation: 0, interpolation_duration: 1 }
$data merge entity $(bone_leg_right_1) { transformation: [0.289717961853206f,0.8568409766461751f,-0.4264821723350846f,0.5980386378168119f,0.08060323203048664f,0.4221672936567136f,0.9029274030357066f,0.3199857745190198f,0.9537120223452484f,-0.2959701284025041f,0.053245295825466596f,0.08604578554990142f,0f,0f,0f,1f], start_interpolation: 0, interpolation_duration: 1 }
$data merge entity $(bone_leg_right_0) { transformation: [0.2393948060136924f,-0.8753421651256519f,-0.42007882689657444f,0.2607121164791678f,0.10805743929552314f,0.45399199379904237f,-0.8844291149545362f,0.5576713973736035f,0.9648905205600067f,0.16633509407069177f,0.2032705581581681f,0.022613607162858762f,0f,0f,0f,1f], start_interpolation: 0, interpolation_duration: 1 }
$data merge entity $(bone_tail_4) { transformation: [2.7498045075711444f,-0.05241326080399579f,0.247970465647233f,-0.1733966600195821f,0.04105276284386506f,2.758197794424451f,0.12775339171614286f,0.044415305402859304f,-0.2501023238682491f,-0.12352776418273431f,2.747335263609397f,1.1462317750154127f,0f,0f,0f,1f], start_interpolation: 0, interpolation_duration: 1 }
$data merge entity $(bone_tail_3) { transformation: [2.0725371548716147f,-0.002797060503688241f,0.2013142920253161f,-0.20750475312016073f,0.031044561522914304f,2.061631337117458f,-0.2909604630522428f,0.07357676660043026f,-0.19892587293000752f,0.29259858562929575f,2.052013667306145f,0.7954227805460141f,0f,0f,0f,1f], start_interpolation: 0, interpolation_duration: 1 }
$data merge entity $(bone_tail_2) { transformation: [1.9408413720653825f,0.20646953610658084f,0.09632743192918373f,-0.2239275368560186f,-0.20217075910614685f,1.9416713541689476f,-0.08839237277585556f,0.09032124778969763f,-0.10505059564125542f,0.07782389133444029f,1.949790165452621f,0.4329018866747668f,0f,0f,0f,1f], start_interpolation: 0, interpolation_duration: 1 }
$data merge entity $(bone_tail_1) { transformation: [1.4758814247960703f,0.32633680542809446f,0.05417157340253858f,-0.24098380102241868f,-0.3016562566698509f,1.4293336869429834f,-0.39200122982193725f,0.15749160505277865f,-0.13577103061350618f,0.37170653853942937f,1.4598139355593172f,0.11435219831098242f,0f,0f,0f,1f], start_interpolation: 0, interpolation_duration: 1 }
$data merge entity $(bone_tail_0) { transformation: [1.1222499440373204f,0.03786858778629028f,-0.6107018501292839f,-0.061608689902802105f,-0.36480264091633463f,1.0656355981606485f,-0.6042975440106408f,0.35979707784118253f,0.4912329517374891f,0.7048563389626972f,0.9464161057037251f,-0.14520314548194901f,0f,0f,0f,1f], start_interpolation: 0, interpolation_duration: 1 }
$data merge entity $(bone_body_1) { transformation: [0.2953995239212395f,-0.7359155462928955f,-0.9485631370909287f,0.20848808668114843f,-0.2490990834062614f,0.9180264829857393f,-0.7897984668504013f,0.48157855967078195f,1.1744332092415963f,0.379816113820245f,0.07107004832713479f,-0.1873092468139135f,0f,0f,0f,1f], start_interpolation: 0, interpolation_duration: 1 }