# This file was generated by Animated Java via MC-Build. It is not recommended to edit this file directly.
$data merge entity $(bone_head_lower) { transformation: [0.33936545829640274f,-0.10326242334628682f,-0.9349694955665262f,0.7512167328802934f,-0.5651991900031293f,0.7721404788563291f,-0.29042891820775274f,1.319989888253104f,0.751918187926771f,0.6270055445019376f,0.20367396944320038f,-0.188261574030233f,0f,0f,0f,1f], start_interpolation: 0, interpolation_duration: 1 }
$data merge entity $(bone_head_upper) { transformation: [0.35324536413845137f,-0.8262687709451622f,-0.5253280626988921f,0.6965580108492103f,-0.5883156013745949f,0.2673028493580295f,-0.8160305646774725f,1.2695544758135915f,0.782671328513731f,0.5738475820889697f,-0.37629308608676487f,-0.20107366869823734f,0f,0f,0f,1f], start_interpolation: 0, interpolation_duration: 1 }
$data merge entity $(bone_neck_0) { transformation: [0.4504778338514377f,-0.8307468572009149f,-0.3270005817415605f,0.6887525586003751f,-0.46855762184569716f,0.09177896421715531f,-0.8786525916069051f,1.2114008097734361f,0.7599496537395231f,0.5490321310980156f,-0.34790838277217495f,-0.23272745671133507f,0f,0f,0f,1f], start_interpolation: 0, interpolation_duration: 1 }
$data merge entity $(bone_neck_1) { transformation: [0.6249138159083093f,-0.5907483539739246f,-0.5103911293939328f,0.6427942272339221f,-0.43700214617179706f,0.27705141552705476f,-0.855728717173672f,1.1401856972293194f,0.6469249159896062f,0.7577987169635177f,-0.08502504125425103f,-0.23643910969502527f,0f,0f,0f,1f], start_interpolation: 0, interpolation_duration: 1 }
$data merge entity $(bone_neck_2) { transformation: [0.669649918123256f,-0.5138020106441483f,-0.5362615789104668f,0.5907832481490605f,-0.3661547598081421f,0.3998035997051764f,-0.8402902912283496f,1.070484292658895f,0.6461421507898693f,0.7590550543411283f,0.07959739601160586f,-0.22203415743252986f,0f,0f,0f,1f], start_interpolation: 0, interpolation_duration: 1 }
$data merge entity $(bone_body_0) { transformation: [0.70064094744741f,-0.6036743502620251f,-0.38036764004804263f,0.4057666529938846f,-0.2735608321282468f,0.2650806332398076f,-0.9246062562012457f,0.6372460557671095f,0.658989175848357f,0.7518706914868434f,0.02058468843093994f,-0.20517016279283296f,0f,0f,0f,1f], start_interpolation: 0, interpolation_duration: 1 }
$data merge entity $(bone_leg_left_3) { transformation: [0.9775835255191638f,0.0028694317904525077f,-0.21052842324665197f,0.15638938965169788f,0.03507011619583281f,0.9837196079690056f,0.17625498531195063f,0.07413811210108409f,0.20760668964060913f,-0.17968722619737104f,0.9615674511743635f,-0.5095589709014718f,0f,0f,0f,1f], start_interpolation: 0, interpolation_duration: 1 }
$data merge entity $(bone_leg_left_2) { transformation: [1.0020023319963307f,-0.045709745805143503f,-0.2143925029310444f,0.1406633102986797f,0.04889344040036272f,1.0244851885790918f,0.010086097787187212f,0.313331679894228f,0.2136889273229308f,-0.020072793058907013f,1.0029936813455422f,-0.4829094001622493f,0f,0f,0f,1f], start_interpolation: 0, interpolation_duration: 1 }
$data merge entity $(bone_leg_left_1) { transformation: [0.8053358444866103f,0.5560271345370915f,-0.2055918365196166f,0.286583560266213f,-0.18398538605571813f,0.5641082358652101f,0.8049417841974464f,0.4275553494484589f,0.5635455219438497f,-0.610422578127244f,0.5565974495176225f,-0.689485341701297f,0f,0f,0f,1f], start_interpolation: 0, interpolation_duration: 1 }
$data merge entity $(bone_leg_left_0) { transformation: [0.6421839033035528f,-0.5886586550079272f,-0.4909998189633791f,0.17009782963786085f,-0.2524748953183774f,0.4423641089079501f,-0.8605640141117042f,0.6419404884630866f,0.7237791524849188f,0.6766054855189494f,0.13545757783852216f,-0.35069725853704115f,0f,0f,0f,1f], start_interpolation: 0, interpolation_duration: 1 }
$data merge entity $(bone_leg_right_3) { transformation: [-0.12238695903046223f,0.03585484672393641f,-0.991834594186792f,0.28900578790366316f,0.10873205579207083f,0.9938162106604997f,0.022509541790865395f,0.03332204421672916f,0.9865083741674503f,-0.10508934006267107f,-0.12552871505231938f,0.23019869147850192f,0f,0f,0f,1f], start_interpolation: 0, interpolation_duration: 1 }
$data merge entity $(bone_leg_right_2) { transformation: [0.04853376672957881f,0.3570939282004694f,-0.9603075546043f,0.34249076507643234f,0.33637948839231174f,0.9025382458635463f,0.3526127536592707f,0.2540778605549215f,0.9677579825434972f,-0.331618516818052f,-0.0744032662416776f,0.14909814378798222f,0f,0f,0f,1f], start_interpolation: 0, interpolation_duration: 1 }
$data merge entity $(bone_leg_right_1) { transformation: [0.28854184212231f,0.8567390958879433f,-0.4274830136061232f,0.6036585914373249f,0.07962726686510026f,0.42345411294945445f,0.9024112768565031f,0.32284242680673814f,0.9541504617806661f,-0.29442271618083327f,0.05396443718267023f,0.0852531239204017f,0f,0f,0f,1f], start_interpolation: 0, interpolation_duration: 1 }
$data merge entity $(bone_leg_right_0) { transformation: [0.23820533547299183f,-0.8755400524053796f,-0.42034252079248957f,0.2664141458840766f,0.10707088620139654f,0.4538364606476621f,-0.8846289009041308f,0.560597958193837f,0.965294796153096f,0.1657168778995916f,0.20185111567431277f,0.021646757865002225f,0f,0f,0f,1f], start_interpolation: 0, interpolation_duration: 1 }
$data merge entity $(bone_tail_4) { transformation: [2.751558622000421f,0.0013671130303850002f,0.23363349994617888f,-0.1706568375406865f,-0.008337631039648732f,2.760228396636858f,0.08204275658558413f,0.047235293460498554f,-0.23348868324564587f,-0.08245399324154604f,2.750335562325938f,1.1493556626592936f,0f,0f,0f,1f], start_interpolation: 0, interpolation_duration: 1 }
$data merge entity $(bone_tail_3) { transformation: [2.0729840416004905f,0.03431816568960714f,0.19366195500881825f,-0.20383057869483065f,-0.006014808687895718f,2.060452238242865f,-0.3007422850895052f,0.07806692860504631f,-0.19658715978055327f,0.2988383567551357f,2.0513397210568876f,0.7985998835095881f,0f,0f,0f,1f], start_interpolation: 0, interpolation_duration: 1 }
$data merge entity $(bone_tail_2) { transformation: [1.9382314830626521f,0.23344927196530912f,0.0867987931160011f,-0.21847751925043185f,-0.2289601943224695f,1.9381321352799237f,-0.09997464985622663f,0.09694387832506496f,-0.09802970204659509f,0.08898954217729856f,1.9496781564921186f,0.43610766032298076f,0f,0f,0f,1f], start_interpolation: 0, interpolation_duration: 1 }
$data merge entity $(bone_tail_1) { transformation: [1.4725699395095708f,0.3415258274241149f,0.050538425530004795f,-0.23493447693255373f,-0.3172339185898379f,1.4258792324369007f,-0.39228472491455757f,0.16423235016728052f,-0.13622284738220036f,0.37132839065634016f,1.4598680803907105f,0.11755137471584295f,0f,0f,0f,1f], start_interpolation: 0, interpolation_duration: 1 }
$data merge entity $(bone_tail_0) { transformation: [1.1253339343120177f,0.05053931416859803f,-0.6040736963262268f,-0.057190499208294526f,-0.36746638586610025f,1.0699200429129523f,-0.5950422452361512f,0.3639366008245628f,0.48210756904281143f,0.6975332222056102f,0.9564807433373225f,-0.14512180996990423f,0f,0f,0f,1f], start_interpolation: 0, interpolation_duration: 1 }
$data merge entity $(bone_body_1) { transformation: [0.30292569621933724f,-0.7325449610453116f,-0.9487984494471956f,0.21273395136652304f,-0.2558314476133542f,0.9165677698970689f,-0.7893404770149693f,0.48570986111111114f,1.1710639982675308f,0.38972554225927575f,0.07299115513970131f,-0.18834201205294232f,0f,0f,0f,1f], start_interpolation: 0, interpolation_duration: 1 }