# This file was generated by Animated Java via MC-Build. It is not recommended to edit this file directly.
$data merge entity $(bone_head_lower) { transformation: [0.3168164749436795f,-0.05628744072614783f,-0.9468152117603312f,0.7579004341577102f,-0.5688778062822397f,0.7874826308112459f,-0.2371690276787962f,1.3198062992573216f,0.7589501714366809f,0.6137612159358877f,0.21746679537146135f,-0.1882765207945418f,0f,0f,0f,1f], start_interpolation: 0, interpolation_duration: 1 }
$data merge entity $(bone_head_upper) { transformation: [0.32977413676201145f,-0.8294276401448186f,-0.5355098048310359f,0.70246159193495f,-0.5921446715267641f,0.28560452046971996f,-0.8070109593142023f,1.270402445183384f,0.7899909172192031f,0.5603140103857529f,-0.38135875899224275f,-0.2017394501725718f,0f,0f,0f,1f], start_interpolation: 0, interpolation_duration: 1 }
$data merge entity $(bone_neck_0) { transformation: [0.4369085860164403f,-0.8336964816454544f,-0.33772927613268133f,0.6940146646889702f,-0.47531726159665816f,0.10477939984156448f,-0.8735529624453777f,1.2123696934892112f,0.7636651021837835f,0.5421913443248902f,-0.3504913092300569f,-0.23345041681189885f,0f,0f,0f,1f], start_interpolation: 0, interpolation_duration: 1 }
$data merge entity $(bone_neck_1) { transformation: [0.6126739279359316f,-0.5946944413769928f,-0.5205470002054216f,0.6471778186375747f,-0.44663158249926127f,0.2828606848769761f,-0.8488286414024526f,1.1417658705041478f,0.6520359557123843f,0.7525479083395517f,-0.09230795259349579f,-0.23780321779321395f,0f,0f,0f,1f], start_interpolation: 0, interpolation_duration: 1 }
$data merge entity $(bone_neck_2) { transformation: [0.6583603059505692f,-0.515702665131925f,-0.5482813773278301f,0.5940952064675196f,-0.37857864021969956f,0.4027107654809069f,-0.8333680174659844f,1.072699372002283f,0.6505689208055332f,0.7562240412348786f,0.06989476904827852f,-0.22427600581010163f,0f,0f,0f,1f], start_interpolation: 0, interpolation_duration: 1 }
$data merge entity $(bone_body_0) { transformation: [0.6954649434972437f,-0.6082770398998595f,-0.38252784878625545f,0.40801666666264436f,-0.2704244978762758f,0.2716524549203291f,-0.9236208825509105f,0.6399881428330333f,0.6657320056259423f,0.7457908463278583f,0.02443174612746731f,-0.20565682542944352f,0f,0f,0f,1f], start_interpolation: 0, interpolation_duration: 1 }
$data merge entity $(bone_leg_left_3) { transformation: [0.9773730394058964f,0.007574341193860745f,-0.21138725410477952f,0.15775901879498738f,0.031142335457335763f,0.9833152874930503f,0.17922388324306013f,0.07270704438597508f,0.20921782138417971f,-0.18175168427813332f,0.9608299685570381f,-0.5115825538623264f,0f,0f,0f,1f], start_interpolation: 0, interpolation_duration: 1 }
$data merge entity $(bone_leg_left_2) { transformation: [1.001553546817225f,-0.051892984751083726f,-0.2150809393976005f,0.14056966341532953f,0.05067350865535192f,1.0243872453718492f,-0.01118778533599625f,0.31122308504190593f,0.2153715112987013f,0.0002985863228130498f,1.0028345937729786f,-0.4801867503614484f,0f,0f,0f,1f], start_interpolation: 0, interpolation_duration: 1 }
$data merge entity $(bone_leg_left_1) { transformation: [0.8046265453779637f,0.556244434928187f,-0.20776970685002505f,0.28667857931885804f,-0.18205017213396138f,0.5641570367309242f,0.8053474857060009f,0.4253999543849307f,0.5651847992463339f,-0.6101794543561787f,0.5552001226427071f,-0.6866551810240731f,0f,0f,0f,1f], start_interpolation: 0, interpolation_duration: 1 }
$data merge entity $(bone_leg_left_0) { transformation: [0.6411713427280389f,-0.5849207369559746f,-0.4967565205844842f,0.17201137217761403f,-0.24729131984060798f,0.45530997921881555f,-0.8553010148218297f,0.6450423452668602f,0.7264615009729103f,0.6712380757247322f,0.1472858896892193f,-0.350625524150532f,0f,0f,0f,1f], start_interpolation: 0, interpolation_duration: 1 }
$data merge entity $(bone_leg_right_3) { transformation: [-0.12328741637687529f,0.03267669795250355f,-0.9918328721987566f,0.2895917853495417f,0.10448245825936056f,0.9943301777936873f,0.0197715311712241f,0.03513582210427052f,0.9868554245071544f,-0.10119155567385328f,-0.1260025403756191f,0.2288055553248553f,0f,0f,0f,1f], start_interpolation: 0, interpolation_duration: 1 }
$data merge entity $(bone_leg_right_2) { transformation: [0.04974808334538853f,0.3628972377280623f,-0.9580672849823733f,0.3444968560485228f,0.3350042694364441f,0.9007031412808891f,0.3585640671439158f,0.2556499339569195f,0.9681732629873171f,-0.33030538239146856f,-0.07484040820580233f,0.1479969434608165f,0f,0f,0f,1f], start_interpolation: 0, interpolation_duration: 1 }
$data merge entity $(bone_leg_right_1) { transformation: [0.28907515172316506f,0.8581443775767336f,-0.42429209736886336f,0.6058878404919381f,0.07695845287196786f,0.4209482870157331f,0.9038141048855524f,0.3236061937728668f,0.9542080240638212f,-0.2939230628786378f,0.05564422629759638f,0.08419972045467576f,0f,0f,0f,1f], start_interpolation: 0, interpolation_duration: 1 }
$data merge entity $(bone_leg_right_0) { transformation: [0.23881448969977032f,-0.8742919992708391f,-0.42258861735787123f,0.2692454376711228f,0.10451135568106582f,0.45579382485354314f,-0.8839283713961688f,0.5623708334922317f,0.9654247852852877f,0.1669295936506669f,0.20022361179561016f,0.021186880436447175f,0f,0f,0f,1f], start_interpolation: 0, interpolation_duration: 1 }
$data merge entity $(bone_tail_4) { transformation: [2.7523649349446107f,0.028840404860419083f,0.22207392358139882f,-0.17019398662339857f,-0.033940195432887114f,2.7605520513481676f,0.06214311330634471f,0.04822228288066273f,-0.22135189093686863f,-0.06466787799916497f,2.751814444604461f,1.150544516462154f,0f,0f,0f,1f], start_interpolation: 0, interpolation_duration: 1 }
$data merge entity $(bone_tail_3) { transformation: [2.0731776160199007f,0.053104113210939975f,0.18724329531004588f,-0.20246319553326536f,-0.02519143066691137f,2.059649120954356f,-0.30521536071657396f,0.07982024548612077f,-0.19299090729731194f,0.30161395484372683f,2.051274983513554f,0.7997725530011596f,0f,0f,0f,1f], start_interpolation: 0, interpolation_duration: 1 }
$data merge entity $(bone_tail_2) { transformation: [1.9366454176052375f,0.2488666254829025f,0.07901774605849195f,-0.215661160640093f,-0.24437474252172123f,1.9358422653872205f,-0.10756199961275445f,0.10009572386236139f,-0.09197492423945884f,0.09671608585961437f,1.9496052131264725f,0.43730020555546245f,0f,0f,0f,1f], start_interpolation: 0, interpolation_duration: 1 }
$data merge entity $(bone_tail_1) { transformation: [1.4708152761859243f,0.34952557281222896f,0.04680328288066104f,-0.23141046956429034f,-0.3257255707340597f,1.4234445702782452f,-0.39416323765079114f,0.16782630460239414f,-0.13513521342749707f,0.3732206844424166f,1.4594865688988847f,0.11880184653322787f,0f,0f,0f,1f], start_interpolation: 0, interpolation_duration: 1 }
$data merge entity $(bone_tail_0) { transformation: [1.1269937117784634f,0.05616362103259349f,-0.6004719292925661f,-0.05458328733666956f,-0.36773450707265354f,1.072699964780859f,-0.5898489929220903f,0.36608005069776284f,0.4780086008680826f,0.6928175443907859f,0.9619497618194451f,-0.14558331017072582f,0f,0f,0f,1f], start_interpolation: 0, interpolation_duration: 1 }
$data merge entity $(bone_body_1) { transformation: [0.3058121212875504f,-0.7323818598349202f,-0.9479980764298005f,0.21514410169907705f,-0.26001124459344577f,0.9144965527118927f,-0.7903763678269246f,0.48823365226337456f,1.169392019048713f,0.3948638518768942f,0.07217644575875369f,-0.18896020535168603f,0f,0f,0f,1f], start_interpolation: 0, interpolation_duration: 1 }