# This file was generated by Animated Java via MC-Build. It is not recommended to edit this file directly.
$data merge entity $(bone_head_lower) { transformation: [0.29176615325517447f,-0.08656368209649207f,-0.9525645598890269f,0.7648374076184097f,-0.5700751767494476f,0.7839458514205302f,-0.2458519776097523f,1.3199120597496066f,0.76804088736783f,0.6147646956213715f,0.1793810590580799f,-0.18817635745253616f,0f,0f,0f,1f], start_interpolation: 0, interpolation_duration: 1 }
$data merge entity $(bone_head_upper) { transformation: [0.3036992673540806f,-0.8296724954494182f,-0.5503473883710515f,0.7083621089300345f,-0.5933910139471764f,0.31118105952988956f,-0.7965710234122908f,1.2718018348760338f,0.799453439644138f,0.5461518479947657f,-0.38218359378257694f,-0.2020112189433471f,0f,0f,0f,1f], start_interpolation: 0, interpolation_duration: 1 }
$data merge entity $(bone_neck_0) { transformation: [0.4196577201344776f,-0.837212836341875f,-0.3506594709913384f,0.6991417422563048f,-0.4797368092062668f,0.12337475227944572f,-0.8686951504368925f,1.213782789044696f,0.7705452561817003f,0.5327788820555655f,-0.34986664746943136f,-0.23353123502075396f,0f,0f,0f,1f], start_interpolation: 0, interpolation_duration: 1 }
$data merge entity $(bone_neck_1) { transformation: [0.5974273480219249f,-0.6008670493584491f,-0.5310737734352554f,0.6513847039150491f,-0.45520288850429497f,0.291116673683627f,-0.8414519669005041f,1.143841901517234f,0.6602051909314528f,0.7444527327498043f,-0.09959535415124543f,-0.23853866802320092f,0f,0f,0f,1f], start_interpolation: 0, interpolation_duration: 1 }
$data merge entity $(bone_neck_2) { transformation: [0.6443623666837741f,-0.5207878583299699f,-0.5599795951798321f,0.59722745290487f,-0.3902650676268564f,0.4057840132729133f,-0.8264578099106652f,1.0754108780404357f,0.6576399603064662f,0.7510787849408418f,0.05822663840458301f,-0.22608404707035995f,0f,0f,0f,1f], start_interpolation: 0, interpolation_duration: 1 }
$data merge entity $(bone_body_0) { transformation: [0.6878869117839881f,-0.615907363862839f,-0.3840178586157369f,0.4103739886812447f,-0.2659692716363503f,0.2783817443159968f,-0.9229105866641754f,0.6430985135521001f,0.6753309878433811f,0.7369950634645468f,0.027682725432506987f,-0.20601648316091067f,0f,0f,0f,1f], start_interpolation: 0, interpolation_duration: 1 }
$data merge entity $(bone_leg_left_3) { transformation: [0.977004407354431f,0.012158249144799918f,-0.21287217992905805f,0.1596523225499911f,0.02728158074495144f,0.98303849698413f,0.18135883987067764f,0.07118385647782388f,0.21146655376695644f,-0.18299587543142734f,0.9601012478968101f,-0.5141971648765008f,0f,0f,0f,1f], start_interpolation: 0, interpolation_duration: 1 }
$data merge entity $(bone_leg_left_2) { transformation: [1.0008343791248606f,-0.05966193226231317f,-0.21640979391232618f,0.14060985352770342f,0.05313160929713339f,1.0236733721979927f,-0.036497378631620274f,0.308755127979526f,0.21810496820555278f,0.024402466928780724f,1.0019465763964355f,-0.4772059848924113f,0f,0f,0f,1f], start_interpolation: 0, interpolation_duration: 1 }
$data merge entity $(bone_leg_left_1) { transformation: [0.8034623521921576f,0.5566620522467991f,-0.21112936365703946f,0.2870335922394047f,-0.1797213368905213f,0.5648629888739664f,0.8053757165861485f,0.4230759049893985f,0.5675812626189563f,-0.6091446161534635f,0.5538901939329856f,-0.6833715357133765f,0f,0f,0f,1f], start_interpolation: 0, interpolation_duration: 1 }
$data merge entity $(bone_leg_left_0) { transformation: [0.6395875235747673f,-0.5813022478023564f,-0.5030064576001226f,0.1741117459140144f,-0.2413917847882774f,0.4693692298933624f,-0.8493659589753064f,0.6484412360972152f,0.7298340947943074f,0.6646654968698464f,0.15988111629124302f,-0.35055566661819326f,0f,0f,0f,1f], start_interpolation: 0, interpolation_duration: 1 }
$data merge entity $(bone_leg_right_3) { transformation: [-0.12279916808102834f,0.030019356118164864f,-0.991977420396683f,0.2897412433775433f,0.09945431432257233f,0.9948829859639373f,0.01779560625847182f,0.037052794646342396f,0.9874356706546683f,-0.09647114852498838f,-0.1251563574934783f,0.22696622744725517f,0f,0f,0f,1f], start_interpolation: 0, interpolation_duration: 1 }
$data merge entity $(bone_leg_right_2) { transformation: [0.052418099280179944f,0.3686956956077247f,-0.9557081282530159f,0.3460666924944654f,0.33254521317184516f,0.8990036535084005f,0.36505932624127524f,0.2573753058924945f,0.9688798808753538f,-0.32850892608813187f,-0.07359253641557101f,0.14661383553524185f,0f,0f,0f,1f], start_interpolation: 0, interpolation_duration: 1 }
$data merge entity $(bone_leg_right_1) { transformation: [0.2902591175344335f,0.8603513516299478f,-0.4189811409081005f,0.6077991490247178f,0.07307864301872555f,0.416623505094228f,0.9061370574794638f,0.3239561880771867f,0.9541536336579522f,-0.29363311589723895f,0.058055461636310174f,0.08276641596394425f,0f,0f,0f,1f], start_interpolation: 0, interpolation_duration: 1 }
$data merge entity $(bone_leg_right_0) { transformation: [0.24012471740517877f,-0.8722197726900769f,-0.4261135860537111f,0.27210497664443056f,0.10081068334331625f,0.45898901003267f,-0.8827039678131525f,0.5643059852262072f,0.9654933071828807f,0.16900223903161768f,0.19814367763661633f,0.020728716096913596f,0f,0f,0f,1f], start_interpolation: 0, interpolation_duration: 1 }
$data merge entity $(bone_tail_4) { transformation: [2.753026473226212f,0.05569843641324299f,0.20833687502878248f,-0.1702364547289713f,-0.05918461934325568f,2.760473832502368f,0.04407643931721561f,0.04899441991264291f,-0.20737345574791563f,-0.048406981426341804f,2.753237066727157f,1.1514890155665136f,0f,0f,0f,1f], start_interpolation: 0, interpolation_duration: 1 }
$data merge entity $(bone_tail_3) { transformation: [2.073319739663154f,0.07136014518592455f,0.17943944061046543f,-0.20136106787145777f,-0.0440790926767359f,2.058706126642978f,-0.30940530660592835f,0.08131207044478847f,-0.18801015067370389f,0.30427346227720303f,2.0513447709836443f,0.8006791933614072f,0f,0f,0f,1f], start_interpolation: 0, interpolation_duration: 1 }
$data merge entity $(bone_tail_2) { transformation: [1.9348924774244771f,0.26483725339537967f,0.06947089335064122f,-0.21278178985730956f,-0.26044532468257997f,1.933253407715815f,-0.11607484399710322f,0.10315756866112086f,-0.08445832498889788f,0.10567102617064784f,1.949480520695421f,0.43823771493193336f,0f,0f,0f,1f], start_interpolation: 0, interpolation_duration: 1 }
$data merge entity $(bone_tail_1) { transformation: [1.4690503156332815f,0.3574703809695936f,0.04198031523475343f,-0.22758868083263648f,-0.3343485862685856f,1.4206527795463049f,-0.3970049783410237f,0.17154202523667902f,-0.1332608081843794f,0.37632015186116724f,1.458862896335785f,0.11983388474558249f,0f,0f,0f,1f], start_interpolation: 0, interpolation_duration: 1 }
$data merge entity $(bone_tail_0) { transformation: [1.1287144138138407f,0.0613503491910175f,-0.5967207247004626f,-0.051732522783126705f,-0.36742391348540016f,1.0757908090312225f,-0.5843881583220596f,0.36827457611793113f,0.4741720747070393f,0.6875652597696569f,0.9676004204783781f,-0.1463292727360695f,0f,0f,0f,1f], start_interpolation: 0, interpolation_duration: 1 }
$data merge entity $(bone_body_1) { transformation: [0.30819978172659585f,-0.7329952894039529f,-0.9467499117040064f,0.21774600427254945f,-0.2646148694218779f,0.9117401578359718f,-0.7920312181513616f,0.4909985699588478f,1.1677313306068187f,0.4000654763374398f,0.07039708245642173f,-0.1896428571948636f,0f,0f,0f,1f], start_interpolation: 0, interpolation_duration: 1 }