# This file was generated by Animated Java via MC-Build. It is not recommended to edit this file directly.
$data merge entity $(bone_head_lower) { transformation: [0.25145815661896365f,-0.2115699054872771f,-0.9444612064885975f,0.7748692624036041f,-0.5712396010091211f,0.7552896726537184f,-0.32128309731696014f,1.3229100094303339f,0.7813156300169174f,0.6203028981672936f,0.06906664040275484f,-0.18719175970357652f,0f,0f,0f,1f], start_interpolation: 0, interpolation_duration: 1 }
$data merge entity $(bone_head_upper) { transformation: [0.26174269045044735f,-0.8157250266289504f,-0.5912320927609279f,0.7158756421105074f,-0.5946030626738937f,0.3680372396163466f,-0.7710173348880769f,1.2778377027621206f,0.8132711137364302f,0.5316137825247621f,-0.373428472903618f,-0.20074522524259364f,0f,0f,0f,1f], start_interpolation: 0, interpolation_duration: 1 }
$data merge entity $(bone_neck_0) { transformation: [0.39065894542914703f,-0.837913345617835f,-0.38116507394003596f,0.7047034667601897f,-0.4868091943069726f,0.1633805211597935f,-0.8580930099026274f,1.219857127841433f,0.7812825332070226f,0.5207763728713896f,-0.3440778585793288f,-0.23169957363026222f,0f,0f,0f,1f], start_interpolation: 0, interpolation_duration: 1 }
$data merge entity $(bone_neck_1) { transformation: [0.5721984907152687f,-0.6097228999199543f,-0.5484768659992596f,0.6554313602666174f,-0.47118277839005696f,0.30297452376514655f,-0.8283678091873857f,1.1510792678349364f,0.6712493400903978f,0.732423663778338f,-0.11392936480873252f,-0.23797670188640613f,0f,0f,0f,1f], start_interpolation: 0, interpolation_duration: 1 }
$data merge entity $(bone_neck_2) { transformation: [0.6218368976372312f,-0.5311167096724627f,-0.5755292463842308f,0.5998107172783739f,-0.41244108299116633f,0.4026248211401374f,-0.8171815015423111f,1.0834299880780436f,0.6657411101907238f,0.7455255153974069f,0.03131261875751265f,-0.22793432088941956f,0f,0f,0f,1f], start_interpolation: 0, interpolation_duration: 1 }
$data merge entity $(bone_body_0) { transformation: [0.6780536846605928f,-0.6301666358664422f,-0.37832950157100403f,0.4155023170086679f,-0.2542456815969102f,0.28186390519898225f,-0.9251550531317989f,0.6500929868953779f,0.689639278251693f,0.723493434653522f,0.030901713637498447f,-0.2064782798016246f,0f,0f,0f,1f], start_interpolation: 0, interpolation_duration: 1 }
$data merge entity $(bone_leg_left_3) { transformation: [0.9758725405407253f,0.02051507851080149f,-0.21737505876315733f,0.16479356484182622f,0.02002178077333196f,0.982973320545103f,0.18265426190263892f,0.06825383253932893f,0.2174210498393733f,-0.18259951437566546f,0.9588459231996118f,-0.520784723172895f,0f,0f,0f,1f], start_interpolation: 0, interpolation_duration: 1 }
$data merge entity $(bone_leg_left_2) { transformation: [0.998666856440435f,-0.07919340996102658f,-0.22012522155995395f,0.14108015072255656f,0.05954762165191412f,1.0194050353864024f,-0.0965901345124934f,0.30298297926969964f,0.22623171772250383f,0.08126485801554018f,0.997134610897011f,-0.4706751060115588f,0f,0f,0f,1f], start_interpolation: 0, interpolation_duration: 1 }
$data merge entity $(bone_leg_left_1) { transformation: [0.799920844899081f,0.5580439254062152f,-0.22071162002296796f,0.2884580394635061f,-0.1743730247590757f,0.5680614101977668f,0.8043011143101162f,0.4181231452987518f,0.5742131051554915f,-0.60489107412934f,0.5517119704214709f,-0.6757016548700621f,0f,0f,0f,1f], start_interpolation: 0, interpolation_duration: 1 }
$data merge entity $(bone_leg_left_0) { transformation: [0.6349184189416515f,-0.5741925600332232f,-0.5168960294789728f,0.1789154825224867f,-0.22812278254187293f,0.49988679487055004f,-0.8355077428722022f,0.6558853803621578f,0.7381318292649268f,0.6483950156475158f,0.18640092893939905f,-0.3504681597301392f,0f,0f,0f,1f], start_interpolation: 0, interpolation_duration: 1 }
$data merge entity $(bone_leg_right_3) { transformation: [-0.11810698162614384f,0.026039265884328477f,-0.9926594066059957f,0.28914513975868056f,0.08773698235035625f,0.9960201276145177f,0.015688445264380624f,0.04105856720420306f,0.9891172644430059f,-0.08524002592072233f,-0.11992153752274665f,0.22227532376093223f,0f,0f,0f,1f], start_interpolation: 0, interpolation_duration: 1 }
$data merge entity $(bone_leg_right_2) { transformation: [0.06143978141683483f,0.3798629760712006f,-0.950784661303745f,0.3482118268773141f,0.325024536011145f,0.8959908209649297f,0.37897453639793016f,0.26112050129605546f,0.9708997907873325f,-0.3239857522447807f,-0.06670103516582122f,0.14318712171664308f,0f,0f,0f,1f], start_interpolation: 0, interpolation_duration: 1 }
$data merge entity $(bone_leg_right_1) { transformation: [0.29429905922055644f,0.8665803052250836f,-0.4030218831997802f,0.6108705342265748f,0.06245230604420207f,0.40335835622513716f,0.9129083995303786f,0.32352690033676174f,0.9536706838377998f,-0.2938377291284376f,0.06458804633201295f,0.07892803308201285f,0f,0f,0f,1f], start_interpolation: 0, interpolation_duration: 1 }
$data merge entity $(bone_leg_right_0) { transformation: [0.24455610631028085f,-0.8657989018125466f,-0.43655993000565585f,0.27803253960388863f,0.09072986509243439f,0.46868864594247f,-0.8786916664820047f,0.5685306168195308f,0.9653809623390465f,0.17528038904795526f,0.1931744878821585f,0.019772925021653065f,0f,0f,0f,1f], start_interpolation: 0, interpolation_duration: 1 }
$data merge entity $(bone_tail_4) { transformation: [2.753811714115193f,0.10469694236985885f,0.17669443981163435f,-0.1714958971890988f,-0.10573246905540272f,2.7594052817667376f,0.012824490059158158f,0.050056752465289234f,-0.1760767440333704f,-0.01955435542868986f,2.7557713872878455f,1.152658395441598f,0f,0f,0f,1f], start_interpolation: 0, interpolation_duration: 1 }
$data merge entity $(bone_tail_3) { transformation: [2.073459025630112f,0.10428123591184711f,0.16074395451826662f,-0.1997726054836382f,-0.07885300773895772f,2.0565102318124726f,-0.31700693315063905f,0.08368484650277544f,-0.17462931669107762f,0.30957489615883166f,2.051734269213414f,0.8017306500377939f,0f,0f,0f,1f], start_interpolation: 0, interpolation_duration: 1 }
$data merge entity $(bone_tail_2) { transformation: [1.9310308336474518f,0.2962831154430713f,0.04593593374421412f,-0.20681360272163787f,-0.29251373072313164f,1.9274185588032327f,-0.1351565445033299f,0.10905248992460755f,-0.06579902616331416f,0.1266802655783167f,1.9489475296866625f,0.4394070502071205f,0f,0f,0f,1f], start_interpolation: 0, interpolation_duration: 1 }
$data merge entity $(bone_tail_1) { transformation: [1.4656762012622033f,0.3722459511541651f,0.029706479140578237f,-0.21915669365641918f,-0.35100206793244215f,1.4143542291046163f,-0.4050381623020671f,0.17925850160296486f,-0.12746400025398516f,0.38560513023456683f,1.4569549966200177f,0.12129474137701218f,0f,0f,0f,1f], start_interpolation: 0, interpolation_duration: 1 }
$data merge entity $(bone_tail_0) { transformation: [1.1322753106774683f,0.07054114779559459f,-0.5889077040436389f,-0.0453618914920291f,-0.36546239724562923f,1.0825687304415845f,-0.5729903111341422f,0.37282389994273135f,0.46714620154053293f,0.6759471924061845f,0.9791350959129574f,-0.14851948101867496f,0f,0f,0f,1f], start_interpolation: 0, interpolation_duration: 1 }
$data merge entity $(bone_body_1) { transformation: [0.31173434256810206f,-0.7358292080910295f,-0.9433883989322807f,0.22352601546597692f,-0.27474060050823024f,0.9048067997647952f,-0.7965217213535466f,0.49705888374485596f,1.1644500406424745f,0.41046878891794997f,0.06462252879779018f,-0.19119129956979586f,0f,0f,0f,1f], start_interpolation: 0, interpolation_duration: 1 }