# This file was generated by Animated Java via MC-Build. It is not recommended to edit this file directly.
$data merge entity $(bone_head_lower) { transformation: [0.23263938479776114f,-0.29320438036312957f,-0.9273133817522491f,0.7791077773421998f,-0.5681072531147272f,0.7329254719434609f,-0.3742651487046237f,1.3250274036872816f,0.7893877789777077f,0.613882272029685f,0.0039357957662324305f,-0.18885846866745534f,0f,0f,0f,1f], start_interpolation: 0, interpolation_duration: 1 }
$data merge entity $(bone_head_upper) { transformation: [0.24215423870291258f,-0.8037142295103353f,-0.6155296130523114f,0.7187027684714249f,-0.5913426030557641f,0.4013932038130686f,-0.7567492083427773f,1.2816887155722587f,0.8216734102263215f,0.5257365079569761f,-0.3632160152192614f,-0.20183727861240952f,0f,0f,0f,1f], start_interpolation: 0, interpolation_duration: 1 }
$data merge entity $(bone_neck_0) { transformation: [0.3754688106472275f,-0.836929048275463f,-0.3982121801048836f,0.7064172265940413f,-0.48645700632450506f,0.18775966683977802f,-0.8532912096734712f,1.2236228010117376f,0.7889123862818714f,0.5140973406476086f,-0.33663210053424775f,-0.23220422250418424f,0f,0f,0f,1f], start_interpolation: 0, interpolation_duration: 1 }
$data merge entity $(bone_neck_1) { transformation: [0.5591154920301699f,-0.6146799717541521f,-0.5563797254539168f,0.656452807569323f,-0.4760483372023566f,0.31141424357168257f,-0.8224348907649455f,1.1553864177993598f,0.6787988267658779f,0.7246997317682624f,-0.11850085044537116f,-0.23890419878377933f,0f,0f,0f,1f], start_interpolation: 0, interpolation_duration: 1 }
$data merge entity $(bone_neck_2) { transformation: [0.610240482163794f,-0.5383627829255411f,-0.5811816135160909f,0.6002660312416317f,-0.4201789130251713f,0.4019780495231645f,-0.8135498317561978f,1.0880489672548914f,0.6716072028927963f,0.740661300232582f,0.019094589817417316f,-0.22997983246376028f,0f,0f,0f,1f], start_interpolation: 0, interpolation_duration: 1 }
$data merge entity $(bone_body_0) { transformation: [0.6726392618092546f,-0.6390016818547493f,-0.3731397513794298f,0.4183193759188053f,-0.24430206460508724f,0.2842171963910206f,-0.9271122297248158f,0.6538119741235671f,0.6984790080613681f,0.7147708974646559f,0.03506621501071377f,-0.20664417056554452f,0f,0f,0f,1f], start_interpolation: 0, interpolation_duration: 1 }
$data merge entity $(bone_leg_left_3) { transformation: [0.9751403308507439f,0.024068500915021496f,-0.22027719448913674f,0.1679319667038448f,0.016750365267835212f,0.9832327011554947f,0.18158436232744163f,0.06701200858943249f,0.22095420433133994f,-0.18075995862516966f,0.9583867053262639f,-0.5245591812825163f,0f,0f,0f,1f], start_interpolation: 0, interpolation_duration: 1 }
$data merge entity $(bone_leg_left_2) { transformation: [0.9972634144685948f,-0.09055213108909738f,-0.22209951197235184f,0.1415076594954849f,0.06324727821409674f,1.015458686631969f,-0.13002167912651813f,0.29979382224894313f,0.2313604621832404f,0.11272163412403835f,0.992888900753482f,-0.4672402901212013f,0f,0f,0f,1f], start_interpolation: 0, interpolation_duration: 1 }
$data merge entity $(bone_leg_left_1) { transformation: [0.7976346153301881f,0.5589588223380325f,-0.22659226676465016f,0.28949151628379166f,-0.1715886110939815f,0.5704608708076726f,0.8032009358934974f,0.4155887427417121f,0.5782182710446817f,-0.6017802171954736f,0.5509303052313127f,-0.6714600251565226f,0f,0f,0f,1f], start_interpolation: 0, interpolation_duration: 1 }
$data merge entity $(bone_leg_left_0) { transformation: [0.6319601275736234f,-0.5705781846481052f,-0.5244682377044412f,0.18164052848427453f,-0.22108690503894438f,0.5158833960579463f,-0.8276381468323103f,0.6598092300722825f,0.7427967269565949f,0.6389873683222485f,0.1998703718593049f,-0.3504743610480765f,0f,0f,0f,1f], start_interpolation: 0, interpolation_duration: 1 }
$data merge entity $(bone_leg_right_3) { transformation: [-0.11412483368561506f,0.02459482278817754f,-0.9931619289059811f,0.28860678530726047f,0.08137883600593308f,0.9965653732334412f,0.01532781531766253f,0.04307723475715691f,0.9901277732629009f,-0.07907307736588395f,-0.11573435552738348f,0.2195845445180281f,0f,0f,0f,1f], start_interpolation: 0, interpolation_duration: 1 }
$data merge entity $(bone_leg_right_2) { transformation: [0.067444706385449f,0.385025737072566f,-0.9482977342970943f,0.34894444579290396f,0.3202872278803097f,0.8946812607380138f,0.38603592169858975f,0.26305949005314627f,0.9720748442059499f,-0.32150089109777036f,-0.0613992979276835f,0.14123758447473717f,0f,0f,0f,1f], start_interpolation: 0, interpolation_duration: 1 }
$data merge entity $(bone_leg_right_1) { transformation: [0.2970153416563812f,0.8702997862534883f,-0.3928869670374368f,0.612130198418871f,0.05609271806730175f,0.3948418450611167f,0.917035181641662f,0.32280669493451003f,0.9532237375351946f,-0.29441161566056795f,0.0684566049667136f,0.07660851374543379f,0f,0f,0f,1f], start_interpolation: 0, interpolation_duration: 1 }
$data merge entity $(bone_leg_right_0) { transformation: [0.24753177976269064f,-0.8615418760109104f,-0.4432534420476796f,0.28116254590344203f,0.08472520322031804f,0.4749858645833087f,-0.8759052850538821f,0.570754271064239f,0.9651682018937376f,0.17925965615733916f,0.1905684069502652f,0.01925268540801467f,0f,0f,0f,1f], start_interpolation: 0, interpolation_duration: 1 }
$data merge entity $(bone_tail_4) { transformation: [2.7539636368762173f,0.12545503169332525f,0.1600207904815537f,-0.1725162302540562f,-0.12562180077600288f,2.758601078192184f,-0.0007656152519441587f,0.050404148255664756f,-0.15988990441334516f,-0.006515981871256339f,2.7568195610244324f,1.152894429335765f,0f,0f,0f,1f], start_interpolation: 0, interpolation_duration: 1 }
$data merge entity $(bone_tail_3) { transformation: [2.0735005353405436f,0.11797036072532324f,0.1504129315493127f,-0.1991751376601387f,-0.09368823209834369f,2.055346164819337f,-0.3204998969940111f,0.08463591119095046f,-0.16662404134220216f,0.3123790370643045f,2.0519749735545054f,0.8018984286505407f,0f,0f,0f,1f], start_interpolation: 0, interpolation_duration: 1 }
$data merge entity $(bone_tail_2) { transformation: [1.9290358927391076f,0.3107118431379218f,0.032443027923509477f,-0.20370587496803264f,-0.30750896750674606f,1.9243350264386316f,-0.14541944824245953f,0.11189958411405138f,-0.05506936017373954f,0.1384439654085434f,1.948480050966596f,0.43967246529709797f,0f,0f,0f,1f], start_interpolation: 0, interpolation_duration: 1 }
$data merge entity $(bone_tail_1) { transformation: [1.4641676170317248f,0.3786265964839188f,0.022612820935126822f,-0.21459904533971794f,-0.3585536345381692f,1.411030244788491f,-0.409986816192423f,0.183218337726298f,-0.12372845426622489f,0.3915249656498734f,1.4556976749578725f,0.12175478535262363f,0f,0f,0f,1f], start_interpolation: 0, interpolation_duration: 1 }
$data merge entity $(bone_tail_0) { transformation: [1.1340823628863543f,0.07462370183096852f,-0.5849138516902924f,-0.04187282035743542f,-0.3640143220994589f,1.0860902813498767f,-0.5672188207806969f,0.375182153739381f,0.4638819721444261f,0.6698320091384226f,0.9848727390059132f,-0.1498836799755518f,0f,0f,0f,1f], start_interpolation: 0, interpolation_duration: 1 }
$data merge entity $(bone_body_1) { transformation: [0.31300798858198486f,-0.7376855334582115f,-0.9415150810616809f,0.22670460312354182f,-0.28008790733165173f,0.9009547904282135f,-0.7990217924608064f,0.500257829218107f,1.1628333321274749f,0.4155780484905061f,0.060976408244389387f,-0.1920519714620639f,0f,0f,0f,1f], start_interpolation: 0, interpolation_duration: 1 }