# This file was generated by Animated Java via MC-Build. It is not recommended to edit this file directly.
$data merge entity $(bone_head_lower) { transformation: [0.17632457307196403f,-0.4324059600574671f,-0.8842707337901493f,0.7970687426632123f,-0.5529645360526111f,0.6996850672189879f,-0.4524058228834825f,1.327735875010223f,0.8143340019912648f,0.5687406196303726f,-0.1157334903273447f,-0.2008886558489158f,0f,0f,0f,1f], start_interpolation: 0, interpolation_duration: 1 }
$data merge entity $(bone_head_upper) { transformation: [0.18353617464203525f,-0.7465844191373323f,-0.7017108523335284f,0.7319872642700515f,-0.575580555175273f,0.5146342652046887f,-0.6980906389322679f,1.2909886452236372f,0.8476399233668734f,0.5111117497789586f,-0.3220920398519625f,-0.21135282160492608f,0f,0f,0f,1f], start_interpolation: 0, interpolation_duration: 1 }
$data merge entity $(bone_neck_0) { transformation: [0.3228769787837456f,-0.8261752670433767f,-0.4617194870235445f,0.7154376605540411f,-0.4796689876003679f,0.2777077166340074f,-0.8323437309527619f,1.2328150150344157f,0.8158848686585123f,0.49021714805556343f,-0.3066252253914394f,-0.23940055986931386f,0f,0f,0f,1f], start_interpolation: 0, interpolation_duration: 1 }
$data merge entity $(bone_neck_1) { transformation: [0.5129589433360451f,-0.6272679150001446f,-0.5860103115670736f,0.6629051509030544f,-0.48701385950494747f,0.3495048908861292f,-0.8004147874051117f,1.166619502441319f,0.7068879848332851f,0.6959750671238486f,-0.1262065087081133f,-0.24688563747996164f,0f,0f,0f,1f], start_interpolation: 0, interpolation_duration: 1 }
$data merge entity $(bone_neck_2) { transformation: [0.5689506918096872f,-0.5622300306701143f,-0.6001603976454628f,0.6048220154722999f,-0.437783241117084f,0.4107230596699494f,-0.7997827217765937f,1.1005737730993572f,0.6961615790075598f,0.7177770969235762f,-0.012453716138711178f,-0.24094919002701637f,0f,0f,0f,1f], start_interpolation: 0, interpolation_duration: 1 }
$data merge entity $(bone_body_0) { transformation: [0.6508741939898275f,-0.6675685607108313f,-0.36154529501649046f,0.42806764872441266f,-0.2076178293401496f,0.30155661288735114f,-0.930568883083887f,0.6648728518187511f,0.7302449044931272f,0.6807465210887066f,0.05767628184484637f,-0.20728161313307591f,0f,0f,0f,1f], start_interpolation: 0, interpolation_duration: 1 }
$data merge entity $(bone_leg_left_3) { transformation: [0.9723606319101115f,0.031118223753553415f,-0.23140107532548795f,0.17893664811222937f,0.008961883177617648f,0.9853741505301061f,0.17016893993024199f,0.06475198835002102f,0.23331199317926f,-0.1675393673662857f,0.957860153791369f,-0.5367583859086096f,0f,0f,0f,1f], start_interpolation: 0, interpolation_duration: 1 }
$data merge entity $(bone_leg_left_2) { transformation: [0.9921403579780125f,-0.12819986587298832f,-0.22646082213509444f,0.14359397677026509f,0.07485764939739417f,0.9954698625881514f,-0.2355807388266667f,0.28963020046735427f,0.24923090077005272f,0.21134508882292313f,0.9722548076674513f,-0.4570604727405648f,0f,0f,0f,1f], start_interpolation: 0, interpolation_duration: 1 }
$data merge entity $(bone_leg_left_1) { transformation: [0.7894522197824417f,0.562129562145071f,-0.24652697224272552f,0.2936594440232674f,-0.16409746590172233f,0.5802968706317986f,0.7977014251081508f,0.40823973732776353f,0.5914703833373298f,-0.5892927093537912f,0.550360689309529f,-0.6581214559363676f,0f,0f,0f,1f], start_interpolation: 0, interpolation_duration: 1 }
$data merge entity $(bone_leg_left_0) { transformation: [0.6215966904816221f,-0.5587517254079334f,-0.5490118976269563f,0.1912449006719136f,-0.20030673820858097f,0.5641843800263421f,-0.8009826439833332f,0.6716710631033104f,0.7572943714372457f,0.6078589430846184f,0.23877340786092013f,-0.35083905085152634f,0f,0f,0f,1f], start_interpolation: 0, interpolation_duration: 1 }
$data merge entity $(bone_leg_right_3) { transformation: [-0.09696532257519483f,0.021712659233465215f,-0.9950508965107765f,0.28720804391530896f,0.06227508625663566f,0.9979354199601007f,0.015707043667948173f,0.04872241000856989f,0.9933375759778831f,-0.060443841853986f,-0.09811728763226851f,0.21104147384108135f,0f,0f,0f,1f], start_interpolation: 0, interpolation_duration: 1 }
$data merge entity $(bone_leg_right_2) { transformation: [0.08932844193533218f,0.39768177017594847f,-0.9412395224552699f,0.3506799877500716f,0.3041308853647917f,0.8916598390227618f,0.40559750435847786f,0.26862998141169925f,0.9754932257731613f,-0.31441078328251026f,-0.0402619588078424f,0.1349951428879712f,0f,0f,0f,1f], start_interpolation: 0, interpolation_duration: 1 }
$data merge entity $(bone_leg_right_1) { transformation: [0.30708828161229906f,0.8821964058125837f,-0.35696819027437754f,0.6153932918115934f,0.03509908081968204f,0.3643382275255236f,0.9306050238899282f,0.3189525116939411f,0.9510335650343884f,-0.2983071530066266f,0.08091971727003502f,0.06860316100317736f,0f,0f,0f,1f], start_interpolation: 0, interpolation_duration: 1 }
$data merge entity $(bone_leg_right_0) { transformation: [0.25860389200575806f,-0.8451151014803931f,-0.46787230340046726f,0.2915920372578853f,0.06505986598600524f,0.4984862566005702f,-0.8644528129506166f,0.5774814020629866f,0.9637900398309566f,0.19311115252655708f,0.18389356131335202f,0.017389501121776313f,0f,0f,0f,1f], start_interpolation: 0, interpolation_duration: 1 }
$data merge entity $(bone_tail_4) { transformation: [2.754157090747476f,0.16489090703490453f,0.11441608218514555f,-0.17570304635204304f,-0.16350547722415978f,2.7563729653175404f,-0.036542667996295665f,0.050819976590602806f,-0.11638732750214356f,0.029671475254766058f,2.7588466657560202f,1.1523460345507597f,0f,0f,0f,1f], start_interpolation: 0, interpolation_duration: 1 }
$data merge entity $(bone_tail_3) { transformation: [2.0740025753571754f,0.14235096499304134f,0.11914296547339359f,-0.1972983064190549f,-0.1218649813438619f,2.052260703350806f,-0.33063644361830263f,0.08680071690888598f,-0.14002774645870902f,0.32234722628254225f,2.0524205275659493f,0.8011769378130882f,0f,0f,0f,1f], start_interpolation: 0, interpolation_duration: 1 }
$data merge entity $(bone_tail_2) { transformation: [1.923811999951253f,0.3429180056794257f,-0.011336014607346092f,-0.19368681457176612f,-0.34251706468206483f,1.9156859284459695f,-0.17777333590407177f,0.12005096224282512f,-0.02008293424564332f,0.17699870038428228f,1.946032376610712f,0.4394410365245786f,0f,0f,0f,1f], start_interpolation: 0, interpolation_duration: 1 }
$data merge entity $(bone_tail_1) { transformation: [1.4609948225467737f,0.3913443201857928f,0.000039368000308406126f,-0.19987485955986564f,-0.3753863957150512f,1.4014625406777343f,-0.42736875293962806f,0.1952431515581749f,-0.11061388883672209f,0.4128057898521159f,1.4508660163712523f,0.12229041022215753f,0f,0f,0f,1f], start_interpolation: 0, interpolation_duration: 1 }
$data merge entity $(bone_tail_0) { transformation: [1.1394167490999376f,0.08543152183265759f,-0.5729455851404324f,-0.03038522828276488f,-0.3590796069889791f,1.096214791828708f,-0.5506456960738095f,0.382608237809736f,0.45456245368397596f,0.6518054171586224f,1.0011785007916942f,-0.1545479914570147f,0f,0f,0f,1f], start_interpolation: 0, interpolation_duration: 1 }
$data merge entity $(bone_body_1) { transformation: [0.315603081581899f,-0.7428016496023861f,-0.9366135805657705f,0.23739727172079808f,-0.2962371253315504f,0.8898918168905273f,-0.8055685662082562f,0.5099511162551441f,1.1581203976821919f,0.43004983273511477f,0.04918211964923124f,-0.19494905342462923f,0f,0f,0f,1f], start_interpolation: 0, interpolation_duration: 1 }