# This file was generated by Animated Java via MC-Build. It is not recommended to edit this file directly.
$data merge entity $(bone_head_lower) { transformation: [0.15605395038334186f,-0.4308464961044869f,-0.8888298269996567f,0.8070230351324316f,-0.5484481962353042f,0.7105980162799231f,-0.4407437297401732f,1.3257567500758016f,0.82149360351496f,0.5562569155107412f,-0.12540535606775882f,-0.20656331067901523f,0f,0f,0f,1f], start_interpolation: 0, interpolation_duration: 1 }
$data merge entity $(bone_head_upper) { transformation: [0.16243649193154122f,-0.7203144288427303f,-0.7336439547038144f,0.7403235085334826f,-0.5708794989412463f,0.5545384838277719f,-0.6708618413847176f,1.2917840998807182f,0.8550923496097205f,0.5070563441457702f,-0.30851722818014626f,-0.21618041429681328f,0f,0f,0f,1f], start_interpolation: 0, interpolation_duration: 1 }
$data merge entity $(bone_neck_0) { transformation: [0.30168732568058f,-0.8191134036913426f,-0.48789137050872616f,0.7219738013825006f,-0.4780418927567269f,0.3127994518390729f,-0.8207511508969946f,1.233789937239587f,0.8249004220469677f,0.4808427339810372f,-0.29720289178333326f,-0.24346963563645813f,0f,0f,0f,1f], start_interpolation: 0, interpolation_duration: 1 }
$data merge entity $(bone_neck_1) { transformation: [0.49365764371285487f,-0.6294815997646914f,-0.6000458702145666f,0.6682420975283643f,-0.4916791519717285f,0.367100382259475f,-0.7896131463326259f,1.1685905256461897f,0.7173240148776798f,0.6848286098744937f,-0.12828106944180995f,-0.25118180610510027f,0f,0f,0f,1f], start_interpolation: 0, interpolation_duration: 1 }
$data merge entity $(bone_neck_2) { transformation: [0.5512645915288517f,-0.5692690745871022f,-0.6099508757640013f,0.6092323261464901f,-0.44371552330042285f,0.4190728124129887f,-0.792145512061073f,1.1032956224523303f,0.706557771529519f,0.7073264441649355f,-0.021573522573470352f,-0.24614664051655322f,0f,0f,0f,1f], start_interpolation: 0, interpolation_duration: 1 }
$data merge entity $(bone_body_0) { transformation: [0.6409458921936739f,-0.6764696407583319f,-0.3627357004932769f,0.4318321318476116f,-0.19569654724884156f,0.3129384059338389f,-0.9293935740505577f,0.6682570457177323f,0.7422204690487437f,0.6666771176693262f,0.06819381277786057f,-0.20765621938894804f,0f,0f,0f,1f], start_interpolation: 0, interpolation_duration: 1 }
$data merge entity $(bone_leg_left_3) { transformation: [0.9712273699239334f,0.032048374250618905f,-0.23598791837407887f,0.18294174706195332f,0.007115672377979757f,0.98655665731191f,0.163264598490179f,0.06450416601129852f,0.23804781687141763f,-0.16024625930561467f,0.9579427818305795f,-0.5408835210827001f,0f,0f,0f,1f], start_interpolation: 0, interpolation_duration: 1 }
$data merge entity $(bone_leg_left_2) { transformation: [0.9902691822940175f,-0.1410339603464516f,-0.22702107419450548f,0.14458724973308087f,0.07852116389098439f,0.9863399836285173f,-0.27024075010552245f,0.28618875050065484f,0.25546736175221474f,0.24352629883728333f,0.9630646750632437f,-0.4539585557364513f,0f,0f,0f,1f], start_interpolation: 0, interpolation_duration: 1 }
$data merge entity $(bone_leg_left_1) { transformation: [0.7865500622615643f,0.56316038513221f,-0.25335623176482125f,0.295352755974676f,-0.16221832807860495f,0.5842957995860462f,0.7951626453886558f,0.4059818945430929f,0.5958390836389562f,-0.5843362039133324f,0.5509328336598256f,-0.6537903610826195f,0f,0f,0f,1f], start_interpolation: 0, interpolation_duration: 1 }
$data merge entity $(bone_leg_left_0) { transformation: [0.6179998632666881f,-0.5542947679073559f,-0.557524420337697f,0.19496290820865547f,-0.19400362352416464f,0.5797049020906452f,-0.7913942257507124f,0.6754594231256801f,0.7618653181907212f,0.5972432810527095f,0.25072235675253457f,-0.35111723935062755f,0f,0f,0f,1f], start_interpolation: 0, interpolation_duration: 1 }
$data merge entity $(bone_leg_right_3) { transformation: [-0.08988283510293565f,0.0210437987582901f,-0.9957300007972437f,0.2871111664613723f,0.05644846574245941f,0.9982772674220101f,0.016002126851358878f,0.0503151150988575f,0.9943513698231529f,-0.054769114309665204f,-0.09091588116800023f,0.2082691759633325f,0f,0f,0f,1f], start_interpolation: 0, interpolation_duration: 1 }
$data merge entity $(bone_leg_right_2) { transformation: [0.09732375474565298f,0.40067390940652714f,-0.9391755451372189f,0.35133195599567196f,0.2986506927143736f,0.8910051440454481f,0.41107152239782996f,0.2702477515814943f,0.9764210413567125f,-0.3124619194496105f,-0.03212006211750279f,0.13292730402346653f,0f,0f,0f,1f], start_interpolation: 0, interpolation_duration: 1 }
$data merge entity $(bone_leg_right_1) { transformation: [0.3108384184185934f,0.8860160680084816f,-0.34402762224248346f,0.6164713100284269f,0.02806423665273524f,0.35324442692351116f,0.9351100328135612f,0.3171774108235498f,0.950048354693658f,-0.3003229962528171f,0.08493657436937067f,0.0657550204067574f,0f,0f,0f,1f], start_interpolation: 0, interpolation_duration: 1 }
$data merge entity $(bone_leg_right_0) { transformation: [0.2627512487961067f,-0.8385710114930468f,-0.47724253785639703f,0.2955200370324577f,0.05853968519609723f,0.5075654576618345f,-0.8596222492732923f,0.5796359906253845f,0.9630861262178104f,0.19792919156117567f,0.18245314087379016f,0.016632186458338888f,0f,0f,0f,1f], start_interpolation: 0, interpolation_duration: 1 }
$data merge entity $(bone_tail_4) { transformation: [2.754398982930054f,0.16834769144440156f,0.1029884907124017f,-0.1763345176349052f,-0.16665858153356547f,2.756011676932931f,-0.04781093400625598f,0.05071745872765461f,-0.10570000773461585f,0.04147315993110794f,2.759124646870856f,1.151809503013948f,0f,0f,0f,1f], start_interpolation: 0, interpolation_duration: 1 }
$data merge entity $(bone_tail_3) { transformation: [2.0744465769145037f,0.14343996452064167f,0.1097356011076518f,-0.19634529306174128f,-0.12417477592321809f,2.051537623249396f,-0.33424471792547605f,0.08731710493426198f,-0.13113943189048533f,0.3264412397583672f,2.0523606146174465f,0.8006105021623886f,0f,0f,0f,1f], start_interpolation: 0, interpolation_duration: 1 }
$data merge entity $(bone_tail_2) { transformation: [1.9226778280293455f,0.3484468995468711f,-0.025857354917029295f,-0.1900338388089318f,-0.3493050664159924f,1.9133991177292071f,-0.18884825085762966f,0.12262058926181568f,-0.00835554805213962f,0.19042701875532253f,1.9448500225846423f,0.4391062649691166f,0f,0f,0f,1f], start_interpolation: 0, interpolation_duration: 1 }
$data merge entity $(bone_tail_1) { transformation: [1.4605653968660408f,0.3928797720444118f,-0.007103252485614962f,-0.1947032306103866f,-0.3783489282766365f,1.3987035611755734f,-0.43374726100194494f,0.19922191834159655f,-0.10609929287918907f,0.4206305774347605f,1.448954487683252f,0.12226701525051925f,0f,0f,0f,1f], start_interpolation: 0, interpolation_duration: 1 }
$data merge entity $(bone_tail_0) { transformation: [1.1411165452796475f,0.08876643242145058f,-0.569042412433588f,-0.02627371978327034f,-0.35761359683345767f,1.0991787553765444f,-0.5456686683993643f,0.38520412715004615f,0.4514435313889288f,0.6463453417392798f,1.0061173657993654f,-0.1561463989199366f,0f,0f,0f,1f], start_interpolation: 0, interpolation_duration: 1 }
$data merge entity $(bone_body_1) { transformation: [0.3162635308943797f,-0.7437336114610044f,-0.9356507303826794f,0.24134770528494667f,-0.3013755211533975f,0.8869575929215537f,-0.8068975267433723f,0.5130536111111111f,1.1566134917646378f,0.43447800703628825f,0.04559262139905148f,-0.19601122178894367f,0f,0f,0f,1f], start_interpolation: 0, interpolation_duration: 1 }