# This file was generated by Animated Java via MC-Build. It is not recommended to edit this file directly.
$data merge entity $(bone_head_lower) { transformation: [0.1341907829113244f,-0.4223523206766516f,-0.8964437243913822f,0.8199878290523069f,-0.5453857568709786f,0.7238176826011848f,-0.4226610208620145f,1.3215049340047123f,0.82737368219198f,0.5456248524150061f,-0.13321527856513646f,-0.21259784986773622f,0f,0f,0f,1f], start_interpolation: 0, interpolation_duration: 1 }
$data merge entity $(bone_head_upper) { transformation: [0.13967913001957138f,-0.6904830257610174f,-0.7662864179641923f,0.751700808768339f,-0.5676918070829363f,0.5941710395421127f,-0.6388730159615935f,1.290628437272075f,0.8612129210545979f,0.5036525682341572f,-0.2968473306318443f,-0.22148499238112387f,0f,0f,0f,1f], start_interpolation: 0, interpolation_duration: 1 }
$data merge entity $(bone_neck_0) { transformation: [0.2779181614163783f,-0.8098067726112856f,-0.516695738890726f,0.7313451734884263f,-0.47792481395862485f,0.3500238625343101f,-0.8056495316570202f,1.2330065138340964f,0.8332762853685166f,0.47084635146664966f,-0.2897487628152885f,-0.24813266218461316f,0f,0f,0f,1f], start_interpolation: 0, interpolation_duration: 1 }
$data merge entity $(bone_neck_1) { transformation: [0.4714840581287263f,-0.6300565776352608f,-0.6170344333252483f,0.676171666512747f,-0.4978368720073159f,0.38737266953417976f,-0.7759515859690824f,1.1690578076049096f,0.7279156762980443f,0.6730312948715725f,-0.1310253575574398f,-0.25613165863098475f,0f,0f,0f,1f], start_interpolation: 0, interpolation_duration: 1 }
$data merge entity $(bone_neck_2) { transformation: [0.5306093488929351f,-0.5750109667611051f,-0.6227488313693368f,0.6159844815221123f,-0.4505125654915153f,0.431016869271862f,-0.7818330299605765f,1.1047832949683531f,0.7179778180429175f,0.695404088647415f,-0.030348085455087936f,-0.25198193787207773f,0f,0f,0f,1f], start_interpolation: 0, interpolation_duration: 1 }
$data merge entity $(bone_body_0) { transformation: [0.6293235899548004f,-0.6843407740574843f,-0.36827913881837687f,0.4358967031449168f,-0.18519136642182196f,0.3281785547731593f,-0.926284510282785f,0.6713551897963979f,0.7547555742948976f,0.6511348102731135f,0.07979650319014983f,-0.20817127216908288f,0f,0f,0f,1f], start_interpolation: 0, interpolation_duration: 1 }
$data merge entity $(bone_leg_left_3) { transformation: [0.9699682933172722f,0.032204560228332874f,-0.241089975444186f,0.187020460592635f,0.005631486254029743f,0.9879568319718046f,0.15462724379230863f,0.06445315636017812f,0.24316619074564844f,-0.1513412186442778f,0.9581054426405873f,-0.5449519705322307f,0f,0f,0f,1f], start_interpolation: 0, interpolation_duration: 1 }
$data merge entity $(bone_leg_left_2) { transformation: [0.9884059784751648f,-0.15350537752207133f,-0.227050479601019f,0.14575509473508372f,0.08190294087899559f,0.9763292607782538f,-0.3035379421493375f,0.28278046992674155f,0.2615487134180132f,0.2743710500776077f,0.9530870877781249f,-0.4511360561175348f,0f,0f,0f,1f], start_interpolation: 0, interpolation_duration: 1 }
$data merge entity $(bone_leg_left_1) { transformation: [0.7837194735605755f,0.5640852446699431f,-0.2599838908616935f,0.29717973553909494f,-0.16080141301861378f,0.5885739268009049f,0.792290122531753f,0.4038599765333591f,0.5999389071673478f,-0.579127420725192f,0.5519825524697632f,-0.6496901215431511f,0f,0f,0f,1f], start_interpolation: 0, interpolation_duration: 1 }
$data merge entity $(bone_leg_left_0) { transformation: [0.614537884466577f,-0.5495048806632943f,-0.566027892141865f,0.19896024517926683f,-0.188260199504104f,0.594619119898474f,-0.7816560621743037f,0.6790683845783092f,0.7660948282282155f,0.5869177867285867f,0.2619660775436355f,-0.35149464468397246f,0f,0f,0f,1f], start_interpolation: 0, interpolation_duration: 1 }
$data merge entity $(bone_leg_right_3) { transformation: [-0.08230968783171203f,0.0204319833394091f,-0.9963973350756533f,0.28733266167922067f,0.05117366698615043f,0.9985575732114594f,0.01624896271248466f,0.05167837311586168f,0.995292103402934f,-0.04965185836259539f,-0.0832365416443048f,0.20564137742836974f,0f,0f,0f,1f], start_interpolation: 0, interpolation_duration: 1 }
$data merge entity $(bone_leg_right_2) { transformation: [0.10537586326845641f,0.40292868126310594f,-0.9373401755801871f,0.3521232645333717f,0.2934040472946913f,0.8905535080556469f,0.41580129126972415f,0.2716600444801993f,0.9771756198208265f,-0.31084582449511783f,-0.023767223700470182f,0.13093318435984574f,0f,0f,0f,1f], start_interpolation: 0, interpolation_duration: 1 }
$data merge entity $(bone_leg_right_1) { transformation: [0.31465642439669705f,0.8896085973757314f,-0.33104059881088493f,0.6176258514824993f,0.02129597575057285f,0.3420513648319552f,0.9394399103899236f,0.3151844639195305f,0.9489667096388137f,-0.3026506357035785f,0.0886835763008184f,0.06290828527461545f,0f,0f,0f,1f], start_interpolation: 0, interpolation_duration: 1 }
$data merge entity $(bone_leg_right_0) { transformation: [0.26699358630815484f,-0.8315715357673134f,-0.4870351175961563f,0.29972669688817966f,0.052315247906768225f,0.5171429062203147f,-0.8542987354447272f,0.581693844330986f,0.9622772675828746f,0.20261292023856434f,0.18157771021146255f,0.015789751496790683f,0f,0f,0f,1f], start_interpolation: 0, interpolation_duration: 1 }
$data merge entity $(bone_tail_4) { transformation: [2.7548422010080476f,0.16596901319338472f,0.09465762412373656f,-0.17648507933242266f,-0.16399936236023221f,2.7559487291503504f,-0.05926333638941798f,0.05045746546277196f,-0.09803054774188381f,0.05349972480473274f,2.7592008123286793f,1.1511415558397189f,0f,0f,0f,1f], start_interpolation: 0, interpolation_duration: 1 }
$data merge entity $(bone_tail_3) { transformation: [2.0750832410275053f,0.14030915654537734f,0.10143179699065814f,-0.1950571990269304f,-0.122151983094076f,2.0510162971053774f,-0.3381664798272826f,0.08772719914822993f,-0.1226945878081583f,0.33104533774411643f,2.0521453526797058f,0.7999340007446818f,0f,0f,0f,1f], start_interpolation: 0, interpolation_duration: 1 }
$data merge entity $(bone_tail_2) { transformation: [1.9220368830663492f,0.3506743672285774f,-0.039693617927893776f,-0.1861735576118396f,-0.35290148039392527f,1.9116053407910942f,-0.19999860298891492f,0.12510042339838756f,0.0029394338136406266f,0.2038783564544762f,1.943501698095747f,0.43869196693148316f,0f,0f,0f,1f], start_interpolation: 0, interpolation_duration: 1 }
$data merge entity $(bone_tail_1) { transformation: [1.4605327646724084f,0.39282960186051996f,-0.013608718546464763f,-0.18944240124409542f,-0.3796551285880073f,1.3962967275740594f,-0.4403108923281335f,0.20314484167042127f,-0.10179526833402032f,0.4285984163154115f,1.4469268712954106f,0.12218752709419453f,0f,0f,0f,1f], start_interpolation: 0, interpolation_duration: 1 }
$data merge entity $(bone_tail_0) { transformation: [1.142754289271935f,0.0920915355334067f,-0.5652145610453803f,-0.022051236898914278f,-0.35643426515606125f,1.1018066602299235f,-0.5411214417112559f,0.38786166117853804f,0.448222004766925f,0.6413867391364657f,1.0107204370579619f,-0.1576906713971342f,0f,0f,0f,1f], start_interpolation: 0, interpolation_duration: 1 }
$data merge entity $(bone_body_1) { transformation: [0.31692187501693364f,-0.7439627501682986f,-0.9352457145338987f,0.24549146177584738f,-0.3062539302588537f,0.8847027466397447f,-0.8075358662903752f,0.5160114300411522f,1.15515092104582f,0.43866282211553276f,0.0424955663202664f,-0.19711734933625877f,0f,0f,0f,1f], start_interpolation: 0, interpolation_duration: 1 }