# This file was generated by Animated Java via MC-Build. It is not recommended to edit this file directly.
$data merge entity $(bone_head_lower) { transformation: [-0.9786333622445482f,-0.2054348887625447f,0.008558550172284574f,0.478398425975116f,-0.2007528791311623f,0.9636693950483142f,0.17618052834454934f,0.2967221832719473f,-0.04444124010960507f,0.17069798922757284f,-0.9843206655613727f,0.4357967087457852f,0f,0f,0f,1f], start_interpolation: 0, interpolation_duration: 1 }
$data merge entity $(bone_head_upper) { transformation: [-1.0186590589964495f,-0.1789051037339439f,-0.11746756133470164f,0.4659670340487587f,-0.20896358824059388f,0.7079048874852217f,0.7339460686233409f,0.3631494404962946f,-0.046258868312904544f,0.741846059985486f,-0.7286950548548596f,0.4022059885358735f,0f,0f,0f,1f], start_interpolation: 0, interpolation_duration: 1 }
$data merge entity $(bone_neck_0) { transformation: [-0.9766280823529383f,-0.1953040501371542f,-0.08974361681839016f,0.4636497673939304f,-0.18364316182901788f,0.9751742748303994f,-0.12373488926913599f,0.3393789433176382f,0.11168159146906537f,-0.10436216608056828f,-0.9882488352727306f,0.3399618724008781f,0f,0f,0f,1f], start_interpolation: 0, interpolation_duration: 1 }
$data merge entity $(bone_neck_1) { transformation: [-0.9402739973214072f,0.02228693463303072f,-0.33968824310812584f,0.43497638791646887f,-0.00695254707496671f,0.9963892040437444f,0.08461806044954945f,0.35113744416413745f,0.3403475753555364f,0.08192586044550451f,-0.936723908811914f,0.26098648502154576f,0f,0f,0f,1f], start_interpolation: 0, interpolation_duration: 1 }
$data merge entity $(bone_neck_2) { transformation: [-0.9116086015089352f,0.0910321867128143f,-0.40085271439421055f,0.4007499457432132f,-0.029381226465825337f,0.9582458472234185f,0.28443213568518677f,0.3854376582391493f,0.41000792819930576f,0.27106832581723006f,-0.8708705193955969f,0.18734562432105026f,0f,0f,0f,1f], start_interpolation: 0, interpolation_duration: 1 }
$data merge entity $(bone_body_0) { transformation: [-0.859022854270188f,0.020041859881037294f,-0.5115447777995669f,0.15985173402688585f,-0.042118231735250276f,0.9930790616690203f,0.10963590575205728f,0.44656896889667175f,0.5102017153998947f,0.11572511018394893f,-0.8522334823720068f,-0.21320639371442776f,0f,0f,0f,1f], start_interpolation: 0, interpolation_duration: 1 }
$data merge entity $(bone_leg_left_3) { transformation: [-0.8536386139243796f,0.10631981848678249f,-0.5098992184875375f,0.3983304267055144f,-0.06792924523681351f,0.9478603128882991f,0.3113622406343656f,0.09683445197532312f,0.5164172096849802f,0.30042790058220825f,-0.8019079386643743f,-0.7223142948571134f,0f,0f,0f,1f], start_interpolation: 0, interpolation_duration: 1 }
$data merge entity $(bone_leg_left_2) { transformation: [-0.8514693355664246f,-0.18236449407978772f,-0.5420381549206557f,0.33774917003118626f,-0.42373767301703724f,0.8540491726321705f,0.3782969662753136f,0.30694576736838264f,0.3840684243163868f,0.5379641266162849f,-0.7843138679239323f,-0.6205586141824058f,0f,0f,0f,1f], start_interpolation: 0, interpolation_duration: 1 }
$data merge entity $(bone_leg_left_1) { transformation: [-0.9167826627807536f,0.39902090687493413f,0.017084059861053658f,0.4635029062744032f,-0.02642669418400286f,-0.10328837578991673f,0.9943003274972739f,0.22667788681513668f,0.39851120317895217f,0.9111058266213569f,0.1052377956699862f,-0.38655765086787813f,0f,0f,0f,1f], start_interpolation: 0, interpolation_duration: 1 }
$data merge entity $(bone_leg_left_0) { transformation: [-0.9058112967481617f,-0.21981189119251f,-0.36219970620333974f,0.30135915907742267f,-0.08111016639365996f,0.9290425553340083f,-0.3609723968478046f,0.6114044618119314f,0.41584496581178704f,-0.29759479644111425f,-0.8593662208512535f,-0.38509262506250236f,0f,0f,0f,1f], start_interpolation: 0, interpolation_duration: 1 }
$data merge entity $(bone_leg_right_3) { transformation: [-0.8551745948862043f,-0.0001789217429626344f,0.5183400237761175f,-0.17849313157786614f,-0.005905166459614385f,0.9999384072424375f,-0.009397378918709842f,0.03139608933983676f,-0.5183064163892827f,-0.011097283832878224f,-0.8551229788873834f,-0.04159156511279255f,0f,0f,0f,1f], start_interpolation: 0, interpolation_duration: 1 }
$data merge entity $(bone_leg_right_2) { transformation: [-0.8769783455817368f,0.010500239309262228f,0.5318467127433074f,-0.15824857024286268f,-0.3292728328519549f,0.7947107387104995f,-0.5586380248645407f,0.19988841820637515f,-0.41779251121467287f,-0.6483724132420773f,-0.676110073006073f,-0.21297290865840487f,0f,0f,0f,1f], start_interpolation: 0, interpolation_duration: 1 }
$data merge entity $(bone_leg_right_1) { transformation: [-0.9835247085421179f,0.11600980110255965f,-0.1386393657490055f,-0.13896692980143516f,-0.0498554024427085f,0.5631103938373654f,0.8248764290483777f,0.30812666100278985f,0.17376301831637703f,0.8181982708368871f,-0.5480492706546654f,0.04183307007442935f,0f,0f,0f,1f], start_interpolation: 0, interpolation_duration: 1 }
$data merge entity $(bone_leg_right_0) { transformation: [-0.9916260000484871f,-0.11079874573753393f,-0.06634390681009876f,-0.061767376751579964f,-0.013993322455205112f,0.6028858173488324f,-0.7977047562640546f,0.6114044618119314f,0.12838248694624374f,-0.790096404992846f,-0.5993876941203231f,-0.2345183060931705f,0f,0f,0f,1f], start_interpolation: 0, interpolation_duration: 1 }
$data merge entity $(bone_tail_4) { transformation: [-2.490136428812365f,1.0385283326145494f,-0.5885072640659976f,-0.39709004161749795f,-0.2041882047759943f,0.9707924116401898f,2.5771167226441607f,1.78577580982799f,1.1760905894241136f,2.3674210287692112f,-0.7986175114592545f,-1.4750828154763993f,0f,0f,0f,1f], start_interpolation: 0, interpolation_duration: 1 }
$data merge entity $(bone_tail_3) { transformation: [-1.877700377628668f,0.6710968808354124f,-0.599846475717397f,-0.30194545597188344f,-0.15396918208134625f,1.12775248726702f,1.743678108045374f,1.4790764953609408f,0.8868372504957168f,1.6167092595888954f,-0.9673243443319138f,-1.3268811226300214f,0f,0f,0f,1f], start_interpolation: 0, interpolation_duration: 1 }
$data merge entity $(bone_tail_2) { transformation: [-1.8051305999251321f,0.5736271540480823f,-0.4808630577985867f,-0.2137523623518695f,0f,1.2553991662552944f,1.4975803178355036f,1.2009783110504373f,0.74851679487952f,1.3833649903431076f,-1.15965416667172f,-1.1104212831907543f,0f,0f,0f,1f], start_interpolation: 0, interpolation_duration: 1 }
$data merge entity $(bone_tail_1) { transformation: [-1.3971467993904123f,0.4168747074692944f,-0.40230902205334357f,-0.130941017227379f,0f,1.0503165145913498f,1.0883434518462813f,0.953939908534836f,0.5793419292206698f,1.0053392200889557f,-0.970212467245089f,-0.9144851053163241f,0f,0f,0f,1f], start_interpolation: 0, interpolation_duration: 1 }
$data merge entity $(bone_tail_0) { transformation: [-1.1807306846094645f,0.26843849425479305f,-0.4094527345224505f,-0.004811512585384717f,0f,1.0689667530162792f,0.7008179489210165f,0.7749406872829503f,0.48960266237602607f,0.6473689615142821f,-0.9874403157893922f,-0.6103099285665361f,0f,0f,0f,1f], start_interpolation: 0, interpolation_duration: 1 }
$data merge entity $(bone_body_1) { transformation: [-1.142073980492777f,0.22036710864276562f,-0.4191777135846577f,0.07779814547754578f,0f,1.0943559577150916f,0.5753169846873416f,0.5674749074074075f,0.4735732447442886f,0.5314395264732972f,-1.0108931727044426f,-0.41108764973610584f,0f,0f,0f,1f], start_interpolation: 0, interpolation_duration: 1 }