# This file was generated by Animated Java via MC-Build. It is not recommended to edit this file directly.
$data merge entity $(bone_head_lower) { transformation: [0.11014853931184594f,-0.4103563207512834f,-0.9052485787378717f,0.8364996252079601f,-0.5444444848173137f,0.7370780442930224f,-0.4003700283152858f,1.3144517438571148f,0.8315332237736964f,0.536957769885717f,-0.14222816570525254f,-0.21862068956370145f,0f,0f,0f,1f], start_interpolation: 0, interpolation_duration: 1 }
$data merge entity $(bone_head_upper) { transformation: [0.11465356867447574f,-0.6572917327376937f,-0.7989330884676106f,0.7666995625292585f,-0.5667120373944732f,0.6325968847298756f,-0.6017728730058944f,1.286995979583642f,0.8655425861538641f,0.5012591167133456f,-0.2881792359788332f,-0.2269626767373733f,0f,0f,0f,1f], start_interpolation: 0, interpolation_duration: 1 }
$data merge entity $(bone_neck_0) { transformation: [0.2510232879590801f,-0.7979364920558659f,-0.5479823569676235f,0.7441368893578801f,-0.4799626552013243f,0.38901483662221004f,-0.7863226478360454f,1.2299915305513633f,0.8406088023059877f,0.4603963635101543f,-0.2853279340553923f,-0.25315723388546785f,0f,0f,0f,1f], start_interpolation: 0, interpolation_duration: 1 }
$data merge entity $(bone_neck_1) { transformation: [0.44580134523204407f,-0.6285574466098012f,-0.6373199329227565f,0.6872518406283525f,-0.5059808902549002f,0.41037747813792724f,-0.7586657130344124f,1.1676131449144618f,0.7384067302551882f,0.6606859024896183f,-0.1350912246051524f,-0.2615575363148153f,0f,0f,0f,1f], start_interpolation: 0, interpolation_duration: 1 }
$data merge entity $(bone_neck_2) { transformation: [0.5062999357625689f,-0.5788697041422007f,-0.6391949942491254f,0.625586068972555f,-0.45855861308477064f,0.44701752931822625f,-0.768049039351004f,1.1047028696974999f,0.7303316872576391f,0.6819715493395229f,-0.03912074230967881f,-0.2583078790464582f,0f,0f,0f,1f], start_interpolation: 0, interpolation_duration: 1 }
$data merge entity $(bone_body_0) { transformation: [0.6158065501014354f,-0.6906395390606963f,-0.3792088078330949f,0.44028717496486985f,-0.17682719260880467f,0.3478695581996015f,-0.9207165222977713f,0.6740865178043177f,0.7677984350115965f,0.6340376941192397f,0.0920965017234653f,-0.20886314156246708f,0f,0f,0f,1f], start_interpolation: 0, interpolation_duration: 1 }
$data merge entity $(bone_leg_left_3) { transformation: [0.9685602936725689f,0.031569284598986794f,-0.24676778110364195f,0.1911187635585582f,0.004471188723772656f,0.9895467373572697f,0.14414320329789537f,0.06452885501743857f,0.24873875048392313f,-0.14071472863737544f,0.958294526308173f,-0.548932061324055f,0f,0f,0f,1f], start_interpolation: 0, interpolation_duration: 1 }
$data merge entity $(bone_leg_left_2) { transformation: [0.9866158676801051f,-0.16528631809511948f,-0.22656513896247593f,0.14711949961919893f,0.08490016580404665f,0.965778172708952f,-0.33485322525861433f,0.27943359259081607f,0.26728877826981945f,0.30333999681909707f,0.9426578142897406f,-0.4486769337378417f,0f,0f,0f,1f], start_interpolation: 0, interpolation_duration: 1 }
$data merge entity $(bone_leg_left_1) { transformation: [0.7810684161812409f,0.5648480542553341f,-0.2662307361070292f,0.2991354786605246f,-0.15993344813288204f,0.59308172298376f,0.7890978152491239f,0.40188974849562553f,0.6036169492421949f,-0.5737601811441583f,0.5535754990251718f,-0.6459306223139741f,0f,0f,0f,1f], start_interpolation: 0, interpolation_duration: 1 }
$data merge entity $(bone_leg_left_0) { transformation: [0.6113475720761163f,-0.5443512922672379f,-0.5744003975656926f,0.20325007329912348f,-0.183220901344792f,0.6087530757928874f,-0.7719130741366549f,0.6824404144013844f,0.7698598881790372f,0.5771493423020483f,0.2724231804624441f,-0.35198404304663833f,0f,0f,0f,1f], start_interpolation: 0, interpolation_duration: 1 }
$data merge entity $(bone_leg_right_3) { transformation: [-0.07436200746684948f,0.019827850068589004f,-0.9970341760477214f,0.2879441283584256f,0.04662503002049337f,0.9987780712063008f,0.0163850862985514f,0.052756726513005975f,0.996140752314194f,-0.04526832048000499f,-0.07519561649345802f,0.2032173874741226f,0f,0f,0f,1f], start_interpolation: 0, interpolation_duration: 1 }
$data merge entity $(bone_leg_right_2) { transformation: [0.11331063235591671f,0.4043806151590085f,-0.9357880198952215f,0.35310883363011497f,0.2885626282638636f,0.8903192176756385f,0.4196730867086738f,0.2728109518236406f,0.9777292619458864f,-0.3096291462730158f,-0.015410438465201924f,0.12905020351918203f,0f,0f,0f,1f], start_interpolation: 0, interpolation_duration: 1 }
$data merge entity $(bone_leg_right_1) { transformation: [0.31846385911364367f,0.8929080329588612f,-0.3182703490996032f,0.6189063154056016f,0.014956551588093328f,0.3309763899078669f,0.9435204983931984f,0.3129839739892388f,0.9478170034363373f,-0.3052374059663949f,0.09204919334718906f,0.06012116296545096f,0f,0f,0f,1f], start_interpolation: 0, interpolation_duration: 1 }
$data merge entity $(bone_leg_right_0) { transformation: [0.2712492860671518f,-0.8241674485018202f,-0.4971637975939719f,0.3042439498113331f,0.04654546011834443f,0.5271564605166339f,-0.8484925375499457f,0.5836232261417882f,0.96138303758202f,0.20701227733053384f,0.18135206666590284f,0.014852305708162733f,0f,0f,0f,1f], start_interpolation: 0, interpolation_duration: 1 }
$data merge entity $(bone_tail_4) { transformation: [2.755507114329911f,0.15718864583030467f,0.09018649621356868f,-0.17598096015973816f,-0.1548981136039965f,2.756193276396151f,-0.07117955570648762f,0.05001113579657886f,-0.09406619413566421f,0.06596729773671606f,2.7590689006166818f,1.1503768666792864f,0f,0f,0f,1f], start_interpolation: 0, interpolation_duration: 1 }
$data merge entity $(bone_tail_3) { transformation: [2.0759146189074964f,0.1325609608431995f,0.09461296270023499f,-0.19332103536488732f,-0.11533890488195812f,2.050687356593652f,-0.3425256611876172f,0.08802324449215235f,-0.11498242505365328f,0.33623575540342404f,2.0517480558688272f,0.7991858861300113f,0f,0f,0f,1f], start_interpolation: 0, interpolation_duration: 1 }
$data merge entity $(bone_tail_2) { transformation: [1.921997384812053f,0.34921537319679163f,-0.05242662397513344f,-0.1820707323148448f,-0.3528702137208943f,1.910406116941943f,-0.21119885326903046f,0.12747830856773515f,0.013510738209842476f,0.21718878073373965f,1.9420145129424735f,0.4382313009406631f,0f,0f,0f,1f], start_interpolation: 0, interpolation_duration: 1 }
$data merge entity $(bone_tail_1) { transformation: [1.4609392557347156f,0.39108106837723183f,-0.019192160123802728f,-0.18411709594889553f,-0.3791184892550602f,1.3943148278322741f,-0.4470028881249166f,0.20698648365926023f,-0.09788724206072817f,0.43657531863812304f,1.4448101359686558f,0.12208111592044094f,0f,0f,0f,1f], start_interpolation: 0, interpolation_duration: 1 }
$data merge entity $(bone_tail_0) { transformation: [1.1443166453748717f,0.09549113343930814f,-0.5614771367887597f,-0.017736055483998953f,-0.3556654830463741f,1.104020180909061f,-0.5371007548858419f,0.39058178122456344f,0.44483389694515935f,0.6370687562296771f,1.0149393679174057f,-0.15913415284444585f,0f,0f,0f,1f], start_interpolation: 0, interpolation_duration: 1 }
$data merge entity $(bone_body_1) { transformation: [0.3176371517173023f,-0.7432953812321828f,-0.9355336504605666f,0.2498286322265458f,-0.31079122124494274f,0.8833114019228379f,-0.807325448060717f,0.5187763477366256f,1.1537417612716663f,0.4425805446788918f,0.04008746469582231f,-0.19826486730475615f,0f,0f,0f,1f], start_interpolation: 0, interpolation_duration: 1 }