# This file was generated by Animated Java via MC-Build. It is not recommended to edit this file directly.
$data merge entity $(bone_head_lower) { transformation: [0.017591155585078483f,-0.3911983330908623f,-0.9201382588677159f,0.911306407863926f,-0.5597165508322759f,0.7587151716024998f,-0.3332696672435244f,1.2701902948582988f,0.8284973952702577f,0.520879211110522f,-0.20561350506053405f,-0.23203830604914838f,0f,0f,0f,1f], start_interpolation: 0, interpolation_duration: 1 }
$data merge entity $(bone_head_upper) { transformation: [0.018310626518860035f,-0.5424269382313502f,-0.8882058771596575f,0.837901465317612f,-0.5826087245460865f,0.7307616202804921f,-0.45828645080486435f,1.254825434915246f,0.8623825935295633f,0.5052053182514015f,-0.2907503935874051f,-0.24046991209423663f,0f,0f,0f,1f], start_interpolation: 0, interpolation_duration: 1 }
$data merge entity $(bone_neck_0) { transformation: [0.14442446132454204f,-0.7441307332003024f,-0.6522354075622512f,0.8077586708141478f,-0.5040034728140449f,0.5119173853772397f,-0.6956443703070649f,1.2016972427103796f,0.8515409998129849f,0.42919697395870665f,-0.301111081134838f,-0.26718214500093296f,0f,0f,0f,1f], start_interpolation: 0, interpolation_duration: 1 }
$data merge entity $(bone_neck_1) { transformation: [0.34004122820666755f,-0.6064855218694333f,-0.7187122337086396f,0.7440803085323964f,-0.5456492669305143f,0.49520940311051354f,-0.6760432860173387f,1.1467088711355369f,0.7659235213896315f,0.622047392755319f,-0.16253676675883683f,-0.27808544785797046f,0f,0f,0f,1f], start_interpolation: 0, interpolation_duration: 1 }
$data merge entity $(bone_neck_2) { transformation: [0.403788284407193f,-0.5712547468133589f,-0.7145789218964558f,0.675884894626833f,-0.49216352997089097f,0.522786654543978f,-0.6960381983751375f,1.0908491127610316f,0.7711874487711062f,0.6327417546471236f,-0.07005562635500152f,-0.27802790890227425f,0f,0f,0f,1f], start_interpolation: 0, interpolation_duration: 1 }
$data merge entity $(bone_body_0) { transformation: [0.5615262772751484f,-0.6922655489284353f,-0.4532732616163514f,0.4556642115162982f,-0.17130096120565302f,0.4386679669937041f,-0.8821714093211306f,0.6792638964113416f,0.8095333350885141f,0.573008572798368f,0.12773783652483234f,-0.21236692264838733f,0f,0f,0f,1f], start_interpolation: 0, interpolation_duration: 1 }
$data merge entity $(bone_leg_left_3) { transformation: [0.9631237485457115f,0.024742256778116964f,-0.26791876701116424f,0.20303181996595845f,0.002371480394775966f,0.994943524698323f,0.1004079615449599f,0.06453054757677562f,0.2690483619500296f,-0.09734065641037515f,0.9581950613218599f,-0.5602161939664666f,0f,0f,0f,1f], start_interpolation: 0, interpolation_duration: 1 }
$data merge entity $(bone_leg_left_2) { transformation: [0.9824155857644867f,-0.19308772445577724f,-0.22279799597887778f,0.1526619939353095f,0.09056118917259452f,0.935279171063773f,-0.4112344133102198f,0.2699742737056671f,0.28057171518768587f,0.37420876838931094f,0.9128578803942534f,-0.44434200319934736f,0f,0f,0f,1f], start_interpolation: 0, interpolation_duration: 1 }
$data merge entity $(bone_leg_left_1) { transformation: [0.7753251995268233f,0.5656764569310648f,-0.2808575814405024f,0.30579315687104813f,-0.1614806145923368f,0.6074791053281996f,0.7777487690125462f,0.3969744721157463f,0.610569280335633f,-0.5576551646524641f,0.5623396404726064f,-0.6378237392922261f,0f,0f,0f,1f], start_interpolation: 0, interpolation_duration: 1 }
$data merge entity $(bone_leg_left_0) { transformation: [0.6048128388465505f,-0.5265592342060498f,-0.5974418823941914f,0.21800938243020046f,-0.17376450988678943f,0.6448749057770821f,-0.7442729680720666f,0.690557212875478f,0.7771790817245279f,0.5539600425764822f,0.2985313152057613f,-0.3542563542893389f,0f,0f,0f,1f], start_interpolation: 0, interpolation_duration: 1 }
$data merge entity $(bone_leg_right_3) { transformation: [-0.04944157563871957f,0.01758441157023255f,-0.9986222103819284f,0.2927743109537658f,0.039174921007827906f,0.9991097511929742f,0.015653454415641477f,0.053702005809790565f,0.9980084449354079f,-0.0383470147578764f,-0.05008642826922305f,0.19774143850913506f,0f,0f,0f,1f], start_interpolation: 0, interpolation_duration: 1 }
$data merge entity $(bone_leg_right_2) { transformation: [0.13470864402647315f,0.4033090517745835f,-0.9334118005906764f,0.35772947576564357f,0.2782371990448589f,0.8910104637295484f,0.4251430513283967f,0.27410242462607026f,0.9780080990425972f,-0.30903779992394853f,0.0076155056263560875f,0.12442326875643421f,0f,0f,0f,1f], start_interpolation: 0, interpolation_duration: 1 }
$data merge entity $(bone_leg_right_1) { transformation: [0.32904875870867745f,0.9006250993162785f,-0.2839037598796836f,0.6240115731855992f,0.00008784543579635812f,0.3006166502118229f,0.9537450507859009f,0.305189262765317f,0.9443129283640344f,-0.31385356473515613f,0.0988384197950225f,0.0527236261638865f,0f,0f,0f,1f], start_interpolation: 0, interpolation_duration: 1 }
$data merge entity $(bone_leg_right_0) { transformation: [0.28328799700237756f,-0.8000847143139056f,-0.5287838506191511f,0.31997913302576036f,0.03351286423344785f,0.5592926835699638f,-0.8282925703131585f,0.588317210164872f,0.9584491633285781f,0.21692428178132628f,0.1852540344726784f,0.011370037489844081f,0f,0f,0f,1f], start_interpolation: 0, interpolation_duration: 1 }
$data merge entity $(bone_tail_4) { transformation: [2.757975129387762f,0.08709964034136639f,0.10792668776054175f,-0.16872195908509907f,-0.08272919710522673f,2.757960612654155f,-0.11167126127450233f,0.04730655611828935f,-0.11131216117244931f,0.10829701427425505f,2.7570895326547524f,1.1478987242754604f,0f,0f,0f,1f], start_interpolation: 0, interpolation_duration: 1 }
$data merge entity $(bone_tail_3) { transformation: [2.0790135786757666f,0.07787848484852196f,0.08708046465151117f,-0.18424969002123198f,-0.06174662467246707f,2.050129082607246f,-0.3593099289387533f,0.08817011952572279f,-0.09917368636781626f,0.35616177825549034f,2.0492093337886566f,0.7969432253979141f,0f,0f,0f,1f], start_interpolation: 0, interpolation_duration: 1 }
$data merge entity $(bone_tail_2) { transformation: [1.926283390768963f,0.31914269737746137f,-0.07971268506982168f,-0.16793095442453265f,-0.326747761662951f,1.9110425761158254f,-0.24479797287481317f,0.13389065411483866f,0.03797464547107761f,0.2546332381799446f,1.9371354406231174f,0.4369226488268642f,0f,0f,0f,1f], start_interpolation: 0, interpolation_duration: 1 }
$data merge entity $(bone_tail_1) { transformation: [1.465083855296637f,0.37473740500293395f,-0.027521341551778017f,-0.16798914637732743f,-0.3646993062503599f,1.3915238230334201f,-0.4672388211086078f,0.21777371767976908f,-0.09044314772081363f,0.45922715209591264f,1.4382582208380488f,0.12189835570094254f,0f,0f,0f,1f], start_interpolation: 0, interpolation_duration: 1 }
$data merge entity $(bone_tail_0) { transformation: [1.1484016007028337f,0.10705884814029547f,-0.5509517974578808f,-0.004404705134749831f,-0.35711069784208577f,1.1073738553759587f,-0.529179374598587f,0.3991351339540622f,0.4329912580802706f,0.6293625855170344f,1.0248204832854415f,-0.1623903682596069f,0f,0f,0f,1f], start_interpolation: 0, interpolation_duration: 1 }
$data merge entity $(bone_body_1) { transformation: [0.32070638596174317f,-0.7339165821678546f,-0.9418696616191977f,0.2640012877432205f,-0.32155635939610705f,0.8861373798593591f,-0.7999791539810032f,0.5254314403292182f,1.1499363098848254f,0.452472749998599f,0.038980620485393094f,-0.2019300671736717f,0f,0f,0f,1f], start_interpolation: 0, interpolation_duration: 1 }