# This file was generated by Animated Java via MC-Build. It is not recommended to edit this file directly.
$data merge entity $(bone_head_lower) { transformation: [-0.34001162627420733f,-0.4235581495114029f,-0.8396371763927827f,1.1973026538499558f,-0.7346909006878639f,0.6769743524405822f,-0.04398870973453939f,0.9427539601897411f,0.5870446102680988f,0.6019171206404836f,-0.5413634688774682f,-0.2404752111943179f,0f,0f,0f,1f], start_interpolation: 0, interpolation_duration: 1 }
$data merge entity $(bone_head_upper) { transformation: [-0.3539179601173115f,-0.25748739999986436f,-0.9444121234562898f,1.1263056923739356f,-0.764739452404789f,0.699614222548785f,0.09584076443032764f,0.9648332254339314f,0.6110544902261432f,0.7264379677799585f,-0.4270506193950542f,-0.2534132944853643f,0f,0f,0f,1f], start_interpolation: 0, interpolation_duration: 1 }
$data merge entity $(bone_neck_0) { transformation: [-0.30803668049653743f,-0.46950188384769237f,-0.8274547628312633f,1.0805213461748515f,-0.6509440657710792f,0.7383009584017857f,-0.1765885558591545f,0.9416410057406305f,0.6938193040742604f,0.48423101499849525f,-0.5330432415924959f,-0.29596503761202086f,0f,0f,0f,1f], start_interpolation: 0, interpolation_duration: 1 }
$data merge entity $(bone_neck_1) { transformation: [-0.10293642081030822f,-0.3605897329680326f,-0.9270270426200122f,1.000328796608935f,-0.6849457001212694f,0.7015084259967663f,-0.1968128962769546f,0.9282001318867227f,0.7212859912379742f,0.614703971626654f,-0.31919515364471074f,-0.32017319220283186f,0f,0f,0f,1f], start_interpolation: 0, interpolation_duration: 1 }
$data merge entity $(bone_neck_2) { transformation: [0.004259532246326525f,-0.29068261139284324f,-0.9568100521100725f,0.9136590955265336f,-0.5334682998453079f,0.8086330189566748f,-0.24804075010604737f,0.9143869245230298f,0.8458093339785269f,0.5114843693475405f,-0.15162556007464403f,-0.32844897680342794f,0f,0f,0f,1f], start_interpolation: 0, interpolation_duration: 1 }
$data merge entity $(bone_body_0) { transformation: [0.37092750754096027f,-0.4320347634878966f,-0.8220454654624695f,0.5221164791588906f,-0.2748057051773289f,0.7944848983924961f,-0.5415492319524201f,0.6667252640767856f,0.8870708024455781f,0.42677829064307193f,0.17597068529824986f,-0.2414490560211941f,0f,0f,0f,1f], start_interpolation: 0, interpolation_duration: 1 }
$data merge entity $(bone_leg_left_3) { transformation: [0.9668772188640395f,-0.03932978694535273f,-0.2521935992458441f,0.22753848415136083f,0.015210523065866018f,0.9951794605845568f,-0.0968838542724928f,0.04813138682860521f,0.2547883114073385f,0.0898387950134239f,0.962814575752119f,-0.5876109498850837f,0f,0f,0f,1f], start_interpolation: 0, interpolation_duration: 1 }
$data merge entity $(bone_leg_left_2) { transformation: [1.0008482862836443f,-0.1862713016860839f,-0.12517152037088494f,0.1818032478408675f,0.10038369692264293f,0.8832429788599897f,-0.5117295703663891f,0.23835504004898025f,0.2007187602989063f,0.48708011862875084f,0.8800722338543391f,-0.44656371672847955f,0f,0f,0f,1f], start_interpolation: 0, interpolation_duration: 1 }
$data merge entity $(bone_leg_left_1) { transformation: [0.8307939584221329f,0.497378721277973f,-0.24979152561520523f,0.31362772819926144f,-0.18450768566409648f,0.6695354556566357f,0.7194992616740759f,0.3857619435282413f,0.5251079056538399f,-0.5516671833982424f,0.6480162082705093f,-0.6412606526177249f,0f,0f,0f,1f], start_interpolation: 0, interpolation_duration: 1 }
$data merge entity $(bone_leg_left_0) { transformation: [0.6798193593147724f,-0.4292132622268964f,-0.5946609237451186f,0.27256018873301036f,-0.18364729361796459f,0.6853850510093416f,-0.7046424649421289f,0.6908749863853744f,0.7100135986357229f,0.5882374583290899f,0.3871141722681861f,-0.3592557469066678f,0f,0f,0f,1f], start_interpolation: 0, interpolation_duration: 1 }
$data merge entity $(bone_leg_right_3) { transformation: [0.12218375554455946f,-0.0032246506445534617f,-0.9925022576847109f,0.35492249884818056f,0.09620293872641261f,0.9953245061667533f,0.008609413703097701f,0.03383649898797042f,0.9878340571479755f,-0.09653356438114978f,0.12192270701736012f,0.21463010708281358f,0f,0f,0f,1f], start_interpolation: 0, interpolation_duration: 1 }
$data merge entity $(bone_leg_right_2) { transformation: [0.2607461635191785f,0.3212173987907525f,-0.9385590127556322f,0.4003876147593853f,0.3008212121456736f,0.8991404820176515f,0.3912993629191945f,0.25505105535322675f,0.9452937300299479f,-0.37473720900367286f,0.13436512812073037f,0.1299653838899797f,0f,0f,0f,1f], start_interpolation: 0, interpolation_duration: 1 }
$data merge entity $(bone_leg_right_1) { transformation: [0.42239101342065005f,0.8888614356249811f,-0.1775138868938831f,0.6596903418092608f,0.0033253545130981724f,0.19432107873599302f,0.9809323424050419f,0.2558832734806811f,0.9064076201129592f,-0.41492730281047807f,0.07912369798981547f,0.03109785222638546f,0f,0f,0f,1f], start_interpolation: 0, interpolation_duration: 1 }
$data merge entity $(bone_leg_right_0) { transformation: [0.38459312791262223f,-0.6682407800350461f,-0.6368220990673445f,0.4044397864256066f,0.04503526230587038f,0.7026453611666188f,-0.7101135976589051f,0.5843358600366997f,0.9219869582111381f,0.24442535942325072f,0.3003269760767219f,-0.0045859105439596815f,0f,0f,0f,1f], start_interpolation: 0, interpolation_duration: 1 }
$data merge entity $(bone_tail_4) { transformation: [2.6014276097190296f,-0.7216298027272077f,0.5809355823216741f,0.050794969140000056f,0.7752022519122451f,2.6437952253515076f,-0.1872688085046618f,-0.0070696927919764035f,-0.5072447058587342f,0.33949751961459723f,2.693159032466114f,1.1621880625182326f,0f,0f,0f,1f], start_interpolation: 0, interpolation_duration: 1 }
$data merge entity $(bone_tail_3) { transformation: [1.9942313826444842f,-0.5100382471526154f,0.3144005486028902f,0.0024753791559149266f,0.5695199622898006f,1.9530361955869304f,-0.4441195304478262f,0.04912457509018307f,-0.1861013999778993f,0.5113278118910229f,2.0099392189211707f,0.8163729024750044f,0f,0f,0f,1f], start_interpolation: 0, interpolation_duration: 1 }
$data merge entity $(bone_tail_2) { transformation: [1.9487496619940516f,-0.10483631997079183f,0.10078678433121718f,-0.014844616833957054f,0.1223170562634805f,1.9141422664982874f,-0.37399438011100106f,0.11919523591599071f,-0.07865855088852014f,0.37926587590047833f,1.9153965915058782f,0.4603369433367651f,0f,0f,0f,1f], start_interpolation: 0, interpolation_duration: 1 }
$data merge entity $(bone_tail_1) { transformation: [1.485421627280653f,0.19241670643696412f,0.21013007945281958f,-0.06383349104788395f,-0.10657865885073116f,1.409748540121699f,-0.5375000400951784f,0.217728350347903f,-0.26423441994652486f,0.5130702824259945f,1.3980684198589257f,0.1534689056358214f,0f,0f,0f,1f], start_interpolation: 0, interpolation_duration: 1 }
$data merge entity $(bone_tail_0) { transformation: [1.205395756179898f,0.16783787123851907f,-0.39075214208708f,0.054403593604624045f,-0.3391026672173283f,1.0880934586799094f,-0.5787034843925808f,0.4130965922341164f,0.2566440504933114f,0.6493987917606115f,1.0706310088869422f,-0.14372320929313645f,0f,0f,0f,1f], start_interpolation: 0, interpolation_duration: 1 }
$data merge entity $(bone_body_1) { transformation: [0.4147762342366933f,-0.6349878393584295f,-0.9763993621646786f,0.3241737052998783f,-0.3350775889442328f,0.9275916089460032f,-0.7455879635941925f,0.5239554722348658f,1.11547670525027f,0.5147512466581587f,0.1390951802332627f,-0.21073303967600404f,0f,0f,0f,1f], start_interpolation: 0, interpolation_duration: 1 }