# This file was generated by Animated Java via MC-Build. It is not recommended to edit this file directly.
$data merge entity $(bone_head_lower) { transformation: [-0.43200083593206196f,-0.45468786701469166f,-0.7788672681167376f,1.2357241195930655f,-0.7464103501854367f,0.6649859713964202f,0.025792382247740803f,0.8549386730742213f,0.5062083236080317f,0.5924969210346916f,-0.626658225569853f,-0.23592623841412572f,0f,0f,0f,1f], start_interpolation: 0, interpolation_duration: 1 }
$data merge entity $(bone_head_upper) { transformation: [-0.449669490121335f,-0.24046700583824934f,-0.907438654312628f,1.1676284761107976f,-0.7769382225037085f,0.6600785338567252f,0.2100839597347729f,0.8840020129401273f,0.5269120331234655f,0.7680780499586295f,-0.46464154044268613f,-0.25054684395464827f,0f,0f,0f,1f], start_interpolation: 0, interpolation_duration: 1 }
$data merge entity $(bone_neck_0) { transformation: [-0.42066507585486135f,-0.41270586168477563f,-0.8079076467561443f,1.1222225702059776f,-0.6468238095580348f,0.7608722965348398f,-0.051887452766834874f,0.8685054938903968f,0.63612880248017f,0.5007466625918001f,-0.5870203800195687f,-0.2968382887430849f,0f,0f,0f,1f], start_interpolation: 0, interpolation_duration: 1 }
$data merge entity $(bone_neck_1) { transformation: [-0.2095183742420208f,-0.3002024701273527f,-0.9305807475895989f,1.0420071717582586f,-0.6853902822188054f,0.7238560642709787f,-0.07919949026449373f,0.8651309719777728f,0.6973824000467801f,0.6212172527768085f,-0.3574170014946517f,-0.3242543296364403f,0f,0f,0f,1f], start_interpolation: 0, interpolation_duration: 1 }
$data merge entity $(bone_neck_2) { transformation: [-0.07829827226781944f,-0.20372493252398285f,-0.9758921725416048f,0.9545171038348272f,-0.5154484013210463f,0.8461735668474414f,-0.13528946871156167f,0.8615631679255404f,0.8533359983824965f,0.4924291285421465f,-0.17126361910157778f,-0.3344371182102488f,0f,0f,0f,1f], start_interpolation: 0, interpolation_duration: 1 }
$data merge entity $(bone_body_0) { transformation: [0.3254979640755411f,-0.3442989420667071f,-0.8806300664151913f,0.5361995780992338f,-0.2950179343051173f,0.8478747448748669f,-0.4405369853278167f,0.6620168055425996f,0.8983404108805411f,0.40319555490496894f,0.1744071405758808f,-0.2483987452286999f,0f,0f,0f,1f], start_interpolation: 0, interpolation_duration: 1 }
$data merge entity $(bone_leg_left_3) { transformation: [0.9680760461272775f,-0.051800009340846456f,-0.24524585204823499f,0.23164598191242397f,0.017534764350148807f,0.9900116704014174f,-0.13989075919509175f,0.04355210744340257f,0.25004259827829656f,0.1311245648278102f,0.9593148844591933f,-0.5932034948643493f,0f,0f,0f,1f], start_interpolation: 0, interpolation_duration: 1 }
$data merge entity $(bone_leg_left_2) { transformation: [1.004963366545434f,-0.17752446042898667f,-0.1029363752604403f,0.18864317122335847f,0.10130651264936734f,0.8766332096926341f,-0.5227938462333953f,0.23189452902144717f,0.1784595805699005f,0.5020572488412856f,0.8764433218921965f,-0.4488117964430963f,0f,0f,0f,1f], start_interpolation: 0, interpolation_duration: 1 }
$data merge entity $(bone_leg_left_1) { transformation: [0.8441179918345735f,0.4808209071705569f,-0.23722578082672519f,0.31503761448549067f,-0.19092411446559915f,0.6830164545427435f,0.7050081597679468f,0.3838601395101673f,0.5010117746886733f,-0.5498179499175545f,0.6683467839166756f,-0.6436047213685459f,0f,0f,0f,1f], start_interpolation: 0, interpolation_duration: 1 }
$data merge entity $(bone_leg_left_0) { transformation: [0.6985008052770745f,-0.4072877623648607f,-0.5883989324047956f,0.2842411704164426f,-0.1891486146257331f,0.6879126853183531f,-0.7007131645425668f,0.6890060745959776f,0.6901589864751777f,0.6007435526128576f,0.40346964864985624f,-0.3603295620309126f,0f,0f,0f,1f], start_interpolation: 0, interpolation_duration: 1 }
$data merge entity $(bone_leg_right_3) { transformation: [0.1627185730384364f,-0.009589631008655342f,-0.986625919467684f,0.3702086495726916f,0.11309301152857755f,0.9935436891506628f,0.0089949148015539f,0.029484692505269555f,0.9801696979256869f,-0.11304413618586329f,0.16275253160015632f,0.22047777251849726f,0f,0f,0f,1f], start_interpolation: 0, interpolation_duration: 1 }
$data merge entity $(bone_leg_right_2) { transformation: [0.2897487530390405f,0.2972356016095151f,-0.9379546133736135f,0.4100573280414307f,0.3077390321354662f,0.9013469531280762f,0.3807000888990618f,0.25087527688422634f,0.9345611524738989f,-0.3889561244192676f,0.16544118309567202f,0.13347568036747684f,0f,0f,0f,1f], start_interpolation: 0, interpolation_duration: 1 }
$data merge entity $(bone_leg_right_1) { transformation: [0.44441555969206126f,0.8821537236144226f,-0.15588334810620685f,0.6668292092955964f,0.006540623107381673f,0.17081183447270526f,0.9852819583517378f,0.24515411477407367f,0.8957968690238649f,-0.43889420720405736f,0.0701416019902798f,0.028362146695206036f,0f,0f,0f,1f], start_interpolation: 0, interpolation_duration: 1 }
$data merge entity $(bone_leg_right_0) { transformation: [0.40858602400630617f,-0.6354945543297913f,-0.6551367280224015f,0.4231370226506801f,0.04996199128766099f,0.7322815081256471f,-0.6791668368551276f,0.5821506975627372f,0.9113513375275696f,0.24476614200989427f,0.3309505632451808f,-0.00844410170687629f,0f,0f,0f,1f], start_interpolation: 0, interpolation_duration: 1 }
$data merge entity $(bone_tail_4) { transformation: [2.510704808837121f,-0.9110373395800071f,0.7014511104653995f,0.10742969956100445f,0.9838290694903038f,2.574098574373187f,-0.17820836971300755f,-0.022022562732031972f,-0.5950655900890272f,0.4119330369136566f,2.664933291508643f,1.161462343200072f,0f,0f,0f,1f], start_interpolation: 0, interpolation_duration: 1 }
$data merge entity $(bone_tail_3) { transformation: [1.943240021044998f,-0.6464774184801733f,0.3766041609550961f,0.04989784000711571f,0.7212619075204295f,1.8972978582064761f,-0.46474468695139887f,0.038214412897894776f,-0.19885926534479645f,0.5641571684245212f,1.9945243061808495f,0.8177440059848502f,0f,0f,0f,1f], start_interpolation: 0, interpolation_duration: 1 }
$data merge entity $(bone_tail_2) { transformation: [1.936905165190636f,-0.2072997575328682f,0.15556049173047098f,0.022362391619994593f,0.23553609632661773f,1.8973178519238263f,-0.4043285682475973f,0.11400384887918817f,-0.10814343894952712f,0.41950644131019943f,1.9055427618697514f,0.4635276251596571f,0f,0f,0f,1f], start_interpolation: 0, interpolation_duration: 1 }
$data merge entity $(bone_tail_1) { transformation: [1.4801291488809165f,0.1488044077287533f,0.2733700804286185f,-0.03969685365083628f,-0.03998131412730246f,1.4083372835652932f,-0.5501307483140576f,0.21520857672035248f,-0.3086672110116465f,0.5311304867548333f,1.38212923016839f,0.15991120574555678f,0f,0f,0f,1f], start_interpolation: 0, interpolation_duration: 1 }
$data merge entity $(bone_tail_0) { transformation: [1.2151377302181192f,0.18208034770305623f,-0.35231060183411955f,0.06765041580306902f,-0.33434819487697126f,1.0810325408148636f,-0.5944877180109768f,0.41501894600357775f,0.2132775135050486f,0.6573059479905247f,1.0753126566508038f,-0.13845818170642876f,0f,0f,0f,1f], start_interpolation: 0, interpolation_duration: 1 }
$data merge entity $(bone_body_1) { transformation: [0.4368431474525763f,-0.6102277525418406f,-0.982545036936074f,0.337181543238568f,-0.3360722330765628f,0.938007033098556f,-0.7319855565985075f,0.5220139041875285f,1.106719528035405f,0.5257085608411078f,0.16555056744001895f,-0.21235657190266163f,0f,0f,0f,1f], start_interpolation: 0, interpolation_duration: 1 }