# This file was generated by Animated Java via MC-Build. It is not recommended to edit this file directly.
$data merge entity $(bone_head_lower) { transformation: [-0.52488293074034f,-0.4903806279726519f,-0.6957188719063031f,1.2635107810849515f,-0.741538239778682f,0.6647215512906627f,0.09091918497032775f,0.7644602027317225f,0.41787432077523656f,0.5636240759219593f,-0.7125369836561133f,-0.22768248760008333f,0f,0f,0f,1f], start_interpolation: 0, interpolation_duration: 1 }
$data merge entity $(bone_head_upper) { transformation: [-0.5463504239063988f,-0.24180061193471103f,-0.8523529908135506f,1.1991526398205385f,-0.7718668448113637f,0.6215204219896019f,0.3184429014977796f,0.8001292846593976f,0.43496520638064345f,0.7991975798895875f,-0.5055298607603488f,-0.2444515883280154f,0f,0f,0f,1f], start_interpolation: 0, interpolation_duration: 1 }
$data merge entity $(bone_neck_0) { transformation: [-0.5338165385004771f,-0.3595935374084086f,-0.7653315563058118f,1.1556742332121608f,-0.6236483117864312f,0.7786408833066983f,0.0691459185295761f,0.7921631042731393f,0.5710540135830435f,0.5142089679278959f,-0.6399112835958005f,-0.2943605492784003f,0f,0f,0f,1f], start_interpolation: 0, interpolation_duration: 1 }
$data merge entity $(bone_neck_1) { transformation: [-0.31847972541543157f,-0.24185843082695618f,-0.9165561433634242f,1.0769156865113811f,-0.6715696734024378f,0.7399614934610128f,0.038094119770515314f,0.7987990863082122f,0.6690028686526345f,0.627663514658029f,-0.3980875206555411f,-0.325192219822543f,0f,0f,0f,1f], start_interpolation: 0, interpolation_duration: 1 }
$data merge entity $(bone_neck_2) { transformation: [-0.15959279843125995f,-0.11294277574614299f,-0.9807008045758072f,0.9898931604107165f,-0.48853026602403815f,0.8722952145251986f,-0.02095800312338819f,0.8055033233842908f,0.8578276737593405f,0.47575727858141476f,-0.1943879986250292f,-0.33756410530647407f,0f,0f,0f,1f], start_interpolation: 0, interpolation_duration: 1 }
$data merge entity $(bone_body_0) { transformation: [0.2759401219005818f,-0.2505928091553298f,-0.9279333451951883f,0.5501744448220528f,-0.3123178019673939f,0.8896530470730589f,-0.3331291737567833f,0.6569758503668001f,0.9090185034969023f,0.38173380755869907f,0.16722637491433673f,-0.25511445022399704f,0f,0f,0f,1f], start_interpolation: 0, interpolation_duration: 1 }
$data merge entity $(bone_leg_left_3) { transformation: [0.9678028708210847f,-0.06340112146711335f,-0.24359372123923728f,0.2360651641936787f,0.01818360346074331f,0.9828396040797893f,-0.18356380149001267f,0.03905326824221575f,0.2510517074143279f,0.17322416242832495f,0.9523478512368029f,-0.599502324040843f,0f,0f,0f,1f], start_interpolation: 0, interpolation_duration: 1 }
$data merge entity $(bone_leg_left_2) { transformation: [1.007999693120513f,-0.16897106533038023f,-0.08629946263310413f,0.19557500309336973f,0.10045673263771164f,0.8710730335341541f,-0.5321676564937549f,0.2258086097768867f,0.1609573329718205f,0.5145315819572365f,0.8725893579639142f,-0.4523491340368373f,0f,0f,0f,1f], start_interpolation: 0, interpolation_duration: 1 }
$data merge entity $(bone_leg_left_1) { transformation: [0.8542004219027176f,0.4683128961654422f,-0.22588641062789788f,0.31776921507172273f,-0.19890025727829308f,0.6957182484478429f,0.6902280829054219f,0.38216763045926694f,0.4803960104703703f,-0.5446642544373564f,0.6874303768836162f,-0.6463435073315336f,0f,0f,0f,1f], start_interpolation: 0, interpolation_duration: 1 }
$data merge entity $(bone_leg_left_0) { transformation: [0.7131802809529655f,-0.3867950534137076f,-0.5846053998335428f,0.2964169224979462f,-0.19613122605219646f,0.6905656526967825f,-0.6961692477284017f,0.6871733960233911f,0.6729832308662017f,0.6111535535118435f,0.4166352181498041f,-0.3620499246763153f,0f,0f,0f,1f], start_interpolation: 0, interpolation_duration: 1 }
$data merge entity $(bone_leg_right_3) { transformation: [0.19943090907824573f,-0.01613008453154413f,-0.9797791245363572f,0.38408876966969197f,0.12942065021811322f,0.9915391598518646f,0.010019469915114543f,0.025541158874503395f,0.9713277550864822f,-0.12880184336128245f,0.19983112206408307f,0.22567849606885992f,0f,0f,0f,1f], start_interpolation: 0, interpolation_duration: 1 }
$data merge entity $(bone_leg_right_2) { transformation: [0.3149831996391332f,0.2734219303496239f,-0.9370636218793654f,0.4183749033991769f,0.31346277385341736f,0.9041590986726524f,0.36918777498215277f,0.2472225885430267f,0.9244397616145195f,-0.39974863576006947f,0.19409882754604177f,0.1370620368752142f,0f,0f,0f,1f], start_interpolation: 0, interpolation_duration: 1 }
$data merge entity $(bone_leg_right_1) { transformation: [0.4630042983044431f,0.8759433348781518f,-0.13546325639874707f,0.6727468173669533f,0.008863070675236066f,0.14824861283338692f,0.9889104078586606f,0.2352255178538295f,0.8863117204064357f,-0.4590703898919196f,0.06087619727500243f,0.02676976453025688f,0f,0f,0f,1f], start_interpolation: 0, interpolation_duration: 1 }
$data merge entity $(bone_leg_right_0) { transformation: [0.4291229030512138f,-0.6029795347885849f,-0.6725096391153367f,0.44084740922921284f,0.05389989159744654f,0.7603153237337043f,-0.647313996590137f,0.5801781856516935f,0.9016364765040742f,0.2415290647558887f,0.3587692505155141f,-0.012442479080064295f,0f,0f,0f,1f], start_interpolation: 0, interpolation_duration: 1 }
$data merge entity $(bone_tail_4) { transformation: [2.404329616753607f,-1.0880492685525336f,0.81302473197545f,0.15720001336907102f,1.180677242724069f,2.491359088586199f,-0.1574562537101408f,-0.03536794161940565f,-0.6714623400570917f,0.48470610943255055f,2.6343613353076334f,1.158248654632229f,0f,0f,0f,1f], start_interpolation: 0, interpolation_duration: 1 }
$data merge entity $(bone_tail_3) { transformation: [1.883814477379881f,-0.7739992816719439f,0.43372070832475507f,0.0912311996176052f,0.8639866816136381f,1.831821839345903f,-0.4836334241283281f,0.028712600066336025f,-0.20178095760667383f,0.6174944428180326f,1.9783656346289045f,0.816748283879499f,0f,0f,0f,1f], start_interpolation: 0, interpolation_duration: 1 }
$data merge entity $(bone_tail_2) { transformation: [1.919617066371754f,-0.30389480292710863f,0.20369620087516074f,0.05471165936706206f,0.3427676047392483f,1.8742907638741f,-0.4339566529048013f,0.1100836447141185f,-0.12788495860889446f,0.46201293944316485f,1.8944559525498252f,0.4645884334678455f,0f,0f,0f,1f], start_interpolation: 0, interpolation_duration: 1 }
$data merge entity $(bone_tail_1) { transformation: [1.4727135461107357f,0.10738752559500844f,0.3274736332111721f,-0.01847670357133048f,0.02253852363558201f,1.4041091402642665f,-0.561805826935492f,0.21379267420316936f,-0.3438939895582247f,0.5519073215431419f,1.3655736825132518f,0.16431426253124057f,0f,0f,0f,1f], start_interpolation: 0, interpolation_duration: 1 }
$data merge entity $(bone_tail_0) { transformation: [1.221373978447472f,0.1963078362057453f,-0.32178339733373595f,0.08029314185093395f,-0.3330216078665631f,1.0731383132094876f,-0.6093492315576451f,0.4177554213839927f,0.17657273302917303f,0.6660879151809781f,1.0765615058065632f,-0.13420814315800553f,0f,0f,0f,1f], start_interpolation: 0, interpolation_duration: 1 }
$data merge entity $(bone_body_1) { transformation: [0.4542501982376813f,-0.5851142986204205f,-0.989900303064511f,0.34984269629133574f,-0.33651202472410147f,0.9501018319243248f,-0.7160103080587441f,0.520221687528448f,1.0995549143509673f,0.532496348889103f,0.18981892372116588f,-0.21420579193861505f,0f,0f,0f,1f], start_interpolation: 0, interpolation_duration: 1 }