# This file was generated by Animated Java via MC-Build. It is not recommended to edit this file directly.
$data merge entity $(bone_head_lower) { transformation: [-0.8001895584994305f,-0.5578551620507077f,-0.22021418810300472f,1.2710837116487503f,-0.5964348547578872f,0.7787227220999524f,0.19456717635608112f,0.44739981093056785f,0.06294548830873233f,0.2870340402436948f,-0.9558500537442868f,-0.14975815674276363f,0f,0f,0f,1f], start_interpolation: 0, interpolation_duration: 1 }
$data merge entity $(bone_head_upper) { transformation: [-0.8329169780297413f,-0.3616174178317905f,-0.508875322072096f,1.2276246028081703f,-0.620828791802962f,0.56886063261647f,0.611915953796901f,0.5021645768025391f,0.0655199325532727f,0.7931597357174434f,-0.6708775705435059f,-0.1781761575445031f,0f,0f,0f,1f], start_interpolation: 0, interpolation_duration: 1 }
$data merge entity $(bone_neck_0) { transformation: [-0.8773374276707445f,-0.20292736033665984f,-0.43485575129561865f,1.2030833957782425f,-0.3902084049639917f,0.8291351825842387f,0.4003401674781818f,0.5147189901185368f,0.279314229325215f,0.5209177818310644f,-0.8066152898802901f,-0.23887914032214108f,0f,0f,0f,1f], start_interpolation: 0, interpolation_duration: 1 }
$data merge entity $(bone_neck_1) { transformation: [-0.6951702974848131f,-0.07318757472442262f,-0.7151096673943331f,1.1421670551272494f,-0.4982177216419134f,0.7661683295161897f,0.40591278951064386f,0.5526347727184906f,0.5181866066744849f,0.6384588238503155f,-0.5690808122849109f,-0.2841464543142088f,0f,0f,0f,1f], start_interpolation: 0, interpolation_duration: 1 }
$data merge entity $(bone_neck_2) { transformation: [-0.44663323960235196f,0.199044393285463f,-0.8722958665406653f,1.0676961640122984f,-0.32511728214494057f,0.8721914027090181f,0.36548722260998756f,0.5931934935254431f,0.8335571378933749f,0.44683720362353163f,-0.32483689957408984f,-0.30822978749691926f,0f,0f,0f,1f], start_interpolation: 0, interpolation_duration: 1 }
$data merge entity $(bone_body_0) { transformation: [0.04129342701722882f,0.09164727469228429f,-0.9949349877889759f,0.5996600901240956f,-0.3360074514841852f,0.9390605805224564f,0.07255493543467695f,0.6363340883700005f,0.9409536893132816f,0.3313095277083111f,0.0695711967513861f,-0.2722850059716475f,0f,0f,0f,1f], start_interpolation: 0, interpolation_duration: 1 }
$data merge entity $(bone_leg_left_3) { transformation: [0.9327865754991129f,-0.11917162880059061f,-0.3401577978786492f,0.2632281307837647f,-0.005529007967246979f,0.9389154648278599f,-0.3441034437171203f,0.026116818717830476f,0.3603867847737148f,0.32285580805693653f,0.8751488402348289f,-0.6363074191073494f,0f,0f,0f,1f], start_interpolation: 0, interpolation_duration: 1 }
$data merge entity $(bone_leg_left_2) { transformation: [1.0043785158897522f,-0.16246219131071943f,-0.1299693529810478f,0.22289996573628057f,0.0682833846897422f,0.8626615756226501f,-0.5506492393713566f,0.2102903849004644f,0.1965283076177722f,0.5305499428323972f,0.855544026901087f,-0.48589196548143554f,0f,0f,0f,1f], start_interpolation: 0, interpolation_duration: 1 }
$data merge entity $(bone_leg_left_1) { transformation: [0.8361008940110046f,0.4960553340568201f,-0.23423151066364992f,0.3534339873604764f,-0.2516490879124581f,0.72623025842467f,0.6397361552243744f,0.3786669936228093f,0.48745054270851595f,-0.47593982529539747f,0.7320336406962179f,-0.6637221442856587f,0f,0f,0f,1f], start_interpolation: 0, interpolation_duration: 1 }
$data merge entity $(bone_leg_left_0) { transformation: [0.6939708568453324f,-0.3476573357644295f,-0.6305068015006134f,0.34895150789708496f,-0.23985477858547094f,0.7140530911037665f,-0.657721725560948f,0.6846808388477925f,0.6788771133563641f,0.6076697787238847f,0.412144762172947f,-0.3797455387827874f,0f,0f,0f,1f], start_interpolation: 0, interpolation_duration: 1 }
$data merge entity $(bone_leg_right_3) { transformation: [0.2560787946702024f,-0.026882548314810573f,-0.9662820393220388f,0.3989726261065732f,0.16884847563405808f,0.9854896498631881f,0.017330386279172494f,0.014129458735796852f,0.9517950636540994f,-0.16759319380163495f,0.25690207900103956f,0.22585084476678946f,0f,0f,0f,1f], start_interpolation: 0, interpolation_duration: 1 }
$data merge entity $(bone_leg_right_2) { transformation: [0.33383489059679117f,0.2111131700739988f,-0.946597958344634f,0.418410778477697f,0.30917504583639743f,0.9257097554436696f,0.3154907910053423f,0.23918148977485704f,0.9192536409245189f,-0.388014017270539f,0.23765535034854104f,0.14132384539022066f,0f,0f,0f,1f], start_interpolation: 0, interpolation_duration: 1 }
$data merge entity $(bone_leg_right_1) { transformation: [0.4632356598886644f,0.8829983780754924f,-0.07567422099739707f,0.6715329486938368f,-0.004368381411123572f,0.08766240193165936f,0.9961406630247651f,0.2100780606442404f,0.8862243737628528f,-0.46111730351790237f,0.04446562430707465f,0.0313441062667063f,0f,0f,0f,1f], start_interpolation: 0, interpolation_duration: 1 }
$data merge entity $(bone_leg_right_0) { transformation: [0.43542474431938905f,-0.5002998859377585f,-0.7484018413693678f,0.4853942568411528f,0.04535434118992081f,0.8424854638072645f,-0.536806507979073f,0.5792910349343963f,0.8990819071528594f,0.19979556402514057f,0.38952978939517957f,-0.026461132039534763f,0f,0f,0f,1f], start_interpolation: 0, interpolation_duration: 1 }
$data merge entity $(bone_tail_4) { transformation: [2.022493312624036f,-1.5713598861956624f,1.032477718910299f,0.18587618302808617f,1.6732245900634828f,2.1958695087128017f,0.06432653816498957f,-0.038092743999350476f,-0.8576139010055446f,0.5784864219327523f,2.56037364227206f,1.1336155733372972f,0f,0f,0f,1f], start_interpolation: 0, interpolation_duration: 1 }
$data merge entity $(bone_tail_3) { transformation: [1.6730730927338904f,-1.1314375568352337f,0.5065777407239879f,0.11105132308413554f,1.2330164557227252f,1.606831098621443f,-0.48343537982280665f,0.028155927720827367f,-0.12822781418736934f,0.688395526953924f,1.961023904031515f,0.7943618964752093f,0f,0f,0f,1f], start_interpolation: 0, interpolation_duration: 1 }
$data merge entity $(bone_tail_2) { transformation: [1.8576506002373083f,-0.5677175754316617f,0.21355298402678188f,0.07259083018996641f,0.6045262706534474f,1.789109699909701f,-0.5024025724273626f,0.12242420636879957f,-0.049559161923726246f,0.543651645116422f,1.876369007747251f,0.44564171338248015f,0f,0f,0f,1f], start_interpolation: 0, interpolation_duration: 1 }
$data merge entity $(bone_tail_1) { transformation: [1.474327464852778f,-0.013157333323033588f,0.33740429896581003f,-0.001262506744296385f,0.15007117383791696f,1.379411560973218f,-0.6019623229375244f,0.23495452705282993f,-0.30247879126261534f,0.6202474345237208f,1.3459033957914852f,0.1487254144879066f,0f,0f,0f,1f], start_interpolation: 0, interpolation_duration: 1 }
$data merge entity $(bone_tail_0) { transformation: [1.202642344654645f,0.23223273868608044f,-0.3654518607285631f,0.11113521052290282f,-0.3928137389764731f,1.0390296651896778f,-0.6324163485483097f,0.4448349195120632f,0.18216606132572988f,0.7073337447925249f,1.0489662607361983f,-0.14073768387708752f,0f,0f,0f,1f], start_interpolation: 0, interpolation_duration: 1 }
$data merge entity $(bone_body_1) { transformation: [0.42912786045828394f,-0.49534400299228887f,-1.0483740711856246f,0.3882324304994912f,-0.33146284003712945f,1.018813792903242f,-0.6170538356747169f,0.5196669538006372f,1.1111193725740118f,0.49523466068716915f,0.22081885291126865f,-0.22543254282679664f,0f,0f,0f,1f], start_interpolation: 0, interpolation_duration: 1 }