# This file was generated by Animated Java via MC-Build. It is not recommended to edit this file directly.
$data merge entity $(bone_head_lower) { transformation: [-0.8348931576401097f,-0.5399053724056023f,-0.10703085617379005f,1.25538704872471f,-0.5503739591215273f,0.816612020847121f,0.17387729158483062f,0.39315994318472325f,-0.006474600112909179f,0.20407595707370474f,-0.9789336460137783f,-0.11680027718080113f,0f,0f,0f,1f], start_interpolation: 0, interpolation_duration: 1 }
$data merge entity $(bone_head_upper) { transformation: [-0.8690399399154413f,-0.39240875163274846f,-0.4174408904950509f,1.2175285638490236f,-0.5728840247271149f,0.5862631163390224f,0.6415383037796163f,0.4503724474225568f,-0.0067394085597771184f,0.7653645357906209f,-0.7054386226382696f,-0.14824739109527926f,0f,0f,0f,1f], start_interpolation: 0, interpolation_duration: 1 }
$data merge entity $(bone_neck_0) { transformation: [-0.9220208865567874f,-0.1773059891089792f,-0.3441512327148087f,1.1984510365090597f,-0.32312479860236365f,0.8420771938398203f,0.4318522480467543f,0.46473274145401466f,0.21323191431213512f,0.5093805903653378f,-0.8337047228352747f,-0.210493404302712f,0f,0f,0f,1f], start_interpolation: 0, interpolation_duration: 1 }
$data merge entity $(bone_neck_1) { transformation: [-0.7604617170577573f,-0.05281458362749826f,-0.647231486136005f,1.1433787245351357f,-0.44228574834868506f,0.7719017350541073f,0.45667387513202695f,0.5069750673279858f,0.47548006656137654f,0.6335442614188155f,-0.6103608564825209f,-0.259280320613699f,0f,0f,0f,1f], start_interpolation: 0, interpolation_duration: 1 }
$data merge entity $(bone_neck_2) { transformation: [-0.5079934796151867f,0.24534185480057416f,-0.8256815360364244f,1.0734448794639815f,-0.2816035853264296f,0.8585991236926996f,0.42837713002146666f,0.5529103387917453f,0.8140282829237294f,0.4501276697528627f,-0.36707361049672654f,-0.28703169072861684f,0f,0f,0f,1f], start_interpolation: 0, interpolation_duration: 1 }
$data merge entity $(bone_body_0) { transformation: [-0.024954584764545318f,0.14840035588101957f,-0.9886124635435344f,0.6089292315828635f,-0.32886620620015106f,0.9326593102118339f,0.14830249321810446f,0.6316894934649938f,0.9440467610869436f,0.32882205742555176f,0.025529736224219668f,-0.2718671806581028f,0f,0f,0f,1f], start_interpolation: 0, interpolation_duration: 1 }
$data merge entity $(bone_leg_left_3) { transformation: [0.9053761764428016f,-0.14298357981989782f,-0.39981204963294925f,0.2749452367512468f,-0.019101944953482677f,0.9269286379774603f,-0.37475113848558866f,0.025090592181629595f,0.42418049793549784f,0.3469279406434969f,0.8364878416163952f,-0.6491901224206037f,0f,0f,0f,1f], start_interpolation: 0, interpolation_duration: 1 }
$data merge entity $(bone_leg_left_2) { transformation: [0.9944731780192209f,-0.17379781591120128f,-0.1813273748928756f,0.23037219422542593f,0.05107050832382319f,0.8649422482092453f,-0.5489343402839519f,0.20982207421325288f,0.2459209240398048f,0.5231934880595586f,0.8472624579622159f,-0.5006687586630383f,0f,0f,0f,1f], start_interpolation: 0, interpolation_duration: 1 }
$data merge entity $(bone_leg_left_1) { transformation: [0.8078691533344539f,0.5285385453716122f,-0.260757429706486f,0.3716999772977442f,-0.2704012957398053f,0.7255259187335793f,0.632846964524624f,0.378746174631405f,0.5236702878270896f,-0.4407483945543721f,0.7290475172064143f,-0.6695014915365765f,0f,0f,0f,1f], start_interpolation: 0, interpolation_duration: 1 }
$data merge entity $(bone_leg_left_0) { transformation: [0.6580979083849052f,-0.35452317755912705f,-0.6642442770192245f,0.36309703706950414f,-0.25392514951419765f,0.7260231085366781f,-0.6390715643141476f,0.686305556863399f,0.7088223764975293f,0.5892399871394666f,0.38777193829914514f,-0.3872950167969692f,0f,0f,0f,1f], start_interpolation: 0, interpolation_duration: 1 }
$data merge entity $(bone_leg_right_3) { transformation: [0.23408527217429417f,-0.02105400254272044f,-0.971988073140827f,0.38613083116404273f,0.16737561341298277f,0.9857109089791096f,0.018958057764577596f,0.011988227031358323f,0.9577001040961175f,-0.1671249020837663f,0.2342643330039321f,0.21626666988853258f,0f,0f,0f,1f], start_interpolation: 0, interpolation_duration: 1 }
$data merge entity $(bone_leg_right_2) { transformation: [0.3051779565556591f,0.21022406120910897f,-0.9564175126073108f,0.40510272308507955f,0.29767672031083925f,0.9344630449432252f,0.30038240181660536f,0.23863155849769274f,0.9329079185633429f,-0.36694258573362526f,0.2170210905825202f,0.1359925166087042f,0f,0f,0f,1f], start_interpolation: 0, interpolation_duration: 1 }
$data merge entity $(bone_leg_right_1) { transformation: [0.4331430537421826f,0.898658594801983f,-0.06928076921788567f,0.661540887037807f,-0.016588725888998315f,0.08480076752612442f,0.9962598275552216f,0.20850101688734685f,0.9011725190929184f,-0.43037374433799447f,0.051638464502908904f,0.03428212288914921f,0f,0f,0f,1f], start_interpolation: 0, interpolation_duration: 1 }
$data merge entity $(bone_leg_right_0) { transformation: [0.4060525623290555f,-0.48746606574850787f,-0.772980045906542f,0.48585725837222304f,0.03372932087622589f,0.853268321846479f,-0.5203801532019857f,0.5819621902456249f,0.9132270525664672f,0.18522960259355112f,0.3629136877878789f,-0.028720203871094196f,0f,0f,0f,1f], start_interpolation: 0, interpolation_duration: 1 }
$data merge entity $(bone_tail_4) { transformation: [1.9982280956844032f,-1.6187483396088045f,1.0061807105243166f,0.12529272114051998f,1.6889780214750958f,2.179426201094559f,0.1520394966993878f,-0.016656583617563336f,-0.8832321621134225f,0.5053875528703416f,2.5671279089309476f,1.1234820159536352f,0f,0f,0f,1f], start_interpolation: 0, interpolation_duration: 1 }
$data merge entity $(bone_tail_3) { transformation: [1.658106026484266f,-1.1731075235458686f,0.45874684650805064f,0.058985986644479294f,1.2557950263582545f,1.5985645125086574f,-0.4511273403001324f,0.04419473354989273f,-0.09802439877332587f,0.6358897416946435f,1.9803991970552537f,0.7814568157209287f,0f,0f,0f,1f], start_interpolation: 0, interpolation_duration: 1 }
$data merge entity $(bone_tail_2) { transformation: [1.8575728642765807f,-0.5904545027701102f,0.13985853232669446f,0.03421966356374621f,0.6064032550012661f,1.7902719715577506f,-0.4959589047303905f,0.13726681293941947f,0.021726049570604578f,0.5148432994766475f,1.8850035094813038f,0.43117735407878355f,0f,0f,0f,1f], start_interpolation: 0, interpolation_duration: 1 }
$data merge entity $(bone_tail_1) { transformation: [1.4900087718863149f,-0.029611865415993206f,0.25817290161521794f,-0.02239780247108905f,0.1330077197774469f,1.377805482031326f,-0.6096041749890084f,0.251477509525029f,-0.22324662636071388f,0.6232426823565684f,1.3599212303319446f,0.1311322635939495f,0f,0f,0f,1f], start_interpolation: 0, interpolation_duration: 1 }
$data merge entity $(bone_tail_0) { transformation: [1.179186940526268f,0.22796919901581733f,-0.43747447945727497f,0.11094371114296903f,-0.42962902168726197f,1.031651327759688f,-0.6204435173645921f,0.4576811100123528f,0.24243097904429042f,0.7194173328574919f,1.0283489865643216f,-0.1520143895629568f,0f,0f,0f,1f], start_interpolation: 0, interpolation_duration: 1 }
$data merge entity $(bone_body_1) { transformation: [0.38609476520160346f,-0.47660748672839054f,-1.073489977100213f,0.3926179900929421f,-0.32817167651800305f,1.0412228419545326f,-0.5803127942581825f,0.5224619583522986f,1.1277582977178806f,0.4661597280362424f,0.19864774084266515f,-0.22959637248039014f,0f,0f,0f,1f], start_interpolation: 0, interpolation_duration: 1 }