# This file was generated by Animated Java via MC-Build. It is not recommended to edit this file directly.
$data merge entity $(bone_head_lower) { transformation: [-0.987606446895496f,-0.11397500861784601f,0.10790367677246153f,0.5305250788562729f,-0.11516894365780062f,0.9933339419399283f,-0.004877930588924606f,0.18231764671022263f,-0.1066284224172911f,-0.017244628167807807f,-0.9941493863258952f,0.53076020042812f,0f,0f,0f,1f], start_interpolation: 0, interpolation_duration: 1 }
$data merge entity $(bone_head_upper) { transformation: [-1.0279991390708356f,-0.1633688318365151f,0.0005808937082993784f,0.5265775998698196f,-0.11987930546634482f,0.7568460061428842f,0.7044749943681321f,0.24783985990954194f,-0.11098948046564898f,0.6956771451998732f,-0.7662810107630408f,0.49352159842816135f,0f,0f,0f,1f], start_interpolation: 0, interpolation_duration: 1 }
$data merge entity $(bone_neck_0) { transformation: [-0.9971122999618229f,0.03646826926991405f,-0.06661176023271514f,0.5220006020797914f,0.0013460777978802768f,0.8854991135342081f,0.46463911587886597f,0.2635105504657252f,0.07592923902822775f,0.463207712874677f,-0.8829911468378407f,0.4288824709354475f,0f,0f,0f,1f], start_interpolation: 0, interpolation_duration: 1 }
$data merge entity $(bone_neck_1) { transformation: [-0.9682241223293478f,-0.15992419190644636f,-0.19226622631818105f,0.504976378454832f,-0.24014157548402898f,0.8091691119786112f,0.5362624095942159f,0.31266675595522764f,0.06981455910920255f,0.5653933153679978f,-0.8218615006639327f,0.3618647112267522f,0f,0f,0f,1f], start_interpolation: 0, interpolation_duration: 1 }
$data merge entity $(bone_neck_2) { transformation: [-0.9198103722745717f,-0.21266325515983642f,-0.3297320411499856f,0.4740072724772353f,-0.3733658810821936f,0.7327306838307716f,0.5689496144797072f,0.36968490065713927f,0.12061010695555657f,0.6464364507650481f,-0.7533744867079432f,0.30219247275825756f,0f,0f,0f,1f], start_interpolation: 0, interpolation_duration: 1 }
$data merge entity $(bone_body_0) { transformation: [-0.9198103722745717f,-0.2789893625632014f,-0.2758873223486213f,0.3413248896166712f,-0.3733658810821936f,0.8385052758264608f,0.3968712905400292f,0.5647166625051573f,0.12061010695555657f,0.4680532426848142f,-0.8754309590780986f,-0.10593606318602758f,0f,0f,0f,1f], start_interpolation: 0, interpolation_duration: 1 }
$data merge entity $(bone_leg_left_3) { transformation: [-0.9217018638748534f,0.0629456031214087f,-0.3827577891791405f,0.5943150793310467f,0.06505855073263925f,0.9978537474549711f,0.0074352986920112295f,0.04704606222720267f,0.3824043136605414f,-0.018048538382730937f,-0.9238188086178248f,-0.5664790681986365f,0f,0f,0f,1f], start_interpolation: 0, interpolation_duration: 1 }
$data merge entity $(bone_leg_left_2) { transformation: [-0.7999104553550411f,-0.02875425031621962f,-0.6413880697387014f,0.5665497774039137f,-0.05888376194459727f,1.0236386625582208f,0.02754615392325453f,0.2864146967631286f,0.63932633724385f,0.05830335415277427f,-0.7999529691810596f,-0.5766189338445469f,0f,0f,0f,1f], start_interpolation: 0, interpolation_duration: 1 }
$data merge entity $(bone_leg_left_1) { transformation: [-0.9433220717829647f,0.11344149395771089f,-0.31188859603348446f,0.6326965364527711f,-0.23475731282349763f,0.4361959140112993f,0.8686898921224637f,0.36351877979480623f,0.2345900103648616f,0.8926724774789967f,-0.38484201302420745f,-0.3183691471903422f,0f,0f,0f,1f], start_interpolation: 0, interpolation_duration: 1 }
$data merge entity $(bone_leg_left_0) { transformation: [-0.9951024200420613f,-0.0728987459845583f,-0.06676036593902235f,0.49380267478030937f,-0.0701170034486363f,0.9966069662173553f,-0.04310638832497121f,0.7501752954836043f,0.06967624741486336f,-0.038214234532673086f,-0.9968374455372674f,-0.24412285011390594f,0f,0f,0f,1f], start_interpolation: 0, interpolation_duration: 1 }
$data merge entity $(bone_leg_right_3) { transformation: [-0.9935132618994313f,0.11079838709836878f,0.025595230929837558f,-0.020667272289919422f,0.1116094173868469f,0.9069589227660724f,0.406163575872547f,0.14265685604995557f,0.02178844603270979f,0.40638556794183234f,-0.9134418611975662f,-0.5220546381327541f,0f,0f,0f,1f], start_interpolation: 0, interpolation_duration: 1 }
$data merge entity $(bone_leg_right_2) { transformation: [-1.0128383583253076f,0.16034334349160426f,0.022598044241119056f,0.01897820449227227f,0.15107246011854125f,0.8841634750659776f,0.4974879502597834f,0.3638943137841256f,0.05829040400719445f,0.494577760375335f,-0.8966924039175809f,-0.43457152243578295f,0f,0f,0f,1f], start_interpolation: 0, interpolation_duration: 1 }
$data merge entity $(bone_leg_right_1) { transformation: [-0.9762834184135376f,0.13930802875967374f,-0.1657225393658666f,0.04616985010397767f,-0.18282014655981552f,-0.12047113010758734f,0.9757374138683259f,0.27577564155910567f,0.11596327411135333f,0.9828936768204865f,0.14308228095637993f,-0.17282909241345623f,0f,0f,0f,1f], start_interpolation: 0, interpolation_duration: 1 }
$data merge entity $(bone_leg_right_0) { transformation: [-0.986486196056285f,-0.1470381465369035f,-0.07228255981488853f,0.10902644616907478f,-0.12655979679258952f,0.9640182421074239f,-0.23377648880914215f,0.6880272207673993f,0.10405576786617499f,-0.2214692130909049f,-0.9695998065318887f,-0.19295276841537878f,0f,0f,0f,1f], start_interpolation: 0, interpolation_duration: 1 }
$data merge entity $(bone_tail_4) { transformation: [2.5477247785758186f,0.07215096288143638f,-1.0628047905359084f,-0.8305562330749143f,-0.4054006800152521f,2.613474981397157f,-0.7943929392021976f,0.8678514465217348f,0.9850939411416382f,0.8889342449058963f,2.42178594573501f,-0.7357511620243282f,0f,0f,0f,1f], start_interpolation: 0, interpolation_duration: 1 }
$data merge entity $(bone_tail_3) { transformation: [1.5842878753819811f,-0.11982201613082664f,-1.345964389726725f,-0.6011578590211508f,-0.4758003062963554f,1.89179883244543f,-0.7284619222243872f,0.9728589320977825f,1.2647495888476843f,0.8617919633257775f,1.4119733055200303f,-0.9836029673218718f,0f,0f,0f,1f], start_interpolation: 0, interpolation_duration: 1 }
$data merge entity $(bone_tail_2) { transformation: [0.2792662706092224f,-0.07552699229313314f,-1.9326354799956318f,-0.2416966142449662f,-1.1460434952478569f,1.5664960939771535f,-0.22682188950181847f,1.0145499420869528f,1.5580014544610894f,1.165829977308978f,0.17957117504670808f,-1.0155553875616494f,0f,0f,0f,1f], start_interpolation: 0, interpolation_duration: 1 }
$data merge entity $(bone_tail_1) { transformation: [-0.7440055226126417f,-0.4391012216071606f,-1.2414919047279327f,0.03153695308406995f,-0.9998711409209683f,1.116307415142054f,0.20438127715685833f,0.9578789153822848f,0.8569537524716795f,0.9212513891886221f,-0.8393940636213376f,-0.8470072062729864f,0f,0f,0f,1f], start_interpolation: 0, interpolation_duration: 1 }
$data merge entity $(bone_tail_0) { transformation: [-0.9119611548576314f,-0.5056750173523024f,-0.7392261801644421f,0.2353531851933653f,-0.8286779967623851f,0.8766446805041613f,0.42263766799667235f,0.855529363526341f,0.3397872073763873f,0.7807833230503411f,-0.9532878750586574f,-0.5495926402806016f,0f,0f,0f,1f], start_interpolation: 0, interpolation_duration: 1 }
$data merge entity $(bone_body_1) { transformation: [-1.2101647102319357f,-0.1133162288339302f,-0.22641864200714987f,0.2956250000000001f,-0.1954627163477864f,1.1208917828448486f,0.4837360155343943f,0.6675675000000001f,0.16093568803547062f,0.5092795288346109f,-1.1150509678408411f,-0.3246624999999999f,0f,0f,0f,1f], start_interpolation: 0, interpolation_duration: 1 }