# This file was generated by Animated Java via MC-Build. It is not recommended to edit this file directly.
$data merge entity $(bone_head_lower) { transformation: [-0.9902479067662169f,-0.0584546298330535f,0.12646003082478852f,0.44187061959075646f,-0.06016440705277996f,0.9981409604729146f,-0.00973997690938272f,0.16753098193059313f,-0.12565558988406833f,-0.01725338451691727f,-0.9919238849093202f,0.5362952504118894f,0f,0f,0f,1f], start_interpolation: 0, interpolation_duration: 1 }
$data merge entity $(bone_head_upper) { transformation: [-1.0307486335496607f,-0.13468676822472753f,0.05374636252057206f,0.4422314225935902f,-0.06262510623273572f,0.761388660347597f,0.7069917584717218f,0.2333464716570238f,-0.13079485115383097f,0.6968634908952952f,-0.7620668766928379f,0.499367650638006f,0f,0f,0f,1f], start_interpolation: 0, interpolation_duration: 1 }
$data merge entity $(bone_neck_0) { transformation: [-0.9972268306926939f,0.06936270375839425f,-0.02697153080435724f,0.4396837350227595f,0.04848170143790545f,0.8804340143787359f,0.47168365558987707f,0.24953966071739855f,0.05646390681037704f,0.46906797124965705f,-0.8813552436874927f,0.43474547046437456f,0f,0f,0f,1f], start_interpolation: 0, interpolation_duration: 1 }
$data merge entity $(bone_neck_1) { transformation: [-0.9790065276423164f,-0.14564522359535026f,-0.14259624005419907f,0.4269329925750673f,-0.2003885344211861f,0.8157312553076809f,0.5426112368783792f,0.29926392618027686f,0.037291474981066094f,0.5597945944344369f,-0.8277918566497986f,0.3671995391602533f,0f,0f,0f,1f], start_interpolation: 0, interpolation_duration: 1 }
$data merge entity $(bone_neck_2) { transformation: [-0.9347229756261513f,-0.2251842352910953f,-0.2749272976860575f,0.4006426049393891f,-0.3479233701480383f,0.7374785317926449f,0.5788564102174182f,0.35719646488873175f,0.07240364176907518f,0.6367240181753233f,-0.7676849857443129f,0.30617850286210613f,0f,0f,0f,1f], start_interpolation: 0, interpolation_duration: 1 }
$data merge entity $(bone_body_0) { transformation: [-0.9382806641282492f,-0.28512732373444144f,-0.1957850979596935f,0.3056536282973777f,-0.34242932884543104f,0.8454810318799377f,0.40976088085333784f,0.5583694951115529f,0.04869856332089675f,0.4515132711131211f,-0.890934462202024f,-0.10941433987053309f,0f,0f,0f,1f], start_interpolation: 0, interpolation_duration: 1 }
$data merge entity $(bone_leg_left_3) { transformation: [-0.9546484235432513f,0.09649904207023925f,-0.28166349125492174f,0.5788049871948822f,0.09813463969623715f,0.995138296834669f,0.008328425102257626f,0.048569865279014385f,0.28109781201225087f,-0.019690227335417677f,-0.9594771050053275f,-0.5519915316129312f,0f,0f,0f,1f], start_interpolation: 0, interpolation_duration: 1 }
$data merge entity $(bone_leg_left_2) { transformation: [-0.8598810801042082f,-0.0022819063552083014f,-0.559161444023907f,0.5596584841225172f,-0.04398853638968208f,1.0227895848906672f,0.06347183002060246f,0.28887395348019185f,0.5574331675150018f,0.07719104509758043f,-0.8575383407239755f,-0.5596353971217063f,0f,0f,0f,1f], start_interpolation: 0, interpolation_duration: 1 }
$data merge entity $(bone_leg_left_1) { transformation: [-0.9708433425591021f,0.044859850784859545f,-0.23547993119633412f,0.6036694281554917f,-0.19883696638120502f,0.3979790500846186f,0.8955872578895167f,0.3534537972952104f,0.13389199008525363f,0.9162970421655329f,-0.3774555146102724f,-0.29335384267619125f,0f,0f,0f,1f], start_interpolation: 0, interpolation_duration: 1 }
$data merge entity $(bone_leg_left_0) { transformation: [-0.999003711797784f,-0.029079931370363944f,0.033851756316994705f,0.47333617649742976f,-0.030055153530699347f,0.9991371216631623f,-0.02866530761909203f,0.7445863566537356f,-0.03298896119153129f,-0.029654168444689266f,-0.9990156949384518f,-0.22750672363261343f,0f,0f,0f,1f], start_interpolation: 0, interpolation_duration: 1 }
$data merge entity $(bone_leg_right_3) { transformation: [-0.9824051838526677f,0.0574442250245586f,0.17770823208488204f,0.00521044433756148f,0.11959769844387699f,0.9243294123766638f,0.3623693253330616f,0.11755262984097753f,-0.1434449206710849f,0.3772469992282759f,-0.9149362034081538f,-0.5167682558900321f,0f,0f,0f,1f], start_interpolation: 0, interpolation_duration: 1 }
$data merge entity $(bone_leg_right_2) { transformation: [-1.0071466114175753f,0.08502360416560467f,0.17461067935690747f,0.03198804049942302f,0.1515796251662614f,0.9206533172771723f,0.4260085517001835f,0.3450859964276962f,-0.12141466075085759f,0.4441065813765013f,-0.9165642498120494f,-0.44138523724841927f,0f,0f,0f,1f], start_interpolation: 0, interpolation_duration: 1 }
$data merge entity $(bone_leg_right_1) { transformation: [-0.9839203104983094f,-0.024488774090184753f,-0.1769212325654285f,0.01512305664019041f,-0.17601011314869464f,-0.03539105745386928f,0.9837519571119948f,0.2797914859429673f,-0.030352308945025247f,0.9990734572572011f,0.030511708340388577f,-0.17219091175147822f,0f,0f,0f,1f], start_interpolation: 0, interpolation_duration: 1 }
$data merge entity $(bone_leg_right_0) { transformation: [-0.99151970314694f,-0.0999792620046609f,0.08302304162344047f,0.08439892775221214f,-0.12081665710730571f,0.9445056320311722f,-0.3054708601926075f,0.6895503630395636f,-0.04787497923571212f,-0.3129109429700392f,-0.9485751041076195f,-0.21226328236590675f,0f,0f,0f,1f], start_interpolation: 0, interpolation_duration: 1 }
$data merge entity $(bone_tail_4) { transformation: [1.7969445415592544f,0.23608063959371878f,-2.0834868796729733f,-0.7955482234952606f,-1.0258999072780528f,2.492040187974471f,-0.6024337418895528f,1.0309978844815404f,1.8287102084275915f,1.1660458673350662f,1.7093324253823574f,-1.0308783970658058f,0f,0f,0f,1f], start_interpolation: 0, interpolation_duration: 1 }
$data merge entity $(bone_tail_3) { transformation: [0.9101999212083673f,-0.06809809739256432f,-1.8715887044455681f,-0.4775295488045602f,-0.8655071043385915f,1.830076949824726f,-0.487505216489115f,1.0957520141867774f,1.6608368618910632f,0.991022972940681f,0.7716475305034719f,-1.1714192404845556f,0f,0f,0f,1f], start_interpolation: 0, interpolation_duration: 1 }
$data merge entity $(bone_tail_2) { transformation: [-0.3688069390328791f,-0.18243791804245232f,-1.9103590559851076f,-0.12271409685427218f,-1.239950173746437f,1.5073789161661784f,0.09542664578950528f,1.0774542193725047f,1.464677057699122f,1.2301622186365466f,-0.40024480945020446f,-1.095638835818255f,0f,0f,0f,1f], start_interpolation: 0, interpolation_duration: 1 }
$data merge entity $(bone_tail_1) { transformation: [-1.0224564573588553f,-0.5108473653257075f,-0.9905927579711872f,0.09767182006857089f,-0.9259537323555938f,1.1375538395308384f,0.3691032344824327f,0.9850065310538422f,0.6203617721474505f,0.8559570558786415f,-1.0817324253943967f,-0.8739179537492867f,0f,0f,0f,1f], start_interpolation: 0, interpolation_duration: 1 }
$data merge entity $(bone_tail_0) { transformation: [-1.025855438352996f,-0.5305107522592609f,-0.5477359563904156f,0.24493082761993007f,-0.7373839169873789f,0.9240290002616248f,0.48607723895269983f,0.8652619301352404f,0.19421970845915765f,0.7060909750144405f,-1.0476401846212393f,-0.5507339093618591f,0f,0f,0f,1f], start_interpolation: 0, interpolation_duration: 1 }
$data merge entity $(bone_body_1) { transformation: [-1.223251588657054f,-0.13565088754349283f,-0.117724180238838f,0.28143710039418335f,-0.17309441777317888f,1.106643341326684f,0.5234342677828101f,0.6690305126953126f,0.04794234495733346f,0.5343631226630681f,-1.1138950488057737f,-0.32776206211499287f,0f,0f,0f,1f], start_interpolation: 0, interpolation_duration: 1 }