# This file was generated by Animated Java via MC-Build. It is not recommended to edit this file directly.
$data merge entity $(bone_head_lower) { transformation: [-0.9826515461740121f,0.1097072623518584f,0.14953345909556268f,0.30035175270427555f,0.10995000882721034f,0.993914750153595f,-0.006668207106348134f,0.13731840216128702f,-0.14935506138300164f,0.009888681124259002f,-0.9887341804675829f,0.5363881340338149f,0f,0f,0f,1f], start_interpolation: 0, interpolation_duration: 1 }
$data merge entity $(bone_head_upper) { transformation: [-1.022841584974385f,-0.02302696816588429f,0.1916684464581555f,0.3127302866837236f,0.11444691837573957f,0.759937400318981f,0.7020462898229951f,0.2028153448683347f,-0.15546362116229084f,0.7109408195602667f,-0.7442218460658028f,0.5009991684605429f,0f,0f,0f,1f], start_interpolation: 0, interpolation_duration: 1 }
$data merge entity $(bone_neck_0) { transformation: [-0.9768199285908731f,0.2009421013109522f,0.0737909142676863f,0.31455571342694566f,0.21106679386055727f,0.8466442832678732f,0.4885122988618141f,0.2205926409400651f,0.035688032127690505f,0.49276336058048037f,-0.8694312133989006f,0.4367701110497413f,0f,0f,0f,1f], start_interpolation: 0, interpolation_duration: 1 }
$data merge entity $(bone_neck_1) { transformation: [-0.9990127352124011f,-0.028277328799743914f,-0.03426291813883375f,0.31152292444067153f,-0.042684261074673754f,0.8247466914342939f,0.5638891281313152f,0.27216095605169555f,0.012312950091117075f,0.5647949075940195f,-0.8251394449521345f,0.3694719096470027f,0f,0f,0f,1f], start_interpolation: 0, interpolation_duration: 1 }
$data merge entity $(bone_neck_2) { transformation: [-0.9777101209022182f,-0.13213101600219324f,-0.16316958691986114f,0.2959343996260433f,-0.20530486412062862f,0.7643791697067273f,0.6112073279067134f,0.33319105183969294f,0.04396398814689343f,0.6310831003351957f,-0.7744683907155522f,0.30780136808660924f,0f,0f,0f,1f], start_interpolation: 0, interpolation_duration: 1 }
$data merge entity $(bone_body_0) { transformation: [-0.9794846854828029f,-0.17856308981719152f,-0.09340756853484855f,0.2502107262195802f,-0.20145812575674965f,0.8790043133965062f,0.432164367569695f,0.5452421124994052f,0.004937050863874443f,0.4421160933344029f,-0.8969442488491094f,-0.110713384420916f,0f,0f,0f,1f], start_interpolation: 0, interpolation_duration: 1 }
$data merge entity $(bone_leg_left_3) { transformation: [-0.9707025826976482f,0.11520928659408936f,-0.21086326428896196f,0.5337646741331357f,0.11446837613553135f,0.993301900526777f,0.015758339848724767f,0.05077050616192058f,0.21126638826138466f,-0.008840514259610487f,-0.9773885401919831f,-0.5371123010505625f,0f,0f,0f,1f], start_interpolation: 0, interpolation_duration: 1 }
$data merge entity $(bone_leg_left_2) { transformation: [-0.8959253467176451f,0.008655299473605793f,-0.49930457478435347f,0.5189615449331876f,-0.04088388191860598f,1.0208327826486534f,0.09105568389599586f,0.2914757477316498f,0.49770320554405445f,0.0994369909114522f,-0.8913282243541618f,-0.5407075914092926f,0f,0f,0f,1f], start_interpolation: 0, interpolation_duration: 1 }
$data merge entity $(bone_leg_left_1) { transformation: [-0.9878046062249602f,0.0066690658749179454f,-0.15555572468124515f,0.5486961601370689f,-0.1465308695833178f,0.29794676929217323f,0.9432690109017221f,0.3253093768819017f,0.05263804878515205f,0.9545591894841893f,-0.293335967094694f,-0.26687456955662053f,0f,0f,0f,1f], start_interpolation: 0, interpolation_duration: 1 }
$data merge entity $(bone_leg_left_0) { transformation: [-0.9927145917204333f,0.027637669753722113f,0.11727701648625688f,0.43457201578439963f,0.022802628900971476f,0.9988416947916914f,-0.042371085198119274f,0.7235877496937133f,-0.11831221196705839f,-0.03938817025765334f,-0.9921949367655611f,-0.21532560263583936f,0f,0f,0f,1f], start_interpolation: 0, interpolation_duration: 1 }
$data merge entity $(bone_leg_right_3) { transformation: [-0.922773975562375f,0.03988765266920948f,0.383271659778479f,-0.01010379968746121f,0.1337619113533158f,0.9659378104980179f,0.22152177617878488f,0.06232176931737882f,-0.3613806042054793f,0.2556816798576629f,-0.8966777221997023f,-0.4332348867459821f,0f,0f,0f,1f], start_interpolation: 0, interpolation_duration: 1 }
$data merge entity $(bone_leg_right_2) { transformation: [-0.948203492045572f,0.05371368468228417f,0.38741086362043314f,0.015860535481295915f,0.15026552456477615f,0.9880373026717559f,0.23079159464133153f,0.29953120535386035f,-0.3610991682357498f,0.27010984452194287f,-0.9212547216120395f,-0.39818337008101495f,0f,0f,0f,1f], start_interpolation: 0, interpolation_duration: 1 }
$data merge entity $(bone_leg_right_1) { transformation: [-0.9674889946954123f,-0.22857465514640296f,-0.10825281598168063f,-0.0597628799623809f,-0.15098006707927708f,0.17858687013597696f,0.9722714380047237f,0.2934751836778098f,-0.20290407706105273f,0.9570059335446875f,-0.20729104822028305f,-0.1312417860258927f,0f,0f,0f,1f], start_interpolation: 0, interpolation_duration: 1 }
$data merge entity $(bone_leg_right_0) { transformation: [-0.9676868393429757f,0.028615697885125406f,0.250526092048212f,0.04359657540557996f,-0.1000345739661768f,0.8684436024683546f,-0.4855911792271277f,0.6856161059674503f,-0.23146331237111306f,-0.49496146432458155f,-0.8375188856735462f,-0.23048693006993043f,0f,0f,0f,1f], start_interpolation: 0, interpolation_duration: 1 }
$data merge entity $(bone_tail_4) { transformation: [-1.0262707081381988f,0.23992408090251463f,-2.552423593493174f,-0.45066021789158667f,-1.5400875905036424f,2.1402595141878806f,0.8204149907851158f,1.3479668738536423f,2.049526769474897f,1.7284059068781676f,-0.6615998593367851f,-1.5684750488041868f,0f,0f,0f,1f], start_interpolation: 0, interpolation_duration: 1 }
$data merge entity $(bone_tail_3) { transformation: [-0.9688671337028122f,-0.06880522044885962f,-1.8418761752392387f,-0.13767277039944448f,-1.0921948976708802f,1.697595245687179f,0.5111029381312798f,1.2446904007099189f,1.4847061354950473f,1.2039027159632605f,-0.8259609359794758f,-1.4402037299440729f,0f,0f,0f,1f], start_interpolation: 0, interpolation_duration: 1 }
$data merge entity $(bone_tail_2) { transformation: [-1.509046011734937f,-0.3563533108697711f,-1.1893554251365783f,0.08222515359573497f,-0.9656843873661469f,1.5134610067192473f,0.7717922778445044f,1.100861963885171f,0.7803894370549412f,1.1837322222425526f,-1.3448212623098124f,-1.1893456669835603f,0f,0f,0f,1f], start_interpolation: 0, interpolation_duration: 1 }
$data merge entity $(bone_tail_1) { transformation: [-1.364332711813445f,-0.5108328472190559f,-0.4065738600523213f,0.1772631610979719f,-0.6337038542713469f,1.2627451478630378f,0.5399540412201718f,0.9698395464071952f,0.15707299754385357f,0.6574045510569791f,-1.35307190484917f,-0.906365843944779f,0f,0f,0f,1f], start_interpolation: 0, interpolation_duration: 1 }
$data merge entity $(bone_tail_0) { transformation: [-1.1744006890243446f,-0.44231227169463105f,-0.24285508541413545f,0.23755727850716993f,-0.5034335697759287f,1.0688249234798004f,0.48785616769196644f,0.8530692847233831f,0.03425462050348021f,0.5438831251663925f,-1.1562238034729386f,-0.5553655067755376f,0f,0f,0f,1f], start_interpolation: 0, interpolation_duration: 1 }
$data merge entity $(bone_body_1) { transformation: [-1.2296619316155515f,-0.12837265787862479f,-0.007522612640455632f,0.24795299007502675f,-0.11942510947954588f,1.1132200943745527f,0.5244838031462562f,0.6561508740234376f,-0.04768408767670059f,0.5223658461711869f,-1.11958239785759f,-0.3302633288308611f,0f,0f,0f,1f], start_interpolation: 0, interpolation_duration: 1 }