# This file was generated by Animated Java via MC-Build. It is not recommended to edit this file directly.
$data merge entity $(bone_head_lower) { transformation: [-0.965676568288197f,0.20513312088269975f,0.15933978842729532f,0.24257663793845471f,0.20614894336670708f,0.978466318367549f,-0.010309072171829636f,0.129929649520024f,-0.15802334829993214f,0.022892499583433645f,-0.9871699726262446f,0.5394201348837391f,0f,0f,0f,1f], start_interpolation: 0, interpolation_duration: 1 }
$data merge entity $(bone_head_upper) { transformation: [-1.0051723375659476f,0.045069292622390913f,0.2665882091132944f,0.26165451155309516f,0.21458034925501235f,0.7573763884131085f,0.6810346706089345f,0.19395168398940654f,-0.1644864374023376f,0.7126161012216469f,-0.74067161871767f,0.5043107296973526f,0f,0f,0f,1f], start_interpolation: 0, interpolation_duration: 1 }
$data merge entity $(bone_neck_0) { transformation: [-0.9511201651394139f,0.2801744897126307f,0.1298949066724389f,0.26581333317964156f,0.30751920230501556f,0.820675446922393f,0.4815846249958745f,0.21167138040055347f,0.028326165975321463f,0.49799002613807164f,-0.8667200021853316f,0.4401745245081442f,0f,0f,0f,1f], start_interpolation: 0, interpolation_duration: 1 }
$data merge entity $(bone_neck_1) { transformation: [-0.9982890856349099f,0.05374672344198651f,0.023025881556772418f,0.26801153199875244f,0.05735481769162119f,0.8235115929129895f,0.5643926658147423f,0.263276661818402f,0.011372176123187014f,0.564747683534126f,-0.8251852686233935f,0.37287222368367345f,0f,0f,0f,1f], start_interpolation: 0, interpolation_duration: 1 }
$data merge entity $(bone_neck_2) { transformation: [-0.9931441752684261f,-0.05040115998094534f,-0.10547212998215728f,0.25827792351440215f,-0.10536740086349686f,0.7766905354322713f,0.6210068622851141f,0.32528580627951176f,0.05061973889372694f,0.6278626722799396f,-0.7766763204783729f,0.3109767209131552f,0f,0f,0f,1f], start_interpolation: 0, interpolation_duration: 1 }
$data merge entity $(bone_body_0) { transformation: [-0.9942494821814133f,-0.0884619578164679f,-0.060352706660671225f,0.22899120846222865f,-0.10597589015031371f,0.8938110110353447f,0.4357418814606f,0.5391639881237125f,0.015397333822458177f,0.4396320718183018f,-0.8980459696139766f,-0.10808093186936682f,0f,0f,0f,1f], start_interpolation: 0, interpolation_duration: 1 }
$data merge entity $(bone_leg_left_3) { transformation: [-0.9696437881407063f,0.10732147026619626f,-0.21971123353175015f,0.5084209382851456f,0.10512437290319782f,0.9942222510090709f,0.021702115568882005f,0.05128921994331742f,0.22077090012465578f,-0.0020536840939351063f,-0.9753235319829989f,-0.5319939757785598f,0f,0f,0f,1f], start_interpolation: 0, interpolation_duration: 1 }
$data merge entity $(bone_leg_left_2) { transformation: [-0.8917041824710787f,0.0020044491131585023f,-0.5068745728955365f,0.49184010729666355f,-0.04857876366632472f,1.0206334362007232f,0.08949688335606715f,0.291887882554263f,0.5045452944829941f,0.10181144627963445f,-0.8872038518413976f,-0.5348977077860579f,0f,0f,0f,1f], start_interpolation: 0, interpolation_duration: 1 }
$data merge entity $(bone_leg_left_1) { transformation: [-0.9902977339235179f,0.021894180285546155f,-0.13722624769179437f,0.524788435773427f,-0.12789687936009708f,0.2425523855820672f,0.9616708004813272f,0.3093255192508394f,0.054339547623204046f,0.9698912233431501f,-0.23739888046499577f,-0.2599000311835253f,0f,0f,0f,1f], start_interpolation: 0, interpolation_duration: 1 }
$data merge entity $(bone_leg_left_0) { transformation: [-0.9919756429158212f,0.04614643359228128f,0.11770654411907908f,0.41798238913884067f,0.038893565648911166f,0.9972434217348539f,-0.06318898921231553f,0.7105420493425201f,-0.12029802331234446f,-0.058103910998085706f,-0.9910359837633895f,-0.21602471981215016f,0f,0f,0f,1f], start_interpolation: 0, interpolation_duration: 1 }
$data merge entity $(bone_leg_right_3) { transformation: [-0.896803075209474f,0.05995429396671719f,0.43834886441028115f,-0.039387197530204164f,0.13420711689621598f,0.9809566235137089f,0.1404013979951378f,0.0414783502405576f,-0.4215835552642397f,0.184741942772983f,-0.8877712095530175f,-0.376564622007153f,0f,0f,0f,1f], start_interpolation: 0, interpolation_duration: 1 }
$data merge entity $(bone_leg_right_2) { transformation: [-0.9213561975949498f,0.07532357301824986f,0.44439995049711073f,-0.0066660610299314055f,0.14313350501364075f,1.0078275446466225f,0.1259310902627479f,0.2800712681381176f,-0.42740818475618875f,0.17513480265218187f,-0.9158123410415997f,-0.3633805853994098f,0f,0f,0f,1f], start_interpolation: 0, interpolation_duration: 1 }
$data merge entity $(bone_leg_right_1) { transformation: [-0.9605894196801331f,-0.27153552847152757f,-0.059467836485558964f,-0.09641056624889069f,-0.13919933647185032f,0.28471812305313254f,0.9484509134008455f,0.3043457631890305f,-0.2406065492134027f,0.9193497958790167f,-0.3112947819877952f,-0.10190389746568018f,0f,0f,0f,1f], start_interpolation: 0, interpolation_duration: 1 }
$data merge entity $(bone_leg_right_0) { transformation: [-0.9574405394988691f,0.08602155968145742f,0.2755138918350286f,0.026262738156112048f,-0.09126287072713858f,0.8153566235777188f,-0.57172079270793f,0.6816345658103813f,-0.27382239088642113f,-0.5725328529070726f,-0.7728049110812718f,-0.2319488834026936f,0f,0f,0f,1f], start_interpolation: 0, interpolation_duration: 1 }
$data merge entity $(bone_tail_4) { transformation: [-2.2311307392151214f,0.004194779257921172f,-1.6271752702018196f,-0.15208005525427115f,-1.097776327927081f,2.034452503298553f,1.510480545146208f,1.4136078971587411f,1.2010845473872025f,1.8672564760228383f,-1.6420750574740641f,-1.7478110712076347f,0f,0f,0f,1f], start_interpolation: 0, interpolation_duration: 1 }
$data merge entity $(bone_tail_3) { transformation: [-1.7013277328984968f,-0.15996749761768897f,-1.189890697089796f,0.05124684314852368f,-0.8105242154215228f,1.6754977177651413f,0.9336505877594536f,1.2388991991764875f,0.8857087374132823f,1.225994830133546f,-1.4312240338256033f,-1.5171256866033842f,0f,0f,0f,1f], start_interpolation: 0, interpolation_duration: 1 }
$data merge entity $(bone_tail_2) { transformation: [-1.8179402367176447f,-0.4061441602606175f,-0.5906895054188528f,0.15961382206900043f,-0.6585963803684916f,1.5821204818321108f,0.9391056722944594f,1.0642109801697341f,0.28305119411741103f,1.0727141171142964f,-1.6087076550620314f,-1.217605890948676f,0f,0f,0f,1f], start_interpolation: 0, interpolation_duration: 1 }
$data merge entity $(bone_tail_1) { transformation: [-1.4373561430103141f,-0.4534539428455483f,-0.1266613195428664f,0.1937861405487861f,-0.4687215992176696f,1.3399210554023158f,0.5220803364582651f,0.9359337693860496f,-0.04431287146353936f,0.5353945619889795f,-1.4138759784419868f,-0.9198578651918249f,0f,0f,0f,1f], start_interpolation: 0, interpolation_duration: 1 }
$data merge entity $(bone_tail_0) { transformation: [-1.2212152408406989f,-0.3516332812567132f,-0.1371972581178605f,0.22539283067534147f,-0.3774367788286371f,1.1416370103090427f,0.4336382493093996f,0.8367643289538269f,0.003245013079187689f,0.45481280631628623f,-1.19455870416018f,-0.5598046045144842f,0f,0f,0f,1f], start_interpolation: 0, interpolation_duration: 1 }
$data merge entity $(bone_body_1) { transformation: [-1.2320025580442724f,-0.10338858481392292f,0.009224562796894667f,0.23021220392433323f,-0.09091730161831432f,1.1278503302236909f,0.4982893455985246f,0.6449503125000001f,-0.05008329357244834f,0.4958518208101446f,-1.1314712681108834f,-0.3301525230077641f,0f,0f,0f,1f], start_interpolation: 0, interpolation_duration: 1 }