# This file was generated by Animated Java via MC-Build. It is not recommended to edit this file directly.
$data merge entity $(bone_head_lower) { transformation: [-0.9405098286884652f,0.29518695818015905f,0.16824363839604398f,0.1923903055066062f,0.29552617581042706f,0.955043035655958f,-0.02360253071000351f,0.1315906517328114f,-0.16764707438920096f,0.02752198694493546f,-0.9854628347549919f,0.5470771996195873f,0f,0f,0f,1f], start_interpolation: 0, interpolation_duration: 1 }
$data merge entity $(bone_head_upper) { transformation: [-0.9789762888027282f,0.1126841296381803f,0.3352307495938135f,0.21772662031666232f,0.30761307326516696f,0.758138588969685f,0.6434842808141632f,0.19307005628740473f,-0.17450376987877164f,0.7042727521537714f,-0.7463379043404912f,0.5113867182659373f,0f,0f,0f,1f], start_interpolation: 0, interpolation_duration: 1 }
$data merge entity $(bone_neck_0) { transformation: [-0.9163622284494698f,0.3566618031391202f,0.1818588036160831f,0.22399276128297396f,0.39991961281466026f,0.7944241815845923f,0.45711543728014986f,0.209603779516035f,0.01856258487640572f,0.4916122230937732f,-0.8706163635881788f,0.44710524560167547f,0f,0f,0f,1f], start_interpolation: 0, interpolation_duration: 1 }
$data merge entity $(bone_neck_1) { transformation: [-0.9875203500065561f,0.13698652443940854f,0.07770618022358486f,0.23120657443630382f,0.15704862850031265f,0.8195589366455027f,0.5510525180512865f,0.2600607659355371f,0.01180197479660515f,0.5563792245281126f,-0.8308446737534014f,0.37928496643841736f,0f,0f,0f,1f], start_interpolation: 0, interpolation_duration: 1 }
$data merge entity $(bone_neck_2) { transformation: [-0.9980922353933398f,0.037520343999672225f,-0.049031759438880176f,0.2272783721892339f,-0.0009449730160617092f,0.7847821076852686f,0.6197710468254114f,0.3220408652433505f,0.061733270393887846f,0.6186350032476449f,-0.7832494724436534f,0.31672326160998143f,0f,0f,0f,1f], start_interpolation: 0, interpolation_duration: 1 }
$data merge entity $(bone_body_0) { transformation: [-0.9993760335815495f,0.00946592267517098f,-0.034028514671042225f,0.2113310355775861f,-0.006136951375108387f,0.9022290776467474f,0.4312134381910179f,0.5338650013633163f,0.03478334846775404f,0.4311532068263054f,-0.9016080250933682f,-0.10409394634989977f,0f,0f,0f,1f], start_interpolation: 0, interpolation_duration: 1 }
$data merge entity $(bone_leg_left_3) { transformation: [-0.9652726720579157f,0.09432018875475232f,-0.24362341958736258f,0.48325150196185496f,0.09015990517863229f,0.995528055189021f,0.028197213155649464f,0.05155402509242768f,0.24519351556750457f,0.005252934878049627f,-0.9694599252154852f,-0.5266457382814547f,0f,0f,0f,1f], start_interpolation: 0, interpolation_duration: 1 }
$data merge entity $(bone_leg_left_2) { transformation: [-0.8800775278944786f,-0.008187623804622209f,-0.5267434928048681f,0.46369891229317217f,-0.05876237365344684f,1.0207025047380271f,0.08231390991092592f,0.29193100279479123f,0.523519558219605f,0.1008045591163679f,-0.8762579029735468f,-0.5294164591156643f,0f,0f,0f,1f], start_interpolation: 0, interpolation_duration: 1 }
$data merge entity $(bone_leg_left_1) { transformation: [-0.9911053909259132f,0.04968002789287804f,-0.12345849061994883f,0.5034816820450967f,-0.11209308701240205f,0.18839335588637568f,0.9756757060119405f,0.29359781351980363f,0.07173035564963541f,0.9808362953553622f,-0.18114888294423603f,-0.25477498622302563f,0f,0f,0f,1f], start_interpolation: 0, interpolation_duration: 1 }
$data merge entity $(bone_leg_left_0) { transformation: [-0.9929424005476044f,0.05987848897864946f,0.10237165502420437f,0.40320323211451903f,0.05086113097601446f,0.9947737770273664f,-0.0885340493513545f,0.6972994632759526f,-0.10713792302729064f,-0.0827024733387165f,-0.9907985498339493f,-0.2190469995999694f,0f,0f,0f,1f], start_interpolation: 0, interpolation_duration: 1 }
$data merge entity $(bone_leg_right_3) { transformation: [-0.8804786799473868f,0.08649489407760502f,0.4661286597674628f,-0.07222704465758506f,0.1312107413254147f,0.9892684892119942f,0.06427750472018244f,0.027729561140028003f,-0.45556671906422486f,0.11775605950744922f,-0.8823788726677082f,-0.32186928004517285f,0f,0f,0f,1f], start_interpolation: 0, interpolation_duration: 1 }
$data merge entity $(bone_leg_right_2) { transformation: [-0.9045747780147977f,0.10441418098261468f,0.4721274714416687f,-0.031894059415967735f,0.13351306268861918f,1.0165016176093342f,0.03099875787520255f,0.2654254835110553f,-0.4647374878054048f,0.08879380444620244f,-0.9100532551565237f,-0.3285753113380931f,0f,0f,0f,1f], start_interpolation: 0, interpolation_duration: 1 }
$data merge entity $(bone_leg_right_1) { transformation: [-0.9583365167403138f,-0.28503519176259157f,-0.018602691711277278f,-0.12742846735105542f,-0.1293928728312373f,0.37513471459645475f,0.9178951085854612f,0.3160792081213857f,-0.25465389284776596f,0.882059456817679f,-0.3963868180149024f,-0.07299604233655865f,0f,0f,0f,1f], start_interpolation: 0, interpolation_duration: 1 }
$data merge entity $(bone_leg_right_0) { transformation: [-0.9527868906882406f,0.12701723156996542f,0.27579659863191974f,0.010776950172541183f,-0.08453065708409216f,0.761437483229355f,-0.6427032963555401f,0.677193230958492f,-0.2916362613694773f,-0.6356725430735917f,-0.7147508020539652f,-0.23048637106179565f,0f,0f,0f,1f], start_interpolation: 0, interpolation_duration: 1 }
$data merge entity $(bone_tail_4) { transformation: [-2.7274364984881463f,-0.3190240382225265f,-0.29150495939333904f,0.16567869328519605f,-0.4320815932510242f,2.045702788464901f,1.8039032484145554f,1.3851675958619332f,0.0075481844424166175f,1.8272890017463361f,-2.070415238692109f,-1.83724236517402f,0f,0f,0f,1f], start_interpolation: 0, interpolation_duration: 1 }
$data merge entity $(bone_tail_3) { transformation: [-2.0357151704826664f,-0.28794816809131046f,-0.3299926108324719f,0.2244510443758548f,-0.4221259532665845f,1.7081111993114093f,1.1136028629678352f,1.1796264934630627f,0.11670025831141123f,1.1555896803468957f,-1.7282763281461253f,-1.5554989190981634f,0f,0f,0f,1f], start_interpolation: 0, interpolation_duration: 1 }
$data merge entity $(bone_tail_2) { transformation: [-1.908058236919581f,-0.42096390053988925f,0.02961475929936537f,0.21743465160870085f,-0.3549582021286383f,1.6751270653605521f,0.9416622879997503f,1.0047096600981158f,-0.2282374076870878f,0.9140637747671454f,-1.71206570446157f,-1.237180908914547f,0f,0f,0f,1f], start_interpolation: 0, interpolation_duration: 1 }
$data merge entity $(bone_tail_1) { transformation: [-1.4604452706641224f,-0.37529384968769536f,0.11794230700383919f,0.1980376310131796f,-0.32590544480475014f,1.4082189846704751f,0.4453775726956555f,0.8919667141310064f,-0.2203213617455563f,0.40463572210105914f,-1.4406195472637244f,-0.9319114202238123f,0f,0f,0f,1f], start_interpolation: 0, interpolation_duration: 1 }
$data merge entity $(bone_tail_0) { transformation: [-1.2522716477570328f,-0.2485431564459678f,-0.06227147173296087f,0.21023701327139424f,-0.2560132224435151f,1.2010814730889443f,0.3545366575131633f,0.8173470980915836f,-0.010424334127465558f,0.3598128832746182f,-1.226483484956741f,-0.5648215139672819f,0f,0f,0f,1f], start_interpolation: 0, interpolation_duration: 1 }
$data merge entity $(bone_body_1) { transformation: [-1.2342249922448651f,-0.07210331295130115f,0.00971472263421712f,0.21283514614855104f,-0.06323637220037244f,1.1447842787074787f,0.4626820847097754f,0.6326706494140624f,-0.035978115644777806f,0.4613834224827488f,-1.1464883373628387f,-0.32935648298297043f,0f,0f,0f,1f], start_interpolation: 0, interpolation_duration: 1 }