# This file was generated by Animated Java via MC-Build. It is not recommended to edit this file directly.
$data merge entity $(bone_head_lower) { transformation: [-0.9125752753078333f,0.3705446544635813f,0.1729249141832887f,0.15103704087324807f,0.3684384381232563f,0.9285459868376609f,-0.045337265477417954f,0.14201405937430656f,-0.17736821645979306f,0.02233851776953011f,-0.9838910033198455f,0.5588335348321297f,0f,0f,0f,1f], start_interpolation: 0, interpolation_duration: 1 }
$data merge entity $(bone_head_upper) { transformation: [-0.9498992238282258f,0.17553155880829976f,0.3877526002702886f,0.18141432246080927f,0.3835074167264816f,0.7642865577195284f,0.593515005360877f,0.20021032451233764f,-0.18462250260957508f,0.6844900818383488f,-0.762141589193645f,0.5216062333031326f,0f,0f,0f,1f], start_interpolation: 0, interpolation_duration: 1 }
$data merge entity $(bone_neck_0) { transformation: [-0.8783020293843219f,0.42426727768951233f,0.22041511350475104f,0.18906392490356266f,0.4780621005326706f,0.7730636887159128f,0.41692824469354056f,0.21446693957617058f,0.0064940906732758735f,0.47156103557320805f,-0.8818095126020419f,0.4569303586381047f,0f,0f,0f,1f], start_interpolation: 0, interpolation_duration: 1 }
$data merge entity $(bone_neck_1) { transformation: [-0.969477306884948f,0.21213651535791525f,0.12293026595151235f,0.20045501829858586f,0.24493363109545246f,0.8154490038019271f,0.5244525131571411f,0.2626516225092056f,0.011012165704590418f,0.5385545664556615f,-0.8425186711024563f,0.3880390227065089f,0f,0f,0f,1f], start_interpolation: 0, interpolation_duration: 1 }
$data merge entity $(bone_neck_2) { transformation: [-0.992877756040363f,0.11913210866863674f,0.0011411592429718554f,0.2017213702083984f,0.09534730165381365f,0.7888330199926761f,0.6071666646288898f,0.3235671443670469f,0.07143286097861659f,0.6029510819738183f,-0.7945736838827544f,0.3243316766327004f,0f,0f,0f,1f], start_interpolation: 0, interpolation_duration: 1 }
$data merge entity $(bone_body_0) { transformation: [-0.9946526361368703f,0.10242547743731131f,-0.013234613621622125f,0.19645967714276616f,0.08750330095958844f,0.9038565269171812f,0.41879177531368306f,0.529552500842773f,0.05485713943645339f,0.415394270929378f,-0.9079858445658169f,-0.09964149729081095f,0f,0f,0f,1f], start_interpolation: 0, interpolation_duration: 1 }
$data merge entity $(bone_leg_left_3) { transformation: [-0.9590054405309951f,0.08082829853623694f,-0.2716161835894333f,0.45978401948753306f,0.074198625986242f,0.9966427944895726f,0.03460786173356627f,0.05170970351271112f,0.27350160682106694f,0.013035580069671662f,-0.961783210873709f,-0.5204933021746575f,0f,0f,0f,1f], start_interpolation: 0, interpolation_duration: 1 }
$data merge entity $(bone_leg_left_2) { transformation: [-0.8661304900853549f,-0.018976102111426727f,-0.5491084421076167f,0.4370471112122666f,-0.06868235362838909f,1.020787596439925f,0.07305899503251136f,0.2918051080019826f,0.5451265063682575f,0.09846212471682861f,-0.863252281521271f,-0.5233745885593931f,0f,0f,0f,1f], start_interpolation: 0, interpolation_duration: 1 }
$data merge entity $(bone_leg_left_1) { transformation: [-0.9907018495708497f,0.0807700107827189f,-0.10948082304703753f,0.4845266979032823f,-0.09756159666788529f,0.13909473279194298f,0.9854615112550824f,0.2792706172884903f,0.09482394271759723f,0.986979665782278f,-0.1299213578276967f,-0.2502409929509998f,0f,0f,0f,1f], start_interpolation: 0, interpolation_duration: 1 }
$data merge entity $(bone_leg_left_0) { transformation: [-0.9942692809492488f,0.07024902870638311f,0.08058331667580551f,0.3899394819830269f,0.06076147573636113f,0.9915420697264841f,-0.11468376968368205f,0.6849833131733539f,-0.08795817203081809f,-0.10913018797899138f,-0.9901282553511271f,-0.22271381462222428f,0f,0f,0f,1f], start_interpolation: 0, interpolation_duration: 1 }
$data merge entity $(bone_leg_right_3) { transformation: [-0.8598216008725028f,0.11675119919501002f,0.497067371851717f,-0.10634410770544706f,0.11994376460998116f,0.992449814666764f,-0.025629254750966814f,0.018659717428783473f,-0.49630666729778233f,0.03758354499553872f,-0.867333366786575f,-0.2539428659826331f,0f,0f,0f,1f], start_interpolation: 0, interpolation_duration: 1 }
$data merge entity $(bone_leg_right_2) { transformation: [-0.8838622270499019f,0.1380013912811514f,0.5018021314218865f,-0.057297045601330934f,0.11219232371334259f,1.0162541919141774f,-0.08186879391658183f,0.2528429288618949f,-0.5081954797072503f,-0.01565991449599425f,-0.8908166595791688f,-0.2843349907495055f,0f,0f,0f,1f], start_interpolation: 0, interpolation_duration: 1 }
$data merge entity $(bone_leg_right_1) { transformation: [-0.9541305432847721f,-0.29799754809535106f,0.02885078335616187f,-0.1587859104553389f,-0.1234664485436935f,0.47943379476106396f,0.8688493957671908f,0.334550683336854f,-0.27274703014902446f,0.8254336422573069f,-0.4942351260025155f,-0.03931001482037652f,0f,0f,0f,1f], start_interpolation: 0, interpolation_duration: 1 }
$data merge entity $(bone_leg_right_0) { transformation: [-0.9458453192461467f,0.17365539840625704f,0.2742634402623118f,-0.0029511597757777563f,-0.0828313760001364f,0.6878038180952704f,-0.7211552336102761f,0.6729426291952576f,-0.3138719407817121f,-0.7048189203035997f,-0.6361719063051974f,-0.22776080421446554f,0f,0f,0f,1f], start_interpolation: 0, interpolation_duration: 1 }
$data merge entity $(bone_tail_4) { transformation: [-2.5130130935286776f,-0.6259176493668759f,0.9584641983738726f,0.4445748189019274f,0.12253179234496826f,2.1517474376224435f,1.7264501893046273f,1.286265693826039f,-1.1381618879659234f,1.6136515709707275f,-1.9303827226447992f,-1.840997742135869f,0f,0f,0f,1f], start_interpolation: 0, interpolation_duration: 1 }
$data merge entity $(bone_tail_3) { transformation: [-1.981989732745638f,-0.4104331894335465f,0.48908774503837726f,0.3656600221291969f,-0.10417727241366416f,1.7815716378102286f,1.0728910109172678f,1.0869089490021238f,-0.6299280286253084f,0.9967410006646827f,-1.716287732983792f,-1.559732659734415f,0f,0f,0f,1f], start_interpolation: 0, interpolation_duration: 1 }
$data merge entity $(bone_tail_2) { transformation: [-1.8241067089919942f,-0.4028079979338482f,0.5737197103235141f,0.25756210515200395f,-0.1318005074768147f,1.7678866191940248f,0.8221796658312308f,0.9343907593771204f,-0.6885036059760515f,0.7287636746422154f,-1.6773908805292597f,-1.248245057817671f,0f,0f,0f,1f], start_interpolation: 0, interpolation_duration: 1 }
$data merge entity $(bone_tail_1) { transformation: [-1.4498758361939814f,-0.2909651768262452f,0.31757766844549346f,0.1941648534608819f,-0.2196615838528753f,1.45878499747031f,0.33369352666001106f,0.8449613543869607f,-0.3704930474382079f,0.2737550858523383f,-1.440641976609709f,-0.9412273922022432f,0f,0f,0f,1f], start_interpolation: 0, interpolation_duration: 1 }
$data merge entity $(bone_tail_0) { transformation: [-1.2696873267548283f,-0.1468790824330993f,-0.01250375966723958f,0.1942742887488298f,-0.14628351536378273f,1.2420604709168828f,0.26405044272368355f,0.7977728096195903f,-0.018191811207772156f,0.2637196206454312f,-1.2505825587603714f,-0.5694140780680707f,0f,0f,0f,1f], start_interpolation: 0, interpolation_duration: 1 }
$data merge entity $(bone_body_1) { transformation: [-1.23568545633123f,-0.04101740074106323f,0.0019028673566358547f,0.19659471176300175f,-0.03786931144353374f,1.160545471821194f,0.42462303063112905f,0.6208829296875f,-0.01587335246640007f,0.42433050294318825f,-1.1611615977157133f,-0.3280419425145292f,0f,0f,0f,1f], start_interpolation: 0, interpolation_duration: 1 }