# This file was generated by Animated Java via MC-Build. It is not recommended to edit this file directly.
$data merge entity $(bone_head_lower) { transformation: [-0.94824416185726f,-0.317511339787172f,0.004422511749852698f,0.5554112452478065f,-0.302620327634491f,0.9078162077028586f,0.2903285558369923f,0.29908695595930535f,-0.09619743658755085f,0.27396401613816973f,-0.9569168046676938f,0.35938996224702324f,0f,0f,0f,1f], start_interpolation: 0, interpolation_duration: 1 }
$data merge entity $(bone_head_upper) { transformation: [-0.9870269529754879f,-0.289621182691484f,-0.15927745358278808f,0.537621308722292f,-0.3149973729429385f,0.6722701329992463f,0.7295899299604746f,0.3643808275487358f,-0.10013187166171644f,0.7400299868228781f,-0.7251214860035247f,0.3259880912952636f,0f,0f,0f,1f], start_interpolation: 0, interpolation_duration: 1 }
$data merge entity $(bone_neck_0) { transformation: [-0.9566901601139957f,-0.2870221183320293f,-0.04860289219019931f,0.5394465922378384f,-0.27702294943012185f,0.9489275020525585f,-0.15097973816816476f,0.3393048350349284f,0.08945514535281737f,-0.13097671333670735f,-0.9873413176472564f,0.2642418428761715f,0f,0f,0f,1f], start_interpolation: 0, interpolation_duration: 1 }
$data merge entity $(bone_neck_1) { transformation: [-0.9298074018001964f,-0.04368318782160368f,-0.3654448996214216f,0.5082873697897008f,-0.06533694838059055f,0.9967514410940068f,0.04709190857602538f,0.3478860470678078f,0.3622006056509023f,0.06766345970140156f,-0.9296409938720196f,0.1858007662580788f,0f,0f,0f,1f], start_interpolation: 0, interpolation_duration: 1 }
$data merge entity $(bone_neck_2) { transformation: [-0.8912060489208153f,0.03961173116312043f,-0.45186578662387156f,0.46908836149346883f,-0.08995333374908143f,0.9609608870602809f,0.2616535329166117f,0.38021726663767447f,0.4445898965500406f,0.27383404517075444f,-0.8528509480507397f,0.11376563327522349f,0f,0f,0f,1f], start_interpolation: 0, interpolation_duration: 1 }
$data merge entity $(bone_body_0) { transformation: [-0.8222359280805321f,-0.0625339404362893f,-0.5657009677091394f,0.20187990284069918f,-0.0945273931876487f,0.9951454496976273f,0.027388060961935634f,0.4026051614039881f,0.5612420605324352f,0.07599368552463859f,-0.8241555127824414f,-0.2739318344692391f,0f,0f,0f,1f], start_interpolation: 0, interpolation_duration: 1 }
$data merge entity $(bone_leg_left_3) { transformation: [-0.8254789662067422f,-0.049509962952204806f,-0.5622572720016339f,0.49842067870406886f,-0.062088953720702764f,0.9980652607029592f,0.0032706580074831626f,0.04862847549173302f,0.5610075206056658f,0.037609825131271035f,-0.8269559014103949f,-0.7323943297307715f,0f,0f,0f,1f], start_interpolation: 0, interpolation_duration: 1 }
$data merge entity $(bone_leg_left_2) { transformation: [-0.7857348301007407f,-0.26808178487040196f,-0.6023413757064625f,0.4160971854582749f,-0.4911695503924525f,0.8631271831919629f,0.2565660497865562f,0.2569892190468988f,0.43981297051648033f,0.48498022821193565f,-0.7895700910683375f,-0.6430650788049759f,0f,0f,0f,1f], start_interpolation: 0, interpolation_duration: 1 }
$data merge entity $(bone_leg_left_1) { transformation: [-0.9022838461982629f,0.4163025557060157f,-0.11214295788104184f,0.5531107690630943f,-0.10611672412194577f,0.03767045653761164f,0.9936398631123221f,0.21663755358025133f,0.4178792908858925f,0.9084454407485831f,0.010187219042315399f,-0.4051314606220916f,0f,0f,0f,1f], start_interpolation: 0, interpolation_duration: 1 }
$data merge entity $(bone_leg_left_0) { transformation: [-0.8837528080211194f,-0.34793902405775345f,-0.3129207724848644f,0.3392133967366737f,-0.1564319661834777f,0.8498909407851447f,-0.5032041620727246f,0.5731070975688446f,0.441032894771759f,-0.395757279540225f,-0.8055222910758975f,-0.44366270618812614f,0f,0f,0f,1f], start_interpolation: 0, interpolation_duration: 1 }
$data merge entity $(bone_leg_right_3) { transformation: [-0.8032082166643617f,0.003236794686895139f,0.595689586817674f,-0.1662971998591667f,-0.008991817170188376f,0.9998054322017542f,-0.017556906442817877f,0.03241679689506474f,-0.5956305129078215f,-0.01945818336892846f,-0.8030228335440703f,-0.04488465507528891f,0f,0f,0f,1f], start_interpolation: 0, interpolation_duration: 1 }
$data merge entity $(bone_leg_right_2) { transformation: [-0.8360378473986281f,0.044314121993928236f,0.5925699754540982f,-0.13635756496045848f,-0.3832412450407436f,0.7414785085797884f,-0.5961526389395658f,0.18742512602273528f,-0.4541245042027394f,-0.7073245926778562f,-0.5878137926047808f,-0.22722255083257653f,0f,0f,0f,1f], start_interpolation: 0, interpolation_duration: 1 }
$data merge entity $(bone_leg_right_1) { transformation: [-0.9828489866230701f,0.15988292015524652f,-0.09189842945684959f,-0.10762247566546712f,0.015998967781639443f,0.5703793184188907f,0.8212255878562988f,0.2991432663422299f,0.18371690865003834f,0.805670456801435f,-0.5631546967871626f,0.02517938542490994f,0f,0f,0f,1f], start_interpolation: 0, interpolation_duration: 1 }
$data merge entity $(bone_leg_right_0) { transformation: [-0.989435368000886f,-0.08573498616380859f,-0.11690664949626586f,-0.016720669873465266f,0.05277986058037919f,0.538029973020767f,-0.8412716769560161f,0.5727390809001104f,0.13502569705825232f,-0.8385542679390307f,-0.527820803734723f,-0.2767965581941406f,0f,0f,0f,1f], start_interpolation: 0, interpolation_duration: 1 }
$data merge entity $(bone_tail_4) { transformation: [-2.4120149347606405f,1.2336907331133193f,-0.5346517194603817f,-0.33533401638789606f,-0.3708948260662911f,0.4449778105917926f,2.7000172421075743f,1.897762306998316f,1.2923940243164531f,2.430157043219894f,-0.22297031820371702f,-1.3167364960939483f,0f,0f,0f,1f], start_interpolation: 0, interpolation_duration: 1 }
$data merge entity $(bone_tail_3) { transformation: [-1.8223529127004807f,0.8162928260302921f,-0.5904586435881837f,-0.24320211646407808f,-0.2755734760782733f,0.7699735850892804f,1.9149792332010662f,1.5655177994255924f,0.9690380007505667f,1.7540673380690621f,-0.5658256380415299f,-1.2379583034328339f,0f,0f,0f,1f], start_interpolation: 0, interpolation_duration: 1 }
$data merge entity $(bone_tail_2) { transformation: [-1.7749356702896921f,0.7249271396417843f,-0.3779654528483238f,-0.17407913310376658f,0.01819948787863943f,0.9382603000725702f,1.7140916728551783f,1.2471086205178172f,0.8173408224094845f,1.5533583380924343f,-0.8589561854393248f,-1.0773062199487184f,0f,0f,0f,1f], start_interpolation: 0, interpolation_duration: 1 }
$data merge entity $(bone_tail_1) { transformation: [-1.3715124337437679f,0.5301630431297295f,-0.3543120683601846f,-0.10300552013352005f,0.005615487066146868f,0.8504215937158741f,1.250762898892817f,0.9675575091417319f,0.6376349742534967f,1.1328576744857133f,-0.7731179592840703f,-0.9253970541074854f,0f,0f,0f,1f], start_interpolation: 0, interpolation_duration: 1 }
$data merge entity $(bone_tail_0) { transformation: [-1.1586573626895464f,0.34322243240208694f,-0.4165899595109406f,0.027014317178041453f,0.00036435565963664025f,0.9870181393851684f,0.812176567227608f,0.7540391453800053f,0.5397672643966892f,0.7360905317993588f,-0.8947948065702435f,-0.6461540388989195f,0f,0f,0f,1f], start_interpolation: 0, interpolation_duration: 1 }
$data merge entity $(bone_body_1) { transformation: [-1.1194528522086478f,0.26839805065750205f,-0.45099045792724507f,0.11378476787905625f,-0.0011574540009567833f,1.06118694656282f,0.6344174649244487f,0.5350675f,0.5248128876451196f,0.5748472370153496f,-0.9605866343613468f,-0.4615511428984851f,0f,0f,0f,1f], start_interpolation: 0, interpolation_duration: 1 }