# This file was generated by Animated Java via MC-Build. It is not recommended to edit this file directly.
$data merge entity $(bone_head_lower) { transformation: [-0.8898445599509968f,0.42382733350318613f,0.168958724252985f,0.12006654516691781f,0.4183326670397517f,0.9056926029793612f,-0.06869271137375277f,0.15778129800179602f,-0.18213851545739976f,0.009555118212167313f,-0.9832264545377764f,0.5725644190853267f,0f,0f,0f,1f], start_interpolation: 0, interpolation_duration: 1 }
$data merge entity $(bone_head_upper) { transformation: [-0.926238831684426f,0.23059546547747006f,0.4151858626743039f,0.15357879392248916f,0.4354422988163996f,0.7755948291037322f,0.5406612692366164f,0.21260401213336577f,-0.1895879048485593f,0.6547902984561459f,-0.786624455484542f,0.5329808910668472f,0f,0f,0f,1f], start_interpolation: 0, interpolation_duration: 1 }
$data merge entity $(bone_neck_0) { transformation: [-0.8454057571046403f,0.4789284572282993f,0.23646699285788578f,0.16136845793988353f,0.5341148972087465f,0.7606989339558652f,0.3688609608756403f,0.2239350975931209f,-0.0032221784588244706f,0.43813772347896673f,-0.8989020818924873f,0.4677454414163947f,0f,0f,0f,1f], start_interpolation: 0, interpolation_duration: 1 }
$data merge entity $(bone_neck_1) { transformation: [-0.950364888288091f,0.27175540630371986f,0.15151098393801254f,0.1754553700485128f,0.3109763201811252f,0.8139676242643971f,0.4906632602263795f,0.26925056278861875f,0.010015357995142263f,0.5134254627441783f,-0.8580757465458138f,0.39742045036847046f,0f,0f,0f,1f], start_interpolation: 0, interpolation_duration: 1 }
$data merge entity $(bone_neck_2) { transformation: [-0.9822234730718873f,0.18354478456390644f,0.03934921861979896f,0.18069967487511784f,0.17129715021252173f,0.7906670231504528f,0.5877949853745523f,0.32848693629335235f,0.07677457440890392f,0.5840864410014931f,-0.8080524080544165f,0.3323475703412734f,0f,0f,0f,1f], start_interpolation: 0, interpolation_duration: 1 }
$data merge entity $(bone_body_0) { transformation: [-0.9838546540956166f,0.17895880655869087f,0.0019404044639781373f,0.18331898655345372f,0.1646655054160457f,0.9009212612906016f,0.40152976512411864f,0.5263088100250998f,0.07010913592730263f,0.3953664458570564f,-0.9158439182250907f,-0.09551987429867267f,0f,0f,0f,1f], start_interpolation: 0, interpolation_duration: 1 }
$data merge entity $(bone_leg_left_3) { transformation: [-0.953641707636808f,0.07071709544674232f,-0.29251766761535797f,0.43952878571011533f,0.06156129154131926f,0.9972853398850798f,0.04039997814435778f,0.051858520889363685f,0.2945805506806541f,0.020519338729019322f,-0.9554063302589145f,-0.5133294531385004f,0f,0f,0f,1f], start_interpolation: 0, interpolation_duration: 1 }
$data merge entity $(bone_leg_left_2) { transformation: [-0.85590271075027f,-0.027560485720596224f,-0.5645645834250308f,0.4143290732374635f,-0.07588318565197635f,1.02080935731022f,0.06520887718629255f,0.29170522278830185f,0.560120068705221f,0.09618146991720454f,-0.8538599609882868f,-0.5164288313847218f,0f,0f,0f,1f], start_interpolation: 0, interpolation_duration: 1 }
$data merge entity $(bone_leg_left_1) { transformation: [-0.9901067880136621f,0.10479868041343252f,-0.09330479576566363f,0.4674667317214915f,-0.08306205942412398f,0.09818499360111774f,0.991695720125771f,0.26743742795937364f,0.11308953361603477f,0.9896347526310664f,-0.08850883442547436f,-0.24513406725400458f,0f,0f,0f,1f], start_interpolation: 0, interpolation_duration: 1 }
$data merge entity $(bone_leg_left_0) { transformation: [-0.9948827368244133f,0.07959114156508551f,0.06223817279718059f,0.37796961233180526f,0.07041514994662877f,0.987951711131436f,-0.1378155402357129f,0.6747459900720136f,-0.07245720548543794f,-0.13272779157672343f,-0.9885005243885342f,-0.22520219792032103f,0f,0f,0f,1f], start_interpolation: 0, interpolation_duration: 1 }
$data merge entity $(bone_leg_right_3) { transformation: [-0.8745058330653807f,0.13204852180839954f,0.46669340666313375f,-0.12869248446865655f,0.13083674255740071f,0.9907799098801118f,-0.035169830464854134f,0.01840305860196559f,-0.46703457552047795f,0.030304423211385205f,-0.8837196089270809f,-0.2522848589141393f,0f,0f,0f,1f], start_interpolation: 0, interpolation_duration: 1 }
$data merge entity $(bone_leg_right_2) { transformation: [-0.8987485082876674f,0.1501935630771028f,0.4709089210894091f,-0.07773508914173137f,0.12841257381909815f,1.0145970452170325f,-0.07851908190189456f,0.25227834890730294f,-0.47730863100989673f,-0.009845250010338674f,-0.907822527433852f,-0.2818950685065301f,0f,0f,0f,1f], start_interpolation: 0, interpolation_duration: 1 }
$data merge entity $(bone_leg_right_1) { transformation: [-0.9642985205149934f,-0.26370542213107123f,0.02424486896785291f,-0.1698660761947296f,-0.10802240389824505f,0.4752872988434951f,0.8731741772487888f,0.3329378376292446f,-0.2417840432878879f,0.8393815782447981f,-0.4868049327139496f,-0.03285829659619374f,0f,0f,0f,1f], start_interpolation: 0, interpolation_duration: 1 }
$data merge entity $(bone_leg_right_0) { transformation: [-0.9567387248159224f,0.16107020643218034f,0.24229610198576787f,-0.015103702230351096f,-0.06737797921697475f,0.6874840403216893f,-0.7230670108776939f,0.6695630055898033f,-0.2830392558537415f,-0.7081116316675365f,-0.6468900190472099f,-0.2253144798299071f,0f,0f,0f,1f], start_interpolation: 0, interpolation_duration: 1 }
$data merge entity $(bone_tail_4) { transformation: [-1.9022613581105485f,-0.8437387011169242f,1.815259777904236f,0.6526850735252452f,0.41069710323667674f,2.286399199828059f,1.4931068012766577f,1.1642137188232557f,-1.9591811928538956f,1.2985164746213802f,-1.4495259053581797f,-1.7861785974293178f,0f,0f,0f,1f], start_interpolation: 0, interpolation_duration: 1 }
$data merge entity $(bone_tail_3) { transformation: [-1.6948195765414498f,-0.49506465163038443f,1.1038311101442964f,0.47036070463394714f,0.060782881126706934f,1.862708836116355f,0.9287447223324793f,0.9885048665596825f,-1.208237381634189f,0.788144852552235f,-1.501644314430558f,-1.5392678297836493f,0f,0f,0f,1f], start_interpolation: 0, interpolation_duration: 1 }
$data merge entity $(bone_tail_2) { transformation: [-1.6471512091274423f,-0.3626506389112334f,0.9869910249693535f,0.2855769573231566f,-0.012503199759162104f,1.8408943050009332f,0.6555346694216023f,0.867071203979372f,-1.051432565250175f,0.5462293903802519f,-1.553993850959209f,-1.2510312667121788f,0f,0f,0f,1f], start_interpolation: 0, interpolation_duration: 1 }
$data merge entity $(bone_tail_1) { transformation: [-1.4211465223493884f,-0.2123298857281397f,0.4721385724984931f,0.187931241141621f,-0.1508756431865652f,1.4894206158829184f,0.21568268191022713f,0.8025962111878326f,-0.4952124314950908f,0.1555586661347518f,-1.4206415448955088f,-0.9467534883340099f,0f,0f,0f,1f], start_interpolation: 0, interpolation_duration: 1 }
$data merge entity $(bone_tail_0) { transformation: [-1.2767264934301672f,-0.057606333980202463f,0.022061002762746675f,0.18009435993331724f,-0.05399190577008554f,1.2646570577882428f,0.17766011618179067f,0.7811982236274966f,-0.029833733739690525f,0.176521253835833f,-1.2656168108315418f,-0.5726510682374861f,0f,0f,0f,1f], start_interpolation: 0, interpolation_duration: 1 }
$data merge entity $(bone_body_1) { transformation: [-1.2362599829357794f,-0.015573213034739457f,-0.0048295635052372134f,0.18226613220998455f,-0.016301071759783962f,1.1725740637904805f,0.39167452692460203f,0.6111581982421874f,-0.00035313929103395777f,0.3917041422016151f,-1.1726774216855156f,-0.3264040479932343f,0f,0f,0f,1f], start_interpolation: 0, interpolation_duration: 1 }