# This file was generated by Animated Java via MC-Build. It is not recommended to edit this file directly.
$data merge entity $(bone_head_lower) { transformation: [-0.9309315414789248f,0.36455167125911103f,0.021645878634562424f,0.1627777093766735f,0.3651906266228394f,0.9295315172464547f,0.0510584436927089f,0.2373779840246398f,-0.0015070854292512231f,0.05543678767472593f,-0.998461061467004f,0.6323946995106244f,0f,0f,0f,1f], start_interpolation: 0, interpolation_duration: 1 }
$data merge entity $(bone_head_upper) { transformation: [-0.9690062536372706f,0.3536474215813602f,0.1393998716076333f,0.18002782138969486f,0.3801267710889525f,0.9030659070311274f,0.3513510325060126f,0.2819953070166574f,-0.001568724595355336f,0.37799128475456883f,-0.9698412603803994f,0.5740236054968828f,0f,0f,0f,1f], start_interpolation: 0, interpolation_duration: 1 }
$data merge entity $(bone_neck_0) { transformation: [-0.8511647498597469f,0.522126465705124f,-0.053875062937046976f,0.16834409988872345f,0.5121657834321497f,0.8486011697265265f,0.13252269624522103f,0.2766245913553026f,0.1149120484436992f,0.08520568378369353f,-0.9897147127194919f,0.5086066174932342f,0f,0f,0f,1f], start_interpolation: 0, interpolation_duration: 1 }
$data merge entity $(bone_neck_1) { transformation: [-0.9467947607760968f,0.3218118675895262f,0.004099127404118515f,0.17017389682840098f,0.30320952883073876f,0.8876502343436147f,0.3466136799030981f,0.3100766130209855f,0.10790580426082409f,0.3294149106343961f,-0.9379990160221692f,0.4306633629155001f,0f,0f,0f,1f], start_interpolation: 0, interpolation_duration: 1 }
$data merge entity $(bone_neck_2) { transformation: [-0.9714567524022504f,0.23720868372012566f,0.0019541186858458987f,0.1726675135502186f,0.20309681166302843f,0.8274432265800923f,0.5235354733721856f,0.36404343334467504f,0.12257023824887227f,0.5089889460042246f,-0.8520016370530771f,0.36100494939684524f,0f,0f,0f,1f], start_interpolation: 0, interpolation_duration: 1 }
$data merge entity $(bone_body_0) { transformation: [-0.9541511746211785f,0.29521493753945655f,-0.04943355765671974f,0.15218195450118302f,0.2630657255751927f,0.9058420285288462f,0.33203409972221576f,0.5291591370401543f,0.14280042015562427f,0.3038064515515094f,-0.9419711672864821f,-0.08004839314430384f,0f,0f,0f,1f], start_interpolation: 0, interpolation_duration: 1 }
$data merge entity $(bone_leg_left_3) { transformation: [-0.9594445811140832f,0.07561528796535208f,-0.2715666106073027f,0.3979794228009599f,0.0611255011674629f,0.99623750205463f,0.06143706216102261f,0.05535662852264195f,0.27519042293991286f,0.042345811196241465f,-0.9604566952217496f,-0.47728562621416515f,0f,0f,0f,1f], start_interpolation: 0, interpolation_duration: 1 }
$data merge entity $(bone_leg_left_2) { transformation: [-0.8786247094175903f,-0.022870764801874024f,-0.5287322078509371f,0.37494500795316615f,-0.0655714762969706f,1.0215511116459592f,0.06477582335898903f,0.29537884633927053f,0.5251487417844447f,0.08928859900892427f,-0.8765321126974944f,-0.48274664745769136f,0f,0f,0f,1f], start_interpolation: 0, interpolation_duration: 1 }
$data merge entity $(bone_leg_left_1) { transformation: [-0.9947808627158345f,0.09989015228477939f,-0.020808475457452444f,0.4229973268871872f,-0.0164986701687442f,0.04377937492763187f,0.9989049805730318f,0.25462274145380454f,0.10069175267618907f,0.9940348705188717f,-0.041902829684017456f,-0.2124814069634804f,0f,0f,0f,1f], start_interpolation: 0, interpolation_duration: 1 }
$data merge entity $(bone_leg_left_0) { transformation: [-0.9903207105191548f,0.12704844304543045f,0.05588902787281545f,0.35318079895989196f,0.11450397178725533f,0.9754011582730869f,-0.18836512650823573f,0.6662450561938188f,-0.07844571856882795f,-0.18014237024990054f,-0.9805075194402989f,-0.2125130408513522f,0f,0f,0f,1f], start_interpolation: 0, interpolation_duration: 1 }
$data merge entity $(bone_leg_right_3) { transformation: [-0.8877380795643682f,0.14738435656454923f,0.4361180499949772f,-0.16100051673012686f,0.14265445852170658f,0.9888037140844068f,-0.043782650408145475f,0.02111998048175215f,-0.4376880253733774f,0.02334665828201078f,-0.8988237457876919f,-0.24787711418452887f,0f,0f,0f,1f], start_interpolation: 0, interpolation_duration: 1 }
$data merge entity $(bone_leg_right_2) { transformation: [-0.9119834951017444f,0.17476121320110177f,0.4356682482384736f,-0.10538499999749623f,0.14563604579469755f,1.0103309078895018f,-0.1004181170364909f,0.2532973419754323f,-0.4462493096106547f,-0.027425798517976968f,-0.9231313984197268f,-0.2821066215489521f,0f,0f,0f,1f], start_interpolation: 0, interpolation_duration: 1 }
$data merge entity $(bone_leg_right_1) { transformation: [-0.9723992458130722f,-0.23281280747536406f,0.015424118049587751f,-0.1888169404991225f,-0.09866565097575757f,0.47020496334839273f,0.8770247326957586f,0.33255824552743646f,-0.2114350871064179f,0.8512963579846775f,-0.480197578942591f,-0.02957898715616203f,0f,0f,0f,1f], start_interpolation: 0, interpolation_duration: 1 }
$data merge entity $(bone_leg_right_0) { transformation: [-0.9661512287051072f,0.1385058288421091f,0.21764176678287742f,-0.03981261277123743f,-0.05677598046616244f,0.7088038211055592f,-0.7031170821621848f,0.6746974494011211f,-0.25165113016578716f,-0.6916742575540303f,-0.6769478784392216f,-0.21678409941406868f,0f,0f,0f,1f], start_interpolation: 0, interpolation_duration: 1 }
$data merge entity $(bone_tail_4) { transformation: [-0.23782791550717292f,-0.9646300771848471f,2.5765457551527917f,0.964107249716833f,0.3254019573499277f,2.5581390509714983f,0.9877750217774695f,0.8698682696041625f,-2.731888134671394f,0.3886833437195375f,-0.10664806400798417f,-1.5505255454010836f,0f,0f,0f,1f], start_interpolation: 0, interpolation_duration: 1 }
$data merge entity $(bone_tail_3) { transformation: [-0.7744957568207772f,-0.48008379927087536f,1.8723304714682978f,0.6513271889671024f,0.007920537162635891f,2.016237354067331f,0.5202592845870893f,0.761921055281411f,-1.9328836265544056f,0.20062902029780347f,-0.7481005336561903f,-1.4256386527657134f,0f,0f,0f,1f], start_interpolation: 0, interpolation_duration: 1 }
$data merge entity $(bone_tail_2) { transformation: [-1.1139602018368562f,-0.15980104595821132f,1.597601380018504f,0.35347484437800125f,0.0044293030371367545f,1.9441519770490967f,0.1975534014221745f,0.7256622012453121f,-1.6055674775608069f,0.11623506721092075f,-1.1078882430788213f,-1.2208442185251687f,0f,0f,0f,1f], start_interpolation: 0, interpolation_duration: 1 }
$data merge entity $(bone_tail_1) { transformation: [-1.3128979046969895f,0.02010419290633279f,0.7507004484278935f,0.19294103623714992f,-0.03597536126921913f,1.508538257817367f,-0.10331673670269338f,0.7294888583310913f,-0.750107402459011f,-0.10753788229702801f,-1.3089808014815445f,-0.9371349833244575f,0f,0f,0f,1f], start_interpolation: 0, interpolation_duration: 1 }
$data merge entity $(bone_tail_0) { transformation: [-1.2626952762416213f,0.16037230293330682f,0.1171199402023049f,0.16258593693732942f,0.15867727331505962f,1.2680694659978207f,-0.02563335563924343f,0.7675802957055202f,-0.1194063602762502f,-0.010782877162322924f,-1.2725806722049917f,-0.5655175434134259f,0f,0f,0f,1f], start_interpolation: 0, interpolation_duration: 1 }
$data merge entity $(bone_body_1) { transformation: [-1.2360086795049374f,0.021666212130903507f,0.02043806489396555f,0.15637499999999996f,0.02658373157146427f,1.185089447301536f,0.3513700359543f,0.6060675f,-0.013432961715407032f,0.3517075094488151f,-1.1852113644380542f,-0.31366249999999996f,0f,0f,0f,1f], start_interpolation: 0, interpolation_duration: 1 }