# This file was generated by Animated Java via MC-Build. It is not recommended to edit this file directly.
$data merge entity $(bone_head_lower) { transformation: [-0.9502387288872005f,0.298073639548408f,-0.09054536724318392f,0.2268407095918785f,0.28341534333529855f,0.9478321534035149f,0.14591076771983025f,0.2762628953203489f,0.12931396399837125f,0.11298811610439953f,-0.9851454635403882f,0.6461510679423788f,0f,0f,0f,1f], start_interpolation: 0, interpolation_duration: 1 }
$data merge entity $(bone_head_upper) { transformation: [-0.9891030969658834f,0.3176130719580676f,-0.06533714622911395f,0.22916141054916767f,0.2950069127879859f,0.9684659337804319f,0.24190204442626057f,0.3147772100950219f,0.1346028512450863f,0.21134714147975217f,-1.0102902557228481f,0.5812918481174294f,0f,0f,0f,1f], start_interpolation: 0, interpolation_duration: 1 }
$data merge entity $(bone_neck_0) { transformation: [-0.871635365578603f,0.4297167429831341f,-0.23578657780421214f,0.20722154704850712f,0.4441391807626773f,0.8959118732791663f,-0.00907212372449806f,0.29950474755389667f,0.20734555115582434f,-0.11262964137997517f,-0.9717625153804326f,0.5202170535471715f,0f,0f,0f,1f], start_interpolation: 0, interpolation_duration: 1 }
$data merge entity $(bone_neck_1) { transformation: [-0.9558237115747281f,0.26968685879864973f,-0.11691890601108056f,0.19855939479635523f,0.23059001678722524f,0.9346292448235322f,0.2707331137461042f,0.326745115762556f,0.1822889918496942f,0.23181279712714542f,-0.9555278910311885f,0.44033923245302525f,0f,0f,0f,1f], start_interpolation: 0, interpolation_duration: 1 }
$data merge entity $(bone_neck_2) { transformation: [-0.975835810110569f,0.20791450440523218f,-0.06720141787028114f,0.19470765952497707f,0.14753557332533243f,0.8538122509335716f,0.499237313067957f,0.3788414042364536f,0.1611760723848763f,0.47725904812132647f,-0.8638553551821685f,0.36933168879191625f,0f,0f,0f,1f], start_interpolation: 0, interpolation_duration: 1 }
$data merge entity $(bone_body_0) { transformation: [-0.949572004667935f,0.2933914895630275f,-0.11060941100515405f,0.14537277958098901f,0.249010224848625f,0.920013240742192f,0.30260460138584566f,0.5302220942369678f,0.19054373742465633f,0.25980198365493157f,-0.9466762981173693f,-0.07435836182788919f,0f,0f,0f,1f], start_interpolation: 0, interpolation_duration: 1 }
$data merge entity $(bone_leg_left_3) { transformation: [-0.9610459122262571f,0.07977568689957816f,-0.26462538497449906f,0.38629086802234763f,0.06357899969760822f,0.9955726223643735f,0.06923051636363924f,0.05222300406012165f,0.26897670046056565f,0.0497090874813155f,-0.9618630574209208f,-0.4664978666607138f,0f,0f,0f,1f], start_interpolation: 0, interpolation_duration: 1 }
$data merge entity $(bone_leg_left_2) { transformation: [-0.8879567193620924f,-0.018200013191810315f,-0.5130924123003792f,0.36481406085088036f,-0.05695427351952661f,1.0222213227618966f,0.062305517568477506f,0.29233847214228753f,0.5102462883434502f,0.0824289167187757f,-0.885955076976816f,-0.4738722010318696f,0f,0f,0f,1f], start_interpolation: 0, interpolation_duration: 1 }
$data merge entity $(bone_leg_left_1) { transformation: [-0.9951015313062569f,0.09884107641481452f,-0.0018395665530682248f,0.4115817251751689f,0.0036275536565296973f,0.05510405007732885f,0.9984740279644455f,0.2542809573828127f,0.09879161526370221f,0.99357636107057f,-0.055192675921290346f,-0.2029888371946848f,0f,0f,0f,1f], start_interpolation: 0, interpolation_duration: 1 }
$data merge entity $(bone_leg_left_0) { transformation: [-0.9894458159251893f,0.1368057042256589f,0.04776166495692743f,0.3463595621513137f,0.12466542824511925f,0.971696279807676f,-0.20066108443936898f,0.6666311139546363f,-0.07386141312347927f,-0.19258904200198934f,-0.9784957601094441f,-0.2075381657314372f,0f,0f,0f,1f], start_interpolation: 0, interpolation_duration: 1 }
$data merge entity $(bone_leg_right_3) { transformation: [-0.8946026790111152f,0.14059614492340233f,0.42416832830706847f,-0.1619718276928081f,0.13648652449713297f,0.9898247161621049f,-0.04023008706554834f,0.018616105276715395f,-0.42550849032284765f,0.02190331726670089f,-0.9046893220083263f,-0.24257747101727634f,0f,0f,0f,1f], start_interpolation: 0, interpolation_duration: 1 }
$data merge entity $(bone_leg_right_2) { transformation: [-0.9189818430551862f,0.17272578161570964f,0.4215452241466267f,-0.10725637472570738f,0.1393378028201099f,1.0102034379030718f,-0.1101643783387931f,0.2504723215299852f,-0.43372750470871896f,-0.04143691487973927f,-0.9285610552058984f,-0.2802601760334712f,0f,0f,0f,1f], start_interpolation: 0, interpolation_duration: 1 }
$data merge entity $(bone_leg_right_1) { transformation: [-0.9740266862808757f,-0.2264331552064185f,-0.0002015836368295526f,-0.1881588459429949f,-0.10901139823170626f,0.46814364128259267f,0.8769025294650732f,0.32897366747142526f,-0.19846543645749753f,0.8541484398802945f,-0.48066819447701514f,-0.0266744617353587f,0f,0f,0f,1f], start_interpolation: 0, interpolation_duration: 1 }
$data merge entity $(bone_leg_right_0) { transformation: [-0.9689497357204565f,0.11851641631923465f,0.21700292327547896f,-0.046625607220946524f,-0.06646769267617253f,0.7204825137387263f,-0.6902803729116396f,0.6757802271625137f,-0.23815636770316143f,-0.6832706685198567f,-0.6902338285413607f,-0.21106760438587124f,0f,0f,0f,1f], start_interpolation: 0, interpolation_duration: 1 }
$data merge entity $(bone_tail_4) { transformation: [-0.24539046447209106f,-0.982751275854666f,2.568977380467216f,0.9434128507619661f,0.32532732814152826f,2.5507062327100907f,1.0068372140411737f,0.8704926133878321f,-2.731228108582376f,0.3921211239144408f,-0.1108845105035415f,-1.5591671529563882f,0f,0f,0f,1f], start_interpolation: 0, interpolation_duration: 1 }
$data merge entity $(bone_tail_3) { transformation: [-0.8004361791301959f,-0.4872231764062389f,1.8595324749937852f,0.6328727216856562f,-0.000760531754392913f,2.014378996137386f,0.5274677312939925f,0.7613412983767227f,-1.9223024920067462f,0.20208008891921034f,-0.7745077746101069f,-1.429816767957425f,0f,0f,0f,1f], start_interpolation: 0, interpolation_duration: 1 }
$data merge entity $(bone_tail_2) { transformation: [-1.1479142648440201f,-0.15796378470584854f,1.5735673351629393f,0.339463583561174f,-0.002823488697345299f,1.9445973633161964f,0.19315019414447876f,0.7258957338967269f,-1.5814735987306159f,0.11118638544299501f,-1.1425203364548626f,-1.2185676884496468f,0f,0f,0f,1f], start_interpolation: 0, interpolation_duration: 1 }
$data merge entity $(bone_tail_1) { transformation: [-1.3250652021446452f,0.02031793291244247f,0.7290031835784648f,0.1836077962823194f,-0.03483167058973982f,1.5084242964910428f,-0.10535248682129525f,0.730160762104662f,-0.7284539894799802f,-0.10908516561691049f,-1.3210266696221664f,-0.9322680899432882f,0f,0f,0f,1f], start_interpolation: 0, interpolation_duration: 1 }
$data merge entity $(bone_tail_0) { transformation: [-1.2642791210586104f,0.15301461966988295f,0.10963825430285143f,0.15526146548916922f,0.15160026215627795f,1.2689876069358057f,-0.022880789792162567f,0.7674699921393495f,-0.11158575694703803f,-0.009627886302112273f,-1.273299508849327f,-0.5604127172705711f,0f,0f,0f,1f], start_interpolation: 0, interpolation_duration: 1 }
$data merge entity $(bone_body_1) { transformation: [-1.2359827563550885f,0.024475567860154184f,0.018766129783502186f,0.14925f,0.02877499468730673f,1.1858808786869444f,0.34851561844726064f,0.6065675f,-0.011100483317123162f,0.34884392383823193f,-1.1860814858716588f,-0.30816249999999995f,0f,0f,0f,1f], start_interpolation: 0, interpolation_duration: 1 }