# This file was generated by Animated Java via MC-Build. It is not recommended to edit this file directly.
$data merge entity $(bone_head_lower) { transformation: [-0.9441117753218707f,0.1711763096905882f,-0.28169420778442844f,0.3025277020956296f,0.10343777842200223f,0.9652740953875815f,0.23988861325374966f,0.37553091294599095f,0.3129753691486053f,0.1973438414909321f,-0.9290327370614536f,0.6578817214011838f,0f,0f,0f,1f], start_interpolation: 0, interpolation_duration: 1 }
$data merge entity $(bone_head_upper) { transformation: [-0.9827255535526289f,0.09621637790803561f,-0.3293400030370493f,0.281679317155812f,0.1076683404603878f,1.0351443662609385f,-0.018857678654944324f,0.39750823071461105f,0.32577593134037947f,-0.051869954733016733f,-0.9872443937236667f,0.5887600978605353f,0f,0f,0f,1f], start_interpolation: 0, interpolation_duration: 1 }
$data merge entity $(bone_neck_0) { transformation: [-0.9030834721203468f,0.12264270898844307f,-0.41158110782084556f,0.253366798734506f,0.279405511613036f,0.8955883923359876f,-0.3461993523871739f,0.36049496972368195f,0.3261484362423283f,-0.4276449432005681f,-0.8430581237919879f,0.5410824713911161f,0f,0f,0f,1f], start_interpolation: 0, interpolation_duration: 1 }
$data merge entity $(bone_neck_1) { transformation: [-0.962183217181098f,0.05665133644774034f,-0.26644714795568114f,0.2310562138094406f,0.03766625285954407f,0.9964086962509426f,0.07583510685043832f,0.37150952892223255f,0.26978641546703686f,0.06293120143602404f,-0.9608615685494273f,0.45997480140550806f,0f,0f,0f,1f], start_interpolation: 0, interpolation_duration: 1 }
$data merge entity $(bone_neck_2) { transformation: [-0.9829856722028594f,0.05769332477547107f,-0.1743864917940735f,0.21634350293747115f,-0.022959051386795853f,0.9033551038352867f,0.4282784588724452f,0.4178743450713877f,0.18224173562417295f,0.42499533721099847f,-0.886660539973218f,0.3864576581231858f,0f,0f,0f,1f], start_interpolation: 0, interpolation_duration: 1 }
$data merge entity $(bone_body_0) { transformation: [-0.9620924455103588f,0.2024456335975473f,-0.18273995657541553f,0.1321473943953736f,0.16007664214269307f,0.9616769767114777f,0.22260471940952256f,0.5319482898607956f,0.22080216242649742f,0.18491392024496076f,-0.9576289715580992f,-0.0631077488307695f,0f,0f,0f,1f], start_interpolation: 0, interpolation_duration: 1 }
$data merge entity $(bone_leg_left_3) { transformation: [-0.9679357661034784f,0.05353704649057907f,-0.2454264397955881f,0.38855999032419253f,0.037924345405549585f,0.9969705051754191f,0.0679084371476038f,0.04578756171608234f,0.24831853882308583f,0.056423368060893424f,-0.9670337671526431f,-0.4487810233452941f,0f,0f,0f,1f], start_interpolation: 0, interpolation_duration: 1 }
$data merge entity $(bone_leg_left_2) { transformation: [-0.9047891549401259f,-0.05250224876933657f,-0.48027314986119063f,0.3600755305803431f,-0.06100237857609185f,1.0238808238483448f,0.002994639275121473f,0.2844506051491811f,0.47926766468382376f,0.0312053189455196f,-0.9063062027586021f,-0.4687725044902083f,0f,0f,0f,1f], start_interpolation: 0, interpolation_duration: 1 }
$data merge entity $(bone_leg_left_1) { transformation: [-0.9966013422710679f,0.08125043678756476f,-0.013569491712491565f,0.40271634874137874f,-0.004039838887034963f,0.11632130357052053f,0.9932034202707023f,0.2634561393065575f,0.08227663268068422f,0.989882680350295f,-0.11559772859897834f,-0.19536003460211776f,0f,0f,0f,1f], start_interpolation: 0, interpolation_duration: 1 }
$data merge entity $(bone_leg_left_0) { transformation: [-0.9914871411384372f,0.11815397153572077f,0.05470729354907465f,0.3293681353395632f,0.10593385701917653f,0.9763071112567022f,-0.18868609500075456f,0.6744637940217751f,-0.07570513122747496f,-0.18128448229213992f,-0.9805124525399468f,-0.19552103370528798f,0f,0f,0f,1f], start_interpolation: 0, interpolation_duration: 1 }
$data merge entity $(bone_leg_right_3) { transformation: [-0.897829153514284f,0.11195874572204315f,0.42587327969264627f,-0.15763441434691494f,0.11850940787637142f,0.992889981114541f,-0.011180592433227735f,0.014497046879789893f,-0.42409707773647287f,0.0404317283666309f,-0.9047137359389826f,-0.24344487690841582f,0f,0f,0f,1f], start_interpolation: 0, interpolation_duration: 1 }
$data merge entity $(bone_leg_right_2) { transformation: [-0.9222738249311371f,0.14649768253433731f,0.42427776321609545f,-0.10894313838836202f,0.12082945426495811f,1.0147733607732548f,-0.08773521953970231f,0.2481403804389844f,-0.43228860073984954f,-0.028907694091987058f,-0.9297059268356641f,-0.2782446526963518f,0f,0f,0f,1f], start_interpolation: 0, interpolation_duration: 1 }
$data merge entity $(bone_leg_right_1) { transformation: [-0.9685459058093328f,-0.24663740565640713f,-0.03299724944682601f,-0.19348596077069088f,-0.14104364083574572f,0.4348915869432276f,0.8893683145838949f,0.31630910171549786f,-0.20500126760529158f,0.8660480920463239f,-0.4559991036648491f,-0.022864695998648793f,0f,0f,0f,1f], start_interpolation: 0, interpolation_duration: 1 }
$data merge entity $(bone_leg_right_0) { transformation: [-0.9648199009167375f,0.09566784935344037f,0.24488818141164825f,-0.06367404543593644f,-0.09777586984629935f,0.7340736590643148f,-0.6719938558824237f,0.670603727864793f,-0.2440541703614516f,-0.6722972004017388f,-0.6988948678171618f,-0.20155846500950936f,0f,0f,0f,1f], start_interpolation: 0, interpolation_duration: 1 }
$data merge entity $(bone_tail_4) { transformation: [-1.4294784977298929f,-0.5822199651785298f,2.2898193090886894f,0.7222433194509046f,0.27514101783491657f,2.617072261654017f,0.837192647594264f,0.8595633431013906f,-2.3466039240640195f,0.661524013947067f,-1.2967256202214503f,-1.7765180570936743f,0f,0f,0f,1f], start_interpolation: 0, interpolation_duration: 1 }
$data merge entity $(bone_tail_3) { transformation: [-1.5253846023356372f,-0.23217166714091506f,1.3983002746115738f,0.48741524787598284f,0.0334314046523571f,2.047705995286396f,0.37646782610943624f,0.775689901089336f,-1.41704963998611f,0.29823145355512476f,-1.4963201007705795f,-1.5257158921105554f,0f,0f,0f,1f], start_interpolation: 0, interpolation_duration: 1 }
$data merge entity $(bone_tail_2) { transformation: [-1.610067894493043f,-0.02475961919349353f,1.1071775880060564f,0.280396904216049f,0.04361330350455272f,1.9507466975364227f,0.10704707754505216f,0.7562865186299519f,-1.1065952873037797f,0.11290774247548234f,-1.606696171280971f,-1.2278259827370201f,0f,0f,0f,1f], start_interpolation: 0, interpolation_duration: 1 }
$data merge entity $(bone_tail_1) { transformation: [-1.4104863940011398f,-0.042911604578078986f,0.5443739307959156f,0.16512579700533445f,-0.059876946023585405f,1.5108844653225346f,-0.0360434984695858f,0.7456308803566302f,-0.5427698717435873f,-0.05516318192030792f,-1.4106786096371764f,-0.9230708249230264f,0f,0f,0f,1f], start_interpolation: 0, interpolation_duration: 1 }
$data merge entity $(bone_tail_0) { transformation: [-1.2718500367813055f,0.07695932319155861f,0.10154045054714278f,0.1373104828954305f,0.07955171705566562f,1.2753901015304088f,0.029788081774037103f,0.7677035455808179f,-0.09952248407729199f,0.035959255778987315f,-1.2738280589117725f,-0.549960898692633f,0f,0f,0f,1f], start_interpolation: 0, interpolation_duration: 1 }
$data merge entity $(bone_body_1) { transformation: [-1.236162063659311f,-0.01695357516833376f,0.014850040902825604f,0.13500000000000004f,-0.012140344166271603f,1.1872464549699624f,0.34482323335447007f,0.6075675f,-0.018988403548703396f,0.34462011912614526f,-1.1872156539906318f,-0.2971625f,0f,0f,0f,1f], start_interpolation: 0, interpolation_duration: 1 }