# This file was generated by Animated Java via MC-Build. It is not recommended to edit this file directly.
$data merge entity $(bone_head_lower) { transformation: [-0.9476284524752432f,0.18260477297450167f,-0.2620225428208546f,0.2998555569475136f,0.08300382972837039f,0.9330452336118971f,0.3500527907109787f,0.383575392225482f,0.3084001950547366f,0.3099711098167878f,-0.8993371063006069f,0.6593079070515737f,0f,0f,0f,1f], start_interpolation: 0, interpolation_duration: 1 }
$data merge entity $(bone_head_upper) { transformation: [-0.9863860613362923f,0.07179864014993356f,-0.3245911826553581f,0.27878511300067027f,0.0863986517793317f,1.0367755585609808f,-0.03322132936514207f,0.4045925430277729f,0.32101363453239407f,-0.058423788191915765f,-0.9884375802250315f,0.5899553854259431f,0f,0f,0f,1f], start_interpolation: 0, interpolation_duration: 1 }
$data merge entity $(bone_neck_0) { transformation: [-0.9112325093318667f,0.10020499469941238f,-0.3995175502703732f,0.2516194861610225f,0.2610277953539577f,0.8908028193713586f,-0.37193390145655025f,0.3659988549634699f,0.3186217255452015f,-0.44320344768213304f,-0.8378847772655073f,0.5428672530112766f,0f,0f,0f,1f], start_interpolation: 0, interpolation_duration: 1 }
$data merge entity $(bone_neck_1) { transformation: [-0.9649606459746455f,0.028481884257692755f,-0.26084427152867723f,0.2296537652620194f,0.013398428784154103f,0.9981429959528216f,0.0594225692514323f,0.3756310465147678f,0.2620523494004792f,0.05384553741450365f,-0.9635503226475679f,0.4614899537452193f,0f,0f,0f,1f], start_interpolation: 0, interpolation_duration: 1 }
$data merge entity $(bone_neck_2) { transformation: [-0.9839352817845055f,0.029191660525650684f,-0.17612270783576142f,0.21450989973663187f,-0.04844876398978626f,0.905854994632215f,0.4208080868611387f,0.42136587754127613f,0.17182572137927374f,0.42258085102808995f,-0.8898883895280729f,0.3876663873042355f,0f,0f,0f,1f], start_interpolation: 0, interpolation_duration: 1 }
$data merge entity $(bone_body_0) { transformation: [-0.967537280887754f,0.17914462772864173f,-0.17826612815758847f,0.132200318543841f,0.13941195579952784f,0.9666633351347587f,0.21477034964420896f,0.5317950145361081f,0.21079828432053682f,0.1829458905308114f,-0.9602577177328003f,-0.06315668580712266f,0f,0f,0f,1f], start_interpolation: 0, interpolation_duration: 1 }
$data merge entity $(bone_leg_left_3) { transformation: [-0.96919710723567f,0.04086849681959082f,-0.24287184541176451f,0.39914292299721227f,0.026686417423742927f,0.9977564018724216f,0.06140030657646514f,0.04629599636169959f,0.24483627682819945f,0.05302762007016018f,-0.9681132521862305f,-0.4515341685512131f,0f,0f,0f,1f], start_interpolation: 0, interpolation_duration: 1 }
$data merge entity $(bone_leg_left_2) { transformation: [-0.9048775212733134f,-0.06869017769915689f,-0.47805912864688255f,0.3669533666064337f,-0.0680236918722694f,1.0232795467312865f,-0.018274191806300553f,0.28415068811251537f,0.47815441892659f,0.01558294676128869f,-0.9072969320635357f,-0.4751995470080411f,0f,0f,0f,1f], start_interpolation: 0, interpolation_duration: 1 }
$data merge entity $(bone_leg_left_1) { transformation: [-0.9968411671297311f,0.07240287320816848f,-0.03264217312982119f,0.4082068979910799f,-0.022926104590407257f,0.13117934571326773f,0.9910935238344302f,0.2676807207865262f,0.07603999765745026f,0.988711182909064f,-0.12910505624031188f,-0.2012647518754357f,0f,0f,0f,1f], start_interpolation: 0, interpolation_duration: 1 }
$data merge entity $(bone_leg_left_0) { transformation: [-0.9926431352127616f,0.10265885754562754f,0.06419318563839416f,0.3278681744091646f,0.09048055688527926f,0.9812613889141589f,-0.17011571194920672f,0.6773249985474137f,-0.08045417913762173f,-0.16305595847340965f,-0.9833310121549148f,-0.1945913902455996f,0f,0f,0f,1f], start_interpolation: 0, interpolation_duration: 1 }
$data merge entity $(bone_leg_right_3) { transformation: [-0.8929926755572855f,0.1059579791087098f,0.437420836339833f,-0.15543631608221514f,0.11686622175582853f,0.9931456695823224f,-0.0019912815968928382f,0.015050496959201909f,-0.4346336015698259f,0.04934152057931356f,-0.899254717381768f,-0.2481030352585411f,0f,0f,0f,1f], start_interpolation: 0, interpolation_duration: 1 }
$data merge entity $(bone_leg_right_2) { transformation: [-0.9173432394379315f,0.13737973985285518f,0.4378017675114824f,-0.10846011621879624f,0.11908958323660356f,1.0163968714957046f,-0.06940655789599975f,0.24964140544999702f,-0.4431266768349072f,-0.011243050849325236f,-0.9249727247792477f,-0.2786221172544197f,0f,0f,0f,1f], start_interpolation: 0, interpolation_duration: 1 }
$data merge entity $(bone_leg_right_1) { transformation: [-0.9647903893429812f,-0.26094526035349125f,-0.032970831510097706f,-0.1968165432525352f,-0.14485492334295708f,0.4225238164732331f,0.8947014450062097f,0.314091436671097f,-0.2195371399438478f,0.8679753427442178f,-0.44544612308710596f,-0.023567768267392153f,0f,0f,0f,1f], start_interpolation: 0, interpolation_duration: 1 }
$data merge entity $(bone_leg_right_0) { transformation: [-0.960547149904545f,0.1045946085248489f,0.25769971027882255f,-0.06503944746366819f,-0.10182974896035174f,0.7299788565638624f,-0.6758413802042516f,0.667562890132118f,-0.25880470443353076f,-0.6754190083475957f,-0.690528267434305f,-0.20245322653065653f,0f,0f,0f,1f], start_interpolation: 0, interpolation_duration: 1 }
$data merge entity $(bone_tail_4) { transformation: [-1.8235660635038662f,-0.3979862671631269f,2.0351597172670677f,0.6341567949888792f,0.24711053810348124f,2.649110659177966f,0.73946631362618f,0.8520651638245383f,-2.0589328608760464f,0.6704334256130461f,-1.713760726538433f,-1.8383879326183525f,0f,0f,0f,1f], start_interpolation: 0, interpolation_duration: 1 }
$data merge entity $(bone_tail_3) { transformation: [-1.722934205823113f,-0.1399463734145532f,1.1609729803131665f,0.4386681654020128f,0.04053643058525169f,2.058937708431697f,0.3083469419953489f,0.7796325952796567f,-1.1686744825846629f,0.27773377794317766f,-1.7008848956908653f,-1.5526985520824186f,0f,0f,0f,1f], start_interpolation: 0, interpolation_duration: 1 }
$data merge entity $(bone_tail_2) { transformation: [-1.7297574367772712f,0.01553119966060064f,0.9091049811510229f,0.2683921702225364f,0.0556093105962454f,1.9520325595105716f,0.0724594106268764f,0.7666681609182567f,-0.9075355031575952f,0.09000857431648678f,-1.728308896598285f,-1.232059357852411f,0f,0f,0f,1f], start_interpolation: 0, interpolation_duration: 1 }
$data merge entity $(bone_tail_1) { transformation: [-1.4301203886637575f,-0.06556234775575392f,0.48796875154560565f,0.16555446797512582f,-0.07307050038584537f,1.5106925495309316f,-0.011179121839274386f,0.7506769369299605f,-0.48690104323320715f,-0.03414453614399759f,-1.4315787700122988f,-0.9231170254493277f,0f,0f,0f,1f], start_interpolation: 0, interpolation_duration: 1 }
$data merge entity $(bone_tail_0) { transformation: [-1.272678990563299f,0.054879536030807835f,0.10541413609119518f,0.1360743483205435f,0.058883745385328555f,1.2760077963576106f,0.046610350224152594f,0.7678486504036361f,-0.10323084854928564f,0.05126457591422779f,-1.2730086613013112f,-0.5498772016063853f,0f,0f,0f,1f], start_interpolation: 0, interpolation_duration: 1 }
$data merge entity $(bone_body_1) { transformation: [-1.2357388607082278f,-0.03638849150132834f,0.015163801569497974f,0.13500000000000004f,-0.03070293386961106f,1.1866823918133218f,0.34561080114525117f,0.6075675f,-0.024726363331061117f,0.34505850765156015f,-1.186982657122651f,-0.2971625f,0f,0f,0f,1f], start_interpolation: 0, interpolation_duration: 1 }