# This file was generated by Animated Java via MC-Build. It is not recommended to edit this file directly.
$data merge entity $(bone_head_lower) { transformation: [-0.8449935430802397f,0.5314130832520382f,0.05988361296101735f,-1.2420610269422836f,0.5341233609143726f,0.8331208062525537f,0.1436034731983522f,0.36998179409965326f,0.026422480546639322f,0.15332924423493804f,-0.9878218439496594f,0.4682763935519349f,0f,0f,0f,1f], start_interpolation: 0, interpolation_duration: 1 }
$data merge entity $(bone_head_upper) { transformation: [-0.8795534269115786f,0.4012356146138048f,0.3858337638894337f,-1.2067260626202114f,0.5559687838243701f,0.5975654569368191f,0.6459769180646076f,0.42810450397974037f,0.027503148991629978f,0.7519291514663335f,-0.7192482676754747f,0.43558622095603106f,0f,0f,0f,1f], start_interpolation: 0, interpolation_duration: 1 }
$data merge entity $(bone_neck_0) { transformation: [-0.9338140260069643f,0.1765717899432148f,0.3111491086744638f,-1.1891709304144729f,0.30099427095173914f,0.8578539804426321f,0.4165201040681752f,0.44101563753138523f,-0.19337480106491392f,0.4826064144154963f,-0.8542231763878355f,0.3725794259419414f,0f,0f,0f,1f], start_interpolation: 0, interpolation_duration: 1 }
$data merge entity $(bone_neck_1) { transformation: [-0.7770432906429284f,0.04677204924400058f,0.6277070175458658f,-1.1357804343893718f,0.4097324956788474f,0.7946152146711896f,0.4480021680727032f,0.4826279941626875f,-0.4778315670313047f,0.6053090417485735f,-0.6366144496677965f,0.32143840958213266f,0f,0f,0f,1f], start_interpolation: 0, interpolation_duration: 1 }
$data merge entity $(bone_neck_2) { transformation: [-0.5139433633462289f,-0.25146748421018833f,0.8201379906194838f,-1.0663922192137707f,0.2549338446999666f,0.8680978412936015f,0.42592824837979737f,0.5284417236100358f,-0.8190671242937657f,0.42798392764961135f,-0.382045551701303f,0.29215858405310524f,0f,0f,0f,1f], start_interpolation: 0, interpolation_duration: 1 }
$data merge entity $(bone_body_0) { transformation: [-0.03398535289231669f,-0.17565706795648384f,0.983864619887165f,-0.6043738664968948f,0.31638930704942425f,0.9319113854923593f,0.17731039443443902f,0.6208850684290543f,-0.9480204650605226f,0.3173102016428757f,0.02390468070875998f,0.3064475467369916f,0f,0f,0f,1f], start_interpolation: 0, interpolation_duration: 1 }
$data merge entity $(bone_leg_left_3) { transformation: [0.25280874124674024f,0.034964038355558946f,0.9668843035084964f,-0.41265742895243523f,-0.15882259646360242f,0.9872899534978993f,0.005824995680358769f,0.003237529553407864f,-0.9543914936763624f,-0.15503568538884024f,0.25514860974383935f,0.7929248119293442f,0f,0f,0f,1f], start_interpolation: 0, interpolation_duration: 1 }
$data merge entity $(bone_leg_left_2) { transformation: [0.33046350436467176f,-0.15498856781201253f,0.9585586135606401f,-0.41864861050136987f,-0.2952879900933182f,0.9485539842355757f,0.25517159206729606f,0.23177192780739925f,-0.9250194996270961f,-0.35817046547571624f,0.2609885868601148f,0.7160664576381586f,0f,0f,0f,1f], start_interpolation: 0, interpolation_duration: 1 }
$data merge entity $(bone_leg_left_1) { transformation: [0.46110935617238047f,-0.8833013354175755f,0.08459853722033722f,-0.672284050358766f,0.02071311520920572f,0.10602772215903689f,0.9941474181388276f,0.20743798091133836f,-0.8871015322434196f,-0.45665837667045384f,0.06718629702612708f,0.6061105194785007f,0f,0f,0f,1f], start_interpolation: 0, interpolation_duration: 1 }
$data merge entity $(bone_leg_left_0) { transformation: [0.4337174267886579f,0.4958072371456453f,0.7523724990281255f,-0.4884310741959439f,-0.026851930943578572f,0.8417375182826403f,-0.539218809130378f,0.5787050431862955f,-0.9006487481279405f,0.2136659399843212f,0.3783896121541789f,0.5544759362009247f,0f,0f,0f,1f], start_interpolation: 0, interpolation_duration: 1 }
$data merge entity $(bone_leg_right_3) { transformation: [0.9176200282463413f,0.13273025092456722f,0.37464138085732723f,-0.26133977971143196f,0.015815607761889727f,0.9296515672912563f,-0.36810029881002815f,0.017133303619815854f,-0.3971439919126386f,0.343701387722557f,0.8509676878502982f,-0.04874202271782646f,0f,0f,0f,1f], start_interpolation: 0, interpolation_duration: 1 }
$data merge entity $(bone_leg_right_2) { transformation: [1.0023868047810105f,0.13254867359906058f,0.17237674503464764f,-0.22667074394992812f,-0.029376892347563164f,0.888200974097015f,-0.5121505904612498f,0.2083894885098002f,-0.21545275885355958f,0.4955724752656637f,0.871808597091212f,0.09405224105600749f,0f,0f,0f,1f], start_interpolation: 0, interpolation_duration: 1 }
$data merge entity $(bone_leg_right_1) { transformation: [0.8161280211677513f,-0.5228916890294744f,0.246006777566622f,-0.36551765282910287f,0.2520669710475394f,0.7052017900019376f,0.6626859569094408f,0.36984447048551944f,-0.5199973991970819f,-0.47882639538977556f,0.7073386656378291f,-0.08390059075535736f,0f,0f,0f,1f], start_interpolation: 0, interpolation_duration: 1 }
$data merge entity $(bone_leg_right_0) { transformation: [0.6725942932315716f,0.35785105041418347f,0.6477341603079059f,-0.35594963108185573f,0.241553447100744f,0.7211909263539626f,-0.6492577145775483f,0.6777743246719767f,-0.6994775542546526f,0.5931494528887122f,0.3986287466198978f,0.19787048019587497f,0f,0f,0f,1f], start_interpolation: 0, interpolation_duration: 1 }
$data merge entity $(bone_tail_4) { transformation: [2.0188722731858544f,1.5970170945734474f,-0.9996761854728574f,-0.12195526635514803f,-1.6580217465533946f,2.201826271070268f,0.16907481060414226f,-0.011835290681163402f,0.8948630979749965f,0.4766117951383295f,2.568603232151204f,1.7255534957064067f,0f,0f,0f,1f], start_interpolation: 0, interpolation_duration: 1 }
$data merge entity $(bone_tail_3) { transformation: [1.6757995631350948f,1.1548298872298548f,-0.44046484740708824f,-0.058569622290840125f,-1.2324705363384942f,1.6171960989717589f,-0.44904195858791773f,0.048480098110835285f,0.09304690912745663f,0.6220853921091941f,1.9850182779185237f,1.382880156451383f,0f,0f,0f,1f], start_interpolation: 0, interpolation_duration: 1 }
$data merge entity $(bone_tail_2) { transformation: [1.859818983560334f,0.5803723959928666f,-0.15170730160701262f,-0.028854231137877856f,-0.5997857874200979f,1.7906894744440196f,-0.5024560581056123f,0.14186817301370375f,-0.010209436822605913f,0.524759909947089f,1.8823646509948238f,1.0330699979886775f,0f,0f,0f,1f], start_interpolation: 0, interpolation_duration: 1 }
$data merge entity $(bone_tail_1) { transformation: [1.4912289317494516f,0.03154357375282678f,-0.2507937919253379f,0.023303528950015667f,-0.1303296371270523f,1.381769062488803f,-0.601152803898597f,0.25446336326755326f,0.21657956690260624f,0.6143089702289185f,1.3650545887606713f,0.7316092738584166f,0f,0f,0f,1f], start_interpolation: 0, interpolation_duration: 1 }
$data merge entity $(bone_tail_0) { transformation: [1.182161920296765f,-0.2297586517791298f,0.428415537436411f,-0.10743393393895323f,0.4243375189612976f,1.0373288627799584f,-0.6145910974212333f,0.45909375965821286f,-0.23720577730329995f,0.7106303602860647f,1.0356513056225356f,0.44611666805024813f,0f,0f,0f,1f], start_interpolation: 0, interpolation_duration: 1 }
$data merge entity $(bone_body_1) { transformation: [0.4166691060825789f,0.4416416668169509f,1.0770070051878677f,-0.38757067654781047f,0.31158408292196943f,1.0598676454216023f,-0.5551581112749719f,0.5167706367392939f,-1.1215644477078746f,0.45851696519961416f,0.24588610639504593f,0.35806722115985623f,0f,0f,0f,1f], start_interpolation: 0, interpolation_duration: 1 }