# This file was generated by Animated Java via MC-Build. It is not recommended to edit this file directly.
$data merge entity $(bone_head_lower) { transformation: [-0.8890944899142715f,0.4565617593411966f,-0.03259367900916743f,-1.2130278292606125f,0.4510547831549585f,0.8860275937628057f,0.10725989783663736f,0.32464047736722557f,0.07784966664742213f,0.08066264933761963f,-0.9936966168830008f,0.5211121422868876f,0f,0f,0f,1f], start_interpolation: 0, interpolation_duration: 1 }
$data merge entity $(bone_head_upper) { transformation: [-0.9254580840957278f,0.3964031920444945f,0.2643175864415901f,-1.1861926309643736f,0.46950273584650337f,0.6605508628070553f,0.6532317209543719f,0.38465079335110836f,0.0810336855759406f,0.7000064353742025f,-0.7660916882594335f,0.4840434142305738f,0f,0f,0f,1f], start_interpolation: 0, interpolation_duration: 1 }
$data merge entity $(bone_neck_0) { transformation: [-0.9716370159979885f,0.11316943570532514f,0.20763956261912836f,-1.174289259444636f,0.19800890724202475f,0.8693820842148574f,0.4527331049294381f,0.39974968184404996f,-0.12928256570529487f,0.4810067260115691f,-0.8671323703658439f,0.4202071426677883f,0f,0f,0f,1f], start_interpolation: 0, interpolation_duration: 1 }
$data merge entity $(bone_neck_1) { transformation: [-0.859648022082967f,0.03822534530479786f,0.5094547095720792f,-1.1309556595631667f,0.34356233581588624f,0.7812927663724657f,0.5211012709855848f,0.4474931170637928f,-0.3781140033608577f,0.6229931269206657f,-0.6847695702001049f,0.36506822393281324f,0f,0f,0f,1f], start_interpolation: 0, interpolation_duration: 1 }
$data merge entity $(bone_neck_2) { transformation: [-0.6547632499369939f,-0.2739110341882521f,0.7044556990200788f,-1.0719218171303644f,0.2204001789105136f,0.822327729964608f,0.5245959070250816f,0.5015027554196775f,-0.7229860632599768f,0.4987482830859438f,-0.47805993604428276f,0.32806964549490203f,0f,0f,0f,1f], start_interpolation: 0, interpolation_duration: 1 }
$data merge entity $(bone_body_0) { transformation: [-0.2421209610829456f,-0.18450000408145673f,0.9525424865580606f,-0.6247497084137561f,0.3045111181645272f,0.9176982314052523f,0.2551527679447377f,0.6304975209060768f,-0.9212222419798927f,0.3518376110787678f,-0.16601167522775484f,0.2531806585463824f,0f,0f,0f,1f], start_interpolation: 0, interpolation_duration: 1 }
$data merge entity $(bone_leg_left_3) { transformation: [0.005864843453438028f,-0.06963578246321239f,0.9975552422858613f,-0.24455530258871602f,-0.14815924403432953f,0.9865018167075577f,0.06973524245218471f,0.029475486772489262f,-0.9889461269545692f,-0.14820601685972515f,-0.004531506165966374f,0.6463394402303686f,0f,0f,0f,1f], start_interpolation: 0, interpolation_duration: 1 }
$data merge entity $(bone_leg_left_2) { transformation: [0.055246558908092935f,-0.3331828124783514f,0.9685036038645005f,-0.2922029246906729f,-0.24822704231552198f,0.9366395188188773f,0.3363806575157452f,0.257815373637859f,-0.9936766841849503f,-0.2525031183103541f,-0.03018314184183978f,0.5850069672624951f,0f,0f,0f,1f], start_interpolation: 0, interpolation_duration: 1 }
$data merge entity $(bone_leg_left_1) { transformation: [0.1762017817607287f,-0.9835907267605547f,0.03875840986146312f,-0.564978557266198f,0.06670632011394582f,0.05121528059696234f,0.9964573557810845f,0.21755210540647119f,-0.9820912375951638f,-0.1729921306418853f,0.07463594157495862f,0.5536109617185537f,0f,0f,0f,1f], start_interpolation: 0, interpolation_duration: 1 }
$data merge entity $(bone_leg_left_0) { transformation: [0.150889136419337f,0.4514596255915393f,0.8794411151244714f,-0.4417681104563607f,0.012334138519247556f,0.8886976963690101f,-0.4583276922633005f,0.6052286020395479f,-0.9884737414507352f,0.08000381821614387f,0.1285264623850805f,0.45962480146249574f,0f,0f,0f,1f], start_interpolation: 0, interpolation_duration: 1 }
$data merge entity $(bone_leg_right_3) { transformation: [0.6654786708544065f,0.24591766296210515f,0.7047429614271499f,-0.357881016544997f,0.08874078849940606f,0.9114049947657878f,-0.40182833147063984f,0.04055007846604192f,-0.741122939257959f,0.32994763002517696f,0.5846976572096154f,-0.21818377056748417f,0f,0f,0f,1f], start_interpolation: 0, interpolation_duration: 1 }
$data merge entity $(bone_leg_right_2) { transformation: [0.8492372454362219f,0.29787931697764797f,0.4920632205128959f,-0.27455631094999766f,0.012492124872711547f,0.8676881193614717f,-0.5468303885445758f,0.22588803092015608f,-0.5750671676254501f,0.4587455062848865f,0.7147814439976463f,-0.08826876418393033f,0f,0f,0f,1f], start_interpolation: 0, interpolation_duration: 1 }
$data merge entity $(bone_leg_right_1) { transformation: [0.5709841721655659f,-0.6826662187552207f,0.4560086719645282f,-0.4728288725411489f,0.36187666198892f,0.7078720095409152f,0.6065991259606821f,0.39322999191431546f,-0.7369005066114154f,-0.1813396037244921f,0.6512246858626322f,-0.18674741705082348f,0f,0f,0f,1f], start_interpolation: 0, interpolation_duration: 1 }
$data merge entity $(bone_leg_right_0) { transformation: [0.3707381427465216f,0.41054363114609826f,0.833070919212906f,-0.42256108906154516f,0.31369920428076964f,0.7889209778680404f,-0.5283904805286964f,0.7095247242728788f,-0.874154470758156f,0.4572281898626889f,0.16369588769549825f,0.08109221928167587f,0f,0f,0f,1f], start_interpolation: 0, interpolation_duration: 1 }
$data merge entity $(bone_tail_4) { transformation: [2.0588429159809816f,1.5301633821668297f,-1.0224613453772706f,0.17573754300611558f,-1.4353622795427603f,2.295336686947274f,0.544817356202718f,0.1522981685569641f,1.1517648654915367f,0.12526311919188535f,2.506672730371794f,1.4861608804279773f,0f,0f,0f,1f], start_interpolation: 0, interpolation_duration: 1 }
$data merge entity $(bone_tail_3) { transformation: [1.7169204095399304f,1.120986642229386f,-0.36265518236055666f,0.22626072598825425f,-1.1605096308436593f,1.7196677637632816f,-0.17862168131823142f,0.16575750578263865f,0.20334018311389937f,0.3493955584450471f,2.0426749716277737f,1.1363795806740244f,0f,0f,0f,1f], start_interpolation: 0, interpolation_duration: 1 }
$data merge entity $(bone_tail_2) { transformation: [1.8783179692878968f,0.5031571469638471f,0.1937223960004887f,0.1917567962118451f,-0.46268430789727216f,1.864718839419271f,-0.3571004846583725f,0.2322432915623479f,-0.27680085346434613f,0.2973725111317863f,1.9114718810768216f,0.7809072145351361f,0f,0f,0f,1f], start_interpolation: 0, interpolation_duration: 1 }
$data merge entity $(bone_tail_1) { transformation: [1.497073258618525f,0.041775764231384f,0.21138281352133428f,0.14432864585963506f,0.04742765535500761f,1.3835218316574838f,-0.6093227460341917f,0.3464053120967509f,-0.21018688312270586f,0.6097363174766658f,1.3681006349363185f,0.47925463188333967f,0f,0f,0f,1f], start_interpolation: 0, interpolation_duration: 1 }
$data merge entity $(bone_tail_0) { transformation: [0.9802476455879768f,-0.15467084204671994f,0.8056222443079725f,-0.09482538127071272f,0.5844708795639864f,1.0125116582973528f,-0.5167684678244915f,0.5218507791576625f,-0.5756249307013693f,0.7646782258025471f,0.847206507719659f,0.2501342471597261f,0f,0f,0f,1f], start_interpolation: 0, interpolation_duration: 1 }
$data merge entity $(bone_body_1) { transformation: [0.06040825225760043f,0.44042893211889295f,1.1536801089851745f,-0.39270586020525916f,0.32802308759135346f,1.1078414881573693f,-0.44010531260205304f,0.5495481134259264f,-1.1905277368135811f,0.32758844290683886f,-0.06272252392606241f,0.242650949010611f,0f,0f,0f,1f], start_interpolation: 0, interpolation_duration: 1 }