# This file was generated by Animated Java via MC-Build. It is not recommended to edit this file directly.
$data merge entity $(bone_head_lower) { transformation: [-0.9252047178271109f,0.37743005035136323f,-0.03927832993170535f,-1.151897116141974f,0.3742116871081933f,0.9246564824197883f,0.07054078785145368f,0.29359587308275037f,0.06294317550057349f,0.05056625960887062f,-0.9967352758115224f,0.558762108637036f,0f,0f,0f,1f], start_interpolation: 0, interpolation_duration: 1 }
$data merge entity $(bone_head_upper) { transformation: [-0.9630452052842741f,0.3339411632272491f,0.21094827485644377f,-1.130155294047411f,0.38951678918938215f,0.7107141816445243f,0.6531722326710284f,0.3547036622403848f,0.06551752515222382f,0.6832573410474952f,-0.782520799970289f,0.5201798877565404f,0f,0f,0f,1f], start_interpolation: 0, interpolation_duration: 1 }
$data merge entity $(bone_neck_0) { transformation: [-0.9821236532589358f,0.05605382478898053f,0.17969724103571535f,-1.1191282434815022f,0.13235067652187904f,0.8844554173763073f,0.44746163310154674f,0.36923823483701673f,-0.13385226233994924f,0.4632457052150927f,-0.8760633472907358f,0.45605589373287564f,0f,0f,0f,1f], start_interpolation: 0, interpolation_duration: 1 }
$data merge entity $(bone_neck_1) { transformation: [-0.8946108911078374f,0.033480619816000826f,0.44558994783093747f,-1.0812266855017416f,0.29601497682593525f,0.7914011646055615f,0.5348451459588113f,0.418192524782461f,-0.33473345665765475f,0.610379590711958f,-0.7179068659905129f,0.39805170213282426f,0f,0f,0f,1f], start_interpolation: 0, interpolation_duration: 1 }
$data merge entity $(bone_neck_2) { transformation: [-0.7395333560500983f,-0.2347001928509789f,0.6308773531876003f,-1.0282549593579906f,0.2187446197350686f,0.8025776189707844f,0.5549954566157698f,0.47467202574866296f,-0.6365855846830328f,0.5484386793461049f,-0.5421935156112263f,0.3559210411588867f,0f,0f,0f,1f], start_interpolation: 0, interpolation_duration: 1 }
$data merge entity $(bone_body_0) { transformation: [-0.4312326910374178f,-0.15060556357017152f,0.889582109983299f,-0.6104329531057346f,0.29727841576791697f,0.9071950180850401f,0.297695721635702f,0.6236170695376457f,-0.8518590902838006f,0.39282968750260566f,-0.3464403656005757f,0.19638718981327805f,0f,0f,0f,1f], start_interpolation: 0, interpolation_duration: 1 }
$data merge entity $(bone_leg_left_3) { transformation: [-0.26394736168361954f,-0.1755955103745544f,0.948418687604033f,-0.10416253384650966f,-0.12559365266084827f,0.9811744362759092f,0.14670705507901716f,0.05697107449907801f,-0.9563252713755729f,-0.08039242709951856f,-0.28103208534522495f,0.439875999483785f,0f,0f,0f,1f], start_interpolation: 0, interpolation_duration: 1 }
$data merge entity $(bone_leg_left_2) { transformation: [-0.22690012407772728f,-0.4326356011926326f,0.9018896660761204f,-0.17748884188643105f,-0.20915728950994272f,0.9248787867365796f,0.39104303802806756f,0.28431947615586384f,-0.9781777759891401f,-0.09740567707303434f,-0.29281832616074044f,0.4066039559734299f,0f,0f,0f,1f], start_interpolation: 0, interpolation_duration: 1 }
$data merge entity $(bone_leg_left_1) { transformation: [-0.12066536193484981f,-0.9925652941489902f,0.015937605844695835f,-0.4455799593904666f,0.11018807770738179f,0.002563681088697589f,0.9939074479399113f,0.23010835987173472f,-0.9865588973600531f,0.12168633608669717f,0.10905951425488593f,0.45352616016751846f,0f,0f,0f,1f], start_interpolation: 0, interpolation_duration: 1 }
$data merge entity $(bone_leg_left_0) { transformation: [-0.1433909981377888f,0.4009072684055398f,0.9048272673790603f,-0.37850220899115034f,0.05376359255646769f,0.9160807406471296f,-0.39737331658130803f,0.6283914981535645f,-0.9882046841461898f,-0.00833299196056745f,-0.1529119468076785f,0.3477982275943477f,0f,0f,0f,1f], start_interpolation: 0, interpolation_duration: 1 }
$data merge entity $(bone_leg_right_3) { transformation: [0.30780392888471525f,0.29059198354451027f,0.9059873290851255f,-0.44898691988092565f,0.13404300414460757f,0.9294761778998691f,-0.34366627381303955f,0.053194094195848f,-0.9419603040484359f,0.22722309261234322f,0.24714459690768203f,-0.34321644479953006f,0f,0f,0f,1f], start_interpolation: 0, interpolation_duration: 1 }
$data merge entity $(bone_leg_right_2) { transformation: [0.5657316053662166f,0.36414084146932185f,0.7742166349055485f,-0.34105712033325297f,0.07901448998007438f,0.9019607105522631f,-0.4819603578033562f,0.24842251105365162f,-0.851919397926615f,0.3254696970453082f,0.4694305222738327f,-0.2515207759442867f,0f,0f,0f,1f], start_interpolation: 0, interpolation_duration: 1 }
$data merge entity $(bone_leg_right_1) { transformation: [0.2285502618885756f,-0.743444267883143f,0.6285343255084488f,-0.5718110775955544f,0.4171364286228475f,0.658137758429135f,0.6267789808582042f,0.4022834991766477f,-0.8796374126345694f,0.11893406358806732f,0.46053524383264066f,-0.2611536987286152f,0f,0f,0f,1f], start_interpolation: 0, interpolation_duration: 1 }
$data merge entity $(bone_leg_right_0) { transformation: [-0.0005577604326265917f,0.43684072918923766f,0.8995386963464747f,-0.4734564280487123f,0.3384265089587059f,0.8465420328255511f,-0.41089425001283064f,0.7287620200743912f,-0.9409926604056605f,0.3041985601231519f,-0.1483106506009544f,-0.020227533961496916f,0f,0f,0f,1f], start_interpolation: 0, interpolation_duration: 1 }
$data merge entity $(bone_tail_4) { transformation: [2.1395879918571725f,1.1716869394005545f,-1.2942079712081633f,0.3936612040234914f,-0.965070025300933f,2.4997178719096445f,0.6676164607925531f,0.32546660947196515f,1.4548073422162275f,-0.06497390625227345f,2.346268381950384f,1.1625093437810001f,0f,0f,0f,1f], start_interpolation: 0, interpolation_duration: 1 }
$data merge entity $(bone_tail_3) { transformation: [1.8524207963419346f,0.8388543690381717f,-0.4481138994384428f,0.4614359131547525f,-0.8627389689338313f,1.8950645175187022f,-0.018906929127766422f,0.310127831912296f,0.4002051858826234f,0.20248295738561184f,2.0334163339575775f,0.8157356219681824f,0f,0f,0f,1f], start_interpolation: 0, interpolation_duration: 1 }
$data merge entity $(bone_tail_2) { transformation: [1.892937273404092f,0.24168665955612295f,0.42089180623155564f,0.3846502786984656f,-0.1863519146007177f,1.9266794888264527f,-0.2682405380677245f,0.3603138240245049f,-0.44814653617416916f,0.21969884144168372f,1.8893572918289043f,0.46422912628709345f,0f,0f,0f,1f], start_interpolation: 0, interpolation_duration: 1 }
$data merge entity $(bone_tail_1) { transformation: [1.3405225388667352f,-0.004264534338482272f,0.700455128139668f,0.23269158207875978f,0.29864180357237086f,1.3716013855808553f,-0.5631864364770514f,0.4644535376866403f,-0.6336155348074453f,0.6374540789888742f,1.2164867040913852f,0.19526788082813f,0f,0f,0f,1f], start_interpolation: 0, interpolation_duration: 1 }
$data merge entity $(bone_tail_0) { transformation: [0.6530248619748769f,-0.08172876396347867f,1.0957712605136727f,-0.08949050899839611f,0.7275902480336038f,0.9873568248917077f,-0.3599647870142191f,0.5934702938186925f,-0.8234116086096429f,0.8076401587741877f,0.5509504635864395f,0.053757145803909875f,0f,0f,0f,1f], start_interpolation: 0, interpolation_duration: 1 }
$data merge entity $(bone_body_1) { transformation: [-0.298641746674002f,0.34508920851778335f,1.1490566306167516f,-0.3798742870145536f,0.3156766311020462f,1.1649974357495174f,-0.2678317276376385f,0.5772665740740743f,-1.1574825989084303f,0.22868976347416473f,-0.3695126795694116f,0.12425978929003802f,0f,0f,0f,1f], start_interpolation: 0, interpolation_duration: 1 }