# This file was generated by Animated Java via MC-Build. It is not recommended to edit this file directly.
$data merge entity $(bone_head_lower) { transformation: [-0.9554560189524646f,0.2932755015369514f,-0.03306472509725575f,-1.0369240841766356f,0.29112707387212533f,0.9549494786134665f,0.057589236446776826f,0.2579658503051533f,0.04846465419418027f,0.04539794592399893f,-0.9977926657375873f,0.5863603815566447f,0f,0f,0f,1f], start_interpolation: 0, interpolation_duration: 1 }
$data merge entity $(bone_head_upper) { transformation: [-0.994533772020946f,0.25953836915277967f,0.16436043876435602f,-1.0200743747910164f,0.30303404989054783f,0.7373650094365161f,0.6692795754011374f,0.3207556278131526f,0.05044683835711634f,0.687316972276772f,-0.7800784824000528f,0.54803300718906f,0f,0f,0f,1f], start_interpolation: 0, interpolation_duration: 1 }
$data merge entity $(bone_neck_0) { transformation: [-0.9864838056499643f,0.0047980542422551495f,0.16378852177686862f,-1.0092426257064486f,0.07949806700599146f,0.8880636219853498f,0.45279472241687246f,0.33559355803771734f,-0.14328209425002952f,0.45969553182704515f,-0.8764418175130486f,0.4839452135562878f,0f,0f,0f,1f], start_interpolation: 0, interpolation_duration: 1 }
$data merge entity $(bone_neck_1) { transformation: [-0.921458191545959f,0.04231060070938218f,0.386166562898009f,-0.9763343297442063f,0.2651171719702609f,0.7950730740916102f,0.5455013217041806f,0.38546748195911457f,-0.28395014766564564f,0.6050360484484606f,-0.7438438638037759f,0.4237192007870916f,0f,0f,0f,1f], start_interpolation: 0, interpolation_duration: 1 }
$data merge entity $(bone_neck_2) { transformation: [-0.8160665120007803f,-0.15018947156518742f,0.5581026524053169f,-0.9289108004186504f,0.2490784006186988f,0.7799773276380628f,0.574103926755267f,0.4433997572457331f,-0.5215317807536867f,0.6075183050752919f,-0.5991044238380595f,0.37718114388132656f,0f,0f,0f,1f], start_interpolation: 0, interpolation_duration: 1 }
$data merge entity $(bone_body_0) { transformation: [-0.626484053586159f,-0.0718051011378974f,0.7761196802380615f,-0.5638125389159678f,0.3115373671135217f,0.8896810012698392f,0.3337846384593981f,0.6091865292976f,-0.7144663739422799f,0.45090103507318824f,-0.5350009879203008f,0.12933258051355945f,0f,0f,0f,1f], start_interpolation: 0, interpolation_duration: 1 }
$data merge entity $(bone_leg_left_3) { transformation: [-0.5650030220338575f,-0.2516021243878813f,0.785791292962777f,0.006997182145443745f,-0.1019162739344488f,0.9663601167643265f,0.23613809060495813f,0.08757242525068709f,-0.8187702108650061f,0.05333381414020716f,-0.5716387373764406f,0.1639725763853837f,0f,0f,0f,1f], start_interpolation: 0, interpolation_duration: 1 }
$data merge entity $(bone_leg_left_2) { transformation: [-0.5409393137955063f,-0.46170725394234213f,0.739103017141834f,-0.0786237161150074f,-0.17165114021344396f,0.9093235196774696f,0.44241250222557815f,0.3129406495011417f,-0.8543902763693918f,0.10963278578552195f,-0.5568304117296705f,0.17099378321084427f,0f,0f,0f,1f], start_interpolation: 0, interpolation_duration: 1 }
$data merge entity $(bone_leg_left_1) { transformation: [-0.4532278160408579f,-0.8910366364995035f,0.025263791926104784f,-0.31300410691773406f,0.15316609382229987f,-0.049925360442172106f,0.9869385016747181f,0.24398357363979184f,-0.8781370590460538f,0.45117753800512983f,0.15910416314344786f,0.3026149811828228f,0f,0f,0f,1f], start_interpolation: 0, interpolation_duration: 1 }
$data merge entity $(bone_leg_left_0) { transformation: [-0.4729550853180407f,0.33805985895169577f,0.8136516570605409f,-0.30150029769775055f,0.09605339466048074f,0.937742864345602f,-0.3337844600084071f,0.6505127085200448f,-0.8758351629422073f,-0.07971105402932198f,-0.4759820534637117f,0.20822746383335333f,0f,0f,0f,1f], start_interpolation: 0, interpolation_duration: 1 }
$data merge entity $(bone_leg_right_3) { transformation: [-0.14469726264126492f,0.2632373080022111f,0.953818023450948f,-0.5397174269343786f,0.13529982155822845f,0.9601721551831708f,-0.24446552046703196f,0.05814511469158021f,-0.9801819527365501f,0.09367791675018391f,-0.17455024331953617f,-0.4394237779890839f,0f,0f,0f,1f], start_interpolation: 0, interpolation_duration: 1 }
$data merge entity $(bone_leg_right_2) { transformation: [0.14446958317886102f,0.3407853967496527f,0.9565856220950646f,-0.4309421923276464f,0.12608466860254663f,0.9527212936120997f,-0.3584508230457391f,0.2689497239462022f,-1.0076176831418782f,0.1680763206432235f,0.09229926630003205f,-0.3958297747401031f,0f,0f,0f,1f], start_interpolation: 0, interpolation_duration: 1 }
$data merge entity $(bone_leg_right_1) { transformation: [-0.20209480867280932f,-0.6759829547660794f,0.7086640481731953f,-0.6561953647191539f,0.42669606264507426f,0.5905324437844882f,0.6849831406400535f,0.4015479164634242f,-0.8815260395647376f,0.4408156958453734f,0.16909572397215678f,-0.30259827079163515f,0f,0f,0f,1f], start_interpolation: 0, interpolation_duration: 1 }
$data merge entity $(bone_leg_right_0) { transformation: [-0.422095211443239f,0.40186908083921036f,0.8126111458392232f,-0.5154807444074572f,0.3167179973791166f,0.9052629541651743f,-0.283176082945406f,0.7432092932229513f,-0.8494264786388809f,0.13784130615163875f,-0.5093863285420616f,-0.10824246865088961f,0f,0f,0f,1f], start_interpolation: 0, interpolation_duration: 1 }
$data merge entity $(bone_tail_4) { transformation: [2.230983740164402f,0.6992729618082806f,-1.469486375440728f,0.5734317301554254f,-0.5890423375628302f,2.671441402390432f,0.3769499830916008f,0.4618326744714607f,1.5170372465040438f,0.008915720841052072f,2.307418435013752f,0.718291148556566f,0f,0f,0f,1f], start_interpolation: 0, interpolation_duration: 1 }
$data merge entity $(bone_tail_3) { transformation: [1.972457936712555f,0.47572907446460144f,-0.46801395454959227f,0.6481342193283273f,-0.5204999797074887f,2.010610146256724f,-0.1499070943566845f,0.4675759792499037f,0.4176541452788403f,0.25898689836170014f,2.023471355728277f,0.3726507921217884f,0f,0f,0f,1f], start_interpolation: 0, interpolation_duration: 1 }
$data merge entity $(bone_tail_2) { transformation: [1.811890068223453f,-0.05179083865292805f,0.730168449542715f,0.5137249686133335f,0.18810744936784893f,1.9167531560400948f,-0.3308274494437163f,0.5296712715928784f,-0.7074205560826653f,0.3770264219451194f,1.7821843644779651f,0.04091322723017857f,0f,0f,0f,1f], start_interpolation: 0, interpolation_duration: 1 }
$data merge entity $(bone_tail_1) { transformation: [0.9428502621443864f,-0.02155264002583585f,1.1824656937442957f,0.2586342302306758f,0.5993656215366929f,1.3123683242637352f,-0.4539895188097744f,0.6107497867835641f,-1.019534445172989f,0.7515857337503912f,0.8266345322624088f,-0.1451826259334327f,0f,0f,0f,1f], start_interpolation: 0, interpolation_duration: 1 }
$data merge entity $(bone_tail_0) { transformation: [0.1829390653940249f,0.02938242614971803f,1.2647156549874539f,-0.11023602860012938f,0.854817557502725f,0.9391284474133175f,-0.14546621335607493f,0.675921237622152f,-0.932553461374662f,0.8666084172662045f,0.11475891854460776f,-0.15780504434155002f,0f,0f,0f,1f], start_interpolation: 0, interpolation_duration: 1 }
$data merge entity $(bone_body_1) { transformation: [-0.6729926799854065f,0.20515755137450734f,1.0166591497922626f,-0.3604138567850681f,0.29154123156559125f,1.2004921253140768f,-0.04926421025815293f,0.6065128125000001f,-0.9953336918036727f,0.2129169585288066f,-0.7018417241711723f,-0.008978142829218808f,0f,0f,0f,1f], start_interpolation: 0, interpolation_duration: 1 }