# This file was generated by Animated Java via MC-Build. It is not recommended to edit this file directly.
$data merge entity $(bone_head_lower) { transformation: [-0.9735414500902385f,0.22505628876767964f,-0.03958171095739324f,-0.8725084585898395f,0.22257921483907883f,0.9731469055691886f,0.05868213785073134f,0.2252193797484353f,0.051725603696960235f,0.04831942743071199f,-0.9974917016471632f,0.590642834732716f,0f,0f,0f,1f], start_interpolation: 0, interpolation_duration: 1 }
$data merge entity $(bone_head_upper) { transformation: [-1.0133588897566586f,0.2071827144801962f,0.11683760505623737f,-0.860116324401309f,0.23168261198465767f,0.7440280419907662f,0.6900850546265006f,0.28957089928949403f,0.053841159335831036f,0.6978320271637802f,-0.7704567048247226f,0.5532159268346934f,0f,0f,0f,1f], start_interpolation: 0, interpolation_duration: 1 }
$data merge entity $(bone_neck_0) { transformation: [-0.9892888996491792f,-0.019683512452740658f,0.1446375897491351f,-0.8501246223632561f,0.04997407190965053f,0.8853178434708723f,0.46229309768679566f,0.30507712134300585f,-0.13714979098666308f,0.4645695592369421f,-0.8748514499403358f,0.4891498732469561f,0f,0f,0f,1f], start_interpolation: 0, interpolation_duration: 1 }
$data merge entity $(bone_neck_1) { transformation: [-0.9418097456621544f,0.07962682919922955f,0.32657919567459404f,-0.8220922472889076f,0.2574454907216933f,0.7955554302944043f,0.5484645627897501f,0.3552042928316218f,-0.2161393584770126f,0.6006256116756608f,-0.769761425583527f,0.4267079844961089f,0f,0f,0f,1f], start_interpolation: 0, interpolation_duration: 1 }
$data merge entity $(bone_neck_2) { transformation: [-0.873921224120366f,-0.020322154584583932f,0.4856425682176154f,-0.7797452825885125f,0.3038974240348316f,0.7569248319417273f,0.5785422667834923f,0.41329970165158614f,-0.37935214471115714f,0.6531858914757942f,-0.6553168252685241f,0.37569241384512686f,0f,0f,0f,1f], start_interpolation: 0, interpolation_duration: 1 }
$data merge entity $(bone_body_0) { transformation: [-0.786446140665084f,0.055320357308929036f,0.6151764997951461f,-0.4892879095931202f,0.3433151757985882f,0.8671046307867631f,0.3609213894112338f,0.5916608545149227f,-0.513456091500899f,0.4950446619602755f,-0.7009234086298282f,0.05006575903167029f,0f,0f,0f,1f], start_interpolation: 0, interpolation_duration: 1 }
$data merge entity $(bone_leg_left_3) { transformation: [-0.8169378830486342f,-0.253793396997246f,0.5178816533539442f,0.05617000961233107f,-0.0894480148209013f,0.9428600663261522f,0.32095786011880967f,0.11621243204752568f,-0.5697469156429157f,0.21587914898860355f,-0.7929594221316378f,-0.12819763816328184f,0f,0f,0f,1f], start_interpolation: 0, interpolation_duration: 1 }
$data merge entity $(bone_leg_left_2) { transformation: [-0.8083933445603193f,-0.3982458913221f,0.489859786077957f,-0.02277579177203473f,-0.1471830395939252f,0.8928303139089353f,0.48296312791129403f,0.33902726922568155f,-0.613921454933095f,0.3103489006119302f,-0.7608194309837867f,-0.08032091267930733f,0f,0f,0f,1f], start_interpolation: 0, interpolation_duration: 1 }
$data merge entity $(bone_leg_left_1) { transformation: [-0.7389817775560803f,-0.6699021131057717f,0.07167350484298973f,-0.19385127141942704f,0.1825123833387282f,-0.0966484096937334f,0.9784417789688309f,0.2572431855904311f,-0.6485330850219385f,0.736131947248654f,0.19368684486002796f,0.12230665106048288f,0f,0f,0f,1f], start_interpolation: 0, interpolation_duration: 1 }
$data merge entity $(bone_leg_left_0) { transformation: [-0.7556756565521843f,0.2725397380731587f,0.5955471377359135f,-0.22319123115462236f,0.12555997441088912f,0.9527254150638862f,-0.2766748566770796f,0.668436774171481f,-0.6427977869597576f,-0.1342995705963341f,-0.7541714860807709f,0.05622883301971782f,0f,0f,0f,1f], start_interpolation: 0, interpolation_duration: 1 }
$data merge entity $(bone_leg_right_3) { transformation: [-0.5498010785686218f,0.159543589681518f,0.819917445232333f,-0.5960559409277362f,0.0843507582947961f,0.9871763735456935f,-0.13552769860167505f,0.05543591780875168f,-0.8310257057274906f,-0.005352616622644631f,-0.5562082576835929f,-0.49885552174692516f,0f,0f,0f,1f], start_interpolation: 0, interpolation_duration: 1 }
$data merge entity $(bone_leg_right_2) { transformation: [-0.292576023225178f,0.23554973361704967f,0.9544515666744811f,-0.5111989154097399f,0.13025738632011455f,0.9963318373054111f,-0.20595650701391027f,0.28111236542263196f,-0.9744200754517979f,0.06246112763355621f,-0.3141119602816044f,-0.4924916959610226f,0f,0f,0f,1f], start_interpolation: 0, interpolation_duration: 1 }
$data merge entity $(bone_leg_right_1) { transformation: [-0.5902455854354334f,-0.49403238294213797f,0.6383902830389065f,-0.6910250117294117f,0.3822258509362868f,0.5255211609992343f,0.7600861189484046f,0.39118019161631834f,-0.7109947592985577f,0.6926467454240508f,-0.12135459737256135f,-0.3120449326783573f,0f,0f,0f,1f], start_interpolation: 0, interpolation_duration: 1 }
$data merge entity $(bone_leg_right_0) { transformation: [-0.7603662932375286f,0.29907326646599386f,0.5765399217691533f,-0.5321210144650956f,0.24590748510505914f,0.9541543854920207f,-0.17064266001105724f,0.7511105458967703f,-0.6011427524952171f,0.012024555364120615f,-0.7990511880917076f,-0.17237769140316195f,0f,0f,0f,1f], start_interpolation: 0, interpolation_duration: 1 }
$data merge entity $(bone_tail_4) { transformation: [2.4652409536033155f,0.33569184664511736f,-1.1981483031632638f,0.7045930124259385f,-0.44696946967711415f,2.7204947089983107f,-0.15744257076392726f,0.5653158971391422f,1.1612349742638557f,0.33448595487432026f,2.4830049963981624f,0.21763024228085548f,0f,0f,0f,1f], start_interpolation: 0, interpolation_duration: 1 }
$data merge entity $(bone_tail_3) { transformation: [2.0607741512703277f,0.23149449579044068f,-0.18858876403231198f,0.7343053422933054f,-0.2701426627167575f,2.0057386871545018f,-0.48987833864795316f,0.6287534326603983f,0.1271942030157261f,0.5092819880134268f,2.015043180045711f,-0.1290303409639199f,0f,0f,0f,1f], start_interpolation: 0, interpolation_duration: 1 }
$data merge entity $(bone_tail_2) { transformation: [1.548588135808533f,-0.17748541049582253f,1.1786210543244844f,0.5163051251467835f,0.5742297754251915f,1.8044339995012633f,-0.4827545768418825f,0.7193504357123885f,-1.0444658087515182f,0.7288969375074784f,1.482084445584675f,-0.405145484212543f,0f,0f,0f,1f], start_interpolation: 0, interpolation_duration: 1 }
$data merge entity $(bone_tail_1) { transformation: [0.3489535193975729f,0.0717549238455532f,1.4699452106129558f,0.1987788058338838f,0.8702882538201022f,1.2081901446345331f,-0.2655770691734184f,0.7608993326174014f,-1.1867965480918812f,0.9070744486049117f,0.23745767649265603f,-0.46619794287234795f,0f,0f,0f,1f], start_interpolation: 0, interpolation_duration: 1 }
$data merge entity $(bone_tail_0) { transformation: [-0.30431172397479783f,0.1921746309153716f,1.2264986760971472f,-0.1549950976300868f,0.9254759365701669f,0.8768250564601323f,0.09223788688649309f,0.7551046288003557f,-0.8274807442261641f,0.909990356091895f,-0.3478920613332349f,-0.34257610848893827f,0f,0f,0f,1f], start_interpolation: 0, interpolation_duration: 1 }
$data merge entity $(bone_body_1) { transformation: [-0.9716190707811774f,0.09987780259475809f,0.7580141165568186f,-0.33795024043013205f,0.2600183523935989f,1.1958753822762584f,0.1757188707577561f,0.6337017592592591f,-0.7189933468183762f,0.29750813378915425f,-0.9608028271276345f,-0.13924219396105192f,0f,0f,0f,1f], start_interpolation: 0, interpolation_duration: 1 }