# This file was generated by Animated Java via MC-Build. It is not recommended to edit this file directly.
$data merge entity $(bone_head_lower) { transformation: [-0.9876064468954959f,0.11879532142100944f,-0.10257279200125591f,-0.5305312220138172f,0.11516894365780062f,0.9925157967396f,0.040601818174853366f,0.18224234887760687f,0.10662842241729084f,0.028285417282347958f,-0.993896531185195f,0.5306422225394106f,0f,0f,0f,1f], start_interpolation: 0, interpolation_duration: 1 }
$data merge entity $(bone_head_upper) { transformation: [-1.0279991390708356f,0.16336883183651488f,-0.0005808937082992051f,-0.52722198369367f,0.11987930546634482f,0.7568460061428842f,0.7044749943681321f,0.24783899000676504f,0.1109894804656487f,0.6956771451998731f,-0.7662810107630407f,0.4934725291574391f,0f,0f,0f,1f], start_interpolation: 0, interpolation_duration: 1 }
$data merge entity $(bone_neck_0) { transformation: [-0.9971122999618228f,-0.03646826926991419f,0.06661176023271537f,-0.5220006020797915f,-0.0013460777978802768f,0.8854991135342081f,0.46463911587886597f,0.2635105504657252f,-0.07592923902822798f,0.4632077128746769f,-0.8829911468378406f,0.4288824709354473f,0f,0f,0f,1f], start_interpolation: 0, interpolation_duration: 1 }
$data merge entity $(bone_neck_1) { transformation: [-0.968224122329348f,0.1599241919064462f,0.19226622631818127f,-0.5049763784548321f,0.24014157548402898f,0.8091691119786112f,0.5362624095942159f,0.31266675595522764f,-0.06981455910920278f,0.5653933153679978f,-0.8218615006639326f,0.361864711226752f,0f,0f,0f,1f], start_interpolation: 0, interpolation_duration: 1 }
$data merge entity $(bone_neck_2) { transformation: [-0.9198103722745719f,0.21266325515983625f,0.32973204114998583f,-0.4740072724772354f,0.3733658810821936f,0.7327306838307716f,0.5689496144797072f,0.36968490065713927f,-0.1206101069555568f,0.6464364507650481f,-0.753374486707943f,0.30219247275825745f,0f,0f,0f,1f], start_interpolation: 0, interpolation_duration: 1 }
$data merge entity $(bone_body_0) { transformation: [-0.9198103722745719f,0.2789893625632013f,0.2758873223486215f,-0.3413248896166712f,0.3733658810821936f,0.8385052758264608f,0.3968712905400292f,0.5647166625051573f,-0.1206101069555568f,0.46805324268481424f,-0.8754309590780986f,-0.10593606318602769f,0f,0f,0f,1f], start_interpolation: 0, interpolation_duration: 1 }
$data merge entity $(bone_leg_left_3) { transformation: [-0.9935260577603025f,-0.11069702251327204f,-0.025537066353999605f,0.02061935809234873f,-0.11149190955908547f,0.9069480205682253f,0.40622018917115155f,0.14266267459255072f,-0.02180657364514518f,0.40643751942220274f,-0.9134183138911683f,-0.5220884004931623f,0f,0f,0f,1f], start_interpolation: 0, interpolation_duration: 1 }
$data merge entity $(bone_leg_left_2) { transformation: [-1.0128581071846516f,-0.16022555405409833f,-0.02254830457210223f,-0.01899715560237119f,-0.15093982519962426f,0.8841353903065808f,0.49757811474866015f,0.36389657806358067f,-0.05829085159547704f,0.49466613279684f,-0.896643626634789f,-0.4345831785709098f,0f,0f,0f,1f], start_interpolation: 0, interpolation_duration: 1 }
$data merge entity $(bone_leg_left_1) { transformation: [-0.9762650793451473f,-0.1393472615265282f,0.1657975740361437f,-0.046203804322347386f,0.18290413350865403f,-0.12049897374370991f,0.9757182355947649f,0.27576968608387303f,-0.11598522663107431f,0.9828847023083479f,0.14312613028922513f,-0.1728450750491062f,0f,0f,0f,1f], start_interpolation: 0, interpolation_duration: 1 }
$data merge entity $(bone_leg_left_0) { transformation: [-0.9864727712310422f,0.1471228858630283f,0.07229334737776638f,-0.1090264461690747f,0.126644091858352f,0.9640159668342384f,-0.23374021837506237f,0.6880272207673993f,-0.10408047663765453f,-0.22142283564253928f,-0.9696077465856467f,-0.19295276841537887f,0f,0f,0f,1f], start_interpolation: 0, interpolation_duration: 1 }
$data merge entity $(bone_leg_right_3) { transformation: [-0.9217018638748532f,-0.0629456031214086f,0.38275778917914083f,-0.5943150793310465f,-0.06505855073263925f,0.9978537474549711f,0.0074352986920112295f,0.04704606222720267f,-0.3824043136605415f,-0.018048538382730902f,-0.9238188086178247f,-0.5664790681986367f,0f,0f,0f,1f], start_interpolation: 0, interpolation_duration: 1 }
$data merge entity $(bone_leg_right_2) { transformation: [-0.7999104553550408f,0.028754250316219674f,0.6413880697387017f,-0.5665497774039135f,0.05888376194459727f,1.0236386625582208f,0.02754615392325453f,0.2864146967631286f,-0.6393263372438501f,0.05830335415277432f,-0.7999529691810595f,-0.5766189338445471f,0f,0f,0f,1f], start_interpolation: 0, interpolation_duration: 1 }
$data merge entity $(bone_leg_right_1) { transformation: [-0.9433220717829645f,-0.11344149395771114f,0.31188859603348457f,-0.632696536452771f,0.23475731282349763f,0.4361959140112993f,0.8686898921224637f,0.36351877979480623f,-0.23459001036486182f,0.8926724774789967f,-0.3848420130242074f,-0.3183691471903424f,0f,0f,0f,1f], start_interpolation: 0, interpolation_duration: 1 }
$data merge entity $(bone_leg_right_0) { transformation: [-0.9951024200420612f,0.0728987459845583f,0.06676036593902261f,-0.4938026747803093f,0.0701170034486363f,0.9966069662173553f,-0.04310638832497121f,0.7501752954836043f,-0.06967624741486358f,-0.038214234532673086f,-0.9968374455372674f,-0.2441228501139061f,0f,0f,0f,1f], start_interpolation: 0, interpolation_duration: 1 }
$data merge entity $(bone_tail_4) { transformation: [2.5593907187578315f,-0.04167498217033888f,1.0360712698445875f,0.8320982215290555f,0.4231499829640902f,2.5609959563262814f,-0.9422871829744525f,0.8577195501262928f,-0.9466385647403993f,1.0320970105283418f,2.3799816218207854f,-0.7150082125381467f,0f,0f,0f,1f], start_interpolation: 0, interpolation_duration: 1 }
$data merge entity $(bone_tail_3) { transformation: [1.6164765807292054f,0.13826301599909835f,1.3053092845779102f,0.6094129912735174f,0.5148202146939805f,1.838012696051087f,-0.8322349438361168f,0.9808494448963909f,-1.20743908191714f,0.9687818090810196f,1.3926586788934485f,-0.9606319505495781f,0f,0f,0f,1f], start_interpolation: 0, interpolation_duration: 1 }
$data merge entity $(bone_tail_2) { transformation: [0.3298098210973675f,0.08222971180297825f,1.9243798043544575f,0.25193843176861164f,1.2256449665752545f,1.4971556703862312f,-0.27403136598184547f,1.0330538268679659f,-1.4858646549464871f,1.2532106958249005f,0.20110458486469776f,-0.9988173637184851f,0f,0f,0f,1f], start_interpolation: 0, interpolation_duration: 1 }
$data merge entity $(bone_tail_1) { transformation: [-0.7090892732437316f,0.4420276299439018f,1.2607379691818814f,-0.024084200283665175f,1.0604592908597679f,1.0543499261785605f,0.226778692994874f,0.9703521106594478f,-0.8125729167280163f,0.9902595909828099f,-0.8042185321581958f,-0.837087099456449f,0f,0f,0f,1f], start_interpolation: 0, interpolation_duration: 1 }
$data merge entity $(bone_tail_0) { transformation: [-0.8899446267726822f,0.5068300554911311f,0.7648251909510542f,-0.23535318519336512f,0.8639398376712714f,0.8216597378368391f,0.460780803296385f,0.855529363526341f,-0.3089372666853202f,0.8377555052954182f,-0.9146360998693687f,-0.5495926402806017f,0f,0f,0f,1f], start_interpolation: 0, interpolation_duration: 1 }
$data merge entity $(bone_body_1) { transformation: [-1.2101647102319357f,0.11331622883393005f,0.22641864200715014f,-0.29562499999999997f,0.1954627163477864f,1.1208917828448486f,0.4837360155343943f,0.6675675000000001f,-0.1609356880354709f,0.5092795288346109f,-1.1150509678408411f,-0.3246625f,0f,0f,0f,1f], start_interpolation: 0, interpolation_duration: 1 }