# This file was generated by Animated Java via MC-Build. It is not recommended to edit this file directly.
$data merge entity $(bone_head_lower) { transformation: [-0.9902479067662169f,0.06357728117940939f,-0.12396375463400586f,-0.44187512972034404f,0.06016440705277996f,0.9977042894546927f,0.03108689318176533f,0.16746076938298105f,0.12565558988406805f,0.02332552510751701f,-0.9917996736283722f,0.5092610517809004f,0f,0f,0f,1f], start_interpolation: 0, interpolation_duration: 1 }
$data merge entity $(bone_head_upper) { transformation: [-1.0307486335496607f,0.13468676822472728f,-0.053746362520571855f,-0.4428758804329254f,0.06262510623273572f,0.761388660347597f,0.7069917584717218f,0.23331514035746956f,0.13079485115383066f,0.6968634908952954f,-0.7620668766928379f,0.47241465693197965f,0f,0f,0f,1f], start_interpolation: 0, interpolation_duration: 1 }
$data merge entity $(bone_neck_0) { transformation: [-0.9972268306926939f,-0.0693627037583944f,0.026971530804357477f,-0.43968373502275954f,-0.04848170143790545f,0.8804340143787359f,0.47168365558987707f,0.24953966071739855f,-0.05646390681037734f,0.46906797124965716f,-0.8813552436874929f,0.40782896655812445f,0f,0f,0f,1f], start_interpolation: 0, interpolation_duration: 1 }
$data merge entity $(bone_neck_1) { transformation: [-0.9790065276423164f,0.1456452235953501f,0.1425962400541993f,-0.42693299257506734f,0.2003885344211861f,0.8157312553076809f,0.5426112368783792f,0.29926392618027686f,-0.037291474981066344f,0.5597945944344371f,-0.8277918566497986f,0.34028303525400316f,0f,0f,0f,1f], start_interpolation: 0, interpolation_duration: 1 }
$data merge entity $(bone_neck_2) { transformation: [-0.9347229756261513f,0.22518423529109513f,0.2749272976860577f,-0.40064260493938914f,0.3479233701480383f,0.7374785317926449f,0.5788564102174182f,0.35719646488873175f,-0.07240364176907543f,0.6367240181753234f,-0.7676849857443129f,0.279261998955856f,0f,0f,0f,1f], start_interpolation: 0, interpolation_duration: 1 }
$data merge entity $(bone_body_0) { transformation: [-0.9382806641282492f,0.28512732373444133f,0.19578509795969373f,-0.30565362829737763f,0.34242932884543104f,0.8454810318799377f,0.40976088085333784f,0.5583694951115529f,-0.048698563320896976f,0.4515132711131212f,-0.890934462202024f,-0.1363308437767832f,0f,0f,0f,1f], start_interpolation: 0, interpolation_duration: 1 }
$data merge entity $(bone_leg_left_3) { transformation: [-0.9831476455476884f,-0.06107675420545446f,-0.17230884234351734f,-0.0031423912219889286f,-0.12142710747409698f,0.9227587064511771f,0.3657483113276455f,0.11987028817919881f,0.13666076475898525f,0.38050755546280146f,-0.91462442325318f,-0.5476025109249761f,0f,0f,0f,1f], start_interpolation: 0, interpolation_duration: 1 }
$data merge entity $(bone_leg_left_2) { transformation: [-1.007727145283384f,-0.08848500044428992f,-0.16946564506137932f,-0.030568729853303576f,-0.1530105948876741f,0.9183975105259886f,0.43034401356644975f,0.3470095947029227f,0.11461220708029075f,0.4480832700031713f,-0.9155040276438677f,-0.47127031950341486f,0f,0f,0f,1f], start_interpolation: 0, interpolation_duration: 1 }
$data merge entity $(bone_leg_left_1) { transformation: [-0.9841615161716487f,0.019000934858992978f,0.17625287107223517f,-0.015154369269228321f,0.17529694252192274f,-0.04376824331691748f,0.983542232351726f,0.2794645908598425f,0.026402500434378574f,0.9988610040197963f,0.03974421491710767f,-0.20254470553372272f,0f,0f,0f,1f], start_interpolation: 0, interpolation_duration: 1 }
$data merge entity $(bone_leg_left_0) { transformation: [-0.9918337182202587f,0.10129984206580026f,-0.07748688533436225f,-0.08439892775221206f,0.11993887302494483f,0.9474316995345533f,-0.2966274455517795f,0.6895503630395636f,0.04336521807719687f,-0.3034987919490152f,-0.951844494204072f,-0.23917978627215683f,0f,0f,0f,1f], start_interpolation: 0, interpolation_duration: 1 }
$data merge entity $(bone_leg_right_3) { transformation: [-0.9541161217662204f,-0.10638748269700873f,0.2799002138462587f,-0.5739591662297726f,-0.10592638604369825f,0.994231718720476f,0.016819340945744117f,0.04404943222974539f,-0.28007503802643513f,-0.013601213751775334f,-0.9598817531649246f,-0.5715878255214726f,0f,0f,0f,1f], start_interpolation: 0, interpolation_duration: 1 }
$data merge entity $(bone_leg_right_2) { transformation: [-0.8640364062791337f,-0.008063977782136016f,0.5526646907368553f,-0.557418606021874f,0.02917058089658195f,1.023497081995893f,0.060539242287479145f,0.284450795136893f,-0.5519532274886075f,0.06671502760934264f,-0.8619506594096255f,-0.5818184973669773f,0f,0f,0f,1f], start_interpolation: 0, interpolation_duration: 1 }
$data merge entity $(bone_leg_right_1) { transformation: [-0.9735913559999245f,-0.042252005363925135f,0.22435382672233506f,-0.6001857214959233f,0.18818547675993197f,0.4078475852141013f,0.8934464581448981f,0.35161302047233606f,-0.12925207100416536f,0.9120718805432788f,-0.38912566975641827f,-0.3159734391436089f,0f,0f,0f,1f], start_interpolation: 0, interpolation_duration: 1 }
$data merge entity $(bone_leg_right_0) { transformation: [-0.9990135998449474f,0.018890883662574062f,-0.040186587803478196f,-0.47333617649742965f,0.020412403512938937f,0.9990770395718457f,-0.03779421626627061f,0.7445863566537356f,0.03943553103058878f,-0.038577240891538245f,-0.9984771581651389f,-0.2544232275388636f,0f,0f,0f,1f], start_interpolation: 0, interpolation_duration: 1 }
$data merge entity $(bone_tail_4) { transformation: [1.798805524323724f,-0.19371420317980836f,2.0862489843613745f,0.8031430889060405f,1.0911024008342605f,2.433980970335419f,-0.7147681571941774f,1.0308287532961402f,-1.7887022022002899f,1.2899119253388813f,1.66202677123817f,-1.036825539826588f,0f,0f,0f,1f], start_interpolation: 0, interpolation_duration: 1 }
$data merge entity $(bone_tail_3) { transformation: [0.9489771546500693f,0.09859520387284501f,1.8508557133850214f,0.4883415252005267f,0.9279492567356652f,1.7747085880779887f,-0.5703201998617982f,1.1101670667133239f,-1.6044619231756267f,1.0847275875628626f,0.7648617678404821f,-1.177132741877822f,0f,0f,0f,1f], start_interpolation: 0, interpolation_duration: 1 }
$data merge entity $(bone_tail_2) { transformation: [-0.3232864140073118f,0.2027260201525422f,1.9165494854749203f,0.1318683485730271f,1.3217977454637495f,1.43756652273184f,0.07090195914367273f,1.0983060172064782f,-1.4025371615782662f,1.3080820037278145f,-0.3749464720705943f,-1.1081568488510818f,0f,0f,0f,1f], start_interpolation: 0, interpolation_duration: 1 }
$data merge entity $(bone_tail_1) { transformation: [-0.9936951110124853f,0.5268724680707139f,1.0112525296576322f,-0.09123303648512435f,0.9803454542782568f,1.0798113863721586f,0.40073234226475285f,0.9979367149408921f,-0.5823650630196178f,0.9187322908497949f,-1.0509225286023922f,-0.8926842237993551f,0f,0f,0f,1f], start_interpolation: 0, interpolation_duration: 1 }
$data merge entity $(bone_tail_0) { transformation: [-1.0063509525142307f,0.5433647002160821f,0.5708312180643386f,-0.2449308276199299f,0.7702903658992825f,0.8738544230480402f,0.5261814478924111f,0.8652619301352404f,-0.16657199392598554f,0.7582670812203917f,-1.0154410475064801f,-0.5776504132681091f,0f,0f,0f,1f], start_interpolation: 0, interpolation_duration: 1 }
$data merge entity $(bone_body_1) { transformation: [-1.223251588657054f,0.1356508875434927f,0.11772418023883828f,-0.28143710039418324f,0.17309441777317888f,1.106643341326684f,0.5234342677828101f,0.6690305126953126f,-0.04794234495733375f,0.5343631226630681f,-1.1138950488057737f,-0.354678566021243f,0f,0f,0f,1f], start_interpolation: 0, interpolation_duration: 1 }