# This file was generated by Animated Java via MC-Build. It is not recommended to edit this file directly.
$data merge entity $(bone_head_lower) { transformation: [-0.9465969960782793f,-0.3223440788608659f,0.006958580237222289f,0.5557087817719079f,-0.2849940093815177f,0.8466173842267493f,0.4494634794304252f,0.2614253693027448f,-0.1507731462569693f,0.4234776257943231f,-0.8932716041716413f,0.34659657764389423f,0f,0f,0f,1f], start_interpolation: 0, interpolation_duration: 1 }
$data merge entity $(bone_head_upper) { transformation: [-0.985312418802466f,-0.31294199536110734f,-0.12123814365351201f,0.5400180446138385f,-0.2966501456177179f,0.6362835942030484f,0.7685140346386294f,0.328600193410031f,-0.15693970511673508f,0.762025221282712f,-0.6914907328883105f,0.3159893846104191f,0f,0f,0f,1f], start_interpolation: 0, interpolation_duration: 1 }
$data merge entity $(bone_neck_0) { transformation: [-0.9656248898227772f,-0.2589332240759767f,-0.02285076857283458f,0.5430554603418002f,-0.25518056060847544f,0.9610206058473839f,-0.1064061869642528f,0.30620305872142944f,0.049512156510228944f,-0.0969173906290679f,-0.9940601419186663f,0.2532687443256368f,0f,0f,0f,1f], start_interpolation: 0, interpolation_duration: 1 }
$data merge entity $(bone_neck_1) { transformation: [-0.9322621834006125f,-0.01603315620054574f,-0.36142794482907853f,0.51236390692653f,-0.05142150435750323f,0.9947472560614286f,0.0885083354711293f,0.3182835526730052f,0.3581103884149883f,0.10109814271542086f,-0.9281896978790265f,0.17510464093172073f,0f,0f,0f,1f], start_interpolation: 0, interpolation_duration: 1 }
$data merge entity $(bone_neck_2) { transformation: [-0.890225277233434f,0.06743734865837486f,-0.4505010097442448f,0.4735568935070694f,-0.08063961844961869f,0.9500296710714131f,0.3015640496150736f,0.3540042093979914f,0.4483260060613875f,0.30478816920915985f,-0.8403023052444716f,0.1044719233941791f,0f,0f,0f,1f], start_interpolation: 0, interpolation_duration: 1 }
$data merge entity $(bone_body_0) { transformation: [-0.817864270646742f,-0.034930431923414135f,-0.57434998017334f,0.2025351456366895f,-0.09127872118318237f,0.9933927080944089f,0.0695638021101434f,0.39625267575372836f,0.5681251885444222f,0.10931967997803543f,-0.8156488078277713f,-0.2788988944506294f,0f,0f,0f,1f], start_interpolation: 0, interpolation_duration: 1 }
$data merge entity $(bone_leg_left_3) { transformation: [-0.8311244827559375f,-0.08366420969508137f,-0.5497566681539865f,0.5131106904397302f,-0.09189209353363144f,0.9956891847670449f,-0.012605176870786022f,0.05167688744379978f,0.5484413708954505f,0.04004182006396445f,-0.8352297380579091f,-0.7446822296278096f,0f,0f,0f,1f], start_interpolation: 0, interpolation_duration: 1 }
$data merge entity $(bone_leg_left_2) { transformation: [-0.771326209854354f,-0.31215222804406945f,-0.5997324937166023f,0.4206174202371186f,-0.5194877103081132f,0.8559419680554906f,0.22261640923530734f,0.25726963964676713f,0.43272461951135277f,0.47115446867148686f,-0.801763724435284f,-0.6589635777785676f,0f,0f,0f,1f], start_interpolation: 0, interpolation_duration: 1 }
$data merge entity $(bone_leg_left_1) { transformation: [-0.8979549966156111f,0.4178842947876069f,-0.13802007181175538f,0.5593469262597983f,-0.13728027322445033f,0.031995658533643945f,0.9900153556477893f,0.21618918074148963f,0.41812791181225617f,0.9079366684988898f,0.028636608714356804f,-0.4221516150009227f,0f,0f,0f,1f], start_interpolation: 0, interpolation_duration: 1 }
$data merge entity $(bone_leg_left_0) { transformation: [-0.8785058090012009f,-0.3634715178373627f,-0.3100258042036971f,0.33972542164823194f,-0.18820260613107154f,0.8597872233393424f,-0.4747059190992847f,0.5705302407814309f,0.4390983063012405f,-0.3586842431769588f,-0.8237343571200331f,-0.44486915109917907f,0f,0f,0f,1f], start_interpolation: 0, interpolation_duration: 1 }
$data merge entity $(bone_leg_right_3) { transformation: [-0.7766279172490875f,-0.0010804120062457567f,0.6299586580556225f,-0.1675705687068435f,-0.04333169720784609f,0.9977216661662307f,-0.0517091953096136f,0.057705432750740915f,-0.6284675346956524f,-0.06745598248025858f,-0.7749053156748837f,-0.013395900104503866f,0f,0f,0f,1f], start_interpolation: 0, interpolation_duration: 1 }
$data merge entity $(bone_leg_right_2) { transformation: [-0.8092012490612317f,0.05283473632117096f,0.6280637138509985f,-0.13458950919811252f,-0.4288752872457896f,0.7028257543112159f,-0.6116895835040892f,0.20329449546272577f,-0.46186743337052666f,-0.7451890023446645f,-0.5323852216928822f,-0.20283493145322795f,0f,0f,0f,1f], start_interpolation: 0, interpolation_duration: 1 }
$data merge entity $(bone_leg_right_1) { transformation: [-0.9828606799404497f,0.15553475239111436f,-0.09896375410033464f,-0.10666119575999415f,0.01080610211385969f,0.5845100339689526f,0.8113145187575028f,0.3192737363854874f,0.18403291005714614f,0.7963397271191788f,-0.5761726538353322f,0.04772885412491146f,0f,0f,0f,1f], start_interpolation: 0, interpolation_duration: 1 }
$data merge entity $(bone_leg_right_0) { transformation: [-0.9894742166994892f,-0.08288405856423708f,-0.11862127685559684f,-0.014495924597072468f,0.06591861928305935f,0.4715738385474475f,-0.8793593409007725f,0.5683495692378968f,0.12882356197042197f,-0.8779227458230854f,-0.46114655181157627f,-0.27441097707389694f,0f,0f,0f,1f], start_interpolation: 0, interpolation_duration: 1 }
$data merge entity $(bone_tail_4) { transformation: [-2.346465380398877f,1.2783674536961096f,-0.6968057143279438f,-0.3201269019802785f,-0.5471511726979253f,0.45047804142525477f,2.668961682004624f,1.9153270844377221f,1.3492172339563548f,2.405931736172951f,-0.1294861694196417f,-1.2915712811909608f,0f,0f,0f,1f], start_interpolation: 0, interpolation_duration: 1 }
$data merge entity $(bone_tail_3) { transformation: [-1.7924140170610305f,0.80831648867288f,-0.6854356072069278f,-0.21181236409456788f,-0.3883523051173156f,0.752111503223339f,1.9024868724576367f,1.5853756140967263f,0.9860933042048565f,1.7654739496529308f,-0.49665607269384426f,-1.224633313361144f,0f,0f,0f,1f], start_interpolation: 0, interpolation_duration: 1 }
$data merge entity $(bone_tail_2) { transformation: [-1.7897988037932497f,0.7359083835205019f,-0.27172222582495964f,-0.16244814203941785f,0.10986380640131672f,0.9053487336992956f,1.7283076952426244f,1.2643836569963978f,0.7767393777748381f,1.567659528231848f,-0.8705707424216789f,-1.0618487286274192f,0f,0f,0f,1f], start_interpolation: 0, interpolation_duration: 1 }
$data merge entity $(bone_tail_1) { transformation: [-1.374308553321273f,0.5471023378502502f,-0.31561255074343986f,-0.0999066275334285f,0.0340941855683581f,0.818945233544998f,1.2711500859317753f,0.9808030086677466f,0.6306899688265385f,1.1478954596881719f,-0.7564538497812412f,-0.9137026795554739f,0f,0f,0f,1f], start_interpolation: 0, interpolation_duration: 1 }
$data merge entity $(bone_tail_0) { transformation: [-1.1595154315150906f,0.3531396650049803f,-0.40577340679567786f,0.027191682163365455f,0.0027247594058221686f,0.9680470567948464f,0.8346934695449841f,0.7602468766904599f,0.5379147296259703f,0.7563154033966472f,-0.8789029928384666f,-0.6386155595003598f,0f,0f,0f,1f], start_interpolation: 0, interpolation_duration: 1 }
$data merge entity $(bone_body_1) { transformation: [-1.114066153161518f,0.28401155721271265f,-0.4547511812032565f,0.11378476787905625f,-0.006858458372329194f,1.0410181011302104f,0.6669624200239891f,0.5350675f,0.5361102153334724f,0.6035091909367336f,-0.9364652094585452f,-0.4615511428984851f,0f,0f,0f,1f], start_interpolation: 0, interpolation_duration: 1 }