# This file was generated by Animated Java via MC-Build. It is not recommended to edit this file directly.
$data merge entity $(bone_head_lower) { transformation: [-0.9900621828962932f,-0.014016609777035408f,-0.13993001339592911f,-0.3660468853093493f,-0.017781517192628958f,0.9995117576279484f,0.025691710916515398f,0.1511467387439983f,0.13950158294784623f,0.02792455933131055f,-0.98982802917537f,0.49681635391601764f,0f,0f,0f,1f], start_interpolation: 0, interpolation_duration: 1 }
$data merge entity $(bone_head_upper) { transformation: [-1.030555313650842f,0.08545248816442784f,-0.11885100065220114f,-0.37264126098749f,-0.018508773836841987f,0.762280636618353f,0.7085602295579979f,0.21710407879760946f,0.1452071395647536f,0.7036320387011484f,-0.7531857561824937f,0.4607386600558952f,0f,0f,0f,1f], start_interpolation: 0, interpolation_duration: 1 }
$data merge entity $(bone_neck_0) { transformation: [-0.9916403563844122f,-0.1274106971479734f,-0.020394063892790276f,-0.37157144109774215f,-0.1213815864414417f,0.8674999213156881f,0.48240066022989025f,0.23425508112912494f,-0.043771155602230286f,0.4808434264597391f,-0.8757132436863695f,0.39632255291859037f,0f,0f,0f,1f], start_interpolation: 0, interpolation_duration: 1 }
$data merge entity $(bone_neck_1) { transformation: [-0.9910815831200991f,0.09839767936042951f,0.0898620737388148f,-0.36350563820324316f,0.13184667230826247f,0.8219142674036327f,0.554142032370391f,0.284984640675717f,-0.019332630483090682f,0.5610479781042187f,-0.8275574999139168f,0.32880224888782417f,0f,0f,0f,1f], start_interpolation: 0, interpolation_duration: 1 }
$data merge entity $(bone_neck_2) { transformation: [-0.9559877910586634f,0.194578245229717f,0.21960566893889916f,-0.34236149192947635f,0.28929955797748425f,0.7498996910286847f,0.5949421981580356f,0.3444480259633249f,-0.04891941435472698f,0.6322893007780593f,-0.7731863494790783f,0.267255833211266f,0f,0f,0f,1f], start_interpolation: 0, interpolation_duration: 1 }
$data merge entity $(bone_body_0) { transformation: [-0.9590502961150557f,0.24805488851645247f,0.13671613586082065f,-0.27556465690205123f,0.2829409905144352f,0.8610699861576595f,0.4224960056913656f,0.5517715770412785f,-0.012919961622787385f,0.4438775182654991f,-0.895994321059083f,-0.15079444211679918f,0f,0f,0f,1f], start_interpolation: 0, interpolation_duration: 1 }
$data merge entity $(bone_leg_left_3) { transformation: [-0.9559055172543449f,-0.03945098585841277f,-0.29101247704781047f,-0.0059892079936784415f,-0.13077370942771285f,0.9444469613033537f,0.30152640714766227f,0.09088412040013627f,0.26295033562484604f,0.3262875373036197f,-0.9079612128252614f,-0.5272766745917732f,0f,0f,0f,1f], start_interpolation: 0, interpolation_duration: 1 }
$data merge entity $(bone_leg_left_2) { transformation: [-0.9818017374556333f,-0.05542438735193001f,-0.29164307829341213f,-0.029444775536043834f,-0.1544407608268254f,0.9559270773751052f,0.33825090337945213f,0.323923206135523f,0.2535263284651623f,0.3676870401964793f,-0.9233595403455912f,-0.4697119897850599f,0f,0f,0f,1f], start_interpolation: 0, interpolation_duration: 1 }
$data merge entity $(bone_leg_left_1) { transformation: [-0.977860071170371f,0.14195231464487618f,0.15375051732478523f,0.020439575948572195f,0.16341169931914598f,0.05904734081937146f,0.9847893318206642f,0.28448054408271906f,0.13071456589189298f,0.9881107994092175f,-0.08093670585445695f,-0.19958384695852427f,0f,0f,0f,1f], start_interpolation: 0, interpolation_duration: 1 }
$data merge entity $(bone_leg_left_0) { transformation: [-0.98205680701138f,0.04045773902954551f,-0.18419446016433383f,-0.06287008957990958f,0.10974216502936375f,0.9169104113445298f,-0.3837081635601116f,0.6884859526824079f,0.15336585349184173f,-0.39703711277489245f,-0.904898030753795f,-0.26397645535563874f,0f,0f,0f,1f], start_interpolation: 0, interpolation_duration: 1 }
$data merge entity $(bone_leg_right_3) { transformation: [-0.9657905426323983f,-0.11738019246272816f,0.2312369308290324f,-0.5535518109290662f,-0.11305004400169993f,0.9930759187590841f,0.03193598490754686f,0.048333465400026226f,-0.23338447958900663f,0.004702126988319604f,-0.9723731663763429f,-0.5777342435598842f,0f,0f,0f,1f], start_interpolation: 0, interpolation_duration: 1 }
$data merge entity $(bone_leg_right_2) { transformation: [-0.8900685221824758f,-0.015218580678988259f,0.5095180272794234f,-0.5399720177695402f,0.029225800114486247f,1.0220335770322575f,0.08158075463619634f,0.289043878738466f,-0.5089067477723852f,0.08531097069814823f,-0.8864525705591747f,-0.5844542282471895f,0f,0f,0f,1f], start_interpolation: 0, interpolation_duration: 1 }
$data merge entity $(bone_leg_right_1) { transformation: [-0.9843840918104529f,-0.011154294807873583f,0.17568022511896147f,-0.5719243358650548f,0.1605971454085123f,0.3517773696875532f,0.9222045538069868f,0.33889891829695207f,-0.07208686896479209f,0.9360172348215847f,-0.3444926986741625f,-0.3133326502444225f,0f,0f,0f,1f], start_interpolation: 0, interpolation_duration: 1 }
$data merge entity $(bone_leg_right_0) { transformation: [-0.9951659786987702f,-0.01236372361394942f,-0.09742593689011494f,-0.45313410925001163f,-0.008728218743860136f,0.9992527250122026f,-0.03765381459091022f,0.735318148783926f,0.09781867428092719f,-0.03662144036060272f,-0.9945302293383729f,-0.2581243689334161f,0f,0f,0f,1f], start_interpolation: 0, interpolation_duration: 1 }
$data merge entity $(bone_tail_4) { transformation: [0.4802475355926574f,-0.2706603708268883f,2.705876309039463f,0.6841439465370389f,1.5893705116293189f,2.2575198694521426f,-0.05627386064542228f,1.2171277503935514f,-2.206564074057297f,1.5671657009686735f,0.5483867106221931f,-1.3375228982109002f,0f,0f,0f,1f], start_interpolation: 0, interpolation_duration: 1 }
$data merge entity $(bone_tail_3) { transformation: [0.024357334223442897f,0.07525803553625851f,2.080790348497703f,0.33058233826357897f,1.1907122697209698f,1.7065828683148099f,-0.07566194786534872f,1.213256967587177f,-1.708085635162918f,1.190737866915328f,-0.023072088948999037f,-1.3452630293671515f,0f,0f,0f,1f], start_interpolation: 0, interpolation_duration: 1 }
$data merge entity $(bone_tail_2) { transformation: [-0.9663859406122518f,0.30635593571342346f,1.670634050126748f,0.019373426264278126f,1.2547386874691833f,1.424261697163893f,0.46463245599367764f,1.12814952626961f,-1.1447719925635242f,1.3024586494963124f,-0.9010396364184862f,-1.1782983010748294f,0f,0f,0f,1f], start_interpolation: 0, interpolation_duration: 1 }
$data merge entity $(bone_tail_1) { transformation: [-1.207879379322189f,0.5567430423570893f,0.7202227709502222f,-0.1412621130273497f,0.8400606920115274f,1.1427032428716302f,0.5255317140456653f,1.0002900277316604f,-0.3506874516508367f,0.8197089321933936f,-1.2217822341714621f,-0.9250694536878459f,0f,0f,0f,1f], start_interpolation: 0, interpolation_duration: 1 }
$data merge entity $(bone_tail_0) { transformation: [-1.0951586701926839f,0.5256934647804372f,0.3976299596018383f,-0.24477290925723824f,0.6552863809311644f,0.9515760291677556f,0.546752719484313f,0.8634794000505783f,-0.07115449846606547f,0.6722984146824192f,-1.0847984124009293f,-0.5918423861826023f,0f,0f,0f,1f], start_interpolation: 0, interpolation_duration: 1 }
$data merge entity $(bone_body_1) { transformation: [-1.227424433111744f,0.14063676511393988f,0.0474884865504313f,-0.26528620133091213f,0.14729254774722858f,1.1048970485829257f,0.5348943937518137f,0.6647012890625f,0.01840547295492285f,0.5366827809677486f,-1.1136594749896753f,-0.36908155199637777f,0f,0f,0f,1f], start_interpolation: 0, interpolation_duration: 1 }