# This file was generated by Animated Java via MC-Build. It is not recommended to edit this file directly.
$data merge entity $(bone_head_lower) { transformation: [-0.9826515461740118f,-0.10565574609151458f,-0.15242310231611592f,-0.3003479840214126f,-0.10995000882721034f,0.9937358542643059f,0.020001187676904342f,0.13725305543895922f,0.1493550613830013f,0.03641311944115455f,-0.9881129238967802f,0.49506981946588346f,0f,0f,0f,1f], start_interpolation: 0, interpolation_duration: 1 }
$data merge entity $(bone_head_upper) { transformation: [-1.0228415849743848f,0.023026968165884037f,-0.19166844645815534f,-0.3133615565625756f,-0.11444691837573957f,0.759937400318981f,0.7020462898229951f,0.2026789429528023f,0.1554636211622905f,0.7109408195602666f,-0.7442218460658028f,0.4597773746010302f,0f,0f,0f,1f], start_interpolation: 0, interpolation_duration: 1 }
$data merge entity $(bone_neck_0) { transformation: [-0.9768199285908729f,-0.20094210131095233f,-0.0737909142676861f,-0.31455571342694577f,-0.21106679386055727f,0.8466442832678732f,0.4885122988618141f,0.2205926409400651f,-0.0356880321276908f,0.49276336058048026f,-0.8694312133989005f,0.39557138058099106f,0f,0f,0f,1f], start_interpolation: 0, interpolation_duration: 1 }
$data merge entity $(bone_neck_1) { transformation: [-0.999012735212401f,0.028277328799743776f,0.03426291813883395f,-0.31152292444067164f,0.042684261074673754f,0.8247466914342939f,0.5638891281313152f,0.27216095605169555f,-0.012312950091117339f,0.5647949075940195f,-0.8251394449521344f,0.32827317917825255f,0f,0f,0f,1f], start_interpolation: 0, interpolation_duration: 1 }
$data merge entity $(bone_neck_2) { transformation: [-0.9777101209022181f,0.13213101600219307f,0.16316958691986133f,-0.2959343996260434f,0.20530486412062862f,0.7643791697067273f,0.6112073279067134f,0.33319105183969294f,-0.04396398814689367f,0.6310831003351957f,-0.7744683907155521f,0.2666026376178591f,0f,0f,0f,1f], start_interpolation: 0, interpolation_duration: 1 }
$data merge entity $(bone_body_0) { transformation: [-0.9794846854828029f,0.1785630898171914f,0.09340756853484877f,-0.2502107262195802f,0.20145812575674965f,0.8790043133965062f,0.432164367569695f,0.5452421124994052f,-0.004937050863874692f,0.44211609333440294f,-0.8969442488491093f,-0.1519121148896661f,0f,0f,0f,1f], start_interpolation: 0, interpolation_duration: 1 }
$data merge entity $(bone_leg_left_3) { transformation: [-0.9241968410960261f,-0.04239483592073289f,-0.3795561576307f,0.01055007348315589f,-0.13575786803359904f,0.9653805588076612f,0.22273342349809164f,0.06308956215883221f,0.35697338860914907f,0.25737726116240833f,-0.8979570954457897f,-0.47722606457243455f,0f,0f,0f,1f], start_interpolation: 0, interpolation_duration: 1 }
$data merge entity $(bone_leg_left_2) { transformation: [-0.949563905545158f,-0.05541856249726693f,-0.3838220573615553f,-0.015702866556727438f,-0.15144229067816645f,0.9875571225866273f,0.23207404362243061f,0.30022487672303994f,0.35700955362660847f,0.27151779326565817f,-0.9224339900828524f,-0.44188914631670373f,0f,0f,0f,1f], start_interpolation: 0, interpolation_duration: 1 }
$data merge entity $(bone_leg_left_1) { transformation: [-0.9680790378300161f,0.22537277631857655f,0.10968175877768752f,0.058986663778580195f,0.1506278408881658f,0.1733546188589783f,0.973272536173516f,0.292701336194864f,0.20033529410335915f,0.9587258668747367f,-0.2017683873202275f,-0.17472205242979238f,0f,0f,0f,1f], start_interpolation: 0, interpolation_duration: 1 }
$data merge entity $(bone_leg_left_0) { transformation: [-0.968435825945366f,-0.025875837054376745f,-0.24791630055777278f,-0.043596575405579874f,0.09949001148641191f,0.8718113772600448f,-0.47963179637548825f,0.6856161059674503f,0.22854712564359725f,-0.489157810462717f,-0.8417189838796382f,-0.2716856605386805f,0f,0f,0f,1f], start_interpolation: 0, interpolation_duration: 1 }
$data merge entity $(bone_leg_right_3) { transformation: [-0.9693275223056682f,-0.10866687326171773f,0.22044424500602405f,-0.5333571096241787f,-0.10080342371497612f,0.9938122461448934f,0.04664642729921567f,0.05450985493693303f,-0.22414911168258772f,0.022994131163490035f,-0.9742835550618429f,-0.5785084126764075f,0f,0f,0f,1f], start_interpolation: 0, interpolation_duration: 1 }
$data merge entity $(bone_leg_right_2) { transformation: [-0.8953954985871861f,-0.005444149067099707f,0.500299372227703f,-0.5177755442249077f,0.045011960278585526f,1.0206045716715162f,0.09166477630897692f,0.2951743203318782f,-0.4983001344996584f,0.10197484505911712f,-0.890707755907338f,-0.581492031601327f,0f,0f,0f,1f], start_interpolation: 0, interpolation_duration: 1 }
$data merge entity $(bone_leg_right_1) { transformation: [-0.9881511992156278f,-0.00852077261404939f,0.15324687247306684f,-0.5478976600370792f,0.1445431722629201f,0.28413220044816057f,0.9478270749565336f,0.3249736339733147f,-0.051618590070715356f,0.9587472498539675f,-0.2795339551048592f,-0.3072329484240089f,0f,0f,0f,1f], start_interpolation: 0, interpolation_duration: 1 }
$data merge entity $(bone_leg_right_0) { transformation: [-0.9924839389947752f,-0.029891501230006327f,-0.11866814649109442f,-0.4345720157843996f,-0.024782436430046774f,0.9987109143947392f,-0.0442983105029382f,0.7235877496937133f,0.11983931609453552f,-0.041024475902082636f,-0.9919453264645957f,-0.25652433310458955f,0f,0f,0f,1f], start_interpolation: 0, interpolation_duration: 1 }
$data merge entity $(bone_tail_4) { transformation: [-1.0480958586490712f,-0.1982150456980373f,2.547129207233428f,0.46032849671931775f,1.6147790108457745f,2.082086830751808f,0.8264771666185556f,1.3693737264817845f,-1.9798093718372507f,1.8031324289881807f,-0.6743364340717276f,-1.5909897660574852f,0f,0f,0f,1f], start_interpolation: 0, interpolation_duration: 1 }
$data merge entity $(bone_tail_3) { transformation: [-0.9464681040803584f,0.10206421058085655f,1.851952091961745f,0.14530708076887555f,1.1628727239070165f,1.6523997516857354f,0.5032371356194236f,1.2678732761603582f,-1.444946601780167f,1.2629740629133568f,-0.8080664331950187f,-1.4663307530985668f,0f,0f,0f,1f], start_interpolation: 0, interpolation_duration: 1 }
$data merge entity $(bone_tail_2) { transformation: [-1.4893016819517655f,0.38590746525449093f,1.2049190028376486f,-0.0796941590369586f,1.0223607019616041f,1.4634190580719095f,0.7949573136711676f,1.1211966521425314f,-0.7453408416442747f,1.2362256928795634f,-1.3171890301107978f,-1.2217251644017604f,0f,0f,0f,1f], start_interpolation: 0, interpolation_duration: 1 }
$data merge entity $(bone_tail_1) { transformation: [-1.3514282127516222f,0.5355661671074424f,0.4176923705657069f,-0.17483252356017198f,0.6658061611864075f,1.2283958217369377f,0.5791391118422707f,0.9809204143289239f,-0.13416479234574377f,0.701333612333729f,-1.3333368751766173f,-0.9432508465562245f,0f,0f,0f,1f], start_interpolation: 0, interpolation_duration: 1 }
$data merge entity $(bone_tail_0) { transformation: [-1.1641632227243977f,0.46324978529975847f,0.2529018462955538f,-0.2375572785071698f,0.5275425293474287f,1.0399964347610966f,0.5233947000094226f,0.8530692847233831f,-0.016080645810712668f,0.581070364661599f,-1.1383911281832684f,-0.5965642372442876f,0f,0f,0f,1f], start_interpolation: 0, interpolation_duration: 1 }
$data merge entity $(bone_body_1) { transformation: [-1.2296619316155515f,0.12837265787862465f,0.007522612640455906f,-0.24795299007502666f,0.11942510947954588f,1.1132200943745527f,0.5244838031462562f,0.6561508740234376f,0.047684087676700286f,0.5223658461711869f,-1.11958239785759f,-0.37146205929961124f,0f,0f,0f,1f], start_interpolation: 0, interpolation_duration: 1 }