# This file was generated by Animated Java via MC-Build. It is not recommended to edit this file directly.
$data merge entity $(bone_head_lower) { transformation: [-0.8978370499947683f,-0.42687151648372634f,-0.10802471972458799f,-0.11250443102067556f,-0.4257009236539625f,0.9041927760379104f,-0.03484461738950162f,0.2034939260441401f,0.11254934587484418f,0.014701434479031106f,-0.9935373735131472f,0.6095041660026361f,0f,0f,0f,1f], start_interpolation: 0, interpolation_duration: 1 }
$data merge entity $(bone_head_upper) { transformation: [-0.9345582112407836f,-0.3305900748928967f,-0.3174635329738569f,-0.1421029569613238f,-0.44311191405602474f,0.835970445702408f,0.43390919340022177f,0.2520404234659448f,0.11715256722556454f,0.5247242693814854f,-0.891297739085f,0.5598793602900457f,0f,0f,0f,1f], start_interpolation: 0, interpolation_duration: 1 }
$data merge entity $(bone_neck_0) { transformation: [-0.8290494871503943f,-0.5460153696659412f,-0.12059918716240992f,-0.14077038668268935f,-0.5579158748051032f,0.793248387932261f,0.24389930644289645f,0.2551157778219205f,-0.03750765916616214f,0.2694887959293204f,-0.962272811822323f,0.49329480722903485f,0f,0f,0f,1f], start_interpolation: 0, interpolation_duration: 1 }
$data merge entity $(bone_neck_1) { transformation: [-0.9363732099814953f,-0.33381990638014136f,-0.10848724226057245f,-0.15149854657841952f,-0.34810526021866034f,0.8435136714593684f,0.40903228951909865f,0.29365214333819245f,-0.045032648568002986f,0.4207718576206001f,-0.9060480695843129f,0.4184790872059062f,0f,0f,0f,1f], start_interpolation: 0, interpolation_duration: 1 }
$data merge entity $(bone_neck_2) { transformation: [-0.9687542181138674f,-0.24248155019592396f,-0.05213408387198248f,-0.15843992925862121f,-0.23090970782571532f,0.805037064068021f,0.5464394132093549f,0.34940615023632204f,-0.09053160618497867f,0.5414037525648698f,-0.8358743954627663f,0.35055090222035734f,0f,0f,0f,1f], start_interpolation: 0, interpolation_duration: 1 }
$data merge entity $(bone_body_0) { transformation: [-0.9618344496303326f,-0.27362745010266465f,0.0015843151924462787f,-0.16029989094614375f,-0.2548138484820695f,0.8977823477364042f,0.35924470589650626f,0.5272693320478222f,-0.09972158305037157f,0.34513022852718095f,-0.9332420539338675f,-0.08599478130146512f,0f,0f,0f,1f], start_interpolation: 0, interpolation_duration: 1 }
$data merge entity $(bone_leg_left_3) { transformation: [-0.8834990437678453f,-0.14827278113633635f,-0.44434741141971235f,0.15605832568029576f,-0.14536017098486417f,0.98853552288391f,-0.040840429575183315f,0.021680077847826384f,0.4453087247658124f,0.02850793522390887f,-0.8949231460168608f,-0.25465876747618604f,0f,0f,0f,1f], start_interpolation: 0, interpolation_duration: 1 }
$data merge entity $(bone_leg_left_2) { transformation: [-0.9076619015562534f,-0.17061468714218028f,-0.4462092563981125f,0.10109029821119567f,-0.148365571371528f,1.0113558338246278f,-0.08490720888820824f,0.2545714700993462f,0.4540922034076125f,-0.010592706026400823f,-0.9196468152960419f,-0.2848446488998019f,0f,0f,0f,1f], start_interpolation: 0, interpolation_duration: 1 }
$data merge entity $(bone_leg_left_1) { transformation: [-0.9708327469376984f,0.23863065152380153f,-0.0232204570740719f,0.1864850559145783f,0.09369918305393853f,0.46677279212783934f,0.8793995813190983f,0.33287291723348256f,0.2206903726228839f,0.8515741733299027f,-0.47551780907665875f,-0.03267406299960959f,0f,0f,0f,1f], start_interpolation: 0, interpolation_duration: 1 }
$data merge entity $(bone_leg_left_0) { transformation: [-0.9638600436613838f,-0.15088218915471496f,-0.21956407089721225f,0.03304426343851119f,0.05224407064245354f,0.7011074750144408f,-0.7111391323514562f,0.6721163798765711f,0.2612362404334084f,-0.6969095159880916f,-0.6678867817298546f,-0.22155782308156313f,0f,0f,0f,1f], start_interpolation: 0, interpolation_duration: 1 }
$data merge entity $(bone_leg_right_3) { transformation: [-0.9564508748168551f,-0.07531185084083407f,0.28201037070469726f,-0.41019359301850816f,-0.06361592565509075f,0.9967001773999373f,0.05041597340109652f,0.05091396056767064f,-0.28487670677877275f,0.030280051087507424f,-0.9580857897083223f,-0.4899803459529143f,0f,0f,0f,1f], start_interpolation: 0, interpolation_duration: 1 }
$data merge entity $(bone_leg_right_2) { transformation: [-0.867806804987381f,0.02344535796575449f,0.5462818539070703f,-0.3864996613301847f,0.0668230731708434f,1.0216235672940603f,0.062307007166592536f,0.2908748285119587f,-0.5426861207091005f,0.08830516089058063f,-0.8658846184397152f,-0.4953143428209915f,0f,0f,0f,1f], start_interpolation: 0, interpolation_duration: 1 }
$data merge entity $(bone_leg_right_1) { transformation: [-0.9934629559039544f,-0.10319307261970326f,0.04881132050951132f,-0.436908199455986f,0.04228446082200496f,0.06451819436689829f,0.9970202741010977f,0.2563663106806349f,-0.10603480381256865f,0.992566668974402f,-0.05973297264903446f,-0.22460873308807422f,0f,0f,0f,1f], start_interpolation: 0, interpolation_duration: 1 }
$data merge entity $(bone_leg_right_0) { transformation: [-0.9920649826295326f,-0.11040863625667342f,-0.06014152708575854f,-0.36000934624584624f,-0.09871242437732515f,0.9802658342690119f,-0.17127390764044859f,0.6666711512378567f,0.07786480279186683f,-0.16397813026382396f,-0.9833861120035019f,-0.21799187924872604f,0f,0f,0f,1f], start_interpolation: 0, interpolation_duration: 1 }
$data merge entity $(bone_tail_4) { transformation: [-0.5525430835788642f,0.9592087391060513f,-2.5298766901198446f,-0.9315277602786645f,-0.39488476833173164f,2.5258541379583757f,1.0439292241805218f,0.9226287717978311f,2.6766440727389877f,0.5706494547277963f,-0.3682350326762973f,-1.601666283690617f,0f,0f,0f,1f], start_interpolation: 0, interpolation_duration: 1 }
$data merge entity $(bone_tail_3) { transformation: [-0.9516212813363998f,0.49315236223259884f,-1.785262784739692f,-0.6336390478359464f,-0.05864642584490893f,1.9980936668358789f,0.5832047850716017f,0.8041858769124703f,1.8511950355615507f,0.3168090469339588f,-0.8992521860621246f,-1.4522865692540154f,0f,0f,0f,1f], start_interpolation: 0, interpolation_duration: 1 }
$data merge entity $(bone_tail_2) { transformation: [-1.2096786994358515f,0.20404358017188676f,-1.5211237742289752f,-0.35171139865040957f,-0.02969917944089245f,1.9333460404577643f,0.2829574554409167f,0.7520227883287396f,1.5344605820530226f,0.19827551598646673f,-1.1936881573043168f,-1.2292007185524f,0f,0f,0f,1f], start_interpolation: 0, interpolation_duration: 1 }
$data merge entity $(bone_tail_1) { transformation: [-1.330826284196086f,0.02889734361913238f,-0.7181382839151503f,-0.19625785837482188f,0.05322015883240179f,1.511090162831275f,-0.03782042422296723f,0.7416389604167497f,0.716746305178264f,-0.05854667647534789f,-1.330602596828594f,-0.9428389719232307f,0f,0f,0f,1f], start_interpolation: 0, interpolation_duration: 1 }
$data merge entity $(bone_tail_0) { transformation: [-1.2680180336008338f,-0.12087396200282442f,-0.10656203994313608f,-0.16803485759239148f,-0.1223597318091867f,1.2722809590033803f,0.01284421944107956f,0.7685879868789994f,0.10485265413277181f,0.02294260776822176f,-1.2737014070236927f,-0.5700801712218212f,0f,0f,0f,1f], start_interpolation: 0, interpolation_duration: 1 }
$data merge entity $(bone_body_1) { transformation: [-1.236198008868884f,-0.013137752020939093f,-0.015699598615675266f,-0.1635f,-0.01712585925980974f,1.1831521366620952f,0.3584164079848779f,0.6055675f,0.011215296227482846f,0.3585847403892218f,-1.183171921635556f,-0.3191625f,0f,0f,0f,1f], start_interpolation: 0, interpolation_duration: 1 }