# This file was generated by Animated Java via MC-Build. It is not recommended to edit this file directly.
$data merge entity $(bone_head_lower) { transformation: [-0.9498423664817534f,-0.312724165477819f,0.0017536141377052922f,0.5558544197337f,-0.2760568600729909f,0.8410805614944117f,0.4651624437579692f,0.2557582614680558f,-0.14694246779941958f,0.4413468991648705f,-0.8852236021224074f,0.34557273706088854f,0f,0f,0f,1f], start_interpolation: 0, interpolation_duration: 1 }
$data merge entity $(bone_head_upper) { transformation: [-0.9886905235032044f,-0.3033482492305401f,-0.11807976544367169f,0.5405957892217035f,-0.2873474706262846f,0.6358946396661509f,0.7723609136615079f,0.3231924332255416f,-0.1529523535063876f,0.7662178472967914f,-0.6877410345647809f,0.31531942044804184f,0f,0f,0f,1f], start_interpolation: 0, interpolation_duration: 1 }
$data merge entity $(bone_neck_0) { transformation: [-0.9677605592254986f,-0.25029452483066217f,-0.02814517449480447f,0.5431513265376027f,-0.246452505809139f,0.9640625397417296f,-0.09921986619181682f,0.30120778296899886f,0.051967897667178076f,-0.08908462441139187f,-0.9946674154236355f,0.2524315787262795f,0f,0f,0f,1f], start_interpolation: 0, interpolation_duration: 1 }
$data merge entity $(bone_neck_1) { transformation: [-0.9319241288587113f,-0.009364699295144774f,-0.36253237160016927f,0.5123969344266258f,-0.0472418878534159f,0.9942831437327844f,0.09575611792933356f,0.3139001211144452f,0.3595630988894397f,0.10636415042655425f,-0.9270388586359583f,0.17438922636029064f,0f,0f,0f,1f], start_interpolation: 0, interpolation_duration: 1 }
$data merge entity $(bone_neck_2) { transformation: [-0.89016355305272f,0.07353834861966438f,-0.4496676106846586f,0.473722665618024f,-0.07659075249928778f,0.9486974404128259f,0.3067686802555722f,0.35006369914747715f,0.44915777344731533f,0.3075146790584887f,-0.8388635268715673f,0.10390925083454677f,0f,0f,0f,1f], start_interpolation: 0, interpolation_duration: 1 }
$data merge entity $(bone_body_0) { transformation: [-0.8181123342986552f,-0.027735919363611167f,-0.5743891775142186f,0.20275098091315086f,-0.08829278264758703f,0.993051257682639f,0.07780478229051702f,0.39619285581656344f,0.5682399079620782f,0.11436747086468269f,-0.8148763640008615f,-0.27904943061336956f,0f,0f,0f,1f], start_interpolation: 0, interpolation_duration: 1 }
$data merge entity $(bone_leg_left_3) { transformation: [-0.8320766049859781f,-0.0807360922333481f,-0.5487533205784695f,0.5110292958561614f,-0.0951512956759017f,0.9954604348989132f,-0.002180248165724097f,0.052008526141693795f,0.5464382438722653f,0.050400455967732155f,-0.8359814828523652f,-0.7478432455998106f,0f,0f,0f,1f], start_interpolation: 0, interpolation_duration: 1 }
$data merge entity $(bone_leg_left_2) { transformation: [-0.7720900136084115f,-0.3129911490289575f,-0.5983107478696919f,0.41838322775632975f,-0.5190505741524629f,0.8564205363275922f,0.2217939718050348f,0.25768809307717633f,0.43188622559518575f,0.4697260958117897f,-0.8030528516575056f,-0.6624986858617152f,0f,0f,0f,1f], start_interpolation: 0, interpolation_duration: 1 }
$data merge entity $(bone_leg_left_1) { transformation: [-0.8974218193299557f,0.4201702798519769f,-0.13450284056340095f,0.5575366051692904f,-0.13633538616794807f,0.02582599650874423f,0.9903260475130233f,0.21489623385394968f,0.4195792424190557f,0.9070776999978787f,0.034107264587027675f,-0.4262391252116723f,0f,0f,0f,1f], start_interpolation: 0, interpolation_duration: 1 }
$data merge entity $(bone_leg_left_0) { transformation: [-0.8781807881179537f,-0.35997003575974074f,-0.3149921851977607f,0.3397319826787015f,-0.1875483489443176f,0.8649215153911567f,-0.4655495559247432f,0.570583872791548f,0.44002740845178023f,-0.3497604116657518f,-0.8270692439225471f,-0.44507336247209467f,0f,0f,0f,1f], start_interpolation: 0, interpolation_duration: 1 }
$data merge entity $(bone_leg_right_3) { transformation: [-0.7818826334394631f,0.0010776089810040634f,0.6234247238317181f,-0.16514187055864482f,-0.04620945626772591f,0.9971475270596286f,-0.05967826597939546f,0.05760401074020252f,-0.6217107315120195f,-0.07546951727519119f,-0.7796025386599492f,-0.011633842448376286f,0f,0f,0f,1f], start_interpolation: 0, interpolation_duration: 1 }
$data merge entity $(bone_leg_right_2) { transformation: [-0.8134129938163768f,0.04936206395260491f,0.6228843292568147f,-0.1331238181106895f,-0.42725317849638944f,0.7021599892138117f,-0.6135864002018668f,0.20297674793828463f,-0.4559344497360394f,-0.7460542444690544f,-0.5362732898012877f,-0.20140392350172065f,0f,0f,0f,1f], start_interpolation: 0, interpolation_duration: 1 }
$data merge entity $(bone_leg_right_1) { transformation: [-0.982592493268481f,0.15393126423402279f,-0.1040055674651369f,-0.10535838231659009f,0.006448236763768423f,0.5877724455718649f,0.8090006010313633f,0.319878216050085f,0.18566209202491527f,0.7942472650993415f,-0.5785333780060984f,0.04874905566949572f,0f,0f,0f,1f], start_interpolation: 0, interpolation_duration: 1 }
$data merge entity $(bone_leg_right_0) { transformation: [-0.9894875686126547f,-0.08537172142723304f,-0.11673054759388136f,-0.014322213119636912f,0.06350882142391887f,0.4686528043441136f,-0.8810965773294902f,0.5682287785958744f,0.12992683003275837f,-0.8792475295165454f,-0.45830426648318445f,-0.27427059163634027f,0f,0f,0f,1f], start_interpolation: 0, interpolation_duration: 1 }
$data merge entity $(bone_tail_4) { transformation: [-2.3205358657131403f,1.2834078564584745f,-0.7704796567850628f,-0.33146534944955175f,-0.5946193533339349f,0.5140972509439947f,2.647223672607315f,1.9045507684454037f,1.3737548733961593f,2.3904454861285767f,-0.15565749987652883f,-1.3048768524808203f,0f,0f,0f,1f], start_interpolation: 0, interpolation_duration: 1 }
$data merge entity $(bone_tail_3) { transformation: [-1.7756182000359233f,0.799782632292571f,-0.7372063990693499f,-0.2142888879241137f,-0.42323819069723917f,0.7920537515603105f,1.878687258332001f,1.5782439669089463f,1.001995492844633f,1.751840210112454f,-0.5128415316612306f,-1.2350610120848888f,0f,0f,0f,1f], start_interpolation: 0, interpolation_duration: 1 }
$data merge entity $(bone_tail_2) { transformation: [-1.7915163418641697f,0.7304165944338469f,-0.275199328509465f,-0.16428085688638794f,0.11800097472791823f,0.9345193913410274f,1.712169136555625f,1.2602650908504185f,0.7715690777886711f,1.553041847725306f,-0.9008418576071398f,-1.0666563946261447f,0f,0f,0f,1f], start_interpolation: 0, interpolation_duration: 1 }
$data merge entity $(bone_tail_1) { transformation: [-1.3746484428680394f,0.5434834301375054f,-0.320349293251047f,-0.10067548611154548f,0.03678301280726245f,0.8357713910601391f,1.2600751730965187f,0.9788593889776188f,0.6297975218189531f,1.137439314008168f,-0.7728150739079392f,-0.9148609244667887f,0f,0f,0f,1f], start_interpolation: 0, interpolation_duration: 1 }
$data merge entity $(bone_tail_0) { transformation: [-1.159598319284157f,0.35049690822397495f,-0.40782272107230594f,0.026957906418590777f,0.0029487096260973782f,0.9735252359988114f,0.8282968287812211f,0.7603047023259786f,0.5377348413567101f,0.7504906720159291f,-0.8839913507451191f,-0.6384274291109747f,0f,0f,0f,1f], start_interpolation: 0, interpolation_duration: 1 }
$data merge entity $(bone_body_1) { transformation: [-1.1135404461214866f,0.2843184958754404f,-0.4558456567863048f,0.11378476787905625f,-0.00740703731923066f,1.0408177290968927f,0.6672692002872521f,0.5350675f,0.5371940112342671f,0.6037102307870593f,-0.9357142440902155f,-0.4615511428984851f,0f,0f,0f,1f], start_interpolation: 0, interpolation_duration: 1 }