# This file was generated by Animated Java via MC-Build. It is not recommended to edit this file directly.
$data merge entity $(bone_head_lower) { transformation: [-0.9487085042865187f,-0.2483650587106395f,0.19561945584756435f,-0.27988157132074337f,-0.20304020351418264f,0.9529281660309223f,0.22517234764033875f,0.3184204319985254f,-0.24233623264249174f,0.17390430700992657f,-0.9544791471541122f,0.6515104924208214f,0f,0f,0f,1f], start_interpolation: 0, interpolation_duration: 1 }
$data merge entity $(bone_head_upper) { transformation: [-0.9875102868166272f,-0.23362318499194334f,0.2317662258593127f,-0.2694567166039065f,-0.21134446323782793f,1.0121565364018523f,0.11976897036055241f,0.3493390893940663f,-0.2522476835841394f,0.06656797906450705f,-1.0076764127800206f,0.5834603967501548f,0f,0f,0f,1f], start_interpolation: 0, interpolation_duration: 1 }
$data merge entity $(bone_neck_0) { transformation: [-0.8825396024074538f,-0.2959500143275102f,0.365427748265016f,-0.2407384789762223f,-0.37270953137923496f,0.9140783698790522f,-0.15983847765267636f,0.32428685965914505f,-0.28672540069126146f,-0.27726219132582897f,-0.9170137522739967f,0.5287577015042579f,0f,0f,0f,1f], start_interpolation: 0, interpolation_duration: 1 }
$data merge entity $(bone_neck_1) { transformation: [-0.9577290355592489f,-0.18994402982953762f,0.21604712444017066f,-0.22331150032005254f,-0.15019273294859395f,0.9706922713038199f,0.18761305231903053f,0.3446520055692414f,-0.24535125313758482f,0.14723375959047774f,-0.9581883857679919f,0.44826485653335923f,0f,0f,0f,1f], start_interpolation: 0, interpolation_duration: 1 }
$data merge entity $(bone_neck_2) { transformation: [-0.9781932772322252f,-0.16069297486859788f,0.13158905807687504f,-0.21335659657165557f,-0.08080069923854705f,0.8780810389421388f,0.4716406853239609f,0.39456822908065325f,-0.19133520162333145f,0.4507232597483447f,-0.8719170738903931f,0.3762912438974802f,0f,0f,0f,1f], start_interpolation: 0, interpolation_duration: 1 }
$data merge entity $(bone_body_0) { transformation: [-0.9485642637244167f,-0.27124750805472525f,0.1632501974242507f,-0.13900136228745288f,-0.22138690352657908f,0.936945354366008f,0.2704093968020872f,0.5309367394402681f,-0.2263043891131329f,0.2203592346738779f,-0.9488035261117417f,-0.06877710278644872f,0f,0f,0f,1f], start_interpolation: 0, interpolation_duration: 1 }
$data merge entity $(bone_leg_left_3) { transformation: [-0.9006621969911711f,-0.1310116373676658f,-0.4142988749505364f,0.16152039436467683f,-0.12904335189593144f,0.9910938415970632f,-0.032875682195789124f,0.015875720438363994f,0.4149161604981176f,0.023852631356287735f,-0.9095469376205282f,-0.23891914515854845f,0f,0f,0f,1f], start_interpolation: 0, interpolation_duration: 1 }
$data merge entity $(bone_leg_left_2) { transformation: [-0.9251589138643659f,-0.1666062895691642f,-0.41034805698820725f,0.10856784575379812f,-0.13171219351491054f,1.010860671502379f,-0.11346717758869615f,0.24779489580356273f,0.4228416744805221f,-0.04965124959605486f,-0.9331676544098345f,-0.27867585226004704f,0f,0f,0f,1f], start_interpolation: 0, interpolation_duration: 1 }
$data merge entity $(bone_leg_left_1) { transformation: [-0.9745593804744416f,0.22346349235488852f,0.017265037324874437f,0.18776917971842522f,0.12145086008704983f,0.4617816068005133f,0.878639537128197f,0.3242280117596132f,0.18837118281039822f,0.8583832565965466f,-0.4771734299825573f,-0.02392398643127991f,0f,0f,0f,1f], start_interpolation: 0, interpolation_duration: 1 }
$data merge entity $(bone_leg_left_0) { transformation: [-0.9706160038081524f,-0.09917910791712485f,-0.21924433334582652f,0.053817115162793056f,0.0783044022749377f,0.7313445383983727f,-0.67749803449105f,0.6756351139173691f,0.2275367964436902f,-0.6747582313003928f,-0.7020885525035343f,-0.20524461823810264f,0f,0f,0f,1f], start_interpolation: 0, interpolation_duration: 1 }
$data merge entity $(bone_leg_right_3) { transformation: [-0.9624858311281115f,-0.08054890113647645f,0.25910017252664025f,-0.37769192704280496f,-0.06345467390507753f,0.9952604636003374f,0.07368930691519471f,0.04725111692398781f,-0.26380775052531885f,0.05448379685509851f,-0.9630352987523476f,-0.45684572899795184f,0f,0f,0f,1f], start_interpolation: 0, interpolation_duration: 1 }
$data merge entity $(bone_leg_right_2) { transformation: [-0.8955467592375662f,0.01784267468837345f,0.49973977276153647f,-0.3566992963046026f,0.049860604494128095f,1.0231255867158673f,0.052821902914291625f,0.28729528641379987f,-0.4975661982483007f,0.07041215994394445f,-0.8941656477372946f,-0.46729456695494437f,0f,0f,0f,1f], start_interpolation: 0, interpolation_duration: 1 }
$data merge entity $(bone_leg_right_1) { transformation: [-0.9951614786789849f,-0.09793944678801106f,-0.007841945952052402f,-0.4027097388070098f,-0.015560601284290786f,0.07829727441147133f,0.9968086097678963f,0.25538931935181625f,-0.09701288080006637f,0.9921075554508156f,-0.0794424280613262f,-0.19548869117898193f,0f,0f,0f,1f], start_interpolation: 0, interpolation_duration: 1 }
$data merge entity $(bone_leg_right_0) { transformation: [-0.9893135986913951f,-0.13981522126874182f,-0.041355862291264436f,-0.33920605599831966f,-0.12837788270828943f,0.9697688527572523f,-0.20752708607123863f,0.6679733088305979f,0.06912107258729389f,-0.2000001903085479f,-0.977354695696975f,-0.20248958111947896f,0f,0f,0f,1f], start_interpolation: 0, interpolation_duration: 1 }
$data merge entity $(bone_tail_4) { transformation: [-0.47202362742129117f,0.9637792851930369f,-2.544402585321129f,-0.8925047632740695f,-0.34570354561232974f,2.540234261802007f,1.0263334182020367f,0.8868992118606042f,2.698767141734742f,0.4939642863608782f,-0.313554668427817f,-1.6076395287393939f,0f,0f,0f,1f], start_interpolation: 0, interpolation_duration: 1 }
$data merge entity $(bone_tail_3) { transformation: [-0.9617825617708418f,0.4735811144647027f,-1.7851164550080005f,-0.5944493429222697f,-0.011827715302852988f,2.011049910453958f,0.5398924789791827f,0.7756736965047539f,1.8468296984477683f,0.25950859663976955f,-0.9261862011743781f,-1.453132070772139f,0f,0f,0f,1f], start_interpolation: 0, interpolation_duration: 1 }
$data merge entity $(bone_tail_2) { transformation: [-1.262990259118099f,0.15575140603470508f,-1.4830276396257036f,-0.3196545941808957f,-0.003434389168744359f,1.9431707069806063f,0.20700165097483028f,0.7376523852491476f,1.491179964104471f,0.13639273460665063f,-1.2556087016274953f,-1.2185820549467077f,0f,0f,0f,1f], start_interpolation: 0, interpolation_duration: 1 }
$data merge entity $(bone_tail_1) { transformation: [-1.3520739836325806f,0.0014566444073901483f,-0.6779012250844475f,-0.1725038863847797f,0.041559233535694205f,1.5098296767997605f,-0.07964563492531652f,0.7362954246953369f,0.676627684100976f,-0.08982469171559448f,-1.3497269175156685f,-0.9276842982486102f,0f,0f,0f,1f], start_interpolation: 0, interpolation_duration: 1 }
$data merge entity $(bone_tail_0) { transformation: [-1.2683221830387559f,-0.1252330521460983f,-0.09752558252071443f,-0.14702674109818678f,-0.12540280706065182f,1.2720468626773f,-0.0025752122581771133f,0.767744718319691f,0.09730720722095043f,0.007012730355457799f,-1.274487287351211f,-0.5550802613684978f,0f,0f,0f,1f], start_interpolation: 0, interpolation_duration: 1 }
$data merge entity $(bone_body_1) { transformation: [-1.2361022762743958f,-0.020689547709211463f,-0.015089740259373562f,-0.14212499999999995f,-0.024097242613327144f,1.186305504186409f,0.3474236156217858f,0.6070675000000001f,0.008664902996661129f,0.34764319123041676f,-1.1864542663345437f,-0.30266249999999995f,0f,0f,0f,1f], start_interpolation: 0, interpolation_duration: 1 }