# This file was generated by Animated Java via MC-Build. It is not recommended to edit this file directly.
$data merge entity $(bone_head_lower) { transformation: [-0.9476284524752431f,-0.18260477297450178f,0.2620225428208549f,-0.2998320360692574f,-0.08300382972837039f,0.9330452336118971f,0.3500527907109787f,0.3834603442376964f,-0.3084001950547368f,0.3099711098167879f,-0.8993371063006068f,0.6593013013874942f,0f,0f,0f,1f], start_interpolation: 0, interpolation_duration: 1 }
$data merge entity $(bone_head_upper) { transformation: [-0.986386061336292f,-0.07179864014993356f,0.3245911826553584f,-0.2793739970098262f,-0.0863986517793317f,1.0367755585609808f,-0.03322132936514207f,0.40442385381502544f,-0.3210136345323943f,-0.05842378819191571f,-0.9884375802250315f,0.5897494761358095f,0f,0f,0f,1f], start_interpolation: 0, interpolation_duration: 1 }
$data merge entity $(bone_neck_0) { transformation: [-0.9112325093318666f,-0.10020499469941223f,0.3995175502703735f,-0.25161948616102264f,-0.2610277953539577f,0.8908028193713586f,-0.37193390145655025f,0.3659988549634699f,-0.31862172554520185f,-0.44320344768213304f,-0.8378847772655073f,0.5428672530112766f,0f,0f,0f,1f], start_interpolation: 0, interpolation_duration: 1 }
$data merge entity $(bone_neck_1) { transformation: [-0.9649606459746454f,-0.028481884257692755f,0.2608442715286775f,-0.22965376526201953f,-0.013398428784154103f,0.9981429959528216f,0.0594225692514323f,0.3756310465147678f,-0.2620523494004795f,0.05384553741450371f,-0.9635503226475679f,0.4614899537452193f,0f,0f,0f,1f], start_interpolation: 0, interpolation_duration: 1 }
$data merge entity $(bone_neck_2) { transformation: [-0.9839352817845054f,-0.029191660525650788f,0.17612270783576164f,-0.21450989973663198f,0.04844876398978626f,0.905854994632215f,0.4208080868611387f,0.42136587754127613f,-0.171825721379274f,0.42258085102809f,-0.8898883895280729f,0.3876663873042355f,0f,0f,0f,1f], start_interpolation: 0, interpolation_duration: 1 }
$data merge entity $(bone_body_0) { transformation: [-0.9675372808877539f,-0.17914462772864176f,0.1782661281575887f,-0.132200318543841f,-0.13941195579952784f,0.9666633351347587f,0.21477034964420896f,0.5317950145361081f,-0.21079828432053704f,0.18294589053081134f,-0.9602577177328003f,-0.06315668580712266f,0f,0f,0f,1f], start_interpolation: 0, interpolation_duration: 1 }
$data merge entity $(bone_leg_left_3) { transformation: [-0.8960862019708904f,-0.10147099173497673f,-0.43212632004276774f,0.1517799806378584f,-0.11263081833004536f,0.9936368770730238f,0.0002351231028665246f,0.013111222725454313f,0.42935278897392604f,0.04888143161661118f,-0.9018130561504543f,-0.24866318854111702f,0f,0f,0f,1f], start_interpolation: 0, interpolation_duration: 1 }
$data merge entity $(bone_leg_left_2) { transformation: [-0.9204969283908027f,-0.1352473176723446f,-0.4318052424255954f,0.10548127220840484f,-0.11475772655762483f,1.0165874572929516f,-0.0737753710303896f,0.24761826094291045f,0.43769654844323f,-0.0178970455042757f,-0.927450066981396f,-0.2808182921835664f,0f,0f,0f,1f], start_interpolation: 0, interpolation_duration: 1 }
$data merge entity $(bone_leg_left_1) { transformation: [-0.9651353008732585f,0.2585292948211751f,0.040944532327900386f,0.19276533084463338f,0.15087210308722948f,0.4216242032138813f,0.8941312206685865f,0.3117343020195406f,0.2138959081383301f,0.8691349923823836f,-0.4459292606436064f,-0.025310930167492696f,0f,0f,0f,1f], start_interpolation: 0, interpolation_duration: 1 }
$data merge entity $(bone_leg_left_0) { transformation: [-0.9615073351113047f,-0.09408932253513659f,-0.2581682472962855f,0.06503944746366822f,0.10752344177735279f,0.7357945359734338f,-0.668614321040158f,0.667562890132118f,0.2528682542264039f,-0.6706367125475002f,-0.6973550356797981f,-0.20245322653065648f,0f,0f,0f,1f], start_interpolation: 0, interpolation_duration: 1 }
$data merge entity $(bone_leg_right_3) { transformation: [-0.9708990073501919f,-0.033657632148168866f,0.23711238121319375f,-0.4006286212478711f,-0.019476202256897196f,0.9978923098649648f,0.06190004408732987f,0.04647037147275937f,-0.2386960307002628f,0.05548064266519888f,-0.9695081759414903f,-0.4518518196480754f,0f,0f,0f,1f], start_interpolation: 0, interpolation_duration: 1 }
$data merge entity $(bone_leg_right_2) { transformation: [-0.9074174091953083f,0.07583327752786186f,0.47212832896295387f,-0.3669533666064337f,0.07531248898186764f,1.0227458154613478f,-0.01952499578369206f,0.28415068811251537f,-0.47221168345703274f,0.017392828303050743f,-0.9103712512107299f,-0.47519954700804123f,0f,0f,0f,1f], start_interpolation: 0, interpolation_duration: 1 }
$data merge entity $(bone_leg_right_1) { transformation: [-0.9968411671297311f,-0.07240287320816871f,0.03264217312982124f,-0.40820689799107995f,0.022926104590407257f,0.13117934571326773f,0.9910935238344302f,0.2676807207865262f,-0.07603999765745051f,0.988711182909064f,-0.1291050562403119f,-0.20126475187543577f,0f,0f,0f,1f], start_interpolation: 0, interpolation_duration: 1 }
$data merge entity $(bone_leg_right_0) { transformation: [-0.9926431352127617f,-0.10265885754562748f,-0.06419318563839392f,-0.3278681744091646f,-0.09048055688527926f,0.9812613889141589f,-0.17011571194920672f,0.6773249985474137f,0.08045417913762148f,-0.1630559584734097f,-0.9833310121549148f,-0.19459139024559965f,0f,0f,0f,1f], start_interpolation: 0, interpolation_duration: 1 }
$data merge entity $(bone_tail_4) { transformation: [-1.8235660635038669f,0.39798626716312685f,-2.0351597172670672f,-0.6343312676871987f,-0.24711053810348124f,2.649110659177966f,0.73946631362618f,0.8522870228833974f,2.0589328608760455f,0.670433425613046f,-1.713760726538433f,-1.8387997346452303f,0f,0f,0f,1f], start_interpolation: 0, interpolation_duration: 1 }
$data merge entity $(bone_tail_3) { transformation: [-1.7229342058231134f,0.13994637341455318f,-1.160972980313166f,-0.4388426381003324f,-0.04053643058525169f,2.058937708431697f,0.3083469419953489f,0.7798544543385157f,1.1686744825846624f,0.2777337779431776f,-1.7008848956908653f,-1.5531103541092963f,0f,0f,0f,1f], start_interpolation: 0, interpolation_duration: 1 }
$data merge entity $(bone_tail_2) { transformation: [-1.7297574367772717f,-0.01553119966060064f,-0.9091049811510225f,-0.2711247638907928f,-0.0556093105962454f,1.9520325595105716f,0.0724594106268764f,0.7668077799239527f,0.9075355031575948f,0.09000857431648666f,-1.728308896598285f,-1.2311290147020348f,0f,0f,0f,1f], start_interpolation: 0, interpolation_duration: 1 }
$data merge entity $(bone_tail_1) { transformation: [-1.4301203886637575f,0.06556234775575395f,-0.4879687515456052f,-0.1655544679751256f,0.07307050038584537f,1.5106925495309316f,-0.011179121839274386f,0.7506769369299605f,0.4869010432332068f,-0.03414453614399764f,-1.4315787700122988f,-0.9231170254493277f,0f,0f,0f,1f], start_interpolation: 0, interpolation_duration: 1 }
$data merge entity $(bone_tail_0) { transformation: [-1.272678990563299f,-0.05487953603080784f,-0.10541413609119485f,-0.13607434832054335f,-0.058883745385328555f,1.2760077963576106f,0.046610350224152594f,0.7678486504036361f,0.10323084854928533f,0.05126457591422772f,-1.2730086613013112f,-0.5498772016063853f,0f,0f,0f,1f], start_interpolation: 0, interpolation_duration: 1 }
$data merge entity $(bone_body_1) { transformation: [-1.2357388607082278f,0.03638849150132825f,-0.015163801569497683f,-0.13499999999999998f,0.03070293386961106f,1.1866823918133218f,0.34561080114525117f,0.6075675f,0.02472636333106082f,0.34505850765156015f,-1.186982657122651f,-0.2971625f,0f,0f,0f,1f], start_interpolation: 0, interpolation_duration: 1 }