# This file was generated by Animated Java via MC-Build. It is not recommended to edit this file directly.
$data merge entity $(bone_head_lower) { transformation: [-0.9578230648046746f,-0.1349401061398046f,0.25370483693291773f,-0.28924176005656616f,-0.04100381511488906f,0.9380316679660404f,0.3441152089618701f,0.39589882877391225f,-0.28441811418087304f,0.3191986178664091f,-0.9040014262588142f,0.6633428523804269f,0f,0f,0f,1f], start_interpolation: 0, interpolation_duration: 1 }
$data merge entity $(bone_head_upper) { transformation: [-0.9969976290622422f,-0.02922735925189787f,0.2976800828052413f,-0.26968626859738515f,-0.04268085406816507f,1.0392191240352053f,-0.04091331713536499f,0.4164005138506205f,-0.2960506965433232f,-0.05139373788865197f,-0.9965864796220913f,0.5933948706039507f,0f,0f,0f,1f], start_interpolation: 0, interpolation_duration: 1 }
$data merge entity $(bone_neck_0) { transformation: [-0.929951513027965f,-0.06868743637200757f,0.36120938457027957f,-0.24491437605956673f,-0.2234147802723764f,0.8857996219628463f,-0.4067491434364969f,0.3757933537435f,-0.2920205803926232f,-0.4589564966476885f,-0.8390964871884734f,0.546681402070493f,0f,0f,0f,1f], start_interpolation: 0, interpolation_duration: 1 }
$data merge entity $(bone_neck_1) { transformation: [-0.9706775906448297f,0.02491609880910864f,0.23909036584539145f,-0.22454549865870915f,0.034290291934708436f,0.9987943741162293f,0.035127967672524074f,0.3833704744921952f,-0.23792686039827637f,0.04229640946822982f,-0.9703616969187907f,0.46467388461556836f,0f,0f,0f,1f], start_interpolation: 0, interpolation_duration: 1 }
$data merge entity $(bone_neck_2) { transformation: [-0.9840339134512132f,0.030134930863310483f,0.17541135402177876f,-0.20888310865376256f,0.10019391820987962f,0.9083537530354039f,0.40602295267662913f,0.4278344812821253f,-0.14710008814287728f,0.4171155059313425f,-0.8968702351957043f,0.3901851469859197f,0f,0f,0f,1f], start_interpolation: 0, interpolation_duration: 1 }
$data merge entity $(bone_body_0) { transformation: [-0.9782724470143556f,-0.12588372883742438f,0.16473101173285734f,-0.1324452004371984f,-0.09188612753415312f,0.975519839230659f,0.19979485187102902f,0.5312900916067178f,-0.1858492910379868f,0.18031730388782685f,-0.9658911485976579f,-0.0633179815401878f,0f,0f,0f,1f], start_interpolation: 0, interpolation_duration: 1 }
$data merge entity $(bone_leg_left_3) { transformation: [-0.8879884736054537f,-0.08295766244135945f,-0.4523212320753046f,0.14307828871662326f,-0.10513400979975861f,0.9941669030341888f,0.0240626036586635f,0.012702005610189582f,0.4476866211171385f,0.06892165953947393f,-0.8915304224304654f,-0.25974754750743484f,0f,0f,0f,1f], start_interpolation: 0, interpolation_duration: 1 }
$data merge entity $(bone_leg_left_2) { transformation: [-0.9122363816721089f,-0.11141938229730114f,-0.4554917174910653f,0.10161463448491974f,-0.10695405042733605f,1.0195024672411144f,-0.03518166976084392f,0.2490933531033868f,0.45656085525552825f,0.01620617285055506f,-0.9183418453444079f,-0.2836424899455283f,0f,0f,0f,1f], start_interpolation: 0, interpolation_duration: 1 }
$data merge entity $(bone_leg_left_1) { transformation: [-0.9563987057624685f,0.2878220554399064f,0.049598185634379045f,0.1962236687103092f,0.1648098651063208f,0.3916518259937499f,0.9052328736625717f,0.3042004666407817f,0.2411207663796531f,0.8739378190684441f,-0.42201121362160465f,-0.028641073595968902f,0f,0f,0f,1f], start_interpolation: 0, interpolation_duration: 1 }
$data merge entity $(bone_leg_left_0) { transformation: [-0.9521807485600133f,-0.10435581621204644f,-0.2871614279362919f,0.06791150704258822f,0.12166970655862905f,0.7326201880657182f,-0.6696746542497249f,0.6605138861276826f,0.28026470448065643f,-0.6725901602471367f,-0.6848898975463875f,-0.2043795577881385f,0f,0f,0f,1f], start_interpolation: 0, interpolation_duration: 1 }
$data merge entity $(bone_leg_right_3) { transformation: [-0.97430545661435f,0.002468685287714309f,0.22521719029517503f,-0.4267458273191851f,0.013711629304464325f,0.9987353682775383f,0.04836998421900465f,0.049376148838648354f,-0.22481296322347563f,0.05021523418724666f,-0.9731071687240826f,-0.4581926060989402f,0f,0f,0f,1f], start_interpolation: 0, interpolation_duration: 1 }
$data merge entity $(bone_leg_right_2) { transformation: [-0.9089503569908471f,0.11925069944586296f,0.4600551257279701f,-0.3833207725434126f,0.0995240295007972f,1.0186332231135016f,-0.06740566609727969f,0.2845805377385615f,-0.46472186905592283f,-0.01509393758321483f,-0.9142581456952397f,-0.48924469340326127f,0f,0f,0f,1f], start_interpolation: 0, interpolation_duration: 1 }
$data merge entity $(bone_leg_right_1) { transformation: [-0.9957601159978263f,-0.05092609246536918f,0.076604990008511f,-0.421049826887372f,0.06736274363769633f,0.163409021138814f,0.9842559385546304f,0.2781139893701582f,-0.06264225536806126f,0.9852431298500199f,-0.15928566453306242f,-0.21438456921229157f,0f,0f,0f,1f], start_interpolation: 0, interpolation_duration: 1 }
$data merge entity $(bone_leg_right_0) { transformation: [-0.9943530699685675f,-0.0654641973699182f,-0.08352491309063065f,-0.32433472372366834f,-0.054483042662629474f,0.9903311201215977f,-0.1275769202517581f,0.6836707813930449f,0.09106904142631075f,-0.12230581090616155f,-0.9883054782365011f,-0.19254067238521005f,0f,0f,0f,1f], start_interpolation: 0, interpolation_duration: 1 }
$data merge entity $(bone_tail_4) { transformation: [-2.5180825116827945f,0.04515487701333116f,-1.1326441775947018f,-0.39740977217769297f,-0.1744915851887016f,2.710939648218852f,0.49600427620473153f,0.837686852371173f,1.1200332506919612f,0.5238593250071591f,-2.4691614480522417f,-1.9352649637248474f,0f,0f,0f,1f], start_interpolation: 0, interpolation_duration: 1 }
$data merge entity $(bone_tail_3) { transformation: [-2.0251972087050083f,0.0025033393365544105f,-0.48426803032004184f,-0.3153203070786402f,-0.03411774571348169f,2.0763540101470377f,0.1534129395396291f,0.7913549330067061f,0.48307118660226167f,0.15714096818756634f,-2.0193797242807507f,-1.5943905346420522f,0f,0f,0f,1f], start_interpolation: 0, interpolation_duration: 1 }
$data merge entity $(bone_tail_2) { transformation: [-1.910656064588342f,-0.04933643648055503f,-0.40710341915779424f,-0.24106523544395964f,-0.05068457534425816f,1.9535105997954254f,0.0011337159551456388f,0.791571542721506f,0.4069377737157596f,0.01166737010190753f,-1.911292598165164f,-1.2387817307776083f,0f,0f,0f,1f], start_interpolation: 0, interpolation_duration: 1 }
$data merge entity $(bone_tail_1) { transformation: [-1.4660242877480747f,0.11970286510055395f,-0.35227867068482804f,-0.1653214413498737f,0.11211919165102237f,1.5076461110936514f,0.0457027413588214f,0.7632002909399914f,0.3547651682398827f,0.018184548135947717f,-1.4701929287045354f,-0.922973835487749f,0f,0f,0f,1f], start_interpolation: 0, interpolation_duration: 1 }
$data merge entity $(bone_tail_0) { transformation: [-1.2734481886236468f,-0.0015630736589863964f,-0.1102859205697503f,-0.13313105182787738f,-0.00917890753989321f,1.2751558941204901f,0.0879142191580829f,0.7682814960014301f,0.10991439910928312f,0.08837827263834655f,-1.2704108872242614f,-0.5495975219938063f,0f,0f,0f,1f], start_interpolation: 0, interpolation_duration: 1 }
$data merge entity $(bone_body_1) { transformation: [-1.2336587109553994f,0.08036407095649122f,-0.015244541298850797f,-0.13499999999999998f,0.07283105182932863f,1.184076780755887f,0.3482275265117035f,0.6075675f,0.037234632125831016f,0.346566571426509f,-1.1862165859556923f,-0.2971625f,0f,0f,0f,1f], start_interpolation: 0, interpolation_duration: 1 }