# This file was generated by Animated Java via MC-Build. It is not recommended to edit this file directly.
$data merge entity $(bone_head_lower) { transformation: [-0.9634737962037053f,-0.0802055710334778f,0.25550990275136976f,-0.28187771775728954f,-0.020240426341103984f,0.9731778343105072f,0.2291620124458705f,0.4000478560871686f,-0.2670366438718682f,0.21561996471084166f,-0.9392547373570942f,0.6657406124111729f,0f,0f,0f,1f], start_interpolation: 0, interpolation_duration: 1 }
$data merge entity $(bone_head_upper) { transformation: [-1.002879473021022f,-0.011805678463652026f,0.2785055316014337f,-0.2632546959978848f,-0.021068251344944163f,1.0402012406464458f,-0.03177184801625901f,0.42120849230042506f,-0.2779583313409594f,-0.03624841371860125f,-1.0024455901067855f,0.5957344196322778f,0f,0f,0f,1f], start_interpolation: 0, interpolation_duration: 1 }
$data merge entity $(bone_neck_0) { transformation: [-0.9394767976047311f,-0.0585599889184444f,0.3375708436169076f,-0.24017262544393217f,-0.20440894024193543f,0.8865188678442354f,-0.4150918959764741f,0.3800440582001078f,-0.27495514527196585f,-0.45897170354396233f,-0.8448340922538725f,0.5486446793649981f,0f,0f,0f,1f], start_interpolation: 0, interpolation_duration: 1 }
$data merge entity $(bone_neck_1) { transformation: [-0.9732376366474554f,0.0484224388158913f,0.2246414254584334f,-0.22091947216607377f,0.05607694199803183f,0.9980388895426805f,0.0278163897111518f,0.38699831190801925f,-0.22285394138095246f,0.03966916156833372f,-0.9740443924336509f,0.46631308586191733f,0f,0f,0f,1f], start_interpolation: 0, interpolation_duration: 1 }
$data merge entity $(bone_neck_2) { transformation: [-0.9832383233126113f,0.05831627142130342f,0.17274724905746547f,-0.20521456479938766f,0.12397921723142656f,0.9085521401337889f,0.3989513283008277f,0.43084473369913145f,-0.13368452888830426f,0.4136813038388717f,-0.9005532885898997f,0.3914680621471751f,0f,0f,0f,1f], start_interpolation: 0, interpolation_duration: 1 }
$data merge entity $(bone_body_0) { transformation: [-0.9828335253903998f,-0.0984517394105092f,0.15603049822301968f,-0.13261585198380618f,-0.06744280834634403f,0.9789081415092632f,0.19284791440209734f,0.5310585562602135f,-0.171725737648836f,0.17901426058815958f,-0.9687436015453406f,-0.06339182987271016f,0f,0f,0f,1f], start_interpolation: 0, interpolation_duration: 1 }
$data merge entity $(bone_leg_left_3) { transformation: [-0.8838930456112519f,-0.07367645824904177f,-0.4618493947380927f,0.13876902147571213f,-0.1017568143877923f,0.9941522132922319f,0.03615145269287451f,0.012764210300330092f,0.45648508699158385f,0.07895034075945417f,-0.8862213092948359f,-0.2652046263219713f,0f,0f,0f,1f], start_interpolation: 0, interpolation_duration: 1 }
$data merge entity $(bone_leg_left_2) { transformation: [-0.908055752361336f,-0.09920894650416068f,-0.4665346021869303f,0.09981681323652654f,-0.10343289699617361f,1.0203522170023127f,-0.015658498591459825f,0.2499624493060598f,0.46561635057540857f,0.03318339483377742f,-0.9133249563462279f,-0.28497311012542675f,0f,0f,0f,1f], start_interpolation: 0, interpolation_duration: 1 }
$data merge entity $(bone_leg_left_1) { transformation: [-0.951780152288818f,0.3019203466418393f,0.054393437037442f,0.19790960907863173f,0.171371871627225f,0.37619230596185943f,0.9105553418381997f,0.3004567241468935f,0.2544527919360612f,0.8759700070315026f,-0.4097930251446129f,-0.030333134332262868f,0f,0f,0f,1f], start_interpolation: 0, interpolation_duration: 1 }
$data merge entity $(bone_leg_left_0) { transformation: [-0.9472550126545703f,-0.10968226514753672f,-0.301127450945435f,0.06921577503082524f,0.12832662583234467f,0.7311838574185273f,-0.6700018236938229f,0.6570068646276457f,0.2936668488326105f,-0.6733052557070001f,-0.6785424191117726f,-0.20531076994803146f,0f,0f,0f,1f], start_interpolation: 0, interpolation_duration: 1 }
$data merge entity $(bone_leg_right_3) { transformation: [-0.9754863854011808f,0.019548575151108347f,0.2191897924322685f,-0.43950198774019944f,0.02959984966755706f,0.998650801342148f,0.042666449094621306f,0.051287051256490135f,-0.21805999357194686f,0.04810852510987378f,-0.9747488953649319f,-0.4600461703093078f,0f,0f,0f,1f], start_interpolation: 0, interpolation_duration: 1 }
$data merge entity $(bone_leg_right_2) { transformation: [-0.9095146374472369f,0.13975336766019017f,0.45311623232626697f,-0.3915113582460793f,0.11079281530952201f,1.015643108341938f,-0.09086378846389413f,0.28505200554182847f,-0.4610534414205212f,-0.03162708026133404f,-0.9156918976648923f,-0.4950021096436671f,0f,0f,0f,1f], start_interpolation: 0, interpolation_duration: 1 }
$data merge entity $(bone_leg_right_1) { transformation: [-0.9944541977494642f,-0.03967798243866083f,0.09739869756863845f,-0.42726146469369114f,0.08880074083076285f,0.17941510645567316f,0.9797574434539436f,0.28359934478748156f,-0.056349596328433935f,0.9829729789191038f,-0.1748966715192881f,-0.21980544301145136f,0f,0f,0f,1f], start_interpolation: 0, interpolation_duration: 1 }
$data merge entity $(bone_leg_right_0) { transformation: [-0.9946891743154624f,-0.04681652917207045f,-0.09166056456243571f,-0.3225233073256689f,-0.03672908528693583f,0.9933847293031157f,-0.10880144245992679f,0.6867622892882572f,0.09614791102051445f,-0.10485700827153344f,-0.9898285644609045f,-0.1915771391823334f,0f,0f,0f,1f], start_interpolation: 0, interpolation_duration: 1 }
$data merge entity $(bone_tail_4) { transformation: [-2.712735634679909f,-0.06480656195207017f,-0.512373708796366f,-0.2647731279313592f,-0.13034889414484468f,2.736852568927416f,0.3439600461545233f,0.826931703053092f,0.4997358039334454f,0.3620765900791685f,-2.691621444554124f,-1.9557938328260784f,0f,0f,0f,1f], start_interpolation: 0, interpolation_duration: 1 }
$data merge entity $(bone_tail_3) { transformation: [-2.0800492829572734f,-0.016753684405252604f,-0.09518308973880388f,-0.2484696453650739f,-0.019722456598388696f,2.081195247547577f,0.06467528380727632f,0.7955990355695431f,0.09461253204042631f,0.06550711174121683f,-2.0791110632038556f,-1.6038944667576784f,0f,0f,0f,1f], start_interpolation: 0, interpolation_duration: 1 }
$data merge entity $(bone_tail_2) { transformation: [-1.9489909277991255f,-0.03471647917739258f,-0.13785138531406424f,-0.22429280640104984f,-0.031970976080501375f,1.95349828982041f,-0.039952013215499016f,0.8034672273485858f,0.1385138803439604f,-0.03759085986030454f,-1.948890635004899f,-1.2415064758074037f,0f,0f,0f,1f], start_interpolation: 0, interpolation_duration: 1 }
$data merge entity $(bone_tail_1) { transformation: [-1.4792319550548263f,0.14654100286722532f,-0.2793829050306133f,-0.16455081805051447f,0.13556623650175656f,1.5047157526133306f,0.0714741167000278f,0.7695636830829016f,0.2848699153393118f,0.044860765886989146f,-1.4847534788706864f,-0.9228246258175159f,0f,0f,0f,1f], start_interpolation: 0, interpolation_duration: 1 }
$data merge entity $(bone_tail_0) { transformation: [-1.2731631363242317f,0.02600360551940413f,-0.1105222031497054f,-0.1316261481926335f,0.01654739355017193f,1.273452430060879f,0.10899912257796407f,0.7684422816840879f,0.11232777330548871f,0.10713746989761112f,-1.2687551972197775f,-0.5494794505782563f,0f,0f,0f,1f], start_interpolation: 0, interpolation_duration: 1 }
$data merge entity $(bone_body_1) { transformation: [-1.2320636719100828f,0.10196945696429922f,-0.015031076544946268f,-0.13499999999999998f,0.0935841722660562f,1.1822580304414894f,0.34944605766003145f,0.6075675f,0.0431938203562873f,0.34709188172480615f,-1.185860917047194f,-0.2971625f,0f,0f,0f,1f], start_interpolation: 0, interpolation_duration: 1 }