# This file was generated by Animated Java via MC-Build. It is not recommended to edit this file directly.
$data merge entity $(bone_head_lower) { transformation: [-0.9689064526366189f,-0.09180063569137095f,0.2297671197664786f,-0.2735256451209811f,-0.0003256034688923007f,0.9290969013535681f,0.3698362365663747f,0.4027652874084179f,-0.24742712062646693f,0.35826190305676997f,-0.9002378734515879f,0.6682290264859329f,0f,0f,0f,1f], start_interpolation: 0, interpolation_duration: 1 }
$data merge entity $(bone_head_upper) { transformation: [-1.0085343228384347f,0.0027932844165504704f,0.2575318617229623f,-0.25602243248197776f,-0.00033892051510188377f,1.0408230656019424f,-0.012616411033527643f,0.42526684687395183f,-0.25754678676545584f,-0.012307975327028238f,-1.008459274811653f,0.5983521786697231f,0f,0f,0f,1f], start_interpolation: 0, interpolation_duration: 1 }
$data merge entity $(bone_neck_0) { transformation: [-0.948503878168853f,-0.051272833860859776f,0.312588370875377f,-0.23467114277222192f,-0.1855496886639107f,0.8897255821318797f,-0.4170847654096391f,0.383915405218312f,-0.2567327523620066f,-0.4536071924120743f,-0.8534218235179272f,0.5506141754120755f,0f,0f,0f,1f], start_interpolation: 0, interpolation_duration: 1 }
$data merge entity $(bone_neck_1) { transformation: [-0.975500997069274f,0.06874070548013976f,0.20897971223768286f,-0.21665113844940825f,0.07536398219367015f,0.996869919160025f,0.023887956417360412f,0.39053148376512076f,-0.20668351386785602f,0.039052268615001384f,-0.9776281733927565f,0.46797614667590903f,0f,0f,0f,1f], start_interpolation: 0, interpolation_duration: 1 }
$data merge entity $(bone_neck_2) { transformation: [-0.9821444748825572f,0.08375938059969301f,0.1684535443949507f,-0.20107328787314374f,0.14474011276477688f,0.908423345380733f,0.3921955192555334f,0.43378478503416823f,-0.12017707857368452f,0.40957464732186916f,-0.9043263117131234f,0.39276037110393724f,0f,0f,0f,1f], start_interpolation: 0, interpolation_duration: 1 }
$data merge entity $(bone_body_0) { transformation: [-0.9865971875928247f,-0.0722013184838034f,0.14633167477729864f,-0.13279552610458964f,-0.0441994514446436f,0.9815019739679998f,0.18628012129294047f,0.5309279408285889f,-0.15707449801263512f,0.17731566401793264f,-0.9715383458041985f,-0.06343285466043394f,0f,0f,0f,1f], start_interpolation: 0, interpolation_duration: 1 }
$data merge entity $(bone_leg_left_3) { transformation: [-0.8802846307999612f,-0.06515575120546295f,-0.4699507387612321f,0.13478494399403307f,-0.09881349509722259f,0.9939820303287952f,0.0472823071572996f,0.012997653994707759f,0.4640418752268454f,0.08805936331985294f,-0.8814253720920764f,-0.27011292733652764f,0f,0f,0f,1f], start_interpolation: 0, interpolation_duration: 1 }
$data merge entity $(bone_leg_left_2) { transformation: [-0.9043706346674052f,-0.08800135002244924f,-0.47584841813984774f,0.09816308860285061f,-0.10036266201444691f,1.0207769943995804f,0.0019655224820345468f,0.25084433228237063f,0.473395490816445f,0.04829378427375364f,-0.9086399832584255f,-0.28620234625853763f,0f,0f,0f,1f], start_interpolation: 0, interpolation_duration: 1 }
$data merge entity $(bone_leg_left_1) { transformation: [-0.947460354957114f,0.3143177694127859f,0.05935668130809019f,0.199274613464677f,0.1773335877669605f,0.3617006831529306f,0.9152734096740718f,0.2970327261409755f,0.26621734435276206f,0.8777112028669078f,-0.3984361553971839f,-0.031925966166629904f,0f,0f,0f,1f], start_interpolation: 0, interpolation_duration: 1 }
$data merge entity $(bone_leg_left_0) { transformation: [-0.9426709100177927f,-0.11426123172507817f,-0.3135537056564543f,0.07032752251883839f,0.134361904657676f,0.7301000039802389f,-0.6700006438540315f,0.6538589703077505f,0.305480660571153f,-0.6737197897588606f,-0.6728916784329322f,-0.20615270858837112f,0f,0f,0f,1f], start_interpolation: 0, interpolation_duration: 1 }
$data merge entity $(bone_leg_right_3) { transformation: [-0.9762923475730271f,0.034123900218362056f,0.21374941287459642f,-0.4506089465893429f,0.0433588986997106f,0.9983110724818315f,0.03866533930698714f,0.05296661735405486f,-0.2120689934287793f,0.0470166140216782f,-0.9761230352942405f,-0.46001807322816424f,0f,0f,0f,1f], start_interpolation: 0, interpolation_duration: 1 }
$data merge entity $(bone_leg_right_2) { transformation: [-0.9101390886719684f,0.15740560910997056f,0.44601851193955194f,-0.3987219878346797f,0.12004084307014604f,1.0124377543645227f,-0.11234851593602045f,0.28530608677994f,-0.4574923330145126f,-0.047491759903554184f,-0.9167919597568992f,-0.4987115678248754f,0f,0f,0f,1f], start_interpolation: 0, interpolation_duration: 1 }
$data merge entity $(bone_leg_right_1) { transformation: [-0.9929520583492479f,-0.029389611738117882f,0.11481489686392694f,-0.43257083932942075f,0.10698211163110466f,0.19461472260728535f,0.9750281726880714f,0.28859560289548347f,-0.051000368733386175f,0.9804393711323368f,-0.19009892667420986f,-0.22329039943729817f,0f,0f,0f,1f], start_interpolation: 0, interpolation_duration: 1 }
$data merge entity $(bone_leg_right_0) { transformation: [-0.994710641787227f,-0.03038590407488373f,-0.09811949831096115f,-0.3208531908337649f,-0.020999331632767283f,0.9952253461528051f,-0.09531809086425524f,0.6895546173634252f,0.10054733803646822f,-0.09275347545284396f,-0.9905993264712019f,-0.19075865653976726f,0f,0f,0f,1f], start_interpolation: 0, interpolation_duration: 1 }
$data merge entity $(bone_tail_4) { transformation: [-2.756203564502468f,-0.10227775679322997f,0.13617085991222183f,-0.13726291966554333f,-0.09368828339845013f,2.7544705985321376f,0.17255595896944168f,0.8121746474070424f,-0.14221725696180726f,0.1676076188225248f,-2.7526974533237216f,-1.9557538790600475f,0f,0f,0f,1f], start_interpolation: 0, interpolation_duration: 1 }
$data merge entity $(bone_tail_3) { transformation: [-2.0634704364745797f,0.000895790428282567f,0.279346525661874f,-0.18463853342326453f,-0.0033191660920737897f,2.0820570139946835f,-0.031194545299503062f,0.7970895270928883f,-0.27932824235351617f,-0.03135783920326981f,-2.063234825459439f,-1.6055986366304182f,0f,0f,0f,1f], start_interpolation: 0, interpolation_duration: 1 }
$data merge entity $(bone_tail_2) { transformation: [-1.950756281378084f,-0.0015745034605756433f,0.1154180514719366f,-0.2075373487362325f,-0.006664817532242619f,1.9522630496505478f,-0.08601418591827598f,0.8135389947547911f,-0.11523621771816309f,-0.08625764262240468f,-1.9488596943387213f,-1.243415612124792f,0f,0f,0f,1f], start_interpolation: 0, interpolation_duration: 1 }
$data merge entity $(bone_tail_1) { transformation: [-1.488387018177314f,0.17031375450410363f,-0.20821517511449714f,-0.16339171268359376f,0.15892047408667145f,1.5013107495317946f,0.09201394598836776f,0.7752348190523934f,0.21703598097392143f,0.06866955924569902f,-1.495271254520627f,-0.9226966854302547f,0f,0f,0f,1f], start_interpolation: 0, interpolation_duration: 1 }
$data merge entity $(bone_tail_0) { transformation: [-1.2724964482091907f,0.05168483922938462f,-0.1091658521372616f,-0.1302436661995548f,0.04064235367084222f,1.271133922395834f,0.12807211642939254f,0.768483895832555f,0.11373963674601731f,0.12402800213033485f,-1.2670896046864522f,-0.5494306364105868f,0f,0f,0f,1f], start_interpolation: 0, interpolation_duration: 1 }
$data merge entity $(bone_body_1) { transformation: [-1.2303075383094313f,0.12137410268622052f,-0.014706577859996779f,-0.13499999999999998f,0.11226684281298839f,1.1804195575131462f,0.3501577063289083f,0.6075675f,0.048416032882105345f,0.34710602197863544f,-1.1856550477783898f,-0.2971625f,0f,0f,0f,1f], start_interpolation: 0, interpolation_duration: 1 }