# This file was generated by Animated Java via MC-Build. It is not recommended to edit this file directly.
$data merge entity $(bone_head_lower) { transformation: [-0.9738090278817229f,-0.07580768371416911f,0.21435758047231931f,-0.2644838855248668f,0.018133522020215377f,0.9138822751864746f,0.40557411465616844f,0.40411321850820364f,-0.22664322755202f,0.3988387922330086f,-0.8885721496957455f,0.6706801063739312f,0f,0f,0f,1f], start_interpolation: 0, interpolation_duration: 1 }
$data merge entity $(bone_head_upper) { transformation: [-1.0136374113683237f,0.01445478464489656f,0.2362248929704505f,-0.24818924741745363f,0.018875175515208013f,1.040584319063392f,0.017318927569383365f,0.4286790449661614f,-0.23591284112421948f,0.021148917318697797f,-1.013592520331742f,0.6012073676112856f,0f,0f,0f,1f], start_interpolation: 0, interpolation_duration: 1 }
$data merge entity $(bone_neck_0) { transformation: [-0.9566906912349377f,-0.04608789568362341f,0.28743490945929484f,-0.22854594359000546f,-0.1671134723205982f,0.8954333975915746f,-0.4126404219736133f,0.38751637714076814f,-0.2383610888407968f,-0.4428034963153119f,-0.864354704376372f,0.5525811231898233f,0f,0f,0f,1f], start_interpolation: 0, interpolation_duration: 1 }
$data merge entity $(bone_neck_1) { transformation: [-0.9775070432342463f,0.08512123865448307f,0.19296205626331844f,-0.21180738189118758f,0.09128825925889078f,0.9955523434321442f,0.023280575771393808f,0.3940749326683112f,-0.19012215586018136f,0.04037209700638039f,-0.9809299973160084f,0.46966946691533895f,0f,0f,0f,1f], start_interpolation: 0, interpolation_duration: 1 }
$data merge entity $(bone_neck_2) { transformation: [-0.981087639710225f,0.10517224325450805f,0.16249874601557565f,-0.19654157100551436f,0.16127348245138878f,0.9083940745842823f,0.3857603778489529f,0.43676418070719014f,-0.10704161371084418f,0.4046714772614693f,-0.9081756924875266f,0.39406845161780096f,0f,0f,0f,1f], start_interpolation: 0, interpolation_duration: 1 }
$data merge entity $(bone_body_0) { transformation: [-0.9895404708151156f,-0.048428794346627294f,0.1358834371699927f,-0.13296156143233076f,-0.02340957262536439f,0.9833873115560361f,0.18000385379232722f,0.5309673153617729f,-0.14234341758050167f,0.1749401250391796f,-0.9742352406491869f,-0.06341844055185386f,0f,0f,0f,1f], start_interpolation: 0, interpolation_duration: 1 }
$data merge entity $(bone_leg_left_3) { transformation: [-0.8775738243984996f,-0.05803270831711363f,-0.4759163660728345f,0.13136816431313902f,-0.09640171287275977f,0.9937326778498483f,0.056586877706466504f,0.01336336264830823f,0.469649755121611f,0.09553831555323475f,-0.8776682390148687f,-0.2740961968803181f,0f,0f,0f,1f], start_interpolation: 0, interpolation_duration: 1 }
$data merge entity $(bone_leg_left_2) { transformation: [-0.9016009439861363f,-0.07880882389684266f,-0.4826666619728347f,0.096682655978616f,-0.09784802989140202f,1.020896272289682f,0.016086136021319256f,0.25167813579110504f,0.47916980325389175f,0.06018446644875702f,-0.9048957559567835f,-0.2872892435143827f,0f,0f,0f,1f], start_interpolation: 0, interpolation_duration: 1 }
$data merge entity $(bone_leg_left_1) { transformation: [-0.9438474141307331f,0.3240696326396344f,0.06427232716761337f,0.20011079593608877f,0.18249656394677694f,0.34923592301902595f,0.9190915483349131f,0.29417492019104996f,0.275403454928126f,0.879211660110272f,-0.38876701729929486f,-0.033300998037613466f,0f,0f,0f,1f], start_interpolation: 0, interpolation_duration: 1 }
$data merge entity $(bone_leg_left_0) { transformation: [-0.9388765218040667f,-0.11740859025305647f,-0.323614121663267f,0.07118812534461191f,0.13956902015494693f,0.7295021468828405f,-0.6695872656392999f,0.6513382352696301f,0.3146924934250671f,-0.6738262688765675f,-0.668525836414568f,-0.2068538428258608f,0f,0f,0f,1f], start_interpolation: 0, interpolation_duration: 1 }
$data merge entity $(bone_leg_right_3) { transformation: [-0.9767760912287393f,0.044822194854336f,0.209521928332921f,-0.45895881233456864f,0.05373513765234718f,0.9978680370577249f,0.03703937904509742f,0.053868616113792955f,-0.2074150490812784f,0.0474378695453648f,-0.9771021676097171f,-0.4573856248978669f,0f,0f,0f,1f], start_interpolation: 0, interpolation_duration: 1 }
$data merge entity $(bone_leg_right_2) { transformation: [-0.9109679978112527f,0.17076710835814382f,0.43936101461946975f,-0.40416176804053683f,0.12619750413426428f,1.0094820099003805f,-0.13069988958857065f,0.28494241484224914f,-0.4541736412593034f,-0.062023107719463455f,-0.917573777521339f,-0.4994956657890184f,0f,0f,0f,1f], start_interpolation: 0, interpolation_duration: 1 }
$data merge entity $(bone_leg_right_1) { transformation: [-0.9916699079155137f,-0.021254796081546193f,0.12703947173366464f,-0.4364234551160799f,0.11987309241631147f,0.20859244756806888f,0.970628472965899f,0.2925193175393229f,-0.047129984610512377f,0.9777716627419176f,-0.20430697513672536f,-0.22396860767616364f,0f,0f,0f,1f], start_interpolation: 0, interpolation_duration: 1 }
$data merge entity $(bone_leg_right_0) { transformation: [-0.9945527707184675f,-0.0179421799031591f,-0.1026784516660739f,-0.3194672253501941f,-0.008683955904916819f,0.9959117222801712f,-0.0899134602536496f,0.6918758768615825f,0.10387191711940749f,-0.08853202587349862f,-0.9906425718838622f,-0.19016243354052673f,0f,0f,0f,1f], start_interpolation: 0, interpolation_duration: 1 }
$data merge entity $(bone_tail_4) { transformation: [-2.660847103010783f,-0.07125930046841868f,0.7351708223915544f,-0.025587437440726724f,-0.07639954787348714f,2.760388420365411f,-0.008955969923725491f,0.7936019767851962f,-0.7346544324264637f,-0.028969163075580118f,-2.6617860515275926f,-1.9398227828785695f,0f,0f,0f,1f], start_interpolation: 0, interpolation_duration: 1 }
$data merge entity $(bone_tail_3) { transformation: [-1.9920222567342503f,0.046014121336538656f,0.6047111338130419f,-0.12857438346438252f,0.008721001790519907f,2.0782497937098006f,-0.12941122485080406f,0.7952080324506428f,-0.6063965689609383f,-0.12126838675945983f,-1.9883467266977368f,-1.6014859492812124f,0f,0f,0f,1f], start_interpolation: 0, interpolation_duration: 1 }
$data merge entity $(bone_tail_2) { transformation: [-1.9251522112402193f,0.04220844202965037f,0.332838227944299f,-0.19186178362867545f,0.019367260813869486f,1.9493903996140756f,-0.13518821732613853f,0.8208174108833188f,-0.33494439503929463f,-0.12988222479108283f,-1.9208635388589832f,-1.2446801916400594f,0f,0f,0f,1f], start_interpolation: 0, interpolation_duration: 1 }
$data merge entity $(bone_tail_1) { transformation: [-1.4938087052461952f,0.18902426501048863f,-0.14304415181310676f,-0.16196376161019324f,0.17947189343655695f,1.4981084996792942f,0.10543724510320142f,0.7796442009232585f,0.1548600710221447f,0.08716077343564584f,-1.5020245031214094f,-0.9226746760664977f,0f,0f,0f,1f], start_interpolation: 0, interpolation_duration: 1 }
$data merge entity $(bone_tail_0) { transformation: [-1.2716512675669214f,0.07361968728427366f,-0.10639037514566733f,-0.12909744705411821f,0.06144694551412735f,1.2686565099351055f,0.14342471638559937f,0.7683471067927944f,0.11385536072778452f,0.13757368217603064f,-1.265680115744141f,-0.5494936310863302f,0f,0f,0f,1f], start_interpolation: 0, interpolation_duration: 1 }
$data merge entity $(bone_body_1) { transformation: [-1.2286552133962354f,0.13713231809887316f,-0.014341861222690063f,-0.13499999999999998f,0.1274954626684512f,1.1789174395063249f,0.3500045326607335f,0.6075675f,0.05249636796445066f,0.3463423064208737f,-1.1857047411518016f,-0.2971625f,0f,0f,0f,1f], start_interpolation: 0, interpolation_duration: 1 }