# This file was generated by Animated Java via MC-Build. It is not recommended to edit this file directly.
$data merge entity $(bone_head_lower) { transformation: [-0.9779916537914992f,-0.056912630102798005f,0.20073185509268468f,-0.2550499026816676f,0.034492133911006084f,0.9047392969009543f,0.4245669527193946f,0.4042382101089718f,-0.2057732193761708f,0.4221466062613194f,-0.8828644431675889f,0.6729604465945914f,0f,0f,0f,1f], start_interpolation: 0, interpolation_duration: 1 }
$data merge entity $(bone_head_upper) { transformation: [-1.0179911049350492f,0.023009254008098706f,0.21595515063692206f,-0.23996187037227593f,0.035902847816243776f,1.038629525840078f,0.05858016861879156f,0.4316098693324967f,-0.2141892583098148f,0.064739669961417f,-1.0165646459234579f,0.6042683797733139f,0f,0f,0f,1f], start_interpolation: 0, interpolation_duration: 1 }
$data merge entity $(bone_neck_0) { transformation: [-0.9638021188039043f,-0.04231203725482181f,0.2632397524927631f,-0.2219420621422038f,-0.14939947873781723f,0.9034678466528656f,-0.40177810519900514f,0.3910134412695604f,-0.22082860218271794f,-0.42656247088530996f,-0.8770856211854382f,0.5545496429211054f,0f,0f,0f,1f], start_interpolation: 0, interpolation_duration: 1 }
$data merge entity $(bone_neck_1) { transformation: [-0.9793643847666982f,0.09682887172831561f,0.1773966500539627f,-0.20646815904315782f,0.10298332847121726f,0.9943484663118167f,0.02579848058175871f,0.3977797502706332f,-0.1738960491429753f,0.04353501054507053f,-0.9838012334558768f,0.4714093264079084f,0f,0f,0f,1f], start_interpolation: 0, interpolation_duration: 1 }
$data merge entity $(bone_neck_2) { transformation: [-0.9804608891405507f,0.12127980665310484f,0.1548794801253735f,-0.19171214988106108f,0.17239528334075715f,0.9089555821006754f,0.3795782080808676f,0.4399328913810823f,-0.09474339632702922f,0.39886207925322736f,-0.9121034648471694f,0.3954073311559986f,0f,0f,0f,1f], start_interpolation: 0, interpolation_duration: 1 }
$data merge entity $(bone_body_0) { transformation: [-0.9917546702464606f,-0.028426333633998956f,0.12495846350072747f,-0.13309049098818723f,-0.006321407756041363f,0.984752439401221f,0.17384669366233652f,0.5312471841048861f,-0.127994975871383f,0.17162335694617148f,-0.9768125252586656f,-0.06332582194733233f,0f,0f,0f,1f], start_interpolation: 0, interpolation_duration: 1 }
$data merge entity $(bone_leg_left_3) { transformation: [-0.8761760939596769f,-0.05297216905808518f,-0.47907139517909525f,0.12876867297011563f,-0.0946062054950149f,0.9935084783722287f,0.06317095285282164f,0.013806698686888053f,0.47261519046196376f,0.10067200558139305f,-0.8754998738074272f,-0.27677887098307796f,0f,0f,0f,1f], start_interpolation: 0, interpolation_duration: 1 }
$data merge entity $(bone_leg_left_2) { transformation: [-0.9001718039491213f,-0.0726870518551833f,-0.4862813129951434f,0.0954006490398235f,-0.09598044013265898f,1.0208923681245354f,0.02507443554126287f,0.2524012378276066f,0.4822247173130177f,0.0675097378040663f,-0.9027535415686276f,-0.2881934641528402f,0f,0f,0f,1f], start_interpolation: 0, interpolation_duration: 1 }
$data merge entity $(bone_leg_left_1) { transformation: [-0.941373808393678f,0.33026064107115505f,0.06887134258639374f,0.20021751458336562f,0.18668213857028404f,0.33990039877125067f,0.921746981581155f,0.29213765946844644f,0.28100735223336776f,0.8805655159466637f,-0.38162709562657837f,-0.03432769814140252f,0f,0f,0f,1f], start_interpolation: 0, interpolation_duration: 1 }
$data merge entity $(bone_leg_left_0) { transformation: [-0.9363447804139503f,-0.11843313683223335f,-0.3305027144996369f,0.07174772803019996f,0.14376272764385012f,0.7294985177544275f,-0.6687033652782775f,0.6497152205788399f,0.320297877501477f,-0.6736508774537228f,-0.6660358586246525f,-0.20736260877443052f,0f,0f,0f,1f], start_interpolation: 0, interpolation_duration: 1 }
$data merge entity $(bone_leg_right_3) { transformation: [-0.977022423133032f,0.05027965758236522f,0.20712107746112907f,-0.4634587942502717f,0.05947706044980626f,0.9974901593389605f,0.03841694030222942f,0.05345141915102633f,-0.2046696459554005f,0.04985316494802568f,-0.9775607387621271f,-0.4514294145247728f,0f,0f,0f,1f], start_interpolation: 0, interpolation_duration: 1 }
$data merge entity $(bone_leg_right_2) { transformation: [-0.9121480282671502f,0.17846258013641195f,0.4338194111840772f,-0.40703737635214815f,0.12819972289035036f,1.007299641662355f,-0.1448256277680943f,0.28357685623235196f,-0.451234977677797f,-0.07457036206590376f,-0.9180895683549466f,-0.49648470141221535f,0f,0f,0f,1f], start_interpolation: 0, interpolation_duration: 1 }
$data merge entity $(bone_leg_right_1) { transformation: [-0.9910675437545993f,-0.016531075335961196f,0.13233233642788336f,-0.4382844933537856f,0.12545549463050312f,0.22099515932188962f,0.9671721968829067f,0.2948176730797001f,-0.045233202221836424f,0.9751347922746523f,-0.21694721549775442f,-0.22096583204850737f,0f,0f,0f,1f], start_interpolation: 0, interpolation_duration: 1 }
$data merge entity $(bone_leg_right_0) { transformation: [-0.9943942696838864f,-0.011239805850169371f,-0.10513659298408297f,-0.31851501544772926f,-0.0011680433535146625f,0.9954410336214662f,-0.0953718210864784f,0.6935598519943584f,0.10572923954410403f,-0.09471438827906487f,-0.989873988221909f,-0.18986558315956292f,0f,0f,0f,1f], start_interpolation: 0, interpolation_duration: 1 }
$data merge entity $(bone_tail_4) { transformation: [-2.4755330375573594f,0.0040656697462063875f,1.2236751946049866f,0.061909114329137885f,-0.08608305151869526f,2.7540247875227584f,-0.18329896222144276f,0.772627150850535f,-1.2206503265895872f,-0.20246548258837369f,-2.4687409422936604f,-1.9163470169383165f,0f,0f,0f,1f], start_interpolation: 0, interpolation_duration: 1 }
$data merge entity $(bone_tail_3) { transformation: [-1.8952139877889733f,0.10181782458588282f,0.8565877638222844f,-0.08433288330875367f,0.01117712404489068f,2.0704622213563786f,-0.22137476793559888f,0.7899030324998864f,-0.8625453834039969f,-0.196887903582352f,-1.8849923450868022f,-1.594795270752913f,0f,0f,0f,1f], start_interpolation: 0, interpolation_duration: 1 }
$data merge entity $(bone_tail_2) { transformation: [-1.8875477274142554f,0.08572598246530962f,0.49858650971161933f,-0.1783943654650969f,0.03994369651437254f,1.945149469619386f,-0.18322640898889966f,0.8244568118417126f,-0.504323262248357f,-0.16678870397169368f,-1.880588591474859f,-1.2456105662240793f,0f,0f,0f,1f], start_interpolation: 0, interpolation_duration: 1 }
$data merge entity $(bone_tail_1) { transformation: [-1.4965108007712904f,0.20080504063625002f,-0.08825536147988897f,-0.16042770615209515f,0.19421511745162134f,1.495912064810942f,0.11038039910381692f,0.7822326541768814f,0.10194195077653169f,0.09788094813669794f,-1.5058829332533576f,-0.9228552461107555f,0f,0f,0f,1f], start_interpolation: 0, interpolation_duration: 1 }
$data merge entity $(bone_tail_0) { transformation: [-1.2709176009316896f,0.08998162702673555f,-0.10250597555112428f,-0.1283016606871687f,0.07730568219907605f,1.2666217403660969f,0.15339137823138357f,0.7679739671939817f,0.11237437308301967f,0.146316062732734f,-1.264831738471413f,-0.5497111474717842f,0f,0f,0f,1f], start_interpolation: 0, interpolation_duration: 1 }
$data merge entity $(bone_body_1) { transformation: [-1.2274204193431788f,0.14780855994058942f,-0.014012096344023438f,-0.13499999999999998f,0.13789631928067012f,1.1781567593473607f,0.34861992282314935f,0.6075675f,0.055030122337757f,0.34453428721778084f,-1.1861165227847883f,-0.2971625f,0f,0f,0f,1f], start_interpolation: 0, interpolation_duration: 1 }