# This file was generated by Animated Java via MC-Build. It is not recommended to edit this file directly.
$data merge entity $(bone_head_lower) { transformation: [-0.9843865668687435f,-0.01579527644193072f,0.17531000031513275f,-0.2301393505584731f,0.056440134619386115f,0.9150536661622648f,0.3993636178310985f,0.40114296174166447f,-0.16672611724776173f,0.4030227007069467f,-0.8998750494053963f,0.6812420874074763f,0f,0f,0f,1f], start_interpolation: 0, interpolation_duration: 1 }
$data merge entity $(bone_head_upper) { transformation: [-1.0246475672926056f,0.02246702650612179f,0.18183656987752925f,-0.21741760525192846f,0.05874851260859625f,1.0187864370350672f,0.20517005279323236f,0.4381816620193867f,-0.1735451459739797f,0.21222952437602402f,-1.004147725125892f,0.6167304731826769f,0f,0f,0f,1f], start_interpolation: 0, interpolation_duration: 1 }
$data merge entity $(bone_neck_0) { transformation: [-0.9743615801202868f,-0.03738957531869446f,0.2218592590877958f,-0.20215002607474827f,-0.11898572894240139f,0.9225453256752995f,-0.3670865271059415f,0.39950896574494693f,-0.19095001307552556f,-0.3840730942569961f,-0.903341547131711f,0.5646146421595574f,0f,0f,0f,1f], start_interpolation: 0, interpolation_duration: 1 }
$data merge entity $(bone_neck_1) { transformation: [-0.9830117225906697f,0.10603120896420459f,0.14981767577596938f,-0.18897003005373214f,0.1127048139959606f,0.9929484661463066f,0.03675552312010982f,0.40719703043443894f,-0.14486399881081635f,0.05301628337865805f,-0.9880302098343217f,0.48115975488057633f,0f,0f,0f,1f], start_interpolation: 0, interpolation_duration: 1 }
$data merge entity $(bone_neck_2) { transformation: [-0.9813698829329892f,0.13627003524722656f,0.13543865905202493f,-0.17577041891698947f,0.1775384354385574f,0.9126529914186998f,0.368163851018168f,0.44838638820662186f,-0.07343879638256744f,0.38535048299985075f,-0.9198433282019616f,0.4043474025777434f,0f,0f,0f,1f], start_interpolation: 0, interpolation_duration: 1 }
$data merge entity $(bone_body_0) { transformation: [-0.9947041593327213f,-0.003059913430299482f,0.10273398822192857f,-0.12738142502076577f,0.013686130360631023f,0.9867118252560095f,0.16190263659281734f,0.5340901572232745f,-0.10186424908639974f,0.1624512567810823f,-0.9814444782708346f,-0.056656148329596645f,0f,0f,0f,1f], start_interpolation: 0, interpolation_duration: 1 }
$data merge entity $(bone_leg_left_3) { transformation: [-0.8807116846431323f,-0.04844342845301057f,-0.4711689323085443f,0.1302391922994648f,-0.09191016736130703f,0.9933270642244357f,0.06966968217869955f,0.015641056606958276f,0.46464981401984035f,0.1046641185840805f,-0.8792871957513911f,-0.2729418525114567f,0f,0f,0f,1f], start_interpolation: 0, interpolation_duration: 1 }
$data merge entity $(bone_leg_left_2) { transformation: [-0.9047986529762302f,-0.07205200928822554f,-0.47771341307380394f,0.09727680436070966f,-0.09322210966519072f,1.0212070445021943f,0.022539077828509838f,0.25423487165888314f,0.47403716662585077f,0.06329991877813033f,-0.9073830968453798f,-0.28549352436657377f,0f,0f,0f,1f], start_interpolation: 0, interpolation_duration: 1 }
$data merge entity $(bone_leg_left_1) { transformation: [-0.941224823053976f,0.3276594213804399f,0.08206787463829257f,0.2006841380932063f,0.19517085662195063f,0.3292473492801704f,0.923853083405276f,0.2907964347924758f,0.27568853656339276f,0.8855707123502996f,-0.37384534801829233f,-0.030574790077918468f,0f,0f,0f,1f], start_interpolation: 0, interpolation_duration: 1 }
$data merge entity $(bone_leg_left_0) { transformation: [-0.9369878163703853f,-0.10492439664531901f,-0.3332337062214336f,0.07766587235859984f,0.15185315162881996f,0.7367034510380924f,-0.6589451005728473f,0.6513492222395587f,0.31463383847553894f,-0.6680261194123932f,-0.6743490575873651f,-0.2013830812239911f,0f,0f,0f,1f], start_interpolation: 0, interpolation_duration: 1 }
$data merge entity $(bone_leg_right_3) { transformation: [-0.9766880383492186f,0.031090652928379994f,0.2124002049105475f,-0.44544153238769446f,0.04744021112109056f,0.9962528215293778f,0.07231695488293208f,0.04824924829427238f,-0.2093559220904486f,0.08070741536711906f,-0.9745031610982168f,-0.3996753920221711f,0f,0f,0f,1f], start_interpolation: 0, interpolation_duration: 1 }
$data merge entity $(bone_leg_right_2) { transformation: [-0.9175637780817376f,0.16506137700082835f,0.42766067679370845f,-0.3923258460846013f,0.11032265100337292f,1.0082890466572343f,-0.1524608492936072f,0.2783970858001752f,-0.44493575415856434f,-0.09038882516290644f,-0.9197413954246667f,-0.4484787610239477f,0f,0f,0f,1f], start_interpolation: 0, interpolation_duration: 1 }
$data merge entity $(bone_leg_right_1) { transformation: [-0.9942104658070325f,-0.027750541442191717f,0.10380489935175784f,-0.42517054639135765f,0.09417907948941565f,0.24003147777374456f,0.9661858986055835f,0.29423889569265715f,-0.05172862521167276f,0.9703683821762834f,-0.2360282868774265f,-0.1733721482701728f,0f,0f,0f,1f], start_interpolation: 0, interpolation_duration: 1 }
$data merge entity $(bone_leg_right_0) { transformation: [-0.9946618015034348f,-0.028179805632158973f,-0.09926630437603448f,-0.3124990337021769f,-0.007738658585595377f,0.9796505195073093f,-0.20056164337269072f,0.6961083169376205f,0.1028980747790617f,-0.19872281747095014f,-0.9746390244717118f,-0.18402001477116747f,0f,0f,0f,1f], start_interpolation: 0, interpolation_duration: 1 }
$data merge entity $(bone_tail_4) { transformation: [-2.108443371536841f,0.1465383280994779f,1.777260363317702f,0.15048716744455976f,-0.16868377683131133f,2.7233923950888386f,-0.4246657243129053f,0.7370872752022849f,-1.775295373749474f,-0.43280678410820933f,-2.070426515279793f,-1.8781092812704443f,0f,0f,0f,1f], start_interpolation: 0, interpolation_duration: 1 }
$data merge entity $(bone_tail_3) { transformation: [-1.7593220926424802f,0.17098637159569652f,1.1006793180182266f,-0.03782060612876863f,-0.014068749338589507f,2.054038561233917f,-0.34157456770168576f,0.7749053194211596f,-1.113792337321719f,-0.29603171407314466f,-1.7342944904573685f,-1.5811401223025794f,0f,0f,0f,1f], start_interpolation: 0, interpolation_duration: 1 }
$data merge entity $(bone_tail_2) { transformation: [-1.843634149869133f,0.12879088778366693f,0.6349802387972339f,-0.1571946655259662f,0.04956635580455954f,1.9375951667182691f,-0.24908235843799756f,0.8217068937864006f,-0.6460109695750937f,-0.21888753307731867f,-1.8312651228193995f,-1.241241710201096f,0f,0f,0f,1f], start_interpolation: 0, interpolation_duration: 1 }
$data merge entity $(bone_tail_1) { transformation: [-1.4989374598813676f,0.2000665617430765f,-0.02856767818180207f,-0.15206078421824606f,0.19789872582405837f,1.4964157079232434f,0.09608524027025815f,0.7825492190784216f,0.040973597372081075f,0.0914857909889991f,-1.5091745307834705f,-0.9176416533824815f,0f,0f,0f,1f], start_interpolation: 0, interpolation_duration: 1 }
$data merge entity $(bone_tail_0) { transformation: [-1.2707943016822216f,0.10061318739309726f,-0.09377924033934346f,-0.12222833512029618f,0.08887762025854987f,1.2658253589695392f,0.15369660305563754f,0.7681821202060621f,0.10496822382606961f,0.14628350452551608f,-1.2654716610317913f,-0.5443113401857209f,0f,0f,0f,1f], start_interpolation: 0, interpolation_duration: 1 }
$data merge entity $(bone_body_1) { transformation: [-1.2271127096127585f,0.1503792297161071f,-0.013604419615493064f,-0.12919460641399416f,0.14077240961850399f,1.1796825858491475f,0.34225242203776846f,0.6091532325072886f,0.05460880563869022f,0.3381415073168464f,-1.1879742398017126f,-0.2909002004373178f,0f,0f,0f,1f], start_interpolation: 0, interpolation_duration: 1 }