# This file was generated by Animated Java via MC-Build. It is not recommended to edit this file directly.
$data merge entity $(bone_head_lower) { transformation: [-0.9568345023819439f,-0.29062912551940623f,0.0015641135901605513f,0.5562377963376322f,-0.27241771584289043f,0.8987266489439907f,0.34362624837582995f,0.2716037028810768f,-0.10127350663643454f,0.3283673581185112f,-0.9391051884511283f,0.3531688216443738f,0f,0f,0f,1f], start_interpolation: 0, interpolation_duration: 1 }
$data merge entity $(bone_head_upper) { transformation: [-0.9959686348483229f,-0.26824967076043804f,-0.13985898297496588f,0.5402636339148339f,-0.2835594869134831f,0.660105217937096f,0.7532111664182156f,0.3382625595479869f,-0.10541555086057029f,0.7587984962904466f,-0.7046874103087317f,0.3215954237507789f,0f,0f,0f,1f], start_interpolation: 0, interpolation_duration: 1 }
$data merge entity $(bone_neck_0) { transformation: [-0.9655271716240675f,-0.2540041976172034f,-0.056913517273746994f,0.5410184495275973f,-0.24625115595341537f,0.9621721297735437f,-0.1165553983247888f,0.3151875811167337f,0.08436616055762594f,-0.098522384664015f,-0.9915521623560108f,0.2590517439894727f,0f,0f,0f,1f], start_interpolation: 0, interpolation_duration: 1 }
$data merge entity $(bone_neck_1) { transformation: [-0.9297554823095281f,-0.016592413359964323f,-0.36780352762618934f,0.5097842241420613f,-0.04951794470496787f,0.9955429562895528f,0.08026328758812257f,0.3265732769878537f,0.3648324495814107f,0.09283810640652904f,-0.9264331436921271f,0.1809983908351902f,0f,0f,0f,1f], start_interpolation: 0, interpolation_duration: 1 }
$data merge entity $(bone_neck_2) { transformation: [-0.8909568673182342f,0.06514528592812392f,-0.44939064554107205f,0.4710520462278618f,-0.0757171536315393f,0.9544868491791204f,0.28848183199302735f,0.36119147189192724f,0.4477306927433234f,0.29105144985974274f,-0.8454739974180906f,0.10977810320766784f,0f,0f,0f,1f], start_interpolation: 0, interpolation_duration: 1 }
$data merge entity $(bone_body_0) { transformation: [-0.8218551058797138f,-0.03399009430067973f,-0.568681684625833f,0.20271070268419222f,-0.08503944678345411f,0.9943542471912203f,0.06346592458591999f,0.4005751912993595f,0.5633138356459998f,0.10052017002677871f,-0.8201056139227307f,-0.27577701696834533f,0f,0f,0f,1f], start_interpolation: 0, interpolation_duration: 1 }
$data merge entity $(bone_leg_left_3) { transformation: [-0.8302165667410955f,-0.05076220387541265f,-0.5551248967271593f,0.4967756277436495f,-0.08000374180554441f,0.996385985589074f,0.028537151553751583f,0.05023002137059315f,0.5516700586453281f,0.06810408489511499f,-0.8312773183570324f,-0.7450398321200193f,0f,0f,0f,1f], start_interpolation: 0, interpolation_duration: 1 }
$data merge entity $(bone_leg_left_2) { transformation: [-0.7837649855504036f,-0.2833070756854131f,-0.5979228610719359f,0.41104274918237543f,-0.4981190679756188f,0.8627439636109443f,0.24415660317237603f,0.258107148183227f,0.43549057515056605f,0.4769404088774107f,-0.7968299723501694f,-0.657815719927704f,0f,0f,0f,1f], start_interpolation: 0, interpolation_duration: 1 }
$data merge entity $(bone_leg_left_1) { transformation: [-0.8994739776435822f,0.42303428405203813f,-0.10949227396767397f,0.5496885903891636f,-0.11241581504472081f,0.018119193785415266f,0.9934960389173165f,0.21257709383239004f,0.4222667972619488f,0.9059324971172775f,0.031258000527707386f,-0.4217696851661823f,0f,0f,0f,1f], start_interpolation: 0, interpolation_duration: 1 }
$data merge entity $(bone_leg_left_0) { transformation: [-0.8812839950358702f,-0.34221786389769804f,-0.32592246581497386f,0.3393830133498082f,-0.16377511373276477f,0.8680770492704906f,-0.4686362647636844f,0.5725192230997812f,0.44330151388804906f,-0.3596236507227173f,-0.821069179561277f,-0.4445842947191303f,0f,0f,0f,1f], start_interpolation: 0, interpolation_duration: 1 }
$data merge entity $(bone_leg_right_3) { transformation: [-0.8097649911971841f,0.007531429450961524f,0.5867060052546329f,-0.15956231251304578f,-0.027382886929828307f,0.9983430763501538f,-0.050609084234933044f,0.03911096135250747f,-0.586115036946513f,-0.05704716885293709f,-0.8082170401513764f,-0.03033927682266857f,0f,0f,0f,1f], start_interpolation: 0, interpolation_duration: 1 }
$data merge entity $(bone_leg_right_2) { transformation: [-0.8397718514316808f,0.037473424538095955f,0.5877424431645966f,-0.13136063377717902f,-0.39196601769040057f,0.7284213736618392f,-0.6064875455186376f,0.19076983180702584f,-0.4395544084861738f,-0.7211520258216576f,-0.582060028806637f,-0.21574511382613015f,0f,0f,0f,1f], start_interpolation: 0, interpolation_duration: 1 }
$data merge entity $(bone_leg_right_1) { transformation: [-0.9822046926940483f,0.1533749180181443f,-0.10839776830137027f,-0.10350567071169868f,0.0016185143918160672f,0.584046983262841f,0.8117182403720751f,0.3064188878910638f,0.18780660813973898f,0.7970980214907712f,-0.5739019272267208f,0.03497940136785199f,0f,0f,0f,1f], start_interpolation: 0, interpolation_duration: 1 }
$data merge entity $(bone_leg_right_0) { transformation: [-0.9894129249991036f,-0.09230323896135306f,-0.11199185649841446f,-0.015585478877769177f,0.0494801486985888f,0.5108941019765119f,-0.8582184637086171f,0.5711235279816148f,0.1364323228911815f,-0.8546738141787525f,-0.5009180498122019f,-0.2756792085995364f,0f,0f,0f,1f], start_interpolation: 0, interpolation_duration: 1 }
$data merge entity $(bone_tail_4) { transformation: [-2.2445578660164296f,1.2844284256565126f,-0.9684342709081014f,-0.38603502852252813f,-0.7337121322008956f,0.6620234700671437f,2.578575723871896f,1.8642534964248518f,1.4315333823439074f,2.353216920737609f,-0.19683401837391112f,-1.3374862472374562f,0f,0f,0f,1f], start_interpolation: 0, interpolation_duration: 1 }
$data merge entity $(bone_tail_3) { transformation: [-1.709360909872178f,0.7778614058133684f,-0.8994233926196576f,-0.24113804306775766f,-0.5400851267451376f,0.8953119903760813f,1.8007415199861285f,1.550152948763973f,1.0594049564326633f,1.7115179225702881f,-0.5332101509264778f,-1.2638220564795195f,0f,0f,0f,1f], start_interpolation: 0, interpolation_duration: 1 }
$data merge entity $(bone_tail_2) { transformation: [-1.7853127734050696f,0.7099362299661051f,-0.3569631990849883f,-0.17593057323755926f,0.06824584148569339f,1.011598175970116f,1.6705644287176178f,1.239889846957294f,0.7916910263729057f,1.5137481807613264f,-0.9489813691559846f,-1.0864628799343437f,0f,0f,0f,1f], start_interpolation: 0, interpolation_duration: 1 }
$data merge entity $(bone_tail_1) { transformation: [-1.3734903177838178f,0.5235741009678921f,-0.3564418013501937f,-0.10431623286334155f,0.021376648395535956f,0.888998740214657f,1.2234706898001795f,0.9657250909439088f,0.6330273579060237f,1.105987183783075f,-0.8146931713535486f,-0.9252743263341741f,0f,0f,0f,1f], start_interpolation: 0, interpolation_duration: 1 }
$data merge entity $(bone_tail_0) { transformation: [-1.159190732374301f,0.3381280915090262f,-0.4192635880851369f,0.02636196533798829f,0.0014974208767380211f,0.9969848515504812f,0.7999091699021899f,0.7560320603201989f,0.5386189007937594f,0.7249319389400332f,-0.9045435756205413f,-0.6434517709496216f,0f,0f,0f,1f], start_interpolation: 0, interpolation_duration: 1 }
$data merge entity $(bone_body_1) { transformation: [-1.116416011686827f,0.27367591537701813f,-0.4553255728026705f,0.11378476787905625f,-0.004389618829479376f,1.0548941834029044f,0.6448128318554938f,0.5350675f,0.5312255784053143f,0.5838701484247336f,-0.9515774428193792f,-0.4615511428984851f,0f,0f,0f,1f], start_interpolation: 0, interpolation_duration: 1 }