# This file was generated by Animated Java via MC-Build. It is not recommended to edit this file directly.
$data merge entity $(bone_head_lower) { transformation: [-0.9467545043417548f,-0.2523239474049457f,0.19997133313198778f,-0.046378160182772035f,-0.16145718266787623f,0.9094647406949792f,0.38315201108380775f,0.40169859057775215f,-0.2785453045261224f,0.33046408427936663f,-0.9017793534606175f,0.7716139207432635f,0f,0f,0f,1f], start_interpolation: 0, interpolation_duration: 1 }
$data merge entity $(bone_head_upper) { transformation: [-0.9854763690882892f,-0.3321019817781148f,0.04490592668142983f,-0.05104564616774327f,-0.16806071416516627f,0.6104191209427746f,0.826205807123898f,0.47230967141670716f,-0.2899376914206973f,0.7749636850007916f,-0.6315373026252191f,0.7453890026474614f,0f,0f,0f,1f], start_interpolation: 0, interpolation_duration: 1 }
$data merge entity $(bone_neck_0) { transformation: [-0.9984309188640651f,-0.02407497812170819f,0.05055784493723863f,-0.047063081091984905f,-0.02403427153593448f,0.9997101365557708f,0.0014130319808381142f,0.45618163681520696f,-0.05057720878019628f,0.00019569384551912372f,-0.9987201348004973f,0.6808230524135568f,0f,0f,0f,1f], start_interpolation: 0, interpolation_duration: 1 }
$data merge entity $(bone_neck_1) { transformation: [-0.9989928467953378f,0.026741047714224843f,0.03603065942904858f,-0.04388761867175102f,0.032550415260788466f,0.9846023346561672f,0.17175189389341525f,0.4752672163520557f,-0.03088304580343019f,0.1727517263496092f,-0.9844811214671072f,0.5982204257199004f,0f,0f,0f,1f], start_interpolation: 0, interpolation_duration: 1 }
$data merge entity $(bone_neck_2) { transformation: [-0.9986490852653254f,0.043035199135100406f,0.02912002977558628f,-0.040915144166654246f,0.050070353781840875f,0.946808622976614f,0.3178779500520431f,0.5123855570355705f,-0.013891154411713682f,0.31890657423849095f,-0.9476843529026844f,0.5183184634513822f,0f,0f,0f,1f], start_interpolation: 0, interpolation_duration: 1 }
$data merge entity $(bone_body_0) { transformation: [-0.9997986148216895f,0.00611041211202957f,0.019115246910567946f,-0.03184799066649727f,0.008092849098467012f,0.9943952713853175f,0.10541608055695414f,0.5715406184457953f,-0.018363975443793673f,0.10554954812950153f,-0.9942444655594306f,0.05074026663283715f,0f,0f,0f,1f], start_interpolation: 0, interpolation_duration: 1 }
$data merge entity $(bone_leg_left_3) { transformation: [-0.96559116097404f,-0.00557115563290321f,-0.26000513855252816f,0.1667233324392553f,-0.015522399925430742f,0.999222712663357f,0.03623569508422392f,0.024207293085638598f,0.2596011651540886f,0.03902477062835691f,-0.9649270968980213f,-0.1585137573033037f,0f,0f,0f,1f], start_interpolation: 0, interpolation_duration: 1 }
$data merge entity $(bone_leg_left_2) { transformation: [-0.9912137599124057f,-0.0722506721357614f,-0.2536480278593479f,0.14050519798045558f,-0.015602021655902045f,1.0007979052927523f,-0.22410338949373787f,0.2505418285550408f,0.2632756323347351f,-0.21271011409489615f,-0.9682471524777004f,-0.23761090987762704f,0f,0f,0f,1f], start_interpolation: 0, interpolation_duration: 1 }
$data merge entity $(bone_leg_left_1) { transformation: [-0.9507165930758632f,0.17022518510171608f,0.259155061704976f,0.1919395637431834f,0.3059489278929249f,0.37935046661180977f,0.8732058617545877f,0.30119476712883864f,0.05033103586648323f,0.9094595152278572f,-0.4127349960811632f,0.030348362199662055f,0f,0f,0f,1f], start_interpolation: 0, interpolation_duration: 1 }
$data merge entity $(bone_leg_left_0) { transformation: [-0.9630736663571234f,0.18057703782035892f,-0.19970239503188875f,0.16711500816403416f,0.25711341496891815f,0.8369229140091571f,-0.48316946079966794f,0.6990269401031572f,0.07988620038823212f,-0.5166739488482515f,-0.8524471981120507f,-0.09383127442117295f,0f,0f,0f,1f], start_interpolation: 0, interpolation_duration: 1 }
$data merge entity $(bone_leg_right_3) { transformation: [-0.9864529645146204f,-0.01935040843013501f,0.1628990807030665f,-0.25058165241161934f,0.0002975220054247489f,0.9928058656084703f,0.11973480986777571f,0.058448849718118284f,-0.16404408029847806f,0.11816122421083444f,-0.9793505321446574f,-0.12912963245745251f,0f,0f,0f,1f], start_interpolation: 0, interpolation_duration: 1 }
$data merge entity $(bone_leg_right_2) { transformation: [-0.9981701554999267f,0.06395069548034762f,0.22721982465781076f,-0.22710418831347243f,0.012169310715264545f,0.9999694868533956f,-0.22798055342411705f,0.28447578575354837f,-0.23573385002299058f,-0.21916553882951384f,-0.9738881958641873f,-0.20994859639520322f,0f,0f,0f,1f], start_interpolation: 0, interpolation_duration: 1 }
$data merge entity $(bone_leg_right_1) { transformation: [-0.97150023366504f,-0.07196786443547579f,-0.2258493357912962f,-0.2540254405905518f,-0.23677050101439445f,0.33992891803875613f,0.910158261254818f,0.32383703641324907f,0.011270573994491898f,0.9376934238702956f,-0.34728089062347933f,0.06343634061139872f,0f,0f,0f,1f], start_interpolation: 0, interpolation_duration: 1 }
$data merge entity $(bone_leg_right_0) { transformation: [-0.9762355390906695f,-0.19967543545915942f,0.08422524972088159f,-0.2257685702835812f,-0.2129083861839424f,0.8112028309287607f,-0.544628300940847f,0.7114338352226307f,0.040425132144484746f,-0.5496177649670356f,-0.8344376076878016f,-0.08913347749699332f,0f,0f,0f,1f], start_interpolation: 0, interpolation_duration: 1 }
$data merge entity $(bone_tail_4) { transformation: [-2.6339630461248014f,-0.11318861915717597f,0.821637596353922f,0.0656541674384928f,-0.13913253091547717f,2.7571581845606126f,-0.06619830625841087f,0.6615571476999486f,-0.8176442637785779f,-0.10453905205099344f,-2.635562705781494f,-1.8477227255484616f,0f,0f,0f,1f], start_interpolation: 0, interpolation_duration: 1 }
$data merge entity $(bone_tail_3) { transformation: [-2.044165181174407f,-0.005700879447209616f,0.396612831476966f,-0.001540924717912312f,-0.055164707570137424f,2.0659302271107434f,-0.25462654573570814f,0.6845156511953607f,-0.3927990493335608f,-0.26047134723060383f,-2.0282527234442385f,-1.5012570993427599f,0f,0f,0f,1f], start_interpolation: 0, interpolation_duration: 1 }
$data merge entity $(bone_tail_2) { transformation: [-1.9435065519935486f,0.025495853131471787f,0.2022526114393141f,-0.040570292824766055f,-0.014898050328619641f,1.9158752041911646f,-0.38467405041755237f,0.7564705887385825f,-0.20330815393714458f,-0.38411721966261564f,-1.9052279735255069f,-1.1473211173382858f,0f,0f,0f,1f], start_interpolation: 0, interpolation_duration: 1 }
$data merge entity $(bone_tail_1) { transformation: [-1.511590372118091f,0.05244173368033523f,-0.000813319428289812f,-0.03959219060983908f,0.052340920049286525f,1.5068234310282045f,-0.11999927413440734f,0.7638237288446079f,-0.0033503743501041862f,-0.11995525112720677f,-1.5077319930009854f,-0.821404484369874f,0f,0f,0f,1f], start_interpolation: 0, interpolation_duration: 1 }
$data merge entity $(bone_tail_0) { transformation: [-1.2776298654524563f,0.028055394003337807f,-0.026655925331599873f,-0.03112568305300103f,0.02721321800351561f,1.2772993835647393f,0.040018022128261777f,0.7829530421079318f,0.027515164071098767f,0.03943217209947218f,-1.2773111352108717f,-0.447192914633388f,0f,0f,0f,1f], start_interpolation: 0, interpolation_duration: 1 }
$data merge entity $(bone_body_1) { transformation: [-1.2356632414195408f,0.04137946136080682f,-0.005356214922239501f,-0.03266763848396504f,0.039021086856967965f,1.2022379037953939f,0.28584256595967045f,0.6355193950437318f,0.014775102074256143f,0.2855106966672126f,-1.2028590663513115f,-0.18677620262390676f,0f,0f,0f,1f], start_interpolation: 0, interpolation_duration: 1 }