# This file was generated by Animated Java via MC-Build. It is not recommended to edit this file directly.
$data merge entity $(bone_head_lower) { transformation: [-0.8533047538057382f,-0.5168704218861061f,0.0686728775558958f,0.12299506996575235f,-0.3636639350858792f,0.49557749164113096f,-0.7887658030724574f,1.2228828680924824f,0.37365698100046485f,-0.6980314582867763f,-0.6108457610491f,0.3233408732188506f,0f,0f,0f,1f], start_interpolation: 0, interpolation_duration: 1 }
$data merge entity $(bone_head_upper) { transformation: [-0.8882045626927456f,-0.4682359378329123f,-0.27444435486456753f,0.09328576085908297f,-0.37853763850425204f,0.9116427719763072f,-0.3302857174061367f,1.220467029438923f,0.38893939583297515f,-0.18202885872464114f,-0.9481896348009671f,0.254008505829577f,0f,0f,0f,1f], start_interpolation: 0, interpolation_duration: 1 }
$data merge entity $(bone_neck_0) { transformation: [-0.8001685633988943f,-0.5830696717660748f,0.14057036677319704f,0.11209817283952182f,-0.3745599992302884f,0.30273747836913534f,-0.8763873722089472f,1.1590052115186178f,0.46843897908346155f,-0.7539096610717353f,-0.4606355889615401f,0.23630894799028693f,0f,0f,0f,1f], start_interpolation: 0, interpolation_duration: 1 }
$data merge entity $(bone_neck_1) { transformation: [-0.8930056142161256f,-0.4499577534969518f,-0.008887803241313594f,0.10927236012692375f,-0.291046468847779f,0.5924612459298805f,-0.751186811014712f,1.0980992242011205f,0.3432680089226473f,-0.6682272758120473f,-0.6600298341068309f,0.1773173186186091f,0f,0f,0f,1f], start_interpolation: 0, interpolation_duration: 1 }
$data merge entity $(bone_neck_2) { transformation: [-0.8837886562005209f,-0.45412058861186777f,-0.11265923029245221f,0.09495644222119964f,-0.3003961314447742f,0.7353270957736089f,-0.6074999806042496f,1.0520769814973923f,0.3587196333967392f,-0.5030591945486738f,-0.7862898138700183f,0.1035071698233633f,0f,0f,0f,1f], start_interpolation: 0, interpolation_duration: 1 }
$data merge entity $(bone_body_0) { transformation: [-0.8791608203793863f,-0.4677400377237826f,-0.09107968500164422f,0.04757511969437731f,-0.23157388993105407f,0.5864098462614823f,-0.7762068189018855f,0.6918399053224531f,0.4164730308339837f,-0.6613189467403295f,-0.6238649415299888f,-0.19681792724257471f,0f,0f,0f,1f], start_interpolation: 0, interpolation_duration: 1 }
$data merge entity $(bone_leg_left_3) { transformation: [-0.9161110787796511f,-0.00024263779862462864f,-0.40092447226888284f,0.39326064900956903f,0.09884319875285694f,0.9689962205035473f,-0.22644281112489228f,0.27299556144030956f,0.38854924192113227f,-0.24707542527887946f,-0.8876841898027549f,-0.4082230242906116f,0f,0f,0f,1f], start_interpolation: 0, interpolation_duration: 1 }
$data merge entity $(bone_leg_left_2) { transformation: [-0.9056233358042215f,-0.24807873256657226f,-0.412753577326341f,0.32127295794711097f,-0.3426903250263522f,0.9496403694525188f,0.1811317458098129f,0.4994214926742828f,0.33833698331820244f,0.29782933142143775f,-0.9213511678859974f,-0.36674842885750697f,0f,0f,0f,1f], start_interpolation: 0, interpolation_duration: 1 }
$data merge entity $(bone_leg_left_1) { transformation: [-0.992657321331036f,0.10000299640483504f,-0.06805029844127733f,0.37181917058250663f,-0.015475004640100126f,0.4529679175626785f,0.8913925004678462f,0.5755107995149864f,0.1199665229940472f,0.8859003704531251f,-0.44809437286327725f,-0.10470094569370286f,0f,0f,0f,1f], start_interpolation: 0, interpolation_duration: 1 }
$data merge entity $(bone_leg_left_0) { transformation: [-0.9835191242382632f,-0.1787599716758413f,-0.027110971654523253f,0.1894798976694862f,-0.039574323748779325f,0.3591490824716276f,-0.9324407806716817f,0.7878293797122401f,0.17641996813690547f,-0.9160004416408545f,-0.360304296055893f,-0.4145081254378568f,0f,0f,0f,1f], start_interpolation: 0, interpolation_duration: 1 }
$data merge entity $(bone_leg_right_3) { transformation: [-0.9580708352353859f,-0.11422121424148468f,0.26278087618502705f,-0.1730905988680642f,-0.08865736197724905f,0.9902765605177519f,0.10720170640604132f,-0.008990575265118067f,-0.27247045131280695f,0.07940936913446006f,-0.9588816429857557f,-0.21204570678933227f,0f,0f,0f,1f], start_interpolation: 0, interpolation_duration: 1 }
$data merge entity $(bone_leg_right_2) { transformation: [-0.9654609290119706f,-0.09069515501006356f,0.3342480858729591f,-0.18240394970203389f,-0.27043607625087046f,0.8158301309584675f,-0.5597747096672179f,0.16429824655212588f,-0.21636016896385973f,-0.6150266545270091f,-0.79182870054573f,-0.37954292406606943f,0f,0f,0f,1f], start_interpolation: 0, interpolation_duration: 1 }
$data merge entity $(bone_leg_right_1) { transformation: [-0.9711098043222854f,0.03874524821035687f,-0.2354666721433206f,-0.1787300659585314f,-0.11870198786029024f,0.7775660249851308f,0.6174956800390096f,0.34042495706485615f,0.20701590766689326f,0.6276064710707985f,-0.750502852388258f,-0.1651151504872492f,0f,0f,0f,1f], start_interpolation: 0, interpolation_duration: 1 }
$data merge entity $(bone_leg_right_0) { transformation: [-0.9525080598201332f,-0.29492662405429326f,0.0758068756883103f,-0.1899455271784068f,-0.2830725025799119f,0.7658061793223514f,-0.5774174001490158f,0.7210251691563134f,0.11224239065892679f,-0.5714535695361788f,-0.8129221756130955f,-0.3363605023950202f,0f,0f,0f,1f], start_interpolation: 0, interpolation_duration: 1 }
$data merge entity $(bone_tail_4) { transformation: [-1.287724818041555f,0.748149291867869f,-2.325445927489488f,-0.9416173859466213f,-1.2556918783353666f,2.0521529980888835f,1.3555689988773736f,0.8920452006772848f,2.0953911404037293f,1.689556758772079f,-0.6167619145222462f,-1.6722621263795074f,0f,0f,0f,1f], start_interpolation: 0, interpolation_duration: 1 }
$data merge entity $(bone_tail_3) { transformation: [-0.7251086261159316f,0.07417625804691366f,-1.9505539954379283f,-0.6116013822594843f,-0.8333370571621587f,1.8698696437729152f,0.3808968239580219f,0.8091610326123211f,1.7651380556593932f,0.9132529354363736f,-0.6214517249346634f,-1.5758237759720268f,0f,0f,0f,1f], start_interpolation: 0, interpolation_duration: 1 }
$data merge entity $(bone_tail_2) { transformation: [-1.278983845932665f,-0.03174679111176698f,-1.4771480420391756f,-0.33795607998303356f,-0.5793734515040609f,1.8080168518847093f,0.4627908188328207f,0.723131038220648f,1.3591543696498705f,0.7408380926746323f,-1.1927414618879708f,-1.3529144388500947f,0f,0f,0f,1f], start_interpolation: 0, interpolation_duration: 1 }
$data merge entity $(bone_tail_1) { transformation: [-1.2998143112343583f,-0.221558473757917f,-0.7409796549274565f,-0.1745553958428112f,-0.4056599326382739f,1.4290808239805497f,0.2842960913958981f,0.6448722106017278f,0.6584671786522555f,0.4430531471924516f,-1.2875484974946005f,-1.0818933154647623f,0f,0f,0f,1f], start_interpolation: 0, interpolation_duration: 1 }
$data merge entity $(bone_tail_0) { transformation: [-1.1934732531746515f,-0.20285805726777995f,-0.41025104404776824f,-0.059565831932441624f,-0.20852548277568933f,1.2609787812917956f,-0.01689238731059211f,0.6802382230186167f,0.40739959937867803f,0.05115504195509463f,-1.2104728186509157f,-0.7269305615620285f,0f,0f,0f,1f], start_interpolation: 0, interpolation_duration: 1 }
$data merge entity $(bone_body_1) { transformation: [-1.193335827873107f,-0.24920110202433643f,-0.20604127673966877f,0.005121341406534793f,-0.21010678960463663f,1.1964430723010788f,-0.2301818992906233f,0.6531633587978751f,0.24578310343204926f,-0.18715603262748956f,-1.1971498989578115f,-0.43600369250405924f,0f,0f,0f,1f], start_interpolation: 0, interpolation_duration: 1 }