# This file was generated by Animated Java via MC-Build. It is not recommended to edit this file directly.
$data merge entity $(bone_head_lower) { transformation: [-0.9995959173405462f,0.01786220759607639f,0.022112068557837004f,0.10997774517975038f,0.020541761539160465f,0.9916157958888381f,0.12757801290431842f,0.33582432427497144f,-0.01964785151053619f,0.12798068168102883f,-0.9915820223498806f,0.7099046155232345f,0f,0f,0f,1f], start_interpolation: 0, interpolation_duration: 1 }
$data merge entity $(bone_head_upper) { transformation: [-1.0404789738614757f,-0.0016126923209638564f,0.029543980083181064f,0.11165522232178776f,0.02138191102704482f,0.677425989555883f,0.7900055601947189f,0.40550328539250124f,-0.020451440450712326f,0.7902932180407584f,-0.6771191259193468f,0.6809652834677675f,0f,0f,0f,1f], start_interpolation: 0, interpolation_duration: 1 }
$data merge entity $(bone_neck_0) { transformation: [-0.9993457040760472f,0.019144759861954203f,-0.03068618442520292f,0.10968315433190366f,0.016977611216247444f,0.9974450647301697f,0.06939094726848524f,0.39379434465021634f,0.03193625623236718f,0.06882456694564695f,-0.9971174727797145f,0.6153623269121837f,0f,0f,0f,1f], start_interpolation: 0, interpolation_duration: 1 }
$data merge entity $(bone_neck_1) { transformation: [-0.9912244928724709f,0.08914298798528088f,-0.09760907961234308f,0.101825054772343f,0.06692572464422004f,0.9751966689916457f,0.2109796297476246f,0.4161596975519415f,0.11399540390102889f,0.20259561811809934f,-0.9726047827400329f,0.5339032690645473f,0f,0f,0f,1f], start_interpolation: 0, interpolation_duration: 1 }
$data merge entity $(bone_neck_2) { transformation: [-0.988679352193139f,0.10070694885803012f,-0.11122611653141976f,0.09306679673947979f,0.05832231876048136f,0.9409355336755555f,0.33352485454775094f,0.4545913232061259f,0.1382448757869733f,0.3232621721117454f,-0.9361569966625474f,0.4550538336832647f,0f,0f,0f,1f], start_interpolation: 0, interpolation_duration: 1 }
$data merge entity $(bone_body_0) { transformation: [-0.9828070763092563f,0.08711344050198672f,-0.16279281077602337f,0.017173019906362434f,0.0491255697319086f,0.9732931365065893f,0.2242479628172372f,0.569550380893675f,0.17798013696749063f,0.2123951951270848f,-0.9608388792778739f,0.0042374027529793745f,0f,0f,0f,1f], start_interpolation: 0, interpolation_duration: 1 }
$data merge entity $(bone_leg_left_3) { transformation: [-0.9823941032851342f,0.07077023815727969f,-0.17289707696129267f,0.23976206328928465f,-0.04596734161133109f,0.8054539714877222f,0.5908730010076981f,0.1509876381538797f,0.18107686029911274f,0.5884177709806342f,-0.78802011234384f,-0.4804786622819046f,0f,0f,0f,1f], start_interpolation: 0, interpolation_duration: 1 }
$data merge entity $(bone_leg_left_2) { transformation: [-0.9972139749904938f,-0.13113418828149037f,-0.20107290281912146f,0.20143376496321802f,-0.18227888165856596f,0.9726917558093974f,0.269643017677872f,0.3857710676629377f,0.15620786435277742f,0.2978871805648598f,-0.9689811815872162f,-0.4407451142222497f,0f,0f,0f,1f], start_interpolation: 0, interpolation_duration: 1 }
$data merge entity $(bone_leg_left_1) { transformation: [-0.9653165852169101f,0.12039071259848233f,0.23166779367273654f,0.24107825146174186f,0.21910665226496093f,-0.1089568418060049f,0.9695982062467438f,0.30038339985798435f,0.14197241013100223f,0.9867291841957909f,0.07879944046694526f,-0.1796883262682397f,0f,0f,0f,1f], start_interpolation: 0, interpolation_duration: 1 }
$data merge entity $(bone_leg_left_0) { transformation: [-0.9750392274487754f,0.13545073939025026f,-0.17593067422916808f,0.19520917477322897f,0.16231119568032026f,0.9754996513157815f,-0.14851096269169373f,0.7143588229820751f,0.15150439166215604f,-0.17335953242156416f,-0.9731355978617043f,-0.1509193252875581f,0f,0f,0f,1f], start_interpolation: 0, interpolation_duration: 1 }
$data merge entity $(bone_leg_right_3) { transformation: [-0.9481341374458042f,-0.0039054684126947348f,0.3178465112697924f,-0.21790775275241686f,-0.014907344476520574f,0.9993706225893707f,-0.03218896994301529f,0.04854655485302531f,-0.3175207528502022f,-0.0352577086863487f,-0.9475956234004193f,-0.050597763948118324f,0f,0f,0f,1f], start_interpolation: 0, interpolation_duration: 1 }
$data merge entity $(bone_leg_right_2) { transformation: [-0.971048587480988f,0.025138308654437252f,0.3293856488826838f,-0.2003620938992305f,-0.12679042932503912f,0.9160348629468061f,-0.44369642369337753f,0.24855744443529523f,-0.30504266469371893f,-0.46077152126049953f,-0.8641184973211339f,-0.18423483204650287f,0f,0f,0f,1f], start_interpolation: 0, interpolation_duration: 1 }
$data merge entity $(bone_leg_right_1) { transformation: [-0.9649609853583296f,-0.07939259828380524f,-0.25009420639836416f,-0.2278843241041758f,-0.25502991359375626f,0.5079895403206623f,0.8227431981470061f,0.33784803380164435f,0.061725520723947346f,0.8576965910288723f,-0.5104375748598537f,0.07707552587090089f,0f,0f,0f,1f], start_interpolation: 0, interpolation_duration: 1 }
$data merge entity $(bone_leg_right_0) { transformation: [-0.9773790172707756f,-0.18258793802003806f,0.10673285102724178f,-0.19461764773771956f,-0.20976945548304626f,0.7725657187093188f,-0.5992820586514335f,0.7143588229820751f,0.026963533617812997f,-0.6081150015948829f,-0.79339089526544f,-0.10023841164871944f,0f,0f,0f,1f], start_interpolation: 0, interpolation_duration: 1 }
$data merge entity $(bone_tail_4) { transformation: [-2.727929674005441f,0.17392822943895148f,-0.39218617554013663f,-0.2324090033626162f,-0.02070075311996074f,2.468051508221156f,1.2385291935144473f,1.112497533924523f,0.42852363307154234f,1.2264306157999776f,-2.4367800007648728f,-1.840011916294172f,0f,0f,0f,1f], start_interpolation: 0, interpolation_duration: 1 }
$data merge entity $(bone_tail_3) { transformation: [-2.057009615921905f,0.07373997869028873f,-0.3149910817658455f,-0.17971975969780588f,-0.01560951098935833f,2.0024927026225474f,0.5707230897331608f,0.9961280252997041f,0.32313048326633453f,0.5661544997000801f,-1.977625166531277f,-1.5102200357100464f,0f,0f,0f,1f], start_interpolation: 0, interpolation_duration: 1 }
$data merge entity $(bone_tail_2) { transformation: [-1.9378598272351693f,0.03752077428916592f,-0.2491291963772965f,-0.134831198803069f,0f,1.9323754947037348f,0.2910306211917824f,0.9424858828012947f,0.25193881199778667f,0.28860182599563744f,-1.9162488606764791f,-1.1537385893231125f,0f,0f,0f,1f], start_interpolation: 0, interpolation_duration: 1 }
$data merge entity $(bone_tail_1) { transformation: [-1.4998774356831392f,0.03587620262234162f,-0.1916685316215761f,-0.09259187800679528f,0f,1.4866807222805876f,0.27827446882398643f,0.8644311858228332f,0.1949972510795227f,0.2759521300600386f,-1.4742736326702577f,-0.8400508766898342f,0f,0f,0f,1f], start_interpolation: 0, interpolation_duration: 1 }
$data merge entity $(bone_tail_0) { transformation: [-1.267548486842702f,0.03267163241099685f,-0.1615212509931889f,-0.04460318967395389f,0f,1.252842749191212f,0.25341815716920146f,0.8206098375934927f,0.16479244547855953f,0.2513032566813148f,-1.24238715369992f,-0.47093207937352644f,0f,0f,0f,1f], start_interpolation: 0, interpolation_duration: 1 }
$data merge entity $(bone_body_1) { transformation: [-1.2260493986525445f,0.04928094133595442f,-0.15158778295438588f,-0.012680574664563586f,0f,1.1757936096494326f,0.38224858739282236f,0.6525443518518519f,0.1593971992225202f,0.3790585329271066f,-1.1659810275263556f,-0.2253901054456055f,0f,0f,0f,1f], start_interpolation: 0, interpolation_duration: 1 }