# This file was generated by Animated Java via MC-Build. It is not recommended to edit this file directly.
$data merge entity $(bone_head_lower) { transformation: [-0.9909706205099964f,-0.06905356911740944f,-0.11492969102099228f,-0.2664484685759706f,0.11303396550041322f,0.03077319912579407f,-0.9931144611064808f,1.8508754819585929f,0.0721148523487703f,-0.9971382124899796f,-0.022689937483468536f,-0.03946824259200128f,0f,0f,0f,1f], start_interpolation: 0, interpolation_duration: 1 }
$data merge entity $(bone_head_upper) { transformation: [-1.0315009059844302f,0.01787091771674696f,-0.1384140666145215f,-0.2759092903214763f,0.11765700759189451f,0.6665927740831955f,-0.7907482814955074f,1.8113680673175714f,0.07506431976197986f,-0.7992538060112934f,-0.6625938756573596f,-0.10306944959374802f,0f,0f,0f,1f], start_interpolation: 0, interpolation_duration: 1 }
$data merge entity $(bone_neck_0) { transformation: [-0.950091784764194f,-0.3119367570681824f,0.004589129914800066f,-0.27024223171997874f,0.05464139451848596f,-0.18087258688118193f,-0.9819874873540826f,1.7507891603792958f,0.30714804008598906f,-0.9327274880181753f,0.1888902182926382f,-0.07581478512566447f,0f,0f,0f,1f], start_interpolation: 0, interpolation_duration: 1 }
$data merge entity $(bone_neck_1) { transformation: [-0.9511474136216654f,-0.24499937046947526f,0.1878667241168f,-0.25545613591136335f,-0.2186636115993934f,0.10500168005346378f,-0.9701344608600706f,1.6690897681444454f,0.2179560105230565f,-0.963820499707031f,-0.15344452359521524f,-0.09325375079813922f,0f,0f,0f,1f], start_interpolation: 0, interpolation_duration: 1 }
$data merge entity $(bone_neck_2) { transformation: [-0.9230323214913745f,-0.31623774428730267f,0.2191004850983283f,-0.2393574553282744f,-0.31689223640244496f,0.30202226250629943f,-0.8990894635454434f,1.5932797746807388f,0.21815279963846715f,-0.8993198774844546f,-0.37898959612533495f,-0.13526098551618582f,0f,0f,0f,1f], start_interpolation: 0, interpolation_duration: 1 }
$data merge entity $(bone_body_0) { transformation: [-0.9331758365267013f,-0.26128040719835777f,0.24681046764055975f,-0.1255256299476056f,-0.2805164146654764f,0.10013356835336812f,-0.954611863320401f,1.1443286806978474f,0.2247073635329247f,-0.9600551115967675f,-0.16673566946217727f,-0.22298860628179815f,0f,0f,0f,1f], start_interpolation: 0, interpolation_duration: 1 }
$data merge entity $(bone_leg_left_3) { transformation: [-0.9780524431672382f,0.025281978867653966f,0.20681934135648938f,0.245281877870419f,-0.054767360262176344f,0.9265133995745731f,-0.3722545589494909f,0.8235313281157156f,-0.20103222295072393f,-0.375411430237949f,-0.9047940668363096f,-0.0967254608473319f,0f,0f,0f,1f], start_interpolation: 0, interpolation_duration: 1 }
$data merge entity $(bone_leg_left_2) { transformation: [-0.9086275603306093f,-0.44283932617566163f,0.17421678248844297f,0.1460311277648596f,-0.4556012315788813f,0.917962525364511f,-0.042831288924222034f,1.035476571424919f,-0.13742515742085282f,-0.1153270684591844f,-1.0098891983228453f,-0.15503133111870326f,0f,0f,0f,1f], start_interpolation: 0, interpolation_duration: 1 }
$data merge entity $(bone_leg_left_1) { transformation: [-0.8394317606764103f,-0.4949258970352431f,0.22450540218792467f,0.01638611149659823f,-0.25500725846122174f,0.7235026207647142f,0.6414945485962306f,1.2030857877085979f,-0.4799225117660075f,0.4812403912707764f,-0.7335407749469395f,0.024168853126009027f,0f,0f,0f,1f], start_interpolation: 0, interpolation_duration: 1 }
$data merge entity $(bone_leg_left_0) { transformation: [-0.864725060171324f,0.4893253072847081f,0.1131870750678993f,0.09875054805473185f,-0.24331526827152397f,-0.21099316241306237f,-0.9467204263355109f,1.1690203396835122f,-0.43937256461647295f,-0.8461930211634112f,0.3015113934773978f,-0.3837072596898367f,0f,0f,0f,1f], start_interpolation: 0, interpolation_duration: 1 }
$data merge entity $(bone_leg_right_3) { transformation: [-0.9782687824576259f,0.043668533805044873f,0.20269003040157701f,-0.26733927992593254f,0.06181169239949643f,0.9945416569335235f,0.08406073582019319f,0.21028396298722124f,-0.19791286959564935f,0.0947626074949397f,-0.9756282818108422f,-0.3120086252204136f,0f,0f,0f,1f], start_interpolation: 0, interpolation_duration: 1 }
$data merge entity $(bone_leg_right_2) { transformation: [-1.0014624041955111f,0.18438918420048242f,0.12302796931398208f,-0.21900266647198913f,0.08208076030180496f,0.8372891546459086f,-0.586746810644346f,0.38719440637169666f,-0.20590774942172302f,-0.5630361442775365f,-0.8322586728090378f,-0.46865261293564003f,0f,0f,0f,1f], start_interpolation: 0, interpolation_duration: 1 }
$data merge entity $(bone_leg_right_1) { transformation: [-0.9806123861272296f,0.010485029049234956f,-0.1956768058296598f,-0.22530575629575164f,-0.07325270147436802f,0.9065588725462801f,0.4156742141801977f,0.609973447203139f,0.1817509006870911f,0.42194913766170283f,-0.8882148024695247f,-0.30329495304453663f,0f,0f,0f,1f], start_interpolation: 0, interpolation_duration: 1 }
$data merge entity $(bone_leg_right_0) { transformation: [-0.9308418743666913f,-0.3218812625991698f,0.17299091800747665f,-0.2575351223341078f,-0.36535952303309605f,0.8110194689327234f,-0.4569024402879811f,1.008083170008935f,0.006769331911929147f,-0.4885078032126483f,-0.8725332671857382f,-0.4248564401064797f,0f,0f,0f,1f], start_interpolation: 0, interpolation_duration: 1 }
$data merge entity $(bone_tail_4) { transformation: [-1.9405971367102408f,-0.6730429217299015f,-1.845740314914666f,-0.4095811579251912f,-0.5704172803333195f,2.6756243865815112f,-0.37592499228895754f,0.16715145150759086f,1.8799915454302323f,0.11708415366560483f,-2.0193029544056174f,-1.6301399153442966f,0f,0f,0f,1f], start_interpolation: 0, interpolation_duration: 1 }
$data merge entity $(bone_tail_3) { transformation: [-1.2010077038844709f,-0.602456287000594f,-1.5907773079560987f,-0.13394860454831437f,0.19184448184595856f,1.8869244916434882f,-0.8594516761666502f,0.294417657991594f,1.6901839296478507f,-0.6422677877130888f,-1.0328193931519334f,-1.4487268186812388f,0f,0f,0f,1f], start_interpolation: 0, interpolation_duration: 1 }
$data merge entity $(bone_tail_2) { transformation: [-1.4985239327499216f,-0.5147924059508283f,-1.1437607602789326f,0.07744345029302752f,0.04428699705725021f,1.7591622001274714f,-0.8498005004335447f,0.452845060469263f,1.2534905503712965f,-0.6775773073390285f,-1.3373198225225826f,-1.199356328720469f,0f,0f,0f,1f], start_interpolation: 0, interpolation_duration: 1 }
$data merge entity $(bone_tail_1) { transformation: [-1.4513914198026738f,-0.39441515603949623f,-0.1598620693270241f,0.1180519204356214f,-0.26832790204088386f,1.2890736454171496f,-0.7442751666401882f,0.5975035317439874f,0.33033215633588625f,-0.6858440576233646f,-1.3069639800366355f,-0.9100441170183597f,0f,0f,0f,1f], start_interpolation: 0, interpolation_duration: 1 }
$data merge entity $(bone_tail_0) { transformation: [-1.2541445686831643f,-0.16316292427339693f,0.185296998273316f,0.05996641882527232f,-0.24105131560552662f,1.0166765872945889f,-0.7362735202870612f,0.8371939840624154f,-0.05339832086678716f,-0.7573521595490502f,-1.028300560312512f,-0.6278270500807932f,0f,0f,0f,1f], start_interpolation: 0, interpolation_duration: 1 }
$data merge entity $(bone_body_1) { transformation: [-1.120558685816154f,-0.22999465909744107f,0.46910050467343983f,-0.03360110501390833f,-0.5061655809864551f,0.75291645082089f,-0.8399510805780115f,0.9817565784261859f,-0.12941882136253796f,-0.9533225424410021f,-0.776551024599933f,-0.3830767761270108f,0f,0f,0f,1f], start_interpolation: 0, interpolation_duration: 1 }