# This file was generated by Animated Java via MC-Build. It is not recommended to edit this file directly.
$data merge entity $(bone_head_lower) { transformation: [-0.9735366370840735f,-0.011123762455710867f,-0.2282601107593313f,-0.18540671342252266f,0.20231271611724427f,0.42256669371621886f,-0.8834630463460293f,1.9806359466337935f,0.10628255337682059f,-0.9062635661167079f,-0.4091336793483657f,0.1496809337541723f,0f,0f,0f,1f], start_interpolation: 0, interpolation_duration: 1 }
$data merge entity $(bone_head_upper) { transformation: [-1.0133538799005466f,0.12800102006099345f,-0.20050335542668835f,-0.19666923146996146f,0.21058722190947454f,0.8907549953860122f,-0.49566168174151004f,1.9665333763893176f,0.11062946552553532f,-0.5231091852010606f,-0.8930788567082554f,0.07640249428165347f,0f,0f,0f,1f], start_interpolation: 0, interpolation_duration: 1 }
$data merge entity $(bone_neck_0) { transformation: [-0.9395575488315828f,-0.31580546286929634f,-0.13228197933013158f,-0.19979312295158125f,0.10343493942588164f,0.10649903255677054f,-0.9889181813327309f,1.9008259711638686f,0.3263936668189997f,-0.9428281209671157f,-0.0673966510597262f,0.08724290270784305f,0f,0f,0f,1f], start_interpolation: 0, interpolation_duration: 1 }
$data merge entity $(bone_neck_1) { transformation: [-0.9694120391588662f,-0.23671215738807483f,0.06486642335239626f,-0.19538858884189397f,-0.15283490409756856f,0.3753951224225811f,-0.9141772225071145f,1.8251125602460812f,0.1920463236392095f,-0.8961282590154265f,-0.4000904309911017f,0.0492216411427383f,0f,0f,0f,1f], start_interpolation: 0, interpolation_duration: 1 }
$data merge entity $(bone_neck_2) { transformation: [-0.9523428989265913f,-0.2829669571267286f,0.11389777890080496f,-0.1881807125414606f,-0.26039842829035176f,0.5597312596271596f,-0.786697893438204f,1.761672043410481f,0.15885736183133276f,-0.7788649550279135f,-0.6067402413070654f,-0.011558929247890676f,0f,0f,0f,1f], start_interpolation: 0, interpolation_duration: 1 }
$data merge entity $(bone_body_0) { transformation: [-0.9575648082243069f,-0.2515204007383899f,0.14073779187818092f,-0.12424756521352755f,-0.23061515003208f,0.37574169986266714f,-0.8975716280943792f,1.3422293103515222f,0.17287651843448143f,-0.8919392709129437f,-0.41780144372328276f,-0.21696401939879426f,0f,0f,0f,1f], start_interpolation: 0, interpolation_duration: 1 }
$data merge entity $(bone_leg_left_3) { transformation: [-0.9502169577582895f,0.0225322367725368f,0.3107732798916398f,0.21708385874385494f,-0.09639670038869369f,0.9271935669078186f,-0.36196652557789f,1.0401670056933898f,-0.2963029013404247f,-0.37390424949548656f,-0.8788630171229551f,-0.007634715755595489f,0f,0f,0f,1f], start_interpolation: 0, interpolation_duration: 1 }
$data merge entity $(bone_leg_left_2) { transformation: [-0.9125890109536677f,-0.36840060488939425f,0.2890060395639325f,0.13872602298146475f,-0.44357039799347836f,0.8829526387071238f,-0.27514021757047696f,1.236790773191126f,-0.14996265738912448f,-0.36978078860042285f,-0.944899766785629f,-0.1232643646162837f,0f,0f,0f,1f], start_interpolation: 0, interpolation_duration: 1 }
$data merge entity $(bone_leg_left_1) { transformation: [-0.8215800432166412f,-0.4984425111802585f,0.2766971189522214f,0.005002071495419591f,-0.2701114098731427f,0.7677606035743922f,0.5810193472298737f,1.4199316868561611f,-0.5020418895316254f,0.40261485149880316f,-0.765411799300293f,0.03670655836867526f,0f,0f,0f,1f], start_interpolation: 0, interpolation_duration: 1 }
$data merge entity $(bone_leg_left_0) { transformation: [-0.8418893739014217f,0.5322969877598285f,0.08878174887714921f,0.10888056616625347f,-0.2562771765359792f,-0.24957922216270156f,-0.9338266544982571f,1.3681593101281566f,-0.4749150354522571f,-0.8089314734181592f,0.34653366418705606f,-0.364337277037516f,0f,0f,0f,1f], start_interpolation: 0, interpolation_duration: 1 }
$data merge entity $(bone_leg_right_3) { transformation: [-0.9504671891229138f,0.08476647441587826f,0.29904308588544526f,-0.2932313821742537f,0.10730311909987462f,0.9924302461646951f,0.0597348066785216f,0.42913625841117725f,-0.29171589437709017f,0.08886422965729546f,-0.9523680935726427f,-0.2999590747062398f,0f,0f,0f,1f], start_interpolation: 0, interpolation_duration: 1 }
$data merge entity $(bone_leg_right_2) { transformation: [-0.9706942780862791f,0.27339423293995097f,0.187270957135451f,-0.22221015801478602f,0.13319331816193777f,0.8526411528272165f,-0.5543688339031894f,0.6105465598758097f,-0.3034375685182454f,-0.500320754517884f,-0.8424173455663676f,-0.44214683897383555f,0f,0f,0f,1f], start_interpolation: 0, interpolation_duration: 1 }
$data merge entity $(bone_leg_right_1) { transformation: [-0.9950502191854101f,-0.016101822129560545f,-0.09806014798670898f,-0.24120082440325047f,-0.05986349293256066f,0.8847665016527902f,0.46217377658949466f,0.8252057865866166f,0.07931849414216416f,0.465756340673094f,-0.8813510127127718f,-0.26729216606571415f,0f,0f,0f,1f], start_interpolation: 0, interpolation_duration: 1 }
$data merge entity $(bone_leg_right_0) { transformation: [-0.9415010007592813f,-0.24073465164747754f,0.23584463755921953f,-0.24544668274112297f,-0.33324728831361267f,0.7693130847582712f,-0.5450721259166871f,1.2103839208165943f,-0.05022061728907594f,-0.5917805379664665f,-0.8045332090617664f,-0.4283109729254752f,0f,0f,0f,1f], start_interpolation: 0, interpolation_duration: 1 }
$data merge entity $(bone_tail_4) { transformation: [-2.4013636898449664f,-1.333106310170119f,-0.2862539545207726f,0.0021995206592827637f,-1.121604991467422f,2.260988769227778f,-1.1205326234167494f,0.26497978970528696f,0.7753167119374724f,-0.8581484037219145f,-2.507613735203251f,-1.7423445199569445f,0f,0f,0f,1f], start_interpolation: 0, interpolation_duration: 1 }
$data merge entity $(bone_tail_3) { transformation: [-1.8701422703061223f,-0.6411939343856348f,-0.6537459394640835f,0.11932525940776821f,-0.14274889716545408f,1.672570889577801f,-1.2321018211736454f,0.45753130809899323f,0.9045087988608812f,-1.061754436717096f,-1.5461199419641587f,-1.4697896126049297f,0f,0f,0f,1f], start_interpolation: 0, interpolation_duration: 1 }
$data merge entity $(bone_tail_2) { transformation: [-1.8335254423930036f,-0.4716443943068811f,-0.48426221452763885f,0.20788052703080728f,-0.1528437432228493f,1.6529191260619986f,-1.031150342025276f,0.6495002018498f,0.6584809163961745f,-0.9296148681148078f,-1.5877635071775396f,-1.174362138632985f,0f,0f,0f,1f], start_interpolation: 0, interpolation_duration: 1 }
$data merge entity $(bone_tail_1) { transformation: [-1.5008152950057978f,-0.10726247627230577f,0.1539625326519221f,0.17749451749317247f,-0.1712739677377865f,1.2900079541340355f,-0.7708443138833398f,0.7997719136180492f,-0.07664808055011361f,-0.7823237753352856f,-1.2921883888555608f,-0.8866612869389952f,0f,0f,0f,1f], start_interpolation: 0, interpolation_duration: 1 }
$data merge entity $(bone_tail_0) { transformation: [-1.234692493439125f,0.030519270094774f,0.3293003756177428f,0.08200177843754963f,-0.171992378441253f,1.0278399733419028f,-0.7401346685182806f,1.0408600755822224f,-0.28246908678158916f,-0.759242569892802f,-0.9887353799977914f,-0.6160517042388021f,0f,0f,0f,1f], start_interpolation: 0, interpolation_duration: 1 }
$data merge entity $(bone_body_1) { transformation: [-1.1143992289984057f,-0.17144312028160028f,0.50727330894905f,-0.024384249329808785f,-0.4962214245331443f,0.7707784892372173f,-0.8296200415972002f,1.1818177130525644f,-0.20120450118798647f,-0.951373939149876f,-0.7635502417420823f,-0.37445518244741993f,0f,0f,0f,1f], start_interpolation: 0, interpolation_duration: 1 }