# This file was generated by Animated Java via MC-Build. It is not recommended to edit this file directly.
$data merge entity $(bone_head_lower) { transformation: [-0.9394043109097977f,0.10396151459567916f,-0.3266673294455089f,-0.07757156446845746f,0.2699984448449891f,0.8115437873880111f,-0.5181674641785323f,1.99757278875731f,0.21123536736393286f,-0.5749684205544641f,-0.7904371796289245f,0.3653425788584127f,0f,0f,0f,1f], start_interpolation: 0, interpolation_duration: 1 }
$data merge entity $(bone_head_upper) { transformation: [-0.9778255558075456f,0.27064027881384656f,-0.23255744339138046f,-0.08782985103393959f,0.2810412687397971f,1.002122157789999f,-0.015457319138486518f,2.0190968333056367f,0.21987480587438132f,-0.07731082028660188f,-1.0144703294783057f,0.2937399283849913f,0f,0f,0f,1f], start_interpolation: 0, interpolation_duration: 1 }
$data merge entity $(bone_neck_0) { transformation: [-0.9097504070299396f,-0.29405123870577854f,-0.2930666578177335f,-0.10171312457787876f,0.12577893849108723f,0.4775190706406264f,-0.8695718462591624f,1.9550770150950527f,0.3956435966130559f,-0.8279549542034936f,-0.3974377162134661f,0.2813522794440169f,0f,0f,0f,1f], start_interpolation: 0, interpolation_duration: 1 }
$data merge entity $(bone_neck_1) { transformation: [-0.9758628231189044f,-0.20139825237514955f,-0.08444225479366066f,-0.10979430843740674f,-0.08188476790035897f,0.6959035525198296f,-0.7134515613383894f,1.8978442444764634f,0.2024515627015664f,-0.6893163203715086f,-0.6955978545317524f,0.21925041731992528f,0f,0f,0f,1f], start_interpolation: 0, interpolation_duration: 1 }
$data merge entity $(bone_neck_2) { transformation: [-0.976485560283367f,-0.2153091404307863f,-0.01085930960212435f,-0.11285367645640502f,-0.17819422078271674f,0.834459754603463f,-0.5214630740778958f,1.8603300507490987f,0.12133742307185882f,-0.507266095845252f,-0.8532047455143437f,0.13953683045764242f,0f,0f,0f,1f], start_interpolation: 0, interpolation_duration: 1 }
$data merge entity $(bone_body_0) { transformation: [-0.9771221694126289f,-0.21251891268086248f,0.00824486478370734f,-0.11099241089401275f,-0.1583538944338801f,0.7011087561092502f,-0.6952485571538884f,1.5393409502324462f,0.14197292051648874f,-0.6806483848947882f,-0.7187221062275285f,-0.2056782296760974f,0f,0f,0f,1f], start_interpolation: 0, interpolation_duration: 1 }
$data merge entity $(bone_leg_left_3) { transformation: [-0.9393031079389167f,0.003510181677208242f,0.34307047386926975f,0.20389463691615056f,-0.13563388137605253f,0.9146909741305764f,-0.38071494857297683f,1.2493317889765572f,-0.3151398445756408f,-0.4041387143898123f,-0.8586959752393107f,0.08030880822943545f,0f,0f,0f,1f], start_interpolation: 0, interpolation_duration: 1 }
$data merge entity $(bone_leg_left_2) { transformation: [-0.9369751623941376f,-0.2661623803489896f,0.32139902278030325f,0.15033163897901186f,-0.4025269470826746f,0.7848030433462327f,-0.5235632144521685f,1.415463318897729f,-0.11005362978782426f,-0.6044038136396439f,-0.8213686310841641f,-0.08613154770641454f,0f,0f,0f,1f], start_interpolation: 0, interpolation_duration: 1 }
$data merge entity $(bone_leg_left_1) { transformation: [-0.8377375965992544f,-0.45224235135975666f,0.3060597570421562f,0.027923330720890982f,-0.2670825026877962f,0.8281928478026201f,0.4927104054174317f,1.6196450373474784f,-0.47630101406791947f,0.3310188249710057f,-0.8145943048614361f,0.056484782284431156f,0f,0f,0f,1f], start_interpolation: 0, interpolation_duration: 1 }
$data merge entity $(bone_leg_left_0) { transformation: [-0.8491482206260464f,0.5204303895389909f,0.08999727246930106f,0.1261996351086733f,-0.2529226229239153f,-0.25110254947759736f,-0.9343327332696517f,1.5677058036003306f,-0.46365660377148327f,-0.8161493241375289f,0.34485190225508183f,-0.3459470287818565f,0f,0f,0f,1f], start_interpolation: 0, interpolation_duration: 1 }
$data merge entity $(bone_leg_right_3) { transformation: [-0.9177003146961997f,0.13551060558020328f,0.37344746375063553f,-0.32236940387313867f,0.1585011198415874f,0.9868593480850765f,0.031400988934448315f,0.6727421323542129f,-0.3642849535946529f,0.08800853863339159f,-0.9271197170334349f,-0.2857136477675464f,0f,0f,0f,1f], start_interpolation: 0, interpolation_duration: 1 }
$data merge entity $(bone_leg_right_2) { transformation: [-0.9365431228547471f,0.33887516548238156f,0.2451791197338402f,-0.23434802917004388f,0.18127090430532142f,0.8706830862814672f,-0.5109931721817869f,0.8596238980207129f,-0.3769483224349238f,-0.4232455374642034f,-0.8548891020072886f,-0.4102066809973797f,0f,0f,0f,1f], start_interpolation: 0, interpolation_duration: 1 }
$data merge entity $(bone_leg_right_1) { transformation: [-0.998951613958659f,-0.043267380242790254f,-0.014953487095526616f,-0.26520409313315274f,-0.044634370178619126f,0.8479844541807962f,0.5281383705682211f,1.0610953746728047f,-0.010170839107383173f,0.5282521171511037f,-0.8490266513821744f,-0.22187045752431597f,0f,0f,0f,1f], start_interpolation: 0, interpolation_duration: 1 }
$data merge entity $(bone_leg_right_0) { transformation: [-0.9553341981638528f,-0.13979556430036916f,0.2603723680050742f,-0.23020623214085464f,-0.28091493787223626f,0.7031796386444576f,-0.6531655176722726f,1.4230218695388137f,-0.09177890552227178f,-0.6971338436755106f,-0.7110422185098031f,-0.42703293119925906f,0f,0f,0f,1f], start_interpolation: 0, interpolation_duration: 1 }
$data merge entity $(bone_tail_4) { transformation: [-2.206574530074448f,-0.8935578938883959f,1.3993728827930252f,0.4015008332918635f,-1.6139685786366573f,1.7005313901959802f,-1.4590955245396713f,0.44734055590462846f,-0.38960955070467357f,-1.983786433270442f,-1.881078710945356f,-1.7298206507281422f,0f,0f,0f,1f], start_interpolation: 0, interpolation_duration: 1 }
$data merge entity $(bone_tail_3) { transformation: [-2.0122775868181546f,-0.2945993345774417f,0.44709693769950565f,0.3285726005034121f,-0.5213584812161155f,1.4740792286828905f,-1.375216814787445f,0.6661014852560088f,-0.1219416815439771f,-1.4409188685268257f,-1.49827519724183f,-1.4616680223866703f,0f,0f,0f,1f], start_interpolation: 0, interpolation_duration: 1 }
$data merge entity $(bone_tail_2) { transformation: [-1.9283275686726316f,-0.25418406663577287f,0.18898974355338413f,0.29195344394712963f,-0.3166430585409406f,1.5763845710703526f,-1.1106406856278757f,0.8727081280620367f,-0.007989767062404774f,-1.1265771253503325f,-1.5967260313724603f,-1.1651141208937552f,0f,0f,0f,1f], start_interpolation: 0, interpolation_duration: 1 }
$data merge entity $(bone_tail_1) { transformation: [-1.446085454169784f,0.23526029964321876f,0.37569362604435125f,0.2096141025289547f,0.01152633285750483f,1.301427282994618f,-0.7705909555192726f,1.0226110881679196f,-0.44312554980437313f,-0.7338909104826342f,-1.246073885699216f,-0.8875785152408165f,0f,0f,0f,1f], start_interpolation: 0, interpolation_duration: 1 }
$data merge entity $(bone_tail_0) { transformation: [-1.1923958434847362f,0.22410089397531582f,0.40225198364186676f,0.09747467747519592f,-0.04074003173514799f,1.0608979552454283f,-0.711808608373288f,1.256219464989794f,-0.4586590442132058f,-0.6768382631467885f,-0.9825261132844737f,-0.6167948618788699f,0f,0f,0f,1f], start_interpolation: 0, interpolation_duration: 1 }
$data merge entity $(bone_body_1) { transformation: [-1.1209367185226198f,-0.12954431453460086f,0.5052956943174478f,-0.011273764493982794f,-0.45504731872529125f,0.828353482047269f,-0.7970991416112166f,1.3857383644122714f,-0.25502432402599273f,-0.9086547058196391f,-0.7986950699754947f,-0.36990510334543547f,0f,0f,0f,1f], start_interpolation: 0, interpolation_duration: 1 }