# This file was generated by Animated Java via MC-Build. It is not recommended to edit this file directly.
$data merge entity $(bone_head_lower) { transformation: [-0.8084636277857783f,0.5036680992711836f,-0.3044749715888189f,0.12498441968118561f,0.2879215260332026f,0.7896700817493569f,0.5417770360920402f,1.6297157127940725f,0.5133105857024288f,0.3503421295912285f,-0.7834364268013789f,0.509809790968194f,0f,0f,0f,1f], start_interpolation: 0, interpolation_duration: 1 }
$data merge entity $(bone_head_upper) { transformation: [-0.8415294533023718f,0.6093109338811945f,-0.06356341448463537f,0.1340232064957572f,0.2996973964806581f,0.503655699544585f,0.8602234299543796f,1.7004197400195262f,0.5343047747782474f,0.6771580795889457f,-0.5826210479205883f,0.4850167000189015f,0f,0f,0f,1f], start_interpolation: 0, interpolation_duration: 1 }
$data merge entity $(bone_neck_0) { transformation: [-0.8037508726141971f,-0.0510889297696304f,-0.5927684674701503f,0.0967826670708786f,0.0832022928363099f,0.9768647407129991f,-0.19700928104661947f,1.6717975194106163f,0.5891196086014262f,-0.2076660771688981f,-0.7809051716787279f,0.43770235795377455f,0f,0f,0f,1f], start_interpolation: 0, interpolation_duration: 1 }
$data merge entity $(bone_neck_1) { transformation: [-0.940190250774521f,0.051577499909936673f,-0.3367225175891626f,0.06849546144293077f,0.03640519069202752f,0.9980235081368429f,0.05122244914982213f,1.6807345026972993f,0.3386989141394174f,0.0359003998483233f,-0.9402096611136848f,0.35821964806019463f,0f,0f,0f,1f], start_interpolation: 0, interpolation_duration: 1 }
$data merge entity $(bone_neck_2) { transformation: [-0.9799691770876505f,0.09467915906297694f,-0.1752035068064587f,0.05407328836208489f,0.04166604440277625f,0.9577642680886106f,0.2845198543450238f,1.7150376866240862f,0.19474175900915325f,0.2715206504334711f,-0.9425243676882872f,0.2783058013860932f,0f,0f,0f,1f], start_interpolation: 0, interpolation_duration: 1 }
$data merge entity $(bone_body_0) { transformation: [-0.9759084808236497f,0.05409057103659079f,-0.21136898348956493f,-0.04502884062052166f,0.04028192748976381f,0.9967960809440519f,0.06910093582787519f,1.7571004272173476f,0.2144294834536188f,0.05892183924076244f,-0.9749606215054534f,-0.18062817925602906f,0f,0f,0f,1f], start_interpolation: 0, interpolation_duration: 1 }
$data merge entity $(bone_leg_left_3) { transformation: [-0.9886985495934112f,-0.0480099233456586f,0.1420219183514605f,0.2997614650193155f,-0.1110616033887879f,0.8708901907940041f,-0.47876465599655027f,1.398892626398402f,-0.10070004113502867f,-0.48912710294884265f,-0.8663799275585029f,0.16541362906871027f,0f,0f,0f,1f], start_interpolation: 0, interpolation_duration: 1 }
$data merge entity $(bone_leg_left_2) { transformation: [-0.9851010416042062f,-0.2525782339435049f,0.1335753460372925f,0.24348565754353965f,-0.26631111828961357f,0.6379252521698285f,-0.7577545515667266f,1.5237609174412394f,0.10352065304246262f,-0.7624420029633309f,-0.6782535410977383f,-0.03311096752074594f,0f,0f,0f,1f], start_interpolation: 0, interpolation_duration: 1 }
$data merge entity $(bone_leg_left_1) { transformation: [-0.9316039902312484f,-0.2825415879675746f,0.2286575090697378f,0.17315427641992298f,-0.21367622629764338f,0.9346204963634848f,0.2843008935836673f,1.7668453417397192f,-0.294034820557726f,0.2159971732362131f,-0.9310686040531877f,0.08080498901075539f,0f,0f,0f,1f], start_interpolation: 0, interpolation_duration: 1 }
$data merge entity $(bone_leg_left_0) { transformation: [-0.931022106998786f,0.33137387996689815f,0.15293524105066403f,0.18255736949914475f,-0.1958855160869718f,-0.10014504093951526f,-0.9754997874743814f,1.784160212715661f,-0.307939443506157f,-0.9381696661323614f,0.15814859051604535f,-0.33623104737948634f,0f,0f,0f,1f], start_interpolation: 0, interpolation_duration: 1 }
$data merge entity $(bone_leg_right_3) { transformation: [-0.9027524640681652f,0.2654831633792303f,0.33846222622474953f,-0.3670073792021361f,0.26276397905112436f,0.9633055604949106f,-0.054749323583093146f,1.0512101335096735f,-0.34057756815750023f,0.03951059455061423f,-0.9393858807679512f,-0.22360870819288703f,0f,0f,0f,1f], start_interpolation: 0, interpolation_duration: 1 }
$data merge entity $(bone_leg_right_2) { transformation: [-0.9250092898937479f,0.38665706241610376f,0.21660177560377558f,-0.2687491749732885f,0.2703523518747162f,0.8895044447969875f,-0.43330549041398775f,1.2447418288354413f,-0.3511831700790466f,-0.3336770268850498f,-0.9040974628230511f,-0.3287841819121525f,0f,0f,0f,1f], start_interpolation: 0, interpolation_duration: 1 }
$data merge entity $(bone_leg_right_1) { transformation: [-0.9998344050956983f,-0.007116059840248351f,0.016748853073608717f,-0.2914830094878232f,0.0056926575950950326f,0.7518788136075115f,0.6592767577411367f,1.414151612170846f,-0.017284560637642395f,0.6592629303551886f,-0.7517137970152289f,-0.11015919766222143f,0f,0f,0f,1f], start_interpolation: 0, interpolation_duration: 1 }
$data merge entity $(bone_leg_right_0) { transformation: [-0.9921372986029696f,-0.018312163004313237f,0.12380729141252397f,-0.19339026266429304f,-0.11653115491631526f,0.4960017050655515f,-0.8604666167295134f,1.6924950950229996f,-0.0456516226948388f,-0.8681284313154183f,-0.49423572927011133f,-0.4054725856736708f,0f,0f,0f,1f], start_interpolation: 0, interpolation_duration: 1 }
$data merge entity $(bone_tail_4) { transformation: [-1.7178372244130646f,0.5477504442020039f,2.091570236185561f,0.5191368106561551f,-1.4092782328657012f,1.742258748945857f,-1.6137319001905313f,0.9220890699126882f,-1.639704688165447f,-2.071271405248024f,-0.8042789522361813f,-1.8183101282465999f,0f,0f,0f,1f], start_interpolation: 0, interpolation_duration: 1 }
$data merge entity $(bone_tail_3) { transformation: [-1.669647870718464f,0.4337584920615914f,1.1662225707017495f,0.31714389202975213f,-0.4228128366691166f,1.6377558563365826f,-1.214467202614993f,1.111991101103081f,-1.1702353690593865f,-1.2106010290942786f,-1.225128505669001f,-1.5987269257712828f,0f,0f,0f,1f], start_interpolation: 0, interpolation_duration: 1 }
$data merge entity $(bone_tail_2) { transformation: [-1.8670268171544933f,0.13948851894847178f,0.5599354356622737f,0.21170574556880906f,-0.12060494141073815f,1.7600121376123439f,-0.8405864610897067f,1.2685839075173455f,-0.5643041618985729f,-0.8376598972981619f,-1.67291977820969f,-1.2883513883664706f,0f,0f,0f,1f], start_interpolation: 0, interpolation_duration: 1 }
$data merge entity $(bone_tail_1) { transformation: [-1.3246507784059405f,0.6901849651715203f,0.2379102333228316f,0.15333885366197966f,0.5795910221356656f,1.2939505242141296f,-0.5267091587828281f,1.3655549085709775f,-0.4438815296092766f,-0.37012566073857645f,-1.3977240188730253f,-0.9826282981645346f,0f,0f,0f,1f], start_interpolation: 0, interpolation_duration: 1 }
$data merge entity $(bone_tail_0) { transformation: [-1.1742356341050444f,0.4501247411603913f,0.22889759626794484f,0.09731196778842993f,0.3479171190855939f,1.1410638217291882f,-0.459089043184422f,1.5272472998566964f,-0.3660055606532953f,-0.3594395480746358f,-1.1707599486806832f,-0.6491789467475624f,0f,0f,0f,1f], start_interpolation: 0, interpolation_duration: 1 }
$data merge entity $(bone_body_1) { transformation: [-1.1823977769664258f,-0.10046262744559253f,0.3470552586661567f,0.023393352509277415f,-0.2882971512852888f,0.9781623844050309f,-0.6990620125225672f,1.6238832473556666f,-0.2177724607058758f,-0.7494732852330647f,-0.9588897460794515f,-0.3757681682964923f,0f,0f,0f,1f], start_interpolation: 0, interpolation_duration: 1 }