# This file was generated by Animated Java via MC-Build. It is not recommended to edit this file directly.
$data merge entity $(bone_head_lower) { transformation: [-0.6229207197647089f,0.779521700964609f,-0.06569394654806698f,0.16704567168605014f,0.410086898114123f,0.39690557022977385f,0.821154494791154f,1.378310393314399f,0.666182041849639f,0.4845739221685593f,-0.566912339847374f,0.43235809803327563f,0f,0f,0f,1f], start_interpolation: 0, interpolation_duration: 1 }
$data merge entity $(bone_head_upper) { transformation: [-0.6483979176527856f,0.7699502740450865f,0.26500690267412935f,0.20240229801245113f,0.42685928137744983f,0.03291373279574464f,0.9487780471105375f,1.4445882308023106f,0.6934286097854385f,0.6996893626995152f,-0.33624916570853686f,0.4251045661667912f,0f,0f,0f,1f], start_interpolation: 0, interpolation_duration: 1 }
$data merge entity $(bone_neck_0) { transformation: [-0.6820591325565554f,0.3266834369584218f,-0.6542730864961761f,0.155013479121499f,0.216824195447825f,0.9447837047627458f,0.2457051474495086f,1.4450703140176475f,0.6984143526335945f,0.025723204151393703f,-0.7152312275086866f,0.37821316296544827f,0f,0f,0f,1f], start_interpolation: 0, interpolation_duration: 1 }
$data merge entity $(bone_neck_1) { transformation: [-0.8477739535866912f,0.40979388108800974f,-0.3366723906749962f,0.12838077799213654f,0.25570244221991456f,0.8719716940082093f,0.41747050900779253f,1.4844526100288724f,0.4646456549487602f,0.2678326714037708f,-0.8440201866460051f,0.3079474470296552f,0f,0f,0f,1f], start_interpolation: 0, interpolation_duration: 1 }
$data merge entity $(bone_neck_2) { transformation: [-0.8895579897867082f,0.4480052233426999f,-0.08931910581890413f,0.12494200556889654f,0.3212085716104246f,0.7524359908150766f,0.5750348974193868f,1.5421967984271152f,0.32482554753378273f,0.48283682500798497f,-0.8132385652965473f,0.24142892371028174f,0f,0f,0f,1f], start_interpolation: 0, interpolation_duration: 1 }
$data merge entity $(bone_body_0) { transformation: [-0.88640696269916f,0.4175497238292344f,-0.19983724529871852f,0.0347371443059086f,0.3146830049136441f,0.8601442581139871f,0.40140560739986975f,1.7395717051625044f,0.3394956596143308f,0.2929233404214642f,-0.893833661113387f,-0.17704106792453844f,0f,0f,0f,1f], start_interpolation: 0, interpolation_duration: 1 }
$data merge entity $(bone_leg_left_3) { transformation: [-0.9869896894583677f,0.006744168978625689f,-0.1606420526750785f,0.3714205606990294f,0.09754062225392034f,0.8193789192754477f,-0.5648929222935247f,1.2755299889819818f,0.12781697818831825f,-0.5732126157297898f,-0.809376375523168f,0.16240138898053236f,0f,0f,0f,1f], start_interpolation: 0, interpolation_duration: 1 }
$data merge entity $(bone_leg_left_2) { transformation: [-0.9753413603320054f,-0.2653109452429527f,-0.17430299096888344f,0.3026770980226317f,-0.018739843725017767f,0.6103318975558274f,-0.8241395467903235f,1.392298792127837f,0.31689154072579745f,-0.7804916890402415f,-0.58521335789286f,-0.03712418586429524f,0f,0f,0f,1f], start_interpolation: 0, interpolation_duration: 1 }
$data merge entity $(bone_leg_left_1) { transformation: [-0.9955088915282058f,-0.03431525809442104f,0.08822986994321484f,0.3085015150782586f,-0.025157380898388784f,0.9943747213225527f,0.10288838506376632f,1.6574835405527495f,-0.09126419382549053f,0.10020666972118045f,-0.9907721586059908f,0.04446325819754349f,0f,0f,0f,1f], start_interpolation: 0, interpolation_duration: 1 }
$data merge entity $(bone_leg_left_0) { transformation: [-0.9930723675380477f,0.1174141182415465f,-0.004604092737655347f,0.23950680557744117f,-0.0010617429811734455f,-0.04814700558761914f,-0.9988396961248525f,1.719767800565307f,-0.1174995554639196f,-0.9919152134585424f,0.04793812444469808f,-0.36255968904258323f,0f,0f,0f,1f], start_interpolation: 0, interpolation_duration: 1 }
$data merge entity $(bone_leg_right_3) { transformation: [-0.8650020832374364f,0.4789567175748916f,0.1495722523892072f,-0.43144822824597007f,0.45498298541755766f,0.8743797147256853f,-0.16867304899347416f,1.200013504738055f,-0.21157003326421644f,-0.07784970883769549f,-0.9742574320262912f,-0.13756367468873004f,0f,0f,0f,1f], start_interpolation: 0, interpolation_duration: 1 }
$data merge entity $(bone_leg_right_2) { transformation: [-0.8890118606072448f,0.5115439154295442f,-0.006552387912065372f,-0.31103138872700736f,0.4632090422787167f,0.7993021963713945f,-0.44566308073228644f,1.3718380883497565f,-0.21715776373773277f,-0.38923132063538984f,-0.9237985084343614f,-0.2565055482780817f,0f,0f,0f,1f], start_interpolation: 0, interpolation_duration: 1 }
$data merge entity $(bone_leg_right_1) { transformation: [-0.9696031037988864f,0.23655377992162202f,0.06254702477623374f,-0.2693946304848085f,0.21410075824330138f,0.696479147265573f,0.6848924461138866f,1.5289895311066424f,0.11845119848785582f,0.67746520695089f,-0.7259546865664395f,-0.031598478441948075f,0f,0f,0f,1f], start_interpolation: 0, interpolation_duration: 1 }
$data merge entity $(bone_leg_right_0) { transformation: [-0.9842191241637696f,-0.031470742019777884f,-0.17413301819880977f,-0.15313485678904717f,0.15152001364181783f,0.3584160884409947f,-0.9211837997992803f,1.7270873703676506f,0.09140241296752379f,-0.9330313499252754f,-0.34799152139144485f,-0.3802360978475183f,0f,0f,0f,1f], start_interpolation: 0, interpolation_duration: 1 }
$data merge entity $(bone_tail_4) { transformation: [-2.208277062261764f,0.9833744091706499f,1.33497135522708f,0.14214654480264555f,-0.22842868087513002f,2.021723138012429f,-1.8671146784755415f,1.0919333292650069f,-1.642252747186681f,-1.6035185238136327f,-1.5353812522446502f,-1.9822249622033874f,0f,0f,0f,1f], start_interpolation: 0, interpolation_duration: 1 }
$data merge entity $(bone_tail_3) { transformation: [-1.7757290334321907f,0.9039776586745399f,0.6046125358340815f,0.030780470583562786f,0.4644786946060584f,1.6771492339729757f,-1.1434052279421139f,1.2694003804576608f,-0.9833572433899461f,-0.8402025741722062f,-1.6318742881335466f,-1.6972973456254583f,0f,0f,0f,1f], start_interpolation: 0, interpolation_duration: 1 }
$data merge entity $(bone_tail_2) { transformation: [-1.8366593818089614f,0.6546280071989067f,0.13007060546752633f,0.005398291150686968f,0.6002966783445712f,1.786714537550451f,-0.5158187029152087f,1.3661589909740086f,-0.29171919406232993f,-0.4448451511474996f,-1.8803687346685385f,-1.3480624673167136f,0f,0f,0f,1f], start_interpolation: 0, interpolation_duration: 1 }
$data merge entity $(bone_tail_1) { transformation: [-1.0822500953913634f,1.049521466427663f,-0.12204782887422835f,0.019866257853884628f,1.0536549171835874f,1.0589932022461015f,-0.23664522621721215f,1.4031306732020352f,-0.07875466030802727f,-0.2543508189569589f,-1.4888786432667012f,-1.0244879787495011f,0f,0f,0f,1f], start_interpolation: 0, interpolation_duration: 1 }
$data merge entity $(bone_tail_0) { transformation: [-1.0340273581065544f,0.7497553495309496f,-0.04990045211148793f,0.05254126191139177f,0.7402154832243258f,1.0017679368484562f,-0.2870152533949944f,1.5111776459083006f,-0.1292446426981992f,-0.2610816598999986f,-1.244575391762871f,-0.6670944881825426f,0f,0f,0f,1f], start_interpolation: 0, interpolation_duration: 1 }
$data merge entity $(bone_body_1) { transformation: [-1.2349023880132008f,0.05051673108172252f,0.03269169644361207f,0.041538240095923405f,0.02302087397874376f,1.0172599231075319f,-0.702322492347186f,1.6059381126073708f,-0.05559430273687351f,-0.700881519071751f,-1.0169950662530893f,-0.38344803699914776f,0f,0f,0f,1f], start_interpolation: 0, interpolation_duration: 1 }