# This file was generated by Animated Java via MC-Build. It is not recommended to edit this file directly.
$data merge entity $(bone_head_lower) { transformation: [-0.28130208817297986f,0.9353046329740704f,0.21464943216034987f,0.16851494870765532f,0.48804426918017946f,-0.05315324594749493f,0.8711989002321052f,1.1364429641252967f,0.826245681689112f,0.3498284950979332f,-0.44151794698246405f,0.33944996853478904f,0f,0f,0f,1f], start_interpolation: 0, interpolation_duration: 1 }
$data merge entity $(bone_head_upper) { transformation: [-0.29280722637005135f,0.7934531591096492f,0.6067684525977783f,0.22806985249864323f,0.5080050764378701f,-0.42612821189275196f,0.8023824100302466f,1.182346196523043f,0.8600387858011628f,0.5218417134644476f,-0.2673695113315244f,0.3330030171869398f,0f,0f,0f,1f], start_interpolation: 0, interpolation_duration: 1 }
$data merge entity $(bone_neck_0) { transformation: [-0.412938073524162f,0.7357812789429621f,-0.5367569813157652f,0.18155246053529103f,0.3610818560757192f,0.6733155593787135f,0.6451868339569893f,1.2130193383618808f,0.8361232209710883f,0.07260900120225577f,-0.5437148998301807f,0.29639663975131697f,0f,0f,0f,1f], start_interpolation: 0, interpolation_duration: 1 }
$data merge entity $(bone_neck_1) { transformation: [-0.5916095334659074f,0.7807942042851398f,-0.20089442617202352f,0.16813108719904327f,0.48652128989691884f,0.5444439676440718f,0.6832845677849158f,1.2734106946666557f,0.6428803888666146f,0.3064982490173739f,-0.7019712451090816f,0.23834246103892764f,0f,0f,0f,1f], start_interpolation: 0, interpolation_duration: 1 }
$data merge entity $(bone_neck_2) { transformation: [-0.6119239480221033f,0.7843398297905562f,0.10178464147976125f,0.18472736232352466f,0.5980529056298942f,0.37464413277043296f,0.7085015849300064f,1.3391487474808168f,0.517572993793806f,0.4944216876157553f,-0.6983304310356993f,0.18200417513728062f,0f,0f,0f,1f], start_interpolation: 0, interpolation_duration: 1 }
$data merge entity $(bone_body_0) { transformation: [-0.6109353818741089f,0.7875565721402292f,-0.08070071160199516f,0.15419588036852366f,0.590160774878467f,0.5209976695482946f,0.6166617290866148f,1.6347422619673886f,0.5277008802050496f,0.3291140744544021f,-0.7830809070759153f,-0.1839236968624255f,0f,0f,0f,1f], start_interpolation: 0, interpolation_duration: 1 }
$data merge entity $(bone_leg_left_3) { transformation: [-0.8177847185484166f,0.013791424854631917f,-0.5753589755180376f,0.4354511560395026f,0.3572953189263494f,0.7958962906989767f,-0.48876287658222156f,1.011783660205103f,0.451185337951052f,-0.6052758801175615f,-0.655799435624876f,0.07844003111217021f,0f,0f,0f,1f], start_interpolation: 0, interpolation_duration: 1 }
$data merge entity $(bone_leg_left_2) { transformation: [-0.7863416470635416f,-0.32327949342590745f,-0.5737764222450932f,0.3411430006783649f,0.25978349107758714f,0.6689029654220834f,-0.7329007846317114f,1.1454570757040132f,0.6051789416012688f,-0.7071926127163134f,-0.4309283660453744f,-0.09878429534232866f,0f,0f,0f,1f], start_interpolation: 0, interpolation_duration: 1 }
$data merge entity $(bone_leg_left_1) { transformation: [-0.9432052728515229f,0.24667160858261347f,-0.22252400046815118f,0.4387423292744554f,0.24682083966729543f,0.968668193885535f,0.027593536570476446f,1.4022349041127193f,0.2223584636819906f,-0.028897191451779963f,-0.9745366416688414f,-0.05937739803910197f,0f,0f,0f,1f], start_interpolation: 0, interpolation_duration: 1 }
$data merge entity $(bone_leg_left_0) { transformation: [-0.940622968109192f,-0.1485638112350102f,-0.3052166867272854f,0.2958863710573669f,0.2835736773335836f,0.1503267068732274f,-0.9470944254530058f,1.5713301669866664f,0.1865861768432011f,-0.9774101877881052f,-0.09927196693457152f,-0.41336362070874394f,0f,0f,0f,1f], start_interpolation: 0, interpolation_duration: 1 }
$data merge entity $(bone_leg_right_3) { transformation: [-0.6967582983646914f,0.6926918903151879f,-0.1862949777946563f,-0.4158977490597011f,0.7162354283158281f,0.6860291889233202f,-0.1279482831868167f,1.323453736576183f,0.03917505437369697f,-0.22258009128577327f,-0.9741270030535211f,-0.03638270666025137f,0f,0f,0f,1f], start_interpolation: 0, interpolation_duration: 1 }
$data merge entity $(bone_leg_right_2) { transformation: [-0.7142333286913062f,0.6393790073982683f,-0.3648663270098187f,-0.277027388483851f,0.7348886406466918f,0.6491378607579698f,-0.3010330929976283f,1.464323468193546f,0.04326242637310655f,-0.471037920054921f,-0.9101174868308706f,-0.17437478517782817f,0f,0f,0f,1f], start_interpolation: 0, interpolation_duration: 1 }
$data merge entity $(bone_leg_right_1) { transformation: [-0.7921354795349276f,0.5937394783440106f,0.14140301947890752f,-0.1390022856279326f,0.48705164257988964f,0.475296938387046f,0.7327165330604546f,1.5642861939667094f,0.3678343098763377f,0.6492813351819711f,-0.6656813564026828f,0.04464555656553171f,0f,0f,0f,1f], start_interpolation: 0, interpolation_duration: 1 }
$data merge entity $(bone_leg_right_0) { transformation: [-0.8141182532398562f,-0.16139018036057984f,-0.5578213687417007f,-0.062297061099856305f,0.4785517123396317f,0.3576716960745376f,-0.8019097308575136f,1.7143562907562038f,0.32893727116046234f,-0.9197957205327403f,-0.21395350927518192f,-0.3373263706020838f,0f,0f,0f,1f], start_interpolation: 0, interpolation_duration: 1 }
$data merge entity $(bone_tail_4) { transformation: [-2.020559445521774f,1.8744953021192838f,0.17107957518497643f,-0.24579447182767994f,1.5917849805261703f,1.8356006611481053f,-1.312422233949097f,1.5375374013181387f,-1.004600136613588f,-0.861683762598188f,-2.423621461860451f,-2.04149497636021f,0f,0f,0f,1f], start_interpolation: 0, interpolation_duration: 1 }
$data merge entity $(bone_tail_3) { transformation: [-1.2965531657292035f,1.6247773094618105f,-0.12245043544251763f,-0.2409311245527341f,1.5948899348739018f,1.233486088048871f,-0.5203688040921152f,1.613702090980066f,-0.33349889073270583f,-0.4177993433364573f,-2.0125028508382603f,-1.6961603685712554f,0f,0f,0f,1f], start_interpolation: 0, interpolation_duration: 1 }
$data merge entity $(bone_tail_2) { transformation: [-1.3019271223106672f,1.439985455803692f,-0.22405697995928148f,-0.19989947614875142f,1.4240151319940737f,1.32091237724057f,0.21481450255358514f,1.5751358399219928f,0.309742711046673f,-0.02015573688247067f,-1.9293592392882561f,-1.3372724583851943f,0f,0f,0f,1f], start_interpolation: 0, interpolation_duration: 1 }
$data merge entity $(bone_tail_1) { transformation: [-0.4316068204442364f,1.3978063545996111f,-0.38406926144507186f,-0.13392644979773785f,1.371865961933044f,0.5233341636857347f,0.3629895117064363f,1.489316685177427f,0.4683541235385264f,-0.244775403503495f,-1.4171752420939907f,-1.0297674836744672f,0f,0f,0f,1f], start_interpolation: 0, interpolation_duration: 1 }
$data merge entity $(bone_tail_0) { transformation: [-0.5961486324170541f,1.0813557978862343f,-0.3303213027177166f,-0.011303846092968028f,1.1069949840771351f,0.634232655272902f,0.07840128058632272f,1.481711172532859f,0.23022734390025706f,-0.2495081039712686f,-1.2323054786688743f,-0.6756802563718469f,0f,0f,0f,1f], start_interpolation: 0, interpolation_duration: 1 }
$data merge entity $(bone_body_1) { transformation: [-1.1265273609830537f,0.27308720299450767f,-0.43007450467732106f,0.07028809077683476f,0.449833318060921f,1.0231451700903362f,-0.5286100093068327f,1.5356895071004204f,0.23914574212205603f,-0.6381237619284396f,-1.0316065013092142f,-0.3928640315151782f,0f,0f,0f,1f], start_interpolation: 0, interpolation_duration: 1 }