# This file was generated by Animated Java via MC-Build. It is not recommended to edit this file directly.
$data merge entity $(bone_head_lower) { transformation: [0.3532960936875704f,0.9289819042483443f,0.11033807939339307f,0.38473824305064197f,0.48072968380612896f,-0.28146109579467565f,0.8304689173362958f,0.8006173062522443f,0.8025464729800778f,-0.24035863440529776f,-0.5460282827602043f,0.31508084535743003f,0f,0f,0f,1f], start_interpolation: 0, interpolation_duration: 1 }
$data merge entity $(bone_head_upper) { transformation: [0.3677457567126864f,0.7820375701004609f,0.5802174074902325f,0.4424115082451082f,0.5003913275697648f,-0.6838265876057613f,0.6045342504440384f,0.8270924953299159f,0.8353702893305993f,0.06534814165936939f,-0.617541935959725f,0.27423582929785223f,0f,0f,0f,1f], start_interpolation: 0, interpolation_duration: 1 }
$data merge entity $(bone_neck_0) { transformation: [0.2184944371152404f,0.8938015989387615f,-0.39163616110390886f,0.4025089029065604f,0.5049579507573151f,0.23986612641030908f,0.8291451678493256f,0.8766499350117783f,0.8350315257022738f,-0.3789234000895515f,-0.3989228095106953f,0.25432155015770885f,0f,0f,0f,1f], start_interpolation: 0, interpolation_duration: 1 }
$data merge entity $(bone_neck_1) { transformation: [-0.017541848499490635f,0.9806905729621116f,-0.19477752348375746f,0.3905266090958052f,0.6714790855265609f,0.15589378634188558f,0.7244397594558183f,0.9387376740964828f,0.7408158484074394f,-0.11808102084262023f,-0.6612478742991393f,0.19776119182332727f,0f,0f,0f,1f], start_interpolation: 0, interpolation_duration: 1 }
$data merge entity $(bone_neck_2) { transformation: [-0.04199266343747925f,0.9970765241899837f,0.06383589215047253f,0.40588111436202534f,0.7921948874896996f,-0.0057056184626758655f,0.6102415146096998f,0.9921435460168909f,0.6088217115483059f,0.076196133938531f,-0.7896393307834993f,0.12932887192555373f,0f,0f,0f,1f], start_interpolation: 0, interpolation_duration: 1 }
$data merge entity $(bone_body_0) { transformation: [-0.040924643230529245f,0.986782916307137f,-0.15679492868340889f,0.34138459321098813f,0.7881089341498062f,0.12834107470902503f,0.6020073724264419f,1.2770899722767732f,0.6141738202575149f,-0.0989345471860757f,-0.782944745102345f,-0.24061252562851868f,0f,0f,0f,1f], start_interpolation: 0, interpolation_duration: 1 }
$data merge entity $(bone_leg_left_3) { transformation: [-0.31225633847253015f,-0.14094285651876268f,-0.9394844811278468f,0.4610753900930912f,0.3512372195363994f,0.9017308367806348f,-0.25201966909595536f,0.44405945558928134f,0.8826824993711317f,-0.4086766560439036f,-0.23206679234372402f,-0.2581465602469479f,0f,0f,0f,1f], start_interpolation: 0, interpolation_duration: 1 }
$data merge entity $(bone_leg_left_2) { transformation: [-0.27293753569235507f,-0.43216491180272243f,-0.8892698072674138f,0.3324325270588262f,0.2766043483840514f,0.8523189095266177f,-0.4991039074372045f,0.6277383275763779f,0.9492403992487431f,-0.3726233553745609f,-0.11025742135650084f,-0.3469393405948496f,0f,0f,0f,1f], start_interpolation: 0, interpolation_duration: 1 }
$data merge entity $(bone_leg_left_1) { transformation: [-0.6181875053368202f,0.3325298400825246f,-0.7122275715669318f,0.4728559631302359f,0.33015450367531357f,0.9321492661728876f,0.14864639005456654f,0.8665152731391934f,0.7133317684979033f,-0.1432537993493979f,-0.6860292537666426f,-0.36367895018876134f,0f,0f,0f,1f], start_interpolation: 0, interpolation_duration: 1 }
$data merge entity $(bone_leg_left_0) { transformation: [-0.6054027299891341f,-0.25951027835028917f,-0.7524240492915273f,0.36182223322231155f,0.4074550910445924f,0.7110321218930764f,-0.5730738786736596f,1.239718483544796f,0.6837162301010168f,-0.6535195001427156f,-0.3247220036118108f,-0.5143380127443826f,0f,0f,0f,1f], start_interpolation: 0, interpolation_duration: 1 }
$data merge entity $(bone_leg_right_3) { transformation: [-0.22410870948550693f,0.8231576709576756f,-0.5217151857826979f,-0.2938748095591174f,0.8484592558528123f,0.4281730807770061f,0.31110240123730837f,1.2214164119901607f,0.47947072641656935f,-0.3729333206371641f,-0.7943730615196525f,0.027856091938835842f,0f,0f,0f,1f], start_interpolation: 0, interpolation_duration: 1 }
$data merge entity $(bone_leg_right_2) { transformation: [-0.20047123440237974f,0.7515739361864804f,-0.6685881408782539f,-0.1390353777980431f,0.8722332020067941f,0.46947160764679524f,0.26621016214863547f,1.3377234848425275f,0.5010815552331334f,-0.5165222430441766f,-0.7308790918793966f,-0.11590929764585337f,0f,0f,0f,1f], start_interpolation: 0, interpolation_duration: 1 }
$data merge entity $(bone_leg_right_1) { transformation: [-0.31549191750721944f,0.8559998394531108f,0.4095474634811766f,0.06550894820672594f,0.598530400162894f,-0.15540271010165074f,0.7858825343357033f,1.2657452692816817f,0.7363601089605981f,0.4930661948960914f,-0.4633136274514551f,0.057278868357764856f,0f,0f,0f,1f], start_interpolation: 0, interpolation_duration: 1 }
$data merge entity $(bone_leg_right_0) { transformation: [-0.296685807639848f,-0.02645507634402955f,-0.9546086425759628f,0.16733026296573134f,0.6597799132329298f,0.7170069685523789f,-0.22492548353104713f,1.4888595262319182f,0.6904114698058244f,-0.696563806110366f,-0.19527126357352742f,-0.28059644410342177f,0f,0f,0f,1f], start_interpolation: 0, interpolation_duration: 1 }
$data merge entity $(bone_tail_4) { transformation: [0.79889433630338f,2.579799152447569f,0.5762512508040093f,0.15101594959825337f,2.4085524764408883f,-0.9584633970620379f,0.9517794998437219f,2.291493156693089f,1.0891758991333074f,0.227256641537934f,-2.5273922551167343f,-1.6545250077585938f,0f,0f,0f,1f], start_interpolation: 0, interpolation_duration: 1 }
$data merge entity $(bone_tail_3) { transformation: [0.7678353435579168f,1.903931617008119f,0.348452018195602f,0.07329989847217505f,1.5682517933559994f,-0.8316747488832491f,1.088507671424562f,2.1150610708064064f,1.134442913444054f,-0.13894976024188202f,-1.7405969568828203f,-1.358024353624731f,0f,0f,0f,1f], start_interpolation: 0, interpolation_duration: 1 }
$data merge entity $(bone_tail_2) { transformation: [0.331566123505395f,1.8281954272808993f,0.6054248594297975f,-0.03856706127169522f,1.3535770595523822f,-0.6582234156688049f,1.246332601644359f,1.8842148319422365f,1.3699149333443699f,0.20788768539111832f,-1.3780020539409912f,-1.1007943373181759f,0f,0f,0f,1f], start_interpolation: 0, interpolation_duration: 1 }
$data merge entity $(bone_tail_1) { transformation: [0.6749709631225501f,1.3363652410455331f,0.21493811078245492f,-0.10179987746346673f,0.6774075558900879f,-0.5414541632329115f,1.2391943521259148f,1.6235255747345931f,1.1718316654555958f,-0.45674016863317524f,-0.8401519006658881f,-0.9155393802136143f,0f,0f,0f,1f], start_interpolation: 0, interpolation_duration: 1 }
$data merge entity $(bone_tail_0) { transformation: [0.34033678009651025f,1.2090174017433917f,-0.23724146977125427f,-0.0032966624119866728f,0.9863965677348671f,-0.11989491962652686f,0.8040415014118678f,1.3856726823742382f,0.7382603902813976f,-0.39716224280945195f,-0.964919408869027f,-0.6431517345299f,0f,0f,0f,1f], start_interpolation: 0, interpolation_duration: 1 }
$data merge entity $(bone_body_1) { transformation: [-0.6116992197711884f,0.5883581995414868f,-0.8990346426138811f,0.16608619850662223f,0.7835767267082685f,0.9521137569551639f,0.08995277780107054f,1.3006283033723531f,0.7351436410312782f,-0.5252795616671881f,-0.8439489345939436f,-0.41156412295656447f,0f,0f,0f,1f], start_interpolation: 0, interpolation_duration: 1 }