# This file was generated by Animated Java via MC-Build. It is not recommended to edit this file directly.
$data merge entity $(bone_head_lower) { transformation: [0.9131011577200286f,0.2770721064175341f,-0.2991276042355406f,0.8885433586113716f,0.36429275434163777f,-0.22487465803884488f,0.9037268267048927f,0.44494725055980294f,0.1831312777887124f,-0.9341640305734656f,-0.30626867139524766f,0.043352980009285925f,0f,0f,0f,1f], start_interpolation: 0, interpolation_duration: 1 }
$data merge entity $(bone_head_upper) { transformation: [0.9504466146119622f,0.41446999321840183f,-0.09131155500650243f,0.8918504405230662f,0.37919217620556317f,-0.7287122350085903f,0.6392681085716546f,0.47277138127908597f,0.1906212707455717f,-0.6169805879068075f,-0.8163764008525849f,-0.02672082002141355f,0f,0f,0f,1f], start_interpolation: 0, interpolation_duration: 1 }
$data merge entity $(bone_neck_0) { transformation: [0.8499493071610476f,0.24969077555423685f,-0.46394039688259425f,0.8575235952450676f,0.4803412881558209f,-0.005446638748801691f,0.8770647530365967f,0.5294172315874497f,0.21646806265419793f,-0.9683103070449388f,-0.12456615560124862f,-0.019127955581712118f,0f,0f,0f,1f], start_interpolation: 0, interpolation_duration: 1 }
$data merge entity $(bone_neck_1) { transformation: [0.6412052951216846f,0.5278172566400291f,-0.5570141049389208f,0.8127687778707973f,0.6722368005756957f,-0.03630065109501737f,0.7394457023215631f,0.5918907552369157f,0.370072227355236f,-0.8485818795632344f,-0.378094353590824f,-0.05506682046565866f,0f,0f,0f,1f], start_interpolation: 0, interpolation_duration: 1 }
$data merge entity $(bone_neck_2) { transformation: [0.5341581241341394f,0.6649783036764401f,-0.5219951667028169f,0.7735486395083124f,0.79369690798947f,-0.18188421238435143f,0.5804854447212942f,0.640964873718461f,0.2910675465754501f,-0.724376966036972f,-0.624946153204914f,-0.11690889381566397f,0f,0f,0f,1f], start_interpolation: 0, interpolation_duration: 1 }
$data merge entity $(bone_body_0) { transformation: [0.5354459011527589f,0.5352361983614186f,-0.6533145482096093f,0.47074273670131983f,0.7925014814596333f,-0.0510068162257691f,0.6077332528196865f,0.9269013730896105f,0.29195734075887897f,-0.843161026531781f,-0.45148687081118655f,-0.33772512568220897f,0f,0f,0f,1f], start_interpolation: 0, interpolation_duration: 1 }
$data merge entity $(bone_leg_left_3) { transformation: [0.19170797835905412f,-0.03493449110791183f,-0.9808300731342383f,0.20911989042558843f,0.20483372910734784f,0.9787831074875222f,0.005174158583455352f,0.08180491682442761f,0.9598391503025189f,-0.20189900898246224f,0.19479629287652667f,-0.4828624147158494f,0f,0f,0f,1f], start_interpolation: 0, interpolation_duration: 1 }
$data merge entity $(bone_leg_left_2) { transformation: [0.2031906396808481f,-0.2509698553747873f,-0.973545014439466f,0.12084750549222745f,0.18026149588782472f,0.986227786921126f,-0.21661658501978856f,0.30527841305688075f,0.9890811678255053f,-0.12818378797067093f,0.2394776804946936f,-0.5038064975517218f,0f,0f,0f,1f], start_interpolation: 0, interpolation_duration: 1 }
$data merge entity $(bone_leg_left_1) { transformation: [-0.18740045252752716f,0.41961634244997204f,-0.8881459314444815f,0.2856802795191242f,0.30836772207589325f,0.8835871168169216f,0.35239630386382315f,0.5204903062128724f,0.9326255509979352f,-0.20783631093739885f,-0.29498076120610006f,-0.5631982756912726f,0f,0f,0f,1f], start_interpolation: 0, interpolation_duration: 1 }
$data merge entity $(bone_leg_left_0) { transformation: [-0.13230678999011533f,0.0768529017912623f,-0.9882249464614693f,0.3809188588317166f,0.4002584950339617f,0.9162319809301153f,0.017666190138925564f,0.9253349278460522f,0.9068009982767218f,-0.39320807291704896f,-0.15198473909311172f,-0.5997731838888274f,0f,0f,0f,1f], start_interpolation: 0, interpolation_duration: 1 }
$data merge entity $(bone_leg_right_3) { transformation: [0.33412365700062807f,0.8038533591282556f,-0.49211904946948226f,-0.19912730672232629f,0.7846437366573663f,0.05205224835049911f,0.6177578570653903f,1.4041559371618055f,0.5222026315108838f,-0.5925456441995655f,-0.6133466158569969f,-0.02361681092253945f,0f,0f,0f,1f], start_interpolation: 0, interpolation_duration: 1 }
$data merge entity $(bone_leg_right_2) { transformation: [0.4078417464606925f,0.7649532126177341f,-0.5482461963847943f,-0.0383938034877333f,0.771829813489115f,0.07003884932495044f,0.6718894984261095f,1.4400488862185967f,0.538522096439825f,-0.6797082768303908f,-0.547770763691356f,-0.19981984498256156f,0f,0f,0f,1f], start_interpolation: 0, interpolation_duration: 1 }
$data merge entity $(bone_leg_right_1) { transformation: [0.25283958777826593f,0.6393443305971269f,0.7261618068897784f,0.10181863090986343f,0.6160680697210462f,-0.6851106479455228f,0.3886946533486789f,1.2455802067219208f,0.7460109089834415f,0.3490877067514371f,-0.5671027214471133f,-0.060049348829459226f,0f,0f,0f,1f], start_interpolation: 0, interpolation_duration: 1 }
$data merge entity $(bone_leg_right_0) { transformation: [0.30938894240030396f,0.8088960826706341f,-0.49996560857775385f,0.4241434547666395f,0.6255463591480569f,0.22286679463188083f,0.7476778346367645f,1.199483510862909f,0.7162194041472427f,-0.5440749206594745f,-0.4370494775564376f,-0.3213711449373098f,0f,0f,0f,1f], start_interpolation: 0, interpolation_duration: 1 }
$data merge entity $(bone_tail_4) { transformation: [2.1123652706840645f,-0.31015100844802357f,1.7513939153618499f,0.928428954835452f,-0.20401214980872978f,-2.7434556992427797f,-0.23977322749366106f,1.8831983578647857f,1.7669050165581222f,0.05402323436245313f,-2.1215064186117267f,-1.3990256668775745f,0f,0f,0f,1f], start_interpolation: 0, interpolation_duration: 1 }
$data merge entity $(bone_tail_3) { transformation: [1.4732313602433191f,0.09967738980917815f,1.4681959348809315f,0.6785017586670156f,-0.31352406846741454f,-2.008552058664935f,0.450962096155467f,1.8263871100033744f,1.4377891165715866f,-0.5401190346933921f,-1.4060509986037546f,-1.1553258881198194f,0f,0f,0f,1f], start_interpolation: 0, interpolation_duration: 1 }
$data merge entity $(bone_tail_2) { transformation: [1.2011483011490172f,0.4535982149022502f,1.4731820298547962f,0.40563655505396284f,0.12792448254894123f,-1.8905333687873809f,0.4777999406328924f,1.7372098798615256f,1.536115868160404f,-0.19724633315147316f,-1.1917280724422334f,-0.9326973044865052f,0f,0f,0f,1f], start_interpolation: 0, interpolation_duration: 1 }
$data merge entity $(bone_tail_1) { transformation: [0.8950457548292459f,0.591779770702486f,1.0659953328929064f,0.1681572548335507f,-0.3244741561248738f,-1.1590930444243712f,0.9159017886073224f,1.5545967422414178f,1.1752726784747431f,-0.7706855826822988f,-0.5589580609280527f,-0.8041177534910573f,0f,0f,0f,1f], start_interpolation: 0, interpolation_duration: 1 }
$data merge entity $(bone_tail_0) { transformation: [0.9415403530582557f,0.8316831454327612f,0.23588265249914206f,0.11929685716316915f,0.37339415473265003f,-0.7058047139920852f,0.9981243547284413f,1.2458892821920249f,0.7796885822932464f,-0.6663171676413916f,-0.7628517964401268f,-0.5972741484409474f,0f,0f,0f,1f], start_interpolation: 0, interpolation_duration: 1 }
$data merge entity $(bone_body_1) { transformation: [0.13594623764382718f,0.7823279879870291f,-0.9476740656675715f,0.28692246085465356f,0.8622282663472295f,0.6186397304601641f,0.6343909643621011f,1.056732493359892f,0.8756058658086919f,-0.7306520363104397f,-0.4775631525286144f,-0.4370328053586686f,0f,0f,0f,1f], start_interpolation: 0, interpolation_duration: 1 }