# This file was generated by Animated Java via MC-Build. It is not recommended to edit this file directly.
$data merge entity $(bone_head_lower) { transformation: [0.7892194152705415f,0.1510437254680291f,-0.5952465939060575f,1.1912286348506709f,0.5821554019110275f,0.12458589438560197f,0.8034758508791343f,0.4184560146873692f,0.19551931512214848f,-0.980644761326383f,0.01039468601198279f,-0.37675603829821996f,0f,0f,0f,1f], start_interpolation: 0, interpolation_duration: 1 }
$data merge entity $(bone_head_upper) { transformation: [0.8214981605136837f,0.4650998487312119f,-0.4385143618701041f,1.1716973207057255f,0.6059653152844379f,-0.33927401026387827f,0.7753522587928691f,0.4644765574693329f,0.20351597364426308f,-0.8672065608914504f,-0.5385220253638269f,-0.433290044892674f,0f,0f,0f,1f], start_interpolation: 0, interpolation_duration: 1 }
$data merge entity $(bone_neck_0) { transformation: [0.7424283398191394f,-0.004495164223073167f,-0.6699104072426431f,1.128212725477872f,0.6632446900447602f,0.14580268534602495f,0.7340627071806042f,0.5093614665795351f,0.09437500389841598f,-0.9893034774246453f,0.11122943942445403f,-0.4100699853248024f,0f,0f,0f,1f], start_interpolation: 0, interpolation_duration: 1 }
$data merge entity $(bone_neck_1) { transformation: [0.5926825427882325f,0.24334557661190961f,-0.767795763089047f,1.064291409678093f,0.6946972841723712f,0.327943373697755f,0.6401943665881993f,0.5651051261103208f,0.40758200013936596f,-0.9128176564852105f,0.02531480142608361f,-0.4121307262284647f,0f,0f,0f,1f], start_interpolation: 0, interpolation_duration: 1 }
$data merge entity $(bone_neck_2) { transformation: [0.4865881272643966f,0.3465269297841681f,-0.8019670076378986f,0.9974258002783739f,0.7538995847931981f,0.2972872937695833f,0.5858802616676897f,0.6193432595449359f,0.4414378896900112f,-0.8896849734021114f,-0.11659004094910405f,-0.43105546018362845f,0f,0f,0f,1f], start_interpolation: 0, interpolation_duration: 1 }
$data merge entity $(bone_body_0) { transformation: [0.483962089920306f,0.17845955949163897f,-0.8566988275619499f,0.5953669058476375f,0.7554737769521019f,0.40886159980517683f,0.5119487909376061f,0.8645177227210077f,0.44163340890120056f,-0.8949773057630017f,0.06305199688751625f,-0.40986506805455514f,0f,0f,0f,1f], start_interpolation: 0, interpolation_duration: 1 }
$data merge entity $(bone_leg_left_3) { transformation: [0.5687145065040851f,0.08758640829041234f,-0.8178584420146312f,0.19234389902191945f,-0.08864677705450368f,0.9950497229203089f,0.04491990465334461f,0.05438107702700462f,0.8177441892240286f,0.046953913564277264f,0.5736634649263748f,-0.6786346524405067f,0f,0f,0f,1f], start_interpolation: 0, interpolation_duration: 1 }
$data merge entity $(bone_leg_left_2) { transformation: [0.5744596088659053f,-0.11832575562717164f,-0.8414614505950846f,0.13964861350860336f,-0.030467688648236905f,1.0121865050418426f,-0.16313306979367656f,0.28523147226233203f,0.849193780730146f,0.11636019107552768f,0.5633759208581791f,-0.6327830006667826f,0f,0f,0f,1f], start_interpolation: 0, interpolation_duration: 1 }
$data merge entity $(bone_leg_left_1) { transformation: [0.26594599013015313f,0.5231123815179272f,-0.809707457441473f,0.3194092668351462f,-0.0844306390198641f,0.8493680703755019f,0.5210041729403843f,0.49002761560927716f,0.9602833943833401f,-0.07019485258363903f,0.27005274511171184f,-0.6852999774038109f,0f,0f,0f,1f], start_interpolation: 0, interpolation_duration: 1 }
$data merge entity $(bone_leg_left_0) { transformation: [0.25612481826764494f,-0.05775642804504527f,-0.964916717902039f,0.40506354098954467f,0.05238024373439147f,0.9975760477388949f,-0.045807630848710756f,0.8915279661997653f,0.9652234909769298f,-0.038810101740700556f,0.25852927971350714f,-0.6093520191741698f,0f,0f,0f,1f], start_interpolation: 0, interpolation_duration: 1 }
$data merge entity $(bone_leg_right_3) { transformation: [0.42096537221418884f,0.6429263238760122f,-0.6398702192349996f,-0.0015254155585123358f,0.5644736193852676f,0.3665089506599279f,0.7396220129932956f,1.2156821044894557f,0.7100406244819137f,-0.6725451145859547f,-0.20862737220196914f,0.15998604819522433f,0f,0f,0f,1f], start_interpolation: 0, interpolation_duration: 1 }
$data merge entity $(bone_leg_right_2) { transformation: [0.5350333186852874f,0.6173594863508085f,-0.6202167459928569f,0.12238266978788426f,0.5372116347758901f,0.34214106531385785f,0.8039933770796923f,1.3194482681277409f,0.690800410291365f,-0.7442237268048219f,-0.14487248566487015f,-0.01904032342526711f,0f,0f,0f,1f], start_interpolation: 0, interpolation_duration: 1 }
$data merge entity $(bone_leg_right_1) { transformation: [0.46619921819375765f,0.6079112026742434f,0.642730315621322f,0.26272978943236136f,0.3555783695879867f,-0.7940039053466776f,0.493073849819044f,1.084672997166451f,0.8100754977387468f,-0.0013296455840227372f,-0.5863240742165907f,0.027828043436801342f,0f,0f,0f,1f], start_interpolation: 0, interpolation_duration: 1 }
$data merge entity $(bone_leg_right_0) { transformation: [0.5082401200719227f,0.6978410925047263f,-0.5046878143576361f,0.5187136869613367f,0.375763475650324f,0.3476078890258498f,0.8590521322097867f,1.1075308060332762f,0.77491534422572f,-0.6262480060637338f,-0.08555491911474979f,-0.3011963376417682f,0f,0f,0f,1f], start_interpolation: 0, interpolation_duration: 1 }
$data merge entity $(bone_tail_4) { transformation: [1.8634161795655353f,-1.294341189155465f,1.5741735480527559f,0.8971718488712861f,-1.5685560839783037f,-2.272696841295164f,-0.01192520782346046f,2.0261618555482293f,1.3011430685163075f,-0.8861101992543605f,-2.2688095472360312f,-0.8599276249081482f,0f,0f,0f,1f], start_interpolation: 0, interpolation_duration: 1 }
$data merge entity $(bone_tail_3) { transformation: [1.3666229353778976f,-0.33425481355941694f,1.5351094417519235f,0.6401449619422652f,-1.2216377257624753f,-1.5054247581135676f,0.7597651549637151f,1.912065524837569f,0.9878707129667473f,-1.399255353148778f,-1.1841205332192761f,-0.6454517284798886f,0f,0f,0f,1f], start_interpolation: 0, interpolation_duration: 1 }
$data merge entity $(bone_tail_2) { transformation: [1.313350269300441f,0.28749756355088485f,1.4181784429625f,0.3775482480515962f,-0.6622000070261606f,-1.5834841236615416f,0.9342607001309482f,1.737522046129749f,1.2866141985170958f,-1.1084660825063262f,-0.9667992155096453f,-0.46503824820877515f,0f,0f,0f,1f], start_interpolation: 0, interpolation_duration: 1 }
$data merge entity $(bone_tail_1) { transformation: [0.9555401417622659f,0.6207961651292699f,0.9945910761924932f,0.15502185713036376f,-0.7876327141735453f,-0.6105272313856209f,1.1377818144531153f,1.5008996407763844f,0.868466461669398f,-1.2367396132967525f,-0.06242903057100435f,-0.43731606165744075f,0f,0f,0f,1f], start_interpolation: 0, interpolation_duration: 1 }
$data merge entity $(bone_tail_0) { transformation: [1.0597122114674917f,0.6949228935389336f,0.16711647879901684f,0.12295626519453134f,-0.05847156618284687f,-0.213574963220072f,1.2588894024566644f,1.1278689537536861f,0.7123389792780059f,-1.0513342112311614f,-0.145276534513141f,-0.4202334490364269f,0f,0f,0f,1f], start_interpolation: 0, interpolation_duration: 1 }
$data merge entity $(bone_body_1) { transformation: [0.3574425490477275f,0.2971352045563628f,-1.1456657843366718f,0.369293347186287f,0.679353334845706f,0.9284872384308119f,0.45276383420210653f,0.9600675000000001f,0.9691844332326695f,-0.7604121996263757f,0.10516375846790561f,-0.39346339186487994f,0f,0f,0f,1f], start_interpolation: 0, interpolation_duration: 1 }