# This file was generated by Animated Java via MC-Build. It is not recommended to edit this file directly.
$data merge entity $(bone_head_lower) { transformation: [0.5738154230416357f,0.4806238049813863f,-0.6631263969747874f,1.1031488539858143f,0.49891796556946294f,0.43696369123268936f,0.7484274154360804f,0.42729879950707544f,0.6494741903352103f,-0.7603048668984815f,0.01094465435295261f,-0.5412462919099318f,0f,0f,0f,1f], start_interpolation: 0, interpolation_duration: 1 }
$data merge entity $(bone_head_upper) { transformation: [0.597284234754279f,0.7640042507771433f,-0.37818116067826335f,1.0944189687045225f,0.5193235024787684f,0.04009708537567522f,0.9012032324071345f,0.49048695842838774f,0.6760374141056744f,-0.7058056893524868f,-0.3581671204765746f,-0.5815762084348557f,0f,0f,0f,1f], start_interpolation: 0, interpolation_duration: 1 }
$data merge entity $(bone_neck_0) { transformation: [0.6542778899588751f,0.19299242929636995f,-0.7312143084932404f,1.043793237959043f,0.6177019316376362f,0.42145213205710536f,0.6639445941007828f,0.5263783075163635f,0.43630810943884046f,-0.8860767588752151f,0.15653501531318442f,-0.5572126557089463f,0f,0f,0f,1f], start_interpolation: 0, interpolation_duration: 1 }
$data merge entity $(bone_neck_1) { transformation: [0.5160451714213412f,0.2985226475766529f,-0.8028583996798839f,0.9771558505117159f,0.4593845759654866f,0.6946479093865925f,0.5535612823796897f,0.5764723697133098f,0.7229544884830087f,-0.6544833923551171f,0.22133299960378527f,-0.5414779688250418f,0f,0f,0f,1f], start_interpolation: 0, interpolation_duration: 1 }
$data merge entity $(bone_neck_2) { transformation: [0.47644690040808474f,0.2745835371395928f,-0.8352258570132025f,0.906672145686739f,0.4229165050437985f,0.7612800688905119f,0.49152241705907596f,0.6269868275402941f,0.7708047618256308f,-0.5874151324591216f,0.2465836192956969f,-0.5256265556788267f,0f,0f,0f,1f], start_interpolation: 0, interpolation_duration: 1 }
$data merge entity $(bone_body_0) { transformation: [0.47407105711089076f,0.12300293395420919f,-0.8718525741479571f,0.49694305363754115f,0.423868267169113f,0.8360229295182222f,0.34842696997623923f,0.7991633153212812f,0.7717462827230308f,-0.5347297818136055f,0.34419723349375975f,-0.3685016598568452f,0f,0f,0f,1f], start_interpolation: 0, interpolation_duration: 1 }
$data merge entity $(bone_leg_left_3) { transformation: [0.8377279115259174f,0.07696442834325977f,-0.5406370529479277f,0.1963393430277315f,-0.06503465495366921f,0.9970336102140777f,0.041163986183796075f,0.032807268868588535f,0.5422014753811374f,0.0006759240178036974f,0.8402482390467951f,-0.6678837089867143f,0f,0f,0f,1f], start_interpolation: 0, interpolation_duration: 1 }
$data merge entity $(bone_leg_left_2) { transformation: [0.8482474743718084f,-0.13898855580403097f,-0.559661150231149f,0.14796122884567176f,0.05105975375772233f,1.0096552224744963f,-0.17335349081247323f,0.2628782489284225f,0.574396486121515f,0.11550200252021242f,0.841896765432539f,-0.614050872645772f,0f,0f,0f,1f], start_interpolation: 0, interpolation_duration: 1 }
$data merge entity $(bone_leg_left_1) { transformation: [0.6011072158419403f,0.582380088368171f,-0.5472691730172937f,0.3232293782594786f,-0.18776749901797785f,0.7685490735834635f,0.6116172723252129f,0.4429706356007719f,0.7767969370274865f,-0.2648881918211563f,0.5713324465304185f,-0.7317844435738727f,0f,0f,0f,1f], start_interpolation: 0, interpolation_duration: 1 }
$data merge entity $(bone_leg_left_0) { transformation: [0.49176351158461096f,-0.4411764001294454f,-0.750687706468406f,0.26829996610204326f,-0.0995410830844086f,0.8280008266290935f,-0.551820807762738f,0.8014181311453382f,0.865020358981426f,0.34608960555087626f,0.36326541739791823f,-0.524889709029178f,0f,0f,0f,1f], start_interpolation: 0, interpolation_duration: 1 }
$data merge entity $(bone_leg_right_3) { transformation: [0.4600566943375711f,0.420729215516984f,-0.7818789965241746f,0.03662218448128113f,0.2667325463671242f,0.774438867743712f,0.573670801798686f,0.616534386064116f,0.846877551186532f,-0.4724736684073521f,0.24406361047481606f,0.30059447693475927f,0f,0f,0f,1f], start_interpolation: 0, interpolation_duration: 1 }
$data merge entity $(bone_leg_right_2) { transformation: [0.586582845879693f,0.4026910358740599f,-0.738798141610448f,0.10674669662250941f,0.28036550785626285f,0.7555992842704748f,0.6344502369099883f,0.8118358832936194f,0.7933334396235133f,-0.5647759296723941f,0.3220440999902075f,0.17766787264226036f,0f,0f,0f,1f], start_interpolation: 0, interpolation_duration: 1 }
$data merge entity $(bone_leg_right_1) { transformation: [0.5843460304714206f,0.68409677946809f,0.43652183564362695f,0.2810805487870842f,0.07591522385480846f,-0.5816400672936264f,0.8098961111807739f,0.6123804997655162f,0.8079459112213936f,-0.44012092479232784f,-0.39181242463783417f,0.09497178064945158f,0f,0f,0f,1f], start_interpolation: 0, interpolation_duration: 1 }
$data merge entity $(bone_leg_right_0) { transformation: [0.5990044213126431f,0.22215541550529744f,-0.7693118188417324f,0.36128316175216174f,0.1295898910035145f,0.9211844594069989f,0.3669136845318425f,0.9291302443220989f,0.7901899539968873f,-0.3194779540261015f,0.5230044679481174f,-0.1649213103733125f,0f,0f,0f,1f], start_interpolation: 0, interpolation_duration: 1 }
$data merge entity $(bone_tail_4) { transformation: [2.369353118870428f,-0.9732903193684975f,1.0317621256484195f,0.37484166513587214f,-1.4132975554060463f,-1.7900468520709953f,1.5569147757260233f,2.003648650090405f,0.12007143533026694f,-1.8638936539444224f,-2.0339972047186894f,-0.1255974666762129f,0f,0f,0f,1f], start_interpolation: 0, interpolation_duration: 1 }
$data merge entity $(bone_tail_3) { transformation: [1.7866230920369779f,-0.24658591988578102f,1.0407299540028416f,0.20078536101619118f,-1.0657044018882431f,-0.5819561882420335f,1.691610667029287f,1.7225088911332538f,0.09054049282335407f,-1.984053402790694f,-0.625523812559057f,-0.00011622359790387782f,0f,0f,0f,1f], start_interpolation: 0, interpolation_duration: 1 }
$data merge entity $(bone_tail_2) { transformation: [1.6806366584610555f,0.4738376304298407f,0.8773324325637735f,0.039046667418787456f,-0.7373627311233368f,-0.5668394996836639f,1.7186515235356714f,1.4023352063943326f,0.6712156881286137f,-1.809128175832156f,-0.30870474311714796f,0.05733715370271952f,0f,0f,0f,1f], start_interpolation: 0, interpolation_duration: 1 }
$data merge entity $(bone_tail_1) { transformation: [1.2747326292733832f,0.5780999778816606f,0.5731608757050598f,-0.09257567701679728f,-0.7268930637622125f,0.3288344021467374f,1.284971073534024f,1.1224985601706778f,0.3665234613502276f,-1.3584272529429102f,0.5549704503321119f,-0.045831091772356614f,0f,0f,0f,1f], start_interpolation: 0, interpolation_duration: 1 }
$data merge entity $(bone_tail_0) { transformation: [1.185649880992418f,0.4394711350318089f,-0.18690959782885902f,-0.02735112701053871f,-0.04070895906651765f,0.5914513760859756f,1.1324150153374664f,0.805853348198474f,0.47582860037876334f,-1.044454933342692f,0.5626159896961049f,-0.2354451184484978f,0f,0f,0f,1f], start_interpolation: 0, interpolation_duration: 1 }
$data merge entity $(bone_body_1) { transformation: [0.2924426553753054f,-0.2843199584638168f,-1.1671521107346823f,0.26314635641596185f,0.4016690246003159f,1.1552430483373886f,-0.18077635077912949f,0.7700675f,1.1321412822832322f,-0.3364227333928572f,0.36562338062931277f,-0.29778697436101487f,0f,0f,0f,1f], start_interpolation: 0, interpolation_duration: 1 }