# This file was generated by Animated Java via MC-Build. It is not recommended to edit this file directly.
$data merge entity $(bone_head_lower) { transformation: [0.40335646044553214f,0.35600214636251487f,-0.8429507919221229f,0.764055079660965f,-0.46297093840053427f,0.8740009323634648f,0.14758143658442605f,1.2688633054387497f,0.7892790862637753f,0.33073379327349794f,0.5173525702782799f,-0.31067050306852173f,0f,0f,0f,1f], start_interpolation: 0, interpolation_duration: 1 }
$data merge entity $(bone_head_upper) { transformation: [0.4198535716125626f,-0.022664933809265413f,-0.952198100062746f,0.6980344506901237f,-0.4819062568765585f,0.8925287966867618f,-0.233732003053952f,1.272642337641421f,0.8215602720256778f,0.5351173613739417f,0.3495140506028205f,-0.27430497051773195f,0f,0f,0f,1f], start_interpolation: 0, interpolation_duration: 1 }
$data merge entity $(bone_neck_0) { transformation: [0.3908661303136253f,-0.5562402420551861f,-0.7333624351519784f,0.6595163840392827f,-0.14188155041935363f,0.7508133020831342f,-0.6450961254461388f,1.218787950423067f,0.9094466965272082f,0.3561968255521207f,0.2145472620248033f,-0.266507549590666f,0f,0f,0f,1f], start_interpolation: 0, interpolation_duration: 1 }
$data merge entity $(bone_neck_1) { transformation: [0.5960833194194333f,-0.4980837199133744f,-0.6297597035911116f,0.60387286211183f,-0.2891944499454994f,0.5985088485488865f,-0.7470968667645488f,1.1582562956133922f,0.7490335415925173f,0.6274549913467425f,0.2127180937377665f,-0.24559692841283637f,0f,0f,0f,1f], start_interpolation: 0, interpolation_duration: 1 }
$data merge entity $(bone_neck_2) { transformation: [0.6839209053297071f,-0.5563888391754451f,-0.4718936902460066f,0.5570840411650508f,-0.21331914027592838f,0.46604571608776313f,-0.8586596152773127f,1.0875941522070567f,0.6976726593789756f,0.6879192177554311f,0.20005001923974672f,-0.22133588726095343f,0f,0f,0f,1f], start_interpolation: 0, interpolation_duration: 1 }
$data merge entity $(bone_body_0) { transformation: [0.6835320269012983f,-0.6379502967579118f,-0.35468773176795165f,0.3838437692473193f,-0.21416263810447814f,0.28925757980171884f,-0.9329868257201612f,0.6506364999653274f,0.697795337215958f,0.7136872363954283f,0.06109170128522366f,-0.1857448345033954f,0f,0f,0f,1f], start_interpolation: 0, interpolation_duration: 1 }
$data merge entity $(bone_leg_left_3) { transformation: [0.9453180591390121f,-0.10084246466012817f,-0.31016860638517496f,0.21604406094957318f,0.164730457935923f,0.9684096568170458f,0.18720740586769752f,0.0560180616937907f,0.28149181745456114f,-0.22806475813847832f,0.9320669626166166f,-0.5635903338424233f,0f,0f,0f,1f], start_interpolation: 0, interpolation_duration: 1 }
$data merge entity $(bone_leg_left_2) { transformation: [0.9711238929965769f,-0.19430648095832131f,-0.2668812009292913f,0.16401025837328498f,0.1551546204403243f,1.0005630446141776f,-0.16389886213491628f,0.2844233491860767f,0.2913891345055375f,0.1148075986626967f,0.9767158169509254f,-0.5061919009279818f,0f,0f,0f,1f], start_interpolation: 0, interpolation_duration: 1 }
$data merge entity $(bone_leg_left_1) { transformation: [0.7899253471455004f,0.5074901252587033f,-0.3441972090269848f,0.30440253857517313f,-0.14986065430023676f,0.704058832633286f,0.694149079437378f,0.4418636366530082f,0.5946088884550629f,-0.49674433359220116f,0.6322067200008827f,-0.6865136944023429f,0f,0f,0f,1f], start_interpolation: 0, interpolation_duration: 1 }
$data merge entity $(bone_leg_left_0) { transformation: [0.6246699225029687f,-0.6456347394676043f,-0.43925308321369066f,0.1592971886942578f,-0.23368179123040095f,0.3821715872131845f,-0.8940568764761594f,0.6375269436436918f,0.7451042265129666f,0.6611358870304604f,0.08785801336793353f,-0.3474449900106523f,0f,0f,0f,1f], start_interpolation: 0, interpolation_duration: 1 }
$data merge entity $(bone_leg_right_3) { transformation: [0.01256831350785767f,0.06958698147767065f,-0.9974967115256042f,0.27233955656248426f,0.051436866007484566f,0.996209759983717f,0.07014529869145253f,0.03143147987404843f,0.9985971591742568f,-0.05218971279870549f,0.008941340340930887f,0.19258241544843757f,0f,0f,0f,1f], start_interpolation: 0, interpolation_duration: 1 }
$data merge entity $(bone_leg_right_2) { transformation: [0.16721542069628922f,0.27358788404668244f,-0.9742950642823335f,0.3057429992464942f,0.23614584145503129f,0.9496946819008278f,0.30720897160316657f,0.2619317130527124f,0.9840408244303446f,-0.27439365949824546f,0.09183667558390103f,0.12993319687826516f,0f,0f,0f,1f], start_interpolation: 0, interpolation_duration: 1 }
$data merge entity $(bone_leg_right_1) { transformation: [0.3541802521492446f,0.8859245466933697f,-0.29948964348311696f,0.5693585421293899f,0.0005404156046749946f,0.3200551483887801f,0.9473987597315137f,0.29864498039027315f,0.9351770190388937f,-0.33571178048436595f,0.11287844570840429f,0.05136878246739719f,0f,0f,0f,1f], start_interpolation: 0, interpolation_duration: 1 }
$data merge entity $(bone_leg_right_0) { transformation: [0.30579205339227666f,-0.8444280573724248f,-0.4398095906234507f,0.23805573025158133f,0.028787655203726725f,0.46992628459426267f,-0.882236112361823f,0.5516255432470868f,0.9516630133560966f,0.2571197055257811f,0.1680088272690731f,0.02799015498501195f,0f,0f,0f,1f], start_interpolation: 0, interpolation_duration: 1 }
$data merge entity $(bone_tail_4) { transformation: [2.7543663166650267f,-0.12002686187133357f,0.1572293790945373f,-0.1859766176503762f,0.09059407243239154f,2.7166949122016355f,0.48684987383983463f,0.10052676677906469f,-0.1758415174560564f,-0.48044108696807747f,2.7136538936075993f,1.1435841049605684f,0f,0f,0f,1f], start_interpolation: 0, interpolation_duration: 1 }
$data merge entity $(bone_tail_3) { transformation: [2.07694430437141f,-0.06270050599901018f,0.1353385722219359f,-0.2083114645052586f,0.06831293339953722f,2.079436967692328f,-0.08497509381771817f,0.09458647929032524f,-0.1325942144814566f,0.08919680479954255f,2.0761522656934495f,0.7906725423343407f,0f,0f,0f,1f], start_interpolation: 0, interpolation_duration: 1 }
$data merge entity $(bone_tail_2) { transformation: [1.944980126390453f,0.1857718218977482f,0.036263109874171834f,-0.2135702866593549f,-0.1872377013821777f,1.9431969841241925f,0.0877576154788707f,0.07859646760122166f,-0.027716892503909008f,-0.09081952478520408f,1.951860000817296f,0.42778392542155497f,0f,0f,0f,1f], start_interpolation: 0, interpolation_duration: 1 }
$data merge entity $(bone_tail_1) { transformation: [1.4803554841456152f,0.3097481344429646f,-0.016124012190024465f,-0.21530122012067548f,-0.3054496367863762f,1.4422052697421714f,-0.33823176863651055f,0.1340425190105525f,-0.05389257784771125f,0.33429972051590856f,1.4741083870991016f,0.10653726590383411f,0f,0f,0f,1f], start_interpolation: 0, interpolation_duration: 1 }
$data merge entity $(bone_tail_0) { transformation: [1.147216817013782f,-0.03523232145445186f,-0.5625726396384064f,-0.05175463809124056f,-0.25036780420594673f,1.1111183616583844f,-0.5801445212933657f,0.3303874972961244f,0.5050200530294682f,0.6308806436201273f,0.9903434132297719f,-0.16763982341857603f,0f,0f,0f,1f], start_interpolation: 0, interpolation_duration: 1 }
$data merge entity $(bone_body_1) { transformation: [0.24770451118046388f,-0.8470068965450662f,-0.8659251627029857f,0.20661275781977148f,-0.27016960921592587f,0.8229478928461625f,-0.8822526525731871f,0.48006750000000004f,1.1807859469240016f,0.36597906760005555f,-0.02021050918786147f,-0.18759245050779239f,0f,0f,0f,1f], start_interpolation: 0, interpolation_duration: 1 }