# This file was generated by Animated Java via MC-Build. It is not recommended to edit this file directly.
$data merge entity $(bone_head_lower) { transformation: [0.4530400673790358f,0.2818488722530885f,-0.8457635074646226f,0.783153567988963f,-0.4311583603844332f,0.8996454557211913f,0.068851450753178f,1.2816018269125924f,0.780292999853136f,0.3334655412630698f,0.5290969355140152f,-0.3051046557548779f,0f,0f,0f,1f], start_interpolation: 0, interpolation_duration: 1 }
$data merge entity $(bone_head_upper) { transformation: [0.47156921736814367f,-0.34114186980136973f,-0.8629696637094081f,0.7161488509474997f,-0.4487925576748398f,0.7634220491905349f,-0.5470319529688438f,1.2608940075157613f,0.8122066584250461f,0.6199039780979445f,0.1987746073618832f,-0.2772297458569332f,0f,0f,0f,1f], start_interpolation: 0, interpolation_duration: 1 }
$data merge entity $(bone_neck_0) { transformation: [0.43227624602232345f,-0.6838110201798402f,-0.5878262802949982f,0.6890987572305352f,-0.21279301471963588f,0.5561132109452023f,-0.8034035284330944f,1.1999864276026317f,0.8762741466067434f,0.4723775876275493f,0.0948843227082346f,-0.27904506768130793f,0f,0f,0f,1f], start_interpolation: 0, interpolation_duration: 1 }
$data merge entity $(bone_neck_1) { transformation: [0.6207150012343797f,-0.5170975374315162f,-0.5893411779477703f,0.6367916206376436f,-0.3049390460140213f,0.5332700282607935f,-0.7890724017318f,1.1355983469621196f,0.7223053824101426f,0.6695022133951417f,0.17332547648959f,-0.261277811916426f,0f,0f,0f,1f], start_interpolation: 0, interpolation_duration: 1 }
$data merge entity $(bone_neck_2) { transformation: [0.6847737651885273f,-0.5138051165417212f,-0.5168067266639202f,0.5864850021122928f,-0.24010038846751866f,0.5105038037207328f,-0.8256740699842828f,1.068261257179275f,0.6880673615041439f,0.6894854375563066f,0.2262148037386451f,-0.2347092051358179f,0f,0f,0f,1f], start_interpolation: 0, interpolation_duration: 1 }
$data merge entity $(bone_body_0) { transformation: [0.6838740917147764f,-0.6114774604076642f,-0.39800947488054f,0.3930795419794167f,-0.24183646342680917f,0.32469764771632315f,-0.9143776913971056f,0.6404116311067194f,0.688354088851445f,0.7215724170039207f,0.07417476242372878f,-0.19287703852339003f,0f,0f,0f,1f], start_interpolation: 0, interpolation_duration: 1 }
$data merge entity $(bone_leg_left_3) { transformation: [0.9608759145335607f,-0.0436568081408774f,-0.2735170195293969f,0.1872536823230341f,0.1113395459514349f,0.9650838748395267f,0.23710044291829788f,0.06195372849064418f,0.25361581649538734f,-0.25827736568982457f,0.9321865800341167f,-0.5372182359536621f,0f,0f,0f,1f], start_interpolation: 0, interpolation_duration: 1 }
$data merge entity $(bone_leg_left_2) { transformation: [0.9856774364328255f,-0.11051169307420379f,-0.2613223230070115f,0.15494669541603512f,0.10081284929923255f,1.019466044980802f,-0.05087191806946301f,0.2981740121130372f,0.26521493212878866f,0.023202334489635396f,0.9905477731794906f,-0.5007859937997289f,0f,0f,0f,1f], start_interpolation: 0, interpolation_duration: 1 }
$data merge entity $(bone_leg_left_1) { transformation: [0.7903365031759461f,0.5440647740337529f,-0.28171214635371944f,0.3019530028978062f,-0.17404325384370975f,0.64023674126032f,0.7482017514894364f,0.4358906923502012f,0.5874326834107136f,-0.5423010573435826f,0.6006932708670212f,-0.6916698516945109f,0f,0f,0f,1f], start_interpolation: 0, interpolation_duration: 1 }
$data merge entity $(bone_leg_left_0) { transformation: [0.6239876448487576f,-0.6279742296796215f,-0.46506750685721643f,0.16580386629028487f,-0.2530157172606009f,0.40072568454135055f,-0.8805691185636537f,0.6354928888346558f,0.7393392089529706f,0.6671336392411585f,0.09116052598380091f,-0.35118541104551326f,0f,0f,0f,1f], start_interpolation: 0, interpolation_duration: 1 }
$data merge entity $(bone_leg_right_3) { transformation: [-0.12821953622715618f,0.02895223265867053f,-0.9913231152120743f,0.2821605518597028f,0.09471724253312228f,0.995362122706558f,0.0168192939214874f,0.025987214566363243f,0.9872124363563372f,-0.09173882986595103f,-0.13036714539411917f,0.22273477130664715f,0f,0f,0f,1f], start_interpolation: 0, interpolation_duration: 1 }
$data merge entity $(bone_leg_right_2) { transformation: [0.027737881743871283f,0.30869490700111346f,-0.9777526598320414f,0.323856917857004f,0.309686849500875f,0.9299064153224316f,0.3023744590554942f,0.25161133352175813f,0.9774389314239943f,-0.3033870673487158f,-0.0680560225326191f,0.14839607294410803f,0f,0f,0f,1f], start_interpolation: 0, interpolation_duration: 1 }
$data merge entity $(bone_leg_right_1) { transformation: [0.2652008650085849f,0.8596933343162759f,-0.4365728715012679f,0.5858445603073845f,0.06572700124282968f,0.43561358797377264f,0.8977308969174682f,0.3236506464770956f,0.9619503430563988f,-0.26677363607519483f,0.059020035487079486f,0.09194965364243597f,0f,0f,0f,1f], start_interpolation: 0, interpolation_duration: 1 }
$data merge entity $(bone_leg_right_0) { transformation: [0.21405503171987875f,-0.8884843844569174f,-0.40592603017251133f,0.24515224852321127f,0.09188265985650201f,0.4320293139322329f,-0.8971667898005024f,0.555630666360313f,0.9724906273137525f,0.15474550229152725f,0.1741143569825501f,0.025456814700254654f,0f,0f,0f,1f], start_interpolation: 0, interpolation_duration: 1 }
$data merge entity $(bone_tail_4) { transformation: [2.7529076518390614f,-0.10421918973428856f,0.19052336480619947f,-0.19495135729350074f,0.08032682921634776f,2.7395304963496057f,0.3379076673864241f,0.08046210276318398f,-0.2017632091189956f,-0.33131910850660984f,2.7340776483824274f,1.1385050874233544f,0f,0f,0f,1f], start_interpolation: 0, interpolation_duration: 1 }
$data merge entity $(bone_tail_3) { transformation: [2.0756627902593316f,-0.04630805437640753f,0.15945241069724508f,-0.22153543305618326f,0.05966710861893164f,2.074123480627212f,-0.17434778261957162f,0.08972811724786088f,-0.15494948637006795f,0.17836164737739033f,2.068845887315659f,0.7859598685844382f,0f,0f,0f,1f], start_interpolation: 0, interpolation_duration: 1 }
$data merge entity $(bone_tail_2) { transformation: [1.944068143402922f,0.1893496406030677f,0.059326574249509684f,-0.23108152587290678f,-0.1898636130582668f,1.9448706213277005f,0.01428109714420627f,0.08739568636411792f,-0.057660534554878136f,-0.019971352049136852f,1.9532153703201676f,0.42281400829239585f,0f,0f,0f,1f], start_interpolation: 0, interpolation_duration: 1 }
$data merge entity $(bone_tail_1) { transformation: [1.4794636390316303f,0.31428777924912304f,0.0081720620373005f,-0.23809534386032297f,-0.3036521814213724f,1.4386212810459391f,-0.35471173146624874f,0.1464301352280496f,-0.08147971220695994f,0.3453234013738377f,1.4702955672116655f,0.10227942793732825f,0f,0f,0f,1f], start_interpolation: 0, interpolation_duration: 1 }
$data merge entity $(bone_tail_0) { transformation: [1.1220249902831512f,-0.007748296398964625f,-0.6122381903042607f,-0.05937209510844779f,-0.3155906751563707f,1.0879380939984036f,-0.5921392960828519f,0.34572088434095505f,0.5246886348287605f,0.670944397185089f,0.9530850795975645f,-0.16004310059267346f,0f,0f,0f,1f], start_interpolation: 0, interpolation_duration: 1 }
$data merge entity $(bone_body_1) { transformation: [0.24955962674425597f,-0.7943826515314262f,-0.913936973046511f,0.20661275781977148f,-0.25117571235615455f,0.878890308585815f,-0.8325065657714417f,0.48006750000000004f,1.184582352256649f,0.35371262838084006f,0.01601943514209424f,-0.18759245050779239f,0f,0f,0f,1f], start_interpolation: 0, interpolation_duration: 1 }