# This file was generated by Animated Java via MC-Build. It is not recommended to edit this file directly.
$data merge entity $(bone_head_lower) { transformation: [0.4508478770399487f,0.1849829750207448f,-0.873222474928953f,0.7994741620831743f,-0.4162478574364046f,0.9089763781645986f,-0.022353190339895135f,1.2795739966464788f,0.7896036429425677f,0.3735548726643027f,0.48680883738956776f,-0.3029386410037149f,0f,0f,0f,1f], start_interpolation: 0, interpolation_duration: 1 }
$data merge entity $(bone_head_upper) { transformation: [0.46928736735760057f,-0.5765007145705044f,-0.7286207762078827f,0.7364454744029232f,-0.4332722213689463f,0.5863081495636707f,-0.7429602132878655f,1.241387171318102f,0.8218981029374008f,0.6382488718661627f,0.024368597271472992f,-0.28667188372261354f,0f,0f,0f,1f], start_interpolation: 0, interpolation_duration: 1 }
$data merge entity $(bone_neck_0) { transformation: [0.46775388029624293f,-0.7504080467012583f,-0.467005429212349f,0.7182774143553512f,-0.27435175613444424f,0.3790025177177705f,-0.8837919469363464f,1.178176255338218f,0.840200822050154f,0.541520872182775f,-0.028595867125375513f,-0.2975823351059779f,0f,0f,0f,1f], start_interpolation: 0, interpolation_duration: 1 }
$data merge entity $(bone_neck_1) { transformation: [0.6389553542592097f,-0.5154535503030576f,-0.5710023579140995f,0.667531390159527f,-0.3226781062193007f,0.49422890184146717f,-0.8072277450331494f,1.1120703212419276f,0.698294275381242f,0.7000324492939957f,0.1494646276054491f,-0.2816957574347178f,0f,0f,0f,1f], start_interpolation: 0, interpolation_duration: 1 }
$data merge entity $(bone_neck_2) { transformation: [0.6872315502840689f,-0.46042118525537573f,-0.5618942324514379f,0.6137974300231467f,-0.26302232288671656f,0.5633029766579079f,-0.7832681623503004f,1.048965243914665f,0.6771499493889307f,0.6860773197361764f,0.26601852827612044f,-0.25167341346022554f,0f,0f,0f,1f], start_interpolation: 0, interpolation_duration: 1 }
$data merge entity $(bone_body_0) { transformation: [0.6856025760437465f,-0.5772406759215077f,-0.44355643359538804f,0.39925200721726906f,-0.2658122414746345f,0.36872612927232856f,-0.8907215579933365f,0.6326840911272286f,0.677711561067398f,0.7285837245324156f,0.09936194614671892f,-0.19790383014274804f,0f,0f,0f,1f], start_interpolation: 0, interpolation_duration: 1 }
$data merge entity $(bone_leg_left_3) { transformation: [0.9712386621646675f,-0.012592826219179266f,-0.2377748553661646f,0.16577523823316556f,0.06239901293718501f,0.9771615702397758f,0.20312958630145594f,0.07425065618491858f,0.22978647545286907f,-0.21212422392161898f,0.9498428761245719f,-0.5168165967320527f,0f,0f,0f,1f], start_interpolation: 0, interpolation_duration: 1 }
$data merge entity $(bone_leg_left_2) { transformation: [0.9951594907053456f,-0.044918760999718685f,-0.24434011637474f,0.14929740505970515f,0.05450028872788815f,1.0236947535229817f,0.0337782420915143f,0.31400086643614555f,0.24238297400673214f,-0.04575539334839415f,0.9955998882040313f,-0.49633758883577783f,0f,0f,0f,1f], start_interpolation: 0, interpolation_duration: 1 }
$data merge entity $(bone_leg_left_1) { transformation: [0.7916697595327207f,0.5665117185532879f,-0.22874322849694212f,0.29956602049710573f,-0.19193478759025992f,0.5860699872050428f,0.7871994711698953f,0.4352901605739234f,0.5800172662551399f,-0.579298233071085f,0.5727071922078792f,-0.6956404638824059f,0f,0f,0f,1f], start_interpolation: 0, interpolation_duration: 1 }
$data merge entity $(bone_leg_left_0) { transformation: [0.6251404245451921f,-0.6157424454128129f,-0.47964642239519106f,0.16954033494842563f,-0.2690798295956581f,0.40683496881599424f,-0.8729727106005438f,0.6348048008287661f,0.7326632889016813f,0.6747937085254562f,0.08864511283896716f,-0.3527199075052333f,0f,0f,0f,1f], start_interpolation: 0, interpolation_duration: 1 }
$data merge entity $(bone_leg_right_3) { transformation: [-0.12879540648429202f,0.05319568887335879f,-0.9902433852108455f,0.27239033617108377f,0.11550171063842585f,0.9925686990371727f,0.03829794421705113f,0.029108640765917487f,0.9849218741139539f,-0.10944220564729047f,-0.13398248211953984f,0.2318044879118795f,0f,0f,0f,1f], start_interpolation: 0, interpolation_duration: 1 }
$data merge entity $(bone_leg_right_2) { transformation: [0.03574597509448157f,0.3442596515658683f,-0.9655411524471581f,0.32274175918178727f,0.3305494718062915f,0.9106484145539129f,0.3369253793642172f,0.25127916007999196f,0.9703202932299316f,-0.322903943727677f,-0.07920714091536661f,0.15258285819797304f,0f,0f,0f,1f], start_interpolation: 0, interpolation_duration: 1 }
$data merge entity $(bone_leg_right_1) { transformation: [0.2698494103856454f,0.8672339716636841f,-0.4184334285247198f,0.5859084878085016f,0.07754183314263852f,0.4135712369302878f,0.907163764761816f,0.3170652709046296f,0.959775265271719f,-0.2772437021401644f,0.04435504251172713f,0.09402650733619677f,0f,0f,0f,1f], start_interpolation: 0, interpolation_duration: 1 }
$data merge entity $(bone_leg_right_0) { transformation: [0.21937695793116394f,-0.8759647125718812f,-0.42960397188309335f,0.2514405282416857f,0.10523664678922409f,0.45900671281459304f,-0.8821780351854732f,0.5568645728723014f,0.9699479359746215f,0.14831945226437163f,0.19287908538400014f,0.023778679159937283f,0f,0f,0f,1f], start_interpolation: 0, interpolation_duration: 1 }
$data merge entity $(bone_tail_4) { transformation: [2.75436920594266f,-0.1007299606483614f,0.17019131582598965f,-0.20857593052869505f,0.0906764129340777f,2.755143634648598f,0.16316455556500084f,0.04044566789507015f,-0.17575379680738248f,-0.15715711591619147f,2.7513766691285095f,1.1316943154719252f,0f,0f,0f,1f], start_interpolation: 0, interpolation_duration: 1 }
$data merge entity $(bone_tail_3) { transformation: [2.076329709976767f,-0.04521149444217728f,0.15085218686696003f,-0.23371245684335523f,0.06556617252500793f,2.0617184757925444f,-0.28454091031085976f,0.06851775745632789f,-0.143183583321064f,0.2884759494141877f,2.0572373742768155f,0.780039916569732f,0f,0f,0f,1f], start_interpolation: 0, interpolation_duration: 1 }
$data merge entity $(bone_tail_2) { transformation: [1.9445725133372957f,0.1865216675911831f,0.05119846574706431f,-0.24174785201287932f,-0.18425119857189168f,1.9436905066379253f,-0.08302159498108716f,0.08427755377662174f,-0.05884820473617413f,0.07778661149186508f,1.9517325654081603f,0.41719209004523294f,0f,0f,0f,1f], start_interpolation: 0, interpolation_duration: 1 }
$data merge entity $(bone_tail_1) { transformation: [1.4813396891706547f,0.3049165654233113f,0.017744391176927013f,-0.2507087673500024f,-0.2896597531597726f,1.4303419713787109f,-0.3973352769537121f,0.1525719521123923f,-0.09688241681135004f,0.38575119318404555f,1.4592690171006433f,0.09855082757110803f,0f,0f,0f,1f], start_interpolation: 0, interpolation_duration: 1 }
$data merge entity $(bone_tail_0) { transformation: [1.1075352661789597f,0.006608973830585954f,-0.6380890785923509f,-0.06408482170393184f,-0.358639462040224f,1.0636306666914004f,-0.6114762936738708f,0.3569268398342327f,0.5278059179484704f,0.7088595368072166f,0.9234580589501932f,-0.1541990370707306f,0f,0f,0f,1f], start_interpolation: 0, interpolation_duration: 1 }
$data merge entity $(bone_body_1) { transformation: [0.257585360827521f,-0.7529535282017679f,-0.9462110553740721f,0.20661275781977148f,-0.24513082245432702f,0.9148404014750826f,-0.7947216586755549f,0.48006750000000004f,1.184130591120114f,0.35317505468771365f,0.04131245545969677f,-0.18759245050779239f,0f,0f,0f,1f], start_interpolation: 0, interpolation_duration: 1 }