# This file was generated by Animated Java via MC-Build. It is not recommended to edit this file directly.
$data merge entity $(bone_head_lower) { transformation: [-0.9960113387842735f,-0.08690284117306168f,0.02023139167750867f,0.3382413938571695f,-0.08273105105317523f,0.9843788955467874f,0.1554148100848945f,0.29387841165518613f,-0.033421343551629526f,0.15312114876181065f,-0.9876421050142948f,0.541502938254965f,0f,0f,0f,1f], start_interpolation: 0, interpolation_duration: 1 }
$data merge entity $(bone_head_upper) { transformation: [-1.036747787535826f,-0.08447708037838192f,-0.03859521361285051f,0.3333619948370283f,-0.08611471656997884f,0.7123229860588175f,0.7540902875026497f,0.36183170129746367f,-0.034788262577331364f,0.7542754994075449f,-0.7164706486408613f,0.5090375969847449f,0f,0f,0f,1f], start_interpolation: 0, interpolation_duration: 1 }
$data merge entity $(bone_neck_0) { transformation: [-0.9931253056902151f,-0.08087827911024723f,-0.08462169441627834f,0.32952390714152846f,-0.07591911400629754f,0.9952907748712535f,-0.06027073572371988f,0.3418035784352884f,0.08909778519253911f,-0.053431988773997935f,-0.9945886623370687f,0.4455641408652287f,0f,0f,0f,1f], start_interpolation: 0, interpolation_duration: 1 }
$data merge entity $(bone_neck_1) { transformation: [-0.9603872391026813f,0.09103030932163383f,-0.2633815364704536f,0.307631399376071f,0.054734345785633604f,0.9883503359196348f,0.1420132559973313f,0.3583871715960371f,0.27324074066681187f,0.12197170275253405f,-0.9541815348074493f,0.36529434962251156f,0f,0f,0f,1f], start_interpolation: 0, interpolation_duration: 1 }
$data merge entity $(bone_neck_2) { transformation: [-0.9436690310951122f,0.13656235744113088f,-0.30139588962381814f,0.2825638898066744f,0.035233189246149585f,0.9471534848503909f,0.31883992615622236f,0.3955931650143818f,0.329009699139033f,0.2902602257731519f,-0.8986109387307512f,0.2894111208306175f,0f,0f,0f,1f], start_interpolation: 0, interpolation_duration: 1 }
$data merge entity $(bone_body_0) { transformation: [-0.9116423217196085f,0.10064904450240174f,-0.39846963132770297f,0.09572545478323645f,0.01657503254993664f,0.9777642279893095f,0.20905114867045793f,0.5034326139178442f,0.4106501498181275f,0.18397522742266936f,-0.893039512087302f,-0.12972245830772242f,0f,0f,0f,1f], start_interpolation: 0, interpolation_duration: 1 }
$data merge entity $(bone_leg_left_3) { transformation: [-0.9126527431809599f,0.1979282053277846f,-0.3576162690650294f,0.3045706069731955f,-0.07023009235078485f,0.7859838570256599f,0.6142451551485506f,0.17551937385903413f,0.4026570556846974f,0.5857079494345193f,-0.7034298070714241f,-0.6893418189754099f,0f,0f,0f,1f], start_interpolation: 0, interpolation_duration: 1 }
$data merge entity $(bone_leg_left_2) { transformation: [-0.9280052185845689f,-0.13239190273417434f,-0.41634228450990424f,0.2594037180818223f,-0.34041192978245355f,0.8317998571815484f,0.4942579439475258f,0.38415738948841205f,0.27383979229156413f,0.5853576523663758f,-0.7965113850250555f,-0.5770867404794887f,0f,0f,0f,1f], start_interpolation: 0, interpolation_duration: 1 }
$data merge entity $(bone_leg_left_1) { transformation: [-0.9412836489521946f,0.30740905614124153f,0.13958783764208407f,0.3542601888194118f,0.05796082508018618f,-0.2601745919975361f,0.9638203797570059f,0.26120433862580633f,0.33260432193714196f,0.9153189902330586f,0.2270804067890217f,-0.3470906907252551f,0f,0f,0f,1f], start_interpolation: 0, interpolation_duration: 1 }
$data merge entity $(bone_leg_left_0) { transformation: [-0.939655217081852f,-0.06036700266530369f,-0.33675495245068787f,0.2487131018426627f,0.00035994855105469376f,0.9841349251558097f,-0.17742130516262522f,0.6620927509931814f,0.34212270232753983f,-0.16683606947472718f,-0.9247257877199736f,-0.2975369640768882f,0f,0f,0f,1f], start_interpolation: 0, interpolation_duration: 1 }
$data merge entity $(bone_leg_right_3) { transformation: [-0.8896579574409061f,-0.0034776655998263184f,0.45661430617540966f,-0.210416428567616f,-0.016743546271075826f,0.999546973327056f,-0.025010033406412058f,0.04865271759307532f,-0.4563204711826363f,-0.029895717999360694f,-0.8893131471112745f,-0.023951205814169374f,0f,0f,0f,1f], start_interpolation: 0, interpolation_duration: 1 }
$data merge entity $(bone_leg_right_2) { transformation: [-0.9081708851640854f,0.004005966773897804f,0.47673031692056517f,-0.19334062480734626f,-0.2739376140784154f,0.8350563460831245f,-0.5288679248735175f,0.22738373253614189f,-0.3901871684640605f,-0.5955896662948426f,-0.7383015118970644f,-0.18499378803818153f,0f,0f,0f,1f], start_interpolation: 0, interpolation_duration: 1 }
$data merge entity $(bone_leg_right_1) { transformation: [-0.9834851167317159f,0.04029366775646402f,-0.17644672143719484f,-0.19262274280311908f,-0.12367031645262f,0.5621990630278447f,0.8177027983070144f,0.3342847875572756f,0.13214642634483992f,0.8260197539219898f,-0.5479312804859225f,0.07110196503195851f,0f,0f,0f,1f], start_interpolation: 0, interpolation_duration: 1 }
$data merge entity $(bone_leg_right_0) { transformation: [-0.9923721490381894f,-0.12317403910391247f,0.005066942288376772f,-0.12600866262024052f,-0.084994559297674f,0.6538448020361706f,-0.7518396768860199f,0.6620927509931814f,0.08929413588315921f,-0.7465354184103448f,-0.6593264945046355f,-0.17872153665242244f,0f,0f,0f,1f], start_interpolation: 0, interpolation_duration: 1 }
$data merge entity $(bone_tail_4) { transformation: [-2.5837063896152372f,0.7249245905755671f,-0.6516187242861f,-0.4077552010064162f,-0.13230758888960023f,1.5681406608964226f,2.269160836336982f,1.6158230177725543f,0.9657211428686953f,2.154316721659603f,-1.432467615199103f,-1.636248257729504f,0f,0f,0f,1f], start_interpolation: 0, interpolation_duration: 1 }
$data merge entity $(bone_tail_3) { transformation: [-1.9482572951940438f,0.4350222981321319f,-0.5924480043813739f,-0.31155494756995306f,-0.09976722831191542f,1.5063642711251384f,1.4341752713239175f,1.3578989334666776f,0.7282070707721755f,1.3702437041818192f,-1.388557589468993f,-1.4142091138640567f,0f,0f,0f,1f], start_interpolation: 0, interpolation_duration: 1 }
$data merge entity $(bone_tail_2) { transformation: [-1.8627713944002529f,0.350789310032322f,-0.47518782304890983f,-0.22451251480030654f,0f,1.5721855418813624f,1.1606060903260778f,1.1425189022863012f,0.5906408445129024f,1.1063242548498298f,-1.4986540330999787f,-1.1349126029022791f,0f,0f,0f,1f], start_interpolation: 0, interpolation_duration: 1 }
$data merge entity $(bone_tail_1) { transformation: [-1.4417599988556342f,0.2582613823149687f,-0.37720738871947357f,-0.14512125486927357f,0f,1.2480117841204428f,0.8544722562473926f,0.9433903513175101f,0.45714806758839366f,0.8145083763235779f,-1.1896419626084678f,-0.8893081952983826f,0f,0f,0f,1f], start_interpolation: 0, interpolation_duration: 1 }
$data merge entity $(bone_tail_0) { transformation: [-1.2184333609282114f,0.1697514547500983f,-0.34704510538463995f,-0.039610204008380015f,0f,1.1482181794255817f,0.5616322008402213f,0.8069769187258777f,0.38633646159948526f,0.5353645231343368f,-1.0945157296229056f,-0.5565459605787868f,0f,0f,0f,1f], start_interpolation: 0, interpolation_duration: 1 }
$data merge entity $(bone_body_1) { transformation: [-1.1785422845521607f,0.1549109104434341f,-0.34006659407299966f,0.029016166396622564f,0f,1.1251293836782057f,0.5125314283438147f,0.6120350925925926f,0.3736879427795658f,0.48856020597848243f,-1.0725068025945985f,-0.340111149340191f,0f,0f,0f,1f], start_interpolation: 0, interpolation_duration: 1 }