# This file was generated by Animated Java via MC-Build. It is not recommended to edit this file directly.
$data merge entity $(bone_head_lower) { transformation: [0.3422717300003759f,0.17870899224047182f,-0.9224495427582715f,0.8419152170758645f,-0.39923937195485276f,0.9163753648039261f,0.029395827281535003f,1.2481528723262243f,0.8505633349278844f,0.3582168154524103f,0.3849970472659361f,-0.3347207057617435f,0f,0f,0f,1f], start_interpolation: 0, interpolation_duration: 1 }
$data merge entity $(bone_head_upper) { transformation: [0.35627050114417047f,-0.6859756496927832f,-0.6971231459552554f,0.7785645786460819f,-0.415568095918068f,0.5654526944724435f,-0.7687901863007826f,1.207722588843598f,0.8853510209250454f,0.5414541540388474f,-0.08033001558921164f,-0.32782539722257764f,0f,0f,0f,1f], start_interpolation: 0, interpolation_duration: 1 }
$data merge entity $(bone_neck_0) { transformation: [0.45063610260940534f,-0.7379578145764745f,-0.5023398918367112f,0.7579151665634457f,-0.31575404839345617f,0.39457826093221937f,-0.8629063546659326f,1.1456227290192018f,0.8350008885912328f,0.5474726111005177f,-0.05520195781521689f,-0.3405511759700137f,0f,0f,0f,1f], start_interpolation: 0, interpolation_duration: 1 }
$data merge entity $(bone_neck_1) { transformation: [0.6237501503478609f,-0.4534933937222205f,-0.6366156546860308f,0.7018962776528671f,-0.34041473511293496f,0.5755614986957706f,-0.7435366630752439f,1.0852869546173298f,0.7036004249991689f,0.6804944548410231f,0.20463073784651153f,-0.32008131380433424f,0f,0f,0f,1f], start_interpolation: 0, interpolation_duration: 1 }
$data merge entity $(bone_neck_2) { transformation: [0.6902260104573271f,-0.37349690408749736f,-0.6197484305145242f,0.6439448988999842f,-0.2696917760933362f,0.6619871593177539f,-0.6993134824998245f,1.0305031167309218f,0.6714569237082773f,0.6498254100413934f,0.3561917125211528f,-0.2825140514444508f,0f,0f,0f,1f], start_interpolation: 0, interpolation_duration: 1 }
$data merge entity $(bone_body_0) { transformation: [0.6867687209391378f,-0.5279492642763315f,-0.4996181524821737f,0.40344736052439517f,-0.27477536875556174f,0.4477816627494721f,-0.8508760657290595f,0.6337540978028298f,0.6729392399502837f,0.7216378294237339f,0.16245498601069885f,-0.19907512337125816f,0f,0f,0f,1f], start_interpolation: 0, interpolation_duration: 1 }
$data merge entity $(bone_leg_left_3) { transformation: [0.9711004558149616f,-0.0048285980071806f,-0.23862227338883985f,0.1669876532078729f,0.04406971853162826f,0.9862315562976774f,0.15939001622185708f,0.07489968209360426f,0.23456718573687224f,-0.16529973382902308f,0.9579427088148524f,-0.5114119787357353f,0f,0f,0f,1f], start_interpolation: 0, interpolation_duration: 1 }
$data merge entity $(bone_leg_left_2) { transformation: [0.9957747990300243f,-0.04398666234798056f,-0.24199157558248485f,0.1508006258826667f,0.05173370836919241f,1.0240462976433982f,0.02673954378657702f,0.3145100174513032f,0.24045451240469615f,-0.038164817817299586f,0.9963871103370847f,-0.48914228178764735f,0f,0f,0f,1f], start_interpolation: 0, interpolation_duration: 1 }
$data merge entity $(bone_leg_left_1) { transformation: [0.7903577457415897f,0.5708056658468645f,-0.2225208430313666f,0.30193189019738953f,-0.184744012494375f,0.5683620416004971f,0.8017694428669584f,0.4300726706999388f,0.5841269413353151f,-0.5925752960635738f,0.5546622710275295f,-0.6911769317379334f,0f,0f,0f,1f], start_interpolation: 0, interpolation_duration: 1 }
$data merge entity $(bone_leg_left_0) { transformation: [0.6227582729015853f,-0.6137613693007835f,-0.48525159977753995f,0.17286334981534246f,-0.25792042478825866f,0.42449231877633603f,-0.8679189626785058f,0.6374063205149154f,0.7386807077551699f,0.6656600129600067f,0.10605451021245886f,-0.35256011570172185f,0f,0f,0f,1f], start_interpolation: 0, interpolation_duration: 1 }
$data merge entity $(bone_leg_right_3) { transformation: [-0.13934386157534093f,0.03363153916518857f,-0.9896727781517749f,0.2729830385724328f,0.11831835874810312f,0.9928288100368811f,0.01707981100322159f,0.030562571600561278f,0.9831500669910099f,-0.11471649198842762f,-0.1423238287899874f,0.23832674311491658f,0f,0f,0f,1f], start_interpolation: 0, interpolation_duration: 1 }
$data merge entity $(bone_leg_right_2) { transformation: [0.028638115450203377f,0.35892651441525186f,-0.9604237684969448f,0.32692246308261896f,0.344299854193017f,0.9016401509011245f,0.3472244924920461f,0.25093023441867f,0.9657637745571235f,-0.3320828135170649f,-0.09530758742336395f,0.15647502515121176f,0f,0f,0f,1f], start_interpolation: 0, interpolation_duration: 1 }
$data merge entity $(bone_leg_right_1) { transformation: [0.26416082328303986f,0.8659146838459443f,-0.42474794848522174f,0.5899523891287375f,0.08911061187179477f,0.4165952529829409f,0.9047141504607483f,0.3178981937196647f,0.9603532466203573f,-0.2768395844023349f,0.032885957697496124f,0.09864824855939969f,0f,0f,0f,1f], start_interpolation: 0, interpolation_duration: 1 }
$data merge entity $(bone_leg_right_0) { transformation: [0.2131076748549175f,-0.875726066143955f,-0.433230857619773f,0.25660234588052855f,0.11675888480486216f,0.46306573055200495f,-0.8785997336714044f,0.5576601464348242f,0.9700270520645573f,0.13665279457212404f,0.20093166002044863f,0.02315498222998555f,0f,0f,0f,1f], start_interpolation: 0, interpolation_duration: 1 }
$data merge entity $(bone_tail_4) { transformation: [2.7563884623396273f,-0.10938555254198504f,0.12656530794838558f,-0.2028149952878758f,0.10691661046937508f,2.758823705182557f,0.055874267140869904f,0.024623589573810695f,-0.1286577424282149f,-0.0508713693335851f,2.757992135720368f,1.13279415990633f,0f,0f,0f,1f], start_interpolation: 0, interpolation_duration: 1 }
$data merge entity $(bone_tail_3) { transformation: [2.0767512453831194f,-0.049574268297605924f,0.14349976573800866f,-0.22666212951414202f,0.07179809246855114f,2.0548536380585083f,-0.32919156447277614f,0.06033395788152643f,-0.13377153943191242f,0.33326332550239224f,2.051093917195784f,0.7817431846630081f,0f,0f,0f,1f], start_interpolation: 0, interpolation_duration: 1 }
$data merge entity $(bone_tail_2) { transformation: [1.944807839603252f,0.18577459957151865f,0.04454368838061163f,-0.23346041986233507f,-0.18273724485781903f,1.9418772130726714f,-0.12039046346644368f,0.08304123324166912f,-0.05570853940178855f,0.11564844359494636f,1.949947658562804f,0.4192384993647338f,0f,0f,0f,1f], start_interpolation: 0, interpolation_duration: 1 }
$data merge entity $(bone_tail_1) { transformation: [1.4804376073805285f,0.3087975445775952f,0.02459302983092505f,-0.24394166496465788f,-0.29028677803320907f,1.4248398488360008f,-0.4161985603868681f,0.15546265652015284f,-0.10814031233779116f,0.4026558476315118f,1.4539017130520322f,0.10155633437863978f,0f,0f,0f,1f], start_interpolation: 0, interpolation_duration: 1 }
$data merge entity $(bone_tail_0) { transformation: [1.11463065490337f,0.018726570108683352f,-0.625366720657309f,-0.060743068818522206f,-0.360715643728343f,1.0631502949207228f,-0.6110903299542998f,0.35969316444596944f,0.5111931573322938f,0.7093634347539859f,0.9323737393956866f,-0.1537867393539941f,0f,0f,0f,1f], start_interpolation: 0, interpolation_duration: 1 }
$data merge entity $(bone_body_1) { transformation: [0.2633686032894919f,-0.7472125993482548f,-0.949165372963435f,0.2102546558625571f,-0.2508107270453174f,0.9164680461944043f,-0.791065670194239f,0.4818742250796541f,1.1816664305363809f,0.3610598935579603f,0.043643960218715305f,-0.188253294840974f,0f,0f,0f,1f], start_interpolation: 0, interpolation_duration: 1 }