# This file was generated by Animated Java via MC-Build. It is not recommended to edit this file directly.
$data merge entity $(bone_head_lower) { transformation: [0.24540890800462212f,0.4526240504006919f,-0.8572665494878772f,0.9161267674966815f,-0.3869883854541079f,0.8565332016298384f,0.341454043802913f,1.174732982163775f,0.8888275746147853f,0.24795633386669239f,0.3853611281639441f,-0.4039508083387884f,0f,0f,0f,1f], start_interpolation: 0, interpolation_duration: 1 }
$data merge entity $(bone_head_upper) { transformation: [0.2554460300882995f,-0.5144573765495625f,-0.8680742341582178f,0.8448113101071354f,-0.40281604917402036f,0.7690250368631948f,-0.5742923173688658f,1.1522859910935788f,0.9251802520717074f,0.47687109681213724f,-0.010363435011060261f,-0.3936700194093709f,0f,0f,0f,1f], start_interpolation: 0, interpolation_duration: 1 }
$data merge entity $(bone_neck_0) { transformation: [0.37375115300783157f,-0.6325542371463696f,-0.678369525180407f,0.8110934376328751f,-0.28993281738155774f,0.6150481776653761f,-0.7332494122436731f,1.094983008658029f,0.8810499628457564f,0.4707344009297327f,0.046476733435311f,-0.39859033790490433f,0f,0f,0f,1f], start_interpolation: 0, interpolation_duration: 1 }
$data merge entity $(bone_neck_1) { transformation: [0.5730399443536105f,-0.3278740115164053f,-0.7510817896523329f,0.7459564775140287f,-0.3397464358175498f,0.7389738429335274f,-0.5817989505055211f,1.0491013615616505f,0.7457865522550555f,0.5885713992645196f,0.3120675030235012f,-0.3694426496478499f,0f,0f,0f,1f], start_interpolation: 0, interpolation_duration: 1 }
$data merge entity $(bone_neck_2) { transformation: [0.688595610291017f,-0.2681629383786421f,-0.6737393590759518f,0.6843063738452189f,-0.26518343648556764f,0.7716300359571374f,-0.5781564084419473f,1.0060052643298654f,0.6749176471997503f,0.5767804834500899f,0.4602286859914686f,-0.3234761236190737f,0f,0f,0f,1f], start_interpolation: 0, interpolation_duration: 1 }
$data merge entity $(bone_body_0) { transformation: [0.6829689966894232f,-0.46820384905449747f,-0.5606589919831804f,0.4156096664777106f,-0.2720588481414158f,0.5492801092665492f,-0.7901109698720135f,0.6388615067862229f,0.6778918296520534f,0.6921535359258675f,0.24776228525808794f,-0.20011306006389282f,0f,0f,0f,1f], start_interpolation: 0, interpolation_duration: 1 }
$data merge entity $(bone_leg_left_3) { transformation: [0.9701996352405752f,-0.00882498646484909f,-0.24214621077553522f,0.18141462565372088f,0.047438187413739036f,0.9869156359415489f,0.15410108990200844f,0.06248044711544748f,0.2376179415657701f,-0.1609957985414003f,0.9579238313655541f,-0.5155700559609827f,0f,0f,0f,1f], start_interpolation: 0, interpolation_duration: 1 }
$data merge entity $(bone_leg_left_2) { transformation: [0.9959982594305781f,-0.08106872120692506f,-0.2312520900528828f,0.15691606912725695f,0.07554510469195788f,1.0223813167070805f,-0.03303906636198322f,0.2998921915076204f,0.2331150013813653f,0.015050089397217787f,0.998745758659728f,-0.4808345349658861f,0f,0f,0f,1f], start_interpolation: 0, interpolation_duration: 1 }
$data merge entity $(bone_leg_left_1) { transformation: [0.7962028594141033f,0.5589321974153809f,-0.2316372279086825f,0.30518877289049956f,-0.17449626473927482f,0.578720699518488f,0.796638817495653f,0.41833698723297796f,0.5793203433790723f,-0.5938662733656839f,0.5583106564502492f,-0.6833176733850681f,0f,0f,0f,1f], start_interpolation: 0, interpolation_duration: 1 }
$data merge entity $(bone_leg_left_0) { transformation: [0.6261223336828833f,-0.5971850071076006f,-0.5013390973676349f,0.18432943215784447f,-0.2388547561854841f,0.4651591771882639f,-0.8523938909477884f,0.6425908019956276f,0.7422393338479664f,0.6534500800852595f,0.14860607028481307f,-0.3525450552823596f,0f,0f,0f,1f], start_interpolation: 0, interpolation_duration: 1 }
$data merge entity $(bone_leg_right_3) { transformation: [-0.12997574293489472f,0.011359963020970643f,-0.9914520954078843f,0.2793126148796726f,0.11459542996423276f,0.9934055731496253f,-0.003640695891871548f,0.033068393329844015f,0.9848726789183638f,-0.11408908131555195f,-0.1304204272525532f,0.2418170602972351f,0f,0f,0f,1f], start_interpolation: 0, interpolation_duration: 1 }
$data merge entity $(bone_leg_right_2) { transformation: [0.041417854048962185f,0.3702235735876913f,-0.9556575047717841f,0.33601284016925037f,0.35059946138079295f,0.8936134259243453f,0.3613824320411092f,0.25199280888369846f,0.9630299987779045f,-0.34125027482539605f,-0.09046364400196852f,0.15798236108187425f,0f,0f,0f,1f], start_interpolation: 0, interpolation_duration: 1 }
$data merge entity $(bone_leg_right_1) { transformation: [0.2699433637911809f,0.8701751710090048f,-0.41222051392980374f,0.5996509621947163f,0.09303133661618888f,0.40254035957901146f,0.9106626319979345f,0.31490509139207534f,0.958371405433461f,-0.28417675955195476f,0.027709539477281525f,0.098397371493578f,0f,0f,0f,1f], start_interpolation: 0, interpolation_duration: 1 }
$data merge entity $(bone_leg_right_0) { transformation: [0.21851550552896368f,-0.8671346652781483f,-0.44758065878272135f,0.2702135467563534f,0.1211999340342726f,0.4792303692984098f,-0.8692806388803318f,0.5597387882946914f,0.9682776202275405f,0.1357045519319942f,0.20981593064261658f,0.022011975410671264f,0f,0f,0f,1f], start_interpolation: 0, interpolation_duration: 1 }
$data merge entity $(bone_tail_4) { transformation: [2.756251800614819f,-0.15726915403785785f,0.06327524315071643f,-0.18127205929575702f,0.15849670146552808f,2.7563960389872153f,-0.05311311966111379f,-0.003906290237743686f,-0.06013433987425932f,0.056644691223495504f,2.760224007526215f,1.131853402753359f,0f,0f,0f,1f], start_interpolation: 0, interpolation_duration: 1 }
$data merge entity $(bone_tail_3) { transformation: [2.0764876917137864f,-0.08179607287519239f,0.13211281038488065f,-0.20287307103516533f,0.10480094192357792f,2.0443694351608444f,-0.38146546527373215f,0.04077039606554195f,-0.11472207624309276f,0.38705108330396193f,2.0427862908733614f,0.7816847384963224f,0f,0f,0f,1f], start_interpolation: 0, interpolation_duration: 1 }
$data merge entity $(bone_tail_2) { transformation: [1.9465052577385034f,0.17006166963909392f,0.031147794764662326f,-0.2071835778083059f,-0.16659325652826518f,1.9390695864829852f,-0.17615249262723628f,0.07385498036346491f,-0.04623681951048899f,0.17280637227557488f,1.945963511791854f,0.4199413020909981f,0f,0f,0f,1f], start_interpolation: 0, interpolation_duration: 1 }
$data merge entity $(bone_tail_1) { transformation: [1.480733773507772f,0.30612238506607947f,0.03705168491295738f,-0.22031336837012064f,-0.2811566395781806f,1.4149698248407563f,-0.45438704736295576f,0.1546060681386122f,-0.12662814068973466f,0.43795631077948266f,1.442156660641931f,0.10437269240086838f,0f,0f,0f,1f], start_interpolation: 0, interpolation_duration: 1 }
$data merge entity $(bone_tail_0) { transformation: [1.1326082362508614f,0.026274236971935486f,-0.5918986097570111f,-0.046712793453922485f,-0.3489196707964474f,1.0616129336540485f,-0.6205390874181668f,0.36156062333899275f,0.4788416889662374f,0.7114234745592916f,0.9478517781478142f,-0.15544371156808678f,0f,0f,0f,1f], start_interpolation: 0, interpolation_duration: 1 }
$data merge entity $(bone_body_1) { transformation: [0.2701152434279987f,-0.7511218834361668f,-0.9441706765979275f,0.22338705231226125f,-0.2605789435444307f,0.9083881794612745f,-0.7972039416940624f,0.48571298247610384f,1.1780241782346197f,0.3731640747641539f,0.04015225842105966f,-0.1899137977995539f,0f,0f,0f,1f], start_interpolation: 0, interpolation_duration: 1 }