# This file was generated by Animated Java via MC-Build. It is not recommended to edit this file directly.
$data merge entity $(bone_head_lower) { transformation: [0.09244112013637915f,0.6165933939942627f,-0.781835804878855f,0.9798104936387464f,-0.3744234732181626f,0.7490946639185714f,0.546501827254009f,1.0881284566174676f,0.9226384459858475f,0.24221843648112007f,0.300114189963524f,-0.4493859665764498f,0f,0f,0f,1f], start_interpolation: 0, interpolation_duration: 1 }
$data merge entity $(bone_head_upper) { transformation: [0.09622192343282367f,-0.23295471578553817f,-1.0099234547368794f,0.9049879648083481f,-0.38973723726300497f,0.9316928000689629f,-0.2520423670214254f,1.0915532498106253f,0.9603739739939829f,0.40143812633635323f,-0.001096987725596701f,-0.4401492754586755f,0f,0f,0f,1f], start_interpolation: 0, interpolation_duration: 1 }
$data merge entity $(bone_neck_0) { transformation: [0.2577225143232952f,-0.46751026746214f,-0.8455845643271622f,0.8578161730431169f,-0.2228771286517007f,0.8227825640659235f,-0.5228332791560593f,1.044462583108094f,0.9401621621480266f,0.3232073670054301f,0.10785224512528713f,-0.43872539854487014f,0f,0f,0f,1f], start_interpolation: 0, interpolation_duration: 1 }
$data merge entity $(bone_neck_1) { transformation: [0.4972383857094293f,-0.18454527419265726f,-0.8477600070481253f,0.7851495965860019f,-0.3181840462767606f,0.8702490006955469f,-0.37606593768028285f,1.0166139906862213f,0.8071634905470074f,0.4567381290866343f,0.3740018462072239f,-0.4049383979284508f,0f,0f,0f,1f], start_interpolation: 0, interpolation_duration: 1 }
$data merge entity $(bone_neck_2) { transformation: [0.6794446443771893f,-0.1799116824201221f,-0.7113274645027532f,0.7210705279238824f,-0.25487324790907523f,0.8512296940987185f,-0.45874571974557027f,0.9847584957673965f,0.688036774255151f,0.49299066361683086f,0.5325087819550047f,-0.35345994809735415f,0f,0f,0f,1f], start_interpolation: 0, interpolation_duration: 1 }
$data merge entity $(bone_body_0) { transformation: [0.6719384605295271f,-0.4254951138124323f,-0.6061786975661172f,0.4313274081031316f,-0.2627056134700402f,0.6283297931757672f,-0.7322482035888018f,0.6456382900389983f,0.6924481683942407f,0.651272277261548f,0.3104189990287616f,-0.2009564553950824f,0f,0f,0f,1f], start_interpolation: 0, interpolation_duration: 1 }
$data merge entity $(bone_leg_left_3) { transformation: [0.9693993761549835f,-0.015050783769823155f,-0.24502718914080363f,0.2009806435169601f,0.05312534110518303f,0.9873285353569421f,0.1495328104543394f,0.04628011468269827f,0.2396717497803758f,-0.15797416617228752f,0.9579152442567053f,-0.5211259122208953f,0f,0f,0f,1f], start_interpolation: 0, interpolation_duration: 1 }
$data merge entity $(bone_leg_left_2) { transformation: [0.994707237250532f,-0.1324990552987455f,-0.21228215188057686f,0.16507800398176395f,0.1098391275262061f,1.012999762921804f,-0.11759696375903937f,0.2789450177356595f,0.2248445634797296f,0.09131089839664759f,0.996578868734583f,-0.46869390455594384f,0f,0f,0f,1f], start_interpolation: 0, interpolation_duration: 1 }
$data merge entity $(bone_leg_left_1) { transformation: [0.8035685079277731f,0.541776355147417f,-0.24648739130006742f,0.30933090700535787f,-0.16106238202840464f,0.5965889165356089f,0.7862191639499794f,0.402529124822785f,0.5730065987072651f,-0.5920811140967498f,0.5666598557934758f,-0.6710091390404214f,0f,0f,0f,1f], start_interpolation: 0, interpolation_duration: 1 }
$data merge entity $(bone_leg_left_0) { transformation: [0.6302015969276819f,-0.5748910599351927f,-0.5218680067185477f,0.1993703948960494f,-0.21260813275393722f,0.5186738739237774f,-0.8281154475046251f,0.6488699742585389f,0.7467554680862295f,0.6328330599103462f,0.20464258884167852f,-0.3523680396191714f,0f,0f,0f,1f], start_interpolation: 0, interpolation_duration: 1 }
$data merge entity $(bone_leg_right_3) { transformation: [-0.10835592569537089f,-0.009051507131048686f,-0.9940709550054043f,0.2880033341749383f,0.10534468741984103f,0.9942237081303796f,-0.020535701202893775f,0.03539518568972283f,0.9885147900760591f,-0.10694525894183024f,-0.10677650205335251f,0.24228020340791007f,0f,0f,0f,1f], start_interpolation: 0, interpolation_duration: 1 }
$data merge entity $(bone_leg_right_2) { transformation: [0.06624808386227715f,0.37863803066486246f,-0.9509503838894573f,0.34677190723169965f,0.34948598113246243f,0.8873035552690414f,0.3776428859378851f,0.25335302784255936f,0.9620462254367775f,-0.3484075803449876f,-0.0717036789969258f,0.1573584398194932f,0f,0f,0f,1f], start_interpolation: 0, interpolation_duration: 1 }
$data merge entity $(bone_leg_right_1) { transformation: [0.28300446641662486f,0.8776091680002692f,-0.38692456658904084f,0.6113481317621094f,0.08939066812169162f,0.37752616755533974f,0.9216741838978326f,0.3088132184636687f,0.9549438624552749f,-0.2954253561440746f,0.02839152173004625f,0.09461312661388335f,0f,0f,0f,1f], start_interpolation: 0, interpolation_duration: 1 }
$data merge entity $(bone_leg_right_0) { transformation: [0.2315434896565629f,-0.8527132168088647f,-0.46826037871801524f,0.2877416671439184f,0.11853316132911121f,0.5024836615048274f,-0.8564228275717719f,0.5620402880797092f,0.9655762538831347f,0.14279474710289572f,0.2174216137757054f,0.020706524503912332f,0f,0f,0f,1f], start_interpolation: 0, interpolation_duration: 1 }
$data merge entity $(bone_tail_4) { transformation: [2.7530009201295758f,-0.21597827171558615f,-0.0008071632159146955f,-0.15405801362487792f,0.21561028489187103f,2.7488753453571477f,-0.1511882017105415f,-0.03517940555949667f,0.012628159587007519f,0.15066205041207165f,2.7573180461729616f,1.1296080885849906f,0f,0f,0f,1f], start_interpolation: 0, interpolation_duration: 1 }
$data merge entity $(bone_tail_3) { transformation: [2.0753600052886525f,-0.12228524498416293f,0.11778239831099882f,-0.17283289870875698f,0.14416947572158562f,2.0322206498988287f,-0.4303950725082585f,0.017912819381181944f,-0.08967461604540419f,0.4371167750480291f,2.0339205771743316f,0.7804527896481118f,0f,0f,0f,1f], start_interpolation: 0, interpolation_duration: 1 }
$data merge entity $(bone_tail_2) { transformation: [1.9482836052528003f,0.15106022533208313f,0.012069665635272113f,-0.1736000294043341f,-0.1484857971851426f,1.9340304247385194f,-0.23717537651031878f,0.06235361489792801f,-0.030279308780414238f,0.23554405004401854f,1.9396845204701247f,0.4199033323284879f,0f,0f,0f,1f], start_interpolation: 0, interpolation_duration: 1 }
$data merge entity $(bone_tail_1) { transformation: [1.481420228008369f,0.30110974754915354f,0.048818828114954804f,-0.18920135940095142f,-0.26866503947714065f,1.402577458054997f,-0.498248753855672f,0.1526828023023522f,-0.14446264088122893f,0.47933875712993285f,1.4272424991229602f,0.10705526472374594f,0f,0f,0f,1f], start_interpolation: 0, interpolation_duration: 1 }
$data merge entity $(bone_tail_0) { transformation: [1.1535238351975827f,0.03125858479171411f,-0.5497648398105385f,-0.027792970151309243f,-0.3296705541885873f,1.0613781143054832f,-0.6313711592703252f,0.3627970740495319f,0.44106213158247615f,0.7115722844055857f,0.9659010284360228f,-0.15803195863635794f,0f,0f,0f,1f], start_interpolation: 0, interpolation_duration: 1 }
$data merge entity $(bone_body_1) { transformation: [0.2779376352293385f,-0.7592371339689413f,-0.9353685051261886f,0.24080711375968952f,-0.2730891728768954f,0.8952442584622433f,-0.8078147166300272f,0.49030162608101957f,1.173361653386025f,0.3882026367108622f,0.033552023339853104f,-0.19198053653419203f,0f,0f,0f,1f], start_interpolation: 0, interpolation_duration: 1 }