# This file was generated by Animated Java via MC-Build. It is not recommended to edit this file directly.
$data merge entity $(bone_head_lower) { transformation: [-0.0026507888478431163f,0.5163685962681284f,-0.8563623334235146f,1.0030202283810399f,-0.3601440464665587f,0.7984070263737839f,0.4825375488308293f,1.0470928239242472f,0.932892940863622f,0.3096929011537952f,0.1838506672867094f,-0.46022585274171157f,0f,0f,0f,1f], start_interpolation: 0, interpolation_duration: 1 }
$data merge entity $(bone_head_upper) { transformation: [-0.0027592050072245467f,-0.07327824359809637f,-1.038313357511312f,0.9297953408494268f,-0.3748737879070216f,0.9687119646918241f,-0.06736998728406093f,1.064084314048672f,0.9710478734395521f,0.3737637904634306f,-0.028958574040157812f,-0.4535279723955819f,0f,0f,0f,1f], start_interpolation: 0, interpolation_duration: 1 }
$data merge entity $(bone_neck_0) { transformation: [0.19397925793111684f,-0.36893185350602553f,-0.908989183082561f,0.8769441720984992f,-0.1743780593394112f,0.898865797600266f,-0.40203553366022055f,1.0235540112675776f,0.9653830016700699f,0.23649432418780397f,0.11002769975528837f,-0.45056406071830846f,0f,0f,0f,1f], start_interpolation: 0, interpolation_duration: 1 }
$data merge entity $(bone_neck_1) { transformation: [0.4541119949443607f,-0.11432596927170054f,-0.8835790110667743f,0.8015667474369346f,-0.2983083605919502f,0.9149805312265622f,-0.27170342190944324f,1.0047523662592297f,0.8395203499907526f,0.3869627892012928f,0.3813992419040185f,-0.41647184986448643f,0f,0f,0f,1f], start_interpolation: 0, interpolation_duration: 1 }
$data merge entity $(bone_neck_2) { transformation: [0.6721597500959676f,-0.1480528010255916f,-0.7254527127658994f,0.7365621194482548f,-0.2461044542662069f,0.8794182722482526f,-0.40749981598306345f,0.977662380652224f,0.6983078604321009f,0.45244211844651994f,0.5546731123052266f,-0.3634486340622908f,0f,0f,0f,1f], start_interpolation: 0, interpolation_duration: 1 }
$data merge entity $(bone_body_0) { transformation: [0.6640321827256914f,-0.4149065961927817f,-0.6220239358258439f,0.43945206712131246f,-0.25408302242644226f,0.6571912303898354f,-0.7096065842516811f,0.6494880264775988f,0.7032091282251659f,0.629247330653388f,0.3309754051986158f,-0.2014667993663158f,0f,0f,0f,1f], start_interpolation: 0, interpolation_duration: 1 }
$data merge entity $(bone_leg_left_3) { transformation: [0.9691490005303393f,-0.01697552048932712f,-0.24589031391081762f,0.21043272974358185f,0.05452372067353484f,0.9876752792949333f,0.14671300744511107f,0.03917777230839822f,0.24036925480385082f,-0.15559361932223112f,0.9581300783146564f,-0.5242648762471837f,0f,0f,0f,1f], start_interpolation: 0, interpolation_duration: 1 }
$data merge entity $(bone_leg_left_2) { transformation: [0.9933057725338232f,-0.1579619974609282f,-0.20113142248249605f,0.16893714864296128f,0.1263988349550364f,1.0044776705635592f,-0.16465158171699695f,0.26842767991791183f,0.22232673315120766f,0.13466557168798948f,0.992218830212848f,-0.46186560801295795f,0f,0f,0f,1f], start_interpolation: 0, interpolation_duration: 1 }
$data merge entity $(bone_leg_left_1) { transformation: [0.806408560779248f,0.533775201883739f,-0.2545373586645291f,0.3113867670149167f,-0.15490382344508768f,0.6060646678421677f,0.7801861469389568f,0.39478336957296606f,0.5707101178216791f,-0.5897199778262021f,0.57141955616572f,-0.6637460963649666f,0f,0f,0f,1f], start_interpolation: 0, interpolation_duration: 1 }
$data merge entity $(bone_leg_left_0) { transformation: [0.631473136002439f,-0.5631052874492467f,-0.5330610788211293f,0.20711276724767655f,-0.19899016675456188f,0.54675786041993f,-0.8133011469339091f,0.6525283656886418f,0.7494295110564014f,0.619651738733719f,0.23321048570345598f,-0.3522950913668692f,0f,0f,0f,1f], start_interpolation: 0, interpolation_duration: 1 }
$data merge entity $(bone_leg_right_3) { transformation: [-0.09521827483315513f,-0.0171965110092539f,-0.9953078720410611f,0.2925199359490222f,0.09898283912804076f,0.994732052801034f,-0.02665596909497353f,0.03667860213918686f,0.9905230323904388f,-0.10105653437234215f,-0.09301451050616524f,0.24119017924869465f,0f,0f,0f,1f], start_interpolation: 0, interpolation_duration: 1 }
$data merge entity $(bone_leg_right_2) { transformation: [0.08082811036342899f,0.3819036919709045f,-0.948513882942555f,0.3521024095708547f,0.3461982827906336f,0.8850564035708071f,0.38585503883170724f,0.2543715292654376f,0.9621204524739032f,-0.35055232427983457f,-0.059156591975128965f,0.15615612499791776f,0f,0f,0f,1f], start_interpolation: 0, interpolation_duration: 1 }
$data merge entity $(bone_leg_right_1) { transformation: [0.2910572647672851f,0.8816899860672098f,-0.3713602524436196f,0.6171221685005449f,0.08480224730494515f,0.36286137484107944f,0.9279764013704613f,0.30542212673109354f,0.9529397921580447f,-0.30158645711842547f,0.03084414700617602f,0.09156704283216782f,0f,0f,0f,1f], start_interpolation: 0, interpolation_duration: 1 }
$data merge entity $(bone_leg_right_0) { transformation: [0.23975528379981878f,-0.8440972017609483f,-0.47960120711837795f,0.29686701422624356f,0.11455166053350521f,0.5151553298137219f,-0.8494073835525164f,0.5635163556581806f,0.964051513643895f,0.1487107936360114f,0.22020394841387989f,0.019934063557751708f,0f,0f,0f,1f], start_interpolation: 0, interpolation_duration: 1 }
$data merge entity $(bone_tail_4) { transformation: [2.75084633955117f,-0.24030590917889197f,-0.027546647557171337f,-0.1412130689015288f,0.2378407151145344f,2.7445456374545287f,-0.19121289120538948f,-0.04816884958330178f,0.04401751937285574f,0.18810541072234813f,2.7546942015485554f,1.1283988077885159f,0f,0f,0f,1f], start_interpolation: 0, interpolation_duration: 1 }
$data merge entity $(bone_tail_3) { transformation: [2.0747067623303748f,-0.1394665321721332f,0.10993845000244021f,-0.15848977783499954f,0.16009183190297432f,2.026763424476014f,-0.4500512777547191f,0.008309744624294645f,-0.0768633966398154f,0.456863911525724f,2.0301016995822767f,0.7796978081347619f,0f,0f,0f,1f], start_interpolation: 0, interpolation_duration: 1 }
$data merge entity $(bone_tail_2) { transformation: [1.9488534476517578f,0.14402617907070212f,0.0007578396457835575f,-0.15715531719019693f,-0.14258885434705587f,1.9308012574002864f,-0.26542192456585867f,0.05800510380549348f,-0.02031091319041947f,0.2646447414299861f,1.9360590132125628f,0.419836620369563f,0f,0f,0f,1f], start_interpolation: 0, interpolation_duration: 1 }
$data merge entity $(bone_tail_1) { transformation: [1.4817019949939902f,0.29909971691639214f,0.05248625888138793f,-0.17352153601438772f,-0.2635034879121779f,1.3963022106155456f,-0.5182299667987732f,0.15270580252030866f,-0.15093495250917452f,0.4985335956288951f,1.419978571718735f,0.10832321529178363f,0f,0f,0f,1f], start_interpolation: 0, interpolation_duration: 1 }
$data merge entity $(bone_tail_0) { transformation: [1.1629421098757329f,0.03368696503463753f,-0.5294020721989677f,-0.018005019594557053f,-0.3197201299713584f,1.062419469634893f,-0.6347279934080725f,0.3638261489817327f,0.42329706371873593f,0.7099054694193413f,0.9750330952945281f,-0.15947283346814495f,0f,0f,0f,1f], start_interpolation: 0, interpolation_duration: 1 }
$data merge entity $(bone_body_1) { transformation: [0.2822872470031059f,-0.7631856530370094f,-0.9308416429415538f,0.24980859304963035f,-0.2799528279448654f,0.888252414207967f,-0.8131658243160744f,0.4930457089212563f,1.1707027459442172f,0.396433982787099f,0.029996216202682325f,-0.19314917558744646f,0f,0f,0f,1f], start_interpolation: 0, interpolation_duration: 1 }