# This file was generated by Animated Java via MC-Build. It is not recommended to edit this file directly.
$data merge entity $(bone_head_lower) { transformation: [-0.10372335783959102f,0.2882904187601022f,-0.9519086613166227f,1.021497358114522f,-0.3299752334007254f,0.8928901224358686f,0.30637162825333014f,1.0045066072926914f,0.9382738461561297f,0.345884176723343f,0.00251513653670557f,-0.46892892528676716f,0f,0f,0f,1f], start_interpolation: 0, interpolation_duration: 1 }
$data merge entity $(bone_head_upper) { transformation: [-0.10796559995716454f,0.090633000329162f,-1.0313103466274012f,0.9524031642850819f,-0.34347108295713447f,0.9750395044213966f,0.12164506801937405f,1.0346801288947975f,0.9766488555164796f,0.35292430725655466f,-0.07122772598741496f,-0.4656111752986153f,0f,0f,0f,1f], start_interpolation: 0, interpolation_duration: 1 }
$data merge entity $(bone_neck_0) { transformation: [0.13314413238043116f,-0.2587673547889907f,-0.9567194448260004f,0.8946971482929137f,-0.11214404910962716f,0.9551809817529032f,-0.2739580339155209f,1.0014973469981845f,0.9847316143305036f,0.143766297139033f,0.09815752413835366f,-0.46191591370972573f,0f,0f,0f,1f], start_interpolation: 0, interpolation_duration: 1 }
$data merge entity $(bone_neck_1) { transformation: [0.41037440454110236f,-0.0411728228487407f,-0.9109871825422141f,0.817334899176556f,-0.26894565110709584f,0.9490820764414899f,-0.1640470936289039f,0.9919727075406188f,0.8713558887435809f,0.3123267693236945f,0.37840574033133767f,-0.4284211305428915f,0f,0f,0f,1f], start_interpolation: 0, interpolation_duration: 1 }
$data merge entity $(bone_neck_2) { transformation: [0.6636314215894368f,-0.1179626077939751f,-0.7387003177484274f,0.7514642834324777f,-0.23296384017440444f,0.9057914263836722f,-0.3539346564848197f,0.9698336413065627f,0.710859469551034f,0.40697262199351636f,0.5736306298458484f,-0.374182268811466f,0f,0f,0f,1f], start_interpolation: 0, interpolation_duration: 1 }
$data merge entity $(bone_body_0) { transformation: [0.6551589002452236f,-0.40554434908062387f,-0.6374171290122675f,0.44718866398780055f,-0.24075396846728547f,0.6876526729163375f,-0.6849608223090354f,0.6535649256307673f,0.7161035833569903f,0.6022188824337789f,0.35288535750791383f,-0.2021318355092921f,0f,0f,0f,1f], start_interpolation: 0, interpolation_duration: 1 }
$data merge entity $(bone_leg_left_3) { transformation: [0.9689869366740972f,-0.017447176485549734f,-0.2464952587528431f,0.2185763715326961f,0.054193676114797765f,0.9882246878686423f,0.1430909212916353f,0.03378564613090032f,0.24109616758487318f,-0.15201171770494104f,0.9585223396751275f,-0.5276749324877013f,0f,0f,0f,1f], start_interpolation: 0, interpolation_duration: 1 }
$data merge entity $(bone_leg_left_2) { transformation: [0.9915527593753821f,-0.1807962407651795f,-0.19025783610915725f,0.17209148440829386f,0.1403849019978593f,0.9935724053692389f,-0.2125280077555211f,0.2590356539286013f,0.22175978933704601f,0.17941235775346842f,0.9852390579038293f,-0.4550618391629926f,0f,0f,0f,1f], start_interpolation: 0, interpolation_duration: 1 }
$data merge entity $(bone_leg_left_1) { transformation: [0.8080892471837023f,0.5273996207865753f,-0.26237646346472054f,0.3131913414348446f,-0.1498755415746643f,0.6148389226669397f,0.7742805830004122f,0.3879881020133928f,0.569674547986636f,-0.5863639988675413f,0.5758890259488264f,-0.6562470328025638f,0f,0f,0f,1f], start_interpolation: 0, interpolation_duration: 1 }
$data merge entity $(bone_leg_left_0) { transformation: [0.6318268504962552f,-0.5516102225767257f,-0.5445374122508366f,0.21440605136826668f,-0.1862193185109355f,0.5739272584188737f,-0.7974521098204694f,0.6565954144726807f,0.7524075999119793f,0.6052550407825202f,0.25990217236884416f,-0.35227523028740676f,0f,0f,0f,1f], start_interpolation: 0, interpolation_duration: 1 }
$data merge entity $(bone_leg_right_3) { transformation: [-0.08168722511584259f,-0.023241915620945686f,-0.9963869783428236f,0.29674719839278835f,0.0916661236003256f,0.9953154597630617f,-0.030732024676798475f,0.038124948419319155f,0.9924336345756141f,-0.0938453457285674f,-0.0791740617129255f,0.23908158769367974f,0f,0f,0f,1f], start_interpolation: 0, interpolation_duration: 1 }
$data merge entity $(bone_leg_right_2) { transformation: [0.09565231770073485f,0.3846624907388708f,-0.9460167027266169f,0.3570269201023544f,0.34113242950541117f,0.8835439596809077f,0.3937523794871757f,0.25571724932507583f,0.9625702567391681f,-0.3513503081408143f,-0.04553747150579822f,0.15428171857130696f,0f,0f,0f,1f], start_interpolation: 0, interpolation_duration: 1 }
$data merge entity $(bone_leg_right_1) { transformation: [0.2995168488779398f,0.8856553495351933f,-0.35482990161191896f,0.6224157144541933f,0.07835942992602446f,0.3478123690321456f,0.9342838731830467f,0.30221666480709364f,0.9508677389521099f,-0.30763803046428023f,0.034776216472767796f,0.08779880458527836f,0f,0f,0f,1f], start_interpolation: 0, interpolation_duration: 1 }
$data merge entity $(bone_leg_right_0) { transformation: [0.24851665624394134f,-0.8349886075076678f,-0.49095162378969304f,0.30564215111339427f,0.108764165601243f,0.527702535011672f,-0.8424371732202471f,0.5653428601846366f,0.9625018586217877f,0.15596172567223257f,0.22195970867466736f,0.019050034131074034f,0f,0f,0f,1f], start_interpolation: 0, interpolation_duration: 1 }
$data merge entity $(bone_tail_4) { transformation: [2.749126381395765f,-0.2563091458598019f,-0.04765598034287889f,-0.1304031466540882f,0.2516950979674366f,2.7409669449772713f,-0.22228611247922778f,-0.05746812182834299f,0.06793414732654639f,0.21694967133089668f,2.752086321926772f,1.127518734920788f,0f,0f,0f,1f], start_interpolation: 0, interpolation_duration: 1 }
$data merge entity $(bone_tail_3) { transformation: [2.0742872396210497f,-0.151216594816316f,0.10203683179071622f,-0.14622504954873403f,0.17030508766133995f,2.0226506797516515f,-0.46457069522440914f,0.0015126754656037689f,-0.06537698911996702f,0.47112980716229974f,2.027241495269191f,0.7791631172337349f,0f,0f,0f,1f], start_interpolation: 0, interpolation_duration: 1 }
$data merge entity $(bone_tail_2) { transformation: [1.9490612928681552f,0.14072017693824226f,-0.011479697224180239f,-0.1426162905108847f,-0.14086434200071504f,1.9274130468364288f,-0.28984488789730006f,0.05574867913461612f,-0.009549282621986357f,0.28991490767113526f,1.9325196072780786f,0.4199738680441716f,0f,0f,0f,1f], start_interpolation: 0, interpolation_duration: 1 }
$data merge entity $(bone_tail_1) { transformation: [1.4818299118628975f,0.2982577856505036f,0.053653104358040084f,-0.15922343193134753f,-0.2605258333817831f,1.390580659974239f,-0.5348532212171284f,0.1540936120126281f,-0.15479874821562295f,0.5147659384656966f,1.4137572727121182f,0.10960448484104673f,0f,0f,0f,1f], start_interpolation: 0, interpolation_duration: 1 }
$data merge entity $(bone_tail_0) { transformation: [1.170749171556862f,0.03676622693979041f,-0.5116935982006807f,-0.008807435122050122f,-0.3111513792998505f,1.0645472013562214f,-0.6354209563969897f,0.3654678043220292f,0.40788100353258483f,0.7065572993220551f,0.983994708479676f,-0.1608911528875403f,0f,0f,0f,1f], start_interpolation: 0, interpolation_duration: 1 }
$data merge entity $(bone_body_1) { transformation: [0.286947841370704f,-0.766184138166301f,-0.9269451967680211f,0.2583022776194984f,-0.2869995927671773f,0.8818032511012157f,-0.8177156322066069f,0.4961795277651343f,1.1678599081826626f,0.4049561554365345f,0.02680190459451874f,-0.1943988911086117f,0f,0f,0f,1f], start_interpolation: 0, interpolation_duration: 1 }