# This file was generated by Animated Java via MC-Build. It is not recommended to edit this file directly.
$data merge entity $(bone_head_lower) { transformation: [-0.9797120533967122f,-0.20031214746858397f,0.006271842290873159f,0.4715110742877857f,-0.19574136410464943f,0.963134833132268f,0.1845443350139172f,0.29615672033728513f,-0.04300710182805151f,0.17957265043375065f,-0.9828041780581466f,0.43925806232835335f,0f,0f,0f,1f], start_interpolation: 0, interpolation_duration: 1 }
$data merge entity $(bone_head_upper) { transformation: [-1.0197818681672823f,-0.17420683783536262f,-0.11475566039267143f,0.4593717834345727f,-0.2037471043376279f,0.7088975173779588f,0.7344544709598444f,0.36264293406696263f,-0.044766074373193056f,0.7420163273744566f,-0.7286149264724432f,0.40567715267316967f,0f,0f,0f,1f], start_interpolation: 0, interpolation_duration: 1 }
$data merge entity $(bone_neck_0) { transformation: [-0.9776197978867787f,-0.19068554353621445f,-0.08887381091250693f,0.4570361134867536f,-0.17963407722830602f,0.9764915476844948f,-0.11914636208913235f,0.3391464624154835f,0.1095040139819019f,-0.10051507741149143f,-0.9888910911393696f,0.3433297652369428f,0f,0f,0f,1f], start_interpolation: 0, interpolation_duration: 1 }
$data merge entity $(bone_neck_1) { transformation: [-0.9427942705498242f,0.022095437566215986f,-0.3326420825108902f,0.42895875408968615f,-0.007482514556072885f,0.9961473415685368f,0.08737554498745445f,0.35113744416413745f,0.3332911270861296f,0.08486616242469058f,-0.9389966768210434f,0.26417539018083747f,0f,0f,0f,1f], start_interpolation: 0, interpolation_duration: 1 }
$data merge entity $(bone_neck_2) { transformation: [-0.9153701051150026f,0.08851553994548461f,-0.3927627398951026f,0.3954164148126047f,-0.02938122646582539f,0.9582458472234184f,0.28443213568518677f,0.3854376582391493f,0.4015399285165954f,0.2719005249484302f,-0.8745489067740324f,0.1902204229077046f,0f,0f,0f,1f], start_interpolation: 0, interpolation_duration: 1 }
$data merge entity $(bone_body_0) { transformation: [-0.8637153885666125f,0.018968255962119915f,-0.5036228080805922f,0.1582415702981111f,-0.042118231735250325f,0.9930790616690202f,0.10963590575205723f,0.44656896889667175f,0.5022168676067355f,0.11590592107538644f,-0.8569387582265986f,-0.21254745154350355f,0f,0f,0f,1f], start_interpolation: 0, interpolation_duration: 1 }
$data merge entity $(bone_leg_left_3) { transformation: [-0.8594175083591585f,0.10090757079834947f,-0.5012177256256126f,0.40208946721436434f,-0.0673275846356507f,0.9494565364300975f,0.3065930230407926f,0.09649406148992601f,0.506822002948634f,0.29723719078496663f,-0.809185707820767f,-0.7183057993454824f,0f,0f,0f,1f], start_interpolation: 0, interpolation_duration: 1 }
$data merge entity $(bone_leg_left_2) { transformation: [-0.8549929703478362f,-0.1903147496626173f,-0.5336942160238706f,0.33990741610195974f,-0.4237376730170372f,0.8561400128615718f,0.37354097813250453f,0.30694576736838264f,0.3761590150755197f,0.5318522106177025f,-0.7922750917068968f,-0.618233105375961f,0f,0f,0f,1f], start_interpolation: 0, interpolation_duration: 1 }
$data merge entity $(bone_leg_left_1) { transformation: [-0.920437372318309f,0.39055803984761056f,0.016107797806004326f,0.46348661894149845f,-0.026426694184002907f,-0.10328837578991656f,0.9943003274972739f,0.22667788681513673f,0.38999573520010705f,0.9147655048902276f,0.10539163908325305f,-0.3830764902514878f,0f,0f,0f,1f], start_interpolation: 0, interpolation_duration: 1 }
$data merge entity $(bone_leg_left_0) { transformation: [-0.9096271573140999f,-0.21704381765194297f,-0.35421803440217436f,0.3013362578366537f,-0.08111016639366f,0.9290425553340081f,-0.36097239684780474f,0.6114044618119314f,0.4074304549052054f,-0.29961961150353017f,-0.8626867987967654f,-0.38311455936246136f,0f,0f,0f,1f], start_interpolation: 0, interpolation_duration: 1 }
$data merge entity $(bone_leg_right_3) { transformation: [-0.8566547775628635f,0.006522015319967267f,0.5158488687541021f,-0.18143955544848414f,-0.005283759588380288f,0.9997567150938798f,-0.021414773155639333f,0.029855941646887624f,-0.5158630379890896f,-0.02107068914063792f,-0.8564119056247441f,-0.04294924113488924f,0f,0f,0f,1f], start_interpolation: 0, interpolation_duration: 1 }
$data merge entity $(bone_leg_right_2) { transformation: [-0.8805314072422049f,0.01804402132091085f,0.5257385791962835f,-0.15961980602267628f,-0.3207507962235376f,0.7940803215257568f,-0.5644621946492181f,0.19800810734684013f,-0.41694791890921223f,-0.6489784709532479f,-0.6760499808868836f,-0.21447130901953865f,0f,0f,0f,1f], start_interpolation: 0, interpolation_duration: 1 }
$data merge entity $(bone_leg_right_1) { transformation: [-0.9850931910578469f,0.10742693376632001f,-0.13435348463301905f,-0.14292840679384086f,-0.049855402442708446f,0.5692120596367362f,0.820677811331207f,0.3081266610027899f,0.16463852458869946f,0.8151423710405877f,-0.5553711112000557f,0.039711080205739824f,0f,0f,0f,1f], start_interpolation: 0, interpolation_duration: 1 }
$data merge entity $(bone_leg_right_0) { transformation: [-0.9927734683192783f,-0.10346998925527962f,-0.06078488237072721f,-0.06317046250738062f,-0.01399332245520507f,0.6028858173488322f,-0.7977047562640549f,0.6114044618119314f,0.11918484605005572f,-0.7910895351116349f,-0.5999769328139888f,-0.23591280196708936f,0f,0f,0f,1f], start_interpolation: 0, interpolation_duration: 1 }
$data merge entity $(bone_tail_4) { transformation: [-2.4942060193629927f,1.0120530764258884f,-0.6167221700817215f,-0.39524361054097384f,-0.2162070063205289f,1.0243155368775945f,2.555326504173014f,1.7716879910069057f,1.1652691513085414f,2.3563080407722707f,-0.8459441787734054f,-1.493948067679628f,0f,0f,0f,1f], start_interpolation: 0, interpolation_duration: 1 }
$data merge entity $(bone_tail_3) { transformation: [-1.880769073634755f,0.6476439091914226f,-0.6158007669618164f,-0.2971642609376007f,-0.16303202214813728f,1.1621116588386975f,1.7201344651479729f,1.4686445768725f,0.878677288575162f,1.6018737107908556f,-0.9989356151743605f,-1.3402410939734617f,0f,0f,0f,1f], start_interpolation: 0, interpolation_duration: 1 }
$data merge entity $(bone_tail_2) { transformation: [-1.8119916058164773f,0.5515222086605968f,-0.48091948266579665f,-0.20897101133011226f,0f,1.2843124897229552f,1.4728595668781188f,1.1951488061803692f,0.7317515257608967f,1.3657007567906436f,-1.190871539021249f,-1.1179946134471568f,0f,0f,0f,1f], start_interpolation: 0, interpolation_duration: 1 }
$data merge entity $(bone_tail_1) { transformation: [-1.402457125647188f,0.40128930064231516f,-0.3996713123448186f,-0.12653168307158083f,0f,1.067336376940092f,1.071657271920644f,0.9514930331819309f,0.5663658364709403f,0.993688183310237f,-0.9896816577203867f,-0.9177140641178629f,0f,0f,0f,1f], start_interpolation: 0, interpolation_duration: 1 }
$data merge entity $(bone_tail_0) { transformation: [-1.1852184486435646f,0.2594503712018978f,-0.40221691966172557f,-0.0027335511280769387f,0f,1.074134511324067f,0.6928713936703085f,0.7749406872829503f,0.4786365485198237f,0.6424611062545599f,-0.9959851896264448f,-0.6111603119215364f,0f,0f,0f,1f], start_interpolation: 0, interpolation_duration: 1 }
$data merge entity $(bone_body_1) { transformation: [-1.146414816723041f,0.2154313291030647f,-0.4097889767856296f,0.07802581692306379f,0f,1.0943559577150916f,0.5753169846873416f,0.5674749074074075f,0.4629661575689159f,0.5334594411111512f,-1.0147354121599885f,-0.4111808218240656f,0f,0f,0f,1f], start_interpolation: 0, interpolation_duration: 1 }