# This file was generated by Animated Java via MC-Build. It is not recommended to edit this file directly.
$data merge entity $(bone_head_lower) { transformation: [-0.37943205930475543f,0.004225170285159452f,-0.9252099547172058f,1.0533759933211406f,-0.16648592913091928f,0.983355159318295f,0.07276720445025692f,0.877887599487531f,0.9101174362537878f,0.18164464918668088f,-0.3724130417274355f,-0.4771537023148674f,0f,0f,0f,1f], start_interpolation: 0, interpolation_duration: 1 }
$data merge entity $(bone_head_upper) { transformation: [-0.3949506724336286f,0.5107977437657099f,-0.8164383466567405f,1.0084401089606683f,-0.17329513426323676f,0.8303290085727295f,0.6033195476253211f,0.9380698822795336f,0.9473408601809694f,0.3648442750955482f,-0.23001280865441537f,-0.4845236159156192f,0f,0f,0f,1f], start_interpolation: 0, interpolation_duration: 1 }
$data merge entity $(bone_neck_0) { transformation: [-0.002755376394760589f,0.09813759983809112f,-0.9951690406151821f,0.942498545930165f,0.10154383000780769f,0.9900562552021115f,0.09735225792202816f,0.9282615810847755f,0.994827250575832f,-0.1007850337758062f,-0.012693245390402452f,-0.4840299084476204f,0f,0f,0f,1f], start_interpolation: 0, interpolation_duration: 1 }
$data merge entity $(bone_neck_1) { transformation: [0.28593652147653537f,0.18384725579825295f,-0.9404469640662096f,0.8636773060339094f,-0.1537640639042651f,0.9775081451380199f,0.1443413968356721f,0.9449924497137231f,0.9458313371513678f,0.1033344701649925f,0.3077743799249319f,-0.4574813299420008f,0f,0f,0f,1f], start_interpolation: 0, interpolation_duration: 1 }
$data merge entity $(bone_neck_2) { transformation: [0.6216425362746127f,-0.026680037263323242f,-0.7828465575741484f,0.7948328620014009f,-0.18914317980614148f,0.9647325589318514f,-0.18307361161462798f,0.9383991629939867f,0.7601219735193085f,0.26187643144893674f,0.5946724476757621f,-0.4028196295455917f,0f,0f,0f,1f], start_interpolation: 0, interpolation_duration: 1 }
$data merge entity $(bone_body_0) { transformation: [0.6144793186280586f,-0.3738343810361815f,-0.6947395357496879f,0.4638434843034862f,-0.19422323650333637f,0.7818225214464236f,-0.5924785897915009f,0.666614062214893f,0.7646518824802342f,0.49900040131692425f,0.4078064468654005f,-0.20586837783905887f,0f,0f,0f,1f], start_interpolation: 0, interpolation_duration: 1 }
$data merge entity $(bone_leg_left_3) { transformation: [0.9679508947089007f,-0.00795502196296799f,-0.2510135117036676f,0.22856743153412937f,0.04014324926572328f,0.99154778669237f,0.12337546856588777f,0.03327694516407301f,0.24791043739751759f,-0.1294978931528658f,0.9600889077050836f,-0.5409628219155453f,0f,0f,0f,1f], start_interpolation: 0, interpolation_duration: 1 }
$data merge entity $(bone_leg_left_2) { transformation: [0.9863911599220593f,-0.22070423133429143f,-0.1743109904723406f,0.17326487111674296f,0.15247727070571526f,0.9538645090615421f,-0.3448990863594943f,0.24519900058745756f,0.23631623102623492f,0.30576844200246933f,0.9501170971673082f,-0.4399591521682293f,0f,0f,0f,1f], start_interpolation: 0, interpolation_duration: 1 }
$data merge entity $(bone_leg_left_1) { transformation: [0.8027844095596759f,0.525899697323928f,-0.2810101423837288f,0.31505115542147494f,-0.14560546839529045f,0.6299129395970376f,0.7628949705572892f,0.37876539702090123f,0.5782181589515419f,-0.5715235750892695f,0.5822581590461997f,-0.6376206127178456f,0f,0f,0f,1f], start_interpolation: 0, interpolation_duration: 1 }
$data merge entity $(bone_leg_left_0) { transformation: [0.6254695726052794f,-0.5239838760276413f,-0.5781251693258291f,0.22910792375564462f,-0.16152161295666925f,0.6379458317623399f,-0.7529514488231843f,0.6717575911935456f,0.7633469606233099f,0.5643279307283184f,0.31438098591843805f,-0.3528810586527563f,0f,0f,0f,1f], start_interpolation: 0, interpolation_duration: 1 }
$data merge entity $(bone_leg_right_3) { transformation: [-0.04724059684778965f,-0.0232099923374251f,-0.9986138504272611f,0.3042457325709118f,0.06583129687183054f,0.9974841640457976f,-0.02629796246913596f,0.04392278369575822f,0.9967118773053911f,-0.06698237629072148f,-0.04559380335978422f,0.22523252755967832f,0f,0f,0f,1f], start_interpolation: 0, interpolation_duration: 1 }
$data merge entity $(bone_leg_right_2) { transformation: [0.13294805758645156f,0.3914560236082294f,-0.9386954751491647f,0.36627741585246426f,0.31573810667405783f,0.8840212946019136f,0.4133739205428074f,0.2622721403856543f,0.9667970115171874f,-0.3425357379484417f,-0.005916608001683111f,0.14370522680476994f,0f,0f,0f,1f], start_interpolation: 0, interpolation_duration: 1 }
$data merge entity $(bone_leg_right_1) { transformation: [0.32280528529610686f,0.89545829281153f,-0.30651458957113026f,0.6322307043488238f,0.047291749013397374f,0.3081870838672293f,0.9501495733897195f,0.29654641465326403f,0.9452831524258499f,-0.32120891515098515f,0.05713663069672806f,0.07223839448958749f,0f,0f,0f,1f], start_interpolation: 0, interpolation_duration: 1 }
$data merge entity $(bone_leg_right_0) { transformation: [0.27374746780801323f,-0.8083810209445728f,-0.521135729772303f,0.3254275907330363f,0.07970561691173475f,0.559036196316022f,-0.8253033053618736f,0.573959220783007f,0.9584932647136444f,0.18438724518014793f,0.21746725112865958f,0.015482222707720011f,0f,0f,0f,1f], start_interpolation: 0, interpolation_duration: 1 }
$data merge entity $(bone_tail_4) { transformation: [2.7527334198285165f,-0.21528930707781613f,-0.04207808476096477f,-0.12087776563952386f,0.21083727225153526f,2.742856875642572f,-0.24071795938359283f,-0.048861123751314184f,0.06056150253031504f,0.2367445999346607f,2.7506264069140776f,1.1305489254756556f,0f,0f,0f,1f], start_interpolation: 0, interpolation_duration: 1 }
$data merge entity $(bone_tail_3) { transformation: [2.076752680449321f,-0.12689086128210103f,0.08332190356736983f,-0.1337643547012215f,0.1423106591982655f,2.025214288419383f,-0.4628177700834011f,0.009797355293126392f,-0.05283470989376839f,0.4672807735714183f,2.0284976455804387f,0.7820179769311777f,0f,0f,0f,1f], start_interpolation: 0, interpolation_duration: 1 }
$data merge entity $(bone_tail_2) { transformation: [1.9460645459547883f,0.17037459808139385f,-0.05078537495345864f,-0.12284391559673141f,-0.1764435069483817f,1.919313017753299f,-0.32230281373462777f,0.07003898022193426f,0.021779504960311228f,0.3255517028278384f,1.9267370388696936f,0.42393534037246017f,0f,0f,0f,1f], start_interpolation: 0, interpolation_duration: 1 }
$data merge entity $(bone_tail_1) { transformation: [1.4798643897774009f,0.31051972264599054f,0.03514455457988575f,-0.1356162353131928f,-0.27689222219021603f,1.381769965804235f,-0.5492710705033785f,0.17160981102830242f,-0.14487351434725873f,0.5309854173602326f,1.4088017608561734f,0.11442457936859338f,0f,0f,0f,1f], start_interpolation: 0, interpolation_duration: 1 }
$data merge entity $(bone_tail_0) { transformation: [1.1788976992925957f,0.05710693083285506f,-0.4906880166027126f,0.009152299756762683f,-0.30709436260454337f,1.0792286329671752f,-0.6122044812187667f,0.3765538987869873f,0.3869482958266669f,0.6825247781719587f,1.0090919978486523f,-0.1639850171744152f,0f,0f,0f,1f], start_interpolation: 0, interpolation_duration: 1 }
$data merge entity $(bone_body_1) { transformation: [0.30293623464744446f,-0.7630305272447543f,-0.9244558655157481f,0.2754708597769859f,-0.30758692400565146f,0.8721112790726183f,-0.820619763441823f,0.5085936151570324f,1.1585441368263103f,0.4310579154396355f,0.023856898760442346f,-0.19856622155922615f,0f,0f,0f,1f], start_interpolation: 0, interpolation_duration: 1 }