# This file was generated by Animated Java via MC-Build. It is not recommended to edit this file directly.
$data merge entity $(bone_head_lower) { transformation: [-0.43861332689003096f,0.16772658261086892f,-0.8828851244415311f,1.0586317108954106f,-0.10455655560101916f,0.9662328252613317f,0.23550383026260086f,0.8383404126295892f,0.8925728408120593f,0.1956065460898084f,-0.40626568027770427f,-0.47480439469039415f,0f,0f,0f,1f], start_interpolation: 0, interpolation_duration: 1 }
$data merge entity $(bone_head_upper) { transformation: [-0.4565524292042804f,0.6103226541035776f,-0.708899202890751f,1.0233249743985682f,-0.10883287515986935f,0.7488126547340462f,0.7147775569910498f,0.9043958996992658f,0.9290786980959224f,0.3876310211807382f,-0.26462597519191366f,-0.48405444754036114f,0f,0f,0f,1f], start_interpolation: 0, interpolation_duration: 1 }
$data merge entity $(bone_neck_0) { transformation: [-0.024507610597803653f,0.20950884521676588f,-0.9774995758560324f,0.9567252166467337f,0.16132263120865817f,0.9658069249943673f,0.20295810477248744f,0.9017905666444491f,0.9865973776990803f,-0.15271878538301004f,-0.05746813820228014f,-0.4856103271524599f,0f,0f,0f,1f], start_interpolation: 0, interpolation_duration: 1 }
$data merge entity $(bone_neck_1) { transformation: [0.2512926146205536f,0.2557879347700279f,-0.933501234205531f,0.87882379294782f,-0.11787078346053492f,0.9653583220107101f,0.23278700249598527f,0.9259579662049799f,0.9607072916573318f,0.05153486733028487f,0.27273734105487724f,-0.46226847999557824f,0f,0f,0f,1f], start_interpolation: 0, interpolation_duration: 1 }
$data merge entity $(bone_neck_2) { transformation: [0.5995463119201315f,0.007736473314775949f,-0.8003026720207911f,0.8087870215178059f,-0.17967509579233146f,0.9757300010728527f,-0.12517118261959237f,0.9245450383653879f,0.779910943515338f,0.21884038015645246f,0.5863853751569821f,-0.4087541391445436f,0f,0f,0f,1f], start_interpolation: 0, interpolation_duration: 1 }
$data merge entity $(bone_body_0) { transformation: [0.5939259735031321f,-0.35785914085601167f,-0.7205475510361228f,0.465786607127218f,-0.18321926697140653f,0.8119250330878024f,-0.5542638729484644f,0.6710571543807529f,0.7833789875972019f,0.4612099044374136f,0.41665667622158004f,-0.2079918092517019f,0f,0f,0f,1f], start_interpolation: 0, interpolation_duration: 1 }
$data merge entity $(bone_leg_left_3) { transformation: [0.9667271064125479f,-0.000739032567432088f,-0.25580882619269896f,0.22535343980188569f,0.03048967162381192f,0.9932003441788382f,0.11235415545190391f,0.03960796690939167f,0.25398638083860764f,-0.11641533470253262f,0.9601762276762548f,-0.5471637409472156f,0f,0f,0f,1f], start_interpolation: 0, interpolation_duration: 1 }
$data merge entity $(bone_leg_left_2) { transformation: [0.9851428312051245f,-0.22138610833201763f,-0.18039953620630567f,0.1697018348817225f,0.14203215787678788f,0.9419367815610242f,-0.38032113426947234f,0.24763878210898332f,0.24775525777409693f,0.34030205712096256f,0.9353470167083585f,-0.4385490510419404f,0f,0f,0f,1f], start_interpolation: 0, interpolation_duration: 1 }
$data merge entity $(bone_leg_left_1) { transformation: [0.7965020842439046f,0.5335876336155079f,-0.28437416733542853f,0.3138802229323291f,-0.1487900221687685f,0.6288333673331781f,0.7631710983989334f,0.3809606700884731f,0.5860426256665408f,-0.5655553318473967f,0.5802596035576213f,-0.634638959666731f,0f,0f,0f,1f], start_interpolation: 0, interpolation_duration: 1 }
$data merge entity $(bone_leg_left_0) { transformation: [0.6203470316795209f,-0.5189732374966389f,-0.5880785143572791f,0.2301189686457584f,-0.1604555021986209f,0.6499563535584159f,-0.7428396666059481f,0.6779693858838047f,0.7677392735171203f,0.555178815546221f,0.31992638320104105f,-0.3534323566389901f,0f,0f,0f,1f], start_interpolation: 0, interpolation_duration: 1 }
$data merge entity $(bone_leg_right_3) { transformation: [-0.04073473658839629f,-0.01521060231349447f,-0.9990542121488377f,0.3037268663406865f,0.05667672178504409f,0.9982390400278638f,-0.017509088267243733f,0.046502076074155324f,0.9975612414497539f,-0.05733634572860519f,-0.0398009172722836f,0.21756528962658328f,0f,0f,0f,1f], start_interpolation: 0, interpolation_duration: 1 }
$data merge entity $(bone_leg_right_2) { transformation: [0.1400725478206471f,0.39394792240097115f,-0.9366146033901487f,0.3663926630911655f,0.30410001884327287f,0.8858823695886816f,0.41808827452125275f,0.2654489963722017f,0.9695179520706398f,-0.3347830061227652f,0.004180780411710717f,0.13815297272520952f,0f,0f,0f,1f], start_interpolation: 0, interpolation_duration: 1 }
$data merge entity $(bone_leg_right_1) { transformation: [0.32824259313153575f,0.8979600895754228f,-0.2931287730400819f,0.6324239654589909f,0.03273456488078485f,0.2993227239521398f,0.953590244910222f,0.2968427053269587f,0.9440260845529377f,-0.3226043776137729f,0.06885613428068324f,0.0656604430527786f,0f,0f,0f,1f], start_interpolation: 0, interpolation_duration: 1 }
$data merge entity $(bone_leg_right_0) { transformation: [0.28023045915397427f,-0.8010906148605104f,-0.5288900798320593f,0.32836074089893497f,0.06575858499102025f,0.5656916768637331f,-0.8219907148058769f,0.5782207037013778f,0.9576777632702616f,0.19556777216481053f,0.2112026236299191f,0.013898912304553729f,0f,0f,0f,1f], start_interpolation: 0, interpolation_duration: 1 }
$data merge entity $(bone_tail_4) { transformation: [2.7569132480156187f,-0.15818171288391322f,-0.00831986929488511f,-0.12845375840725898f,0.15704055061229663f,2.7484377698576945f,-0.21700097300023358f,-0.028918724702729708f,0.02071086621460899f,0.21617054038136763f,2.752908042251297f,1.1345144352833525f,0f,0f,0f,1f], start_interpolation: 0, interpolation_duration: 1 }
$data merge entity $(bone_tail_3) { transformation: [2.0787835553255363f,-0.08936073130258791f,0.08135794892715999f,-0.1413745951236071f,0.10467181469117014f,2.0320227820660675f,-0.44257513533656745f,0.026240725082117854f,-0.060400888750290975f,0.4459188254716212f,2.033089683160246f,0.7854138902927323f,0f,0f,0f,1f], start_interpolation: 0, interpolation_duration: 1 }
$data merge entity $(bone_tail_2) { transformation: [1.9429067645733915f,0.19969179367721387f,-0.06332745625484304f,-0.1281179693930499f,-0.2073173064040139f,1.9176874149158645f,-0.31347789099308043f,0.08481859985461279f,0.03011168615531541f,0.3183897630484724f,1.9278213403076534f,0.42713414145040873f,0f,0f,0f,1f], start_interpolation: 0, interpolation_duration: 1 }
$data merge entity $(bone_tail_1) { transformation: [1.477558042558059f,0.32262824169049953f,0.019735717258174766f,-0.13772028995185068f,-0.29480812145619184f,1.382982780725815f,-0.5367523169389806f,0.18369782550319483f,-0.1325392485095233f,0.5205054234872f,1.4139178553667613f,0.11663877727591587f,0f,0f,0f,1f], start_interpolation: 0, interpolation_duration: 1 }
$data merge entity $(bone_tail_0) { transformation: [1.1745104367172639f,0.07038550842672656f,-0.4994064785620638f,0.009916418069586208f,-0.3171624663898025f,1.0871860489592176f,-0.592680505370314f,0.38312858036232467f,0.3921338043828755f,0.6685118486130105f,1.0164441471661172f,-0.16425744512960505f,0f,0f,0f,1f], start_interpolation: 0, interpolation_duration: 1 }
$data merge entity $(bone_body_1) { transformation: [0.30898147289540223f,-0.755751557417578f,-0.9284258871469188f,0.27666766223488304f,-0.3137208748705679f,0.8742238205247421f,-0.8160370820948146f,0.5139605928538917f,1.1552983411803563f,0.4395189303594089f,0.026710443236451817f,-0.2000719680316886f,0f,0f,0f,1f], start_interpolation: 0, interpolation_duration: 1 }