# This file was generated by Animated Java via MC-Build. It is not recommended to edit this file directly.
$data merge entity $(bone_head_lower) { transformation: [-0.4744422152749177f,0.4551683432461205f,-0.7534761865325342f,1.0651873573940533f,-0.012359747089402046f,0.8524153273693311f,0.5227191849528022f,0.7637800439320119f,0.880199875606055f,0.25731282317913623f,-0.39879605064577567f,-0.4657710199305779f,0f,0f,0f,1f], start_interpolation: 0, interpolation_duration: 1 }
$data merge entity $(bone_head_upper) { transformation: [-0.4938467041954055f,0.7608511818207438f,-0.5105808990364016f,1.0469206633813102f,-0.01286525559546397f,0.5742018208154946f,0.8681006259381114f,0.8365141704150388f,0.9161996837683946f,0.41817423483238986f,-0.26302165570261776f,-0.47422863344697425f,0f,0f,0f,1f], start_interpolation: 0, interpolation_duration: 1 }
$data merge entity $(bone_neck_0) { transformation: [-0.026172578315483586f,0.3938897685177038f,-0.9187849837700819f,0.9811251911369019f,0.22800429987577714f,0.8972261701862726f,0.3781524015142975f,0.8463288768021165f,0.9733082941095677f,-0.1995897036170536f,-0.11329128310501282f,-0.4786290453558353f,0f,0f,0f,1f], start_interpolation: 0, interpolation_duration: 1 }
$data merge entity $(bone_neck_1) { transformation: [0.20001627863346605f,0.384129381620023f,-0.901353485852159f,0.9065383566656731f,-0.07216610211516142f,0.9232201813399253f,0.3774341670704697f,0.8825556645493385f,0.9771312818588525f,-0.010445809824693592f,0.21238018521034985f,-0.4606857787187239f,0f,0f,0f,1f], start_interpolation: 0, interpolation_duration: 1 }
$data merge entity $(bone_neck_2) { transformation: [0.5377888365915579f,0.08613141425960952f,-0.8386683174623554f,0.8339080024213252f,-0.17798046839452425f,0.9839471268827353f,-0.013076863892994728f,0.8910434905349693f,0.8240789525934785f,0.15629917138887736f,0.5444854900872803f,-0.4114544995710232f,0f,0f,0f,1f], start_interpolation: 0, interpolation_duration: 1 }
$data merge entity $(bone_body_0) { transformation: [0.5377888365915579f,-0.31085443502716703f,-0.7836789441228081f,0.46160177779060874f,-0.17798046839452425f,0.8667335370515189f,-0.46593554127178244f,0.6797065375491951f,0.8240789525934785f,0.3900544782131133f,0.4107936025771719f,-0.21413325867933408f,0f,0f,0f,1f], start_interpolation: 0, interpolation_duration: 1 }
$data merge entity $(bone_leg_left_3) { transformation: [0.9607737398367413f,0.0206783097574587f,-0.2765614368376319f,0.20671974943993987f,0.0019535286204558876f,0.9966870951857381f,0.08130816697075488f,0.06406550028695776f,0.27732653058452617f,-0.07865902234193922f,0.9575503922186861f,-0.563768950914632f,0f,0f,0f,1f], start_interpolation: 0, interpolation_duration: 1 }
$data merge entity $(bone_leg_left_2) { transformation: [0.981659429207674f,-0.1987018881867118f,-0.22118888801066097f,0.15508982555376905f,0.09098523607833497f,0.9271722958680849f,-0.4291100326153746f,0.26706774673174655f,0.28307004674484204f,0.39106430789121316f,0.9049874337415592f,-0.44420511455976663f,0f,0f,0f,1f], start_interpolation: 0, interpolation_duration: 1 }
$data merge entity $(bone_leg_left_1) { transformation: [0.7745135828819931f,0.5653500714206109f,-0.2837393287438449f,0.30830132066902366f,-0.16367748676431565f,0.612399053281803f,0.7734190842396302f,0.39567792357883386f,0.6110142308144837f,-0.5525818457787596f,0.5668464637429818f,-0.6365564749284285f,0f,0f,0f,1f], start_interpolation: 0, interpolation_duration: 1 }
$data merge entity $(bone_leg_left_0) { transformation: [0.604093638845682f,-0.519846835439195f,-0.6040117078253013f,0.22360425155890334f,-0.1729897518241542f,0.6543242483963603f,-0.7361618869001274f,0.6924005761308328f,0.7779109340213699f,0.5491985484725838f,0.3053449411495249f,-0.35532818241305175f,0f,0f,0f,1f], start_interpolation: 0, interpolation_duration: 1 }
$data merge entity $(bone_leg_right_3) { transformation: [-0.04116495447412868f,0.0165283220700439f,-0.9990156460700164f,0.29559415559409097f,0.0394157080561643f,0.9991117155105069f,0.014905766940481291f,0.05305810121204929f,0.9983746032835444f,-0.038763313831529235f,-0.041779863800929684f,0.19671095115359993f,0f,0f,0f,1f], start_interpolation: 0, interpolation_duration: 1 }
$data merge entity $(bone_leg_right_2) { transformation: [0.14048932542101475f,0.4009348075760163f,-0.9335824703888915f,0.3599816450457218f,0.2768108355377555f,0.8917096835146365f,0.42460782041292117f,0.27360717894172537f,0.977599463109679f,-0.31010856147630717f,0.013934465452878068f,0.12333910654873065f,0f,0f,0f,1f], start_interpolation: 0, interpolation_duration: 1 }
$data merge entity $(bone_leg_right_1) { transformation: [0.33205329694182373f,0.9023891375202626f,-0.2746533314480309f,0.6263122057413473f,-0.0029546798059990635f,0.29216801391521324f,0.956362442545756f,0.30219937618357523f,0.9432559980500042f,-0.31675178946657373f,0.09968162324327519f,0.050786337089511885f,0f,0f,0f,1f], start_interpolation: 0, interpolation_duration: 1 }
$data merge entity $(bone_leg_right_0) { transformation: [0.2868007325485358f,-0.7916408226658775f,-0.5394906372667796f,0.3260582656984471f,0.031116711693077753f,0.5705492409615626f,-0.8206736951380827f,0.589405403930193f,0.9574847727577882f,0.21858264232797064f,0.18826719950615217f,0.009950719313156275f,0f,0f,0f,1f], start_interpolation: 0, interpolation_duration: 1 }
$data merge entity $(bone_tail_4) { transformation: [2.7581294513466434f,0.04750798967075072f,0.12698918116006866f,-0.16377714415929515f,-0.04166483910348334f,2.758225902157174f,-0.12694583668527773f,0.04591745367838208f,-0.1290244255819095f,0.12487671995487476f,2.755616053447317f,1.1471480688292648f,0f,0f,0f,1f], start_interpolation: 0, interpolation_duration: 1 }
$data merge entity $(bone_tail_3) { transformation: [2.079781915729158f,0.04801594911263239f,0.09026171769477083f,-0.17955206969495974f,-0.03141758949960866f,2.049566688604191f,-0.3663807446885393f,0.08798546960798759f,-0.09729154187508525f,0.3645769927454386f,2.047819205468272f,0.7963459348636113f,0f,0f,0f,1f], start_interpolation: 0, interpolation_duration: 1 }
$data merge entity $(bone_tail_2) { transformation: [1.9292753741841637f,0.2994234063564334f,-0.08376174123811217f,-0.16248310325534973f,-0.30796028814907894f,1.9127189765293149f,-0.25581331621040065f,0.13576802367183907f,0.04278862573706382f,0.26575480344358093f,1.935540594499886f,0.4366280427857232f,0f,0f,0f,1f], start_interpolation: 0, interpolation_duration: 1 }
$data merge entity $(bone_tail_1) { transformation: [1.4674744575549374f,0.3653348691422262f,-0.026559363935814373f,-0.16263564968498173f,-0.35507060953416003f,1.3918017572077046f,-0.4737815750729293f,0.22104641844778047f,-0.08999904815542545f,0.46591260127021483f,1.4361343493241636f,0.12197863612355642f,0f,0f,0f,1f], start_interpolation: 0, interpolation_duration: 1 }
$data merge entity $(bone_tail_0) { transformation: [1.1494986257233277f,0.11169741425649915f,-0.5477337982018454f,0.00012035424498529901f,-0.3592863247690655f,1.1071166988173016f,-0.5282439480181912f,0.40212827568810083f,0.4282545538323505f,0.6290087594241593f,1.0270256736194874f,-0.1629630341599f,0f,0f,0f,1f], start_interpolation: 0, interpolation_duration: 1 }
$data merge entity $(bone_body_1) { transformation: [0.3222294495186999f,-0.7276383524982902f,-0.9462109727183994f,0.2691127578197715f,-0.323931452759804f,0.8899945769035043f,-0.7947217513391246f,0.5269425000000001f,1.1488434144094872f,0.45503480758308645f,0.04131256603050704f,-0.20321745050779239f,0f,0f,0f,1f], start_interpolation: 0, interpolation_duration: 1 }