# This file was generated by Animated Java via MC-Build. It is not recommended to edit this file directly.
$data merge entity $(bone_head_lower) { transformation: [-0.47033465973112226f,-0.726725308493129f,-0.5006552045581629f,-0.24320325047014474f,-0.8757479110408031f,0.31437672080439216f,0.3663780475464476f,0.21236770752745432f,-0.10886185816565497f,0.6107680438692282f,-0.7842904388202607f,0.5572279266948325f,0f,0f,0f,1f], start_interpolation: 0, interpolation_duration: 1 }
$data merge entity $(bone_head_upper) { transformation: [-0.4895711513413503f,-0.24449578107066322f,-0.8854455620739528f,-0.3098855998145313f,-0.9115656357074091f,0.005540990143440791f,0.5024831656972049f,0.2468490185918793f,-0.1133142628055227f,1.0117623500854256f,-0.21672278924461177f,0.564971308707133f,0f,0f,0f,1f], start_interpolation: 0, interpolation_duration: 1 }
$data merge entity $(bone_neck_0) { transformation: [-0.7295590327818463f,-0.6788412572820475f,-0.08317550780215235f,-0.30400927890758295f,-0.5008941373784808f,0.4475482998046397f,0.7408141349095898f,0.2876487529408854f,-0.46567014165209747f,0.5821297679673364f,-0.6665405107118472f,0.5125729615581438f,0f,0f,0f,1f], start_interpolation: 0, interpolation_duration: 1 }
$data merge entity $(bone_neck_1) { transformation: [-0.7289604095601905f,-0.6348225092816021f,0.25615835532586007f,-0.28523385208051566f,-0.2058441343669281f,0.5601501970416287f,0.8024088416143945f,0.3582038553806669f,-0.6528743475130335f,0.5321955829050392f,-0.5390018069503996f,0.4693641926367244f,0f,0f,0f,1f], start_interpolation: 0, interpolation_duration: 1 }
$data merge entity $(bone_neck_2) { transformation: [-0.5655888555801835f,-0.5196500295266223f,0.6403694974438421f,-0.23422037990353836f,0.16681202490331967f,0.688361227719281f,0.7059267444434008f,0.4267878192896313f,-0.8076403870480674f,0.5060856320681161f,-0.30264556534511244f,0.44780506591221936f,0f,0f,0f,1f], start_interpolation: 0, interpolation_duration: 1 }
$data merge entity $(bone_body_0) { transformation: [-0.6694129371330081f,-0.4392342788318936f,0.5991323458952834f,0.04396419242188929f,0.048921563268798096f,0.7786734671254112f,0.6255192341105331f,0.729010526745001f,-0.7412779507352798f,0.4480411587052212f,-0.4997660651342649f,0.2165353456253002f,0f,0f,0f,1f], start_interpolation: 0, interpolation_duration: 1 }
$data merge entity $(bone_leg_left_3) { transformation: [-0.7440900608088691f,-0.563544905410791f,0.3588134905365128f,0.5298726840379012f,-0.3363826085288608f,0.7800665646177438f,0.527582121991251f,0.5800892898784616f,-0.5772146239353025f,0.2718699953121241f,-0.7700064828066142f,0.3647370732526382f,0f,0f,0f,1f], start_interpolation: 0, interpolation_duration: 1 }
$data merge entity $(bone_leg_left_2) { transformation: [-0.354304009044978f,-0.7610283370058167f,0.5893782647413389f,0.3701428523826995f,-0.48763817111450186f,0.6833907123483659f,0.589277818901061f,0.7568414854763785f,-0.829903538218421f,-0.07664987965319191f,-0.5978688089392112f,0.32710577913813393f,0f,0f,0f,1f], start_interpolation: 0, interpolation_duration: 1 }
$data merge entity $(bone_leg_left_1) { transformation: [-0.5657947563894371f,-0.6224041678409473f,-0.5408228411378682f,0.24100646171407578f,-0.1451920341234425f,-0.5704503326375427f,0.8083969886267605f,0.5618852019881867f,-0.8116622246164439f,0.5359099456512588f,0.2323896798111962f,0.4765354475220197f,0f,0f,0f,1f], start_interpolation: 0, interpolation_duration: 1 }
$data merge entity $(bone_leg_left_0) { transformation: [-0.5863903990036679f,0.33170664718144116f,0.7389972937514495f,0.24290336328093814f,-0.15898172926630236f,0.8474372697998498f,-0.506532213697878f,0.917365803910199f,-0.7942739513013223f,-0.4145126945822328f,-0.4441937823904801f,0.2575897419554054f,0f,0f,0f,1f], start_interpolation: 0, interpolation_duration: 1 }
$data merge entity $(bone_leg_right_3) { transformation: [0.4183121625237405f,-0.12311598613978425f,0.8999207679799038f,0.0037447925420242417f,-0.0016266858108179398f,0.990668055812588f,0.13628703931695307f,0.05715955023526195f,-0.9083018708436003f,-0.058474414484765855f,0.4142082257424145f,-0.20878702180995165f,0f,0f,0f,1f], start_interpolation: 0, interpolation_duration: 1 }
$data merge entity $(bone_leg_right_2) { transformation: [0.2743974718104008f,0.09603130405146763f,0.9836392710780356f,0.05610271513300091f,0.1685141528149249f,1.0013525587542482f,-0.14476958547320326f,0.2858379199522459f,-0.9738435229880734f,0.2003328261149169f,0.2521066262827732f,-0.15278770724668797f,0f,0f,0f,1f], start_interpolation: 0, interpolation_duration: 1 }
$data merge entity $(bone_leg_right_1) { transformation: [-0.25787690580600037f,-0.617394244237143f,0.7431849356888032f,-0.15617552925371636f,0.008404688131755711f,0.767738468732907f,0.6407082056951199f,0.460595094122605f,-0.9661412229427594f,0.17147008721785517f,-0.1927930147079246f,-0.11522093075668854f,0f,0f,0f,1f], start_interpolation: 0, interpolation_duration: 1 }
$data merge entity $(bone_leg_right_0) { transformation: [-0.35679544014566184f,0.4199054703956121f,0.8344917074621552f,-0.017753222409115366f,0.0389470954203448f,0.8991950698368123f,-0.4358111404490357f,0.8445974551705513f,-0.9333703111035736f,-0.12299439951888153f,-0.33718279914225713f,-0.02753552580309892f,0f,0f,0f,1f], start_interpolation: 0, interpolation_duration: 1 }
$data merge entity $(bone_tail_4) { transformation: [0.9290542583795853f,-1.2502337854225167f,-2.2802269620313775f,-0.2717831263250355f,-2.0322121721173945f,-1.8598420010552907f,0.19173614737068181f,1.9112922593162327f,-1.6225391225128158f,1.6135564894043017f,-1.5457889839873367f,-0.5628414800703954f,0f,0f,0f,1f], start_interpolation: 0, interpolation_duration: 1 }
$data merge entity $(bone_tail_3) { transformation: [-0.2968324048853396f,-1.0321397497760494f,-1.7839628881752738f,0.04081135246468526f,-1.622985939253987f,-0.9938521069233056f,0.8450563038001693f,1.777727561613779f,-1.2703356605394827f,1.510923906932703f,-0.6627984482973498f,-0.4652409329786876f,0f,0f,0f,1f], start_interpolation: 0, interpolation_duration: 1 }
$data merge entity $(bone_tail_2) { transformation: [-0.5941491419888215f,-1.0444157911465097f,-1.5410893313758727f,0.32660863085507236f,-1.5701992062801897f,-0.5879034186360845f,1.0038017224311993f,1.589822044585643f,-1.0001175554272537f,1.5434827827230826f,-0.6604541238923402f,-0.342836209605049f,0f,0f,0f,1f], start_interpolation: 0, interpolation_duration: 1 }
$data merge entity $(bone_tail_1) { transformation: [-1.1046389749056083f,-0.7003013438712082f,-0.7596097767220136f,0.499683981334744f,-0.8497578855553701f,-0.016683841047755447f,1.251115276616971f,1.3216117733096326f,-0.5876568055046706f,1.3405058475143152f,-0.38126080538651314f,-0.2766180063885933f,0f,0f,0f,1f], start_interpolation: 0, interpolation_duration: 1 }
$data merge entity $(bone_tail_0) { transformation: [-0.8742316206666936f,-0.8118080391389947f,0.45882730694654006f,0.34601360401265147f,-0.0022413125414656033f,0.6307613411036017f,1.111742246958037f,1.0119562442181704f,-0.9324965236013512f,0.7595680053441652f,-0.43283067741659453f,-0.13180509350595868f,0f,0f,0f,1f], start_interpolation: 0, interpolation_duration: 1 }
$data merge entity $(bone_body_1) { transformation: [-0.81979441045553f,-0.4920705491739082f,0.7838420084926607f,0.1969257603784237f,-0.22886467800885615f,1.1223970187729284f,0.4652423953873886f,0.8281925f,-0.8967511799836243f,0.1633894180832438f,-0.8353118066402786f,0.05138776388331321f,0f,0f,0f,1f], start_interpolation: 0, interpolation_duration: 1 }