# This file was generated by Animated Java via MC-Build. It is not recommended to edit this file directly.
$data merge entity $(bone_head_lower) { transformation: [-0.49284851361606963f,-0.802581544580644f,-0.33609999542543634f,-0.5343216710988861f,-0.8683459468666038f,0.4782917619831186f,0.13119568201516865f,0.19364972271194952f,0.055458625900504877f,0.35651066564358425f,-0.9326438152347319f,0.47459599524094864f,0f,0f,0f,1f], start_interpolation: 0, interpolation_duration: 1 }
$data merge entity $(bone_head_upper) { transformation: [-0.5130058124694196f,-0.43277593409053783f,-0.7956142091668299f,-0.5990463394932216f,-0.9038609342826368f,0.30291329820580354f,0.4180321612403861f,0.22898901234932745f,0.05772686059207474f,0.8968949031105328f,-0.5250895970441987f,0.45855515982113104f,0f,0f,0f,1f], start_interpolation: 0, interpolation_duration: 1 }
$data merge entity $(bone_neck_0) { transformation: [-0.5825604665692257f,-0.8053192636542096f,0.10992809639981682f,-0.5786781011913413f,-0.6188093142303361f,0.5271408730122595f,0.5824066728855828f,0.25829198783215573f,-0.526970905660291f,0.2712625731414387f,-0.8054304942080717f,0.4022416911779417f,0f,0f,0f,1f], start_interpolation: 0, interpolation_duration: 1 }
$data merge entity $(bone_neck_1) { transformation: [-0.4939596771501579f,-0.7527767990501675f,0.4351217394724093f,-0.545285527501322f,-0.3476782486689645f,0.6296924317893267f,0.6946994146749557f,0.3200430605066415f,-0.7969464679338214f,0.19187113425168417f,-0.572766789442945f,0.35460475287961857f,0f,0f,0f,1f], start_interpolation: 0, interpolation_duration: 1 }
$data merge entity $(bone_neck_2) { transformation: [-0.23469867568082498f,-0.6241362946057498f,0.7452317876939171f,-0.4861083180703015f,0.026482475621596842f,0.7622556462176433f,0.6467341094254074f,0.38416477818437755f,-0.9717073685624796f,0.1715232216498041f,-0.1623717164910618f,0.342059092269093f,0f,0f,0f,1f], start_interpolation: 0, interpolation_duration: 1 }
$data merge entity $(bone_body_0) { transformation: [-0.3259031205289746f,-0.5378315101690061f,0.7775116865351946f,-0.12479349329883627f,-0.0487751206844602f,0.830882881245794f,0.5543055342091618f,0.6533220958588699f,-0.9441441328693905f,0.14272667698091385f,-0.29702012060850846f,0.20343427325834465f,0f,0f,0f,1f], start_interpolation: 0, interpolation_duration: 1 }
$data merge entity $(bone_leg_left_3) { transformation: [-0.32810862351674547f,-0.4996755665143284f,0.801666426515749f,0.1702606134523995f,-0.23787182391883838f,0.8650043364949488f,0.44179689137708783f,0.4459410057927269f,-0.9142000473416483f,-0.045736485146085304f,-0.4026741205578159f,0.5912530552562607f,0f,0f,0f,1f], start_interpolation: 0, interpolation_duration: 1 }
$data merge entity $(bone_leg_left_2) { transformation: [0.14270938765316735f,-0.461845756062f,0.9046517162885787f,0.0907842246173246f,-0.4719969238065258f,0.7787594539997522f,0.472032643176167f,0.6413243810052998f,-0.8993970947771232f,-0.4819693039128339f,-0.10417607927419736f,0.47429189771113994f,0f,0f,0f,1f], start_interpolation: 0, interpolation_duration: 1 }
$data merge entity $(bone_leg_left_1) { transformation: [-0.015994318388628366f,-0.9004845789735135f,-0.43459372385042166f,-0.13048153711296567f,-0.09049460084355904f,-0.4315617817263094f,0.8975328159857878f,0.4782830129390392f,-0.9957685017098344f,0.053683811192078774f,-0.07458645599869407f,0.5126632495867537f,0f,0f,0f,1f], start_interpolation: 0, interpolation_duration: 1 }
$data merge entity $(bone_leg_left_0) { transformation: [-0.06301454018063382f,0.6153352625067876f,0.7857427584403984f,0.03982765887035107f,-0.10418502004725999f,0.7789498514617427f,-0.6183709327786046f,0.8223491209179674f,-0.992559645222178f,-0.1208289850302157f,0.01502354994642087f,0.3485883591610647f,0f,0f,0f,1f], start_interpolation: 0, interpolation_duration: 1 }
$data merge entity $(bone_leg_right_3) { transformation: [0.8336661351282226f,-0.06674803360886254f,0.5482202797687457f,0.04035046173326261f,-0.0010979524533736677f,0.9924671024582576f,0.12250651018831864f,-0.0031795080744874415f,-0.5522676612302968f,-0.102731448677903f,0.8273129273810229f,-0.15893651156226513f,0f,0f,0f,1f], start_interpolation: 0, interpolation_duration: 1 }
$data merge entity $(bone_leg_right_2) { transformation: [0.7429896808147133f,-0.04668978336316821f,0.7055838701621834f,0.05012018495651088f,0.15821518921222005f,1.0084921074331485f,-0.09986902747239836f,0.22856668601966418f,-0.689199889441435f,0.18117928379161263f,0.7377260867146875f,-0.09283563337571929f,0f,0f,0f,1f], start_interpolation: 0, interpolation_duration: 1 }
$data merge entity $(bone_leg_right_1) { transformation: [0.28854999682878385f,-0.6353195155813687f,0.7163155816060149f,-0.15472031242644385f,-0.02686727748491155f,0.7424704607075828f,0.6693397973953278f,0.39423835653924894f,-0.9570877957275695f,-0.21238344591357528f,0.19717054336593448f,-0.18005176651013136f,0f,0f,0f,1f], start_interpolation: 0, interpolation_duration: 1 }
$data merge entity $(bone_leg_right_0) { transformation: [0.18612890083366415f,0.5302639392062757f,0.8271494345351964f,-0.03549884424616401f,0.01569542460001773f,0.8401485544120825f,-0.5421291913980592f,0.7664156930116917f,-0.9823999622969646f,0.11388837208745836f,0.1480532092937923f,-0.033158777209519125f,0f,0f,0f,1f], start_interpolation: 0, interpolation_duration: 1 }
$data merge entity $(bone_tail_4) { transformation: [1.6406657168649381f,-1.5865967180450207f,-1.5545379350124677f,0.2368373683777068f,-1.459328824484628f,-2.2269287799076456f,0.7326724526330709f,1.9593016494747302f,-1.6745855365231042f,0.3862128883243196f,-2.161542092433042f,-0.41167550872926933f,0f,0f,0f,1f], start_interpolation: 0, interpolation_duration: 1 }
$data merge entity $(bone_tail_3) { transformation: [0.5690699592977919f,-1.6283961910219131f,-1.1663750479732407f,0.4505466092659525f,-1.0531846863612786f,-1.2746464151913948f,1.2657108906453585f,1.7571572715144474f,-1.7037919250552134f,0.2440243581069234f,-1.1719602018889543f,-0.21534233717442014f,0f,0f,0f,1f], start_interpolation: 0, interpolation_duration: 1 }
$data merge entity $(bone_tail_2) { transformation: [0.2405869884042001f,-1.8421680762910404f,-0.6060598606635667f,0.5629513652769439f,-1.0144494338496f,-0.6400345757618836f,1.542731980285075f,1.4694643382776194f,-1.6528109759363292f,0.12468518567275687f,-1.0351054812437843f,-0.024110982630140124f,0f,0f,0f,1f], start_interpolation: 0, interpolation_duration: 1 }
$data merge entity $(bone_tail_1) { transformation: [-0.34266942769277703f,-1.469937224103855f,-0.09756264919813115f,0.602241599652455f,-0.5190374337556742f,0.0267222718848475f,1.420402165777579f,1.1639788612760122f,-1.3787073858092693f,0.3552840094616773f,-0.5104855207895773f,0.08271400425329527f,0f,0f,0f,1f], start_interpolation: 0, interpolation_duration: 1 }
$data merge entity $(bone_tail_0) { transformation: [-0.03499247485487357f,-0.9916100432063706f,0.8058044213702348f,0.3428375023500059f,0.06541432748457729f,0.8036591682805589f,0.9918107801301458f,0.8935424268185181f,-1.2760612089736525f,0.06838991179178495f,0.028745912784957146f,0.0759641508178284f,0f,0f,0f,1f], start_interpolation: 0, interpolation_duration: 1 }
$data merge entity $(bone_body_1) { transformation: [-0.23691036253927472f,-0.387467534906119f,1.1499334696283672f,0.10159276680060925f,-0.17591695001217864f,1.170233819441423f,0.3580651192034793f,0.7314737499999996f,-1.200637872914299f,-0.09500690651507716f,-0.27936889750742355f,0.14731289552316634f,0f,0f,0f,1f], start_interpolation: 0, interpolation_duration: 1 }