# This file was generated by Animated Java via MC-Build. It is not recommended to edit this file directly.
$data merge entity $(bone_head_lower) { transformation: [-0.523530141177641f,0.6286481866524721f,0.5750805584412308f,-1.0128111959357484f,0.7167712215383244f,0.689866078716498f,-0.10160614848905675f,0.8776595743465538f,-0.4606030907983331f,0.3590073130938706f,-0.8117626142488588f,0.3294500199119266f,0f,0f,0f,1f], start_interpolation: 0, interpolation_duration: 1 }
$data merge entity $(bone_head_upper) { transformation: [-0.5449423058142477f,0.4944930676679404f,0.7361972778717046f,-0.9511251496817669f,0.7460868658445663f,0.7227472449301425f,0.06680382581579572f,0.8987255591421762f,-0.4794415652940305f,0.5626588385138411f,-0.7328183673286115f,0.29141697541192474f,0f,0f,0f,1f], start_interpolation: 0, interpolation_duration: 1 }
$data merge entity $(bone_neck_0) { transformation: [-0.45409391897945917f,0.7060174093008743f,0.5434502097800296f,-0.9272978973862722f,0.545064720850319f,0.7026404800246786f,-0.45738474604544105f,0.8575689073868538f,-0.7047717097260928f,0.0885199050766001f,-0.7038899513240613f,0.24469301669014212f,0f,0f,0f,1f], start_interpolation: 0, interpolation_duration: 1 }
$data merge entity $(bone_neck_1) { transformation: [-0.2554889099380905f,0.5820775568299067f,0.7719528060273977f,-0.8592218042905517f,0.3666708827358107f,0.7971375304339088f,-0.47971264453573687f,0.820603263126735f,-0.8945825175199812f,0.16049135618049784f,-0.41709069030482665f,0.21009932452251712f,0f,0f,0f,1f], start_interpolation: 0, interpolation_duration: 1 }
$data merge entity $(bone_neck_2) { transformation: [0.11162171392485906f,0.5243911189347779f,0.8441294612574594f,-0.780135615714618f,0.21287544558862542f,0.8171020242957037f,-0.535750246437001f,0.7816674629186257f,-0.9706825627597938f,0.23949579594263162f,-0.020423664702600375f,0.2106548718442349f,0f,0f,0f,1f], start_interpolation: 0, interpolation_duration: 1 }
$data merge entity $(bone_body_0) { transformation: [0.2618897826257341f,0.5206361821967037f,0.812620272663614f,-0.3921910181036278f,0.14571633935512915f,0.8110239863103836f,-0.5665746571054475f,0.5223689689293817f,-0.9540337992970618f,0.2667921652089042f,0.136533696873549f,0.27754422004319657f,0f,0f,0f,1f], start_interpolation: 0, interpolation_duration: 1 }
$data merge entity $(bone_leg_left_3) { transformation: [0.32227610202761475f,0.0029644616271131408f,0.9466410756084629f,-0.5794428236009774f,0.04346282227111853f,0.9988942335921369f,-0.017924652761108023f,0.03948783841814649f,-0.9456474486520415f,0.046920380045759644f,0.32179089607110695f,0.6534276611513232f,0f,0f,0f,1f], start_interpolation: 0, interpolation_duration: 1 }
$data merge entity $(bone_leg_left_2) { transformation: [0.46137385925483493f,0.4171326728415147f,0.815595913884497f,-0.4562884709228888f,-0.4031042171725104f,0.9124774549580397f,-0.23865054743647784f,0.24418427031930728f,-0.8226198098725387f,-0.21318402131043218f,0.5743791613245347f,0.620209469608284f,0f,0f,0f,1f], start_interpolation: 0, interpolation_duration: 1 }
$data merge entity $(bone_leg_left_1) { transformation: [0.6684486530126753f,-0.6613751046772747f,0.3402342857483117f,-0.6673207422343577f,-0.06733606755879044f,0.40175954853647444f,0.9132661819893948f,0.3062346109967161f,-0.7407038897503224f,-0.6333815880438048f,0.2240212303239359f,0.4510098202389496f,0f,0f,0f,1f], start_interpolation: 0, interpolation_duration: 1 }
$data merge entity $(bone_leg_left_0) { transformation: [0.6457937545598369f,0.6919884571367345f,0.3226490380599808f,-0.3467991601596475f,-0.06545636437850028f,0.47120761445312964f,-0.8795901593604488f,0.5552391914105832f,-0.7607009208183317f,0.5469143984856429f,0.349597983110929f,0.5488357519835126f,0f,0f,0f,1f], start_interpolation: 0, interpolation_duration: 1 }
$data merge entity $(bone_leg_right_3) { transformation: [0.9960618611777325f,-0.08212042898948456f,0.0334216075276888f,-0.1157435213597596f,0.0769452616900112f,0.9879487886675198f,0.13430047532989703f,0.037432401888853384f,-0.04404764931988392f,-0.13119994707683266f,0.9903768870871478f,0.175098355686845f,0f,0f,0f,1f], start_interpolation: 0, interpolation_duration: 1 }
$data merge entity $(bone_leg_right_2) { transformation: [0.9902652848941901f,-0.187176615657228f,0.19079250400691747f,-0.15501405180224617f,0.12576954504226717f,0.9723863408499684f,0.3011793903456283f,0.2732069221430788f,-0.23583656750806098f,-0.2673797265691806f,0.9617439340835483f,0.14286059671275994f,0f,0f,0f,1f], start_interpolation: 0, interpolation_duration: 1 }
$data merge entity $(bone_leg_right_1) { transformation: [0.7643843499824514f,-0.4518713906027938f,0.4599226150741044f,-0.2869427663716736f,-0.2668066544087868f,0.42770407449633463f,0.8636454329309128f,0.33828261706241275f,-0.586967439186447f,-0.7828674670810707f,0.20636800701894925f,-0.09245483810312705f,0f,0f,0f,1f], start_interpolation: 0, interpolation_duration: 1 }
$data merge entity $(bone_leg_right_0) { transformation: [0.749882524568646f,0.6581023062251066f,0.0676576225398896f,-0.1212512251784296f,-0.17261602606775456f,0.29335790169554726f,-0.940289768665682f,0.5500809636963748f,-0.6386547634607684f,0.6934280756170619f,0.33358296877222005f,0.22691180402560346f,0f,0f,0f,1f], start_interpolation: 0, interpolation_duration: 1 }
$data merge entity $(bone_tail_4) { transformation: [2.701443106237923f,0.54911537027324f,-0.16229228413354824f,0.12231708328650553f,-0.5265304007623621f,2.689818377475317f,0.3366068401994839f,-0.016162823113979645f,0.2250160270572493f,-0.29834667406514964f,2.736058914066295f,1.8900883720634458f,0f,0f,0f,1f], start_interpolation: 0, interpolation_duration: 1 }
$data merge entity $(bone_tail_3) { transformation: [2.046056203523351f,0.3865221574893326f,-0.014147785616414265f,0.12093360215234886f,-0.3866112235824985f,2.041532996486338f,-0.13645626442931533f,-0.013002886393444657f,-0.011458615453007333f,0.13670834675231594f,2.077769249484791f,1.5364376910028275f,0f,0f,0f,1f], start_interpolation: 0, interpolation_duration: 1 }
$data merge entity $(bone_tail_2) { transformation: [1.9201609000711812f,0.3419579476028805f,-0.1217405228830295f,0.1450661227136435f,-0.362822758130221f,1.7887331856652564f,-0.69826006021065f,0.11695948046068899f,-0.010753558638285471f,0.7087116674458148f,1.8210947280154215f,1.1980608469041645f,0f,0f,0f,1f], start_interpolation: 0, interpolation_duration: 1 }
$data merge entity $(bone_tail_1) { transformation: [1.4842445365168673f,0.2685290027377171f,0.11210076051712604f,0.11624279458470502f,-0.21582489610368424f,1.4067115580667247f,-0.5120922344884005f,0.21016661335512618f,-0.19517689423101453f,0.4865295644564431f,1.4187498767817248f,0.8870008476564335f,0f,0f,0f,1f], start_interpolation: 0, interpolation_duration: 1 }
$data merge entity $(bone_tail_0) { transformation: [1.2132195344911982f,0.28919399972144755f,0.2798229944770437f,0.04145077827420321f,-0.12417565636369794f,1.1144995077723223f,-0.6134386441413061f,0.4163225012429895f,-0.38277210462575856f,0.5550616130524526f,1.0859225746893764f,0.5830636576217856f,0f,0f,0f,1f], start_interpolation: 0, interpolation_duration: 1 }
$data merge entity $(bone_body_1) { transformation: [0.709373737471025f,0.37072878098090317f,0.9423129345366394f,-0.20259499357768115f,-0.016223208927447406f,1.1545418343449603f,-0.4420119402184978f,0.44131750000000003f,-1.0124871866521252f,0.24124244808084253f,0.6672903214984287f,0.41167861426797864f,0f,0f,0f,1f], start_interpolation: 0, interpolation_duration: 1 }