# This file was generated by Animated Java via MC-Build. It is not recommended to edit this file directly.
$data merge entity $(bone_head_lower) { transformation: [-0.950879730264054f,-0.3095489110890224f,-0.0026851846417654257f,0.555580041927444f,-0.2982153580895072f,0.9136693168009271f,0.27618106331910974f,0.30143923485684043f,-0.08303817659671267f,0.26341573829239495f,-0.9611018728768379f,0.3609253508558894f,0f,0f,0f,1f], start_interpolation: 0, interpolation_duration: 1 }
$data merge entity $(bone_head_upper) { transformation: [-0.9897703150319663f,-0.2773679168818592f,-0.16399300213621118f,0.5377393201346581f,-0.3104122419789689f,0.6786624868309058f,0.7256262202963645f,0.3666048207158819f,-0.08643440342027797f,0.7388884964841553f,-0.7280417750735683f,0.3273007830912745f,0f,0f,0f,1f], start_interpolation: 0, interpolation_duration: 1 }
$data merge entity $(bone_neck_0) { transformation: [-0.9567314197257071f,-0.28515682602920656f,-0.057884152223055096f,0.5389341961146317f,-0.27372317166322263f,0.9495021978426984f,-0.15336623352782483f,0.3413641183065206f,0.09869455812890057f,-0.13088606060552893f,-0.9864726166168561f,0.26560624956056833f,0f,0f,0f,1f], start_interpolation: 0, interpolation_duration: 1 }
$data merge entity $(bone_neck_1) { transformation: [-0.9291205364121029f,-0.04334793149461269f,-0.36722743041938516f,0.5076255143961813f,-0.06443560599545062f,0.9968906920650731f,0.045354170194359805f,0.34979876260247394f,0.3641195977934791f,0.06580201295673455f,-0.9290247647902379f,0.18720880018123742f,0f,0f,0f,1f], start_interpolation: 0, interpolation_duration: 1 }
$data merge entity $(bone_neck_2) { transformation: [-0.8913892542238617f,0.03946014977692619f,-0.45151754565444085f,0.4684555305441696f,-0.08837100872008305f,0.961952058680267f,0.2585320127539167f,0.3818662177843293f,0.44453994451795037f,0.2703537190060067f,-0.8539865949460792f,0.11504010144464194f,0f,0f,0f,1f], start_interpolation: 0, interpolation_duration: 1 }
$data merge entity $(bone_body_0) { transformation: [-0.8232692790928658f,-0.06178247490481917f,-0.5642788494144968f,0.20192446955924054f,-0.09272641776525228f,0.9953440606526336f,0.026306128030375964f,0.4037460936348575f,0.5600263436217414f,0.07398058338619667f,-0.8251650548414549f,-0.2731523370006973f,0f,0f,0f,1f], start_interpolation: 0, interpolation_duration: 1 }
$data merge entity $(bone_leg_left_3) { transformation: [-0.8253971132393713f,-0.04062461006806675f,-0.5630890218366276f,0.49407895269646374f,-0.059199846878990284f,0.9981369391711837f,0.014765798030743321f,0.04833389675827965f,0.5614400979495646f,0.04552243094122008f,-0.8262643189050252f,-0.7326511626636052f,0f,0f,0f,1f], start_interpolation: 0, interpolation_duration: 1 }
$data merge entity $(bone_leg_left_2) { transformation: [-0.7890345562917194f,-0.26067949261139184f,-0.6012760352866984f,0.41350872769581626f,-0.4854640981616052f,0.8646640442266939f,0.2621886716057198f,0.2572354959025994f,0.44024002302648835f,0.486276148144344f,-0.7885343552263472f,-0.6429871632864492f,0f,0f,0f,1f], start_interpolation: 0, interpolation_duration: 1 }
$data merge entity $(bone_leg_left_1) { transformation: [-0.9026259127813697f,0.41756179416957584f,-0.10444428957814725f,0.5504629110129977f,-0.09950251075101425f,0.03365480142464039f,0.9944680008403047f,0.21561725491823874f,0.41876689450079907f,0.9080250560369756f,0.011170751058179273f,-0.405237590523306f,0f,0f,0f,1f], start_interpolation: 0, interpolation_duration: 1 }
$data merge entity $(bone_leg_left_0) { transformation: [-0.8844382469571083f,-0.34214258303832384f,-0.3173443558522836f,0.33912181730796087f,-0.14994756890444885f,0.8523365705624144f,-0.5010370216476498f,0.5736245912114946f,0.4419103007388294f,-0.39555129042105996f,-0.8051425108309407f,-0.44361685362487613f,0f,0f,0f,1f], start_interpolation: 0, interpolation_duration: 1 }
$data merge entity $(bone_leg_right_3) { transformation: [-0.81195605780505f,0.006132586830174536f,0.5836863469128373f,-0.16424398629474987f,-0.004983853054961601f,0.9998355273869719f,-0.017437872104794194f,0.02781550989033907f,-0.5836972857589875f,-0.01706779287391813f,-0.81179194935895f,-0.049455639437850696f,0f,0f,0f,1f], start_interpolation: 0, interpolation_duration: 1 }
$data merge entity $(bone_leg_right_2) { transformation: [-0.8442344461530548f,0.04054310831025666f,0.5811081274581199f,-0.13552487562733395f,-0.37326676699579403f,0.7478964066296923f,-0.5944620131745986f,0.184356615455106f,-0.44721618942726915f,-0.7007634556821806f,-0.6008248152292114f,-0.2306769599745051f,0f,0f,0f,1f], start_interpolation: 0, interpolation_duration: 1 }
$data merge entity $(bone_leg_right_1) { transformation: [-0.9825989486191451f,0.15974806052412022f,-0.09476214081231364f,-0.106669563305258f,0.013548035763331539f,0.5704705041572667f,0.8212063410699589f,0.29605173702455795f,0.18524512652025757f,0.8056326464619815f,-0.5627079900402674f,0.02172144815864152f,0f,0f,0f,1f], start_interpolation: 0, interpolation_duration: 1 }
$data merge entity $(bone_leg_right_0) { transformation: [-0.9893557108303667f,-0.08853588022155806f,-0.11548452433436265f,-0.016992511613134503f,0.04848782509589511f,0.5476865405967203f,-0.8352774294009548f,0.5734501237446553f,0.1372013420663587f,-0.8319860883227501f,-0.5375638944093986f,-0.27713544068508017f,0f,0f,0f,1f], start_interpolation: 0, interpolation_duration: 1 }
$data merge entity $(bone_tail_4) { transformation: [-2.409689540603169f,1.229195180523994f,-0.5551007635414247f,-0.3460101920442447f,-0.36974422787534433f,0.4909483568493456f,2.692196175701131f,1.885959832498134f,1.2970531428821848f,2.4235738591352054f,-0.2638261273186071f,-1.3323430216570329f,0f,0f,0f,1f], start_interpolation: 0, interpolation_duration: 1 }
$data merge entity $(bone_tail_3) { transformation: [-1.8187436794190333f,0.8116577886903573f,-0.6077241057223579f,-0.2509053502933881f,-0.27691620911461956f,0.8029879053756402f,1.9011768363291395f,1.555732630337002f,0.9754149720746288f,1.741369456469007f,-0.5934168639109693f,-1.2487621179580353f,0f,0f,0f,1f], start_interpolation: 0, interpolation_duration: 1 }
$data merge entity $(bone_tail_2) { transformation: [-1.7729803269794977f,0.7177200238168778f,-0.4002406807893839f,-0.1776417197961288f,0.00855583975372486f,0.9678361383756917f,1.6976436262840664f,1.2403810140708385f,0.8217307544156771f,1.5384879107971912f,-0.8812419591582735f,-1.0839674501625634f,0f,0f,0f,1f], start_interpolation: 0, interpolation_duration: 1 }
$data merge entity $(bone_tail_1) { transformation: [-1.3711473739818776f,0.5237328477026069f,-0.36512331212881904f,-0.10416339405969283f,0.0026471242974805665f,0.8696478533391188f,1.23748206205812f,0.963455605335279f,0.6384388158277617f,1.1211925639335916f,-0.7892904174158359f,-0.9284363258097776f,0f,0f,0f,1f], start_interpolation: 0, interpolation_duration: 1 }
$data merge entity $(bone_tail_0) { transformation: [-1.1585537089064575f,0.33919144164144144f,-0.4201644750336701f,0.02680372477944637f,0.00016463948081631125f,0.9947977553231437f,0.8026288778021282f,0.7529150343233787f,0.5399898082898975f,0.727435432533543f,-0.9017119357210508f,-0.647380827657297f,0f,0f,0f,1f], start_interpolation: 0, interpolation_duration: 1 }
$data merge entity $(bone_body_1) { transformation: [-1.1200197975422816f,0.2657748948732001f,-0.4511362914073042f,0.11378476787905625f,-0.0005487198941951513f,1.064657462302315f,0.6285767907954622f,0.5350675f,0.5236028524330959f,0.569625129603131f,-0.9643504859255227f,-0.4615511428984851f,0f,0f,0f,1f], start_interpolation: 0, interpolation_duration: 1 }