# This file was generated by Animated Java via MC-Build. It is not recommended to edit this file directly.
$data merge entity $(bone_head_lower) { transformation: [-0.045485165453281136f,0.525079130483534f,0.8498370470003898f,-0.8227330610942442f,0.5562714230662127f,0.7199315288367976f,-0.41504300700843233f,1.13964297370903f,-0.8297549057423994f,0.4538617636652889f,-0.32483271984062057f,0.37396498876135853f,0f,0f,0f,1f], start_interpolation: 0, interpolation_duration: 1 }
$data merge entity $(bone_head_upper) { transformation: [-0.04734548976816807f,0.893353307156308f,0.5321186106264335f,-0.7660048909812855f,0.5790226924898613f,0.4650939733258134f,-0.7293094405952154f,1.0999896096927515f,-0.8636915356560529f,0.26282961620106876f,-0.5181017918007955f,0.3438820711896764f,0f,0f,0f,1f], start_interpolation: 0, interpolation_duration: 1 }
$data merge entity $(bone_neck_0) { transformation: [-0.06512061368145673f,0.9792305145997312f,0.19200756482622122f,-0.7694630270363108f,0.3172766221420819f,0.2027492282362096f,-0.9264061180129003f,1.0366929329529597f,-0.9460945252541424f,0.0005913766705341328f,-0.32389010413683905f,0.3232348374035218f,0f,0f,0f,1f], start_interpolation: 0, interpolation_duration: 1 }
$data merge entity $(bone_neck_1) { transformation: [-0.0900225162531722f,0.8671599816909561f,0.4898260024959755f,-0.7239734380179663f,0.3687503346157668f,0.4858907067644815f,-0.792422495768938f,0.9718027847657993f,-0.9251589794668845f,0.10928763531915583f,-0.36350663746091316f,0.29294452866092674f,0f,0f,0f,1f], start_interpolation: 0, interpolation_duration: 1 }
$data merge entity $(bone_neck_2) { transformation: [0.10162566706867518f,0.7764980114226254f,0.6218706152002637f,-0.6618905072537244f,0.25315102965239594f,0.5843439661986936f,-0.7710101720166289f,0.9099776037649165f,-0.9620742071060725f,0.23578160959643957f,-0.13718692575217792f,0.28323437438454796f,0f,0f,0f,1f], start_interpolation: 0, interpolation_duration: 1 }
$data merge entity $(bone_body_0) { transformation: [0.20359704446208998f,0.805312827060656f,0.5567939421885579f,-0.39180399895875373f,0.15596696725963818f,0.5347649447356921f,-0.8304822448467293f,0.5236687406318596f,-0.966551886144832f,0.25592519308072353f,-0.016725637101816182f,0.2777896517101864f,0f,0f,0f,1f], start_interpolation: 0, interpolation_duration: 1 }
$data merge entity $(bone_leg_left_3) { transformation: [0.3215138705890612f,0.010654404981066817f,0.9468449264126304f,-0.5769464350500244f,0.04105203075167985f,0.9988396950544959f,-0.02517924452013162f,0.03925565465144687f,-0.9460145674301232f,0.04696538340033918f,0.3207034314940452f,0.6559033167140811f,0f,0f,0f,1f], start_interpolation: 0, interpolation_duration: 1 }
$data merge entity $(bone_leg_left_2) { transformation: [0.46236070834460646f,0.41359416265586346f,0.8168381990925516f,-0.4545769808049898f,-0.40452765920752054f,0.9132029482015291f,-0.23340939962395185f,0.24428096462043614f,-0.8213660254818504f,-0.21693880130978105f,0.5747674383358173f,0.6218238359975578f,0f,0f,0f,1f], start_interpolation: 0, interpolation_duration: 1 }
$data merge entity $(bone_leg_left_1) { transformation: [0.668233044995974f,-0.6632635127187126f,0.3369660372670257f,-0.6659446439566429f,-0.06767910149719393f,0.39686495506439795f,0.915378471814946f,0.3048964010115469f,-0.7408671519212745f,-0.6344917021819652f,0.22030919877819785f,0.452522727009193f,0f,0f,0f,1f], start_interpolation: 0, interpolation_duration: 1 }
$data merge entity $(bone_leg_left_0) { transformation: [0.6455583461663563f,0.6905775036425843f,0.3261244136180781f,-0.3462873376293332f,-0.06598286521397338f,0.47586293347178266f,-0.8770408941695844f,0.5554600656368538f,-0.7608552314291552f,0.5446624459336316f,0.3527635706765657f,0.5491888278178957f,0f,0f,0f,1f], start_interpolation: 0, interpolation_duration: 1 }
$data merge entity $(bone_leg_right_3) { transformation: [0.9858249041350614f,-0.1565157415351217f,0.0604324502135076f,-0.08445180674029759f,0.14633561690359556f,0.9783110280217112f,0.1466063425522499f,0.0670300551919335f,-0.08206793291256492f,-0.13568476370917432f,0.9873472030064423f,0.17346744269375108f,0f,0f,0f,1f], start_interpolation: 0, interpolation_duration: 1 }
$data merge entity $(bone_leg_right_2) { transformation: [0.9661549395970759f,-0.26352415393955225f,0.22172472230968804f,-0.1405254891435952f,0.19255705302358267f,0.9608440274319174f,0.3029236467824539f,0.3000643715941348f,-0.2855321584756056f,-0.2437128940773361f,0.9545352854857727f,0.14660070514137022f,0f,0f,0f,1f], start_interpolation: 0, interpolation_duration: 1 }
$data merge entity $(bone_leg_right_1) { transformation: [0.7632610372731813f,-0.507137748303026f,0.4003047504424646f,-0.28432880952810335f,-0.26881594649969176f,0.3141370748582597f,0.9105250601202426f,0.3317611257452245f,-0.5875121921187186f,-0.8025766022291161f,0.1034418757864779f,-0.08862111885130594f,0f,0f,0f,1f], start_interpolation: 0, interpolation_duration: 1 }
$data merge entity $(bone_leg_right_0) { transformation: [0.7515811323469891f,0.6551559057460831f,0.07678893583093144f,-0.12073497357459506f,-0.17560102768305452f,0.3109256468995697f,-0.9340714754111374f,0.5502980150911971f,-0.6358380930525258f,0.6885462811359259f,0.34873190011413335f,0.22726804430161987f,0f,0f,0f,1f], start_interpolation: 0, interpolation_duration: 1 }
$data merge entity $(bone_tail_4) { transformation: [2.7043193561702394f,0.5010845959317959f,-0.24745177138757346f,0.1299173504248291f,-0.5083484817073769f,2.713589744846294f,-0.06061228762250419f,0.0350510087012776f,0.23216367629063808f,0.10491070481555796f,2.7496827277026554f,1.904524727307725f,0f,0f,0f,1f], start_interpolation: 0, interpolation_duration: 1 }
$data merge entity $(bone_tail_3) { transformation: [2.048254047995498f,0.3746918300412414f,-0.01438448521306334f,0.12868977383687966f,-0.37491703743962773f,2.045154162900974f,-0.1128148529704993f,0.03416679972991647f,-0.006172191830481155f,0.1135605940175024f,2.0791852783190925f,1.5508604590178945f,0f,0f,0f,1f], start_interpolation: 0, interpolation_duration: 1 }
$data merge entity $(bone_tail_2) { transformation: [1.922223509599007f,0.33833811415668924f,-0.09673662520755344f,0.14817478826865488f,-0.3518481236353195f,1.8390718469052298f,-0.5592776723754221f,0.13831273761016621f,-0.0057924124470383484f,0.5675525856097038f,1.8699263048389256f,1.2033760107259208f,0f,0f,0f,1f], start_interpolation: 0, interpolation_duration: 1 }
$data merge entity $(bone_tail_1) { transformation: [1.4833196347993232f,0.2648858148852891f,0.13135682734962356f,0.11525318723076208f,-0.2216525756543783f,1.440943762742304f,-0.40274987066395407f,0.2075777280080253f,-0.19567638264385037f,0.3757297269136526f,1.4519621811840722f,0.8865239848698212f,0f,0f,0f,1f], start_interpolation: 0, interpolation_duration: 1 }
$data merge entity $(bone_tail_0) { transformation: [1.2126750350027369f,0.29388772633031873f,0.27728141008285007f,0.041317148936373116f,-0.1285022032979158f,1.1121651607663874f,-0.6167751255596198f,0.4146522813618354f,-0.3830693929469163f,0.5572740583177179f,1.0846839081951059f,0.5830021522194633f,0f,0f,0f,1f], start_interpolation: 0, interpolation_duration: 1 }
$data merge entity $(bone_body_1) { transformation: [0.709387667407634f,0.3760053720646198f,0.9402093876178607f,-0.20259499357768115f,-0.01623523216424809f,1.1520471651420616f,-0.4484733454520594f,0.44131750000000003f,-1.0124772341256758f,0.2449732322580083f,0.6659448632661229f,0.41167861426797864f,0f,0f,0f,1f], start_interpolation: 0, interpolation_duration: 1 }