# This file was generated by Animated Java via MC-Build. It is not recommended to edit this file directly.
$data merge entity $(bone_head_lower) { transformation: [-0.057519985580231504f,0.49784489011272154f,0.8653565257438705f,-0.8248813650939015f,0.5629244824669102f,0.7320321355823322f,-0.38372513536922725f,1.136361330772675f,-0.8245043834317749f,0.46505851015052146f,-0.32235555499846136f,0.3749466119057329f,0f,0f,0f,1f], start_interpolation: 0, interpolation_duration: 1 }
$data merge entity $(bone_head_upper) { transformation: [-0.05987252902380232f,0.8928854820967208f,0.5316415509652225f,-0.7682004758564668f,0.5859478592479391f,0.4688029500195321f,-0.7213604112226072f,1.0973413857605079f,-0.8582262691706415f,0.25778140448332915f,-0.5295926368366076f,0.34395988606549666f,0f,0f,0f,1f], start_interpolation: 0, interpolation_duration: 1 }
$data merge entity $(bone_neck_0) { transformation: [-0.07487134702171533f,0.9787981604057986f,0.1906526752536617f,-0.7717360529867294f,0.3336835320858581f,0.2047591526306293f,-0.9201787814488515f,1.0344094539548983f,-0.9397071787582874f,-0.005277366787616117f,-0.34193942093582746f,0.32223874641153377f,0f,0f,0f,1f], start_interpolation: 0, interpolation_duration: 1 }
$data merge entity $(bone_neck_1) { transformation: [-0.09514863073872856f,0.871188657628174f,0.4816399701940913f,-0.7269213687395704f,0.37163082258779545f,0.47994101149945895f,-0.7946994131013279f,0.9692990114827704f,-0.923491889391165f,0.10337769730892896f,-0.3694262875430495f,0.2914197392659036f,0f,0f,0f,1f], start_interpolation: 0, interpolation_duration: 1 }
$data merge entity $(bone_neck_2) { transformation: [0.1023574915557628f,0.7817607054521348f,0.6151204299431066f,-0.6653782797665123f,0.249009297219141f,0.5785442900685935f,-0.7767115773100441f,0.9069175621635335f,-0.9630770030588631f,0.23267295468104493f,-0.13544734157284516f,0.2818315499359847f,0f,0f,0f,1f], start_interpolation: 0, interpolation_duration: 1 }
$data merge entity $(bone_body_0) { transformation: [0.20370476264319437f,0.8003933721862602f,0.5638038838432974f,-0.3920348762139414f,0.15554387184964005f,0.542105890326893f,-0.8257889001451335f,0.5228905864712341f,-0.9665973689217773f,0.2559133709543002f,-0.014066732396123605f,0.2776398464579915f,0f,0f,0f,1f], start_interpolation: 0, interpolation_duration: 1 }
$data merge entity $(bone_leg_left_3) { transformation: [0.3216995087150435f,0.012084419107970257f,0.9467646977508841f,-0.5772840350108593f,0.04144775204611777f,0.9987803253622064f,-0.026831800530162014f,0.039084600725967145f,-0.9459341995841059f,0.047873045486889226f,0.3208062679764651f,0.6554263951579826f,0f,0f,0f,1f], start_interpolation: 0, interpolation_duration: 1 }
$data merge entity $(bone_leg_left_2) { transformation: [0.4625156157720877f,0.4136516379528821f,0.8167213888998861f,-0.4549045529956826f,-0.4041879262392485f,0.9132878288444859f,-0.233665704517452f,0.2441223023347055f,-0.8214460572369171f,-0.21647139211479832f,0.5748292885252972f,0.6214576541345256f,0f,0f,0f,1f], start_interpolation: 0, interpolation_duration: 1 }
$data merge entity $(bone_leg_left_1) { transformation: [0.6683775926202505f,-0.6631323085611125f,0.3369375832785181f,-0.6662379417412774f,-0.06737679150416287f,0.3971439876188192f,0.9152797501664884f,0.30481275828465826f,-0.7407643091090192f,-0.6344542492888151f,0.22076241507467656f,0.45214063485513983f,0f,0f,0f,1f], start_interpolation: 0, interpolation_duration: 1 }
$data merge entity $(bone_leg_left_0) { transformation: [0.6457067911652543f,0.6904793881347759f,0.32603827137944397f,-0.3465948856994484f,-0.06567454486716486f,0.4756201095463401f,-0.8771957395881598f,0.5553295378709401f,-0.7607559358950551f,0.5449988311511804f,0.35245805430474386f,0.5489752280252026f,0f,0f,0f,1f], start_interpolation: 0, interpolation_duration: 1 }
$data merge entity $(bone_leg_right_3) { transformation: [0.9850703267282593f,-0.1598959137053784f,0.06379457798122704f,-0.08325767569449288f,0.14935419541151904f,0.9780625797987395f,0.14521334067644265f,0.06871583065952122f,-0.08561410930716087f,-0.13351736507944176f,0.9873415505840845f,0.1709898290156849f,0f,0f,0f,1f], start_interpolation: 0, interpolation_duration: 1 }
$data merge entity $(bone_leg_right_2) { transformation: [0.9637359085650515f,-0.26715350385619996f,0.22782515976148135f,-0.13998507061964133f,0.1968326426686194f,0.9622272001481986f,0.2956990456118194f,0.3018426570205611f,-0.29074423265660265f,-0.23411539926499614f,0.9553637896134691f,0.1463939439563618f,0f,0f,0f,1f], start_interpolation: 0, interpolation_duration: 1 }
$data merge entity $(bone_leg_right_1) { transformation: [0.7625030749422594f,-0.5112621476290794f,0.396484649268166f,-0.2847213528662006f,-0.2693387903940376f,0.30635274334801366f,0.9130195028761561f,0.33128194290813f,-0.5882564718663753f,-0.802968874269014f,0.09589218040318304f,-0.08854886335563053f,0f,0f,0f,1f], start_interpolation: 0, interpolation_duration: 1 }
$data merge entity $(bone_leg_right_0) { transformation: [0.7513772470150263f,0.6553620678071809f,0.07702462429389872f,-0.12104205060677442f,-0.1761725755919623f,0.3117206130099046f,-0.9336988181603444f,0.5501670822464221f,-0.6359209512804357f,0.6879904210846437f,0.34967659947208374f,0.22705478103583868f,0f,0f,0f,1f], start_interpolation: 0, interpolation_duration: 1 }
$data merge entity $(bone_tail_4) { transformation: [2.705565694238639f,0.4959657746761969f,-0.24411791435458255f,0.1308362473587804f,-0.5013297767532329f,2.7152813611323725f,-0.0397104070450436f,0.037316070162752485f,0.2329035437676822f,0.08322506735935696f,2.7503619505555057f,1.905129575487034f,0f,0f,0f,1f], start_interpolation: 0, interpolation_duration: 1 }
$data merge entity $(bone_tail_3) { transformation: [2.049233686666491f,0.36928013932609316f,-0.014798722073442558f,0.1297318676767603f,-0.36953399432955475f,2.046089177732763f,-0.11361879177387513f,0.036559029649411406f,-0.005608075476513275f,0.11444117051398903f,2.0791385942320635f,1.551464605960867f,0f,0f,0f,1f], start_interpolation: 0, interpolation_duration: 1 }
$data merge entity $(bone_tail_2) { transformation: [1.9231428704010218f,0.3334232368048458f,-0.09552130750295809f,0.14899046750915174f,-0.34679630302278674f,1.8403906910421486f,-0.5580934541256578f,0.14048887330977863f,-0.005263006576312727f,0.5661845321860709f,1.870342549181244f,1.2039028446890492f,0f,0f,0f,1f], start_interpolation: 0, interpolation_duration: 1 }
$data merge entity $(bone_tail_1) { transformation: [1.483924117093544f,0.26104435642689283f,0.13221690015204618f,0.11593016875583782f,-0.2179013195141723f,1.4419235786389097f,-0.40128750082595804f,0.20942361695235884f,-0.1953061178307772f,0.37465782701397027f,1.4522889805390113f,0.8869932443862161f,0f,0f,0f,1f], start_interpolation: 0, interpolation_duration: 1 }
$data merge entity $(bone_tail_0) { transformation: [1.2130085301652236f,0.29080020773235027f,0.2790721439220572f,0.04139632908940513f,-0.12590536851605666f,1.1141520558889835f,-0.6137171588942376f,0.41565250869143766f,-0.3828757768640732f,0.5549199510967332f,1.0859584264370157f,0.5830421590822956f,0f,0f,0f,1f], start_interpolation: 0, interpolation_duration: 1 }
$data merge entity $(bone_body_1) { transformation: [0.7093891488751591f,0.37284872432987637f,0.9414645289547615f,-0.20259499357768115f,-0.01623650618303173f,1.1535455081248855f,-0.4446051412299663f,0.44131750000000003f,-1.0124761757105178f,0.2427368626861889f,0.6667648792251438f,0.41167861426797864f,0f,0f,0f,1f], start_interpolation: 0, interpolation_duration: 1 }