# This file was generated by Animated Java via MC-Build. It is not recommended to edit this file directly.
$data merge entity $(bone_head_lower) { transformation: [-0.07926795466136427f,0.43902669442863856f,0.8949704760174306f,-0.8386482223377043f,0.5687508673245029f,0.7572466227263346f,-0.3210918922788082f,1.1247583767414908f,-0.8186812824789812f,0.4835629369054487f,-0.30972220419263985f,0.3729605768338582f,0f,0f,0f,1f], start_interpolation: 0, interpolation_duration: 1 }
$data merge entity $(bone_head_upper) { transformation: [-0.08250998097869963f,0.8806796674923087f,0.5486960623952373f,-0.7810727456658612f,0.592012540818547f,0.4920029654817024f,-0.7006612420094934f,1.0876882107877048f,-0.8521650058151706f,0.2565313778202471f,-0.5398873934823657f,0.3412379701634462f,0f,0f,0f,1f], start_interpolation: 0, interpolation_duration: 1 }
$data merge entity $(bone_neck_0) { transformation: [-0.08976471536733283f,0.974194108949283f,0.207094504909073f,-0.7834656184547919f,0.346825584196664f,0.22549472210967006f,-0.9104197627728241f,1.0250464917304214f,-0.9336242873992002f,-0.009897898221089066f,-0.35811691050429384f,0.31854379805558464f,0f,0f,0f,1f], start_interpolation: 0, interpolation_duration: 1 }
$data merge entity $(bone_neck_1) { transformation: [-0.10572836547959587f,0.8662078573634652f,0.48837020852505686f,-0.7381037406108414f,0.36967044562717477f,0.49016291850677957f,-0.7893567475804094f,0.9604357341982447f,-0.9231279837394265f,0.09707863391452742f,-0.3720355688297425f,0.2874747315404796f,0f,0f,0f,1f], start_interpolation: 0, interpolation_duration: 1 }
$data merge entity $(bone_neck_2) { transformation: [0.10042417883368508f,0.7761427135730546f,0.6225090139693039f,-0.6759683599144494f,0.242849244294512f,0.5876267237258955f,-0.7718283993924779f,0.898571010590447f,-0.964851920685845f,0.22868607681847444f,-0.12947374026500638f,0.2783708404610639f,0f,0f,0f,1f], start_interpolation: 0, interpolation_duration: 1 }
$data merge entity $(bone_body_0) { transformation: [0.2027345626136018f,0.7844570543164578f,0.5861107634696853f,-0.39226362099286766f,0.15504171306131082f,0.5652762247757304f,-0.8102005041434572f,0.5221115138757959f,-0.9668819805606501f,0.25512726164885624f,-0.00702253733847763f,0.27749155102423684f,0f,0f,0f,1f], start_interpolation: 0, interpolation_duration: 1 }
$data merge entity $(bone_leg_left_3) { transformation: [0.3218840591273743f,0.01351382943525875f,0.9466826442338954f,-0.5776209278074096f,0.041844056305843896f,0.9987180426828877f,-0.02848413894672505f,0.038912264697229526f,-0.9458539672864719f,0.04878163213400842f,0.3209059440627176f,0.6549497004343918f,0f,0f,0f,1f], start_interpolation: 0, interpolation_duration: 1 }
$data merge entity $(bone_leg_left_2) { transformation: [0.46266976524513975f,0.4137084531619954f,0.816605292421627f,-0.455231551006525f,-0.4038475581156017f,0.9133727741845283f,-0.23392204830502786f,0.2439623728098789f,-0.8215266505919131f,-0.21600391353274817f,0.5748899644335984f,0.6210916781162237f,0f,0f,0f,1f], start_interpolation: 0, interpolation_duration: 1 }
$data merge entity $(bone_leg_left_1) { transformation: [0.6685213161825646f,-0.6630019626827509f,0.3369089599407413f,-0.6665308731203502f,-0.06707389301456054f,0.39742310355625843f,0.9151808398538421f,0.30472786925699796f,-0.7406620975083055f,-0.6344156951388673f,0.22121569355736304f,0.45175905699572366f,0f,0f,0f,1f], start_interpolation: 0, interpolation_duration: 1 }
$data merge entity $(bone_leg_left_0) { transformation: [0.6458543897111447f,0.6903816457178394f,0.3259528962085969f,-0.3469020817423648f,-0.06536563210558557f,0.4753771011633089f,-0.8773505262031857f,0.5551977554766319f,-0.7606572430669952f,0.5453345715663888f,0.3521516202209229f,0.5487618939842624f,0f,0f,0f,1f], start_interpolation: 0, interpolation_duration: 1 }
$data merge entity $(bone_leg_right_3) { transformation: [0.984513127121136f,-0.16197638771652784f,0.06706379312614838f,-0.08255287050751368f,0.1511501372710914f,0.9780615764891845f,0.14334988175238056f,0.06999664296663557f,-0.08881181525614715f,-0.130993138819544f,0.9873972144244236f,0.1682756473512828f,0f,0f,0f,1f], start_interpolation: 0, interpolation_duration: 1 }
$data merge entity $(bone_leg_right_2) { transformation: [0.9615924608282413f,-0.26942493842191495f,0.23412035651631966f,-0.1396118584569373f,0.2001989420973269f,0.9641005924021111f,0.2872153039336589f,0.3032927463205263f,-0.29550384491930454f,-0.22356755083629712f,0.9564294157707935f,0.1461787670263615f,0f,0f,0f,1f], start_interpolation: 0, interpolation_duration: 1 }
$data merge entity $(bone_leg_right_1) { transformation: [0.7617012947357277f,-0.5147816680549124f,0.3934602544508374f,-0.2851598498124773f,-0.26996993988393314f,0.29987851624419726f,0.9149803861582193f,0.3308566193910572f,-0.5890054067298374f,-0.8031641860353215f,0.08944227810849847f,-0.08848993726435755f,0f,0f,0f,1f], start_interpolation: 0, interpolation_duration: 1 }
$data merge entity $(bone_leg_right_0) { transformation: [0.7511316970906929f,0.655636784354361f,0.07708164909450427f,-0.12134877561259415f,-0.17684552435125278f,0.3123370127503209f,-0.9333655505658737f,0.5500348947728954f,-0.636024240216193f,0.6874489053505568f,0.3505526613645021f,0.2268417835227789f,0f,0f,0f,1f], start_interpolation: 0, interpolation_duration: 1 }
$data merge entity $(bone_tail_4) { transformation: [2.706795041750457f,0.49082158232917106f,-0.24086533140954486f,0.13175297871792788f,-0.49430668591434024f,2.716793915137679f,-0.018789745375195403f,0.039584069659657946f,0.233629693779543f,0.061533150340053404f,2.7508711655026135f,1.905730126083998f,0f,0f,0f,1f], start_interpolation: 0, interpolation_duration: 1 }
$data merge entity $(bone_tail_3) { transformation: [2.0501991820072023f,0.36386515613247666f,-0.015198299053875689f,0.13076934238742793f,-0.3641473522820794f,2.0470097558457794f,-0.1144259207636047f,0.03895487981667889f,-0.005054301870072426f,0.11532013557629889f,2.079091447341294f,1.5520645495650547f,0f,0f,0f,1f], start_interpolation: 0, interpolation_duration: 1 }
$data merge entity $(bone_tail_2) { transformation: [1.9240489581219955f,0.3285062477377046f,-0.09430337719155944f,0.149801031625335f,-0.3417411049180474f,1.8416953801578586f,-0.5569066518882413f,0.1426681480287444f,-0.004743307056452012f,0.5648147013891127f,1.8707580626942848f,1.2044256035727154f,0f,0f,0f,1f], start_interpolation: 0, interpolation_duration: 1 }
$data merge entity $(bone_tail_1) { transformation: [1.4845181597070318f,0.2572011768811441f,0.13307756426611483f,0.11660193892522352f,-0.2141476700284152f,1.4428923619294822f,-0.3998232825974024f,0.21127237973869617f,-0.1949432197370519f,0.373584577433967f,1.4526141795335872f,0.8874587967392478f,0f,0f,0f,1f], start_interpolation: 0, interpolation_duration: 1 }
$data merge entity $(bone_tail_0) { transformation: [1.2133348890161124f,0.2877068269295174f,0.2808539574555324f,0.04147276314196324f,-0.12330726283491529f,1.1161253598860605f,-0.6106514689537735f,0.4166530249644899f,-0.3826871863708614f,0.5525619235356242f,1.0872265424603063f,0.5830802350540564f,0f,0f,0f,1f], start_interpolation: 0, interpolation_duration: 1 }
$data merge entity $(bone_body_1) { transformation: [0.7093906303400448f,0.3696878869369961f,0.9427090722455483f,-0.20259499357768115f,-0.016237780202939315f,1.1550308629631447f,-0.44073193117012116f,0.44131750000000003f,-1.0124751172923139f,0.24049774824501413f,0.6675773850343067f,0.41167861426797864f,0f,0f,0f,1f], start_interpolation: 0, interpolation_duration: 1 }