# This file was generated by Animated Java via MC-Build. It is not recommended to edit this file directly.
$data merge entity $(bone_head_lower) { transformation: [-0.14769820552058804f,0.3150595120896768f,0.9375087967202297f,-0.897140749179486f,0.5720569036839583f,0.8004698444222704f,-0.17888243937879694f,1.0737993548636124f,-0.8068061347272474f,0.5098877641328544f,-0.2984599285567125f,0.3584304577552329f,0f,0f,0f,1f], start_interpolation: 0, interpolation_duration: 1 }
$data merge entity $(bone_head_upper) { transformation: [-0.15373900058546114f,0.8152667249293644f,0.628630598607353f,-0.8355457380299218f,0.5954537926875891f,0.5889133622813166f,-0.618132489911336f,1.0445956692620415f,-0.8398041694683691f,0.2683154142664385f,-0.5533604051556997f,0.3260475017356456f,0f,0f,0f,1f], start_interpolation: 0, interpolation_duration: 1 }
$data merge entity $(bone_neck_0) { transformation: [-0.1321865994648258f,0.9475178668240999f,0.2910955083319443f,-0.8320602354367035f,0.3601405653239035f,0.3195127280450204f,-0.876476120510655f,0.9826184188343904f,-0.9234855040173102f,-0.011023096948510655f,-0.38347492121853116f,0.30172862109944476f,0f,0f,0f,1f], start_interpolation: 0, interpolation_duration: 1 }
$data merge entity $(bone_neck_1) { transformation: [-0.13714379616188793f,0.8265928949332302f,0.5458349248813312f,-0.7820128430730202f,0.3498010233664971f,0.5559530595228193f,-0.7540261531664325f,0.9213037133190225f,-0.926731257283393f,0.0875236062620752f,-0.36538855362589456f,0.27117862519616376f,0f,0f,0f,1f], start_interpolation: 0, interpolation_duration: 1 }
$data merge entity $(bone_neck_2) { transformation: [0.09496887457720116f,0.7293350917909227f,0.6775331997355304f,-0.7155152068941242f,0.22508370286906834f,0.6472513851780515f,-0.728287698020393f,0.8638372444077098f,-0.9697000771188424f,0.22166634446261863f,-0.10269270747375844f,0.2643522258799108f,0f,0f,0f,1f], start_interpolation: 0, interpolation_duration: 1 }
$data merge entity $(bone_body_0) { transformation: [0.2025151795923293f,0.7137405770827736f,0.6704938408816563f,-0.39271470286606813f,0.1542383748374908f,0.6528877436863894f,-0.7415848689607856f,0.5205506484780427f,-0.9670564232567695f,0.25359807327668143f,0.022133492001460142f,0.27719949630515595f,0f,0f,0f,1f], start_interpolation: 0, interpolation_duration: 1 }
$data merge entity $(bone_leg_left_3) { transformation: [0.3222498888024837f,0.016370844401090545f,0.9465130768353823f,-0.5782925839507875f,0.04263839972513328f,0.9985847388704437f,-0.031788145021819564f,0.03856375669828907f,-0.9456939124450713f,0.050601529113691326f,0.3210957944534465f,0.6539970097618657f,0f,0f,0f,1f], start_interpolation: 0, interpolation_duration: 1 }
$data merge entity $(bone_leg_left_2) { transformation: [0.46297577851765503f,0.41382011340983565f,0.8163752456708475f,-0.4558838140409177f,-0.4031649288051185f,0.9135428507622958f,-0.2344348512985143f,0.2436387205211539f,-0.8216895205539795f,-0.21506876356008386f,0.575007789732628f,0.6203603582011221f,0f,0f,0f,1f], start_interpolation: 0, interpolation_duration: 1 }
$data merge entity $(bone_leg_left_1) { transformation: [0.6688062847684151f,-0.6627438490111763f,0.3368512194606412f,-0.6671156277251832f,-0.06646634444450945f,0.3979815819859152f,0.9149824509006568f,0.3045543602017877f,-0.7404595725024108f,-0.6343352827943912f,0.2221224223073996f,0.45099745969699084f,0f,0f,0f,1f], start_interpolation: 0, interpolation_duration: 1 }
$data merge entity $(bone_leg_left_0) { transformation: [0.6461470408695897f,0.6901872932164752f,0.32578444078560265f,-0.3475154039350563f,-0.06474604330350765f,0.4748905310454216f,-0.877659918989091f,0.5549304327612925f,-0.760461669942682f,0.5460041060339315f,0.35153600774611193f,0.5483360327676474f,0f,0f,0f,1f], start_interpolation: 0, interpolation_duration: 1 }
$data merge entity $(bone_leg_right_3) { transformation: [0.9839510218901031f,-0.1627226884407713f,0.07322372011875061f,-0.08237167957609959f,0.15154074791131886f,0.9786901791254754f,0.138567438476081f,0.07138939299112643f,-0.09421140187843322f,-0.1252471953775891f,0.9876423197727748f,0.1624133852700953f,0f,0f,0f,1f], start_interpolation: 0, interpolation_duration: 1 }
$data merge entity $(bone_leg_right_2) { transformation: [0.9581664902794402f,-0.27032305938187795f,0.24678861394459656f,-0.13924319734362473f,0.20456312570333238f,0.9689480130506593f,0.2671252049289916f,0.30518777851491846f,-0.30353435391855776f,-0.20031822451363407f,0.9590629303750838f,0.14582973490891202f,0f,0f,0f,1f], start_interpolation: 0, interpolation_duration: 1 }
$data merge entity $(bone_leg_right_1) { transformation: [0.7601549707803144f,-0.5201525576736094f,0.3893658140407058f,-0.28606393381108675f,-0.2713424677747666f,0.29036632721185063f,0.9176386332339106f,0.3299991688740241f,-0.5903708034615864f,-0.803199049281747f,0.0795839283587978f,-0.08835278346375758f,0f,0f,0f,1f], start_interpolation: 0, interpolation_duration: 1 }
$data merge entity $(bone_leg_right_0) { transformation: [0.7506078102934686f,0.6562321848124324f,0.07711831651913648f,-0.12196115573360994f,-0.1783006632890069f,0.31354870455992856f,-0.9326821984682084f,0.5497667618980466f,-0.636236425078873f,0.6863282957048268f,0.3523587403737326f,0.22641659536483022f,0f,0f,0f,1f], start_interpolation: 0, interpolation_duration: 1 }
$data merge entity $(bone_tail_4) { transformation: [2.7092027194813313f,0.4804607616661159f,-0.23460480143035034f,0.13357992008419745f,-0.48024761586071657f,2.719281132383828f,0.023101561017122435f,0.04412886927165843f,0.23504081308372057f,0.018135908043046097f,2.7513793334661076f,1.9069183163010475f,0f,0f,0f,1f], start_interpolation: 0, interpolation_duration: 1 }
$data merge entity $(bone_tail_3) { transformation: [2.052087702712031f,0.3530256011936409f,-0.015953411057545573f,0.13283039639983446f,-0.3533635004789099f,2.0488075276413085f,-0.11604946037809057f,0.04375737914242127f,-0.003977807410379163f,0.11707333439610804f,2.0789958002521387f,1.5532518015670453f,0f,0f,0f,1f], start_interpolation: 0, interpolation_duration: 1 }
$data merge entity $(bone_tail_2) { transformation: [1.9258212767954235f,0.3186660962040272f,-0.09185969722847617f,0.15140677990962575f,-0.33162079123900434f,1.8442622708807759f,-0.554525204139972f,0.14703603563388012f,-0.003733050071777414f,0.5620698091327683f,1.8715868852397406f,1.2054588731481986f,0f,0f,0f,1f], start_interpolation: 0, interpolation_duration: 1 }
$data merge entity $(bone_tail_1) { transformation: [1.4856748982485586f,0.24950978022195483f,0.13480065388464263f,0.1179298118111624f,-0.20663336512613537f,1.4447968102543132f,-0.39688925343931003f,0.21497843813492287f,-0.19423954059558665f,0.37143410808992133f,1.4532597683197115f,0.8883787578016997f,0f,0f,0f,1f], start_interpolation: 0, interpolation_duration: 1 }
$data merge entity $(bone_tail_0) { transformation: [1.213966183250761f,0.28150263416796373f,0.28439073378734586f,0.041617389558280565f,-0.11810735607159009f,1.1200310947200267f,-0.6044970768217702f,0.41865487927736333f,-0.38232509066158077f,0.5478342179900633f,1.089743507084974f,0.5831505925969972f,0f,0f,0f,1f], start_interpolation: 0, interpolation_duration: 1 }
$data merge entity $(bone_body_1) { transformation: [0.7093935932618985f,0.36335378554930187f,0.9451663088696158f,-0.20259499357768115f,-0.01624032824612639f,1.1579625414574752f,-0.4329706680319731f,0.44131750000000003f,-1.0124730004467675f,0.23601138566727434f,0.6691798295361145f,0.41167861426797864f,0f,0f,0f,1f], start_interpolation: 0, interpolation_duration: 1 }