# This file was generated by Animated Java via MC-Build. It is not recommended to edit this file directly.
$data merge entity $(bone_head_lower) { transformation: [-0.2353843798017371f,0.27849073964946314f,0.9311482705105809f,-0.9689249907701611f,0.5618022501565844f,0.8207762791343638f,-0.10346270501658011f,0.9945533363221543f,-0.7930778180382742f,0.49876768894931833f,-0.3496546396028596f,0.33654251408943914f,0f,0f,0f,1f], start_interpolation: 0, interpolation_duration: 1 }
$data merge entity $(bone_head_upper) { transformation: [-0.24501150285880324f,0.7042886107925751f,0.726236090233914f,-0.9031216319847449f,0.5847797281037178f,0.7083427929656863f,-0.4896479345775088f,0.9768854802316427f,-0.8255143703469487f,0.29274559423660457f,-0.5624037553121819f,0.30408914253085345f,0f,0f,0f,1f], start_interpolation: 0, interpolation_duration: 1 }
$data merge entity $(bone_neck_0) { transformation: [-0.18656603342723982f,0.894979439052379f,0.405222061152542f,-0.891386123951974f,0.358882168756352f,0.44604366686362695f,-0.8199076998050374f,0.9165126221894603f,-0.9145472672967554f,-0.007539955194734646f,-0.4044087597415492f,0.2783572145555121f,0f,0f,0f,1f], start_interpolation: 0, interpolation_duration: 1 }
$data merge entity $(bone_neck_1) { transformation: [-0.17271291989901322f,0.7577891102417413f,0.6292264391290202f,-0.8345913462534875f,0.3149673008267064f,0.6477749177274653f,-0.6936737384196657f,0.8607335701516036f,-0.9332555098738479f,0.07837933632154248f,-0.35055788812676636f,0.24902144416390964f,0f,0f,0f,1f], start_interpolation: 0, interpolation_duration: 1 }
$data merge entity $(bone_neck_2) { transformation: [0.09136107420383491f,0.6500949994047008f,0.7543405370715027f,-0.7621406212984491f,0.20325628948535712f,0.7293877890491778f,-0.6532077265086483f,0.8106488365736567f,-0.9748538531005383f,0.21300221814561998f,-0.06549824547329197f,0.2453687314656402f,0f,0f,0f,1f], start_interpolation: 0, interpolation_duration: 1 }
$data merge entity $(bone_body_0) { transformation: [0.20388298308342861f,0.6036874379456043f,0.7707095474143774f,-0.3931572243071266f,0.15335701399559154f,0.7578324940928552f,-0.6341699592028612f,0.5189862147355473f,-0.9669091764314568f,0.2474901779135382f,0.06192944670321926f,0.2769135007687911f,0f,0f,0f,1f], start_interpolation: 0, interpolation_duration: 1 }
$data merge entity $(bone_leg_left_3) { transformation: [0.3226113437406293f,0.019225461525131243f,0.9463362523537869f,-0.5789613876653033f,0.04343503293796584f,0.9984397847237668f,-0.035091226744516424f,0.038210151520681634f,-0.9455344091060585f,0.05242497410493367f,0.3212729420392473f,0.6530452812169111f,0f,0f,0f,1f], start_interpolation: 0, interpolation_duration: 1 }
$data merge entity $(bone_leg_left_2) { transformation: [0.46327872462024283f,0.4139291636941012f,0.8161480688321431f,-0.456533749090371f,-0.4024797961672436f,0.9137131615657998f,-0.23494780603210166f,0.2433100248456f,-0.8218546322143043f,-0.21413338209075675f,0.5751209070125677f,0.6196299053985284f,0f,0f,0f,1f], start_interpolation: 0, interpolation_duration: 1 }
$data merge entity $(bone_leg_left_1) { transformation: [0.6690879381397838f,-0.6624891780452278f,0.3367928443551177f,-0.6676988899378897f,-0.06585648364917536f,0.3985403831220489f,0.9147833003407395f,0.3043758897723672f,-0.7402595859542911f,-0.6342504647171241f,0.22302935548688027f,0.450237966123488f,0f,0f,0f,1f], start_interpolation: 0, interpolation_duration: 1 }
$data merge entity $(bone_leg_left_0) { transformation: [0.6464362865886577f,0.6899944721990434f,0.3256190346343869f,-0.34812727662462906f,-0.06412412680459711f,0.474403223228665f,-0.8779690644617277f,0.5546581095487497f,-0.7602685208155172f,0.5466710255034712f,0.3509167509993907f,0.5479112633577857f,0f,0f,0f,1f], start_interpolation: 0, interpolation_duration: 1 }
$data merge entity $(bone_leg_right_3) { transformation: [0.9840113044063089f,-0.15975649603214495f,0.07873763252807364f,-0.08342861278481027f,0.14845487255379547f,0.9799380566507441f,0.1329757720135523f,0.07130282889637221f,-0.09840174599889484f,-0.11916067767134896f,0.9879867556203749f,0.15641147719489948f,0f,0f,0f,1f], start_interpolation: 0, interpolation_duration: 1 }
$data merge entity $(bone_leg_right_2) { transformation: [0.9559059760298484f,-0.267139459566286f,0.25873243637733195f,-0.1391854135338422f,0.2063384561990499f,0.9746558854599274f,0.24399292188998617f,0.3057140658236625f,-0.30940330635678415f,-0.17534142004002576f,0.962074414967227f,0.1457520570199463f,0f,0f,0f,1f], start_interpolation: 0, interpolation_duration: 1 }
$data merge entity $(bone_leg_right_1) { transformation: [0.7589977472960493f,-0.5235034292840872f,0.387126050695795f,-0.28682073528338553f,-0.272504280101998f,0.28458169973394504f,0.9191053658327926f,0.3288530254512029f,-0.5913238004051706f,-0.8030924079483882f,0.07333994389175769f,-0.08808931224355587f,0f,0f,0f,1f], start_interpolation: 0, interpolation_duration: 1 }
$data merge entity $(bone_leg_right_0) { transformation: [0.7501908386454866f,0.6566259164402821f,0.07782102203993896f,-0.12257208635486339f,-0.17957303292080734f,0.3155887441893526f,-0.9317495749334206f,0.5494936285245651f,-0.6363703571506171f,0.6850154380741698f,0.3546640919800724f,0.225992499017509f,0f,0f,0f,1f], start_interpolation: 0, interpolation_duration: 1 }
$data merge entity $(bone_tail_4) { transformation: [2.71154229971288f,0.4700095051654677f,-0.2286717156140947f,0.1353981249259413f,-0.466171810496949f,2.7210501310862814f,0.06504889555813183f,0.0486853803993226f,0.23639697875772023f,-0.025270155706841074f,2.751206865952608f,1.9080892613750866f,0f,0f,0f,1f], start_interpolation: 0, interpolation_duration: 1 }
$data merge entity $(bone_tail_3) { transformation: [2.053919531664997f,0.3421737438375099f,-0.016649700228675852f,0.13487286009787447f,-0.34256594062211515f,2.050547333843801f,-0.11768489298211667f,0.048574173834192866f,-0.00294275638955681f,0.11882039698111085f,2.0788984052835597f,1.5544221648496592f,0f,0f,0f,1f], start_interpolation: 0, interpolation_duration: 1 }
$data merge entity $(bone_tail_2) { transformation: [1.927540392001079f,0.3088179831408441f,-0.08940562340212715f,0.1529919644475634f,-0.3214876129726924f,1.8467724759973678f,-0.5521331466290079f,0.1514162422974842f,-0.0027616864815009643f,0.5593181118023539f,1.8724127477403063f,1.2064757738913718f,0f,0f,0f,1f], start_interpolation: 0, interpolation_duration: 1 }
$data merge entity $(bone_tail_1) { transformation: [1.4867897963497079f,0.24181187640567023f,0.1365260704025516f,0.1192367397444169f,-0.19911000943180823f,1.446657068246406f,-0.3939476881982933f,0.218695725442947f,-0.1935653781399426f,0.36927847665668695f,1.4538989308282946f,0.8892838241956906f,0f,0f,0f,1f], start_interpolation: 0, interpolation_duration: 1 }
$data merge entity $(bone_tail_0) { transformation: [1.2145688894474087f,0.27527545969564654f,0.2878915605915984f,0.04175102171979253f,-0.11290271773966783f,1.1238821673765151f,-0.5983122652629574f,0.4206577541427925f,-0.3819831222678726f,0.543091163366193f,1.0922346813574773f,0.5832132216112013f,0f,0f,0f,1f], start_interpolation: 0, interpolation_duration: 1 }
$data merge entity $(bone_body_1) { transformation: [0.7093965561731957f,0.357003353110865f,0.9475809870472596f,-0.20259499357768115f,-0.016242876293809144f,1.160842068593443f,-0.4251899055829644f,0.44131750000000003f,-1.0124708835890361f,0.23151434665597967f,0.6707521242852242f,0.41167861426797864f,0f,0f,0f,1f], start_interpolation: 0, interpolation_duration: 1 }