# This file was generated by Animated Java via MC-Build. It is not recommended to edit this file directly.
$data merge entity $(bone_head_lower) { transformation: [-0.28063485768376417f,0.26030178919126307f,0.9238436313557834f,-1.0008523087316095f,0.552968317138631f,0.830580227671095f,-0.06604941818594767f,0.949961425377545f,-0.7845190353928222f,0.4923204890573404f,-0.3770284063046936f,0.3254564895234071f,0f,0f,0f,1f], start_interpolation: 0, interpolation_duration: 1 }
$data merge entity $(bone_head_upper) { transformation: [-0.29211270643183945f,0.6392668222159399f,0.7677760346211043f,-0.9336599642538954f,0.5755844909061356f,0.7615112586522499f,-0.4150602840042611f,0.9386264747928165f,-0.8166055370574573f,0.30807543807208465f,-0.5672009025797669f,0.29301940841818375f,0f,0f,0f,1f], start_interpolation: 0, interpolation_duration: 1 }
$data merge entity $(bone_neck_0) { transformation: [-0.21552429062248069f,0.8613591611461225f,0.4600105169029558f,-0.9178266546586524f,0.3551286036729402f,0.5079636471907288f,-0.784765320325765f,0.879522124389771f,-0.909633417924487f,-0.0057730964257202005f,-0.4153717808815073f,0.2665483237220084f,0f,0f,0f,1f], start_interpolation: 0, interpolation_duration: 1 }
$data merge entity $(bone_neck_1) { transformation: [-0.189059613797478f,0.7185033162575954f,0.6693350782362943f,-0.8578151335440523f,0.29548014134369294f,0.6916626545777284f,-0.6590100593572158f,0.8268817262469935f,-0.9364549901101814f,0.0731830362128237f,-0.34306893579631004f,0.23782302718023154f,0f,0f,0f,1f], start_interpolation: 0, interpolation_duration: 1 }
$data merge entity $(bone_neck_2) { transformation: [0.09102592718378504f,0.6059591932737872f,0.7902706730401383f,-0.7826487763290421f,0.19226130891257015f,0.7679419732935095f,-0.6109833997330008f,0.7808736299371615f,-0.9771130280963188f,0.2075538044485123f,-0.0465998775040361f,0.23577260987847543f,0f,0f,0f,1f], start_interpolation: 0, interpolation_duration: 1 }
$data merge entity $(bone_body_0) { transformation: [0.20489946668350217f,0.5420132626981872f,0.8150078721166332f,-0.39337526863621475f,0.1527514727391369f,0.8047643337701045f,-0.5736038307643914f,0.5182026817468467f,-0.9667901510301194f,0.24202477177104348f,0.0821024586741057f,0.2767727792494453f,0f,0f,0f,1f], start_interpolation: 0, interpolation_duration: 1 }
$data merge entity $(bone_leg_left_3) { transformation: [0.32279042578570083f,0.02065187463405352f,0.9462451273825324f,-0.5792947149628966f,0.04383419941005799f,0.9983629391615286f,-0.0367424097036769f,0.03803144406691883f,-0.9454548661798536f,0.053337995677124314f,0.32135673982971324f,0.6525697891398403f,0f,0f,0f,1f], start_interpolation: 0, interpolation_duration: 1 }
$data merge entity $(bone_leg_left_2) { transformation: [0.4634290401606329f,0.41398271648898505f,0.8160355596938709f,-0.45685783714928263f,-0.40213629891620184f,0.9137983996950693f,-0.23520433947825772f,0.24314379113765255f,-0.8219380276702541f,-0.2136656141353235f,0.5751756979448989f,0.6192650132600264f,0f,0f,0f,1f], start_interpolation: 0, interpolation_duration: 1 }
$data merge entity $(bone_leg_left_1) { transformation: [0.6692275177185979f,-0.6623631354911548f,0.33676342775089074f,-0.6679899558418629f,-0.06555069490191638f,0.3988199024267527f,0.9146834380408291f,0.30428479907241346f,-0.7401605473990621f,-0.6342064034449993f,0.22348288950897188f,0.4498590178972019f,0f,0f,0f,1f], start_interpolation: 0, interpolation_duration: 1 }
$data merge entity $(bone_leg_left_0) { transformation: [0.646579628371269f,0.689898644114434f,0.32553747099886515f,-0.34843266080396684f,-0.06381230444654708f,0.474159292747788f,-0.8781235419359503f,0.5545200765857202f,-0.7601728579583019f,0.5470034972008708f,0.3506057616091388f,0.547699294063791f,0f,0f,0f,1f], start_interpolation: 0, interpolation_duration: 1 }
$data merge entity $(bone_leg_right_3) { transformation: [0.9842205924621752f,-0.1572091061756336f,0.08121035838403265f,-0.08426911226987197f,0.14591278175410824f,0.9807055661044211f,0.1301001642296609f,0.07073186184708657f,-0.10009638102440388f,-0.11619763141848082f,0.9881694313014097f,0.1535160232478577f,0f,0f,0f,1f], start_interpolation: 0, interpolation_duration: 1 }
$data merge entity $(bone_leg_right_2) { transformation: [0.9552071810348985f,-0.2643336319446626f,0.2641385466436132f,-0.13920372155688662f,0.20645982642679594f,0.9776208065788925f,0.23171986992173754f,0.3054547370127562f,-0.3114735636805696f,-0.1626268399363197f,0.9636383811166647f,0.14587189854583255f,0f,0f,0f,1f], start_interpolation: 0, interpolation_duration: 1 }
$data merge entity $(bone_leg_right_1) { transformation: [0.7586815405621518f,-0.524489580899774f,0.38641040298860907f,-0.2870752920671986f,-0.2728713618932187f,0.2827597926398761f,0.9195586547495458f,0.3280673900098253f,-0.5915602588652993f,-0.8030925097358543f,0.07140644885013087f,-0.08787166226176185f,0f,0f,0f,1f], start_interpolation: 0, interpolation_duration: 1 }
$data merge entity $(bone_leg_right_0) { transformation: [0.7500777420019044f,0.6566489119604229f,0.0787120535529171f,-0.12287699950130032f,-0.1800162485704862f,0.317239876176346f,-0.9311031152424664f,0.5493551904805302f,-0.636378449669639f,0.6842302736541328f,0.3561620437543241f,0.22578086625623728f,0f,0f,0f,1f], start_interpolation: 0, interpolation_duration: 1 }
$data merge entity $(bone_tail_4) { transformation: [2.712686525949533f,0.46475227378244527f,-0.2258284028768319f,0.13630393550101824f,-0.45912780066518577f,2.7216649653625806f,0.08603958725060996f,0.050968019228326944f,0.237054437183115f,-0.0469730979599258f,2.750865328124924f,1.9086682554967997f,0f,0f,0f,1f], start_interpolation: 0, interpolation_duration: 1 }
$data merge entity $(bone_tail_3) { transformation: [2.054814162888888f,0.3367433829289168f,-0.016975750035597335f,0.13588709701599005f,-0.3371621636484266f,2.0513954565075876f,-0.11850688785207375f,0.05098789307094305f,-0.0024407866751970124f,0.11969169193415764f,2.0788490728012916f,1.5550009976321886f,0f,0f,0f,1f], start_interpolation: 0, interpolation_duration: 1 }
$data merge entity $(bone_tail_2) { transformation: [1.9283799759250888f,0.3038910421931481f,-0.08817470118289215f,0.15377682405992515f,-0.3164163342660206f,1.8480063087851661f,-0.5509330822365427f,0.1536109157105282f,-0.0022906033231430505f,0.557939774678025f,1.8728245609163254f,1.2069780718647196f,0f,0f,0f,1f], start_interpolation: 0, interpolation_duration: 1 }
$data merge entity $(bone_tail_1) { transformation: [1.487331538867754f,0.23796056295199788f,0.13738964287328043f,0.11988232895873957f,-0.19534504655552176f,1.4475706141484936f,-0.3924740498937158f,0.22055852423961808f,-0.1932393755824632f,0.3681987744864479f,1.4542160967996394f,0.8897307583805869f,0f,0f,0f,1f], start_interpolation: 0, interpolation_duration: 1 }
$data merge entity $(bone_tail_0) { transformation: [1.2148595135530302f,0.2721533520265563f,0.2896284376480175f,0.04181371306984907f,-0.11029869764783697f,1.1257871442816876f,-0.5952085513929565f,0.4216595460957678f,-0.3818196907061149f,0.5407139496395668f,1.09347055974923f,0.583241637003683f,0f,0f,0f,1f], start_interpolation: 0, interpolation_duration: 1 }
$data merge entity $(bone_body_1) { transformation: [0.7093980376248853f,0.35382210207658865f,0.9487723327291515f,-0.20259499357768115f,-0.01624415031933642f,1.1622622347842384f,-0.4212923215903666f,0.44131750000000003f,-1.0124698251556017f,0.22926188678605536f,0.6715269432218884f,0.41167861426797864f,0f,0f,0f,1f], start_interpolation: 0, interpolation_duration: 1 }