# This file was generated by Animated Java via MC-Build. It is not recommended to edit this file directly.
$data merge entity $(bone_head_lower) { transformation: [-0.946283650634496f,-0.32332403750433164f,0.0029697329423168106f,0.5553341663398521f,-0.30457981580614985f,0.8944319069321982f,0.3274487741084451f,0.2951682817091901f,-0.1085282836192617f,0.3089549006465654f,-0.944864265924544f,0.35759038752228856f,0f,0f,0f,1f], start_interpolation: 0, interpolation_duration: 1 }
$data merge entity $(bone_head_upper) { transformation: [-0.9849862576605926f,-0.29936554303898283f,-0.15379950079328236f,0.537703691902186f,-0.3170370033643648f,0.6656436202886066f,0.7347639429438059f,0.3606694063717005f,-0.11296704519917133f,0.7421393299061566f,-0.7210683769857861f,0.32451130756461827f,0f,0f,0f,1f], start_interpolation: 0, interpolation_duration: 1 }
$data merge entity $(bone_neck_0) { transformation: [-0.9571928058982448f,-0.28657097246744107f,-0.04073094739519595f,0.5400308296022122f,-0.2779833771720052f,0.9493396124712515f,-0.14655900589517173f,0.3358728877089495f,0.08066705865898335f,-0.1289626997701249f,-0.9883630141376741f,0.2626691427688267f,0f,0f,0f,1f], start_interpolation: 0, interpolation_duration: 1 }
$data merge entity $(bone_neck_1) { transformation: [-0.9304394911313f,-0.04223525122326931f,-0.36400348473254324f,0.5090003843766494f,-0.06512148039874655f,0.9965821340169214f,0.05082561311931888f,0.3447696135449772f,0.3606127370656829f,0.07099460340326108f,-0.9300097957299213f,0.1842121699554869f,0f,0f,0f,1f], start_interpolation: 0, interpolation_duration: 1 }
$data merge entity $(bone_neck_2) { transformation: [-0.8910357762054564f,0.04140243261598635f,-0.45204102036808386f,0.46980355637658333f,-0.09047632460732352f,0.9596522509120459f,0.2662359705317712f,0.37748947665242516f,0.4448249995307032f,0.27812478475123814f,-0.8513385483458311f,0.11235154355198457f,0f,0f,0f,1f], start_interpolation: 0, interpolation_duration: 1 }
$data merge entity $(bone_body_0) { transformation: [-0.8212760531515075f,-0.06137811733328635f,-0.5672198614580621f,0.20189025945563285f,-0.09556405101476809f,0.994949612655095f,0.0307047297842436f,0.40143863940455804f,0.5624705829405915f,0.07942288706725498f,-0.8229938325020261f,-0.27476576120142393f,0f,0f,0f,1f], start_interpolation: 0, interpolation_duration: 1 }
$data merge entity $(bone_leg_left_3) { transformation: [-0.8259135891586922f,-0.05764195874486702f,-0.5608423556000935f,0.5022884130646834f,-0.06586608176850035f,0.9978130019656019f,-0.005556292006185598f,0.04900535048851118f,0.5599360700253844f,0.03235147137995123f,-0.8279039677306053f,-0.7329633404553851f,0f,0f,0f,1f], start_interpolation: 0, interpolation_duration: 1 }
$data merge entity $(bone_leg_left_2) { transformation: [-0.7826047844988173f,-0.27582830702713584f,-0.6029184819051393f,0.41814623746989876f,-0.49678319319079506f,0.8616539499354156f,0.2506414351709365f,0.25683087949831795f,0.43908815714319943f,0.483252951469449f,-0.7910312096582213f,-0.6440829947990706f,0f,0f,0f,1f], start_interpolation: 0, interpolation_duration: 1 }
$data merge entity $(bone_leg_left_1) { transformation: [-0.901782308738611f,0.4154934152784988f,-0.11897012022465653f,0.5552921015630768f,-0.11252840853135744f,0.04005423516344936f,0.9928408812689323f,0.21729687989433616f,0.41728410575944597f,0.9087138604124396f,0.010634612116093123f,-0.4060883299487562f,0f,0f,0f,1f], start_interpolation: 0, interpolation_duration: 1 }
$data merge entity $(bone_leg_left_0) { transformation: [-0.882962369836706f,-0.35281675931664286f,-0.30967367953645986f,0.3393071468812059f,-0.16279353363304505f,0.8488504046080225f,-0.5029425971262157f,0.5725968873097607f,0.44031320541134655f,-0.3936665148855035f,-0.8069392518636619f,-0.4437670062275547f,0f,0f,0f,1f], start_interpolation: 0, interpolation_duration: 1 }
$data merge entity $(bone_leg_right_3) { transformation: [-0.7955076310673811f,0.0009523734605063616f,0.6059428206508889f,-0.16778192663323097f,-0.013831017966369957f,0.9997096883316308f,-0.019729216859462162f,0.03708787723962062f,-0.6057856979622227f,-0.024075548605700492f,-0.7952635136253623f,-0.039827913170408014f,0f,0f,0f,1f], start_interpolation: 0, interpolation_duration: 1 }
$data merge entity $(bone_leg_right_2) { transformation: [-0.8287331912161472f,0.04750842457831097f,0.6025001633788012f,-0.1368021494395013f,-0.3928310188312906f,0.7347238837040568f,-0.5982698428464301f,0.1904711593988883f,-0.4592899823873424f,-0.7141330154877371f,-0.5754380485940429f,-0.22336236286607947f,0f,0f,0f,1f], start_interpolation: 0, interpolation_duration: 1 }
$data merge entity $(bone_leg_right_1) { transformation: [-0.9830235981992547f,0.15967946245013803f,-0.09037186871491157f,-0.1082067738007562f,0.017340025874994572f,0.5711928468361379f,0.8206327163999027f,0.3024684616554557f,0.18265795598890505f,0.8051342751335726f,-0.5642648935731266f,0.028931700558123552f,0f,0f,0f,1f], start_interpolation: 0, interpolation_duration: 1 }
$data merge entity $(bone_leg_right_0) { transformation: [-0.9894810228074645f,-0.08367285135360542f,-0.1180091498581835f,-0.01640024790163072f,0.056504764333035584f,0.5274073818575813f,-0.8477314817616484f,0.5719862546615102f,0.13317100702315757f,-0.8454822928414816f,-0.517131680889838f,-0.27641891696201804f,0f,0f,0f,1f], start_interpolation: 0, interpolation_duration: 1 }
$data merge entity $(bone_tail_4) { transformation: [-2.3970122246950076f,1.2473298247769942f,-0.5693522938256073f,-0.332162920586518f,-0.4231807431818588f,0.4176882423559249f,2.6966861000861164f,1.905874638906595f,1.3041900877029917f,2.4280375145412f,-0.17141579483189964f,-1.302121649583741f,0f,0f,0f,1f], start_interpolation: 0, interpolation_duration: 1 }
$data merge entity $(bone_tail_3) { transformation: [-1.8135274505787848f,0.8183543936990713f,-0.6142961812961907f,-0.2360092292209312f,-0.3122039061845391f,0.7479433488622016f,1.9180862842688688f,1.5733188734477586f,0.9744703345945288f,1.7626180412246617f,-0.528706661381344f,-1.229721139008024f,0f,0f,0f,1f], start_interpolation: 0, interpolation_duration: 1 }
$data merge entity $(bone_tail_2) { transformation: [-1.7772321116905627f,0.7302855995582098f,-0.35623424773115997f,-0.17092645245911509f,0.030401695559871534f,0.9159134485163529f,1.7259641267235954f,1.2527063366604385f,0.811970216871139f,1.564148130103912f,-0.8443452309390085f,-1.0717866038584516f,0f,0f,0f,1f], start_interpolation: 0, interpolation_duration: 1 }
$data merge entity $(bone_tail_1) { transformation: [-1.3719405378784038f,0.5354762683457249f,-0.3445295002818387f,-0.10202247868570964f,0.00936702542233175f,0.8352755356103883f,1.2609057413008782f,0.9711541595613375f,0.6366691993183382f,1.1415937086587842f,-0.7609680577987684f,-0.9225978275788049f,0f,0f,0f,1f], start_interpolation: 0, interpolation_duration: 1 }
$data merge entity $(bone_tail_0) { transformation: [-1.1587831251554974f,0.3465482431419338f,-0.41347515114469124f,0.02716739696391625f,0.0006335492822691409f,0.9805084434872814f,0.8200234798159646f,0.7551856550040549f,0.5394969731649966f,0.7431979709400557f,-0.8890644006597153f,-0.6448578549970636f,0f,0f,0f,1f], start_interpolation: 0, interpolation_duration: 1 }
$data merge entity $(bone_body_1) { transformation: [-1.1187399437028518f,0.27113201712369234f,-0.45112411009657594f,0.11378476787905625f,-0.0019205086668043852f,1.057592018792126f,0.6403905281075808f,0.5350675f,0.5263286473929103f,0.5801647577489373f,-0.9565519347405639f,-0.4615511428984851f,0f,0f,0f,1f], start_interpolation: 0, interpolation_duration: 1 }