# This file was generated by Animated Java via MC-Build. It is not recommended to edit this file directly.
$data merge entity $(bone_head_lower) { transformation: [-0.4174341412785191f,0.3581498994598652f,0.8351511163926884f,-1.0627775036203622f,0.549416677128718f,0.8315174089009167f,-0.08197629893782692f,0.8230283476413492f,-0.7238024955662306f,0.42462624531650706f,-0.5438772832179167f,0.30203541397261496f,0f,0f,0f,1f], start_interpolation: 0, interpolation_duration: 1 }
$data merge entity $(bone_head_upper) { transformation: [-0.4345070237259184f,0.4440914034377931f,0.8351397573514283f,-0.9953680972749065f,0.5718875902996672f,0.8553770354317733f,-0.15731069226437944f,0.8315685584457824f,-0.7534057160505163f,0.39317285668279495f,-0.6010548014730487f,0.2691949933394084f,0f,0f,0f,1f], start_interpolation: 0, interpolation_duration: 1 }
$data merge entity $(bone_neck_0) { transformation: [-0.3151885061946216f,0.7579884773418265f,0.5710601314921419f,-0.9706440073644668f,0.36923339713736303f,0.6522642121500952f,-0.6619804347460868f,0.7780568826217413f,-0.8742556285213182f,0.0022058479628675742f,-0.4854608431516998f,0.23805087378370218f,0f,0f,0f,1f], start_interpolation: 0, interpolation_duration: 1 }
$data merge entity $(bone_neck_1) { transformation: [-0.23411267268781213f,0.6224892688279147f,0.7467920504940162f,-0.9045131887916293f,0.2540865973543364f,0.7806176415123007f,-0.5710307336778544f,0.7332792925980895f,-0.9384195530421691f,0.05606431979308771f,-0.3409186626077747f,0.20942886981662373f,0f,0f,0f,1f], start_interpolation: 0, interpolation_duration: 1 }
$data merge entity $(bone_neck_2) { transformation: [0.09556388372971009f,0.5027678595554854f,0.8591228221415665f,-0.8243251745759016f,0.16252395713699574f,0.8436107999210983f,-0.5117682889873275f,0.6967040292086097f,-0.9820659384598501f,0.1885346059864885f,-0.0010930976594671626f,0.21117897789015844f,0f,0f,0f,1f], start_interpolation: 0, interpolation_duration: 1 }
$data merge entity $(bone_body_0) { transformation: [0.20889452081173798f,0.3703419257998937f,0.9051021694646743f,-0.3942259464696849f,0.14848720483767947f,0.9027784672967603f,-0.40366147820272075f,0.5150599816362964f,-0.9665995185051186f,0.21871876229564438f,0.1335944379288826f,0.27622510511621745f,0f,0f,0f,1f], start_interpolation: 0, interpolation_duration: 1 }
$data merge entity $(bone_leg_left_3) { transformation: [0.32349573951978017f,0.02635159342025628f,0.9458626221797559f,-0.5806208152201962f,0.04543644846320699f,0.9980264377551321f,-0.04334465010644631f,0.037303977209570294f,-0.9451381040163391f,0.05699844792635558f,0.3216599777255256f,0.650670408325333f,0f,0f,0f,1f], start_interpolation: 0, interpolation_duration: 1 }
$data merge entity $(bone_leg_left_2) { transformation: [0.46402251766369734f,0.41419050554281506f,0.8155927462403799f,-0.45814826629085237f,-0.4007561770870902f,0.9141398561661992f,-0.23623083921383817f,0.24246633493933095f,-0.822277197256666f,-0.2117941169799602f,0.5753830570890096f,0.6178077578611544f,0f,0f,0f,1f], start_interpolation: 0, interpolation_duration: 1 }
$data merge entity $(bone_leg_left_1) { transformation: [0.6697774860608248f,-0.6618676018564135f,0.336644317906721f,-0.6691503998040924f,-0.06432189943908889f,0.39993874974168114f,0.9142820624444118f,0.30390811395241546f,-0.7397707837016742f,-0.6340191432976612f,0.22529738905169366f,0.4483486385894737f,0f,0f,0f,1f], start_interpolation: 0, interpolation_duration: 1 }
$data merge entity $(bone_leg_left_0) { transformation: [0.647144417813876f,0.6895192900442229f,0.32521877428778634f,-0.3496504363535997f,-0.06255933655556994f,0.47318172797043634f,-0.8787407932517066f,0.5539555055028302f,-0.759796309481736f,0.54832672830332f,0.34935278319502605f,0.5468542419753746f,0f,0f,0f,1f], start_interpolation: 0, interpolation_duration: 1 }
$data merge entity $(bone_leg_right_3) { transformation: [0.985695188210387f,-0.1431445819240874f,0.08896417596239228f,-0.08822469087453329f,0.13205060555644843f,0.9839409458921956f,0.1200951812894567f,0.06510481409010396f,-0.10472646996373236f,-0.10662946901560738f,0.988768184574314f,0.14403942078460613f,0f,0f,0f,1f], start_interpolation: 0, interpolation_duration: 1 }
$data merge entity $(bone_leg_right_2) { transformation: [0.9551081668177482f,-0.24828670049086932f,0.2796145624571292f,-0.13894035192248505f,0.20368112644429967f,0.9886367889194599f,0.18213593227613176f,0.3008674437934149f,-0.31359940674228887f,-0.1140754726269923f,0.9698991690565091f,0.14790933368600429f,0f,0f,0f,1f], start_interpolation: 0, interpolation_duration: 1 }
$data merge entity $(bone_leg_right_1) { transformation: [0.7602327038796995f,-0.5244476226032662f,0.38340699928084654f,-0.28661034201799074f,-0.27161770594882134f,0.27952101439978533f,0.9209190107300507f,0.3225530411162679f,-0.5901440991544863f,-0.8042528791709094f,0.07005175642653289f,-0.08604941172375802f,0f,0f,0f,1f], start_interpolation: 0, interpolation_duration: 1 }
$data merge entity $(bone_leg_right_0) { transformation: [0.750756169732558f,0.65461399190277f,0.08857592908696132f,-0.1240928909277211f,-0.17932409535224242f,0.33101644177740186f,-0.9264291576257344f,0.5487889990700452f,-0.6357735779619957f,0.679638607554153f,0.365900697850187f,0.2249371603083984f,0f,0f,0f,1f], start_interpolation: 0, interpolation_duration: 1 }
$data merge entity $(bone_tail_4) { transformation: [2.717092758472922f,0.4435342948190142f,-0.21528028886408773f,0.13990508430733906f,-0.4309126224967995f,2.7223241756825334f,0.17007858732757378f,0.06012771557106053f,0.23954662432799165f,-0.13375254544797385f,2.747797118231121f,1.910940934689695f,0f,0f,0f,1f], start_interpolation: 0, interpolation_duration: 1 }
$data merge entity $(bone_tail_3) { transformation: [2.058250584907646f,0.31499408615313856f,-0.018132331905296832f,0.13989719331047684f,-0.3155150831242767f,2.0546423613821787f,-0.12182169420669223f,0.06067788456241757f,-0.0005367428205756367f,0.12316256958531387f,2.078647690063117f,1.5572738586328776f,0f,0f,0f,1f], start_interpolation: 0, interpolation_duration: 1 }
$data merge entity $(bone_tail_2) { transformation: [1.9316049524360959f,0.2841649934716478f,-0.08322523182533663f,0.15686451563362377f,-0.29610121410872103f,1.8527997327512469f,-0.5461053893920346f,0.16241961216961032f,-0.0005037166504461063f,0.5524104287619332f,1.874464280659242f,1.2089461181271481f,0f,0f,0f,1f], start_interpolation: 0, interpolation_duration: 1 }
$data merge entity $(bone_tail_1) { transformation: [1.489393652339176f,0.2225402999466317f,0.14084961225162365f,0.12241200042513278f,-0.18026431369680715f,1.4511141418052158f,-0.3865601824558902f,0.22803689873389432f,-0.1920093111783608f,0.3638678501222324f,1.4554686056621888f,0.8914810446173563f,0f,0f,0f,1f], start_interpolation: 0, interpolation_duration: 1 }
$data merge entity $(bone_tail_0) { transformation: [1.2159504084604984f,0.25960903417114534f,0.29648519377112115f,0.04203696429563983f,-0.09987196362268883f,1.13326942760594f,-0.5827192393596431f,0.42566881416042324f,-0.3812163580316596f,0.5311678363892696f,1.0983490039776278f,0.5833359637336836f,0f,0f,0f,1f], start_interpolation: 0, interpolation_duration: 1 }
$data merge entity $(bone_body_1) { transformation: [0.7094039634052516f,0.3410577019423469f,0.953430781812175f,-0.20259499357768115f,-0.01624924643268448f,1.1678118789926621f,-0.40565499174821956f,0.44131750000000003f,-1.0124655913914014f,0.2202263705501306f,0.6745504925645125f,0.41167861426797864f,0f,0f,0f,1f], start_interpolation: 0, interpolation_duration: 1 }