# This file was generated by Animated Java via MC-Build. It is not recommended to edit this file directly.
$data merge entity $(bone_head_lower) { transformation: [-0.43329790097348353f,0.42369768997695545f,0.7954452819145795f,-1.06303244760749f,0.5678875554137103f,0.8137002001064072f,-0.12407944532851803f,0.8156689736688101f,-0.6998261594269058f,0.3979601133970392f,-0.5931872341232592f,0.30321665457206465f,0f,0f,0f,1f], start_interpolation: 0, interpolation_duration: 1 }
$data merge entity $(bone_head_upper) { transformation: [-0.45101960458250695f,0.4302601841392303f,0.8336242755643706f,-0.9960432169345186f,0.5911139198103164f,0.8485827523705869f,-0.11816762995486031f,0.8267610086378797f,-0.7284487577532333f,0.4222030659613233f,-0.6120285295671573f,0.2702793470639331f,0f,0f,0f,1f], start_interpolation: 0, interpolation_duration: 1 }
$data merge entity $(bone_neck_0) { transformation: [-0.3312273791590192f,0.7541137054740991f,0.5670987061452095f,-0.9715072028412469f,0.3898781962184096f,0.6567035764427351f,-0.6455504665018836f,0.7742329953097187f,-0.8592342028858757f,0.007275431495387147f,-0.5115306957433047f,0.23736235931431976f,0f,0f,0f,1f], start_interpolation: 0, interpolation_duration: 1 }
$data merge entity $(bone_neck_1) { transformation: [-0.24029497407750988f,0.6264480806147028f,0.7414992432411806f,-0.9058065167597695f,0.26115565405439983f,0.7774377201375967f,-0.5721785697338498f,0.7293435190064927f,-0.934909647927813f,0.056155085267590936f,-0.3504148350313984f,0.20793632305089269f,0f,0f,0f,1f], start_interpolation: 0, interpolation_duration: 1 }
$data merge entity $(bone_neck_2) { transformation: [0.09657839834350507f,0.5084069111086512f,0.8556839520000145f,-0.825864563520855f,0.16127102218154202f,0.8403495551376644f,-0.5174980991119194f,0.692234351651815f,-0.9821732384757405f,0.18797616316142152f,-0.0008316881547799082f,0.2097038650533251f,0f,0f,0f,1f], start_interpolation: 0, interpolation_duration: 1 }
$data merge entity $(bone_body_0) { transformation: [0.2097596443540874f,0.36245985234909317f,0.9080879621685997f,-0.3944332291122117f,0.14797155625733308f,0.9062845746061186f,-0.3959200530028626f,0.5142722088006062f,-0.9664912364523692f,0.21741923849116981f,0.13646818162007635f,0.27609199731586254f,0f,0f,0f,1f], start_interpolation: 0, interpolation_duration: 1 }
$data merge entity $(bone_leg_left_3) { transformation: [0.32366930485404904f,0.02777504764266972f,0.9457625113228714f,-0.5809505284644119f,0.04583838873948712f,0.9979350335887783f,-0.044994564715443136f,0.03711896465974271f,-0.9450592696826289f,0.057915589132909354f,0.3217277751800799f,0.6501962327139613f,0f,0f,0f,1f], start_interpolation: 0, interpolation_duration: 1 }
$data merge entity $(bone_leg_left_2) { transformation: [0.4641689264018724f,0.41424086027770896f,0.815483854493767f,-0.4584693800268499f,-0.40040962923359424f,0.9142253361012322f,-0.23648755389723883f,0.2422938516314869f,-0.8223633844479232f,-0.2113261555219025f,0.5754319415989906f,0.6174440404275884f,0f,0f,0f,1f], start_interpolation: 0, interpolation_duration: 1 }
$data merge entity $(bone_leg_left_1) { transformation: [0.669912883047374f,-0.6617458810928692f,0.3366141975374447f,-0.669439544856584f,-0.06401330805798713f,0.4002186494506674f,0.9141812342327738f,0.3038108724086523f,-0.7396749458502893f,-0.6339695745763407f,0.22575108636032096f,0.44797241635387425f,0f,0f,0f,1f], start_interpolation: 0, interpolation_duration: 1 }
$data merge entity $(bone_leg_left_0) { transformation: [0.6472834628830596f,0.6894254571965428f,0.32514098118731893f,-0.34995392283475046f,-0.062244692660320664f,0.4729368763374834f,-0.8788949364035306f,0.5538112608818174f,-0.7597037033697656f,0.548655857500384f,0.3490372947362234f,0.5466436971251389f,0f,0f,0f,1f], start_interpolation: 0, interpolation_duration: 1 }
$data merge entity $(bone_leg_right_3) { transformation: [0.9861108670813288f,-0.13937196249918885f,0.09033722318753598f,-0.08902624259201476f,0.1283192863970542f,0.9846418360785881f,0.11838334081422684f,0.06288294154225277f,-0.1054491278421052f,-0.10514709084378582f,0.9888501255116615f,0.14248786695388188f,0f,0f,0f,1f], start_interpolation: 0, interpolation_duration: 1 }
$data merge entity $(bone_leg_right_2) { transformation: [0.9557008460606249f,-0.24381413359628973f,0.28151866829464567f,-0.13864142886129815f,0.20256606895316231f,0.9909313403108225f,0.17054109768426454f,0.2988238253956417f,-0.3125141277583504f,-0.10330511385784248f,0.971455183167474f,0.14891473897389101f,0f,0f,0f,1f], start_interpolation: 0, interpolation_duration: 1 }
$data merge entity $(bone_leg_right_1) { transformation: [0.7615460760238854f,-0.523574003787931f,0.3819919327029021f,-0.2859728775733617f,-0.27033042667924967f,0.27906631313788083f,0.9214355394074211f,0.3203841368221875f,-0.5890407749078472f,-0.8049796615002808f,0.07098387187845151f,-0.08526891299900102f,0f,0f,0f,1f], start_interpolation: 0, interpolation_duration: 1 }
$data merge entity $(bone_leg_right_0) { transformation: [0.7513089441035383f,0.6533383980794927f,0.09318695243943059f,-0.12439590638016673f,-0.17827905271074912f,0.3368782042731965f,-0.9245159029731312f,0.5486443493662401f,-0.6354143922469683f,0.6779837852637693f,0.36957615865316173f,0.22472695199572829f,0f,0f,0f,1f], start_interpolation: 0, interpolation_duration: 1 }
$data merge entity $(bone_tail_4) { transformation: [2.718151597263962f,0.43818718438368903f,-0.21285022277006693f,0.1407998161100301f,-0.4238493812144105f,2.722038583885167f,0.19109940210423515f,0.06242490743123551f,0.24013522843500748f,-0.1554325283920003f,2.746604655348516f,1.911498256928432f,0f,0f,0f,1f], start_interpolation: 0, interpolation_duration: 1 }
$data merge entity $(bone_tail_3) { transformation: [2.0590741202554037f,0.3095501626404069f,-0.01838450837466305f,0.14088795798881093f,-0.31009560754546006f,2.0554176132457176f,-0.12265673803233762f,0.06310908254899902f,-0.0000867173129817968f,0.12402684392106074f,2.0785963678673967f,1.5578314256165557f,0f,0f,0f,1f], start_interpolation: 0, interpolation_duration: 1 }
$data merge entity $(bone_tail_2) { transformation: [1.9323778150641446f,0.2792291125124106f,-0.08198144653658729f,0.15762346032564584f,-0.291015202743337f,1.853962590463885f,-0.5448914937264769f,0.1646291871342937f,-0.0000813815346128545f,0.5510242198749058f,1.8748723096496664f,1.2094278158538765f,0f,0f,0f,1f], start_interpolation: 0, interpolation_duration: 1 }
$data merge entity $(bone_tail_1) { transformation: [1.489882936405261f,0.21868163936231935f,0.14171600620341562f,0.12303120749628335f,-0.176489128711861f,1.4519723392836317f,-0.38507682792106135f,0.22991317506924483f,-0.1917202995380673f,0.3627821888696124f,1.4557776822660826f,0.8919092274809644f,0f,0f,0f,1f], start_interpolation: 0, interpolation_duration: 1 }
$data merge entity $(bone_tail_0) { transformation: [1.2162052165666837f,0.25645917984205396f,0.29817658669780706f,0.04208589544604968f,-0.09726276378959468f,1.1351054737387078f,-0.5795784975760065f,0.42667159981277736f,-0.3810781318312865f,0.5287721334820819f,1.0995522747358635f,0.5833547103364001f,0f,0f,0f,1f], start_interpolation: 0, interpolation_duration: 1 }
$data merge entity $(bone_body_1) { transformation: [0.7094054448437452f,0.3378569325171203f,0.9545685952473084f,-0.20259499357768115f,-0.016250520463831197f,1.1691664568012439f,-0.4017341309021797f,0.44131750000000003f,-1.012464532942736f,0.2179611995222935f,0.6752874055482603f,0.41167861426797864f,0f,0f,0f,1f], start_interpolation: 0, interpolation_duration: 1 }