# This file was generated by Animated Java via MC-Build. It is not recommended to edit this file directly.
$data merge entity $(bone_head_lower) { transformation: [-0.44261077710867786f,0.4947502476025683f,0.747875586233733f,-1.0603097557699013f,0.5917499191267235f,0.7877885005157271f,-0.17094242208620608f,0.8149241849163209f,-0.6737415923043256f,0.36689435939024695f,-0.6414520994172921f,0.30592527560469135f,0f,0f,0f,1f], start_interpolation: 0, interpolation_duration: 1 }
$data merge entity $(bone_head_upper) { transformation: [-0.4607133734712657f,0.42652932049808107f,0.8302336230505716f,-0.9936410525284496f,0.6159522442565403f,0.8345739243651861f,-0.08695481670690486f,0.8278610949962012f,-0.7012973427039092f,0.45280354030047637f,-0.6217901041278295f,0.27301058500178266f,0f,0f,0f,1f], start_interpolation: 0, interpolation_duration: 1 }
$data merge entity $(bone_neck_0) { transformation: [-0.3433807373956568f,0.756687717559271f,0.5563392555631465f,-0.9698386186723187f,0.4154188966497681f,0.6536289736441114f,-0.632610705820914f,0.776211444585198f,-0.8423282077028549f,0.013887509059823326f,-0.5387859756899848f,0.23821843058095732f,0f,0f,0f,1f], start_interpolation: 0, interpolation_duration: 1 }
$data merge entity $(bone_neck_1) { transformation: [-0.24476114218118442f,0.6373802249713959f,0.7306424789824191f,-0.9050072799960561f,0.27327760290731073f,0.7683623221292253f,-0.5787388821233796f,0.7307244144942789f,-0.9302748706846786f,0.058015435425390484f,-0.36224697959404173f,0.20779862677681019f,0f,0f,0f,1f], start_interpolation: 0, interpolation_duration: 1 }
$data merge entity $(bone_neck_2) { transformation: [0.09718054628791267f,0.5217668928555919f,0.8475348081011209f,-0.8256484503099728f,0.16185121571199795f,0.8319449459279988f,-0.5307276051963075f,0.6923739568082697f,-0.9820183936137503f,0.18875093765245418f,-0.0035997416001983806f,0.20933125206352438f,0f,0f,0f,1f], start_interpolation: 0, interpolation_duration: 1 }
$data merge entity $(bone_body_0) { transformation: [0.21066890072931255f,0.36425711594945376f,0.9071578516144194f,-0.394638352335227f,0.1476539222646615f,0.9054806377043466f,-0.39787326371897763f,0.5134836145671855f,-0.9663420375340006f,0.21776493800131375f,0.1369726186941012f,0.27596041684736916f,0f,0f,0f,1f], start_interpolation: 0, interpolation_duration: 1 }
$data merge entity $(bone_leg_left_3) { transformation: [0.3238417612044948f,0.02919791492501908f,0.945660613256152f,-0.5812795131806477f,0.04624087308311084f,0.9978407183202397f,-0.04664421205956926f,0.036932699189947515f,-0.944980579354138f,0.05883351618064153f,0.32179235854404487f,0.6497223340139712f,0f,0f,0f,1f], start_interpolation: 0, interpolation_duration: 1 }
$data merge entity $(bone_leg_left_2) { transformation: [0.4643145451245044f,0.4142905832387869f,0.8153756896830957f,-0.458789891260463f,-0.40006248077475975f,0.914310858302221f,-0.23674430377032066f,0.24212012510005546f,-0.8224501286782462f,-0.21085816685870862f,0.5754796423912969f,0.6170805688005252f,0f,0f,0f,1f], start_interpolation: 0, interpolation_duration: 1 }
$data merge entity $(bone_leg_left_1) { transformation: [0.6700474389846534f,-0.6616250267328737f,0.33658394719717527f,-0.6697282991382644f,-0.06370416673350984f,0.40049862244029255f,0.9140802112310582f,0.3037124069278305f,-0.7395797513797254f,-0.6339189044539931f,0.22620480526494569f,0.4475967508089784f,0f,0f,0f,1f], start_interpolation: 0, interpolation_duration: 1 }
$data merge entity $(bone_leg_left_0) { transformation: [0.6474216439217629f,0.6893320330354142f,0.32506393711530757f,-0.3502570195227497f,-0.06192949509507128f,0.4726918406629834f,-0.8790490096734711f,0.5536657787525565f,-0.7596117117441723f,0.5489843094314293f,0.34872091330917493f,0.5464334442923655f,0f,0f,0f,1f], start_interpolation: 0, interpolation_duration: 1 }
$data merge entity $(bone_leg_right_3) { transformation: [0.9865063123968394f,-0.13578544900836234f,0.09147462729515549f,-0.0896113842370442f,0.12475004958383222f,0.9852485495537041f,0.11714401705232053f,0.060338717601406855f,-0.10603169681760977f,-0.10415184799090413f,0.9888931549111148f,0.14137821806922007f,0f,0f,0f,1f], start_interpolation: 0, interpolation_duration: 1 }
$data merge entity $(bone_leg_right_2) { transformation: [0.95651303669884f,-0.23946381734695424f,0.2824926376164218f,-0.13818367810531895f,0.20144548684271232f,0.9929743401595155f,0.15963669727281504f,0.2964205653850092f,-0.3107486539899423f,-0.09338757662073847f,0.9730242720903931f,0.1501626065777958f,0f,0f,0f,1f], start_interpolation: 0, interpolation_duration: 1 }
$data merge entity $(bone_leg_right_1) { transformation: [0.7633144153359259f,-0.5224096244555875f,0.3800516907165997f,-0.2850606805979815f,-0.2685273548215712f,0.2784947296968265f,0.9221354267371047f,0.3178243853561798f,-0.5875748148558645f,-0.805933539323972f,0.07229776718428049f,-0.0843206727603647f,0f,0f,0f,1f], start_interpolation: 0, interpolation_duration: 1 }
$data merge entity $(bone_leg_right_0) { transformation: [0.7520525164768174f,0.6516443256372259f,0.09887712235745649f,-0.1246985320402999f,-0.176781798537418f,0.3439504037707172f,-0.9221964625023436f,0.5484984621538297f,-0.6349529180709086f,0.6760604947863509f,0.3738676225918371f,0.22451703570148912f,0f,0f,0f,1f], start_interpolation: 0, interpolation_duration: 1 }
$data merge entity $(bone_tail_4) { transformation: [2.719193328386292f,0.43282489029336096f,-0.21050318002828394f,0.14169231282335984f,-0.4167824965482247f,2.721572739343603f,0.2121214431234824f,0.0647249993429553f,0.2407100434766057f,-0.17710384073842014f,2.745242108843078f,1.912051230805874f,0f,0f,0f,1f], start_interpolation: 0, interpolation_duration: 1 }
$data merge entity $(bone_tail_3) { transformation: [2.059883410302178f,0.30410374523298195f,-0.018621872665925524f,0.14187400038446588f,-0.30467316499042596f,2.0561782456524953f,-0.12349417267461703f,0.0655437290441375f,0.0003529037107425116f,0.12488979255785856f,2.078544669045693f,1.558384721073793f,0f,0f,0f,1f], start_interpolation: 0, interpolation_duration: 1 }
$data merge entity $(bone_tail_2) { transformation: [1.9331373089147814f,0.2742915650398497f,-0.08073510532899204f,0.15837719731323052f,-0.2859264069619069f,1.8551112409066224f,-0.5436747636836956f,0.16684168238126046f,0.00033118929269435743f,0.5496365128088361f,1.8752795709183658f,1.2099053771953054f,0f,0f,0f,1f], start_interpolation: 0, interpolation_duration: 1 }
$data merge entity $(bone_tail_1) { transformation: [1.49036171111619f,0.21482160385686094f,0.14258295324192383f,0.12364511469223927f,-0.1727120305286598f,1.4528194553013623f,-0.38359149470305126f,0.23179207952792755f,-0.19143869658324042f,0.3616953950691375f,1.456085133718592f,0.8923336445959965f,0f,0f,0f,1f], start_interpolation: 0, interpolation_duration: 1 }
$data merge entity $(bone_tail_0) { transformation: [1.2164528526106415f,0.25330389458291824f,0.2998588183605523f,0.04213207279749959f,-0.09465261630082564f,1.1369276631366065f,-0.5764304707474885f,0.4276745503413331f,-0.3809449516490137f,0.5263728168968154f,1.1007489804806858f,0.583371522435556f,0f,0f,0f,1f], start_interpolation: 0, interpolation_duration: 1 }
$data merge entity $(bone_body_1) { transformation: [0.7094069262795996f,0.3346523673306498f,0.9556956634006312f,-0.20259499357768115f,-0.01625179449610174f,1.1705078705879128f,-0.3978087469169786f,0.44131750000000003f,-1.0124634744910244f,0.21569356269483805f,0.676016711990037f,0.41167861426797864f,0f,0f,0f,1f], start_interpolation: 0, interpolation_duration: 1 }