# This file was generated by Animated Java via MC-Build. It is not recommended to edit this file directly.
$data merge entity $(bone_head_lower) { transformation: [-0.4467317987630772f,0.5648165806340613f,0.6938392682853517f,-1.0560178663355022f,0.6179028683848207f,0.7556353307633952f,-0.2172815964224886f,0.8178637708064234f,-0.6470137133134939f,0.3316586756636126f,-0.6865681158059572f,0.3092632775636479f,0f,0f,0f,1f], start_interpolation: 0, interpolation_duration: 1 }
$data merge entity $(bone_head_upper) { transformation: [-0.46500294319423763f,0.42878615111442814f,0.8266720280840996f,-0.9895453451381175f,0.6431748382422314f,0.8160967855269342f,-0.06151509317388225f,0.8321479798083335f,-0.6734763045989687f,0.4833222691420154f,-0.6295245776605051f,0.2765093191669923f,0f,0f,0f,1f], start_interpolation: 0, interpolation_duration: 1 }
$data merge entity $(bone_neck_0) { transformation: [-0.3521644104509966f,0.7627533526118244f,0.5423905890510301f,-0.9667404766180225f,0.4431150441910562f,0.6463296189352692f,-0.6212141992087332f,0.7813447817788641f,-0.8243963158719597f,0.021571897608028648f,-0.5656017747588213f,0.23985267862183896f,0f,0f,0f,1f], start_interpolation: 0, interpolation_duration: 1 }
$data merge entity $(bone_neck_1) { transformation: [-0.24768916332415045f,0.651550328345299f,0.7170301583649846f,-0.9029970002647841f,0.2881174619822916f,0.7561444551461887f,-0.5875660737760102f,0.7350536865121194f,-0.9250072467135946f,0.06105516018164393f,-0.37501181440393144f,0.20836552940282374f,0f,0f,0f,1f], start_interpolation: 0, interpolation_duration: 1 }
$data merge entity $(bone_neck_2) { transformation: [0.09732371458074944f,0.538712177883877f,0.8368496184977409f,-0.8244083683956489f,0.16341293577628713f,0.8207800789566574f,-0.5473721534832386f,0.6951357305363717f,-0.9817455408613679f,0.19002434419703465f,-0.008151172388498995f,0.2095118826627024f,0f,0f,0f,1f], start_interpolation: 0, interpolation_duration: 1 }
$data merge entity $(bone_body_0) { transformation: [0.21166309177253256f,0.37158721535167877f,0.9039478286762335f,-0.3948413138346537f,0.14715112624403273f,0.9022437551735037f,-0.4053427590268849f,0.5126942078150687f,-0.9662014705155467f,0.2188130426587948f,0.13629222551560033f,0.2758303651999875f,0f,0f,0f,1f], start_interpolation: 0, interpolation_duration: 1 }
$data merge entity $(bone_leg_left_3) { transformation: [0.3240131067246127f,0.030620196928684063f,0.945556931237201f,-0.5816077674863528f,0.046643897912006266f,0.997743492178499f,-0.04829358759740132f,0.03674518352927156f,-0.944902033788815f,0.059752216322929014f,0.3218537232754331f,0.6492487167559507f,0f,0f,0f,1f], start_interpolation: 0, interpolation_duration: 1 }
$data merge entity $(bone_leg_left_2) { transformation: [0.46445937096580614f,0.41433967706292874f,0.8152682529291382f,-0.4591097974642969f,-0.3997147349016535f,0.914396420742613f,-0.23700108847069373f,0.2419451576079859f,-0.8225374294980397f,-0.2103901548199922f,0.5755261586846175f,0.6167173465944271f,0f,0f,0f,1f], start_interpolation: 0, interpolation_duration: 1 }
$data merge entity $(bone_leg_left_1) { transformation: [0.6701811523841912f,-0.6615050394219062f,0.33655357048829415f,-0.6700166604585082f,-0.06339447900771937f,0.40077866776796295f,0.9139789929169471f,0.30361271961507036f,-0.7394852013531691f,-0.6338671329873156f,0.22665854208060165f,0.4472216457704562f,0f,0f,0f,1f], start_interpolation: 0, interpolation_duration: 1 }
$data merge entity $(bone_leg_left_0) { transformation: [0.6475589593900432f,0.6892390207586774f,0.3249876403454496f,-0.35055972300992166f,-0.061613747420274034f,0.472446621025855f,-0.8792030120569894f,0.5535190607553842f,-0.7595203356346127f,0.5493120811932604f,0.3484036412160671f,0.5462234858456991f,0f,0f,0f,1f], start_interpolation: 0, interpolation_duration: 1 }
$data merge entity $(bone_leg_right_3) { transformation: [0.9868656032450052f,-0.13252905147105565f,0.09237062113060729f,-0.0899053509327058f,0.12147810102682019f,0.985739543340164f,0.11645009088207539f,0.05747306125423904f,-0.1064863939796514f,-0.10369958154066118f,0.9888918265844363f,0.1407678253005993f,0f,0f,0f,1f], start_interpolation: 0, interpolation_duration: 1 }
$data merge entity $(bone_leg_right_2) { transformation: [0.9575289644249565f,-0.23538971005523143f,0.28247507179940423f,-0.13753009525725435f,0.20040477419508304f,0.9947455341588155f,0.14960430559180424f,0.2936593404870686f,-0.3082830002899644f,-0.08447014959085941f,0.9746222781472886f,0.15167641348555352f,0f,0f,0f,1f], start_interpolation: 0, interpolation_duration: 1 }
$data merge entity $(bone_leg_right_1) { transformation: [0.7655772120408456f,-0.5209812312443747f,0.37745210172267046f,-0.28383611048931257f,-0.2661390510788882f,0.2776796770504961f,0.9230731295211457f,0.31483956844707167f,-0.5857145532549065f,-0.8071384971888209f,0.07393178248343246f,-0.08318382902101618f,0f,0f,0f,1f], start_interpolation: 0, interpolation_duration: 1 }
$data merge entity $(bone_leg_right_0) { transformation: [0.7530039262114689f,0.6494626803625176f,0.10575118877084239f,-0.12500076450044517f,-0.17478007699945025f,0.3523497705980395f,-0.9194028300171667f,0.5483513390731506f,-0.6343792334197098f,0.6738307398567112f,0.3788338979420644f,0.22430741379432545f,0f,0f,0f,1f], start_interpolation: 0, interpolation_duration: 1 }
$data merge entity $(bone_tail_4) { transformation: [2.7202179421541586f,0.42744834538636317f,-0.2082392633704127f,0.14258256792264662f,-0.40971203621505764f,2.7209266196160153f,0.23314310979627068f,0.06702798774342902f,0.24127106366720286f,-0.19876512342819272f,2.743709538406985f,1.912599851631776f,0f,0f,0f,1f], start_interpolation: 0, interpolation_duration: 1 }
$data merge entity $(bone_tail_3) { transformation: [2.060678446697578f,0.29865490696483393f,-0.018844413132986012f,0.14285531128331738f,-0.299247813118447f,2.0569242444710354f,-0.12433392495828029f,0.06798180821551139f,0.0007821152903912708f,0.12575144173141894f,2.0784926002376305f,1.558933738931772f,0f,0f,0f,1f], start_interpolation: 0, interpolation_duration: 1 }
$data merge entity $(bone_tail_2) { transformation: [1.9338834261514197f,0.26935239155969415f,-0.07948621402918761f,0.1591257184692563f,-0.280834880875887f,1.856245680417602f,-0.5424551765972895f,0.16905707782367077f,0.0007339911764745403f,0.5482473329573462f,1.8756860606628405f,1.2103787967880946f,0f,0f,0f,1f], start_interpolation: 0, interpolation_duration: 1 }
$data merge entity $(bone_tail_1) { transformation: [1.4908299708680242f,0.21096022494801864f,0.14345044946435898f,0.12425371434579749f,-0.16893306294200897f,1.4536554862616409f,-0.38210417101421956f,0.23367358957234108f,-0.1911645056140824f,0.36060748848479834f,1.4563909574842908f,0.8927542909062662f,0f,0f,0f,1f], start_interpolation: 0, interpolation_duration: 1 }
$data merge entity $(bone_tail_0) { transformation: [1.2166933138268952f,0.25014321802252265f,0.3015318675534842f,0.04217549583594854f,-0.09204155061297066f,1.1387359726697537f,-0.5732751992652898f,0.4286776544535715f,-0.3808168190005731f,0.5239699147940026f,1.1019391069115743f,0.5833863998334731f,0f,0f,0f,1f], start_interpolation: 0, interpolation_duration: 1 }
$data merge entity $(bone_body_1) { transformation: [0.7094084077128144f,0.3314440424557005f,0.9568119736098846f,-0.20259499357768115f,-0.01625306852949615f,1.1718361052496171f,-0.39387888398977955f,0.44131750000000003f,-1.0124624160362667f,0.21342348561084462f,0.6767384036390819f,0.41167861426797864f,0f,0f,0f,1f], start_interpolation: 0, interpolation_duration: 1 }