# This file was generated by Animated Java via MC-Build. It is not recommended to edit this file directly.
$data merge entity $(bone_head_lower) { transformation: [-0.44749321066529846f,0.6811357153824354f,0.5794859477493135f,-1.048266229384916f,0.6645222837286147f,0.6869031263881399f,-0.2942349900781781f,0.8233764984850569f,-0.5984646696644413f,0.2534131649868581f,-0.7600143465585196f,0.3143123824682684f,0f,0f,0f,1f], start_interpolation: 0, interpolation_duration: 1 }
$data merge entity $(bone_head_upper) { transformation: [-0.46579549652600477f,0.4353616187902542f,0.8227798969857787f,-0.9819146170942076f,0.6917009682488302f,0.7775779618800556f,-0.01985513297856835f,0.8396827692840396f,-0.622941625293438f,0.5378705389462178f,-0.6372683558705714f,0.2822651427922743f,0f,0f,0f,1f], start_interpolation: 0, interpolation_duration: 1 }
$data merge entity $(bone_neck_0) { transformation: [-0.3643224164313194f,0.7735520230907268f,0.5185426158551363f,-0.9608231573496061f,0.49325861457615205f,0.6325783379518988f,-0.5971101954417026f,0.7906451877659847f,-0.7899146257869003f,0.03823498301629985f,-0.612023667877055f,0.24232516058147632f,0f,0f,0f,1f], start_interpolation: 0, interpolation_duration: 1 }
$data merge entity $(bone_neck_1) { transformation: [-0.2507319020613483f,0.6754178817865643f,0.6935014046500905f,-0.898962920415652f,0.31620060953641255f,0.7342324336356651f,-0.6007661008464522f,0.743134931011922f,-0.9149593913488723f,0.06865433970550609f,-0.39766304055330737f,0.20895416368043476f,0f,0f,0f,1f], start_interpolation: 0, interpolation_duration: 1 }
$data merge entity $(bone_neck_2) { transformation: [0.09606033288930675f,0.5675279320402397f,0.8177312876485308f,-0.8217670734733518f,0.16609951430235118f,0.8008719502797614f,-0.5753390918437702f,0.7005719484614267f,-0.9814190561598639f,0.19109203439500114f,-0.017334087719319463f,0.20930647803981306f,0f,0f,0f,1f], start_interpolation: 0, interpolation_duration: 1 }
$data merge entity $(bone_body_0) { transformation: [0.21409329920585113f,0.38626064454839903f,0.8971994057667497f,-0.39524074256812514f,0.14405433360229794f,0.8959685622407296f,-0.4201055634559933f,0.5111129923165257f,-0.9661327073469521f,0.21918724860113348f,0.136178345727627f,0.27557485423943373f,0f,0f,0f,1f], start_interpolation: 0, interpolation_duration: 1 }
$data merge entity $(bone_leg_left_3) { transformation: [0.32435245796114287f,0.033463011848217455f,0.9453442282325579f,-0.5822620773858014f,0.0474515546602301f,0.9975403082407978f,-0.051591505067994564f,0.03636641261401133f,-0.9447453799701228f,0.061591884797428914f,0.3219667789574074f,0.6483023446687297f,0f,0f,0f,1f], start_interpolation: 0, interpolation_duration: 1 }
$data merge entity $(bone_leg_left_2) { transformation: [0.4647466325830066f,0.4144359878990916f,0.8150555680059818f,-0.45974778471300737f,-0.39901746371801644f,0.9145676582469853f,-0.23751476088310977f,0.24159150885939204f,-0.8227136990785379f,-0.2094540759293631f,0.575615634712765f,0.6159916648867321f,0f,0f,0f,1f], start_interpolation: 0, interpolation_duration: 1 }
$data merge entity $(bone_leg_left_1) { transformation: [0.6704460456630524f,-0.6612676684508326f,0.3364924523913953f,-0.6705921954727609f,-0.062773478550584f,0.401338971647838f,0.9137759682916349f,0.3034096879736974f,-0.7392980388486332f,-0.6337602863056782f,0.2275660547100758f,0.44647313244225395f,0f,0f,0f,1f], start_interpolation: 0, interpolation_duration: 1 }
$data merge entity $(bone_leg_left_0) { transformation: [0.6478309875043067f,0.6890542446163674f,0.3248372817355822f,-0.35116393677328195f,-0.06098061601477355f,0.47195563021353737f,-0.8795108001498342f,0.5532219237882087f,-0.7593394340475498f,0.5499655726369697f,0.347766434283754f,0.5458044615687019f,0f,0f,0f,1f], start_interpolation: 0, interpolation_duration: 1 }
$data merge entity $(bone_leg_right_3) { transformation: [0.9874213914255261f,-0.12757308423209063f,0.09340291181108729f,-0.08930803869470409f,0.11636283161187974f,0.9862947225205485f,0.11697184168585115f,0.05078551313810137f,-0.10704525759949937f,-0.10463187137591674f,0.9887332725856f,0.1412765945169937f,0f,0f,0f,1f], start_interpolation: 0, interpolation_duration: 1 }
$data merge entity $(bone_leg_right_2) { transformation: [0.9601029167570516f,-0.22867537338179503f,0.2792349590291168f,-0.13547180806070067f,0.19892222565177367f,0.9974169748464159f,0.13285904534755605f,0.28707929776428404f,-0.30115533678990447f,-0.07020791549117289f,0.9779767437040809f,0.15560229907118325f,0f,0f,0f,1f], start_interpolation: 0, interpolation_duration: 1 }
$data merge entity $(bone_leg_right_1) { transformation: [0.7717316105094568f,-0.5174313875299343f,0.36972297810567123f,-0.280280949263728f,-0.25930398762191553f,0.2748229757712695f,0.9258691991807471f,0.3074712807698125f,-0.5806821534573395f,-0.8103931707431097f,0.07791755558971059f,-0.08025330360322758f,0f,0f,0f,1f], start_interpolation: 0, interpolation_duration: 1 }
$data merge entity $(bone_leg_right_0) { transformation: [0.7555919127785242f,0.6433060601920823f,0.12344300006007547f,-0.1256040362122692f,-0.16905266977467054f,0.3735747581867031f,-0.9120652909127738f,0.5480533919378896f,-0.6328523178323257f,0.6682807890145332f,0.3910226730617621f,0.2238890625992394f,0f,0f,0f,1f], start_interpolation: 0, interpolation_duration: 1 }
$data merge entity $(bone_tail_4) { transformation: [2.722215779686068f,0.41665623802816804f,-0.20396117213916817f,0.14435632700976256f,-0.3955606595835101f,2.7190935364526103f,0.27517891672781564f,0.0716426396601532f,0.2423516969571852f,-0.24205216572848537f,2.74013461998642f,1.9136840153067425f,0f,0f,0f,1f], start_interpolation: 0, interpolation_duration: 1 }
$data merge entity $(bone_tail_3) { transformation: [2.062225725901279f,0.287750260300286f,-0.01924497785147382f,0.14480370187262626f,-0.2883886122204516f,2.058372286895266f,-0.1260200893808561f,0.07286820107564243f,0.0016092908214885445f,0.1274709468197147f,2.078387378220042f,1.5600189176653232f,0f,0f,0f,1f], start_interpolation: 0, interpolation_duration: 1 }
$data merge entity $(bone_tail_2) { transformation: [1.9353355001576587f,0.2594693286128611f,-0.07698080501963564f,0.16060708102132332f,-0.27064385438578276f,1.8584719129033453f,-0.5400073407235905f,0.17349648878330126f,0.0015102700047752954f,0.545464656473128f,1.8764967099960344f,1.2113131894507616f,0f,0f,0f,1f], start_interpolation: 0, interpolation_duration: 1 }
$data merge entity $(bone_tail_1) { transformation: [1.491734923688632f,0.20323356302046205f,0.14518707349374912f,0.12545496067577633f,-0.16136969484694058f,1.4552942793269426f,-0.37912350513161375f,0.23744433610778903f,-0.19063837240355558f,0.3584284160334993f,1.456997711579205f,0.8935842511140022f,0f,0f,0f,1f], start_interpolation: 0, interpolation_duration: 1 }
$data merge entity $(bone_tail_0) { transformation: [1.2171527011189547f,0.24380584985372525f,0.3048503342953111f,0.04225407707267889f,-0.08681678251783616f,1.1423108604760248f,-0.5669430843530965f,0.4306842782505024f,-0.38057570208318736f,0.519153466905167f,1.1042995650493856f,0.5834103498438826f,0f,0f,0f,1f], start_interpolation: 0, interpolation_duration: 1 }
$data merge entity $(bone_body_1) { transformation: [0.709411370571327f,0.32501625814221097f,0.9590122701527842f,-0.20259499357768115f,-0.01625561659965647f,1.1744529775280355f,-0.38600589834968463f,0.44131750000000003f,-1.0124602991176128f,0.208876112983313f,0.6781589099848987f,0.41167861426797864f,0f,0f,0f,1f], start_interpolation: 0, interpolation_duration: 1 }