# This file was generated by Animated Java via MC-Build. It is not recommended to edit this file directly.
$data merge entity $(bone_head_lower) { transformation: [-0.5065138110739871f,0.7451136209392997f,0.4338772304258794f,-1.0852876480582403f,0.6803163750074321f,0.6545162500912143f,-0.32981526384217297f,0.7565843168810231f,-0.5297295433408f,0.128117798362527f,-0.838434517809642f,0.3169661602423562f,0f,0f,0f,1f], start_interpolation: 0, interpolation_duration: 1 }
$data merge entity $(bone_head_upper) { transformation: [-0.527230014899492f,0.37434982121152505f,0.815697655587834f,-1.0208133416498977f,0.7081410312800799f,0.7547258413667892f,0.11134238534486399f,0.7814269640903849f,-0.5513952609427958f,0.6113289280866715f,-0.6369553755780188f,0.2866121953515678f,0f,0f,0f,1f], start_interpolation: 0, interpolation_duration: 1 }
$data merge entity $(bone_neck_0) { transformation: [-0.44513100745102274f,0.7035795984210614f,0.5539261095952205f,-0.9962720239293533f,0.5227972142823174f,0.7064106746336016f,-0.4771446651722604f,0.738938596774916f,-0.7270085686869766f,0.07719914150661371f,-0.6822747493542143f,0.2414768586218835f,0f,0f,0f,1f], start_interpolation: 0, interpolation_duration: 1 }
$data merge entity $(bone_neck_1) { transformation: [-0.2905591833134679f,0.6080849720515688f,0.7387882157677219f,-0.9308855940028753f,0.3320803601247081f,0.7881931351375613f,-0.5181449759878661f,0.6986760239053709f,-0.897383973230888f,0.09478527568702483f,-0.4309498301441596f,0.20540641570908325f,0f,0f,0f,1f], start_interpolation: 0, interpolation_duration: 1 }
$data merge entity $(bone_neck_2) { transformation: [0.05484326477786927f,0.4991442744722826f,0.8647815964566105f,-0.8502373058790476f,0.16933642673479143f,0.8488898097374723f,-0.500710760324332f,0.6631211677637179f,-0.9840311940630732f,0.17389963825556634f,-0.037967419261598995f,0.20378277117191862f,0f,0f,0f,1f], start_interpolation: 0, interpolation_duration: 1 }
$data merge entity $(bone_body_0) { transformation: [0.2063014831767928f,0.3058913857691631f,0.9294461566714218f,-0.40927881984921055f,0.13561534773761313f,0.931773576835815f,-0.33675878454555264f,0.5132843234891731f,-0.96904498115261f,0.19552100046494442f,0.15074270423514857f,0.27668982432348244f,0f,0f,0f,1f], start_interpolation: 0, interpolation_duration: 1 }
$data merge entity $(bone_leg_left_3) { transformation: [0.31960581095053525f,0.0390855624660431f,0.9467441282698116f,-0.5761370819125303f,0.029668556905753457f,0.9982462262606615f,-0.051227419293564946f,0.028791671853570816f,-0.9470860057765511f,0.04446111293098372f,0.3178856824381334f,0.6613074877332169f,0f,0f,0f,1f], start_interpolation: 0, interpolation_duration: 1 }
$data merge entity $(bone_leg_left_2) { transformation: [0.4657992964961632f,0.3797559938947845f,0.8311910730905138f,-0.4612063530289602f,-0.3935797170673719f,0.9253471922557208f,-0.20221221426589558f,0.2376289046425474f,-0.8247352430917098f,-0.22711265571546974f,0.5659450679324098f,0.6245786186334235f,0f,0f,0f,1f], start_interpolation: 0, interpolation_duration: 1 }
$data merge entity $(bone_leg_left_1) { transformation: [0.6641573870898222f,-0.6766212223289996f,0.31792874463947385f,-0.6751120525676977f,-0.05646499253795825f,0.37865417979103394f,0.9238142219864707f,0.2926263059348367f,-0.745457356118852f,-0.6315098840246218f,0.21328055839082183f,0.4565517659708088f,0f,0f,0f,1f], start_interpolation: 0, interpolation_duration: 1 }
$data merge entity $(bone_leg_left_0) { transformation: [0.6403568384885238f,0.6808217959720314f,0.355562654859029f,-0.36228641951454976f,-0.05756063415607286f,0.5041610960916983f,-0.8616892494299601f,0.5540303292455744f,-0.7659176801696994f,0.5313221916286157f,0.3620315399056154f,0.5466369393697078f,0f,0f,0f,1f], start_interpolation: 0, interpolation_duration: 1 }
$data merge entity $(bone_leg_right_3) { transformation: [0.9874950454107498f,-0.12068527179780215f,0.10143273860205215f,-0.09344661533290956f,0.10941143532070388f,0.9878688739449054f,0.11020084260970225f,0.03296994347102547f,-0.11350186390665604f,-0.09772488455821066f,0.9887199673455572f,0.14456824004328137f,0f,0f,0f,1f], start_interpolation: 0, interpolation_duration: 1 }
$data merge entity $(bone_leg_right_2) { transformation: [0.9700871956196236f,-0.2150697377923026f,0.25443671174085575f,-0.13722079710674695f,0.19925146785882217f,1.002343067341583f,0.08757526710816321f,0.26901201074661657f,-0.2670054024765302f,-0.033400340401134f,0.9897750915284387f,0.1677853792363861f,0f,0f,0f,1f], start_interpolation: 0, interpolation_duration: 1 }
$data merge entity $(bone_leg_right_1) { transformation: [0.7951669196800528f,-0.509425111761135f,0.3289310343425991f,-0.2772247028229044f,-0.2104868331995055f,0.27683589121547797f,0.9375804938161714f,0.29030194096566464f,-0.5686869638880256f,-0.814768644979719f,0.11290346434778809f,-0.07087553276064584f,0f,0f,0f,1f], start_interpolation: 0, interpolation_duration: 1 }
$data merge entity $(bone_leg_right_0) { transformation: [0.760520963702674f,0.6152014954151798f,0.20768963336595148f,-0.1410138862706316f,-0.12658775070199837f,0.45420193602622716f,-0.8818594801226757f,0.5551443257464379f,-0.6368543044849154f,0.6443816581413178f,0.42330706763539994f,0.22172043994275464f,0f,0f,0f,1f], start_interpolation: 0, interpolation_duration: 1 }
$data merge entity $(bone_tail_4) { transformation: [2.7173564150479317f,0.4382538385585488f,-0.2226410074235113f,0.14636989638770498f,-0.4090203148619436f,2.709568757239312f,0.341468685859842f,0.08716055228900943f,0.27264964189981106f,-0.30303804114551147f,2.7312069584692042f,1.910624718120037f,0f,0f,0f,1f], start_interpolation: 0, interpolation_duration: 1 }
$data merge entity $(bone_tail_3) { transformation: [2.0604712511868475f,0.3000324099609584f,-0.0196036233889495f,0.14675789380358958f,-0.3006711144168099f,2.055721535378544f,-0.13982623495138313f,0.0907530654837968f,-0.000793745746412227f,0.14119152948511185f,2.077500865947784f,1.5569756735267903f,0f,0f,0f,1f], start_interpolation: 0, interpolation_duration: 1 }
$data merge entity $(bone_tail_2) { transformation: [1.9388054126225114f,0.23696747442779018f,-0.06044719225694444f,0.1594849218795495f,-0.24450887704684832f,1.868846214802161f,-0.5161425282494168f,0.18696673064984984f,-0.004780798439862558f,0.5196480698373905f,1.8838038386422642f,1.206900771026184f,0f,0f,0f,1f], start_interpolation: 0, interpolation_duration: 1 }
$data merge entity $(bone_tail_1) { transformation: [1.4976680790772166f,0.16010091974218935f,0.1378922420256767f,0.12642415151293573f,-0.12157563490115034f,1.4602321578391726f,-0.3749635451757089f,0.2499210224142134f,-0.17281764930569113f,0.36020270780500635f,1.4587817929280575f,0.8887492039861307f,0f,0f,0f,1f], start_interpolation: 0, interpolation_duration: 1 }
$data merge entity $(bone_tail_0) { transformation: [1.219541532558208f,0.18842361160123547f,0.33324271866126853f,0.03358988123386539f,-0.02873627916527387f,1.1545865172171643f,-0.5476677068296993f,0.43782448470746205f,-0.38174388431164397f,0.5150361476979194f,1.1058232634282812f,0.5780306843888212f,0f,0f,0f,1f], start_interpolation: 0, interpolation_duration: 1 }
$data merge entity $(bone_body_1) { transformation: [0.6959271159808704f,0.3081594121111667f,0.9743345529263033f,-0.21368597732564068f,0.0035036448523147723f,1.178087099999852f,-0.3751041246679879f,0.4456784128474831f,-1.021899099114755f,0.21389987516940903f,0.6622489484228828f,0.4096594059786902f,0f,0f,0f,1f], start_interpolation: 0, interpolation_duration: 1 }