# This file was generated by Animated Java via MC-Build. It is not recommended to edit this file directly.
$data merge entity $(bone_head_lower) { transformation: [-0.5906504785665707f,0.7050993309358211f,0.39238622004721146f,-1.1489242337714858f,0.6784895204207286f,0.6971832975697794f,-0.23148956838047358f,0.6668655178478411f,-0.43678825859714987f,0.12950051391243955f,-0.890194155253832f,0.3476608219861089f,0f,0f,0f,1f], start_interpolation: 0, interpolation_duration: 1 }
$data merge entity $(bone_head_upper) { transformation: [-0.6148078370355774f,0.3248506131664037f,0.7745678441741264f,-1.088423986497606f,0.7062394591019696f,0.7195254821585935f,0.2588065870786674f,0.7010829535629394f,-0.4546527163786656f,0.6784003996412166f,-0.6453958071134687f,0.3182610997989966f,0f,0f,0f,1f], start_interpolation: 0, interpolation_duration: 1 }
$data merge entity $(bone_neck_0) { transformation: [-0.5623400514983024f,0.5823428028152856f,0.5870694392404737f,-1.0597337852544253f,0.5303571462774409f,0.798699978400844f,-0.28425277816573835f,0.6695668660879875f,-0.6344249079862296f,0.15150975055001825f,-0.757990654041945f,0.266993714092352f,0f,0f,0f,1f], start_interpolation: 0, interpolation_duration: 1 }
$data merge entity $(bone_neck_1) { transformation: [-0.36954399273639443f,0.46929742197877133f,0.8019957401112072f,-0.9896322253120386f,0.3765227123785172f,0.8646865309208093f,-0.33248736864317224f,0.6453843248293333f,-0.8495103792747728f,0.1791009016398727f,-0.49624085133755025f,0.2257806962891299f,0f,0f,0f,1f], start_interpolation: 0, interpolation_duration: 1 }
$data merge entity $(bone_neck_2) { transformation: [-0.04303302413401883f,0.3492191381808605f,0.9360524303489086f,-0.9042079383954946f,0.2146552317704202f,0.9182714361022367f,-0.3327171488101009f,0.6252262584940409f,-0.9757414054489377f,0.18661072629126302f,-0.11447771191624675f,0.2175786257845227f,0f,0f,0f,1f], start_interpolation: 0, interpolation_duration: 1 }
$data merge entity $(bone_body_0) { transformation: [0.1805669828108516f,0.19023164081908883f,0.9649909261489784f,-0.44759913944910135f,0.1671911563224722f,0.9609027719141978f,-0.2207101723418421f,0.5303601819634246f,-0.9692485140386548f,0.20119091867897052f,0.14170226630146587f,0.28627896749797044f,0f,0f,0f,1f], start_interpolation: 0, interpolation_duration: 1 }
$data merge entity $(bone_leg_left_3) { transformation: [0.32825789962182406f,0.04457134112648695f,0.9435359807055876f,-0.561357003949645f,-0.023323542385062797f,0.9989640268051484f,-0.03907538252986251f,0.01194654965080097f,-0.944300144925585f,-0.00917979844164659f,0.3289573948007402f,0.704276830099421f,0f,0f,0f,1f], start_interpolation: 0, interpolation_duration: 1 }
$data merge entity $(bone_leg_left_2) { transformation: [0.48012828333534907f,0.28402813747009303f,0.8607363406801268f,-0.4678049886234118f,-0.3803159466362952f,0.9472769746206203f,-0.10044059731223177f,0.22906135880629597f,-0.8227386047684185f,-0.27213333125431227f,0.5487320272636191f,0.6565248443837584f,0f,0f,0f,1f], start_interpolation: 0, interpolation_duration: 1 }
$data merge entity $(bone_leg_left_1) { transformation: [0.6579963965898448f,-0.7055013381485878f,0.2632652729573959f,-0.6865346676002874f,-0.04299549720645155f,0.313842760052777f,0.9485009800640299f,0.26487397622151515f,-0.7517926105614167f,-0.6354294483520633f,0.1761740243970232f,0.4895273305450494f,0f,0f,0f,1f], start_interpolation: 0, interpolation_duration: 1 }
$data merge entity $(bone_leg_left_0) { transformation: [0.6318109267603546f,0.6439002046989377f,0.43151764646986135f,-0.3953825434958794f,-0.05294422248688638f,0.5912582983319359f,-0.8047425265007948f,0.5563761487794825f,-0.7733122668957741f,0.48559875519021845f,0.4076542491207828f,0.5570862129213111f,0f,0f,0f,1f], start_interpolation: 0, interpolation_duration: 1 }
$data merge entity $(bone_leg_right_3) { transformation: [0.990517480895033f,-0.09283608681733019f,0.10127477981117977f,-0.11778591834476695f,0.08772887614400597f,0.9946917248517532f,0.05377747485660643f,0.018000326864876515f,-0.1057296757389688f,-0.04438280630929529f,0.993403947129386f,0.1409250685767383f,0f,0f,0f,1f], start_interpolation: 0, interpolation_duration: 1 }
$data merge entity $(bone_leg_right_2) { transformation: [0.9917797401202181f,-0.17695061799251283f,0.19267492151246568f,-0.15461695793951563f,0.18218686114511123f,1.0093328501393186f,-0.010832578475372182f,0.2526569328119013f,-0.18773144172955944f,0.04469760533184062f,1.007383357696778f,0.18276791592020122f,0f,0f,0f,1f], start_interpolation: 0, interpolation_duration: 1 }
$data merge entity $(bone_leg_right_1) { transformation: [0.8308466642690969f,-0.48240821446377535f,0.2774457335962956f,-0.2838400452429837f,-0.11474877376333978f,0.3393314513131086f,0.9336417327163286f,0.2930405341315625f,-0.5445425046704109f,-0.8075496769658268f,0.22657665334200738f,-0.059479775734395474f,0f,0f,0f,1f], start_interpolation: 0, interpolation_duration: 1 }
$data merge entity $(bone_leg_right_0) { transformation: [0.7700483944241272f,0.5555161079927035f,0.3137312926780863f,-0.18080391335802598f,-0.0436139768506238f,0.5364398881858002f,-0.8428108135201393f,0.5773455787348394f,-0.6364929624654913f,0.6353220444182975f,0.4373129412766762f,0.2283769172636438f,0f,0f,0f,1f], start_interpolation: 0, interpolation_duration: 1 }
$data merge entity $(bone_tail_4) { transformation: [2.6690023299327263f,0.6066754936121556f,-0.36610482086982576f,0.08569007091913786f,-0.5715938607201775f,2.6865913314341987f,0.2849014002240413f,0.08350763914975809f,0.4187700476403275f,-0.19958255162479674f,2.7222159693687527f,1.9072766350423629f,0f,0f,0f,1f], start_interpolation: 0, interpolation_duration: 1 }
$data merge entity $(bone_tail_3) { transformation: [2.0380245967840938f,0.41983019259617255f,-0.07838289566057643f,0.09487254542356802f,-0.4256133584118629f,2.0281993946823884f,-0.20299263680195753f,0.09808016559248625f,0.03541945918349465f,0.21469827861232824f,2.07089247357667f,1.5540288083401774f,0f,0f,0f,1f], start_interpolation: 0, interpolation_duration: 1 }
$data merge entity $(bone_tail_2) { transformation: [1.9376471988164787f,0.23642874382387447f,-0.09164418702403f,0.11339804206038417f,-0.2518587617700157f,1.8763743182932948f,-0.484314419330896f,0.18837341132593566f,0.02940020477998626f,0.4920312406199562f,1.8909824856977553f,1.2026381144986658f,0f,0f,0f,1f], start_interpolation: 0, interpolation_duration: 1 }
$data merge entity $(bone_tail_1) { transformation: [1.509861565510089f,0.07899689674820232f,0.041638843638812456f,0.10202969270671405f,-0.06524825381961791f,1.4574398478235873f,-0.39908395777010336f,0.25649846627676187f,-0.06096694488749086f,0.3965915156431272f,1.4583053354325268f,0.8840374011916362f,0f,0f,0f,1f], start_interpolation: 0, interpolation_duration: 1 }
$data merge entity $(bone_tail_0) { transformation: [1.2290745252879474f,0.05189345602176201f,0.3471578849664123f,0.0018343715534661076f,0.10337742762580679f,1.1545885171982015f,-0.5385853507064194f,0.44174790128029706f,-0.3354469187959645f,0.5459561720140209f,1.1060031371990402f,0.5740124735637924f,0f,0f,0f,1f], start_interpolation: 0, interpolation_duration: 1 }
$data merge entity $(bone_body_1) { transformation: [0.6748740344484969f,0.3044342734056595f,0.9901865510394634f,-0.24887593998898455f,0.06595122629390096f,1.1667503618170685f,-0.40366895348332216f,0.45700636175807674f,-1.0338278717628917f,0.2731628844333688f,0.6206340026058048f,0.41132430289005645f,0f,0f,0f,1f], start_interpolation: 0, interpolation_duration: 1 }