# This file was generated by Animated Java via MC-Build. It is not recommended to edit this file directly.
$data merge entity $(bone_head_lower) { transformation: [-0.6377130955429801f,0.6764607542902752f,0.3684058301357652f,-1.1790067802215234f,0.6710915297902088f,0.7227008081392519f,-0.16534721212862796f,0.614730779148024f,-0.37809809099865543f,0.14178994964349334f,-0.9148428519495951f,0.36561796272769437f,0f,0f,0f,1f], start_interpolation: 0, interpolation_duration: 1 }
$data merge entity $(bone_head_upper) { transformation: [-0.6637952954368982f,0.3088890304783167f,0.7398887181120646f,-1.121270840763574f,0.6985388937371577f,0.6943006450065593f,0.33684116563070327f,0.6537589055983014f,-0.39356214537962925f,0.7113410741530035f,-0.6500574255637288f,0.33665551924503856f,0f,0f,0f,1f], start_interpolation: 0, interpolation_duration: 1 }
$data merge entity $(bone_neck_0) { transformation: [-0.6294742488824872f,0.5077924749526894f,0.5881402659019795f,-1.091279613520056f,0.5209288492728908f,0.8374087314192438f,-0.16546827653068338f,0.6292983775980818f,-0.5765373396312253f,0.2022212128443386f,-0.7916509818643027f,0.28236974659073233f,0f,0f,0f,1f], start_interpolation: 0, interpolation_duration: 1 }
$data merge entity $(bone_neck_1) { transformation: [-0.42186550349055013f,0.3830326767306357f,0.8217758000338226f,-1.0198998337872023f,0.40031841789556344f,0.8919358062688846f,-0.2102276903480314f,0.6155983697546727f,-0.8134953357323311f,0.240284177698073f,-0.5296119831439838f,0.23861161963229097f,0f,0f,0f,1f], start_interpolation: 0, interpolation_duration: 1 }
$data merge entity $(bone_neck_2) { transformation: [-0.10561337804231444f,0.2507219538203627f,0.9622807886739666f,-0.9331420949643252f,0.23768550208440953f,0.9460081786084237f,-0.22039539038930644f,0.6055520919148297f,-0.9655834590947453f,0.2054434907181841f,-0.15950409287586992f,0.22664928499198092f,0f,0f,0f,1f], start_interpolation: 0, interpolation_duration: 1 }
$data merge entity $(bone_body_0) { transformation: [0.1650335634518909f,0.12313358644061025f,0.978571429597576f,-0.4707720485100188f,0.18992326606529336f,0.9696395743891405f,-0.15403976365061867f,0.5421907579509313f,-0.967829053057131f,0.21127521309590366f,0.1366371413262808f,0.2930585178085319f,0f,0f,0f,1f], start_interpolation: 0, interpolation_duration: 1 }
$data merge entity $(bone_leg_left_3) { transformation: [0.3364351323693825f,0.048876766102551136f,0.9404373787993296f,-0.552359433434832f,-0.0521192439353083f,0.9980879243702926f,-0.033227693838323774f,0.0044548249302299725f,-0.9402632536259239f,-0.03783592157669823f,0.33833926304706974f,0.7296466469844098f,0f,0f,0f,1f], start_interpolation: 0, interpolation_duration: 1 }
$data merge entity $(bone_leg_left_2) { transformation: [0.4861355436227967f,0.2271340308423403f,0.8741536276653973f,-0.47164537795821965f,-0.37098869105582144f,0.9553391079695592f,-0.04191395225113062f,0.2252721112464346f,-0.8234693824520443f,-0.29630983837519226f,0.5349400483669283f,0.6758317849249256f,0f,0f,0f,1f], start_interpolation: 0, interpolation_duration: 1 }
$data merge entity $(bone_leg_left_1) { transformation: [0.653153620432141f,-0.7207250916251644f,0.23226211576209732f,-0.69277013690267f,-0.03500775704620731f,0.2776590626667314f,0.9600416146530453f,0.25048359600355796f,-0.7564157620402823f,-0.6351856320957925f,0.15612305312185124f,0.5100560096202514f,0f,0f,0f,1f], start_interpolation: 0, interpolation_duration: 1 }
$data merge entity $(bone_leg_left_0) { transformation: [0.6260434643516528f,0.6196588968437526f,0.4733840220211966f,-0.4152147380356747f,-0.050467926107050726f,0.6379920140539885f,-0.7683873882604975f,0.5576633416366406f,-0.778153306988433f,0.4571531926670963f,0.43068363012453437f,0.5640086091593928f,0f,0f,0f,1f], start_interpolation: 0, interpolation_duration: 1 }
$data merge entity $(bone_leg_right_3) { transformation: [0.9921200197020411f,-0.07150382814327007f,0.1028837648381872f,-0.13243087186238806f,0.0710734749500614f,0.9974402130120448f,0.007847459780679564f,0.010632293025935602f,-0.10318152773120177f,-0.00047331526922400613f,0.9946624293234925f,0.13432114565931316f,0f,0f,0f,1f], start_interpolation: 0, interpolation_duration: 1 }
$data merge entity $(bone_leg_right_2) { transformation: [1.002978068169877f,-0.14909062705709095f,0.15449653457161933f,-0.1639650440264559f,0.16219587711747374f,1.0097449706418788f,-0.07854801849963404f,0.24332326683907476f,-0.14067583913739273f,0.1012387212871088f,1.0109516452807408f,0.1893809200670922f,0f,0f,0f,1f], start_interpolation: 0, interpolation_duration: 1 }
$data merge entity $(bone_leg_right_1) { transformation: [0.8491590802592937f,-0.4654311001443472f,0.24960518310246166f,-0.2867347182983244f,-0.05703750855748846f,0.3890314315218247f,0.9194570506041235f,0.2991104579198513f,-0.5250481682957722f,-0.7950021611961208f,0.30380254222562464f,-0.05316553331918575f,0f,0f,0f,1f], start_interpolation: 0, interpolation_duration: 1 }
$data merge entity $(bone_leg_right_0) { transformation: [0.775152199243722f,0.5146495260143051f,0.3664354423099276f,-0.20462802993824367f,0.0045923920548441854f,0.5754044990444409f,-0.8178560829477459f,0.5910775783869606f,-0.631757847551446f,0.6356457565756788f,0.4436625904947332f,0.23375078001475166f,0f,0f,0f,1f], start_interpolation: 0, interpolation_duration: 1 }
$data merge entity $(bone_tail_4) { transformation: [2.618445542987716f,0.7363894074699692f,-0.4765867293303453f,0.03317786609413598f,-0.7057755249513548f,2.659657157008535f,0.23187506798471705f,0.06895710134127582f,0.5208504376377231f,-0.09806008025341016f,2.7101218374592113f,1.9022424228859784f,0f,0f,0f,1f], start_interpolation: 0, interpolation_duration: 1 }
$data merge entity $(bone_tail_3) { transformation: [2.0139569362254646f,0.5113385792094137f,-0.1358522818574837f,0.051209543363594914f,-0.5247081133661677f,1.9989318765373791f,-0.25475139798421614f,0.09259240662257602f,0.06785558813763203f,0.28062383437494015f,2.0621812259798236f,1.5498265685407524f,0f,0f,0f,1f], start_interpolation: 0, interpolation_duration: 1 }
$data merge entity $(bone_tail_2) { transformation: [1.933197442540085f,0.2545683436908416f,-0.1292922331377857f,0.0767347555647247f,-0.2788153883240272f,1.8737965361380198f,-0.47950223711017f,0.18197053185825823f,0.06151018121397395f,0.49280358617854797f,1.8900092587231856f,1.1986407228114824f,0f,0f,0f,1f], start_interpolation: 0, interpolation_duration: 1 }
$data merge entity $(bone_tail_1) { transformation: [1.511557421471881f,0.04187274996601439f,-0.03312226446914034f,0.08190634673423647f,-0.04950216982077179f,1.4506767894633592f,-0.42513837476204924f,0.25576983469159753f,0.019998669363622948f,0.42595748065102107f,1.451143179669436f,0.8811449046580511f,0f,0f,0f,1f], start_interpolation: 0, interpolation_duration: 1 }
$data merge entity $(bone_tail_0) { transformation: [1.23195174979117f,-0.02291765564964146f,0.3400079173049165f,-0.01800491307654295f,0.1711093551333901f,1.1445017951186944f,-0.5428378635835465f,0.4420185422237273f,-0.2947069584457379f,0.568705669581057f,1.106145282778918f,0.571627424688962f,0f,0f,0f,1f], start_interpolation: 0, interpolation_duration: 1 }
$data merge entity $(bone_body_1) { transformation: [0.6623189886319916f,0.3096105817286011f,0.9970353253698805f,-0.27065612981396164f,0.10509154965346984f,1.1549785897158102f,-0.4284679901063327f,0.46383534372652147f,-1.0386981845296441f,0.3142774889106846f,0.5924021746035936f,0.41273339817971644f,0f,0f,0f,1f], start_interpolation: 0, interpolation_duration: 1 }