# This file was generated by Animated Java via MC-Build. It is not recommended to edit this file directly.
$data merge entity $(bone_head_lower) { transformation: [-0.730201489817475f,0.6179137583900776f,0.2915276512795819f,-1.2229063110644143f,0.6401697734024282f,0.7678564022097742f,-0.024066715757359414f,0.5110597329921212f,-0.23872252824194112f,0.1690536387591548f,-0.9562595995502817f,0.40254788075105385f,0f,0f,0f,1f], start_interpolation: 0, interpolation_duration: 1 }
$data merge entity $(bone_head_upper) { transformation: [-0.760066426500389f,0.31101143525006303f,0.6395645839429608f,-1.1720686803840086f,0.6663524503971819f,0.6385132506198324f,0.4814012704761733f,0.5587907694363137f,-0.24848618017931645f,0.7609498396807103f,-0.6653434469003967f,0.373690646674263f,0f,0f,0f,1f], start_interpolation: 0, interpolation_duration: 1 }
$data merge entity $(bone_neck_0) { transformation: [-0.7628919200631815f,0.35875448380875274f,0.537857916786049f,-1.1428665274862315f,0.4707763168095868f,0.8784511835656852f,0.08181184280559113f,0.5496698471867191f,-0.4431315581557158f,0.315624362873278f,-0.8390564246386085f,0.3144556967059497f,0f,0f,0f,1f], start_interpolation: 0, interpolation_duration: 1 }
$data merge entity $(bone_neck_1) { transformation: [-0.5468873256733208f,0.2143837608608066f,0.8092921945113893f,-1.0733212174627482f,0.4347829535527238f,0.8988103264351356f,0.05571158222071365f,0.5585300562379261f,-0.7154565230102061f,0.3823344088265427f,-0.5847583804524776f,0.26668035375754423f,0f,0f,0f,1f], start_interpolation: 0, interpolation_duration: 1 }
$data merge entity $(bone_neck_2) { transformation: [-0.2469529060853123f,0.03912966932376743f,0.9682371254783778f,-0.9881132795736782f,0.2689617874037527f,0.9626929992594478f,0.02969420976263799f,0.570556857865581f,-0.930953177712283f,0.2677518592941265f,-0.24826421963694406f,0.24755200418310222f,0f,0f,0f,1f], start_interpolation: 0, interpolation_duration: 1 }
$data merge entity $(bone_body_0) { transformation: [0.12232645363501321f,-0.009145310706851234f,0.9924477830259668f,-0.5204634816288476f,0.242333321077702f,0.969967239819024f,-0.020931200952539086f,0.5699322117669788f,-0.9624504144300279f,0.2430636068397311f,0.1208688661050824f,0.30683253220483664f,0f,0f,0f,1f], start_interpolation: 0, interpolation_duration: 1 }
$data merge entity $(bone_leg_left_3) { transformation: [0.34507198772212233f,0.05775658352860895f,0.9367974702936627f,-0.5268214503905899f,-0.10426820950579363f,0.9942856890283234f,-0.02289342874992069f,-0.004923138791483123f,-0.932766564460776f,-0.08977831393256716f,0.3491223146283635f,0.7780299550756377f,0f,0f,0f,1f], start_interpolation: 0, interpolation_duration: 1 }
$data merge entity $(bone_leg_left_2) { transformation: [0.4792863975067111f,0.10351213811832743f,0.9009062026248378f,-0.4741073298390861f,-0.3481428335139114f,0.9619147087423072f,0.07469176714204333f,0.22106599210653224f,-0.8373430098464058f,-0.34068685015431477f,0.48461464432473306f,0.7122940723595989f,0f,0f,0f,1f], start_interpolation: 0, interpolation_duration: 1 }
$data merge entity $(bone_leg_left_1) { transformation: [0.6277976345080776f,-0.7589243618939451f,0.1729275658474682f,-0.7019577744582896f,-0.017772449429505302f,0.2081303789029098f,0.9779396123580467f,0.22609621165235716f,-0.778173676082234f,-0.6170215217491196f,0.11717581470193703f,0.5539518561381573f,0f,0f,0f,1f], start_interpolation: 0, interpolation_duration: 1 }
$data merge entity $(bone_leg_left_0) { transformation: [0.5996552979219614f,0.570400828224987f,0.5612988676581959f,-0.45396781266510505f,-0.04512800170084774f,0.7243836993225915f,-0.6879183960457852f,0.5612663648019696f,-0.7989849730355459f,0.38718361447247013f,0.4601215725734032f,0.5756134777748996f,0f,0f,0f,1f], start_interpolation: 0, interpolation_duration: 1 }
$data merge entity $(bone_leg_right_3) { transformation: [0.9909504546931964f,-0.016915754810574956f,0.13315800232256347f,-0.1668881615662325f,0.03246024141077236f,0.9927830105250353f,-0.11544793952428178f,0.001438654700688352f,-0.1302441133829154f,0.11872552906614656f,0.9843478651762607f,0.10176741388826865f,0f,0f,0f,1f], start_interpolation: 0, interpolation_duration: 1 }
$data merge entity $(bone_leg_right_2) { transformation: [1.0184150109447931f,-0.07701365531726832f,0.09466763902033473f,-0.1834942256606602f,0.09722811600572014f,0.9929061114490172f,-0.23821491726141886f,0.22537088211777115f,-0.07375471809308005f,0.2454965381478107f,0.9931535081834758f,0.18979961382290225f,0f,0f,0f,1f], start_interpolation: 0, interpolation_duration: 1 }
$data merge entity $(bone_leg_right_1) { transformation: [0.8722999358016176f,-0.44490280377126595f,0.20286526858227932f,-0.2977472289245931f,0.06088899979242504f,0.5104859124916414f,0.8577276157684641f,0.3197759380816756f,-0.48516528287251964f,-0.735843480873509f,0.4723865154205672f,-0.04482204398683495f,0f,0f,0f,1f], start_interpolation: 0, interpolation_duration: 1 }
$data merge entity $(bone_leg_right_0) { transformation: [0.775209587007149f,0.43101008523059414f,0.4618229126426292f,-0.25625191235285405f,0.0994238344453024f,0.6387157977051606f,-0.7629921565167321f,0.6211082802755632f,-0.6238309044576091f,0.6373950393526582f,0.45228593439573683f,0.2411573902650184f,0f,0f,0f,1f], start_interpolation: 0, interpolation_duration: 1 }
$data merge entity $(bone_tail_4) { transformation: [2.4439445527825394f,1.0572132074945675f,-0.7315029654236569f,-0.08536255481581564f,-1.0651943774722963f,2.5449529196778005f,0.11931850830799545f,0.021595740157491793f,0.7198314335495235f,0.17656784000062573f,2.660136807901344f,1.8716962111083848f,0f,0f,0f,1f], start_interpolation: 0, interpolation_duration: 1 }
$data merge entity $(bone_tail_3) { transformation: [1.9250438917004618f,0.7409372540633615f,-0.28489213153793946f,-0.04430602996123703f,-0.7839559143240332f,1.8919186221067834f,-0.3768322939536684f,0.06697866270906273f,0.12475842844294788f,0.4556330090226788f,2.027998871219072f,1.5233638187841723f,0f,0f,0f,1f], start_interpolation: 0, interpolation_duration: 1 }
$data merge entity $(bone_tail_2) { transformation: [1.9120777979260486f,0.34131579820611735f,-0.21502533705582652f,-0.002838196002565775f,-0.3859238163360154f,1.8509882548955825f,-0.49363869705081637f,0.1589000968839974f,0.11745287423344027f,0.5254711039974541f,1.8785257028320843f,1.1743618808882061f,0f,0f,0f,1f], start_interpolation: 0, interpolation_duration: 1 }
$data merge entity $(bone_tail_1) { transformation: [1.4999737054863693f,-0.0015435527213263237f,-0.1942491963805469f,0.037547899422666564f,-0.06263395865838658f,1.4278336291705158f,-0.4949993582142649f,0.248024483693866f,0.1838807224052356f,0.49894387946416496f,1.4159446087587528f,0.8633916508485816f,0f,0f,0f,1f], start_interpolation: 0, interpolation_duration: 1 }
$data merge entity $(bone_tail_0) { transformation: [1.2294556865003716f,-0.1500479288972584f,0.3158481447619593f,-0.058371193281874234f,0.28180534207600794f,1.1087196086384306f,-0.570230037074598f,0.44141433307328654f,-0.20702700474419372f,0.6181117739036497f,1.0995059667197622f,0.5570065906505948f,0f,0f,0f,1f], start_interpolation: 0, interpolation_duration: 1 }
$data merge entity $(bone_body_1) { transformation: [0.62183884402945f,0.33747336510917986f,1.013919511082736f,-0.3168245028765305f,0.18820958498451007f,1.1201684905187619f,-0.4882666280067965f,0.4794781874530428f,-1.0519021813991671f,0.39992358738520944f,0.5120229683098884f,0.41103073115198896f,0f,0f,0f,1f], start_interpolation: 0, interpolation_duration: 1 }