# This file was generated by Animated Java via MC-Build. It is not recommended to edit this file directly.
$data merge entity $(bone_head_lower) { transformation: [-0.7698887162616067f,0.5922402134836016f,0.2377454397164198f,-1.235208343219001f,0.6168445576903228f,0.7861041224572999f,0.039282315403612156f,0.46522033428105336f,-0.16362810339573552f,0.17689499198263686f,-0.9705328462193219f,0.4200758817847945f,0f,0f,0f,1f], start_interpolation: 0, interpolation_duration: 1 }
$data merge entity $(bone_head_upper) { transformation: [-0.8013768439697414f,0.3286762198560678f,0.5772686021547769f,-1.188281399268906f,0.6420732430812913f,0.6151825840363154f,0.5410769643969165f,0.5165338349356875f,-0.17032042464624472f,0.7726540450829434f,-0.6763642673506601f,0.390745981105311f,0f,0f,0f,1f], start_interpolation: 0, interpolation_duration: 1 }
$data merge entity $(bone_neck_0) { transformation: [-0.8210588562137594f,0.29522736820105944f,0.4885725695309037f,-1.1612161699437744f,0.43219737582964723f,0.8806224430623281f,0.19418944641999372f,0.5146566814513691f,-0.37291793059454814f,0.3706007472199876f,-0.8506393496665123f,0.32984699990963556f,0f,0f,0f,1f], start_interpolation: 0, interpolation_duration: 1 }
$data merge entity $(bone_neck_1) { transformation: [-0.6128853854118916f,0.1466421838308859f,0.7764454741125265f,-1.09476548522896f,0.4403793729932355f,0.8792639150787562f,0.18155157802250715f,0.5340871419231155f,-0.6560773675341972f,0.45320087992157126f,-0.6034661964416166f,0.28081333238089107f,0f,0f,0f,1f], start_interpolation: 0, interpolation_duration: 1 }
$data merge entity $(bone_neck_2) { transformation: [-0.31955232718237664f,-0.05883309458706763f,0.9457404385843068f,-1.0124875425223767f,0.27431354330366814f,0.9495900235556283f,0.15175924065376684f,0.5566794694230647f,-0.9069941511126266f,0.3079244292759678f,-0.2873049872566704f,0.25865803332518233f,0f,0f,0f,1f], start_interpolation: 0, interpolation_duration: 1 }
$data merge entity $(bone_body_0) { transformation: [0.09332973505228631f,-0.06678668737155272f,0.9933927214073017f,-0.5449415048263939f,0.26802178488052397f,0.9626012910173442f,0.03953577318328788f,0.5844825116137528f,-0.9588815794374863f,0.2625610270426225f,0.1077396106072186f,0.31193652976468944f,0f,0f,0f,1f], start_interpolation: 0, interpolation_duration: 1 }
$data merge entity $(bone_leg_left_3) { transformation: [0.3396433486794754f,0.059719135687965344f,0.9386564976233189f,-0.5079889639415246f,-0.1250580151677303f,0.9919886433208913f,-0.01786125316670706f,-0.006201120136169552f,-0.9322032442231147f,-0.1113200626799134f,0.34439070124618654f,0.79613381839904f,0f,0f,0f,1f], start_interpolation: 0, interpolation_duration: 1 }
$data merge entity $(bone_leg_left_2) { transformation: [0.46147150732759606f,0.03901557564544858f,0.9151961714750264f,-0.46989491204733397f,-0.33548549295143604f,0.9607681007823287f,0.1282042902517052f,0.22119415108824486f,-0.8523823856958935f,-0.35702190531795935f,0.4450189065412904f,0.7253432406285956f,0f,0f,0f,1f], start_interpolation: 0, interpolation_duration: 1 }
$data merge entity $(bone_leg_left_1) { transformation: [0.6032190529500199f,-0.7839560584108264f,0.1467640032127872f,-0.7026685713075321f,-0.008902887011407599f,0.17738278478902308f,0.9841016645973897f,0.21736775515353102f,-0.7975258696499716f,-0.5949354974629208f,0.10002120324013156f,0.574296334309619f,0f,0f,0f,1f], start_interpolation: 0, interpolation_duration: 1 }
$data merge entity $(bone_leg_left_0) { transformation: [0.5749576780124731f,0.5482211429985411f,0.6073526544470509f,-0.47000787204578864f,-0.04210889672643471f,0.7611622688914128f,-0.6471930478864545f,0.5640141204636187f,-0.8170988369291612f,0.34653366183597434f,0.46072107820628605f,0.5778424590669904f,0f,0f,0f,1f], start_interpolation: 0, interpolation_duration: 1 }
$data merge entity $(bone_leg_right_3) { transformation: [0.9855355635655694f,0.015741637534312555f,0.16873604770538547f,-0.1871167893858745f,0.016159791758497438f,0.9824102369358286f,-0.18603490934233263f,0.0011528062221561053f,-0.16869651471745928f,0.18607075861463634f,0.9679458449266443f,0.07432489161658239f,0f,0f,0f,1f], start_interpolation: 0, interpolation_duration: 1 }
$data merge entity $(bone_leg_right_2) { transformation: [1.0217670254584483f,-0.03261149550512608f,0.08361121663633675f,-0.19371966771447646f,0.0572578028448086f,0.9727171292763468f,-0.3203203551547436f,0.21790359449170946f,-0.06910780853039972f,0.3237592875486281f,0.9708070014306778f,0.1799022085379766f,0f,0f,0f,1f], start_interpolation: 0, interpolation_duration: 1 }
$data merge entity $(bone_leg_right_1) { transformation: [0.8736379694937139f,-0.4474011840642549f,0.1912821966540626f,-0.30801043235382825f,0.11547605119305036f,0.5725291726744896f,0.8117115423828366f,0.33269152061306206f,-0.4726753429784137f,-0.6870535109688083f,0.5518473459260921f,-0.04543029864790807f,0f,0f,0f,1f], start_interpolation: 0, interpolation_duration: 1 }
$data merge entity $(bone_leg_right_0) { transformation: [0.7664002793032221f,0.3966924764736869f,0.5052382517121176f,-0.2824992964893697f,0.14162947636166745f,0.6628224551450603f,-0.7352601474179015f,0.6363238737261678f,-0.6265554271646391f,0.6350602113694794f,0.45180396703204034f,0.23998843699212738f,0f,0f,0f,1f], start_interpolation: 0, interpolation_duration: 1 }
$data merge entity $(bone_tail_4) { transformation: [2.3240025442588936f,1.225557846547668f,-0.8501067407353229f,-0.1345608118270994f,-1.2630303544346488f,2.454209527471011f,0.0852716286181944f,-0.002282222746975343f,0.7933648780068824f,0.3170566063591125f,2.625968128197516f,1.8444165782039963f,0f,0f,0f,1f], start_interpolation: 0, interpolation_duration: 1 }
$data merge entity $(bone_tail_3) { transformation: [1.8599655584510009f,0.8643797432027724f,-0.35961271801927497f,-0.08204241840583756f,-0.9263728238973152f,1.8148438173061066f,-0.429093038832787f,0.05271642835948635f,0.13530350536854102f,0.5432633839777453f,2.0056179554213407f,1.4990216301174835f,0f,0f,0f,1f], start_interpolation: 0, interpolation_duration: 1 }
$data merge entity $(bone_tail_2) { transformation: [1.8959770809615681f,0.405410887124019f,-0.2443088129244309f,-0.03512750422531259f,-0.45678544373209623f,1.8315028257444146f,-0.5056860020679552f,0.14682039533406424f,0.12406386204572474f,0.5477346865904292f,1.8717288121527542f,1.1512934054991442f,0f,0f,0f,1f], start_interpolation: 0, interpolation_duration: 1 }
$data merge entity $(bone_tail_1) { transformation: [1.4900484497700544f,-0.004366803894637853f,-0.25960122950711334f,0.019365613233934778f,-0.08817708376419733f,1.4138912925939873f,-0.5298985418226262f,0.24364953093078862f,0.24420620228958329f,0.5371671934795064f,1.3926489101753716f,0.8448112760886481f,0f,0f,0f,1f], start_interpolation: 0, interpolation_duration: 1 }
$data merge entity $(bone_tail_0) { transformation: [1.2245492005818555f,-0.1931617461883514f,0.3114538677682996f,-0.0763097828123181f,0.3213987880004215f,1.088011091113845f,-0.5888721433971454f,0.44198730364366584f,-0.17611868444383355f,0.6424609887041819f,1.090899538714288f,0.5415288041133146f,0f,0f,0f,1f], start_interpolation: 0, interpolation_duration: 1 }
$data merge entity $(bone_body_1) { transformation: [0.5897356544691992f,0.3601996173681365f,1.0252183614000892f,-0.33892069120043883f,0.2274223434221802f,1.0997234918798295f,-0.5171962047194933f,0.48815399511645396f,-1.0625890694978937f,0.43528045225088197f,0.45830120262565155f,0.4056609668557291f,0f,0f,0f,1f], start_interpolation: 0, interpolation_duration: 1 }