# This file was generated by Animated Java via MC-Build. It is not recommended to edit this file directly.
$data merge entity $(bone_head_lower) { transformation: [-0.9377495166783208f,0.20268488913392313f,0.2820366637271559f,-0.8516896281591557f,0.3253630060524783f,0.7967724555106666f,0.5092077851250879f,0.6110083492861526f,-0.12151032162771319f,0.5692736511171689f,-0.8131191498677531f,-0.19016541079728336f,0f,0f,0f,1f], start_interpolation: 0, interpolation_duration: 1 }
$data merge entity $(bone_head_upper) { transformation: [-0.976103081181499f,0.2205920530825028f,0.2864155435871757f,-0.8272945692231897f,0.3386702174321055f,0.8464775254853675f,0.5022451844031621f,0.6647443711263357f,-0.126480043152986f,0.5641692011697576f,-0.8655563839051755f,-0.237205580313336f,0f,0f,0f,1f], start_interpolation: 0, interpolation_duration: 1 }
$data merge entity $(bone_neck_0) { transformation: [-0.771133021399538f,0.42639535407517615f,0.47280108431593604f,-0.8033943883396774f,0.3185512030315853f,0.9013721352825663f,-0.2933486062405556f,0.6310420085323153f,-0.5512522057591691f,-0.07559944285014357f,-0.8309065710935247f,-0.2895283130746651f,0f,0f,0f,1f], start_interpolation: 0, interpolation_duration: 1 }
$data merge entity $(bone_neck_1) { transformation: [-0.5030354130985475f,0.23256035059751615f,0.8323887652405779f,-0.7318087583560977f,0.2914778658963112f,0.9523413365475158f,-0.08992570486475647f,0.6278114385502014f,-0.813631382667425f,0.19738708679356842f,-0.5468476123252645f,-0.3349441455780546f,0f,0f,0f,1f], start_interpolation: 0, interpolation_duration: 1 }
$data merge entity $(bone_neck_2) { transformation: [-0.15321797044739488f,0.08657745982112736f,0.9843925014865271f,-0.6447209448395556f,0.1638917035183998f,0.9845852514694451f,-0.061085121811178145f,0.6320996287187967f,-0.9745069333000244f,0.15197442561092525f,-0.16504548133896668f,-0.34791544297371113f,0f,0f,0f,1f], start_interpolation: 0, interpolation_duration: 1 }
$data merge entity $(bone_body_0) { transformation: [0.1591193539117966f,0.37042705600615433f,0.9151310438343275f,-0.20989433487957276f,0.14032652898460174f,0.9090435751503327f,-0.39236238828541525f,0.4558404828366124f,-0.977235640198323f,0.1908496126705914f,0.09266568334426231f,-0.3024243727871696f,0f,0f,0f,1f], start_interpolation: 0, interpolation_duration: 1 }
$data merge entity $(bone_leg_left_3) { transformation: [-0.1004069111187253f,-0.005489013851919227f,0.9949313156829122f,0.019261531724426233f,-0.05379894412380637f,0.9985517849675282f,0.00007968266489897201f,0.006484544032214767f,-0.9934908785745142f,-0.053518253569197906f,-0.10055680347019322f,0.1521941534604347f,0f,0f,0f,1f], start_interpolation: 0, interpolation_duration: 1 }
$data merge entity $(bone_leg_left_2) { transformation: [0.14396851317301856f,0.04856816697104197f,1.0143847395700107f,0.062155082569125275f,-0.39948901793413916f,0.9446370589694919f,0.011469562859152209f,0.2264127732056802f,-0.9336722076111411f,-0.3966915167724614f,0.15150659641083816f,0.06295969052949915f,0f,0f,0f,1f], start_interpolation: 0, interpolation_duration: 1 }
$data merge entity $(bone_leg_left_1) { transformation: [0.2593089583295729f,-0.9576860118107903f,0.12488541512912965f,-0.2098060332233721f,-0.014778171988595708f,0.12535882568285212f,0.992001396398257f,0.20815113115219186f,-0.9656813500128846f,-0.25908042690515914f,0.01835381791162667f,0.010834364763843085f,0f,0f,0f,1f], start_interpolation: 0, interpolation_duration: 1 }
$data merge entity $(bone_leg_left_0) { transformation: [0.23334524313174915f,0.4643291051869601f,0.8543702239568405f,-0.0699140478891185f,-0.06690846819438437f,0.884210122639296f,-0.4622723395424845f,0.585172795813151f,-0.9700893022766852f,0.05070444850777818f,0.2373937752129489f,-0.10138049779889133f,0f,0f,0f,1f], start_interpolation: 0, interpolation_duration: 1 }
$data merge entity $(bone_leg_right_3) { transformation: [0.42823269889760235f,-0.12586538253256785f,0.8948601349232217f,-0.15276258148582417f,0.12735228513413502f,0.9887754872286214f,0.07813086027246902f,0.09652409414208335f,-0.8946497365259711f,0.08050429389624178f,0.4394552395845089f,-0.6633051538011838f,0f,0f,0f,1f], start_interpolation: 0, interpolation_duration: 1 }
$data merge entity $(bone_leg_right_2) { transformation: [0.4495428458882485f,0.15001202568872052f,0.9096536821011368f,-0.09038003387840726f,0.1704992116415326f,0.9810474716798792f,-0.24604486712960888f,0.3173364381379267f,-0.906037222216066f,0.2590452662373464f,0.405036173075581f,-0.5889990399269857f,0f,0f,0f,1f], start_interpolation: 0, interpolation_duration: 1 }
$data merge entity $(bone_leg_right_1) { transformation: [0.2660357247906364f,-0.8841089522484931f,0.38415667856903535f,-0.34564076971178853f,-0.18570461424397264f,0.34404763541136785f,0.9204048135556137f,0.3582901859395972f,-0.9459063322462845f,-0.3162002294779668f,-0.07265414987778131f,-0.689885773160665f,0f,0f,0f,1f], start_interpolation: 0, interpolation_duration: 1 }
$data merge entity $(bone_leg_right_0) { transformation: [0.32485015607789847f,0.9180614655276974f,0.2272345079632528f,-0.041450465441173714f,-0.15061737931508287f,0.28741721595345715f,-0.9458888671624274f,0.5656539214906077f,-0.9336952292608234f,0.2730466800506836f,0.23164353944990165f,-0.49297000809718805f,0f,0f,0f,1f], start_interpolation: 0, interpolation_duration: 1 }
$data merge entity $(bone_tail_4) { transformation: [-0.6251543542171151f,1.4494237363844564f,-2.2658363130219055f,0.021705027102249086f,-2.6798789379132715f,-0.13636070271374143f,0.6521625322603661f,0.3925132926043655f,0.2304175408518642f,2.3465374326357407f,1.4374738834869463f,0.7727635719180099f,0f,0f,0f,1f], start_interpolation: 0, interpolation_duration: 1 }
$data merge entity $(bone_tail_3) { transformation: [0.053415461945132955f,1.092992429939612f,-1.7715698864465759f,0.31140202402826567f,-2.0807952133634333f,-0.021485261734347925f,-0.07599466834242963f,0.40560943019195234f,-0.05816867295595902f,1.7722447510621528f,1.0916549243527616f,0.5703164316885165f,0f,0f,0f,1f], start_interpolation: 0, interpolation_duration: 1 }
$data merge entity $(bone_tail_2) { transformation: [0.6501848381347589f,1.247451657268701f,-1.3564283667190185f,0.5643367054311721f,-1.8298115084562347f,0.2663239909251898f,-0.6321671063742368f,0.5218382421240206f,-0.2186856071705977f,1.4804424236146525f,1.2566784435889622f,0.3368932233530755f,0f,0f,0f,1f], start_interpolation: 0, interpolation_duration: 1 }
$data merge entity $(bone_tail_1) { transformation: [1.1921452469084053f,0.9287168255695046f,0.06269783232137367f,0.5383532855919032f,-0.8915396248467665f,1.1685174530671714f,-0.35690378143905693f,0.5852077870938024f,-0.26758747654138026f,0.2443527568526976f,1.4684498366020893f,0.01816788758165111f,0f,0f,0f,1f], start_interpolation: 0, interpolation_duration: 1 }
$data merge entity $(bone_tail_0) { transformation: [0.9738480566039197f,0.16183785114181576f,0.8119508539133362f,0.3049878102216881f,-0.19985842679172022f,1.2624382110449586f,-0.011920114008321245f,0.6191560043250738f,-0.8034377937794159f,-0.11787276960957627f,0.9871319254767623f,-0.27313948402578553f,0f,0f,0f,1f], start_interpolation: 0, interpolation_duration: 1 }
$data merge entity $(bone_body_1) { transformation: [0.08952118255746679f,-0.1661710758721402f,1.2218746770734135f,0.0321118647321004f,-0.061389064947824874f,1.222970665604229f,0.1708178235215265f,0.49706750000000005f,-1.2315932508886993f,-0.07303779618317532f,0.0803003097774877f,-0.28688856733563733f,0f,0f,0f,1f], start_interpolation: 0, interpolation_duration: 1 }