# This file was generated by Animated Java via MC-Build. It is not recommended to edit this file directly.
$data merge entity $(bone_head_lower) { transformation: [0.6492256854630749f,0.27683712416541767f,-0.7084258719293229f,0.7878530989016663f,-0.509178533625108f,0.8500976310364614f,-0.134429307078408f,0.3296882880825301f,0.5650161327169212f,0.44799020568536696f,0.6928647381557218f,-0.5368318923351182f,0f,0f,0f,1f], start_interpolation: 0, interpolation_duration: 1 }
$data merge entity $(bone_head_upper) { transformation: [0.6757787454878125f,0.7434401989099834f,-0.27219790663249016f,0.7859920265309752f,-0.5300037234926527f,0.6906696798984562f,0.5705640971322986f,0.38436575055587935f,0.5881250571216547f,-0.23182753610638127f,0.8269442866795815f,-0.484847587021847f,0f,0f,0f,1f], start_interpolation: 0, interpolation_duration: 1 }
$data merge entity $(bone_neck_0) { transformation: [0.6037570425340562f,0.5503968783305425f,-0.5766634286258525f,0.7395748256682785f,-0.49476218336218336f,0.8259239913112587f,0.2702960275164341f,0.38859717354417705f,0.6250502503840913f,0.12211812683002354f,0.7709729875905581f,-0.43717920360198415f,0f,0f,0f,1f], start_interpolation: 0, interpolation_duration: 1 }
$data merge entity $(bone_neck_1) { transformation: [0.6163813046342398f,0.4613131153689918f,-0.6381726231090985f,0.6876384403336251f,-0.22606764212268843f,0.8799825045514855f,0.4177609518233873f,0.42804097867676627f,0.7542993493848983f,-0.11322986033661607f,0.64669273248249f,-0.3829174771314417f,0f,0f,0f,1f], start_interpolation: 0, interpolation_duration: 1 }
$data merge entity $(bone_neck_2) { transformation: [0.4820141787190348f,0.3621964957202196f,-0.7977944785480826f,0.6212917906201347f,-0.31357695599162655f,0.9215545208027333f,0.2289252232915149f,0.457119139906512f,0.8181270220356005f,0.1398247605971037f,0.5577788200883236f,-0.33268289735383283f,0f,0f,0f,1f], start_interpolation: 0, interpolation_duration: 1 }
$data merge entity $(bone_body_0) { transformation: [0.5325742806501826f,0.18053236804103226f,-0.8269054962203586f,0.2332941276181414f,-0.2961394867606721f,0.9549795155861065f,0.017763141390275988f,0.47458821544232094f,0.7928846321950415f,0.23541917700226223f,0.5620602913642905f,-0.06554332782501762f,0f,0f,0f,1f], start_interpolation: 0, interpolation_duration: 1 }
$data merge entity $(bone_leg_left_3) { transformation: [0.13152387983394567f,0.21865164463981415f,-0.9668986127457887f,-0.4614082940433461f,-0.06924701998546717f,0.9750155164883137f,0.21106774464649725f,0.07899633772021009f,0.9888914597955424f,0.039194398877020156f,0.14337879843306997f,-0.427859700612388f,0f,0f,0f,1f], start_interpolation: 0, interpolation_duration: 1 }
$data merge entity $(bone_leg_left_2) { transformation: [0.06550521798201618f,0.17479013141177258f,-1.0085730890118367f,-0.4517327708052916f,-0.30764302435949686f,0.9672729406235318f,0.14765170978062445f,0.3085520842392053f,0.9762822519542007f,0.2930762150009019f,0.11419937049158611f,-0.35450020527475434f,0f,0f,0f,1f], start_interpolation: 0, interpolation_duration: 1 }
$data merge entity $(bone_leg_left_1) { transformation: [-0.016601427991066203f,0.9974606170358791f,-0.06925828507161375f,-0.17675006426496165f,0.08630492475495123f,0.07043884602105271f,0.9937755425317452f,0.27326317285451507f,0.9961304395267218f,0.010520762026860898f,-0.08725514892930114f,-0.36685291739816733f,0f,0f,0f,1f], start_interpolation: 0, interpolation_duration: 1 }
$data merge entity $(bone_leg_left_0) { transformation: [-0.04332087148564921f,0.4431326367711639f,-0.8954087157951723f,0.06509291510475453f,0.034423141080655f,0.8963800025271021f,0.44194789107727794f,0.5932363459323441f,0.9984680012157952f,-0.01167721275595296f,-0.05408598016479893f,-0.250937342928911f,0f,0f,0f,1f], start_interpolation: 0, interpolation_duration: 1 }
$data merge entity $(bone_leg_right_3) { transformation: [-0.38034750693127906f,-0.126493849416676f,-0.9161523235963068f,0.1166175964847201f,0.011050310057487092f,0.9899101052662542f,-0.1412652616158251f,0.01519096302243797f,0.9247776298217826f,-0.06385365730720043f,-0.37511204436768064f,0.2785498100033535f,0f,0f,0f,1f], start_interpolation: 0, interpolation_duration: 1 }
$data merge entity $(bone_leg_right_2) { transformation: [-0.40049245287557855f,0.008643005400125851f,-0.9442421792887937f,0.09007227106330046f,0.1838718584663968f,1.0067391227800881f,-0.0687726532045029f,0.24744975298928695f,0.9262068528976182f,-0.1961219942340146f,-0.3946380981657213f,0.21920107583469822f,0f,0f,0f,1f], start_interpolation: 0, interpolation_duration: 1 }
$data merge entity $(bone_leg_right_1) { transformation: [-0.24201461854592118f,0.8973089698162496f,-0.3691416220062062f,0.34860109221971675f,-0.18257363948806227f,0.3315406984797568f,0.9256066288740796f,0.28479222740985705f,0.9529406018079801f,0.29140586462673607f,0.08358726868960986f,0.3129121952143556f,0f,0f,0f,1f], start_interpolation: 0, interpolation_duration: 1 }
$data merge entity $(bone_leg_right_0) { transformation: [-0.2970503316974402f,-0.9368894866940115f,-0.184388693147579f,0.030297935861452626f,-0.16794036214423771f,0.2413565678064742f,-0.9557944559054217f,0.4768916730162308f,0.9399771992986334f,-0.2529527562587728f,-0.22903660820879013f,0.12294329719538162f,0f,0f,0f,1f], start_interpolation: 0, interpolation_duration: 1 }
$data merge entity $(bone_tail_4) { transformation: [-0.23328081730724218f,-2.040414605458306f,1.84606327890159f,-0.8543935980775081f,2.6703961894308104f,0.27885833262340487f,0.6456652022526096f,0.33423762630832843f,-0.6634949761300933f,1.8397303062565769f,1.9495712729959909f,0.9752894204772016f,0f,0f,0f,1f], start_interpolation: 0, interpolation_duration: 1 }
$data merge entity $(bone_tail_3) { transformation: [-0.2964404465057839f,-2.010922302345848f,0.451951415141019f,-0.9113494031842386f,2.053897737455156f,-0.2501205947851116f,0.23428465204826918f,0.2969592334864681f,-0.17196706602279357f,0.4791416367180586f,2.019107759930385f,0.6282345816865159f,0f,0f,0f,1f], start_interpolation: 0, interpolation_duration: 1 }
$data merge entity $(bone_tail_2) { transformation: [0.6294274703079432f,-1.823390928857159f,-0.3127945894448078f,-0.8531700263360189f,1.7935216413418391f,0.682452301873017f,-0.3692057051420967f,0.367082369781194f,0.4537345663083164f,-0.16816138448651993f,1.8933094219137445f,0.27656799266378157f,0f,0f,0f,1f], start_interpolation: 0, interpolation_duration: 1 }
$data merge entity $(bone_tail_1) { transformation: [0.507040270818556f,-1.090173966208509f,-0.9176530592601181f,-0.6428594877643788f,1.127647030006693f,0.9024546785500607f,-0.4490478581178089f,0.45160356036615784f,0.8711937726392049f,-0.5336220821558227f,1.1153139172225703f,0.0422555459038302f,0f,0f,0f,1f], start_interpolation: 0, interpolation_duration: 1 }
$data merge entity $(bone_tail_0) { transformation: [0.5520227439657076f,0.11190730673596447f,-1.1474246648158217f,-0.304854809417867f,-0.11903155050899464f,1.270913167241132f,0.06668528998637442f,0.4627859673804359f,1.1467075026841078f,0.07805249910313529f,0.5592901101000799f,-0.11929847753730648f,0f,0f,0f,1f], start_interpolation: 0, interpolation_duration: 1 }
$data merge entity $(bone_body_1) { transformation: [-0.10943414078742603f,-0.2671669385466519f,-1.2021857555444488f,-0.007367871934020092f,-0.3659171407098891f,1.1594695766284444f,-0.22436475227629907f,0.43684912527986974f,1.175896853478683f,0.33594154681568544f,-0.18169882266615708f,-0.09968409364784182f,0f,0f,0f,1f], start_interpolation: 0, interpolation_duration: 1 }