# This file was generated by Animated Java via MC-Build. It is not recommended to edit this file directly.
$data merge entity $(bone_head_lower) { transformation: [0.6626596889335696f,0.3168301938964061f,-0.6786020666768051f,0.7649337872236347f,-0.5221098901080058f,0.8450483121340973f,-0.11530226715342429f,0.32228731520478177f,0.5369202913970292f,0.43071101494491576f,0.7253996293707696f,-0.5634584545130729f,0f,0f,0f,1f], start_interpolation: 0, interpolation_duration: 1 }
$data merge entity $(bone_head_upper) { transformation: [0.689762194102749f,0.7507108636920874f,-0.2100791691357083f,0.7675226186808424f,-0.5434639670676358f,0.6641816040153103f,0.5890514883864267f,0.37764028853885734f,0.5588801075983797f,-0.28065626414857997f,0.8320799416573467f,-0.5122256253255278f,0f,0f,0f,1f], start_interpolation: 0, interpolation_duration: 1 }
$data merge entity $(bone_neck_0) { transformation: [0.6212476036802753f,0.5765316107496741f,-0.5307190563074802f,0.7236463997305935f,-0.5085298257064935f,0.8119055698588936f,0.2867172160841213f,0.3831655303038149f,0.5961952962649395f,0.09176408577701747f,0.7975779092183217f,-0.46233489103181874f,0f,0f,0f,1f], start_interpolation: 0, interpolation_duration: 1 }
$data merge entity $(bone_neck_1) { transformation: [0.6439776848017861f,0.47198641175717493f,-0.6020976404155046f,0.6748152094565337f,-0.23637838669511985f,0.8712560972911927f,0.4301605179887298f,0.42361953996746726f,0.7276111597417565f,-0.13469090559316388f,0.6726368709562015f,-0.4059742238686017f,0f,0f,0f,1f], start_interpolation: 0, interpolation_duration: 1 }
$data merge entity $(bone_neck_2) { transformation: [0.5069000686041245f,0.37707836286831153f,-0.7751543257350036f,0.6105977097111619f,-0.32330204511243993f,0.9167675458075465f,0.23454861879815442f,0.45314348534199866f,0.7990795380156145f,0.13171626782809398f,0.5866197377468562f,-0.3532923506092395f,0f,0f,0f,1f], start_interpolation: 0, interpolation_duration: 1 }
$data merge entity $(bone_body_0) { transformation: [0.5614159342502727f,0.1980492161042632f,-0.8034853183290785f,0.2338047585975242f,-0.3045945105833316f,0.9522306591891857f,0.02188505934717827f,0.4725290190604522f,0.7694376731694351f,0.23245059625781928f,0.5949221692011403f,-0.07069338073027559f,0f,0f,0f,1f], start_interpolation: 0, interpolation_duration: 1 }
$data merge entity $(bone_leg_left_3) { transformation: [0.16279938237633718f,0.21157853371970572f,-0.9637068460724468f,-0.47398719146830737f,-0.059057265937978276f,0.9770756560022292f,0.2045370425809085f,0.08152186485041063f,0.9848901463807088f,0.023615387289496324f,0.17156256306476966f,-0.4090247841704049f,0f,0f,0f,1f], start_interpolation: 0, interpolation_duration: 1 }
$data merge entity $(bone_leg_left_2) { transformation: [0.09444599656001318f,0.18305840540004265f,-1.004804345853895f,-0.46222297642885113f,-0.30649570261963827f,0.9676628333803523f,0.1474829640015998f,0.311165059734549f,0.9742702589683084f,0.2866713459824624f,0.14380264734393164f,-0.33624650201201156f,0f,0f,0f,1f], start_interpolation: 0, interpolation_duration: 1 }
$data merge entity $(bone_leg_left_1) { transformation: [0.016845333556699562f,0.9979049026750044f,-0.06246631055660051f,-0.1881459053831187f,0.08826799547097107f,0.06074704076494403f,0.9942427057886012f,0.27317931536317813f,0.9959543140691246f,-0.022262126032622842f,-0.08705976126550924f,-0.3575121553363518f,0f,0f,0f,1f], start_interpolation: 0, interpolation_duration: 1 }
$data merge entity $(bone_leg_left_0) { transformation: [-0.010159291181111432f,0.4490159570164324f,-0.8934659809681146f,0.05970478944168049f,0.03658811119133626f,0.8930806831444082f,0.4484062929016136f,0.5915830474026951f,0.9992787893887011f,-0.028134742560307527f,-0.025501712470291413f,-0.25029100507846247f,0f,0f,0f,1f], start_interpolation: 0, interpolation_duration: 1 }
$data merge entity $(bone_leg_right_3) { transformation: [-0.35446076589331615f,-0.12191393761458476f,-0.9270892930336495f,0.13244877457902404f,0.008647788861014753f,0.9909943779311743f,-0.13362394492238844f,0.017363878065919325f,0.9350308985216155f,-0.055381718320338336f,-0.3502143402057486f,0.278515290805161f,0f,0f,0f,1f], start_interpolation: 0, interpolation_duration: 1 }
$data merge entity $(bone_leg_right_2) { transformation: [-0.37505874501833303f,-0.007972463711592995f,-0.9546358348125928f,0.10166973961989917f,0.18153291547945422f,1.0063557394585654f,-0.07972531440533143f,0.24919844423300205f,0.9372507337332403f,-0.19810796294411506f,-0.36657399885334313f,0.2195538033483372f,0f,0f,0f,1f], start_interpolation: 0, interpolation_duration: 1 }
$data merge entity $(bone_leg_right_1) { transformation: [-0.21507181689289848f,0.9047098867649054f,-0.36775553614897627f,0.36267222857073605f,-0.18462319548543396f,0.3321118119133616f,0.9249951459744923f,0.2866876848974608f,0.9589882112242754f,0.266836588903129f,0.09560253948200273f,0.3060734153194753f,0f,0f,0f,1f], start_interpolation: 0, interpolation_duration: 1 }
$data merge entity $(bone_leg_right_0) { transformation: [-0.27065434130307736f,-0.9468695613350107f,-0.17373618319464162f,0.03651417938703498f,-0.17095395947293462f,0.22487771885148497f,-0.9592730348053565f,0.4729505848179802f,0.947375834225427f,-0.22993052294420863f,-0.2227352314841081f,0.1237705419731285f,0f,0f,0f,1f], start_interpolation: 0, interpolation_duration: 1 }
$data merge entity $(bone_tail_4) { transformation: [-0.16092456075919592f,-1.9570359997512639f,1.9415907686796494f,-0.8345768439375881f,2.6530647333434834f,0.4184805675141964f,0.6417030987162697f,0.3577991745839398f,-0.7490074352324724f,1.902773092591591f,1.8558296666655338f,0.9975364217973175f,0f,0f,0f,1f], start_interpolation: 0, interpolation_duration: 1 }
$data merge entity $(bone_tail_3) { transformation: [-0.2097341612872562f,-2.0100263960249247f,0.5017479396237001f,-0.8999850665561605f,2.061224731922535f,-0.15180082722155597f,0.25348498853022183f,0.3163029781135127f,-0.20810985595220274f,0.5222029511428947f,2.004978775877104f,0.6524559478102594f,0f,0f,0f,1f], start_interpolation: 0, interpolation_duration: 1 }
$data merge entity $(bone_tail_2) { transformation: [0.7050704983585099f,-1.801909887303787f,-0.2734414478167352f,-0.8490603074493992f,1.780558747143259f,0.7435983935559528f,-0.3089431211006488f,0.37522839619840015f,0.3889216056210897f,-0.13768101590501164f,1.9101198385293146f,0.29762366632704906f,0f,0f,0f,1f], start_interpolation: 0, interpolation_duration: 1 }
$data merge entity $(bone_tail_1) { transformation: [0.5614399594307954f,-1.0708282025056512f,-0.9087179885271687f,-0.6409609503205724f,1.1114446149292967f,0.937035805637332f,-0.417505708821165f,0.4525548289490214f,0.8585640860757071f,-0.5127836870183297f,1.1347144356307775f,0.05889378265208722f,0f,0f,0f,1f], start_interpolation: 0, interpolation_duration: 1 }
$data merge entity $(bone_tail_0) { transformation: [0.5698514971513308f,0.13226635434317488f,-1.1364904747894637f,-0.3056601963487607f,-0.1290335565757197f,1.2689757198371678f,0.08298602487883149f,0.45892702830627835f,1.1368620536616725f,0.07772998492560762f,0.5790841363495096f,-0.10845229815671809f,0f,0f,0f,1f], start_interpolation: 0, interpolation_duration: 1 }
$data merge entity $(bone_body_1) { transformation: [-0.07293708865065392f,-0.2613695075654258f,-1.2062216863704716f,-0.007625459600270983f,-0.37311249768754723f,1.1564584123429607f,-0.22802543640306705f,0.4340440672705068f,1.1764658262035397f,0.3505631413774927f,-0.1470994178745019f,-0.09786665937665406f,0f,0f,0f,1f], start_interpolation: 0, interpolation_duration: 1 }