# This file was generated by Animated Java via MC-Build. It is not recommended to edit this file directly.
$data merge entity $(bone_head_lower) { transformation: [0.6708643039302048f,0.353293505097122f,-0.6520159391981393f,0.7457838207458526f,-0.533557279126744f,0.840578033603604f,-0.09351577040245407f,0.3169506774380246f,0.5150317617420381f,0.41062424268336706f,0.7524161187252728f,-0.582910970659953f,0f,0f,0f,1f], start_interpolation: 0, interpolation_duration: 1 }
$data merge entity $(bone_head_upper) { transformation: [0.698302374434157f,0.7559343496136972f,-0.1562337848137924f,0.7522045542531051f,-0.5553795495274949f,0.6383373384114068f,0.6062597965723815f,0.3729059211125088f,0.5360963462007201f,-0.3233583832954778f,0.8315720089843571f,-0.5326790945417469f,0f,0f,0f,1f], start_interpolation: 0, interpolation_duration: 1 }
$data merge entity $(bone_neck_0) { transformation: [0.632670110374109f,0.5979760989853311f,-0.49209055719602907f,0.7104743513338829f,-0.5212471372966055f,0.7987589018746419f,0.30047568709649364f,0.37953831576295394f,0.572738992298679f,0.06639880810904679f,0.8170442123792273f,-0.4811103272516693f,0f,0f,0f,1f], start_interpolation: 0, interpolation_duration: 1 }
$data merge entity $(bone_neck_1) { transformation: [0.6640084558623834f,0.4812152755210021f,-0.5722976752953828f,0.6642101254517916f,-0.2455560527693191f,0.8632742838073649f,0.4409758903446227f,0.4208717581999193f,0.7062542003355482f,-0.152280561865681f,0.691386747765871f,-0.4232423327782806f,0f,0f,0f,1f], start_interpolation: 0, interpolation_duration: 1 }
$data merge entity $(bone_neck_2) { transformation: [0.5238211534170664f,0.3889469597340809f,-0.7578467270803706f,0.6016251021367445f,-0.3321020308601619f,0.9125194519338058f,0.23878126170405997f,0.4507249233437472f,0.7844231258264702f,0.1266037612239148f,0.6071670670520494f,-0.36881041400178527f,0f,0f,0f,1f], start_interpolation: 0, interpolation_duration: 1 }
$data merge entity $(bone_body_0) { transformation: [0.5823720258514974f,0.21160295363363116f,-0.7848993652176988f,0.23372075731931496f,-0.3121271069721249f,0.9497256837620413f,0.024449840407147816f,0.47129536573567254f,0.7506127447617943f,0.2307494650400011f,0.6191406882001205f,-0.074813552339312f,0f,0f,0f,1f], start_interpolation: 0, interpolation_duration: 1 }
$data merge entity $(bone_leg_left_3) { transformation: [0.18498476647307566f,0.2019060812764692f,-0.9617767779045624f,-0.48181275191354817f,-0.04796515497069481f,0.9793557955032374f,0.19637100020842868f,0.0831013910466386f,0.9815701605496873f,0.00980612858376748f,0.1908503596031712f,-0.3947800483484205f,0f,0f,0f,1f], start_interpolation: 0, interpolation_duration: 1 }
$data merge entity $(bone_leg_left_2) { transformation: [0.11522718946502307f,0.18600407633036803f,-1.002091501758783f,-0.4692458267320113f,-0.3043467370024888f,0.9687429700877939f,0.1448182346326319f,0.3129173460144113f,0.9727065117416578f,0.2810724835245542f,0.16401981746548075f,-0.3226844777511365f,0f,0f,0f,1f], start_interpolation: 0, interpolation_duration: 1 }
$data merge entity $(bone_leg_left_1) { transformation: [0.04140876726338704f,0.9975505917114457f,-0.05637491436686376f,-0.19607727184844284f,0.09110893301358647f,0.05241830501879208f,0.9944603982180903f,0.27260081977694234f,0.9949796361327464f,-0.04631563747916534f,-0.08871519264503719f,-0.35037750927049044f,0f,0f,0f,1f], start_interpolation: 0, interpolation_duration: 1 }
$data merge entity $(bone_leg_left_0) { transformation: [0.014313902361483194f,0.4512948896572214f,-0.892260071261996f,0.05541567328433841f,0.03953496720233229f,0.8913982574361397f,0.45149322587179996f,0.5904353286919168f,0.999115658253586f,-0.04173810260529363f,-0.0050825410390412384f,-0.2501786966244818f,0f,0f,0f,1f], start_interpolation: 0, interpolation_duration: 1 }
$data merge entity $(bone_leg_right_3) { transformation: [-0.3366152504886028f,-0.11372631828836344f,-0.9347494304181572f,0.14340318348708053f,0.007263227560142137f,0.9923368622898221f,-0.12334827630007983f,0.0204026285891665f,0.9416142621391759f,-0.048310208748929113f,-0.3332097013394571f,0.27821025428238816f,0f,0f,0f,1f], start_interpolation: 0, interpolation_duration: 1 }
$data merge entity $(bone_leg_right_2) { transformation: [-0.35717662762587143f,-0.020060368623227458f,-0.9612932111427835f,0.10957299076740379f,0.18028172852712163f,1.0058930714130188f,-0.08797628511849975f,0.251876296618636f,0.9444498687266449f,-0.19959686869958296f,-0.3467531326004694f,0.2195030900215576f,0f,0f,0f,1f], start_interpolation: 0, interpolation_duration: 1 }
$data merge entity $(bone_leg_right_1) { transformation: [-0.1968135041983492f,0.9102195022282601f,-0.36436918410933794f,0.37225629635954605f,-0.185956158773066f,0.3302371348810086f,0.9253992337148054f,0.28880826802166926f,0.9626446652735019f,0.24988775982212652f,0.10426579454234522f,0.3010315887887761f,0f,0f,0f,1f], start_interpolation: 0, interpolation_duration: 1 }
$data merge entity $(bone_leg_right_0) { transformation: [-0.25276120574059996f,-0.9535052289478588f,-0.16413272446909924f,0.040630551329230324f,-0.17307124432920165f,0.21146355967603453f,-0.9619404905270814f,0.4702676692770457f,0.9519233778298019f,-0.21473458337732027f,-0.21847412076232f,0.12381948566491666f,0f,0f,0f,1f], start_interpolation: 0, interpolation_duration: 1 }
$data merge entity $(bone_tail_4) { transformation: [-0.06250482907795629f,-1.8889527847751253f,2.013358352313922f,-0.8274977957337185f,2.636980773949473f,0.5553908419667988f,0.6029384231248265f,0.37894439150760273f,-0.8173658151420183f,1.9362488789279406f,1.791232741630053f,1.0084526138740422f,0f,0f,0f,1f], start_interpolation: 0, interpolation_duration: 1 }
$data merge entity $(bone_tail_3) { transformation: [-0.10939008638641771f,-2.0106012975640586f,0.5305296950016457f,-0.8977807145968376f,2.0661178976480326f,-0.04510236750239766f,0.2550845654064482f,0.3361328377164742f,-0.23481091981270735f,0.5398089705848225f,1.9973521555442615f,0.6644930441382444f,0f,0f,0f,1f], start_interpolation: 0, interpolation_duration: 1 }
$data merge entity $(bone_tail_2) { transformation: [0.7750076338319611f,-1.7756673213522378f,-0.25523049658441854f,-0.8501833723895951f,1.7633548556714365f,0.8051565790808288f,-0.24713642213482104f,0.3835704520743342f,0.329722148914701f,-0.13229634177633723f,1.9216021589992154f,0.30748373091521075f,0f,0f,0f,1f], start_interpolation: 0, interpolation_duration: 1 }
$data merge entity $(bone_tail_1) { transformation: [0.601620701025974f,-1.0437169625253269f,-0.9145292145327676f,-0.6412032987131105f,1.0951063355295847f,0.9693018048527838f,-0.38581391238795487f,0.45369835444396844f,0.8523208879172097f,-0.5086896531737607f,1.1412450178528617f,0.06730445804964003f,0f,0f,0f,1f], start_interpolation: 0, interpolation_duration: 1 }
$data merge entity $(bone_tail_0) { transformation: [0.571734866391548f,0.14876835681547268f,-1.1335003022261136f,-0.30637811994699204f,-0.1375087177873738f,1.2670947467799847f,0.09694313693638383f,0.45594657003401406f,1.1349212799435646f,0.07857859299464641f,0.5827647978715518f,-0.1010967191780704f,0f,0f,0f,1f], start_interpolation: 0, interpolation_duration: 1 }
$data merge entity $(bone_body_1) { transformation: [-0.04650087894235569f,-0.2577798503856016f,-1.2083012091564815f,-0.008101712165272352f,-0.37794086516185943f,1.1541609572283533f,-0.2316846613539327f,0.43206907744758805f,1.17626653686762f,0.36064751295573655f,-0.1222088405171585f,-0.09697704496161846f,0f,0f,0f,1f], start_interpolation: 0, interpolation_duration: 1 }