# This file was generated by Animated Java via MC-Build. It is not recommended to edit this file directly.
$data merge entity $(bone_head_lower) { transformation: [0.6739742138710364f,0.41415248603842136f,-0.6117487044082021f,0.7209612062790263f,-0.5521772039517133f,0.8325262902414363f,-0.04472484201089677f,0.31207089750152184f,0.4907739749344771f,0.3679370793560045f,0.7897868137427886f,-0.603310907344661f,0f,0f,0f,1f], start_interpolation: 0, interpolation_duration: 1 }
$data merge entity $(bone_head_upper) { transformation: [0.7015394783957727f,0.7651809761732452f,-0.07623894371155623f,0.733105208828392f,-0.5747610215195035f,0.5903352546233476f,0.6361021913766304f,0.3689995065871521f,0.5108464260201411f,-0.38661906760382875f,0.8203862310955136f,-0.5552784895265523f,0f,0f,0f,1f], start_interpolation: 0, interpolation_duration: 1 }
$data merge entity $(bone_neck_0) { transformation: [0.6396648285502473f,0.6300706109059155f,-0.4402725660184032f,0.694202440103457f,-0.5437423944051641f,0.7757678033337657f,0.320200755522598f,0.3772878185641138f,0.5432983670528762f,0.03457369785472994f,0.838827481532602f,-0.5017750809958461f,0f,0f,0f,1f], start_interpolation: 0, interpolation_duration: 1 }
$data merge entity $(bone_neck_1) { transformation: [0.6835154985691729f,0.4978151052950353f,-0.5338414410251681f,0.6512724353429179f,-0.2617738665140835f,0.8498808495719598f,0.45735870423674074f,0.41994739848483065f,0.6813816889424033f,-0.17286602462871842f,0.7112217175417671f,-0.4423216389022272f,0f,0f,0f,1f], start_interpolation: 0, interpolation_duration: 1 }
$data merge entity $(bone_neck_2) { transformation: [0.5362805757461555f,0.40522541554914315f,-0.7404022600386876f,0.5903750544306894f,-0.34807812332454924f,0.9053242029512133f,0.24337154232491973f,0.4501322606535803f,0.7689244203042533f,0.12720239834128344f,0.6265578869633621f,-0.3861850778388243f,0f,0f,0f,1f], start_interpolation: 0, interpolation_duration: 1 }
$data merge entity $(bone_body_0) { transformation: [0.6035123430122147f,0.228297236466822f,-0.7639720044959233f,0.2324927301556697f,-0.32557928286547566f,0.9451775322300336f,0.025250012600913807f,0.47103649437125006f,0.7278536819998299f,0.23349476308721714f,0.6447551575676883f,-0.08009006042215414f,0f,0f,0f,1f], start_interpolation: 0, interpolation_duration: 1 }
$data merge entity $(bone_leg_left_3) { transformation: [0.20441781155929692f,0.17715413762111618f,-0.9627199851675597f,-0.48528607543309993f,-0.024923380923573015f,0.9841106638915482f,0.17579825453705433f,0.08357932984574343f,0.9785663919227178f,-0.01194205755534122f,0.20558502829899508f,-0.38023681899159f,0f,0f,0f,1f], start_interpolation: 0, interpolation_duration: 1 }
$data merge entity $(bone_leg_left_2) { transformation: [0.13469009269108836f,0.177759602053232f,-1.001160477800356f,-0.47458195809920223f,-0.2982199026027212f,0.9724002510900063f,0.13253241442157074f,0.3138776098685069f,0.9721037332112163f,0.27368133852834037f,0.17937406813373657f,-0.3093905335796179f,0f,0f,0f,1f], start_interpolation: 0, interpolation_duration: 1 }
$data merge entity $(bone_leg_left_1) { transformation: [0.06603071417884282f,0.9967159192131682f,-0.046875592498456686f,-0.2026343275208816f,0.09824061462512165f,0.04025596447061025f,0.9943481477644636f,0.2701208772237655f,0.9929696503031249f,-0.07026260535726209f,-0.09525985442619224f,-0.3432020734862756f,0f,0f,0f,1f], start_interpolation: 0, interpolation_duration: 1 }
$data merge entity $(bone_leg_left_0) { transformation: [0.03924978592873078f,0.44662153356613166f,-0.8938616559958177f,0.05005352058041149f,0.046596283599419544f,0.8927597277405384f,0.44811701025442263f,0.589585847658028f,0.9981423949814331f,-0.05923912794493684f,0.014229724559952875f,-0.2515600380886117f,0f,0f,0f,1f], start_interpolation: 0, interpolation_duration: 1 }
$data merge entity $(bone_leg_right_3) { transformation: [-0.3227422309489794f,-0.08933308084218543f,-0.9422616690863099f,0.15289775529096813f,0.00706929668673959f,0.9952805935293133f,-0.09678101667316982f,0.028252609992071187f,0.9464604996545974f,-0.03789644852992286f,-0.320587557123461f,0.2780320527413904f,0f,0f,0f,1f], start_interpolation: 0, interpolation_duration: 1 }
$data merge entity $(bone_leg_right_2) { transformation: [-0.3421514699073956f,-0.03310991527712972f,-0.9663841392796364f,0.11584509000756066f,0.18052260613449336f,1.0048891922643683f,-0.09834378193546363f,0.25917149946823037f,0.9499506091451877f,-0.20288825565148116f,-0.3293818383033285f,0.21908598803382268f,0f,0f,0f,1f], start_interpolation: 0, interpolation_duration: 1 }
$data merge entity $(bone_leg_right_1) { transformation: [-0.18316318403579718f,0.9170888497627117f,-0.35411762121472434f,0.3801227328626208f,-0.18661581358172918f,0.3212266374200134f,0.9284330808049984f,0.2934815589786209f,0.9652076388710865f,0.23613870723102043f,0.11230638811823837f,0.29650389915994607f,0f,0f,0f,1f], start_interpolation: 0, interpolation_duration: 1 }
$data merge entity $(bone_leg_right_0) { transformation: [-0.23944456465184108f,-0.959387300352893f,-0.1491385543053103f,0.04341847550097601f,-0.17476845597242233f,0.19368756289727163f,-0.9653709726192986f,0.468438133206152f,0.9550509343776935f,-0.20508811740445404f,-0.21404807133863887f,0.12235534540895254f,0f,0f,0f,1f], start_interpolation: 0, interpolation_duration: 1 }
$data merge entity $(bone_tail_4) { transformation: [0.1941687252959681f,-1.7273976424836452f,2.1457066953474526f,-0.8263976915607953f,2.562637719280167f,0.9022523565064023f,0.4944592364403626f,0.437860787764052f,-1.0103701091379738f,1.9564507153313604f,1.6664675732338534f,1.0050020141796776f,0f,0f,0f,1f], start_interpolation: 0, interpolation_duration: 1 }
$data merge entity $(bone_tail_3) { transformation: [0.13700241466514898f,-1.9941871292515527f,0.5834325650388532f,-0.9058116077259293f,2.0518594425344503f,0.22192115244880475f,0.27671168428971815f,0.38876903904838006f,-0.32718296487222065f,0.5566993997371396f,1.9796420413484292f,0.6638801392403533f,0f,0f,0f,1f], start_interpolation: 0, interpolation_duration: 1 }
$data merge entity $(bone_tail_2) { transformation: [0.9373967498154693f,-1.6993489630495495f,-0.22863575884054724f,-0.8630199311853646f,1.7061899714014082f,0.9503051841053562f,-0.0678948713418262f,0.40287830884360265f,0.17022629035326142f,-0.1670539848303027f,1.9395591899263247f,0.3034064440921027f,0f,0f,0f,1f], start_interpolation: 0, interpolation_duration: 1 }
$data merge entity $(bone_tail_1) { transformation: [0.6645258757560836f,-0.9665195297836314f,-0.9549353951956326f,-0.646348654945198f,1.0629457411686096f,1.0319467030607679f,-0.3047763169498687f,0.4548327809767999f,0.8462907076070997f,-0.5371985206502712f,1.1326367633222199f,0.06543382407743305f,0f,0f,0f,1f], start_interpolation: 0, interpolation_duration: 1 }
$data merge entity $(bone_tail_0) { transformation: [0.5448725115309867f,0.1645269378221374f,-1.1445001308400158f,-0.307928787967155f,-0.1471379580853286f,1.2647899596203025f,0.11176983456273679f,0.4526926722961298f,1.1468653295188684f,0.08410089986778978f,0.558088408026034f,-0.09562307540278121f,0f,0f,0f,1f], start_interpolation: 0, interpolation_duration: 1 }
$data merge entity $(bone_body_1) { transformation: [-0.020867966388962152f,-0.256997844079576f,-1.2091820504677901f,-0.009500270593391653f,-0.3810232489779f,1.1518128407295543f,-0.23822900479389544f,0.4304948101974354f,1.1760061253128593f,0.3686243116307097f,-0.09864230916635641f,-0.09751958360893626f,0f,0f,0f,1f], start_interpolation: 0, interpolation_duration: 1 }