# This file was generated by Animated Java via MC-Build. It is not recommended to edit this file directly.
$data merge entity $(bone_head_lower) { transformation: [0.669601605920529f,0.43828306001920614f,-0.5996179188857262f,0.7158027742046208f,-0.5594280653965137f,0.8286606043659815f,-0.01902215599031626f,0.3123318153095397f,0.4885426583169194f,0.3481803585385122f,0.8000603158091464f,-0.6054355682250762f,0f,0f,0f,1f], start_interpolation: 0, interpolation_duration: 1 }
$data merge entity $(bone_head_upper) { transformation: [0.6969880326020096f,0.7714082641102842f,-0.0510775396377415f,0.7298197568681175f,-0.5823084401762039f,0.5690704123131677f,0.6484964833465056f,0.36963501488282546f,0.5085238494826405f,-0.4056600774978805f,0.8125978947888542f,-0.5583683396315815f,0f,0f,0f,1f], start_interpolation: 0, interpolation_duration: 1 }
$data merge entity $(bone_neck_0) { transformation: [0.6360331461201949f,0.6419197306497642f,-0.42825330873092016f,0.6915030159123415f,-0.5536106794313924f,0.7662015091577417f,0.32626747153817093f,0.3784740796733242f,0.5375658589009894f,0.02956867881616251f,0.8427031746570725f,-0.5045312283564192f,0f,0f,0f,1f], start_interpolation: 0, interpolation_duration: 1 }
$data merge entity $(bone_neck_1) { transformation: [0.683628734930743f,0.5061285698991353f,-0.5258190026129217f,0.6492909160720719f,-0.26944027594168357f,0.8445969259699099f,0.46266399291780635f,0.421558744801697f,0.6782725783027506f,-0.1746135830169998f,0.7137621495627969f,-0.44487062911049874f,0f,0f,0f,1f], start_interpolation: 0, interpolation_duration: 1 }
$data merge entity $(bone_neck_2) { transformation: [0.5327086069161134f,0.4101934142175831f,-0.740245164151726f,0.5884559377497236f,-0.35582041177902707f,0.9021766586978639f,0.24386289398381555f,0.451755836635448f,0.7678628618958578f,0.13348647659325047f,0.6265524606031186f,-0.3886730183833152f,0f,0f,0f,1f], start_interpolation: 0, interpolation_duration: 1 }
$data merge entity $(bone_body_0) { transformation: [0.6047486158727675f,0.23206409984163429f,-0.7618565253147497f,0.23160651496196843f,-0.33207153568822356f,0.9429580348390135f,0.02363556045899226f,0.47187804162580443f,0.7238836970022442f,0.2386972938624103f,0.6473144484075152f,-0.08132225618237808f,0f,0f,0f,1f], start_interpolation: 0, interpolation_duration: 1 }
$data merge entity $(bone_leg_left_3) { transformation: [0.2028081779560591f,0.16311702966846198f,-0.9655369892377409f,-0.48167182128603137f,-0.013923047507297375f,0.9864088234429693f,0.1637186054850418f,0.08257763929215367f,0.9791194981728497f,-0.019760254704718004f,0.20232286235557193f,-0.37961275849791304f,0f,0f,0f,1f], start_interpolation: 0, interpolation_duration: 1 }
$data merge entity $(bone_leg_left_2) { transformation: [0.13450559223123698f,0.16743092706468132f,-1.0029642714581013f,-0.4734313346288719f,-0.2948349353554221f,0.9746612743188506f,0.12316639451495134f,0.31311875994462857f,0.9731612436041535f,0.2721479092444217f,0.17594007201715542f,-0.30922839848825023f,0f,0f,0f,1f], start_interpolation: 0, interpolation_duration: 1 }
$data merge entity $(bone_leg_left_1) { transformation: [0.06718974813929116f,0.9967858072419692f,-0.0436301756351532f,-0.20165992528296184f,0.10193233411531569f,0.03664243486059282f,0.994116256395242f,0.2683191199753048f,0.9925196909919634f,-0.07124174652872364f,-0.09914270797569937f,-0.3430910472405611f,0f,0f,0f,1f], start_interpolation: 0, interpolation_duration: 1 }
$data merge entity $(bone_leg_left_0) { transformation: [0.040781706193612405f,0.4402322350806757f,-0.8969573187369678f,0.04894940786201145f,0.05011854353013139f,0.8956727914250053f,0.44188050680626006f,0.5898450972203417f,0.9979103086121298f,-0.06297483542504602f,0.014463266188249418f,-0.25296176974590434f,0f,0f,0f,1f], start_interpolation: 0, interpolation_duration: 1 }
$data merge entity $(bone_leg_right_3) { transformation: [-0.3253636100028604f,-0.0744138985491943f,-0.9426564024015408f,0.15249316463951698f,0.008035759384433514f,0.9966450839119055f,-0.08144939094520913f,0.03268472332360975f,0.94555483598627f,-0.03407562790236218f,-0.32367407020958233f,0.2784094190016143f,0f,0f,0f,1f], start_interpolation: 0, interpolation_duration: 1 }
$data merge entity $(bone_leg_right_2) { transformation: [-0.3438387274218352f,-0.035322282805342275f,-0.9657067180894237f,0.1149483526212014f,0.18176548863156997f,1.0043558779991164f,-0.10145332410445904f,0.26338127105688525f,0.9491040175703366f,-0.20514337953425965f,-0.3304239052577812f,0.21890679703859922f,0f,0f,0f,1f], start_interpolation: 0, interpolation_duration: 1 }
$data merge entity $(bone_leg_right_1) { transformation: [-0.18606573528567658f,0.9187356919659088f,-0.3482876260514034f,0.3793063838358348f,-0.1860006145101218f,0.3151319367105896f,0.930642591904588f,0.2959306587348774f,0.9647711197763217f,0.23794241062272742f,0.11225014776198591f,0.296809007237516f,0f,0f,0f,1f], start_interpolation: 0, interpolation_duration: 1 }
$data merge entity $(bone_leg_right_0) { transformation: [-0.24235838105664648f,-0.9594206111504222f,-0.1441336394855534f,0.042520422049037276f,-0.17441213657598226f,0.18922813240495645f,-0.9663193677669579f,0.46917208965160306f,0.9543808578060451f,-0.2090569415405343f,-0.2131956224858178f,0.12111068305165423f,0f,0f,0f,1f], start_interpolation: 0, interpolation_duration: 1 }
$data merge entity $(bone_tail_4) { transformation: [0.3543242348336239f,-1.596514503876594f,2.2251420420101815f,-0.8210131383067415f,2.45756092313531f,1.1754614185696581f,0.4520465619076555f,0.4971351694122506f,-1.2085156090377531f,1.922262527327077f,1.5716418581681482f,0.9901839164851787f,0f,0f,0f,1f], start_interpolation: 0, interpolation_duration: 1 }
$data merge entity $(bone_tail_3) { transformation: [0.30206813635215946f,-1.9605148252591464f,0.6333103401842389f,-0.9092139918763469f,2.0115074151131074f,0.41907112021404375f,0.33787992126194266f,0.4357422809150112f,-0.44557635259309164f,0.5627668630846079f,1.954661274458619f,0.65323848157572f,0f,0f,0f,1f], start_interpolation: 0, interpolation_duration: 1 }
$data merge entity $(bone_tail_2) { transformation: [1.056205652497755f,-1.6330236347523175f,-0.1908855756072148f,-0.8733363569950656f,1.6439374088747694f,1.0525130030559875f,0.09197852522710427f,0.42010972377286315f,0.025947838766993275f,-0.21029517764602418f,1.9426467828519232f,0.29207383430018224f,0f,0f,0f,1f], start_interpolation: 0, interpolation_duration: 1 }
$data merge entity $(bone_tail_1) { transformation: [0.7050151457388383f,-0.9039546794655329f,-0.9866487884506879f,-0.6506441853263814f,1.045248586634444f,1.068331608369627f,-0.23190346417650495f,0.4559549105179355f,0.8355030140086525f,-0.5737506096125143f,1.122675911183511f,0.05670179631876805f,0f,0f,0f,1f], start_interpolation: 0, interpolation_duration: 1 }
$data merge entity $(bone_tail_0) { transformation: [0.5189351304204183f,0.167690837329155f,-1.1560371231389663f,-0.3087765905228395f,-0.1492390461505643f,1.2641279930845768f,0.11637800818048842f,0.45245221197054175f,1.1585636599270843f,0.08772637436845879f,0.5327945623976957f,-0.0968761644272604f,0f,0f,0f,1f], start_interpolation: 0, interpolation_duration: 1 }
$data merge entity $(bone_body_1) { transformation: [-0.02021988671577709f,-0.25929179971076516f,-1.2087032364646848f,-0.010304876506878533f,-0.3795302421989979f,1.1517852034999778f,-0.24073270511323355f,0.4308382866883778f,1.1765001260067172f,0.36710107961911187f,-0.09843193539147425f,-0.09871898110361985f,0f,0f,0f,1f], start_interpolation: 0, interpolation_duration: 1 }