# This file was generated by Animated Java via MC-Build. It is not recommended to edit this file directly.
$data merge entity $(bone_head_lower) { transformation: [0.6110087599962283f,0.49257063523835204f,-0.6197115978491593f,0.7426116691054612f,-0.5757039446989267f,0.8138106349205912f,0.07922889970357583f,0.32881617771163335f,0.5433537183695043f,0.3083608596936886f,0.780820284664149f,-0.5668468382909696f,0f,0f,0f,1f], start_interpolation: 0, interpolation_duration: 1 }
$data merge entity $(bone_head_upper) { transformation: [0.6359987636930907f,0.8219468625282761f,-0.058145252121653834f,0.7572573203455104f,-0.5992499961604693f,0.5117884466595605f,0.6800323305189092f,0.3870018649662791f,0.5655766590534345f,-0.38203126001575416f,0.785905275264289f,-0.5210714388906774f,0f,0f,0f,1f], start_interpolation: 0, interpolation_duration: 1 }
$data merge entity $(bone_neck_0) { transformation: [0.5748366557295046f,0.663598880587647f,-0.478747683976164f,0.7153433992734829f,-0.5849499914013049f,0.7423770978484288f,0.3266645866171566f,0.3962634493438774f,0.5721855702386528f,0.09226467510898444f,0.8149177277110258f,-0.47005984678181095f,0f,0f,0f,1f], start_interpolation: 0, interpolation_duration: 1 }
$data merge entity $(bone_neck_1) { transformation: [0.6185974811310544f,0.541584674010389f,-0.5692303551422533f,0.6696171299396044f,-0.30447259690000383f,0.8331070252996484f,0.4617673896382666f,0.4392192278704049f,0.7243159490686939f,-0.11233309963422047f,0.6802555995001334f,-0.41295077369778366f,0f,0f,0f,1f], start_interpolation: 0, interpolation_duration: 1 }
$data merge entity $(bone_neck_2) { transformation: [0.45785085751494364f,0.4103047555350776f,-0.788684093828531f,0.6045396281866819f,-0.3913016276374011f,0.889583398705428f,0.23563618770473288f,0.46857230264769767f,0.7982829250843034f,0.20072713900466888f,0.5678494405965802f,-0.3612376596854011f,0f,0f,0f,1f], start_interpolation: 0, interpolation_duration: 1 }
$data merge entity $(bone_body_0) { transformation: [0.553435935583447f,0.22036711772172735f,-0.803210432347522f,0.22808883571561267f,-0.3628386667790302f,0.9318348480932432f,0.005649581317072744f,0.48011182085815235f,0.7497044531646392f,0.2883091210941145f,0.5956686021598324f,-0.07775477647990744f,0f,0f,0f,1f], start_interpolation: 0, interpolation_duration: 1 }
$data merge entity $(bone_leg_left_3) { transformation: [0.1337909182436841f,0.10472851409053913f,-0.9854602622794587f,-0.4354479792945556f,0.015211703309340359f,0.9940661567895734f,0.10770830983743127f,0.07187798078010005f,0.990892826837464f,-0.02940092280856492f,0.13140392482747384f,-0.41312518482710126f,0f,0f,0f,1f], start_interpolation: 0, interpolation_duration: 1 }
$data merge entity $(bone_leg_left_2) { transformation: [0.0799543453859067f,0.0933293894915377f,-1.0183119007513082f,-0.44503939356416333f,-0.28609294655830275f,0.9826715027594898f,0.06759987496060156f,0.3025825818393176f,0.9817435144090303f,0.2787625194000041f,0.10263200862432288f,-0.3434512019609575f,0f,0f,0f,1f], start_interpolation: 0, interpolation_duration: 1 }
$data merge entity $(bone_leg_left_1) { transformation: [0.009834763589849242f,0.9990516899989851f,-0.042414598139124404f,-0.17157462398981455f,0.11047684385821063f,0.04107139092055506f,0.9930297114482424f,0.2588736078442056f,0.9938300379824815f,-0.014452043385714528f,-0.10996815014228936f,-0.36133781856971126f,0f,0f,0f,1f], start_interpolation: 0, interpolation_duration: 1 }
$data merge entity $(bone_leg_left_0) { transformation: [-0.013761779195285956f,0.3901214798980994f,-0.9206605478435019f,0.054947111212117164f,0.057235515322588505f,0.9195454188696486f,0.3887934135522365f,0.5949219060128872f,0.9982658509731455f,-0.04734399178311209f,-0.034983384954899346f,-0.26100475650394983f,0f,0f,0f,1f], start_interpolation: 0, interpolation_duration: 1 }
$data merge entity $(bone_leg_right_3) { transformation: [-0.3821275213545861f,-0.009918416068954078f,-0.9240563740627971f,0.12774993928874853f,0.01666423810758795f,0.9997058477231536f,-0.01762161162960965f,0.049656640755036785f,0.9239593392523798f,-0.02213239821651261f,-0.38184983482711077f,0.28232441503976f,0f,0f,0f,1f], start_interpolation: 0, interpolation_duration: 1 }
$data merge entity $(bone_leg_right_2) { transformation: [-0.3963530551138211f,-0.029352858818389397f,-0.9455711844603889f,0.09230033910108904f,0.19163769170085418f,1.001460748863035f,-0.1114161707605871f,0.2793551259821739f,0.9264132179120738f,-0.21972022589322907f,-0.3815019941126385f,0.21788061163780809f,0f,0f,0f,1f], start_interpolation: 0, interpolation_duration: 1 }
$data merge entity $(bone_leg_right_1) { transformation: [-0.24201214611530764f,0.9126019695035509f,-0.3295265791873293f,0.3528828062916031f,-0.17773633926836066f,0.29217854994926307f,0.9397028725363292f,0.3053528606684064f,0.953855290301493f,0.28598835676961787f,0.09149177534657751f,0.30971895463165f,0f,0f,0f,1f], start_interpolation: 0, interpolation_duration: 1 }
$data merge entity $(bone_leg_right_0) { transformation: [-0.29748435807427154f,-0.9437575883313746f,-0.14430755755706817f,0.028670621761274585f,-0.16551361543244883f,0.1998419839670631f,-0.9657475987806481f,0.48168040798200906f,0.940270333365686f,-0.2634099388995337f,-0.21565459485326513f,0.11452076297789891f,0f,0f,0f,1f], start_interpolation: 0, interpolation_duration: 1 }
$data merge entity $(bone_tail_4) { transformation: [1.2928012799030912f,-0.9155207264434488f,2.2618903558159906f,-0.8370360439189758f,1.6826561809139604f,2.1882760043712337f,-0.07601076979687178f,0.7299984856024945f,-1.7671995810074694f,1.4138356551401328f,1.582319725195101f,0.8342059317576478f,0f,0f,0f,1f], start_interpolation: 0, interpolation_duration: 1 }
$data merge entity $(bone_tail_3) { transformation: [1.1564130313499787f,-1.5938731490879807f,0.6769215697440594f,-0.9362196270454696f,1.554811445441699f,1.3140546898397985f,0.4379122826297181f,0.6428856883778334f,-0.7623751019622117f,0.2622483227226413f,1.9198842535897092f,0.5060982042767932f,0f,0f,0f,1f], start_interpolation: 0, interpolation_duration: 1 }
$data merge entity $(bone_tail_2) { transformation: [1.5822184259132437f,-1.1466661582954676f,-0.02270350464814739f,-0.9311019841423505f,1.0790771969650785f,1.4752680905973656f,0.6913395250222343f,0.5155161431947182f,-0.3885242987168032f,-0.5722889631015898f,1.8276509751649799f,0.16591840966796695f,0f,0f,0f,1f], start_interpolation: 0, interpolation_duration: 1 }
$data merge entity $(bone_tail_1) { transformation: [0.8115048197719318f,-0.5137177894987424f,-1.1684221027691368f,-0.674166203366571f,0.9334112782884778f,1.1832160256490762f,0.12806042406252982f,0.4726036202196418f,0.8705512983453624f,-0.7897785255372106f,0.9518647842784577f,-0.030089745590640316f,0f,0f,0f,1f], start_interpolation: 0, interpolation_duration: 1 }
$data merge entity $(bone_tail_0) { transformation: [0.30425736080036203f,0.17560618092572888f,-1.228993752711342f,-0.3107879743912148f,-0.14900747079924356f,1.2613820820812027f,0.14334480539779185f,0.4611543330347487f,1.2325015004570334f,0.10914865463760196f,0.3207215913311585f,-0.12117809737325169f,0f,0f,0f,1f], start_interpolation: 0, interpolation_duration: 1 }
$data merge entity $(bone_body_1) { transformation: [-0.0826425279881829f,-0.27529584879944696f,-1.2024919971699457f,-0.012682300226910153f,-0.35615730510532545f,1.1591899364822709f,-0.2409050855307774f,0.43908172247099536f,1.181070184893381f,0.3302960518205919f,-0.156787536379313f,-0.10697497444279834f,0f,0f,0f,1f], start_interpolation: 0, interpolation_duration: 1 }