# This file was generated by Animated Java via MC-Build. It is not recommended to edit this file directly.
$data merge entity $(bone_head_lower) { transformation: [-0.9772657234841692f,0.12328330802378507f,-0.1724903813714711f,-0.801944965912567f,0.021836699809404184f,0.8677647453541771f,0.4964952217915432f,0.35133101985576376f,0.21089064522732381f,0.48144114145252725f,-0.8507288422714321f,-0.02924655399841604f,0f,0f,0f,1f], start_interpolation: 0, interpolation_duration: 1 }
$data merge entity $(bone_head_upper) { transformation: [-1.0172354843806204f,0.165170239630466f,-0.1463649679426258f,-0.8086419061163882f,0.022729811732983895f,0.7650828273849948f,0.7054102107870798f,0.4171469300034313f,0.2195159847460192f,0.6861770921303798f,-0.7512959957699689f,-0.06556285137490347f,0f,0f,0f,1f], start_interpolation: 0, interpolation_duration: 1 }
$data merge entity $(bone_neck_0) { transformation: [-0.9525631583119171f,0.04024538858897256f,0.30166825839678263f,-0.7894809320468408f,0.04593144909987555f,0.9988751796909422f,0.011776136079939409f,0.401679938385779f,-0.30085500064052617f,0.02507357363261789f,-0.953340224943267f,-0.12751739517358296f,0f,0f,0f,1f], start_interpolation: 0, interpolation_duration: 1 }
$data merge entity $(bone_neck_1) { transformation: [-0.7815096291220532f,-0.060751289461593715f,0.6209283214818472f,-0.7371600271297473f,0.1370276686090598f,0.9542324717766707f,0.26582664998557015f,0.42859497433275395f,-0.6086592787636416f,0.2928304469069752f,-0.73741725755449f,-0.18863728222485904f,0f,0f,0f,1f], start_interpolation: 0, interpolation_duration: 1 }
$data merge entity $(bone_neck_2) { transformation: [-0.4831930717726409f,-0.16828604950542136f,0.8591881405913248f,-0.6635363277063318f,0.13185960131164248f,0.9561712813964401f,0.26143742305688417f,0.460860367825132f,-0.8655272964689525f,0.23961695719324289f,-0.43982520720463203f,-0.22482326929351876f,0f,0f,0f,1f], start_interpolation: 0, interpolation_duration: 1 }
$data merge entity $(bone_body_0) { transformation: [-0.17354323027559382f,0.12824133792186654f,0.9764409385485237f,-0.20212171597655398f,0.21208088879924283f,0.9730890318966026f,-0.09010789426379856f,0.4276627445533122f,-0.9617195245141046f,0.19144684706346657f,-0.19607055086836023f,-0.31540681412637284f,0f,0f,0f,1f], start_interpolation: 0, interpolation_duration: 1 }
$data merge entity $(bone_leg_left_3) { transformation: [-0.024802915391640062f,-0.08777339524357786f,0.9958316356068881f,0.040431483481423516f,-0.07315277700835435f,0.9936268897877469f,0.08575707030148724f,0.006943923862398171f,-0.997012280066821f,-0.07072082421849267f,-0.03106571128778357f,0.1018680445023853f,0f,0f,0f,1f], start_interpolation: 0, interpolation_duration: 1 }
$data merge entity $(bone_leg_left_2) { transformation: [0.23522532374124422f,-0.066208909418911f,0.9961664654489629f,0.05614921203026568f,-0.31555087686405825f,0.9660471449121866f,0.13871826634596715f,0.23592558769398655f,-0.9471847183532076f,-0.3382772437236434f,0.2011760800830555f,0.027763910311383797f,0f,0f,0f,1f], start_interpolation: 0, interpolation_duration: 1 }
$data merge entity $(bone_leg_left_1) { transformation: [0.29961905704377884f,-0.9540158417325755f,-0.009066111596647553f,-0.20851334739519073f,0.08215855993443444f,0.016333085375059064f,0.9964854245555381f,0.18587668741319424f,-0.9505148035068663f,-0.2993108819361854f,0.0832742713500764f,-0.03903596153591628f,0f,0f,0f,1f], start_interpolation: 0, interpolation_duration: 1 }
$data merge entity $(bone_leg_left_0) { transformation: [0.2771183429754991f,0.40652472809973156f,0.8705992588039306f,-0.08754863947313987f,0.029175012620960082f,0.9021074552078073f,-0.4305240503120128f,0.5785130841176709f,-0.9603927543589031f,0.14470585579696854f,0.23813015909998989f,-0.11327529063249955f,0f,0f,0f,1f], start_interpolation: 0, interpolation_duration: 1 }
$data merge entity $(bone_leg_right_3) { transformation: [0.4686404107807943f,-0.1403134349128261f,0.8721744695679712f,-0.12565805408224862f,0.15055378777316233f,0.9855470788035559f,0.0776563741680712f,0.05845141112614857f,-0.8704652332921529f,0.094916254902635f,0.48299190695589933f,-0.685970208941026f,0f,0f,0f,1f], start_interpolation: 0, interpolation_duration: 1 }
$data merge entity $(bone_leg_right_2) { transformation: [0.4936494617474258f,0.12646775444995825f,0.8901563432911972f,-0.0694346230623295f,0.21409283331898254f,0.9697584214379489f,-0.2565054819537437f,0.27624138385096264f,-0.8732334551187452f,0.30925185631659047f,0.4403280841904317f,-0.5989212247373676f,0f,0f,0f,1f], start_interpolation: 0, interpolation_duration: 1 }
$data merge entity $(bone_leg_right_1) { transformation: [0.3150731497566473f,-0.8692609734893445f,0.3809386699598531f,-0.3195143449904989f,-0.1408221051503673f,0.3541198336292887f,0.9245367911183328f,0.3206061517774045f,-0.9385616895033829f,-0.3449413042804841f,-0.010837508838947157f,-0.7107482595139727f,0f,0f,0f,1f], start_interpolation: 0, interpolation_duration: 1 }
$data merge entity $(bone_leg_right_0) { transformation: [0.3677877476076741f,0.8758506584776019f,0.3124384687486877f,-0.043826105642789374f,-0.11112466007278804f,0.3749760880695965f,-0.9203500656270577f,0.555677287509219f,-0.9232461657832007f,0.30377385901419035f,0.23524021753570476f,-0.5032757688180542f,0f,0f,0f,1f], start_interpolation: 0, interpolation_duration: 1 }
$data merge entity $(bone_tail_4) { transformation: [0.32336641350540823f,-0.29447398350205806f,-2.7266060528167766f,-0.2008144530913561f,-2.6683221124947902f,-0.6678496258565259f,-0.24432624258281538f,0.2587230648982243f,-0.6333660854418932f,2.6632542653460134f,-0.36274709030987934f,0.48469493653177076f,0f,0f,0f,1f], start_interpolation: 0, interpolation_duration: 1 }
$data merge entity $(bone_tail_3) { transformation: [0.5762490587206628f,0.18065818697631025f,-1.99279832593427f,0.13532261867589218f,-1.9541567471677237f,-0.3951447532442323f,-0.6008972936591248f,0.3644798418919847f,-0.4302951961930972f,2.036459861992481f,0.06018970569089621f,0.4545606282039273f,0f,0f,0f,1f], start_interpolation: 0, interpolation_duration: 1 }
$data merge entity $(bone_tail_2) { transformation: [0.9638826258988622f,0.6272404444936701f,-1.5799599942038014f,0.42989572261550285f,-1.6734184746150396f,0.030693897369904483f,-1.008713224104897f,0.5507673298679931f,-0.2989561294072511f,1.8505137622991101f,0.5522661706407578f,0.35211482678623857f,0f,0f,0f,1f], start_interpolation: 0, interpolation_duration: 1 }
$data merge entity $(bone_tail_1) { transformation: [1.317033101009116f,0.6788433502042429f,-0.3037297593746665f,0.48569856302351866f,-0.7414191149653867f,1.2467845437286984f,-0.4283482782539975f,0.6284107781985447f,0.05811847219478211f,0.5218776268462761f,1.4184224461658257f,0.040451202132082476f,0f,0f,0f,1f], start_interpolation: 0, interpolation_duration: 1 }
$data merge entity $(bone_tail_0) { transformation: [1.0747077136763643f,0.04047619018450442f,0.6907971661614555f,0.2848083380223662f,-0.0470394607544775f,1.2773489113583214f,-0.001662638766278772f,0.6597213445178286f,-0.6903812974584973f,-0.024024014316657988f,1.0754683758435966f,-0.2744053957605667f,0f,0f,0f,1f], start_interpolation: 0, interpolation_duration: 1 }
$data merge entity $(bone_body_1) { transformation: [0.13751230858097557f,-0.32696430743557686f,1.184394065211471f,0.03147667498499702f,-0.07182116027626083f,1.1876117797300252f,0.3361912798382848f,0.5015675f,-1.226595565368452f,-0.10619414939583945f,0.11309605080988434f,-0.29354571378254846f,0f,0f,0f,1f], start_interpolation: 0, interpolation_duration: 1 }