# This file was generated by Animated Java via MC-Build. It is not recommended to edit this file directly.
$data merge entity $(bone_head_lower) { transformation: [0.504832106752247f,0.4825813005107096f,-0.7157232931723545f,0.8050280017022585f,-0.5759779268617423f,0.8058847881136004f,0.13710994148910916f,0.35293260998877535f,0.6429572083429329f,0.3430233179894475f,0.6847926923933793f,-0.48624550906127506f,0f,0f,0f,1f], start_interpolation: 0, interpolation_duration: 1 }
$data merge entity $(bone_head_upper) { transformation: [0.5254795295717027f,0.8785960333697521f,-0.18818134001953205f,0.8119470414517709f,-0.5995351840795847f,0.5052225234817972f,0.6846748917558249f,0.4112908185842996f,0.6692538902653221f,-0.2372575699469452f,0.7611044727572623f,-0.43889677232772734f,0f,0f,0f,1f], start_interpolation: 0, interpolation_duration: 1 }
$data merge entity $(bone_neck_0) { transformation: [0.46649292370263395f,0.6351498930048359f,-0.6156045529000856f,0.7616804876072253f,-0.6012793359745433f,0.7381467758402442f,0.30594525236823766f,0.419286594438123f,0.6487276102227969f,0.2274290015204697f,0.7262427534936384f,-0.3958377734147741f,0f,0f,0f,1f], start_interpolation: 0, interpolation_duration: 1 }
$data merge entity $(bone_neck_1) { transformation: [0.48781253675934133f,0.5552894038941062f,-0.6735670767661859f,0.7071786645098115f,-0.34357104978402275f,0.8314530609795269f,0.43662883681461073f,0.46010518799010375f,0.8024947742700392f,0.018425127155698162f,0.5963745903025846f,-0.3452321359419821f,0f,0f,0f,1f], start_interpolation: 0, interpolation_duration: 1 }
$data merge entity $(bone_neck_2) { transformation: [0.33874049495459774f,0.38402303223880274f,-0.8589419001236521f,0.6356887374947416f,-0.4283718824772833f,0.8757542516945342f,0.22260283228614844f,0.48818104709010934f,0.8377066356313427f,0.29254196510767827f,0.4611580979123703f,-0.3019670592019917f,0f,0f,0f,1f], start_interpolation: 0, interpolation_duration: 1 }
$data merge entity $(bone_body_0) { transformation: [0.4565629458084523f,0.18233115539170028f,-0.8708074564955426f,0.22701738094540444f,-0.39726120928024045f,0.9175632440478662f,-0.01616244949124701f,0.4893046821076812f,0.7960739966334219f,0.3533171987688737f,0.49135847294842394f,-0.06702586553090109f,0f,0f,0f,1f], start_interpolation: 0, interpolation_duration: 1 }
$data merge entity $(bone_leg_left_3) { transformation: [0.031993961140433035f,0.0640419073401707f,-0.9974342186604477f,-0.36781003501337084f,0.007792645794473747f,0.9978987895803596f,0.06432169482822218f,0.05948245154167647f,0.9994576835074442f,-0.009830557374129655f,0.03142767919601462f,-0.4632688308980323f,0f,0f,0f,1f], start_interpolation: 0, interpolation_duration: 1 }
$data merge entity $(bone_leg_left_2) { transformation: [-0.0034895930081416063f,0.012045956846306263f,-1.0256241597997724f,-0.3967039340856314f,-0.29260554390104343f,0.9829989426862403f,0.012540887400911874f,0.2885517055382019f,0.9830727429441357f,0.29262633699324586f,0.00009208096000702156f,-0.39353009319872384f,0f,0f,0f,1f], start_interpolation: 0, interpolation_duration: 1 }
$data merge entity $(bone_leg_left_1) { transformation: [-0.08454631514219094f,0.9947591703206178f,-0.057498814413114274f,-0.12172563953017083f,0.10197574720511023f,0.06604066498141253f,0.9925923521520666f,0.2518186035656142f,0.9911876046328653f,0.07805654124959192f,-0.10702480455629898f,-0.3863884965559912f,0f,0f,0f,1f], start_interpolation: 0, interpolation_duration: 1 }
$data merge entity $(bone_leg_left_0) { transformation: [-0.10455543290431285f,0.3257290877438801f,-0.9396641542847803f,0.07050347326507901f,0.047150118378681674f,0.9454038468748338f,0.3224723750201588f,0.6022460221780177f,0.9934007387691376f,-0.010589037340816648f,-0.11420527352590495f,-0.265740781935898f,0f,0f,0f,1f], start_interpolation: 0, interpolation_duration: 1 }
$data merge entity $(bone_leg_right_3) { transformation: [-0.4518281663325154f,0.029467072189771f,-0.8916181916970738f,0.09736497453960838f,0.025237647952908598f,0.9994765144781098f,0.020242483357866325f,0.05670997505172684f,0.8917479292010734f,-0.013356221892858552f,-0.4523353204231868f,0.2855451742157179f,0f,0f,0f,1f], start_interpolation: 0, interpolation_duration: 1 }
$data merge entity $(bone_leg_right_2) { transformation: [-0.46429806141795604f,-0.02464042611344767f,-0.9142660220445525f,0.06408671371932245f,0.20110936642559593f,0.9974831402669495f,-0.129013980326841f,0.28492274020132985f,0.8922132774175232f,-0.23766033279625554f,-0.4466936683184014f,0.21495790025245473f,0f,0f,0f,1f], start_interpolation: 0, interpolation_duration: 1 }
$data merge entity $(bone_leg_right_1) { transformation: [-0.30622173355278187f,0.8932723217785489f,-0.32907872772983954f,0.3181153932477732f,-0.16615528413685962f,0.29022618214410867f,0.9424230391663044f,0.3104764540800701f,0.9373476790675533f,0.34326858630293483f,0.05954835181813262f,0.3237228916044555f,0f,0f,0f,1f], start_interpolation: 0, interpolation_duration: 1 }
$data merge entity $(bone_leg_right_0) { transformation: [-0.3602341311866485f,-0.9172942904466037f,-0.16971315636173448f,0.013658003139129102f,-0.15173828781299617f,0.23712201399406743f,-0.959556482178604f,0.4993356223688338f,0.9204384079012464f,-0.3199130119164574f,-0.22460810774938597f,0.10937459857191816f,0f,0f,0f,1f], start_interpolation: 0, interpolation_duration: 1 }
$data merge entity $(bone_tail_4) { transformation: [2.207918617763973f,-0.7641829894684543f,1.471999003918917f,-1.0221329241361157f,1.2596729818987886f,2.3669445287000905f,-0.6606503676915031f,0.7395392361728874f,-1.078879366567662f,1.1996913304111856f,2.2410759370737074f,0.6860099804965911f,0f,0f,0f,1f], start_interpolation: 0, interpolation_duration: 1 }
$data merge entity $(bone_tail_3) { transformation: [1.6442528372835337f,-1.2738968804549968f,0.0978001589800453f,-1.0262501359138765f,1.2629586987105528f,1.6446815986543104f,0.18948163616480512f,0.6913156521848893f,-0.19316691870204017f,-0.0903033945063699f,2.0713467513924915f,0.3356698058815534f,0f,0f,0f,1f], start_interpolation: 0, interpolation_duration: 1 }
$data merge entity $(bone_tail_2) { transformation: [1.7980226938039219f,-0.7095368224191793f,-0.28713370613733213f,-0.9717119045303326f,0.7654154483043233f,1.6616626693757457f,0.6868698855699952f,0.5645894207308987f,-0.005240139879547635f,-0.7444518425238404f,1.8068032184218838f,-0.0003919853833346809f,0f,0f,0f,1f], start_interpolation: 0, interpolation_duration: 1 }
$data merge entity $(bone_tail_1) { transformation: [0.669974747006624f,-0.18862569261418874f,-1.3428367125079759f,-0.6810827468777088f,0.8180015918006059f,1.250803332957512f,0.23242346713284875f,0.49850320942945536f,1.0815098169619568f,-0.8291969731904459f,0.6560679427214209f,-0.13246765459146498f,0f,0f,0f,1f], start_interpolation: 0, interpolation_duration: 1 }
$data merge entity $(bone_tail_0) { transformation: [0.05555041867480927f,0.1791328669860209f,-1.2643817791847722f,-0.30727820885568263f,-0.1356694842068753f,1.2592428326513927f,0.1724441824335179f,0.4784987840427961f,1.269780949071186f,0.12670683077676798f,0.07373897879963914f,-0.15095823651498844f,0f,0f,0f,1f], start_interpolation: 0, interpolation_duration: 1 }
$data merge entity $(bone_body_1) { transformation: [-0.1787854258337615f,-0.2772941970493828f,-1.19153191096522f,-0.011585998271723668f,-0.3236648340112597f,1.172001331276287f,-0.22418418714825836f,0.45167586047221653f,1.1797802514833662f,0.279509217782884f,-0.24206972227128287f,-0.11350734629686716f,0f,0f,0f,1f], start_interpolation: 0, interpolation_duration: 1 }