# This file was generated by Animated Java via MC-Build. It is not recommended to edit this file directly.
$data merge entity $(bone_head_lower) { transformation: [0.45061637484236944f,0.465931240478322f,-0.761480769205798f,0.8314842045496188f,-0.5739468777085036f,0.8045412186004575f,0.15263816410567405f,0.36189190232800683f,0.6837615551437369f,0.36826825374884387f,0.6299592280363832f,-0.44747871905273495f,0f,0f,0f,1f], start_interpolation: 0, interpolation_duration: 1 }
$data merge entity $(bone_head_upper) { transformation: [0.46904639681659954f,0.8930600899410376f,-0.2567315640340682f,0.8339848405613961f,-0.5974210658622491f,0.5100919644015851f,0.6829100969384282f,0.42023844890967343f,0.7117271178484679f,-0.1603801926390713f,0.742424842062599f,-0.3996782607565337f,0f,0f,0f,1f], start_interpolation: 0, interpolation_duration: 1 }
$data merge entity $(bone_neck_0) { transformation: [0.41315365895583583f,0.6104141236314394f,-0.6757948296359385f,0.7802450137327606f,-0.605476270922157f,0.7384369764111905f,0.29683213643218886f,0.4276415992351919f,0.6802224190965805f,0.28654045009380574f,0.6746792060071479f,-0.36092312391013714f,0f,0f,0f,1f], start_interpolation: 0, interpolation_duration: 1 }
$data merge entity $(bone_neck_1) { transformation: [0.4246488206385869f,0.5509886507874864f,-0.7183904828389942f,0.7219262468018072f,-0.3601947317211528f,0.8308043460954946f,0.4242922268309478f,0.467412131455169f,0.8306221369374791f,0.07858527350733921f,0.5512632950026626f,-0.3138618549607756f,0f,0f,0f,1f], start_interpolation: 0, interpolation_duration: 1 }
$data merge entity $(bone_neck_2) { transformation: [0.2868819378048574f,0.3682034776702875f,-0.8843782860251808f,0.6480530182824218f,-0.4432509147097157f,0.8694358663588945f,0.21819693145816454f,0.49504013965696025f,0.8492510702791788f,0.32940472571028f,0.41263197441473776f,-0.27448712111957924f,0f,0f,0f,1f], start_interpolation: 0, interpolation_duration: 1 }
$data merge entity $(bone_body_0) { transformation: [0.41271249422948175f,0.1630755503565678f,-0.8961443867942168f,0.2272570277893421f,-0.4116351242813875f,0.9110381880048363f,-0.023789587106782528f,0.49250697400296634f,0.8125422583255144f,0.3787027658636349f,0.4431244673480649f,-0.06203660415188039f,0f,0f,0f,1f], start_interpolation: 0, interpolation_duration: 1 }
$data merge entity $(bone_leg_left_3) { transformation: [-0.008378189571399686f,0.05126145366204812f,-0.9986501235707931f,-0.33876891997535197f,-0.002720085870895158f,0.9986803119345198f,0.05128582345273936f,0.0551857974860645f,0.9999612027835684f,0.003146096442304979f,-0.008227697418784319f,-0.48227537893679207f,0f,0f,0f,1f], start_interpolation: 0, interpolation_duration: 1 }
$data merge entity $(bone_leg_left_2) { transformation: [-0.03685743724709289f,-0.018404115070081564f,-1.024873171357685f,-0.37478924384216605f,-0.2986442809066031f,0.981237205291575f,-0.006880402172272331f,0.28323481985001736f,0.9805688768781361f,0.29815605813191426f,-0.040618249566961695f,-0.4125096872725449f,0f,0f,0f,1f], start_interpolation: 0, interpolation_duration: 1 }
$data merge entity $(bone_leg_left_1) { transformation: [-0.12336845962378044f,0.9901295893127251f,-0.0665102964770895f,-0.09981755928533675f,0.09479397198239609f,0.07847391355635408f,0.9923990869438315f,0.2500327225802934f,0.9878230236463699f,0.11612597150751662f,-0.10353952238434896f,-0.39514365466181256f,0f,0f,0f,1f], start_interpolation: 0, interpolation_duration: 1 }
$data merge entity $(bone_leg_left_0) { transformation: [-0.14187049841184418f,0.2987604212694307f,-0.9437239916221732f,0.07781444213982683f,0.0394120670188228f,0.9543159420273675f,0.29618874348246566f,0.6051992245143898f,0.9891003238568264f,0.004826331456751196f,-0.1471640440834338f,-0.26626034876829774f,0f,0f,0f,1f], start_interpolation: 0, interpolation_duration: 1 }
$data merge entity $(bone_leg_right_3) { transformation: [-0.4762820317125473f,0.03852322609960612f,-0.8784482838042589f,0.08728357156471207f,0.027733265599944434f,0.9992009090728177f,0.02878210011827259f,0.05704501377742471f,0.878855103101149f,-0.010653842449274198f,-0.47696981392341287f,0.286405461529651f,0f,0f,0f,1f], start_interpolation: 0, interpolation_duration: 1 }
$data merge entity $(bone_leg_right_2) { transformation: [-0.4887827288193782f,-0.02575404366908331f,-0.9013824786089801f,0.05418187228969307f,0.2038764594968769f,0.9955781273505729f,-0.13899921260510675f,0.284500841971492f,0.8784008383258721f,-0.24540399564088677f,-0.46930911524557795f,0.21333566071103105f,0f,0f,0f,1f], start_interpolation: 0, interpolation_duration: 1 }
$data merge entity $(bone_leg_right_1) { transformation: [-0.32743492214071945f,0.8842304250037207f,-0.33305093793658813f,0.30554234824830323f,-0.16154758527750138f,0.2949025339211033f,0.9417721981338806f,0.31145125786235045f,0.930961196534909f,0.36217268116832413f,0.04628390175469238f,0.3278126097834815f,0f,0f,0f,1f], start_interpolation: 0, interpolation_duration: 1 }
$data merge entity $(bone_leg_right_0) { transformation: [-0.38082297589978853f,-0.9062060857473399f,-0.18375089436874742f,0.008975288067924594f,-0.1460695114523775f,0.2551898514158811f,-0.9557938258633001f,0.5064390020726505f,0.9130375451485514f,-0.3371478457425259f,-0.22955123885590584f,0.10796030256747921f,0f,0f,0f,1f], start_interpolation: 0, interpolation_duration: 1 }
$data merge entity $(bone_tail_4) { transformation: [2.3938257541201216f,-0.8840032274058899f,1.0553662323796453f,-1.1201770715263066f,1.221190612147846f,2.3408431578100797f,-0.8092021570261065f,0.7232403781497444f,-0.6355730322419331f,1.1681836054617893f,2.42013539212522f,0.6163110417902073f,0f,0f,0f,1f], start_interpolation: 0, interpolation_duration: 1 }
$data merge entity $(bone_tail_3) { transformation: [1.6727005051000141f,-1.2209880594089544f,-0.21727104055386576f,-1.0713876053951366f,1.2341935560546227f,1.6746632906472663f,0.09063473504213938f,0.6914841813974681f,0.12159281424430074f,-0.2015850881976874f,2.068942765226947f,0.26746747312764513f,0f,0f,0f,1f], start_interpolation: 0, interpolation_duration: 1 }
$data merge entity $(bone_tail_2) { transformation: [1.7887306197846982f,-0.6192002293157284f,-0.4856003715636731f,-0.9799402295111163f,0.7560747748728247f,1.6866147572070966f,0.6343937819485865f,0.5745121734989534f,0.21809993041822737f,-0.7685672461075691f,1.78339863282581f,-0.06408404742573302f,0f,0f,0f,1f], start_interpolation: 0, interpolation_duration: 1 }
$data merge entity $(bone_tail_1) { transformation: [0.5681205773732956f,-0.10921632901217905f,-1.3974859759733327f,-0.6784245489078534f,0.7962694281042197f,1.2661341210462536f,0.22475683613409858f,0.5099090949033949f,1.1536248339176878f,-0.8201417139735883f,0.5330793201474363f,-0.16987352509319978f,0f,0f,0f,1f], start_interpolation: 0, interpolation_duration: 1 }
$data merge entity $(bone_tail_0) { transformation: [-0.03669847839332745f,0.18120576501565325f,-1.264774054522283f,-0.3044553561928808f,-0.12778651398894167f,1.2584309874494484f,0.18400481856078646f,0.48650679167526706f,1.2712826377758002f,0.13172561306035296f,-0.018014836599471833f,-0.16143039744334442f,0f,0f,0f,1f], start_interpolation: 0, interpolation_duration: 1 }
$data merge entity $(bone_body_1) { transformation: [-0.21650691686623272f,-0.27269745507388105f,-1.1863243435087882f,-0.010283455288945212f,-0.31061205731189856f,1.1774308544006065f,-0.2139657169131957f,0.45694250000000003f,1.1769662271525885f,0.26057105779026296f,-0.27469586644235366f,-0.1151187662548824f,0f,0f,0f,1f], start_interpolation: 0, interpolation_duration: 1 }