# This file was generated by Animated Java via MC-Build. It is not recommended to edit this file directly.
$data merge entity $(bone_head_lower) { transformation: [-0.2815944384953382f,0.17841224901762015f,-0.9428009554561187f,0.9578459029801104f,-0.5084327167599907f,0.8055433414209128f,0.3042960690191149f,0.42592724431685797f,0.8137571779938723f,0.5650389318382457f,-0.13612590043979197f,0.031596240926333494f,0f,0f,0f,1f], start_interpolation: 0, interpolation_duration: 1 }
$data merge entity $(bone_head_upper) { transformation: [-0.2931115336987815f,0.6248013315121954f,-0.7792181129419693f,0.9180674176835334f,-0.529227403028509f,0.5915473887406175f,0.6733958607991024f,0.4854681338100244f,0.8470395075083309f,0.5858045114184869f,0.15109298364020723f,0.05542922390516797f,0f,0f,0f,1f], start_interpolation: 0, interpolation_duration: 1 }
$data merge entity $(bone_neck_0) { transformation: [-0.24050124008148294f,0.1191538554474761f,-0.9633075896364938f,0.8539217642117168f,-0.5995801258346036f,0.7622209035758086f,0.2439732912763991f,0.48906536917280824f,0.7633235396759556f,0.6362559649104124f,-0.1118727888831346f,0.03762104340531733f,0f,0f,0f,1f], start_interpolation: 0, interpolation_duration: 1 }
$data merge entity $(bone_neck_1) { transformation: [-0.2621088226584002f,0.243848692771723f,-0.9337220036596277f,0.7759466358469611f,-0.4681365201159547f,0.8139556052891197f,0.34398324254554474f,0.5219550563255906f,0.8438881226906514f,0.5272704122667463f,-0.09919046692955777f,0.03164737786201671f,0f,0f,0f,1f], start_interpolation: 0, interpolation_duration: 1 }
$data merge entity $(bone_neck_2) { transformation: [-0.23786234441169496f,0.09438275012863939f,-0.9667023334973013f,0.6921803272780744f,-0.5380933935258184f,0.8157763854940245f,0.2120480811376828f,0.5485190192680877f,0.8086266165263427f,0.5706143928683008f,-0.1432557492622884f,0.02468377134869701f,0f,0f,0f,1f], start_interpolation: 0, interpolation_duration: 1 }
$data merge entity $(bone_body_0) { transformation: [-0.034207884203851346f,-0.10807598911303959f,-0.9935539246742144f,0.22289252951504665f,-0.5092980633810549f,0.8572530510464235f,-0.07571452375802856f,0.5210014550279238f,0.8599100553514901f,0.5034250560399595f,-0.08436770505685742f,-0.010282658725605284f,0f,0f,0f,1f], start_interpolation: 0, interpolation_duration: 1 }
$data merge entity $(bone_leg_left_3) { transformation: [-0.36348387322087794f,-0.06447055672919937f,-0.9293670002874943f,-0.0529849029372359f,-0.1365024872292916f,0.990521176212849f,-0.015325483813941526f,0.03363542295188224f,0.9215457367318054f,0.12129034087239338f,-0.3688388649837391f,-0.5848746146026935f,0f,0f,0f,1f], start_interpolation: 0, interpolation_duration: 1 }
$data merge entity $(bone_leg_left_2) { transformation: [-0.34382532210193106f,-0.26264202050059426f,-0.9299814602719577f,-0.1434803723482952f,-0.3536721624611039f,0.9528077177248684f,-0.13833168127623033f,0.2509097706692339f,0.8993121531939198f,0.27429695880922095f,-0.4099524716432659f,-0.5322105860244788f,0f,0f,0f,1f], start_interpolation: 0, interpolation_duration: 1 }
$data merge entity $(bone_leg_left_1) { transformation: [-0.47766781180982615f,0.8649597519004473f,-0.15387686360570643f,0.10917626707279272f,0.025760743194956446f,0.18886500349980578f,0.9816651132453786f,0.24964161242521948f,0.8781627671854779f,0.4649458442069733f,-0.11249673899188806f,-0.4174220848979454f,0f,0f,0f,1f], start_interpolation: 0, interpolation_duration: 1 }
$data merge entity $(bone_leg_left_0) { transformation: [-0.4785946129933048f,0.051100830504087494f,-0.8765477177744412f,0.1449476888083348f,-0.03053278474759611f,0.9967326444220626f,0.0747782361316389f,0.6313536080216564f,0.8775049546694f,0.06255190376954739f,-0.47547062355676567f,-0.2521234570474495f,0f,0f,0f,1f], start_interpolation: 0, interpolation_duration: 1 }
$data merge entity $(bone_leg_right_3) { transformation: [-0.7297379740516683f,0.05496815568052085f,-0.6815137497424752f,-0.010532479658915003f,0.03968636066524589f,0.9984878541569794f,0.038039425312938774f,0.05036722994782242f,0.6825741586114399f,0.0007120126913497671f,-0.7308159898591523f,0.2772815924642724f,0f,0f,0f,1f], start_interpolation: 0, interpolation_duration: 1 }
$data merge entity $(bone_leg_right_2) { transformation: [-0.7109028393010913f,-0.017858212179354533f,-0.7391619828103301f,-0.03643573983450257f,0.20446280695922395f,0.9806670799615579f,-0.22033891701358838f,0.271832643801107f,0.7105450817117072f,-0.3000589309421117f,-0.6761305527173544f,0.18534050455965373f,0f,0f,0f,1f], start_interpolation: 0, interpolation_duration: 1 }
$data merge entity $(bone_leg_right_1) { transformation: [-0.5019387024445965f,0.7842896114315431f,-0.3646194514679576f,0.18597286395313473f,-0.1277690090229098f,0.34970873016760134f,0.928104996418976f,0.31506976910317874f,0.8554137123763792f,0.5124388836194256f,-0.07532443981430204f,0.3455851600605857f,0f,0f,0f,1f], start_interpolation: 0, interpolation_duration: 1 }
$data merge entity $(bone_leg_right_0) { transformation: [-0.5476665054687033f,-0.7721648140684734f,-0.32221560902957336f,-0.027293507769102f,-0.10128164396459327f,0.4434541491419112f,-0.8905562566197899f,0.5734577120346055f,0.8305440550527878f,-0.4550933063926823f,-0.3210711059766172f,0.09646590306797254f,0f,0f,0f,1f], start_interpolation: 0, interpolation_duration: 1 }
$data merge entity $(bone_tail_4) { transformation: [2.1423009049062207f,-1.3866874848376192f,-1.0551331592897228f,-1.4576319094788643f,0.910460394964097f,2.3165633615979426f,-1.195933690680156f,0.7835361955090842f,1.4856884039527989f,0.5799080467597933f,2.2543508944402224f,0.00602753485865834f,0f,0f,0f,1f], start_interpolation: 0, interpolation_duration: 1 }
$data merge entity $(bone_tail_3) { transformation: [1.1208452954099943f,-0.8012233327359781f,-1.5613111544087495f,-1.1850506352602692f,1.0919385115051379f,1.7686998134932352f,-0.12376099096800554f,0.7872133698804064f,1.3737982518891458f,-0.7521221090174726f,1.37220123242835f,-0.21928698036123537f,0f,0f,0f,1f], start_interpolation: 0, interpolation_duration: 1 }
$data merge entity $(bone_tail_2) { transformation: [1.3156791319547423f,-0.1111970319452756f,-1.4406240025864332f,-0.9162953669976026f,0.721425646296677f,1.7386945265978606f,0.5246525088540409f,0.6906287963672052f,1.2519214566445518f,-0.8850708662406525f,1.2116584102492678f,-0.44381651051144916f,0f,0f,0f,1f], start_interpolation: 0, interpolation_duration: 1 }
$data merge entity $(bone_tail_1) { transformation: [-0.0358475940769874f,0.31513686094719634f,-1.4788711772400056f,-0.6018767642443218f,0.7808936528710057f,1.270607604092852f,0.25182865072743454f,0.6201601711868007f,1.2948267462887342f,-0.757562753370155f,-0.19281758685752887f,-0.394300936126349f,0f,0f,0f,1f], start_interpolation: 0, interpolation_duration: 1 }
$data merge entity $(bone_tail_0) { transformation: [-0.5215040715582104f,0.26460617593273206f,-1.136597022515233f,-0.26335127891298293f,-0.004968182916936838f,1.244409784256897f,0.29198514104014756f,0.5648651514243932f,1.1669809497548538f,0.1235458501447423f,-0.5066829407087831f,-0.24325502300243249f,0f,0f,0f,1f], start_interpolation: 0, interpolation_duration: 1 }
$data merge entity $(bone_body_1) { transformation: [-0.5417180227023247f,-0.17582485022721916f,-1.0973749591540305f,0.003616078718558402f,-0.18208913384193934f,1.2183415695814674f,-0.10531838501756814f,0.5072862499999998f,1.0963529204924964f,0.11547310045457507f,-0.5597149558974029f,-0.12090706888376346f,0f,0f,0f,1f], start_interpolation: 0, interpolation_duration: 1 }