# This file was generated by Animated Java via MC-Build. It is not recommended to edit this file directly.
$data merge entity $(bone_head_lower) { transformation: [-0.9546848860810647f,-0.2965497514057699f,-0.02519946883488977f,0.5473435220855857f,-0.26583002736733224f,0.8115789974783016f,0.5202633250595304f,0.4766781019407807f,-0.1338326000579375f,0.5033863087066348f,-0.8536340312853282f,0.6873149522792175f,0f,0f,0f,1f], start_interpolation: 0, interpolation_duration: 1 }
$data merge entity $(bone_head_upper) { transformation: [-0.9937311001364112f,-0.30242638145173845f,-0.06714705508950305f,0.5356151940001023f,-0.2767023647241448f,0.7650367667428263f,0.6493277211634016f,0.5385338464136967f,-0.1393062976367238f,0.6377530650002379f,-0.8107630517636198f,0.6457004153021293f,0f,0f,0f,1f], start_interpolation: 0, interpolation_duration: 1 }
$data merge entity $(bone_neck_0) { transformation: [-0.8961235039163561f,-0.4385169931574435f,-0.06830455651585288f,0.5386060062302542f,-0.44281771150850063f,0.8732182508865729f,0.20347570049755048f,0.5376600827017285f,-0.029582766994434323f,0.21258582509365304f,-0.9766944900357551f,0.5791044106661415f,0f,0f,0f,1f], start_interpolation: 0, interpolation_duration: 1 }
$data merge entity $(bone_neck_1) { transformation: [-0.8853734088285865f,-0.39480025312428785f,-0.24545200563908004f,0.5159942043789382f,-0.4566313860565634f,0.8375856387237334f,0.29989677402702675f,0.5669239279463721f,0.08718775262220266f,0.37760171866234155f,-0.9218542389423262f,0.502750821208503f,0f,0f,0f,1f], start_interpolation: 0, interpolation_duration: 1 }
$data merge entity $(bone_neck_2) { transformation: [-0.790993744813353f,-0.38803969513853076f,-0.4730265221559404f,0.4707543821989459f,-0.5390666883567632f,0.8076854494919581f,0.2388541818412358f,0.5957570910359604f,0.2893717352649019f,0.44392500456244854f,-0.8480534117341958f,0.43280128518779365f,0f,0f,0f,1f], start_interpolation: 0, interpolation_duration: 1 }
$data merge entity $(bone_body_0) { transformation: [-0.6504490049653784f,-0.46977738832405874f,-0.5968461253614501f,0.18498782464354252f,-0.5205112080198098f,0.8479587973821733f,-0.10016965742148086f,0.5566253746229938f,0.553158362736484f,0.2455098437163062f,-0.7960783519058204f,0.059951331377102623f,0f,0f,0f,1f], start_interpolation: 0, interpolation_duration: 1 }
$data merge entity $(bone_leg_left_3) { transformation: [-0.768158718739341f,-0.27287472371937105f,-0.5791990745674681f,0.3506150042549675f,-0.30460933072714996f,0.9514482764074957f,-0.044264353097762416f,0.03898663080074599f,0.5631565843162024f,0.14242739370037816f,-0.8139834759164501f,-0.48130351448416936f,0f,0f,0f,1f], start_interpolation: 0, interpolation_duration: 1 }
$data merge entity $(bone_leg_left_2) { transformation: [-0.7491561573134585f,-0.47674896251533666f,-0.5133592097163326f,0.22245818972180428f,-0.4001621139180687f,0.9081053146137049f,-0.2593785258182741f,0.24202790007544348f,0.5750630696233673f,0.010833457970037316f,-0.8492627989288456f,-0.504132135249512f,0f,0f,0f,1f], start_interpolation: 0, interpolation_duration: 1 }
$data merge entity $(bone_leg_left_1) { transformation: [-0.8899918453579554f,0.421223345438234f,-0.17460071149386527f,0.3638763202780011f,-0.04262241123694139f,0.30438815030692334f,0.9515940226867123f,0.27510052185721f,0.4539800053490138f,0.8543528236101013f,-0.25294941694488465f,-0.26765697862997107f,0f,0f,0f,1f], start_interpolation: 0, interpolation_duration: 1 }
$data merge entity $(bone_leg_left_0) { transformation: [-0.878494442303105f,-0.17110359504417702f,-0.44606173855814524f,0.2308602110634973f,-0.0933792229348312f,0.9771542431825306f,-0.19091858409925055f,0.6634472737216427f,0.46853797665359403f,-0.1260680165360501f,-0.8744020926553312f,-0.19149403770570664f,0f,0f,0f,1f], start_interpolation: 0, interpolation_duration: 1 }
$data merge entity $(bone_leg_right_3) { transformation: [-0.9677243751627126f,0.03244676361253536f,-0.2499134675182799f,-0.16998631923598406f,0.025298735766977f,0.9991752284850721f,0.031762190579310345f,0.04622131594686307f,0.2507379262986171f,0.024414551252808114f,-0.967747085762904f,0.1760712091466234f,0f,0f,0f,1f], start_interpolation: 0, interpolation_duration: 1 }
$data merge entity $(bone_leg_right_2) { transformation: [-0.9467757452603779f,0.06530986305020844f,-0.3891176036569331f,-0.1653193545147224f,0.18039507092247467f,0.9712861515081154f,-0.275904022761764f,0.2638201765101096f,0.3509066914070268f,-0.3231099397691314f,-0.9080345038867501f,0.07214802892256111f,0f,0f,0f,1f], start_interpolation: 0, interpolation_duration: 1 }
$data merge entity $(bone_leg_right_1) { transformation: [-0.7511763436611837f,0.5690793804446292f,-0.33448880321555285f,-0.007938385158241981f,-0.10149849130258264f,0.40112166643699887f,0.9103842402953296f,0.3224876261737548f,0.6522516055841605f,0.717809213835795f,-0.2435524082108874f,0.293061465576251f,0f,0f,0f,1f], start_interpolation: 0, interpolation_duration: 1 }
$data merge entity $(bone_leg_right_0) { transformation: [-0.7798600650272649f,-0.47467486972007195f,-0.40804662360066557f,-0.07041490401753053f,-0.05980971728661126f,0.705403810349926f,-0.7062777513570005f,0.663901923195952f,0.6230899426999011f,-0.5263926599032687f,-0.5785064311709902f,0.06102646618064911f,0f,0f,0f,1f], start_interpolation: 0, interpolation_duration: 1 }
$data merge entity $(bone_tail_4) { transformation: [-0.35553168840090515f,-1.3562356762242884f,-2.3790509327627367f,-1.2530548796322483f,0.4627073532046934f,2.3347730230556873f,-1.4001421955293372f,0.9033839609430111f,2.699103639253801f,-0.5788964095136983f,-0.07334727819789294f,-1.0511575011756487f,0f,0f,0f,1f], start_interpolation: 0, interpolation_duration: 1 }
$data merge entity $(bone_tail_3) { transformation: [-0.6226324046150936f,0.06606875762179808f,-1.9859278269952265f,-0.9169614430655093f,0.9631304037555574f,1.8303581144413694f,-0.24106954246593654f,0.9263489557327296f,1.7380029459495543f,-0.9906410137932871f,-0.5778595570774313f,-0.943479674554597f,0f,0f,0f,1f], start_interpolation: 0, interpolation_duration: 1 }
$data merge entity $(bone_tail_2) { transformation: [-0.12948392901343964f,0.5432792266369418f,-1.8726599982470886f,-0.5688045109151716f,0.7443595376509156f,1.7484216466516425f,0.4557680322607657f,0.84258912891282f,1.8022032809420072f,-0.6831129499778952f,-0.3227908095611464f,-0.8823034865734509f,0f,0f,0f,1f], start_interpolation: 0, interpolation_duration: 1 }
$data merge entity $(bone_tail_1) { transformation: [-0.8033610367903145f,0.7745516728160453f,-1.0209490686146188f,-0.35780824758609797f,0.8518194047505214f,1.2229973631429618f,0.25756048112206553f,0.7714013033227531f,0.9574293688088221f,-0.4381819324016327f,-1.0858093054763864f,-0.6442078180959362f,0f,0f,0f,1f], start_interpolation: 0, interpolation_duration: 1 }
$data merge entity $(bone_tail_0) { transformation: [-1.0126705966019032f,0.40638043368036075f,-0.6657243592386682f,-0.15346143317496308f,0.20438763846511385f,1.1911466665237058f,0.4162103178155789f,0.6785194657340111f,0.7527015827036818f,0.2232941524878186f,-1.0086702957082394f,-0.3440624283479992f,0f,0f,0f,1f], start_interpolation: 0, interpolation_duration: 1 }
$data merge entity $(bone_body_1) { transformation: [-0.9475442743904471f,0.047910335077166064f,-0.7927603943934921f,0.02761715265439408f,0.0014299239620920818f,1.2342167452820274f,0.07288056009082017f,0.5784425f,0.7942055139846325f,0.054938333743231475f,-0.945951360323655f,-0.12784247438781327f,0f,0f,0f,1f], start_interpolation: 0, interpolation_duration: 1 }