# This file was generated by Animated Java via MC-Build. It is not recommended to edit this file directly.
$data merge entity $(bone_head_lower) { transformation: [-0.8637226547146781f,-0.01822501848587396f,-0.5036377909111052f,-0.6820334797372412f,-0.2309451922379433f,0.9025533180440041f,0.3634031181345837f,0.1684197297956627f,0.44793693073334345f,0.43019223236705273f,-0.7837647282802687f,0.07325565902234284f,0f,0f,0f,1f], start_interpolation: 0, interpolation_duration: 1 }
$data merge entity $(bone_head_upper) { transformation: [-0.899048551408069f,0.18309019482852368f,-0.49159091260133414f,-0.7120903105985359f,-0.24039075437331178f,0.723198486833418f,0.7089909565270857f,0.23346030517653085f,0.4662573645599494f,0.7259021089534144f,-0.582359116691842f,0.049554035354374526f,0f,0f,0f,1f], start_interpolation: 0, interpolation_duration: 1 }
$data merge entity $(bone_neck_0) { transformation: [-0.9692180165673079f,-0.23620935437221394f,0.06943757821522159f,-0.7034530473100767f,-0.2212981806368476f,0.9594151104841774f,0.17478489929469002f,0.22926062531473962f,-0.10790528999152155f,0.15403826369345877f,-0.9821551108201545f,-0.016419418596750293f,0f,0f,0f,1f], start_interpolation: 0, interpolation_duration: 1 }
$data merge entity $(bone_neck_1) { transformation: [-0.9087367623938595f,-0.2461324834870833f,0.33707016665140566f,-0.67603268173363f,-0.06528056501623825f,0.8814861726148548f,0.46767571598274693f,0.2729397933137156f,-0.4122328765456321f,0.40298998506327033f,-0.8171065581878649f,-0.08378254411140026f,0f,0f,0f,1f], start_interpolation: 0, interpolation_duration: 1 }
$data merge entity $(bone_neck_2) { transformation: [-0.6882185046884886f,-0.34165291883855087f,0.6400223221524691f,-0.6233069217541611f,0.008939891879631644f,0.8781162066898895f,0.47836388438273597f,0.3234453638008994f,-0.7254483910916896f,0.3349406075674575f,-0.6012814825560664f,-0.13318003370846573f,0f,0f,0f,1f], start_interpolation: 0, interpolation_duration: 1 }
$data merge entity $(bone_body_0) { transformation: [-0.427813351441409f,-0.07420689317692286f,0.9008157821294529f,-0.1994627351118596f,0.17201092279570818f,0.9717266162153952f,0.16173937608865338f,0.4089294359065433f,-0.8873488484059909f,0.22414441849755412f,-0.402953224194763f,-0.3209551214301545f,0f,0f,0f,1f], start_interpolation: 0, interpolation_duration: 1 }
$data merge entity $(bone_leg_left_3) { transformation: [0.009186705040748366f,-0.13543371842500776f,0.9907438177268985f,0.05599590150920055f,-0.08002038795998329f,0.9875085654798333f,0.13573345429442046f,0.011221860996365851f,-0.9967508926312671f,-0.08052664787222608f,-0.0017655087749564036f,0.06737642069850593f,0f,0f,0f,1f], start_interpolation: 0, interpolation_duration: 1 }
$data merge entity $(bone_leg_left_2) { transformation: [0.27040724312791403f,-0.15476031360353576f,0.97723659760469f,0.05054198907340318f,-0.2548995126860511f,0.9679823930478473f,0.22382699721541813f,0.24337896256503444f,-0.9560169249532504f,-0.3018634320075759f,0.21673095561140482f,0.002227306380710656f,0f,0f,0f,1f], start_interpolation: 0, interpolation_duration: 1 }
$data merge entity $(bone_leg_left_1) { transformation: [0.29820720156996233f,-0.9491695738426514f,-0.10074514888157943f,-0.20791356048685883f,0.14683642631887023f,-0.05867235226521694f,0.9874191708618835f,0.17214616876205296f,-0.9431391884752296f,-0.3092485653499884f,0.12187615021512253f,-0.06946651237858376f,0f,0f,0f,1f], start_interpolation: 0, interpolation_duration: 1 }
$data merge entity $(bone_leg_left_0) { transformation: [0.27749855759695186f,0.37603640879610695f,0.8840764501961006f,-0.09997247551281362f,0.09379554481660532f,0.9052168406860275f,-0.4144693801850302f,0.5722102535391635f,-0.9561364684521594f,0.19793708747512226f,0.21592582776893182f,-0.12050305625189006f,0f,0f,0f,1f], start_interpolation: 0, interpolation_duration: 1 }
$data merge entity $(bone_leg_right_3) { transformation: [0.4797541438696367f,-0.14301887641444128f,0.8656682750505892f,-0.11509720770504214f,0.15869529316753447f,0.9844975569070236f,0.07470183646050146f,0.03320660697847008f,-0.8629320745958992f,0.10153896509838967f,0.4950132050767595f,-0.7010110566230059f,0f,0f,0f,1f], start_interpolation: 0, interpolation_duration: 1 }
$data merge entity $(bone_leg_right_2) { transformation: [0.5053521488702915f,0.11487861916807544f,0.8851464895659414f,-0.06174816950726028f,0.24585958475825592f,0.95990497484055f,-0.2649484918990007f,0.24838954653494028f,-0.8580410652849729f,0.34270620308814553f,0.4453989090132913f,-0.6060307707041706f,0f,0f,0f,1f], start_interpolation: 0, interpolation_duration: 1 }
$data merge entity $(bone_leg_right_1) { transformation: [0.32926061327723005f,-0.8654476724832788f,0.3776079643460629f,-0.3103327363789516f,-0.10723380299345768f,0.3630472158127074f,0.9255796187180232f,0.2957932295847834f,-0.9381302468420165f,-0.3452492509534475f,0.02673190371486453f,-0.7199254132747905f,0f,0f,0f,1f], start_interpolation: 0, interpolation_duration: 1 }
$data merge entity $(bone_leg_right_0) { transformation: [0.3790127370216134f,0.846793169234492f,0.3732166578720596f,-0.05230632879453605f,-0.0813606663103271f,0.43223760669767497f,-0.8980818967854798f,0.548073503432351f,-0.9218078905894248f,0.31001932180764274f,0.23271921483410932f,-0.5099627618795235f,0f,0f,0f,1f], start_interpolation: 0, interpolation_duration: 1 }
$data merge entity $(bone_tail_4) { transformation: [0.9453254203912487f,-0.8100955687875898f,-2.4649069659102385f,-0.17938083836501112f,-2.5176944822027454f,-0.9204466828052754f,-0.6630638958641992f,0.23008743669236517f,-0.6270850623702946f,2.474304832704223f,-1.0536798617267813f,0.4449256438209767f,0f,0f,0f,1f], start_interpolation: 0, interpolation_duration: 1 }
$data merge entity $(bone_tail_3) { transformation: [0.8764357144007254f,0.0488583744518344f,-1.8882316658220881f,0.14031535665372852f,-1.8397514143818123f,-0.44950918397274037f,-0.8655644128825561f,0.38125397519818127f,-0.4279260424973623f,2.032609130849935f,-0.14603064535384583f,0.44979636876447565f,0f,0f,0f,1f], start_interpolation: 0, interpolation_duration: 1 }
$data merge entity $(bone_tail_2) { transformation: [1.1125627688991722f,0.6196130418101404f,-1.4822474957580358f,0.41683204637511195f,-1.5808141801331583f,0.10084393022018355f,-1.1443910628060898f,0.5928488452354213f,-0.28636425781181757f,1.8505901910361753f,0.5586459806454847f,0.3461739037841817f,0f,0f,0f,1f], start_interpolation: 0, interpolation_duration: 1 }
$data merge entity $(bone_tail_1) { transformation: [1.3790319854128525f,0.5602263438958606f,-0.2684650383445922f,0.466437050638671f,-0.617690810787843f,1.3062010468896852f,-0.4471611984201533f,0.6736961121739067f,0.06622005343204763f,0.5173408148497157f,1.4197287190918164f,0.0342769015872742f,0f,0f,0f,1f], start_interpolation: 0, interpolation_duration: 1 }
$data merge entity $(bone_tail_0) { transformation: [1.0765924666111504f,-0.07071402029894823f,0.6854078382636914f,0.2644384946619377f,0.039917021858946085f,1.2757321376846293f,0.06891923409720964f,0.6843419991383509f,-0.687888805539136f,-0.03664364604939681f,1.0767088515481682f,-0.2812467263312005f,0f,0f,0f,1f], start_interpolation: 0, interpolation_duration: 1 }
$data merge entity $(bone_body_1) { transformation: [0.14991541665501182f,-0.4317146247517724f,1.148804790066981f,0.02643651680060972f,-0.07591280600773226f,1.1518660197136086f,0.44277140102925694f,0.5038175f,-1.2248947745783867f,-0.12422459684303633f,0.11316198922782542f,-0.299187895523166f,0f,0f,0f,1f], start_interpolation: 0, interpolation_duration: 1 }