# This file was generated by Animated Java via MC-Build. It is not recommended to edit this file directly.
$data merge entity $(bone_head_lower) { transformation: [-0.8308113910559071f,-0.4148338913142528f,0.3710327143377293f,0.30211296691163847f,-0.17190915097399898f,0.8253375700387691f,0.5378337468901512f,0.503720578925574f,-0.5293389049589565f,0.38305448450523977f,-0.7570135967056855f,0.777397462612323f,0f,0f,0f,1f], start_interpolation: 0, interpolation_duration: 1 }
$data merge entity $(bone_head_upper) { transformation: [-0.8647912307786808f,-0.4429720007860765f,0.3733415008693534f,0.3176348712879823f,-0.17894016362002266f,0.8422573085364184f,0.5848546713878033f,0.5628960362400103f,-0.5509886456139008f,0.4217231026634373f,-0.7759079066925344f,0.7332070538344464f,0f,0f,0f,1f], start_interpolation: 0, interpolation_duration: 1 }
$data merge entity $(bone_neck_0) { transformation: [-0.8438737972345881f,-0.3948458013943541f,0.3632819944094767f,0.347807130613478f,-0.3659427487866026f,0.9187156483406758f,0.14848387826453546f,0.5577030499021588f,-0.39238108893189844f,-0.007638757439671406f,-0.9197710206531817f,0.673983714563625f,0f,0f,0f,1f], start_interpolation: 0, interpolation_duration: 1 }
$data merge entity $(bone_neck_1) { transformation: [-0.8748470657841458f,-0.46555967387775143f,0.13377892789117293f,0.35699518643169337f,-0.4215730915701292f,0.8677899186631102f,0.26309083133145517f,0.5839880960646354f,-0.23857648658841785f,0.17376664560701593f,-0.9554508950865096f,0.5938450046722805f,0f,0f,0f,1f], start_interpolation: 0, interpolation_duration: 1 }
$data merge entity $(bone_neck_2) { transformation: [-0.8599299856969195f,-0.47292700216049316f,-0.19199080792263049f,0.3355451007960839f,-0.5080101638393515f,0.8294748713463176f,0.23215751385842637f,0.6124479128722626f,0.04945799364320075f,0.29717248936013396f,-0.9535420381043986f,0.513217074972691f,0f,0f,0f,1f], start_interpolation: 0, interpolation_duration: 1 }
$data merge entity $(bone_body_0) { transformation: [-0.7928884962318049f,-0.49484145219467157f,-0.3556118245125367f,0.16323259806369783f,-0.4885034891020464f,0.8650168700948572f,-0.11449958771289892f,0.5667250535153684f,0.36426936966809825f,0.08293221111947674f,-0.9275937012940746f,0.07683567500535038f,0f,0f,0f,1f], start_interpolation: 0, interpolation_duration: 1 }
$data merge entity $(bone_leg_left_3) { transformation: [-0.8518650800785873f,-0.3308759885794411f,-0.4060135041156628f,0.44704870952376335f,-0.3431291039674002f,0.9382254630471104f,-0.0446698835969426f,0.04467640172285289f,0.39571239979716455f,0.10126233589846084f,-0.9127746906959877f,-0.3863360119331593f,0f,0f,0f,1f], start_interpolation: 0, interpolation_duration: 1 }
$data merge entity $(bone_leg_left_2) { transformation: [-0.8479914745843719f,-0.48336261399708275f,-0.3151717657450041f,0.3233218111943083f,-0.4040228681362955f,0.8973398350950668f,-0.289152108543539f,0.24428212679622907f,0.4119929375072324f,-0.11490867348533794f,-0.9322660648670507f,-0.4412930971335235f,0f,0f,0f,1f], start_interpolation: 0, interpolation_duration: 1 }
$data merge entity $(bone_leg_left_1) { transformation: [-0.9659175381274494f,0.22190680451262174f,-0.13326919992558f,0.40991190546756917f,-0.05293030828551328f,0.3346482979190517f,0.9408554082135483f,0.2863503091086083f,0.25338052806521577f,0.9158427194725516f,-0.3114970644910055f,-0.18101284573045243f,0f,0f,0f,1f], start_interpolation: 0, interpolation_duration: 1 }
$data merge entity $(bone_leg_left_0) { transformation: [-0.9563643483356592f,-0.16788733716751233f,-0.23912564741430764f,0.2522583404615204f,-0.1019590118955196f,0.9587465539894384f,-0.2653477060512605f,0.6725309793310679f,0.2738094102214148f,-0.22938807125083657f,-0.9340286503325377f,-0.16320492749533697f,0f,0f,0f,1f], start_interpolation: 0, interpolation_duration: 1 }
$data merge entity $(bone_leg_right_3) { transformation: [-0.9969887273030424f,0.017950689422966792f,-0.0754403763239567f,-0.21507300558277231f,0.015477224606536562f,0.9993273945163194f,0.033244760304495746f,0.04945321366793065f,0.07598640108031735f,0.03197704361670639f,-0.996595974069932f,0.11437204284348795f,0f,0f,0f,1f], start_interpolation: 0, interpolation_duration: 1 }
$data merge entity $(bone_leg_right_2) { transformation: [-0.9914885704815992f,0.10162908303506417f,-0.24224810337028738f,-0.1973317915032154f,0.16931495619717982f,0.9703960311530186f,-0.2858779247005806f,0.2665535396738448f,0.20086079685442979f,-0.316330952808314f,-0.9548046229900031f,0.01081640641009654f,0f,0f,0f,1f], start_interpolation: 0, interpolation_duration: 1 }
$data merge entity $(bone_leg_right_1) { transformation: [-0.8271941852597396f,0.47290743631324805f,-0.3034935527356501f,-0.0692355486738281f,-0.09780393048268064f,0.4106900617419382f,0.9065142383705518f,0.32809925320690064f,0.5533391103605587f,0.7795461691689812f,-0.29346822499097114f,0.24917928812297416f,0f,0f,0f,1f], start_interpolation: 0, interpolation_duration: 1 }
$data merge entity $(bone_leg_right_0) { transformation: [-0.8495369483633409f,-0.36362621567938014f,-0.3821818266691852f,-0.08211458984273373f,-0.051900828552573226f,0.7785732735168852f,-0.6254038389398948f,0.6907390065626882f,0.5249697870935608f,-0.5114681153658499f,-0.6802992647379879f,0.04269970523624819f,0f,0f,0f,1f], start_interpolation: 0, interpolation_duration: 1 }
$data merge entity $(bone_tail_4) { transformation: [-1.342660327614745f,-1.149897876045071f,-2.121475771937191f,-0.9855006449995255f,0.2959232838500233f,2.330975420951796f,-1.4507392352156259f,0.9297773378626741f,2.3948599095406156f,-0.9327109912430719f,-1.0101274929876336f,-1.3662292802868192f,0f,0f,0f,1f], start_interpolation: 0, interpolation_duration: 1 }
$data merge entity $(bone_tail_3) { transformation: [-1.211025952774941f,0.3456590258131303f,-1.6582766673941682f,-0.7077007473088781f,0.9201416913233634f,1.845746558821166f,-0.28723585175400723f,0.9604198446628012f,1.4222169087866208f,-0.8998249854933946f,-1.226197205137773f,-1.1495060534401436f,0f,0f,0f,1f], start_interpolation: 0, interpolation_duration: 1 }
$data merge entity $(bone_tail_2) { transformation: [-0.6826385831181823f,0.7007469080618904f,-1.6916655138303427f,-0.3935618520479068f,0.7621146123877105f,1.7503259402480553f,0.4175096351974045f,0.8837857523288533f,1.6649203456701187f,-0.5138937134653823f,-0.8847188077786237f,-0.9839299248904366f,0f,0f,0f,1f], start_interpolation: 0, interpolation_duration: 1 }
$data merge entity $(bone_tail_1) { transformation: [-0.9920867819356354f,0.8738522046508892f,-0.734712455002211f,-0.24519405756384102f,0.8840831355428278f,1.203893601123548f,0.23810387779819758f,0.8169874705898583f,0.7223690722597126f,-0.2732741692889347f,-1.300446231815097f,-0.7014380416168104f,0f,0f,0f,1f], start_interpolation: 0, interpolation_duration: 1 }
$data merge entity $(bone_tail_0) { transformation: [-1.1154711382292721f,0.43448599351415235f,-0.44808679717387334f,-0.10376775993115422f,0.27450149002011726f,1.1656515418381512f,0.44692407808385615f,0.7145151156222801f,0.5605432974697454f,0.2937926497283231f,-1.110546175182006f,-0.3698208977504377f,0f,0f,0f,1f], start_interpolation: 0, interpolation_duration: 1 }
$data merge entity $(bone_body_1) { transformation: [-1.0516406425925349f,0.1188200830751326f,-0.6391700413519307f,0.03682694553589349f,0.05726630274998669f,1.227748135678306f,0.1340137342366103f,0.6006612499999999f,0.6475933326348852f,0.08438541492884022f,-1.0498126367740008f,-0.1314381217691829f,0f,0f,0f,1f], start_interpolation: 0, interpolation_duration: 1 }