# This file was generated by Animated Java via MC-Build. It is not recommended to edit this file directly.
$data merge entity $(bone_head_lower) { transformation: [-0.33600304624919686f,-0.48878319061345776f,0.8051043072080712f,-0.11030736262865302f,-0.06711175620201261f,0.8650536131464945f,0.49717025108274204f,0.5731730445897494f,-0.9394668515124637f,0.1130187548857412f,-0.3234637475101889f,0.7471836042916365f,0f,0f,0f,1f], start_interpolation: 0, interpolation_duration: 1 }
$data merge entity $(bone_head_upper) { transformation: [-0.34974543083951976f,-0.4130135540385173f,0.8891399666930165f,-0.058395076952759674f,-0.06985659906744318f,0.9521237965369703f,0.41479184444521555f,0.6231257042543112f,-0.977890654294802f,0.07969957861874823f,-0.3476345609895325f,0.7247046612529223f,0f,0f,0f,1f], start_interpolation: 0, interpolation_duration: 1 }
$data merge entity $(bone_neck_0) { transformation: [-0.4668743775264963f,-0.12750957264245433f,0.8750826386655064f,0.00040998547097353955f,-0.26100974662611864f,0.9653351408866866f,0.0014063909308773548f,0.6076317835632833f,-0.8449273505902243f,-0.22774848990458685f,-0.4839714842537364f,0.6973799598042721f,0f,0f,0f,1f], start_interpolation: 0, interpolation_duration: 1 }
$data merge entity $(bone_neck_1) { transformation: [-0.629042292118337f,-0.36035877402956684f,0.6888013855288158f,0.0571003755163418f,-0.36177802156938155f,0.9199693299948553f,0.15090757097694435f,0.6246538191940196f,-0.688057016413504f,-0.15426595816551608f,-0.7090695003421191f,0.6366017826020789f,0f,0f,0f,1f], start_interpolation: 0, interpolation_duration: 1 }
$data merge entity $(bone_neck_2) { transformation: [-0.8330953238164711f,-0.4645194246915032f,0.30028966935178425f,0.07886006723170798f,-0.4291367909485887f,0.8853318015794399f,0.1789670801193635f,0.6490006293354156f,-0.3489896790586743f,0.020231292503891996f,-0.9369081591672396f,0.5547196780460057f,0f,0f,0f,1f], start_interpolation: 0, interpolation_duration: 1 }
$data merge entity $(bone_body_0) { transformation: [-0.9184431555756284f,-0.386543302993504f,0.08394310506023933f,0.11473982971981295f,-0.3953357097449861f,0.904063426736723f,-0.16241612308352288f,0.5810668538055634f,-0.01310902653557619f,-0.18235568361837806f,-0.9831452375286999f,0.08962984856230072f,0f,0f,0f,1f], start_interpolation: 0, interpolation_duration: 1 }
$data merge entity $(bone_leg_left_3) { transformation: [-0.922058763714161f,-0.3821135065888203f,-0.06161902579811515f,0.5356168744385257f,-0.3802166277463953f,0.924010776675209f,-0.04048951189181238f,0.05478447329954683f,0.0724082332547363f,-0.01390513108437691f,-0.9972781432912557f,-0.1835186805596172f,0f,0f,0f,1f], start_interpolation: 0, interpolation_duration: 1 }
$data merge entity $(bone_leg_left_2) { transformation: [-0.9430537614716181f,-0.39858941053661306f,0.06195388836063749f,0.44315788109064025f,-0.3959803885199732f,0.8847532828835888f,-0.3353704814603975f,0.25004041351415807f,0.07688520262376956f,-0.33226542061352554f,-0.9673420053852276f,-0.29074519046281005f,0f,0f,0f,1f], start_interpolation: 0, interpolation_duration: 1 }
$data merge entity $(bone_leg_left_1) { transformation: [-0.9896493443813232f,-0.14350555805476f,0.0005744327718778284f,0.423850924979948f,-0.05496602033006476f,0.38275058690577346f,0.9222151185229841f,0.30620563808948725f,-0.13256285971075155f,0.9126380131413979f,-0.3866767968143806f,-0.019662002762229222f,0f,0f,0f,1f], start_interpolation: 0, interpolation_duration: 1 }
$data merge entity $(bone_leg_left_0) { transformation: [-0.9886978011720234f,-0.05533979690772986f,0.13933472229066785f,0.27581855016669626f,-0.1046773042891887f,0.9201492261122088f,-0.377316927332782f,0.6860306662471327f,-0.10732809475787272f,-0.3876375995221756f,-0.9155423373674921f,-0.10980989545332828f,0f,0f,0f,1f], start_interpolation: 0, interpolation_duration: 1 }
$data merge entity $(bone_leg_right_3) { transformation: [-0.9689104098252173f,-0.012780249624639963f,0.24708153098089125f,-0.26762262070578435f,-0.003047670065237977f,0.9992057026715684f,0.03973254907241058f,0.0616390606113601f,-0.24739306667629724f,0.0377442574195066f,-0.9681797568594112f,-0.027707122288973957f,0f,0f,0f,1f], start_interpolation: 0, interpolation_duration: 1 }
$data merge entity $(bone_leg_right_2) { transformation: [-1.0100310597544728f,0.17308481470209713f,0.04405797035147304f,-0.2243482728275824f,0.15309607431071778f,0.9693330091464146f,-0.29835768619309866f,0.2781310788235176f,-0.09198396524719854f,-0.2872235432540182f,-0.9803590086487219f,-0.12481329579075956f,0f,0f,0f,1f], start_interpolation: 0, interpolation_duration: 1 }
$data merge entity $(bone_leg_right_1) { transformation: [-0.9381344643903362f,0.2664015985004358f,-0.22121011513823127f,-0.15892666278834094f,-0.09514511835714583f,0.41593096163843135f,0.9044052419150029f,0.34126538624883207f,0.33294313805192266f,0.8695007898023687f,-0.36485235830017027f,0.13738406847052542f,0f,0f,0f,1f], start_interpolation: 0, interpolation_duration: 1 }
$data merge entity $(bone_leg_right_0) { transformation: [-0.9502209543052609f,-0.18304640753999324f,-0.2521391494510564f,-0.09978339341184658f,-0.043483591162053734f,0.879224122724702f,-0.47441977121387946f,0.7301541678545307f,0.30852765726730363f,-0.4398396920534583f,-0.8434167000928239f,-0.002526144856264123f,0f,0f,0f,1f], start_interpolation: 0, interpolation_duration: 1 }
$data merge entity $(bone_tail_4) { transformation: [-2.6010392385431538f,-0.6193582832127319f,-0.6903995424206398f,-0.27728859147645535f,-0.1328707466252146f,2.2831583924873535f,-1.5476415770797276f,0.9356004336109267f,0.9179333177579458f,-1.4245154977852448f,-2.180324597925627f,-1.7396083701292184f,0f,0f,0f,1f], start_interpolation: 0, interpolation_duration: 1 }
$data merge entity $(bone_tail_3) { transformation: [-1.9057172621400413f,0.6696831445341523f,-0.5056794723466222f,-0.1980974152234941f,0.7728491527835067f,1.8895434893659702f,-0.4102134991451843f,0.9866668175281659f,0.3269425482676191f,-0.5631122568067312f,-1.9778672054540845f,-1.3987246869291345f,0f,0f,0f,1f], start_interpolation: 0, interpolation_duration: 1 }
$data merge entity $(bone_tail_2) { transformation: [-1.5259035960341794f,0.8056833266687676f,-0.9172057935603571f,-0.028527468608578826f,0.7648236020265905f,1.7752338595331623f,0.28699037745688066f,0.9343039001967403f,0.9515445067866286f,-0.1348814149455714f,-1.7015122481220195f,-1.081745756931102f,0f,0f,0f,1f], start_interpolation: 0, interpolation_duration: 1 }
$data merge entity $(bone_tail_1) { transformation: [-1.1802930554766617f,0.9410368637894516f,-0.09494300491810476f,-0.018472377926025088f,0.9297855821728624f,1.1822633471468091f,0.15940012288795788f,0.8846625330909367f,0.1733877861241597f,0.06602460891620647f,-1.5010775052076508f,-0.7597033578249275f,0f,0f,0f,1f], start_interpolation: 0, interpolation_duration: 1 }
$data merge entity $(bone_tail_0) { transformation: [-1.2060178872025205f,0.4232113939519378f,-0.01576985608221415f,-0.003651214632253451f,0.3863997410110836f,1.1190723573878798f,0.481879669275359f,0.7708513032393537f,0.17335458597384593f,0.4498943115261846f,-1.18379855235688f,-0.40291315563452146f,0f,0f,0f,1f], start_interpolation: 0, interpolation_duration: 1 }
$data merge entity $(bone_body_1) { transformation: [-1.1813105473117254f,0.19594824784069712f,-0.30775683588587055f,0.05469943368692252f,0.13877339754032839f,1.2058523197504867f,0.23508875375852076f,0.6349737499999998f,0.33741951633157785f,0.19007646402640482f,-1.1741480327786753f,-0.14274318393630714f,0f,0f,0f,1f], start_interpolation: 0, interpolation_duration: 1 }