# This file was generated by Animated Java via MC-Build. It is not recommended to edit this file directly.
$data merge entity $(bone_head_lower) { transformation: [-0.159795932610971f,-0.445825241268465f,0.8807412299699074f,-0.3732200324784399f,-0.08735624523928254f,0.8950921086294932f,0.43724021256844847f,0.6047073081761705f,-0.983277247951301f,-0.007069039335204072f,-0.18197769738128083f,0.6057332149090504f,0f,0f,0f,1f], start_interpolation: 0, interpolation_duration: 1 }
$data merge entity $(bone_head_upper) { transformation: [-0.16633151967312115f,-0.43086837852166776f,0.9328227101313767f,-0.3186403619937064f,-0.09092907927113368f,0.9474302997895765f,0.4214020315174624f,0.6550037239934576f,-1.023492877693656f,-0.014149558800517936f,-0.1890345520787581f,0.5920662248413977f,0f,0f,0f,1f], start_interpolation: 0, interpolation_duration: 1 }
$data merge entity $(bone_neck_0) { transformation: [-0.17059796137613337f,-0.0027788584789702475f,0.9853368020732106f,-0.2548264063154056f,-0.2296090855260736f,0.972578974979952f,-0.037010880438408264f,0.6368979431551672f,-0.9582150089714665f,-0.23255626281074387f,-0.16655804156303203f,0.5853807169907892f,0f,0f,0f,1f], start_interpolation: 0, interpolation_duration: 1 }
$data merge entity $(bone_neck_1) { transformation: [-0.37456480552143145f,-0.19862175856920905f,0.905676875871062f,-0.1790187135341394f,-0.3160133117825684f,0.9456499100809537f,0.07669311794481647f,0.6477513477717705f,-0.871686178186224f,-0.25747940614107206f,-0.4169742943783651f,0.5488713460301619f,0f,0f,0f,1f], start_interpolation: 0, interpolation_duration: 1 }
$data merge entity $(bone_neck_2) { transformation: [-0.7303957340982373f,-0.30704184329803247f,0.6101207897418703f,-0.12857368799386826f,-0.31071200144245587f,0.9448490382529738f,0.10352945026442265f,0.6660719667009565f,-0.6082599146505714f,-0.11395438287567841f,-0.785515292564507f,0.47893863040697454f,0f,0f,0f,1f], start_interpolation: 0, interpolation_duration: 1 }
$data merge entity $(bone_body_0) { transformation: [-0.9105677338575349f,-0.16833225783722952f,0.3775323205090847f,0.04775230374463954f,-0.2584753502025671f,0.9446115582595447f,-0.2022362414112147f,0.5797573903666262f,-0.32257851043616353f,-0.28173259480204865f,-0.9036425452748951f,0.050371432347228295f,0f,0f,0f,1f], start_interpolation: 0, interpolation_duration: 1 }
$data merge entity $(bone_leg_left_3) { transformation: [-0.8978511783582223f,-0.3164466131928375f,0.30614506776940675f,0.5250631514379921f,-0.34081849698648403f,0.9397056532736239f,-0.02821413329284128f,0.06049702614489011f,-0.2787579839800573f,-0.1296719946803278f,-0.9515666871864523f,-0.0003030263963302027f,0f,0f,0f,1f], start_interpolation: 0, interpolation_duration: 1 }
$data merge entity $(bone_leg_left_2) { transformation: [-0.9057770353837556f,-0.21090400727288955f,0.4326079765657889f,0.4878660549217789f,-0.38283687734684163f,0.874461816057678f,-0.37525279093048947f,0.2521418889419622f,-0.29166091101727804f,-0.4928470670238782f,-0.850939410893177f,-0.14193527780917248f,0f,0f,0f,1f], start_interpolation: 0, interpolation_duration: 1 }
$data merge entity $(bone_leg_left_1) { transformation: [-0.8564064704149317f,-0.48459388017517124f,0.17814805283305984f,0.3638246066822304f,-0.05037631317235311f,0.4218286429080106f,0.905274998601832f,0.31973043369240456f,-0.5138386755613088f,0.7663089242069141f,-0.3856688322618799f,0.09693475672198948f,0f,0f,0f,1f], start_interpolation: 0, interpolation_duration: 1 }
$data merge entity $(bone_leg_left_0) { transformation: [-0.8559442152621722f,0.12239836454279338f,0.5023725119037404f,0.2714604716566712f,-0.12345041973726054f,0.8951069854645995f,-0.42841974562241114f,0.691700297368446f,-0.5021150209124584f,-0.4287215004285727f,-0.7510515167712233f,-0.06863868813635887f,0f,0f,0f,1f], start_interpolation: 0, interpolation_duration: 1 }
$data merge entity $(bone_leg_right_3) { transformation: [-0.8162692061808665f,-0.030943150429535354f,0.5768423566992573f,-0.27264923022606513f,-0.009629063228070625f,0.9991544348753664f,0.039971194756185935f,0.07232291146492814f,-0.5775914336122097f,0.02707280388844613f,-0.8158769509597693f,-0.23632568558598205f,0f,0f,0f,1f], start_interpolation: 0, interpolation_duration: 1 }
$data merge entity $(bone_leg_right_2) { transformation: [-0.9125971307391454f,0.2845569417252058f,0.3718279486313148f,-0.19341248781664933f,0.1724248811659855f,0.9615449407635547f,-0.31267105198211437f,0.28652720883922445f,-0.4353140668784659f,-0.21568697992392646f,-0.9033509779535971f,-0.313844262099896f,0f,0f,0f,1f], start_interpolation: 0, interpolation_duration: 1 }
$data merge entity $(bone_leg_right_1) { transformation: [-0.9958551990109813f,-0.04572286915811234f,-0.07862468975296104f,-0.2214970825231399f,-0.09007114976484204f,0.3756965252118698f,0.9223553051420943f,0.3378801244284988f,-0.012633708198253928f,0.9256141421670677f,-0.37825764927821953f,-0.04257406605835026f,0f,0f,0f,1f], start_interpolation: 0, interpolation_duration: 1 }
$data merge entity $(bone_leg_right_0) { transformation: [-0.9988123903441519f,-0.020820577465511803f,0.044048977842901564f,-0.11712024506238092f,-0.0355367942644291f,0.9298168332801138f,-0.3663028703168302f,0.7369078382216754f,-0.033330843799841664f,-0.36743320495423876f,-0.9294524704085987f,-0.10730147903874146f,0f,0f,0f,1f], start_interpolation: 0, interpolation_duration: 1 }
$data merge entity $(bone_tail_4) { transformation: [-2.105769470268331f,0.038243165972722704f,1.7860385577982956f,0.750670618431011f,-1.1542398291612825f,2.0780623592864567f,-1.405364215886593f,0.8653704314921207f,-1.3634979598310975f,-1.8182012052501744f,-1.5686551636236843f,-1.6655213007913148f,0f,0f,0f,1f], start_interpolation: 0, interpolation_duration: 1 }
$data merge entity $(bone_tail_3) { transformation: [-1.571669038556243f,0.5081162143558525f,1.2679195053302144f,0.5307060091248961f,0.24879892994560354f,2.0070181508596865f,-0.4959059997843658f,0.9298175150383382f,-1.3430938357933375f,-0.2228039067720447f,-1.5755643095175447f,-1.396183506358449f,0f,0f,0f,1f], start_interpolation: 0, interpolation_duration: 1 }
$data merge entity $(bone_tail_2) { transformation: [-1.8179517135120362f,0.48176467749690344f,0.5307807813567976f,0.4308053831622566f,0.5090337145605435f,1.886447292034869f,0.031227661100090134f,0.9248376490620598f,-0.5046881411150089f,0.16731193888480128f,-1.8804442215410864f,-1.0469464094797356f,0f,0f,0f,1f], start_interpolation: 0, interpolation_duration: 1 }
$data merge entity $(bone_tail_1) { transformation: [-1.0777131094510144f,0.7497550572986269f,0.7510379869038308f,0.2610550235167874f,0.8638577502237671f,1.2415337290197952f,0.00019257345183771454f,0.9087944367217955f,-0.6163931303119445f,0.4290892724845674f,-1.3128587719716494f,-0.7690901377548254f,0f,0f,0f,1f], start_interpolation: 0, interpolation_duration: 1 }
$data merge entity $(bone_tail_0) { transformation: [-1.1559414785968654f,0.22772237873921827f,0.4957595514608597f,0.12167790670670245f,0.4232328466855971f,1.107252107515574f,0.4782284438139933f,0.7957649361270529f,-0.3442513211735384f,0.5966330574211423f,-1.0767338293406599f,-0.4400456687148607f,0f,0f,0f,1f], start_interpolation: 0, interpolation_duration: 1 }
$data merge entity $(bone_body_1) { transformation: [-1.2221302551544877f,0.10751084420350138f,0.15311320279756369f,0.07883961352339638f,0.14218282344105657f,1.1913780114738355f,0.29834053286677104f,0.6461571776406037f,-0.12159884543286884f,0.3125131152632638f,-1.1900226336646265f,-0.18443205201020896f,0f,0f,0f,1f], start_interpolation: 0, interpolation_duration: 1 }