# This file was generated by Animated Java via MC-Build. It is not recommended to edit this file directly.
$data merge entity $(bone_head_lower) { transformation: [-0.4436303384800466f,-0.4458642222596567f,0.7774298798533988f,-0.4130819138741698f,-0.16490229351762106f,0.8932631075979416f,0.41819643015824154f,0.5392711255786158f,-0.8809082565016108f,0.05732465362529361f,-0.46980264762348045f,0.5637004202216443f,0f,0f,0f,1f], start_interpolation: 0, interpolation_duration: 1 }
$data merge entity $(bone_head_upper) { transformation: [-0.46177463447790623f,-0.6080023101472449f,0.7075092369657912f,-0.37810397024047127f,-0.17164672861320282f,0.8313447304978454f,0.6023913032351629f,0.5994127371274406f,-0.9169370371474198f,0.1505691618910904f,-0.46907071959165453f,0.53446026784063f,0f,0f,0f,1f], start_interpolation: 0, interpolation_duration: 1 }
$data merge entity $(bone_neck_0) { transformation: [-0.25658312746454953f,-0.15150358777126588f,0.954574125771773f,-0.3138373217197658f,-0.19945890525956042f,0.97467878129367f,0.10108124657197345f,0.5901924260737725f,-0.9457173170737481f,-0.16446256774208753f,-0.28030486973741764f,0.5193103501416259f,0f,0f,0f,1f], start_interpolation: 0, interpolation_duration: 1 }
$data merge entity $(bone_neck_1) { transformation: [-0.38719432156550065f,-0.23725616523971152f,0.8909489712678152f,-0.23945525964437273f,-0.24732030026329463f,0.9576360445772283f,0.1475326242027668f,0.6071020852623012f,-0.8882078734311609f,-0.16322597275626122f,-0.4294695046131525f,0.48217668466040225f,0f,0f,0f,1f], start_interpolation: 0, interpolation_duration: 1 }
$data merge entity $(bone_neck_2) { transformation: [-0.7243562164521051f,-0.23249078323508204f,0.6490424542338729f,-0.18487050290968965f,-0.20236576486118368f,0.971655349347477f,0.12220466151739345f,0.6273212433008915f,-0.6590570300811144f,-0.04282426642886819f,-0.7508727677213296f,0.4159753223287507f,0f,0f,0f,1f], start_interpolation: 0, interpolation_duration: 1 }
$data merge entity $(bone_body_0) { transformation: [-0.9084032255466583f,-0.08759574454662158f,0.40881605319966335f,0.006968510941624942f,-0.1627191450084205f,0.9747841361559993f,-0.15270352892559774f,0.5646386801335468f,-0.3851312239538046f,-0.20523857687073654f,-0.8997505581548247f,-0.010028895657939935f,0f,0f,0f,1f], start_interpolation: 0, interpolation_duration: 1 }
$data merge entity $(bone_leg_left_3) { transformation: [-0.8517544510550776f,-0.2340743061775023f,0.46874681257090633f,0.4981878842751889f,-0.2712476737978863f,0.962431250963352f,-0.012279520689055412f,0.05866998541861693f,-0.44826226092221827f,-0.13760561891375783f,-0.8832472128890433f,0.050788484578658005f,0f,0f,0f,1f], start_interpolation: 0, interpolation_duration: 1 }
$data merge entity $(bone_leg_left_2) { transformation: [-0.8358955547196042f,-0.11303699579310295f,0.583578151306892f,0.4885775132650335f,-0.38772284559857817f,0.8669659782728921f,-0.38743152558737776f,0.24818362187540483f,-0.4505683256750752f,-0.5363346246515246f,-0.7492633407547457f,-0.09808493290071349f,0f,0f,0f,1f], start_interpolation: 0, interpolation_duration: 1 }
$data merge entity $(bone_leg_left_1) { transformation: [-0.7450912152730422f,-0.6186935898849979f,0.24911307223458806f,0.3221247331248341f,-0.05853342723492842f,0.43272039325182365f,0.8996259773706627f,0.319193171754087f,-0.6643891320747761f,0.6557219708833928f,-0.3586304199056801f,0.11230637269291363f,0f,0f,0f,1f], start_interpolation: 0, interpolation_duration: 1 }
$data merge entity $(bone_leg_left_0) { transformation: [-0.726877045473201f,0.16459706969445492f,0.6667515019946704f,0.24795506987183863f,-0.16068932086171023f,0.9031437122257906f,-0.3981336173045685f,0.6875230589142588f,-0.6677040533987737f,-0.39653403348895155f,-0.6300254418353519f,-0.06973547371050379f,0f,0f,0f,1f], start_interpolation: 0, interpolation_duration: 1 }
$data merge entity $(bone_leg_right_3) { transformation: [-0.6922389347557765f,-0.020051474181060014f,0.7213897667636782f,-0.24762248962969652f,0.0005874361453706012f,0.999597938099355f,0.028348140437993885f,0.06684560556928631f,-0.7216681454290211f,0.020047456963001614f,-0.6919488328932657f,-0.37569551426585235f,0f,0f,0f,1f], start_interpolation: 0, interpolation_duration: 1 }
$data merge entity $(bone_leg_right_2) { transformation: [-0.7976458068918171f,0.35594323054859245f,0.5377060376034732f,-0.146797663992224f,0.21276380698422098f,0.9526606268695842f,-0.315010304515147f,0.2788441079596785f,-0.6087322306943977f,-0.13343292749458835f,-0.8146796454280293f,-0.4310314120666445f,0f,0f,0f,1f], start_interpolation: 0, interpolation_duration: 1 }
$data merge entity $(bone_leg_right_1) { transformation: [-0.963379458213391f,-0.2680873252326427f,0.0054042152141103965f,-0.23910153586065f,-0.08256646015341762f,0.3157594719834001f,0.9452400412120183f,0.31284973922034504f,-0.2551133064938153f,0.9101786318643009f,-0.32633121050157154f,-0.1715376781530366f,0f,0f,0f,1f], start_interpolation: 0, interpolation_duration: 1 }
$data merge entity $(bone_leg_right_0) { transformation: [-0.960784861090817f,0.07649009330729187f,0.26653651968265313f,-0.11905091764171777f,-0.028037719541295355f,0.9294791255850734f,-0.36780761463641715f,0.710995393988861f,-0.2758737700137931f,-0.3608570641229698f,-0.8908848647782311f,-0.20862089832948558f,0f,0f,0f,1f], start_interpolation: 0, interpolation_duration: 1 }
$data merge entity $(bone_tail_4) { transformation: [-0.8791872864426498f,0.3972082067619989f,2.587453707303481f,1.2337629983964506f,-1.8329086347283607f,1.8553514377956866f,-0.9076223391960401f,0.8508946543848669f,-1.8689935750814728f,-2.006379329625979f,-0.3270570799627815f,-1.3619533493375697f,0f,0f,0f,1f], start_interpolation: 0, interpolation_duration: 1 }
$data merge entity $(bone_tail_3) { transformation: [-0.7899463797281385f,0.22619131445426474f,1.913313286543608f,0.9071223102352226f,-0.20189525955759524f,2.046789242908941f,-0.3253269514271109f,0.886028643571045f,-1.9160293701733861f,-0.3089284875535736f,-0.7545463327425843f,-1.2309870671264964f,0f,0f,0f,1f], start_interpolation: 0, interpolation_duration: 1 }
$data merge entity $(bone_tail_2) { transformation: [-1.4705609156594355f,0.15288637459371243f,1.2778302801237928f,0.6685254329541774f,0.17097069641364862f,1.946339837312894f,-0.036112790800846985f,0.8933314931188101f,-1.2755365495764877f,0.08462191888148556f,-1.478045843856712f,-0.9571446260963354f,0f,0f,0f,1f], start_interpolation: 0, interpolation_duration: 1 }
$data merge entity $(bone_tail_1) { transformation: [-0.8330796426914149f,0.5051380661706185f,1.1569226823943564f,0.41418968937765077f,0.727488803833864f,1.324926681108715f,-0.05464046103959455f,0.8881986283975598f,-1.0316950126997413f,0.5263659124522155f,-0.9727284189221717f,-0.753272950187305f,0f,0f,0f,1f], start_interpolation: 0, interpolation_duration: 1 }
$data merge entity $(bone_tail_0) { transformation: [-1.0325320133972462f,0.021800618085103144f,0.7531521034591645f,0.19462722761215723f,0.36319120322568726f,1.1338490626145983f,0.4650958715055447f,0.7796486025655811f,-0.6601556693639267f,0.5897005620169714f,-0.9221081584866069f,-0.4695809894691095f,0f,0f,0f,1f], start_interpolation: 0, interpolation_duration: 1 }
$data merge entity $(bone_body_1) { transformation: [-1.1542752943333998f,-0.037490958361788694f,0.4414154143082318f,0.09452960913057026f,0.07382314566714777f,1.1984281704838384f,0.29482988045789604f,0.6303821433470509f,-0.4368103514245059f,0.30161058218856446f,-1.1166164823503746f,-0.23029891171628503f,0f,0f,0f,1f], start_interpolation: 0, interpolation_duration: 1 }