# This file was generated by Animated Java via MC-Build. It is not recommended to edit this file directly.
$data merge entity $(bone_head_lower) { transformation: [-0.5936433472270328f,-0.4593776301860917f,0.660726697793948f,-0.40903201245795323f,-0.22344464778887413f,0.8828652245670052f,0.4130635358207706f,0.4839041274522235f,-0.773084772626903f,0.09757657574880096f,-0.6267525398413218f,0.5445256785380408f,0f,0f,0f,1f], start_interpolation: 0, interpolation_duration: 1 }
$data merge entity $(bone_head_upper) { transformation: [-0.6179231127772239f,-0.6719232039303678f,0.5001621510062143f,-0.3898318303963923f,-0.23258344078150253f,0.7347206362852301f,0.6996874104015097f,0.5485644913072958f,-0.8047036177086881f,0.3036062206544575f,-0.5862996614445322f,0.5106753189132238f,0f,0f,0f,1f], start_interpolation: 0, interpolation_duration: 1 }
$data merge entity $(bone_neck_0) { transformation: [-0.3340850275791742f,-0.25558192835144333f,0.9072293382864005f,-0.3269121551899882f,-0.1725562944729508f,0.9628508243072053f,0.20770800506648596f,0.5464221633962544f,-0.9266129286736648f,-0.08715599825079622f,-0.3657763146838795f,0.48873765364685895f,0f,0f,0f,1f], start_interpolation: 0, interpolation_duration: 1 }
$data merge entity $(bone_neck_1) { transformation: [-0.4217136828604134f,-0.2790619677102668f,0.8627177915552575f,-0.255114238676739f,-0.19297936160926185f,0.9572859689418227f,0.21531962209700528f,0.5690726582560796f,-0.8859551544413453f,-0.07568349783664532f,-0.457553791891207f,0.449628177666059f,0f,0f,0f,1f], start_interpolation: 0, interpolation_duration: 1 }
$data merge entity $(bone_neck_2) { transformation: [-0.7336028641792744f,-0.20647912758240236f,0.6474513167341426f,-0.20041420715443903f,-0.13645541834995412f,0.9780769599517367f,0.15730664071967054f,0.5924298845189556f,-0.6657377535267953f,0.027052361900184313f,-0.7456952549431418f,0.38456454014935665f,0f,0f,0f,1f], start_interpolation: 0, interpolation_duration: 1 }
$data merge entity $(bone_body_0) { transformation: [-0.9123582847437353f,-0.06274784880557197f,0.4045553951311766f,-0.010346518206531319f,-0.11209462340651039f,0.9887089790859231f,-0.09944521143938514f,0.5549804181991336f,-0.39374757861201126f,-0.1360781471991168f,-0.9090905247509917f,-0.045182729526073495f,0f,0f,0f,1f], start_interpolation: 0, interpolation_duration: 1 }
$data merge entity $(bone_leg_left_3) { transformation: [-0.8264657566955094f,-0.19488888178355418f,0.5281786409604946f,0.4841932343389206f,-0.23154829064583393f,0.9728176038507383f,-0.0033613594126130075f,0.05703364225081675f,-0.5131663883271308f,-0.12507690992051312f,-0.8491266245360726f,0.06207449423472819f,0f,0f,0f,1f], start_interpolation: 0, interpolation_duration: 1 }
$data merge entity $(bone_leg_left_2) { transformation: [-0.8011085293053337f,-0.07595977903405346f,0.6360168517767729f,0.4849000672818712f,-0.392650411650473f,0.8629047421724327f,-0.39151406062584293f,0.24546679733135843f,-0.506076059506527f,-0.5492610648918418f,-0.7030373418879831f,-0.08846958077189221f,0f,0f,0f,1f], start_interpolation: 0, interpolation_duration: 1 }
$data merge entity $(bone_leg_left_1) { transformation: [-0.6958411322592152f,-0.6644595923219581f,0.2725776381648916f,0.30378877569778245f,-0.0647960981773737f,0.43606536572059534f,0.8975792235117475f,0.31761834885475426f,-0.7152667924049051f,0.6069105757772725f,-0.34648660680103915f,0.10903039222374028f,0f,0f,0f,1f], start_interpolation: 0, interpolation_duration: 1 }
$data merge entity $(bone_leg_left_0) { transformation: [-0.6642884373517737f,0.16640497347631106f,0.728718228674902f,0.23256200490980306f,-0.18169218110248547f,0.9097179808510198f,-0.37336462960832945f,0.6840710364349907f,-0.7250578068864304f,-0.3804242107420237f,-0.5740806533531225f,-0.07790931317024871f,0f,0f,0f,1f], start_interpolation: 0, interpolation_duration: 1 }
$data merge entity $(bone_leg_right_3) { transformation: [-0.6336704279284469f,-0.013678115572177713f,0.7734821897906724f,-0.2297078439059609f,0.006941944813506268f,0.999702882475544f,0.023365705045982954f,0.06172596749409745f,-0.7735719734912749f,0.020175626991094653f,-0.6333872006161247f,-0.43949756778033544f,0f,0f,0f,1f], start_interpolation: 0, interpolation_duration: 1 }
$data merge entity $(bone_leg_right_2) { transformation: [-0.7364738698199139f,0.3812620123654156f,0.6035790888526945f,-0.12104037546529979f,0.23474220379999272f,0.9482897644570509f,-0.3125777021506953f,0.27274670970377757f,-0.6742140137436317f,-0.08630179635302951f,-0.7681469020432468f,-0.4823076101301079f,0f,0f,0f,1f], start_interpolation: 0, interpolation_duration: 1 }
$data merge entity $(bone_leg_right_1) { transformation: [-0.9277541732945478f,-0.37171640900356917f,0.03315275572319346f,-0.24225920970203166f,-0.07835507255829917f,0.28087592417650825f,0.9565402227937814f,0.2967601242968388f,-0.3648735075871281f,0.8848364970408287f,-0.2897096770313035f,-0.23382675411573572f,0f,0f,0f,1f], start_interpolation: 0, interpolation_duration: 1 }
$data merge entity $(bone_leg_right_0) { transformation: [-0.9222787326858425f,0.1261886274566834f,0.3653469166915124f,-0.11521643980180957f,-0.024093585996906877f,0.9246013657598343f,-0.38017339931781013f,0.6935386575970339f,-0.3857738176045728f,-0.3594283582797102f,-0.8496998393051196f,-0.2609230397039539f,0f,0f,0f,1f], start_interpolation: 0, interpolation_duration: 1 }
$data merge entity $(bone_tail_4) { transformation: [-0.3090274920539631f,0.546633494266503f,2.6891179155442084f,1.3859216449819098f,-2.0755252739263836f,1.7236753406575476f,-0.5888968406282186f,0.8584266920446201f,-1.7950928048565202f,-2.0870544972652447f,0.21796026930904647f,-1.2032775383577148f,0f,0f,0f,1f], start_interpolation: 0, interpolation_duration: 1 }
$data merge entity $(bone_tail_3) { transformation: [-0.40410761525421923f,0.11064968780278422f,2.0397056669841214f,1.0389801453424579f,-0.401312593291081f,2.0344145983151902f,-0.18987093161533225f,0.870713441541984f,-2.0028955948336353f,-0.4299528053119705f,-0.37349075951732896f,-1.1357398818283178f,0f,0f,0f,1f], start_interpolation: 0, interpolation_duration: 1 }
$data merge entity $(bone_tail_2) { transformation: [-1.235411338087634f,0.02059951575756681f,1.5139710567503768f,0.7566276155885661f,-0.005226544559835164f,1.9539178098826468f,-0.030850453126997766f,0.8769095490417387f,-1.5141021709116147f,-0.023552646915597022f,-1.2351978642576997f,-0.9072444963988309f,0f,0f,0f,1f], start_interpolation: 0, interpolation_duration: 1 }
$data merge entity $(bone_tail_1) { transformation: [-0.6949125494923583f,0.38504567334461615f,1.2870480286285444f,0.4756263537956037f,0.6455676954389671f,1.3664803600094855f,-0.06024969970023324f,0.8725540442256804f,-1.1781320593055995f,0.5216584180734924f,-0.7921701810150453f,-0.742029492699444f,0f,0f,0f,1f], start_interpolation: 0, interpolation_duration: 1 }
$data merge entity $(bone_tail_0) { transformation: [-0.9533183841002841f,-0.07275277252138819f,0.8483671429345329f,0.22595810274457845f,0.31876822188979187f,1.1504353634804183f,0.45685994763267f,0.76681100375583f,-0.7895610146364064f,0.5523053730755811f,-0.8398737379048112f,-0.4832707535038468f,0f,0f,0f,1f], start_interpolation: 0, interpolation_duration: 1 }
$data merge entity $(bone_body_1) { transformation: [-1.0938024999319136f,-0.10797027401320018f,0.5661652639719791f,0.101605173748402f,0.02977673818755059f,1.2022729487877957f,0.2868060277125619f,0.6191510048010973f,-0.5755988464737021f,0.26737010229055763f,-1.061039015020433f,-0.25460331908042155f,0f,0f,0f,1f], start_interpolation: 0, interpolation_duration: 1 }