# This file was generated by Animated Java via MC-Build. It is not recommended to edit this file directly.
$data merge entity $(bone_head_lower) { transformation: [-0.7021416665987128f,-0.4882079250320328f,0.5183146746542096f,-0.39678881396990984f,-0.29691957373616973f,0.8623754622284138f,0.41005771408261704f,0.4195313660514767f,-0.6471752828703468f,0.13402083450809765f,-0.7504682332780248f,0.5179635732600737f,0f,0f,0f,1f], start_interpolation: 0, interpolation_duration: 1 }
$data merge entity $(bone_head_upper) { transformation: [-0.7308589682035724f,-0.6942234556082041f,0.2595590585268033f,-0.3947109800054307f,-0.30906346058549006f,0.6167917938749062f,0.7794354385855213f,0.4870175463021289f,-0.6736444822833761f,0.4702059328373965f,-0.6392037506125752f,0.48424778210830915f,0f,0f,0f,1f], start_interpolation: 0, interpolation_duration: 1 }
$data merge entity $(bone_neck_0) { transformation: [-0.41053895579614186f,-0.3593034422386583f,0.838068494915102f,-0.3345550757842129f,-0.14322907413149738f,0.9330938256381905f,0.32988080404794756f,0.49324867617192464f,-0.9005238464900569f,0.015393146245568501f,-0.43453406420143303f,0.4561911169078564f,0f,0f,0f,1f], start_interpolation: 0, interpolation_duration: 1 }
$data merge entity $(bone_neck_1) { transformation: [-0.46052254633119816f,-0.32427152843226237f,0.8262971379406041f,-0.2660507414482547f,-0.13070201357476713f,0.9455091196427846f,0.2982104765427064f,0.5228668598731508f,-0.8779726464805898f,0.02933394826018311f,-0.47781120906832875f,0.4158493740605411f,0f,0f,0f,1f], start_interpolation: 0, interpolation_duration: 1 }
$data merge entity $(bone_neck_2) { transformation: [-0.744643434470489f,-0.18673172536486948f,0.6408099704610201f,-0.2117392022597413f,-0.06765421827026574f,0.9762401476897311f,0.20585937138972174f,0.5504596859481508f,-0.6640248958060485f,0.10993833171824587f,-0.7395840053494771f,0.35213263329086575f,0f,0f,0f,1f], start_interpolation: 0, interpolation_duration: 1 }
$data merge entity $(bone_body_0) { transformation: [-0.9166477566143807f,-0.04508463790692893f,0.39714514439764204f,-0.024995672531284985f,-0.06279020947194376f,0.9975236616389613f,-0.03168491857127831f,0.54502936242564f,-0.39473317556077325f,-0.0539807363343649f,-0.9172087004692593f,-0.08065862169717455f,0f,0f,0f,1f], start_interpolation: 0, interpolation_duration: 1 }
$data merge entity $(bone_leg_left_3) { transformation: [-0.8019830462702051f,-0.16012301689829592f,0.5754857191577825f,0.4706202325848323f,-0.1920398498693122f,0.9813720807173945f,0.005434634356071555f,0.055281209688708643f,-0.5656358276818524f,-0.1061577064927468f,-0.8177937709440359f,0.06678593805791183f,0f,0f,0f,1f], start_interpolation: 0, interpolation_duration: 1 }
$data merge entity $(bone_leg_left_2) { transformation: [-0.7698147407520702f,-0.0456061556437998f,0.6762895407951469f,0.479695606049996f,-0.39795749626914023f,0.8588409328224752f,-0.395075034357415f,0.24264881337594416f,-0.5487051080359235f,-0.5589047594865417f,-0.6622766595156978f,-0.08481251427913059f,0f,0f,0f,1f], start_interpolation: 0, interpolation_duration: 1 }
$data merge entity $(bone_leg_left_1) { transformation: [-0.653210170744286f,-0.6992062132340257f,0.29056349428507827f,0.287341818791427f,-0.07135810472862662f,0.4388849781315143f,0.8957053069285894f,0.31579643744860464f,-0.7538066686662829f,0.5643497562198768f,-0.3365781616932489f,0.10136705301968862f,0f,0f,0f,1f], start_interpolation: 0, interpolation_duration: 1 }
$data merge entity $(bone_leg_left_0) { transformation: [-0.6068918039713745f,0.16098626155406187f,0.7783095540099823f,0.216624271185778f,-0.2017038707315246f,0.9160134934953306f,-0.34674894126211864f,0.6802273927988021f,-0.7687638693410943f,-0.36742714015887157f,-0.5234495294394503f,-0.08967321971786335f,0f,0f,0f,1f], start_interpolation: 0, interpolation_duration: 1 }
$data merge entity $(bone_leg_right_3) { transformation: [-0.5803304728597777f,-0.009154720738104555f,0.8143296220564212f,-0.21001827238543933f,0.012674005264340857f,0.9997141887264207f,0.020270926215489815f,0.05603828999035454f,-0.8142824521386337f,0.022084654112792673f,-0.5800485808894047f,-0.4968972455534919f,0f,0f,0f,1f], start_interpolation: 0, interpolation_duration: 1 }
$data merge entity $(bone_leg_right_2) { transformation: [-0.6780486611284074f,0.39804257340595384f,0.658691371128417f,-0.09582670275303484f,0.2552782321235294f,0.9444852643075143f,-0.30796559744644286f,0.2662828842842444f,-0.7260476822127827f,-0.03964712805519295f,-0.7234259242597791f,-0.5273696603101368f,0f,0f,0f,1f], start_interpolation: 0, interpolation_duration: 1 }
$data merge entity $(bone_leg_right_1) { transformation: [-0.8841148892262393f,-0.46457776875439705f,0.05008352451316142f,-0.2423019073860385f,-0.07427688743431661f,0.2455492973658992f,0.9665342655882321f,0.2802503313834036f,-0.46132830678546516f,0.8508072868413266f,-0.2516011804744892f,-0.2920755666549462f,0f,0f,0f,1f], start_interpolation: 0, interpolation_duration: 1 }
$data merge entity $(bone_leg_right_0) { transformation: [-0.8758267843018452f,0.17427708119607457f,0.45006104349217513f,-0.10867553638866836f,-0.020360627522527947f,0.9183538529652213f,-0.39523618962693846f,0.6753680413101629f,-0.4821959028718283f,-0.35532196626962037f,-0.800770511157793f,-0.3103311641735027f,0f,0f,0f,1f], start_interpolation: 0, interpolation_duration: 1 }
$data merge entity $(bone_tail_4) { transformation: [0.1375044431149798f,0.6547893466161517f,2.679179869154296f,1.4867326703746402f,-2.2417095512398975f,1.5892375326439279f,-0.2733563321301711f,0.8725270657074469f,-1.6067022585418431f,-2.16130430712425f,0.6106823036593637f,-1.0719733342006794f,0f,0f,0f,1f], start_interpolation: 0, interpolation_duration: 1 }
$data merge entity $(bone_tail_3) { transformation: [-0.09214517118326877f,0.021519133120969196f,2.0801422356131734f,1.1338068354445565f,-0.5674940281305243f,2.002946078895023f,-0.04585912253510695f,0.8607026783828841f,-2.0013508741618105f,-0.5689371300883953f,-0.08276923669445072f,-1.0523712338523072f,0f,0f,0f,1f], start_interpolation: 0, interpolation_duration: 1 }
$data merge entity $(bone_tail_2) { transformation: [-1.0226331960517023f,-0.0799687430115721f,1.6633100196526818f,0.8238259258887171f,-0.16572035471208849f,1.9471112375254693f,-0.008274523485586235f,0.8625816738824327f,-1.6569646904415183f,-0.14538467541650676f,-1.0257217877118812f,-0.8629516227873815f,0f,0f,0f,1f], start_interpolation: 0, interpolation_duration: 1 }
$data merge entity $(bone_tail_1) { transformation: [-0.5724883766772351f,0.2803168229771649f,1.3716179451018613f,0.5257894030094432f,0.5620011559167551f,1.4032408956670435f,-0.05221053031512076f,0.8561267070589655f,-1.2822121545663556f,0.48989153644816513f,-0.6352908965180919f,-0.7310075382963815f,0f,0f,0f,1f], start_interpolation: 0, interpolation_duration: 1 }
$data merge entity $(bone_tail_0) { transformation: [-0.8739226489822577f,-0.15182180131535883f,0.9203505097652854f,0.25317786260745756f,0.27008950165888174f,1.1659604428717538f,0.44880243240872586f,0.7531129076328438f,-0.8928306565488877f,0.5013203595383813f,-0.7650928260170907f,-0.49533187882295904f,0f,0f,0f,1f], start_interpolation: 0, interpolation_duration: 1 }
$data merge entity $(bone_body_1) { transformation: [-1.0231046465440097f,-0.16823233714496538f,0.6734681566451746f,0.10793759174018333f,-0.01528320943159313f,1.204677438922167f,0.277710796905069f,0.6074054629629629f,-0.6939941648067199f,0.22148305566548682f,-0.9989604348138881f,-0.27800602648779466f,0f,0f,0f,1f], start_interpolation: 0, interpolation_duration: 1 }