# This file was generated by Animated Java via MC-Build. It is not recommended to edit this file directly.
$data merge entity $(bone_head_lower) { transformation: [-0.7736108799512896f,-0.572484305121414f,0.2716393322231576f,-0.37293617267237467f,-0.4509872243323578f,0.7985701940788801f,0.39861782275484725f,0.297236687013283f,-0.44512552152172424f,0.18586921616682722f,-0.8759656982847801f,0.44321533390323536f,0f,0f,0f,1f], start_interpolation: 0, interpolation_duration: 1 }
$data merge entity $(bone_head_upper) { transformation: [-0.8052512426034308f,-0.640791954200618f,-0.1562947545533464f,-0.39834950825391136f,-0.46943241389620777f,0.3835222613933197f,0.8461771837994925f,0.3640360785455344f,-0.4633309698829955f,0.7250988132875504f,-0.585685978916839f,0.41897775652144975f,0f,0f,0f,1f], start_interpolation: 0, interpolation_duration: 1 }
$data merge entity $(bone_neck_0) { transformation: [-0.51525370287317f,-0.5208267796966655f,0.6806269809714334f,-0.34571840495127937f,-0.0971844963261678f,0.8245466100426765f,0.5573850209154878f,0.386725104329333f,-0.8515097153581491f,0.2210483056210354f,-0.4754669822740094f,0.3849202855579931f,0f,0f,0f,1f], start_interpolation: 0, interpolation_duration: 1 }
$data merge entity $(bone_neck_1) { transformation: [-0.5194399408177885f,-0.4024530036279318f,0.7537995275629111f,-0.28371574202899f,-0.01487828527586385f,0.886271472474535f,0.46292711489506533f,0.4300240487690841f,-0.8543774250941222f,0.2292475887521499f,-0.4663526118087715f,0.3464702134451928f,0f,0f,0f,1f], start_interpolation: 0, interpolation_duration: 1 }
$data merge entity $(bone_neck_2) { transformation: [-0.7588881036767365f,-0.16530272367957166f,0.6298919396547646f,-0.2301509009047105f,0.05239289108579616f,0.9486141566022595f,0.312067567775723f,0.46665103368997984f,-0.6491100300115524f,0.26982622451848287f,-0.7112313108268664f,0.2868027837613543f,0f,0f,0f,1f], start_interpolation: 0, interpolation_duration: 1 }
$data merge entity $(bone_body_0) { transformation: [-0.9191875933914593f,-0.026789321588184326f,0.3929077505013894f,-0.045230153272249524f,0.017993708768639635f,0.9937848686902283f,0.10985381744434203f,0.5278917690050431f,-0.3934086864826025f,0.10804613371699275f,-0.9129926825494512f,-0.14245796932032095f,0f,0f,0f,1f], start_interpolation: 0, interpolation_duration: 1 }
$data merge entity $(bone_leg_left_3) { transformation: [-0.759555822536123f,-0.10929279215568544f,0.641194228010739f,0.44647838469054946f,-0.12534421747274122f,0.9918996521549954f,0.02058900679841552f,0.052399761024667035f,-0.6382505617683542f,-0.06473148876407203f,-0.7671023756740472f,0.06598715560879531f,0f,0f,0f,1f], start_interpolation: 0, interpolation_duration: 1 }
$data merge entity $(bone_leg_left_2) { transformation: [-0.7212305507378802f,-0.00046929219405056767f,0.7293068434807565f,0.4677889400720059f,-0.406783337269714f,0.8515879196349635f,-0.4017306699173008f,0.2378573167004388f,-0.6053230614331014f,-0.5717167081670131f,-0.5989876429448493f,-0.08672966513508182f,0f,0f,0f,1f], start_interpolation: 0, interpolation_duration: 1 }
$data merge entity $(bone_leg_left_1) { transformation: [-0.5885353580867254f,-0.7441102600855809f,0.31611082410619656f,0.26059315264827493f,-0.08251397730936813f,0.4442414330232034f,0.8920992056571282f,0.3128735524413802f,-0.8042496974387487f,0.4989483640827569f,-0.32285128797764057f,0.08195897025238341f,0f,0f,0f,1f], start_interpolation: 0, interpolation_duration: 1 }
$data merge entity $(bone_leg_left_0) { transformation: [-0.514733321190142f,0.1456013779177109f,0.8448963526995663f,0.18913020332189195f,-0.2333501050535956f,0.924477326302978f,-0.30147869182277687f,0.6732627167083096f,-0.8249832340890583f,-0.35233778097184076f,-0.44188318769986834f,-0.11633368144457701f,0f,0f,0f,1f], start_interpolation: 0, interpolation_duration: 1 }
$data merge entity $(bone_leg_right_3) { transformation: [-0.4958623232280276f,-0.007366979841401111f,0.8683699004519444f,-0.17182224499384163f,0.019670978805998232f,0.9996121488998733f,0.019713050616065153f,0.046071556662304974f,-0.868178327877238f,0.02685664498395074f,-0.49552508677612767f,-0.5857702533391118f,0f,0f,0f,1f], start_interpolation: 0, interpolation_duration: 1 }
$data merge entity $(bone_leg_right_2) { transformation: [-0.5829687334386547f,0.41026827038886055f,0.737488712893803f,-0.05249319727651952f,0.28638971030682386f,0.9393238438456578f,-0.2961652405568323f,0.2554294495521544f,-0.7938454441287666f,0.03758805921892845f,-0.6484279051219572f,-0.5958163033895064f,0f,0f,0f,1f], start_interpolation: 0, interpolation_duration: 1 }
$data merge entity $(bone_leg_right_1) { transformation: [-0.7952558128291872f,-0.6034578253010696f,0.05836818691969595f,-0.23536747665467556f,-0.06771439214189791f,0.18408031154957938f,0.9805759532013129f,0.2520836718514651f,-0.6024806662941493f,0.775856360406173f,-0.18725371761074439f,-0.38710791981744347f,0f,0f,0f,1f], start_interpolation: 0, interpolation_duration: 1 }
$data merge entity $(bone_leg_right_0) { transformation: [-0.782416345218945f,0.25130095218308607f,0.5698003985310146f,-0.09210791968901683f,-0.014404805342702116f,0.907418324040167f,-0.419981531473913f,0.6442296462559401f,-0.6225890814311376f,-0.3368082787403076f,-0.7063589873815747f,-0.38945582544183455f,0f,0f,0f,1f], start_interpolation: 0, interpolation_duration: 1 }
$data merge entity $(bone_tail_4) { transformation: [0.620640461787588f,0.687681361169866f,2.601453650229357f,1.5856832071832843f,-2.405127694047479f,1.3389100905972107f,0.21986786082287396f,0.9003769297591183f,-1.2065767792055115f,-2.3151836744406538f,0.8998657461452374f,-0.9375334333271714f,0f,0f,0f,1f], start_interpolation: 0, interpolation_duration: 1 }
$data merge entity $(bone_tail_3) { transformation: [0.23042784760120127f,-0.11019791772299511f,2.066568400035149f,1.2363479479067931f,-0.805211046577644f,1.9107179587156762f,0.19167049526512617f,0.8491788215163403f,-1.9064321922281044f,-0.8203406775330352f,0.168828301138843f,-0.9581327967482377f,0f,0f,0f,1f], start_interpolation: 0, interpolation_duration: 1 }
$data merge entity $(bone_tail_2) { transformation: [-0.7811390995885317f,-0.20668089647063867f,1.7792915975552985f,0.9049547364170389f,-0.41027503686032357f,1.9101581063631634f,0.04176455227977988f,0.8415660342823404f,-1.7436369966899803f,-0.3568653677957045f,-0.8069392839890482f,-0.8094987871199651f,0f,0f,0f,1f], start_interpolation: 0, interpolation_duration: 1 }
$data merge entity $(bone_tail_1) { transformation: [-0.4296779614091854f,0.1395615807307147f,1.4434526887512422f,0.5930443285366965f,0.40993046760132956f,1.4557687204673309f,-0.0187268321150745f,0.8274089348533286f,-1.391039219868154f,0.38589668007493283f,-0.4513866314986996f,-0.7157536486299954f,0f,0f,0f,1f], start_interpolation: 0, interpolation_duration: 1 }
$data merge entity $(bone_tail_0) { transformation: [-0.7494903211953416f,-0.2514988787799859f,1.0044144010272558f,0.29346197984299816f,0.17920682494261025f,1.1897160244670455f,0.4316206802324754f,0.7299893072549308f,-1.0197964938714585f,0.39390330245222127f,-0.6623375393171835f,-0.5126976371195305f,0f,0f,0f,1f], start_interpolation: 0, interpolation_duration: 1 }
$data merge entity $(bone_body_1) { transformation: [-0.8845256705905885f,-0.24832912728259537f,0.8273763216732664f,0.11783530373886272f,-0.09131228667099935f,1.2044234044351916f,0.2638767216105022f,0.5875152023319616f,-0.8589999996655606f,0.12767733725316233f,-0.8800125528552188f,-0.3167070203185135f,0f,0f,0f,1f], start_interpolation: 0, interpolation_duration: 1 }