# This file was generated by Animated Java via MC-Build. It is not recommended to edit this file directly.
$data merge entity $(bone_head_lower) { transformation: [-0.8253353755747994f,-0.5403961076654635f,0.16368739916322703f,-0.39453711866042607f,-0.46471026878746124f,0.8147614954480505f,0.3467103569533829f,0.2188142547025343f,-0.32072711751314437f,0.2100851074095293f,-0.9235791052944173f,0.3580274833688781f,0f,0f,0f,1f], start_interpolation: 0, interpolation_duration: 1 }
$data merge entity $(bone_head_upper) { transformation: [-0.859091248546069f,-0.5070587138576734f,-0.297196281867835f,-0.42667760324236925f,-0.4837167251515898f,0.31101827115890696f,0.8676161060039478f,0.2854590968559233f,-0.33384472298313306f,0.8541844287329488f,-0.4923297728453851f,0.3431644164920654f,0f,0f,0f,1f], start_interpolation: 0, interpolation_duration: 1 }
$data merge entity $(bone_neck_0) { transformation: [-0.5127278686069909f,-0.6297725753401474f,0.5835208960295857f,-0.37855798308952315f,-0.08139309762954475f,0.7122519826076733f,0.6971888387873879f,0.3190057493954702f,-0.8546843255916184f,0.3099735740686249f,-0.41645058166260635f,0.31148065860204227f,0f,0f,0f,1f], start_interpolation: 0, interpolation_duration: 1 }
$data merge entity $(bone_neck_1) { transformation: [-0.5046295855812141f,-0.46582360777252596f,0.7268819352535321f,-0.31912753398120586f,0.0590516188872776f,0.8213500905733724f,0.5673596170172011f,0.37085241275031067f,-0.8613140470600279f,0.3292300034275448f,-0.3869699176682536f,0.2802159490674121f,0f,0f,0f,1f], start_interpolation: 0, interpolation_duration: 1 }
$data merge entity $(bone_neck_2) { transformation: [-0.7369027242782906f,-0.1623513692771092f,0.656213690687021f,-0.2632278144491713f,0.13700574126569065f,0.9147177251548625f,0.38015905901050473f,0.41311285574041784f,-0.6619696381341611f,0.37004528936518233f,-0.6518149139189485f,0.22673504865744876f,0f,0f,0f,1f], start_interpolation: 0, interpolation_duration: 1 }
$data merge entity $(bone_body_0) { transformation: [-0.8931959071323305f,-0.018306768631779352f,0.44929492953328065f,-0.051651193870800416f,0.08224379436991011f,0.9756657545951586f,0.2032542584988069f,0.5182002614621483f,-0.44208260514262837f,0.2184975915943294f,-0.8699550406186428f,-0.18119003697278974f,0f,0f,0f,1f], start_interpolation: 0, interpolation_duration: 1 }
$data merge entity $(bone_leg_left_3) { transformation: [-0.7355163142282073f,-0.08801878211682707f,0.6717651713946053f,0.4347814450491428f,-0.08913212800758094f,0.9954781840089544f,0.032842790975726566f,0.05433261774361858f,-0.6716183553633663f,-0.03571945068034463f,-0.7400357461515636f,0.06424168081006415f,0f,0f,0f,1f], start_interpolation: 0, interpolation_duration: 1 }
$data merge entity $(bone_leg_left_2) { transformation: [-0.6955982079031929f,0.023947017608747616f,0.7534134807728137f,0.4625681753239816f,-0.41677254122206286f,0.8420134075199767f,-0.41155348369391387f,0.23723930256946638f,-0.6280971115566959f,-0.5852368421459289f,-0.5612967633524097f,-0.09049717769893154f,0f,0f,0f,1f], start_interpolation: 0, interpolation_duration: 1 }
$data merge entity $(bone_leg_left_1) { transformation: [-0.554505163207696f,-0.7640006688631735f,0.32988937835679044f,0.24856028996289228f,-0.09583271876879118f,0.4524028360913921f,0.8866497413916314f,0.31502700668971756f,-0.8266438858356046f,0.4600376635375504f,-0.3240759697008148f,0.06813158309412495f,0f,0f,0f,1f], start_interpolation: 0, interpolation_duration: 1 }
$data merge entity $(bone_leg_left_0) { transformation: [-0.4607117951694043f,0.1328067252094734f,0.8775574143786378f,0.17569631630624538f,-0.2600257742483809f,0.925160440672605f,-0.2765226134351433f,0.6705510729952193f,-0.8486054669387387f,-0.3555847757618526f,-0.3916991558940076f,-0.13826792801241272f,0f,0f,0f,1f], start_interpolation: 0, interpolation_duration: 1 }
$data merge entity $(bone_leg_right_3) { transformation: [-0.4545758734451966f,-0.011688135540022737f,0.8906313281987865f,-0.14596069011039775f,0.016837236689011742f,0.9996224736520919f,0.021712153977693105f,0.04041789237978399f,-0.8905488660046763f,0.024865591834318357f,-0.4542074631713072f,-0.6369566692937817f,0f,0f,0f,1f], start_interpolation: 0, interpolation_duration: 1 }
$data merge entity $(bone_leg_right_2) { transformation: [-0.5355923538214986f,0.4141666554584404f,0.7704991963234032f,-0.024776261383820886f,0.3020527651117916f,0.935444321319165f,-0.29286558060096785f,0.2489491491506643f,-0.8209550274631137f,0.07397366233187709f,-0.6104284885758053f,-0.6373048786934381f,0f,0f,0f,1f], start_interpolation: 0, interpolation_duration: 1 }
$data merge entity $(bone_leg_right_1) { transformation: [-0.7428076276910011f,-0.6675625948038686f,0.0509608699179388f,-0.22362840865836328f,-0.06410948251876625f,0.14668981492888294f,0.9871028682195722f,0.23517117290272715f,-0.6664283926238761f,0.729960464830018f,-0.15175940593551643f,-0.44422101982745055f,0f,0f,0f,1f], start_interpolation: 0, interpolation_duration: 1 }
$data merge entity $(bone_leg_right_0) { transformation: [-0.7280843669199223f,0.28279859363796545f,0.6244342319918125f,-0.078766874223545f,-0.01087072217336102f,0.9060565221337479f,-0.42301702814228054f,0.6266186402915223f,-0.6854013291833081f,-0.3147801361828384f,-0.6566113643689607f,-0.4346661948399782f,0f,0f,0f,1f], start_interpolation: 0, interpolation_duration: 1 }
$data merge entity $(bone_tail_4) { transformation: [0.4706770401152307f,-0.09127514632652331f,2.7195207855744434f,1.5607423113773655f,-2.5268098067939957f,1.0093870996801735f,0.4712018833673556f,0.9092993432658728f,-1.0096319407576513f,-2.568748306522521f,0.0885257789551705f,-1.1181606071500325f,0f,0f,0f,1f], start_interpolation: 0, interpolation_duration: 1 }
$data merge entity $(bone_tail_3) { transformation: [-0.13523281166080012f,-0.4390078615851773f,2.030992296923149f,1.220657107942329f,-1.061261587213182f,1.7644042737571712f,0.310720015926934f,0.8393466299629292f,-1.7864438015791366f,-1.0149360483588536f,-0.33833251038828877f,-1.0508599701480574f,0f,0f,0f,1f], start_interpolation: 0, interpolation_duration: 1 }
$data merge entity $(bone_tail_2) { transformation: [-0.9848381526921751f,-0.3609275922920522f,1.6488174432383056f,0.9133314290741555f,-0.5974050945393562f,1.8599327480758026f,0.050311039110662724f,0.8299947458394633f,-1.5785990121063245f,-0.47870170331870954f,-1.0476849303199314f,-0.8573788254835235f,0f,0f,0f,1f], start_interpolation: 0, interpolation_duration: 1 }
$data merge entity $(bone_tail_1) { transformation: [-0.5719552076464859f,0.0770593747429772f,1.3980648565822285f,0.6120879288664036f,0.24710035510653314f,1.49205976832885f,0.018849727867653324f,0.8074635326895105f,-1.3782107621667634f,0.23553290746450012f,-0.5768150436223285f,-0.7348171062747848f,0f,0f,0f,1f], start_interpolation: 0, interpolation_duration: 1 }
$data merge entity $(bone_tail_0) { transformation: [-0.7526063661332345f,-0.2701840549199167f,0.9972060723375019f,0.3141611147680209f,0.09659986957409777f,1.2099273444764789f,0.4007243477384309f,0.7195602666985849f,-1.0286339676668388f,0.3113071058282401f,-0.691979597247527f,-0.5250921898482965f,0f,0f,0f,1f], start_interpolation: 0, interpolation_duration: 1 }
$data merge entity $(bone_body_1) { transformation: [-0.8003154829590905f,-0.2886428404801805f,0.8970981180627573f,0.12504051232002383f,-0.13817246425160573f,1.2001674004745106f,0.26289004548887845f,0.5776022222222222f,-0.9322060356567354f,0.06991506657394336f,-0.8091405227816516f,-0.3416876284405036f,0f,0f,0f,1f], start_interpolation: 0, interpolation_duration: 1 }