# This file was generated by Animated Java via MC-Build. It is not recommended to edit this file directly.
$data merge entity $(bone_head_lower) { transformation: [-0.8680650353012695f,-0.45900545090792666f,0.18914832942486373f,-0.42858413833531545f,-0.38785283732185516f,0.8648526434395931f,0.3187476771945719f,0.2220859286019047f,-0.309892354001825f,0.2033319974139815f,-0.9287749069386232f,0.3360001899656395f,0f,0f,0f,1f], start_interpolation: 0, interpolation_duration: 1 }
$data merge entity $(bone_head_upper) { transformation: [-0.9035685335513268f,-0.47003564385883334f,-0.21471455763786512f,-0.4542210139198133f,-0.40371585676297017f,0.3721202152654204f,0.8843144208778152f,0.2912787711518008f,-0.32256682215868554f,0.8509200793708752f,-0.5053292059137464f,0.3201711773013216f,0f,0f,0f,1f], start_interpolation: 0, interpolation_duration: 1 }
$data merge entity $(bone_neck_0) { transformation: [-0.46591821795384125f,-0.6433153434881458f,0.6075076814423388f,-0.4043456640955909f,-0.09203401596433142f,0.7180930609795656f,0.6898348321725103f,0.3242585265276065f,-0.8800283825446734f,0.2654952440359849f,-0.3937795338893055f,0.29068352786023616f,0f,0f,0f,1f], start_interpolation: 0, interpolation_duration: 1 }
$data merge entity $(bone_neck_1) { transformation: [-0.4608897665484897f,-0.4777717822166656f,0.7478734834237607f,-0.3431919990893279f,0.05198458580502362f,0.8267333736415525f,0.5601870506767693f,0.3755223794856639f,-0.8859335335845229f,0.29706237228024757f,-0.356196183367639f,0.261877565270389f,0f,0f,0f,1f], start_interpolation: 0, interpolation_duration: 1 }
$data merge entity $(bone_neck_2) { transformation: [-0.7060687542082591f,-0.1725777742632792f,0.6867924185378942f,-0.2847134765534157f,0.1357802403809463f,0.9188611283265202f,0.37048340471957275f,0.4169757290991558f,-0.6950040580118145f,0.3548395957060697f,-0.6253464804940245f,0.21056662489721847f,0f,0f,0f,1f], start_interpolation: 0, interpolation_duration: 1 }
$data merge entity $(bone_body_0) { transformation: [-0.8670172354423445f,-0.02159454447997297f,0.49780999296379813f,-0.050303208686403644f,0.0859077746237811f,0.9776216313026831f,0.19203072740650268f,0.5167921588758099f,-0.4908166334845468f,0.2092596990769684f,-0.8457596648203985f,-0.18604327332556028f,0f,0f,0f,1f], start_interpolation: 0, interpolation_duration: 1 }
$data merge entity $(bone_leg_left_3) { transformation: [-0.7309035925056274f,-0.09268571989972949f,0.6761577447526846f,0.43640112759640426f,-0.09573026856998423f,0.9948637310521564f,0.03289182750321751f,0.05382860490555752f,-0.6757334194354209f,-0.04068800761467234f,-0.736022303938177f,0.06319228496050938f,0f,0f,0f,1f], start_interpolation: 0, interpolation_duration: 1 }
$data merge entity $(bone_leg_left_2) { transformation: [-0.6908136044836994f,0.02603108471979163f,0.7577342185682551f,0.4648146037697844f,-0.42029026222784976f,0.840029584131785f,-0.4120298445022156f,0.23625268438135696f,-0.631026828936281f,-0.5879922447723148f,-0.5550968030451358f,-0.09200179245601964f,0f,0f,0f,1f], start_interpolation: 0, interpolation_duration: 1 }
$data merge entity $(bone_leg_left_1) { transformation: [-0.5490840761186864f,-0.7677594519822862f,0.33023037601763383f,0.2496595249224577f,-0.09976584830112359f,0.45250820439111017f,0.8861620057706661f,0.31417321217705196f,-0.8297912104051511f,0.45363173263186995f,-0.32506122236243695f,0.06500161213765959f,0f,0f,0f,1f], start_interpolation: 0, interpolation_duration: 1 }
$data merge entity $(bone_leg_left_0) { transformation: [-0.45525159425949796f,0.13237091719231006f,0.8804680154360247f,0.1770223860306089f,-0.26317231897247495f,0.9246961552208726f,-0.27509516725378114f,0.6690329154298403f,-0.8505799882731989f,-0.35695232286875866f,-0.3861330376279168f,-0.14261754792566958f,0f,0f,0f,1f], start_interpolation: 0, interpolation_duration: 1 }
$data merge entity $(bone_leg_right_3) { transformation: [-0.4487241444582734f,-0.012137623751238946f,0.8935878917430917f,-0.14379835201964242f,0.014164930022771575f,0.9996855523854449f,0.02069181261410774f,0.03775639146590984f,-0.8935580545983793f,0.021942525868293206f,-0.4484111156303763f,-0.6413538423751044f,0f,0f,0f,1f], start_interpolation: 0, interpolation_duration: 1 }
$data merge entity $(bone_leg_right_2) { transformation: [-0.5307135433962817f,0.4156022291178306f,0.7730977438259325f,-0.022206555280904705f,0.30004257925909056f,0.9349091918817243f,-0.29661667698783734f,0.24605010322056436f,-0.8248513714530694f,0.0726759216525328f,-0.6053103542189242f,-0.6418403352629942f,0f,0f,0f,1f], start_interpolation: 0, interpolation_duration: 1 }
$data merge entity $(bone_leg_right_1) { transformation: [-0.7411726843292571f,-0.6690886355899319f,0.0546209641856191f,-0.22163483690396146f,-0.06450984123841408f,0.151974381294816f,0.9862769731740939f,0.23374360749353207f,-0.6682077015326581f,0.7274779619716746f,-0.15580206178989048f,-0.44925192358783417f,0f,0f,0f,1f], start_interpolation: 0, interpolation_duration: 1 }
$data merge entity $(bone_leg_right_0) { transformation: [-0.7264005527416206f,0.28361029973540847f,0.6260251072126898f,-0.07677989400675433f,-0.011284018261804179f,0.9058402325993044f,-0.42346917707940157f,0.6251910165921011f,-0.6871789489707432f,-0.3146723230416525f,-0.6548025818542828f,-0.4395953200069943f,0f,0f,0f,1f], start_interpolation: 0, interpolation_duration: 1 }
$data merge entity $(bone_tail_4) { transformation: [0.21857647877239464f,-0.515983558872992f,2.7040056622537283f,1.510101108292687f,-2.564867258575058f,0.9468702403656234f,0.3880129191143204f,0.8904065950458581f,-0.9996707460044685f,-2.5422153816076856f,-0.40430271418846647f,-1.2418279455397916f,0f,0f,0f,1f], start_interpolation: 0, interpolation_duration: 1 }
$data merge entity $(bone_tail_3) { transformation: [-0.42192561678832474f,-0.5659986280946384f,1.9589716314784202f,1.1834706526023848f,-1.1182064122261481f,1.7370709342903987f,0.2610450438990408f,0.8291443994886958f,-1.705150644253628f,-0.9990874077291305f,-0.6559200851955737f,-1.1208312834129905f,0f,0f,0f,1f], start_interpolation: 0, interpolation_duration: 1 }
$data merge entity $(bone_tail_2) { transformation: [-1.1431712915066565f,-0.4048215923432626f,1.5323357176710477f,0.8976711487537195f,-0.6195670892506823f,1.853149203462702f,0.02735921464091131f,0.8240412076641037f,-1.4587905590574737f,-0.4698205860549277f,-1.2124242643260503f,-0.896634751320724f,0f,0f,0f,1f], start_interpolation: 0, interpolation_duration: 1 }
$data merge entity $(bone_tail_1) { transformation: [-0.6804969381087023f,0.07693668499713394f,1.3485773666076164f,0.6071820017300995f,0.20904450317580356f,1.4978502496315755f,0.02003185889050024f,0.8012211879466724f,-1.3344963705146085f,0.1954011928834603f,-0.684539305593958f,-0.7504431675670281f,0f,0f,0f,1f], start_interpolation: 0, interpolation_duration: 1 }
$data merge entity $(bone_tail_0) { transformation: [-0.7873251182933253f,-0.25571800527544714f,0.9739420806528362f,0.316402558254376f,0.08190402460085403f,1.2159522636149827f,0.38547054355399224f,0.7179208301010975f,-1.0036167622367673f,0.2998401423618491f,-0.7325878788035208f,-0.5291282857006497f,0f,0f,0f,1f], start_interpolation: 0, interpolation_duration: 1 }
$data merge entity $(bone_body_1) { transformation: [-0.79823684479206f,-0.28819204329662523f,0.8990928099218584f,0.12678785350092805f,-0.13788772501483332f,1.2003232803325603f,0.2623272632384318f,0.576083125f,-0.9340286451511541f,0.06909387764808032f,-0.8071066355599499f,-0.3461412616799611f,0f,0f,0f,1f], start_interpolation: 0, interpolation_duration: 1 }