# This file was generated by Animated Java via MC-Build. It is not recommended to edit this file directly.
$data merge entity $(bone_head_lower) { transformation: [-0.9080657446230569f,-0.3568720222911711f,0.21922354606196676f,-0.4652016550755233f,-0.28696202333106496f,0.9113902658994621f,0.2949925090395499f,0.23246665141714334f,-0.3050727791985296f,0.20496376003946976f,-0.9300109980331246f,0.31591635284958064f,0f,0f,0f,1f], start_interpolation: 0, interpolation_duration: 1 }
$data merge entity $(bone_head_upper) { transformation: [-0.945205255217413f,-0.4225688712946109f,-0.10721248577330393f,-0.48237469244076153f,-0.2986986505177958f,0.44126693810071255f,0.8941669576212132f,0.3039239736211846f,-0.3175501287540915f,0.842728296033501f,-0.5219606090273862f,0.2987584280660635f,0f,0f,0f,1f], start_interpolation: 0, interpolation_duration: 1 }
$data merge entity $(bone_neck_0) { transformation: [-0.41739211826407807f,-0.6402688733553974f,0.6448562548531542f,-0.4301494437495689f,-0.09925602339003825f,0.7375022556805746f,0.6680109764718394f,0.3351798435565675f,-0.9032895778385924f,0.21481664897831917f,-0.3713781709927278f,0.27154941764630725f,0f,0f,0f,1f], start_interpolation: 0, interpolation_duration: 1 }
$data merge entity $(bone_neck_1) { transformation: [-0.4147867003015084f,-0.47946209013634916f,0.7733486260252037f,-0.36684548684101453f,0.0401033088819399f,0.8394509101698112f,0.5419537748109107f,0.3849576868381345f,-0.9090344976235538f,0.25580905679267696f,-0.32896505679651566f,0.24486024001778367f,0f,0f,0f,1f], start_interpolation: 0, interpolation_duration: 1 }
$data merge entity $(bone_neck_2) { transformation: [-0.6723939450755723f,-0.1828162005110771f,0.7172618904252492f,-0.30579785063871323f,0.12683356896823084f,0.9262310171609146f,0.35497795513501756f,0.42512479859501673f,-0.7292459313623146f,0.3296579131156284f,-0.599604896504156f,0.1955579110528935f,0f,0f,0f,1f], start_interpolation: 0, interpolation_duration: 1 }
$data merge entity $(bone_body_0) { transformation: [-0.8368981509405695f,-0.024888926074135037f,0.5467924892599864f,-0.04833369905433013f,0.08357599243329801f,0.9814414412879532f,0.17259128254756828f,0.5158158793724454f,-0.5409404204171151f,0.19014005017749808f,-0.8192864107730908f,-0.1887573803674204f,0f,0f,0f,1f], start_interpolation: 0, interpolation_duration: 1 }
$data merge entity $(bone_leg_left_3) { transformation: [-0.7276774994203591f,-0.09779858673892688f,0.6789115504019666f,0.4383390446911025f,-0.10424797306980688f,0.9940536541669615f,0.031459382513776835f,0.05198832509117343f,-0.6779511906827588f,-0.04788286822215135f,-0.7335457817905099f,0.060700802063904324f,0f,0f,0f,1f], start_interpolation: 0, interpolation_duration: 1 }
$data merge entity $(bone_leg_left_2) { transformation: [-0.6877650372028525f,0.027001813266409002f,0.7604685103160942f,0.46706802762260935f,-0.42134459419620335f,0.8400595282208865f,-0.4108904008219625f,0.23445296273638352f,-0.63364831416464f,-0.5879056817435279f,-0.5521946421604274f,-0.09438747478105586f,0f,0f,0f,1f], start_interpolation: 0, interpolation_duration: 1 }
$data merge entity $(bone_leg_left_1) { transformation: [-0.5457638249462572f,-0.770167966640978f,0.3301259616269714f,0.25119804347907004f,-0.10060888181287901f,0.45135207272171973f,0.8866561674911924f,0.3120499867413521f,-0.8318772146659588f,0.45069125752549144f,-0.32381737153787454f,0.06179266951137988f,0f,0f,0f,1f], start_interpolation: 0, interpolation_duration: 1 }
$data merge entity $(bone_leg_left_0) { transformation: [-0.4542744869605677f,0.1349927180712443f,0.8805746172610535f,0.17969524452787589f,-0.26188101252794643f,0.924543963820954f,-0.276833513577341f,0.6671415944236184f,-0.8515004555336719f,-0.3563641747285715f,-0.38464470514485666f,-0.1458237519494999f,0f,0f,0f,1f], start_interpolation: 0, interpolation_duration: 1 }
$data merge entity $(bone_leg_right_3) { transformation: [-0.44544258664734127f,-0.01193815047498828f,0.8952309101925395f,-0.1430226325181827f,0.012894120000863221f,0.999721853633633f,0.019747329863460616f,0.035471498007291935f,-0.895217651563199f,0.020339516478262848f,-0.4451647564656275f,-0.6428086076925774f,0f,0f,0f,1f], start_interpolation: 0, interpolation_duration: 1 }
$data merge entity $(bone_leg_right_2) { transformation: [-0.5290792775866997f,0.4158120832202692f,0.7741044044423534f,-0.02135334413533646f,0.2969142085621397f,0.9350437147456471f,-0.2993282542114492f,0.24371762025085256f,-0.8270303925992978f,0.06968330118023659f,-0.6026833055215403f,-0.643908108009734f,0f,0f,0f,1f], start_interpolation: 0, interpolation_duration: 1 }
$data merge entity $(bone_leg_right_1) { transformation: [-0.7432136305989568f,-0.6664480173976056f,0.0589960964701787f,-0.22033693964503615f,-0.06518932428767585f,0.15989176645553682f,0.9849796825410384f,0.2336173017544363f,-0.6658707466849957f,0.7282044102630315f,-0.16227903617731115f,-0.45073228668607856f,0f,0f,0f,1f], start_interpolation: 0, interpolation_duration: 1 }
$data merge entity $(bone_leg_right_0) { transformation: [-0.7285074661542921f,0.2825126536081767f,0.6240700860550198f,-0.07550883467588348f,-0.011977800323700813f,0.9056084504338966f,-0.4239455941534506f,0.625093158912241f,-0.6849331383842212f,-0.31632251746276807f,-0.6563586373996753f,-0.4418580634491247f,0f,0f,0f,1f], start_interpolation: 0, interpolation_duration: 1 }
$data merge entity $(bone_tail_4) { transformation: [-0.10383922381557276f,-0.9715593721987804f,2.5828184476439864f,1.4333855168781124f,-2.5908236491893817f,0.924132051136387f,0.24346273321285325f,0.8644575858522631f,-0.9500060873480746f,-2.414065796525681f,-0.9462748520627803f,-1.3753519164970913f,0f,0f,0f,1f], start_interpolation: 0, interpolation_duration: 1 }
$data merge entity $(bone_tail_3) { transformation: [-0.7452454458721406f,-0.6891036701246432f,1.81815590180601f,1.1318368846994111f,-1.1541760066473927f,1.7237567008599999f,0.1802390300799819f,0.8170273943497163f,-1.56474678370999f,-0.9432626856318667f,-0.9988836442790756f,-1.1967475974005146f,0f,0f,0f,1f], start_interpolation: 0, interpolation_duration: 1 }
$data merge entity $(bone_tail_2) { transformation: [-1.3141121747337468f,-0.4414381756125097f,1.377321823079566f,0.8747190108812128f,-0.6248351941089182f,1.8515797200715631f,-0.0027194531360624414f,0.8175114922321097f,-1.3044017967720647f,-0.44222025319334707f,-1.3862723669056527f,-0.9401123531693489f,0f,0f,0f,1f], start_interpolation: 0, interpolation_duration: 1 }
$data merge entity $(bone_tail_1) { transformation: [-0.8015644005329673f,0.07998696279985262f,1.2801378236659835f,0.5990356678736345f,0.1784033109610583f,1.501835282368658f,0.01786877921922706f,0.7951375039520112f,-1.2701665325603404f,0.16046532464899863f,-0.8053471978897893f,-0.7675586628714127f,0f,0f,0f,1f], start_interpolation: 0, interpolation_duration: 1 }
$data merge entity $(bone_tail_0) { transformation: [-0.8292602649325904f,-0.2364647101480357f,0.9435293161542803f,0.31760815735096065f,0.07161879064764458f,1.22166304242495f,0.369114990461254f,0.7167544301241f,-0.9700690070371937f,0.2923346852695525f,-0.7793216729683919f,-0.5327682002050602f,0f,0f,0f,1f], start_interpolation: 0, interpolation_duration: 1 }
$data merge entity $(bone_body_1) { transformation: [-0.8026456615428451f,-0.28377051289779115f,0.896570595699203f,0.1282820106239595f,-0.13224708023152146f,1.2010821271307885f,0.2617575762293575f,0.5749980555555556f,-0.9310613550314161f,0.07403117554756893f,-0.810091805458097f,-0.34941972804965915f,0f,0f,0f,1f], start_interpolation: 0, interpolation_duration: 1 }