# This file was generated by Animated Java via MC-Build. It is not recommended to edit this file directly.
$data merge entity $(bone_head_lower) { transformation: [-0.9374357884276661f,-0.25219301003801314f,0.24002672405998185f,-0.4956483822441186f,-0.18084069439617237f,0.9418305972707768f,0.2832874322925075f,0.2441970751295586f,-0.29750762313814794f,0.22215717799013035f,-0.9285124675749654f,0.30003025024611496f,0f,0f,0f,1f], start_interpolation: 0, interpolation_duration: 1 }
$data merge entity $(bone_head_upper) { transformation: [-0.9757765215761125f,-0.3623680391433244f,-0.004639690911219107f,-0.504408017784554f,-0.1882370034466865f,0.4954096510888782f,0.8958839493622571f,0.31702281298364565f,-0.3096755609629886f,0.8406727213362672f,-0.5299456246888355f,0.2822781466241946f,0f,0f,0f,1f], start_interpolation: 0, interpolation_duration: 1 }
$data merge entity $(bone_neck_0) { transformation: [-0.38502903003371686f,-0.6207175449594506f,0.6829805088073945f,-0.4500453953911955f,-0.09430122733644368f,0.7626206088653643f,0.6399352197345145f,0.346053932858773f,-0.918074029996566f,0.18198773671138754f,-0.35216549963409416f,0.2568491155846527f,0f,0f,0f,1f], start_interpolation: 0, interpolation_duration: 1 }
$data merge entity $(bone_neck_1) { transformation: [-0.3819495094347146f,-0.46964403219046014f,0.7959579481797181f,-0.38478090158310096f,0.032547018987302695f,0.8538858572590597f,0.5194416563272537f,0.393991204230091f,-0.9236099088888234f,0.22430654426665006f,-0.3108557710603624f,0.23154890400496328f,0f,0f,0f,1f], start_interpolation: 0, interpolation_duration: 1 }
$data merge entity $(bone_neck_2) { transformation: [-0.6457105805703787f,-0.18962422056032646f,0.7396624237558327f,-0.3218374654283353f,0.1166448317532433f,0.9328097209615087f,0.3409692181194216f,0.43299545518077703f,-0.7546203213303506f,0.30644523076171515f,-0.5802064211801496f,0.18371876029884973f,0f,0f,0f,1f], start_interpolation: 0, interpolation_duration: 1 }
$data merge entity $(bone_body_0) { transformation: [-0.8102948975451931f,-0.026582165188540702f,0.5854191383155438f,-0.04618484921311555f,0.0793085683127577f,0.9848060136096807f,0.15449034452155933f,0.5151876835021452f,-0.5806309757534515f,0.17161149160851258f,-0.79587509443599f,-0.18973937320529263f,0f,0f,0f,1f], start_interpolation: 0, interpolation_duration: 1 }
$data merge entity $(bone_leg_left_3) { transformation: [-0.7274596114631534f,-0.09963476334040383f,0.6788780653578226f,0.4395487655616019f,-0.10902866491060134f,0.9936156127066685f,0.02899593787696092f,0.04871643499755224f,-0.6774328482718338f,-0.052923795401071755f,-0.7336782727890041f,0.055834081173900346f,0f,0f,0f,1f], start_interpolation: 0, interpolation_duration: 1 }
$data merge entity $(bone_leg_left_2) { transformation: [-0.6881764581356734f,0.026889446503945754f,0.7601002036805713f,0.4682395353696945f,-0.41822779792790155f,0.8427938150210265f,-0.40846822875638394f,0.2318981222219771f,-0.6352644103118893f,-0.583984368395003f,-0.5544939909161067f,-0.0984137105751153f,0f,0f,0f,1f], start_interpolation: 0, interpolation_duration: 1 }
$data merge entity $(bone_leg_left_1) { transformation: [-0.546204948111554f,-0.7698419493316455f,0.3301568229004314f,0.2524652684183842f,-0.09659933146659547f,0.4494062378157563f,0.8880892987602628f,0.3088106630809518f,-0.8320629326070602f,0.45318584097645875f,-0.31983412844754155f,0.058236576497736475f,0f,0f,0f,1f], start_interpolation: 0, interpolation_duration: 1 }
$data merge entity $(bone_leg_left_0) { transformation: [-0.4585009085250288f,0.14059929864303058f,0.8775014268380485f,0.18292254231249344f,-0.2554606519345153f,0.9248792118838679f,-0.28167055000171415f,0.6651741964854283f,-0.8511855098595813f,-0.35331328965404574f,-0.38814037043178184f,-0.14786077882175988f,0f,0f,0f,1f], start_interpolation: 0, interpolation_duration: 1 }
$data merge entity $(bone_leg_right_3) { transformation: [-0.4463958697180479f,-0.011071450924000054f,0.894767092864453f,-0.14299826191780787f,0.014524402068399597f,0.9997020820138887f,0.01961603837810566f,0.03443466489997671f,-0.8947177036603348f,0.02175247552655371f,-0.4461020741548326f,-0.6425423896457992f,0f,0f,0f,1f], start_interpolation: 0, interpolation_duration: 1 }
$data merge entity $(bone_leg_right_2) { transformation: [-0.5315123051573419f,0.4139957860130962f,0.7734108598477403f,-0.02177000886512101f,0.2946062833498756f,0.9360148060904457f,-0.29857263788051963f,0.24293407952023904f,-0.8262953508145833f,0.06742381955627846f,-0.6039472007380623f,-0.6442087722000903f,0f,0f,0f,1f], start_interpolation: 0, interpolation_duration: 1 }
$data merge entity $(bone_leg_right_1) { transformation: [-0.7474237656861513f,-0.6615124261639549f,0.06131088417411004f,-0.21961937360482237f,-0.06574597391147771f,0.1654861264473817f,0.9840181953947156f,0.2343934814573574f,-0.6610863645560722f,0.7314476413142089f,-0.16718004251081023f,-0.44979665139330893f,0f,0f,0f,1f], start_interpolation: 0, interpolation_duration: 1 }
$data merge entity $(bone_leg_right_0) { transformation: [-0.7328553581873496f,0.2802191493895514f,0.6200002034608437f,-0.07485490518728072f,-0.012539732817732092f,0.9055321837752796f,-0.4240922296482608f,0.6259166699440233f,-0.6802689020357692f,-0.3185728997616864f,-0.6601102396270484f,-0.442042934512077f,0f,0f,0f,1f], start_interpolation: 0, interpolation_duration: 1 }
$data merge entity $(bone_tail_4) { transformation: [-0.4636230344406494f,-1.4147108145248584f,2.325791977972762f,1.3296684266581833f,-2.5940626240419786f,0.9450736315279826f,0.05776041151994868f,0.8350654097901622f,-0.8255629086171973f,-2.1751070028522546f,-1.4876211687316747f,-1.5066211864887034f,0f,0f,0f,1f], start_interpolation: 0, interpolation_duration: 1 }
$data merge entity $(bone_tail_3) { transformation: [-1.07167160901575f,-0.7994050832224832f,1.5963762092289182f,1.0668048205863407f,-1.166180673998354f,1.7232407483777423f,0.0800592578513352f,0.8046270546016125f,-1.3518461909798687f,-0.8528413463786896f,-1.3345857184477314f,-1.2719790449814956f,0f,0f,0f,1f], start_interpolation: 0, interpolation_duration: 1 }
$data merge entity $(bone_tail_2) { transformation: [-1.4803027595948381f,-0.46967029779420116f,1.1861228546438976f,0.8451008106842759f,-0.6168006352549367f,1.8539304476078278f,-0.03567557686318326f,0.8112441243810341f,-1.116707030195381f,-0.4014045114411651f,-1.5526151171200377f,-0.9842725446204158f,0f,0f,0f,1f], start_interpolation: 0, interpolation_duration: 1 }
$data merge entity $(bone_tail_1) { transformation: [-0.9260523253241383f,0.08301178835246993f,1.1929762712461136f,0.5882556181916289f,0.1534925867326871f,1.5046220182200172f,0.014451923942181135f,0.7895951392736503f,-1.185969378432624f,0.12991487706204716f,-0.9296531655074861f,-0.7846765889097262f,0f,0f,0f,1f], start_interpolation: 0, interpolation_duration: 1 }
$data merge entity $(bone_tail_0) { transformation: [-0.8743656947757207f,-0.21535245029277839f,0.9071624278685129f,0.31796483410967785f,0.06374455917435203f,1.226936135763972f,0.3527039360657415f,0.7161350061039614f,-0.9301919046944377f,0.2865078663728024f,-0.8285481153991398f,-0.5356416271556845f,0f,0f,0f,1f], start_interpolation: 0, interpolation_duration: 1 }
$data merge entity $(bone_body_1) { transformation: [-0.8107391955678206f,-0.27726065363043545f,0.8913097563556212f,0.12942327361860262f,-0.12346935620963875f,1.2020474547205893f,0.2616138943809757f,0.5743470138888889f,-0.9252361157582805f,0.08254115097590206f,-0.8159225965423149f,-0.35151078498566685f,0f,0f,0f,1f], start_interpolation: 0, interpolation_duration: 1 }