# This file was generated by Animated Java via MC-Build. It is not recommended to edit this file directly.
$data merge entity $(bone_head_lower) { transformation: [-0.924694146081631f,0.24699482957371488f,0.28971415285797625f,-0.4488414292197158f,0.3535671537279922f,0.8393353919618705f,0.41292416689375283f,0.31035655710288457f,-0.14117720781715987f,0.4842619683229989f,-0.8634577824241816f,0.43158328075596053f,0f,0f,0f,1f], start_interpolation: 0, interpolation_duration: 1 }
$data merge entity $(bone_head_upper) { transformation: [-0.9625137513671423f,0.06343873907385925f,0.3911709950870296f,-0.42074942304679497f,0.3680279029958197f,0.5241120331428452f,0.8205693035416813f,0.378807486630318f,-0.14695129679304514f,0.8970808467931413f,-0.5070731833485678f,0.41672508679411624f,0f,0f,0f,1f], start_interpolation: 0, interpolation_duration: 1 }
$data merge entity $(bone_neck_0) { transformation: [-0.6742780517828771f,0.06764762130083905f,0.7353726322186772f,-0.37407902146137f,0.36946390884538527f,0.8931110297492948f,0.2566108115431677f,0.3807841732284134f,-0.639410297809299f,0.44472068523118263f,-0.627198519755054f,0.3691572133894226f,0f,0f,0f,1f], start_interpolation: 0, interpolation_duration: 1 }
$data merge entity $(bone_neck_1) { transformation: [-0.6855965878413756f,-0.08831411561931625f,0.7226049651937364f,-0.31327174881068615f,0.19260205447937626f,0.9352390411613996f,0.2970393652326732f,0.4102558354630399f,-0.7020411436309032f,0.34282437613140065f,-0.6241872153284859f,0.317859712841689f,0f,0f,0f,1f], start_interpolation: 0, interpolation_duration: 1 }
$data merge entity $(bone_neck_2) { transformation: [-0.7887530016239701f,-0.1463977833718485f,0.597022940474641f,-0.26240138735087903f,0.08018527740805134f,0.9384245392061957f,0.33605015325488735f,0.44888411201848316f,-0.6094579753487285f,0.3129330171769172f,-0.7284462252248824f,0.25710616998659785f,0f,0f,0f,1f], start_interpolation: 0, interpolation_duration: 1 }
$data merge entity $(bone_body_0) { transformation: [-0.8750074312809579f,-0.015033174115036976f,0.4838760160197305f,-0.03449564531075347f,0.05789799386711756f,0.989094059434504f,0.13542807647433125f,0.5221332138892366f,-0.4806348068016535f,0.14651602392708135f,-0.8645942616183249f,-0.1489781150127022f,0f,0f,0f,1f], start_interpolation: 0, interpolation_duration: 1 }
$data merge entity $(bone_leg_left_3) { transformation: [-0.8206501144616709f,-0.017448952999222944f,0.5711645329266142f,0.41949237715690063f,-0.04084105786407674f,0.9987685181753501f,-0.028168334958943053f,0.02852057667858099f,-0.569969646232665f,-0.0464433110474155f,-0.8203521324604235f,-0.020125170825293914f,0f,0f,0f,1f], start_interpolation: 0, interpolation_duration: 1 }
$data merge entity $(bone_leg_left_2) { transformation: [-0.7899901343352231f,-0.023990649890005593f,0.6537600751587431f,0.43287873256085485f,-0.3230742864311033f,0.905604324317594f,-0.3571638457697008f,0.2280764567482391f,-0.568859202791643f,-0.48100671096755426f,-0.7050488996545751f,-0.15491882158317982f,0f,0f,0f,1f], start_interpolation: 0, interpolation_duration: 1 }
$data merge entity $(bone_leg_left_1) { transformation: [-0.6651552565936776f,-0.6764784168798241f,0.3161414811782306f,0.24558071067109372f,0.016308768881303642f,0.41011965555322166f,0.9118858986663207f,0.29080534310442f,-0.7465269644717296f,0.6117015772618819f,-0.2617607145695306f,0.04001173905947966f,0f,0f,0f,1f], start_interpolation: 0, interpolation_duration: 1 }
$data merge entity $(bone_leg_left_0) { transformation: [-0.6241873771200727f,0.22673778844759374f,0.7476497131236379f,0.20116419854302525f,-0.12403280592874188f,0.9160663123893802f,-0.3813638346235332f,0.6671061571360971f,-0.7713663081165829f,-0.33077558343266006f,-0.543674104687152f,-0.13529413469815402f,0f,0f,0f,1f], start_interpolation: 0, interpolation_duration: 1 }
$data merge entity $(bone_leg_right_3) { transformation: [-0.5964288056864067f,-0.01657432833468367f,0.8024948419695549f,-0.14082960254882218f,0.051379267276311286f,0.9969480912203867f,0.058776477490387724f,0.047486888465534394f,-0.8010198815520347f,0.07628758124546078f,-0.5937569825324852f,-0.5778055498661084f,0f,0f,0f,1f], start_interpolation: 0, interpolation_duration: 1 }
$data merge entity $(bone_leg_right_2) { transformation: [-0.6787118086652719f,0.29932597181943577f,0.7083900358371512f,-0.04811178927714074f,0.2527095401131131f,0.9791570182241609f,-0.1716147473234295f,0.27003125527163335f,-0.7263266266734467f,0.06097291002909338f,-0.7216606786630754f,-0.5847685930948827f,0f,0f,0f,1f], start_interpolation: 0, interpolation_duration: 1 }
$data merge entity $(bone_leg_right_1) { transformation: [-0.8131618732325765f,-0.5798661954320835f,-0.05022910825415747f,-0.2191739771463836f,-0.1300435732505422f,0.0968882955144067f,0.9867630552713982f,0.2414286662750073f,-0.5673239259692102f,0.8089300671797496f,-0.15419373993599178f,-0.36812832573019444f,0f,0f,0f,1f], start_interpolation: 0, interpolation_duration: 1 }
$data merge entity $(bone_leg_right_0) { transformation: [-0.8035822464815774f,0.19595868464516092f,0.5620104688097541f,-0.09454836567543701f,-0.07715393124195555f,0.9019856033190249f,-0.4248167161248795f,0.6391313860435707f,-0.5901718766880821f,-0.38473648815436423f,-0.7097006345277663f,-0.39279170381660716f,0f,0f,0f,1f], start_interpolation: 0, interpolation_duration: 1 }
$data merge entity $(bone_tail_4) { transformation: [-1.173590079212013f,-1.951009882056795f,-1.5626605830095908f,0.21070275541527977f,-1.764101163158863f,1.8695058026992522f,-1.0092355876678996f,0.6551862941670135f,1.7709587075131616f,0.569359135687272f,-2.0408813690395524f,-1.8335970079400767f,0f,0f,0f,1f], start_interpolation: 0, interpolation_duration: 1 }
$data merge entity $(bone_tail_3) { transformation: [-1.5587874951168719f,-0.8868675346636254f,-1.0581082397710435f,0.3987975064880196f,-0.7216977020244326f,1.8838882443878373f,-0.5158129850967396f,0.7242137895766083f,1.1769789709269944f,-0.01940578937893315f,-1.7176406618902162f,-1.542158724711658f,0f,0f,0f,1f], start_interpolation: 0, interpolation_duration: 1 }
$data merge entity $(bone_tail_2) { transformation: [-1.8180809546681278f,-0.4776002034443889f,-0.5340913432603868f,0.4966259034561635f,-0.420628151673121f,1.8907196243337343f,-0.2588921303982266f,0.7724801419758701f,0.580023685116272f,-0.125901639512585f,-1.8618526195365093f,-1.1956454523224835f,0f,0f,0f,1f], start_interpolation: 0, interpolation_duration: 1 }
$data merge entity $(bone_tail_1) { transformation: [-1.4895742357576782f,0.03462706714880146f,0.2600496344692729f,0.4416659407435026f,0.02826049278098845f,1.5117221592190788f,-0.03941710128588949f,0.762456021414303f,-0.26081830977656784f,-0.03396070592138468f,-1.4894551788283583f,-0.874467002696083f,0f,0f,0f,1f], start_interpolation: 0, interpolation_duration: 1 }
$data merge entity $(bone_tail_0) { transformation: [-1.1572961997852318f,-0.11441283027125533f,0.5304817874498706f,0.2838858475037734f,-0.0173432183659679f,1.256644586524366f,0.23319372315682738f,0.7246364679701862f,-0.5424024661848423f,0.20393578404084362f,-1.1393179877664863f,-0.5366104727083807f,0f,0f,0f,1f], start_interpolation: 0, interpolation_duration: 1 }
$data merge entity $(bone_body_1) { transformation: [-0.9300494234817948f,-0.23914734243471517f,0.7787305140700757f,0.1189501818801682f,-0.0879838156197456f,1.2044663178585555f,0.2648099929940216f,0.5819425f,-0.8098589464384658f,0.14378467514626245f,-0.923070446457318f,-0.33169444230262385f,0f,0f,0f,1f], start_interpolation: 0, interpolation_duration: 1 }