# This file was generated by Animated Java via MC-Build. It is not recommended to edit this file directly.
$data merge entity $(bone_head_lower) { transformation: [-0.9685454559286293f,0.06283530548269298f,0.24077255695967537f,-0.36852941257652855f,0.15101529944898395f,0.9174605101265317f,0.36804971361311795f,0.32628653309111066f,-0.19777279674499526f,0.3928332174641815f,-0.8980913005504518f,0.5165217976953494f,0f,0f,0f,1f], start_interpolation: 0, interpolation_duration: 1 }
$data merge entity $(bone_head_upper) { transformation: [-1.0081585615155038f,-0.08104605210227468f,0.24600771301959767f,-0.3537031178814827f,0.15719176227340598f,0.5943087252981556f,0.8399760898331391f,0.3975861139369873f,-0.2058616217265336f,0.8507059533449991f,-0.5633758214788818f,0.4967226247678047f,0f,0f,0f,1f], start_interpolation: 0, interpolation_duration: 1 }
$data merge entity $(bone_neck_0) { transformation: [-0.7829907303749818f,0.031157190379982914f,0.6212525618735731f,-0.3137844981220305f,0.17983163093289703f,0.9674348328224849f,0.17813037011623067f,0.39334296829038107f,-0.5954713264825325f,0.2511952900222384f,-0.7630955547031949f,0.4434944765206709f,0f,0f,0f,1f], start_interpolation: 0, interpolation_duration: 1 }
$data merge entity $(bone_neck_1) { transformation: [-0.7906868468077619f,-0.08168840836750901f,0.6067464991440674f,-0.26276143438302485f,0.12381819936719782f,0.9492411627554955f,0.2891544024151455f,0.4222111767081448f,-0.5995693152510924f,0.3037568416825835f,-0.7404379902060388f,0.38216903030162447f,0f,0f,0f,1f], start_interpolation: 0, interpolation_duration: 1 }
$data merge entity $(bone_neck_2) { transformation: [-0.8657495372682172f,-0.11744556176287292f,0.48650208503363157f,-0.22129006842157556f,0.06006477151286192f,0.9406671625480748f,0.3339723229952769f,0.46067937643327583f,-0.4968601029897405f,0.3183580206716285f,-0.8073278198669159f,0.31455798231877174f,0f,0f,0f,1f], start_interpolation: 0, interpolation_duration: 1 }
$data merge entity $(bone_body_0) { transformation: [-0.9192492157663652f,-0.01047310304057019f,0.39353677518832225f,-0.03591743143606649f,0.043657797828147084f,0.9907680551958842f,0.1283458510905674f,0.5306065989411284f,-0.3912478447246952f,0.13516277193098347f,-0.9103055251300047f,-0.11317800367317268f,0f,0f,0f,1f], start_interpolation: 0, interpolation_duration: 1 }
$data merge entity $(bone_leg_left_3) { transformation: [-0.8687991759552516f,-0.00824630176782093f,0.4950959405677148f,0.3965475067743773f,-0.025947687158542378f,0.9992457626316639f,-0.028889849320937522f,0.021271272091918897f,-0.4944842862929001f,-0.03794607186281726f,-0.868357867609653f,-0.04636176589026411f,0f,0f,0f,1f], start_interpolation: 0, interpolation_duration: 1 }
$data merge entity $(bone_leg_left_2) { transformation: [-0.8519618070942004f,-0.028618805608806842f,0.5704421466888683f,0.4061840071108714f,-0.2684834007588962f,0.9242443929249937f,-0.3546141073961128f,0.2253356145407756f,-0.5041229436064352f,-0.4438642423229533f,-0.7751817797248258f,-0.17456455083737868f,0f,0f,0f,1f], start_interpolation: 0, interpolation_duration: 1 }
$data merge entity $(bone_leg_left_1) { transformation: [-0.7293112894034737f,-0.5992867687644393f,0.3300915205401678f,0.2403943934908747f,0.07245144543592541f,0.41210138398094487f,0.9082528488120664f,0.2876774414293301f,-0.6803350874406582f,0.6863146640607841f,-0.25713099908849013f,0.03907225848090179f,0f,0f,0f,1f], start_interpolation: 0, interpolation_duration: 1 }
$data merge entity $(bone_leg_left_0) { transformation: [-0.7063660674946592f,0.2480905243901133f,0.6629465064392217f,0.20170165129192427f,-0.0551038861928125f,0.9144529315579415f,-0.40092318178366293f,0.6729517960393316f,-0.7056986186883039f,-0.319729460126722f,-0.6322677691520381f,-0.11704891863938949f,0f,0f,0f,1f], start_interpolation: 0, interpolation_duration: 1 }
$data merge entity $(bone_leg_right_3) { transformation: [-0.6536174093705583f,0.01030192208584868f,0.7567550148952149f,-0.14249160334055938f,0.1298985949800815f,0.9865961833175292f,0.09876399184665127f,0.08636137899008325f,-0.7455941504531274f,0.16285527766892222f,-0.64619464663943f,-0.5724203829261514f,0f,0f,0f,1f], start_interpolation: 0, interpolation_duration: 1 }
$data merge entity $(bone_leg_right_2) { transformation: [-0.7330455509275015f,0.21614948721896296f,0.6840948903047511f,-0.06982864449270154f,0.2797341656178359f,0.986745348252445f,-0.012025547345086417f,0.3155646701913578f,-0.6606475734854275f,0.17797532519378945f,-0.7641542820469412f,-0.5535254687957855f,0f,0f,0f,1f], start_interpolation: 0, interpolation_duration: 1 }
$data merge entity $(bone_leg_right_1) { transformation: [-0.8213698888726313f,-0.5562670520204578f,-0.12616842905351022f,-0.23061561352897408f,-0.12635592724842326f,-0.03825345743137998f,0.9912471198665532f,0.2500839139031672f,-0.5562244918219194f,0.8301226655326398f,-0.038867401076385255f,-0.3370232590984686f,0f,0f,0f,1f], start_interpolation: 0, interpolation_duration: 1 }
$data merge entity $(bone_leg_right_0) { transformation: [-0.8132250490959416f,0.17157265745444303f,0.5560825862557859f,-0.11396095928909125f,-0.07254203690279432f,0.9182118541503819f,-0.3893900920410165f,0.6507373875877265f,-0.5774103154645723f,-0.35700114021069745f,-0.7342666501233492f,-0.350280869483551f,0f,0f,0f,1f], start_interpolation: 0, interpolation_duration: 1 }
$data merge entity $(bone_tail_4) { transformation: [-0.7092556515875729f,-1.3449715884248277f,-2.3051397308235093f,-0.08989836874828105f,-1.3314905731655646f,2.2454337635492285f,-0.900456216972477f,0.6412964468933829f,2.3129527893716983f,0.88019314439681f,-1.2252227366052808f,-1.7312343652887272f,0f,0f,0f,1f], start_interpolation: 0, interpolation_duration: 1 }
$data merge entity $(bone_tail_3) { transformation: [-1.1525479982270155f,-0.7001204595548499f,-1.5866347972800952f,0.1859874885018732f,-0.49447140594559663f,1.9586547361787916f,-0.5050892784360196f,0.7077739491198944f,1.6622504824873803f,0.0972033569458354f,-1.250368092568495f,-1.5201693542095875f,0f,0f,0f,1f], start_interpolation: 0, interpolation_duration: 1 }
$data merge entity $(bone_tail_2) { transformation: [-1.664307053488662f,-0.4216136602735958f,-0.9333262174509859f,0.35815980610112874f,-0.31915702985538297f,1.9057256823048072f,-0.2917572434414341f,0.762228457300405f,0.9731365253676147f,-0.09604905141309286f,-1.6919083183555979f,-1.2049505673956344f,0f,0f,0f,1f], start_interpolation: 0, interpolation_duration: 1 }
$data merge entity $(bone_tail_1) { transformation: [-1.5119373492428183f,0.017681990067005663f,-0.03726995025312691f,0.36740820197106877f,0.019336946453437982f,1.510862749615165f,-0.06764676139447197f,0.7582980753351922f,0.03643877696159848f,-0.06809808405949505f,-1.510526767879659f,-0.8791044437877749f,0f,0f,0f,1f], start_interpolation: 0, interpolation_duration: 1 }
$data merge entity $(bone_tail_0) { transformation: [-1.215611939404003f,-0.08738136990590849f,0.38534118071630075f,0.25269388469137966f,-0.03113610491762093f,1.2638750244569488f,0.18837776436865872f,0.7337492700159792f,-0.39389576328392367f,0.169764941408236f,-1.2041020342643978f,-0.5231411129947907f,0f,0f,0f,1f], start_interpolation: 0, interpolation_duration: 1 }
$data merge entity $(bone_body_1) { transformation: [-0.9927945732084068f,-0.21327864963270338f,0.7053196070399844f,0.10308278659201481f,-0.06986682431978518f,1.2053598830518975f,0.2661405159776206f,0.5906857861328125f,-0.7335408354847437f,0.17385156023520879f,-0.9799479949142086f,-0.3070270673805725f,0f,0f,0f,1f], start_interpolation: 0, interpolation_duration: 1 }