# This file was generated by Animated Java via MC-Build. It is not recommended to edit this file directly.
$data merge entity $(bone_head_lower) { transformation: [-0.9801514910674609f,-0.11078093154391078f,0.16440997465025142f,-0.29991771062196126f,-0.05207410161150368f,0.944050669214187f,0.325663356700751f,0.3407125868027992f,-0.19128863661908346f,0.3106379229303934f,-0.9310814885593542f,0.5804997624514128f,0f,0f,0f,1f], start_interpolation: 0, interpolation_duration: 1 }
$data merge entity $(bone_head_upper) { transformation: [-1.0202392786556655f,-0.19213988819525382f,0.07527297148372449f,-0.2993597521274569f,-0.054203910669871846f,0.6158753289645666f,0.83739563996022f,0.4122529273545481f,-0.1991122621532054f,0.8168548127547569f,-0.6136566340577856f,0.5564763395509377f,0f,0f,0f,1f], start_interpolation: 0, interpolation_duration: 1 }
$data merge entity $(bone_neck_0) { transformation: [-0.8404914075888639f,-0.06333771452256598f,0.5381101445692582f,-0.26326486757209444f,0.006445194581764129f,0.9919050448945259f,0.12681814294331772f,0.40435066495718447f,-0.5417865384411956f,0.11005778405840486f,-0.8332794434834332f,0.500983548917963f,0f,0f,0f,1f], start_interpolation: 0, interpolation_duration: 1 }
$data merge entity $(bone_neck_1) { transformation: [-0.8539738013493867f,-0.09612765666629373f,0.5113591890566993f,-0.22038888076794022f,0.06454673993140439f,0.9556224866578605f,0.2874358734710661f,0.433102689379245f,-0.5162968767803128f,0.2784692740998442f,-0.8098718407311123f,0.433659647577247f,0f,0f,0f,1f], start_interpolation: 0, interpolation_duration: 1 }
$data merge entity $(bone_neck_2) { transformation: [-0.9127675511675818f,-0.09218232931022836f,0.39794197529096687f,-0.18642870178553977f,0.04911731601598748f,0.9423662153948934f,0.3309583136131968f,0.4713234740667138f,-0.405515581455166f,0.32163385121166277f,-0.8556335541292384f,0.3618487274083889f,0f,0f,0f,1f], start_interpolation: 0, interpolation_duration: 1 }
$data merge entity $(bone_body_0) { transformation: [-0.9476460658732844f,-0.004788388093852312f,0.31928671311902324f,-0.03599568659979738f,0.03642582453443797f,0.9917397517897101f,0.12298546266559635f,0.5387336222360111f,-0.31723822774355714f,0.12817697164290898f,-0.9396438531691567f,-0.07978085104967195f,0f,0f,0f,1f], start_interpolation: 0, interpolation_duration: 1 }
$data merge entity $(bone_leg_left_3) { transformation: [-0.9085412907525989f,-0.00491232873536715f,0.4177661930123083f,0.3731282268286334f,-0.017465376173884987f,0.9995033430507881f,-0.026230285271106546f,0.018210178175911113f,-0.4174298547453285f,-0.031127740950712135f,-0.9081758530761537f,-0.06627183744562558f,0f,0f,0f,1f], start_interpolation: 0, interpolation_duration: 1 }
$data merge entity $(bone_leg_left_2) { transformation: [-0.9030788737109189f,-0.0320079337143599f,0.4852692443757896f,0.37926320023516447f,-0.22290953923252285f,0.9368774228470511f,-0.3530357366886628f,0.22533874258101172f,-0.43222920386856895f,-0.41629122767540966f,-0.831830348439114f,-0.18968655283564262f,0f,0f,0f,1f], start_interpolation: 0, interpolation_duration: 1 }
$data merge entity $(bone_leg_left_1) { transformation: [-0.7834106594810482f,-0.5196301273238431f,0.3409578704017195f,0.2356149191438893f,0.11819103139758816f,0.4140292712583868f,0.9025578334037234f,0.28759542601565274f,-0.6101627805009442f,0.7473715898525013f,-0.26293932374732565f,0.03944804159960735f,0f,0f,0f,1f], start_interpolation: 0, interpolation_duration: 1 }
$data merge entity $(bone_leg_left_0) { transformation: [-0.7740760191664232f,0.2625727358806823f,0.5760745393814907f,0.20180726796694895f,0.0024361374348212637f,0.9111658061648036f,-0.4120326915554664f,0.6791740341044119f,-0.6330879731805539f,-0.3175412288950476f,-0.7059512633078583f,-0.10137281968742423f,0f,0f,0f,1f], start_interpolation: 0, interpolation_duration: 1 }
$data merge entity $(bone_leg_right_3) { transformation: [-0.7088021322777927f,0.03487876853618823f,0.7045445399574493f,-0.15200074032004718f,0.18361259028505733f,0.9734710852262585f,0.13653008063142202f,0.12218310986318168f,-0.6810917368220422f,0.22613606022439237f,-0.6964025619560315f,-0.5610795051246245f,0f,0f,0f,1f], start_interpolation: 0, interpolation_duration: 1 }
$data merge entity $(bone_leg_right_2) { transformation: [-0.7812154463564829f,0.15962932278027223f,0.6452000505141391f,-0.09363984477419676f,0.2959346562089279f,0.9750784729042327f,0.11707625905343878f,0.3526315603528275f,-0.5951363752361631f,0.2753228114198966f,-0.7887155658938775f,-0.5203537196316076f,0f,0f,0f,1f], start_interpolation: 0, interpolation_duration: 1 }
$data merge entity $(bone_leg_right_1) { transformation: [-0.8341038077663595f,-0.5217580622820917f,-0.17899542539768112f,-0.24250365787309391f,-0.11976374700152818f,-0.14545825443707766f,0.9820888662031925f,0.2586436176886783f,-0.538449145949563f,0.8406012257067885f,0.05883958332985456f,-0.3058328175190563f,0f,0f,0f,1f], start_interpolation: 0, interpolation_duration: 1 }
$data merge entity $(bone_leg_right_0) { transformation: [-0.827198259191821f,0.15053141103351475f,0.5413717154435388f,-0.13128818025436204f,-0.06520448587846375f,0.9312255992143059f,-0.35856276771198925f,0.6610439954295654f,-0.5581141594793542f,-0.3319023616369967f,-0.7604928713199344f,-0.30934452600379436f,0f,0f,0f,1f], start_interpolation: 0, interpolation_duration: 1 }
$data merge entity $(bone_tail_4) { transformation: [-0.7663276232123624f,-1.0158407593902075f,-2.450810245013517f,-0.19648553294742782f,-1.0909695853264045f,2.445996326247038f,-0.6727173756331328f,0.6403901757139094f,2.418302848981993f,0.7815566870979496f,-1.0801119419106768f,-1.7021454299667111f,0f,0f,0f,1f], start_interpolation: 0, interpolation_duration: 1 }
$data merge entity $(bone_tail_3) { transformation: [-1.1074375530483804f,-0.5668773179390181f,-1.6697837280764611f,0.09219542152450805f,-0.37298563632447446f,2.00245345701393f,-0.43244351496239825f,0.694121036147934f,1.7234875419446136f,0.06910705422511047f,-1.1665163667357974f,-1.505023628541914f,0f,0f,0f,1f], start_interpolation: 0, interpolation_duration: 1 }
$data merge entity $(bone_tail_2) { transformation: [-1.6346862169368064f,-0.3714561522353546f,-1.0042883919104677f,0.2775932904682055f,-0.24536539075204558f,1.9139929831158784f,-0.3085458808784424f,0.751753047445905f,1.0422910688385967f,-0.132004024758577f,-1.6477190720112482f,-1.1979769457166036f,0f,0f,0f,1f], start_interpolation: 0, interpolation_duration: 1 }
$data merge entity $(bone_tail_1) { transformation: [-1.5053046098778868f,0.008198843973156466f,-0.14712940031784016f,0.3105917992190077f,0.017979781632808202f,1.5090928094308658f,-0.09985925083082471f,0.7547773660992889f,0.14625665431979504f,-0.10113318684566847f,-1.5020110916985998f,-0.8736643975231454f,0f,0f,0f,1f], start_interpolation: 0, interpolation_duration: 1 }
$data merge entity $(bone_tail_0) { transformation: [-1.24069982429669f,-0.07025911304550332f,0.2992713143758506f,0.22144228789247586f,-0.036222246892017945f,1.2691273504141003f,0.14778171011666882f,0.7422184193541372f,-0.30526645967790766f,0.13496348413171838f,-1.233869102916015f,-0.5098422585765521f,0f,0f,0f,1f], start_interpolation: 0, interpolation_duration: 1 }
$data merge entity $(bone_body_1) { transformation: [-1.0476228171143052f,-0.18869936033597148f,0.6288748520385693f,0.08794793494956873f,-0.0570210199279416f,1.2058800932735796f,0.2668452716259562f,0.5989560498046875f,-0.6540945125928779f,0.19710491397108348f,-1.0304924145963363f,-0.2835436217921855f,0f,0f,0f,1f], start_interpolation: 0, interpolation_duration: 1 }