# This file was generated by Animated Java via MC-Build. It is not recommended to edit this file directly.
$data merge entity $(bone_head_lower) { transformation: [-0.9748952921024154f,-0.1881038169505159f,0.11914748627307678f,-0.26142830192827443f,-0.14807135840136712f,0.9473169643145443f,0.28401662265270816f,0.3494949973276374f,-0.16629504580028853f,0.2592441381603906f,-0.9513876363353458f,0.6139904955711655f,0f,0f,0f,1f], start_interpolation: 0, interpolation_duration: 1 }
$data merge entity $(bone_head_upper) { transformation: [-1.0147681033430327f,-0.23138524337969116f,-0.013360694862643034f,-0.26786006055170886f,-0.15412741526358373f,0.6288847646396484f,0.8149973222359743f,0.4197523611900489f,-0.17309644388391793f,0.7965153887614241f,-0.6473583236233905f,0.5871951266445867f,0f,0f,0f,1f], start_interpolation: 0, interpolation_duration: 1 }
$data merge entity $(bone_neck_0) { transformation: [-0.8610877552809426f,-0.11744977682935277f,0.4947053947835648f,-0.23368681307519118f,-0.07530960288448746f,0.991684679536003f,0.10435497154882523f,0.4104275819737562f,-0.5028482290101142f,0.0526027213774207f,-0.862772630700048f,0.5307152726807798f,0f,0f,0f,1f], start_interpolation: 0, interpolation_duration: 1 }
$data merge entity $(bone_neck_1) { transformation: [-0.8828790610947306f,-0.10286982780606381f,0.45819467697435956f,-0.19534561856830174f,0.03686563742938252f,0.9575176544351879f,0.2860085072543505f,0.43906742054413345f,-0.4681511382635016f,0.26940256118323613f,-0.8415799259550459f,0.46066351113991033f,0f,0f,0f,1f], start_interpolation: 0, interpolation_duration: 1 }
$data merge entity $(bone_neck_2) { transformation: [-0.9338554657090439f,-0.07724167081793865f,0.34921009930212205f,-0.16550843902704293f,0.04505366222467109f,0.9432155681452705f,0.3291117736097267f,0.47713475017251994f,-0.3548015454947877f,0.3230760224740424f,-0.8773469935076214f,0.3869644505887263f,0f,0f,0f,1f], start_interpolation: 0, interpolation_duration: 1 }
$data merge entity $(bone_body_0) { transformation: [-0.9606702528010188f,-0.000645020575996684f,0.27769092410751045f,-0.034639892463400754f,0.03409931008139892f,0.9921552971987156f,0.12027095780985893f,0.5432695209721539f,-0.27559009857975514f,0.12500980037175005f,-0.9531120854211304f,-0.06104282648914072f,0f,0f,0f,1f], start_interpolation: 0, interpolation_duration: 1 }
$data merge entity $(bone_leg_left_3) { transformation: [-0.9298147631378314f,-0.003920349887037156f,0.36800697969970847f,0.3594352762565274f,-0.013678043321125953f,0.9996205305837866f,-0.02391037361260795f,0.017501523383852552f,-0.367773595275468f,-0.02726583378795361f,-0.929515549588066f,-0.07737566437486061f,0f,0f,0f,1f], start_interpolation: 0, interpolation_duration: 1 }
$data merge entity $(bone_leg_left_2) { transformation: [-0.9301536166884834f,-0.0350083810370606f,0.4308722108922693f,0.3631477345940898f,-0.19850206228192377f,0.9427678959207701f,-0.3519201971919798f,0.22607548890669418f,-0.3840226297132128f,-0.40252367281811235f,-0.8617212497030932f,-0.19843015881923878f,0f,0f,0f,1f], start_interpolation: 0, interpolation_duration: 1 }
$data merge entity $(bone_leg_left_1) { transformation: [-0.8132675654378656f,-0.4685446756107035f,0.34505326250251206f,0.23375518901629916f,0.14238496542563114f,0.4147220647032026f,0.8987391894587964f,0.28824107190804343f,-0.5642006634412164f,0.7800458294261775f,-0.2705662864573451f,0.03907014665165398f,0f,0f,0f,1f], start_interpolation: 0, interpolation_duration: 1 }
$data merge entity $(bone_leg_left_0) { transformation: [-0.8105539814926753f,0.26821661779698586f,0.5206362348357223f,0.2024350359170794f,0.033211380859173356f,0.9085873391107262f,-0.41637249115319475f,0.6827389875058888f,-0.5847215125748314f,-0.3202013322040306f,-0.7453669294964497f,-0.09396263563620855f,0f,0f,0f,1f], start_interpolation: 0, interpolation_duration: 1 }
$data merge entity $(bone_leg_right_3) { transformation: [-0.743479606322029f,0.048506623748546765f,0.6669971382515505f,-0.16184539314787388f,0.2007803091043813f,0.9675451321113216f,0.1534395151309946f,0.137314516463756f,-0.6379070014188509f,0.24799904189371857f,-0.7290892488307642f,-0.5473865918214862f,0f,0f,0f,1f], start_interpolation: 0, interpolation_duration: 1 }
$data merge entity $(bone_leg_right_2) { transformation: [-0.8098894307731693f,0.1424987642587037f,0.6130541669439569f,-0.10842657351217594f,0.2970164941064773f,0.9673561501939842f,0.16752755120058802f,0.36752039730749636f,-0.5549076604727162f,0.3098037771998768f,-0.8050846585807485f,-0.4991916315071335f,0f,0f,0f,1f], start_interpolation: 0, interpolation_duration: 1 }
$data merge entity $(bone_leg_right_1) { transformation: [-0.847481793326442f,-0.4929713705047012f,-0.19685994473969218f,-0.24878890586899144f,-0.11964413158308163f,-0.18391893668749482f,0.9756326698637514f,0.2634286838311548f,-0.5171652460847772f,0.8503840618158705f,0.09688681877125377f,-0.28360703905980733f,0f,0f,0f,1f], start_interpolation: 0, interpolation_duration: 1 }
$data merge entity $(bone_leg_right_0) { transformation: [-0.8415013125656937f,0.1348306563217591f,0.5231598561300919f,-0.14059239918193223f,-0.06480675849282798f,0.9361726582947406f,-0.34551532225794424f,0.6666630481396029f,-0.5363540108956648f,-0.32465589164098424f,-0.7790525829614652f,-0.28529284626467905f,0f,0f,0f,1f], start_interpolation: 0, interpolation_duration: 1 }
$data merge entity $(bone_tail_4) { transformation: [-0.9416172491075949f,-0.8805969072213947f,-2.4420416406718295f,-0.22311498663920376f,-0.9789204225889319f,2.526399021874104f,-0.5335579819587344f,0.6440028327409822f,2.404315514657208f,0.683753172472117f,-1.1736310479503185f,-1.7090798904785538f,0f,0f,0f,1f], start_interpolation: 0, interpolation_duration: 1 }
$data merge entity $(bone_tail_3) { transformation: [-1.178084741296624f,-0.49903637029508f,-1.642870831651479f,0.060338658209485974f,-0.3208420289883139f,2.0212909566996817f,-0.38391247289348596f,0.6893202821393695f,1.6867490212841902f,0.03593181781153606f,-1.220463915775485f,-1.5024859325882438f,0f,0f,0f,1f], start_interpolation: 0, interpolation_duration: 1 }
$data merge entity $(bone_tail_2) { transformation: [-1.6552630246288353f,-0.3407037733763168f,-0.981223284021795f,0.24144087617383475f,-0.2091458436762152f,1.9175656576952749f,-0.31300773074067756f,0.7478093740726134f,1.0174164390122369f,-0.16011484077874763f,-1.6607230059202625f,-1.1930469293220771f,0f,0f,0f,1f], start_interpolation: 0, interpolation_duration: 1 }
$data merge entity $(bone_tail_1) { transformation: [-1.502733972965542f,0.006517723808193792f,-0.17147704152905754f,0.27969681970910326f,0.01955883530239995f,1.5080645944551956f,-0.11408278096321416f,0.7539054980005754f,0.1704825752292931f,-0.11556361117171453f,-1.4984114899840235f,-0.8693557229909359f,0f,0f,0f,1f], start_interpolation: 0, interpolation_duration: 1 }
$data merge entity $(bone_tail_0) { transformation: [-1.24993552147268f,-0.06166463588596843f,0.26018143943390437f,0.20217767841740727f,-0.035865847793411856f,1.2711862456610064f,0.1289763016540769f,0.7468916134964587f,-0.26497273389333353f,0.1188222121800236f,-1.2447917290734887f,-0.5027312564610243f,0f,0f,0f,1f], start_interpolation: 0, interpolation_duration: 1 }
$data merge entity $(bone_body_1) { transformation: [-1.078860037940709f,-0.17334253757795606f,0.5784617344793492f,0.07936927813936877f,-0.05056064553448239f,1.2061062897381711f,0.26712512804565824f,0.6035489453125f,-0.6017551285314972f,0.20943872033677954f,-1.0595427234264714f,-0.2705095991891759f,0f,0f,0f,1f], start_interpolation: 0, interpolation_duration: 1 }