# This file was generated by Animated Java via MC-Build. It is not recommended to edit this file directly.
$data merge entity $(bone_head_lower) { transformation: [-0.9612308117652607f,-0.26262065918775523f,0.08405781272961359f,-0.22390692117997055f,-0.23969546257215057f,0.9464906675906448f,0.21610530161506541f,0.36025267373531666f,-0.1363136520507784f,0.18757879819319773f,-0.9727449731214111f,0.6474632619391321f,0f,0f,0f,1f], start_interpolation: 0, interpolation_duration: 1 }
$data merge entity $(bone_head_upper) { transformation: [-1.0005447514536217f,-0.2714093495610601f,-0.09337616340886842f,-0.23674905079171987f,-0.24949890711824216f,0.6550243633608529f,0.7695227880537518f,0.4279324947560353f,-0.1418888236223002f,0.7620708569142758f,-0.6946851901088207f,0.6166415484008585f,0f,0f,0f,1f], start_interpolation: 0, interpolation_duration: 1 }
$data merge entity $(bone_neck_0) { transformation: [-0.8751608400975499f,-0.16982065006242508f,0.453050163637677f,-0.20441468383116226f,-0.1474317367123564f,0.9854484273061808f,0.08458888892611019f,0.41745413410710897f,-0.4608225113530468f,0.00723491065257284f,-0.8874628268824111f,0.5592880051304735f,0f,0f,0f,1f], start_interpolation: 0, interpolation_duration: 1 }
$data merge entity $(bone_neck_1) { transformation: [-0.9074171369094156f,-0.10940203186647261f,0.4057404774811183f,-0.17054714153029948f,0.010876480759589087f,0.9590798793583042f,0.28292664628194203f,0.4458400955786407f,-0.4200902781657829f,0.2611455158212526f,-0.8690956091000845f,0.486867264908026f,0f,0f,0f,1f], start_interpolation: 0, interpolation_duration: 1 }
$data merge entity $(bone_neck_2) { transformation: [-0.9511549457574952f,-0.06400339854337306f,0.3020063478404955f,-0.14471575368572698f,0.04001867676842642f,0.9444557520870495f,0.326192945753568f,0.48366385617152374f,-0.3061090894938608f,0.3223459280409542f,-0.8957624283283236f,0.41154772606997836f,0f,0f,0f,1f], start_interpolation: 0, interpolation_duration: 1 }
$data merge entity $(bone_body_0) { transformation: [-0.9712130059608682f,0.002173778842680371f,0.238202795403407f,-0.03243096151188396f,0.030780608851887062f,0.9927205279398249f,0.11644100448545859f,0.5479989688610403f,-0.23621568781764135f,0.1204210450561635f,-0.9642099982557844f,-0.041733669340013074f,0f,0f,0f,1f], start_interpolation: 0, interpolation_duration: 1 }
$data merge entity $(bone_leg_left_3) { transformation: [-0.9499227519635023f,-0.003135144702455961f,0.31246909634359227f,0.34400691891434015f,-0.010193082838334047f,0.9997284202098145f,-0.02095678618107666f,0.017408313636869704f,-0.31231853349479183f,-0.023092351384888687f,-0.9496967289314938f,-0.08838595185530154f,0f,0f,0f,1f], start_interpolation: 0, interpolation_duration: 1 }
$data merge entity $(bone_leg_left_2) { transformation: [-0.9558446542120717f,-0.038139120000218775f,0.37009269655115895f,0.3450713907948353f,-0.17353808449189229f,0.948213025737447f,-0.3504836523340494f,0.22733465525765106f,-0.3291013973622479f,-0.3892295785884455f,-0.8900869647999409f,-0.20713303627991492f,0f,0f,0f,1f], start_interpolation: 0, interpolation_duration: 1 }
$data merge entity $(bone_leg_left_1) { transformation: [-0.8424497050199169f,-0.41121179142806047f,0.34811400015279487f,0.23167324869824704f,0.16693982537960278f,0.41509262573788464f,0.8943317095799832f,0.28934563893404297f,-0.5122592988068471f,0.8115435753233176f,-0.28104703545378956f,0.03844563733058781f,0f,0f,0f,1f], start_interpolation: 0, interpolation_duration: 1 }
$data merge entity $(bone_leg_left_0) { transformation: [-0.8458469813582219f,0.27288052510284944f,0.4583438699784004f,0.2031515693934718f,0.0646367786998968f,0.9053466372439913f,-0.41972556899752617f,0.6864981189242664f,-0.5294950150534792f,-0.3253977342431715f,-0.7834228383082318f,-0.0871079369383424f,0f,0f,0f,1f], start_interpolation: 0, interpolation_duration: 1 }
$data merge entity $(bone_leg_right_3) { transformation: [-0.7804361096664999f,0.06214066367656399f,0.6221398690378674f,-0.17467836183147556f,0.20906990559290578f,0.9637069339331559f,0.1660081927632752f,0.1475153823747601f,-0.5892446463940019f,0.2596295118182665f,-0.7651034330657627f,-0.5271790576925899f,0f,0f,0f,1f], start_interpolation: 0, interpolation_duration: 1 }
$data merge entity $(bone_leg_right_2) { transformation: [-0.8397103354478838f,0.1358808719662241f,0.5731362322139434f,-0.12398954275733087f,0.29211005883421226f,0.9627265383881072f,0.19972862917423528f,0.3776448767078636f,-0.5114884803889231f,0.3267356736226467f,-0.826852788295764f,-0.47577738918976514f,0f,0f,0f,1f], start_interpolation: 0, interpolation_duration: 1 }
$data merge entity $(bone_leg_right_1) { transformation: [-0.8652262543466894f,-0.4570609114071934f,-0.20610398359280518f,-0.2544592484550833f,-0.12365676388334658f,-0.20384451920019597f,0.9711624049240882f,0.2682971771460259f,-0.4858935413597263f,0.8657613616093446f,0.11985295661450074f,-0.25661050721294465f,0f,0f,0f,1f], start_interpolation: 0, interpolation_duration: 1 }
$data merge entity $(bone_leg_right_0) { transformation: [-0.8604309962148826f,0.11468244072574958f,0.4964941475403807f,-0.14980176989078137f,-0.06864728999715815f,0.9393756354217176f,-0.33594786076427086f,0.6724568434100606f,-0.5049218259579501f,-0.32314293024175667f,-0.8003952750398146f,-0.25961964502297935f,0f,0f,0f,1f], start_interpolation: 0, interpolation_duration: 1 }
$data merge entity $(bone_tail_4) { transformation: [-1.1877458122991122f,-0.7562916315350209f,-2.375488199304727f,-0.23430372928872542f,-0.8666120203672312f,2.5924752170683414f,-0.3920678342346912f,0.6483788497657348f,2.3374996947852096f,0.5768505426508258f,-1.3524052498872148f,-1.7264815371904363f,0f,0f,0f,1f], start_interpolation: 0, interpolation_duration: 1 }
$data merge entity $(bone_tail_3) { transformation: [-1.2933581466965267f,-0.43164824968324084f,-1.5738011370448184f,0.03677880210080761f,-0.2723171382039187f,2.0370617196714886f,-0.33491559016251865f,0.6852339091932657f,1.609041207259341f,-0.0022056379745971698f,-1.321713681001665f,-1.5023461557692925f,0f,0f,0f,1f], start_interpolation: 0, interpolation_duration: 1 }
$data merge entity $(bone_tail_2) { transformation: [-1.6928606437481442f,-0.30710770097253465f,-0.9266507302402337f,0.20771629442203843f,-0.1745061246961656f,1.9202718253778706f,-0.3176123487936865f,0.7446052476728195f,0.9604917117263015f,-0.19239244181121148f,-1.6909212563102325f,-1.1873431369659548f,0f,0f,0f,1f], start_interpolation: 0, interpolation_duration: 1 }
$data merge entity $(bone_tail_1) { transformation: [-1.5017995408423348f,0.006104228952763956f,-0.17949130205846797f,0.24770097922518242f,0.02131890163482771f,1.5069974230226333f,-0.12712403956855267f,0.7535190685014004f,0.17832524655481763f,-0.12875463250708563f,-1.4964219328281476f,-0.8639263071962947f,0f,0f,0f,1f], start_interpolation: 0, interpolation_duration: 1 }
$data merge entity $(bone_tail_0) { transformation: [-1.2573723339656198f,-0.05313349392533915f,0.22366797308770817f,0.1810577931041657f,-0.03400490935987825f,1.272913332477648f,0.11122513530718821f,0.7517341650607565f,-0.2273635777808403f,0.10346108644298008f,-1.2535698319897306f,-0.49510736629964236f,0f,0f,0f,1f], start_interpolation: 0, interpolation_duration: 1 }
$data merge entity $(bone_body_1) { transformation: [-1.1100781280121186f,-0.15621133497934814f,0.5214682766854857f,0.07034566534552582f,-0.04416139784743324f,1.2063070160670175f,0.2673532288637993f,0.6083249462890625f,-0.5425688119543188f,0.22141814936384102f,-1.0886678476390401f,-0.2569214251832989f,0f,0f,0f,1f], start_interpolation: 0, interpolation_duration: 1 }