# This file was generated by Animated Java via MC-Build. It is not recommended to edit this file directly.
$data merge entity $(bone_head_lower) { transformation: [-0.9462522599627666f,-0.3177643244149602f,0.06027018039180525f,-0.18843447184425946f,-0.30896634833582864f,0.9432064510344024f,0.12207123462597752f,0.37235224867804534f,-0.0956371063519818f,0.09688872409207844f,-0.9906897188486559f,0.6804450773541278f,0f,0f,0f,1f], start_interpolation: 0, interpolation_duration: 1 }
$data merge entity $(bone_head_upper) { transformation: [-0.9849535831234689f,-0.2996824778528467f,-0.15339098455817135f,-0.2060438907932811f,-0.32160294324678557f,0.6973296971547525f,0.702691100658442f,0.43635244117211835f,-0.09954862415298356f,0.7123156944203503f,-0.7524416027142633f,0.6445376934784359f,0f,0f,0f,1f], start_interpolation: 0, interpolation_duration: 1 }
$data merge entity $(bone_neck_0) { transformation: [-0.8862021304205422f,-0.21321414916229878f,0.4113216632212428f,-0.17569984134045102f,-0.20325259287417313f,0.9767348752193875f,0.06839127883065896f,0.42498618708632735f,-0.4163342017274321f,-0.022993697553119724f,-0.9089208559301617f,0.5862729255207899f,0f,0f,0f,1f], start_interpolation: 0, interpolation_duration: 1 }
$data merge entity $(bone_neck_1) { transformation: [-0.9282073222007328f,-0.11305372822057151f,0.3544714678903993f,-0.14619227996631431f,-0.010742265805353889f,0.9604639049762774f,0.2781972159513596f,0.45297787976810444f,-0.3719082826965707f,0.25441686613341785f,-0.8927240825073212f,0.5118195454290053f,0f,0f,0f,1f], start_interpolation: 0, interpolation_duration: 1 }
$data merge entity $(bone_neck_2) { transformation: [-0.9650776616239166f,-0.05207894345453011f,0.2567350593183043f,-0.12421024866284545f,0.0348155376806896f,0.9458474372328113f,0.3227390645957311f,0.4905126799348325f,-0.2596401073996811f,0.3204066309063888f,-0.911003076559404f,0.43514582457004514f,0f,0f,0f,1f], start_interpolation: 0, interpolation_duration: 1 }
$data merge entity $(bone_body_0) { transformation: [-0.9795952863203705f,0.004131076566391299f,0.2009378242773474f,-0.02946965192963208f,0.027193217507801272f,0.9933193089758939f,0.11214847006190481f,0.5528304413853771f,-0.19913212684166506f,0.11532425860180134f,-0.9731632501474047f,-0.022403758143733216f,0f,0f,0f,1f], start_interpolation: 0, interpolation_duration: 1 }
$data merge entity $(bone_leg_left_3) { transformation: [-0.9675656914354619f,-0.002377029067542627f,0.25260835791760416f,0.3267971939144872f,-0.007005138268824557f,0.9998236593066422f,-0.01742349931874826f,0.017940620940013585f,-0.2525223966202821f,-0.01862793664064355f,-0.9674117216478523f,-0.09870446535925331f,0f,0f,0f,1f], start_interpolation: 0, interpolation_duration: 1 }
$data merge entity $(bone_leg_left_2) { transformation: [-0.9786312065945704f,-0.041029756905982206f,0.3044005913729238f,0.3251223316730463f,-0.14841872550009827f,0.9531270850400234f,-0.34868731147652765f,0.22910690725596095f,-0.26891456431527894f,-0.37673268813847127f,-0.9153248812786529f,-0.2152251348819573f,0f,0f,0f,1f], start_interpolation: 0, interpolation_duration: 1 }
$data merge entity $(bone_leg_left_1) { transformation: [-0.8693343329498574f,-0.34894573324263156f,0.34999241821272165f,0.22907573168940723f,0.1914667570070166f,0.4150751687241582f,0.8894116511884851f,0.2908856206814289f,-0.4556295628203274f,0.8402079977960063f,-0.2940275870114635f,0.037701389742966857f,0f,0f,0f,1f], start_interpolation: 0, interpolation_duration: 1 }
$data merge entity $(bone_leg_left_0) { transformation: [-0.8780750573152779f,0.27652514790786664f,0.3905355762223256f,0.2037577289872492f,0.09618752896275563f,0.9014646595032285f,-0.42203012562940034f,0.6903700985656986f,-0.4687559631544014f,-0.33300947470193826f,-0.8181519032343132f,-0.08095116704852859f,0f,0f,0f,1f], start_interpolation: 0, interpolation_duration: 1 }
$data merge entity $(bone_leg_right_3) { transformation: [-0.8178891268809693f,0.07442272601978096f,0.5705424033160642f,-0.18965230258038976f,0.20741703651060286f,0.9630640548959448f,0.17171429507335356f,0.15045094682895874f,-0.5366894344917227f,0.2587834693699816f,-0.8031161602693538f,-0.49945187642122585f,0f,0f,0f,1f], start_interpolation: 0, interpolation_duration: 1 }
$data merge entity $(bone_leg_right_2) { transformation: [-0.8695363163758414f,0.13990184240751008f,0.5257340282835145f,-0.13944487017762264f,0.28046618179453014f,0.9646112993566828f,0.20718581400207664f,0.38126830067818374f,-0.4661625412598319f,0.3193974250758605f,-0.8560023186193946f,-0.4507319117293379f,0f,0f,0f,1f], start_interpolation: 0, interpolation_duration: 1 }
$data merge entity $(bone_leg_right_1) { transformation: [-0.8864885378633692f,-0.4140819928828143f,-0.2065772867646943f,-0.25863689624331687f,-0.13331821944192618f,-0.1989478642102117f,0.9708995827020572f,0.27307239443587067f,-0.4431301440905373f,0.8882318675303154f,0.12116032726064963f,-0.2246781737497923f,0f,0f,0f,1f], start_interpolation: 0, interpolation_duration: 1 }
$data merge entity $(bone_leg_right_0) { transformation: [-0.8832148397725351f,0.0887460031559243f,0.4604950528826818f,-0.1585831490541028f,-0.07827761810971492f,0.9402588952918249f,-0.33133943974067814f,0.6783234753771461f,-0.4623896206757294f,-0.3286903660718482f,-0.823503783806067f,-0.23292969686845122f,0f,0f,0f,1f], start_interpolation: 0, interpolation_duration: 1 }
$data merge entity $(bone_tail_4) { transformation: [-1.4783052672876154f,-0.6383589652814647f,-2.2433842068969088f,-0.23111245987152915f,-0.7521118860538663f,2.6446139668590822f,-0.2569163458216794f,0.6524506749977526f,2.207850216651073f,0.4734724166608299f,-1.5896171309768798f,-1.7502857499552302f,0f,0f,0f,1f], start_interpolation: 0, interpolation_duration: 1 }
$data merge entity $(bone_tail_3) { transformation: [-1.436570802948543f,-0.3654579589487594f,-1.4624125048703704f,0.020434951812488028f,-0.2265164104575145f,2.049566905483431f,-0.28967454459265346f,0.6815121518794606f,1.4902684892171838f,-0.04076157789543088f,-1.4537482071728425f,-1.5033848919751673f,0f,0f,0f,1f], start_interpolation: 0, interpolation_duration: 1 }
$data merge entity $(bone_tail_2) { transformation: [-1.7408405863330216f,-0.27110962899381885f,-0.8454274049528516f,0.17624629268212072f,-0.14211118530779204f,1.921926239741767f,-0.32369401447240775f,0.7420384066740917f,0.8763859532129056f,-0.22687655908375126f,-1.7318338727927116f,-1.1808467043041828f,0f,0f,0f,1f], start_interpolation: 0, interpolation_duration: 1 }
$data merge entity $(bone_tail_1) { transformation: [-1.5024280291629972f,0.006459177081887239f,-0.17413944474707116f,0.2150755790685418f,0.022589916661194413f,1.5059260583170218f,-0.13904190931873195f,0.7535287021396455f,0.17278878103231615f,-0.14071686435244013f,-1.4959943352954865f,-0.8573703734426129f,0f,0f,0f,1f], start_interpolation: 0, interpolation_duration: 1 }
$data merge entity $(bone_tail_0) { transformation: [-1.2632719630035238f,-0.044758063029010184f,0.18967440488147863f,0.1585682177284678f,-0.030955657491554427f,1.2743390198938724f,0.09453849072847309f,0.7566544284555985f,-0.1924094887018765f,0.08883971383251507f,-1.2605244188383133f,-0.4868719803959475f,0f,0f,0f,1f], start_interpolation: 0, interpolation_duration: 1 }
$data merge entity $(bone_body_1) { transformation: [-1.139602997988569f,-0.13763681021617852f,0.4593100374531695f,0.06105588383629204f,-0.03788799093141882f,1.2064812813678565f,0.26752946175777725f,0.6131925f,-0.47798964651433307f,0.23251585158595303f,-1.1162736544605056f,-0.24301558488881128f,0f,0f,0f,1f], start_interpolation: 0, interpolation_duration: 1 }