# This file was generated by Animated Java via MC-Build. It is not recommended to edit this file directly.
$data merge entity $(bone_head_lower) { transformation: [-0.9369231266226781f,-0.3494109591943514f,0.009329329797392427f,-0.09293076081479591f,-0.34910170422659276f,0.9340976974655562f,-0.07476290320496481f,0.40310081879699877f,0.017408472238360173f,-0.0733039779577459f,-0.9971576966106694f,0.7604515409266834f,0f,0f,0f,1f], start_interpolation: 0, interpolation_duration: 1 }
$data merge entity $(bone_head_upper) { transformation: [-0.9752428921169096f,-0.2803228634029002f,-0.23193174903956548f,-0.11551684364832505f,-0.363379818470417f,0.7835150069707255f,0.580974426256077f,0.4606324840367341f,0.018120471499379006f,0.6252961447896267f,-0.8319545194344321f,0.7171452729187282f,0f,0f,0f,1f], start_interpolation: 0, interpolation_duration: 1 }
$data merge entity $(bone_neck_0) { transformation: [-0.9389575787447579f,-0.233105989167279f,0.25302225817529594f,-0.09506880207242979f,-0.2272591796985251f,0.9724168892477931f,0.05252293545108247f,0.44831799925178617f,-0.258286528027567f,-0.008184822538670616f,-0.9660336837395862f,0.6548960374656833f,0f,0f,0f,1f], start_interpolation: 0, interpolation_duration: 1 }
$data merge entity $(bone_neck_1) { transformation: [-0.9754479144304862f,-0.08893977112647214f,0.20147228927370064f,-0.07841118925525892f,-0.0361284885997428f,0.9670561254035492f,0.25198647311110384f,0.4741196675344747f,-0.2172466306866765f,0.23852079035473095f,-0.9465261401693251f,0.5758116857038172f,0f,0f,0f,1f], start_interpolation: 0, interpolation_duration: 1 }
$data merge entity $(bone_neck_2) { transformation: [-0.9904273930660822f,-0.024579057609389547f,0.13582874876607956f,-0.06675221648364152f,0.019184714382896356f,0.9499571611962523f,0.31179053645998334f,0.5107355312887298f,-0.13669501014437632f,0.3114117239587999f,-0.940392052488023f,0.49647520437535686f,0f,0f,0f,1f], start_interpolation: 0, interpolation_duration: 1 }
$data merge entity $(bone_body_0) { transformation: [-0.994546653894526f,0.005132821266880281f,0.10416624872310756f,-0.017610157545280017f,0.015535917444819483f,0.994935619948841f,0.0993063312491348f,0.5670162382572425f,-0.1031289896020988f,0.10038309769506713f,-0.9895896347480568f,0.031041594964145658f,0f,0f,0f,1f], start_interpolation: 0, interpolation_duration: 1 }
$data merge entity $(bone_leg_left_3) { transformation: [-0.9979398365784928f,0.0011640901945506113f,0.06414614145613205f,0.2672700270752879f,0.0008877339749299752f,0.9999902030330642f,-0.004336561573557496f,0.022870485520575662f,-0.06415056116731116f,-0.0042706828388972f,-0.9979310931973254f,-0.12101672985404531f,0f,0f,0f,1f], start_interpolation: 0, interpolation_duration: 1 }
$data merge entity $(bone_leg_left_2) { transformation: [-1.0201191787356856f,-0.046556223521757846f,0.09618512737277485f,0.257807799488427f,-0.0761827184000817f,0.9642660519731903f,-0.3412467932888239f,0.23697525956749418f,-0.07493499912256414f,-0.34653383465994125f,-0.9624766214527356f,-0.23165435476269952f,0f,0f,0f,1f], start_interpolation: 0, interpolation_duration: 1 }
$data merge entity $(bone_leg_left_1) { transformation: [-0.9255960510342908f,-0.1496907460377207f,0.34765590870916785f,0.21713695979139522f,0.2610755661242791f,0.41255382888768016f,0.8727192486951355f,0.2975680032439229f,-0.274064771692047f,0.8985499534365272f,-0.34277759859214946f,0.036091397532022354f,0f,0f,0f,1f], start_interpolation: 0, interpolation_duration: 1 }
$data merge entity $(bone_leg_left_0) { transformation: [-0.9441631787231576f,0.280701567494016f,0.17251817860673507f,0.20352229630526303f,0.18636468956777377f,0.8867881915678685f,-0.4229360540059178f,0.7018491767735371f,-0.2717058969284441f,-0.36716935234601444f,-0.8895856182920888f,-0.06724616694542421f,0f,0f,0f,1f], start_interpolation: 0, interpolation_duration: 1 }
$data merge entity $(bone_leg_right_3) { transformation: [-0.916475670165649f,0.08047899942816038f,0.391912588016087f,-0.22221965585172027f,0.14261071142963846f,0.980929657337636f,0.13205753420763383f,0.10855736556425138f,-0.37381082244894587f,0.17691845015856933f,-0.9104753324574657f,-0.3653021880289538f,0f,0f,0f,1f], start_interpolation: 0, interpolation_duration: 1 }
$data merge entity $(bone_leg_right_2) { transformation: [-0.9489394932244234f,0.163203514084863f,0.35346944802913466f,-0.17178120037486122f,0.19258269743450193f,1.0060911829892172f,0.05248462309003414f,0.34439900086510844f,-0.3383606690330899f,0.11492320915465164f,-0.9614400205679866f,-0.367701632494259f,0f,0f,0f,1f], start_interpolation: 0, interpolation_duration: 1 }
$data merge entity $(bone_leg_right_1) { transformation: [-0.9450107045000389f,-0.2572514861857753f,-0.20193177371466425f,-0.24977916484072732f,-0.2068512048363948f,-0.008089827043812003f,0.9783389666961718f,0.28619424661564014f,-0.25331274630004774f,0.9663106268450178f,-0.04556780670952454f,-0.10781336846199045f,0f,0f,0f,1f], start_interpolation: 0, interpolation_duration: 1 }
$data merge entity $(bone_leg_right_0) { transformation: [-0.9491622712230906f,-0.03873578167707192f,0.31239481766586735f,-0.18005454595277787f,-0.15285555059795927f,0.9242615525944636f,-0.34982247361635654f,0.6953404810880142f,-0.2751838722345825f,-0.3797895754408459f,-0.8831951737008321f,-0.15303631509818874f,0f,0f,0f,1f], start_interpolation: 0, interpolation_duration: 1 }
$data merge entity $(bone_tail_4) { transformation: [-2.3256968848081f,-0.31847479861271094f,-1.4544308626546991f,-0.15250093480067278f,-0.4080875964223825f,2.730593499868958f,0.054635004526359235f,0.6572036951628243f,1.4318728453462974f,0.26094879329474957f,-2.346765265985908f,-1.8189572225825543f,0f,0f,0f,1f], start_interpolation: 0, interpolation_duration: 1 }
$data merge entity $(bone_tail_3) { transformation: [-1.8641761123998315f,-0.18471029966686472f,-0.9092167250987369f,0.0034761577569174112f,-0.10780609614231568f,2.0699115408377744f,-0.19947326834838763f,0.6707712806741868f,0.9215046357109924f,-0.13150606202001136f,-1.8626542588627615f,-1.501833002984873f,0f,0f,0f,1f], start_interpolation: 0, interpolation_duration: 1 }
$data merge entity $(bone_tail_2) { transformation: [-1.8835736742810567f,-0.1543616628263154f,-0.497088086366623f,0.09445421736915072f,-0.06367566834375649f,1.9205753871678821f,-0.35511894693002705f,0.7371970390878463f,0.5165941325829323f,-0.3260928307356822f,-1.856224082088812f,-1.1564606021513617f,0f,0f,0f,1f], start_interpolation: 0, interpolation_duration: 1 }
$data merge entity $(bone_tail_1) { transformation: [-1.5086869439893582f,0.008222822928163275f,-0.1070156073624004f,0.11882362369554081f,0.020127533935278743f,1.5029759046785118f,-0.16826931488983188f,0.755015161213229f,0.10542692926257305f,-0.16926920906916668f,-1.4992962840770878f,-0.8318603502136092f,0f,0f,0f,1f], start_interpolation: 0, interpolation_duration: 1 }
$data merge entity $(bone_tail_0) { transformation: [-1.2739421781709261f,-0.02177433662238667f,0.1021416737957555f,0.08844999908877471f,-0.017750515063864592f,1.2770804089191956f,0.0508553335823849f,0.7709722759388391f,-0.10291726034106746f,0.049266865167809475f,-1.2731129290461445f,-0.458638265231139f,0f,0f,0f,1f], start_interpolation: 0, interpolation_duration: 1 }
$data merge entity $(bone_body_1) { transformation: [-1.2063925046468673f,-0.07795647181642111f,0.25912257387198834f,0.033458551987122956f,-0.020470583270405268f,1.2068483977672946f,0.2677732157691159f,0.6274289501953125f,-0.2698197083399912f,0.2569909110546512f,-1.1788798037471304f,-0.2018753859296611f,0f,0f,0f,1f], start_interpolation: 0, interpolation_duration: 1 }