# This file was generated by Animated Java via MC-Build. It is not recommended to edit this file directly.
$data merge entity $(bone_head_lower) { transformation: [-0.9903898219241952f,-0.13735486439482184f,-0.016175347169091844f,-0.026401399584978523f,-0.13786174495890804f,0.9897933642517918f,0.036100351244897855f,0.409505179836658f,0.011051692442587718f,0.03798338202688256f,-0.9992172550471468f,0.7993426358505895f,0f,0f,0f,1f], start_interpolation: 0, interpolation_duration: 1 }
$data merge entity $(bone_head_upper) { transformation: [-1.0308963529784692f,-0.09145891451859511f,-0.11117517238250067f,-0.036439228536507856f,-0.14350023288533367f,0.7170737764313575f,0.7407326271333224f,0.4766264912007099f,0.011503702058617706f,0.7489408579407717f,-0.7227912552939436f,0.7663361509952356f,0f,0f,0f,1f], start_interpolation: 0, interpolation_duration: 1 }
$data merge entity $(bone_neck_0) { transformation: [-0.9935191350760225f,-0.08533152671386737f,0.07508833988358246f,-0.029877754143298026f,-0.0774980937178662f,0.9917933673178168f,0.10168560377203395f,0.46712804860851737f,-0.08314910527413204f,0.09520738990785751f,-0.9919787191260931f,0.700674420159025f,0f,0f,0f,1f], start_interpolation: 0, interpolation_duration: 1 }
$data merge entity $(bone_neck_1) { transformation: [-0.9975197830449374f,-0.02832771535776503f,0.06443464112253781f,-0.02454979657924315f,-0.013036405691921217f,0.9739549510865744f,0.22636652884334285f,0.49079115337752655f,-0.06916888433838184f,0.22496509461816025f,-0.9719086230931515f,0.6193773895526261f,0f,0f,0f,1f], start_interpolation: 0, interpolation_duration: 1 }
$data merge entity $(bone_neck_2) { transformation: [-0.9990392025685855f,-0.0075888609204450815f,0.0431634210999844f,-0.020842656856675496f,0.005884540548583046f,0.9527464648882622f,0.3037096406527977f,0.5267263790788133f,-0.04342860708860599f,0.3036718341118412f,-0.9517864115722046f,0.5389668985516654f,0f,0f,0f,1f], start_interpolation: 0, interpolation_duration: 1 }
$data merge entity $(bone_body_0) { transformation: [-0.9994673689528127f,0.0018845671898379754f,0.03257954580789753f,-0.005470086232517976f,0.004822794151497053f,0.9958988846487024f,0.09034463023358336f,0.5787926462654224f,-0.032275672806530195f,0.09045363432155507f,-0.9953775268625007f,0.07071088674105028f,0f,0f,0f,1f], start_interpolation: 0, interpolation_duration: 1 }
$data merge entity $(bone_leg_left_3) { transformation: [-0.9950559310678629f,0.007508700316896964f,-0.0990318810596849f,0.20846241861658224f,0.0066282276406289045f,0.9999355563204368f,0.009216821821183552f,0.030554857484116432f,0.09909470543380482f,0.008514847367421308f,-0.9950415753772793f,-0.12741482342370006f,0f,0f,0f,1f], start_interpolation: 0, interpolation_duration: 1 }
$data merge entity $(bone_leg_left_2) { transformation: [-1.021021217567867f,-0.04731581786043214f,-0.08566846652720578f,0.1932016406909375f,-0.01708820495764896f,0.970256587099555f,-0.3322233404532925f,0.24642655962592f,0.09636319851608267f,-0.3292803791160615f,-0.9666182107748787f,-0.23389293825261817f,0f,0f,0f,1f], start_interpolation: 0, interpolation_duration: 1 }
$data merge entity $(bone_leg_left_1) { transformation: [-0.9414945352470993f,0.02650949274878699f,0.33598405749983207f,0.20133455908308961f,0.31710317277460814f,0.4073669181040911f,0.8564448446050991f,0.3053574902936343f,-0.11416487163801939f,0.9128797515711351f,-0.3919399714947401f,0.0371686538419265f,0f,0f,0f,1f], start_interpolation: 0, interpolation_duration: 1 }
$data merge entity $(bone_leg_left_0) { transformation: [-0.960927766487281f,0.2759870632727728f,-0.021188876795054837f,0.19968848007697132f,0.25930753840793946f,0.8707820793495931f,-0.41772978204625777f,0.7114117962291612f,-0.09683712159384193f,-0.40690258194028384f,-0.9083242046162538f,-0.05991105371622503f,0f,0f,0f,1f], start_interpolation: 0, interpolation_duration: 1 }
$data merge entity $(bone_leg_right_3) { transformation: [-0.9715520276447738f,0.025997009376138233f,0.23539501499145093f,-0.20373552520222163f,0.03930474694507492f,0.9978723396035235f,0.05201856131972554f,0.05166779258611687f,-0.23354184731416353f,0.05979088022171447f,-0.9705067007472956f,-0.20086844114928604f,0f,0f,0f,1f], start_interpolation: 0, interpolation_duration: 1 }
$data merge entity $(bone_leg_right_2) { transformation: [-0.9984438687246143f,0.10236254960244999f,0.2114094343822081f,-0.1717925009232897f,0.05766269316881256f,1.0017450066315432f,-0.21270673474524357f,0.2785100516688701f,-0.22769948248390592f,-0.19516928454126684f,-0.9808792461607627f,-0.27632243216476693f,0f,0f,0f,1f], start_interpolation: 0, interpolation_duration: 1 }
$data merge entity $(bone_leg_right_1) { transformation: [-0.9523073359494943f,-0.13670346754409232f,-0.27280560818685184f,-0.2134277704219781f,-0.301411860274218f,0.2820857652128702f,0.9108120067007818f,0.30083508002688597f,-0.047556580857039364f,0.949599801508873f,-0.30983639003754393f,-0.0028603998781055323f,0f,0f,0f,1f], start_interpolation: 0, interpolation_duration: 1 }
$data merge entity $(bone_leg_right_0) { transformation: [-0.9656439578503307f,-0.1977457895019184f,0.16860708585765716f,-0.1925140099751691f,-0.2498382257919157f,0.8849607304661802f,-0.3929699307401429f,0.7093397283088093f,-0.07150250065764249f,-0.4215935344227043f,-0.903961439516463f,-0.0864896143936606f,0f,0f,0f,1f], start_interpolation: 0, interpolation_duration: 1 }
$data merge entity $(bone_tail_4) { transformation: [-2.7248664036415966f,-0.09373572860436288f,-0.4381529722463531f,-0.039092025526395166f,-0.12716743168414782f,2.751102527621433f,0.2022984390296136f,0.6505093302146476f,0.4296427099627805f,0.2197949664982572f,-2.718962788652664f,-1.8335082407442291f,0f,0f,0f,1f], start_interpolation: 0, interpolation_duration: 1 }
$data merge entity $(bone_tail_3) { transformation: [-2.064560571907588f,-0.05329693176082662f,-0.26588457652510694f,0.006513725438498673f,-0.03070070326943686f,2.0744915879869006f,-0.17744758165383032f,0.6602973538456637f,0.26943020949369373f,-0.17201632039115522f,-2.0576110598885586f,-1.4829301274697515f,0f,0f,0f,1f], start_interpolation: 0, interpolation_duration: 1 }
$data merge entity $(bone_tail_2) { transformation: [-1.9486410996742098f,-0.046446927493037214f,-0.13933564723255995f,0.030963952835937607f,-0.017152704709668183f,1.9131616390886932f,-0.3978595260181465f,0.7347011296106225f,0.14586817467975247f,-0.39551118903097776f,-1.90815807782523f,-1.1281939600138915f,0f,0f,0f,1f], start_interpolation: 0, interpolation_duration: 1 }
$data merge entity $(bone_tail_1) { transformation: [-1.5122906575651762f,0.005722542161118957f,-0.024504480249553963f,0.037611891422465474f,0.008726911754826911f,1.5007309169340215f,-0.18811381121436857f,0.7568279004295654f,0.023602077288027563f,-0.188229162112532f,-1.500556221698509f,-0.8030126445535719f,0f,0f,0f,1f], start_interpolation: 0, interpolation_duration: 1 }
$data merge entity $(bone_tail_0) { transformation: [-1.277733068057445f,-0.005165704080693229f,0.03474534325469485f,0.027333836925171214f,-0.00470771608610255f,1.2780954885955524f,0.016896035776970814f,0.7827332069422288f,-0.03481035457717306f,0.01676168598544719f,-1.2776317942510529f,-0.42925445000659357f,0f,0f,0f,1f], start_interpolation: 0, interpolation_duration: 1 }
$data merge entity $(bone_body_1) { transformation: [-1.2335211414677658f,-0.024448370099534104f,0.08020265461807527f,0.010334614410630123f,-0.006516887707600605f,1.2070187842365292f,0.2677083856195542f,0.6391934765625f,-0.08359257612322155f,0.26666932098743124f,-1.20436885941037f,-0.16721763189996344f,0f,0f,0f,1f], start_interpolation: 0, interpolation_duration: 1 }