# This file was generated by Animated Java via MC-Build. It is not recommended to edit this file directly.
$data merge entity $(bone_head_lower) { transformation: [-0.998487524352345f,-0.05466225194307685f,-0.005890834001811476f,-0.012107240365499369f,-0.05494344799939492f,0.9959412819941081f,0.07128941255102739f,0.41079601859310666f,0.0019700849380403854f,0.07150525178225997f,-0.9974382776557615f,0.8065829460671368f,0f,0f,0f,1f], start_interpolation: 0, interpolation_duration: 1 }
$data merge entity $(bone_head_upper) { transformation: [-1.0393252480618875f,-0.036283618685247994f,-0.04425460811832691f,-0.016295411807285165f,-0.05719061212946684f,0.6873795629802862f,0.7795578957747751f,0.4799538589520072f,0.0020506605911375132f,0.7808103342013613f,-0.6883334652470452f,0.7766645766486022f,0f,0f,0f,1f], start_interpolation: 0, interpolation_duration: 1 }
$data merge entity $(bone_neck_0) { transformation: [-0.9989132386622374f,-0.03384595508254492f,0.032043610125430444f,-0.013351254742407623f,-0.029794254002966113f,0.9923963755615031f,0.11942251128158106f,0.47157711579844025f,-0.03584193150106414f,0.11833801205421254f,-0.992326292531509f,0.7105896315664201f,0f,0f,0f,1f], start_interpolation: 0, interpolation_duration: 1 }
$data merge entity $(bone_neck_1) { transformation: [-0.9995262981356351f,-0.011261070180277355f,0.02864206056952678f,-0.010976774627810496f,-0.004666140502145529f,0.9753448454976352f,0.22063694045650784f,0.49476125230005186f,-0.03042049421176141f,0.22039877644757733f,-0.9749353685615897f,0.629015159435788f,0f,0f,0f,1f], start_interpolation: 0, interpolation_duration: 1 }
$data merge entity $(bone_neck_2) { transformation: [-0.9998016053609085f,-0.0035265772380227685f,0.019603907027289095f,-0.009293852738188283f,0.0025586060506641037f,0.9533102942695342f,0.301981682184221f,0.5305506161218387f,-0.01975356810370825f,0.3019719293125084f,-0.9531121394959008f,0.5484718815953261f,0f,0f,0f,1f], start_interpolation: 0, interpolation_duration: 1 }
$data merge entity $(bone_body_0) { transformation: [-0.9998911561906533f,0.0007874552773604582f,0.014732809844180593f,-0.002342833210826932f,0.0020884127090497707f,0.9960741813247832f,0.08849781822462988f,0.5817481576541336f,-0.014605283430160015f,0.088518953972294f,-0.9959674093481048f,0.07991943013262795f,0f,0f,0f,1f], start_interpolation: 0, interpolation_duration: 1 }
$data merge entity $(bone_leg_left_3) { transformation: [-0.9901586526610968f,0.009879955542502268f,-0.13960024727356135f,0.1925105571829956f,0.008156985619662166f,0.9998834044005971f,0.012908957737672089f,0.032990907059361974f,0.13971151042760177f,0.011643198991280801f,-0.990123795174769f,-0.12689270527062307f,0f,0f,0f,1f], start_interpolation: 0, interpolation_duration: 1 }
$data merge entity $(bone_leg_left_2) { transformation: [-1.0162037813738427f,-0.04673520039950312f,-0.13117886745133875f,0.1759861187747028f,-0.002150187612122447f,0.9713628261337635f,-0.3294113480124137f,0.24923054959129798f,0.13923882689620112f,-0.3260863084364951f,-0.9624668659416403f,-0.23243147539310793f,0f,0f,0f,1f], start_interpolation: 0, interpolation_duration: 1 }
$data merge entity $(bone_leg_left_1) { transformation: [-0.9406583788739686f,0.07093208593856966f,0.3318590867199517f,0.1963893879352375f,0.3311579747726138f,0.4055046822158884f,0.851997857066256f,0.30761151033987455f,-0.07413642828392814f,0.911336706100108f,-0.404931102924815f,0.03810272889426412f,0f,0f,0f,1f], start_interpolation: 0, interpolation_duration: 1 }
$data merge entity $(bone_leg_left_0) { transformation: [-0.9592324145677683f,0.27376090183846685f,-0.07020073694113349f,0.19805624544381706f,0.27760575248526503f,0.8661135539191639f,-0.4156709731321222f,0.713792837829397f,-0.05299265071289345f,-0.4182131996268231f,-0.9068017967716628f,-0.058443785021819655f,0f,0f,0f,1f], start_interpolation: 0, interpolation_duration: 1 }
$data merge entity $(bone_leg_right_3) { transformation: [-0.9800871777674548f,0.0040196396996180425f,0.19852699179837113f,-0.19050027851680762f,0.010235339480816197f,0.9994886609733034f,0.030292811218267157f,0.040870447581363406f,-0.19830371101302596f,0.03172158701071548f,-0.9796271633208136f,-0.15695663304389396f,0f,0f,0f,1f], start_interpolation: 0, interpolation_duration: 1 }
$data merge entity $(bone_leg_right_2) { transformation: [-1.006420578523724f,0.07133169199972193f,0.18463913003782204f,-0.16660544950792505f,0.01823566543749359f,0.986126978613257f,-0.2815728006357062f,0.2620050633478224f,-0.19709713120874883f,-0.27299738326262407f,-0.9688587869765829f,-0.2502282306632787f,0f,0f,0f,1f], start_interpolation: 0, interpolation_duration: 1 }
$data merge entity $(bone_leg_right_1) { transformation: [-0.9454886612103162f,-0.1173770988932852f,-0.3037660418449035f,-0.2012125251245102f,-0.32561501091045303f,0.355365339801663f,0.876179399402562f,0.3055926248818378f,0.005104526668486534f,0.9273284703507407f,-0.3742136447063977f,0.02164648396931082f,0f,0f,0f,1f], start_interpolation: 0, interpolation_duration: 1 }
$data merge entity $(bone_leg_right_0) { transformation: [-0.9613011675773634f,-0.24080510964187696f,0.13383932301368445f,-0.19487990065176952f,-0.274840801175889f,0.8718099923280175f,-0.4054748713373218f,0.7128590363715992f,-0.0190420383203376f,-0.4265679740057682f,-0.9042550327917567f,-0.0700118299143338f,0f,0f,0f,1f], start_interpolation: 0, interpolation_duration: 1 }
$data merge entity $(bone_tail_4) { transformation: [-2.7554058178352485f,-0.04305587434689667f,-0.17761278761364846f,-0.013163825220706636f,-0.05752144889974825f,2.751650826387694f,0.22532275552281789f,0.6470317108664658f,0.17346871059686939f,0.22852845101681807f,-2.7465150072627886f,-1.8277603689290223f,0f,0f,0f,1f], start_interpolation: 0, interpolation_duration: 1 }
$data merge entity $(bone_tail_3) { transformation: [-2.0794503631650536f,-0.023199241425521346f,-0.10627091970266643f,0.005082818401985078f,-0.014012250719052212f,2.074563995012594f,-0.1786992262759334f,0.6570312586123651f,0.10786737230023095f,-0.177740124448902f,-2.071887691019563f,-1.4747054546789164f,0f,0f,0f,1f], start_interpolation: 0, interpolation_duration: 1 }
$data merge entity $(bone_tail_2) { transformation: [-1.9533070282912692f,-0.019502779767823258f,-0.05463670755119665f,0.013790659146750463f,-0.0075730329014705704f,1.9104042303310125f,-0.4111839015681702f,0.7339184341968686f,0.05751675758751056f,-0.41079093626500224f,-1.9096377940022864f,-1.1197631780910997f,0f,0f,0f,1f], start_interpolation: 0, interpolation_duration: 1 }
$data merge entity $(bone_tail_1) { transformation: [-1.5124789810916246f,0.0033093487128162294f,-0.007254651413932508f,0.01675630574056309f,0.0042082251898746615f,1.5001250994937732f,-0.19303685324193698f,0.7571163112521776f,0.0067729311816964455f,-0.1930543552471551f,-1.500113460150036f,-0.7946020788814379f,0f,0f,0f,1f], start_interpolation: 0, interpolation_duration: 1 }
$data merge entity $(bone_tail_0) { transformation: [-1.2781092006583754f,-0.001861289559432323f,0.016404980268566963f,0.011917472986206552f,-0.0017606504111084198f,1.2781905155807316f,0.00785000468924436f,0.7856673714684266f,-0.016416086213406247f,0.007826753136981121f,-1.278086448810406f,-0.42092663955088083f,0f,0f,0f,1f], start_interpolation: 0, interpolation_duration: 1 }
$data merge entity $(bone_body_1) { transformation: [-1.235828572611398f,-0.010742384106234796f,0.03488460057444219f,0.004530867810888899f,-0.002936911083796922f,1.207044757459326f,0.26765448454956414f,0.6421384228515625f,-0.0363828081215583f,0.267454948972572f,-1.2065441295698713f,-0.15843701922285178f,0f,0f,0f,1f], start_interpolation: 0, interpolation_duration: 1 }