# This file was generated by Animated Java via MC-Build. It is not recommended to edit this file directly.
$data merge entity $(bone_head_lower) { transformation: [-0.8269280484227906f,0.06493831859160823f,-0.5585454480256467f,-0.6780697360367189f,-0.10611112627729721f,0.9574418124888655f,0.26841312296197345f,0.1534453851781305f,0.5522050630081535f,0.28122622650907014f,-0.7848448113554873f,0.09281985975792519f,0f,0f,0f,1f], start_interpolation: 0, interpolation_duration: 1 }
$data merge entity $(bone_head_upper) { transformation: [-0.8607490610499292f,0.28493717659550954f,-0.511266859750319f,-0.7071841385464558f,-0.1104510271290694f,0.8138207180065984f,0.6395063347089419f,0.21577110904390645f,0.5747900199997441f,0.5830768276312406f,-0.6427361733804079f,0.06178258856819352f,0f,0f,0f,1f], start_interpolation: 0, interpolation_duration: 1 }
$data merge entity $(bone_neck_0) { transformation: [-0.9487261681687885f,-0.30591200678011676f,0.07960214783239122f,-0.6967648318154426f,-0.292743618228984f,0.9453122787553468f,0.1438258308530712f,0.2098215589772172f,-0.11924693630433858f,0.11314830861367384f,-0.9863962836709667f,-0.0037977221625883906f,0f,0f,0f,1f], start_interpolation: 0, interpolation_duration: 1 }
$data merge entity $(bone_neck_1) { transformation: [-0.9012042208200931f,-0.3010605797665127f,0.3117586882296957f,-0.6717417275480162f,-0.1354770831522557f,0.8789857593425865f,0.4571979820750452f,0.2526016063025596f,-0.4116757368568207f,0.3697925934677273f,-0.8329324855591875f,-0.07265444767429285f,0f,0f,0f,1f], start_interpolation: 0, interpolation_duration: 1 }
$data merge entity $(bone_neck_2) { transformation: [-0.6821930398172897f,-0.39571154804403674f,0.6148373989677582f,-0.6217516234930169f,-0.05793638622868236f,0.8675037418463708f,0.49404517306953444f,0.30437707262476354f,-0.7288731244706497f,0.30141272140893016f,-0.614731111785678f,-0.12355848462451235f,0f,0f,0f,1f], start_interpolation: 0, interpolation_duration: 1 }
$data merge entity $(bone_body_0) { transformation: [-0.4436128972175377f,-0.1352704603077301f,0.8859511837513383f,-0.2054947731304569f,0.1068889905097537f,0.9735020791769031f,0.20215945574237315f,0.4089278901999439f,-0.8898215220649973f,0.18437896953389657f,-0.4173991548428797f,-0.3185207008966086f,0f,0f,0f,1f], start_interpolation: 0, interpolation_duration: 1 }
$data merge entity $(bone_leg_left_3) { transformation: [-0.008237023922339687f,-0.039348148260253346f,0.9991916105859737f,0.021178843649497407f,-0.04814937153987469f,0.9980820819905768f,0.03890752664551436f,0.02066110859535103f,-0.9988061821280534f,-0.04778996586989146f,-0.010115814595803796f,0.040507870372262895f,0f,0f,0f,1f], start_interpolation: 0, interpolation_duration: 1 }
$data merge entity $(bone_leg_left_2) { transformation: [0.2580894888360155f,-0.1851767692884643f,0.9752751300884002f,0.008555171927773997f,-0.21737226540872248f,0.9726998788635144f,0.2422115674171644f,0.25454423378086555f,-0.9686079255736755f,-0.26763166717615144f,0.20550955389243966f,-0.017028194245807426f,0f,0f,0f,1f], start_interpolation: 0, interpolation_duration: 1 }
$data merge entity $(bone_leg_left_1) { transformation: [0.2678448539179628f,-0.9528441187018719f,-0.14264368084467943f,-0.24807181049542654f,0.18475343346701723f,-0.0945097732758311f,0.9782300708818454f,0.17330774711703822f,-0.9455819917129418f,-0.2883678002319342f,0.1507272660721402f,-0.08453086668657717f,0f,0f,0f,1f], start_interpolation: 0, interpolation_duration: 1 }
$data merge entity $(bone_leg_left_0) { transformation: [0.24092920818636315f,0.4806911027077274f,0.843142443730786f,-0.09995973140886957f,0.13528763425028198f,0.8436180344866893f,-0.5196208886368768f,0.5625706472354519f,-0.9610673091212989f,0.23925859580471665f,0.13822066297012625f,-0.11359089394934085f,0f,0f,0f,1f], start_interpolation: 0, interpolation_duration: 1 }
$data merge entity $(bone_leg_right_3) { transformation: [0.4775898585877725f,-0.0261437574121986f,0.87819384586917f,-0.11637077899360285f,0.009199559569195897f,0.9996511806266878f,0.02475651783676802f,0.012603360128142532f,-0.8785347432389027f,-0.0037444652544129653f,0.47766377704627566f,-0.702464279261052f,0f,0f,0f,1f], start_interpolation: 0, interpolation_duration: 1 }
$data merge entity $(bone_leg_right_2) { transformation: [0.4919708957586037f,0.13642401168945675f,0.8896152686761432f,-0.05784067640531054f,0.2674973723636816f,0.9458697363735777f,-0.29298088178548276f,0.22361481117408805f,-0.8593439317326316f,0.3725333949430952f,0.4181017533414192f,-0.6013729013670687f,0f,0f,0f,1f], start_interpolation: 0, interpolation_duration: 1 }
$data merge entity $(bone_leg_right_1) { transformation: [0.30322387168125015f,-0.8605751276539941f,0.4092257730225997f,-0.3072969531011795f,-0.0762260289050449f,0.4061631383319128f,0.9106157793371136f,0.28414290812701587f,-0.9498657148039402f,-0.3073140978277485f,0.05756013478369376f,-0.7068304812561248f,0f,0f,0f,1f], start_interpolation: 0, interpolation_duration: 1 }
$data merge entity $(bone_leg_right_0) { transformation: [0.35104092477074317f,0.8157485464032018f,0.4597005309733337f,-0.06524756123336853f,-0.04605409068271177f,0.5053916669006506f,-0.8616601904224022f,0.5580755948358982f,-0.935226865454308f,0.2813069001436781f,0.2149817156505751f,-0.5051370167776512f,0f,0f,0f,1f], start_interpolation: 0, interpolation_duration: 1 }
$data merge entity $(bone_tail_4) { transformation: [0.6108310991411349f,-0.8246312890775281f,-2.5636945873087864f,-0.15476894273833125f,-2.5904336886168755f,-0.8986903038613121f,-0.32813164160810354f,0.17776240864464116f,-0.7363423149601007f,2.477498800488105f,-0.9723481991443201f,0.4277917736975334f,0f,0f,0f,1f], start_interpolation: 0, interpolation_duration: 1 }
$data merge entity $(bone_tail_3) { transformation: [0.7853831663320635f,0.13340229099533052f,-1.9238821785244191f,0.1701449332053766f,-1.8226584956384528f,-0.6273798006637278f,-0.7875634069968945f,0.3174434626354877f,-0.6301069880295234f,1.9810461732430122f,-0.11986145819246598f,0.4287297555783418f,0f,0f,0f,1f], start_interpolation: 0, interpolation_duration: 1 }
$data merge entity $(bone_tail_2) { transformation: [1.1084321887027335f,0.7175439415422831f,-1.4405841349974706f,0.43893674376338027f,-1.5377914534244392f,-0.04374099958566919f,-1.205013711844298f,0.5403053592592697f,-0.47470981012108376f,1.8171382148625865f,0.5398455142571752f,0.328455025065906f,0f,0f,0f,1f], start_interpolation: 0, interpolation_duration: 1 }
$data merge entity $(bone_tail_1) { transformation: [1.3863287260994948f,0.5691221580089045f,-0.20456999402317322f,0.47467653412890265f,-0.6028667634984056f,1.2599226400634327f,-0.5803471861950809f,0.6503643080444944f,-0.04796434780449819f,0.6134746615133164f,1.3816672938956078f,0.023682368523774644f,0f,0f,0f,1f], start_interpolation: 0, interpolation_duration: 1 }
$data merge entity $(bone_tail_0) { transformation: [1.0440754697508854f,-0.05770107289095788f,0.7351276870284025f,0.2584627083478066f,0.07855366954924459f,1.2757485447572425f,-0.011431891101372065f,0.684491057257755f,-0.7331926425223079f,0.054515624558817144f,1.0456061936571273f,-0.280552504280147f,0f,0f,0f,1f], start_interpolation: 0, interpolation_duration: 1 }
$data merge entity $(bone_body_1) { transformation: [0.1091736969135893f,-0.4398400838662116f,1.150315782549746f,0.02065675323350135f,-0.014137447638636369f,1.1543031322137276f,0.4427064564608163f,0.5038175f,-1.231456792393763f,-0.05224533129756023f,0.09689782701961701f,-0.29956079791826706f,0f,0f,0f,1f], start_interpolation: 0, interpolation_duration: 1 }