# This file was generated by Animated Java via MC-Build. It is not recommended to edit this file directly.
$data merge entity $(bone_head_lower) { transformation: [-0.8256540486300132f,0.06960558053938726f,-0.5598664618805471f,-0.6771411130754855f,-0.10812704735879217f,0.9544411466736313f,0.2781198287893065f,0.15216395112132028f,0.5537182800037733f,0.2901674700825345f,-0.7805119510267378f,0.09594746789650307f,0f,0f,0f,1f], start_interpolation: 0, interpolation_duration: 1 }
$data merge entity $(bone_head_upper) { transformation: [-0.8594229551964606f,0.28995172897304444f,-0.510678099716868f,-0.706101915910308f,-0.11254939854283037f,0.8070685593422363f,0.6476456716387452f,0.21489851009926617f,0.5763651269399777f,0.5899493859394183f,-0.6350077992124776f,0.06559778089973106f,0f,0f,0f,1f], start_interpolation: 0, interpolation_duration: 1 }
$data merge entity $(bone_neck_0) { transformation: [-0.9547835775094151f,-0.28866135123435f,0.07115437036388905f,-0.6965069114940847f,-0.2737130575395996f,0.9469108032497696f,0.1686448719089904f,0.21052170946325396f,-0.11605809859999489f,0.1415434738602779f,-0.9831052653489957f,-0.00023166358176329727f,0f,0f,0f,1f], start_interpolation: 0, interpolation_duration: 1 }
$data merge entity $(bone_neck_1) { transformation: [-0.9095096796885773f,-0.27905279666602156f,0.3080936208778967f,-0.6716928994295936f,-0.10790149757911563f,0.8742576067693145f,0.4733190296472081f,0.254645639098822f,-0.40143419058790375f,0.39724447595764334f,-0.825255970561966f,-0.06831162012779803f,0f,0f,0f,1f], start_interpolation: 0, interpolation_duration: 1 }
$data merge entity $(bone_neck_2) { transformation: [-0.6933402284830108f,-0.37485635762027475f,0.6154364619672665f,-0.6214461276141223f,-0.025711091781091933f,0.8663736318928932f,0.49873406713412105f,0.3068208232250259f,-0.7201515585809357f,0.32996884869996196f,-0.6103296581037754f,-0.11855047439082148f,0f,0f,0f,1f], start_interpolation: 0, interpolation_duration: 1 }
$data merge entity $(bone_body_0) { transformation: [-0.4565192284998031f,-0.11449562502967978f,0.8823156724545969f,-0.20670477381798152f,0.13736118150696805f,0.9707249908994345f,0.19704034576274598f,0.40893256822626717f,-0.8790461306580871f,0.21114862986142172f,-0.42742736959943267f,-0.3179839361951807f,0f,0f,0f,1f], start_interpolation: 0, interpolation_duration: 1 }
$data merge entity $(bone_leg_left_3) { transformation: [-0.0180862177531666f,-0.046597512917541384f,0.9987499990074014f,0.023688076490690168f,-0.046159432549249264f,0.9978871998732818f,0.04572136388813919f,0.018871060879061097f,-0.9987703417273246f,-0.04527480666949236f,-0.020198919944485888f,0.03971493442733511f,0f,0f,0f,1f], start_interpolation: 0, interpolation_duration: 1 }
$data merge entity $(bone_leg_left_2) { transformation: [0.24840380209669574f,-0.18710617998258933f,0.9774195762398676f,0.010665908764797144f,-0.21562612274283866f,0.9733574407972091f,0.24112832089220007f,0.2528766945547719f,-0.9715261837930517f,-0.26387263851662324f,0.19639323905745765f,-0.017231168352076873f,0f,0f,0f,1f], start_interpolation: 0, interpolation_duration: 1 }
$data merge entity $(bone_leg_left_1) { transformation: [0.25725402288495086f,-0.9555802058723031f,-0.14382919680842238f,-0.2464305846995615f,0.18650180961567192f,-0.09694393194432999f,0.9776599352889801f,0.1709743408982734f,-0.9481758501035497f,-0.2783313568468703f,0.1532782211411371f,-0.08209088754374816f,0f,0f,0f,1f], start_interpolation: 0, interpolation_duration: 1 }
$data merge entity $(bone_leg_left_0) { transformation: [0.23034115681466505f,0.4803807386377016f,0.8462725904950354f,-0.09992631043453246f,0.13696070447304848f,0.8449969920457867f,-0.5169350528488266f,0.5607545580367095f,-0.9634234359343394f,0.2349775082416805f,0.12884430027363586f,-0.11234247451111001f,0f,0f,0f,1f], start_interpolation: 0, interpolation_duration: 1 }
$data merge entity $(bone_leg_right_3) { transformation: [0.4637729360119852f,-0.01662035598945749f,0.8857981867161431f,-0.12336477687255597f,0.003926661655318157f,0.9998527594079365f,0.016704515335083048f,0.013425283064692373f,-0.8859453962581825f,-0.0042688723474800655f,0.4637699123248654f,-0.6971353824303456f,0f,0f,0f,1f], start_interpolation: 0, interpolation_duration: 1 }
$data merge entity $(bone_leg_right_2) { transformation: [0.4792132586325067f,0.1415235100866154f,0.8957611000396661f,-0.06343626297368671f,0.2607040491591196f,0.9488686774255156f,-0.2893852644028142f,0.2252574426120555f,-0.8685909572425609f,0.3628794959683048f,0.4073455779837749f,-0.598612382732868f,0f,0f,0f,1f], start_interpolation: 0, interpolation_duration: 1 }
$data merge entity $(bone_leg_right_1) { transformation: [0.2880621166692233f,-0.8638079053499215f,0.4133474562580835f,-0.31429133879489546f,-0.08295546958361832f,0.40751177207145234f,0.9094242935447383f,0.2860810921285535f,-0.954011848462171f,-0.296260119283994f,0.04573111321218419f,-0.7005221479862307f,0f,0f,0f,1f], start_interpolation: 0, interpolation_duration: 1 }
$data merge entity $(bone_leg_right_0) { transformation: [0.3362478889746471f,0.8224832960872283f,0.4587576536882875f,-0.06780083973494666f,-0.05294219123449549f,0.5028587377416083f,-0.8627457413770334f,0.5599085573585201f,-0.9402842557159956f,0.26580879882804054f,0.21262925696669974f,-0.5041341857192883f,0f,0f,0f,1f], start_interpolation: 0, interpolation_duration: 1 }
$data merge entity $(bone_tail_4) { transformation: [0.5777044793872802f,-0.7861207022231802f,-2.5833956544888754f,-0.14869729469041865f,-2.579454019143334f,-0.9423003126501958f,-0.29008346299754234f,0.1650244374194861f,-0.7989592162439676f,2.473811976265674f,-0.9314396429524298f,0.42355861492976005f,0f,0f,0f,1f], start_interpolation: 0, interpolation_duration: 1 }
$data merge entity $(bone_tail_3) { transformation: [0.7834179138334706f,0.1531002001397981f,-1.9232166354954428f,0.17591097024504065f,-1.8103052984851273f,-0.6593753380788787f,-0.7899141825885172f,0.3054171975319597f,-0.6670806732367033f,1.9691952717531505f,-0.11497340189604376f,0.4237837334713441f,0f,0f,0f,1f], start_interpolation: 0, interpolation_duration: 1 }
$data merge entity $(bone_tail_2) { transformation: [1.1061515537982727f,0.7368103272094974f,-1.432589667961443f,0.44321952493009076f,-1.5278757666196372f,-0.07106027774745585f,-1.2162729766403955f,0.5303729982934425f,-0.5106841066734895f,1.8085449548315538f,0.5358551712423908f,0.324222153205208f,0f,0f,0f,1f], start_interpolation: 0, interpolation_duration: 1 }
$data merge entity $(bone_tail_1) { transformation: [1.3869938921328497f,0.5718027494731964f,-0.19221292589485905f,0.47626680916013286f,-0.5991629186100567f,1.2498376051333928f,-0.605446948755302f,0.6459528765272174f,-0.07005704924451309f,0.6313507951126061f,1.372641407419226f,0.021194356210752774f,0f,0f,0f,1f], start_interpolation: 0, interpolation_duration: 1 }
$data merge entity $(bone_tail_0) { transformation: [1.037354433400386f,-0.05438157399085615f,0.7448316188903835f,0.25729737437023337f,0.08593164821541587f,1.275046909994494f,-0.026586570529171082f,0.6844912436001238f,-0.7418539262709166f,0.0716501103125292f,1.0384386021102339f,-0.2805324940891952f,0f,0f,0f,1f], start_interpolation: 0, interpolation_duration: 1 }
$data merge entity $(bone_body_1) { transformation: [0.10103823482169673f,-0.4409974408129712f,1.1506159773602902f,0.01949958437107737f,-0.002660767712372226f,1.1543967292680528f,0.4426801405378981f,0.5038175f,-1.232229195594532f,-0.03865286157430515f,0.09339036820155032f,-0.2996409019785327f,0f,0f,0f,1f], start_interpolation: 0, interpolation_duration: 1 }