# This file was generated by Animated Java via MC-Build. It is not recommended to edit this file directly.
$data merge entity $(bone_head_lower) { transformation: [-0.8204610654201998f,0.1189134611800439f,-0.5591987382672929f,-0.6713050483373817f,-0.09975213185961315f,0.93334848416214f,0.3448334660407805f,0.1515017833067678f,0.5629326356847799f,0.3387036992157272f,-0.7539142204644829f,0.11192525543657796f,0f,0f,0f,1f], start_interpolation: 0, interpolation_duration: 1 }
$data merge entity $(bone_head_upper) { transformation: [-0.8540175811371088f,0.33710345476118064f,-0.4903949168581432f,-0.6978071244609256f,-0.10383195248928306f,0.7602100883605868f,0.7033999500856959f,0.21703040691976f,0.5859563459290226f,0.6260302108735427f,-0.5900959907698428f,0.08548483296783606f,0f,0f,0f,1f], start_interpolation: 0, interpolation_duration: 1 }
$data merge entity $(bone_neck_0) { transformation: [-0.9766789333472484f,-0.21214102559909315f,0.03308241849450838f,-0.6919089172613019f,-0.19739478108843372f,0.9478254259983947f,0.25032431410075057f,0.21789564577961498f,-0.0844604141283371f,0.23795618733020313f,-0.9675966573715223f,0.019083035041555535f,0f,0f,0f,1f], start_interpolation: 0, interpolation_duration: 1 }
$data merge entity $(bone_neck_1) { transformation: [-0.9381748065942724f,-0.1853879833436749f,0.2923342742539176f,-0.6679984266104119f,-0.005904173504653193f,0.8529485511395368f,0.5219615980550601f,0.266042071237384f,-0.3461115037195762f,0.48796522902839135f,-0.8013094048195387f,-0.046550393918117425f,0f,0f,0f,1f], start_interpolation: 0, interpolation_duration: 1 }
$data merge entity $(bone_neck_2) { transformation: [-0.7351829377069827f,-0.2853791881428621f,0.6148697155328531f,-0.6169252686207787f,0.08968683611254477f,0.858138756986781f,0.5055236346456061f,0.3187314478272227f,-0.6719094578383699f,0.4267980702066301f,-0.6052942158448603f,-0.09540008707662925f,0f,0f,0f,1f], start_interpolation: 0, interpolation_duration: 1 }
$data merge entity $(bone_body_0) { transformation: [-0.5040812346479457f,-0.026541059866925953f,0.8632483310247074f,-0.21033240416163276f,0.24446643755207795f,0.954264378717595f,0.17209199987599275f,0.408928323061537f,-0.8283346363556209f,0.29778359197891163f,-0.47453836784999637f,-0.316211479382364f,0f,0f,0f,1f], start_interpolation: 0, interpolation_duration: 1 }
$data merge entity $(bone_leg_left_3) { transformation: [-0.03715897658991135f,-0.06624518943787022f,0.9971112201430345f,0.028963352632510986f,-0.03897031834560127f,0.9971373874792148f,0.06479463541967753f,0.015528778829078771f,-0.9985492099775719f,-0.036450039334233464f,-0.03963420095952408f,0.03686591206399835f,0f,0f,0f,1f], start_interpolation: 0, interpolation_duration: 1 }
$data merge entity $(bone_leg_left_2) { transformation: [0.22917756041042056f,-0.18850736130426496f,0.9818374712950845f,0.015721277146642954f,-0.20956461423150996f,0.9758678057434007f,0.2362771628326639f,0.2499790561085231f,-0.9775594701945354f,-0.2533953431860147f,0.17952849853244843f,-0.018168504317334175f,0f,0f,0f,1f], start_interpolation: 0, interpolation_duration: 1 }
$data merge entity $(bone_leg_left_1) { transformation: [0.2346749999699123f,-0.9604582882346163f,-0.14982496771417003f,-0.24193277029754012f,0.19253974924976766f,-0.1051486306205539f,0.9756393854480553f,0.16583465526350366f,-0.9528148242696259f,-0.25780543446570836f,0.16025064309383924f,-0.0777293748770309f,0f,0f,0f,1f], start_interpolation: 0, interpolation_duration: 1 }
$data merge entity $(bone_leg_left_0) { transformation: [0.20798589055758135f,0.4760167151378578f,0.8544881252763746f,-0.1004101219236907f,0.14275548835895446f,0.8494654074821935f,-0.5079659358997487f,0.5573129674672125f,-0.967658379735517f,0.22763261717178077f,0.10872282063651248f,-0.10971921132300738f,0f,0f,0f,1f], start_interpolation: 0, interpolation_duration: 1 }
$data merge entity $(bone_leg_right_3) { transformation: [0.43246285733264617f,0.007233311657554309f,0.9016227349785211f,-0.1382607072420734f,-0.005970653617413359f,0.9999688702182675f,-0.0051584774675429435f,0.014504029138724783f,-0.9016319805347769f,-0.003152427139041916f,0.43249258245670397f,-0.6846739396008928f,0f,0f,0f,1f], start_interpolation: 0, interpolation_duration: 1 }
$data merge entity $(bone_leg_right_2) { transformation: [0.44946589653115876f,0.14679430413134137f,0.9102164795424942f,-0.07661069351841804f,0.246221248479577f,0.9567276033593655f,-0.2758796644700334f,0.2286079447444051f,-0.8884918143423126f,0.33939051952807253f,0.38400334712325734f,-0.5923166919361618f,0f,0f,0f,1f], start_interpolation: 0, interpolation_duration: 1 }
$data merge entity $(bone_leg_right_1) { transformation: [0.25408731241617794f,-0.8711516510588371f,0.42016001538293224f,-0.3304987776065231f,-0.09763778662560316f,0.409094206881471f,0.9072534334566466f,0.28968421910570513f,-0.9622403547409434f,-0.2715450805179178f,0.01888832852691623f,-0.6862523887078371f,0f,0f,0f,1f], start_interpolation: 0, interpolation_duration: 1 }
$data merge entity $(bone_leg_right_0) { transformation: [0.30301522205619086f,0.8361449148804851f,0.4572127038061647f,-0.074654365313029f,-0.06796074945597885f,0.49750686662360166f,-0.8647937639667319f,0.5633233798816755f,-0.950559367812247f,0.23097315640972696f,0.20757718873351375f,-0.5019360168021587f,0f,0f,0f,1f], start_interpolation: 0, interpolation_duration: 1 }
$data merge entity $(bone_tail_4) { transformation: [0.4670909512919341f,-0.6641308596949536f,-2.639397199366181f,-0.13089402188375981f,-2.556003895309769f,-1.0270882332488087f,-0.1938947649709261f,0.14064804321748925f,-0.9350569298082799f,2.475819317705289f,-0.7884469390484256f,0.42107469782657436f,0f,0f,0f,1f], start_interpolation: 0, interpolation_duration: 1 }
$data merge entity $(bone_tail_3) { transformation: [0.7706898716576411f,0.21575308167748658f,-1.9223509709507893f,0.19295435070244216f,-1.7849052434281303f,-0.718400809837466f,-0.7962154698648385f,0.2826868793733786f,-0.7457183917213935f,1.942497467235411f,-0.08095181330222098f,0.4157922711574575f,0f,0f,0f,1f], start_interpolation: 0, interpolation_duration: 1 }
$data merge entity $(bone_tail_2) { transformation: [1.0929395764252932f,0.8004021804799105f,-1.4084080753705879f,0.45577296247530463f,-1.5075518272112676f,-0.11929405702329794f,-1.2376713179328624f,0.511624136112502f,-0.5929118362438444f,1.7787352676676493f,0.5507542800560206f,0.3133930829199978f,0f,0f,0f,1f], start_interpolation: 0, interpolation_duration: 1 }
$data merge entity $(bone_tail_1) { transformation: [1.3864568754616702f,0.5851512336319407f,-0.15162986600298237f,0.47992456662437394f,-0.5903983682967493f,1.229457713674074f,-0.6538499422649331f,0.6378605482305415f,-0.12970485417901836f,0.6585499328572877f,1.3554131793427648f,0.013797112867963701f,0f,0f,0f,1f], start_interpolation: 0, interpolation_duration: 1 }
$data merge entity $(bone_tail_0) { transformation: [1.0194521491724002f,-0.04708423398975141f,0.7696337486372338f,0.2538834708806139f,0.09988512835623789f,1.273144609884533f,-0.05441948216628344f,0.6844864330905613f,-0.7645756949217388f,0.1035451293667979f,1.0190869096909156f,-0.2815050395061119f,0f,0f,0f,1f], start_interpolation: 0, interpolation_duration: 1 }
$data merge entity $(bone_body_1) { transformation: [0.08100476437445807f,-0.442963035595957f,1.1514454274087433f,0.016025242121403438f,0.01890342608787277f,1.1542349741404532f,0.4427063134961798f,0.5038175f,-1.2335661651030434f,-0.011400378189011564f,0.08239625444380738f,-0.29989311810287145f,0f,0f,0f,1f], start_interpolation: 0, interpolation_duration: 1 }