# This file was generated by Animated Java via MC-Build. It is not recommended to edit this file directly.
$data merge entity $(bone_head_lower) { transformation: [-0.8354802951454379f,0.14769057846625014f,-0.5293015864854327f,-0.6541238599255418f,-0.08265236187718958f,0.9184754313452994f,0.3867447079032731f,0.1520941774794905f,0.5432690525879545f,0.3668656089733274f,-0.7551611493269602f,0.1456725606167846f,0f,0f,0f,1f], start_interpolation: 0, interpolation_duration: 1 }
$data merge entity $(bone_head_upper) { transformation: [-0.8696510911000968f,0.3528683421548053f,-0.4501809141187986f,-0.6775045453543489f,-0.08603280903948253f,0.7292124662334736f,0.7377801010070535f,0.21930236007366116f,0.5654885304766967f,0.6536092523657551f,-0.5800772446016923f,0.12053573040562535f,0f,0f,0f,1f], start_interpolation: 0, interpolation_duration: 1 }
$data merge entity $(bone_neck_0) { transformation: [-0.985330431704466f,-0.17000108476362097f,-0.014952308727499475f,-0.6753935684187559f,-0.16733278708945376f,0.94520975792147f,0.28031812623323416f,0.22213979847985552f,-0.03352131742586867f,0.27870799182877404f,-0.9597906941457632f,0.053960742805436245f,0f,0f,0f,1f], start_interpolation: 0, interpolation_duration: 1 }
$data merge entity $(bone_neck_1) { transformation: [-0.9603704127213885f,-0.11897460819822561f,0.25205894741791707f,-0.6545889684469166f,0.03686767585341097f,0.8421538414192741f,0.5379755402059909f,0.27159308514245656f,-0.2762778399483344f,0.5259486191509952f,-0.8043933149688923f,-0.011758949089836608f,0f,0f,0f,1f], start_interpolation: 0, interpolation_duration: 1 }
$data merge entity $(bone_neck_2) { transformation: [-0.7766866104798646f,-0.2227509690965732f,0.5891858067433704f,-0.6051527440894579f,0.13752097030299654f,0.8528511569931568f,0.5037190553695144f,0.3240725981446775f,-0.6146917047009999f,0.47225724958116955f,-0.6317651449627523f,-0.062482620392980304f,0f,0f,0f,1f], start_interpolation: 0, interpolation_duration: 1 }
$data merge entity $(bone_body_0) { transformation: [-0.5617366952464619f,0.027787090617888255f,0.8268492987289622f,-0.2151970635113696f,0.28377514551621263f,0.9452744333424979f,0.16102146582450327f,0.408966331727898f,-0.777125184253371f,0.32509094614278716f,-0.5388806219703501f,-0.3133581390995812f,0f,0f,0f,1f], start_interpolation: 0, interpolation_duration: 1 }
$data merge entity $(bone_leg_left_3) { transformation: [-0.03375926687238259f,-0.08755618925859857f,0.9955873771913502f,0.029498964386638064f,-0.029822181127986604f,0.9957998663723143f,0.08656363928145833f,0.017697414178376225f,-0.9989849595529499f,-0.026768262091390303f,-0.03622858997529205f,0.03422141923820489f,0f,0f,0f,1f], start_interpolation: 0, interpolation_duration: 1 }
$data merge entity $(bone_leg_left_2) { transformation: [0.231041740132847f,-0.1792829524508643f,0.9831274265208867f,0.01844984265356303f,-0.2028550693490352f,0.9796385561614993f,0.22631906597082282f,0.2527293071509661f,-0.9785355050566527f,-0.2454141840705397f,0.18520891744515763f,-0.01877856435296607f,0f,0f,0f,1f], start_interpolation: 0, interpolation_duration: 1 }
$data merge entity $(bone_leg_left_1) { transformation: [0.23075503259096494f,-0.9591382599771832f,-0.16372511469497858f,-0.23803031409331626f,0.1991989812503573f,-0.11813484622819931f,0.9728123786092873f,0.16507426841872802f,-0.9524032133517624f,-0.25709522818321784f,0.16379915397417832f,-0.07834289125851991f,0f,0f,0f,1f], start_interpolation: 0, interpolation_duration: 1 }
$data merge entity $(bone_leg_left_0) { transformation: [0.2048701112620529f,0.46227204882058204f,0.862747234357025f,-0.10293890070083091f,0.1490305559799705f,0.8564337610993397f,-0.49427836917423373f,0.558903966654823f,-0.9673769332043094f,0.2298385644935606f,0.10656501947526881f,-0.10925821722057494f,0f,0f,0f,1f], start_interpolation: 0, interpolation_duration: 1 }
$data merge entity $(bone_leg_right_3) { transformation: [0.4200973623509059f,0.0267235766254606f,0.907085473700331f,-0.14261628042933197f,-0.006589012910422059f,0.9996297846782205f,-0.026398456262444164f,0.010767122339128937f,-0.9074551179285275f,0.005113123948920786f,0.4201179178621224f,-0.6772455781737671f,0f,0f,0f,1f], start_interpolation: 0, interpolation_duration: 1 }
$data merge entity $(bone_leg_right_2) { transformation: [0.43555529483798283f,0.12927820082727523f,0.9195873701993486f,-0.08473806185346716f,0.23959416365145406f,0.9656792194398471f,-0.24923980698696874f,0.22779121869118968f,-0.897189178146645f,0.3206446497816609f,0.37986943373169413f,-0.5893722290679577f,0f,0f,0f,1f], start_interpolation: 0, interpolation_duration: 1 }
$data merge entity $(bone_leg_right_1) { transformation: [0.2414661396657175f,-0.876227346297499f,0.4170368580777702f,-0.3400907717143729f,-0.10611874434035642f,0.40333358031324257f,0.9088788891218271f,0.287047399186972f,-0.9645895062121308f,-0.2637189045027737f,0.004407256890018099f,-0.6804605614684849f,0f,0f,0f,1f], start_interpolation: 0, interpolation_duration: 1 }
$data merge entity $(bone_leg_right_0) { transformation: [0.2905881031914062f,0.8398513143296688f,0.45848481338245867f,-0.08144969319639032f,-0.07642804357973418f,0.49800312667095614f,-0.8638006945936809f,0.5617851056486338f,-0.9537910192689985f,0.2159691080795561f,0.2089019768147877f,-0.5017673503056275f,0f,0f,0f,1f], start_interpolation: 0, interpolation_duration: 1 }
$data merge entity $(bone_tail_4) { transformation: [0.40685390901722435f,-0.5496934511539309f,-2.6754379712630008f,-0.1074239901781272f,-2.563860834300959f,-1.0094441758480925f,-0.18248673865230836f,0.14668801808033533f,-0.9416734310019559f,2.510880502374584f,-0.6590838973455192f,0.4489010257862966f,0f,0f,0f,1f], start_interpolation: 0, interpolation_duration: 1 }
$data merge entity $(bone_tail_3) { transformation: [0.740641519644477f,0.307971746692123f,-1.9216006527534708f,0.21539472413445054f,-1.7918718285626993f,-0.6943130614778744f,-0.8019166095729867f,0.28945783932196256f,-0.7593359042127091f,1.9388213692718232f,0.01806124782077493f,0.4268656163965501f,0f,0f,0f,1f], start_interpolation: 0, interpolation_duration: 1 }
$data merge entity $(bone_tail_2) { transformation: [1.0623738723708642f,0.8981708790131169f,-1.3723792123168126f,0.471516311644763f,-1.514778421391128f,-0.0897251031325859f,-1.2313283944417208f,0.5172176527869554f,-0.628953070104848f,1.733208687078226f,0.6474407753957382f,0.3064551361602782f,0f,0f,0f,1f], start_interpolation: 0, interpolation_duration: 1 }
$data merge entity $(bone_tail_1) { transformation: [1.379963789489518f,0.612829871570151f,-0.0882934777265082f,0.48170649223911643f,-0.589647286941305f,1.2349667142647296f,-0.6440726214185298f,0.6412820351415333f,-0.1888710319251942f,0.6220554743505522f,1.3656613672979192f,0.005156503157637937f,0f,0f,0f,1f], start_interpolation: 0, interpolation_duration: 1 }
$data merge entity $(bone_tail_0) { transformation: [1.0032854742778579f,-0.04640502954933965f,0.7906330039402645f,0.24954531644075215f,0.09243778675065661f,1.2741598858618626f,-0.04251537868999046f,0.6844537647065623f,-0.7865807201220493f,0.09054763982036242f,1.0034578278329727f,-0.28589212081963883f,0f,0f,0f,1f], start_interpolation: 0, interpolation_duration: 1 }
$data merge entity $(bone_body_1) { transformation: [0.06758598540919836f,-0.4423220935748885f,1.1525571114561068f,0.011385464719182215f,0.009061507640862573f,1.154429700753071f,0.44250937860648726f,0.5038175f,-1.2344855684501914f,-0.015742509677698153f,0.06634869805433534f,-0.30025689397662997f,0f,0f,0f,1f], start_interpolation: 0, interpolation_duration: 1 }