# This file was generated by Animated Java via MC-Build. It is not recommended to edit this file directly.
$data merge entity $(bone_head_lower) { transformation: [-0.842524775972018f,0.14482262713269964f,-0.5188240631887497f,-0.6509219746439269f,-0.08028737885671469f,0.918657556473552f,0.3868103291412485f,0.15212126596571565f,0.5326405341969562f,0.3675523100246081f,-0.762364322831253f,0.1525685190708987f,0f,0f,0f,1f], start_interpolation: 0, interpolation_duration: 1 }
$data merge entity $(bone_head_upper) { transformation: [-0.8769836882572837f,0.3459367668752028f,-0.44124744354850387f,-0.6738447330855899f,-0.08357109919887981f,0.7293614705068685f,0.7379157535262792f,0.2193429101238928f,0.5544253101120559f,0.6571389055956868f,-0.5867307532788446f,0.1270488365906357f,0f,0f,0f,1f], start_interpolation: 0, interpolation_duration: 1 }
$data merge entity $(bone_neck_0) { transformation: [-0.9853975179818606f,-0.16888285115223325f,-0.02168672732067836f,-0.6721873456342141f,-0.1681431915506929f,0.9451001011129019f,0.2802029015044804f,0.22217493968063065f,-0.026825336723624f,0.27975771921981923f,-0.9596957954719759f,0.060460782634068774f,0f,0f,0f,1f], start_interpolation: 0, interpolation_duration: 1 }
$data merge entity $(bone_neck_1) { transformation: [-0.963226112502314f,-0.1128734183766447f,0.24383405754252313f,-0.652051394367641f,0.03744136122258199f,0.842246463614854f,0.5377908877975458f,0.2716130105595508f,-0.26607066855157047f,0.5271437052192156f,-0.8070476524866896f,-0.005478260875010896f,0f,0f,0f,1f], start_interpolation: 0, interpolation_duration: 1 }
$data merge entity $(bone_neck_2) { transformation: [-0.7827087872814944f,-0.21717540944149843f,0.5832682023274112f,-0.6030790083253055f,0.13827844854339108f,0.8530438281927887f,0.5031851526532005f,0.32404763605101616f,-0.6068327817288424f,0.4745008627137673f,-0.6376542215833948f,-0.056695893083371196f,0f,0f,0f,1f], start_interpolation: 0, interpolation_duration: 1 }
$data merge entity $(bone_body_0) { transformation: [-0.5717868549022497f,0.03143516276689262f,0.8197997457323422f,-0.21641100319139098f,0.28294861255798354f,0.9455099753656602f,0.1610930449632784f,0.4089773484461177f,-0.7700648513031261f,0.3240720861565335f,-0.5495247107834609f,-0.3125976368472022f,0f,0f,0f,1f], start_interpolation: 0, interpolation_duration: 1 }
$data merge entity $(bone_leg_left_3) { transformation: [-0.032690890994714505f,-0.09198155671820545f,0.9952239440797574f,0.02936808828703427f,-0.028012156652657265f,0.9954493171065351f,0.09108224937824674f,0.018472897811340788f,-0.9990728825894729f,-0.024900809140059724f,-0.03511872689223816f,0.03384672678658088f,0f,0f,0f,1f], start_interpolation: 0, interpolation_duration: 1 }
$data merge entity $(bone_leg_left_2) { transformation: [0.23156211422089723f,-0.17603699872304157f,0.9835914608407432f,0.01909074169101907f,-0.2018797091466872f,0.9805943254909972f,0.22302814026575402f,0.2536273880347817f,-0.9786142088653177f,-0.24394250018423516f,0.18673105342033283f,-0.018763290707378498f,0f,0f,0f,1f], start_interpolation: 0, interpolation_duration: 1 }
$data merge entity $(bone_leg_left_1) { transformation: [0.22985353667103484f,-0.9587649397636365f,-0.16714407545542398f,-0.2370887129077847f,0.2001666744761142f,-0.12149832416428252f,0.9721992900915147f,0.1650718411564968f,-0.9524183188646629f,-0.2569201189189009f,0.1639859700880149f,-0.07828965308836905f,0f,0f,0f,1f], start_interpolation: 0, interpolation_duration: 1 }
$data merge entity $(bone_leg_left_0) { transformation: [0.2041686598214162f,0.4588541860000872f,0.8647357945273946f,-0.10358270647020362f,0.14989541003847565f,0.8582723500284266f,-0.4908155857611688f,0.5594420983942582f,-0.9673916086033226f,0.22982908685995201f,0.1064521791087272f,-0.10920122075750552f,0f,0f,0f,1f], start_interpolation: 0, interpolation_duration: 1 }
$data merge entity $(bone_leg_right_3) { transformation: [0.4170369090577075f,0.031529474066267604f,0.9083425062985317f,-0.1436356018256755f,-0.007421046160515815f,0.9994829263082166f,-0.03128590884484733f,0.009589073121723662f,-0.9088592545369593f,0.00630652705291633f,0.4170552519259936f,-0.6750415501537095f,0f,0f,0f,1f], start_interpolation: 0, interpolation_duration: 1 }
$data merge entity $(bone_leg_right_2) { transformation: [0.432117488621884f,0.12468104244937528f,0.921841262464177f,-0.08675398548855023f,0.23727335368746794f,0.9680521210793037f,-0.2421541781684911f,0.22738886752278903f,-0.8994654140975696f,0.31526485377899754f,0.378988443510735f,-0.5884459189258849f,0f,0f,0f,1f], start_interpolation: 0, interpolation_duration: 1 }
$data merge entity $(bone_leg_right_1) { transformation: [0.23836877439236145f,-0.8774488900736801f,0.41624965189553054f,-0.34245848612159074f,-0.10893614994452261f,0.40174210536263966f,0.9092503483717003f,0.28613688280895816f,-0.9650457204868317f,-0.2620815256504367f,0.0001768694193780701f,-0.6788741485652461f,0f,0f,0f,1f], start_interpolation: 0, interpolation_duration: 1 }
$data merge entity $(bone_leg_right_0) { transformation: [0.287537599667822f,0.840747419937824f,0.4587656314995265f,-0.08313372856448725f,-0.0792371234732574f,0.49823358120008776f,-0.8634146030895117f,0.5612602704673123f,-0.9544860433976765f,0.2119128935020886f,0.20987929513561202f,-0.5017722845270787f,0f,0f,0f,1f], start_interpolation: 0, interpolation_duration: 1 }
$data merge entity $(bone_tail_4) { transformation: [0.41896331612711474f,-0.5366755912471296f,-2.6762119462216214f,-0.10132586989117087f,-2.5647390986816783f,-1.0038385873674376f,-0.20020683755966892f,0.1487865360194311f,-0.9339402695211665f,2.5159389364353992f,-0.6507443220613144f,0.4559079341032882f,0f,0f,0f,1f], start_interpolation: 0, interpolation_duration: 1 }
$data merge entity $(bone_tail_3) { transformation: [0.7330953937757931f,0.33090531345075996f,-1.920681739174717f,0.22111260768105107f,-1.7941731216630392f,-0.6869024130701632f,-0.8031521714250285f,0.29169334387955237f,-0.7612223585596182f,1.9376821913030224f,0.04328709253913471f,0.42960630139914213f,0f,0f,0f,1f], start_interpolation: 0, interpolation_duration: 1 }
$data merge entity $(bone_tail_2) { transformation: [1.054494518495998f,0.9221118322089032f,-1.3625435605385285f,0.47540563947832704f,-1.5171106656960514f,-0.08116960242905263f,-1.2290486559431126f,0.5190296701766305f,-0.6365456884591685f,1.7210157290230164f,0.6720776160252583f,0.3046073706267605f,0f,0f,0f,1f], start_interpolation: 0, interpolation_duration: 1 }
$data merge entity $(bone_tail_1) { transformation: [1.377914133175307f,0.6194798517100663f,-0.07248175578045468f,0.4821139829683162f,-0.5897065907930084f,1.2367342810337918f,-0.6406174403582207f,0.642328986096051f,-0.20311333873242024f,0.6118735828920098f,1.3682148735443072f,0.0028973213737544246f,0f,0f,0f,1f], start_interpolation: 0, interpolation_duration: 1 }
$data merge entity $(bone_tail_0) { transformation: [0.9992263369244998f,-0.04626009878364092f,0.7957653218386698f,0.24845652203141955f,0.08995994068042212f,1.2744535279710825f,-0.03887326457688116f,0.6844434913737947f,-0.7920161950700558f,0.086394009552845f,0.9995409638649942f,-0.28710693841308865f,0f,0f,0f,1f], start_interpolation: 0, interpolation_duration: 1 }
$data merge entity $(bone_body_1) { transformation: [0.06431434579814885f,-0.44213613866137397f,1.1528156378495291f,0.010224041161703657f,0.005718356583203728f,1.1544728270190847f,0.44245269479210986f,0.5038175f,-1.234680347449814f,-0.01768393679085342f,0.06209921945591294f,-0.3003529984282624f,0f,0f,0f,1f], start_interpolation: 0, interpolation_duration: 1 }