# This file was generated by Animated Java via MC-Build. It is not recommended to edit this file directly.
$data merge entity $(bone_head_lower) { transformation: [-0.8491374080282426f,0.14143839345100837f,-0.5088819540375503f,-0.6472535160598732f,-0.07829510990259791f,0.9191252517392321f,0.386107041350754f,0.15210191547844482f,0.5223366137390887f,0.3677009008328519f,-0.769389699355464f,0.15975078522938888f,0f,0f,0f,1f], start_interpolation: 0, interpolation_duration: 1 }
$data merge entity $(bone_head_upper) { transformation: [-0.8838667742093445f,0.3387219747148821f,-0.4330345158039086f,-0.6697742398575677f,-0.08149734727465172f,0.7300913812180732f,0.7374257251017132f,0.21930681207201072f,0.5436999636007618f,0.6600802538327017f,-0.5934276288345475f,0.13383215553426536f,0f,0f,0f,1f], start_interpolation: 0, interpolation_duration: 1 }
$data merge entity $(bone_neck_0) { transformation: [-0.9853063752804393f,-0.16830646833418708f,-0.029056488924081775f,-0.668602780234111f,-0.16966899766525884f,0.9450221500012742f,0.2795452865605772f,0.22209807733224862f,-0.019590254285955067f,0.28036773837915485f,-0.9596927389603244f,0.06723205962671815f,0f,0f,0f,1f], start_interpolation: 0, interpolation_duration: 1 }
$data merge entity $(bone_neck_1) { transformation: [-0.9661156689891328f,-0.10711959315650373f,0.23483165650240911f,-0.6492029433385883f,0.03718712679641095f,0.8425543952942788f,0.5373259798026888f,0.2714981830048426f,-0.2554165846892249f,0.5278517630284825f,-0.8100215333763756f,0.001044351307915456f,0f,0f,0f,1f], start_interpolation: 0, interpolation_duration: 1 }
$data merge entity $(bone_neck_2) { transformation: [-0.78902084430753f,-0.21196761651706833f,0.5766418618139908f,-0.6007600868751815f,0.13814383557240975f,0.8533487574011402f,0.5027048626532993f,0.3238937169376721f,-0.5986337677926092f,0.4763041337108074f,-0.6440279374906198f,-0.050714011066681663f,0f,0f,0f,1f], start_interpolation: 0, interpolation_duration: 1 }
$data merge entity $(bone_body_0) { transformation: [-0.5822941137918244f,0.034534363265016244f,0.8122443861285061f,-0.21762337063121112f,0.28128728637536393f,0.9459473423064562f,0.16143447000853334f,0.4089885081430782f,-0.7627653817308294f,0.3224763608967826f,-0.5605336467115869f,-0.31181942632768445f,0f,0f,0f,1f], start_interpolation: 0, interpolation_duration: 1 }
$data merge entity $(bone_leg_left_3) { transformation: [-0.03155262016994348f,-0.09608974286500914f,0.9948724508581728f,0.02914889776498115f,-0.02635725950087192f,0.9951018958315915f,0.09527597695104129f,0.01932809725293f,-0.9991545060860284f,-0.023215904645480928f,-0.03393073443763012f,0.03356433504319172f,0f,0f,0f,1f], start_interpolation: 0, interpolation_duration: 1 }
$data merge entity $(bone_leg_left_2) { transformation: [0.2320928821693989f,-0.17246059514561954f,0.9840998103185542f,0.019721739347859646f,-0.20113822355134214f,0.9815532243780897f,0.2194513208898029f,0.25459671599958056f,-0.9786411541385364f,-0.24263719899406958f,0.18828404231745324f,-0.018693466127898947f,0f,0f,0f,1f], start_interpolation: 0, interpolation_duration: 1 }
$data merge entity $(bone_leg_left_1) { transformation: [0.22896817427402352f,-0.9583771098342547f,-0.17054879218382318f,-0.23615414802574186f,0.20090170230096513f,-0.12490674525797385f,0.9716155674965452f,0.16513152754225202f,-0.9524768139866687f,-0.25673258526100684f,0.16393992339575197f,-0.07816527436366977f,0f,0f,0f,1f], start_interpolation: 0, interpolation_duration: 1 }
$data merge entity $(bone_leg_left_0) { transformation: [0.2034832498957323f,0.45543802156763946f,0.8667010877588799f,-0.10422912238929954f,0.15052524769034997f,0.8601446441874789f,-0.4873328850830343f,0.5600266294809583f,-0.9674382237743296f,0.22962447514616038f,0.10647010657560468f,-0.10916405885751534f,0f,0f,0f,1f], start_interpolation: 0, interpolation_duration: 1 }
$data merge entity $(bone_leg_right_3) { transformation: [0.41397420127353984f,0.03630628724434573f,0.9095642990940586f,-0.14462952545594432f,-0.008480324474603104f,0.9993147596410991f,-0.0360290890844881f,0.008334195401538708f,-0.9102491113847572f,0.007201712989531608f,0.41399841853958363f,-0.6727185350292153f,0f,0f,0f,1f], start_interpolation: 0, interpolation_duration: 1 }
$data merge entity $(bone_leg_right_2) { transformation: [0.4286813320386869f,0.12000093705442688f,0.9240640076143488f,-0.0887648113313586f,0.23472913676088278f,0.9704524705100369f,-0.23491793106774778f,0.22692108726017465f,-0.9017742219745041f,0.3096513799221953f,0.37812891319661385f,-0.5874543779092688f,0f,0f,0f,1f], start_interpolation: 0, interpolation_duration: 1 }
$data merge entity $(bone_leg_right_1) { transformation: [0.23528225282608575f,-0.8786597096261541f,0.41545081078843077f,-0.3448173562680973f,-0.11198612058519931f,0.40009580322514726f,0.9096056601835223f,0.28514226722490843f,-0.9654539710940957f,-0.26053879350551024f,-0.004262250266475837f,-0.6772361917397944f,0f,0f,0f,1f], start_interpolation: 0, interpolation_duration: 1 }
$data merge entity $(bone_leg_right_0) { transformation: [0.2844971433802397f,0.8416295460235054f,0.4590436609612987f,-0.08481534972140606f,-0.08227715428111472f,0.4984992050256486f,-0.8629768319440552f,0.5606877916048452f,-0.9551396993591487f,0.20774563737673235f,0.21106848381283805f,-0.5017913310275663f,0f,0f,0f,1f], start_interpolation: 0, interpolation_duration: 1 }
$data merge entity $(bone_tail_4) { transformation: [0.43119053804345786f,-0.5235417081075315f,-2.676871332614559f,-0.095123655640374f,-2.565617446715066f,-0.9978456108057427f,-0.2181114066411418f,0.15109545184673004f,-0.9259282740110361f,2.521084994296615f,-0.6422216241449525f,0.46291444203707305f,0f,0f,0f,1f], start_interpolation: 0, interpolation_duration: 1 }
$data merge entity $(bone_tail_3) { transformation: [0.7255455795465469f,0.3538181555518952f,-1.9194639488270588f,0.22688410954326f,-1.7966584464342177f,-0.6790273126446041f,-0.8042921493982599f,0.2941184938040988f,-0.7625926598791072f,1.9364090857897116f,0.0686863422669036f,0.4323184935231271f,0f,0f,0f,1f], start_interpolation: 0, interpolation_duration: 1 }
$data merge entity $(bone_tail_2) { transformation: [1.0465311145298561f,0.945868390939542f,-1.3523607094060064f,0.47928393599826147f,-1.5196247657278632f,-0.0722426695704843f,-1.226497225061126f,0.5209807798236515f,-0.6436513595963351f,1.7084753023434518f,0.6968492976067476f,0.3027063229656968f,0f,0f,0f,1f], start_interpolation: 0, interpolation_duration: 1 }
$data merge entity $(bone_tail_1) { transformation: [1.3756996111933164f,0.6260165940254536f,-0.056657336394589995f,0.4825092517599547f,-0.5898645844829895f,1.238618881379715f,-0.6368196673017983f,0.6434399710035824f,-0.21717873223515569f,0.6013175040645611f,1.3707322523273089f,0.0005970367253982367f,0f,0f,0f,1f], start_interpolation: 0, interpolation_duration: 1 }
$data merge entity $(bone_tail_0) { transformation: [0.9951490856769348f,-0.046136883626564006f,0.8008654080615651f,0.2473644004929245f,0.08727409930528265f,1.2747522525044546f,-0.03500918321381227f,0.6844325106525521f,-0.7974316556613738f,0.08193777692905464f,0.9956026676566874f,-0.28836389820615127f,0f,0f,0f,1f], start_interpolation: 0, interpolation_duration: 1 }
$data merge entity $(bone_body_1) { transformation: [0.061058508369776186f,-0.4419522639680554f,1.153063159582084f,0.009061989022156082f,0.0020794295763999883f,1.1545070119234242f,0.4423955588029032f,0.5038175f,-1.2348571292196295f,-0.019908562213441162f,0.05775910856565203f,-0.3004510989253559f,0f,0f,0f,1f], start_interpolation: 0, interpolation_duration: 1 }