# This file was generated by Animated Java via MC-Build. It is not recommended to edit this file directly.
$data merge entity $(bone_head_lower) { transformation: [-0.8823665202195957f,0.11185142773525797f,-0.457076122882333f,-0.6174562732813565f,-0.07456506014084235f,0.9258323095857669f,0.3705058519555084f,0.15174193492180726f,0.46461745103015006f,0.36100386790264294f,-0.8085832248801463f,0.20621323470426337f,0f,0f,0f,1f], start_interpolation: 0, interpolation_duration: 1 }
$data merge entity $(bone_head_upper) { transformation: [-0.9184549432438606f,0.2896331239917136f,-0.39500014341924505f,-0.6384680219734009f,-0.07761474003182775f,0.7427558296772323f,0.7250942505590464f,0.21838231426282054f,0.48362011118667864f,0.6692521001467191f,-0.6337863654958962f,0.17769968090988184f,0f,0f,0f,1f], start_interpolation: 0, interpolation_duration: 1 }
$data merge entity $(bone_neck_0) { transformation: [-0.981248464008239f,-0.17423040894128683f,-0.0824331030692349f,-0.6406531488508594f,-0.19017024039036629f,0.9448230446926131f,0.26672962694018554f,0.2203547512591797f,0.03141228344678909f,0.277404359767348f,-0.960239600115891f,0.11109584493085065f,0f,0f,0f,1f], start_interpolation: 0, interpolation_duration: 1 }
$data merge entity $(bone_neck_1) { transformation: [-0.982469191111619f,-0.07915798857454398f,0.16878477822751942f,-0.6267195337933886f,0.022631425332321486f,0.8480373413328997f,0.5294530066894082f,0.26911317202333834f,-0.18504622963980688f,0.5239911073194461f,-0.8313791026639006f,0.04308108461702813f,0f,0f,0f,1f], start_interpolation: 0, interpolation_duration: 1 }
$data merge entity $(bone_neck_2) { transformation: [-0.8299620710032917f,-0.18743027097302964f,0.525388289000529f,-0.5825266387615201f,0.12301517271818463f,0.8571729902239408f,0.5001217172965626f,0.3213198446788083f,-0.5440865997036153f,0.47971278735668943f,-0.6883643030179829f,-0.012528103050905737f,0f,0f,0f,1f], start_interpolation: 0, interpolation_duration: 1 }
$data merge entity $(bone_body_0) { transformation: [-0.6507617370733313f,0.043223029506460675f,0.758050744529404f,-0.22484841217026807f,0.2576311391666245f,0.9517194293253053f,0.16690213892105277f,0.40904651408288967f,-0.7142376059078712f,0.3039110027047369f,-0.6304781873641574f,-0.3067749762729145f,0f,0f,0f,1f], start_interpolation: 0, interpolation_duration: 1 }
$data merge entity $(bone_leg_left_3) { transformation: [-0.03300792140406561f,-0.0965733004103143f,0.9947784048583094f,0.017535870142789588f,-0.025490759120756795f,0.9950783355777963f,0.09575660427965321f,0.02436146547847473f,-0.9991299706865122f,-0.022196930228790785f,-0.035307194229896144f,0.036012505985228205f,0f,0f,0f,1f], start_interpolation: 0, interpolation_duration: 1 }
$data merge entity $(bone_leg_left_2) { transformation: [0.22260677330680798f,-0.12869578927905195f,0.9929480438575161f,0.018568957935015562f,-0.2118169443278038f,0.9881172603756305f,0.1755564335024059f,0.2597870361187877f,-0.9785918485631576f,-0.24315401101008913f,0.18787314964129903f,-0.016378385248956587f,0f,0f,0f,1f], start_interpolation: 0, interpolation_duration: 1 }
$data merge entity $(bone_leg_left_1) { transformation: [0.21883906243464374f,-0.9606475635148073f,-0.17107227556150284f,-0.23769424956364898f,0.19048824302642842f,-0.12988852455044564f,0.9730586829471348f,0.16909930702634557f,-0.9569867783942632f,-0.2455305070722839f,0.15456738360791616f,-0.07222003578256717f,0f,0f,0f,1f], start_interpolation: 0, interpolation_duration: 1 }
$data merge entity $(bone_leg_left_0) { transformation: [0.1934673956042449f,0.453256242143672f,0.8701316830203965f,-0.10806973305004701f,0.13980911575870175f,0.865100236198278f,-0.48172086573082273f,0.5642372570569061f,-0.9710941138678993f,0.21484962249787698f,0.10399933520767918f,-0.10924386228273081f,0f,0f,0f,1f], start_interpolation: 0, interpolation_duration: 1 }
$data merge entity $(bone_leg_right_3) { transformation: [0.40282155294017363f,0.036474880795373296f,0.9145514635917606f,-0.13341376179491177f,-0.008468464406990324f,0.9993113853215454f,-0.0361253412070074f,-0.0017520368262405883f,-0.9152393575439457f,0.006807219527712516f,0.402853050335786f,-0.6564839571738559f,0f,0f,0f,1f], start_interpolation: 0, interpolation_duration: 1 }
$data merge entity $(bone_leg_right_2) { transformation: [0.40883789387569475f,0.06068845384501711f,0.9387388814797664f,-0.09089039737640586f,0.22614219399720606f,0.9872067064854396f,-0.16231089385804212f,0.22299744737508018f,-0.9131119778680546f,0.2716652899079448f,0.38011404293161316f,-0.5799953639341648f,0f,0f,0f,1f], start_interpolation: 0, interpolation_duration: 1 }
$data merge entity $(bone_leg_right_1) { transformation: [0.22800662538279187f,-0.8943494057661237f,0.38490533795640364f,-0.34973022378568264f,-0.1289420891292251f,0.3641009024619703f,0.9223906279214735f,0.2704241821868811f,-0.9650838908781673f,-0.2599416727501787f,-0.03230186272178212f,-0.6681204724406073f,0f,0f,0f,1f], start_interpolation: 0, interpolation_duration: 1 }
$data merge entity $(bone_leg_right_0) { transformation: [0.27655759182049944f,0.8308434102211322f,0.4829235199268776f,-0.09498399815350482f,-0.09777167823445672f,0.5242418441552192f,-0.8459380519706821f,0.5564916755994038f,-0.9560107726075392f,0.18673434748019443f,0.2262160165184643f,-0.5020571462566217f,0f,0f,0f,1f], start_interpolation: 0, interpolation_duration: 1 }
$data merge entity $(bone_tail_4) { transformation: [0.5067224554756145f,-0.4405949198944279f,-2.6785760771872775f,-0.05524606395966619f,-2.569395379179985f,-0.9570039782603458f,-0.3286519475713085f,0.1685705889197532f,-0.87584306252051f,2.5525831688227307f,-0.5855590727480878f,0.5043494906824546f,0f,0f,0f,1f], start_interpolation: 0, interpolation_duration: 1 }
$data merge entity $(bone_tail_3) { transformation: [0.680207706638721f,0.49191308135855205f,-1.905592958179178f,0.2630583265380845f,-1.8142891248219253f,-0.624560432906927f,-0.8088416181456344f,0.31183205147681414f,-0.7626388223967016f,1.924549638767442f,0.22458014279523006f,0.4474357685178225f,0f,0f,0f,1f], start_interpolation: 0, interpolation_duration: 1 }
$data merge entity $(bone_tail_2) { transformation: [0.9970644408439676f,1.0851940919784115f,-1.2833511438972707f,0.5026260005597879f,-1.5376316204421172f,-0.0133825599450999f,-1.2059368896872844f,0.5348729069113721f,-0.6784728260025094f,1.6250995553587615f,0.847053678671961f,0.2898553435279396f,0f,0f,0f,1f], start_interpolation: 0, interpolation_duration: 1 }
$data merge entity $(bone_tail_1) { transformation: [1.3589602085775219f,0.6628220109334306f,0.03937490730276838f,0.4847523330672542f,-0.5927192106716237f,1.2513840321585619f,-0.6085870450144228f,0.6511034392156424f,-0.29927802927001773f,0.5313767362999092f,1.3840981451167083f,-0.014196744722512089f,0f,0f,0f,1f], start_interpolation: 0, interpolation_duration: 1 }
$data merge entity $(bone_tail_0) { transformation: [0.9698321374043437f,-0.046124233667248195f,0.8313446318527347f,0.2407010494714268f,0.06789349003419386f,1.2763838910290568f,-0.008387688390104706f,0.6843559336801258f,-0.829850478009579f,0.0505216228377688f,0.9708920982051193f,-0.2966948046944343f,0f,0f,0f,1f], start_interpolation: 0, interpolation_duration: 1 }
$data merge entity $(bone_body_1) { transformation: [0.04115611464981111f,-0.4411914679226588f,1.1542360494783688f,0.0020747125167002757f,-0.024360728764163803f,1.1543619375819072f,0.4421082073570606f,0.5038175f,-1.235442157357948f,-0.037459321278480805f,0.029733316806994613f,-0.30108423323666716f,0f,0f,0f,1f], start_interpolation: 0, interpolation_duration: 1 }