# This file was generated by Animated Java via MC-Build. It is not recommended to edit this file directly.
$data merge entity $(bone_head_lower) { transformation: [-0.8606749234016657f,0.07754963318309704f,-0.5032143982645013f,-0.5634187397224047f,-0.114292327190635f,0.9336840511347689f,0.339369056635863f,0.15362769846912827f,0.49616120381674933f,0.3495999814784515f,-0.7947351211424977f,0.26244509630583895f,0f,0f,0f,1f], start_interpolation: 0, interpolation_duration: 1 }
$data merge entity $(bone_head_upper) { transformation: [-0.8958761691542425f,0.2750247516826385f,-0.45303335206906065f,-0.5887521629703913f,-0.11896683575092899f,0.7627094573071762f,0.6982786824106204f,0.2188546997491182f,0.5164539903190195f,0.6527691875997236f,-0.6250116848407444f,0.23417651900956465f,0f,0f,0f,1f], start_interpolation: 0, interpolation_duration: 1 }
$data merge entity $(bone_neck_0) { transformation: [-0.9681012127307311f,-0.19498352772129784f,-0.15735776379526273f,-0.5954494450698053f,-0.22888582666832238f,0.943708581545998f,0.23879989838104965f,0.2190517479289066f,0.10193782546065308f,0.26719943307162675f,-0.9582343881882734f,0.16784520032229147f,0f,0f,0f,1f], start_interpolation: 0, interpolation_duration: 1 }
$data merge entity $(bone_neck_1) { transformation: [-0.9960083161236395f,-0.053570332921238556f,0.07139785461244585f,-0.589647901514766f,-0.009656485108723134f,0.8598552355888401f,0.5104465947832406f,0.26625451970705694f,-0.08873661311937309f,0.5077196010212413f,-0.856940266431059f,0.09759011315153865f,0f,0f,0f,1f], start_interpolation: 0, interpolation_duration: 1 }
$data merge entity $(bone_neck_2) { transformation: [-0.8798219948672757f,-0.16568659948960623f,0.4454898518455141f,-0.552241824682338f,0.08723760934833524f,0.8650607927834689f,0.4940237082408333f,0.3180041875511115f,-0.46722891270013944f,0.4735163941601256f,-0.7466454095476902f,0.036814396881163336f,0f,0f,0f,1f], start_interpolation: 0, interpolation_duration: 1 }
$data merge entity $(bone_body_0) { transformation: [-0.7377950410209293f,0.03936162531146975f,0.6738762051725561f,-0.2342715275371583f,0.21003425710272683f,0.9621298467187798f,0.17375778801597147f,0.4090610709036385f,-0.6415170210432698f,0.2697347224695721f,-0.7181219194579928f,-0.29906421040226494f,0f,0f,0f,1f], start_interpolation: 0, interpolation_duration: 1 }
$data merge entity $(bone_leg_left_3) { transformation: [-0.04697066493311966f,-0.06311318782500823f,0.996900437435106f,-0.01085582391052202f,-0.03531409911902842f,0.9974830140346631f,0.061486186381456254f,0.03199390335238242f,-0.9982718422549802f,-0.03231659380084741f,-0.049081225799270795f,0.044525135740663795f,0f,0f,0f,1f], start_interpolation: 0, interpolation_duration: 1 }
$data merge entity $(bone_leg_left_2) { transformation: [0.1902970691581965f,-0.03844929730025213f,1.0071598068368355f,0.011602672689016658f,-0.24450890988849f,0.9925755798159889f,0.08409108655969336f,0.26558129526964036f,-0.977785568494257f,-0.25569037797845345f,0.17498574843195872f,-0.011184992008224502f,0f,0f,0f,1f], start_interpolation: 0, interpolation_duration: 1 }
$data merge entity $(bone_leg_left_1) { transformation: [0.1955951980133575f,-0.9697339676132422f,-0.14614564848532002f,-0.24798812559096856f,0.15823585761781356f,-0.11586405627210095f,0.9805798967081316f,0.17894700538361258f,-0.9678346614365858f,-0.21492220108973076f,0.13078423299723405f,-0.0572339108236468f,0f,0f,0f,1f], start_interpolation: 0, interpolation_duration: 1 }
$data merge entity $(bone_leg_left_0) { transformation: [0.16897345264246155f,0.47386794293453516f,0.8642321128962278f,-0.11263857211277313f,0.10762971582071232f,0.8627255495125773f,-0.4940854890508061f,0.5704174540212774f,-0.979726398835123f,0.17650438769960858f,0.0947754427494155f,-0.10956616456005308f,0f,0f,0f,1f], start_interpolation: 0, interpolation_duration: 1 }
$data merge entity $(bone_leg_right_3) { transformation: [0.39227062733945983f,-0.002060270284331471f,0.9198475472669707f,-0.09586804861021499f,0.0009253431091099187f,0.9999978695298474f,0.001845176386147035f,-0.0140826471957059f,-0.9198493891213045f,0.00012736609074942042f,0.3922716980755072f,-0.631998528882941f,0f,0f,0f,1f], start_interpolation: 0, interpolation_duration: 1 }
$data merge entity $(bone_leg_right_2) { transformation: [0.3796741451694319f,-0.06104302086115224f,0.9508856359177482f,-0.08129948107412349f,0.22339519251767814f,1.0007667709644628f,-0.024953107903536467f,0.218076900815526f,-0.9262852319618106f,0.2163372812027576f,0.38373955922206965f,-0.5682743327469171f,0f,0f,0f,1f], start_interpolation: 0, interpolation_duration: 1 }
$data merge entity $(bone_leg_right_1) { transformation: [0.23069087824468673f,-0.923273037061058f,0.30716220101234043f,-0.34382029122260366f,-0.1478139644088924f,0.27876056973416014f,0.9489170546929867f,0.24053662671760134f,-0.9617342411604268f,-0.26430937137668165f,-0.07216512718787053f,-0.6554051000518989f,0f,0f,0f,1f], start_interpolation: 0, interpolation_duration: 1 }
$data merge entity $(bone_leg_right_0) { transformation: [0.27692456988120107f,0.7920453732493072f,0.5440375991698347f,-0.10932517445850727f,-0.11292425756426054f,0.5890822345838879f,-0.800143882655622f,0.5500965087612393f,-0.9542331448077417f,0.160144458574186f,0.2525724801681855f,-0.5021341040762255f,0f,0f,0f,1f], start_interpolation: 0, interpolation_duration: 1 }
$data merge entity $(bone_tail_4) { transformation: [0.6107490642722484f,-0.3112094379108935f,-2.6750318872577505f,0.007326222252471426f,-2.564102969691879f,-0.9058720578658681f,-0.48003448542281185f,0.1969037930627554f,-0.8234214430702299f,2.5900204308331327f,-0.4893185328179352f,0.5548527473809549f,0f,0f,0f,1f], start_interpolation: 0, interpolation_duration: 1 }
$data merge entity $(bone_tail_3) { transformation: [0.6191597255640455f,0.6819937137540567f,-1.867477264837206f,0.3173075114781818f,-1.839572570277632f,-0.5453036147008222f,-0.8090502163159018f,0.33942503597311646f,-0.754028858178549f,1.8903634751651894f,0.440354333281492f,0.46168623470597037f,0f,0f,0f,1f], start_interpolation: 0, interpolation_duration: 1 }
$data merge entity $(bone_tail_2) { transformation: [0.9262138155313661f,1.2645663706569397f,-1.166950614689903f,0.5352268733660132f,-1.5647549280047444f,0.0676454940084796f,-1.1686487827521117f,0.5555333384360618f,-0.7158518409604553f,1.4883110751273276f,1.0446339839626333f,0.2673158735648612f,0f,0f,0f,1f], start_interpolation: 0, interpolation_duration: 1 }
$data merge entity $(bone_tail_1) { transformation: [1.3266843747587733f,0.7052266639067512f,0.1738395015118216f,0.4879304077730696f,-0.6000122349676933f,1.268100341664114f,-0.5652991167164794f,0.6622514194707978f,-0.4093288869112437f,0.42688772058506536f,1.392075064913416f,-0.037070349056181895f,0f,0f,0f,1f], start_interpolation: 0, interpolation_duration: 1 }
$data merge entity $(bone_tail_0) { transformation: [0.9314299723972144f,-0.049029538011191906f,0.8739965832350616f,0.23134512249058012f,0.03889347116150558f,1.2772669247927617f,0.03020293554405409f,0.6842481458698757f,-0.8745062727077273f,0.00458517359303101f,0.932230374833382f,-0.3093790832257067f,0f,0f,0f,1f], start_interpolation: 0, interpolation_duration: 1 }
$data merge entity $(bone_body_1) { transformation: [0.01042100996371361f,-0.44215225620731813f,1.1545550571273615f,-0.007290663364751388f,-0.06391166866261845f,1.152859624530233f,0.4420798341849807f,0.5038175f,-1.234670521319897f,-0.06340870220276171f,-0.013139076256176753f,-0.302053405972433f,0f,0f,0f,1f], start_interpolation: 0, interpolation_duration: 1 }