# This file was generated by Animated Java via MC-Build. It is not recommended to edit this file directly.
$data merge entity $(bone_head_lower) { transformation: [-0.8460651192659582f,0.07225041932721535f,-0.5281606676651732f,-0.5502001046532051f,-0.12751176979734913f,0.9345822449306336f,0.3321095843596884f,0.1547859879410738f,0.5176046392031546f,0.34833303657198333f,-0.7815046596840696f,0.2739736020374336f,0f,0f,0f,1f], start_interpolation: 0, interpolation_duration: 1 }
$data merge entity $(bone_head_upper) { transformation: [-0.880668830116803f,0.2798656516950209f,-0.4791341891845437f,-0.5772194289255183f,-0.13272694805215665f,0.7664649216535673f,0.6916552780965807f,0.21963644560398593f,0.538774453277964f,0.6462806537870519f,-0.612793070798878f,0.2464085744013999f,0f,0f,0f,1f], start_interpolation: 0, interpolation_duration: 1 }
$data merge entity $(bone_neck_0) { transformation: [-0.9644436913900141f,-0.19982277979141227f,-0.17297173993007123f,-0.5848489716999019f,-0.23712322039912878f,0.9432603532774497f,0.23244888531125926f,0.219432762663608f,0.11670880209114318f,0.2651994770193439f,-0.957104118109998f,0.1801780312614668f,0f,0f,0f,1f], start_interpolation: 0, interpolation_duration: 1 }
$data merge entity $(bone_neck_1) { transformation: [-0.9976128021428445f,-0.04775180871889256f,0.0498844842087805f,-0.5808430877673548f,-0.016013288523833047f,0.8626571782648639f,0.505535525337988f,0.26623241060162456f,-0.06717344409328918f,0.5035298973766873f,-0.8613625083880008f,0.10952902071405783f,0f,0f,0f,1f], start_interpolation: 0, interpolation_duration: 1 }
$data merge entity $(bone_neck_2) { transformation: [-0.8896343946818365f,-0.16056955370451062f,0.4275138152413518f,-0.5449617474853363f,0.07981248210930283f,0.86707175787143f,0.4917484462622129f,0.31780243703695144f,-0.4496449838468507f,0.47159727005664753f,-0.7585614038273255f,0.04769058455040376f,0f,0f,0f,1f], start_interpolation: 0, interpolation_duration: 1 }
$data merge entity $(bone_body_0) { transformation: [-0.7559055623595367f,0.038265053006491245f,0.6535614481533646f,-0.23657616536488305f,0.19936292106428602f,0.964331896349321f,0.17412185212671522f,0.4090518797149245f,-0.6235873687773255f,0.2619155959497884f,-0.7365724771532256f,-0.29695818833920545f,0f,0f,0f,1f], start_interpolation: 0, interpolation_duration: 1 }
$data merge entity $(bone_leg_left_3) { transformation: [-0.05103555756170827f,-0.054011407857139565f,0.9972352479157838f,-0.01768218055388309f,-0.037215315618128283f,0.9979458329375814f,0.052145323912688245f,0.03409535593909924f,-0.9980032024737239f,-0.03445115881658841f,-0.05294077359073576f,0.04643624629491719f,0f,0f,0f,1f], start_interpolation: 0, interpolation_duration: 1 }
$data merge entity $(bone_leg_left_2) { transformation: [0.18116268505268085f,-0.01523210475606001f,1.009460382595522f,0.010245137128250315f,-0.25203208396700516f,0.9924299781763584f,0.06020603432227423f,0.26689898193821027f,-0.9776104079317313f,-0.2586753194687635f,0.17154348982687034f,-0.010075776450360785f,0f,0f,0f,1f], start_interpolation: 0, interpolation_duration: 1 }
$data merge entity $(bone_leg_left_1) { transformation: [0.18860032938958277f,-0.9720133887945843f,-0.14007100969939879f,-0.25014777753566814f,0.150737536376432f,-0.11228778629152741f,0.9821759761758133f,0.18130093653177254f,-0.970416462598046f,-0.2063526715451401f,0.12534139007079348f,-0.053456535724402426f,0f,0f,0f,1f], start_interpolation: 0, interpolation_duration: 1 }
$data merge entity $(bone_leg_left_0) { transformation: [0.16167478957640022f,0.47883899665754026f,0.8628872914207435f,-0.11358560654300699f,0.10016352255773449f,0.8619126365219296f,-0.49706526307180465f,0.5718266450505103f,-0.9817476922123387f,0.16679275249187608f,0.09138734349969285f,-0.10956110776770511f,0f,0f,0f,1f], start_interpolation: 0, interpolation_duration: 1 }
$data merge entity $(bone_leg_right_3) { transformation: [0.3879263449617513f,-0.011758907411930721f,0.9216153639024772f,-0.08668722912800453f,0.0036220216081015006f,0.9999303417499101f,0.011233548298691005f,-0.01597984903644084f,-0.9216832600433226f,-0.001019678570049478f,0.3879419137081312f,-0.6261424815759642f,0f,0f,0f,1f], start_interpolation: 0, interpolation_duration: 1 }
$data merge entity $(bone_leg_right_2) { transformation: [0.3710889892835749f,-0.09157500207777126f,0.9518241331924963f,-0.07919329948922249f,0.2228699147909259f,1.001150475213548f,0.009430088094379053f,0.21733254954582687f,-0.929883951154269f,0.20340586145644482f,0.3821048186186368f,-0.5654775184392928f,0f,0f,0f,1f], start_interpolation: 0, interpolation_duration: 1 }
$data merge entity $(bone_leg_right_1) { transformation: [0.23034036982369896f,-0.9298243156687724f,0.2870018397512141f,-0.34243163794229853f,-0.15183308717988642f,0.2569793237471177f,0.9544151826138872f,0.23350334814827894f,-0.9611919827312891f,-0.2634167214843699f,-0.0819853839139598f,-0.6518341516575259f,0f,0f,0f,1f], start_interpolation: 0, interpolation_duration: 1 }
$data merge entity $(bone_leg_right_0) { transformation: [0.27595180222288185f,0.7816420377947058f,0.5593624295589432f,-0.11315563659249346f,-0.11604214487433717f,0.6047951175477079f,-0.787881391075724f,0.5485969095526916f,-0.9541408823978287f,0.15250767371707707f,0.25759772125253505f,-0.5019814195136608f,0f,0f,0f,1f], start_interpolation: 0, interpolation_duration: 1 }
$data merge entity $(bone_tail_4) { transformation: [0.6365612885506258f,-0.2740612096083305f,-2.673077161420296f,0.025103528876866454f,-2.5599635525779147f,-0.8968037173929685f,-0.5176785040378014f,0.20387949950506434f,-0.8167237397011485f,2.5973630623111146f,-0.4607914790340624f,0.5660157450977367f,0f,0f,0f,1f], start_interpolation: 0, interpolation_duration: 1 }
$data merge entity $(bone_tail_3) { transformation: [0.6034838221166386f,0.7312937535150946f,-1.853904595322462f,0.33230095532629267f,-1.84526424695607f,-0.5266804477745115f,-0.8084263051646284f,0.3461127078315116f,-0.7528297691999073f,1.8771687931686616f,0.4954091103366691f,0.4636430970574495f,0f,0f,0f,1f], start_interpolation: 0, interpolation_duration: 1 }
$data merge entity $(bone_tail_2) { transformation: [0.9073285307489044f,1.3085357512189664f,-1.132811987963416f,0.543870519080772f,-1.5712118014590246f,0.08635947391071815f,-1.1587102274617793f,0.5603731331159234f,-0.7258252456670945f,1.4488098923083237f,1.0922002946825375f,0.2604134884399479f,0f,0f,0f,1f], start_interpolation: 0, interpolation_duration: 1 }
$data merge entity $(bone_tail_1) { transformation: [1.3165047206747713f,0.7146314990204757f,0.20922091446313482f,0.4888551291339528f,-0.6020301686425286f,1.2716084055948609f,-0.5551828427326847f,0.6648733502764768f,-0.43821369956368456f,0.39996266504293126f,1.3912781426035792f,-0.043444518664068954f,0f,0f,0f,1f], start_interpolation: 0, interpolation_duration: 1 }
$data merge entity $(bone_tail_0) { transformation: [0.9204937883977158f,-0.050365848118640415f,0.8854322014974036f,0.22889584286338968f,0.032127852282661226f,1.277209013981034f,0.03925114389831693f,0.6842245824034648f,-0.8862813905374254f,-0.00601103426316408f,0.9210346794980971f,-0.3127373158155118f,0f,0f,0f,1f], start_interpolation: 0, interpolation_duration: 1 }
$data merge entity $(bone_body_1) { transformation: [0.001352304071511064f,-0.4428419847498353f,1.1543369277956825f,-0.00964277286583844f,-0.07306014258974769f,1.152291796091509f,0.44214299415598624f,0.5038175f,-1.2342062153038746f,-0.06869634822376931f,-0.024908329977232864f,-0.30231929144981173f,0f,0f,0f,1f], start_interpolation: 0, interpolation_duration: 1 }