# This file was generated by Animated Java via MC-Build. It is not recommended to edit this file directly.
$data merge entity $(bone_head_lower) { transformation: [-0.8081465780747082f,0.07419411830214045f,-0.5842896038400027f,-0.5008092949710746f,-0.14433540766599634f,0.9368373670296549f,0.3185954140141292f,0.15347779298863898f,0.5710222398821518f,0.34180547179106396f,-0.7463930740659767f,0.30859916896272455f,0f,0f,0f,1f], start_interpolation: 0, interpolation_duration: 1 }
$data merge entity $(bone_head_upper) { transformation: [-0.841199436390223f,0.3040929617755494f,-0.5323372252612552f,-0.530940026113426f,-0.15023866569978242f,0.7740167628835893f,0.6795574565019988f,0.21765839716345833f,0.5943768115673986f,0.6260171435011115f,-0.5816276166906014f,0.2827448544218327f,0f,0f,0f,1f], start_interpolation: 0, interpolation_duration: 1 }
$data merge entity $(bone_neck_0) { transformation: [-0.9481484842492438f,-0.2102465108279636f,-0.2383502811001663f,-0.5426331366342211f,-0.26360870947082204f,0.9391601677178993f,0.2202013343810962f,0.21673787643891376f,0.17755252774035324f,0.27161477142591983f,-0.9458861008790944f,0.217115896924086f,0f,0f,0f,1f], start_interpolation: 0, interpolation_duration: 1 }
$data merge entity $(bone_neck_1) { transformation: [-0.9992269563560638f,-0.02534728709137643f,-0.03005003707990972f,-0.5452955409648452f,-0.03693819387331046f,0.8669793127081826f,0.49697328013629205f,0.262832101361992f,0.013455836086037731f,0.49769909219643454f,-0.867245382865813f,0.14594166790506402f,0f,0f,0f,1f], start_interpolation: 0, interpolation_duration: 1 }
$data merge entity $(bone_neck_2) { transformation: [-0.9231837897797437f,-0.14036462906103525f,0.3578120473048214f,-0.5153227794769888f,0.058362873643345164f,0.8689447979366989f,0.49145570819641593f,0.31439481998010854f,-0.379901915325523f,0.4745868825065731f,-0.794003668558711f,0.08102749370834766f,0f,0f,0f,1f], start_interpolation: 0, interpolation_duration: 1 }
$data merge entity $(bone_body_0) { transformation: [-0.8147362983250823f,0.03566597100004437f,0.5787337062105216f,-0.24222799103512907f,0.17110263255344632f,0.9684486332996957f,0.18119363618304046f,0.40901638503001103f,-0.5540114198505504f,0.24664789310386523f,-0.7951327961432616f,-0.2913659818743053f,0f,0f,0f,1f], start_interpolation: 0, interpolation_duration: 1 }
$data merge entity $(bone_leg_left_3) { transformation: [-0.06339751222283607f,-0.03122228687842673f,0.9974998367147915f,-0.033643714699939486f,-0.03942745046285379f,0.9988085347565047f,0.028757382488029632f,0.038992678714266676f,-0.9972092215748682f,-0.03750572889099549f,-0.06455299145973475f,0.050053165412822336f,0f,0f,0f,1f], start_interpolation: 0, interpolation_duration: 1 }
$data merge entity $(bone_leg_left_2) { transformation: [0.15555688731455025f,0.042273823151112964f,1.0129546772614706f,0.007756416360538476f,-0.26781593582879826f,0.9901195820494298f,-0.00019302616754696594f,0.26936666650116353f,-0.9778235417629542f,-0.2644585725953022f,0.16119858577450952f,-0.008126959761961615f,0f,0f,0f,1f], start_interpolation: 0, interpolation_duration: 1 }
$data merge entity $(bone_leg_left_1) { transformation: [0.16816651715837377f,-0.9778095515389518f,-0.12493399627809854f,-0.25460699287728705f,0.13488699131768495f,-0.10272117091714877f,0.9855221258899632f,0.1865057778138725f,-0.9764863143332246f,-0.1825837943646791f,0.11461952693721708f,-0.04436092557890234f,0f,0f,0f,1f], start_interpolation: 0, interpolation_duration: 1 }
$data merge entity $(bone_leg_left_0) { transformation: [0.14048480188419205f,0.49112630273390373f,0.8596853931540798f,-0.11542365071348129f,0.08443851604543702f,0.859189734612114f,-0.5046415925636821f,0.5747507121608563f,-0.9864756243555154f,0.14348503301770069f,0.07923312345418149f,-0.10917717957797474f,0f,0f,0f,1f], start_interpolation: 0, interpolation_duration: 1 }
$data merge entity $(bone_leg_right_3) { transformation: [0.37318553470470234f,-0.03544520057203502f,0.9270793895042501f,-0.06461924940526245f,0.012581120835796036f,0.9993713724633365f,0.03314476277274741f,-0.01803870206686012f,-0.9276714246357278f,-0.0007054481942792568f,0.3733968803527482f,-0.6132623387354457f,0f,0f,0f,1f], start_interpolation: 0, interpolation_duration: 1 }
$data merge entity $(bone_leg_right_2) { transformation: [0.3465666728429062f,-0.1670799018982293f,0.950809153908906f,-0.07471872630335114f,0.22360458468673372f,0.9966425924100056f,0.09363082933537753f,0.21682395587875594f,-0.9391244488790428f,0.17564181983979607f,0.3731721052566673f,-0.5593308587342337f,0f,0f,0f,1f], start_interpolation: 0, interpolation_duration: 1 }
$data merge entity $(bone_leg_right_1) { transformation: [0.2267752807452859f,-0.945073705220659f,0.23539044955858168f,-0.33943357373832456f,-0.15880245189057393f,0.20257315698258194f,0.9663052816494653f,0.21744489364495306f,-0.9609134993933839f,-0.2565147320732372f,-0.10414143706016632f,-0.6426318169732291f,0f,0f,0f,1f], start_interpolation: 0, interpolation_duration: 1 }
$data merge entity $(bone_leg_right_0) { transformation: [0.2707622034258563f,0.7545364383890631f,0.5977981200531849f,-0.12332559323282893f,-0.12083302159303834f,0.6427222160221937f,-0.7565101016670013f,0.5454331096974854f,-0.9550325701716521f,0.13260058889261161f,0.26519780115351826f,-0.5011102657629392f,0f,0f,0f,1f], start_interpolation: 0, interpolation_duration: 1 }
$data merge entity $(bone_tail_4) { transformation: [0.6986248077563966f,-0.17051165676610663f,-2.666179004585817f,0.07404810080901664f,-2.5434712964085486f,-0.8857358494125008f,-0.6098254676637714f,0.21924543937262164f,-0.8175197085900495f,2.6099921669561383f,-0.3811348135429861f,0.5902905372279419f,0f,0f,0f,1f], start_interpolation: 0, interpolation_duration: 1 }
$data merge entity $(bone_tail_3) { transformation: [0.5625461151227014f,0.8585662494588389f,-1.811726080205003f,0.3728481484748951f,-1.8570456760320089f,-0.48599657690806647f,-0.8069288756816851f,0.3608266153790951f,-0.7555585692291651f,1.8337439430215636f,0.634397293453048f,0.46477557576812845f,0f,0f,0f,1f], start_interpolation: 0, interpolation_duration: 1 }
$data merge entity $(bone_tail_2) { transformation: [0.857045341592642f,1.4170204457972215f,-1.037448896885901f,0.5666785544776277f,-1.585393943539527f,0.1276582504578794f,-1.135342807208906f,0.5707424285252425f,-0.7554953350255164f,1.3396007995986916f,1.2055995900264758f,0.24041735980724976f,0f,0f,0f,1f], start_interpolation: 0, interpolation_duration: 1 }
$data merge entity $(bone_tail_1) { transformation: [1.2863776127528848f,0.7361455198638128f,0.30162669144594323f,0.49154426821043307f,-0.6064761274961826f,1.2785679814154713f,-0.5339539995883562f,0.6705936094112641f,-0.5148549253774545f,0.33318154283153883f,1.3825956441892084f,-0.06068271940498554f,0f,0f,0f,1f], start_interpolation: 0, interpolation_duration: 1 }
$data merge entity $(bone_tail_0) { transformation: [0.8898449158352537f,-0.054665479222693644f,0.9159822202027347f,0.2225537986680143f,0.01775509151665893f,1.2767324651396676f,0.05894646526849806f,0.6841779108995877f,-0.9174401882800935f,-0.02831279611356759f,0.8895715840160624f,-0.32131945002675477f,0f,0f,0f,1f], start_interpolation: 0, interpolation_duration: 1 }
$data merge entity $(bone_body_1) { transformation: [-0.024852501969027687f,-0.44524516671107517f,1.1531451295143018f,-0.015545869295970745f,-0.09220717199145707f,1.1508325788218396f,0.4423650167134176f,0.5038175f,-1.2326738358687863f,-0.07710844375910653f,-0.056339127805028956f,-0.3030275911107454f,0f,0f,0f,1f], start_interpolation: 0, interpolation_duration: 1 }