# This file was generated by Animated Java via MC-Build. It is not recommended to edit this file directly.
$data merge entity $(bone_head_lower) { transformation: [-0.7861653975310499f,0.055272532557033155f,-0.615539531524644f,-0.4623149253167205f,-0.15878305276596827f,0.9444942347265294f,0.2876083843052336f,0.15490743414571234f,0.5972703825564818f,0.3238450056942038f,-0.7337523440560545f,0.33406605158887936f,0f,0f,0f,1f], start_interpolation: 0, interpolation_duration: 1 }
$data merge entity $(bone_head_upper) { transformation: [-0.8183192347211542f,0.29834466023073564f,-0.5699263429432777f,-0.4951589251253972f,-0.16527721346449106f,0.7937233301022977f,0.6528082877416913f,0.21768185846000881f,0.6216984923403825f,0.6037099316282885f,-0.5766257414116797f,0.3080641320371776f,0f,0f,0f,1f], start_interpolation: 0, interpolation_duration: 1 }
$data merge entity $(bone_neck_0) { transformation: [-0.9243562279350471f,-0.2463962148761369f,-0.29129790451083565f,-0.5096966386481447f,-0.30898393410283964f,0.9313413979593984f,0.19269698729706575f,0.21512443024519304f,0.2238179893217331f,0.2681270328440346f,-0.9370236933579803f,0.24304989743618058f,0f,0f,0f,1f], start_interpolation: 0, interpolation_duration: 1 }
$data merge entity $(bone_neck_1) { transformation: [-0.9938140338189294f,-0.03230492736750152f,-0.10625468390771514f,-0.5188466297301206f,-0.07945131322295848f,0.8753067159126919f,0.47699647997158773f,0.2595647213044564f,0.0775961017815674f,0.4824878700505519f,-0.8724587670729123f,0.17136395015012626f,0f,0f,0f,1f], start_interpolation: 0, interpolation_duration: 1 }
$data merge entity $(bone_neck_2) { transformation: [-0.9459362439404986f,-0.14847985707968298f,0.28837190300259563f,-0.49503679883854146f,0.012279664569424156f,0.8720378963997631f,0.4892842906539494f,0.3109674908273613f,-0.3241200892228123f,0.46637285436040643f,-0.8230689694539111f,0.10382301713591507f,0f,0f,0f,1f], start_interpolation: 0, interpolation_duration: 1 }
$data merge entity $(bone_body_0) { transformation: [-0.85127751166779f,0.00992884697769808f,0.5246217838847232f,-0.24768993474683967f,0.12736017393074817f,0.9738319479821367f,0.1882305054597858f,0.4089567887806277f,-0.5090245418690784f,0.2270523179511945f,-0.8302657771388414f,-0.28531517298907405f,0f,0f,0f,1f], start_interpolation: 0, interpolation_duration: 1 }
$data merge entity $(bone_leg_left_3) { transformation: [-0.08134413848112362f,-0.009465031890737621f,0.99664113115307f,-0.0471381584082611f,-0.03355340891617461f,0.9994141126224838f,0.006752795059589194f,0.041577960851055557f,-0.9961211271150049f,-0.03289140711979599f,-0.08161406406258731f,0.0500224323165365f,0f,0f,0f,1f], start_interpolation: 0, interpolation_duration: 1 }
$data merge entity $(bone_leg_left_2) { transformation: [0.1238561504016324f,0.09716496310359754f,1.0135486290521332f,0.007026193612671039f,-0.2746457985292196f,0.9863626431229623f,-0.06099689420310815f,0.26918650405745187f,-0.980454761250426f,-0.26402633523429897f,0.14512324053992898f,-0.00855782114510516f,0f,0f,0f,1f], start_interpolation: 0, interpolation_duration: 1 }
$data merge entity $(bone_leg_left_1) { transformation: [0.1415820940268555f,-0.9838940143708537f,-0.10911956348967367f,-0.2572994668461653f,0.12786487097238444f,-0.09113041132848765f,0.9875959816151116f,0.1895043229239619f,-0.9816338856326151f,-0.15377846603574535f,0.11290304673261459f,-0.03677272664867409f,0f,0f,0f,1f], start_interpolation: 0, interpolation_duration: 1 }
$data merge entity $(bone_leg_left_0) { transformation: [0.11311172116379194f,0.5037880092445739f,0.8563897362046988f,-0.11605926219621326f,0.07765355921660846f,0.8548024877910689f,-0.5131107401011912f,0.575927198029337f,-0.9905431153041028f,0.12454055005334007f,0.057567248640648196f,-0.10773641278594046f,0f,0f,0f,1f], start_interpolation: 0, interpolation_duration: 1 }
$data merge entity $(bone_leg_right_3) { transformation: [0.3509708206065964f,-0.05710857657041016f,0.9346432975016906f,-0.044893276624450376f,0.028874508080950295f,0.9983238728627768f,0.05015683059513358f,-0.014968807435210951f,-0.9359411017076958f,0.009383781453518494f,0.3520315309454779f,-0.6057489565323779f,0f,0f,0f,1f], start_interpolation: 0, interpolation_duration: 1 }
$data merge entity $(bone_leg_right_2) { transformation: [0.3158964283924671f,-0.2397719442649548f,0.9459286763667653f,-0.072040410519283f,0.23169257746618488f,0.9842551120524127f,0.17211224083853682f,0.2194192264325791f,-0.9479399746696269f,0.16066576686646736f,0.3572933182712084f,-0.5557854221607651f,0f,0f,0f,1f], start_interpolation: 0, interpolation_duration: 1 }
$data merge entity $(bone_leg_right_1) { transformation: [0.21731405723623815f,-0.9589172291720071f,0.18235226383186337f,-0.33789159050341294f,-0.1568717142508707f,0.15007826723960516f,0.976149465486895f,0.20529529637267174f,-0.9634136524855343f,-0.24073691303877368f,-0.11781287240808479f,-0.6341247504733964f,0f,0f,0f,1f], start_interpolation: 0, interpolation_duration: 1 }
$data merge entity $(bone_leg_right_0) { transformation: [0.259602924865179f,0.7263480560191078f,0.6364156054958956f,-0.13469743762391767f,-0.11687475899850885f,0.6777961625895659f,-0.7259012692425184f,0.5441026840291692f,-0.9586170309933391f,0.11406517214348066f,0.2608496202669143f,-0.4991100517572299f,0f,0f,0f,1f], start_interpolation: 0, interpolation_duration: 1 }
$data merge entity $(bone_tail_4) { transformation: [0.6735701412243584f,-0.11032306278252706f,-2.6757790301647257f,0.12375897731745639f,-2.5216361770419438f,-0.9552656424885297f,-0.5953821247856421f,0.22255402249514342f,-0.9018401117073289f,2.5886208114938842f,-0.3337484663881668f,0.5921222171875663f,0f,0f,0f,1f], start_interpolation: 0, interpolation_duration: 1 }
$data merge entity $(bone_tail_3) { transformation: [0.5139959138071425f,0.953594320967652f,-1.7783170689312546f,0.4159641669893469f,-1.8512803189177236f,-0.5072555836087661f,-0.8070926091410238f,0.3643709977159387f,-0.8028168579582121f,1.7802514344778426f,0.7225894053071427f,0.4521765988109824f,0f,0f,0f,1f], start_interpolation: 0, interpolation_duration: 1 }
$data merge entity $(bone_tail_2) { transformation: [0.7982053581070013f,1.511705007933152f,-0.9467787757876066f,0.5929182170492434f,-1.5844939471058113f,0.12457478645114205f,-1.1369406005453737f,0.5745837689322334f,-0.819158722639939f,1.2320726303969491f,1.2766165812617432f,0.21454381707810372f,0f,0f,0f,1f], start_interpolation: 0, interpolation_duration: 1 }
$data merge entity $(bone_tail_1) { transformation: [1.2504460575448086f,0.7481192996973313f,0.4054114213869901f,0.4953385757368819f,-0.5960243499063405f,1.2843871952302268f,-0.5317525336539126f,0.6738800996990489f,-0.6072856671199883f,0.27986299531914854f,1.3566639496801056f,-0.08023598090070305f,0f,0f,0f,1f], start_interpolation: 0, interpolation_duration: 1 }
$data merge entity $(bone_tail_0) { transformation: [0.8516819240407971f,-0.06720857074491328f,0.9507663355760023f,0.2158806920823477f,0.022485104377556853f,1.2760960704006072f,0.07006394060632394f,0.6842002591608011f,-0.9528735681754025f,-0.029959033872641788f,0.8514517813394493f,-0.32977294584336253f,0f,0f,0f,1f], start_interpolation: 0, interpolation_duration: 1 }
$data merge entity $(bone_body_1) { transformation: [-0.0586191674239548f,-0.44808651172850195f,1.1508200842328724f,-0.02148705067188899f,-0.10009169200054056f,1.1500493586214378f,0.4426880628423796f,0.5038175f,-1.2309143111765501f,-0.07217718335909758f,-0.0908020253042625f,-0.3038011013896814f,0f,0f,0f,1f], start_interpolation: 0, interpolation_duration: 1 }