# This file was generated by Animated Java via MC-Build. It is not recommended to edit this file directly.
$data merge entity $(bone_head_lower) { transformation: [-0.7573498468712571f,0.05276237780511242f,-0.6508742896538727f,-0.45078335745410947f,-0.17739288864653624f,0.9426249023638285f,0.28282513413984317f,0.1539077979931853f,0.628452840316376f,0.3296580424196156f,-0.7045371548515706f,0.3359079414990925f,0f,0f,0f,1f], start_interpolation: 0, interpolation_duration: 1 }
$data merge entity $(bone_head_upper) { transformation: [-0.7883251400458553f,0.31000580197507893f,-0.6049064546663204f,-0.485767635128771f,-0.18464818387847598f,0.7938309931376782f,0.64746377899303f,0.21631019019636769f,0.6541562996299658f,0.5976626972292501f,-0.5462149563849334f,0.3118767481309044f,0f,0f,0f,1f], start_interpolation: 0, interpolation_duration: 1 }
$data merge entity $(bone_neck_0) { transformation: [-0.9116915422692369f,-0.2511492947922915f,-0.32518081659297526f,-0.5024232221547016f,-0.32354019357819874f,0.9266535269566087f,0.19140267531635852f,0.21374986576952082f,0.2532593036674492f,0.2797092646020367f,-0.9260790745944247f,0.2473726985375042f,0f,0f,0f,1f], start_interpolation: 0, interpolation_duration: 1 }
$data merge entity $(bone_neck_1) { transformation: [-0.9888575752049087f,-0.022993587459255047f,-0.14707817953599137f,-0.5149886029457328f,-0.09121059580921671f,0.8744090676181601f,0.47653899072297096f,0.2581472661313931f,0.11764915287410871f,0.48464427924292414f,-0.8667632891540288f,0.17617916729192515f,0f,0f,0f,1f], start_interpolation: 0, interpolation_duration: 1 }
$data merge entity $(bone_neck_2) { transformation: [-0.9580420784135881f,-0.13966938387524924f,0.2502955037488288f,-0.4944282901625609f,0.0020618832273215162f,0.869862030949648f,0.4932907821454914f,0.3098797312749707f,-0.2866201748421221f,0.47310940628998466f,-0.8330764461040829f,0.10782745932081955f,0f,0f,0f,1f], start_interpolation: 0, interpolation_duration: 1 }
$data merge entity $(bone_body_0) { transformation: [-0.8548221573674142f,0.017272401912923563f,0.5186335347872116f,-0.24983370887438056f,0.13529326198197167f,0.9722976956060849f,0.1906119733421136f,0.4089767904389762f,-0.5009738641246636f,0.23310696096696762f,-0.833478453358422f,-0.28276717501589305f,0f,0f,0f,1f], start_interpolation: 0, interpolation_duration: 1 }
$data merge entity $(bone_leg_left_3) { transformation: [-0.09244777750060708f,-0.0006570152532868745f,0.9957173176992328f,-0.05135430782911511f,-0.023719378140512875f,0.9997174658601647f,-0.001542580551163339f,0.040096880043785754f,-0.9954349800644063f,-0.023760403723135877f,-0.09243724184054805f,0.04667803081519168f,0f,0f,0f,1f], start_interpolation: 0, interpolation_duration: 1 }
$data merge entity $(bone_leg_left_2) { transformation: [0.10703540864601567f,0.11816069652902611f,1.0132342624449935f,0.007668308499111598f,-0.2697858962025269f,0.9858002347635183f,-0.08646193874234649f,0.266794882287541f,-0.9837790356613998f,-0.2574842644447642f,0.13395096885487195f,-0.010727705888354533f,0f,0f,0f,1f], start_interpolation: 0, interpolation_duration: 1 }
$data merge entity $(bone_leg_left_1) { transformation: [0.12714028998006519f,-0.9866808487777567f,-0.10147043568936992f,-0.25753251128008453f,0.13261389645310612f,-0.084472842082699f,0.987561589683396f,0.18882859887759185f,-0.9829796036191745f,-0.1390152567370828f,0.12010769027424173f,-0.03528721523702598f,0f,0f,0f,1f], start_interpolation: 0, interpolation_duration: 1 }
$data merge entity $(bone_leg_left_0) { transformation: [0.09828579672691312f,0.5099085080056135f,0.8545953519796636f,-0.11546701943962023f,0.08259339337064815f,0.851610801192464f,-0.5176266749925579f,0.5749403217229478f,-0.9917248779441186f,0.12145928023753036f,0.041586172111698155f,-0.1062971587236329f,0f,0f,0f,1f], start_interpolation: 0, interpolation_duration: 1 }
$data merge entity $(bone_leg_right_3) { transformation: [0.33791907536521204f,-0.06407445816471233f,0.9389915666901477f,-0.038831222219335965f,0.04208583921071749f,0.9977106771184708f,0.05293568646699265f,-0.010790243656142062f,-0.940233737238911f,0.021630269871192438f,0.33984209683770716f,-0.6070299866200854f,0f,0f,0f,1f], start_interpolation: 0, interpolation_duration: 1 }
$data merge entity $(bone_leg_right_2) { transformation: [0.300000236409174f,-0.26663384924542677f,0.943911250113961f,-0.07227751366387136f,0.24176749965186883f,0.9767215835662975f,0.19906185925114261f,0.22265896956407968f,-0.9505843117615699f,0.16426666774791854f,0.3485227791701305f,-0.5564940340567643f,0f,0f,0f,1f], start_interpolation: 0, interpolation_duration: 1 }
$data merge entity $(bone_leg_right_1) { transformation: [0.20958520077359197f,-0.9643875047649861f,0.16134058469540963f,-0.3386543409198895f,-0.1487077320497387f,0.13164788863914806f,0.9800789987778931f,0.20348226468577912f,-0.9664160874309348f,-0.22940264617047884f,-0.11582042947885225f,-0.6319196633268847f,0f,0f,0f,1f], start_interpolation: 0, interpolation_duration: 1 }
$data merge entity $(bone_leg_right_0) { transformation: [0.25121765362321447f,0.7155770185211091f,0.6517969170473935f,-0.1399663796598623f,-0.10799732796407041f,0.6899094707627682f,-0.7157943135457686f,0.5451907326094791f,-0.9618868268464162f,0.10942784250947013f,0.2505978444102322f,-0.4975109747534717f,0f,0f,0f,1f], start_interpolation: 0, interpolation_duration: 1 }
$data merge entity $(bone_tail_4) { transformation: [0.598566812065845f,-0.11405299910126418f,-2.693393958649447f,0.1437461499920431f,-2.521640380070138f,-0.9992909895702663f,-0.5180816956459747f,0.21376118449456055f,-0.9532622392044392f,2.5717835762675842f,-0.32075172914148636f,0.5836288047293783f,0f,0f,0f,1f], start_interpolation: 0, interpolation_duration: 1 }
$data merge entity $(bone_tail_3) { transformation: [0.5344117283217588f,0.9714357840213916f,-1.7625725937388617f,0.433107065771978f,-1.8360419466487852f,-0.5115076159046735f,-0.83860327632445f,0.36096281389458473f,-0.824196336331784f,1.7693552504906147f,0.7252778245493268f,0.4433339575120231f,0f,0f,0f,1f], start_interpolation: 0, interpolation_duration: 1 }
$data merge entity $(bone_tail_2) { transformation: [0.8099222110265912f,1.5296038581943288f,-0.9072551593050313f,0.6027266849040743f,-1.5667313677593593f,0.14196565136845526f,-1.159298257616734f,0.5753490973853131f,-0.8415180974687729f,1.2078624366339614f,1.2851807269034126f,0.20408682539617878f,0f,0f,0f,1f], start_interpolation: 0, interpolation_duration: 1 }
$data merge entity $(bone_tail_1) { transformation: [1.2519211993014374f,0.7237623112556941f,0.443303144073518f,0.49728949734099837f,-0.5657296043433322f,1.3005096081345981f,-0.5256244133591321f,0.6731007024452577f,-0.6326923229415603f,0.269256617291777f,1.3471664887961707f,-0.0884953001443633f,0f,0f,0f,1f], start_interpolation: 0, interpolation_duration: 1 }
$data merge entity $(bone_tail_0) { transformation: [0.8332690742232406f,-0.05357299199015855f,0.9677955884671068f,0.21318432100002588f,0.003805086876780769f,1.276432900892466f,0.06738165490051631f,0.6842128164521463f,-0.9692697704153532f,-0.04104510485422759f,0.8322662603461117f,-0.33269333658066247f,0f,0f,0f,1f], start_interpolation: 0, interpolation_duration: 1 }
$data merge entity $(bone_body_1) { transformation: [-0.07705325578143422f,-0.4484329585502711f,1.149597874265424f,-0.023875939405209587f,-0.09356581881100373f,1.1506441936483842f,0.442569737137252f,0.5038175f,-1.2304116499692115f,-0.05941730695143227f,-0.10564729201892484f,-0.30412964379133245f,0f,0f,0f,1f], start_interpolation: 0, interpolation_duration: 1 }