# This file was generated by Animated Java via MC-Build. It is not recommended to edit this file directly.
$data merge entity $(bone_head_lower) { transformation: [-0.6938940463361539f,0.04369748534488996f,-0.7187500137278413f,-0.4212351184080879f,-0.2238558995848247f,0.9356076344700862f,0.2729961364971268f,0.15311282843422652f,0.6843972447930426f,0.3503268246877794f,-0.6394306273739708f,0.3473079407391661f,0f,0f,0f,1f], start_interpolation: 0, interpolation_duration: 1 }
$data merge entity $(bone_head_upper) { transformation: [-0.7222740237087834f,0.328325682996191f,-0.6737910827134144f,-0.46053624862077175f,-0.23301151260455258f,0.7909979604760463f,0.6352163443268601f,0.21459228639772115f,0.7123888069395595f,0.5916049484168693f,-0.475371134314455f,0.3280425857121381f,0f,0f,0f,1f], start_interpolation: 0, interpolation_duration: 1 }
$data merge entity $(bone_neck_0) { transformation: [-0.8972514384947373f,-0.25460787086802955f,-0.36071413641715355f,-0.4794380135155011f,-0.3382605021909746f,0.9214683287741355f,0.19098678415982384f,0.21209399165736548f,0.2837599139706552f,0.2933785117527359f,-0.9129125697815296f,0.2641581739863378f,0f,0f,0f,1f], start_interpolation: 0, interpolation_duration: 1 }
$data merge entity $(bone_neck_1) { transformation: [-0.9809342872618394f,-0.0063236331641217496f,-0.19423680325240217f,-0.4959215522965552f,-0.09967083307773707f,0.8743823447223066f,0.47489076667325414f,0.25635164270024524f,0.1668341964577304f,0.4851963797283805f,-0.858341903900058f,0.1936805880603754f,0f,0f,0f,1f], start_interpolation: 0, interpolation_duration: 1 }
$data merge entity $(bone_neck_2) { transformation: [-0.9705993444561222f,-0.12337952631707341f,0.2066746356646605f,-0.47902326682741153f,-0.005093396039825303f,0.8689722991822713f,0.4948345183701909f,0.30821063968504325f,-0.24064698181802985f,0.4792333833735415f,-0.8440523647275807f,0.12442726486159544f,0f,0f,0f,1f], start_interpolation: 0, interpolation_duration: 1 }
$data merge entity $(bone_body_0) { transformation: [-0.8785998468582662f,0.02122063022829329f,0.47708698782648107f,-0.2539718055122831f,0.1289108158916602f,0.9724655268251814f,0.1941463383192401f,0.4089750306110508f,-0.4598307413024683f,0.23207861596738374f,-0.8571436317000121f,-0.2773304755546421f,0f,0f,0f,1f], start_interpolation: 0, interpolation_duration: 1 }
$data merge entity $(bone_leg_left_3) { transformation: [-0.11242853539922906f,0.0143640957881188f,0.9935559859314286f,-0.05971093722922295f,-0.014554111559274628f,0.9997644438867411f,-0.016100763228952986f,0.040834038310782556f,-0.9935532206503608f,-0.016270509888272215f,-0.11219299551786287f,0.04478804135781023f,0f,0f,0f,1f], start_interpolation: 0, interpolation_duration: 1 }
$data merge entity $(bone_leg_left_2) { transformation: [0.07589422880878155f,0.15773620385109577f,1.0106540236544153f,0.008408619708713094f,-0.26943954959471905f,0.9807243669468997f,-0.1328316404005147f,0.2649163689736381f,-0.986764710885229f,-0.25565837669034497f,0.11400175121612183f,-0.012813235653186247f,0f,0f,0f,1f], start_interpolation: 0, interpolation_duration: 1 }
$data merge entity $(bone_leg_left_1) { transformation: [0.10037534207917016f,-0.9911142694608337f,-0.08727711941629657f,-0.2582163415303277f,0.13271790015908216f,-0.07359860713742838f,0.988417525140461f,0.18985680847278535f,-0.9860581877758805f,-0.1107959832238849f,0.12415111929257479f,-0.02985958662529678f,0f,0f,0f,1f], start_interpolation: 0, interpolation_duration: 1 }
$data merge entity $(bone_leg_left_0) { transformation: [0.0708394760919408f,0.5207224553436066f,0.8507819304192732f,-0.11478584424856006f,0.08296677977388997f,0.8468933451565415f,-0.5252505834204413f,0.5747803542939778f,-0.9940313285208723f,0.10779511320319111f,0.016790815600828332f,-0.10448421316639456f,0f,0f,0f,1f], start_interpolation: 0, interpolation_duration: 1 }
$data merge entity $(bone_leg_right_3) { transformation: [0.3131544604013314f,-0.07723848344411324f,0.9465561264954151f,-0.025951156235574917f,0.05911805932595035f,0.9963397641864891f,0.061742443767195454f,-0.004517434586709945f,-0.9478604005824298f,0.036623639579721846f,0.3165744304767054f,-0.6052521519663429f,0f,0f,0f,1f], start_interpolation: 0, interpolation_duration: 1 }
$data merge entity $(bone_leg_right_2) { transformation: [0.2701130287767515f,-0.3200069541325494f,0.9363208320295734f,-0.07202685248743701f,0.25249331086863924f,0.9607406216906595f,0.2555127889181527f,0.22693458641089817f,-0.9567383545945762f,0.16320296149564276f,0.33178112319330233f,-0.5554719926953585f,0f,0f,0f,1f], start_interpolation: 0, interpolation_duration: 1 }
$data merge entity $(bone_leg_right_1) { transformation: [0.19651577927204386f,-0.9733162633849852f,0.11847784572396419f,-0.3388163511946195f,-0.14148407150273512f,0.09142040455703793f,0.9857101841523384f,0.19667453797563184f,-0.9702390458068106f,-0.2104703329709861f,-0.1197431957606445f,-0.625622391896156f,0f,0f,0f,1f], start_interpolation: 0, interpolation_duration: 1 }
$data merge entity $(bone_leg_right_0) { transformation: [0.23673574256529603f,0.6922483532058377f,0.6817245819800424f,-0.1500403878329602f,-0.09930134427847086f,0.715235363291527f,-0.6917930457309656f,0.5453617902515481f,-0.9664861257237718f,0.09607597296433111f,0.2380629668856764f,-0.4949008775169152f,0f,0f,0f,1f], start_interpolation: 0, interpolation_duration: 1 }
$data merge entity $(bone_tail_4) { transformation: [0.5302054403704691f,-0.00020695989400032624f,-2.71008182160044f,0.1884462401141509f,-2.5154305626487665f,-1.0276974796577447f,-0.4920450247666627f,0.20360170371115213f,-1.008539839120927f,2.5631034273069666f,-0.1975083426926943f,0.5740578434238217f,0f,0f,0f,1f], start_interpolation: 0, interpolation_duration: 1 }
$data merge entity $(bone_tail_3) { transformation: [0.5255756234380385f,1.0555158297452503f,-1.7162756547971416f,0.4691341166569377f,-1.8193662232780723f,-0.5135614294689756f,-0.8729872449246374f,0.35665368173431006f,-0.865807331735557f,1.7199088689123683f,0.7926138233679608f,0.4228291708122244f,0f,0f,0f,1f], start_interpolation: 0, interpolation_duration: 1 }
$data merge entity $(bone_tail_2) { transformation: [0.7890307575222618f,1.5807722912715692f,-0.835082811363433f,0.6253337815364742f,-1.551106667932224f,0.15141503581113724f,-1.1789467615754667f,0.5747063813104523f,-0.8889726898970602f,1.138861855134819f,1.3158628752795025f,0.17782678537849494f,0f,0f,0f,1f], start_interpolation: 0, interpolation_duration: 1 }
$data merge entity $(bone_tail_1) { transformation: [1.2171055449918804f,0.723274990158555f,0.5321500079499772f,0.5008169590286652f,-0.5434306730327784f,1.3068662059935048f,-0.5333292353127518f,0.6740169714774418f,-0.7148380557560992f,0.23797112901208278f,1.311500112771461f,-0.10661942147276743f,0f,0f,0f,1f], start_interpolation: 0, interpolation_duration: 1 }
$data merge entity $(bone_tail_0) { transformation: [0.7956383537125121f,-0.06559731898362671f,0.9982446185318665f,0.2075236999716568f,0.016798668340245196f,1.2761611923759966f,0.07047079110877544f,0.684219811275563f,-1.0002565328092916f,-0.03074604689488638f,0.7952215199280637f,-0.33974358914431907f,0f,0f,0f,1f], start_interpolation: 0, interpolation_duration: 1 }
$data merge entity $(bone_body_1) { transformation: [-0.11087952256084116f,-0.4497886972627537f,1.1462985886528887f,-0.028678204121016192f,-0.0925247075640347f,1.15072591294256f,0.44257614805697754f,0.5038175f,-1.2279045178771515f,-0.046093341747336786f,-0.13685939456132873f,-0.3048209833357339f,0f,0f,0f,1f], start_interpolation: 0, interpolation_duration: 1 }