# This file was generated by Animated Java via MC-Build. It is not recommended to edit this file directly.
$data merge entity $(bone_head_lower) { transformation: [-0.66012268547425f,0.05312945316146134f,-0.749276518602464f,-0.3825401383180473f,-0.24544875625173734f,0.9274834959428346f,0.2820093487956263f,0.154617508289044f,0.7099246073892213f,0.3700697582354199f,-0.599212337876014f,0.3669242655320375f,0f,0f,0f,1f], start_interpolation: 0, interpolation_duration: 1 }
$data merge entity $(bone_head_upper) { transformation: [-0.687121428259028f,0.3495558601563629f,-0.6993902959300523f,-0.4231183804608618f,-0.25548750811211834f,0.7795949759849253f,0.640647913600935f,0.21620837613431595f,0.7389602280295208f,0.5945706994402905f,-0.42883027801351686f,0.3509421582097153f,0f,0f,0f,1f], start_interpolation: 0, interpolation_duration: 1 }
$data merge entity $(bone_neck_0) { transformation: [-0.8614636715592203f,-0.2620153302351347f,-0.435003803782773f,-0.44671518150825507f,-0.37002400006027036f,0.9105521592596879f,0.18432852369320635f,0.21346699926723675f,0.34779675381335123f,0.31975417431097497f,-0.8813595668327441f,0.2886492044549023f,0f,0f,0f,1f], start_interpolation: 0, interpolation_duration: 1 }
$data merge entity $(bone_neck_1) { transformation: [-0.9558537331048677f,0.024766951829088335f,-0.29279726605039247f,-0.4714048546556326f,-0.11984769709858448f,0.876934374505285f,0.4654273652367151f,0.25693473288350427f,0.26829120449551563f,0.479971562603578f,-0.8352527334179909f,0.2201035042347417f,0f,0f,0f,1f], start_interpolation: 0, interpolation_duration: 1 }
$data merge entity $(bone_neck_2) { transformation: [-0.9894253367976193f,-0.09217229099679412f,0.11199005168013809f,-0.4624961105396054f,-0.02509249913043289f,0.8692495210544391f,0.49373640399915575f,0.308700240988934f,-0.1428561142909428f,0.4857051975417092f,-0.8623703332621447f,0.14930875271316013f,0f,0f,0f,1f], start_interpolation: 0, interpolation_duration: 1 }
$data merge entity $(bone_body_0) { transformation: [-0.9041766428534674f,0.03756333274240431f,0.4255039301246425f,-0.26159986621306197f,0.13127460564359728f,0.9723549591653905f,0.19311346742159086f,0.4089767904389762f,-0.40648687116726323f,0.2304665472899597f,-0.8841117543325017f,-0.26517431973854816f,0f,0f,0f,1f], start_interpolation: 0, interpolation_duration: 1 }
$data merge entity $(bone_leg_left_3) { transformation: [-0.1597632733099295f,0.03340592108384585f,0.9865899558265514f,-0.07153779614952835f,-0.0021099233293454533f,0.9994134045805787f,-0.034181792934262184f,0.04375531011211101f,-0.9871531009548826f,-0.007542624291076282f,-0.15959907297338105f,0.043740194419248674f,0f,0f,0f,1f], start_interpolation: 0, interpolation_duration: 1 }
$data merge entity $(bone_leg_left_2) { transformation: [0.007950489151393477f,0.2225206690092516f,1.0012410005021883f,0.011286614534095019f,-0.27108212365048545f,0.9661229358573724f,-0.21256329539261623f,0.26196745486668327f,-0.9891983984318264f,-0.26297000622637684f,0.06629859625891675f,-0.01704342954753783f,0f,0f,0f,1f], start_interpolation: 0, interpolation_duration: 1 }
$data merge entity $(bone_leg_left_1) { transformation: [0.041008704747801876f,-0.9974636573832221f,-0.05817678518613495f,-0.257424325899798f,0.13045942316395764f,-0.05238191361780875f,0.9900689238802841f,0.19262920195792976f,-0.990605181211281f,-0.04819115401629712f,0.12798041893954906f,-0.017194540302124445f,0f,0f,0f,1f], start_interpolation: 0, interpolation_duration: 1 }
$data merge entity $(bone_leg_left_0) { transformation: [0.010167852326366578f,0.5411578362477595f,0.840859566780751f,-0.11221712248333923f,0.08123043704780657f,0.8376768467850381f,-0.5400917667001583f,0.5749403217229478f,-0.99664348233262f,0.07379496343192335f,-0.035441113074924174f,-0.10122045502158614f,0f,0f,0f,1f], start_interpolation: 0, interpolation_duration: 1 }
$data merge entity $(bone_leg_right_3) { transformation: [0.2550721652021024f,-0.09532585426899026f,0.9622116046104405f,-0.004051323257066239f,0.08805078719264642f,0.993283761903001f,0.075062821786673f,0.010450656443151463f,-0.9629045899848367f,0.06557705275254266f,0.2617525563168841f,-0.6030939874279785f,0f,0f,0f,1f], start_interpolation: 0, interpolation_duration: 1 }
$data merge entity $(bone_leg_right_2) { transformation: [0.20464957017328275f,-0.4176690165609297f,0.9141845248819359f,-0.0734744569162677f,0.269527594180949f,0.9215775714091258f,0.36071020965781103f,0.23599847215911396f,-0.9682642350637631f,0.1682544857689627f,0.2936273124484534f,-0.5532975678306771f,0f,0f,0f,1f], start_interpolation: 0, interpolation_duration: 1 }
$data merge entity $(bone_leg_right_1) { transformation: [0.16480413140034336f,-0.9858267235676559f,0.03138900083211987f,-0.33967534824045087f,-0.12923855379026034f,0.00996639469378724f,0.9915634458727336f,0.18354335676858485f,-0.9778225782255083f,-0.16747042149785155f,-0.12576431702097196f,-0.6115979279268404f,0f,0f,0f,1f], start_interpolation: 0, interpolation_duration: 1 }
$data merge entity $(bone_leg_right_0) { transformation: [0.20201153874587058f,0.6425100395188512f,0.73916993129524f,-0.17106709529345657f,-0.08426711243866426f,0.7633339839955373f,-0.6404844124869473f,0.5451907326094791f,-0.9757511936834999f,0.06709752599749733f,0.20834473842705983f,-0.48875774252316084f,0f,0f,0f,1f], start_interpolation: 0, interpolation_duration: 1 }
$data merge entity $(bone_tail_4) { transformation: [0.517116957149664f,0.10958630010123516f,-2.7103952160263267f,0.25447310458301736f,-2.5301221940052936f,-0.9754436227187537f,-0.5221616166467566f,0.2099148433947515f,-0.9781273269008046f,2.5811164083255584f,-0.0822578302804699f,0.5783359015023525f,0f,0f,0f,1f], start_interpolation: 0, interpolation_duration: 1 }
$data merge entity $(bone_tail_3) { transformation: [0.42867884740157886f,1.2904917941994374f,-1.57696255533821f,0.5092392033682771f,-1.8133625204495256f,-0.4934524339627651f,-0.896753361236863f,0.36679989418049574f,-0.9294602418951778f,1.5579092241092174f,1.0222367799174592f,0.389756954680446f,0f,0f,0f,1f], start_interpolation: 0, interpolation_duration: 1 }
$data merge entity $(bone_tail_2) { transformation: [0.687029139507508f,1.6718700703606677f,-0.7427080882167416f,0.6482128613671008f,-1.5745794963790822f,0.13649577304472477f,-1.1492789863763697f,0.579316512198275f,-0.9313776065876535f,1.0024935145804765f,1.3951044341460292f,0.12995993118354013f,0f,0f,0f,1f], start_interpolation: 0, interpolation_duration: 1 }
$data merge entity $(bone_tail_1) { transformation: [1.1472020963028375f,0.7745684090093948f,0.6096124834704676f,0.506466753112308f,-0.592751003022001f,1.2895022562025895f,-0.5229593001992061f,0.6766549836320931f,-0.7875467279182788f,0.15774650871916795f,1.2816171192412051f,-0.14700566193657374f,0f,0f,0f,1f], start_interpolation: 0, interpolation_duration: 1 }
$data merge entity $(bone_tail_0) { transformation: [0.7119934321617092f,-0.07409009017686305f,1.0589672930172123f,0.1952239715469821f,0.014531427580573995f,1.2756595838596796f,0.0794806913875791f,0.6842128164521463f,-1.0614565025261693f,-0.03223354197976622f,0.7114118417628273f,-0.35567458963622955f,0f,0f,0f,1f], start_interpolation: 0, interpolation_duration: 1 }
$data merge entity $(bone_body_1) { transformation: [-0.18508981324017668f,-0.45192293303551617f,1.1358309815670389f,-0.03840060460116229f,-0.09356581881100369f,1.1506441936483842f,0.442569737137252f,0.5038175f,-1.2188485523809727f,-0.01970272255517713f,-0.20645726952318916f,-0.30634904829342047f,0f,0f,0f,1f], start_interpolation: 0, interpolation_duration: 1 }