# This file was generated by Animated Java via MC-Build. It is not recommended to edit this file directly.
$data merge entity $(bone_head_lower) { transformation: [-0.8320284095138184f,0.24153273641402861f,0.49939029125750667f,-0.7487073395479326f,0.45939197667688536f,0.8046179232452423f,0.3762299952919993f,0.9453676290913617f,-0.3109465187565378f,0.5424499376282248f,-0.7804231721574681f,-0.07170322934455768f,0f,0f,0f,1f], start_interpolation: 0, interpolation_duration: 1 }
$data merge entity $(bone_head_upper) { transformation: [-0.8660580247844297f,0.49133463503526825f,0.3033244413244f,-0.7170330115044637f,0.4781809171096464f,0.9167786603514934f,-0.11971566739489965f,0.9578492098910835f,-0.3236641018126307f,0.03973797833796423f,-0.9885010798471299f,-0.1390560583536766f,0f,0f,0f,1f], start_interpolation: 0, interpolation_duration: 1 }
$data merge entity $(bone_neck_0) { transformation: [-0.6200549695487576f,0.7740334502142014f,0.1280783068571293f,-0.7211148869839166f,0.4550812053861277f,0.4878162389247356f,-0.7449405436312583f,0.9016147372486801f,-0.6390875771302384f,-0.40361805582855803f,-0.6547209587045282f,-0.17463356014199663f,0f,0f,0f,1f], start_interpolation: 0, interpolation_duration: 1 }
$data merge entity $(bone_neck_1) { transformation: [-0.43107808082912924f,0.647384311945324f,0.6285421552097794f,-0.6648866982197681f,0.26723400893162597f,0.7569371336300329f,-0.5963490254895045f,0.8545832624662515f,-0.8618339008759207f,-0.08910515349310351f,-0.4993021118741279f,-0.21734149866195213f,0f,0f,0f,1f], start_interpolation: 0, interpolation_duration: 1 }
$data merge entity $(bone_neck_2) { transformation: [-0.15773153612515897f,0.3931960065322635f,0.9058243002694717f,-0.5816800611824553f,0.018679147810366822f,0.9183310221325838f,-0.3953722590496236f,0.8289367219451285f,-0.9873053488909478f,-0.045442647766215885f,-0.15219432911682196f,-0.2311197752733402f,0f,0f,0f,1f], start_interpolation: 0, interpolation_duration: 1 }
$data merge entity $(bone_body_0) { transformation: [0.04679388461558848f,0.6285019917639054f,0.7763991104524701f,-0.2097788048238294f,-0.06047219854506258f,0.7776073455124385f,-0.6258353852317922f,0.5413905337432673f,-0.9970724374716762f,-0.01766529235260296f,0.07439416563405718f,-0.19622636797940418f,0f,0f,0f,1f], start_interpolation: 0, interpolation_duration: 1 }
$data merge entity $(bone_leg_left_3) { transformation: [-0.4661506186529378f,0.21778399286794303f,0.8574810395454697f,0.09797703844835728f,0.04781424761880693f,0.9740129694852149f,-0.221387743561476f,0.020090235910828036f,-0.8834123603697939f,-0.06220022287010113f,-0.46444992606391844f,0.25844142886020405f,0f,0f,0f,1f], start_interpolation: 0, interpolation_duration: 1 }
$data merge entity $(bone_leg_left_2) { transformation: [-0.3704103767747128f,0.17923989248726643f,0.9395378721581494f,0.1682188790918309f,-0.4916362593916077f,0.8285681497787627f,-0.351896020330325f,0.2015903915637268f,-0.8204584942151171f,-0.5774167313249987f,-0.21330723653198244f,0.11598143662727561f,0f,0f,0f,1f], start_interpolation: 0, interpolation_duration: 1 }
$data merge entity $(bone_leg_left_1) { transformation: [-0.1717363014760484f,-0.8985955425044547f,0.4037730720918031f,-0.09389582251157116f,-0.17442605142799547f,0.43112257039403995f,0.8852733373823445f,0.27523514715018893f,-0.9695783595659331f,0.08160502611947741f,-0.2307778680321693f,0.16970032378752287f,0f,0f,0f,1f], start_interpolation: 0, interpolation_duration: 1 }
$data merge entity $(bone_leg_left_0) { transformation: [-0.20150124617471676f,0.51641422226655f,0.8322941780589784f,0.017681553342642233f,-0.22218664521023762f,0.8034742226251361f,-0.5523244230225143f,0.6098330088882555f,-0.9539551050653569f,-0.2962187107827047f,-0.04716071354396814f,-0.0536873184003438f,0f,0f,0f,1f], start_interpolation: 0, interpolation_duration: 1 }
$data merge entity $(bone_leg_right_3) { transformation: [0.03271584365002187f,-0.06390944186960942f,0.9974192983967084f,-0.26992779437255154f,0.06261389555850766f,0.9961243063738553f,0.06177269893888512f,0.16856355988563718f,-0.9975014654912822f,0.060431361817527f,0.036590666181739756f,-0.5100680399987615f,0f,0f,0f,1f], start_interpolation: 0, interpolation_duration: 1 }
$data merge entity $(bone_leg_right_2) { transformation: [0.030450501084785715f,0.2363227275080129f,0.997640483815464f,-0.18405699044774204f,0.06394851036747869f,0.9956992184523108f,-0.2378147470110562f,0.39321085280046125f,-1.0232524392866895f,0.06925918233220486f,0.014826012856073571f,-0.49187818333732003f,0f,0f,0f,1f], start_interpolation: 0, interpolation_duration: 1 }
$data merge entity $(bone_leg_right_1) { transformation: [-0.14704840517030662f,-0.9417644321684349f,0.30241779186968243f,-0.45887262303766885f,-0.28921268586579696f,0.3333169417381059f,0.8973604842451266f,0.43041016333678367f,-0.945903160408697f,0.044492366230865554f,-0.32138394557914274f,-0.4815842511641313f,0f,0f,0f,1f], start_interpolation: 0, interpolation_duration: 1 }
$data merge entity $(bone_leg_right_0) { transformation: [-0.07690772789486078f,0.9783186289285497f,0.19229628618725988f,-0.08146455938400687f,-0.23950188284520316f,0.1690929758496689f,-0.9560577459713958f,0.6024788681765655f,-0.9678450544914989f,-0.11958355158493092f,0.2213045970753467f,-0.4340154287233085f,0f,0f,0f,1f], start_interpolation: 0, interpolation_duration: 1 }
$data merge entity $(bone_tail_4) { transformation: [1.3159191339608094f,-1.0357972803151376f,2.1957099440881525f,1.6960748137416743f,-2.1260403533393966f,0.71418456234482f,1.6110723628939916f,0.5583280413895216f,-1.1721649117971098f,-2.4581956261860243f,-0.4571269129591619f,-0.24682502357421618f,0f,0f,0f,1f], start_interpolation: 0, interpolation_duration: 1 }
$data merge entity $(bone_tail_3) { transformation: [0.3214528832160514f,0.048040536439378695f,2.0567706913448442f,1.3468523962920054f,-1.927922579217345f,0.7336912270471263f,0.28417817991968614f,0.5029621789806814f,-0.7181421157824344f,-1.9481619070952862f,0.1577422306385646f,-0.25450798297149396f,0f,0f,0f,1f], start_interpolation: 0, interpolation_duration: 1 }
$data merge entity $(bone_tail_2) { transformation: [0.43891311711382763f,0.3721003505114662f,1.8675305833579925f,1.0000956342463754f,-1.7841787766059876f,0.7501008242315091f,0.26986797067963997f,0.451653499244772f,-0.6654586716971687f,-1.7656907876633527f,0.5082073136295711f,-0.34989483389198917f,0f,0f,0f,1f], start_interpolation: 0, interpolation_duration: 1 }
$data merge entity $(bone_tail_1) { transformation: [-0.38980990859004955f,0.2256147699457149f,1.4438845039501462f,0.6870023043953669f,-0.8606393372307447f,1.1723022883786374f,-0.4155280085303931f,0.5275625368444095f,-1.1811030507013527f,-0.928688090935031f,-0.17375345573370973f,-0.3000243835999309f,0f,0f,0f,1f], start_interpolation: 0, interpolation_duration: 1 }
$data merge entity $(bone_tail_0) { transformation: [0.09989210902095727f,-0.053061253329644016f,1.273201392763321f,0.3136628029131953f,-0.3827968810989168f,1.216873937556024f,0.08074704020499622f,0.5333317107445832f,-1.215452109694296f,-0.3876055212145627f,0.0792076104152888f,-0.332524300004968f,0f,0f,0f,1f], start_interpolation: 0, interpolation_duration: 1 }
$data merge entity $(bone_body_1) { transformation: [-0.3118257258550533f,0.21221888428737803f,1.1774262001938973f,0.025633256615146174f,-0.02312960339439065f,1.2154646660760715f,-0.22520049294717917f,0.5038175f,-1.196174875675809f,-0.0788250323733188f,-0.3025836679821929f,-0.25686841040940817f,0f,0f,0f,1f], start_interpolation: 0, interpolation_duration: 1 }