# This file was generated by Animated Java via MC-Build. It is not recommended to edit this file directly.
$data merge entity $(bone_head_lower) { transformation: [-0.5974522894746228f,-0.020268517611464476f,-0.8016482701255989f,-0.3463857734709764f,-0.3355527184862785f,0.9142709766862754f,0.22696465430897478f,0.15857312873951204f,0.728323509793553f,0.4045958086571807f,-0.5530344444056288f,0.38033646680553157f,0f,0f,0f,1f], start_interpolation: 0, interpolation_duration: 1 }
$data merge entity $(bone_head_upper) { transformation: [-0.621887839175681f,0.29983304334213506f,-0.7789914018711007f,-0.39354776848282963f,-0.3492766848587346f,0.7888151775847989f,0.5824503031241907f,0.21632992898845024f,0.7581116378759802f,0.6093789496820209f,-0.3706696410349017f,0.3687022610611308f,0f,0f,0f,1f], start_interpolation: 0, interpolation_duration: 1 }
$data merge entity $(bone_neck_0) { transformation: [-0.8382804259688975f,-0.26157948779639767f,-0.47839533756254116f,-0.41996491308976514f,-0.3875442979730658f,0.9030314873917095f,0.18532012812341914f,0.213780406975027f,0.38353010904747376f,0.3407496211931734f,-0.8583672588762585f,0.3075436912395905f,0f,0f,0f,1f], start_interpolation: 0, interpolation_duration: 1 }
$data merge entity $(bone_neck_1) { transformation: [-0.9345688473223254f,0.04948638095099281f,-0.35232395279769596f,-0.44958339857236684f,-0.12769290439922237f,0.877645671218744f,0.4619876599619207f,0.25696002926343453f,0.3320776893751084f,0.4767485436699031f,-0.8139012435964916f,0.24079189440026483f,0f,0f,0f,1f], start_interpolation: 0, interpolation_duration: 1 }
$data merge entity $(bone_neck_2) { transformation: [-0.9963421433044962f,-0.06679206108717745f,0.053302476969924684f,-0.4455676378443058f,-0.03186904618507954f,0.869187514046586f,0.49345458688796184f,0.30870024098893406f,-0.07928869636118291f,0.4899509016230531f,-0.8681367499582665f,0.1695335296244992f,0f,0f,0f,1f], start_interpolation: 0, interpolation_duration: 1 }
$data merge entity $(bone_body_0) { transformation: [-0.9241522948146705f,0.04953595216215162f,0.378799056799469f,-0.26656917100689437f,0.13127460564359728f,0.9723549591653905f,0.19311346742159083f,0.4089767904389762f,-0.358761081922073f,0.2281929508767982f,-0.9051068794723874f,-0.2548661254217489f,0f,0f,0f,1f], start_interpolation: 0, interpolation_duration: 1 }
$data merge entity $(bone_leg_left_3) { transformation: [-0.20475539737356865f,0.034322293581066615f,0.9782112284214116f,-0.07471763132069778f,0.004721931907477481f,0.9994080335260455f,-0.034077644910767896f,0.04542284151245771f,-0.9788017831029187f,-0.0023585349135239386f,-0.20479625657616038f,0.04386973917310319f,0f,0f,0f,1f], start_interpolation: 0, interpolation_duration: 1 }
$data merge entity $(bone_leg_left_2) { transformation: [-0.04967510722391997f,0.253798777450109f,0.9925627253669244f,0.015040064355021865f,-0.2715867374819615f,0.954913867417599f,-0.257764135088967f,0.2596244774344366f,-0.9878437261261978f,-0.2752959968453756f,0.02095438795848521f,-0.02118629284045061f,0f,0f,0f,1f], start_interpolation: 0, interpolation_duration: 1 }
$data merge entity $(bone_leg_left_1) { transformation: [-0.010287510579886215f,-0.9993247500142151f,-0.035273377143326956f,-0.2543695914739921f,0.12936883333270258f,-0.03630890367871059f,0.990931565990198f,0.19462872752008165f,-0.9915431771174688f,0.00563094332033072f,0.12965500526057236f,-0.006785754693266408f,0f,0f,0f,1f], start_interpolation: 0, interpolation_duration: 1 }
$data merge entity $(bone_leg_left_0) { transformation: [-0.042053107862939865f,0.5553207366260374f,0.8305723421786828f,-0.10883615348110867f,0.08054878695017531f,0.8304861330115876f,-0.5511847927839765f,0.5749403217229478f,-0.995863157788219f,0.04372256109350209f,-0.07965493463371714f,-0.09892905778849473f,0f,0f,0f,1f], start_interpolation: 0, interpolation_duration: 1 }
$data merge entity $(bone_leg_right_3) { transformation: [0.2024877320903854f,-0.09952654397197525f,0.9742141373424464f,0.007758356372819145f,0.10760572269537322f,0.99105935864807f,0.0788819122440827f,0.024144985114320172f,-0.9733548822480415f,0.08885839679552619f,0.21138698759107688f,-0.6044003785142303f,0f,0f,0f,1f], start_interpolation: 0, interpolation_duration: 1 }
$data merge entity $(bone_leg_right_2) { transformation: [0.14912642588360875f,-0.4804926230307004f,0.8938402249937919f,-0.07685146132973003f,0.2811252806930174f,0.8876420912101607f,0.430258403715744f,0.24391384798094093f,-0.9750856809322691f,0.18242959361305663f,0.2607480732732692f,-0.5523052949777824f,0f,0f,0f,1f], start_interpolation: 0, interpolation_duration: 1 }
$data merge entity $(bone_leg_right_1) { transformation: [0.13428307756528018f,-0.9903395515208442f,-0.034577850903294516f,-0.3413875584053525f,-0.11929986870009328f,-0.05079661591158141f,0.9915579887934303f,0.17514954600128563f,-0.983735531739978f,-0.12902432524692697f,-0.12496850437945464f,-0.6003210192461227f,0f,0f,0f,1f], start_interpolation: 0, interpolation_duration: 1 }
$data merge entity $(bone_leg_right_0) { transformation: [0.1690839886384939f,0.6028502643156761f,0.7797321101510553f,-0.18782436554984597f,-0.07240238487093043f,0.7965828363763612f,-0.6001780397978531f,0.5451907326094791f,-0.9829387058464526f,0.04502603252687426f,0.1783372001120056f,-0.4828682858676452f,0f,0f,0f,1f], start_interpolation: 0, interpolation_duration: 1 }
$data merge entity $(bone_tail_4) { transformation: [0.48900566681106966f,0.302339877391468f,-2.7009489791489165f,0.29596079346404947f,-2.57503267393939f,-0.826270203689446f,-0.5586999286196123f,0.2274263304791619f,-0.8693339505455998f,2.6175426416075656f,0.13561096340218023f,0.5735274522355026f,0f,0f,0f,1f], start_interpolation: 0, interpolation_duration: 1 }
$data merge entity $(bone_tail_3) { transformation: [0.3407632691263163f,1.4057834592655756f,-1.497864742262833f,0.5361866066883978f,-1.850055844649507f,-0.44988491026509064f,-0.8431147402568736f,0.37478991089246655f,-0.892815374048291f,1.468782475118602f,1.175374099889872f,0.35985425021138895f,0f,0f,0f,1f], start_interpolation: 0, interpolation_duration: 1 }
$data merge entity $(bone_tail_2) { transformation: [0.6097433504074594f,1.731650461428301f,-0.6696070497476971f,0.661528017624885f,-1.588536519703586f,0.1217792474378952f,-1.1315897734887217f,0.5840043205791845f,-0.9610091816443183f,0.8974020109913885f,1.4456503237182585f,0.09061393849520219f,0f,0f,0f,1f], start_interpolation: 0, interpolation_duration: 1 }
$data merge entity $(bone_tail_1) { transformation: [1.1039814591956323f,0.7991887118880912f,0.6558800123063188f,0.5095659873863166f,-0.624344412091894f,1.2801568071543241f,-0.5089684216000784f,0.678476532950552f,-0.8240602179706956f,0.10075813558766233f,1.264289842271537f,-0.1818915099902543f,0f,0f,0f,1f], start_interpolation: 0, interpolation_duration: 1 }
$data merge entity $(bone_tail_0) { transformation: [0.638604396136729f,-0.0812781625605621f,1.1042708010762805f,0.18491100682359277f,0.014149005031931842f,1.2752624182031982f,0.08568131044262489f,0.6842128164521463f,-1.107167533607935f,-0.030583354841120867f,0.6380285475707272f,-0.3690763115853304f,0f,0f,0f,1f], start_interpolation: 0, interpolation_duration: 1 }
$data merge entity $(bone_body_1) { transformation: [-0.24842685088657573f,-0.4523353980146107f,1.123512964997642f,-0.04582202057669669f,-0.0935658188110037f,1.1506441936483842f,0.442569737137252f,0.5038175f,-1.207532248995883f,0.003901587173655243f,-0.2654340601895711f,-0.30762941031391927f,0f,0f,0f,1f], start_interpolation: 0, interpolation_duration: 1 }