# This file was generated by Animated Java via MC-Build. It is not recommended to edit this file directly.
$data merge entity $(bone_head_lower) { transformation: [-0.5786331182798502f,-0.019672157713249594f,-0.8153506734164397f,-0.34472600632434763f,-0.3598055332422763f,0.9033240975081778f,0.2335498942608999f,0.1626799953763358f,0.7319314808627773f,0.42850738741816485f,-0.5297713905545302f,0.37882921713066686f,0f,0f,0f,1f], start_interpolation: 0, interpolation_duration: 1 }
$data merge entity $(bone_head_upper) { transformation: [-0.6022989717203635f,0.30586468943442224f,-0.7919309837386616f,-0.39263850205717715f,-0.3745214296329133f,0.7756648063158835f,0.5844225779110258f,0.22026963425153404f,0.7618671734586145f,0.6231074085449749f,-0.3387735379365601f,0.369703279443354f,0f,0f,0f,1f], start_interpolation: 0, interpolation_duration: 1 }
$data merge entity $(bone_neck_0) { transformation: [-0.833054421921447f,-0.24878146592795466f,-0.49409322230512487f,-0.4202801258688757f,-0.38188436834263917f,0.9048296471189597f,0.18827543363413723f,0.21788019146494708f,0.400230757604494f,0.3455301606304677f,-0.8487780915893246f,0.30908176964263184f,0f,0f,0f,1f], start_interpolation: 0, interpolation_duration: 1 }
$data merge entity $(bone_neck_1) { transformation: [-0.9275394308873004f,0.06746497056770213f,-0.3675854756319432f,-0.45110863752798486f,-0.11963567397680908f,0.8782137378652605f,0.46306364156219637f,0.26115358052918863f,0.35405918948867515f,0.4734861226805138f,-0.8065066533932599f,0.24294136208182077f,0f,0f,0f,1f], start_interpolation: 0, interpolation_duration: 1 }
$data merge entity $(bone_neck_2) { transformation: [-0.9981151980329706f,-0.04854764735530448f,0.03753901159951972f,-0.44829525037916795f,-0.023879095328035095f,0.8707356907832882f,0.4911711978551518f,0.31270890786785904f,-0.05653176330098392f,0.48934903977878097f,-0.8702538003396862f,0.1714916352111458f,0f,0f,0f,1f], start_interpolation: 0, interpolation_duration: 1 }
$data merge entity $(bone_body_0) { transformation: [-0.9212742608582891f,0.0697821784926218f,0.3826018607440859f,-0.26731166568959275f,0.15025443908192704f,0.9712496379946972f,0.184655745189109f,0.40898883498038857f,-0.35871623857331636f,0.22760621314013701f,-0.9052723744397694f,-0.2529916064029871f,0f,0f,0f,1f], start_interpolation: 0, interpolation_duration: 1 }
$data merge entity $(bone_leg_left_3) { transformation: [-0.21061871306349217f,0.03151751454354132f,0.9770600820750364f,-0.07489342562352398f,-0.0011581164160175683f,0.999471386528448f,-0.032490095064025754f,0.04789085719284103f,-0.9775676019968365f,-0.007974571330182118f,-0.21047087622342087f,0.046890291340546654f,0f,0f,0f,1f], start_interpolation: 0, interpolation_duration: 1 }
$data merge entity $(bone_leg_left_2) { transformation: [-0.05685156114230623f,0.2564696720299726f,0.991490497597035f,0.015442581665285005f,-0.27823065629690386f,0.951800308769384f,-0.2621565822629574f,0.261220673591195f,-0.9856052969586614f,-0.28348135574679145f,0.016814251445847733f,-0.02019821206038277f,0f,0f,0f,1f], start_interpolation: 0, interpolation_duration: 1 }
$data merge entity $(bone_leg_left_1) { transformation: [-0.01704661430788008f,-0.9993009361978182f,-0.033272388775127504f,-0.2539321178381558f,0.122644797055744f,-0.035115753036962405f,0.9918291877353698f,0.1966353723139414f,-0.9923042208394529f,0.012826644253737515f,0.12315766521574822f,-0.0034830756229181636f,0f,0f,0f,1f], start_interpolation: 0, interpolation_duration: 1 }
$data merge entity $(bone_leg_left_0) { transformation: [-0.04887169399429017f,0.5561269110228335f,0.8296592170055908f,-0.10880065084433935f,0.07381786868603966f,0.830391213546021f,-0.5522692773712995f,0.5762153401451939f,-0.9960735313162272f,0.034253340008943256f,-0.08163472857462478f,-0.09920759637858012f,0f,0f,0f,1f], start_interpolation: 0, interpolation_duration: 1 }
$data merge entity $(bone_leg_right_3) { transformation: [0.19531759145310595f,-0.10112493925271554f,0.9755125755878766f,0.010822620304797664f,0.10453091493492814f,0.991150493518783f,0.08181678935487646f,0.024729571876973166f,-0.9751534885810669f,0.08599096381950828f,0.20415980958447125f,-0.6015586423779815f,0f,0f,0f,1f], start_interpolation: 0, interpolation_duration: 1 }
$data merge entity $(bone_leg_right_2) { transformation: [0.1414160722161636f,-0.49183782324075837f,0.8889090221442463f,-0.07657218167454405f,0.2767258020275522f,0.882192032289817f,0.44409711568221777f,0.24366253736324558f,-0.9774899101841694f,0.1785916383676726f,0.2543240092755491f,-0.5505529831194842f,0f,0f,0f,1f], start_interpolation: 0, interpolation_duration: 1 }
$data merge entity $(bone_leg_right_1) { transformation: [0.1313472617957743f,-0.9902295981002454f,-0.04683203887275422f,-0.3404869602710735f,-0.12388703627553266f,-0.0632670762665879f,0.9902773749326715f,0.17148696365464916f,-0.9835648931624275f,-0.12426833911702762f,-0.13098656737039197f,-0.5969540807136733f,0f,0f,0f,1f], start_interpolation: 0, interpolation_duration: 1 }
$data merge entity $(bone_leg_right_0) { transformation: [0.16565859989136383f,0.5946674856791465f,0.7867196513104748f,-0.19030713255364268f,-0.07662486744091805f,0.803091723814515f,-0.5909080409253985f,0.5438200869640698f,-0.9832018398943804f,0.03760670972941982f,0.178605367813043f,-0.4824056490444984f,0f,0f,0f,1f], start_interpolation: 0, interpolation_duration: 1 }
$data merge entity $(bone_tail_4) { transformation: [0.49315317068482784f,0.28695242587868014f,-2.70187334772114f,0.299824817539166f,-2.5876346688688656f,-0.7878450639027148f,-0.5559750959818613f,0.230274849731103f,-0.8286181884990297f,2.6310871882487037f,0.1281929683021601f,0.569090998959096f,0f,0f,0f,1f], start_interpolation: 0, interpolation_duration: 1 }
$data merge entity $(bone_tail_3) { transformation: [0.32327503382292816f,1.4158927141725348f,-1.4922086316947643f,0.5389926364321252f,-1.8492909489260272f,-0.4614805227084082f,-0.8385131122561479f,0.3769716362556871f,-0.9008672292693866f,1.455413712714825f,1.1858139340194112f,0.3537784106970277f,0f,0f,0f,1f], start_interpolation: 0, interpolation_duration: 1 }
$data merge entity $(bone_tail_2) { transformation: [0.5924255842664706f,1.741284062710476f,-0.660102730686524f,0.6625567020215511f,-1.589117371294502f,0.11159191739152444f,-1.131824676893781f,0.5862268603599281f,-0.9708304601522139f,0.8799152981544066f,1.4498314249309328f,0.08374941808838848f,0f,0f,0f,1f], start_interpolation: 0, interpolation_duration: 1 }
$data merge entity $(bone_tail_1) { transformation: [1.100043292658109f,0.8009264692681656f,0.6603618667848229f,0.5096127468282535f,-0.6267794181770238f,1.2794657411334438f,-0.5077117570191964f,0.6804394264387139f,-0.827471186947061f,0.09560574298376592f,1.2624607822348166f,-0.18829619566325634f,0f,0f,0f,1f], start_interpolation: 0, interpolation_duration: 1 }
$data merge entity $(bone_tail_0) { transformation: [0.6267105167499378f,-0.09680906708127601f,1.109818746151779f,0.18296173937626548f,0.033021688227607975f,1.2744352076752696f,0.09252127392291576f,0.6841569515722399f,-1.1135435388370103f,-0.016691990671383165f,0.6273578573237144f,-0.37202755019553024f,0f,0f,0f,1f], start_interpolation: 0, interpolation_duration: 1 }
$data merge entity $(bone_body_1) { transformation: [-0.2563470934152289f,-0.45410697184365967f,1.121016333902765f,-0.04707152819734588f,-0.10188673120562053f,1.1499526337152248f,0.4425298060830501f,0.5038175f,-1.2052011685847503f,-0.0006272086175561798f,-0.27585203444519407f,-0.3078535693071488f,0f,0f,0f,1f], start_interpolation: 0, interpolation_duration: 1 }