# This file was generated by Animated Java via MC-Build. It is not recommended to edit this file directly.
$data merge entity $(bone_head_lower) { transformation: [-0.5509652726405299f,-0.06898552906905231f,-0.8316719696630456f,-0.3193314208411135f,-0.4361124685766177f,0.8734699616111679f,0.21646279337335067f,0.1577649975517733f,0.711507683090039f,0.48196599770320736f,-0.5113370649207786f,0.3843598748839107f,0f,0f,0f,1f], start_interpolation: 0, interpolation_duration: 1 }
$data merge entity $(bone_head_upper) { transformation: [-0.573499522722664f,0.264943049664101f,-0.8272698595108309f,-0.3705900300000524f,-0.45394928682787283f,0.7537614949892236f,0.5560985490392722f,0.21288556275232887f,0.740608050866887f,0.6671736892967256f,-0.2997514401714425f,0.3789069150583378f,0f,0f,0f,1f], start_interpolation: 0, interpolation_duration: 1 }
$data merge entity $(bone_neck_0) { transformation: [-0.8219864122664323f,-0.2727332287003887f,-0.4999549219799926f,-0.3982254766346828f,-0.40734231134023313f,0.8950696911214959f,0.18144555499561493f,0.21022113569054005f,0.39800826554401536f,0.3527985742577931f,-0.8468309078914829f,0.3182940519677875f,0f,0f,0f,1f], start_interpolation: 0, interpolation_duration: 1 }
$data merge entity $(bone_neck_1) { transformation: [-0.9214560314210004f,0.049625849546879576f,-0.3852999574547224f,-0.43063682000740805f,-0.14380950831346412f,0.87777442907903f,0.4569801713133981f,0.2529771511384968f,0.36088447940649937f,0.47649693253129494f,-0.8016938728790227f,0.25257522050890785f,0f,0f,0f,1f], start_interpolation: 0, interpolation_duration: 1 }
$data merge entity $(bone_neck_2) { transformation: [-0.9976196546082972f,-0.06606210902199303f,0.01976923091039051f,-0.42955167644656944f,-0.04762868747121471f,0.8674523753841661f,0.49523518107070824f,0.30485636817689454f,-0.04986514683615595f,0.49311476776906016f,-0.8685339906641965f,0.18131303069498317f,0f,0f,0f,1f], start_interpolation: 0, interpolation_duration: 1 }
$data merge entity $(bone_body_0) { transformation: [-0.9395099920423673f,0.038156131368218715f,0.3403896069088513f,-0.2687638463250072f,0.11242294059498403f,0.973072919627802f,0.20122170736528852f,0.4089611401773567f,-0.32354606670538855f,0.2273174052421776f,-0.9185013554663031f,-0.24940773132451416f,0f,0f,0f,1f], start_interpolation: 0, interpolation_duration: 1 }
$data merge entity $(bone_leg_left_3) { transformation: [-0.23303543106189806f,0.030983169744725925f,0.9719745526825095f,-0.07410199660896831f,0.013865074311590342f,0.9994965940658689f,-0.028536260530445556f,0.04363882216581602f,-0.9723693987287596f,0.006826539628310672f,-0.2333477035939581f,0.04123356601463528f,0f,0f,0f,1f], start_interpolation: 0, interpolation_duration: 1 }
$data merge entity $(bone_leg_left_2) { transformation: [-0.08345558081010379f,0.2634138662975554f,0.9877805933376682f,0.017696766723921398f,-0.2652067033152379f,0.9515580179975418f,-0.27616108053443644f,0.2564995642902948f,-0.9873007495434236f,-0.27787168428513526f,-0.009314318237563268f,-0.025357451238323572f,0f,0f,0f,1f], start_interpolation: 0, interpolation_duration: 1 }
$data merge entity $(bone_leg_left_1) { transformation: [-0.04031079510912373f,-0.9989550734171779f,-0.02153604169177825f,-0.2517431038074609f,0.13537015045959946f,-0.02681488650208924f,0.9904321704318901f,0.19399000824106505f,-0.9899747280421939f,0.037009771087644396f,0.1363096279865238f,-0.002816439053291986f,0f,0f,0f,1f], start_interpolation: 0, interpolation_duration: 1 }
$data merge entity $(bone_leg_left_0) { transformation: [-0.07259863920084769f,0.563263366454235f,0.8230819021196052f,-0.10603306331977072f,0.086835076819428f,0.8256954533342287f,-0.5573927589922087f,0.573656935438128f,-0.9935739061690122f,0.031006424395996462f,-0.10885538400201522f,-0.09730922744621012f,0f,0f,0f,1f], start_interpolation: 0, interpolation_duration: 1 }
$data merge entity $(bone_leg_right_3) { transformation: [0.17113034686799034f,-0.09617760413118509f,0.9805428460013494f,0.010496708846058606f,0.1225691799242846f,0.9895709190756199f,0.07567160796838657f,0.033410119872335914f,-0.9775945992657332f,0.10723462399532104f,0.1811340246973285f,-0.6091630687232432f,0f,0f,0f,1f], start_interpolation: 0, interpolation_duration: 1 }
$data merge entity $(bone_leg_right_2) { transformation: [0.11742805418990884f,-0.5060832761951186f,0.8843938993149383f,-0.08032101056247287f,0.2925791914592502f,0.8695054534537967f,0.45871547024256f,0.24981304028135864f,-0.9760482919993853f,0.19975530899181831f,0.24390520231302967f,-0.5535484128680191f,0f,0f,0f,1f], start_interpolation: 0, interpolation_duration: 1 }
$data merge entity $(bone_leg_right_1) { transformation: [0.11420077873213161f,-0.9912465166283682f,-0.06624594635976244f,-0.3438238962201958f,-0.10801492293042426f,-0.0786758774636066f,0.9910312218742988f,0.17372749865505044f,-0.9875682045111158f,-0.10602098649539793f,-0.11605426257244232f,-0.5958639568825999f,0f,0f,0f,1f], start_interpolation: 0, interpolation_duration: 1 }
$data merge entity $(bone_leg_right_0) { transformation: [0.14783110094459145f,0.5836957940916154f,0.7984016442576184f,-0.1968299948561369f,-0.06026600724891468f,0.8110877343858539f,-0.5818115635659852f,0.5465574687819698f,-0.9871747433781841f,0.03789336470387866f,0.15508100769480135f,-0.4788259933776462f,0f,0f,0f,1f], start_interpolation: 0, interpolation_duration: 1 }
$data merge entity $(bone_tail_4) { transformation: [0.504098316812623f,0.3115550260167612f,-2.6971243360939767f,0.3130671229427112f,-2.5307439189086813f,-0.9395809794622749f,-0.5815360105268126f,0.2251994342587439f,-0.9833012943617084f,2.577941500576847f,0.11400664765785774f,0.5564025969350547f,0f,0f,0f,1f], start_interpolation: 0, interpolation_duration: 1 }
$data merge entity $(bone_tail_3) { transformation: [0.33390855599623276f,1.419736196285311f,-1.4862031271782035f,0.5511790187079888f,-1.8410773470348352f,-0.4627620080064222f,-0.8557050030387112f,0.3748238704884157f,-0.9137203097841967f,1.4512566909226028f,1.1810650865150034f,0.3419359174419825f,0f,0f,0f,1f], start_interpolation: 0, interpolation_duration: 1 }
$data merge entity $(bone_tail_2) { transformation: [0.5975864969638612f,1.7542369851995878f,-0.6199329426696879f,0.6672825068377135f,-1.577496080924159f,0.1324827731087415f,-1.1457435596594525f,0.5866801488425865f,-0.9864939778418101f,0.8508083154213141f,1.4566155007738193f,0.07062727155104967f,0f,0f,0f,1f], start_interpolation: 0, interpolation_duration: 1 }
$data merge entity $(bone_tail_1) { transformation: [1.1039862618513825f,0.7801936404018253f,0.6783571825520524f,0.5107158308781985f,-0.6101118233490336f,1.292825382912285f,-0.4939861762310979f,0.6777598915012021f,-0.8346461206122805f,0.08692906748752535f,1.2583582322107723f,-0.20042260108322538f,0f,0f,0f,1f], start_interpolation: 0, interpolation_duration: 1 }
$data merge entity $(bone_tail_0) { transformation: [0.597516750775452f,-0.0699090280020227f,1.1277952726140446f,0.17946081044178513f,-0.007534506212001562f,1.2754923013806219f,0.08305622745426307f,0.684268832755173f,-1.1299348124307504f,-0.04547343737398126f,0.5958315221054578f,-0.3756357753031024f,0f,0f,0f,1f], start_interpolation: 0, interpolation_duration: 1 }
$data merge entity $(bone_body_1) { transformation: [-0.28556660773780257f,-0.45004864162205765f,1.1155772173074865f,-0.04958129605365379f,-0.08523088427722121f,1.1512684943421019f,0.4426298062228108f,0.5038175f,-1.1999133318563875f,0.025331189582426073f,-0.29693588857511355f,-0.3083085759996626f,0f,0f,0f,1f], start_interpolation: 0, interpolation_duration: 1 }