# This file was generated by Animated Java via MC-Build. It is not recommended to edit this file directly.
$data merge entity $(bone_head_lower) { transformation: [-0.47393989574611883f,-0.07335678841602869f,-0.877496300170801f,-0.27073009889894695f,-0.5251921488545505f,0.823422450007277f,0.2148224280785252f,0.1565820991662012f,0.7067914699553878f,0.5626670866660848f,-0.4287791594527449f,0.38710219725065553f,0f,0f,0f,1f], start_interpolation: 0, interpolation_duration: 1 }
$data merge entity $(bone_head_upper) { transformation: [-0.4933238400071786f,0.2789927948098725f,-0.8730787776072992f,-0.3248062820484085f,-0.5466722889126396f,0.706285928632839f,0.5345853890013932f,0.20912476862580326f,0.7356989465801174f,0.7118954628616001f,-0.18821225396206454f,0.39034114674729203f,0f,0f,0f,1f], start_interpolation: 0, interpolation_duration: 1 }
$data merge entity $(bone_neck_0) { transformation: [-0.7876529576287213f,-0.2712761814065501f,-0.5531835606199885f,-0.35591833686827096f,-0.4273074941561202f,0.8873462146189006f,0.1732772369341256f,0.20606398055741512f,0.44385935134538435f,0.3728618092577842f,-0.8148392156863009f,0.33145644690443665f,0f,0f,0f,1f], start_interpolation: 0, interpolation_duration: 1 }
$data merge entity $(bone_neck_1) { transformation: [-0.8912591771261922f,0.0657250767019443f,-0.4487062440849988f,-0.3936268577989927f,-0.16048920407831793f,0.8796976808769688f,0.44763289159085556f,0.2480370189104528f,0.42414654845071076f,0.4709694305920567f,-0.7734904659303451f,0.2681013496733299f,0f,0f,0f,1f], start_interpolation: 0, interpolation_duration: 1 }
$data merge entity $(bone_neck_2) { transformation: [-0.9976688613651875f,-0.04836376027351665f,-0.04814342898564966f,-0.3983180946942809f,-0.06585320850579003f,0.8673185883468014f,0.4933779699556968f,0.2997522204673795f,0.017894077002836684f,0.4953982367755433f,-0.8684816572662309f,0.1968661012463091f,0f,0f,0f,1f], start_interpolation: 0, interpolation_duration: 1 }
$data merge entity $(bone_body_0) { transformation: [-0.9613243505796117f,0.035769611433573434f,0.27308611806640615f,-0.2692728810616074f,0.09438659737506755f,0.974274123126385f,0.2046487313478162f,0.4054835789842954f,-0.25874053261645097f,0.2225094782345347f,-0.9399696106136358f,-0.24401837043282587f,0f,0f,0f,1f], start_interpolation: 0, interpolation_duration: 1 }
$data merge entity $(bone_leg_left_3) { transformation: [-0.25035370081844555f,-0.00041755830392808946f,0.9681543524312489f,-0.06593160740743427f,-0.010585936616354617f,0.9999413081213505f,-0.002306134973499241f,0.050905929482316536f,-0.9680965666876745f,-0.010826170034887598f,-0.2503434273351568f,0.051093701875118164f,0f,0f,0f,1f], start_interpolation: 0, interpolation_duration: 1 }
$data merge entity $(bone_leg_left_2) { transformation: [-0.09835084132382332f,0.24916772370196225f,0.9901034072140005f,0.02259507794013843f,-0.2885182916279103f,0.9473608368598543f,-0.267070851425239f,0.26303307848154306f,-0.9793602538941953f,-0.3041136132271503f,-0.020750972095764725f,-0.02195539603065609f,0f,0f,0f,1f], start_interpolation: 0, interpolation_duration: 1 }
$data merge entity $(bone_leg_left_1) { transformation: [-0.06099075323564964f,-0.9975895299911511f,-0.0330946773935345f,-0.24544893613182356f,0.11245593981718183f,-0.0398130821215964f,0.9928587916173239f,0.19731997081458574f,-0.9917831363859656f,0.05683351250814115f,0.11461309801416447f,0.007157825376573043f,0f,0f,0f,1f], start_interpolation: 0, interpolation_duration: 1 }
$data merge entity $(bone_leg_left_0) { transformation: [-0.09257284003835536f,0.5506858833346975f,0.8295633352451863f,-0.10752736613670122f,0.0633636123515826f,0.8347103429909555f,-0.5470317138280739f,0.5769538236412367f,-0.9936877386367368f,0.001923850255448195f,-0.11216495389917105f,-0.09849754307447353f,0f,0f,0f,1f], start_interpolation: 0, interpolation_duration: 1 }
$data merge entity $(bone_leg_right_3) { transformation: [0.14859112199483984f,-0.11532806358055125f,0.982150760430941f,0.027345672852479214f,0.1132990663444533f,0.9886217017719661f,0.09894671470532684f,0.03646251467797321f,-0.9823868891784896f,0.09657416081055249f,0.15996696982173444f,-0.6005188548941279f,0f,0f,0f,1f], start_interpolation: 0, interpolation_duration: 1 }
$data merge entity $(bone_leg_right_2) { transformation: [0.09111291143184219f,-0.5519169529667756f,0.8597373516946779f,-0.0748769830844111f,0.27878266811052343f,0.8438236601936596f,0.5121562788439167f,0.248552010347312f,-0.9828737766530786f,0.18817945431406657f,0.22496629001356852f,-0.5481772222681838f,0f,0f,0f,1f], start_interpolation: 0, interpolation_duration: 1 }
$data merge entity $(bone_leg_right_1) { transformation: [0.10901491828784063f,-0.9868032394772297f,-0.11972933703959715f,-0.33443949036554815f,-0.12156312464796122f,-0.13277772354209783f,0.9836627892000404f,0.157889660956757f,-0.9865790157491289f,-0.09267924626486945f,-0.13443363788596968f,-0.5858737589351021f,0f,0f,0f,1f], start_interpolation: 0, interpolation_duration: 1 }
$data merge entity $(bone_leg_right_0) { transformation: [0.1402795776590018f,0.5438217822502692f,0.8273932011093355f,-0.20458345779101267f,-0.07223935727946051f,0.8390505958728998f,-0.5392361011886929f,0.5396250593204829f,-0.9874730960140954f,0.015873459467702744f,0.15698699924791434f,-0.47760199435845085f,0f,0f,0f,1f], start_interpolation: 0, interpolation_duration: 1 }
$data merge entity $(bone_tail_4) { transformation: [0.7532272839754154f,0.37280408171239426f,-2.6304613867026445f,0.3383108416190147f,-2.4735485662008396f,-0.8993004837078791f,-0.8357496408904653f,0.23561568660391338f,-0.9694676275775204f,2.5841704835906927f,0.0886383800498469f,0.5373681403832219f,0f,0f,0f,1f], start_interpolation: 0, interpolation_duration: 1 }
$data merge entity $(bone_tail_3) { transformation: [0.39994914056787156f,1.4277025158534604f,-1.4620710438378728f,0.5722528711388125f,-1.8339624511479244f,-0.4064061897982346f,-0.8985328389756382f,0.39195065521909245f,-0.9014255037344793f,1.460289375830636f,1.1793780251037655f,0.3230991322485532f,0f,0f,0f,1f], start_interpolation: 0, interpolation_duration: 1 }
$data merge entity $(bone_tail_2) { transformation: [0.6490509251767446f,1.7625863033805793f,-0.5392553149160189f,0.6733986063383428f,-1.5604472358629007f,0.22113578717738325f,-1.155368885992715f,0.6056299626396096f,-0.9810765493160155f,0.8143478137549103f,1.480911988477896f,0.04726915236896273f,0f,0f,0f,1f], start_interpolation: 0, interpolation_duration: 1 }
$data merge entity $(bone_tail_1) { transformation: [1.0834186489132573f,0.7648552145594232f,0.7272253996858417f,0.5065231814054568f,-0.5993033858162625f,1.3037192425271011f,-0.47833862316744297f,0.6931990342017496f,-0.8687322561849173f,0.05448749788548036f,1.2369283041623893f,-0.21874010923303816f,0f,0f,0f,1f], start_interpolation: 0, interpolation_duration: 1 }
$data merge entity $(bone_tail_0) { transformation: [0.5645022056080841f,-0.12120532350815928f,1.140386884351499f,0.17035072837618043f,0.02316865111452769f,1.27200274045765f,0.12372533474510766f,0.6877393077461602f,-1.146575854469808f,-0.033970787531909005f,0.5639552394696942f,-0.38436071336214533f,0f,0f,0f,1f], start_interpolation: 0, interpolation_duration: 1 }
$data merge entity $(bone_body_1) { transformation: [-0.3052523734561461f,-0.4750537025523679f,1.0998861592214562f,-0.05335915860903874f,-0.11740318111798828f,1.1414216524050016f,0.4604103599406323f,0.5038175f,-1.19232632975164f,0.009229635343400204f,-0.32692098780693407f,-0.3089778445690552f,0f,0f,0f,1f], start_interpolation: 0, interpolation_duration: 1 }