# This file was generated by Animated Java via MC-Build. It is not recommended to edit this file directly.
$data merge entity $(bone_head_lower) { transformation: [-0.771709428220416f,-0.05528713224074758f,-0.6335675902414141f,-0.24772981852612244f,-0.31809443404738447f,0.8962048879115739f,0.30924542019483026f,0.16288474514377893f,0.5507090787555555f,0.4401819304469425f,-0.7091962906588067f,0.4998777740035803f,0f,0f,0f,1f], start_interpolation: 0, interpolation_duration: 1 }
$data merge entity $(bone_head_upper) { transformation: [-0.803272022289036f,0.20865737459921305f,-0.6282420718294446f,-0.2866031842565145f,-0.331104363860575f,0.7287613461829866f,0.6653936752972275f,0.22501659125223666f,0.5732328506145417f,0.713330878988448f,-0.4960192522890639f,0.48187911772754205f,0f,0f,0f,1f], start_interpolation: 0, interpolation_duration: 1 }
$data merge entity $(bone_neck_0) { transformation: [-0.9105788791452375f,-0.15877067348954996f,-0.38162544214750366f,-0.3084084243674041f,-0.22872443987132235f,0.9625904647000241f,0.14527466356575008f,0.21885958187382298f,0.3442836555228156f,0.21957110581373557f,-0.9128292797843313f,0.4191785675424164f,0f,0f,0f,1f], start_interpolation: 0, interpolation_duration: 1 }
$data merge entity $(bone_neck_1) { transformation: [-0.9395381424515908f,0.22947211686434307f,-0.2541862043078093f,-0.32888418270782765f,0.06274937780351572f,0.8450673251154138f,0.5309649061920678f,0.26773239787607594f,0.3366460967602115f,0.48291175550412613f,-0.8083722174419639f,0.35292354493336625f,0f,0f,0f,1f], start_interpolation: 0, interpolation_duration: 1 }
$data merge entity $(bone_neck_2) { transformation: [-0.9928194460456566f,0.11909880664185589f,0.011181315221444693f,-0.32673856388078704f,0.10721154668168088f,0.8444581284502692f,0.5247820057437093f,0.3219750103081265f,0.0530587581056816f,0.5222125463360244f,-0.8511632185647642f,0.2834680504744248f,0f,0f,0f,1f], start_interpolation: 0, interpolation_duration: 1 }
$data merge entity $(bone_body_0) { transformation: [-0.9799440818127747f,0.15263557070533484f,0.12810924664353723f,-0.26490711174193116f,0.18208392986514746f,0.9470560775119915f,0.2644432425539835f,0.45562801182005785f,-0.08096319537284813f,0.28246622559707485f,-0.9558544828539335f,-0.16433173895872924f,0f,0f,0f,1f], start_interpolation: 0, interpolation_duration: 1 }
$data merge entity $(bone_leg_left_3) { transformation: [-0.642262209328563f,-0.11739926421025337f,0.757440867151545f,0.220705863029988f,-0.07741410690236748f,0.99308290622186f,0.0882802210149772f,0.024713422337695468f,-0.7625656106335388f,-0.0019375584727984695f,-0.6469079805863138f,-0.1477053350328693f,0f,0f,0f,1f], start_interpolation: 0, interpolation_duration: 1 }
$data merge entity $(bone_leg_left_2) { transformation: [-0.5540402179456495f,-0.15038005825608092f,0.8499926320141424f,0.21106154338806082f,-0.1866201464953024f,1.0069961321671468f,0.0565146903306782f,0.2608997972789944f,-0.8427778813670321f,-0.12412424170966062f,-0.5712974836275693f,-0.19560163402087158f,0f,0f,0f,1f], start_interpolation: 0, interpolation_duration: 1 }
$data merge entity $(bone_leg_left_1) { transformation: [-0.5531374608093711f,-0.8323902804903875f,-0.03413752179780016f,-0.0022462792415319094f,0.21450639226764034f,-0.1818991548086898f,0.9596351937878298f,0.15631600035102616f,-0.8050005944877822f,0.523487457753305f,0.2791682726408917f,-0.05216039906760814f,0f,0f,0f,1f], start_interpolation: 0, interpolation_duration: 1 }
$data merge entity $(bone_leg_left_0) { transformation: [-0.5698966286103803f,0.28194661506446483f,0.7718315483006721f,-0.020641873558149892f,0.15857224268854922f,0.9593714786344486f,-0.23336925639740028f,0.5704322250908298f,-0.8062708456512898f,-0.01060529285037698f,-0.591451478327945f,-0.10192618130243178f,0f,0f,0f,1f], start_interpolation: 0, interpolation_duration: 1 }
$data merge entity $(bone_leg_right_3) { transformation: [-0.35057916639298f,-0.2871622550044082f,0.8914213859853187f,0.0013358457951926361f,0.25745511507910396f,0.8856083975321898f,0.3865418863979328f,0.22620426710920716f,-0.9004505049200698f,0.36501452782218186f,-0.23654446234892282f,-0.7187795761961784f,0f,0f,0f,1f], start_interpolation: 0, interpolation_duration: 1 }
$data merge entity $(bone_leg_right_2) { transformation: [-0.4374599749050979f,-0.581002481568568f,0.7232752493123841f,-0.1110638783259271f,0.3953103953216261f,0.6066876563559644f,0.7264447525288219f,0.38945939966754384f,-0.8392977190528907f,0.5885816880749581f,-0.03483008406739416f,-0.5813563766377643f,0f,0f,0f,1f], start_interpolation: 0, interpolation_duration: 1 }
$data merge entity $(bone_leg_right_1) { transformation: [-0.3322026561512219f,-0.8590558124589539f,-0.38944127455440514f,-0.33040401580321116f,0.02277076247694563f,-0.4200742190418713f,0.9072040249428903f,0.22767715617179002f,-0.9429331299844605f,0.2925077119955101f,0.15911112720630227f,-0.5291089322917262f,0f,0f,0f,1f], start_interpolation: 0, interpolation_duration: 1 }
$data merge entity $(bone_leg_right_0) { transformation: [-0.3213758691645306f,0.20862117105474287f,0.9236854213997805f,-0.28631815014786166f,0.08015986410267163f,0.9779226219360795f,-0.19298119517897275f,0.6180305971506928f,-0.9435528320691872f,0.012022998519973127f,-0.3310037773210525f,-0.38773034080842605f,0f,0f,0f,1f], start_interpolation: 0, interpolation_duration: 1 }
$data merge entity $(bone_tail_4) { transformation: [0.9503382700258035f,2.532041352571874f,-0.5579292903140655f,1.2361167655637337f,-2.5905631577178516f,0.9027021992049977f,-0.3158680057007499f,0.2613182013074812f,-0.10724285523647528f,0.632104943831683f,2.686001422483665f,-0.04212643767916363f,0f,0f,0f,1f], start_interpolation: 0, interpolation_duration: 1 }
$data merge entity $(bone_tail_3) { transformation: [0.4347698485361765f,1.777176704686489f,0.994265389706363f,1.050135028426876f,-1.9113599211043337f,0.7068938278401193f,-0.42772642448417975f,0.3269272855809287f,-0.7025837721185336f,-0.8233405143229978f,1.7788850346985547f,-0.3357025691120888f,0f,0f,0f,1f], start_interpolation: 0, interpolation_duration: 1 }
$data merge entity $(bone_tail_2) { transformation: [-0.17047004959336723f,1.335595145502548f,1.4162977951350624f,0.7870401171938028f,-1.247799957257211f,1.016289389924162f,-1.1085689052103402f,0.5323269733546347f,-1.4942252520498085f,-1.0010571203684526f,0.7641658281414347f,-0.47910242934516606f,0f,0f,0f,1f], start_interpolation: 0, interpolation_duration: 1 }
$data merge entity $(bone_tail_1) { transformation: [0.16451657901509226f,0.47206591161112943f,1.4274958214733677f,0.47393125040414597f,-0.3752602257139428f,1.4034616581367807f,-0.42086979831900406f,0.6060961024596174f,-1.4559430992405893f,-0.3083916328870029f,0.26977869178086794f,-0.5319950576369933f,0f,0f,0f,1f], start_interpolation: 0, interpolation_duration: 1 }
$data merge entity $(bone_tail_0) { transformation: [-0.16822015091312298f,0.18455082092060007f,1.2535863320522949f,0.11205772817858264f,0.11658733556642215f,1.261475421407308f,-0.17006725421081126f,0.6862353559105587f,-1.2617230641453443f,0.09195907930604152f,-0.1828500853729539f,-0.4763428764652569f,0f,0f,0f,1f], start_interpolation: 0, interpolation_duration: 1 }
$data merge entity $(bone_body_1) { transformation: [-0.8355819054496048f,-0.14833413957346725f,0.8991131504868879f,-0.08698212778788947f,0.14970225769725212f,1.1809599961235546f,0.33395705809647075f,0.5290489814814813f,-0.8988863712293137f,0.334566982305641f,-0.7801748656713721f,-0.3174986092167373f,0f,0f,0f,1f], start_interpolation: 0, interpolation_duration: 1 }