# This file was generated by Animated Java via MC-Build. It is not recommended to edit this file directly.
$data merge entity $(bone_head_lower) { transformation: [-0.4034881576222224f,0.1665497053104262f,-0.8996991176608073f,0.5232322714673284f,0.03199397413528613f,0.985260800225423f,0.16804029623334288f,0.46597636738289144f,0.9144253344465341f,0.039017319233504405f,-0.4028696520242935f,0.4011508602735934f,0f,0f,0f,1f], start_interpolation: 0, interpolation_duration: 1 }
$data merge entity $(bone_head_upper) { transformation: [-0.41999065514890566f,0.3585649736538767f,-0.8823326763980213f,0.4703276858751517f,0.03330251434659678f,0.9692531611264942f,0.37803597020389473f,0.5138118328046144f,0.9518249496148414f,0.12430370830510275f,-0.4025540907453456f,0.3764865223947032f,0f,0f,0f,1f], start_interpolation: 0, interpolation_duration: 1 }
$data merge entity $(bone_neck_0) { transformation: [-0.47042389977165494f,-0.19462382664762737f,-0.8607107066980535f,0.41798363309626013f,0.011126006254223775f,0.9739896022803222f,-0.22631939076148735f,0.4833643240828341f,0.8823704247698125f,-0.11604232310176371f,-0.45602260112924964f,0.34859771450310245f,0f,0f,0f,1f], start_interpolation: 0, interpolation_duration: 1 }
$data merge entity $(bone_neck_1) { transformation: [-0.5464490049687858f,0.36609955938240346f,-0.7532360835678508f,0.3558612255020962f,0.27358770965185114f,0.928084841238647f,0.25260303361299885f,0.5090386872976526f,0.7915448503376664f,-0.06804145856053867f,-0.6073113779774556f,0.29683701133216994f,0f,0f,0f,1f], start_interpolation: 0, interpolation_duration: 1 }
$data merge entity $(bone_neck_2) { transformation: [-0.6599383768316454f,0.3004620249863583f,-0.6886246512621447f,0.2984742523800299f,0.18865914547962784f,0.9534578591451021f,0.23521445036675623f,0.5389801856103508f,0.7272475958101959f,0.025311704319061795f,-0.6859083408245991f,0.23699411376847765f,0f,0f,0f,1f], start_interpolation: 0, interpolation_duration: 1 }
$data merge entity $(bone_body_0) { transformation: [-0.6872385958017114f,0.1451267926005941f,-0.7117874166560942f,-0.03560597377916347f,0.18890591132026502f,0.9818339262462706f,0.01779600910577514f,0.556720573406772f,0.7014397116707554f,-0.12223074630098926f,-0.7021694777971703f,-0.09510012862873676f,0f,0f,0f,1f], start_interpolation: 0, interpolation_duration: 1 }
$data merge entity $(bone_leg_left_3) { transformation: [-0.925386636377375f,-0.09684143511295022f,-0.3664441426185339f,0.022190628998202983f,-0.11135165420226988f,0.9936067250268343f,0.018614109913385746f,0.02456273587060187f,0.3622987473351049f,0.058029410015212946f,-0.9302538391496701f,-0.7018710281258812f,0f,0f,0f,1f], start_interpolation: 0, interpolation_duration: 1 }
$data merge entity $(bone_leg_left_2) { transformation: [-0.9465979774892896f,-0.027338905850206867f,-0.3940394050609587f,0.0021718556205539696f,-0.10239068594794024f,1.0052473967820057f,0.1762271777984481f,0.2641718069595994f,0.3814847519167587f,0.20197142122243197f,-0.9304510350174773f,-0.6829550605234107f,0f,0f,0f,1f], start_interpolation: 0, interpolation_duration: 1 }
$data merge entity $(bone_leg_left_1) { transformation: [-0.9013446002748784f,0.32644213939623057f,0.2846286021849031f,0.09371119092987404f,0.293042111365613f,-0.024242750474817363f,0.9557921374523853f,0.20105806169241902f,0.3189110103488173f,0.9449062486171991f,-0.07381022153109126f,-0.42869025582318687f,0f,0f,0f,1f], start_interpolation: 0, interpolation_duration: 1 }
$data merge entity $(bone_leg_left_0) { transformation: [-0.9171294624822569f,0.23886323885767954f,-0.3190891758888504f,0.10683271332932512f,0.23683615770710442f,0.9704715017674321f,0.04575695203791959f,0.6059100839932755f,0.32059660548661784f,-0.03360680555607813f,-0.9466194584788408f,-0.3275470689380557f,0f,0f,0f,1f], start_interpolation: 0, interpolation_duration: 1 }
$data merge entity $(bone_leg_right_3) { transformation: [-0.9136808610042977f,0.3835194800917291f,0.1345365847069695f,-0.513586022171447f,0.39819698986005175f,0.7784030561449153f,0.4853121051969036f,0.4180216845636765f,0.08140295756813484f,0.4969924451884823f,-0.8639282770720811f,-0.6021556331913376f,0f,0f,0f,1f], start_interpolation: 0, interpolation_duration: 1 }
$data merge entity $(bone_leg_right_2) { transformation: [-0.8632548345825026f,0.4617955222956251f,0.3059382056205824f,-0.3951480607245295f,0.5176717077832335f,0.4709142037096514f,0.7498786669895272f,0.5501626066815982f,0.19715296860920278f,0.7855233337291202f,-0.6294013017434607f,-0.4388084628572926f,0f,0f,0f,1f], start_interpolation: 0, interpolation_duration: 1 }
$data merge entity $(bone_leg_right_1) { transformation: [-0.9842734726378635f,-0.06181548146381974f,0.16548286108475938f,-0.44032040707416364f,0.1740289332412981f,-0.500129972164663f,0.8482829370778769f,0.3727690713580766f,0.030325920535037458f,0.8637411980413864f,0.5030223467697368f,-0.23023143053959755f,0f,0f,0f,1f], start_interpolation: 0, interpolation_duration: 1 }
$data merge entity $(bone_leg_right_0) { transformation: [-0.9725242573480297f,0.22907441135354548f,-0.04149075719591372f,-0.23391987545460982f,0.2311703577308994f,0.9713099486703444f,-0.05583233221513276f,0.7318025477471397f,0.02751062660557957f,-0.06388973060703568f,-0.9975777001049736f,-0.17730637084569936f,0f,0f,0f,1f], start_interpolation: 0, interpolation_duration: 1 }
$data merge entity $(bone_tail_4) { transformation: [-2.782565685195858f,1.0274850567209055f,0.11835346262790125f,-0.09457337384641314f,1.0338262195724104f,2.7731279959897663f,0.23101805538239906f,0.5398538260379172f,-0.030601170327197887f,0.2577604554684154f,-2.957199349435474f,-2.0493273001174632f,0f,0f,0f,1f], start_interpolation: 0, interpolation_duration: 1 }
$data merge entity $(bone_tail_3) { transformation: [-2.108113005986573f,0.6627070827566914f,0.356939665755283f,-0.1615822598367746f,0.6903974272080056f,2.125260536276119f,0.13170457086612128f,0.496724255033732f,-0.2998966405779565f,0.2341239499636429f,-2.2058955164645946f,-1.6775800241218923f,0f,0f,0f,1f], start_interpolation: 0, interpolation_duration: 1 }
$data merge entity $(bone_tail_2) { transformation: [-2.0740115932696996f,0.22723830476090298f,0.24476360663376034f,-0.20856282520142386f,0.21574030669566893f,2.0867647320207934f,-0.10926862569436514f,0.5176931336797594f,-0.25495605572300883f,-0.08274216182616695f,-2.0835598632164594f,-1.2904590110417644f,0f,0f,0f,1f], start_interpolation: 0, interpolation_duration: 1 }
$data merge entity $(bone_tail_1) { transformation: [-1.5476059956603723f,0.39332456047290354f,0.3064053299652604f,-0.27782728078103613f,0.35805364896356534f,1.5721119105095591f,-0.20960553237955237f,0.5432383872550822f,-0.34696688684397364f,-0.13203289313287433f,-1.5829889603124274f,-0.9478720000944675f,0f,0f,0f,1f], start_interpolation: 0, interpolation_duration: 1 }
$data merge entity $(bone_tail_0) { transformation: [-1.328021413134644f,0.2445108484161543f,-0.25431274297623496f,-0.1976107041751731f,0.31888173669146624f,1.2556767167014264f,-0.45792119531201053f,0.7073553195698061f,0.15091376424275713f,-0.5015893022365595f,-1.2703285431813864f,-0.588756717960435f,0f,0f,0f,1f], start_interpolation: 0, interpolation_duration: 1 }
$data merge entity $(bone_body_1) { transformation: [-1.0717053892722008f,0.4239183037733381f,-0.44759962621421706f,-0.12210396704540272f,0.39594602158495f,1.1613618496507427f,0.15188810757628812f,0.5938175f,0.4725239693943803f,-0.011684218330363861f,-1.1424487614094723f,-0.32236636906922406f,0f,0f,0f,1f], start_interpolation: 0, interpolation_duration: 1 }