# This file was generated by Animated Java via MC-Build. It is not recommended to edit this file directly.
$data merge entity $(bone_head_lower) { transformation: [0.2787816073467966f,0.22791447764164707f,-0.9329178990063767f,0.8889879671394931f,0.13311449332971126f,0.9528829785220498f,0.2725702861805023f,0.6725506090485442f,0.9510843007171923f,-0.20017247594082932f,0.23530752815200637f,-0.20325060348835702f,0f,0f,0f,1f], start_interpolation: 0, interpolation_duration: 1 }
$data merge entity $(bone_head_upper) { transformation: [0.2901836589282775f,0.11168564573084334f,-0.9933738989988559f,0.8231053405695499f,0.13855882064252426f,1.0199037693346764f,0.15514411720261684f,0.7061905179247792f,0.9899832523314003f,-0.1754837896163378f,0.2694634340105146f,-0.18830762725064298f,0f,0f,0f,1f], start_interpolation: 0, interpolation_duration: 1 }
$data merge entity $(bone_neck_0) { transformation: [0.220681281644814f,-0.43483267196241604f,-0.8730523004526296f,0.7736389837872979f,0.09836418297873374f,0.9004791143151113f,-0.4236293806963805f,0.6641495995135638f,0.9703732577923447f,0.0076099984427491565f,0.24149084555148848f,-0.17312945278434536f,0f,0f,0f,1f], start_interpolation: 0, interpolation_duration: 1 }
$data merge entity $(bone_neck_1) { transformation: [0.0445867014099904f,0.002710029181169124f,-0.9990018427406497f,0.689022900573663f,0.3247473906792822f,0.9456469303328784f,0.01705917345599931f,0.6699512126091158f,0.9447492568424566f,-0.32518385398700445f,0.041283202416776646f,-0.17113030506494903f,0f,0f,0f,1f], start_interpolation: 0, interpolation_duration: 1 }
$data merge entity $(bone_neck_2) { transformation: [-0.051332978839089605f,-0.001858693029312214f,-0.9986798638921927f,0.6015128566312875f,0.2119926823933965f,0.9771885303649671f,-0.012715295309514874f,0.6784045438303921f,0.9759221423326545f,-0.2123655371838342f,-0.049767968829996144f,-0.1775695437317134f,0f,0f,0f,1f], start_interpolation: 0, interpolation_duration: 1 }
$data merge entity $(bone_body_0) { transformation: [-0.08194788597390551f,-0.21495621482059704f,-0.9731795156570082f,0.14080927368388857f,0.2041118833155909f,0.9521465320767246f,-0.22749795722957455f,0.5802559956066291f,0.9755116006864144f,-0.21728048040325218f,-0.03415127760365022f,-0.1957347809754642f,0f,0f,0f,1f], start_interpolation: 0, interpolation_duration: 1 }
$data merge entity $(bone_leg_left_3) { transformation: [-0.44177781675503425f,-0.06070868967767303f,-0.8950680508323235f,-0.17309361502217807f,-0.10854343407871042f,0.9939952934652958f,-0.01384483612183697f,-0.000814385487795305f,0.890533931718245f,0.09103741849624189f,-0.4457146002679114f,-0.6603122477399666f,0f,0f,0f,1f], start_interpolation: 0, interpolation_duration: 1 }
$data merge entity $(bone_leg_left_2) { transformation: [-0.44050765211645015f,0.03374332966776214f,-0.9256762909519067f,-0.19451903149292404f,-0.09040862871026355f,1.0185597931203016f,0.08015252456505531f,0.23894723744632881f,0.9218684764012035f,0.11601523625091159f,-0.4344665426428862f,-0.6452660600811089f,0f,0f,0f,1f], start_interpolation: 0, interpolation_duration: 1 }
$data merge entity $(bone_leg_left_1) { transformation: [-0.48627019941814803f,0.8709298147600868f,0.07086995780861358f,0.04801108076114027f,0.29715847793316374f,0.08855169766863372f,0.9507131196278128f,0.20666361095939617f,0.8217287460897785f,0.4833630670644613f,-0.30186422982486183f,-0.514306914655336f,0f,0f,0f,1f], start_interpolation: 0, interpolation_duration: 1 }
$data merge entity $(bone_leg_left_0) { transformation: [-0.49290115503992177f,0.08629979050076178f,-0.865794893447539f,0.09506390893415553f,0.24092972807744314f,0.9696969263627396f,-0.04050601351879418f,0.6187098367758136f,0.8360629865559414f,-0.22856118909863082f,-0.4987569201013452f,-0.4662317889059453f,0f,0f,0f,1f], start_interpolation: 0, interpolation_duration: 1 }
$data merge entity $(bone_leg_right_3) { transformation: [-0.6408550521291654f,0.5973888925237298f,-0.4821113079464075f,-0.5442097956165917f,0.41549496245550976f,0.7980085103716617f,0.4365161549685138f,0.4123101934742256f,0.6454988290730037f,0.07942876345300043f,-0.7596198609842345f,-0.23962519976745786f,0f,0f,0f,1f], start_interpolation: 0, interpolation_duration: 1 }
$data merge entity $(bone_leg_right_2) { transformation: [-0.5300714044838838f,0.8501727517311188f,-0.21975622371872391f,-0.3520048719464788f,0.5411510015894091f,0.5184233794769159f,0.70032491929904f,0.5539575774553003f,0.6915505036712476f,0.24597904651893554f,-0.7164596353224464f,-0.205502509452952f,0f,0f,0f,1f], start_interpolation: 0, interpolation_duration: 1 }
$data merge entity $(bone_leg_right_1) { transformation: [-0.7195178515482031f,0.5464896219688801f,0.4285360596073194f,-0.24059831276180899f,0.18886339688683004f,-0.4398308068654727f,0.8779974251946495f,0.3916649335893104f,0.6682998418523122f,0.7126695969468437f,0.2132542308321154f,-0.009893046549478923f,0f,0f,0f,1f], start_interpolation: 0, interpolation_duration: 1 }
$data merge entity $(bone_leg_right_0) { transformation: [-0.7152901556005379f,0.08299058259493143f,-0.6938822353263643f,-0.06835635222276794f,0.24541217560067535f,0.9595141211856643f,-0.13822270187000935f,0.7511180994992679f,0.6543186206794832f,-0.2691564869102286f,-0.7066979044727968f,-0.13412431117891546f,0f,0f,0f,1f], start_interpolation: 0, interpolation_duration: 1 }
$data merge entity $(bone_tail_4) { transformation: [-1.9551909351768904f,1.9593769143929105f,-1.5566013058542798f,-1.2084793816622885f,2.065674062090357f,2.3787090244127955f,0.3995887353583197f,0.41919617280565474f,1.4124999777876999f,-0.7665002254156597f,-2.7390250689302755f,-1.692487497242134f,0f,0f,0f,1f], start_interpolation: 0, interpolation_duration: 1 }
$data merge entity $(bone_tail_3) { transformation: [-1.6062769832573798f,1.5584011245364315f,-0.8517911400660042f,-1.0792972599535475f,1.6745213214034556f,1.7116003203037697f,-0.026280142599344584f,0.4069029609809615f,0.5917267573944766f,-0.6132684866951855f,-2.237867101953063f,-1.3070266215798445f,0f,0f,0f,1f], start_interpolation: 0, interpolation_duration: 1 }
$data merge entity $(bone_tail_2) { transformation: [-1.7426531076272513f,0.6718573646216717f,-1.2498385006759416f,-0.8480837382169468f,0.9878772495503042f,1.995379800110031f,-0.3047727724468779f,0.464764840992803f,1.0186202118499268f,-0.7857452415431174f,-1.842646392853045f,-0.9639164384653782f,0f,0f,0f,1f], start_interpolation: 0, interpolation_duration: 1 }
$data merge entity $(bone_tail_1) { transformation: [-1.456571961260059f,0.3113971353238314f,-0.8982512657425771f,-0.6572050280055457f,0.5789925468730964f,1.5940493504406263f,-0.3862637565837962f,0.5278457320813166f,0.7540498279035912f,-0.6224659694287971f,-1.4385306269129752f,-0.6474720918600684f,0f,0f,0f,1f], start_interpolation: 0, interpolation_duration: 1 }
$data merge entity $(bone_tail_0) { transformation: [-0.8043737926813981f,-0.22354424533998052f,-1.2098588790454454f,-0.30905066466107745f,0.39303339863110287f,1.323054066671475f,-0.5057671592807663f,0.7075703025883686f,1.1658710410633792f,-0.6002529818516772f,-0.6642204517856569f,-0.46785661163760217f,0f,0f,0f,1f], start_interpolation: 0, interpolation_duration: 1 }
$data merge entity $(bone_body_1) { transformation: [-0.5139751842331489f,0.2766533083034664f,-1.0899069006357827f,-0.07429714100993731f,0.4164389454862612f,1.1599860852551092f,0.09805856287478261f,0.606639765625f,1.0445155382908582f,-0.32634310790259397f,-0.5754059968836652f,-0.3121012533070109f,0f,0f,0f,1f], start_interpolation: 0, interpolation_duration: 1 }