# This file was generated by Animated Java via MC-Build. It is not recommended to edit this file directly.
$data merge entity $(bone_head_lower) { transformation: [0.8310424391690984f,-0.014263151752675174f,-0.5560261026264465f,0.7357604124308443f,0.24213328798971231f,0.9092531326998926f,0.3385708367871079f,0.8677284037817159f,0.5007393884518838f,-0.41599916247212737f,0.7590815250520339f,-0.8762253388492819f,0f,0f,0f,1f], start_interpolation: 0, interpolation_duration: 1 }
$data merge entity $(bone_head_upper) { transformation: [0.8650317286634316f,-0.24936931498445317f,-0.5225007136198447f,0.6944095983112292f,0.2520364385796216f,1.007909903545202f,-0.06377462306520933f,0.8860425390626683f,0.5212194207981541f,-0.07351539745654259f,0.8979965168658228f,-0.8158087921724577f,0f,0f,0f,1f], start_interpolation: 0, interpolation_duration: 1 }
$data merge entity $(bone_neck_0) { transformation: [0.8130205338952895f,-0.4656740939092141f,-0.34949284645962503f,0.6791067919831204f,0.19823927130582233f,0.7857958040349909f,-0.5858550551741776f,0.8353410573857163f,0.5474475342685866f,0.4070289825342103f,0.7311830171717679f,-0.7753128648643569f,0f,0f,0f,1f], start_interpolation: 0, interpolation_duration: 1 }
$data merge entity $(bone_neck_1) { transformation: [0.6292544889361397f,-0.4178338622287937f,-0.6553271333682797f,0.6216670742441465f,0.3756400868098573f,0.9016707210359466f,-0.21420652652988648f,0.8213488374309467f,0.6803920291531939f,-0.11137672288896602f,0.7243354970338769f,-0.7144652400024482f,0f,0f,0f,1f], start_interpolation: 0, interpolation_duration: 1 }
$data merge entity $(bone_neck_2) { transformation: [0.613051817940131f,-0.3564027879363511f,-0.7050847617637874f,0.5564069549322861f,0.2457957407878877f,0.9342147570548719f,-0.25850965458071384f,0.8078479992230572f,0.7508341510152785f,-0.014827017640199378f,0.6603243424386707f,-0.6567610409418358f,0f,0f,0f,1f], start_interpolation: 0, interpolation_duration: 1 }
$data merge entity $(bone_body_0) { transformation: [0.5974673794422051f,-0.4973048087532265f,-0.6290633177140286f,0.2551943223467204f,0.23340543354060075f,0.8583555295704125f,-0.4568891424072374f,0.6006947691043804f,0.7671731447960025f,0.12614956221411716f,0.6289130733710327f,-0.359154935619051f,0f,0f,0f,1f], start_interpolation: 0, interpolation_duration: 1 }
$data merge entity $(bone_leg_left_3) { transformation: [0.3102073580682121f,-0.0010788923045654403f,-0.9506683075561817f,-0.22011125223932027f,-0.10088802746477941f,0.9943149881810036f,-0.03404864450865478f,-0.027280432935472138f,0.9453004818123207f,0.10647319038145706f,0.30833497825480016f,-0.4943479034590038f,0f,0f,0f,1f], start_interpolation: 0, interpolation_duration: 1 }
$data merge entity $(bone_leg_left_2) { transformation: [0.3319935302066249f,-0.0013282306402160847f,-0.9704847918463242f,-0.2498981403175261f,-0.07605013333835521f,1.0225101317745735f,-0.02741545436896704f,0.2100999513009621f,0.9675013553586657f,0.08082985662739312f,0.3308622993896916f,-0.46378049361788554f,0f,0f,0f,1f], start_interpolation: 0, interpolation_duration: 1 }
$data merge entity $(bone_leg_left_1) { transformation: [0.18407574853850356f,0.9448630471698894f,-0.2708319421575311f,0.017489549641073965f,0.29745956567329757f,0.20906910956131491f,0.9315620828569031f,0.21156684227956585f,0.9368211812237395f,-0.25203953959660674f,-0.24257399879312624f,-0.5380439243844883f,0f,0f,0f,1f], start_interpolation: 0, interpolation_duration: 1 }
$data merge entity $(bone_leg_left_0) { transformation: [0.195886305110197f,-0.21086720882404258f,-0.9576865748839921f,0.03543470556474692f,0.24187906325424846f,0.9568219461897883f,-0.16120261179283976f,0.628493774437491f,0.9503278772242356f,-0.20006694762589677f,0.2384326786288628f,-0.5255066525636728f,0f,0f,0f,1f], start_interpolation: 0, interpolation_duration: 1 }
$data merge entity $(bone_leg_right_3) { transformation: [-0.04253751126005291f,0.42940884259180323f,-0.9021078682950108f,-0.24016505740274324f,0.43024835100500936f,0.8227853712010869f,0.3713631502922166f,0.39829070738263983f,0.9017077778267585f,-0.37233355857544875f,-0.21975168842416584f,0.0931200022733857f,0f,0f,0f,1f], start_interpolation: 0, interpolation_duration: 1 }
$data merge entity $(bone_leg_right_2) { transformation: [0.0588823181002815f,0.732514156562061f,-0.7155543882557102f,-0.09162225548014477f,0.5632994069821737f,0.5753790898912846f,0.6353698769300462f,0.5511726224587401f,0.8551542844477613f,-0.4294462863417767f,-0.36925497483255143f,-0.019721603996922785f,0f,0f,0f,1f], start_interpolation: 0, interpolation_duration: 1 }
$data merge entity $(bone_leg_right_1) { transformation: [-0.0639601562459038f,0.9219544017095231f,0.3819806010538156f,0.137311319249904f,0.20205718078950902f,-0.3628726326132605f,0.9096682627154346f,0.40837016959020594f,0.9772829652175439f,0.13536444758043514f,-0.16307811694659818f,0.045164939105764274f,0f,0f,0f,1f], start_interpolation: 0, interpolation_duration: 1 }
$data merge entity $(bone_leg_right_0) { transformation: [-0.07650565731295558f,-0.22714176286442928f,-0.9708519474986658f,0.13605724051319898f,0.25735408208607424f,0.9362135564780448f,-0.23931789130853737f,0.7655160041525478f,0.9632838422981809f,-0.2681618843713067f,-0.013169773638264687f,-0.17105846089003526f,0f,0f,0f,1f], start_interpolation: 0, interpolation_duration: 1 }
$data merge entity $(bone_tail_4) { transformation: [-0.749844032433268f,0.9757122606082935f,-3.1510280143558114f,-1.8013247608614136f,2.69153874895295f,2.0491074254462656f,-0.005996465460723676f,0.18109950164492325f,1.9069900696231386f,-2.5084661407345896f,-1.230546435888994f,-0.47621958288796873f,0f,0f,0f,1f], start_interpolation: 0, interpolation_duration: 1 }
$data merge entity $(bone_tail_3) { transformation: [-1.0640126174257865f,0.8709263256934977f,-2.1484861508032114f,-1.4455436029460706f,2.163928579458946f,1.2213087844118833f,-0.5765814869900032f,0.2669149495117308f,0.8318163907858288f,-2.0631336465078647f,-1.248274530577166f,-0.2443689689754056f,0f,0f,0f,1f], start_interpolation: 0, interpolation_duration: 1 }
$data merge entity $(bone_tail_2) { transformation: [-0.7294112748844865f,-0.2142302145900023f,-2.2699365967806577f,-1.0241576836689659f,1.5820926714721038f,1.6685810458084471f,-0.6658585575173558f,0.39226351522227293f,1.6417946025985388f,-1.7030825743050604f,-0.3668348049910152f,-0.17536641655528792f,0f,0f,0f,1f], start_interpolation: 0, interpolation_duration: 1 }
$data merge entity $(bone_tail_1) { transformation: [-0.5937123035950441f,-0.38946219374309554f,-1.7113559128249547f,-0.6505649958358234f,0.7944485605943669f,1.5513091936188457f,-0.628653665001197f,0.5078206238947116f,1.5650148067304848f,-0.9352396193461406f,-0.3301055426312633f,-0.0943942197576163f,0f,0f,0f,1f], start_interpolation: 0, interpolation_duration: 1 }
$data merge entity $(bone_tail_0) { transformation: [0.3559405446732369f,-0.6611259196584116f,-1.3740427828901276f,-0.26499190508362347f,0.4624275605470718f,1.3913351901961686f,-0.5496561306555068f,0.7020183170548608f,1.4530112876722985f,-0.28084449269394374f,0.5115264323759602f,-0.25065141016755327f,0f,0f,0f,1f], start_interpolation: 0, interpolation_duration: 1 }
$data merge entity $(bone_body_1) { transformation: [0.31646924054585657f,-0.07851425408609211f,-1.1925968835905465f,0.017558656918510405f,0.4309503929516242f,1.1582029867960986f,0.038107679641868494f,0.615145625f,1.114779607662169f,-0.425447938457987f,0.3238287712027444f,-0.2972801255096132f,0f,0f,0f,1f], start_interpolation: 0, interpolation_duration: 1 }