# This file was generated by Animated Java via MC-Build. It is not recommended to edit this file directly.
$data merge entity $(bone_head_lower) { transformation: [0.9311808819564067f,-0.3530514369306169f,0.09086719958332207f,0.20278615310303158f,0.31301797662282804f,0.9020685846818419f,0.29713972275858563f,0.9965215464317491f,-0.18687405221121348f,-0.2482477621476676f,0.9505004667010087f,-1.1490232552900523f,0f,0f,0f,1f], start_interpolation: 0, interpolation_duration: 1 }
$data merge entity $(bone_head_upper) { transformation: [0.9692657920363896f,-0.27096480762645914f,0.2656573733204735f,0.21531631723107927f,0.3258202814425448f,0.967811956880859f,-0.201626146376531f,1.0044550766906377f,-0.19451712308246372f,0.2709059462800797f,0.986024847395502f,-1.0750265622804838f,0f,0f,0f,1f], start_interpolation: 0, interpolation_duration: 1 }
$data merge entity $(bone_neck_0) { transformation: [0.952729155083401f,-0.08242127323544898f,0.29242758209908365f,0.23525523418758482f,0.26522436258668913f,0.6951195088999965f,-0.6681802944094595f,0.9498804924153831f,-0.14819984664146352f,0.7141537664010986f,0.6841207520537376f,-1.0423341993178348f,0f,0f,0f,1f], start_interpolation: 0, interpolation_duration: 1 }
$data merge entity $(bone_neck_1) { transformation: [0.9092795865399877f,-0.41215643599626134f,0.05777288090902768f,0.2382506022885611f,0.40389634653611123f,0.8404016714211996f,-0.36137621937149583f,0.9231388090217667f,0.10039110895119405f,0.3519262748635197f,0.9306285630176174f,-0.9618764651728411f,0f,0f,0f,1f], start_interpolation: 0, interpolation_duration: 1 }
$data merge entity $(bone_neck_2) { transformation: [0.9535691637719091f,-0.3009107271671625f,-0.012593021046254052f,0.23420125510908038f,0.26824150523456736f,0.8675678436171385f,-0.4187750369721215f,0.8949450063891456f,0.1369392010084603f,0.3959529908931584f,0.908002689549941f,-0.8784519922966312f,0f,0f,0f,1f], start_interpolation: 0, interpolation_duration: 1 }
$data merge entity $(bone_body_0) { transformation: [0.954564694367614f,-0.2962719134234695f,0.032081109445583955f,0.24649860137137336f,0.25593883644310605f,0.7599140337067576f,-0.597516504688928f,0.6205768494797455f,0.15264847286171052f,0.5785789615012983f,0.8012145961233272f,-0.4953308698664408f,0f,0f,0f,1f], start_interpolation: 0, interpolation_duration: 1 }
$data merge entity $(bone_leg_left_3) { transformation: [0.8892312638158183f,0.05878294663179591f,-0.45366543249161706f,-0.14171136838880835f,-0.08805396624109409f,0.9951589212562914f,-0.043648831292794565f,-0.0439795846103635f,0.4489033954892018f,0.0787609460919434f,0.8901024968445862f,-0.3328629810195325f,0f,0f,0f,1f], start_interpolation: 0, interpolation_duration: 1 }
$data merge entity $(bone_leg_left_2) { transformation: [0.9179037915372893f,-0.006856543263077249f,-0.457676541671784f,-0.15602985778959788f,-0.06037195693097207f,1.0148124154007339f,-0.13628348346570623f,0.18826628616491312f,0.4537290554929092f,0.14889912311260978f,0.9077561318099163f,-0.2693971757766412f,0f,0f,0f,1f], start_interpolation: 0, interpolation_duration: 1 }
$data merge entity $(bone_leg_left_1) { transformation: [0.765897580048248f,0.48210761667190194f,-0.42540938262240496f,-0.017747494826404045f,0.293492724015781f,0.32654204432445655f,0.8984610810926654f,0.22348145762515514f,0.5720689799543703f,-0.8129837263041264f,0.10860268384631651f,-0.5074124388420733f,0f,0f,0f,1f], start_interpolation: 0, interpolation_duration: 1 }
$data merge entity $(bone_leg_left_0) { transformation: [0.7879887115938636f,-0.3628300617583222f,-0.497421487960758f,-0.028089271111901765f,0.2396528274902355f,0.9249453183725858f,-0.295029965082483f,0.6385281157355196f,0.5671334169986617f,0.11327181602273256f,0.8157997199180286f,-0.4634056459671998f,0f,0f,0f,1f], start_interpolation: 0, interpolation_duration: 1 }
$data merge entity $(bone_leg_right_3) { transformation: [0.5739149482521938f,-0.015020575864986396f,-0.8187771457932649f,0.24427404135762815f,0.4416906840292965f,0.8476107801317624f,0.29404983429030734f,0.3834419464685261f,0.6895875374558428f,-0.5304058330232703f,0.493090945445642f,0.15568933661459944f,0f,0f,0f,1f], start_interpolation: 0, interpolation_duration: 1 }
$data merge entity $(bone_leg_right_2) { transformation: [0.6023423512939251f,0.16178125517031008f,-0.8142927709453882f,0.2558852622505461f,0.5822625598119499f,0.6348035187335257f,0.5568276246249498f,0.5477188832064919f,0.5917906747994894f,-0.7892487045157234f,0.2809492465576505f,-0.020518891545670853f,0f,0f,0f,1f], start_interpolation: 0, interpolation_duration: 1 }
$data merge entity $(bone_leg_right_1) { transformation: [0.630377622901976f,0.7719970353204328f,0.08151459992489679f,0.4738438674855943f,0.21374098691312057f,-0.2735535795767109f,0.9378076719744689f,0.42792190738459696f,0.7462833530622662f,-0.5737499599627263f,-0.3374494634532861f,-0.14362907247188966f,0f,0f,0f,1f], start_interpolation: 0, interpolation_duration: 1 }
$data merge entity $(bone_leg_right_0) { transformation: [0.6063470575446057f,-0.4392584914806419f,-0.6628689338543096f,0.2848349988929886f,0.26689991946995995f,0.8976501115695326f,-0.35069746247461586f,0.7778835251711763f,0.7490712107629869f,0.03572470939498967f,0.6615255598574525f,-0.27055342881848016f,0f,0f,0f,1f], start_interpolation: 0, interpolation_duration: 1 }
$data merge entity $(bone_tail_4) { transformation: [0.9120836512618147f,-1.770697513479054f,-2.9866538767095205f,-1.2136918076665733f,3.1614744714118306f,1.700187918214026f,-0.04251893430392966f,0.058637793273771f,1.4354616783865055f,-2.619419593902845f,1.99134587939053f,1.1464389361118485f,0f,0f,0f,1f], start_interpolation: 0, interpolation_duration: 1 }
$data merge entity $(bone_tail_3) { transformation: [-0.3164313814725912f,-1.3982821582472953f,-2.2961764143379186f,-0.8106618523315414f,2.4812141564693166f,0.7381862059164986f,-0.7914577525970498f,0.1856160489352924f,1.0349857146698769f,-2.1971882191421375f,1.1953729288834483f,0.9652490729943068f,0f,0f,0f,1f], start_interpolation: 0, interpolation_duration: 1 }
$data merge entity $(bone_tail_2) { transformation: [0.33491076429186656f,-2.016500646599405f,-1.5084057050343944f,-0.5304847103911925f,2.1263121723966836f,1.041720686825861f,-0.9205120340937671f,0.358557396898623f,1.3492068685838454f,-1.141170890646062f,1.8251294948202814f,0.6266876055964188f,0f,0f,0f,1f], start_interpolation: 0, interpolation_duration: 1 }
$data merge entity $(bone_tail_1) { transformation: [0.6821469596593628f,-1.3254024967791527f,-1.2822335237619844f,-0.23901238972065203f,1.2073731766766518f,1.3543800858246393f,-0.7576566886548115f,0.5038872752996448f,1.3939385209431652f,-0.524501541611872f,1.28373384904253f,0.355522163744229f,0f,0f,0f,1f], start_interpolation: 0, interpolation_duration: 1 }
$data merge entity $(bone_tail_0) { transformation: [1.3556411846498302f,-0.6838705245172895f,-0.6750855095502041f,-0.05823972734804836f,0.49077917999954984f,1.4963623780762494f,-0.5302997180689123f,0.6949630679501674f,0.826168951236477f,0.23324472170114754f,1.4227523062143947f,-0.0546105173481406f,0f,0f,0f,1f], start_interpolation: 0, interpolation_duration: 1 }
$data merge entity $(bone_body_1) { transformation: [0.9841821827242454f,-0.3864719652964337f,-0.6408037502264651f,0.11676979780771274f,0.43828850677089415f,1.155826461869644f,-0.02393679031721499f,0.6226749218750001f,0.6065420109909366f,-0.20810863782664712f,1.0570724567508405f,-0.2863474627168096f,0f,0f,0f,1f], start_interpolation: 0, interpolation_duration: 1 }