# This file was generated by Animated Java via MC-Build. It is not recommended to edit this file directly.
$data merge entity $(bone_head_lower) { transformation: [0.5750272490310011f,-0.38047787842056513f,0.7242791222342563f,-0.32879399770091644f,0.34285843438738645f,0.9158618504231504f,0.20891425252699602f,1.0619443325089553f,-0.7428268686856105f,0.12819381799474122f,0.6570955700555754f,-0.9536888217189631f,0f,0f,0f,1f], start_interpolation: 0, interpolation_duration: 1 }
$data merge entity $(bone_head_upper) { transformation: [0.598545623921682f,-0.0023469968215123612f,0.8515923733064027f,-0.2699543585391689f,0.3568812014961496f,0.9457748664903115f,-0.2482290323822044f,1.0661799877413554f,-0.7732081781036568f,0.43471408546843815f,0.5446510073363219f,-0.9066206522212605f,0f,0f,0f,1f], start_interpolation: 0, interpolation_duration: 1 }
$data merge entity $(bone_neck_0) { transformation: [0.6171291352108016f,0.41422080695706265f,0.6690087843652041f,-0.2336179863633852f,0.29421342918406235f,0.6670825881962791f,-0.6844262404475068f,1.011000634834235f,-0.7297877010211415f,0.6192107424852974f,0.28980677671352595f,-0.8976963413710437f,0f,0f,0f,1f], start_interpolation: 0, interpolation_duration: 1 }
$data merge entity $(bone_neck_1) { transformation: [0.754445492683974f,-0.04928080550109382f,0.6545100463537585f,-0.17839942550370635f,0.41584041699191376f,0.8074032311352094f,-0.4185412404392367f,0.979264304175687f,-0.5078274767722077f,0.5879382829528853f,0.6296346792177077f,-0.8416494619088606f,0f,0f,0f,1f], start_interpolation: 0, interpolation_duration: 1 }
$data merge entity $(bone_neck_2) { transformation: [0.8067605436727238f,0.07438003993660125f,0.5861783302305885f,-0.12631758035952576f,0.2789544665047104f,0.8265876285369986f,-0.48881212952079367f,0.9445335050393391f,-0.5208856216003315f,0.5578714027521131f,0.6461096402325426f,-0.7795835018996181f,0f,0f,0f,1f], start_interpolation: 0, interpolation_duration: 1 }
$data merge entity $(bone_body_0) { transformation: [0.814631190195087f,0.1957296692280929f,0.5459541377672646f,0.13285312720365358f,0.26959273985561755f,0.7056649045665839f,-0.6552532312626739f,0.6424374546419854f,-0.5135131727409507f,0.6809749914988767f,0.5220893432877434f,-0.5270376142303759f,0f,0f,0f,1f], start_interpolation: 0, interpolation_duration: 1 }
$data merge entity $(bone_leg_left_3) { transformation: [0.9542440355982953f,0.0811508801766739f,0.2878069755437323f,-0.055399095506906415f,-0.07134759860677986f,0.9964624901556306f,-0.044407498081806385f,-0.044546246356398145f,-0.2903925630902508f,0.02184125361308087f,0.9566583083538679f,-0.22757225591741334f,0f,0f,0f,1f], start_interpolation: 0, interpolation_duration: 1 }
$data merge entity $(bone_leg_left_2) { transformation: [0.9796529989684605f,0.11154814679515973f,0.2826644867318167f,-0.01914197332810824f,-0.045342021480014615f,0.997072861196192f,-0.23633029863908575f,0.18049598249414567f,-0.30047679145135625f,0.2132250452299144f,0.9572413370652637f,-0.14875291570635357f,0f,0f,0f,1f], start_interpolation: 0, interpolation_duration: 1 }
$data merge entity $(bone_leg_left_1) { transformation: [0.9556425401577676f,-0.19517605898695276f,-0.22057570455317826f,-0.07949891955624105f,0.28560682434094015f,0.4311562854652325f,0.8558814166657123f,0.24654689242547662f,-0.07194496042595877f,-0.8809146176004489f,0.467774902241626f,-0.4114460865331247f,0f,0f,0f,1f], start_interpolation: 0, interpolation_duration: 1 }
$data merge entity $(bone_leg_left_0) { transformation: [0.9671945080669142f,-0.16678468175672317f,0.19161851031804927f,-0.04812180454961834f,0.2344883386796058f,0.8762998346773817f,-0.4208489262997731f,0.6521356983062174f,-0.09772411467226642f,0.45197507638773843f,0.8866614504622493f,-0.31752869856609794f,0f,0f,0f,1f], start_interpolation: 0, interpolation_duration: 1 }
$data merge entity $(bone_leg_right_3) { transformation: [0.8826142204133935f,-0.39461540577728343f,-0.2554815442400632f,0.5912744818423243f,0.449020580854863f,0.8685837305273094f,0.20962543030850028f,0.3743135889995734f,0.13918568853448546f,-0.29973485714292963f,0.9438147908995118f,-0.09633455717238684f,0f,0f,0f,1f], start_interpolation: 0, interpolation_duration: 1 }
$data merge entity $(bone_leg_right_2) { transformation: [0.8321632531210147f,-0.44906049354298805f,-0.3973804131995842f,0.4730272981155973f,0.5963586988881466f,0.6907840852217726f,0.46822628008843153f,0.5488794676584426f,0.06263243501717905f,-0.6109207970301399f,0.8215322010369236f,-0.2134474497793506f,0f,0f,0f,1f], start_interpolation: 0, interpolation_duration: 1 }
$data merge entity $(bone_leg_right_1) { transformation: [0.9674256371409223f,0.16016230694203057f,-0.19605017734622765f,0.5462030442626187f,0.22356770537258946f,-0.17720784904535114f,0.9584439782017284f,0.45435784896151293f,0.1187649683910014f,-0.9710537645628727f,-0.20724253571928125f,-0.4638957666722868f,0f,0f,0f,1f], start_interpolation: 0, interpolation_duration: 1 }
$data merge entity $(bone_leg_right_0) { transformation: [0.9509997465174226f,-0.3091908138096261f,-0.0007230349500973732f,0.3142854517222621f,0.2736289144099745f,0.8427037823198714f,-0.4636567183408447f,0.7911589234595628f,0.14396770235930284f,0.44073957834476774f,0.8860146301037357f,-0.379714147231359f,0f,0f,0f,1f], start_interpolation: 0, interpolation_duration: 1 }
$data merge entity $(bone_tail_4) { transformation: [1.0377456028079854f,-3.254582622260762f,-0.23662815174682825f,0.621404680433155f,3.239635600424183f,1.057317943610202f,-0.3347488701285016f,0.16179916191791735f,0.39123152197274f,-0.12242379044255126f,3.399583382595099f,1.612295448886158f,0f,0f,0f,1f], start_interpolation: 0, interpolation_duration: 1 }
$data merge entity $(bone_tail_3) { transformation: [0.29134287729757025f,-2.54181012225424f,0.3482391004752325f,0.5872298053943104f,2.5107003432881503f,0.21038834665570447f,-0.5648631432924136f,0.25552026185537036f,0.527686417208819f,0.40235293815667017f,2.4953174144977934f,1.1852444882925903f,0f,0f,0f,1f], start_interpolation: 0, interpolation_duration: 1 }
$data merge entity $(bone_tail_2) { transformation: [0.7682196738652707f,-2.079113094474366f,0.9792211105137771f,0.4052680649291261f,2.241906869807201f,0.45091834620070714f,-0.8014193299235862f,0.406267429025169f,0.5054095665911837f,1.1600465920165088f,2.0665429549257532f,0.8017284255936306f,0f,0f,0f,1f], start_interpolation: 0, interpolation_duration: 1 }
$data merge entity $(bone_tail_1) { transformation: [1.157479815536637f,-1.4216847036590285f,0.3956682069704551f,0.3363974843972283f,1.4467137137659487f,0.9939776898907432f,-0.6607026807884167f,0.5349107744015156f,0.2911359768678753f,0.7129664826493622f,1.7100932394439157f,0.4247420181715863f,0f,0f,0f,1f], start_interpolation: 0, interpolation_duration: 1 }
$data merge entity $(bone_tail_0) { transformation: [1.4887219226184585f,-0.34846575772453353f,0.4176894188607959f,0.20592982872963136f,0.4575802477143264f,1.4603350920212568f,-0.4125863954768328f,0.690718595688986f,-0.29413118134005856f,0.5081130115676398f,1.4722410853724897f,0.006780627052341448f,0f,0f,0f,1f], start_interpolation: 0, interpolation_duration: 1 }
$data merge entity $(bone_body_1) { transformation: [1.1398117650228605f,-0.4146104496009882f,0.2398581048315611f,0.17809313529449977f,0.4372437496735088f,1.153411838917974f,-0.08404539411269256f,0.6325675f,-0.1955802616400021f,0.1623080404101235f,1.2099624193880172f,-0.2854512849213513f,0f,0f,0f,1f], start_interpolation: 0, interpolation_duration: 1 }