# This file was generated by Animated Java via MC-Build. It is not recommended to edit this file directly.
$data merge entity $(bone_head_lower) { transformation: [-0.5478750830990513f,0.12665119928088014f,0.8269173882800639f,-0.7469009122704675f,0.33365114826012654f,0.9395334091818278f,0.07716141714529803f,1.1245397230347698f,-0.767143926902838f,0.31817675394642897f,-0.5570042626984169f,-0.014351064114887145f,0f,0f,0f,1f], start_interpolation: 0, interpolation_duration: 1 }
$data merge entity $(bone_head_upper) { transformation: [-0.5702829457165179f,0.35400897162491063f,0.7955670634317832f,-0.6842844691125733f,0.347297341202654f,0.9645545199575842f,-0.1802528152525457f,1.133880196641311f,-0.7985197938698613f,0.166685838096625f,-0.6465708876523651f,-0.0554289546505097f,0f,0f,0f,1f], start_interpolation: 0, interpolation_duration: 1 }
$data merge entity $(bone_neck_0) { transformation: [-0.5130919631246807f,0.6559859596188947f,0.5535513148387772f,-0.658972892444087f,0.2880021800838f,0.7391014490155704f,-0.6089201855170039f,1.0824162126832544f,-0.8085736711295018f,-0.15300806791134255f,-0.5681523998983005f,-0.08942187591387152f,0f,0f,0f,1f], start_interpolation: 0, interpolation_duration: 1 }
$data merge entity $(bone_neck_1) { transformation: [-0.26420306521397463f,0.5132181540495327f,0.8165805941151983f,-0.587433466618795f,0.4199470924290718f,0.8234068715165344f,-0.3816353803039257f,1.053880019538363f,-0.8682402777410807f,0.24209140896228354f,-0.43307109094783447f,-0.12499339651555864f,0f,0f,0f,1f], start_interpolation: 0, interpolation_duration: 1 }
$data merge entity $(bone_neck_2) { transformation: [-0.25769416509221443f,0.5500523297328147f,0.7943778394649044f,-0.512454653957083f,0.2817414225359829f,0.8291931685410752f,-0.48276335825351624f,1.0197046479959155f,-0.9242377876417017f,0.09940384197964935f,-0.3686507671155149f,-0.15631674285524913f,0f,0f,0f,1f], start_interpolation: 0, interpolation_duration: 1 }
$data merge entity $(bone_body_0) { transformation: [-0.25448773164588084f,0.7036816156418301f,0.6633763473696043f,-0.19310442211208326f,0.2808811319092112f,0.7101735001105217f,-0.6455690431535354f,0.722215669146994f,-0.9253873697966353f,0.02204049791802757f,-0.3783813318233221f,-0.3344364823202949f,0f,0f,0f,1f], start_interpolation: 0, interpolation_duration: 1 }
$data merge entity $(bone_leg_left_3) { transformation: [-0.05690431732809411f,0.02573344654430354f,0.998047938927973f,-0.07189916458274873f,-0.03804676660246806f,0.998885717489554f,-0.02792430744847363f,0.02326427519158747f,-0.9976544202380505f,-0.03956151064268191f,-0.05586183540797846f,-0.08301237814592173f,0f,0f,0f,1f], start_interpolation: 0, interpolation_duration: 1 }
$data merge entity $(bone_leg_left_2) { transformation: [-0.053481795772268206f,0.3731050056834061f,0.9539363457567037f,0.04446900591279021f,-0.02732420219748134f,0.9543761562074211f,-0.3748089379106562f,0.23410230633795898f,-1.0239410554304085f,-0.04495560807539655f,-0.03982345800312665f,-0.09631070826133564f,0f,0f,0f,1f], start_interpolation: 0, interpolation_duration: 1 }
$data merge entity $(bone_leg_left_1) { transformation: [0.21295031679577933f,-0.8193380348795054f,0.5322944177580367f,-0.21059147231713707f,0.2632824576864077f,0.5727580248696095f,0.77629285222915f,0.34328766652635556f,-0.9409221594006499f,-0.025168026288405275f,0.337686334342336f,-0.10231863847202395f,0f,0f,0f,1f], start_interpolation: 0, interpolation_duration: 1 }
$data merge entity $(bone_leg_left_0) { transformation: [0.18165448745877777f,0.5535442239150876f,0.8127671495307448f,-0.0382943565239596f,0.21741417521119996f,0.7834565708912887f,-0.5821742676763522f,0.7235707716813993f,-0.9590269670886853f,0.282461667660422f,0.021970040946046085f,-0.10471496638019873f,0f,0f,0f,1f], start_interpolation: 0, interpolation_duration: 1 }
$data merge entity $(bone_leg_right_3) { transformation: [0.3949184156775828f,-0.2411590485899349f,0.8864997226406249f,0.24313997743026605f,0.44840514562300815f,0.8927899925471984f,0.043114435939510476f,0.4117555294539189f,-0.8018555171210812f,0.38048435249136187f,0.46071616769081647f,-0.7257686411530446f,0f,0f,0f,1f], start_interpolation: 0, interpolation_duration: 1 }
$data merge entity $(bone_leg_right_2) { transformation: [0.33569205342001307f,-0.5510676137903144f,0.7973064215236185f,0.13880647107362f,0.605172254498102f,0.7782553861706525f,0.28310297734701967f,0.600976028956097f,-0.7570598306323177f,0.37776346889093415f,0.5798425423467554f,-0.618618307110217f,0f,0f,0f,1f], start_interpolation: 0, interpolation_duration: 1 }
$data merge entity $(bone_leg_right_1) { transformation: [0.35426643679140024f,-0.9322288139101156f,-0.07378841561426575f,-0.10348206715247787f,0.23373704050882868f,0.011870551576322053f,0.9722273838456967f,0.5572926115255443f,-0.9054624717001246f,-0.36167461691555386f,0.22210174205009817f,-0.7466862927491518f,0f,0f,0f,1f], start_interpolation: 0, interpolation_duration: 1 }
$data merge entity $(bone_leg_right_0) { transformation: [0.38652188857843783f,0.5522786370962544f,0.738640058930506f,0.008287483359267447f,0.2753677856056564f,0.6952471433628875f,-0.6639307134757224f,0.8522987838096925f,-0.8802121405095449f,0.4600214306451909f,0.11664849354688173f,-0.4732156280388196f,0f,0f,0f,1f], start_interpolation: 0, interpolation_duration: 1 }
$data merge entity $(bone_tail_4) { transformation: [0.4117278946789542f,2.8286926990647014f,1.1809349386652603f,1.4687151246343397f,3.046382977251019f,-0.5097991209664587f,0.15901316466282167f,0.5475717501941049f,0.340088916340265f,1.1420297915899191f,-2.854073765420688f,-1.2542982126398923f,0f,0f,0f,1f], start_interpolation: 0, interpolation_duration: 1 }
$data merge entity $(bone_tail_3) { transformation: [0.7126807771422605f,1.9508007916296304f,1.060882863062297f,1.2697384778101777f,2.170696716835072f,-0.8469136279543619f,0.09911174590718627f,0.5390537754071936f,0.46815803024565655f,0.9571434824688173f,-2.074539582787978f,-0.9118993625940544f,0f,0f,0f,1f], start_interpolation: 0, interpolation_duration: 1 }
$data merge entity $(bone_tail_2) { transformation: [0.21818868879828188f,1.8000468760268762f,1.2257629823868268f,1.0424614815044486f,2.1660481540602152f,-0.05175489973457692f,-0.3095589983335636f,0.5981894753246724f,-0.22560815405543685f,1.2439544297372096f,-1.7866024421690323f,-0.5796446930461225f,0f,0f,0f,1f], start_interpolation: 0, interpolation_duration: 1 }
$data merge entity $(bone_tail_1) { transformation: [0.09193331518499111f,1.027869523210478f,1.3433795103447719f,0.7407287254181129f,1.5993764319645103f,0.3851193514949468f,-0.40412140995075135f,0.6789162084300848f,-0.550617194097286f,1.2902725790929503f,-0.9495543045056748f,-0.3905574060752601f,0f,0f,0f,1f], start_interpolation: 0, interpolation_duration: 1 }
$data merge entity $(bone_tail_0) { transformation: [-0.3357302374256398f,0.20303741483373375f,1.3767877609634538f,0.34329899663918906f,0.5557252035906056f,1.3180245798798054f,-0.05885769116985821f,0.7279220747371594f,-1.2759068260085868f,0.5206443487576724f,-0.38791075820914755f,-0.2646367910596716f,0f,0f,0f,1f], start_interpolation: 0, interpolation_duration: 1 }
$data merge entity $(bone_body_1) { transformation: [0.14650514915595791f,0.14180384064768378f,1.219439423302612f,0.050244917368970465f,0.4048641415771196f,1.1538063897329691f,-0.18281257323456795f,0.692706388888889f,-1.1589762133849264f,0.4209834686127099f,0.09028649411179347f,-0.3139833603462148f,0f,0f,0f,1f], start_interpolation: 0, interpolation_duration: 1 }