# This file was generated by Animated Java via MC-Build. It is not recommended to edit this file directly.
$data merge entity $(bone_head_lower) { transformation: [-0.8713487281463729f,0.23582678936048607f,0.430275631865927f,-0.6145439285979618f,0.2789993167062996f,0.9594942482980048f,0.039117371594527814f,1.0723747094275196f,-0.40362206980678844f,0.1541314792732858f,-0.9018496060108429f,0.3515676715778563f,0f,0f,0f,1f], start_interpolation: 0, interpolation_duration: 1 }
$data merge entity $(bone_head_upper) { transformation: [-0.9069865280655895f,0.2956412822525596f,0.4164656200925791f,-0.5794768936499232f,0.290410272509872f,0.9967410466123744f,-0.07510727130123443f,1.0896687204006108f,-0.4201300442860237f,0.0507489981146197f,-0.9509927589956155f,0.2870178711427465f,0f,0f,0f,1f], start_interpolation: 0, interpolation_duration: 1 }
$data merge entity $(bone_neck_0) { transformation: [-0.8531799861838285f,0.4313135051033598f,0.2933471859261917f,-0.5672338576995759f,0.238758463748184f,0.8229245282031926f,-0.5155478802886884f,1.0428976709040418f,-0.46376535787396733f,-0.36981600992521485f,-0.8050824874750562f,0.24111238940031318f,0f,0f,0f,1f], start_interpolation: 0, interpolation_duration: 1 }
$data merge entity $(bone_neck_1) { transformation: [-0.6732757947492254f,0.4916996569227606f,0.5522057149168577f,-0.5181895870891238f,0.3961730629749598f,0.8704837278812043f,-0.2920701690811298f,1.0221657038857836f,-0.6242968912126963f,0.02212525426025065f,-0.7808737828523133f,0.17506405930504254f,0f,0f,0f,1f], start_interpolation: 0, interpolation_duration: 1 }
$data merge entity $(bone_neck_2) { transformation: [-0.6816309866779312f,0.46663159906552043f,0.5635904086781682f,-0.46424622536125026f,0.25783491294250405f,0.8740263926793278f,-0.4118240189302862f,0.9946440957981746f,-0.6847629923326761f,-0.1353987284043563f,-0.7160773901458433f,0.11100467117255663f,0f,0f,0f,1f], start_interpolation: 0, interpolation_duration: 1 }
$data merge entity $(bone_body_0) { transformation: [-0.6811349640226578f,0.5752011345620078f,0.45298875878373746f,-0.2452748122461989f,0.2613256169031014f,0.7689479794122605f,-0.5834620183936701f,0.7269858252006829f,-0.6839328057171009f,-0.2790388140678295f,-0.674072145625046f,-0.20934119679249513f,0f,0f,0f,1f], start_interpolation: 0, interpolation_duration: 1 }
$data merge entity $(bone_leg_left_3) { transformation: [-0.537699452107823f,-0.002263534152766644f,0.843133545540732f,-0.028496209158045682f,-0.02856570639125056f,0.9994712043001913f,-0.01553422650454278f,0.02695672071445443f,-0.8426525378952558f,-0.032437450390942035f,-0.5374797784017734f,-0.03775735237189372f,0f,0f,0f,1f], start_interpolation: 0, interpolation_duration: 1 }
$data merge entity $(bone_leg_left_2) { transformation: [-0.5488897939009241f,0.3222325965065123f,0.8043309936840468f,0.07062163592985748f,-0.0295382443926254f,0.9446229313372686f,-0.39859404061109854f,0.23478278827757715f,-0.8659732592697632f,-0.23646536922169314f,-0.49622237241910594f,-0.10955603266891863f,0f,0f,0f,1f], start_interpolation: 0, interpolation_duration: 1 }
$data merge entity $(bone_leg_left_1) { transformation: [-0.2681366833715533f,-0.7106895246089737f,0.6504022744744777f,-0.1516052868535821f,0.2523132541458892f,0.5997527948212905f,0.7593646073437733f,0.3524180530473482f,-0.9297530536722184f,0.3677186216594445f,0.01850066139528468f,0.00787703308564075f,0f,0f,0f,1f], start_interpolation: 0, interpolation_duration: 1 }
$data merge entity $(bone_leg_left_0) { transformation: [-0.30471548218139877f,0.628391415157414f,0.7157322853381841f,0.001425540967081168f,0.20678191266360232f,0.7771929077907845f,-0.5943167713222364f,0.7299940432146199f,-0.9297256130246921f,-0.03309703062462649f,-0.3667626903730702f,-0.08336558826085441f,0f,0f,0f,1f], start_interpolation: 0, interpolation_duration: 1 }
$data merge entity $(bone_leg_right_3) { transformation: [-0.034567054840561044f,0.046551269740011586f,0.9983176338246468f,-0.10833277851556063f,0.4391915980947786f,0.8979975792555668f,-0.02666622984406128f,0.4050246200694962f,-0.8977281653610986f,0.4375309439762339f,-0.051486058119274994f,-0.7600258037772488f,0f,0f,0f,1f], start_interpolation: 0, interpolation_duration: 1 }
$data merge entity $(bone_leg_right_2) { transformation: [-0.05034623313103889f,-0.21087096108314807f,1.0025272535358218f,-0.1264258047337618f,0.5986578041251419f,0.808470219104171f,0.20011731030176072f,0.5987336308198788f,-0.8313460710620291f,0.5949550756941376f,0.08339285063004073f,-0.6174756946142207f,0f,0f,0f,1f], start_interpolation: 0, interpolation_duration: 1 }
$data merge entity $(bone_leg_right_1) { transformation: [-0.13868919741605437f,-0.9822030086803097f,0.12665921308549832f,-0.4027392800854756f,0.2310309662969069f,0.09227788294005124f,0.968560522080071f,0.5770349560298366f,-0.9630109029143998f,0.16359108184570814f,0.21412136467093285f,-0.6035682681384329f,0f,0f,0f,1f], start_interpolation: 0, interpolation_duration: 1 }
$data merge entity $(bone_leg_right_0) { transformation: [-0.09371531866427807f,0.7823605450090022f,0.6157348590593759f,-0.1347869620177678f,0.2680581773570036f,0.6154463915339359f,-0.7411953539384193f,0.8478485135267876f,-0.9588337982151514f,0.09559140526780649f,-0.26739489643452796f,-0.432779360763157f,0f,0f,0f,1f], start_interpolation: 0, interpolation_duration: 1 }
$data merge entity $(bone_tail_4) { transformation: [0.7750729805214925f,2.056731934620849f,-1.933212015315978f,0.37291774826129853f,2.7785259833704083f,-0.2027639180388633f,0.8982612233992903f,0.7907503444211702f,0.49724069301173535f,-2.072904632354818f,-2.0059938062119977f,-1.7543578777129951f,0f,0f,0f,1f], start_interpolation: 0, interpolation_duration: 1 }
$data merge entity $(bone_tail_3) { transformation: [0.9252051479120755f,1.725469092137208f,-1.0191271949171647f,0.5288389898928855f,1.9983152830161486f,-0.7101762201720891f,0.611763155992342f,0.6939675521866353f,0.150332488187421f,-1.1790990380136939f,-1.8598370881918915f,-1.4274598264574796f,0f,0f,0f,1f], start_interpolation: 0, interpolation_duration: 1 }
$data merge entity $(bone_tail_2) { transformation: [-0.046483793695475215f,2.035594382965942f,-0.38074806751223084f,0.6000692273933586f,2.070542054747734f,0.05273254420814877f,0.02914110937294515f,0.6900938834297732f,0.038329915181575976f,-0.37993303722097854f,-2.0359165087948305f,-1.049049457487872f,0f,0f,0f,1f], start_interpolation: 0, interpolation_duration: 1 }
$data merge entity $(bone_tail_1) { transformation: [-0.24395589500317333f,1.5450128209356375f,0.3518969549991925f,0.5056918117593978f,1.5663635628094716f,0.2889625876755322f,-0.18280146204743056f,0.7244019896882858f,-0.23958562748215578f,0.3159850764962855f,-1.5534357795015592f,-0.7184011072136078f,0f,0f,0f,1f], start_interpolation: 0, interpolation_duration: 1 }
$data merge entity $(bone_tail_0) { transformation: [-0.96995649333133f,0.35391452725691647f,0.8773293108033694f,0.2578563840984275f,0.5553309686654985f,1.2302592313927445f,0.1176756133095795f,0.7197027872114947f,-0.7658784025152039f,0.4438294065553338f,-1.0257794800010924f,-0.40793410763113397f,0f,0f,0f,1f], start_interpolation: 0, interpolation_duration: 1 }
$data merge entity $(bone_body_1) { transformation: [-0.42840371090381196f,0.34136098215134536f,1.1083986356021742f,-0.02282385710151487f,0.3706656240943735f,1.1599268464821912f,-0.21396565374110366f,0.6913175f,-1.0989457905897002f,0.2581607749655205f,-0.5042576312467965f,-0.3080902321209438f,0f,0f,0f,1f], start_interpolation: 0, interpolation_duration: 1 }