# This file was generated by Animated Java via MC-Build. It is not recommended to edit this file directly.
$data merge entity $(bone_head_lower) { transformation: [-0.9539203559771395f,0.1731170861274855f,-0.24508453427986063f,-0.1291436253446817f,0.18619826139950427f,0.9820209435439144f,-0.031065638459908347f,0.995905510387198f,0.23530015279266042f,-0.07526845907715034f,-0.9690038684979032f,0.6117740935533014f,0f,0f,0f,1f], start_interpolation: 0, interpolation_duration: 1 }
$data merge entity $(bone_head_upper) { transformation: [-0.9929353010697897f,0.19270722662965f,-0.24579535243299877f,-0.14206915506751103f,0.1938136927081351f,1.0225250213433978f,0.01872901035899347f,1.020217333400046f,0.24492383100014992f,-0.02790068305435241f,-1.0112891829129873f,0.5415080104479149f,0f,0f,0f,1f], start_interpolation: 0, interpolation_duration: 1 }
$data merge entity $(bone_neck_0) { transformation: [-0.9741091313361983f,0.06268518201195994f,-0.21721410682449876f,-0.1568173655169408f,0.15200219881544802f,0.8928112082255966f,-0.42400881833049126f,0.978259012549253f,0.16735211920590182f,-0.44604788355386027f,-0.8792238359908218f,0.4918418665043982f,0f,0f,0f,1f], start_interpolation: 0, interpolation_duration: 1 }
$data merge entity $(bone_neck_1) { transformation: [-0.9411974892146604f,0.33745064365556887f,-0.016563495780224702f,-0.1566659180714172f,0.33356027185970993f,0.9203168814101226f,-0.20433889210921846f,0.9651886112726895f,-0.05371062588441536f,-0.19784817635750085f,-0.9787600665020594f,0.408016580828344f,0f,0f,0f,1f], start_interpolation: 0, interpolation_duration: 1 }
$data merge entity $(bone_neck_2) { transformation: [-0.9746431078259307f,0.22051924054672362f,0.037974687834235146f,-0.15118002941750167f,0.19479495907564595f,0.9196667354846279f,-0.34098096656817245f,0.9443202333761725f,-0.11011692098005983f,-0.3249374712029132f,-0.9393028816745572f,0.3225452626930441f,0f,0f,0f,1f], start_interpolation: 0, interpolation_duration: 1 }
$data merge entity $(bone_body_0) { transformation: [-0.9736406660526673f,0.22752270209087885f,-0.016039745689491347f,-0.1565720632711194f,0.20221155704725097f,0.8285138480398289f,-0.5221831956342159f,0.7061098815056396f,-0.10551938023436591f,-0.5116622163493223f,-0.8526824946927518f,-0.08419502168479237f,0f,0f,0f,1f], start_interpolation: 0, interpolation_duration: 1 }
$data merge entity $(bone_leg_left_3) { transformation: [-0.9409551938859388f,-0.03372229052683666f,0.3368473396372585f,0.15352673323853916f,-0.030484529506319472f,0.9994242081720242f,0.014897838115016937f,0.007481221089379403f,-0.3371557749169563f,0.0037495654877000018f,-0.9414414077353936f,-0.1124927549151438f,0f,0f,0f,1f], start_interpolation: 0, interpolation_duration: 1 }
$data merge entity $(bone_leg_left_2) { transformation: [-0.9652234063147844f,0.07516936461011059f,0.33875587378950484f,0.180020250187778f,-0.05519458842156304f,0.9553360223170503f,-0.36925443988272577f,0.2186714169886495f,-0.3425777762957675f,-0.3657114307596132f,-0.8949624663083351f,-0.22592937502392504f,0f,0f,0f,1f], start_interpolation: 0, interpolation_duration: 1 }
$data merge entity $(bone_leg_left_1) { transformation: [-0.792817322940581f,-0.35030221073625384f,0.49872743417484416f,0.07419290609125631f,0.2352579538628917f,0.5789853630478841f,0.780659749519953f,0.3298750720082861f,-0.5622227206273115f,0.7362501684411374f,-0.3766182442219451f,0.005258224149377683f,0f,0f,0f,1f], start_interpolation: 0, interpolation_duration: 1 }
$data merge entity $(bone_leg_left_0) { transformation: [-0.8187701529601644f,0.42640326250596394f,0.38444205590161296f,0.11511368767709977f,0.18661700911687157f,0.8309194635562206f,-0.5241630824387732f,0.7204902185835002f,-0.5429452352952941f,-0.35742566053336544f,-0.7599061578000438f,-0.13634889242631149f,0f,0f,0f,1f], start_interpolation: 0, interpolation_duration: 1 }
$data merge entity $(bone_leg_right_3) { transformation: [-0.5903959634336601f,0.3196794016603367f,0.7411057188521281f,-0.4127374855004998f,0.3994226657121888f,0.9136197997049632f,-0.07589727071793634f,0.3631076913895995f,-0.7013516525086465f,0.25120497953096355f,-0.6670846406433286f,-0.5623073123164317f,0f,0f,0f,1f], start_interpolation: 0, interpolation_duration: 1 }
$data merge entity $(bone_leg_right_2) { transformation: [-0.5580958800244981f,0.23405286737841668f,0.8281367299379473f,-0.33172114982529266f,0.5623568028170596f,0.8463312700770095f,0.13978700624845236f,0.5638338981124862f,-0.6514184634516816f,0.5300988927195297f,-0.5888220010431615f,-0.4559286708773782f,0f,0f,0f,1f], start_interpolation: 0, interpolation_duration: 1 }
$data merge entity $(bone_leg_right_1) { transformation: [-0.715068327115266f,-0.6534207975735157f,0.24843218160086536f,-0.5366521050697266f,0.19464934746820553f,0.15521763446207876f,0.968513870567788f,0.5585118984875267f,-0.6714081613197568f,0.7409107552535508f,0.016196717656251636f,-0.2688768984656703f,0f,0f,0f,1f], start_interpolation: 0, interpolation_duration: 1 }
$data merge entity $(bone_leg_right_0) { transformation: [-0.6765760855492451f,0.6832719397463516f,0.27456193621498004f,-0.2120590855999761f,0.22776977203590526f,0.5487553221949182f,-0.8043559705189385f,0.8129666031546978f,-0.7002611879931461f,-0.4816711043004448f,-0.5269034217695098f,-0.33368008934934495f,0f,0f,0f,1f], start_interpolation: 0, interpolation_duration: 1 }
$data merge entity $(bone_tail_4) { transformation: [0.8370767545029716f,0.10645667763607071f,-2.6293784083804788f,-0.5995193087999233f,2.628500964411195f,-0.16623018368106582f,0.8300671886797932f,0.7299575701502135f,-0.1262795262906406f,-2.754395729269861f,-0.15172006927154602f,-1.5892758851843412f,0f,0f,0f,1f], start_interpolation: 0, interpolation_duration: 1 }
$data merge entity $(bone_tail_3) { transformation: [0.7209894860027166f,0.5144890577812421f,-1.8845213441458686f,-0.28500880901199044f,1.8988945971440687f,-0.6561649749218602f,0.547350308913135f,0.6435682740226959f,-0.45860549065078615f,-1.9080602876098043f,-0.6963709276210401f,-1.4525252417763395f,0f,0f,0f,1f], start_interpolation: 0, interpolation_duration: 1 }
$data merge entity $(bone_tail_2) { transformation: [-0.07764977743871716f,1.2437171997748007f,-1.505294626991946f,-0.004939297259350231f,1.951850589889681f,0.0918631971926685f,-0.024785131664418376f,0.6496409211343916f,0.054987833325193795f,-1.5044941192934742f,-1.2458923140465759f,-1.2212339200350448f,0f,0f,0f,1f], start_interpolation: 0, interpolation_duration: 1 }
$data merge entity $(bone_tail_1) { transformation: [-0.3786340465524673f,1.3053445981800649f,-0.6636022820887739f,0.12226575713154662f,1.4636134099433142f,0.3157609290363326f,-0.21397913900241983f,0.6904286981934583f,-0.04613344801127168f,-0.6957203214627535f,-1.342200130114118f,-0.923858890184156f,0f,0f,0f,1f], start_interpolation: 0, interpolation_duration: 1 }
$data merge entity $(bone_tail_0) { transformation: [-1.1892799256601567f,0.4660500364633884f,0.04739555378169537f,0.11966229231651422f,0.46835752172247724f,1.1855561424824441f,0.09451762508735534f,0.6914180329499552f,-0.009497728769477005f,0.10530770683406267f,-1.2738350743379616f,-0.5490734122257942f,0f,0f,0f,1f], start_interpolation: 0, interpolation_duration: 1 }
$data merge entity $(bone_body_1) { transformation: [-1.028995335282703f,0.3687855997247573f,0.5777286356572077f,-0.03949185001106571f,0.2908486772735961f,1.1786043478977437f,-0.2343148162216465f,0.6665055787037039f,-0.6206289084073404f,-0.05910640919930356f,-1.0676754120503702f,-0.29687259856645626f,0f,0f,0f,1f], start_interpolation: 0, interpolation_duration: 1 }