# This file was generated by Animated Java via MC-Build. It is not recommended to edit this file directly.
$data merge entity $(bone_head_lower) { transformation: [-0.3078752627824768f,-0.14584428902136465f,-0.9401820387172226f,0.6776268559069416f,-0.1079206165175447f,0.987156723048208f,-0.11779110607849916f,0.7170353002385076f,0.9452861805279361f,0.06520005751972817f,-0.31966074110270426f,0.41011942369662463f,0f,0f,0f,1f], start_interpolation: 0, interpolation_duration: 1 }
$data merge entity $(bone_head_upper) { transformation: [-0.32046723274892064f,0.22731312263625011f,-0.9638990816445013f,0.6161829665219244f,-0.11233452476618874f,0.9982268621484384f,0.2727563543060801f,0.7582184531975644f,0.983947991442287f,0.1879995174093444f,-0.28279758516304526f,0.39515102827862597f,0f,0f,0f,1f], start_interpolation: 0, interpolation_duration: 1 }
$data merge entity $(bone_neck_0) { transformation: [-0.38706949010270564f,-0.1768748054217732f,-0.9049267998234118f,0.5606647844688378f,-0.11957545690366296f,0.9827699323352574f,-0.14094314528927404f,0.7331912442788502f,0.9142641412293886f,0.05365224417266312f,-0.40155014227033353f,0.3680197450513945f,0f,0f,0f,1f], start_interpolation: 0, interpolation_duration: 1 }
$data merge entity $(bone_neck_1) { transformation: [-0.5314082865000023f,0.12376052857103793f,-0.8380265894391111f,0.49024308252941945f,0.11790577435042657f,0.9904470829631948f,0.07150387559093717f,0.7438114269350957f,0.8388703483935747f,-0.060810421948176194f,-0.5409238681815832f,0.32191624777803207f,0f,0f,0f,1f], start_interpolation: 0, interpolation_duration: 1 }
$data merge entity $(bone_neck_2) { transformation: [-0.6135304718334812f,-0.07574980065238135f,-0.7860294700791505f,0.420639367837448f,-0.007973775592040672f,0.9959320211359741f,-0.08975426551881083f,0.7456990770630909f,0.789630786529118f,-0.048799354269681794f,-0.6116386547531705f,0.26785433815384707f,0f,0f,0f,1f], start_interpolation: 0, interpolation_duration: 1 }
$data merge entity $(bone_body_0) { transformation: [-0.6010751925604537f,-0.23167660696882109f,-0.7648755210305972f,0.05794939378179469f,0.004159727860418502f,0.9561405708208092f,-0.2928786531903349f,0.6167749002222173f,0.7991816499097939f,-0.17922376687781f,-0.5737486660843645f,-0.0042585870234357615f,0f,0f,0f,1f], start_interpolation: 0, interpolation_duration: 1 }
$data merge entity $(bone_leg_left_3) { transformation: [-0.8215675373624639f,0.014891549882245558f,-0.5699166810107251f,0.15820850389863605f,-0.05973636368083131f,0.9919075350980938f,0.11203128433529069f,-0.022971630124116016f,0.5669729697316863f,0.1260860165035279f,-0.8140294638622757f,-0.4944425461432683f,0f,0f,0f,1f], start_interpolation: 0, interpolation_duration: 1 }
$data merge entity $(bone_leg_left_2) { transformation: [-0.8322983812489348f,-0.22968803186801837f,-0.5537011938651504f,0.08626550053508225f,-0.16090014029694344f,0.998251812240135f,-0.17224013386085113f,0.2041468093067857f,0.577453676863799f,-0.05290488518630592f,-0.8460558632268893f,-0.5320256647408397f,0f,0f,0f,1f], start_interpolation: 0, interpolation_duration: 1 }
$data merge entity $(bone_leg_left_1) { transformation: [-0.9077050997456992f,0.4195518737481971f,-0.0069048627811671565f,0.21868835604221343f,0.1812188068597281f,0.4068044623356797f,0.8953601920255976f,0.2635672362992585f,0.3784589752350795f,0.8114717214161903f,-0.4452891750378152f,-0.2954949355424219f,0f,0f,0f,1f], start_interpolation: 0, interpolation_duration: 1 }
$data merge entity $(bone_leg_left_0) { transformation: [-0.912581005234372f,0.05082338048334005f,-0.40572514450261576f,0.1655609027777496f,0.12409621865270846f,0.9798700083391502f,-0.1563806102863557f,0.6754557717885837f,0.3896101094703806f,-0.1930589307793854f,-0.9005177465462845f,-0.25268621439188854f,0f,0f,0f,1f], start_interpolation: 0, interpolation_duration: 1 }
$data merge entity $(bone_leg_right_3) { transformation: [-0.9626238343565605f,0.2356501436315212f,-0.13350791487816793f,-0.41450981981305524f,0.25138600967908087f,0.9608361332031496f,-0.11661474721855931f,0.21246991700398604f,0.10079894675194705f,-0.1458181570918477f,-0.9841629120201772f,-0.015927477549700007f,0f,0f,0f,1f], start_interpolation: 0, interpolation_duration: 1 }
$data merge entity $(bone_leg_right_2) { transformation: [-0.9301759350095631f,0.42675245630207603f,-0.06868238835337397f,-0.3157139805560799f,0.42170256274457973f,0.9317359778812151f,0.07808466941137672f,0.4314151664665926f,0.09487822724120058f,0.04257473502647736f,-1.0204154611890621f,-0.03768596897908197f,0f,0f,0f,1f], start_interpolation: 0, interpolation_duration: 1 }
$data merge entity $(bone_leg_right_1) { transformation: [-0.9725553968699568f,0.23251967257532885f,-0.008402492760029245f,-0.2714690636262752f,0.046638906897501796f,0.2302013890594981f,0.9720247593752351f,0.4433299849164159f,0.22794914428996352f,0.9449560425440642f,-0.23472806665785395f,0.2360179040058432f,0f,0f,0f,1f], start_interpolation: 0, interpolation_duration: 1 }
$data merge entity $(bone_leg_right_0) { transformation: [-0.9813918378411041f,-0.12487596348630986f,-0.14586313572052967f,-0.19451330515269133f,0.07407475445079925f,0.4546231819332339f,-0.8875982724194295f,0.6854727798904723f,0.17715245234518662f,-0.8818864757962147f,-0.43691332371057173f,-0.0952704245606196f,0f,0f,0f,1f], start_interpolation: 0, interpolation_duration: 1 }
$data merge entity $(bone_tail_4) { transformation: [0.15071741457993584f,-2.37636455551812f,-1.3985124567981175f,-1.4037827601356367f,2.6860012897573826f,-0.19000944517571453f,0.6123355401785007f,0.5133403787749893f,-0.6231714563136042f,-1.3937177768907105f,2.3010583273821625f,-0.4635857629641817f,0f,0f,0f,1f], start_interpolation: 0, interpolation_duration: 1 }
$data merge entity $(bone_tail_3) { transformation: [-0.15512015351257574f,-1.3180438208818384f,-1.6045696464329258f,-1.1188089500359537f,1.9591774046616852f,-0.626105804291465f,0.32490143880888955f,0.4643760380302554f,-0.6881185661510547f,-1.4854957199912047f,1.2867559328988822f,-0.6672352764118428f,0f,0f,0f,1f], start_interpolation: 0, interpolation_duration: 1 }
$data merge entity $(bone_tail_2) { transformation: [-0.18186627644574735f,-0.6264992145488357f,-1.8420633177673964f,-0.776656959983598f,1.918468348013013f,0.250636692633393f,-0.27465309206487043f,0.5169116895152444f,0.32431116256885023f,-1.8339721528633586f,0.5917282208562938f,-0.777432848959522f,0f,0f,0f,1f], start_interpolation: 0, interpolation_duration: 1 }
$data merge entity $(bone_tail_1) { transformation: [-0.41971042722169666f,0.07468638935045176f,-1.4511792964782726f,-0.464891350630661f,1.3756892069113076f,0.5068597610443393f,-0.3717911223009689f,0.5894068591757787f,0.4679515073905837f,-1.423085161148084f,-0.2085815448476025f,-0.7155997494131591f,0f,0f,0f,1f], start_interpolation: 0, interpolation_duration: 1 }
$data merge entity $(bone_tail_0) { transformation: [-0.731885906500264f,0.18328081085094675f,-1.0317881957185466f,-0.1589559664009355f,0.24602444873973078f,1.2533918414299987f,0.04813085333813258f,0.6055884830205779f,1.0186514158791644f,-0.171034361444023f,-0.752949039920257f,-0.4996979035972029f,0f,0f,0f,1f], start_interpolation: 0, interpolation_duration: 1 }
$data merge entity $(bone_body_1) { transformation: [-1.1324740644058926f,-0.06468797369592616f,-0.4918562336327181f,-0.04024908780343401f,0.03150462218200256f,1.2139593751271507f,-0.23219536898551074f,0.5778018749999996f,0.4950904435407909f,-0.22521699903928957f,-1.1103005679159896f,-0.2263986112538454f,0f,0f,0f,1f], start_interpolation: 0, interpolation_duration: 1 }