# This file was generated by Animated Java via MC-Build. It is not recommended to edit this file directly.
$data merge entity $(bone_head_lower) { transformation: [0.5689276440892713f,0.14458187592730043f,-0.8095785427890083f,0.8681822745972354f,-0.46083846253124156f,0.8713933113375059f,-0.1682308188415486f,0.3653619369924135f,0.6811381998118101f,0.4687960943839007f,0.5623886331066158f,-0.4050589545456682f,0f,0f,0f,1f], start_interpolation: 0, interpolation_duration: 1 }
$data merge entity $(bone_head_upper) { transformation: [0.5921965476793375f,0.6977328603885092f,-0.4959274614641242f,0.8498455836281709f,-0.4796865636327433f,0.76994369716454f,0.5104502389560773f,0.41769100544297066f,0.70899646837653f,-0.06186680300593804f,0.7595843923481709f,-0.3538643176078132f,0f,0f,0f,1f], start_interpolation: 0, interpolation_duration: 1 }
$data merge entity $(bone_neck_0) { transformation: [0.5070995116977727f,0.43475462774215373f,-0.7442032645001377f,0.7945032658615714f,-0.4463655247423244f,0.8711136163322802f,0.2047410211999692f,0.4169343682922543f,0.7372977034803447f,0.22836260879854708f,0.6358007670216603f,-0.3166972405268834f,0f,0f,0f,1f], start_interpolation: 0, interpolation_duration: 1 }
$data merge entity $(bone_neck_1) { transformation: [0.4805270352193738f,0.4141340874835831f,-0.7730373380422312f,0.7309247211886086f,-0.18504438633139353f,0.9095109524145323f,0.37222090554568327f,0.4526563676602636f,0.8572352906352589f,-0.03581598835925909f,0.5136777895406152f,-0.2733469895131782f,0f,0f,0f,1f], start_interpolation: 0, interpolation_duration: 1 }
$data merge entity $(bone_neck_2) { transformation: [0.35086824928747884f,0.2948279610041372f,-0.8888014092316026f,0.6559456017350571f,-0.27593916536854446f,0.9395518095474965f,0.20273128567573337f,0.47961594820545145f,0.8948458239594409f,0.1741231477609102f,0.41101348001760407f,-0.23563435161898927f,0f,0f,0f,1f], start_interpolation: 0, interpolation_duration: 1 }
$data merge entity $(bone_body_0) { transformation: [0.38906427834991664f,0.10097747563269874f,-0.9156596183773239f,0.2253605939946393f,-0.2623552653274003f,0.9649580832296349f,-0.005060866010692916f,0.48642321297322566f,0.8830621167658864f,0.24219712431124474f,0.4019226927013643f,-0.04390246340346393f,0f,0f,0f,1f], start_interpolation: 0, interpolation_duration: 1 }
$data merge entity $(bone_leg_left_3) { transformation: [-0.022339318238295956f,0.21780566994733336f,-0.9757364628830069f,-0.3881471559502007f,-0.08995185421075688f,0.9715836410454501f,0.2189381017020852f,0.06554787883289487f,0.9956955452269006f,0.0926602319857832f,-0.0021124922830578485f,-0.5070379406823111f,0f,0f,0f,1f], start_interpolation: 0, interpolation_duration: 1 }
$data merge entity $(bone_leg_left_2) { transformation: [-0.0762026191647236f,0.11396586851087004f,-1.016497487034618f,-0.39311442193625906f,-0.3021561242798061f,0.9713176518979685f,0.1315518725534437f,0.2955573968513191f,0.9772190321997095f,0.3092183685143466f,-0.03858967712592738f,-0.43463614543128476f,0f,0f,0f,1f], start_interpolation: 0, interpolation_duration: 1 }
$data merge entity $(bone_leg_left_1) { transformation: [-0.1744064073607769f,0.9805270377958982f,-0.09027254966327114f,-0.11847473711837143f,0.08857967691422504f,0.10692916833066873f,0.9903129776984056f,0.2703201040587495f,0.9806814191720359f,0.16472061531973622f,-0.10550390030425048f,-0.40382205392432796f,0f,0f,0f,1f], start_interpolation: 0, interpolation_duration: 1 }
$data merge entity $(bone_leg_left_0) { transformation: [-0.1988197360004278f,0.399087595523638f,-0.8950976503577033f,0.0879686772647104f,0.03553782634626061f,0.9156665065433388f,0.4003647233377345f,0.6013805258994674f,0.9793915332875323f,0.04779058373653475f,-0.19623527876204638f,-0.255203776740954f,0f,0f,0f,1f], start_interpolation: 0, interpolation_duration: 1 }
$data merge entity $(bone_leg_right_3) { transformation: [-0.509207285094385f,-0.11096731537574014f,-0.8534601313038042f,0.0345735908161362f,0.025568721917739325f,0.9892647718659628f,-0.14387999028523313f,0.016319228249297768f,0.8602640183491921f,-0.09508662399773428f,-0.5009035362925828f,0.2698691559079827f,0f,0f,0f,1f], start_interpolation: 0, interpolation_duration: 1 }
$data merge entity $(bone_leg_right_2) { transformation: [-0.5240731059564725f,0.0903742580935565f,-0.8770644631883505f,0.029347514396230123f,0.1986271458780068f,1.0061730545609224f,-0.015008021075252048f,0.2500847454553782f,0.8590441409113896f,-0.17751190734786607f,-0.5315965445864279f,0.21072997129538676f,0f,0f,0f,1f], start_interpolation: 0, interpolation_duration: 1 }
$data merge entity $(bone_leg_right_1) { transformation: [-0.38086191649832285f,0.85450297333661f,-0.3532263709296316f,0.272637968043325f,-0.1716887058400324f,0.3100189805782404f,0.9350995775681883f,0.2812937515322968f,0.9085522488267802f,0.416788795722872f,0.028634086534737313f,0.3405342037519877f,0f,0f,0f,1f], start_interpolation: 0, interpolation_duration: 1 }
$data merge entity $(bone_leg_right_0) { transformation: [-0.4324865010867639f,-0.8749904233820058f,-0.21759408394417917f,-0.0029105527512029022f,-0.1530912305543907f,0.3090894247239545f,-0.938630280063006f,0.4968634548363348f,0.8885485363811427f,-0.37263317956616904f,-0.26763036446064237f,0.11269655482229536f,0f,0f,0f,1f], start_interpolation: 0, interpolation_duration: 1 }
$data merge entity $(bone_tail_4) { transformation: [-0.358301624134263f,-2.3717024085813008f,1.3683234131127047f,-0.9869332077311916f,2.7134219874381422f,-0.1226354438339468f,0.49795883123295953f,0.25914654577954044f,-0.3669092474032142f,1.4091307833715454f,2.346356616357518f,0.8264190378563743f,0f,0f,0f,1f], start_interpolation: 0, interpolation_duration: 1 }
$data merge entity $(bone_tail_3) { transformation: [-0.5057950868055278f,-2.0138126234340152f,0.15708460747520578f,-0.9938622147424718f,2.0188493866619486f,-0.4986975825865343f,0.10720728119611968f,0.2458482999952971f,-0.06606065532906569f,0.1783394652470332f,2.0735902562939814f,0.4730695664323107f,0f,0f,0f,1f], start_interpolation: 0, interpolation_duration: 1 }
$data merge entity $(bone_tail_2) { transformation: [0.34771138938756174f,-1.8383318332283145f,-0.5642754076090604f,-0.8891449718438175f,1.8112601087217126f,0.5057013447867094f,-0.5313914220582592f,0.3460924650494582f,0.6459160032437324f,-0.42845781101890673f,1.7938757749446603f,0.1399676445203545f,0f,0f,0f,1f], start_interpolation: 0, interpolation_duration: 1 }
$data merge entity $(bone_tail_1) { transformation: [0.25781379931804677f,-1.0798760326543502f,-1.0271592130628506f,-0.6551577083682272f,1.1720479707132352f,0.7908019017875634f,-0.5372077405214484f,0.45090709916671406f,0.9205932050738704f,-0.7043836711820293f,0.9716007639683832f,-0.06137914588092955f,0f,0f,0f,1f], start_interpolation: 0, interpolation_duration: 1 }
$data merge entity $(bone_tail_0) { transformation: [0.3953423250049452f,0.0321171779984673f,-1.215116722591343f,-0.2992973153699826f,-0.07950393870753293f,1.275716734124693f,0.007852043571149252f,0.47939786682109325f,1.2129382863005442f,0.07315065095861524f,0.3965670340240822f,-0.17549999478410022f,0f,0f,0f,1f], start_interpolation: 0, interpolation_duration: 1 }
$data merge entity $(bone_body_1) { transformation: [-0.28582544575389607f,-0.29451334750653696f,-1.166263391244161f,-0.008319849686695996f,-0.3287179966234366f,1.1722314332699622f,-0.2154589070007893f,0.45053093883574197f,1.1570881074108883f,0.2602689955615041f,-0.34930181318445064f,-0.11182318000625836f,0f,0f,0f,1f], start_interpolation: 0, interpolation_duration: 1 }