# This file was generated by Animated Java via MC-Build. It is not recommended to edit this file directly.
$data merge entity $(bone_head_lower) { transformation: [-0.9999999976723838f,0.000027150456680867062f,-0.00006259461011690469f,-0.00033316967222041054f,0.000040752292399321205f,0.9734717912804929f,-0.2288070582836094f,0.33350827042216197f,0.000054721871110801514f,-0.22880706030190817f,-0.9734717901210677f,1.0347859148450536f,0f,0f,0f,1f], start_interpolation: 0, interpolation_duration: 1 }
$data merge entity $(bone_head_upper) { transformation: [-0.9999999976723838f,0.00002635078417612195f,-0.00006293543268279314f,0.00005367216792604886f,0.000040752292399321205f,0.9704777326382883f,-0.24119073114963935f,0.3424241284364943f,0.000054721871110801514f,-0.241190733153003f,-0.9704777314532436f,1.0161187460144674f,0f,0f,0f,1f], start_interpolation: 0, interpolation_duration: 1 }
$data merge entity $(bone_neck_0) { transformation: [-0.9999999976723838f,0.00003573452621108567f,-0.000058122939964666076f,0.0000427765199177732f,0.000040752292399321205f,0.9960533385239194f,-0.08875666259276005f,0.3088445152357665f,0.000054721871110801514f,-0.08875666475481159f,-0.9960533376617535f,0.8305950868079628f,0f,0f,0f,1f], start_interpolation: 0, interpolation_duration: 1 }
$data merge entity $(bone_neck_1) { transformation: [-0.9999999976723838f,0.00005617650936566851f,-0.0000387225039112388f,0.00003646773593713264f,0.000040752292399321205f,0.9469536452777857f,0.3213701791304914f,0.3724590673060063f,0.000054721871110801514f,0.3213701768044343f,-0.9469536453629628f,0.6679321037613656f,0f,0f,0f,1f], start_interpolation: 0, interpolation_duration: 1 }
$data merge entity $(bone_neck_2) { transformation: [-0.9999999976723838f,0.00006527923351153393f,-0.00001984575989509022f,0.000041272923061785414f,0.000040752292399321205f,0.8047450926565158f,0.5936205304607535f,0.6216013070394921f,0.000054721871110801514f,0.5936205282702727f,-0.8047450934436566f,0.5702028013706615f,0f,0f,0f,1f], start_interpolation: 0, interpolation_duration: 1 }
$data merge entity $(bone_arm_right_2) { transformation: [-0.9947000357694117f,0.03561858289348825f,-0.0964528661730214f,-0.3798586870937386f,0.013338797496447702f,0.974855390278077f,0.22243885570449878f,0.15226220335132995f,0.10195055331718317f,0.21997337247593823f,-0.9701638006439339f,0.39355905502088695f,0f,0f,0f,1f], start_interpolation: 0, interpolation_duration: 1 }
$data merge entity $(bone_arm_right_1) { transformation: [-0.9462112984859012f,-0.31844201114274767f,-0.05726136705482184f,-0.33937886814064444f,-0.22534453012405414f,0.7756075740608299f,-0.5896208390166034f,0.42645600809871914f,0.23217239577691845f,-0.5450023638470171f,-0.8056478151403192f,0.18759103417942913f,0f,0f,0f,1f], start_interpolation: 0, interpolation_duration: 1 }
$data merge entity $(bone_arm_right_0) { transformation: [-0.8551988397928549f,0.5004797172360621f,0.13474048037715416f,-0.15934564620947742f,0.26667055649303545f,0.201962928712613f,0.9423894045061831f,0.500452700611794f,0.4444342006604012f,0.841861644251082f,-0.3061816670250113f,0.44261801720678784f,0f,0f,0f,1f], start_interpolation: 0, interpolation_duration: 1 }
$data merge entity $(bone_arm_left_2) { transformation: [-0.9484329747869098f,0.07064956883903435f,0.30900409505330395f,0.3448039791909588f,0.0776501169838931f,0.9969264307500465f,0.01039956750832921f,0.10175871298989614f,-0.3073196246080626f,0.03385749687781314f,-0.9510038476451759f,0.10676655149444303f,0f,0f,0f,1f], start_interpolation: 0, interpolation_duration: 1 }
$data merge entity $(bone_arm_left_1) { transformation: [-0.9716915797137322f,0.23612222678918168f,-0.007859257569888242f,0.27474222053667463f,0.23305651412358908f,0.963467895190661f,0.13196316213791837f,0.4371177785123376f,0.03873157804676859f,0.12639584230897583f,-0.9912234641638645f,0.15000231284839072f,0f,0f,0f,1f], start_interpolation: 0, interpolation_duration: 1 }
$data merge entity $(bone_arm_left_0) { transformation: [-0.9377032720071921f,-0.2899346555697046f,-0.191443122536911f,0.15940435304859488f,-0.24644324258538952f,0.16664268304007035f,0.9547229673435145f,0.5004397108185917f,-0.24490467911210845f,0.9424267142270978f,-0.22771382579920735f,0.4426005746103713f,0f,0f,0f,1f], start_interpolation: 0, interpolation_duration: 1 }
$data merge entity $(bone_finger_right_1_fire) { transformation: [0.05057635529788843f,-0.000013733478054447533f,-0.000006777883439437239f,-1.1794674737076412f,0.1174425500057883f,0.000006457788535880253f,0.0000017254642497490059f,1.3089480933639392f,0.009264698106954777f,-0.0000068895809402052555f,0.000015128147506618865f,1.2518193810748022f,0f,0f,0f,1f], start_interpolation: 0, interpolation_duration: 1 }
$data merge entity $(bone_finger_right_1_fire_s) { transformation: [0.07889911426470599f,-0.16480173665337036f,-0.08133460127324685f,-1.1794674737076412f,0.1832103780090298f,0.07749346243056301f,0.02070557099698806f,1.3089480933639392f,0.014452929046849458f,-0.08267497128246303f,0.1815377700794263f,1.2518193810748022f,0f,0f,0f,1f], start_interpolation: 0, interpolation_duration: 1 }
$data merge entity $(bone_finger_right_1) { transformation: [0.7842992753187855f,-1.6382171565940502f,-0.8085093151100863f,-0.7293922479753747f,1.8212088696113617f,0.7703263464064262f,0.20582441868125975f,1.1874343627045387f,0.14366982295450864f,-0.8218333078657001f,1.8045822547335404f,0.32427659082706917f,0f,0f,0f,1f], start_interpolation: 0, interpolation_duration: 1 }
$data merge entity $(bone_finger_right_2_fire) { transformation: [0.08892294688067263f,0.000009577769766234566f,0.000007239536928419205f,-0.2928921170148591f,-0.09089861416579083f,0.00001085375375802248f,0.000004509609292419311f,1.405156475760934f,-0.016331146894480782f,-0.000008260758648150547f,0.00001431887938595608f,0.7808098023197219f,0f,0f,0f,1f], start_interpolation: 0, interpolation_duration: 1 }
$data merge entity $(bone_finger_right_2_fire_s) { transformation: [0.13871979713384938f,0.11493323719481476f,0.08687444314103042f,-0.2928921170148591f,-0.14180183809863375f,0.13024504509626972f,0.05411531150903171f,1.405156475760934f,-0.025476589155390035f,-0.09912910377780652f,0.17182655263147292f,0.7808098023197219f,0f,0f,0f,1f], start_interpolation: 0, interpolation_duration: 1 }
$data merge entity $(bone_finger_right_2) { transformation: [0.8616851858571776f,0.7139303105945426f,0.5396376164822924f,-0.5255369335862647f,-0.8808298868762913f,0.8090426039368108f,0.33614785502018774f,1.2608523387936577f,-0.15825282270408148f,-0.6157598408986684f,1.067334281036951f,0.3196962749092134f,0f,0f,0f,1f], start_interpolation: 0, interpolation_duration: 1 }
$data merge entity $(bone_finger_film_right) { transformation: [1.2596885425868087f,-0.11936010426184641f,-0.05247916015736601f,-0.6282368824002258f,0.36307877288679685f,0.3758076445920979f,0.3913095321561266f,1.285568824262386f,-0.0830158864772302f,-0.16754356221267927f,0.9151114467732386f,0.37249525132355793f,0f,0f,0f,1f], start_interpolation: 0, interpolation_duration: 1 }
$data merge entity $(bone_finger_right_0_fire) { transformation: [0.12266145736649989f,-0.000004797830379677541f,-6.957166393696841e-7f,-0.674156036673637f,0.03670772080467544f,0.000015111672893246231f,0.000005161695534271106f,1.5327963178577708f,-0.0065776141681978244f,-0.00000513769829720938f,0.000015831950459339113f,1.0280579434034107f,0f,0f,0f,1f], start_interpolation: 0, interpolation_duration: 1 }
$data merge entity $(bone_finger_right_0_fire_s) { transformation: [0.19135187349173988f,-0.05757396455613047f,-0.008348599672436207f,-0.674156036673637f,0.057264044455293706f,0.18134007471895472f,0.061940346411253254f,1.5327963178577708f,-0.01026107810238861f,-0.06165237956651254f,0.18998340551206927f,1.0280579434034107f,0f,0f,0f,1f], start_interpolation: 0, interpolation_duration: 1 }
$data merge entity $(bone_fire_large_right) { transformation: [0.000025513583132231993f,-0.000007676528607484064f,-0.0000011131466229914945f,-0.64179424405268f,0.000007635205927372496f,0.00002417867662919397f,0.000008258712854833769f,1.436534662787062f,-0.0000013681437469851484f,-0.000008220317275535006f,0.000025331120734942577f,1.0674575998749836f,0f,0f,0f,1f], start_interpolation: 0, interpolation_duration: 1 }
$data merge entity $(bone_finger_right_0) { transformation: [1.3993239602164425f,-0.4210286871924634f,-0.06105190057833128f,-0.6250675471592482f,0.41876229379406116f,1.3261093652821074f,0.4529593008720383f,1.2504150484303405f,-0.07503753260583815f,-0.45085344793085447f,1.3893165848100828f,0.382975227500891f,0f,0f,0f,1f], start_interpolation: 0, interpolation_duration: 1 }
$data merge entity $(bone_wing_right_1_model) { transformation: [-0.7752886004766463f,-0.5426950372323769f,0.36794940627231987f,-0.3757683677349334f,-0.11650372411274564f,0.67475969882705f,0.7497354961241534f,0.894046865245704f,-0.6452375928916919f,0.53024383866672f,-0.5774833359649066f,0.12576811145874087f,0f,0f,0f,1f], start_interpolation: 0, interpolation_duration: 1 }
$data merge entity $(bone_wing_right_0) { transformation: [-0.9318492664581937f,-0.013316450653930171f,-0.3626011813870827f,-0.1744374720013883f,-0.16503194225979712f,0.9055344951492518f,0.390860251405472f,0.7803067077872674f,0.3231430064774506f,0.4240636157898616f,-0.8460192947728458f,0.5320621606226288f,0f,0f,0f,1f], start_interpolation: 0, interpolation_duration: 1 }
$data merge entity $(bone_finger_left_1_fire) { transformation: [0.013832968048933875f,-0.008194885853263414f,-0.0011919674792396204f,1.1943377713906487f,-0.07160654435735518f,-0.002047394593349292f,0.0001508941998154615f,1.0876744636410847f,-0.00979450209520016f,0.0033944816458935214f,-0.0027866102842959923f,1.2642818809370864f,0f,0f,0f,1f], start_interpolation: 0, interpolation_duration: 1 }
$data merge entity $(bone_finger_left_1_fire_s) { transformation: [0.0375971515094941f,0.18004164219619795f,0.0785586486242503f,1.1943377713906487f,-0.19462215829250643f,0.04498125921588413f,-0.009944939462863686f,1.0876744636410847f,-0.026620850849263616f,-0.07457676176028097f,0.18365630102289332f,1.2642818809370864f,0f,0f,0f,1f], start_interpolation: 0, interpolation_duration: 1 }
$data merge entity $(bone_finger_left_1) { transformation: [0.37373573781850983f,1.7897099456393792f,0.7809148652709811f,0.7558695475324101f,-1.934648051911937f,0.44713770661080354f,-0.0988580022285786f,1.1307329437378812f,-0.2646254552288f,-0.7413327861701318f,1.8256415821947722f,0.3243028879507416f,0f,0f,0f,1f], start_interpolation: 0, interpolation_duration: 1 }
$data merge entity $(bone_finger_left_2_fire) { transformation: [0.06085885317480385f,0.0036845018505890217f,0.0011837511124011314f,0.3639699597364524f,0.03898377218381782f,-0.00722110082646785f,-0.0009109313921346081f,1.407221241601032f,0.013829170897253343f,0.0041413323194585796f,-0.0026415316977768375f,0.7894123269736246f,0f,0f,0f,1f], start_interpolation: 0, interpolation_duration: 1 }
$data merge entity $(bone_finger_left_2_fire_s) { transformation: [0.16541059846397208f,-0.08094850565744113f,-0.07801713496160863f,0.3639699597364524f,0.1059554814282653f,0.15864758515749933f,0.060036486231279024f,1.407221241601032f,0.03758683108610177f,-0.09098507105850534f,0.1740946494679938f,0.7894123269736246f,0f,0f,0f,1f], start_interpolation: 0, interpolation_duration: 1 }
$data merge entity $(bone_finger_left_2) { transformation: [1.0274803252678286f,-0.5028274953068869f,-0.4846187121696287f,0.5730570693856332f,0.658163222506783f,0.9854705436912338f,0.37292839137081f,1.247110095665254f,0.2334779620457422f,-0.565171586789655f,1.0814230087059644f,0.3222721110747373f,0f,0f,0f,1f], start_interpolation: 0, interpolation_duration: 1 }
$data merge entity $(bone_finger_film_left) { transformation: [1.1477445806651119f,0.20299345066292604f,0.10952169009682272f,0.6770886617250387f,-0.634654547768553f,0.35105967920844167f,0.30739568701429376f,1.2451214158798314f,0.07368201682651584f,-0.13820212040413007f,0.9417107110072743f,0.37812360164354286f,0f,0f,0f,1f], start_interpolation: 0, interpolation_duration: 1 }
$data merge entity $(bone_finger_left_0_fire) { transformation: [0.06400331522962559f,-0.004431975383457326f,-0.00024368081606306925f,0.756478515710113f,-0.03616791544768929f,-0.007651435108898172f,-0.0006917263300658349f,1.4312937449922338f,0.0031996879415901835f,0.002164167134938836f,-0.0029446369473711833f,1.0504550381558613f,0f,0f,0f,1f], start_interpolation: 0, interpolation_duration: 1 }
$data merge entity $(bone_finger_left_0_fire_s) { transformation: [0.17395705182617005f,0.09737049917455784f,0.016060199576737676f,0.756478515710113f,-0.09830215699617326f,0.16810202934249352f,0.04558940294449087f,1.4312937449922338f,0.008696553906400372f,-0.047546751954606406f,0.1940713176353483f,1.0504550381558613f,0f,0f,0f,1f], start_interpolation: 0, interpolation_duration: 1 }
$data merge entity $(bone_fire_large_left) { transformation: [0.00002319427357682268f,0.000012982733223274382f,0.000002141359943565024f,0.7028404376060329f,-0.000013106954266156438f,0.000022413603912332475f,0.00000607858705926545f,1.3420007340178115f,0.0000011595405208533833f,-0.000006339566927280856f,0.000025876175684713113f,1.0823241385054818f,0f,0f,0f,1f], start_interpolation: 0, interpolation_duration: 1 }
$data merge entity $(bone_finger_left_0) { transformation: [1.2721185647522864f,0.712054029191806f,0.11744552934600408f,0.6660531038905355f,-0.7188670856240221f,1.229301773364204f,0.3333876105213149f,1.2108852020491159f,0.06359643117403424f,-0.3477013735296444f,1.4192107963324516f,0.38598239720111577f,0f,0f,0f,1f], start_interpolation: 0, interpolation_duration: 1 }
$data merge entity $(bone_wing_left_1_model) { transformation: [-0.7339815289842564f,0.6205367478017829f,-0.3273871451040195f,0.3764579727928858f,0.14837013930646006f,0.6003658714695219f,0.8053100056367505f,0.8895822495659362f,0.6857364653523652f,0.5342958431843434f,-0.5246623057584915f,0.12482547854721107f,0f,0f,0f,1f], start_interpolation: 0, interpolation_duration: 1 }
$data merge entity $(bone_wing_left_0) { transformation: [-0.9281915934593553f,0.047222924614265104f,0.36909397342988215f,0.17452877718635226f,0.19835658266023395f,0.9020235281493382f,0.38341651083433254f,0.7802924866126099f,-0.3148253991448861f,0.42909620139998395f,-0.8466176338804714f,0.5320430645364743f,0f,0f,0f,1f], start_interpolation: 0, interpolation_duration: 1 }
$data merge entity $(bone_body_0) { transformation: [-0.9999999976723838f,0.000057437004732554307f,-0.000036826933092771665f,0.000014447090113106919f,0.000040752292399321205f,0.9357058491223675f,0.35278118183576584f,0.6411805511948354f,0.000054721871110801514f,0.3527811795138448f,-0.9357058492850931f,0.06540039954705357f,0f,0f,0f,1f], start_interpolation: 0, interpolation_duration: 1 }
$data merge entity $(bone_leg_right_3) { transformation: [-0.993685839727483f,-0.030651734317385854f,0.10793017700542946f,-0.2700038997691324f,-0.006944210726713054f,0.9769168847398423f,0.21350685761254787f,0.03941030319410968f,-0.1119831677640438f,0.2114092512014038f,-0.9709613270589059f,-0.20613341199018237f,0f,0f,0f,1f], start_interpolation: 0, interpolation_duration: 1 }
$data merge entity $(bone_leg_right_2) { transformation: [-0.8922959113074687f,0.3801813731600543f,0.243454575159535f,-0.20109999768969022f,0.3388652965538041f,0.9203532453256733f,-0.19524398738502385f,0.19612131205463149f,-0.2982923355627438f,-0.09171710484220741f,-0.9500577115227722f,-0.21326985954199068f,0f,0f,0f,1f], start_interpolation: 0, interpolation_duration: 1 }
$data merge entity $(bone_leg_right_1) { transformation: [-0.9270662448600713f,0.35846825024961265f,0.1097665304363191f,-0.24585178058441126f,0.2669514226602187f,0.8367745182643762f,-0.4780641625588623f,0.33851651441934205f,-0.26322065948692475f,-0.41389481652516763f,-0.8714390198246039f,0.07099912343260883f,0f,0f,0f,1f], start_interpolation: 0, interpolation_duration: 1 }
$data merge entity $(bone_leg_right_0) { transformation: [-0.9270662448600713f,0.3412394644691858f,-0.15525400326506758f,-0.09365605492943409f,0.2669514226602187f,0.31010324237606335f,-0.9124543369437934f,0.508620536896879f,-0.26322065948692475f,-0.887350892802073f,-0.3785806089363699f,-0.19911316260412143f,0f,0f,0f,1f], start_interpolation: 0, interpolation_duration: 1 }
$data merge entity $(bone_leg_left_3) { transformation: [-0.9980278070963736f,-0.05080667483461897f,-0.03686703208359797f,0.2835764928299739f,-0.055705211705212865f,0.987562008075408f,0.1470313218159479f,0.04343906400076655f,0.028938307678251424f,0.14879503351361167f,-0.9884445418688912f,-0.15734466671795586f,0f,0f,0f,1f], start_interpolation: 0, interpolation_duration: 1 }
$data merge entity $(bone_leg_left_2) { transformation: [-0.8919562597352217f,-0.43120447008618856f,-0.13592915690477553f,0.2051885015960624f,-0.337192565819854f,0.8347271982382299f,-0.4353523608264662f,0.18720243644488366f,0.3011896483529556f,-0.34248096224322266f,-0.8899390913011853f,-0.20778703459776393f,0f,0f,0f,1f], start_interpolation: 0, interpolation_duration: 1 }
$data merge entity $(bone_leg_left_1) { transformation: [-0.927059186139531f,-0.3622846334480468f,-0.09649409184880184f,0.24573917245647608f,-0.26687586279833364f,0.8184457386591497f,-0.5088456020506842f,0.3397358082540822f,0.2633221207000193f,-0.4459780456906963f,-0.8554326645107444f,0.07181479656119588f,0f,0f,0f,1f], start_interpolation: 0, interpolation_duration: 1 }
$data merge entity $(bone_leg_left_0) { transformation: [-0.927059186139531f,-0.34064715210909186f,0.15659113370263295f,0.09364519463460046f,-0.26687586279833364f,0.3062401796721227f,-0.9137801848420826f,0.5086129039415723f,0.2633221207000193f,-0.8889187083835908f,-0.37481327435897105f,-0.19912341207898282f,0f,0f,0f,1f], start_interpolation: 0, interpolation_duration: 1 }
$data merge entity $(bone_tail_3) { transformation: [-2.442234160982083f,0.00015408237686615107f,-0.00006344124390286204f,-0.00009453875008237414f,0.00009952664086761255f,2.09459647919858f,1.2558556064521864f,0.10836051383983213f,0.00013364362329072908f,1.25585560094366f,-2.094596480602373f,-1.5294317984709145f,0f,0f,0f,1f], start_interpolation: 0, interpolation_duration: 1 }
$data merge entity $(bone_tail_2) { transformation: [-1.1562499973086937f,0.00004953544262293575f,-0.00006139939524033119f,-0.00006964384170818748f,0.00004711983808671515f,1.1553821670631863f,0.044789600490474334f,0.08417948388669176f,0.00006327216347186425f,0.04478959788405524f,-1.1553821663925827f,-1.0564885274521811f,0f,0f,0f,1f], start_interpolation: 0, interpolation_duration: 1 }
$data merge entity $(bone_tail_1) { transformation: [-1.3854166634419485f,0.00003937686112184667f,-0.00008593381126839729f,-0.00004410546277861488f,0.00005645890509489292f,1.3548531207071426f,-0.28939999723615517f,0.16409851908931408f,0.0000758125922680896f,-0.28940000006454286f,-1.354853119158262f,-0.649311387361991f,0f,0f,0f,1f], start_interpolation: 0, interpolation_duration: 1 }
$data merge entity $(bone_tail_0) { transformation: [-1.1979166638783765f,0.000010363242007734826f,-0.00008107331297784381f,-0.00001986285018612491f,0.000048817850270020194f,1.0437307345134221f,-0.5879034714361427f,0.3553570377998284f,0.00006555224143481432f,-0.5879034733716525f,-1.0437307325063434f,-0.34872975292910313f,0f,0f,0f,1f], start_interpolation: 0, interpolation_duration: 1 }
$data merge entity $(bone_body_1) { transformation: [-1.020833330957225f,9.249795929754505e-7f,-0.00006964456510055368f,1.522405723039963e-17f,0.00004160129849097373f,0.8267634199687326f,-0.5988012526000435f,0.5414175560026534f,0.000055861910092276544f,-0.5988012540444396f,-0.8267634180820399f,-0.12431386127820049f,0f,0f,0f,1f], start_interpolation: 0, interpolation_duration: 1 }