# This file was generated by Animated Java via MC-Build. It is not recommended to edit this file directly.
$data merge entity $(bone_head_lower) { transformation: [-0.9998358480098328f,0.011454002714815531f,-0.01403862016964361f,0.002848471509507253f,-0.004449150243162326f,0.5958909546577995f,0.8030530338770477f,1.1039373879770316f,0.017563658405135723f,0.8029836710536684f,-0.5957421773927061f,0.9477875264311733f,0f,0f,0f,1f], start_interpolation: 0, interpolation_duration: 1 }
$data merge entity $(bone_head_upper) { transformation: [-0.9998358480098328f,0.006702382040986287f,-0.016833155064787778f,0.0030553258950289826f,-0.004449150243162326f,0.8097940088510162f,0.5866974248205924f,1.1239589432823371f,0.017563658405135723f,0.5866760105066318f,-0.8096312596481504f,0.9425721743519359f,0f,0f,0f,1f], start_interpolation: 0, interpolation_duration: 1 }
$data merge entity $(bone_neck_0) { transformation: [-0.9998358480098328f,0.009523604498998339f,-0.01541356518801489f,-9.794565893405148e-17f,-0.004449150243162326f,0.6956124795973406f,0.7184034265581934f,1.2470429698129504f,0.017563658405135723f,0.7183540764732852f,-0.6954559214771572f,0.7997869998292166f,0f,0f,0f,1f], start_interpolation: 0, interpolation_duration: 1 }
$data merge entity $(bone_neck_1) { transformation: [-1f,-4.686520405326299e-17f,1.1314261122877005e-16f,-7.857802961953598e-17f,0f,0.923879532511287f,0.38268343236509f,1.321171558037028f,-1.2246467991473532e-16f,0.38268343236509f,-0.923879532511287f,0.6416383048095587f,0f,0f,0f,1f], start_interpolation: 0, interpolation_duration: 1 }
$data merge entity $(bone_neck_2) { transformation: [-1f,-8.273593852918142e-17f,9.029043306084037e-17f,-6.991172440785239e-17f,0f,0.7372773368101242f,0.6755902076156605f,1.5792705322333915f,-1.2246467991473532e-16f,0.6755902076156605f,-0.7372773368101242f,0.5708725524496342f,0f,0f,0f,1f], start_interpolation: 0, interpolation_duration: 1 }
$data merge entity $(bone_arm_right_2) { transformation: [-0.892716554082973f,0.19786608528343735f,0.40485326522189463f,-0.5162829313148597f,0.04624390666060909f,-0.8534679911025259f,0.5190894809762415f,1.0022551592222868f,0.44823950647280875f,0.4821217693259935f,0.7527549032580171f,0.590653950248016f,0f,0f,0f,1f], start_interpolation: 0, interpolation_duration: 1 }
$data merge entity $(bone_arm_right_1) { transformation: [-0.8723798877875721f,-0.24864220259311204f,-0.4208686095129795f,-0.46565277869419147f,-0.22871433052013052f,0.9685366801104431f,-0.09811449584729909f,1.3381050718100702f,0.4320220901741849f,0.01066556938409835f,-0.9017999552180305f,0.5283233175377822f,0f,0f,0f,1f], start_interpolation: 0, interpolation_duration: 1 }
$data merge entity $(bone_arm_right_0) { transformation: [-0.2559193916740901f,0.9500493098153093f,-0.17863810871316874f,-0.15937500000000004f,0.8681217600698539f,0.30716181194563164f,0.38989258902356144f,1.4243865196319911f,0.42528799025881625f,-0.05529855515048007f,-0.9033671430486536f,0.48738839829109104f,0f,0f,0f,1f], start_interpolation: 0, interpolation_duration: 1 }
$data merge entity $(bone_arm_left_2) { transformation: [-0.9867867192474294f,-0.08158800274273204f,-0.13998345804182355f,0.44551584455735904f,-0.042890348927516225f,-0.7016069594509136f,0.7112721647997473f,0.9945844733852548f,-0.15624464370265917f,0.7078778653542539f,0.6888370918117964f,0.39630670408965646f,0f,0f,0f,1f], start_interpolation: 0, interpolation_duration: 1 }
$data merge entity $(bone_arm_left_1) { transformation: [-0.9618576653525769f,0.21734196781477078f,-0.1661093032581065f,0.37074014516949283f,0.26601848305210296f,0.8846884852467711f,-0.3828321443484489f,1.3092339451849007f,0.06374949628937054f,-0.4124181774584831f,-0.9087613815654113f,0.2752778290600538f,0f,0f,0f,1f], start_interpolation: 0, interpolation_duration: 1 }
$data merge entity $(bone_arm_left_0) { transformation: [-0.7809645250294952f,-0.6016886863332912f,-0.16752652143458738f,0.15937499999999993f,-0.4452188659831012f,0.34818437315236567f,0.8249532130158751f,1.4243865196319911f,-0.4380348981738515f,0.7188451620696996f,-0.5398027982057996f,0.48738839829109104f,0f,0f,0f,1f], start_interpolation: 0, interpolation_duration: 1 }
$data merge entity $(bone_finger_right_1_fire) { transformation: [0.9208883216437029f,0.0000018527008795680476f,-0.000013221910302558036f,-1.9061072787685795f,1.22656356861454f,-0.0000029833103114903725f,0.000009607952581927246f,2.511546168370562f,-0.11987667218125354f,-0.000016292487127936627f,-0.000003262838168270863f,0.03980622436663378f,0f,0f,0f,1f], start_interpolation: 0, interpolation_duration: 1 }
$data merge entity $(bone_finger_right_1_fire_s) { transformation: [0.1795732227205221f,0.03334861583222486f,-0.23799438544604465f,-1.9061072787685795f,0.23917989587983532f,-0.05369958560682671f,0.17294314647469042f,2.511546168370562f,-0.023375951075344445f,-0.2932647683028593f,-0.05873108702887553f,0.03980622436663378f,0f,0f,0f,1f], start_interpolation: 0, interpolation_duration: 1 }
$data merge entity $(bone_finger_right_1) { transformation: [1.1900357374849602f,0.2210020182005059f,-1.5771940811150587f,-1.0873266553456902f,1.5850504851044658f,-0.35586834714056514f,1.146098074868806f,1.9189828594164176f,-0.15491294724188706f,-1.9434721365378995f,-0.3892122188756254f,0.27673646491394255f,0f,0f,0f,1f], start_interpolation: 0, interpolation_duration: 1 }
$data merge entity $(bone_finger_right_2_fire) { transformation: [1.018329836121367f,0.000007407894046858856f,0.00001005971775271335f,-0.2181039997264329f,-1.0245488932071267f,-3.4813476579164653e-7f,0.00001242829717328343f,2.5781145319068757f,0.5293088093150593f,-0.000014925806033616339f,0.000004702901858010299f,0.502888077390482f,0f,0f,0f,1f], start_interpolation: 0, interpolation_duration: 1 }
$data merge entity $(bone_finger_right_2_fire_s) { transformation: [0.1985743180436666f,0.13334209284345944f,0.1810749195488403f,-0.2181039997264329f,-0.19978703417538973f,-0.006266425784249637f,0.22370934911910173f,2.5781145319068757f,0.1032152178164366f,-0.2686645086050941f,0.08465223344418538f,0.502888077390482f,0f,0f,0f,1f], start_interpolation: 0, interpolation_duration: 1 }
$data merge entity $(bone_finger_right_2) { transformation: [0.8223221759992345f,0.5521870150157755f,0.7498548821884664f,-0.5415942737502163f,-0.8273441918275283f,-0.025950087289277352f,0.9264096212005573f,2.178417349044969f,0.4274276922979676f,-1.1125748057778733f,0.3505559505117379f,0.35067380602065257f,0f,0f,0f,1f], start_interpolation: 0, interpolation_duration: 1 }
$data merge entity $(bone_finger_film_right) { transformation: [2.920906212159033f,0.01045845695624321f,-0.11578938901728653f,-0.8903237280145985f,0.47809727359796533f,-0.0009111228096611744f,0.792067338418106f,2.099250864977694f,0.794131418912879f,-0.03791887066135624f,-0.05096799894457167f,0.2652926233405962f,0f,0f,0f,1f], start_interpolation: 0, interpolation_duration: 1 }
$data merge entity $(bone_finger_right_0_fire) { transformation: [1.4781005744535012f,0.000002166802225545141f,-0.000004083427975125606f,-1.0640516317274586f,0.37104626646027755f,7.440595415970466e-7f,0.000016157550038831588f,2.778984832710057f,0.21073031407835396f,-0.000016508456054147183f,1.922771239453003e-7f,0.23749344802945915f,0f,0f,0f,1f], start_interpolation: 0, interpolation_duration: 1 }
$data merge entity $(bone_finger_right_0_fire_s) { transformation: [0.2882296120184328f,0.03900244005981254f,-0.0735017035522609f,-1.0640516317274586f,0.07235402195975414f,0.01339307174874684f,0.29083590069896864f,2.778984832710057f,0.04109241124527903f,-0.2971522089746493f,0.0034609882310154055f,0.23749344802945915f,0f,0f,0f,1f], start_interpolation: 0, interpolation_duration: 1 }
$data merge entity $(bone_fire_large_right) { transformation: [0.00002562040995719402f,0.0000034668835608722257f,-0.000006533484760200969f,-1.078398205386332f,0.000006431468618644812f,0.0000011904952665552744f,0.00002585208006213054f,2.780534690028849f,0.0000036526587773581353f,-0.00002641352968663549f,3.076433983124804e-7f,0.3454642707326959f,0f,0f,0f,1f], start_interpolation: 0, interpolation_duration: 1 }
$data merge entity $(bone_finger_right_0) { transformation: [1.405183009295847f,0.19014550833043267f,-0.35833703644347303f,-0.9020190311449247f,0.3527418352336509f,0.06529418241181868f,1.4178892421688762f,2.09478519757654f,0.20033457939488525f,-1.4486826398642303f,0.016873081927767784f,0.2999183398118683f,0f,0f,0f,1f], start_interpolation: 0, interpolation_duration: 1 }
$data merge entity $(bone_wing_right_1_model) { transformation: [-0.6332030807279939f,-0.6241057808779045f,0.4904313569432514f,-0.6135202146883154f,-0.5179539172489714f,0.8002732999625183f,0.3496619338952804f,1.6809852692389498f,-0.6014604568921083f,-0.03212012894934754f,-0.8174293236441018f,0.32893412175233055f,0f,0f,0f,1f], start_interpolation: 0, interpolation_duration: 1 }
$data merge entity $(bone_wing_right_0) { transformation: [-0.4172532300288405f,0.10978944511139412f,-0.9021341473265668f,-0.17448312500000007f,0.15268807961903694f,0.9870339539360098f,0.04950074867815711f,1.7181774193892143f,0.8958716941464052f,-0.1170907832392439f,-0.42860664496443623f,0.48516688796642926f,0f,0f,0f,1f], start_interpolation: 0, interpolation_duration: 1 }
$data merge entity $(bone_finger_left_1_fire) { transformation: [0.9817302602702221f,-0.004784123599356661f,-0.027934418998314704f,1.887266088836667f,-1.1142628861159067f,0.031771989756889836f,-0.0226747301704296f,2.5591430719414734f,0.3840617499506138f,0.10440786648416497f,0.00562007060684427f,0.12808025493476885f,0f,0f,0f,1f], start_interpolation: 0, interpolation_duration: 1 }
$data merge entity $(bone_finger_left_1_fire_s) { transformation: [0.19200546425641055f,0.0131383994347332f,0.2301331878629714f,1.887266088836667f,-0.2179260143142416f,-0.0872538268698585f,0.18680209308697196f,2.5591430719414734f,0.07511427281675064f,-0.2867301033321374f,-0.04630004171005258f,0.12808025493476885f,0f,0f,0f,1f], start_interpolation: 0, interpolation_duration: 1 }
$data merge entity $(bone_finger_left_1) { transformation: [1.2724244784153271f,0.08706846501840877f,1.5250977500387526f,1.090355700353418f,-1.444200539660797f,-0.5782330496404826f,1.237941622044987f,1.922566830655334f,0.497783955162669f,-1.9001667665621482f,-0.3068314053023342f,0.3214023826251957f,0f,0f,0f,1f], start_interpolation: 0, interpolation_duration: 1 }
$data merge entity $(bone_finger_left_2_fire) { transformation: [0.9999216372312808f,0.033738547675625716f,0.02522040809196484f,0.15023051317009462f,1.048522436967395f,0.01705316057535027f,-0.02596408962681956f,2.5196240431560373f,-0.5036237977433015f,0.10249024280697115f,-0.003982136640843161f,0.3502893342125936f,0f,0f,0f,1f], start_interpolation: 0, interpolation_duration: 1 }
$data merge entity $(bone_finger_left_2_fire_s) { transformation: [0.19556330893149473f,-0.0926544865541869f,-0.20777424845525194f,0.15023051317009462f,0.20506858700451344f,-0.04683224223005556f,0.2139009483655407f,2.5196240431560373f,-0.09849805492362317f,-0.2814638293086439f,0.03280618794034947f,0.3502893342125936f,0f,0f,0f,1f], start_interpolation: 0, interpolation_duration: 1 }
$data merge entity $(bone_finger_left_2) { transformation: [0.8098531941617634f,-0.3836943253788547f,-0.8604202889356353f,0.5215629010188323f,0.8492157916289933f,-0.1939384292840623f,0.8857917531388515f,2.1373459393763907f,-0.4078933049070051f,-1.1655784638336981f,0.13585470729107935f,0.2907184613839431f,0f,0f,0f,1f], start_interpolation: 0, interpolation_duration: 1 }
$data merge entity $(bone_finger_film_left) { transformation: [3.032261805811539f,-0.0048242825974464856f,0.06145057601992147f,0.8839134057537866f,-0.29019672757703563f,-0.005871297146609528f,0.7894803938473236f,2.081828104269092f,-0.33479697441247597f,-0.038604460702731366f,-0.12775023503558494f,0.26262233121846057f,0f,0f,0f,1f], start_interpolation: 0, interpolation_duration: 1 }
$data merge entity $(bone_finger_left_0_fire) { transformation: [1.512405636185274f,-0.0011013067726693008f,-0.006065088588747264f,1.0077454884660377f,-0.2537141687852435f,0.00791967144944997f,-0.0358163624224865f,2.767831810401532f,0.03373163609055653f,0.10894684797196427f,0.0025422883260667467f,0.17861652172097472f,0f,0f,0f,1f], start_interpolation: 0, interpolation_duration: 1 }
$data merge entity $(bone_finger_left_0_fire_s) { transformation: [0.2957942299138618f,0.0030244637244430596f,0.04996625029802646f,1.0077454884660377f,-0.049621070814941846f,-0.021749397718051924f,0.29506730254313257f,2.767831810401532f,0.006597187343408253f,-0.29919528124300615f,-0.020944230734845602f,0.17861652172097472f,0f,0f,0f,1f], start_interpolation: 0, interpolation_duration: 1 }
$data merge entity $(bone_fire_large_left) { transformation: [0.00002629282043678771f,2.6884121995049415e-7f,0.000004441444470935685f,1.0063323146301877f,-0.000004410761850217053f,-0.0000019332797971601706f,0.000026228204670500668f,2.7821036762407902f,5.864166527474001e-7f,-0.00002659513611048943f,-0.0000018617093986529422f,0.28659912019798744f,0f,0f,0f,1f], start_interpolation: 0, interpolation_duration: 1 }
$data merge entity $(bone_finger_left_0) { transformation: [1.4420621920558487f,0.014744928559065729f,0.24359650441648645f,0.8908375145280378f,-0.24191367820931312f,-0.1060331168674992f,1.4385182605937494f,2.0821401728009374f,0.0321627451779869f,-1.4586430683509293f,-0.10210775001665957f,0.2987833858589248f,0f,0f,0f,1f], start_interpolation: 0, interpolation_duration: 1 }
$data merge entity $(bone_wing_left_1_model) { transformation: [-0.697528147193498f,0.6463905355948923f,-0.3558241734452484f,0.5886399491077116f,0.5223632301355672f,0.7784243113770539f,0.3900888748751195f,1.678077445162882f,0.5211220804350768f,0.08492320055407723f,-0.8672928630702028f,0.272066219497253f,0f,0f,0f,1f], start_interpolation: 0, interpolation_duration: 1 }
$data merge entity $(bone_wing_left_0) { transformation: [-0.5332240208228153f,-0.10516364989241779f,0.8394121457060618f,0.17448312499999996f,-0.12269020335748826f,0.9913661198505529f,0.046263705132184446f,1.7181774193892143f,-0.8370300219332927f,-0.07831872798867781f,-0.5415227781253411f,0.48516688796642937f,0f,0f,0f,1f], start_interpolation: 0, interpolation_duration: 1 }
$data merge entity $(bone_body_0) { transformation: [-1f,-5.341834311772719e-18f,1.223481206754078e-16f,-1.0422493948536756e-17f,0f,0.9990482215818579f,0.04361938736533599f,1.4405629724850444f,-1.2246467991473532e-16f,0.04361938736533599f,-0.9990482215818579f,0.08510612166539203f,0f,0f,0f,1f], start_interpolation: 0, interpolation_duration: 1 }
$data merge entity $(bone_leg_right_3) { transformation: [-0.9966167570479462f,-0.0668775699820712f,0.04777478628448496f,-0.2197370122046593f,0.012400151231073185f,0.45227430330304713f,0.8917926837674721f,0.9019382007715555f,-0.08124823580042562f,0.8893679470303824f,-0.4499148574722574f,-0.4631989809200562f,0f,0f,0f,1f], start_interpolation: 0, interpolation_duration: 1 }
$data merge entity $(bone_leg_right_2) { transformation: [-0.8989012641018304f,0.38245187706579603f,0.2137921399981316f,-0.15019450970145581f,0.3843875546379505f,0.9225400159579097f,-0.03414859873899348f,1.0576043946488927f,-0.21029199993244668f,0.05148281932090887f,-0.976282128321103f,-0.4462021184786862f,0f,0f,0f,1f], start_interpolation: 0, interpolation_duration: 1 }
$data merge entity $(bone_leg_right_1) { transformation: [-0.9270627176576474f,0.28264001029243363f,0.2463114737707324f,-0.23763445561456856f,0.30256675067165656f,0.9519987918665119f,0.04638600729420028f,1.030293859374781f,-0.2213776838735396f,0.11752840025540634f,-0.9680800567185507f,-0.13847438015808938f,0f,0f,0f,1f], start_interpolation: 0, interpolation_duration: 1 }
$data merge entity $(bone_leg_right_0) { transformation: [-0.9270627176576474f,0.3679291659245089f,0.07199198838282192f,-0.09365062499999996f,0.30256675067165656f,0.8476481417755939f,-0.43582793523634816f,1.3481352697578117f,-0.2213776838735396f,-0.3822574480719479f,-0.8971461221430483f,-0.19596402101583912f,0f,0f,0f,1f], start_interpolation: 0, interpolation_duration: 1 }
$data merge entity $(bone_leg_left_3) { transformation: [-0.9718058743763697f,0.2311966535551721f,0.04627580266693582f,0.18163612175112917f,0.015462859401152988f,-0.13334983151975768f,0.9909483954337848f,0.9663232508560807f,0.23527482335923589f,0.9637250281167042f,0.12601518827005903f,-0.5332660599027982f,0f,0f,0f,1f], start_interpolation: 0, interpolation_duration: 1 }
$data merge entity $(bone_leg_left_2) { transformation: [-0.9030032905684149f,-0.2600397568430777f,-0.34200055860130973f,0.13391307476796344f,-0.38242499500866073f,0.8492682657373324f,0.3639979890111068f,1.1066626812007518f,0.19579627273071576f,0.45948094375338033f,-0.8663377412489095f,-0.44733369125924577f,0f,0f,0f,1f], start_interpolation: 0, interpolation_duration: 1 }
$data merge entity $(bone_leg_left_1) { transformation: [-0.9270627176576474f,-0.2355745348886953f,-0.2916493717483237f,0.2352086540177695f,-0.30256675067165656f,0.9294809454525135f,0.21099415496334845f,1.0268883340648136f,0.2213776838735394f,0.2838482174555211f,-0.9329641528644661f,-0.15328738610708548f,0f,0f,0f,1f], start_interpolation: 0, interpolation_duration: 1 }
$data merge entity $(bone_leg_left_0) { transformation: [-0.9270627176576474f,-0.36443873245650565f,-0.08797231277346594f,0.09365062500000002f,-0.30256675067165656f,0.8658519160997824f,-0.3984392309679498f,1.3481352697578117f,0.2213776838735394f,-0.34276065945763234f,-0.9129660735268078f,-0.1959640210158391f,0f,0f,0f,1f], start_interpolation: 0, interpolation_duration: 1 }
$data merge entity $(bone_tail_3) { transformation: [-2.4422341666666667f,2.6067186715733737e-17f,2.9794930754668254e-16f,1.6406308286363148e-16f,0f,2.432940728331846f,-0.2128547327595414f,0.518598208896438f,-2.990874254976637e-16f,-0.2128547327595414f,-2.432940728331846f,-1.3396767376345453f,0f,0f,0f,1f], start_interpolation: 0, interpolation_duration: 1 }
$data merge entity $(bone_tail_2) { transformation: [-1.15625f,1.1233866332774786e-16f,8.620048816486327e-17f,1.2819331006470455e-16f,0f,0.7038804022913333f,-0.9173147997117407f,0.8907141607088618f,-1.415997861514127e-16f,-0.9173147997117407f,-0.7038804022913333f,-1.0467778150725393f,0f,0f,0f,1f], start_interpolation: 0, interpolation_duration: 1 }
$data merge entity $(bone_tail_1) { transformation: [-1.3854166666666667f,1.0328526960294427e-16f,1.3460398398730152e-16f,8.73692866288104e-17f,0f,1.0991249401951488f,-0.8433882297724985f,1.1378087868363318f,-1.696646086318729e-16f,-0.8433882297724985f,-1.0991249401951488f,-0.7134243660265172f,0f,0f,0f,1f], start_interpolation: 0, interpolation_duration: 1 }
$data merge entity $(bone_tail_0) { transformation: [-1.1979166666666667f,2.5474618510543104e-17f,1.4447374082053986e-16f,4.4870144485434544e-17f,0f,1.1797176207958744f,-0.20801604616351033f,1.2184192611741875f,-1.4670248114786003e-16f,-0.20801604616351033f,-1.1797176207958744f,-0.36639253470204547f,0f,0f,0f,1f], start_interpolation: 0, interpolation_duration: 1 }
$data merge entity $(bone_body_1) { transformation: [-1.0208333333333333f,5.772597729008679e-17f,1.1089057063620015e-16f,1.4348560747241327e-17f,0f,0.9054902255361014f,-0.47136837601076376f,1.3696362918105924f,-1.2501602741295897e-16f,-0.47136837601076376f,-0.9054902255361014f,-0.11716488996853097f,0f,0f,0f,1f], start_interpolation: 0, interpolation_duration: 1 }
data modify entity @s data merge value {"locators":{"body_1":{"posx":1.3615478418841047e-17,"posy":1.1432921680601063,"posz":-0.11117881848317962,"roty":0,"rotx":-27.500000000000004},"body_0":{"posx":-3.232768058535882e-17,"posy":1.2845641965662935,"posz":0.26397554468657086,"roty":0,"rotx":2.499999999999999},"neck_1":{"posx":-5.784648651599619e-17,"posy":1.2774800873121595,"posz":0.4723524085170611,"roty":0,"rotx":42.50000000000001},"neck_0":{"posx":-9.445533529779067e-17,"posy":1.1155768077135617,"posz":0.7712863444672713,"roty":0,"rotx":22.50000000000001},"head_0":{"posx":0.003109602428681096,"posy":0.8554007058485527,"posz":0.8775963420391772,"roty":358.8089271567908,"rotx":35.922996022518305},"arm_right_0":{"posx":-0.5018171550387357,"posy":0.8659996781909666,"posz":0.511448963703334,"roty":334.9816128105516,"rotx":-5.63060507713885},"arm_left_0":{"posx":0.38771766099819793,"posy":0.8479420295717268,"posz":0.38203756474810924,"roty":349.64145808034743,"rotx":-22.509222904950885},"finger_right_0":{"posx":-1.0287141904386377,"posy":1.8708422680668741,"posz":0.4827587813045269,"roty":283.8622075133525,"rotx":35.20314402087799},"finger_right_1":{"posx":-1.412624938486711,"posy":2.320226261779514,"posz":0.3568158441253704,"roty":283.8622075133525,"rotx":35.20314402087799},"finger_right_2":{"posx":-1.9036321921711925,"posy":2.7114592590993727,"posz":0.2293424271101143,"roty":283.8622075133525,"rotx":35.20314402087799},"finger_right_3":{"posx":-2.430566278622257,"posy":3.1313190912075113,"posz":0.09254174134315389,"roty":283.8622075133525,"rotx":35.20314402087799},"finger_left_0":{"posx":1.0066847341620822,"posy":1.8913369758848197,"posz":0.5219566097472566,"roty":78.62463167978451,"rotx":38.51164205288971},"finger_left_1":{"posx":1.3694493366980642,"posy":2.3580998607073678,"posz":0.39654005503333845,"roty":78.62463167978451,"rotx":38.51164205288971},"finger_left_2":{"posx":1.842527614603221,"posy":2.776919622110235,"posz":0.2907676397213103,"roty":78.62463167978451,"rotx":38.51164205288971},"finger_left_3":{"posx":2.3502208458857727,"posy":3.2263847192415533,"posz":0.17725575893864215,"roty":78.62463167978451,"rotx":38.51164205288971},"leg_right_0":{"posx":-0.2890871882856231,"posy":0.9116969944565743,"posz":-0.0874125842037588,"roty":4.5879007745640195,"rotx":-25.83798838897854},"leg_left_0":{"posx":0.28614155555985954,"posy":0.9058428164190113,"posz":-0.10774916839721427,"roty":354.4960404120106,"rotx":-23.480643466719524},"tail_0":{"posx":6.267833226401668e-17,"posy":1.0054496183609074,"posz":-0.5118074232313822,"roty":0,"rotx":-10.000000000000002},"tail_1":{"posx":9.727047756729165e-17,"posy":0.8437068907406471,"posz":-0.7942737255755303,"roty":0,"rotx":-37.5},"tail_2":{"posx":1.2777017640855978e-16,"posy":0.5609183460881138,"posz":-1.0433226665640927,"roty":0,"rotx":-52.5},"tail_3":{"posx":1.8737215156953857e-16,"posy":0.272974297639449,"posz":-1.5300097277026674,"roty":0,"rotx":-5.000000000000002},"tail_4":{"posx":2.4074656743465943e-16,"posy":0.23484366018734854,"posz":-1.965844908117806,"roty":0,"rotx":-5.000000000000002},"shadow":{"posx":7.070526734602922e-18,"posy":1.0647826033872856,"posz":-0.05773523222798358,"roty":0,"rotx":2.5}},"cameras":{}}