# This file was generated by Animated Java via MC-Build. It is not recommended to edit this file directly.
$data merge entity $(bone_head_lower) { transformation: [-0.9633129476162556f,-0.26815517275439743f,0.010998558084598372f,-0.14233785834298587f,-0.14250221638761446f,0.4763340608282797f,-0.8676398912103214f,2.1862486269067802f,0.22742313708041786f,-0.8373760599753851f,-0.49707147463981627f,-0.32638057297193357f,0f,0f,0f,1f], start_interpolation: 0, interpolation_duration: 1 }
$data merge entity $(bone_head_upper) { transformation: [-0.9633129476162556f,-0.2678000116760869f,-0.01764422571746159f,-0.14576918482060383f,-0.14250221638761446f,0.5660944661841619f,-0.8119299068763796f,2.1807878507988097f,0.22742313708041786f,-0.7796282505796954f,-0.5834882240615872f,-0.3460404632512114f,0f,0f,0f,1f], start_interpolation: 0, interpolation_duration: 1 }
$data merge entity $(bone_neck_0) { transformation: [-0.9713633190407336f,-0.21562816433717244f,0.09978876272783041f,-0.12336955363914673f,-0.1910726724794115f,0.45928436507648146f,-0.8674958823117658f,2.0100977062710434f,0.14122512614172258f,-0.8617205850743468f,-0.4873326348659403f,-0.42291536000445523f,0f,0f,0f,1f], start_interpolation: 0, interpolation_duration: 1 }
$data merge entity $(bone_neck_1) { transformation: [-0.9832976974524554f,-0.1307327265432961f,0.1266277710269556f,-0.10231706374435155f,-0.12566583746847448f,-0.015615476668206132f,-0.9919497236159561f,1.8368998011286009f,0.1316576449662013f,-0.9912946641130378f,-0.0010739753131308177f,-0.43099840720304694f,0f,0f,0f,1f], start_interpolation: 0, interpolation_duration: 1 }
$data merge entity $(bone_neck_2) { transformation: [-0.9832976974524554f,-0.12083488735993947f,0.13610498955369005f,-0.08870019539922422f,-0.12566583746847448f,-0.09020404297012091f,-0.9879632219496796f,1.6002310842680885f,0.1316576449662013f,-0.9885657088067314f,0.07351261043792656f,-0.5551973264590185f,0f,0f,0f,1f], start_interpolation: 0, interpolation_duration: 1 }
$data merge entity $(bone_arm_right_2) { transformation: [-0.8671261561100425f,0.2287006805067292f,-0.4424796358315054f,-0.27034081550295624f,-0.06136429085598159f,0.8325362539638037f,0.5505613586546559f,1.6563325536440487f,0.49429409585545836f,0.5045586037039473f,-0.7078799066443111f,0.20892364749502712f,0f,0f,0f,1f], start_interpolation: 0, interpolation_duration: 1 }
$data merge entity $(bone_arm_right_1) { transformation: [-0.7072290529744345f,-0.6561675915951626f,0.26319414577282785f,-0.36996462367212746f,0.01296532411360854f,-0.38425206898015113f,-0.9231371771600918f,1.5327173709900175f,0.7068655933057669f,-0.6494570341636753f,0.2802616523461764f,-0.09773262160272761f,0f,0f,0f,1f], start_interpolation: 0, interpolation_duration: 1 }
$data merge entity $(bone_arm_right_0) { transformation: [-0.3265141160789379f,0.37117580767376596f,0.8692623607397927f,-0.23063529559074247f,-0.8505223179809023f,0.28579734143876057f,-0.44151066379299364f,1.6348429350579554f,-0.4123109489421586f,-0.883486502117754f,0.22237644200353746f,-0.36807303862175833f,0f,0f,0f,1f], start_interpolation: 0, interpolation_duration: 1 }
$data merge entity $(bone_arm_left_2) { transformation: [-0.9267442097588944f,0.16121916409583037f,-0.33934282194648513f,0.4611118509859471f,0.06803618342234999f,0.9603301064716999f,0.27043883661444457f,1.6250491508134413f,0.3694810515083048f,0.22754003544935963f,-0.900949102249412f,-0.11977900496152724f,0f,0f,0f,1f], start_interpolation: 0, interpolation_duration: 1 }
$data merge entity $(bone_arm_left_1) { transformation: [-0.9852041157931873f,-0.12767866898479768f,-0.11432850786411071f,0.2753273300472285f,0.17122460821329977f,-0.7044092936484639f,-0.6888321134818511f,1.4292359058871102f,0.007415103934906964f,-0.6982160872594834f,0.715848665379556f,-0.33515070413452297f,0f,0f,0f,1f], start_interpolation: 0, interpolation_duration: 1 }
$data merge entity $(bone_arm_left_0) { transformation: [-0.6856482197496698f,-0.5323593014265725f,-0.49646761519631866f,0.0828885226658172f,-0.245432989092014f,0.8111544072245451f,-0.530840065844277f,1.67502767690185f,0.6853095407328484f,-0.24212001533290956f,-0.6868251098756684f,-0.4091773499378144f,0f,0f,0f,1f], start_interpolation: 0, interpolation_duration: 1 }
$data merge entity $(bone_finger_right_1_fire) { transformation: [1.0221869333622182f,-0.006488273652105348f,-0.4387523690074008f,-1.8701469737910439f,-0.9920751524175266f,-0.3689250195640957f,-0.2513549148979502f,0.44034063079537367f,-0.8652736809802233f,0.41532421980097495f,-0.230128313676695f,-0.7616541465712496f,0f,0f,0f,1f], start_interpolation: 0, interpolation_duration: 1 }
$data merge entity $(bone_finger_right_1_fire_s) { transformation: [0.00000613312160017331f,-1.1678892573789639e-7f,-0.000007897542642133223f,-1.8701469737910439f,-0.00000595245091450516f,-0.000006640650352153728f,-0.0000045243884681631076f,0.44034063079537367f,-0.00000519164208588134f,0.000007475835956417557f,-0.0000041423096461805135f,-0.7616541465712496f,0f,0f,0f,1f], start_interpolation: 0, interpolation_duration: 1 }
$data merge entity $(bone_finger_right_1) { transformation: [1.219329994078189f,-0.023218884185235003f,-1.570115717710934f,-1.0508307993641006f,-1.1834107346133804f,-1.3202321236119174f,-0.8994966876144862f,0.9331579641257154f,-1.032153824188793f,1.4862759303860118f,-0.8235353422969119f,-0.3572768405947204f,0f,0f,0f,1f], start_interpolation: 0, interpolation_duration: 1 }
$data merge entity $(bone_finger_right_2_fire) { transformation: [1.132155136183448f,0.31771930845193425f,0.2554935299730126f,-0.35156618478819057f,1.1897638386207126f,-0.3668155644748111f,-0.12963918347111442f,0.7297312492843403f,0.2836627111583836f,0.2704491782285385f,-0.47598184162792795f,-1.0398176318731809f,0f,0f,0f,1f], start_interpolation: 0, interpolation_duration: 1 }
$data merge entity $(bone_finger_right_2_fire_s) { transformation: [0.0000067929308171006894f,0.0000057189475521348215f,0.000004598883539514231f,-0.35156618478819057f,0.0000071385830317242755f,-0.000006602680160546606f,-0.0000023335053024800616f,0.7297312492843403f,0.0000017019762669503016f,0.000004868085208113698f,-0.00000856767314930271f,-1.0398176318731809f,0f,0f,0f,1f], start_interpolation: 0, interpolation_duration: 1 }
$data merge entity $(bone_finger_right_2) { transformation: [0.8439124010541188f,0.7104872536129546f,0.5713373144077158f,-0.5978922114759462f,0.8868541294813141f,-0.8202768168420003f,-0.2899005032895327f,0.8540631716727999f,0.21144317771694815f,0.6047812920710297f,-1.0643955920577104f,-0.5799937074893049f,0f,0f,0f,1f], start_interpolation: 0, interpolation_duration: 1 }
$data merge entity $(bone_finger_film_right) { transformation: [2.5014761545755633f,0.03323726604944153f,-0.16824994667565132f,-0.8824830021002527f,0.18467327713387996f,-0.10569002506160946f,-0.5313726947004785f,0.8257385095288922f,-0.8080820159722778f,0.07873471246717528f,-0.6422659535407301f,-0.48575404634168207f,0f,0f,0f,1f], start_interpolation: 0, interpolation_duration: 1 }
$data merge entity $(bone_finger_right_0_fire) { transformation: [1.5833345646764216f,0.07599904946212324f,-0.15593685844896304f,-1.0808154249793178f,-0.06979323392917247f,-0.4638800132305888f,-0.304821383436665f,0.4111845799633662f,-0.515711487729731f,0.296110542052599f,-0.43750382362382545f,-1.0166544513917497f,0f,0f,0f,1f], start_interpolation: 0, interpolation_duration: 1 }
$data merge entity $(bone_finger_right_0_fire_s) { transformation: [0.00000950000738805853f,0.0000013679828903182195f,-0.0000028068634520813378f,-1.0808154249793178f,-4.187594035750348e-7f,-0.000008349840238150606f,-0.000005486784901859975f,0.4111845799633662f,-0.000003094268926378386f,0.0000053299897569467875f,-0.000007875068825228867f,-1.0166544513917497f,0f,0f,0f,1f], start_interpolation: 0, interpolation_duration: 1 }
$data merge entity $(bone_fire_large_right) { transformation: [0.000025333353034822746f,0.0000036479543741819185f,-0.000007484969205550234f,-1.0961386938221716f,-0.0000011166917428667594f,-0.00002226624063506828f,-0.000014631426404959931f,0.49848810371398367f,-0.000008251383803675696f,0.000014213306018524766f,-0.000021000183533943643f,-1.0799728291455022f,0f,0f,0f,1f], start_interpolation: 0, interpolation_duration: 1 }
$data merge entity $(bone_finger_right_0) { transformation: [1.389439018052506f,0.20007656059568796f,-0.41052237533726565f,-0.894200794074293f,-0.06124633705389752f,-1.2212194525211038f,-0.8024786418469961f,0.8560868134327356f,-0.4525573300144762f,0.7795463131356074f,-1.1517809880206888f,-0.5013704969854726f,0f,0f,0f,1f], start_interpolation: 0, interpolation_duration: 1 }
$data merge entity $(bone_wing_right_1_model) { transformation: [-0.4391324079503356f,-0.6093363516261256f,0.6832635084039995f,-0.6154008599726606f,-0.022894583330235245f,-0.7502536400310945f,-0.6837926562314545f,1.246315004557448f,0.9152134447131527f,-0.31113625511806803f,0.3107340734602975f,-0.3423220169954524f,0f,0f,0f,1f], start_interpolation: 0, interpolation_duration: 1 }
$data merge entity $(bone_wing_right_0) { transformation: [-0.6706343394708099f,0.12352244741686369f,-0.7314313280867167f,-0.24466202424919511f,0.42833741854483964f,-0.7405499360033476f,-0.5177961453697593f,1.4197014583261225f,-0.6056208703445524f,-0.6605512828460681f,0.44372893091787535f,-0.568232173317343f,0f,0f,0f,1f], start_interpolation: 0, interpolation_duration: 1 }
$data merge entity $(bone_finger_left_1_fire) { transformation: [1.0449007352973334f,0.20829109879007157f,0.37939917334828965f,1.725749740487981f,1.0392647765522374f,-0.42610097017944015f,-0.08409529707081927f,1.0554945898401713f,0.7783886917027385f,0.2893004609149562f,-0.3970216915759725f,-1.3133075254272881f,0f,0f,0f,1f], start_interpolation: 0, interpolation_duration: 1 }
$data merge entity $(bone_finger_left_1_fire_s) { transformation: [0.000006269404411784001f,0.0000037492397782212917f,0.000006829185120269221f,1.725749740487981f,0.000006235588659313424f,-0.000007669817463229929f,-0.0000015137153472747481f,1.0554945898401713f,0.000004670332150216431f,0.000005207408296469216f,-0.0000071463904483675115f,-1.3133075254272881f,0f,0f,0f,1f], start_interpolation: 0, interpolation_duration: 1 }
$data merge entity $(bone_finger_left_1) { transformation: [1.2464244707097183f,0.7453888598013605f,1.3577148465508038f,1.004748750371453f,1.2397015384172079f,-1.5248415230763843f,-0.3009427573352575f,1.2395200221201195f,0.9285118483392955f,1.0352883150265757f,-1.420778649300244f,-0.5894559274996257f,0f,0f,0f,1f], start_interpolation: 0, interpolation_duration: 1 }
$data merge entity $(bone_finger_left_2_fire) { transformation: [1.1791380180638487f,-0.13981492961470351f,-0.36689044402409166f,0.17287682047462605f,-0.7885431819152855f,-0.4793414533448818f,-0.09891824232367147f,0.9965071894386189f,-0.87499197847132f,0.2435683310093773f,-0.4052759044503412f,-1.0845813829854236f,0f,0f,0f,1f], start_interpolation: 0, interpolation_duration: 1 }
$data merge entity $(bone_finger_left_2_fire_s) { transformation: [0.000007074828108383091f,-0.0000025166687330646654f,-0.000006604027992433656f,0.17287682047462605f,-0.0000047312590914917135f,-0.000008628146160207882f,-0.0000017805283618260882f,0.9965071894386189f,-0.00000524995187082792f,0.000004384229958168796f,-0.000007294966280106149f,-1.0845813829854236f,0f,0f,0f,1f], start_interpolation: 0, interpolation_duration: 1 }
$data merge entity $(bone_finger_left_2) { transformation: [0.8789336056478558f,-0.3126556136611612f,-0.8204442632763366f,0.5270211971826473f,-0.5877828477007905f,-1.0719083910550857f,-0.22120201212573873f,1.0910817424182233f,-0.6522220832244465f,0.5446700592706456f,-0.9062822329288504f,-0.6931603894769371f,0f,0f,0f,1f], start_interpolation: 0, interpolation_duration: 1 }
$data merge entity $(bone_finger_film_left) { transformation: [2.6169773719829217f,0.014098921459900372f,0.04697686274779217f,0.8268481754813936f,0.30888265705589424f,-0.1234575148056289f,-0.3414671580355331f,1.1188507879538347f,0.02246451501341862f,0.05507916712278115f,-0.7774084477652028f,-0.6903352308552911f,0f,0f,0f,1f], start_interpolation: 0, interpolation_duration: 1 }
$data merge entity $(bone_finger_left_0_fire) { transformation: [1.6233138037636672f,0.11077651971782519f,0.05980257928381192f,0.9161222284789625f,0.37187988840342967f,-0.5148707146412569f,-0.1678810594908857f,0.875061634309898f,0.06584391307604852f,0.17685781066339512f,-0.5261953788127208f,-1.342748399478201f,0f,0f,0f,1f], start_interpolation: 0, interpolation_duration: 1 }
$data merge entity $(bone_finger_left_0_fire_s) { transformation: [0.000009739882822582003f,0.0000019939773549208554f,0.0000010764464271086156f,0.9161222284789625f,0.000002231279330420578f,-0.000009267672863542632f,-0.000003021859070835945f,0.875061634309898f,3.950634784562911e-7f,0.0000031834405919411153f,-0.000009471516818628983f,-1.342748399478201f,0f,0f,0f,1f], start_interpolation: 0, interpolation_duration: 1 }
$data merge entity $(bone_fire_large_left) { transformation: [0.000025973020860218673f,0.000005317272946455614f,0.0000028705238056229747f,0.8937700416168377f,0.0000059500782144548744f,-0.00002471379430278035f,-0.00000805829085556252f,0.9736396415147797f,0.0000010535026092167763f,0.000008489174911842974f,-0.00002525737818301062f,-1.383352352816107f,0f,0f,0f,1f], start_interpolation: 0, interpolation_duration: 1 }
$data merge entity $(bone_finger_left_0) { transformation: [1.4245223895263177f,0.2916323982571515f,0.15743742142221462f,0.8270751662412967f,0.3263393842995736f,-1.3554585546258309f,-0.44196690892610124f,1.1535458310287183f,0.05778065101977734f,0.4655992768653097f,-1.385272083523412f,-0.7002550186818408f,0f,0f,0f,1f], start_interpolation: 0, interpolation_duration: 1 }
$data merge entity $(bone_wing_left_1_model) { transformation: [-0.7248058398536866f,0.6836170109383797f,-0.1957073322885664f,0.5025802285280455f,-0.14670346567213843f,-0.41720436066356037f,-0.9139998345978703f,1.3866781533475558f,-0.6957813382921507f,-0.6241677553677579f,0.3965854579852858f,-0.39097162262027674f,0f,0f,0f,1f], start_interpolation: 0, interpolation_duration: 1 }
$data merge entity $(bone_wing_left_0) { transformation: [-0.5571115175151165f,-0.0013342477908639683f,0.830436618192404f,0.09858262247291685f,-0.48076989359748457f,-0.8148540550393886f,-0.3238412858116285f,1.4636955561095952f,0.6771167303074614f,-0.57966463474038f,0.4533231129878937f,-0.6132330121527835f,0f,0f,0f,1f], start_interpolation: 0, interpolation_duration: 1 }
$data merge entity $(bone_body_0) { transformation: [-0.983604135706854f,-0.00639343397999383f,0.18022771213749572f,-0.001303945519491416f,-0.1260697783337866f,-0.6902337921390684f,-0.7125192791638634f,1.3690283181864884f,0.12895470216801902f,-0.7235581774752221f,0.6781107937479631f,-0.11461136563936265f,0f,0f,0f,1f], start_interpolation: 0, interpolation_duration: 1 }
$data merge entity $(bone_leg_right_3) { transformation: [-0.9996293120435555f,0.02604221057207784f,-0.007939884876227293f,-0.23863746048116014f,-0.02059608625885906f,-0.9140691934326688f,-0.4050349501563641f,1.910215616285337f,-0.017805609625784508f,-0.40472127802460567f,0.9142667266066202f,0.2349104528062879f,0f,0f,0f,1f], start_interpolation: 0, interpolation_duration: 1 }
$data merge entity $(bone_leg_right_2) { transformation: [-0.9156479572195154f,0.3865898001113484f,0.11016871102811526f,-0.16755267203745977f,-0.3232690556288158f,-0.8710570004852639f,0.36980646232653736f,1.7606114853581025f,0.23892663332617886f,0.30299839662196704f,0.9225540827138186f,0.27875761651087505f,0f,0f,0f,1f], start_interpolation: 0, interpolation_duration: 1 }
$data merge entity $(bone_leg_right_1) { transformation: [-0.943474073825981f,0.27807591501018075f,0.18036201792355921f,-0.23385233895076343f,-0.24144091449085506f,-0.9494141648265265f,0.20079598710275337f,1.7088966027355865f,0.22707478245729354f,0.14589903741286392f,0.9628865530549136f,-0.031109928567148032f,0f,0f,0f,1f], start_interpolation: 0, interpolation_duration: 1 }
$data merge entity $(bone_leg_right_0) { transformation: [-0.935163011119912f,0.3524210247285595f,-0.0356309410823171f,-0.08676791059300257f,-0.24533101788139802f,-0.571850225996503f,0.7828154384610883f,1.4580513468295375f,0.25550505728540224f,0.7408014176262224f,0.6212329879719547f,0.1701421346838194f,0f,0f,0f,1f], start_interpolation: 0, interpolation_duration: 1 }
$data merge entity $(bone_leg_left_3) { transformation: [-0.9710378623395783f,-0.20015218170811516f,0.13047825129293966f,0.3085885015228629f,0.20065287803435655f,-0.9796169771619827f,-0.009434012537079373f,1.9345862969154193f,0.12970694830852916f,0.017020053275527858f,0.9914062867195199f,0.13301932738516636f,0f,0f,0f,1f], start_interpolation: 0, interpolation_duration: 1 }
$data merge entity $(bone_leg_left_2) { transformation: [-0.896658128771407f,-0.4316145580664826f,0.09855492566702911f,0.22844975815684623f,0.3805363814237092f,-0.6375987452758253f,0.669820798748175f,1.8231674616203446f,-0.22626591108938182f,0.6381039988025216f,0.7359531399424312f,0.235589507538661f,0f,0f,0f,1f], start_interpolation: 0, interpolation_duration: 1 }
$data merge entity $(bone_leg_left_1) { transformation: [-0.9317107318617399f,-0.3615041473016961f,-0.0350694114198484f,0.24931135048915667f,0.30859928595252706f,-0.8388593409683f,0.4484211042979806f,1.6901146898379495f,-0.1915243922931265f,0.4069763599447804f,0.8931341722288121f,-0.05587185233008504f,0f,0f,0f,1f], start_interpolation: 0, interpolation_duration: 1 }
$data merge entity $(bone_leg_left_0) { transformation: [-0.9317107318617399f,-0.3339829722188702f,0.1427252129145736f,0.10045982337028661f,0.30859928595252706f,-0.5207377861153832f,0.7959890946622574f,1.4574176986145273f,-0.1915243922931265f,0.7856764807345954f,0.5882438905566719f,0.1649332599038003f,0f,0f,0f,1f], start_interpolation: 0, interpolation_duration: 1 }
$data merge entity $(bone_tail_3) { transformation: [-2.4412755858955664f,0.06830064905282635f,0.0040323545540332005f,0.03607862681453371f,0.008262183623149368f,0.15140870904932993f,2.43752227968891f,2.3781716132082025f,0.0679188844583312f,2.4365791899704403f,-0.15158034493613504f,1.1063073027519803f,0f,0f,0f,1f], start_interpolation: 0, interpolation_duration: 1 }
$data merge entity $(bone_tail_2) { transformation: [-1.1557961700472001f,0.030842505674169313f,0.00990028524652645f,0.031868265810630764f,0.003911643668184885f,-0.21791167991639027f,1.1355233424724611f,1.9142360095287554f,0.03215547928482648f,1.1351111408579144f,0.21772180770930524f,1.0114068868938084f,0f,0f,0f,1f], start_interpolation: 0, interpolation_duration: 1 }
$data merge entity $(bone_tail_1) { transformation: [-1.3848728884349335f,0.02116637761385078f,0.03253317713304497f,0.022020193170048143f,0.004686924395212521f,-1.0615718116986361f,0.8901812521191216f,1.6529413292664044f,0.03852863734127858f,0.8899419157132454f,1.0610835363151392f,0.689213805366885f,0f,0f,0f,1f], start_interpolation: 0, interpolation_duration: 1 }
$data merge entity $(bone_tail_0) { transformation: [-1.1974464824813336f,0.0005581210374276934f,0.03355518397754691f,0.0120638790292117f,0.004052603800371728f,-1.1865810832785204f,0.16435707920801199f,1.5851871294382007f,0.0333142352950905f,0.16440608743066382f,1.1861134601800212f,0.3395863168312157f,0f,0f,0f,1f], start_interpolation: 0, interpolation_duration: 1 }
$data merge entity $(bone_body_1) { transformation: [-1.0204326546362665f,0.009692183280863952f,0.02690638176485566f,0.00457763671874999f,0.0034535232385776464f,-0.911632757902848f,0.4593631268834412f,1.4372764273057825f,0.028389522251468423f,0.4592738515811041f,0.9112421515297873f,0.08849392422508671f,0f,0f,0f,1f], start_interpolation: 0, interpolation_duration: 1 }