# This file was generated by Animated Java via MC-Build. It is not recommended to edit this file directly.
$data merge entity $(bone_head_lower) { transformation: [-0.9272321544557081f,-0.3646231874481464f,0.08538420766499837f,-0.18922757098353787f,-0.3724519083908207f,0.9216408356295549f,-0.10889327819517279f,2.142927491142255f,-0.03898855831473483f,-0.13277086003792166f,-0.9903796196637578f,0.511433914899055f,0f,0f,0f,1f], start_interpolation: 0, interpolation_duration: 1 }
$data merge entity $(bone_head_upper) { transformation: [-0.9272321544557081f,-0.37222739084995193f,0.041076772566291525f,-0.19310910350331367f,-0.3724519083908207f,0.9280485691381504f,0.0023300765368028387f,2.1553174963119766f,-0.03898855831473483f,-0.013138600445584576f,-0.9991532762789052f,0.4953240781499497f,0f,0f,0f,1f], start_interpolation: 0, interpolation_duration: 1 }
$data merge entity $(bone_neck_0) { transformation: [-0.9374486516758491f,-0.24928901240702234f,0.2429917977304248f,-0.14324840889213977f,-0.24769815384740565f,0.9681077100351039f,0.03759104083653525f,2.1459371173606856f,-0.24461326630360664f,-0.02494894915058668f,-0.9692996955970649f,0.31374065850372124f,0f,0f,0f,1f], start_interpolation: 0, interpolation_duration: 1 }
$data merge entity $(bone_neck_1) { transformation: [-0.975766053941015f,-0.17506787802433676f,0.13127012630616297f,-0.12173905903419113f,-0.19751979919007515f,0.962854799797884f,-0.1841101937267161f,2.1214830544462515f,-0.09416229024557769f,-0.2055769262106828f,-0.9741004006289472f,0.14214402682296567f,0f,0f,0f,1f], start_interpolation: 0, interpolation_duration: 1 }
$data merge entity $(bone_neck_2) { transformation: [-0.975766053941015f,-0.12074682477437287f,0.18248510153787056f,-0.09760254786000871f,-0.19751979919007515f,0.8449167309094593f,-0.49709319725498624f,2.129255328162716f,-0.09416229024557769f,-0.5210910881373614f,-0.8482909530105391f,-0.1242764918648715f,0f,0f,0f,1f], start_interpolation: 0, interpolation_duration: 1 }
$data merge entity $(bone_arm_right_2) { transformation: [-0.8412967143621555f,-0.004195127553244582f,-0.5405573413693078f,-0.25127847622929106f,-0.5251255026058693f,0.2436911773277909f,0.8153881386220485f,1.4585186759975792f,0.1283083976845448f,0.9698438075264534f,-0.20721955526980929f,0.2968007670376865f,0f,0f,0f,1f], start_interpolation: 0, interpolation_duration: 1 }
$data merge entity $(bone_arm_right_1) { transformation: [-0.675543015700035f,-0.667097779681082f,0.31404169513533264f,-0.3589004047910353f,-0.6794160464020562f,0.397750521123443f,-0.6165941605605982f,1.6819194013262657f,0.2864183475797276f,-0.6299008456023857f,-0.7219345225705018f,0.056481561960482f,0f,0f,0f,1f], start_interpolation: 0, interpolation_duration: 1 }
$data merge entity $(bone_arm_right_0) { transformation: [-0.5060676854496402f,0.30038356119138454f,0.8084956486646209f,-0.2394225024321078f,-0.092737443645313f,0.9130078266505305f,-0.3972612176150692f,1.9694670736036348f,-0.8574935943141364f,-0.27601888457287993f,-0.4341869540524761f,-0.020768684573787582f,0f,0f,0f,1f], start_interpolation: 0, interpolation_duration: 1 }
$data merge entity $(bone_arm_left_2) { transformation: [-0.9091820293105766f,-0.1611459031318789f,-0.3839531683454541f,0.4463371880198389f,-0.40521522520208353f,0.5546706715422671f,0.7267331473073695f,1.7647704037704206f,0.09585749236823528f,0.8163163872143331f,-0.5695953801798361f,0.205139166109517f,0f,0f,0f,1f], start_interpolation: 0, interpolation_duration: 1 }
$data merge entity $(bone_arm_left_1) { transformation: [-0.999054656878944f,-0.004741551063759064f,0.0432123855162487f,0.29717112324077416f,-0.0430993584562136f,0.23786612727878043f,-0.9703412548140256f,1.8307252107689282f,-0.005677840184255045f,-0.9712863754768235f,-0.23784561998056064f,-0.09923417777228445f,0f,0f,0f,1f], start_interpolation: 0, interpolation_duration: 1 }
$data merge entity $(bone_arm_left_0) { transformation: [-0.6927785713584285f,-0.6434673463825893f,-0.32558812202831283f,0.07177528863062067f,-0.716991792027452f,0.6630032911404092f,0.21528912211778978f,2.0311647129532924f,0.07733447634682514f,0.38259170152570543f,-0.920675278636191f,0.010067959801985882f,0f,0f,0f,1f], start_interpolation: 0, interpolation_duration: 1 }
$data merge entity $(bone_finger_right_1_fire) { transformation: [0.5486385270205514f,-1.167759370475666f,-1.0550410404874189f,-1.7436471597873344f,0.6942471046269134f,-0.8231388703226638f,1.2721010713221084f,2.556644897660927f,-1.4123719418636322f,-0.8582297073674302f,0.21546471870389486f,-0.5382943926457772f,0f,0f,0f,1f], start_interpolation: 0, interpolation_duration: 1 }
$data merge entity $(bone_finger_right_1_fire_s) { transformation: [0.0000032918311621233082f,-0.000007006556222853996f,-0.000006330246242924513f,-1.7436471597873344f,0.000004165482627761481f,-0.000004938833221935983f,0.000007632606427932651f,2.556644897660927f,-0.000008474231651181793f,-0.000005149378244204582f,0.0000012927883122233692f,-0.5382943926457772f,0f,0f,0f,1f], start_interpolation: 0, interpolation_duration: 1 }
$data merge entity $(bone_finger_right_1) { transformation: [0.654451147895843f,-1.3929781137030848f,-1.2585204757199844f,-1.0629318174165916f,0.8281423782136784f,-0.9818927254085739f,1.5174435723415753f,1.7814592986497657f,-1.6847676440592196f,-1.0237513216491423f,0.25702010621200283f,-0.653978587953762f,0f,0f,0f,1f], start_interpolation: 0, interpolation_duration: 1 }
$data merge entity $(bone_finger_right_2_fire) { transformation: [1.362234681022059f,0.8428609104392054f,0.46008688011298743f,-0.6780103237480395f,-0.3041672074180526f,-0.3786850293303145f,1.5943204622253275f,2.3782066990654247f,0.9108110460079046f,-1.387069180680067f,-0.15569233846048744f,-0.8093214435014875f,0f,0f,0f,1f], start_interpolation: 0, interpolation_duration: 1 }
$data merge entity $(bone_finger_right_2_fire_s) { transformation: [0.000008173408086132353f,0.000005057165462635233f,0.0000027605212806779247f,-0.6780103237480395f,-0.0000018250032445083157f,-0.000002272110175981887f,0.000009565922773351965f,2.3782066990654247f,0.000005464866276047428f,-0.000008322415084080403f,-9.341540307629246e-7f,-0.8093214435014875f,0f,0f,0f,1f], start_interpolation: 0, interpolation_duration: 1 }
$data merge entity $(bone_finger_right_2) { transformation: [1.015414499055226f,0.6282714726545702f,0.34295037074030116f,-0.8258540824356398f,-0.22672730099464236f,-0.28227314626041905f,1.1884120526643767f,1.8650834894190724f,0.678921741532953f,-1.0339262220210543f,-0.11605361401163193f,-0.7601302397784291f,0f,0f,0f,1f], start_interpolation: 0, interpolation_duration: 1 }
$data merge entity $(bone_finger_film_right) { transformation: [1.4507625197542178f,-0.10218003878583164f,-0.2665745388182607f,-0.9727481478847511f,0.32047790021632144f,-0.0976843112984596f,0.9134218580296621f,1.8810361134790807f,-0.5218024658659404f,-0.3440854446875163f,-0.18015405582504965f,-0.7507231933032891f,0f,0f,0f,1f], start_interpolation: 0, interpolation_duration: 1 }
$data merge entity $(bone_finger_right_0_fire) { transformation: [1.5158966450162283f,-0.525444203960004f,-0.45137958297995767f,-1.1802666928216852f,0.37257863644012457f,-0.29708911401289734f,1.5970914174777937f,2.5449919516816575f,-0.5839694333394f,-1.5535199466494307f,-0.15275226369972575f,-0.8464453641394982f,0f,0f,0f,1f], start_interpolation: 0, interpolation_duration: 1 }
$data merge entity $(bone_finger_right_0_fire_s) { transformation: [0.00000909537987009737f,-0.000003152665223760024f,-0.000002708277497879746f,-1.1802666928216852f,0.0000022354718186407475f,-0.0000017825346840773842f,0.000009582548504866763f,2.5449919516816575f,-0.0000035038166000364f,-0.000009321119679896586f,-9.165135821983545e-7f,-0.8464453641394982f,0f,0f,0f,1f], start_interpolation: 0, interpolation_duration: 1 }
$data merge entity $(bone_fire_large_right) { transformation: [0.000024254346320259652f,-0.000008407107263360064f,-0.000007222073327679323f,-1.1464256541433486f,0.000005961258183041993f,-0.000004753425824206357f,0.0000255534626796447f,2.5706855933660067f,-0.0000093435109334304f,-0.000024856319146390895f,-0.000002444036219195612f,-0.7461430926455809f,0f,0f,0f,1f], start_interpolation: 0, interpolation_duration: 1 }
$data merge entity $(bone_finger_right_0) { transformation: [1.3302595628933798f,-0.4610981753820109f,-0.3961035264033363f,-0.968306008215751f,0.3269525634770078f,-0.26070750683859945f,1.4015112032206087f,1.8845656585104444f,-0.5124563905402987f,-1.3632755056027548f,-0.1340461832989914f,-0.715333385465021f,0f,0f,0f,1f], start_interpolation: 0, interpolation_duration: 1 }
$data merge entity $(bone_wing_right_1_model) { transformation: [-0.4286814976181936f,-0.7600500152747776f,0.5191658992292094f,-0.6102102806607119f,-0.8943415760233687f,0.2085336062020162f,-0.4331789047521356f,1.7799697194579058f,0.21762904686116663f,-0.6401677845745078f,-0.7574958010425583f,-0.37455339363565837f,0f,0f,0f,1f], start_interpolation: 0, interpolation_duration: 1 }
$data merge entity $(bone_wing_right_0) { transformation: [-0.6690564833488194f,-0.04367877158873185f,-0.741926941822044f,-0.2458286316767024f,0.6199628882169841f,0.5177579821793424f,-0.5895529570133893f,2.0630814629122485f,0.4098895452711212f,-0.8544113978652645f,-0.31933011739477146f,-0.2995904752426193f,0f,0f,0f,1f], start_interpolation: 0, interpolation_duration: 1 }
$data merge entity $(bone_finger_left_1_fire) { transformation: [0.8225826919565095f,1.3163453219077126f,0.6069353228829582f,1.3457259384372269f,-0.7902874283970174f,-0.1777452373299307f,1.4565816794474435f,2.991909673146978f,1.2151466056361226f,-1.0066873406753385f,0.5364486021165523f,-0.09562170332627229f,0f,0f,0f,1f], start_interpolation: 0, interpolation_duration: 1 }
$data merge entity $(bone_finger_left_1_fire_s) { transformation: [0.000004935496151739057f,0.000007898071931446276f,0.0000036416119372977486f,1.3457259384372269f,-0.000004741724570382105f,-0.0000010664714239795841f,0.000008739490076684662f,2.991909673146978f,0.000007290879633816736f,-0.000006040124044052031f,0.000003218691612699314f,-0.09562170332627229f,0f,0f,0f,1f], start_interpolation: 0, interpolation_duration: 1 }
$data merge entity $(bone_finger_left_1) { transformation: [0.9812292802580097f,1.5702209460721217f,0.723991296995457f,0.9410171097884515f,-0.9427054229873797f,-0.21202589478233044f,1.7375038484723953f,2.0884661376322002f,1.4495046405855279f,-1.200841087947347f,0.6399102253151591f,-0.4081428473270593f,0f,0f,0f,1f], start_interpolation: 0, interpolation_duration: 1 }
$data merge entity $(bone_finger_left_2_fire) { transformation: [1.139152947425991f,-0.7586626287928406f,-0.9510727395008186f,0.37803829524377147f,0.9312651296251534f,-0.29462828648054956f,1.35045074287349f,2.5480580980184486f,-0.7828496653206806f,-1.4544424932792808f,0.22253362224308196f,-0.4234236615327627f,0f,0f,0f,1f], start_interpolation: 0, interpolation_duration: 1 }
$data merge entity $(bone_finger_left_2_fire_s) { transformation: [0.0000068349176845559464f,-0.000004551975772757044f,-0.000005706436437004912f,0.37803829524377147f,0.0000055875907777509205f,-0.0000017677697188832973f,0.00000810270445724094f,2.5480580980184486f,-0.000004697097991924084f,-0.000008726654959675685f,0.000001335201733458492f,-0.4234236615327627f,0f,0f,0f,1f], start_interpolation: 0, interpolation_duration: 1 }
$data merge entity $(bone_finger_left_2) { transformation: [0.8491285940466495f,-0.5655097788213841f,-0.7089329487784983f,0.6838618229534452f,0.694168287050543f,-0.2196169559416043f,1.0066307103154994f,2.113562623527041f,-0.5835388805038638f,-1.0841465250391022f,0.16587734088767112f,-0.4959400895340944f,0f,0f,0f,1f], start_interpolation: 0, interpolation_duration: 1 }
$data merge entity $(bone_finger_film_left) { transformation: [1.5053721803334466f,0.10756479730457565f,-0.048484977641216266f,0.8183617090088503f,0.05173596250257573f,0.023835191798124f,0.9659162548993835f,2.1733558326252607f,0.45920994707922197f,-0.35530195082310817f,0.05011940509446811f,-0.47995891314520467f,0f,0f,0f,1f], start_interpolation: 0, interpolation_duration: 1 }
$data merge entity $(bone_finger_left_0_fire) { transformation: [1.5872107066389798f,0.500584300848997f,-0.08919253473183532f,0.7981950778402869f,0.01040525332181367f,0.2603187969671822f,1.6461784934892836f,2.871660928194651f,0.5083617621455f,-1.5682561204939895f,0.24478324513586003f,-0.4090552034061414f,0f,0f,0f,1f], start_interpolation: 0, interpolation_duration: 1 }
$data merge entity $(bone_finger_left_0_fire_s) { transformation: [0.00000952326423983388f,0.000003003505805093982f,-5.351552083910119e-7f,0.7981950778402869f,6.243151993088201e-8f,0.0000015619127818030932f,0.000009877070960935702f,2.871660928194651f,0.000003050170572873f,-0.000009409536722963937f,0.0000014686994708151604f,-0.4090552034061414f,0f,0f,0f,1f], start_interpolation: 0, interpolation_duration: 1 }
$data merge entity $(bone_fire_large_left) { transformation: [0.00002539537130622368f,0.000008009348813583951f,-0.000001427080555709365f,0.7638856029008191f,1.664840531490187e-7f,0.000004165100751474915f,0.00002633885589582854f,2.860853917105118f,0.000008133788194328f,-0.000025092097927903833f,0.00000391653192217376f,-0.3062350048585767f,0f,0f,0f,1f], start_interpolation: 0, interpolation_duration: 1 }
$data merge entity $(bone_finger_left_0) { transformation: [1.3928404867012938f,0.4392826222209536f,-0.07826999463044108f,0.8151110370910376f,0.009131023398711037f,0.22844009201088183f,1.4445870636319624f,2.1668824759832837f,0.44610765366272154f,-1.3762070839142655f,0.21480702774071134f,-0.4448568109622102f,0f,0f,0f,1f], start_interpolation: 0, interpolation_duration: 1 }
$data merge entity $(bone_wing_left_1_model) { transformation: [-0.7222460175695544f,0.7136650454426253f,0.004469458595236781f,0.47042769290658204f,0.6295048504246383f,0.6400448343304407f,-0.47438732738197437f,1.8526563818621529f,-0.3362460653132062f,-0.33466684329663476f,-0.897727002268002f,-0.2505394998294297f,0f,0f,0f,1f], start_interpolation: 0, interpolation_duration: 1 }
$data merge entity $(bone_wing_left_0) { transformation: [-0.5860728839687626f,0.17294144342550452f,0.7915869073086292f,0.09486948959527843f,-0.6809066293892599f,0.4244206992428126f,-0.5968527725561799f,2.1306277965207268f,-0.439186448709764f,-0.8887959986409397f,-0.1309844878967004f,-0.2658306379080396f,0f,0f,0f,1f], start_interpolation: 0, interpolation_duration: 1 }
$data merge entity $(bone_body_0) { transformation: [-0.976306795490913f,0.017385823960937925f,0.21569138648417047f,0.002990722656250018f,-0.19356122148912236f,0.3754618575550632f,-0.9064008203090619f,1.6348739070178981f,-0.09674241372791677f,-0.9266747685388337f,-0.3632007416561755f,-0.15029219408249836f,0f,0f,0f,1f], start_interpolation: 0, interpolation_duration: 1 }
$data merge entity $(bone_leg_right_3) { transformation: [-0.9974095357868753f,0.04771634531891984f,-0.05382720790470004f,-0.25257624912815524f,0.05630418108443312f,0.052182543279157056f,-0.9970490566513418f,1.5614916071976679f,-0.04476669648099546f,-0.9974969336124921f,-0.05473399601576634f,0.5243629705808796f,0f,0f,0f,1f], start_interpolation: 0, interpolation_duration: 1 }
$data merge entity $(bone_leg_right_2) { transformation: [-0.9294294177769501f,0.36341970803592566f,0.0639302211937535f,-0.1850436602426319f,-0.3163599347996339f,-0.6956098514889206f,-0.6450142061731147f,1.4490060328105363f,-0.18994038281621695f,-0.6197201387099216f,0.7614916944084056f,0.41416604731742535f,0f,0f,0f,1f], start_interpolation: 0, interpolation_duration: 1 }
$data merge entity $(bone_leg_right_1) { transformation: [-0.9567271680592097f,0.27143494872689483f,0.10486274127178233f,-0.2270953542371303f,-0.26131934945991575f,-0.6429293422594055f,-0.7199680954457182f,1.6880374955378277f,-0.12800516979892337f,-0.7162157003804903f,0.6860391731040091f,0.20396712898338426f,0f,0f,0f,1f], start_interpolation: 0, interpolation_duration: 1 }
$data merge entity $(bone_leg_right_0) { transformation: [-0.9459890382532874f,0.3233078259119136f,-0.024016436220476497f,-0.09065990234375f,-0.3015649965368121f,-0.9047216410640502f,-0.30089417583948747f,1.40693665049222f,-0.11900963141012132f,-0.27740007551275775f,0.9533550785185672f,0.0383553938316557f,0f,0f,0f,1f], start_interpolation: 0, interpolation_duration: 1 }
$data merge entity $(bone_leg_left_3) { transformation: [-0.9674906925628551f,-0.2200306936098243f,0.12469263680677553f,0.33012630199347f,-0.011635107388343655f,-0.4537922199214106f,-0.8910315625245046f,1.6788899571028681f,0.2526388411949132f,-0.8635155557419785f,0.43647966838251895f,0.48376527991495843f,0f,0f,0f,1f], start_interpolation: 0, interpolation_duration: 1 }
$data merge entity $(bone_leg_left_2) { transformation: [-0.8909331688187203f,-0.44047683470039617f,0.11053617865184928f,0.24842281085476525f,0.3865391747221602f,-0.8632808936281205f,-0.3245513289169298f,1.5359011815522996f,0.2383811131439425f,-0.24642698064325985f,0.9393871343100785f,0.43648138724723945f,0f,0f,0f,1f], start_interpolation: 0, interpolation_duration: 1 }
$data merge entity $(bone_leg_left_1) { transformation: [-0.9270627176576474f,-0.3740636506850137f,0.025121758804216618f,0.25014150266337226f,0.3165465278339145f,-0.8168962795808014f,-0.4821605169685072f,1.7009380126483498f,0.20088059449710413f,-0.43904083368548463f,0.8757226348058184f,0.1610764837135567f,0f,0f,0f,1f], start_interpolation: 0, interpolation_duration: 1 }
$data merge entity $(bone_leg_left_0) { transformation: [-0.9270627176576474f,-0.3492301233667228f,0.1363562923464875f,0.09664134765624997f,0.3165465278339145f,-0.9240235977040152f,-0.21442641302419158f,1.40693665049222f,0.20088059449710413f,-0.15562362230520138f,0.9671754106340267f,0.03835539383165572f,0f,0f,0f,1f], start_interpolation: 0, interpolation_duration: 1 }
$data merge entity $(bone_tail_3) { transformation: [-2.4422341666666667f,-2.4478820075924673e-16f,-1.718488430565398e-16f,0.0029907226562498495f,0f,-1.403252294263029f,1.9988473487186496f,0.9270666133812476f,-2.990874254976637e-16f,1.9988473487186496f,1.403252294263029f,1.2291138000703223f,0f,0f,0f,1f], start_interpolation: 0, interpolation_duration: 1 }
$data merge entity $(bone_tail_2) { transformation: [-1.15625f,-4.2414772498540113e-17f,-1.3509806257686636e-16f,0.002990722656249905f,0f,-1.1031593980478853f,0.34634290089249353f,0.7908012612843627f,-1.415997861514127e-16f,0.34634290089249353f,1.1031593980478853f,0.7755812055975964f,0f,0f,0f,1f], start_interpolation: 0, interpolation_duration: 1 }
$data merge entity $(bone_tail_1) { transformation: [-1.3854166666666667f,8.178853309528483e-17f,-1.486496393413993e-16f,0.0029907226562499493f,0f,-1.2138164199252799f,-0.6678540551629188f,0.9968473668780081f,-1.696646086318729e-16f,-0.6678540551629188f,1.2138164199252799f,0.41540724954074126f,0f,0f,0f,1f], start_interpolation: 0, interpolation_duration: 1 }
$data merge entity $(bone_tail_0) { transformation: [-1.1979166666666667f,1.2713764089221945e-16f,-7.319588952461247e-17f,0.002990722656249973f,0f,-0.597689795748246f,-1.0381576221057176f,1.2956176623565852f,-1.4670248114786003e-16f,-1.0381576221057176f,0.597689795748246f,0.22133135957747338f,0f,0f,0f,1f], start_interpolation: 0, interpolation_duration: 1 }
$data merge entity $(bone_body_1) { transformation: [-1.0208333333333333f,8.216745200450362e-17f,-9.422057599699387e-17f,0.0029907226562500013f,0f,-0.7693693893014207f,-0.6709481628638707f,1.4724500555659399f,-1.2501602741295897e-16f,-0.6709481628638707f,0.7693693893014207f,-0.010425655344963043f,0f,0f,0f,1f], start_interpolation: 0, interpolation_duration: 1 }
data modify entity @s data merge value {"locators":{"body_1":{"posx":0.0029907226562499757,"posy":1.560644318865943,"posz":0.19811514960498655,"roty":180,"rotx":-41.09088406470483},"body_0":{"posx":-0.03959477701825985,"posy":1.7474282341682612,"posz":0.05427536746448669,"roty":30.70449803500557,"rotx":-65.01261581237713},"neck_1":{"posx":-0.08665033840051206,"posy":1.950265067773917,"posz":0.13768958838246775,"roty":12.140500252354713,"rotx":-29.807873096835557},"neck_0":{"posx":-0.12322313334118856,"posy":2.022902972309013,"posz":0.3643096868087586,"roty":7.674963063896598,"rotx":-10.609259182415848},"pos_head":{"posx":-0.20301804355374697,"posy":2.1657575996278533,"posz":0.6312633551233451,"roty":2.3541944526186,"rotx":0.1335036723057316},"head_0":{"posx":-0.1022798884183288,"posy":1.9178674374530287,"posz":0.603550285046184,"roty":2.3541944526186,"rotx":0.1335036723057316},"arm_right_0":{"posx":-0.12497351682641719,"posy":1.3663803644111303,"posz":0.3214144513642452,"roty":23.50905209101458,"rotx":-38.0678463724974},"arm_left_0":{"posx":0.43472556449604954,"posy":1.655274395528345,"posz":0.3188231098574524,"roty":10.297320749900138,"rotx":-76.01078686294566},"pos_wing_r_0":{"posx":-0.5846968048889065,"posy":1.1612116041452918,"posz":-0.7759276473904737,"roty":258.457547768812,"rotx":49.752498338144484},"pos_wing_r_1":{"posx":-0.9803371950716885,"posy":1.6382495058910824,"posz":-0.6951283778765132,"roty":258.457547768812,"rotx":49.752498338144484},"pos_wing_r_2":{"posx":-1.3759775852544707,"posy":2.115287407636873,"posz":-0.6143291083625526,"roty":258.457547768812,"rotx":49.752498338144484},"pos_wing_r_3":{"posx":-1.7716179754372525,"posy":2.5923253093826633,"posz":-0.5335298388485921,"roty":258.457547768812,"rotx":49.752498338144484},"pos_wing_r_4":{"posx":-2.1672583656200346,"posy":3.0693632111284543,"posz":-0.4527305693346314,"roty":258.457547768812,"rotx":49.752498338144484},"pos_wing_r_5":{"posx":-2.562898755802817,"posy":3.546401112874245,"posz":-0.37193129982067086,"roty":258.457547768812,"rotx":49.752498338144484},"finger_right_0":{"posx":-0.8662603894866943,"posy":1.7779351684556004,"posz":-0.5564795501569918,"roty":258.457547768812,"rotx":49.752498338144484},"finger_right_1":{"posx":-1.1931311825445505,"posy":2.2845494715337216,"posz":-0.5976194609452211,"roty":258.457547768812,"rotx":49.752498338144484},"finger_right_2":{"posx":-1.5890782223978157,"posy":2.7846881293869057,"posz":-0.5385591700514587,"roty":258.457547768812,"rotx":49.752498338144484},"finger_right_3":{"posx":-2.013996625934042,"posy":3.3214221243394757,"posz":-0.4751777318642211,"roty":258.457547768812,"rotx":49.752498338144484},"pos_wing_l_0":{"posx":0.6783378415377346,"posy":1.393886474990825,"posz":-0.6853543137551825,"roty":131.47232477511577,"rotx":60.92083402464665},"pos_wing_l_1":{"posx":0.9059385876188439,"posy":1.9401046047836166,"posz":-0.4841860879614754,"roty":131.47232477511577,"rotx":60.92083402464665},"pos_wing_l_2":{"posx":1.1335393336999533,"posy":2.4863227345764076,"posz":-0.28301786216776825,"roty":131.47232477511577,"rotx":60.92083402464665},"pos_wing_l_3":{"posx":1.3611400797810624,"posy":3.032540864369199,"posz":-0.08184963637406123,"roty":131.47232477511577,"rotx":60.92083402464665},"pos_wing_l_4":{"posx":1.5887408258621716,"posy":3.57875899416199,"posz":0.1193185894196459,"roty":131.47232477511577,"rotx":60.92083402464665},"pos_wing_l_5":{"posx":1.8163415719432812,"posy":4.124977123954782,"posz":0.320486815213353,"roty":131.47232477511577,"rotx":60.92083402464665},"finger_left_0":{"posx":0.7617276240591904,"posy":1.9990156555235008,"posz":-0.3184097765762793,"roty":131.47232477511577,"rotx":60.92083402464665},"finger_left_1":{"posx":0.9077015590156301,"posy":2.578714391039358,"posz":-0.22988833255329016,"roty":131.47232477511577,"rotx":60.92083402464665},"finger_left_2":{"posx":1.1269787859623221,"posy":3.1513055679967823,"posz":-0.04426049191163592,"roty":131.47232477511577,"rotx":60.92083402464665},"finger_left_3":{"posx":1.3623003726483491,"posy":3.7657934596579645,"posz":0.15494949666717373,"roty":131.47232477511577,"rotx":60.92083402464665},"leg_right_0":{"posx":-0.27256509479053354,"posy":1.8129653920843762,"posz":0.2445310345188378,"roty":181.44306092513503,"rotx":-17.511317304505074},"leg_left_0":{"posx":0.2994483745356858,"posy":1.828728740202182,"posz":0.18470420919142772,"roty":171.97509984327567,"rotx":-12.381878402893646},"tail_0":{"posx":0.0029907226562499423,"posy":1.2315069045969254,"posz":0.4711140037013153,"roty":180,"rotx":-60.07003507897983},"tail_1":{"posx":0.002990722656249912,"posy":1.0409247019762817,"posz":0.7172180060707183,"roty":180,"rotx":-28.820035078979828},"tail_2":{"posx":0.002990722656249882,"posy":1.0627080029917078,"posz":0.9622465243010806,"roty":180,"rotx":17.429964921020186},"tail_3":{"posx":0.0029907226562498573,"posy":1.2308343713336685,"posz":1.163669914809646,"roty":180,"rotx":54.92996492102019},"tail_4":{"posx":0.0029907226562498265,"posy":1.5889063887512214,"posz":1.4150474801223125,"roty":180,"rotx":54.92996492102019},"shadow":{"posx":0.002990722656249969,"posy":1.6390581245371627,"posz":0.2516991372980324,"roty":180,"rotx":-71.09088406470484}},"cameras":{}}