# This file was generated by Animated Java via MC-Build. It is not recommended to edit this file directly.
$data merge entity $(bone_head_lower) { transformation: [-0.9403912128280817f,-0.23741344981226287f,0.24351431309877733f,-0.2479270065271559f,-0.14878786182536596f,0.9310595826937493f,0.3331519557913133f,1.6922944112201679f,-0.3058210898698208f,0.2770611977928009f,-0.9108844897507332f,0.8139839330952764f,0f,0f,0f,1f], start_interpolation: 0, interpolation_duration: 1 }
$data merge entity $(bone_head_upper) { transformation: [-0.9403912128280817f,-0.2666269594123782f,0.21112657660806056f,-0.24769931483359675f,-0.14878786182536596f,0.8807646311253944f,0.4495729492885264f,1.7111162383575644f,-0.3058210898698208f,0.39136137912811253f,-0.8679341748760542f,0.8053936861492756f,0f,0f,0f,1f], start_interpolation: 0, interpolation_duration: 1 }
$data merge entity $(bone_neck_0) { transformation: [-0.8805999195977949f,-0.09151119877403338f,0.4649402995044591f,-0.15884213530795083f,0.19122665588617832f,0.8291058728344122f,0.5253720754951453f,1.7956874826173708f,-0.43356216126750036f,0.5515515861009077f,-0.7126111844383494f,0.6622199282259321f,0f,0f,0f,1f], start_interpolation: 0, interpolation_duration: 1 }
$data merge entity $(bone_neck_1) { transformation: [-0.9668109009131347f,-0.11191873151305898f,0.2296755960306633f,-0.1196602006507648f,0.06603743114880514f,0.7589381677977367f,0.6478054608808738f,1.9147603073031354f,-0.24681114148838465f,0.641472567610122f,-0.7263588682193385f,0.5405955238229145f,0f,0f,0f,1f], start_interpolation: 0, interpolation_duration: 1 }
$data merge entity $(bone_neck_2) { transformation: [-0.9668109009131347f,0.0199070717793165f,0.25471629388145894f,-0.059119578533564116f,0.06603743114880514f,0.9825530113319481f,0.17386384790918308f,2.0941439620744786f,-0.24681114148838465f,0.18491427315297726f,-0.9512575739627553f,0.3514415926905716f,0f,0f,0f,1f], start_interpolation: 0, interpolation_duration: 1 }
$data merge entity $(bone_arm_right_2) { transformation: [-0.9059285775597418f,-0.34382203976625825f,-0.24714331334582532f,-0.3264145132881281f,-0.29129659126528934f,0.08245043683539413f,0.9530730409485287f,1.3081377910718333f,-0.30731044283884396f,0.9354081090286862f,-0.17484839514725758f,0.27117839862669074f,0f,0f,0f,1f], start_interpolation: 0, interpolation_duration: 1 }
$data merge entity $(bone_arm_right_1) { transformation: [-0.7941383821963195f,-0.4774858885855523f,0.37596736045071555f,-0.35720973085437246f,-0.5418091625243665f,0.8364833336919892f,-0.08208814689211341f,1.6491244741600188f,-0.27529449926807037f,-0.26889190887269554f,-0.9229897507640812f,0.22619595265899323f,0f,0f,0f,1f], start_interpolation: 0, interpolation_duration: 1 }
$data merge entity $(bone_arm_right_0) { transformation: [-0.6442671692059024f,0.33825492848685507f,0.6859325171164913f,-0.22468543010638578f,0.41154018568061124f,0.9092900186673469f,-0.0618573966628409f,1.9302848932486325f,-0.6446351605779669f,0.24243610561607476f,-0.725031202390856f,0.305646327252197f,0f,0f,0f,1f], start_interpolation: 0, interpolation_duration: 1 }
$data merge entity $(bone_arm_left_2) { transformation: [-0.8914446150207086f,-0.44607885739249087f,-0.0796250672714997f,0.36878568506058285f,-0.2902541411237015f,0.42719389318133205f,0.8563048004006051f,1.4798669481139757f,-0.34796412445986924f,0.7864598086463082f,-0.5102959312721295f,0.4964830828404952f,0f,0f,0f,1f], start_interpolation: 0, interpolation_duration: 1 }
$data merge entity $(bone_arm_left_1) { transformation: [-0.9644475731707771f,0.23474714041206352f,0.12138640234127483f,0.2996182728570374f,0.08374834242945106f,0.7071308642958101f,-0.7021055162157471f,1.711531152474188f,-0.2506533338005269f,-0.6669780512345365f,-0.701650329883812f,0.249924267502478f,0f,0f,0f,1f], start_interpolation: 0, interpolation_duration: 1 }
$data merge entity $(bone_arm_left_0) { transformation: [-0.7792986803989466f,-0.626266623220998f,0.021992802636978323f,0.083443912867502f,-0.47310256260336025f,0.6109973457560982f,0.6347095467512183f,1.907108223059869f,-0.4109349486069471f,0.4842234609334537f,-0.7724377695937934f,0.3838813095647245f,0f,0f,0f,1f], start_interpolation: 0, interpolation_duration: 1 }
$data merge entity $(bone_finger_right_1_fire) { transformation: [0.43613435695012964f,-1.26697132506551f,-0.9911348353918467f,-1.648923040083305f,1.3848134438176734f,0.8182181726929186f,-0.4365644574111313f,2.1435963673973304f,0.81844750979358f,-0.7092816514718155f,1.2668231882847274f,0.5603359079588293f,0f,0f,0f,1f], start_interpolation: 0, interpolation_duration: 1 }
$data merge entity $(bone_finger_right_1_fire_s) { transformation: [0.0000026168061417007777f,-0.0000076018279503930595f,-0.00000594680901235108f,-1.648923040083305f,0.00000830888066290604f,0.000004909309036157512f,-0.000002619386744466788f,2.1435963673973304f,0.000004910685058761481f,-0.000004255689908830894f,0.000007600939129708365f,0.5603359079588293f,0f,0f,0f,1f], start_interpolation: 0, interpolation_duration: 1 }
$data merge entity $(bone_finger_right_1) { transformation: [0.5202489735689594f,-1.5113244827029442f,-1.1822890642848598f,-1.0058821490429117f,1.651894103846125f,0.9760230023511657f,-0.5207620249252718f,2.397761523324587f,0.9762965703224091f,-0.8460765479012757f,1.511147775670073f,-0.21398147481112806f,0f,0f,0f,1f], start_interpolation: 0, interpolation_duration: 1 }
$data merge entity $(bone_finger_right_2_fire) { transformation: [1.2031607446389778f,1.1197762836093759f,0.2761939083389314f,-0.7505801751504392f,-1.106016605022662f,1.2333768930100517f,-0.18244584670743944f,2.3934285737297136f,-0.3269698300328384f,-0.051578020828892034f,1.6334650947582108f,0.36875230026330996f,0f,0f,0f,1f], start_interpolation: 0, interpolation_duration: 1 }
$data merge entity $(bone_finger_right_2_fire_s) { transformation: [0.000007218964467833868f,0.000006718657701656255f,0.0000016571634500335886f,-0.7505801751504392f,-0.000006636099630135973f,0.000007400261358060311f,-0.0000010946750802446368f,2.3934285737297136f,-0.0000019618189801970307f,-3.094681249733522e-7f,0.000009800790568549265f,0.36875230026330996f,0f,0f,0f,1f], start_interpolation: 0, interpolation_duration: 1 }
$data merge entity $(bone_finger_right_2) { transformation: [0.8968402301165003f,0.8346851610194213f,0.20587590595451866f,-0.8390794165901808f,-0.8244286484420098f,0.919363452868818f,-0.13599577269618882f,2.4529900425473095f,-0.24372445570088283f,-0.038446437248929016f,1.217590598760602f,-0.15678865483082552f,0f,0f,0f,1f], start_interpolation: 0, interpolation_duration: 1 }
$data merge entity $(bone_finger_film_right) { transformation: [1.0711401710496369f,-0.11377231297826984f,-0.3046418968382914f,-0.9334831077109442f,0.29361554856085187f,0.44583737635571613f,-0.020863229091353262f,2.463066472828156f,0.3442311024554593f,-0.026257624540266932f,0.9657463825067256f,-0.11412393984350569f,0f,0f,0f,1f], start_interpolation: 0, interpolation_duration: 1 }
$data merge entity $(bone_finger_right_0_fire) { transformation: [1.5312907171325822f,-0.452251403452121f,-0.4779070887494221f,-1.1501775616912067f,0.4187658583569935f,1.6036006426399612f,-0.17572112160185238f,2.420744734732311f,0.5075053431008308f,0.04136937004679968f,1.586979735133319f,0.552357755531316f,0f,0f,0f,1f], start_interpolation: 0, interpolation_duration: 1 }
$data merge entity $(bone_finger_right_0_fire_s) { transformation: [0.000009187744302795494f,-0.000002713508420712726f,-0.000002867442532496533f,-1.1501775616912067f,0.000002512595150141961f,0.000009621603855839767f,-0.0000010543267296111142f,2.420744734732311f,0.0000030450320586049853f,2.482162202807981e-7f,0.000009521878410799915f,0.552357755531316f,0f,0f,0f,1f], start_interpolation: 0, interpolation_duration: 1 }
$data merge entity $(bone_fire_large_right) { transformation: [0.000024500651474121315f,-0.000007236022455233936f,-0.000007646513419990754f,-1.121198942962915f,0.0000067002537337118954f,0.000025657610282239378f,-0.0000028115379456296377f,2.31580385343687f,0.000008120085489613293f,6.619099207487949e-7f,0.000025391675762133105f,0.5560423013931892f,0f,0f,0f,1f], start_interpolation: 0, interpolation_duration: 1 }
$data merge entity $(bone_finger_right_0) { transformation: [1.343768473089847f,-0.3968685835225234f,-0.4193824671843957f,-0.9301780653994856f,0.36748368665113146f,1.407223307042111f,-0.15420226912020912f,2.425975995486798f,0.4453561119083673f,0.036303266648526074f,1.392637800023959f,-0.11835337977562813f,0f,0f,0f,1f], start_interpolation: 0, interpolation_duration: 1 }
$data merge entity $(bone_wing_right_1_model) { transformation: [-0.563791481435412f,-0.7625055666381113f,0.3629070257636189f,-0.5686433058781352f,-0.6903361332971243f,0.6674791258683711f,0.32997685166721974f,2.0762815556379883f,-0.48636639642051577f,-0.06351346642821538f,-0.8890392854407694f,-0.07028800983695281f,0f,0f,0f,1f], start_interpolation: 0, interpolation_duration: 1 }
$data merge entity $(bone_wing_right_0) { transformation: [-0.6218495883625265f,-0.04236705320129722f,-0.7819898479241242f,-0.18746978913610543f,0.0730867342759084f,0.9910379774864979f,-0.11181259523128138f,2.1911257779160573f,0.779718807472437f,-0.12668370054000655f,-0.613180088792233f,0.1747902525656035f,0f,0f,0f,1f], start_interpolation: 0, interpolation_duration: 1 }
$data merge entity $(bone_finger_left_1_fire) { transformation: [0.29775721062654437f,1.5457127790829948f,0.5476225213385622f,1.3408202099587583f,-1.603536421949798f,0.39093379367207404f,-0.23155882670150674f,2.074841508839286f,-0.34320455238548037f,-0.4855106088670613f,1.5570060570457642f,1.138390278736792f,0f,0f,0f,1f], start_interpolation: 0, interpolation_duration: 1 }
$data merge entity $(bone_finger_left_1_fire_s) { transformation: [0.000001786543263759266f,0.000009274276674497968f,0.0000032857351280313734f,1.3408202099587583f,-0.000009621218531698788f,0.0000023456027620324444f,-0.0000013893529602090406f,2.074841508839286f,-0.000002059227314312882f,-0.0000029130636532023683f,0.000009342036342274586f,1.138390278736792f,0f,0f,0f,1f], start_interpolation: 0, interpolation_duration: 1 }
$data merge entity $(bone_finger_left_1) { transformation: [0.35518385729682217f,1.8438251285080574f,0.6532391912940027f,0.9680349948083791f,-1.9128008704327237f,0.4663308488548449f,-0.27621818825446615f,2.2101343537794373f,-0.4093963551767536f,-0.5791481269355983f,1.8572964732318384f,0.1790175916278921f,0f,0f,0f,1f], start_interpolation: 0, interpolation_duration: 1 }
$data merge entity $(bone_finger_left_2_fire) { transformation: [1.3077144856420029f,-0.7762846610594317f,-0.681940412956801f,0.5896819195497822f,0.9513015306011202f,1.333896842507487f,0.305814305097554f,2.4014765212511313f,0.4033435256649291f,-0.6291892531903076f,1.4897022057283082f,0.6533736291436877f,0f,0f,0f,1f], start_interpolation: 0, interpolation_duration: 1 }
$data merge entity $(bone_finger_left_2_fire_s) { transformation: [0.000007846286913852019f,-0.0000046577079663565905f,-0.000004091642477740806f,0.5896819195497822f,0.000005707809183606722f,0.000008003381055044924f,0.000001834885830585324f,2.4014765212511313f,0.0000024200611539895745f,-0.000003775135519141846f,0.00000893821323436985f,0.6533736291436877f,0f,0f,0f,1f], start_interpolation: 0, interpolation_duration: 1 }
$data merge entity $(bone_finger_left_2) { transformation: [0.9747749545982486f,-0.5786453033500141f,-0.5083207706094447f,0.8089330713161498f,0.7091034904654321f,0.9942913750440295f,0.22795505336978455f,2.303962345937936f,0.3006536757329779f,-0.4689998714904414f,1.1104292381076009f,0.17379788137647223f,0f,0f,0f,1f], start_interpolation: 0, interpolation_duration: 1 }
$data merge entity $(bone_finger_film_left) { transformation: [1.0298056732813423f,0.21230875951171904f,0.0592390450626675f,0.8906466552451602f,-0.5383270182410277f,0.39920422938506867f,0.19050585432254974f,2.310203193010845f,0.04184142683897884f,-0.08924988559286816f,0.9930288464949423f,0.23796805574640545f,0f,0f,0f,1f], start_interpolation: 0, interpolation_duration: 1 }
$data merge entity $(bone_finger_left_0_fire) { transformation: [1.475998798964393f,0.77279673310478f,0.04461538452178518f,0.9314770396229416f,-0.7727624784020899f,1.4654206556983926f,0.1820940185841676f,2.41411353892172f,0.045204813983769215f,-0.18194858870804892f,1.6560884679381176f,0.9311354135289243f,0f,0f,0f,1f], start_interpolation: 0, interpolation_duration: 1 }
$data merge entity $(bone_finger_left_0_fire_s) { transformation: [0.000008855992793786358f,0.00000463678039862868f,2.676923071307111e-7f,0.9314770396229416f,-0.000004636574870412539f,0.000008792523934190356f,0.0000010925641115050056f,2.41411353892172f,2.712288839026153e-7f,-0.0000010916915322482936f,0.000009936530807628706f,0.9311354135289243f,0f,0f,0f,1f], start_interpolation: 0, interpolation_duration: 1 }
$data merge entity $(bone_fire_large_left) { transformation: [0.000023615980783430288f,0.00001236474772967648f,7.138461523485629e-7f,0.8800019057040456f,-0.000012364199654433437f,0.000023446730491174283f,0.0000029135042973466812f,2.319825829169371f,7.232770237403074e-7f,-0.0000029111774193287827f,0.000026497415487009883f,0.9491926327600343f,0f,0f,0f,1f], start_interpolation: 0, interpolation_duration: 1 }
$data merge entity $(bone_finger_left_0) { transformation: [1.2952476170435137f,0.6781598519695854f,0.03915177337940124f,0.8803109139822873f,-0.6781297921063504f,1.2859648758464037f,0.1597947395448458f,2.2743180149529354f,0.03966902116211334f,-0.15966711904771405f,1.4532834601322988f,0.24112105820895005f,0f,0f,0f,1f], start_interpolation: 0, interpolation_duration: 1 }
$data merge entity $(bone_wing_left_1_model) { transformation: [-0.6878131021735412f,0.7350359678724284f,0.13271151213851978f,0.5211888239531423f,0.6921531435067579f,0.5594292736215044f,0.4888148901075643f,1.9741250350379786f,0.2807387494699724f,0.4215899628679494f,-0.8800140571586786f,0.05080720518308077f,0f,0f,0f,1f], start_interpolation: 0, interpolation_duration: 1 }
$data merge entity $(bone_wing_left_0) { transformation: [-0.531666712364459f,0.27396707168183243f,0.8014190854962523f,0.14986900720134236f,0.08732400866673912f,0.9589261422910631f,-0.26987991985538934f,2.1657520502823013f,-0.8424399233618616f,-0.07350304255513357f,-0.5337530124141685f,0.26044160439750635f,0f,0f,0f,1f], start_interpolation: 0, interpolation_duration: 1 }
$data merge entity $(bone_body_0) { transformation: [-0.9666802916827852f,0.1666553787884878f,0.1943069694914486f,0.007377172813817192f,0.07271112216082648f,0.9065459428085705f,-0.4157974823053086f,1.7500377134775036f,-0.24544308176479213f,-0.38781495368047075f,-0.8884577960238832f,-0.012396124080195123f,0f,0f,0f,1f], start_interpolation: 0, interpolation_duration: 1 }
$data merge entity $(bone_leg_right_3) { transformation: [-0.9868738138707072f,0.1378275793751363f,-0.08416432652778429f,-0.30949944129333773f,0.15807330175414697f,0.931104760601717f,-0.3287198747525953f,1.1150897012864927f,0.03305914047320915f,-0.33770916947635565f,-0.9406697667527975f,0.3216209189630791f,0f,0f,0f,1f], start_interpolation: 0, interpolation_duration: 1 }
$data merge entity $(bone_leg_right_2) { transformation: [-0.9333840816910874f,0.3579139996323865f,-0.026300663733706993f,-0.24224865773922996f,0.05260934391787695f,0.06396625834409307f,-0.9965643856399783f,1.132721922197642f,-0.35500199010458516f,-0.9315609946002487f,-0.07853470800339934f,0.16502125804194367f,0f,0f,0f,1f], start_interpolation: 0, interpolation_duration: 1 }
$data merge entity $(bone_leg_right_1) { transformation: [-0.9610246024638985f,0.2751801690063638f,-0.026600527151448283f,-0.24221342083935163f,0.046906895881789507f,0.06747625286751094f,-0.9966176289920297f,1.451584260227973f,-0.27245450368426793f,-0.9590218088680719f,-0.07775418662406801f,0.20263480020893565f,0f,0f,0f,1f], start_interpolation: 0, interpolation_duration: 1 }
$data merge entity $(bone_leg_right_0) { transformation: [-0.9479521883670207f,0.3140855459035895f,-0.05231556579662233f,-0.10673837161825112f,0.01242623201105185f,-0.12768435049690993f,-0.991737009189528f,1.4832572377075206f,-0.31817013896370605f,-0.9407693535041554f,0.11713575960905145f,-0.1224850207414215f,0f,0f,0f,1f], start_interpolation: 0, interpolation_duration: 1 }
$data merge entity $(bone_leg_left_3) { transformation: [-0.9842448552776966f,-0.16928358155652617f,0.05104051209364018f,0.3146368544057602f,-0.14294551750388634f,0.5919559721386133f,-0.7931927294642679f,1.2061989395266488f,0.10406077015346446f,-0.7879918756337683f,-0.6068279492988469f,0.417979239238094f,0f,0f,0f,1f], start_interpolation: 0, interpolation_duration: 1 }
$data merge entity $(bone_leg_left_2) { transformation: [-0.897468624728442f,-0.44010297368058876f,0.029316210286148777f,0.23352841767562357f,0.07588228520743032f,-0.21953130468948656f,-0.9726499293440729f,1.1759650674241175f,0.43450195214721066f,-0.870698213400507f,0.23041847747398264f,0.2701132479743933f,0f,0f,0f,1f], start_interpolation: 0, interpolation_duration: 1 }
$data merge entity $(bone_leg_left_1) { transformation: [-0.9323309679251969f,-0.3592940797492747f,0.04082561089300652f,0.23002051486353728f,0.054247812055401454f,-0.25059625179258493f,-0.9665705838037433f,1.4893450990781374f,0.3575138334874151f,-0.898948987898996f,0.25312956370306405f,0.2003377451919504f,0f,0f,0f,1f], start_interpolation: 0, interpolation_duration: 1 }
$data merge entity $(bone_leg_left_0) { transformation: [-0.9323309679251969f,-0.3578991237925955f,0.05164478130612778f,0.07989285813663949f,0.054247812055401454f,-0.2796378588770039f,-0.9585717723623447f,1.4677893922139367f,0.3575138334874151f,-0.8909045319624193f,0.28013028003762014f,-0.11912524581944554f,0f,0f,0f,1f], start_interpolation: 0, interpolation_duration: 1 }
$data merge entity $(bone_tail_3) { transformation: [-2.4240095980866636f,-0.2953954085292117f,-0.037772289282177046f,-0.13397553568930498f,0.23599522940522266f,-2.0943516650646425f,1.2338983262704295f,0.2967902741269721f,-0.18163547262507038f,1.221040695675148f,2.1072674010251866f,0.13950923401883059f,0f,0f,0f,1f], start_interpolation: 0, interpolation_duration: 1 }
$data merge entity $(bone_tail_2) { transformation: [-1.1483215954054489f,-0.07563680041141335f,-0.11202968557042622f,-0.08771325256183274f,0.12153053615370552f,-0.9972330138676722f,-0.572425285373203f,0.536257532193885f,-0.05917689420438874f,-0.5802753251482644f,0.9983449828172617f,-0.2664159978958637f,0f,0f,0f,1f], start_interpolation: 0, interpolation_duration: 1 }
$data merge entity $(bone_tail_1) { transformation: [-1.3806422832166731f,0.019758313706583618f,-0.11320704532626077f,-0.0539096968245867f,0.11090668761278479f,-0.12836435646091418f,-1.3749915050322725f,0.9486635284274962f,-0.03009871616514563f,-1.379315606127773f,0.12634027962357197f,-0.2973819492301047f,0f,0f,0f,1f], start_interpolation: 0, interpolation_duration: 1 }
$data merge entity $(bone_tail_0) { transformation: [-1.1936314394264822f,0.06948103939166252f,-0.07362548645337481f,-0.030935143405746417f,0.09892720905060232f,0.6156440653176966f,-1.0228392505307646f,1.2622550770680738f,-0.02148800595449149f,-1.025260508496222f,-0.6191796957232575f,-0.1298658274931215f,0f,0f,0f,1f], start_interpolation: 0, interpolation_duration: 1 }
$data merge entity $(bone_body_1) { transformation: [-1.0171815744677848f,0.03565552678062698f,-0.07855585540033706f,-0.007884837962962958f,0.08430318684312196f,0.21351821680076694f,-0.9946877088949871f,1.5496812597543013f,-0.01831151811774057f,-0.9976168347359926f,-0.21569894251017319f,-0.08701863179347184f,0f,0f,0f,1f], start_interpolation: 0, interpolation_duration: 1 }
data modify entity @s data merge value {"locators":{"body_1":{"posx":-0.0226278788884819,"posy":1.4104464491356412,"posz":0.09092463350324417,"roty":339.98877477899043,"rotx":-77.00455868829374},"body_0":{"posx":-0.053340515028782495,"posy":1.6929572786265308,"posz":0.20983140553832583,"roty":12.336430186223254,"rotx":-24.569547785354686},"neck_1":{"posx":-0.09830548004171427,"posy":1.7873051021982571,"posz":0.42284236718990076,"roty":14.990310949293303,"rotx":10.012547863581844},"neck_0":{"posx":-0.14953527616033785,"posy":1.679696592505371,"posz":0.5947281886051781,"roty":17.547020462026495,"rotx":40.376346650837434},"pos_head":{"posx":-0.27954615806160954,"posy":1.6600905678733866,"posz":0.9281488465388464,"roty":13.671771648482604,"rotx":26.716288122048436},"head_0":{"posx":-0.2017090618246128,"posy":1.4388104226598368,"posz":0.7964590350881773,"roty":13.671771648482604,"rotx":26.716288122048436},"arm_right_0":{"posx":-0.21924158939905974,"posy":1.1960646666932409,"posz":0.2395267973247162,"roty":22.162858493512715,"rotx":-4.708602621106991},"arm_left_0":{"posx":0.33120073496953045,"posy":1.329458959922701,"posz":0.5283115811210786,"roty":9.815092383515378,"rotx":-44.59617490512211},"pos_wing_r_0":{"posx":-0.560201154720755,"posy":2.6239081438995115,"posz":-0.8292161130960055,"roty":218.03885117150293,"rotx":-15.185127376351149},"pos_wing_r_1":{"posx":-0.9318767179926974,"posy":2.4601964723703373,"posz":-0.3541574174892328,"roty":218.03885117150293,"rotx":-15.185127376351149},"pos_wing_r_2":{"posx":-1.3035522812646398,"posy":2.296484800841163,"posz":0.12090127811753998,"roty":218.03885117150293,"rotx":-15.185127376351149},"pos_wing_r_3":{"posx":-1.6752278445365825,"posy":2.132773129311989,"posz":0.5959599737243126,"roty":218.03885117150293,"rotx":-15.185127376351149},"pos_wing_r_4":{"posx":-2.046903407808525,"posy":1.9690614577828147,"posz":1.0710186693310852,"roty":218.03885117150293,"rotx":-15.185127376351149},"pos_wing_r_5":{"posx":-2.4185789710804677,"posy":1.8053497862536403,"posz":1.5460773649378585,"roty":218.03885117150293,"rotx":-15.185127376351149},"finger_right_0":{"posx":-0.8012102996820183,"posy":2.3202546531881487,"posz":-0.2313092441352887,"roty":218.03885117150293,"rotx":-15.185127376351149},"finger_right_1":{"posx":-1.114859390773623,"posy":2.2810670932337946,"posz":0.28374768718347354,"roty":218.03885117150293,"rotx":-15.185127376351149},"finger_right_2":{"posx":-1.4881521217909588,"posy":2.13664037719854,"posz":0.7839419635132756,"roty":218.03885117150293,"rotx":-15.185127376351149},"finger_right_3":{"posx":-1.8887586225571567,"posy":1.9816462391345118,"posz":1.3207356728820188,"roty":218.03885117150293,"rotx":-15.185127376351149},"pos_wing_l_0":{"posx":0.7389814251029482,"posy":2.330460134199304,"posz":-0.5702111261976583,"roty":160.6224574180763,"rotx":-7.986241109850759},"pos_wing_l_1":{"posx":0.944339870604909,"posy":2.243625574186239,"posz":0.013666145194503071,"roty":160.6224574180763,"rotx":-7.986241109850759},"pos_wing_l_2":{"posx":1.1496983161068697,"posy":2.156791014173174,"posz":0.5975434165866647,"roty":160.6224574180763,"rotx":-7.986241109850759},"pos_wing_l_3":{"posx":1.3550567616088305,"posy":2.069956454160109,"posz":1.181420687978826,"roty":160.6224574180763,"rotx":-7.986241109850759},"pos_wing_l_4":{"posx":1.5604152071107915,"posy":1.983121894147044,"posz":1.7652979593709874,"roty":160.6224574180763,"rotx":-7.986241109850759},"pos_wing_l_5":{"posx":1.765773652612752,"posy":1.896287334133979,"posz":2.349175230763149,"roty":160.6224574180763,"rotx":-7.986241109850759},"finger_left_0":{"posx":0.7610962412992981,"posy":2.163746713064651,"posz":0.12224901304845308,"roty":160.6224574180763,"rotx":-7.986241109850759},"finger_left_1":{"posx":0.9296822042059568,"posy":2.2150678395130505,"posz":0.7002974321174511,"roty":160.6224574180763,"rotx":-7.986241109850759},"finger_left_2":{"posx":1.1349821145284351,"posy":2.1530323717301876,"posz":1.3039566082812424,"roty":160.6224574180763,"rotx":-7.986241109850759},"finger_left_3":{"posx":1.3553037743580452,"posy":2.086458103224398,"posz":1.9517856526216821,"roty":160.6224574180763,"rotx":-7.986241109850759},"leg_right_0":{"posx":-0.2864639875563225,"posy":1.4671801719720563,"posz":0.3334727226776367,"roty":204.0666543845511,"rotx":-82.62935037593444},"leg_left_0":{"posx":0.2803507464918009,"posy":1.526097146990027,"posz":0.3245796939546596,"roty":169.55424907719117,"rotx":-73.45005082847901},"tail_0":{"posx":-0.052710006667414155,"posy":1.0135910449184877,"posz":-0.06510771594668316,"roty":353.2189072173601,"rotx":-58.63274486389049},"tail_1":{"posx":-0.07640644345031933,"posy":0.7243718474786784,"posz":-0.09190766257852918,"roty":221.86188806857956,"rotx":-82.96666120909475},"tail_2":{"posx":-0.09954773575952305,"posy":0.5832863293769692,"posz":0.05981314647283628,"roty":186.4026838668535,"rotx":-29.674400420407782},"tail_3":{"posx":-0.10964973135806455,"posy":0.5990117119956033,"posz":0.20754018745701563,"roty":181.02690385606056,"rotx":30.34684868550588},"tail_4":{"posx":-0.1164162309781675,"posy":0.8200513342854312,"posz":0.585034491865521,"roty":181.02690385606056,"rotx":30.34684868550588},"shadow":{"posx":-0.007884837962962996,"posy":1.5234157356394566,"posz":0.22246121861269866,"roty":0,"rotx":-71.61777276854264}},"cameras":{}}