# This file was generated by Animated Java via MC-Build. It is not recommended to edit this file directly.
$data merge entity $(bone_head_lower) { transformation: [-0.9561393549809771f,-0.1003086552281382f,0.27520121282960125f,-0.2657373782111282f,0.029196482320245992f,0.9022185808056878f,0.43028966739754904f,1.4666704289939394f,-0.29145342557033804f,0.4194517923853617f,-0.8597180320244671f,0.8568723986316661f,0f,0f,0f,1f], start_interpolation: 0, interpolation_duration: 1 }
$data merge entity $(bone_head_upper) { transformation: [-0.9561393549809771f,-0.13536155260373833f,0.25975908825922983f,-0.26300033924208643f,0.029196482320245992f,0.8383566813074972f,0.5443396369245974f,1.4863784200154146f,-0.29145342557033804f,0.5280486009675479f,-0.797633735331907f,0.8511970950741441f,0f,0f,0f,1f], start_interpolation: 0, interpolation_duration: 1 }
$data merge entity $(bone_neck_0) { transformation: [-0.8413090725431941f,0.05518840535398264f,0.5377297503123619f,-0.162966423580146f,0.420495968733428f,0.6919243393627317f,0.586876348881417f,1.5848277218929607f,-0.33967953240583476f,0.7198575890493423f,-0.6053287261914981f,0.7253099656924618f,0f,0f,0f,1f], start_interpolation: 0, interpolation_duration: 1 }
$data merge entity $(bone_neck_1) { transformation: [-0.9516029570084746f,-0.027815301670461715f,0.3060688177611509f,-0.10978565901401897f,0.24364834599132654f,0.5387132024498885f,0.8064884183928966f,1.7298331596258822f,-0.1873160316374929f,0.8420299249427936f,-0.505863924185561f,0.6437545450475923f,0f,0f,0f,1f], start_interpolation: 0, interpolation_duration: 1 }
$data merge entity $(bone_neck_2) { transformation: [-0.9516029570084746f,0.13687684087060842f,0.2751663908365437f,-0.027946136007616085f,0.24364834599132654f,0.881707378928416f,0.4040143332096935f,1.9469871497670537f,-0.1873160316374929f,0.4515050701558783f,-0.8723851648871139f,0.5104529725582413f,0f,0f,0f,1f], start_interpolation: 0, interpolation_duration: 1 }
$data merge entity $(bone_arm_right_2) { transformation: [-0.9413442115705464f,-0.3361538721736137f,0.029523711916230988f,-0.39299769134752954f,-0.047722450003952f,0.21922782777453573f,0.9745058887943565f,1.2244231312185492f,-0.3340563472054486f,0.9159365336921246f,-0.2224109330491839f,0.2719086518550524f,0f,0f,0f,1f], start_interpolation: 0, interpolation_duration: 1 }
$data merge entity $(bone_arm_right_1) { transformation: [-0.8782952097063352f,-0.3114074805501178f,0.3627987123245241f,-0.3595495487318997f,-0.31542698216493925f,0.9476425683684783f,0.04979338850001093f,1.5668675176105475f,-0.3593095372088305f,-0.07070320836724445f,-0.9305362501253533f,0.30117890805215713f,0f,0f,0f,1f], start_interpolation: 0, interpolation_duration: 1 }
$data merge entity $(bone_arm_right_0) { transformation: [-0.7045717102726003f,0.38924374564216174f,0.5933531929314977f,-0.2109347898977777f,0.5416273303747803f,0.8352049059746794f,0.09525019699147833f,1.824121325351324f,-0.4584959542620106f,0.3884869000549271f,-0.7992867998478902f,0.42225890406047994f,0f,0f,0f,1f], start_interpolation: 0, interpolation_duration: 1 }
$data merge entity $(bone_arm_left_2) { transformation: [-0.8969400964475143f,-0.4241223637150623f,0.12497473337227953f,0.3018990094954885f,-0.13060754310988643f,0.5241819625391304f,0.841531306507028f,1.2506459476798737f,-0.422421747862871f,0.7384805283454499f,-0.5255533999386767f,0.5354813380330848f,0f,0f,0f,1f], start_interpolation: 0, interpolation_duration: 1 }
$data merge entity $(bone_arm_left_1) { transformation: [-0.936485781005624f,0.34085584573282396f,0.08253286862849232f,0.26990073634322564f,0.22983088242159294f,0.7742347536197535f,-0.5896934048916203f,1.525074829837243f,-0.26490025945551354f,-0.5332708868081226f,-0.8033990377286249f,0.3283374675787512f,0f,0f,0f,1f], start_interpolation: 0, interpolation_duration: 1 }
$data merge entity $(bone_arm_left_0) { transformation: [-0.8411307942367593f,-0.5101537575058598f,0.17956093865117528f,0.09206770567740832f,-0.2556296411046607f,0.6675985197590031f,0.6992608261616625f,1.7443193894261109f,-0.4766051547930855f,0.5422687157841957f,-0.6919480950955919f,0.4807627603248111f,0f,0f,0f,1f], start_interpolation: 0, interpolation_duration: 1 }
$data merge entity $(bone_finger_right_1_fire) { transformation: [-0.006252362857410154f,-1.0484951017552344f,-1.295529508475881f,-1.744566294482786f,0.4087766169504574f,1.2550021765676265f,-1.0176684096614363f,1.8904902155624628f,1.6157476174115237f,-0.32156700107999175f,0.2524521309539337f,0.2827413542218382f,0f,0f,0f,1f], start_interpolation: 0, interpolation_duration: 1 }
$data merge entity $(bone_finger_right_1_fire_s) { transformation: [-3.751417714446093e-8f,-0.000006290970610531408f,-0.000007773177050855288f,-1.744566294482786f,0.0000024526597017027443f,0.000007530013059405758f,-0.000006106010457968618f,1.8904902155624628f,0.000009694485704469143f,-0.000001929402006479951f,0.0000015147127857236022f,0.2827413542218382f,0f,0f,0f,1f], start_interpolation: 0, interpolation_duration: 1 }
$data merge entity $(bone_finger_right_1) { transformation: [-0.007458218567541706f,-1.250712061060156f,-1.5453905115985735f,-0.9163500128347584f,0.4876149104019904f,1.497046916349165f,-1.2139400098223796f,2.497818114114616f,1.92736716589598f,-0.38358569917628327f,0.30114105873823316f,0.1314815190024201f,0f,0f,0f,1f], start_interpolation: 0, interpolation_duration: 1 }
$data merge entity $(bone_finger_right_2_fire) { transformation: [1.316644254433366f,0.9825679502764151f,-0.2806882757348221f,-0.8790782169822506f,-0.7976887475263219f,0.702126304756084f,-1.2839350030345118f,2.060485193854722f,-0.6386848574338293f,1.1486325143565055f,1.0249403775954764f,0.5781200570394891f,0f,0f,0f,1f], start_interpolation: 0, interpolation_duration: 1 }
$data merge entity $(bone_finger_right_2_fire_s) { transformation: [0.000007899865526600197f,0.000005895407701658491f,-0.0000016841296544089326f,-0.8790782169822506f,-0.000004786132485157932f,0.000004212757828536504f,-0.00000770361001820707f,2.060485193854722f,-0.000003832109144602976f,0.000006891795086139034f,0.000006149642265572858f,0.5781200570394891f,0f,0f,0f,1f], start_interpolation: 0, interpolation_duration: 1 }
$data merge entity $(bone_finger_right_2) { transformation: [0.9814312355095215f,0.7324095891238657f,-0.2092260231417014f,-0.7884918516781376f,-0.5945999843167367f,0.5233674050072515f,-0.9570496450344356f,2.47411727644583f,-0.4760779281281773f,0.8561946964151393f,0.7639941447509896f,0.24906749215553714f,0f,0f,0f,1f], start_interpolation: 0, interpolation_duration: 1 }
$data merge entity $(bone_finger_film_right) { transformation: [0.8316469935342039f,-0.14159034199205947f,-0.6029610392015406f,-0.8881960182410551f,-0.19709011276300192f,0.36194616456876283f,-0.6248963435401896f,2.4665863023231402f,0.7127481163112163f,0.26529595560180336f,0.5307482910155027f,0.2618758999924316f,0f,0f,0f,1f], start_interpolation: 0, interpolation_duration: 1 }
$data merge entity $(bone_finger_right_0_fire) { transformation: [1.2379146174825248f,-0.5834431122624255f,-0.951282982268897f,-1.305277788659767f,-0.30124147870816115f,1.1932856794606723f,-1.1238775006545774f,2.0191262546289788f,1.074522567983843f,1.0066981671411714f,0.7808571117341445f,0.6064159045992348f,0f,0f,0f,1f], start_interpolation: 0, interpolation_duration: 1 }
$data merge entity $(bone_finger_right_0_fire_s) { transformation: [0.0000074274877048951486f,-0.0000035006586735745527f,-0.000005707697893613382f,-1.305277788659767f,-0.000001807448872248967f,0.000007159714076764034f,-0.000006743265003927465f,2.0191262546289788f,0.000006447135407903058f,0.000006040189002847029f,0.000004685142670404868f,0.6064159045992348f,0f,0f,0f,1f], start_interpolation: 0, interpolation_duration: 1 }
$data merge entity $(bone_fire_large_right) { transformation: [0.000019806633879720394f,-0.000009335089796198807f,-0.000015220527716302351f,-1.2697612433215157f,-0.000004819863659330578f,0.000019092570871370757f,-0.000017982040010473238f,1.9367974751702692f,0.00001719236108774149f,0.000016107170674258743f,0.000012493713787746314f,0.5445574220059237f,0f,0f,0f,1f], start_interpolation: 0, interpolation_duration: 1 }
$data merge entity $(bone_finger_right_0) { transformation: [1.0863192839469604f,-0.5119945228739908f,-0.8347886304395022f,-0.8800611051163852f,-0.26435137191519004f,1.0471556168324985f,-0.9862471809550427f,2.441776416930168f,0.9429362656778996f,0.8834176579185218f,0.6852331546169033f,0.2338059425402909f,0f,0f,0f,1f], start_interpolation: 0, interpolation_duration: 1 }
$data merge entity $(bone_wing_right_1_model) { transformation: [-0.6407573732952493f,-0.726791208584366f,0.30361424659276f,-0.5357793185160509f,-0.4636275273607997f,0.6644173214158364f,0.6120263245300449f,2.089360751772995f,-0.6367547310251598f,0.2475908826449831f,-0.7511452924634452f,0.12165821069615415f,0f,0f,0f,1f], start_interpolation: 0, interpolation_duration: 1 }
$data merge entity $(bone_wing_right_0) { transformation: [-0.5946884317388429f,-0.009755622324510584f,-0.8038970686531063f,-0.1433495681666252f,-0.17587607799719396f,0.977284777945625f,0.11824579478398088f,2.1065354256459403f,0.7844828069144156f,0.2117056698079481f,-0.5828957325515839f,0.3751335702406528f,0f,0f,0f,1f], start_interpolation: 0, interpolation_duration: 1 }
$data merge entity $(bone_finger_left_1_fire) { transformation: [-0.10372249330515579f,1.508749971853588f,0.7004947855567105f,1.4709898357178166f,-1.2869985003170523f,0.3718755257333553f,-0.9915247003075497f,1.4940272512081467f,-1.0538758382001168f,-0.6026274915485679f,1.1419122566404394f,1.0663055980641358f,0f,0f,0f,1f], start_interpolation: 0, interpolation_duration: 1 }
$data merge entity $(bone_finger_left_1_fire_s) { transformation: [-6.223349598309348e-7f,0.000009052499831121529f,0.000004202968713340264f,1.4709898357178166f,-0.000007721991001902314f,0.000002231253154400132f,-0.000005949148201845298f,1.4940272512081467f,-0.000006323255029200701f,-0.0000036157649492914073f,0.000006851473539842637f,1.0663055980641358f,0f,0f,0f,1f], start_interpolation: 0, interpolation_duration: 1 }
$data merge entity $(bone_finger_left_1) { transformation: [-0.12372682825396136f,1.7997335264251584f,0.83559501187832f,1.0036142385712137f,-1.5352141790822f,0.44359692712839316f,-1.182754120107665f,2.102958842515614f,-1.257130547858744f,-0.7188526400785907f,1.3621460221051411f,0.36742700231457515f,0f,0f,0f,1f], start_interpolation: 0, interpolation_duration: 1 }
$data merge entity $(bone_finger_left_2_fire) { transformation: [1.4991280838193646f,-0.6298602446087967f,-0.3656074921869194f,0.7550233626249697f,0.5477025277234907f,1.5265264960024336f,-0.38407886677817726f,2.0745666093035244f,0.48001531976298495f,0.2253235607779555f,1.5800608733618335f,0.9414755290599348f,0f,0f,0f,1f], start_interpolation: 0, interpolation_duration: 1 }
$data merge entity $(bone_finger_left_2_fire_s) { transformation: [0.000008994768502916188f,-0.0000037791614676527806f,-0.0000021936449531215166f,0.7550233626249697f,0.000003286215166340944f,0.000009159158976014602f,-0.0000023044732006690636f,2.0745666093035244f,0.0000028800919185779097f,0.0000013519413646677333f,0.000009480365240171002f,0.9414755290599348f,0f,0f,0f,1f], start_interpolation: 0, interpolation_duration: 1 }
$data merge entity $(bone_finger_left_2) { transformation: [1.1174553206272475f,-0.46950003084225317f,-0.27252510430235233f,0.8726061420351423f,0.40825938112393695f,1.1378781929629498f,-0.286293731572487f,2.199055147376117f,0.3578050994049481f,0.16795697083635075f,1.1777829052169675f,0.43329261547556175f,0f,0f,0f,1f], start_interpolation: 0, interpolation_duration: 1 }
$data merge entity $(bone_finger_film_left) { transformation: [0.8683978688223799f,0.27284382540298835f,0.23848901315730536f,0.9580190288805243f,-0.5620612841213405f,0.3789245374375673f,-0.31614276435530647f,2.169687791911519f,-0.4104428900897409f,0.05837154201603542f,0.9375115714111574f,0.47805743320458605f,0f,0f,0f,1f], start_interpolation: 0, interpolation_duration: 1 }
$data merge entity $(bone_finger_left_0_fire) { transformation: [1.2967726302556986f,0.997396366897934f,0.318369298922337f,1.117437212636452f,-0.839325327520004f,1.2933050813950902f,-0.6329871553190118f,1.9261436617748329f,-0.6258526326388141f,0.33217500133848216f,1.5085575986625843f,1.1169295734928055f,0f,0f,0f,1f], start_interpolation: 0, interpolation_duration: 1 }
$data merge entity $(bone_finger_left_0_fire_s) { transformation: [0.000007780635781534192f,0.000005984378201387604f,0.000001910215793534022f,1.117437212636452f,-0.000005035951965120024f,0.00000775983048837054f,-0.0000037979229319140713f,1.9261436617748329f,-0.000003755115795832885f,0.000001993050008030893f,0.000009051345591975507f,1.1169295734928055f,0f,0f,0f,1f], start_interpolation: 0, interpolation_duration: 1 }
$data merge entity $(bone_fire_large_left) { transformation: [0.000020748362084091177f,0.00001595834187036694f,0.000005093908782757392f,1.0524851125847228f,-0.000013429205240320063f,0.000020692881302321442f,-0.00001012779448510419f,1.8400777700939692f,-0.000010013642122221027f,0.000005314800021415714f,0.00002413692157860135f,1.101443716179763f,0f,0f,0f,1f], start_interpolation: 0, interpolation_duration: 1 }
$data merge entity $(bone_finger_left_0) { transformation: [1.137969529761428f,0.8752549584585212f,0.2793817149839829f,0.9412253969656031f,-0.7365413380805724f,1.134926617801177f,-0.5554713900318569f,2.137129149687711f,-0.5492105627827067f,0.2914967676308213f,1.3238192579909647f,0.4667641396295698f,0f,0f,0f,1f], start_interpolation: 0, interpolation_duration: 1 }
$data merge entity $(bone_wing_left_1_model) { transformation: [-0.6681084996744145f,0.7536593674682347f,0.128863002960601f,0.5726812224418754f,0.5476330595091266f,0.3522568583810078f,0.7790957713260007f,1.9342602083604274f,0.5335786238571748f,0.5821423765650151f,-0.6382641996945779f,0.18690123129756725f,0f,0f,0f,1f], start_interpolation: 0, interpolation_duration: 1 }
$data merge entity $(bone_wing_left_0) { transformation: [-0.4916558999997279f,0.2605543515178466f,0.8308946418773997f,0.18837637574400784f,0.4435089924152402f,0.8960776880625738f,-0.018562074325114544f,2.0191685791437854f,-0.7493825789556867f,0.35938309206409147f,-0.5561200801051664f,0.43918336265195523f,0f,0f,0f,1f], start_interpolation: 0, interpolation_duration: 1 }
$data merge entity $(bone_body_0) { transformation: [-0.9505960645496033f,0.27158276620639976f,0.15036596410919065f,0.0007280652603423518f,0.2503590146673356f,0.957094665703931f,-0.14591149596889647f,1.7241488870738277f,-0.18354150984888198f,-0.10105741922669725f,-0.9778036163676387f,0.05798229807235537f,0f,0f,0f,1f], start_interpolation: 0, interpolation_duration: 1 }
$data merge entity $(bone_leg_right_3) { transformation: [-0.9794015545270595f,0.19514025698571502f,-0.05189291949320929f,-0.361663372903833f,0.17427139539112319f,0.9467009474830987f,0.27089997560545037f,0.9971404805862815f,0.10199056690895693f,0.2562764057383198f,-0.9612077445190699f,0.03623469492360781f,0f,0f,0f,1f], start_interpolation: 0, interpolation_duration: 1 }
$data merge entity $(bone_leg_right_2) { transformation: [-0.9209522587400283f,0.3836000796621269f,-0.06854134522206301f,-0.28979846007272553f,0.26008595725190486f,0.47411830615963746f,-0.8411700937412577f,1.082550517825112f,-0.29017620846995773f,-0.7925041391989861f,-0.5364093188885457f,-0.09375598453516923f,0f,0f,0f,1f], start_interpolation: 0, interpolation_duration: 1 }
$data merge entity $(bone_leg_right_1) { transformation: [-0.9503991186980032f,0.29636950548142854f,-0.09437495111920526f,-0.26828589451359297f,0.2228364447861526f,0.43711947386678995f,-0.8713612823860654f,1.356687288131315f,-0.2169917833769906f,-0.849171173431549f,-0.4814798896732438f,0.07199748028323036f,0f,0f,0f,1f], start_interpolation: 0, interpolation_duration: 1 }
$data merge entity $(bone_leg_right_0) { transformation: [-0.9342097347854691f,0.34990536684446133f,-0.06941473680355072f,-0.11950399335421916f,0.21888652453941607f,0.408624215929125f,-0.8860671190893854f,1.5598798997183712f,-0.281675097953509f,-0.8429664788173671f,-0.45833029005634185f,-0.17626905576725288f,0f,0f,0f,1f], start_interpolation: 0, interpolation_duration: 1 }
$data merge entity $(bone_leg_left_3) { transformation: [-0.9941144680168988f,-0.10222522521457728f,0.03586680651113424f,0.27591344909157045f,-0.10833188650178767f,0.9404457641965474f,-0.32222037019986094f,1.0063426419160175f,-0.0007917363462480176f,-0.3242094507175888f,-0.945984992068562f,0.19002654254324605f,0f,0f,0f,1f], start_interpolation: 0, interpolation_duration: 1 }
$data merge entity $(bone_leg_left_2) { transformation: [-0.9135655129398244f,-0.4055498852253871f,-0.03045232603055266f,0.20103663174470374f,-0.09066257354682448f,0.27608064646507374f,-0.9568488775168695f,1.0597458880179587f,0.3964572503118872f,-0.8713832493461773f,-0.2889859536967764f,0.0454631570222398f,0f,0f,0f,1f], start_interpolation: 0, interpolation_duration: 1 }
$data merge entity $(bone_leg_left_1) { transformation: [-0.9454408648841999f,-0.32444980818948704f,0.029561680818606474f,0.20069559041225904f,-0.07879029087560535f,0.13965922533276853f,-0.9870599732757823f,1.3746420144510823f,0.31612285755818675f,-0.9355360082569008f,-0.15760303354945415f,0.10813917842101683f,0f,0f,0f,1f], start_interpolation: 0, interpolation_duration: 1 }
$data merge entity $(bone_leg_left_0) { transformation: [-0.9454408648841999f,-0.3257037500337881f,-0.007657559725120222f,0.06587418749484167f,-0.07879029087560535f,0.2513898191932654f,-0.9646736488936114f,1.5331522791304224f,0.31612285755818675f,-0.9114385475828334f,-0.26333650128560115f,-0.177793068353174f,0f,0f,0f,1f], start_interpolation: 0, interpolation_duration: 1 }
$data merge entity $(bone_tail_3) { transformation: [-2.3973755787913085f,-0.4653809675656411f,-0.02277309984908834f,-0.21240940708445796f,0.4561293171318618f,-2.3684665848868405f,0.3831707284766352f,0.4223968564437219f,-0.09510050000862419f,0.3718794376355892f,2.411880864304034f,-0.5351367564477254f,0f,0f,0f,1f], start_interpolation: 0, interpolation_duration: 1 }
$data merge entity $(bone_tail_2) { transformation: [-1.1366233317478938f,-0.10142825257347594f,-0.18631632726685143f,-0.13559381060039621f,0.2117234932145641f,-0.6056580998299217f,-0.9619072153962829f,0.819392031897803f,-0.013214637616664247f,-0.9796961968846767f,0.6139501589399264f,-0.7816205393508432f,0f,0f,0f,1f], start_interpolation: 0, interpolation_duration: 1 }
$data merge entity $(bone_tail_1) { transformation: [-1.371279787707446f,0.07924342268587244f,-0.18080808627887246f,-0.08184210354470406f,0.19736671375500034f,0.5771885244006736f,-1.2438967512938934f,1.1890256161609107f,0.004179043473308726f,-1.2569619037739286f,-0.5825878889356068f,-0.6008941062389157f,0f,0f,0f,1f], start_interpolation: 0, interpolation_duration: 1 }
$data merge entity $(bone_tail_0) { transformation: [-1.1856173542645203f,0.14663426424123358f,-0.08839808875201352f,-0.0532486523727587f,0.1709409956561793f,1.0489421292486807f,-0.5527240955206277f,1.369919756024755f,0.009747078980437406f,-0.5596634187754762f,-1.0590968758398225f,-0.2952981880096497f,0f,0f,0f,1f], start_interpolation: 0, interpolation_duration: 1 }
$data merge entity $(bone_body_1) { transformation: [-1.010352180155852f,0.09391282688444737f,-0.11166712786372228f,-0.019675925925925923f,0.1456714571678745f,0.693728157811561f,-0.7345895208008416f,1.5921911794182413f,0.00830620643550318f,-0.7429820445006688f,-0.7000067020598454f,-0.10969297354770106f,0f,0f,0f,1f], start_interpolation: 0, interpolation_duration: 1 }
data modify entity @s data merge value {"locators":{"body_1":{"posx":-0.049252054046733815,"posy":1.382488399598575,"posz":-0.029583721962822815,"roty":350.93637625503254,"rotx":-46.02129211912217},"body_0":{"posx":-0.06737270427344877,"posy":1.6095199460391991,"posz":0.2543298971059652,"roty":8.74242083040906,"rotx":-8.39006545764892},"neck_1":{"posx":-0.10362768661907269,"posy":1.6390917293117861,"posz":0.4944403411077414,"roty":17.50623676509258,"rotx":23.829374925714284},"neck_0":{"posx":-0.16662378145386203,"posy":1.494182027992391,"posz":0.6259841329807703,"roty":31.17569127948812,"rotx":53.754245645803486},"pos_head":{"posx":-0.29994972491624655,"posy":1.4219532027656847,"posz":0.9659612190626363,"roty":18.038467032918817,"rotx":32.97954827557156},"head_0":{"posx":-0.25566533857183427,"posy":1.2149653906327313,"posz":0.7999471792624976,"roty":18.038467032918817,"rotx":32.97954827557156},"arm_right_0":{"posx":-0.30819688879776475,"posy":1.1040184423963415,"posz":0.21394504702897466,"roty":21.299881812303994,"rotx":2.854131251680121},"arm_left_0":{"posx":0.247219990023001,"posy":1.1022217467107527,"posz":0.5408391439362521,"roty":5.865397505453387,"rotx":-36.13525430080059},"pos_wing_r_0":{"posx":-0.32221246539765713,"posy":3.0075880237478128,"posz":0.007293287672083107,"roty":258.97329503714786,"rotx":-37.63297518770109},"pos_wing_r_1":{"posx":-0.8080360310761124,"posy":2.625962370124774,"posz":0.10196283677980823,"roty":258.97329503714786,"rotx":-37.63297518770109},"pos_wing_r_2":{"posx":-1.2938595967545679,"posy":2.2443367165017354,"posz":0.19663238588753335,"roty":258.97329503714786,"rotx":-37.63297518770109},"pos_wing_r_3":{"posx":-1.7796831624330234,"posy":1.862711062878697,"posz":0.29130193499525847,"roty":258.97329503714786,"rotx":-37.63297518770109},"pos_wing_r_4":{"posx":-2.2655067281114785,"posy":1.4810854092556582,"posz":0.3859714841029836,"roty":258.97329503714786,"rotx":-37.63297518770109},"pos_wing_r_5":{"posx":-2.751330293789934,"posy":1.0994597556326196,"posz":0.4806410332107087,"roty":258.97329503714786,"rotx":-37.63297518770109},"finger_right_0":{"posx":-0.7100315602440556,"posy":2.422779475922289,"posz":0.13130452260377912,"roty":258.97329503714786,"rotx":-37.63297518770109},"finger_right_1":{"posx":-1.1678288670871466,"posy":2.097494910092067,"posz":0.35447852820730413,"roty":258.97329503714786,"rotx":-37.63297518770109},"finger_right_2":{"posx":-1.665429172609785,"posy":1.7135543510946802,"posz":0.4785125417227683,"roty":258.97329503714786,"rotx":-37.63297518770109},"finger_right_3":{"posx":-2.1994389379108044,"posy":1.3015209140316248,"posz":0.61162247754034,"roty":258.97329503714786,"rotx":-37.63297518770109},"pos_wing_l_0":{"posx":0.7017484944385001,"posy":2.583533312305306,"posz":-0.18593793545120707,"roty":148.4733772347562,"rotx":-36.50656006180836},"pos_wing_l_1":{"posx":0.9644340390222665,"posy":2.211711549689975,"posz":0.24227916078895764,"roty":148.4733772347562,"rotx":-36.50656006180836},"pos_wing_l_2":{"posx":1.227119583606033,"posy":1.839889787074644,"posz":0.6704962570291224,"roty":148.4733772347562,"rotx":-36.50656006180836},"pos_wing_l_3":{"posx":1.4898051281897993,"posy":1.468068024459313,"posz":1.0987133532692872,"roty":148.4733772347562,"rotx":-36.50656006180836},"pos_wing_l_4":{"posx":1.7524906727735658,"posy":1.0962462618439817,"posz":1.5269304495094518,"roty":148.4733772347562,"rotx":-36.50656006180836},"pos_wing_l_5":{"posx":2.0151762173573324,"posy":0.7244244992286504,"posz":1.9551475457496168,"roty":148.4733772347562,"rotx":-36.50656006180836},"finger_left_0":{"posx":0.7856352691556195,"posy":2.1146236917053773,"posz":0.3440339987707407,"roty":148.4733772347562,"rotx":-36.50656006180836},"finger_left_1":{"posx":1.041492848729129,"posy":1.8714375500128928,"posz":0.8345362507133528,"roty":148.4733772347562,"rotx":-36.50656006180836},"finger_left_2":{"posx":1.312228450774898,"posy":1.512260908156669,"posz":1.2907108084629102,"roty":148.4733772347562,"rotx":-36.50656006180836},"finger_left_3":{"posx":1.602773822804525,"posy":1.1268035524310929,"posz":1.7802639224530221,"roty":148.4733772347562,"rotx":-36.50656006180836},"leg_right_0":{"posx":-0.31754475909827756,"posy":1.298083551715596,"posz":0.18801072699140914,"roty":351.3879259046078,"rotx":-62.383128737491305},"leg_left_0":{"posx":0.24642917972022427,"posy":1.3376477494153045,"posz":0.23407475813263426,"roty":358.334365922887,"rotx":-74.72525791699151},"tail_0":{"posx":-0.08912742350288903,"posy":1.1252398854915455,"posz":-0.3684147613980361,"roty":355.2288359578265,"rotx":-27.477772083254422},"tail_1":{"posx":-0.12410976159057269,"posy":0.8939834966627563,"posz":-0.5361165095567545,"roty":342.7580967020683,"rotx":-63.8769201190373},"tail_2":{"posx":-0.15956379889963357,"posy":0.7100746206281637,"posz":-0.47137489369756874,"roty":196.88154447164916,"rotx":-56.29645113922163},"tail_3":{"posx":-0.17091125886547517,"posy":0.6767147949176309,"posz":-0.3614760448453902,"roty":180.54097354217689,"rotx":9.026631067991001},"tail_4":{"posx":-0.17499081492113983,"posy":0.7453557123188197,"posz":0.0705864872963264,"roty":180.54097354217689,"rotx":9.026631067991001},"shadow":{"posx":-0.019675925925925958,"posy":1.4845817918893582,"posz":0.18166226543061526,"roty":0,"rotx":-56.19758789816755}},"cameras":{}}