# This file was generated by Animated Java via MC-Build. It is not recommended to edit this file directly.
$data merge entity $(bone_head_lower) { transformation: [-0.9961911726881737f,-0.02916811443507969f,0.0821727969492521f,-0.13888783467813978f,0.004631718675397384f,0.9233599725078332f,0.3839074215907341f,0.8026852305159216f,-0.08707292713738789f,0.38282578579640614f,-0.9197079553255432f,0.7248325550982141f,0f,0f,0f,1f], start_interpolation: 0, interpolation_duration: 1 }
$data merge entity $(bone_head_upper) { transformation: [-0.9961911726881737f,-0.039847690525167484f,0.07755842325609383f,-0.1377877382662836f,0.004631718675397384f,0.8640340925321849f,0.503411992431841f,0.8220870913038653f,-0.08707292713738789f,0.5018538118833955f,-0.8605585725898225f,0.7177288272923014f,0f,0f,0f,1f], start_interpolation: 0, interpolation_duration: 1 }
$data merge entity $(bone_neck_0) { transformation: [-0.8573456551821609f,0.45987120536638965f,0.23125073408561297f,-0.10217371897749175f,0.46044087753242224f,0.4843146670838443f,0.7439311134403763f,0.9535521778261034f,0.2301143755558181f,0.7442833987953303f,-0.626968576916122f,0.5873632209285258f,0f,0f,0f,1f], start_interpolation: 0, interpolation_duration: 1 }
$data merge entity $(bone_neck_1) { transformation: [-0.8910439660062968f,0.35367524177551185f,0.2845249971422588f,-0.04971330765973815f,0.36803917978823814f,0.1960306927918536f,0.9089109580285336f,1.1136986420429626f,0.26568367052675673f,0.9145959713658152f,-0.3048383118586814f,0.5414603607591866f,0f,0f,0f,1f], start_interpolation: 0, interpolation_duration: 1 }
$data merge entity $(bone_neck_2) { transformation: [-0.8910439660062968f,0.4296062703322979f,0.1465575079446349f,0.04469939509095443f,0.36803917978823814f,0.4947895114493497f,0.7872296370821634f,1.3625386414418093f,0.26568367052675673f,0.7553951229991404f,-0.5989911479851296f,0.513393147738071f,0f,0f,0f,1f], start_interpolation: 0, interpolation_duration: 1 }
$data merge entity $(bone_arm_right_2) { transformation: [-0.9558641195027867f,0.2715192531703842f,0.11225453311541075f,-0.4680481707994004f,0.2878027512414699f,0.7884300687947485f,0.543642900255442f,0.7784164837728635f,0.05910466500203369f,0.5519559056465514f,-0.8317760015754798f,0.24151936703063412f,0f,0f,0f,1f], start_interpolation: 0, interpolation_duration: 1 }
$data merge entity $(bone_arm_right_1) { transformation: [-0.9997280727077053f,0.02204555107085214f,0.007600941923171872f,-0.31328409012682823f,0.022771018362968645f,0.9931688524026123f,0.1144426115570214f,1.0851693560654687f,-0.005026068329253466f,0.11458457267564603f,-0.9934007823340434f,0.2760800178850682f,0f,0f,0f,1f], start_interpolation: 0, interpolation_duration: 1 }
$data merge entity $(bone_arm_right_0) { transformation: [-0.9195117515610297f,0.3669594472141828f,0.14085064018820906f,-0.17450269704976507f,0.3852530110529889f,0.7703152083366241f,0.5081285243714516f,1.3315090754415406f,0.07796317217617918f,0.5214932827041637f,-0.8496861184453132f,0.42768048347517107f,0f,0f,0f,1f], start_interpolation: 0, interpolation_duration: 1 }
$data merge entity $(bone_arm_left_2) { transformation: [-0.975382270677488f,-0.11851590446976602f,0.18596614325124036f,0.21280975538939495f,-0.011905581563948803f,0.8703754627747639f,0.49224466571740483f,0.6445241060746787f,-0.22019918977065234f,0.4779126846897126f,-0.8503597959905087f,0.3137868549468998f,0f,0f,0f,1f], start_interpolation: 0, interpolation_duration: 1 }
$data merge entity $(bone_arm_left_1) { transformation: [-0.9494915080703549f,0.2876931032842921f,-0.1252938722561349f,0.161894327465895f,0.3128381329487735f,0.8367481612828356f,-0.4494272100829223f,0.9510100934727919f,-0.024457691538830144f,-0.46592402053601756f,-0.8844866468252328f,0.16306312542283855f,0f,0f,0f,1f], start_interpolation: 0, interpolation_duration: 1 }
$data merge entity $(bone_arm_left_0) { transformation: [-0.9763363588427177f,-0.11332482305336193f,0.18418685860198608f,0.10819467313934643f,0.024942075841395128f,0.787009304350943f,0.6164367345622477f,1.212978974361306f,-0.21481435532679355f,0.606443599475639f,-0.7655592422540303f,0.34030557560071456f,0f,0f,0f,1f], start_interpolation: 0, interpolation_duration: 1 }
$data merge entity $(bone_finger_right_1_fire) { transformation: [-1.1291477357548931f,-0.33579035706953053f,-1.179002970613939f,-1.438931287895102f,0.13534875416241923f,1.5589744746531728f,-0.5736349709565501f,1.5018031856089826f,1.21839397707148f,-0.48437712709908065f,-1.0289182149991134f,0.0625202260115737f,0f,0f,0f,1f], start_interpolation: 0, interpolation_duration: 1 }
$data merge entity $(bone_finger_right_1_fire_s) { transformation: [-0.000006774886414529359f,-0.0000020147421424171834f,-0.0000070740178236836355f,-1.438931287895102f,8.120925249745154e-7f,0.000009353846847919038f,-0.0000034418098257393007f,1.5018031856089826f,0.00000731036386242888f,-0.000002906262762594484f,-0.0000061735092899946805f,0.0625202260115737f,0f,0f,0f,1f], start_interpolation: 0, interpolation_duration: 1 }
$data merge entity $(bone_finger_right_1) { transformation: [-1.3469196846635247f,-0.40055222849538846f,-1.4063901995384258f,-0.6974876715437447f,0.16145265628520006f,1.8596445277326825f,-0.6842685059951141f,1.826543776481821f,1.4533783130653937f,-0.5777960373399177f,-1.2273594976167024f,0.7125000993220063f,0f,0f,0f,1f], start_interpolation: 0, interpolation_duration: 1 }
$data merge entity $(bone_finger_right_2_fire) { transformation: [1.29793590213645f,-0.06267642574176613f,-1.0436531211946116f,-1.0255887909603594f,-1.0454961851066442f,-0.09184848749647206f,-1.2947120761195678f,1.3189627762241367f,-0.008826021214093002f,1.6629531859852895f,-0.11084484809264258f,0.8167321053287084f,0f,0f,0f,1f], start_interpolation: 0, interpolation_duration: 1 }
$data merge entity $(bone_finger_right_2_fire_s) { transformation: [0.0000077876154128187f,-3.760585544505968e-7f,-0.000006261918727167669f,-1.0255887909603594f,-0.000006272977110639865f,-5.510909249788323e-7f,-0.000007768272456717407f,1.3189627762241367f,-5.295612728455801e-8f,0.000009977719115911739f,-6.650690885558555e-7f,0.8167321053287084f,0f,0f,0f,1f], start_interpolation: 0, interpolation_duration: 1 }
$data merge entity $(bone_finger_right_2) { transformation: [0.9674859642281672f,-0.046719227115402565f,-0.7779426893243875f,-0.6900642324667827f,-0.7793165156151404f,-0.06846418404957651f,-0.9650829130317922f,1.735688894444755f,-0.006578947104059172f,1.2395711251695856f,-0.0826241377252241f,0.853277868760884f,0f,0f,0f,1f], start_interpolation: 0, interpolation_duration: 1 }
$data merge entity $(bone_finger_film_right) { transformation: [0.08253060239448838f,-0.2671906930869787f,-0.8435655428298775f,-0.7737735703464909f,-0.629003168495755f,0.3026472643338419f,-0.49624612977473564f,1.7599772326519088f,0.8276467029806938f,0.2566523811334304f,-0.29302408225595034f,0.8040168919757057f,0f,0f,0f,1f], start_interpolation: 0, interpolation_duration: 1 }
$data merge entity $(bone_finger_right_0_fire) { transformation: [0.0989398271916743f,-1.026901024216132f,-1.3089931148928624f,-1.3426956614141812f,-0.9826997079803131f,1.0220472375561034f,-0.8760699206782085f,1.4130932918276455f,1.3424939375313645f,0.8238152149879095f,-0.5448084957338089f,0.5836093586256933f,0f,0f,0f,1f], start_interpolation: 0, interpolation_duration: 1 }
$data merge entity $(bone_finger_right_0_fire_s) { transformation: [5.936389631500459e-7f,-0.0000061614061452967925f,-0.000007853958689357174f,-1.3426956614141812f,-0.000005896198247881879f,0.00000613228342533662f,-0.000005256419524069252f,1.4130932918276455f,0.000008054963625188187f,0.000004942891289927458f,-0.000003268850974402853f,0.5836093586256933f,0f,0f,0f,1f], start_interpolation: 0, interpolation_duration: 1 }
$data merge entity $(bone_fire_large_right) { transformation: [0.000001583037235066789f,-0.000016430416387458113f,-0.0000209438898382858f,-1.2805325231537203f,-0.000015723195327685008f,0.000016352755800897652f,-0.000014017118730851338f,1.3423042239584073f,0.00002147990300050183f,0.000013181043439806553f,-0.000008716935931740942f,0.528923191266049f,0f,0f,0f,1f], start_interpolation: 0, interpolation_duration: 1 }
$data merge entity $(bone_finger_right_0) { transformation: [0.08682363121882507f,-0.9011464680653685f,-1.1486934907948039f,-0.7472380410851499f,-0.862358056066117f,0.8968870773331735f,-0.768786179174475f,1.7389751048252948f,1.178091794317789f,0.7229305978066863f,-0.4780911111441226f,0.7772890886747463f,0f,0f,0f,1f], start_interpolation: 0, interpolation_duration: 1 }
$data merge entity $(bone_wing_right_1_model) { transformation: [-0.83265952430338f,-0.5807772198821086f,-0.01878883963202323f,-0.46971362317233706f,-0.036111576152615205f,0.01895117428698639f,1.014551078114236f,1.7025730727537265f,-0.5799578895889624f,0.8326558454133337f,-0.03619630429151546f,0.3566241948294311f,0f,0f,0f,1f], start_interpolation: 0, interpolation_duration: 1 }
$data merge entity $(bone_wing_right_0) { transformation: [-0.5007701838175058f,-0.04407156002154343f,-0.864457587505974f,-0.05516590109528254f,-0.7466631540708499f,0.5271978035504514f,0.40565577807366443f,1.5786441164531384f,0.4378622584242125f,0.8485989474002708f,-0.29691155100265326f,0.533648799328595f,0f,0f,0f,1f], start_interpolation: 0, interpolation_duration: 1 }
$data merge entity $(bone_finger_left_1_fire) { transformation: [-1.1902104307452719f,0.5372734757572345f,1.0356225763137237f,1.6679508345011227f,-0.09674982518263912f,1.428877256361014f,-0.8524828651410712f,1.2007915347127822f,-1.162676386467904f,-0.6688981808016388f,-0.9892100999524697f,-0.06533756800729074f,0f,0f,0f,1f], start_interpolation: 0, interpolation_duration: 1 }
$data merge entity $(bone_finger_left_1_fire_s) { transformation: [-0.000007141262584471631f,0.0000032236408545434073f,0.000006213735457882342f,1.6679508345011227f,-5.804989510958348e-7f,0.000008573263538166083f,-0.0000051148971908464274f,1.2007915347127822f,-0.000006976058318807424f,-0.000004013389084809833f,-0.000005935260599714818f,-0.06533756800729074f,0f,0f,0f,1f], start_interpolation: 0, interpolation_duration: 1 }
$data merge entity $(bone_finger_left_1) { transformation: [-1.4197591752605279f,0.6408941873856778f,1.2353568888718935f,1.0115617207744447f,-0.11540938346666363f,1.7044562395318243f,-1.0168961204436386f,1.7018338659918608f,-1.3869148050676496f,-0.797904559543766f,-1.1799931166697029f,0.5637719907698734f,0f,0f,0f,1f], start_interpolation: 0, interpolation_duration: 1 }
$data merge entity $(bone_finger_left_2_fire) { transformation: [1.4354629051038743f,0.12299807446528195f,0.8379113912141055f,1.2665605347243574f,0.8339664635441751f,0.08168887152372069f,-1.4406958887046852f,1.1652651806051948f,-0.14739051371152523f,1.660113303279265f,0.008811045388525581f,0.7161622076729658f,0f,0f,0f,1f], start_interpolation: 0, interpolation_duration: 1 }
$data merge entity $(bone_finger_left_2_fire_s) { transformation: [0.000008612777430623246f,7.379884467916917e-7f,0.000005027468347284633f,1.2665605347243574f,0.000005003798781265051f,4.901332291423241e-7f,-0.000008644175332228112f,1.1652651806051948f,-8.843430822691513e-7f,0.000009960679819675591f,5.286627233115349e-8f,0.7161622076729658f,0f,0f,0f,1f], start_interpolation: 0, interpolation_duration: 1 }
$data merge entity $(bone_finger_left_2) { transformation: [1.0699990735845957f,0.09168319519968178f,0.6245820837008634f,0.99729188192936f,0.6216415208084505f,0.060891170744831725f,-1.0738997578760827f,1.6290145021553115f,-0.10986540478736888f,1.2374542666609254f,0.0065677840712658276f,0.7141774739001767f,0f,0f,0f,1f], start_interpolation: 0, interpolation_duration: 1 }
$data merge entity $(bone_finger_film_left) { transformation: [0.13614445532772101f,0.3196423564634727f,0.7483134288999185f,1.0813566280093534f,0.5155042340312692f,0.28537697038715437f,-0.645950143411947f,1.6349735229246194f,-0.8962005485623527f,0.21270972368381663f,-0.2578790094256299f,0.6601272288227367f,0f,0f,0f,1f], start_interpolation: 0, interpolation_duration: 1 }
$data merge entity $(bone_finger_left_0_fire) { transformation: [0.180838399553889f,1.2006560543882205f,1.1417093719881068f,1.5832409296842442f,0.804479523940969f,0.9403861362581456f,-1.116362122284238f,1.1848521048086962f,-1.4484087636383174f,0.6722177709434395f,-0.47750717232449374f,0.4649781792486768f,0f,0f,0f,1f], start_interpolation: 0, interpolation_duration: 1 }
$data merge entity $(bone_finger_left_0_fire_s) { transformation: [0.0000010850303973233341f,0.0000072039363263293235f,0.000006850256231928642f,1.5832409296842442f,0.000004826877143645814f,0.0000056423168175488745f,-0.000006698172733705428f,1.1848521048086962f,-0.000008690452581829904f,0.000004033306625660637f,-0.0000028650430339469627f,0.4649781792486768f,0f,0f,0f,1f], start_interpolation: 0, interpolation_duration: 1 }
$data merge entity $(bone_fire_large_left) { transformation: [0.0000028934143928622243f,0.000019210496870211527f,0.00001826734995180971f,1.509044710059507f,0.000012871672383055503f,0.000015046178180130331f,-0.00001786179395654781f,1.118635537123986f,-0.000023174540218213078f,0.000010755484335095031f,-0.0000076401147571919f,0.420523573794058f,0f,0f,0f,1f], start_interpolation: 0, interpolation_duration: 1 }
$data merge entity $(bone_finger_left_0) { transformation: [0.15869288393491987f,1.0536234138038254f,1.0018953568671003f,1.0508754483572762f,0.705962760319277f,0.825226214915439f,-0.9796521376987796f,1.6153947260981556f,-1.271036264340978f,0.5898978146592632f,-0.41903152462484317f,0.6367356158478787f,0f,0f,0f,1f], start_interpolation: 0, interpolation_duration: 1 }
$data merge entity $(bone_wing_left_1_model) { transformation: [-0.6429866697079039f,0.7855274371974723f,-0.022178165608326066f,0.6700985871012116f,-0.09752398413615597f,-0.05132934213040845f,1.0093718116712547f,1.6158803317339818f,0.7797655404914929f,0.6413181948832193f,0.10795257206560398f,0.30460219459999877f,0f,0f,0f,1f], start_interpolation: 0, interpolation_duration: 1 }
$data merge entity $(bone_wing_left_0) { transformation: [-0.46940460637643966f,0.09830945811968902f,0.8774933424002674f,0.25433007117061884f,0.8792809544987062f,0.14295230199989178f,0.4543452898498852f,1.448877826614423f,-0.08077325404132218f,0.9848349556129419f,-0.15354410322259585f,0.43799109283433746f,0f,0f,0f,1f], start_interpolation: 0, interpolation_duration: 1 }
$data merge entity $(bone_body_0) { transformation: [-0.8868937103972127f,0.45613569738016474f,-0.07321046396093686f,-0.06326122890869558f,0.3718591406438737f,0.7989033889720552f,0.47273053064993065f,1.461460220370776f,0.27411735803751053f,0.3920377541315071f,-0.8781606193391158f,0.029897711052253306f,0f,0f,0f,1f], start_interpolation: 0, interpolation_duration: 1 }
$data merge entity $(bone_leg_right_3) { transformation: [-0.9724967211229358f,0.17210332649688936f,0.15694130244726529f,-0.4990236277711261f,0.11005114780119239f,-0.254327035501235f,0.9608363564524365f,1.340777159233333f,0.20527754936373105f,0.9516817766574385f,0.2283920394964814f,-0.7250440755478338f,0f,0f,0f,1f], start_interpolation: 0, interpolation_duration: 1 }
$data merge entity $(bone_leg_right_2) { transformation: [-0.8499168283530154f,0.5260053894183367f,-0.030979270249875623f,-0.4035044934235399f,0.4958264923757486f,0.8182813967153455f,0.29081204453726645f,1.47562196293992f,0.1783184632636579f,0.23180570763561306f,-0.9562785366026157f,-0.6797672515609925f,0f,0f,0f,1f], start_interpolation: 0, interpolation_duration: 1 }
$data merge entity $(bone_leg_right_1) { transformation: [-0.8889284006013596f,0.40879614109182333f,-0.20662045792404626f,-0.3473418221382617f,0.41825205793175724f,0.9083280952280981f,-0.0022994467040921562f,1.465101410165795f,0.1867391620420272f,-0.08846347521847125f,-0.978418468198609f,-0.3638194034379441f,0f,0f,0f,1f], start_interpolation: 0, interpolation_duration: 1 }
$data merge entity $(bone_leg_right_0) { transformation: [-0.849916849756931f,0.5244084971448373f,0.05135247434688409f,-0.14978746515781116f,0.49582645424727684f,0.762979113620518f,0.41475173230189377f,1.6838947622898988f,0.17831846726524797f,0.3779664010214953f,-0.9084844103951542f,-0.16847020445568425f,0f,0f,0f,1f], start_interpolation: 0, interpolation_duration: 1 }
$data merge entity $(bone_leg_left_3) { transformation: [-0.980105035037939f,0.03920498194646199f,0.19456898438306572f,0.12272950825041108f,0.1957444776054224f,0.3531085015499602f,0.9148762132770323f,1.0415991408092786f,-0.03283625709882834f,0.9347605872755437f,-0.35375757899445825f,-0.6562662398336152f,0f,0f,0f,1f], start_interpolation: 0, interpolation_duration: 1 }
$data merge entity $(bone_leg_left_2) { transformation: [-0.9779766086854804f,-0.18976279897856038f,-0.08690128300473471f,0.08476448276913369f,-0.19697985226261472f,0.9768252383846269f,0.08373405195865863f,1.206893633788343f,0.06899775841753873f,0.09900774605372703f,-0.9926916820215206f,-0.6319063479102988f,0f,0f,0f,1f], start_interpolation: 0, interpolation_duration: 1 }
$data merge entity $(bone_leg_left_1) { transformation: [-0.9924201528693597f,-0.12239108458130765f,0.011075314612584201f,0.08763249756498642f,-0.11742854078709031f,0.917875977002268f,-0.3790965954090683f,1.315670217291838f,0.0362322782525639f,-0.37752365920183517f,-0.9252908238794361f,-0.32983450251156876f,0f,0f,0f,1f], start_interpolation: 0, interpolation_duration: 1 }
$data merge entity $(bone_leg_left_0) { transformation: [-0.9924201528693597f,-0.11139596463591603f,-0.05189584994573525f,0.028844910093277124f,-0.11742854078709031f,0.9841068476504029f,0.13320754564288534f,1.6414779928871825f,0.0362322782525639f,0.13829190674229802f,-0.9897285337617626f,-0.2055248996663277f,0f,0f,0f,1f], start_interpolation: 0, interpolation_duration: 1 }
$data merge entity $(bone_tail_3) { transformation: [-1.7848537816229184f,0.3811585650899415f,1.6228132521393117f,0.159340947893977f,0.05406856299994134f,2.3895207552954254f,-0.5017717362920403f,2.499796690333855f,-1.6660976242572088f,-0.3307815489185941f,-1.754767790385249f,-1.2682885245001847f,0f,0f,0f,1f], start_interpolation: 0, interpolation_duration: 1 }
$data merge entity $(bone_tail_2) { transformation: [-1.0276813963014872f,0.0838896598534044f,0.5232088829191501f,-0.05535536486017149f,0.27695929523517376f,1.0583481853436127f,0.3743083352835173f,2.341156470884776f,-0.45175054950565446f,0.45801277935180174f,-0.9607600103416967f,-0.877137870027805f,0f,0f,0f,1f], start_interpolation: 0, interpolation_duration: 1 }
$data merge entity $(bone_tail_1) { transformation: [-1.3286100087393853f,0.39178235428906216f,0.026103099873920677f,-0.06512349901363136f,0.2701895822853784f,0.8453871655612946f,1.0638127044769072f,2.0183679719230163f,0.28490765974217136f,1.0252836034238226f,-0.8871304854688961f,-0.6165760832187503f,0f,0f,0f,1f], start_interpolation: 0, interpolation_duration: 1 }
$data merge entity $(bone_tail_0) { transformation: [-1.1424734192619264f,0.35379108125112096f,0.06775468533543122f,-0.0795971303113436f,0.27128358734215774f,0.6968069882116139f,0.9358790395644129f,1.751554763486711f,0.2369895394242339f,0.9079076121965277f,-0.7446771556834996f,-0.38092726330578464f,0f,0f,0f,1f], start_interpolation: 0, interpolation_duration: 1 }
$data merge entity $(bone_body_1) { transformation: [-0.9735860442405979f,0.3043443572512814f,-0.040067706618835804f,-0.062499999999999986f,0.23118079616983872f,0.8146014002126236f,0.5701584803353861f,1.6042870375190519f,0.20195630316152105f,0.5346959560585639f,-0.8458218374057237f,-0.12992743406811827f,0f,0f,0f,1f], start_interpolation: 0, interpolation_duration: 1 }
data modify entity @s data merge value {"locators":{"body_1":{"posx":-0.12707394950089598,"posy":1.4972796951047782,"posz":-0.3187319073294615,"roty":357.2878501516371,"rotx":33.953686659726905},"body_0":{"posx":-0.11721044804740273,"posy":1.2554907854022657,"posz":0.1347593446136012,"roty":355.23438773916666,"rotx":28.211687670016428},"neck_1":{"posx":-0.09871934034470878,"posy":1.1161896584214477,"posz":0.3736543331691803,"roty":13.748673908129831,"rotx":51.927365258580835},"neck_0":{"posx":-0.15581071717735848,"posy":0.9058099040206999,"posz":0.4736117952266889,"roty":43.02599408118877,"rotx":65.35528518542394},"pos_head":{"posx":-0.14881299065124037,"posy":0.7635341492574401,"posz":0.8407599886367947,"roty":5.149907335849036,"rotx":30.2259935109393},"head_0":{"posx":-0.13574248511229425,"posy":0.5484066649224919,"posz":0.6797784678807679,"roty":5.149907335849036,"rotx":30.2259935109393},"arm_right_0":{"posx":-0.45478704057490943,"posy":0.6515888909847943,"posz":0.14777957387616086,"roty":0.4383864013630898,"rotx":6.571476791036265},"arm_left_0":{"posx":0.14882128576297463,"posy":0.4999135394666244,"posz":0.307344458804407,"roty":351.9372874414046,"rotx":-26.706940281856788},"finger_right_0":{"posx":-0.5657944908829436,"posy":1.690180866297551,"posz":0.8232258656206621,"roty":311.11126748357253,"rotx":-20.131807922714398},"finger_right_1":{"posx":-1.075634217427878,"posy":1.498937518116637,"posz":0.5611485970329306,"roty":311.11126748357253,"rotx":-20.131807922714398},"finger_right_2":{"posx":-1.5473139845210804,"posy":1.2809256024909446,"posz":0.18646225438308026,"roty":311.11126748357253,"rotx":-20.131807922714398},"finger_right_3":{"posx":-2.0535068413543645,"posy":1.0469617643726725,"posz":-0.2156396628619486,"roty":311.11126748357253,"rotx":-20.131807922714398},"finger_left_0":{"posx":0.8664995101051463,"posy":1.5996293334749014,"posz":0.6930365295948433,"roty":46.31308303523954,"rotx":-30.76311022153545},"finger_left_1":{"posx":1.330797445454977,"posy":1.3067592690943433,"posz":0.4403517213516926,"roty":46.31308303523954,"rotx":-30.76311022153545},"finger_left_2":{"posx":1.7484415893555827,"posy":0.9810199886097797,"posz":0.07997949208987475,"roty":46.31308303523954,"rotx":-30.76311022153545},"finger_left_3":{"posx":2.1966450446039754,"posy":0.6314463566159815,"posz":-0.30676095863421154,"roty":46.31308303523954,"rotx":-30.76311022153545},"leg_right_0":{"posx":-0.420547086749908,"posy":1.3602196811765466,"posz":-0.41823189493753266,"roty":3.235226006495026,"rotx":24.503682858859285},"leg_left_0":{"posx":0.10350990658717836,"posy":1.179250634835219,"posz":-0.3512240438561573,"roty":356.9984773020105,"rotx":7.654983688879574},"tail_0":{"posx":-0.12389064285600393,"posy":1.7850166685171633,"posz":-0.6327604307484482,"roty":5.198760380065238,"rotx":51.375676192857235},"tail_1":{"posx":-0.1126058263708955,"posy":2.092753390863524,"posz":-0.9085431742827011,"roty":1.685395871849522,"rotx":50.16253586470663},"tail_2":{"posx":0.04732317360494055,"posy":2.238900037093184,"posz":-1.1734113195292284,"roty":28.571744430627206,"rotx":18.88841568323479},"tail_3":{"posx":0.263957230592349,"posy":2.2332648496258307,"posz":-1.3890111991417775,"roty":42.76271980494445,"rotx":-11.856195909475456},"tail_4":{"posx":0.5546667815032597,"posy":2.1433778364867955,"posz":-1.703358987233438,"roty":42.76271980494445,"rotx":-11.856195909475456},"shadow":{"posx":-0.0625,"posy":1.342019518972572,"posz":0.03645587122398417,"roty":0,"rotx":-18.860000000000063}},"cameras":{}}