# This file was generated by Animated Java via MC-Build. It is not recommended to edit this file directly.
$data merge entity $(bone_head_lower) { transformation: [-0.9967662019289842f,-0.07850890729256901f,-0.017131554739542115f,-0.07780025265938807f,-0.08034913480879342f,0.9766147414976037f,0.19941831216076178f,0.6132961351395221f,0.0010748151215401597f,0.200149939208823f,-0.9797646894061651f,0.842087902022204f,0f,0f,0f,1f], start_interpolation: 0, interpolation_duration: 1 }
$data merge entity $(bone_head_upper) { transformation: [-0.9967662019289842f,-0.07556416699062682f,-0.027334874411267904f,-0.07884447072717468f,-0.08034913480879342f,0.9417888652692195f,0.32646247838058584f,0.6309286804582721f,0.0010748151215401597f,0.32760309815679234f,-0.9448148256936519f,0.8313125450861316f,0f,0f,0f,1f], start_interpolation: 0, interpolation_duration: 1 }
$data merge entity $(bone_neck_0) { transformation: [-0.918495511464272f,0.3851534874084822f,0.08957000925013517f,-0.06856531502394042f,0.35610961258242013f,0.7071887197492961f,0.6107946123581564f,0.7336100010378606f,0.17190677487052033f,0.5929088511705962f,-0.7867065240336959f,0.673523115690949f,0f,0f,0f,1f], start_interpolation: 0, interpolation_duration: 1 }
$data merge entity $(bone_neck_1) { transformation: [-0.9320633309623704f,0.31702444332572677f,0.17536661429514955f,-0.03544257728303513f,0.30585202663740024f,0.42907557883751346f,0.8499109867786439f,0.8853184634133389f,0.1941970259224525f,0.8458070997451288f,-0.4968881817306668f,0.5935638509573931f,0f,0f,0f,1f], start_interpolation: 0, interpolation_duration: 1 }
$data merge entity $(bone_neck_2) { transformation: [-0.9320633309623704f,0.34165468459369613f,0.12054054741253131f,0.04054465508045379f,0.30585202663740024f,0.5636844737114033f,0.7672772327513007f,1.1394546661849598f,0.1941970259224525f,0.7520185440478717f,-0.6298854058723647f,0.558016654909885f,0f,0f,0f,1f], start_interpolation: 0, interpolation_duration: 1 }
$data merge entity $(bone_arm_right_2) { transformation: [-0.943062391316457f,0.30381861538826005f,-0.13537937445580817f,-0.4463188418174516f,0.1813615751225357f,0.8108800084956598f,0.5564005669399986f,0.5068943515611137f,0.27882127815781615f,0.5001678325978588f,-0.8198114625209887f,0.3697606397776051f,0f,0f,0f,1f], start_interpolation: 0, interpolation_duration: 1 }
$data merge entity $(bone_arm_right_1) { transformation: [-0.968534551850555f,-0.07124873775202223f,-0.23846265795798696f,-0.3257588431733003f,-0.08966094868368282f,0.9936983734845429f,0.06726408265423678f,0.8303503638570329f,0.23216747436449048f,0.08652837628730575f,-0.9688194382568386f,0.36053140631992275f,0f,0f,0f,1f], start_interpolation: 0, interpolation_duration: 1 }
$data merge entity $(bone_arm_right_0) { transformation: [-0.8963561872326197f,0.43648705032057183f,-0.07761855778257766f,-0.16870519965882141f,0.3642841958765356f,0.8249351898743298f,0.4321793113299036f,1.0933844469296954f,0.25267095251410815f,0.3591113857975692f,-0.8984410956463217f,0.4557861058091283f,0f,0f,0f,1f], start_interpolation: 0, interpolation_duration: 1 }
$data merge entity $(bone_arm_left_2) { transformation: [-0.9432858589145889f,-0.1134879563523661f,0.3119812047779953f,0.21704583226932433f,0.006522488083127553f,0.9332376251971113f,0.35920049006879395f,0.4067589373776689f,-0.331917528191826f,0.3408636364874082f,-0.8795696310125813f,0.49968151522518195f,0f,0f,0f,1f], start_interpolation: 0, interpolation_duration: 1 }
$data merge entity $(bone_arm_left_1) { transformation: [-0.9157226868283397f,0.4010850441053782f,0.0241401786006899f,0.20679809122857368f,0.32404906117106713f,0.7726931541089217f,-0.5458365099069102f,0.6947281584430304f,-0.2375798113940586f,-0.4920122732089038f,-0.8375438831665901f,0.30938596762555326f,0f,0f,0f,1f], start_interpolation: 0, interpolation_duration: 1 }
$data merge entity $(bone_arm_left_0) { transformation: [-0.9488263850964261f,-0.19858750560424043f,0.24554326210005056f,0.12738675807478061f,-0.09990085226136598f,0.9263524314335416f,0.3631679948654875f,0.9946147806023995f,-0.2995802240841361f,0.32005339460010707f,-0.8987866899006945f,0.39116669634821283f,0f,0f,0f,1f], start_interpolation: 0, interpolation_duration: 1 }
$data merge entity $(bone_finger_right_1_fire) { transformation: [-1.1368940903417297f,-0.3808176431124019f,-1.157681963156611f,-1.4387314448091892f,0.08867518656321446f,1.5531638808874757f,-0.5979936857294681f,1.1897137526774286f,1.2154778140352092f,-0.46950789085876854f,-1.0392082571781842f,0.001526943136050507f,0f,0f,0f,1f], start_interpolation: 0, interpolation_duration: 1 }
$data merge entity $(bone_finger_right_1_fire_s) { transformation: [-0.000006821364542050378f,-0.0000022849058586744117f,-0.000006946091778939666f,-1.4387314448091892f,5.320511193792868e-7f,0.000009318983285324854f,-0.0000035879621143768083f,1.1897137526774286f,0.000007292866884211255f,-0.0000028170473451526116f,-0.000006235249543069105f,0.001526943136050507f,0f,0f,0f,1f], start_interpolation: 0, interpolation_duration: 1 }
$data merge entity $(bone_finger_right_1) { transformation: [-1.356160032181397f,-0.4542636570336322f,-1.3809571372988476f,-0.7096241642725014f,0.10577743774454226f,1.8527132796109576f,-0.7133251399339962f,1.5297605936550782f,1.4498997271612957f,-0.560059060721354f,-1.2396341184905975f,0.6576059343457843f,0f,0f,0f,1f], start_interpolation: 0, interpolation_duration: 1 }
$data merge entity $(bone_finger_right_2_fire) { transformation: [1.3463857991306794f,-0.07170817892076603f,-0.9797351656202236f,-1.0124712685637431f,-0.9805494101417211f,-0.19885919840885438f,-1.332949980778232f,0.9977376506459893f,-0.05954756038447695f,1.6532061982892008f,-0.20283276798437186f,0.7327654500091537f,0f,0f,0f,1f], start_interpolation: 0, interpolation_duration: 1 }
$data merge entity $(bone_finger_right_2_fire_s) { transformation: [0.000008078314794784078f,-4.302490735245962e-7f,-0.000005878410993721342f,-1.0124712685637431f,-0.000005883296460850327f,-0.0000011931551904531264f,-0.000007997699884669393f,0.9977376506459893f,-3.572853623068617e-7f,0.000009919237189735205f,-0.0000012169966079062313f,0.7327654500091537f,0f,0f,0f,1f], start_interpolation: 0, interpolation_duration: 1 }
$data merge entity $(bone_finger_right_2) { transformation: [1.0036006870223053f,-0.053451527546165216f,-0.7302980215263942f,-0.6975264234647829f,-0.7309049622425744f,-0.14823034250115447f,-0.9935855809970267f,1.4266982760374842f,-0.04438695992705046f,1.232305686426464f,-0.1511922551702387f,0.7989130591398285f,0f,0f,0f,1f], start_interpolation: 0, interpolation_duration: 1 }
$data merge entity $(bone_finger_film_right) { transformation: [0.13444405799321044f,-0.27654780446983623f,-0.8132063677279329f,-0.7842046142458377f,-0.6830785002986121f,0.26475084698893986f,-0.5256000186064946f,1.454785949383483f,0.7968453417474034f,0.2736112130591375f,-0.3133547946152603f,0.7490296852918007f,0f,0f,0f,1f], start_interpolation: 0, interpolation_duration: 1 }
$data merge entity $(bone_finger_right_0_fire) { transformation: [0.15807928810334812f,-1.0680456583467164f,-1.269672078978366f,-1.3357558876885345f,-1.0404968345845018f,0.9296331363865106f,-0.9115516149563834f,1.0900581641330604f,1.2923447890056847f,0.879112325699446f,-0.5786054293825296f,0.5140990697966183f,0f,0f,0f,1f], start_interpolation: 0, interpolation_duration: 1 }
$data merge entity $(bone_finger_right_0_fire_s) { transformation: [9.484757286200888e-7f,-0.000006408273950080299f,-0.000007618032473870196f,-1.3357558876885345f,-0.000006242981007507011f,0.000005577798818319064f,-0.0000054693096897383f,1.0900581641330604f,0.000007754068734034109f,0.000005274673954196677f,-0.0000034716325762951774f,0.5140990697966183f,0f,0f,0f,1f], start_interpolation: 0, interpolation_duration: 1 }
$data merge entity $(bone_fire_large_right) { transformation: [0.0000025292686096535702f,-0.000017088730533547463f,-0.000020314753263653854f,-1.27071155379697f,-0.000016647949353352026f,0.000014874130182184169f,-0.000014584825839302133f,1.0251174957276032f,0.000020677516624090955f,0.000014065797211191137f,-0.000009257686870120473f,0.45563652619537726f,0f,0f,0f,1f], start_interpolation: 0, interpolation_duration: 1 }
$data merge entity $(bone_finger_right_0) { transformation: [0.1387208589623901f,-0.9372525200141628f,-1.1141877187686555f,-0.7551343987081068f,-0.913077332097075f,0.8157900300963343f,-0.7999227763009209f,1.4348722956310034f,1.1340839230578512f,0.7714560105162104f,-0.5077492638489877f,0.7196774556641323f,0f,0f,0f,1f], start_interpolation: 0, interpolation_duration: 1 }
$data merge entity $(bone_wing_right_1_model) { transformation: [-0.7803369776360721f,-0.6337595352791402f,-0.14282904402959748f,-0.4473315755494192f,-0.0555481630932177f,-0.15732595816617626f,1.0015687832125681f,1.4861073767619526f,-0.6472755873293924f,0.7775438748853362f,0.08623757717797653f,0.32226551333259873f,0f,0f,0f,1f], start_interpolation: 0, interpolation_duration: 1 }
$data merge entity $(bone_wing_right_0) { transformation: [-0.5593309533682914f,-0.23418787891934825f,-0.7951760320654635f,-0.07520214673195114f,-0.7906443096238802f,0.4389313714228988f,0.4268733147436033f,1.348164496599705f,0.24905915013003677f,0.8674648630048772f,-0.4306672162916903f,0.569322834284099f,0f,0f,0f,1f], start_interpolation: 0, interpolation_duration: 1 }
$data merge entity $(bone_finger_left_1_fire) { transformation: [-1.1047648231081657f,0.3954681740154061f,1.183586662117094f,1.7109611492429213f,-0.17592013996471811f,1.5156207705338236f,-0.6706143169207103f,1.1325596028858946f,-1.235445088927613f,-0.5694527030800344f,-0.9629002175600873f,-0.00458249418847223f,0f,0f,0f,1f], start_interpolation: 0, interpolation_duration: 1 }
$data merge entity $(bone_finger_left_1_fire_s) { transformation: [-0.000006628588938648994f,0.000002372809044092437f,0.000007101519972702565f,1.7109611492429213f,-0.0000010555208397883088f,0.000009093724623202942f,-0.000004023685901524262f,1.1325596028858946f,-0.000007412670533565678f,-0.0000034167162184802063f,-0.000005777401305360523f,-0.00458249418847223f,0f,0f,0f,1f], start_interpolation: 0, interpolation_duration: 1 }
$data merge entity $(bone_finger_left_1) { transformation: [-1.317834185952099f,0.4717397479287134f,1.4118579201196453f,0.9654393829672921f,-0.2098488018388735f,1.8079294548220588f,-0.7999516765393061f,1.518550688283319f,-1.473717970558548f,-0.679279629206862f,-1.1486090051195958f,0.6060541418728191f,0f,0f,0f,1f], start_interpolation: 0, interpolation_duration: 1 }
$data merge entity $(bone_finger_left_2_fire) { transformation: [1.3459176552382726f,0.028009596607959653f,0.9825980386676688f,1.2653652125937074f,0.9826925984745993f,-0.0798079096120378f,-1.3437722025121577f,0.9933742328840107f,0.024468346877759978f,1.6645191311123446f,-0.08096381870844216f,0.7270827363351181f,0f,0f,0f,1f], start_interpolation: 0, interpolation_duration: 1 }
$data merge entity $(bone_finger_left_2_fire_s) { transformation: [0.000008075505931429636f,1.6805757964775793e-7f,0.0000058955882320060135f,1.2653652125937074f,0.000005896155590847597f,-4.788474576722268e-7f,-0.000008062633215072948f,0.9933742328840107f,1.4681008126655987e-7f,0.000009987114786674069f,-4.85782912250653e-7f,0.7270827363351181f,0f,0f,0f,1f], start_interpolation: 0, interpolation_duration: 1 }
$data merge entity $(bone_finger_left_2) { transformation: [1.0032517309264015f,0.02087845134516125f,0.7324320171160156f,0.9494760321575331f,0.7325025023270609f,-0.05948909515249661f,-1.001652502955271f,1.4258803054277667f,0.018238791401896357f,1.2407383861481005f,-0.060350713838638256f,0.7540178932960986f,0f,0f,0f,1f], start_interpolation: 0, interpolation_duration: 1 }
$data merge entity $(bone_finger_film_left) { transformation: [0.1563817160044357f,0.26969724365944414f,0.8203084684929034f,1.0374772037941262f,0.6242346597427977f,0.2837664210335278f,-0.5464720871237777f,1.4503451396467568f,-0.8399463015215443f,0.26110306414606016f,-0.25340378429334365f,0.7045442355098102f,0f,0f,0f,1f], start_interpolation: 0, interpolation_duration: 1 }
$data merge entity $(bone_finger_left_0_fire) { transformation: [0.19357204168861183f,1.0460983882576347f,1.2829597829000958f,1.5944197973423178f,0.9452179152023965f,0.9905798568926174f,-0.9503117476264382f,1.069876379010002f,-1.3589962234070834f,0.837978213906042f,-0.47822542337469104f,0.5109311462357897f,0f,0f,0f,1f], start_interpolation: 0, interpolation_duration: 1 }
$data merge entity $(bone_finger_left_0_fire_s) { transformation: [0.000001161432250131671f,0.000006276590329545809f,0.000007697758697400575f,1.5944197973423178f,0.000005671307491214379f,0.000005943479141355705f,-0.000005701870485758629f,1.069876379010002f,-0.0000081539773404425f,0.000005027869283436252f,-0.0000028693525402481466f,0.5109311462357897f,0f,0f,0f,1f], start_interpolation: 0, interpolation_duration: 1 }
$data merge entity $(bone_fire_large_left) { transformation: [0.000003097152667017789f,0.000016737574212122155f,0.000020527356526401533f,1.530827974671313f,0.000015123486643238345f,0.000015849277710281878f,-0.00001520498796202301f,1.00089243368888f,-0.00002174393957451333f,0.000013407651422496671f,-0.000007651606773995058f,0.45558478080874637f,0f,0f,0f,1f], start_interpolation: 0, interpolation_duration: 1 }
$data merge entity $(bone_finger_left_0) { transformation: [0.169867161070414f,0.9179929181070077f,1.1258482071462044f,1.0091551809285928f,0.8294662930022323f,0.8692731999725832f,-0.8339363334341676f,1.4283698850588842f,-1.1925732061395962f,0.7353591923365546f,-0.41966181847187056f,0.6759411652567495f,0f,0f,0f,1f], start_interpolation: 0, interpolation_duration: 1 }
$data merge entity $(bone_wing_left_1_model) { transformation: [-0.6630182416294794f,0.7689383450072999f,-0.010849695195174133f,0.6365990560151104f,-0.11021033866580572f,-0.08083257311456518f,1.0061296434439684f,1.4437706254553164f,0.7610765898118019f,0.6581618340066168f,0.13624429433677196f,0.33495932648030263f,0f,0f,0f,1f], start_interpolation: 0, interpolation_duration: 1 }
$data merge entity $(bone_wing_left_0) { transformation: [-0.5557427506708787f,0.15233402106020202f,0.8172786190182608f,0.24895816744986407f,0.8295881636378293f,0.16566127870984304f,0.5332352384156865f,1.2400318532366064f,-0.054161553049922595f,0.9743462868835956f,-0.21843955550076258f,0.4985777582157376f,0f,0f,0f,1f], start_interpolation: 0, interpolation_duration: 1 }
$data merge entity $(bone_body_0) { transformation: [-0.9289159458309083f,0.3684118315433422f,-0.03725436833377983f,-0.0361687266565188f,0.30986561985034f,0.8284701575502079f,0.4664981196998531f,1.2306656224919028f,0.20272755909306828f,0.4217936941534499f,-0.8837373005348097f,0.06709463368833334f,0f,0f,0f,1f], start_interpolation: 0, interpolation_duration: 1 }
$data merge entity $(bone_leg_right_3) { transformation: [-0.976723324757018f,0.2144655379472031f,0.004009976136220415f,-0.4843063995962632f,0.06957918778361466f,0.29908476865516187f,0.9516864177794386f,0.8421110987233889f,0.20290461676109972f,0.9298133329822202f,-0.3070454075629956f,-0.581029435618566f,0f,0f,0f,1f], start_interpolation: 0, interpolation_duration: 1 }
$data merge entity $(bone_leg_right_2) { transformation: [-0.8903574503623531f,0.45050048034719486f,-0.06567288474854865f,-0.40120758310841176f,0.447541644504875f,0.8925574489796904f,0.05520576695182616f,0.991623939706525f,0.08348704700803482f,0.01976151506878182f,-0.9963129004003033f,-0.5711545187588927f,0f,0f,0f,1f], start_interpolation: 0, interpolation_duration: 1 }
$data merge entity $(bone_leg_right_1) { transformation: [-0.919740237368419f,0.2969729464717903f,-0.25668066703463865f,-0.32750750074955387f,0.37382414543221937f,0.8621349602191228f,-0.34202166402121703f,1.0905197521916876f,0.11972219534136064f,-0.41052451745521157f,-0.9039558708868541f,-0.27471584627611173f,0f,0f,0f,1f], start_interpolation: 0, interpolation_duration: 1 }
$data merge entity $(bone_leg_right_0) { transformation: [-0.8950882670032055f,0.4427698906108313f,-0.052648060189056566f,-0.14899179975191826f,0.4370681908191313f,0.8946133591309691f,0.09294263950682286f,1.3807333329672422f,0.08825186030497928f,0.060181073709898225f,-0.9942785563009162f,-0.1800174488798239f,0f,0f,0f,1f], start_interpolation: 0, interpolation_duration: 1 }
$data merge entity $(bone_leg_left_3) { transformation: [-0.9959661257386548f,-0.023016437959631958f,0.08672784999516542f,0.1947687817159673f,0.05093400741121269f,0.6507186863572968f,0.7576086840278881f,0.6836851067123314f,-0.07387288589305296f,0.758969982811629f,-0.6469214495754081f,-0.49553669248243176f,0f,0f,0f,1f], start_interpolation: 0, interpolation_duration: 1 }
$data merge entity $(bone_leg_left_2) { transformation: [-0.9469382912282427f,-0.31238554609543506f,-0.07565145865343519f,0.1359402262851889f,-0.2857845961501757f,0.9260219393589544f,-0.24659791651423596f,0.8420592980752764f,0.14708853527388382f,-0.21189298812499174f,-0.9661606100304677f,-0.5240644592996353f,0f,0f,0f,1f], start_interpolation: 0, interpolation_duration: 1 }
$data merge entity $(bone_leg_left_1) { transformation: [-0.9710924352582486f,-0.23473891092019755f,0.04332581083146193f,0.1299998073016871f,-0.21736115429259778f,0.7945611441037104f,-0.5669450739579563f,1.0133416801568456f,0.09865906338899413f,-0.5599734207804888f,-0.8226154370242538f,-0.25255934439216243f,0f,0f,0f,1f], start_interpolation: 0, interpolation_duration: 1 }
$data merge entity $(bone_leg_left_0) { transformation: [-0.9710924352582486f,-0.227347476948491f,-0.07275030521832482f,0.03340352521840977f,-0.21736115429259778f,0.9681638707811777f,-0.12414849140684986f,1.3509109599552505f,0.09865906338899413f,-0.10474657053652159f,-0.98959312102098f,-0.2104202406671669f,0f,0f,0f,1f], start_interpolation: 0, interpolation_duration: 1 }
$data merge entity $(bone_tail_3) { transformation: [-1.993301860498013f,-1.3914524390246605f,0.23476696467243918f,-0.023207261567524604f,0.49630177580097523f,-0.3109364090393316f,2.3709725476488654f,2.4019068117360156f,-1.32096175762434f,1.9828480487168136f,0.5365457812973342f,-1.0069461532383208f,0f,0f,0f,1f], start_interpolation: 0, interpolation_duration: 1 }
$data merge entity $(bone_tail_2) { transformation: [-1.1051300047789394f,-0.2639281389226896f,0.2143447515618392f,-0.109655346611126f,0.1503101366192477f,0.2745776878161827f,1.1130714346721067f,1.944677517686999f,-0.3049731100716983f,1.0917248249162077f,-0.22812797131187404f,-0.9190361897132335f,0f,0f,0f,1f], start_interpolation: 0, interpolation_duration: 1 }
$data merge entity $(bone_tail_1) { transformation: [-1.351616939461199f,0.3036653490066121f,-0.01727266777344458f,-0.10599497890630516f,0.14725868910913134f,0.7221760714645175f,1.1730967311196951f,1.5897754786351637f,0.2661312978985739f,1.1426409838153657f,-0.7368344825413989f,-0.7040677719466507f,0f,0f,0f,1f], start_interpolation: 0, interpolation_duration: 1 }
$data merge entity $(bone_tail_0) { transformation: [-1.166539997485542f,0.26823278028394815f,-0.047328111364738634f,-0.08765721346105954f,0.1907340056225751f,0.9530503268577754f,0.7002285011717482f,1.3970366549877973f,0.19444617158323632f,0.6743519780761446f,-0.9707957747637717f,-0.40499484983083095f,0f,0f,0f,1f], start_interpolation: 0, interpolation_duration: 1 }
$data merge entity $(bone_body_1) { transformation: [-0.9940949543789833f,0.20485227784546392f,-0.10913963709036278f,-0.05273437500000001f,0.16253854392184655f,0.9570359588265895f,0.3158545388261511f,1.3248922769992795f,0.16570195491441006f,0.29020408718493196f,-0.9645854779972315f,-0.12471535837207491f,0f,0f,0f,1f], start_interpolation: 0, interpolation_duration: 1 }
data modify entity @s data merge value {"locators":{"body_1":{"posx":-0.10418398981587476,"posy":1.1647731271514492,"posz":-0.27631446917259844,"roty":353.54462737683315,"rotx":18.023589256076416},"body_0":{"posx":-0.08380058251452904,"posy":1.0214750184758683,"posz":0.1685854513961758,"roty":357.5860982523638,"rotx":27.807220943296425},"neck_1":{"posx":-0.07403584903280622,"posy":0.8758094862041491,"posz":0.4233087540417949,"roty":10.833653645954143,"rotx":50.110012377355176},"neck_0":{"posx":-0.11473352580755716,"posy":0.6564353407985779,"posz":0.573482087791422,"roty":19.439451891863712,"rotx":58.20198913535983},"pos_head":{"posx":-0.07599653307685232,"posy":0.5973788068760586,"posz":0.9638001486872843,"roty":358.34281158976273,"rotx":19.054202362815605},"head_0":{"posx":-0.05666094703439633,"posy":0.3559465468863323,"posz":0.8467432325955897,"roty":358.34281158976273,"rotx":19.054202362815605},"arm_right_0":{"posx":-0.4401874273857639,"posy":0.3780435235521195,"posz":0.2780648679756617,"roty":346.1722397035036,"rotx":3.8568601521227563},"arm_left_0":{"posx":0.14988045372076855,"posy":0.26347370362536604,"posz":0.49715200917305435,"roty":1.6509553245515463,"rotx":-33.08184634348088},"pos_wing_r_0":{"posx":-0.16897684294762283,"posy":1.84575254128009,"posz":1.143545298694212,"roty":311.91314825046027,"rotx":-21.02628564172903},"pos_wing_r_1":{"posx":-0.603107579131352,"posy":1.6215049091315394,"posz":0.7538422022523931,"roty":311.91314825046027,"rotx":-21.02628564172903},"pos_wing_r_2":{"posx":-1.037238315315081,"posy":1.397257276982989,"posz":0.364139105810574,"roty":311.91314825046027,"rotx":-21.02628564172903},"pos_wing_r_3":{"posx":-1.4713690514988103,"posy":1.1730096448344385,"posz":-0.025563990631244926,"roty":311.91314825046027,"rotx":-21.02628564172903},"pos_wing_r_4":{"posx":-1.9054997876825395,"posy":0.948762012685888,"posz":-0.41526708707306415,"roty":311.91314825046027,"rotx":-21.02628564172903},"pos_wing_r_5":{"posx":-2.3396305238662687,"posy":0.7245143805373374,"posz":-0.8049701835148833,"roty":311.91314825046027,"rotx":-21.02628564172903},"finger_right_0":{"posx":-0.5742746774568795,"posy":1.3962636061561216,"posz":0.7674112310138295,"roty":311.91314825046027,"rotx":-21.02628564172903},"finger_right_1":{"posx":-1.0772315573632638,"posy":1.1925497025715723,"posz":0.5014599532608442,"roty":311.91314825046027,"rotx":-21.02628564172903},"finger_right_2":{"posx":-1.540853735025999,"posy":0.9644012714073684,"posz":0.12277324482657838,"roty":311.91314825046027,"rotx":-21.02628564172903},"finger_right_3":{"posx":-2.038399429538358,"posy":0.719559218115451,"posz":-0.28362174594005907,"roty":311.91314825046027,"rotx":-21.02628564172903},"pos_wing_l_0":{"posx":0.4127364450708064,"posy":1.868407061962009,"posz":1.0537230854907111,"roty":50.8701173334687,"rotx":-23.72633423147841},"pos_wing_l_1":{"posx":0.8565814433647168,"posy":1.6169266931167425,"posz":0.6926355039056783,"roty":50.8701173334687,"rotx":-23.72633423147841},"pos_wing_l_2":{"posx":1.300426441658627,"posy":1.3654463242714763,"posz":0.3315479223206456,"roty":50.8701173334687,"rotx":-23.72633423147841},"pos_wing_l_3":{"posx":1.7442714399525372,"posy":1.11396595542621,"posz":-0.029539659264387064,"roty":50.8701173334687,"rotx":-23.72633423147841},"pos_wing_l_4":{"posx":2.1881164382464475,"posy":0.8624855865809435,"posz":-0.3906272408494198,"roty":50.8701173334687,"rotx":-23.72633423147841},"pos_wing_l_5":{"posx":2.631961436540358,"posy":0.6110052177356772,"posz":-0.7517148224344525,"roty":50.8701173334687,"rotx":-23.72633423147841},"finger_left_0":{"posx":0.8270446489395664,"posy":1.3932292125835373,"posz":0.7215511450838562,"roty":50.8701173334687,"rotx":-23.72633423147841},"finger_left_1":{"posx":1.3364790898067225,"posy":1.1711218198937334,"posz":0.48419083612683855,"roty":50.8701173334687,"rotx":-23.72633423147841},"finger_left_2":{"posx":1.8095102274000814,"posy":0.9165491562336431,"posz":0.13514190661645803,"roty":50.8701173334687,"rotx":-23.72633423147841},"finger_left_3":{"posx":2.31715332946356,"posy":0.6433494255084512,"posz":-0.2394467020828116,"roty":50.8701173334687,"rotx":-23.72633423147841},"leg_right_0":{"posx":-0.3896160064107774,"posy":0.9666140964501366,"posz":-0.28519578299415305,"roty":356.968960940982,"rotx":5.332917777409513},"leg_left_0":{"posx":0.1619356772685706,"posy":0.8786296105113144,"posz":-0.24020355323562262,"roty":355.7954431618405,"rotx":-7.131584904354238},"tail_0":{"posx":-0.1360849190060376,"posy":1.355590299905132,"posz":-0.6548718506772997,"roty":357.2089333083672,"rotx":35.770399129651786},"tail_1":{"posx":-0.14938107106130113,"posy":1.6997169373610181,"posz":-0.9852493269734908,"roty":358.6571343065892,"rotx":57.859545926034905},"tail_2":{"posx":-0.015088578664578717,"posy":2.146198954296543,"posz":-1.162394884605254,"roty":43.215788245069604,"rotx":74.29251254359805},"tail_3":{"posx":0.1270366505505231,"posy":2.6358067927008233,"posz":-1.1457817346487789,"roty":156.3680960497273,"rotx":76.1249826549029},"tail_4":{"posx":0.16909262882077172,"posy":3.0605410396269317,"posz":-1.0496653251244736,"roty":156.3680960497273,"rotx":76.1249826549029},"shadow":{"posx":-0.05273437500000002,"posy":1.0498356856401596,"posz":0.019546650189969043,"roty":0,"rotx":-14.145000000000023}},"cameras":{}}