# This file was generated by Animated Java via MC-Build. It is not recommended to edit this file directly.
$data merge entity $(bone_head_lower) { transformation: [-0.9875907053953701f,0.028506766404382818f,-0.15444080706160945f,-0.03417456850283977f,0.04917440085397436f,0.9900686043469415f,-0.13170435447300682f,0.2208858248731362f,0.14915252903430096f,-0.13766453049229763f,-0.9791843545150253f,0.9422412695241961f,0f,0f,0f,1f], start_interpolation: 0, interpolation_duration: 1 }
$data merge entity $(bone_head_upper) { transformation: [-0.9875907053953701f,0.048268418871029575f,-0.14944817950167932f,-0.03554293964510719f,0.04917440085397436f,0.9987873938955937f,-0.002370674144682644f,0.23396796866511052f,0.14915252903430096f,-0.009690280436522036f,-0.9887667174555044f,0.9262697186566772f,0f,0f,0f,1f], start_interpolation: 0, interpolation_duration: 1 }
$data merge entity $(bone_neck_0) { transformation: [-0.9809140352316702f,0.18543095839910706f,-0.05850653940125282f,-0.049676942744935615f,0.16870558032474242f,0.9612416873647156f,0.218066149687487f,0.2585920683974655f,0.09667513978688438f,0.2040337671549055f,-0.9741786998327174f,0.7398816762946685f,0f,0f,0f,1f], start_interpolation: 0, interpolation_duration: 1 }
$data merge entity $(bone_neck_1) { transformation: [-0.9835149679313233f,0.16633171028567173f,0.07093708486039868f,-0.035975141113101995f,0.17555947898791074f,0.7843304485211617f,0.5949828710644417f,0.368650756170377f,0.04332640294948774f,0.597628237013644f,-0.8006018443217715f,0.6049542765336777f,0f,0f,0f,1f], start_interpolation: 0, interpolation_duration: 1 }
$data merge entity $(bone_neck_2) { transformation: [-0.9835149679313233f,0.14950637080652282f,0.1017160407374891f,0.00836987665515472f,0.17555947898791074f,0.6547000401223336f,0.7352188291939399f,0.6284924165740187f,0.04332640294948774f,0.7409559383337696f,-0.6701545495297196f,0.5587081620364276f,0f,0f,0f,1f], start_interpolation: 0, interpolation_duration: 1 }
$data merge entity $(bone_arm_right_2) { transformation: [-0.8733799191796932f,0.17482961305998343f,-0.4545790615184216f,-0.3849296004218527f,0.025844223740584094f,0.9486726289510649f,0.3152020291468973f,0.04444453321996744f,0.48635336214826264f,0.26354287976792573f,-0.83306995963767f,0.389647646352228f,0f,0f,0f,1f], start_interpolation: 0, interpolation_duration: 1 }
$data merge entity $(bone_arm_right_1) { transformation: [-0.8202832988973415f,-0.36440254436812114f,-0.4408470201874275f,-0.3781646593324576f,-0.24338359504854024f,0.9198907559827947f,-0.3075149146279739f,0.36687702864922994f,0.5175903159945544f,-0.14495441599151626f,-0.8432606252358849f,0.2662166722128839f,0f,0f,0f,1f], start_interpolation: 0, interpolation_duration: 1 }
$data merge entity $(bone_arm_right_0) { transformation: [-0.7797053088033055f,0.5989251644589016f,-0.18261511109932824f,-0.17327909909864914f,0.25816280579566575f,0.5732054683995653f,0.7776808192957726f,0.5571343844155202f,0.570448592887783f,0.5592174338973281f,-0.6015515476645669f,0.4235388872949436f,0f,0f,0f,1f], start_interpolation: 0, interpolation_duration: 1 }
$data merge entity $(bone_arm_left_2) { transformation: [-0.9351460938120897f,-0.1047998171155417f,0.3384062374728629f,0.3218131104465766f,-0.013377249719577697f,0.9650068955359982f,0.2618830669553008f,0.011734803316010955f,-0.35400965017627806f,0.24037198235344226f,-0.9038243621863404f,0.46672888392313716f,0f,0f,0f,1f], start_interpolation: 0, interpolation_duration: 1 }
$data merge entity $(bone_arm_left_1) { transformation: [-0.8792479207482828f,0.4360545234207741f,0.19177994280972976f,0.32819867239366934f,0.2526477393486627f,0.7681671314772804f,-0.5882927654832891f,0.2876479950685934f,-0.40384677002773184f,-0.46880242183914483f,-0.7855775427135886f,0.25918414385682204f,0f,0f,0f,1f], start_interpolation: 0, interpolation_duration: 1 }
$data merge entity $(bone_arm_left_0) { transformation: [-0.8160813785638055f,-0.5448017679567458f,0.1928787629382851f,0.1400222095740789f,-0.26294931365597174f,0.6472052415039072f,0.7155298972214386f,0.5004777971714933f,-0.5146540993805959f,0.5332132865946546f,-0.6714273966630152f,0.4082456336902994f,0f,0f,0f,1f], start_interpolation: 0, interpolation_duration: 1 }
$data merge entity $(bone_finger_right_1_fire) { transformation: [-1.178870815182966f,-0.19757036597903224f,-1.1614677478839173f,-1.3970883980972284f,-0.18168358890638991f,1.6538965188094945f,-0.09692861481371856f,0.9992836668404994f,1.1640586121023808f,0.05805198820474057f,-1.1913753783059027f,-0.26301879516126486f,0f,0f,0f,1f], start_interpolation: 0, interpolation_duration: 1 }
$data merge entity $(bone_finger_right_1_fire_s) { transformation: [-0.000007073224891097796f,-0.0000011854221958741935f,-0.000006968806487303503f,-1.3970883980972284f,-0.0000010901015334383394f,0.000009923379112856967f,-5.815716888823114e-7f,0.9992836668404994f,0.000006984351672614286f,3.4831192922844345e-7f,-0.000007148252269835416f,-0.26301879516126486f,0f,0f,0f,1f], start_interpolation: 0, interpolation_duration: 1 }
$data merge entity $(bone_finger_right_1) { transformation: [-1.4062325560824136f,-0.23567457704321232f,-1.385473063611801f,-0.6694005604841672f,-0.2167238125972319f,1.9728736170131689f,-0.11562265518115158f,1.025448587526606f,1.3885636122668945f,0.06924812685785965f,-1.4211487992674923f,0.47688304374223583f,0f,0f,0f,1f], start_interpolation: 0, interpolation_duration: 1 }
$data merge entity $(bone_finger_right_2_fire) { transformation: [1.2780151164462925f,-0.20299387710736339f,-1.050356427965987f,-1.0107826518317713f,-0.9958840868274353f,-0.823423515427597f,-1.0525998183652328f,0.5190947866220242f,-0.39073011851715683f,1.4347630389285735f,-0.7527036431330658f,0.33182928771100517f,0f,0f,0f,1f], start_interpolation: 0, interpolation_duration: 1 }
$data merge entity $(bone_finger_right_2_fire_s) { transformation: [0.000007668090698677755f,-0.0000012179632626441804f,-0.000006302138567795922f,-1.0107826518317713f,-0.000005975304520964612f,-0.000004940541092565582f,-0.000006315598910191396f,0.5190947866220242f,-0.000002344380711102941f,0.000008608578233571442f,-0.000004516221858798395f,0.33182928771100517f,0f,0f,0f,1f], start_interpolation: 0, interpolation_duration: 1 }
$data merge entity $(bone_finger_right_2) { transformation: [0.9526369408519738f,-0.15131234647439853f,-0.7829393576533445f,-0.6731717468653059f,-0.7423354839154741f,-0.6137827703820347f,-0.7846115887088085f,0.8575241110496532f,-0.29125159789810345f,1.0694773908879949f,-0.5610679300541381f,0.5748466718619297f,0f,0f,0f,1f], start_interpolation: 0, interpolation_duration: 1 }
$data merge entity $(bone_finger_film_right) { transformation: [0.08662534194429501f,-0.2588186839748404f,-0.8217117599265091f,-0.757127326946158f,-0.9999428432926745f,0.14050896064293764f,-0.30776491778204096f,0.9236818005750267f,0.4769460197883472f,0.3415925070233095f,-0.49600217834799804f,0.5372933784599405f,0f,0f,0f,1f], start_interpolation: 0, interpolation_duration: 1 }
$data merge entity $(bone_finger_right_0_fire) { transformation: [0.04090190808634734f,-1.02821331455719f,-1.3110614750880263f,-1.3219848391122808f,-1.460768912382081f,0.6086695275526349f,-0.5229276896710496f,0.717364006869023f,0.8014106290228158f,1.1619279511974683f,-0.8862517800789376f,0.17595433213494244f,0f,0f,0f,1f], start_interpolation: 0, interpolation_duration: 1 }
$data merge entity $(bone_finger_right_0_fire_s) { transformation: [2.4541144851808403e-7f,-0.000006169279887343139f,-0.000007866368850528158f,-1.3219848391122808f,-0.000008764613474292487f,0.0000036520171653158097f,-0.000003137566138026298f,0.717364006869023f,0.000004808463774136895f,0.00000697156770718481f,-0.000005317510680473625f,0.17595433213494244f,0f,0f,0f,1f], start_interpolation: 0, interpolation_duration: 1 }
$data merge entity $(bone_fire_large_right) { transformation: [6.544305293815574e-7f,-0.000016451413032915035f,-0.000020976983601408422f,-1.259791886576349f,-0.000023372302598113297f,0.000009738712440842158f,-0.000008366843034736794f,0.6744772216972276f,0.000012822570064365052f,0.000018590847219159492f,-0.000014180028481263f,0.09747704178185063f,0f,0f,0f,1f], start_interpolation: 0, interpolation_duration: 1 }
$data merge entity $(bone_finger_right_0) { transformation: [0.03589305019661622f,-0.9022980550031877f,-1.1505085590833777f,-0.7255720429711435f,-1.2818827861795434f,0.5341317050411574f,-0.45888983406201045f,0.9123570508337244f,0.7032696830400246f,1.0196379638118385f,-0.7777211655275258f,0.4992963505719408f,0f,0f,0f,1f], start_interpolation: 0, interpolation_duration: 1 }
$data merge entity $(bone_wing_right_1_model) { transformation: [-0.5990137636843565f,-0.7792340892880117f,-0.2548604089497324f,-0.34008211167062347f,0.06378147490087227f,-0.35897456757915985f,0.9476530305616422f,1.0668125068031364f,-0.8173686545360125f,0.5430548563125811f,0.26072397024276533f,0.21146847079328432f,0f,0f,0f,1f], start_interpolation: 0, interpolation_duration: 1 }
$data merge entity $(bone_wing_right_0) { transformation: [-0.6688757045423491f,-0.5734102233011711f,-0.4730813964707101f,-0.13498486145524796f,-0.7091118532311844f,0.30118574449215774f,0.637532373234285f,0.8194780434587776f,-0.2230822078965765f,0.76189754109618f,-0.6080678131521047f,0.5510364921838302f,0f,0f,0f,1f], start_interpolation: 0, interpolation_duration: 1 }
$data merge entity $(bone_finger_left_1_fire) { transformation: [-0.6918709172562909f,0.13343392786964162f,1.5103932595605685f,1.706056118823326f,-0.2599338765902457f,1.6251862372636054f,-0.2626439639274198f,0.9332410275111102f,-1.493829572418984f,-0.3445908572205884f,-0.6538410567288307f,0.032662918682788866f,0f,0f,0f,1f], start_interpolation: 0, interpolation_duration: 1 }
$data merge entity $(bone_finger_left_1_fire_s) { transformation: [-0.000004151225503537746f,8.006035672178497e-7f,0.000009062359557363411f,1.706056118823326f,-0.0000015596032595414742f,0.000009751117423581633f,-0.0000015758637835645187f,0.9332410275111102f,-0.000008962977434513905f,-0.0000020675451433235307f,-0.0000039230463403729845f,0.032662918682788866f,0f,0f,0f,1f], start_interpolation: 0, interpolation_duration: 1 }
$data merge entity $(bone_finger_left_1) { transformation: [-0.8253079098420082f,0.15916852893429217f,1.801693745172458f,0.7627141675182322f,-0.3100657637649468f,1.9386261557272133f,-0.3132985293863177f,1.0629528575393477f,-1.781935519073999f,-0.41105002830758f,-0.77994345829378f,0.4461235907616334f,0f,0f,0f,1f], start_interpolation: 0, interpolation_duration: 1 }
$data merge entity $(bone_finger_left_2_fire) { transformation: [1.0373301009572964f,-0.3044787723994243f,1.26847022692054f,1.1426659530776955f,1.2040615322619392f,-0.4001218730969604f,-1.080701666036556f,0.5795157110579796f,0.5019560398607977f,1.5890163440334077f,-0.02906837146704473f,0.5722253836683028f,0f,0f,0f,1f], start_interpolation: 0, interpolation_duration: 1 }
$data merge entity $(bone_finger_left_2_fire_s) { transformation: [0.000006223980605743778f,-0.0000018268726343965458f,0.000007610821361523239f,1.1426659530776955f,0.000007224369193571636f,-0.0000024007312385817623f,-0.000006484209996219336f,0.5795157110579796f,0.0000030117362391647866f,0.000009534098064200446f,-1.7441022880226839e-7f,0.5722253836683028f,0f,0f,0f,1f], start_interpolation: 0, interpolation_duration: 1 }
$data merge entity $(bone_finger_left_2) { transformation: [0.7732294879089219f,-0.22695954262223422f,0.9455221467923646f,0.7345626776954381f,0.8975116803634122f,-0.2982522446330301f,-0.8055588043194798f,0.9272496293134886f,0.3741597889583781f,1.184458344399706f,-0.02166766583083527f,0.5825121956778476f,0f,0f,0f,1f], start_interpolation: 0, interpolation_duration: 1 }
$data merge entity $(bone_finger_film_left) { transformation: [0.23180791144302967f,0.11801407800047771f,0.9498313654729102f,0.8251418183745053f,0.8479267030476187f,0.2521968715156501f,-0.3267516929539451f,0.9908978702132338f,-0.6798180226813393f,0.3548023892835455f,-0.08367395210258181f,0.5584300475262859f,0f,0f,0f,1f], start_interpolation: 0, interpolation_duration: 1 }
$data merge entity $(bone_finger_left_0_fire) { transformation: [0.2957519691243471f,0.5371855256361067f,1.5497549037134588f,1.4852098980063067f,1.2020080119086063f,1.0004839714266993f,-0.5761825578786258f,0.7661097229320001f,-1.116013122612977f,1.2199349620955606f,-0.2098837206414858f,0.4811166169832665f,0f,0f,0f,1f], start_interpolation: 0, interpolation_duration: 1 }
$data merge entity $(bone_finger_left_0_fire_s) { transformation: [0.0000017745118147460827f,0.00000322311315381664f,0.000009298529422280753f,1.4852098980063067f,0.000007212048071451638f,0.000006002903828560196f,-0.000003457095347271755f,0.7661097229320001f,-0.0000066960787356778624f,0.000007319609772573364f,-0.0000012593023238489149f,0.4811166169832665f,0f,0f,0f,1f], start_interpolation: 0, interpolation_duration: 1 }
$data merge entity $(bone_fire_large_left) { transformation: [0.000004732031505989554f,0.000008594968410177706f,0.00002479607845941534f,1.455740174723334f,0.0000192321281905377f,0.000016007743542827187f,-0.000009218920926058013f,0.6976729872452246f,-0.00001785620996180763f,0.000019518959393528968f,-0.000003358139530263773f,0.40165673146336833f,0f,0f,0f,1f], start_interpolation: 0, interpolation_duration: 1 }
$data merge entity $(bone_finger_left_0) { transformation: [0.2595341090473873f,0.4714016518703276f,1.3599715307659828f,0.8093499685054345f,1.0548098102682755f,0.8779644541647929f,-0.5056230977951698f,0.9666554350735329f,-0.9793458766145112f,1.0705414216535978f,-0.1841813077407993f,0.5168285830330919f,0f,0f,0f,1f], start_interpolation: 0, interpolation_duration: 1 }
$data merge entity $(bone_wing_left_1_model) { transformation: [-0.6567192174008344f,0.7724428400124039f,0.055036455662113466f,0.43324589359260063f,0.03193187160145726f,-0.045089834201401384f,1.01386603921305f,0.962141283988175f,0.7737424042369034f,0.6574770329122546f,0.004870946564479481f,0.17944273468640262f,0f,0f,0f,1f], start_interpolation: 0, interpolation_duration: 1 }
$data merge entity $(bone_wing_left_0) { transformation: [-0.7758067670948222f,0.4051375969885859f,0.48372242829560286f,0.20801618264707172f,0.6305557423337687f,0.5256020206268028f,0.5710884097256147f,0.757450633926712f,-0.022876099750404f,0.7480682077319792f,-0.6632274426174429f,0.5342934981110092f,0f,0f,0f,1f], start_interpolation: 0, interpolation_duration: 1 }
$data merge entity $(bone_body_0) { transformation: [-0.9829060664242448f,0.1788939055698445f,0.04350442662977767f,0.0006386632444003067f,0.17774615605969243f,0.8604895308120019f,0.47745583185143337f,0.7198393423639649f,0.04797883483809936f,0.47702697818143186f,-0.877578083987214f,0.06191365734044524f,0f,0f,0f,1f], start_interpolation: 0, interpolation_duration: 1 }
$data merge entity $(bone_leg_right_3) { transformation: [-0.997362974098535f,-0.03315854551328243f,0.06455701942289871f,-0.3164476377039558f,0.022664881406205904f,0.702725767255702f,0.7110997111416426f,0.19492181017403962f,-0.06894491314206985f,0.7106876999739957f,-0.7001211267041609f,-0.4955720413710515f,0f,0f,0f,1f], start_interpolation: 0, interpolation_duration: 1 }
$data merge entity $(bone_leg_right_2) { transformation: [-0.9035804491452399f,0.37598332809391544f,0.20537504453538058f,-0.24792325751822858f,0.41589899390750934f,0.8848581748841448f,0.20989053625026036f,0.34222595510133985f,-0.10281244471953732f,0.27506825941232005f,-0.955911634971909f,-0.4411393755267769f,0f,0f,0f,1f], start_interpolation: 0, interpolation_duration: 1 }
$data merge entity $(bone_leg_right_1) { transformation: [-0.9374470485821382f,0.3476458284770375f,0.018314176125402704f,-0.2632365108602948f,0.33704125698003606f,0.9195065997871175f,-0.2022641936706817f,0.3952936985459466f,-0.08715630899685554f,-0.18343933844856714f,-0.9791597351359973f,-0.12485265546421197f,0f,0f,0f,1f], start_interpolation: 0, interpolation_duration: 1 }
$data merge entity $(bone_leg_right_0) { transformation: [-0.931751103889662f,0.35241010042790955f,-0.08744713555507144f,-0.11227155130561471f,0.3472926643870743f,0.7946801216106101f,-0.4978667588621206f,0.6985459239160485f,-0.10596077417291405f,-0.4942576508596874f,-0.8628335232843818f,-0.22637720044426393f,0f,0f,0f,1f], start_interpolation: 0, interpolation_duration: 1 }
$data merge entity $(bone_leg_left_3) { transformation: [-0.9963879270117665f,0.04445029882535992f,-0.0723551645670889f,0.22990394670620662f,-0.01285699219752109f,0.7632685417907835f,0.6459534277826875f,0.17470163804308714f,0.08393924384236023f,0.6445504666408264f,-0.7599400629630375f,-0.49639767541118796f,0f,0f,0f,1f], start_interpolation: 0, interpolation_duration: 1 }
$data merge entity $(bone_leg_left_2) { transformation: [-0.8980248046608367f,-0.38307736472269743f,-0.2163404327696962f,0.16027785840532743f,-0.38431510576330274f,0.9224173464490194f,-0.038054414357482f,0.3303748026916683f,0.2141339526931855f,0.048969088280904155f,-0.9755760752995787f,-0.4798118218085083f,0f,0f,0f,1f], start_interpolation: 0, interpolation_duration: 1 }
$data merge entity $(bone_leg_left_1) { transformation: [-0.9304833880180715f,-0.3317946957200081f,-0.1552834328396889f,0.21925529690248502f,-0.30390887502325614f,0.9358269827182396f,-0.1785140165325248f,0.37543333721405836f,0.20454843021766206f,-0.11891231352783849f,-0.9716068141933479f,-0.16743486903323584f,0f,0f,0f,1f], start_interpolation: 0, interpolation_duration: 1 }
$data merge entity $(bone_leg_left_0) { transformation: [-0.9304833880180715f,-0.3637080800604797f,-0.04378466764896783f,0.0744808058836406f,-0.30390887502325614f,0.8331273300508052f,-0.46210198831482596f,0.6902533423438629f,0.20454843021766206f,-0.41667167460860155f,-0.8857452541641719f,-0.23806259417695158f,0f,0f,0f,1f], start_interpolation: 0, interpolation_duration: 1 }
$data merge entity $(bone_tail_3) { transformation: [-2.2562257506027588f,0.39526058360261845f,-0.8471848429954132f,-0.25024304158515126f,-0.9348545409470482f,-0.9532961784919795f,2.044940367878071f,1.2373592964106819f,0.0002728034622062742f,2.213482141774976f,1.031990532154033f,-1.3183821485741805f,0f,0f,0f,1f], start_interpolation: 0, interpolation_duration: 1 }
$data merge entity $(bone_tail_2) { transformation: [-1.1068855805921087f,0.03479041216749429f,-0.3324274374934866f,-0.11427812106103044f,-0.2864817902082258f,0.49364520866964f,1.0055628544932422f,0.8230516010112742f,0.1721817581985971f,1.0449966974487161f,-0.4639497892713355f,-1.133658748998081f,0f,0f,0f,1f], start_interpolation: 0, interpolation_duration: 1 }
$data merge entity $(bone_tail_1) { transformation: [-1.368297280311429f,0.10048850635037981f,-0.19246805725001223f,-0.05714041967236169f,-0.009731113839724317f,1.1984884860992822f,0.6949172572246765f,0.6089772500683649f,0.21690366154945984f,0.6876821570003824f,-1.1829731158515466f,-0.7828201370974743f,0f,0f,0f,1f], start_interpolation: 0, interpolation_duration: 1 }
$data merge entity $(bone_tail_0) { transformation: [-1.19440613031838f,0.057202757467509954f,-0.07159735102477013f,-0.034964201299878324f,0.05303660106386902f,1.1947081166291686f,0.06974220591402792f,0.607338349102104f,0.07473590223743155f,0.06636792053602332f,-1.1937395797736872f,-0.4272436054369759f,0f,0f,0f,1f], start_interpolation: 0, interpolation_duration: 1 }
$data merge entity $(bone_body_1) { transformation: [-1.0178417458365325f,0.028047921153030942f,-0.07288476518366097f,-0.013671874999999967f,0.04519640786312315f,0.9885220808591216f,-0.25076298533608715f,0.6972422300343608f,0.06368798625450688f,-0.25325501814848567f,-0.9868669771726584f,-0.1507568276555341f,0f,0f,0f,1f], start_interpolation: 0, interpolation_duration: 1 }