# This file was generated by Animated Java via MC-Build. It is not recommended to edit this file directly.
$data merge entity $(bone_head_lower) { transformation: [-0.9885304298956332f,0.09121690734951578f,-0.12036222407360449f,-0.0660380499214226f,0.11475513321163187f,0.9718005732840292f,-0.20599734261978384f,0.10563705903378665f,0.0981776378404744f,-0.2174468247145075f,-0.9711220468353309f,0.9127876461887435f,0f,0f,0f,1f], start_interpolation: 0, interpolation_duration: 1 }
$data merge entity $(bone_head_upper) { transformation: [-0.9885304298956332f,0.1061469568575526f,-0.10742631297887678f,-0.06597375939053035f,0.11475513321163187f,0.9903747334021836f,-0.07738957836901737f,0.1173853980504249f,0.0981776378404744f,-0.08882967403089181f,-0.9911964691420313f,0.8957559768645581f,0f,0f,0f,1f], start_interpolation: 0, interpolation_duration: 1 }
$data merge entity $(bone_neck_0) { transformation: [-0.99227544592575f,0.11568337890793483f,-0.04479726841334372f,-0.07634918237919701f,0.11127019173540241f,0.9896237003753149f,0.0909058638737662f,0.11765046406744141f,0.05484873602938152f,0.08521905596703205f,-0.9948514103402913f,0.707503755085877f,0f,0f,0f,1f], start_interpolation: 0, interpolation_duration: 1 }
$data merge entity $(bone_neck_1) { transformation: [-0.9924038807726281f,0.08715571370372371f,0.08682406922174302f,-0.06050608631686692f,0.11876970543281118f,0.862729881378888f,0.491518981166926f,0.21028141780853976f,-0.032067031337976074f,0.4980974135094103f,-0.866527940782295f,0.5602809306166737f,0f,0f,0f,1f], start_interpolation: 0, interpolation_duration: 1 }
$data merge entity $(bone_neck_2) { transformation: [-0.9924038807726281f,0.057013380362262264f,0.1090138151203575f,-0.02768638263722557f,0.11876970543281118f,0.6749975035847263f,0.728197862689661f,0.47142454717164745f,-0.032067031337976074f,0.7356139236135049f,-0.6766416044606728f,0.5118040781496979f,0f,0f,0f,1f], start_interpolation: 0, interpolation_duration: 1 }
$data merge entity $(bone_arm_right_2) { transformation: [-0.8827930946765906f,-0.055627974344646974f,-0.46645672946334427f,-0.37340982003519846f,-0.10911939628182513f,0.9900865410481634f,0.08843980207109037f,0.06284828274801946f,0.4569128027823448f,0.12897352327355793f,-0.8801116525464183f,0.3405117760637704f,0f,0f,0f,1f], start_interpolation: 0, interpolation_duration: 1 }
$data merge entity $(bone_arm_right_1) { transformation: [-0.7675373420004648f,-0.5683377322636655f,-0.29644333475430984f,-0.4377988386819065f,-0.3461217505334637f,0.7567144011202009f,-0.5546017029769621f,0.34907936213581303f,0.5395240147041761f,-0.3230720310127294f,-0.7775206108745916f,0.15838679868866032f,0f,0f,0f,1f], start_interpolation: 0, interpolation_duration: 1 }
$data merge entity $(bone_arm_right_0) { transformation: [-0.694543742817584f,0.7178433928292435f,0.04806092679445866f,-0.19299935327903564f,0.16538838948402207f,0.09429292627226982f,0.9817105096100855f,0.3913902434884595f,0.7001825975678224f,0.6897896109875916f,-0.18421352457613932f,0.36138737711020086f,0f,0f,0f,1f], start_interpolation: 0, interpolation_duration: 1 }
$data merge entity $(bone_arm_left_2) { transformation: [-0.9710152251403678f,-0.00415284051328646f,0.23898156092316405f,0.3540704005984417f,-0.010952257860967797f,0.9995718938734085f,-0.027130739504741874f,0.04411325651300063f,-0.23876658181861984f,-0.028961748807668553f,-0.9706450105536285f,0.4464046619133222f,0f,0f,0f,1f], start_interpolation: 0, interpolation_duration: 1 }
$data merge entity $(bone_arm_left_1) { transformation: [-0.8905580446039264f,0.43682472259941674f,0.12684845650292093f,0.3588968240094368f,0.18566301301396815f,0.6036571019506937f,-0.7753240283024025f,0.25842213976559403f,-0.4152536752273313f,-0.6669199839489233f,-0.6186938824812815f,0.17567953912314613f,0f,0f,0f,1f], start_interpolation: 0, interpolation_duration: 1 }
$data merge entity $(bone_arm_left_0) { transformation: [-0.7250686732743127f,-0.6869251905893234f,-0.049083618143427696f,0.12332938371723953f,-0.3202839381602681f,0.2732557964205611f,0.9070553834684596f,0.35353239988175095f,-0.6096668089971584f,0.6733981379959308f,-0.41814032303861304f,0.3716087433491808f,0f,0f,0f,1f], start_interpolation: 0, interpolation_duration: 1 }
$data merge entity $(bone_finger_right_1_fire) { transformation: [-1.2041587607458035f,-0.211510686580732f,-1.13271474174174f,-1.3776012353816207f,-0.3557914583533794f,1.6265418830921305f,0.07450985497004922f,0.9718337236849837f,1.0959890030742478f,0.2956391546920496f,-1.2203210123287493f,-0.36006887434406026f,0f,0f,0f,1f], start_interpolation: 0, interpolation_duration: 1 }
$data merge entity $(bone_finger_right_1_fire_s) { transformation: [-0.000007224952564474821f,-0.000001269064119484392f,-0.00000679628845045044f,-1.3776012353816207f,-0.0000021347487501202762f,0.000009759251298552784f,4.470591298202953e-7f,0.9718337236849837f,0.000006575934018445486f,0.0000017738349281522977f,-0.0000073219260739724965f,-0.36006887434406026f,0f,0f,0f,1f], start_interpolation: 0, interpolation_duration: 1 }
$data merge entity $(bone_finger_right_1) { transformation: [-1.436397635978282f,-0.25230348363743826f,-1.351174637693019f,-0.6675119798513173f,-0.4244108221772455f,1.9402432568328112f,0.08888012363899278f,0.8919237833877711f,1.3073658261631593f,0.35265730462257705f,-1.4556770040505211f,0.39296271458125204f,0f,0f,0f,1f], start_interpolation: 0, interpolation_duration: 1 }
$data merge entity $(bone_finger_right_2_fire) { transformation: [1.306621098218584f,-0.2330466537505499f,-1.0080715949988428f,-0.994635534636569f,-0.8964831813966112f,-1.0657160250836362f,-0.9156118375876978f,0.4117935566528067f,-0.5165626670026099f,1.2600461851985354f,-0.9608456691912319f,0.15190501689757663f,0f,0f,0f,1f], start_interpolation: 0, interpolation_duration: 1 }
$data merge entity $(bone_finger_right_2_fire_s) { transformation: [0.000007839726589311504f,-0.0000013982799225032994f,-0.000006048429569993058f,-0.994635534636569f,-0.000005378899088379668f,-0.000006394296150501818f,-0.000005493671025526187f,0.4117935566528067f,-0.0000030993760020156594f,0.000007560277111191212f,-0.000005765074015147392f,0.15190501689757663f,0f,0f,0f,1f], start_interpolation: 0, interpolation_duration: 1 }
$data merge entity $(bone_finger_right_2) { transformation: [0.9739599397859761f,-0.173713791368948f,-0.7514200951627199f,-0.6706511975317766f,-0.6682417011041688f,-0.7943884551034301f,-0.6825002683793014f,0.7059997065357805f,-0.38504761995307984f,0.9392428366086363f,-0.7162177247749864f,0.4618241522638533f,0f,0f,0f,1f], start_interpolation: 0, interpolation_duration: 1 }
$data merge entity $(bone_finger_film_right) { transformation: [0.10483472547311563f,-0.26826468462665964f,-0.7992372043627036f,-0.755780143519463f,-1.0721668166262581f,0.07122590495894361f,-0.23494331852701913f,0.7791472692021236f,0.2980987537795749f,0.35051976911445293f,-0.5639427031277217f,0.43429084932991346f,0f,0f,0f,1f], start_interpolation: 0, interpolation_duration: 1 }
$data merge entity $(bone_finger_right_0_fire) { transformation: [0.05374895417467617f,-1.0672715077226351f,-1.2789919298050165f,-1.306702809301891f,-1.5738819235896133f,0.38666417360753735f,-0.3887985149457684f,0.6265358930599131f,0.5456963609011544f,1.2203278753800677f,-0.9953859231712008f,0.02768587931627875f,0f,0f,0f,1f], start_interpolation: 0, interpolation_duration: 1 }
$data merge entity $(bone_finger_right_0_fire_s) { transformation: [3.2249372504805703e-7f,-0.000006403629046335811f,-0.000007673951578830099f,-1.306702809301891f,-0.00000944329154153768f,0.000002319985041645224f,-0.00000233279108967461f,0.6265358930599131f,0.0000032741781654069267f,0.000007321967252280407f,-0.000005972315539027205f,0.02768587931627875f,0f,0f,0f,1f], start_interpolation: 0, interpolation_duration: 1 }
$data merge entity $(bone_fire_large_right) { transformation: [8.599832667948188e-7f,-0.000017076344123562163f,-0.000020463870876880264f,-1.2418303541916065f,-0.000025182110777433813f,0.0000061866267777205974f,-0.0000062207762391322935f,0.5985443004735049f,0.00000873114177441847f,0.000019525246006081083f,-0.00001592617477073921f,-0.0552234693792244f,0f,0f,0f,1f], start_interpolation: 0, interpolation_duration: 1 }
$data merge entity $(bone_finger_right_0) { transformation: [0.047166843809206785f,-0.9365731720690442f,-1.1223662583331118f,-0.7221379541282862f,-1.3811439497563485f,0.3393131822415149f,-0.34118615160588084f,0.774563889804145f,0.4788702481211088f,1.0708862186790558f,-0.8734907141731747f,0.39463575839811454f,0f,0f,0f,1f], start_interpolation: 0, interpolation_duration: 1 }
$data merge entity $(bone_wing_right_1_model) { transformation: [-0.5341173094639329f,-0.8235275279689787f,-0.25980414440526656f,-0.3136223473290396f,0.09905487407967194f,-0.36189751647703294f,0.943501670655996f,0.931065520459046f,-0.8578367645968024f,0.4709667517849839f,0.2707092297300397f,0.14179964152697674f,0f,0f,0f,1f], start_interpolation: 0, interpolation_duration: 1 }
$data merge entity $(bone_wing_right_0) { transformation: [-0.684715743035677f,-0.6519632421620646f,-0.3257426624018258f,-0.18111463028047095f,-0.6383505533652871f,0.3208259388674727f,0.6996994268741656f,0.6537116606654436f,-0.35167161138956365f,0.6870332217726691f,-0.6358556675247409f,0.49402413965664926f,0f,0f,0f,1f], start_interpolation: 0, interpolation_duration: 1 }
$data merge entity $(bone_finger_left_1_fire) { transformation: [-0.6174226271818997f,-0.1028189508022164f,1.544666740943661f,1.5921784385819926f,-0.2393057027662406f,1.6493364803989494f,0.014132686458673133f,0.9481102481983229f,-1.5294769883346186f,-0.2165530317472253f,-0.6257656944685669f,0.011862742322807984f,0f,0f,0f,1f], start_interpolation: 0, interpolation_duration: 1 }
$data merge entity $(bone_finger_left_1_fire_s) { transformation: [-0.000003704535763091398f,-6.169137048132984e-7f,0.000009268000445661967f,1.5921784385819926f,-0.0000014358342165974438f,0.000009896018882393697f,8.47961187520388e-8f,0.9481102481983229f,-0.000009176861930007712f,-0.0000012993181904833518f,-0.0000037545941668114015f,0.011862742322807984f,0f,0f,0f,1f], start_interpolation: 0, interpolation_duration: 1 }
$data merge entity $(bone_finger_left_1) { transformation: [-0.7365012247507096f,-0.12264902492973505f,1.8425773472690192f,0.6324298507077202f,-0.28545915782454884f,1.9674341113546125f,0.01685837289983867f,0.9050324895744197f,-1.8244580382127864f,-0.25831831566212216f,-0.7464533693665526f,0.4051767111601051f,0f,0f,0f,1f], start_interpolation: 0, interpolation_duration: 1 }
$data merge entity $(bone_finger_left_2_fire) { transformation: [0.8444262904208132f,-0.2502661182719216f,1.4149519030232187f,1.0779507655977114f,1.282078951289147f,-0.6098591674731794f,-0.872996641624708f,0.46919221145543605f,0.6488417222137025f,1.5307568205537423f,-0.11647211520673872f,0.49001794345439786f,0f,0f,0f,1f], start_interpolation: 0, interpolation_duration: 1 }
$data merge entity $(bone_finger_left_2_fire_s) { transformation: [0.000005066557742524879f,-0.0000015015967096315295f,0.000008489711418139313f,1.0779507655977114f,0.000007692473707734882f,-0.0000036591550048390762f,-0.000005237979849748248f,0.46919221145543605f,0.000003893050333282215f,0.000009184540923322455f,-6.988326912404324e-7f,0.49001794345439786f,0f,0f,0f,1f], start_interpolation: 0, interpolation_duration: 1 }
$data merge entity $(bone_finger_left_2) { transformation: [0.6294383123716905f,-0.18654924049130428f,1.0547101008451676f,0.622708991916127f,0.9556661375672595f,-0.454591157941594f,-0.650734752155303f,0.749999774592425f,0.48364889068412154f,1.1410314916896314f,-0.08681872232750626f,0.5284239295071756f,0f,0f,0f,1f], start_interpolation: 0, interpolation_duration: 1 }
$data merge entity $(bone_finger_film_left) { transformation: [0.1212860901061672f,0.07539803659462166f,0.9855530756296741f,0.7035684723872043f,0.9490393071942668f,0.2221475723699872f,-0.18063924484845995f,0.831180586818674f,-0.5779350716918193f,0.3806163045153328f,-0.08980224109936409f,0.5133572018038193f,0f,0f,0f,1f], start_interpolation: 0, interpolation_duration: 1 }
$data merge entity $(bone_finger_left_0_fire) { transformation: [0.13715105685999085f,0.3675339890578572f,1.619841391083456f,1.3899771756367723f,1.3410828026330177f,0.9344904352294163f,-0.3255799759267825f,0.7106852800817474f,-0.9800327963195595f,1.3301970422195852f,-0.2188362967748017f,0.43299806667752666f,0f,0f,0f,1f], start_interpolation: 0, interpolation_duration: 1 }
$data merge entity $(bone_finger_left_0_fire_s) { transformation: [8.229063411599451e-7f,0.0000022052039343471435f,0.000009719048346500736f,1.3899771756367723f,0.000008046496815798107f,0.000005606942611376498f,-0.000001953479855560695f,0.7106852800817474f,-0.0000058801967779173575f,0.000007981182253317512f,-0.0000013130177806488104f,0.43299806667752666f,0f,0f,0f,1f], start_interpolation: 0, interpolation_duration: 1 }
$data merge entity $(bone_fire_large_left) { transformation: [0.0000021944169097598537f,0.000005880543824925716f,0.000025917462257335294f,1.3719710264030276f,0.000021457324842128282f,0.00001495184696367066f,-0.0000052092796148285196f,0.6473809323173347f,-0.000015680524741112953f,0.000021283152675513365f,-0.0000035013807483968274f,0.3461979345775909f,0f,0f,0f,1f], start_interpolation: 0, interpolation_duration: 1 }
$data merge entity $(bone_finger_left_0) { transformation: [0.12035550414915215f,0.32252568487433475f,1.4214752093710281f,0.6917689061180218f,1.1768534673518776f,0.8200525029086132f,-0.28570937067979474f,0.8085249083795226f,-0.8600177350740672f,1.1673007798801143f,-0.1920375491626853f,0.46782895803286095f,0f,0f,0f,1f], start_interpolation: 0, interpolation_duration: 1 }
$data merge entity $(bone_wing_left_1_model) { transformation: [-0.7153504474681751f,0.7188427663475895f,0.0501587242527835f,0.3432255750243245f,0.08774062105211992f,0.016739488717764872f,1.0114338613951463f,0.7725918660667408f,0.7152289170372726f,0.7169113960797756f,-0.07391027970774491f,0.10378194704261462f,0f,0f,0f,1f], start_interpolation: 0, interpolation_duration: 1 }
$data merge entity $(bone_wing_left_0) { transformation: [-0.8326816655103456f,0.40576156293423177f,0.3768272786942136f,0.1652008304782002f,0.5509438694264821f,0.6754977552671044f,0.490064929749598f,0.6122650419469509f,-0.0556964690469014f,0.6156787609413472f,-0.7860264414518349f,0.5052144513312953f,0f,0f,0f,1f], start_interpolation: 0, interpolation_duration: 1 }
$data merge entity $(bone_body_0) { transformation: [-0.9924038807726281f,0.08715571370372373f,0.08682406922174302f,-2.0744403685741444e-18f,0.11876970543281118f,0.862729881378888f,0.4915189811669261f,0.569153361799754f,-0.032067031337976074f,0.4980974135094103f,-0.866527940782295f,0.016939091091557584f,0f,0f,0f,1f], start_interpolation: 0, interpolation_duration: 1 }
$data merge entity $(bone_leg_right_3) { transformation: [-0.9693082593608329f,-0.15563919550670982f,0.19031011312301976f,-0.20324063800726574f,-0.0243599285757024f,0.8310881728364632f,0.5556069139698818f,0.06944594606232699f,-0.24463869729594936f,0.5339184299060797f,-0.8093719898736104f,-0.4910720845618353f,0f,0f,0f,1f], start_interpolation: 0, interpolation_duration: 1 }
$data merge entity $(bone_leg_right_2) { transformation: [-0.8998611073551023f,0.2574246858121578f,0.35211151444416156f,-0.15605581610832886f,0.37475393029486703f,0.869355125636149f,0.32215082998295264f,0.21356446301593024f,-0.22318037368505142f,0.4218461765438525f,-0.8787697788028066f,-0.4113195764070745f,0f,0f,0f,1f], start_interpolation: 0, interpolation_duration: 1 }
$data merge entity $(bone_leg_right_1) { transformation: [-0.9270627176576474f,0.2716270440436014f,0.2584056239197448f,-0.24721426511348654f,0.292622415221399f,0.9551296229501158f,0.04582057914479609f,0.18634323227357225f,-0.23436475767318854f,0.11809382840481025f,-0.9649492256349465f,-0.10466486474915523f,0f,0f,0f,1f], start_interpolation: 0, interpolation_duration: 1 }
$data merge entity $(bone_leg_right_0) { transformation: [-0.9270627176576474f,0.3740251812997527f,-0.025688154525078034f,-0.09365062499999995f,0.292622415221399f,0.6790586948317089f,-0.6732394901396168f,0.4645535223347728f,-0.23436475767318854f,-0.6316521611829908f,-0.7389781509852944f,-0.2598318953253381f,0f,0f,0f,1f], start_interpolation: 0, interpolation_duration: 1 }
$data merge entity $(bone_leg_left_3) { transformation: [-0.9852027686045871f,0.12142450753949022f,-0.12096112475770249f,0.20292790525195664f,0.020348191331392325f,0.7836274610109847f,0.6208976996728353f,0.06658271118914622f,0.1701806564900876f,0.6092487926276666f,-0.7745027132543392f,-0.49944139070633475f,0f,0f,0f,1f], start_interpolation: 0, interpolation_duration: 1 }
$data merge entity $(bone_leg_left_2) { transformation: [-0.9019140745582717f,-0.3153533820705711f,-0.2951325914404386f,0.14541857249868376f,-0.37408909903910814f,0.9118960230972508f,0.16882828270028183f,0.2190629582883894f,0.2158896664822213f,0.26267448957991774f,-0.940422120342841f,-0.4465313935947993f,0f,0f,0f,1f], start_interpolation: 0, interpolation_duration: 1 }
$data merge entity $(bone_leg_left_1) { transformation: [-0.9270627176576474f,-0.24807188705167132f,-0.2810961692799101f,0.2435114382003422f,-0.29262241522139887f,0.9475015397647809f,0.12889124971604732f,0.1653111494788812f,0.23436475767318826f,0.20174531220821973f,-0.9509847471767334f,-0.1455720887738672f,0f,0f,0f,1f], start_interpolation: 0, interpolation_duration: 1 }
$data merge entity $(bone_leg_left_0) { transformation: [-0.9270627176576474f,-0.3741783210193662f,-0.023351693907405966f,0.09365062500000003f,-0.29262241522139887f,0.7611246406621975f,-0.5788448872425461f,0.4645535223347728f,0.23436475767318826f,-0.5297922851986134f,-0.815103241868672f,-0.25983189532533807f,0f,0f,0f,1f], start_interpolation: 0, interpolation_duration: 1 }
$data merge entity $(bone_tail_3) { transformation: [-2.041344533373446f,0.809619866087011f,-1.0686140057745959f,-0.247261600673626f,-1.0359579525502256f,0.2830830436605297f,2.193436307662902f,0.6176266431800377f,0.8510060760349025f,2.2866760565640187f,0.10681290054359938f,-1.4884494478444343f,0f,0f,0f,1f], start_interpolation: 0, interpolation_duration: 1 }
$data merge entity $(bone_tail_2) { transformation: [-1.0530462099815414f,0.06968753651562906f,-0.4723890233672816f,-0.05415382739111827f,-0.25407376989434666f,0.8867274634799478f,0.6971907826858389f,0.32762191187046485f,0.40429477067504327f,0.7387639103697479f,-0.7922674331562631f,-1.1677210516161236f,0f,0f,0f,1f], start_interpolation: 0, interpolation_duration: 1 }
$data merge entity $(bone_tail_1) { transformation: [-1.3735642443274543f,3.787611734635107e-8f,-0.18083309150408824f,9.400700140561666e-17f,-0.03913942273034623f,1.352576734590988f,0.2972938326122712f,0.23185592038528008f,0.1765466300195579f,0.29985916247624717f,-1.341005261132692f,-0.7676254204156497f,0f,0f,0f,1f], start_interpolation: 0, interpolation_duration: 1 }
$data merge entity $(bone_tail_0) { transformation: [-1.1979166666666667f,3.175222838340466e-17f,1.4322504657924305e-16f,5.197891682622868e-17f,0f,1.1695212585290868f,-0.2592766208633526f,0.327526987292029f,-1.4670248114786003e-16f,-0.2592766208633526f,-1.1695212585290868f,-0.42444006600448747f,0f,0f,0f,1f], start_interpolation: 0, interpolation_duration: 1 }
$data merge entity $(bone_body_1) { transformation: [-1.0208333333333333f,6.25080137064795e-17f,1.0826705561983423e-16f,2.229415919550294e-17f,0f,0.8840675996966143f,-0.5104166666666667f,0.48947125f,-1.2501602741295897e-16f,-0.5104166666666667f,-0.8840675996966143f,-0.18204562500000002f,0f,0f,0f,1f], start_interpolation: 0, interpolation_duration: 1 }
data modify entity @s data merge value {"locators":{"body_1":{"posx":2.0352681792523065e-17,"posy":0.26360366447248895,"posz":-0.1661922589165578,"roty":0,"rotx":-30.000000000000007},"body_0":{"posx":-0.02900943042776602,"posy":0.35024920627749306,"posz":0.10394088544903336,"roty":5.721805690869559,"rotx":29.440468781082263},"neck_1":{"posx":-0.058474876132738926,"posy":0.1807321118136695,"posz":0.38797488894063237,"roty":9.152284114653582,"rotx":46.7355265231642},"neck_0":{"posx":-0.08996753554576234,"posy":-0.008331326657107452,"posz":0.662351036495854,"roty":5.721805690869559,"rotx":29.44046878108226},"pos_head":{"posx":-0.0501105632617118,"posy":0.1394060000842262,"posz":1.029734042117294,"roty":353.8144019413019,"rotx":-4.438534265888528},"head_0":{"posx":-0.08182877557767904,"posy":-0.12762817332070156,"posz":1.0224933309867343,"roty":353.8144019413019,"rotx":-4.438534265888528},"arm_right_0":{"posx":-0.3071845156222682,"posy":-0.07860120013232841,"posz":0.31492862660582616,"roty":339.12977708512665,"rotx":-33.68328545423024},"arm_left_0":{"posx":0.2905081243284702,"posy":-0.09634527303209402,"posz":0.4821745263427579,"roty":11.586566897695974,"rotx":-50.834419337871765},"finger_right_0":{"posx":-0.5520195562285881,"posy":0.7091518946445077,"posz":0.4310949738884892,"roty":317.1322039919559,"rotx":2.5623141317750955},"finger_right_1":{"posx":-1.051745137812302,"posy":0.7059295366379895,"posz":0.09130236181906488,"roty":317.1322039919559,"rotx":2.5623141317750955},"finger_right_2":{"posx":-1.5069074446641884,"posy":0.7285767309377615,"posz":-0.35893672180187175,"roty":317.1322039919559,"rotx":2.5623141317750955},"finger_right_3":{"posx":-1.9953742731289692,"posy":0.7528809470230822,"posz":-0.8421196067204496,"roty":317.1322039919559,"rotx":2.5623141317750955},"finger_left_0":{"posx":0.5305568332152025,"posy":0.7169549527261297,"posz":0.45464246566719363,"roty":67.9464550626735,"rotx":0.4858517949099548},"finger_left_1":{"posx":1.1270031661007398,"posy":0.7417997382012866,"posz":0.3606766829622427,"roty":67.9464550626735,"rotx":0.4858517949099548},"finger_left_2":{"posx":1.7305215379967904,"posy":0.7512390815343571,"posz":0.1460203832885927,"roty":67.9464550626735,"rotx":0.4858517949099548},"finger_left_3":{"posx":2.378199533543428,"posy":0.7613691531888376,"posz":-0.08434201260354852,"roty":67.9464550626735,"rotx":0.4858517949099548},"leg_right_0":{"posx":-0.29972654278200966,"posy":0.09065544274702414,"posz":-0.01860549742975716,"roty":358.00910158699514,"rotx":-42.31758527927385},"leg_left_0":{"posx":0.2959383985694301,"posy":0.05842317894250765,"posz":-0.07383449294781814,"roty":358.3589960455355,"rotx":-35.36933910989281},"tail_0":{"posx":6.863250661067098e-17,"posy":0.10841713603704953,"posz":-0.5604269464343157,"roty":0,"rotx":-12.50000000000001},"tail_1":{"posx":-0.03174135205915572,"posy":0.10429480327010904,"posz":-1.0428583984476234,"roty":352.3200545358974,"rotx":12.391359034324909},"tail_2":{"posx":-0.17245559388036213,"posy":0.32804874322004396,"posz":-1.4755874629914174,"roty":329.19451269256933,"rotx":37.08332310495531},"tail_3":{"posx":-0.4152101632075478,"posy":0.7807065355617753,"posz":-1.692792252789956,"roty":264.2919815492013,"rotx":63.912944223443866},"tail_4":{"posx":-0.6066408760799699,"posy":1.1736370733866097,"posz":-1.6736578697624651,"roty":264.2919815492013,"rotx":63.912944223443866},"shadow":{"posx":1.3394574365674168e-17,"posy":0.1875,"posz":-0.10937499999999994,"roty":0,"rotx":-1.4033418597069752e-14}},"cameras":{}}