# This file was generated by Animated Java via MC-Build. It is not recommended to edit this file directly.
$data merge entity $(bone_head_lower) { transformation: [-0.9889553168857338f,0.08544383319998997f,-0.12110628625934712f,-0.0561989016490965f,0.10780008871586286f,0.9754368691349766f,-0.19209907653345631f,0.10406020605993851f,0.101717855248185f,-0.2030326715094073f,-0.9738743308165908f,0.9134866321928113f,0f,0f,0f,1f], start_interpolation: 0, interpolation_duration: 1 }
$data merge entity $(bone_head_upper) { transformation: [-0.9889553168857338f,0.10052039176155517f,-0.1089175469956155f,-0.05623227242143192f,0.10780008871586286f,0.9921658324873309f,-0.06313558202451235f,0.11606237602517173f,0.101717855248185f,-0.07417959075665828f,-0.9920437824203547f,0.8966327849937937f,0f,0f,0f,1f], start_interpolation: 0, interpolation_duration: 1 }
$data merge entity $(bone_neck_0) { transformation: [-0.9913916325042114f,0.11671309516913876f,-0.05933535553676915f,-0.06935502506624883f,0.11098313715461187f,0.9895450140254862f,0.0921054204953271f,0.11655402136099556f,0.06946491393470405f,0.08472731928569427f,-0.993979832340025f,0.7085525619115047f,0f,0f,0f,1f], start_interpolation: 0, interpolation_duration: 1 }
$data merge entity $(bone_neck_1) { transformation: [-0.9932407019333265f,0.09155613978109002f,0.07134690807161044f,-0.05617730566801049f,0.1147125621508903f,0.8680969753988889f,0.48295824807956145f,0.2077340633482544f,-0.017718242231424958f,0.4878781759534715f,-0.8727318885663237f,0.5601658880382131f,0f,0f,0f,1f], start_interpolation: 0, interpolation_duration: 1 }
$data merge entity $(bone_neck_2) { transformation: [-0.9932407019333265f,0.06586421342046812f,0.09557621782376803f,-0.025140713982984925f,0.1147125621508903f,0.6826904542152393f,0.7216472627317092f,0.4684893053563808f,-0.017718242231424958f,0.7277332266111622f,-0.6856313986234406f,0.5085296030232964f,0f,0f,0f,1f], start_interpolation: 0, interpolation_duration: 1 }
$data merge entity $(bone_arm_right_2) { transformation: [-0.8921993577261529f,-0.048233213385851625f,-0.44905886384695226f,-0.37609504642411484f,-0.09504432840001359f,0.9920669411943158f,0.08227855023238972f,0.06036618051734416f,0.44152789460240355f,0.11608936779838358f,-0.8897057811277502f,0.3454140346496203f,0f,0f,0f,1f], start_interpolation: 0, interpolation_duration: 1 }
$data merge entity $(bone_arm_right_1) { transformation: [-0.7716345533180897f,-0.5628564864305176f,-0.2962645638760821f,-0.43816738578105663f,-0.3349772741910644f,0.755551741513106f,-0.5629669543339437f,0.34456978248163217f,0.5407128090780882f,-0.3351628582937035f,-0.7715539621564246f,0.15935215991179805f,0f,0f,0f,1f], start_interpolation: 0, interpolation_duration: 1 }
$data merge entity $(bone_arm_right_0) { transformation: [-0.6852505962166552f,0.7271504850032363f,0.04103404128619591f,-0.1906979021964918f,0.15989437605277945f,0.09523553491420017f,0.9825293794061828f,0.38730984696704235f,0.7105388158935522f,0.679839955466847f,-0.18152748017703607f,0.3589977838458075f,0f,0f,0f,1f], start_interpolation: 0, interpolation_duration: 1 }
$data merge entity $(bone_arm_left_2) { transformation: [-0.9772481920667974f,-0.01001685704049289f,0.21186229885755115f,0.36604788405256267f,-0.01272847311265908f,0.9998535572075707f,-0.01143897336245675f,0.04406606747038044f,-0.21171669059003442f,-0.013875399612155448f,-0.9772325804081679f,0.4360839459211694f,0f,0f,0f,1f], start_interpolation: 0, interpolation_duration: 1 }
$data merge entity $(bone_arm_left_1) { transformation: [-0.9037639258450109f,0.411600478131681f,0.11745557774318548f,0.3610320018363662f,0.1816655090143542f,0.6173197930450401f,-0.7654501394273726f,0.2620660862830637f,-0.3875672963186774f,-0.6704485957302021f,-0.6326849700345586f,0.16832562833432987f,0f,0f,0f,1f], start_interpolation: 0, interpolation_duration: 1 }
$data merge entity $(bone_arm_left_0) { transformation: [-0.7260885002804116f,-0.684404209743431f,-0.06622965684655606f,0.1259765897589693f,-0.3253632961114f,0.25712325763910526f,0.9099595353226316f,0.3519581423286676f,-0.6057509515502788f,0.6822598537701922f,-0.40937425008103234f,0.36730956006462634f,0f,0f,0f,1f], start_interpolation: 0, interpolation_duration: 1 }
$data merge entity $(bone_finger_right_1_fire) { transformation: [-1.014892754273928f,-0.18382359061832718f,-0.9884421639049392f,-1.3790741854482238f,-0.33937957959205256f,1.38469007172079f,0.09094631803655695f,0.9929965791259874f,0.9463775804660703f,0.29943049166821756f,-1.0273885255253377f,-0.33157953787067734f,0f,0f,0f,1f], start_interpolation: 0, interpolation_duration: 1 }
$data merge entity $(bone_finger_right_1_fire_s) { transformation: [-0.000007104249279917499f,-0.0000012867651343282905f,-0.000006919095147334576f,-1.3790741854482238f,-0.0000023756570571443687f,0.000009692830502045532f,6.366242262558989e-7f,0.9929965791259874f,0.000006624643063262494f,0.0000020960134416775233f,-0.000007191719678677364f,-0.33157953787067734f,0f,0f,0f,1f], start_interpolation: 0, interpolation_duration: 1 }
$data merge entity $(bone_finger_right_1) { transformation: [-1.4124005355065845f,-0.2558226341992303f,-1.3755899189716851f,-0.6561917272550967f,-0.4723059633022433f,1.9270380939986735f,0.12656768683808609f,0.8936669438853381f,1.317049703835925f,0.4167098296822028f,-1.4297905837976326f,0.4068265147161681f,0f,0f,0f,1f], start_interpolation: 0, interpolation_duration: 1 }
$data merge entity $(bone_finger_right_2_fire) { transformation: [1.1161657512402043f,-0.1773460043836708f,-0.873807036489264f,-0.9849413172571292f,-0.7483459974460392f,-0.9474664214148876f,-0.7636111411761688f,0.4194665484121227f,-0.4847356087554275f,1.0543586209402496f,-0.8331720198038887f,0.15642411788458033f,0f,0f,0f,1f], start_interpolation: 0, interpolation_duration: 1 }
$data merge entity $(bone_finger_right_2_fire_s) { transformation: [0.000007813160258681433f,-0.0000012414220306856958f,-0.000006116649255424849f,-0.9849413172571292f,-0.000005238421982122276f,-0.000006632264949904214f,-0.000005345277988233183f,0.4194665484121227f,-0.0000033931492612879934f,0.000007380510346581748f,-0.000005832204138627222f,0.15642411788458033f,0f,0f,0f,1f], start_interpolation: 0, interpolation_duration: 1 }
$data merge entity $(bone_finger_right_2) { transformation: [0.9706595004803407f,-0.15422672110837082f,-0.7598952938776793f,-0.6572839983775357f,-0.6507896799918136f,-0.8239522510976542f,-0.6640648201503287f,0.7056896670251016f,-0.4215442225644141f,0.9169097073547079f,-0.7245575629412027f,0.4699364582166191f,0f,0f,0f,1f], start_interpolation: 0, interpolation_duration: 1 }
$data merge entity $(bone_finger_film_right) { transformation: [0.11497544678877746f,-0.2627462127932827f,-0.8073472505600015f,-0.743212662551983f,-1.0802882028177008f,0.05892056138430015f,-0.22168986768914395f,0.7791953053018067f,0.262969418056677f,0.35692572645307735f,-0.557722030895478f,0.4460875179009073f,0f,0f,0f,1f], start_interpolation: 0, interpolation_duration: 1 }
$data merge entity $(bone_finger_right_0_fire) { transformation: [0.060382409559394265f,-0.8988961590094107f,-1.1086730746548068f,-1.3000679544576699f,-1.3625840113618233f,0.29403419936894576f,-0.31261002561209994f,0.6362673643289112f,0.42489422581100833f,1.0706754463656123f,-0.8449469284830096f,0.044070845352981725f,0f,0f,0f,1f], start_interpolation: 0, interpolation_duration: 1 }
$data merge entity $(bone_finger_right_0_fire_s) { transformation: [4.226768669157599e-7f,-0.0000062922731130658755f,-0.00000776071152258365f,-1.3000679544576699f,-0.000009538088079532765f,0.000002058239395582621f,-0.0000021882701792847f,0.6362673643289112f,0.0000029742595806770592f,0.000007494728124559287f,-0.000005914628499381068f,0.044070845352981725f,0f,0f,0f,1f], start_interpolation: 0, interpolation_duration: 1 }
$data merge entity $(bone_fire_large_right) { transformation: [0.0000011271383117753597f,-0.000016779394968175668f,-0.000020695230726889733f,-1.2364469244701408f,-0.000025434901545420705f,0.000005488638388220322f,-0.000005835387144759199f,0.6111994822303253f,0.000007931358881805491f,0.000019985941665491432f,-0.000015772342665016178f,-0.04072237736610829f,0f,0f,0f,1f], start_interpolation: 0, interpolation_duration: 1 }
$data merge entity $(bone_finger_right_0) { transformation: [0.061819292020673204f,-0.9202866290952583f,-1.135055474891696f,-0.7102121464677766f,-1.3950085714651936f,0.301031147439954f,-0.3200490110103251f,0.7760200139570502f,0.43500516814374185f,1.096153640790621f,-0.8650536024482895f,0.40576117448126636f,0f,0f,0f,1f], start_interpolation: 0, interpolation_duration: 1 }
$data merge entity $(bone_wing_right_1_model) { transformation: [-0.5595212354695788f,-0.8104029372348913f,-0.2473057812132531f,-0.3088924084977797f,0.09158058830863558f,-0.3524687942009612f,0.9478163471904275f,0.9276223194378763f,-0.8423337022495779f,0.4999899113756412f,0.2673221008800766f,0.13880973268095187f,0f,0f,0f,1f], start_interpolation: 0, interpolation_duration: 1 }
$data merge entity $(bone_wing_right_0) { transformation: [-0.7037362033807993f,-0.6373118997974008f,-0.31398869156039083f,-0.18011526429985011f,-0.6234558193635866f,0.34205100861134585f,0.7030675279158042f,0.6495698429023801f,-0.3406731532610948f,0.690532149783476f,-0.638049490841074f,0.4918660856955793f,0f,0f,0f,1f], start_interpolation: 0, interpolation_duration: 1 }
$data merge entity $(bone_finger_left_1_fire) { transformation: [-0.5837066171170162f,-0.11660251281590375f,1.2986557533347467f,1.5598908262276647f,-0.17621815157585846f,1.416848099832247f,0.04800991134703689f,0.9660047795787443f,-1.2919172089261786f,-0.14057610941187565f,-0.5932997634194905f,-0.03657078458496388f,0f,0f,0f,1f], start_interpolation: 0, interpolation_duration: 1 }
$data merge entity $(bone_finger_left_1_fire_s) { transformation: [-0.000004085946319819114f,-8.162175897113264e-7f,0.00000909059027334323f,1.5598908262276647f,-0.0000012335270610310096f,0.000009917936698825731f,3.360693794292583e-7f,0.9660047795787443f,-0.000009043420462483252f,-9.840327658831297e-7f,-0.0000041530983439364344f,-0.03657078458496388f,0f,0f,0f,1f], start_interpolation: 0, interpolation_duration: 1 }
$data merge entity $(bone_finger_left_1) { transformation: [-0.8123297118074512f,-0.1622727631555686f,1.807306312636883f,0.6192071678522343f,-0.24523833735494902f,1.9717916070513426f,0.06681417737058379f,0.896796856458125f,-1.7979284510932703f,-0.19563621020706892f,-0.8256802504902319f,0.3970113201426329f,0f,0f,0f,1f], start_interpolation: 0, interpolation_duration: 1 }
$data merge entity $(bone_finger_left_2_fire) { transformation: [0.7317992708716221f,-0.14869326747579295f,1.2178573257527943f,1.0742746969833203f,1.0939532800381881f,-0.562933566621033f,-0.7260773699790013f,0.4657607920007748f,0.5554749092227865f,1.3045353342509762f,-0.17450362014938603f,0.44959576080818997f,0f,0f,0f,1f], start_interpolation: 0, interpolation_duration: 1 }
$data merge entity $(bone_finger_left_2_fire_s) { transformation: [0.000005122594896101356f,-0.0000010408528723305508f,0.000008525001280269562f,1.0742746969833203f,0.000007657672960267318f,-0.000003940534966347232f,-0.0000050825415898530105f,0.4657607920007748f,0.000003888324364559506f,0.000009131747339756836f,-0.0000012215253410457025f,0.44959576080818997f,0f,0f,0f,1f], start_interpolation: 0, interpolation_duration: 1 }
$data merge entity $(bone_finger_left_2) { transformation: [0.6364000274393478f,-0.12930922900337427f,1.059094298636235f,0.6171828251846718f,0.9513427044064365f,-0.4895480926312681f,-0.6314240483286663f,0.7382069820898138f,0.48306176507965526f,1.1344727380284056f,-0.15175487742569338f,0.5160267326959345f,0f,0f,0f,1f], start_interpolation: 0, interpolation_duration: 1 }
$data merge entity $(bone_finger_film_left) { transformation: [0.08191635436675739f,0.08896114643438269f,0.9831121257337079f,0.6961191979202889f,0.9667889571904599f,0.21244649957972117f,-0.16257276671647655f,0.8210376316409164f,-0.5549808037097202f,0.3832174034885614f,-0.1380959374004192f,0.499787314795674f,0f,0f,0f,1f], start_interpolation: 0, interpolation_duration: 1 }
$data merge entity $(bone_finger_left_0_fire) { transformation: [0.06370811404221476f,0.3536107536902278f,1.3826485589658806f,1.3799630055168866f,1.1744992093523097f,0.7732567696084383f,-0.25187675957923056f,0.7136261920503687f,-0.8107460823011081f,1.1479763628489752f,-0.25623697411586266f,0.3859714683704125f,0f,0f,0f,1f], start_interpolation: 0, interpolation_duration: 1 }
$data merge entity $(bone_finger_left_0_fire_s) { transformation: [4.459567982955034e-7f,0.0000024752752758315954f,0.000009678539912761166f,1.3799630055168866f,0.00000822149446546617f,0.000005412797387259069f,-0.0000017631373170546142f,0.7136261920503687f,-0.000005675222576107759f,0.000008035834539942828f,-0.0000017936588188110391f,0.3859714683704125f,0f,0f,0f,1f], start_interpolation: 0, interpolation_duration: 1 }
$data merge entity $(bone_fire_large_left) { transformation: [0.000001189218128788009f,0.000006600734068884254f,0.00002580943976736311f,1.359046674416626f,0.000021923985241243116f,0.000014434126366024184f,-0.000004701699512145637f,0.6525280910280855f,-0.000015133926869620689f,0.000021428892106514206f,-0.000004783090183496104f,0.29824773193923326f,0f,0f,0f,1f], start_interpolation: 0, interpolation_duration: 1 }
$data merge entity $(bone_finger_left_0) { transformation: [0.06522413621450608f,0.3620254077890732f,1.4155505825682424f,0.6826438698584254f,1.202448032975261f,0.7916574776693294f,-0.25787051340396283f,0.7994967801155465f,-0.8300389001053263f,1.1752940388704658f,-0.26233448524078906f,0.45418317288143567f,0f,0f,0f,1f], start_interpolation: 0, interpolation_duration: 1 }
$data merge entity $(bone_wing_left_1_model) { transformation: [-0.71424930076671f,0.7197667466553993f,0.05254378940663197f,0.33356410938637004f,0.09633184359070804f,0.021821752228858092f,1.0105548327933114f,0.7609437484398593f,0.7152238777519395f,0.7158468583297719f,-0.08363709197906066f,0.09091901559632552f,0f,0f,0f,1f], start_interpolation: 0, interpolation_duration: 1 }
$data merge entity $(bone_wing_left_0) { transformation: [-0.8359031091568122f,0.41900634447023144f,0.3545415002445675f,0.166578727632236f,0.5467084517857838f,0.6929599750370667f,0.4700173845110618f,0.6108669352984233f,-0.04874280303764056f,0.5867198277630657f,-0.8083217075284519f,0.5009657857047414f,0f,0f,0f,1f], start_interpolation: 0, interpolation_duration: 1 }
$data merge entity $(bone_body_0) { transformation: [-0.9934886022132113f,0.08323650394522854f,0.07779512634744941f,-0.0011553359792404664f,0.11090730866941086f,0.8628414376376927f,0.49315740122097707f,0.5669855162235011f,-0.026076160686490706f,0.4985743053009206f,-0.8664546704459251f,0.013623540729611888f,0f,0f,0f,1f], start_interpolation: 0, interpolation_duration: 1 }
$data merge entity $(bone_leg_right_3) { transformation: [-0.9689315580981357f,-0.15345461560122936f,0.1939673082563092f,-0.20214938991142742f,-0.024360477123684214f,0.839646687359257f,0.5425864056175133f,0.06824850081649059f,-0.24612639613789017f,0.5210039552223238f,-0.8172984006878203f,-0.49972333698483373f,0f,0f,0f,1f], start_interpolation: 0, interpolation_duration: 1 }
$data merge entity $(bone_leg_right_2) { transformation: [-0.8995934802341108f,0.2566182686716807f,0.35338171218136016f,-0.1551131471000802f,0.3747503443299163f,0.8690865472697892f,0.3228788515516083f,0.21231596515857415f,-0.2242626802321104f,0.4228896280811643f,-0.8779923762291358f,-0.4197910250968989f,0f,0f,0f,1f], start_interpolation: 0, interpolation_duration: 1 }
$data merge entity $(bone_leg_right_1) { transformation: [-0.9267623676500311f,0.2712647045904327f,0.2598595273434743f,-0.2467312015205541f,0.2926220874866788f,0.9550922246415552f,0.04659566872771903f,0.18484669841686796f,-0.23555005375216354f,0.1192237496168867f,-0.9645215755516527f,-0.11329544291171256f,0f,0f,0f,1f], start_interpolation: 0, interpolation_duration: 1 }
$data merge entity $(bone_leg_right_0) { transformation: [-0.9267623676500311f,0.37509659682477076f,-0.020348389572247674f,-0.0932149125925923f,0.2926220874866788f,0.6869021970345583f,-0.6652350604290451f,0.4651450642519062f,-0.23555005375216354f,-0.6224692078806565f,-0.746356655639769f,-0.2647059431508487f,0f,0f,0f,1f], start_interpolation: 0, interpolation_duration: 1 }
$data merge entity $(bone_leg_left_3) { transformation: [-0.9868948410020039f,0.10920944172968017f,-0.11879339476890385f,0.2076791423158729f,0.014625063558855653f,0.7936852980107574f,0.6081527400558802f,0.0650947931886055f,0.16070059215674495f,0.5984454407535134f,-0.7848811210124783f,-0.5059184168246952f,0f,0f,0f,1f], start_interpolation: 0, interpolation_duration: 1 }
$data merge entity $(bone_leg_left_2) { transformation: [-0.9014820221333388f,-0.32377420419676534f,-0.28722887819148235f,0.14867621868017156f,-0.37905935155957127f,0.9109269120466339f,0.1628685632785586f,0.2174201482902591f,0.2089118755974f,0.25569987408275296f,-0.9439138745820196f,-0.4542206596285619f,0f,0f,0f,1f], start_interpolation: 0, interpolation_duration: 1 }
$data merge entity $(bone_leg_left_1) { transformation: [-0.927335486408101f,-0.25614689376668975f,-0.2728326675123904f,0.2442376432018733f,-0.2976807945800087f,0.9467112513070244f,0.12297947465696474f,0.1655994453160003f,0.22679294562764762f,0.19526027620170078f,-0.9541689495844906f,-0.15211041601409425f,0f,0f,0f,1f], start_interpolation: 0, interpolation_duration: 1 }
$data merge entity $(bone_leg_left_0) { transformation: [-0.927335486408101f,-0.3738019185236305f,-0.017917068853570126f,0.09408355118602009f,-0.2976807945800087f,0.7658144724419811f,-0.5700125773495046f,0.46565608801756825f,0.22679294562764762f,-0.5232593233822627f,-0.8214405884219937f,-0.26382131190267855f,0f,0f,0f,1f], start_interpolation: 0, interpolation_duration: 1 }
$data merge entity $(bone_tail_3) { transformation: [-2.042428600823255f,0.798089341851069f,-1.0751960462152563f,-0.24148301624049112f,-1.0507123199124973f,0.2604194284049649f,2.189222023214493f,0.631143787551123f,0.8300582847952851f,2.293412925874228f,0.12557117547331703f,-1.492301070150957f,0f,0f,0f,1f], start_interpolation: 0, interpolation_duration: 1 }
$data merge entity $(bone_tail_2) { transformation: [-1.0542217529676738f,0.06375473322248491f,-0.47060162777182846f,-0.04907726596001304f,-0.26132533234308347f,0.8788320021123383f,0.7044696198126619f,0.33819801224808976f,0.3965345240272805f,0.748667956142741f,-0.7868740211746155f,-1.1738315105030037f,0f,0f,0f,1f], start_interpolation: 0, interpolation_duration: 1 }
$data merge entity $(bone_tail_1) { transformation: [-1.3742635788411721f,-0.005166721663131049f,-0.17536322629242065f,0.003464239172765841f,-0.044803485524394816f,1.3492325134015828f,0.31135769260240087f,0.2382369909244126f,0.1696219438436441f,0.3145222886300452f,-1.3385378091034261f,-0.7745478260050486f,0f,0f,0f,1f], start_interpolation: 0, interpolation_duration: 1 }
$data merge entity $(bone_tail_0) { transformation: [-1.197898846918869f,-0.0020338642914289307f,0.0062093658505576075f,0.0015877105981670426f,-0.0032683384972033614f,1.1722659955360253f,-0.24654836026868496f,0.3301718356771076f,-0.005657808028708572f,-0.24656163404664894f,-1.1722541064557352f,-0.4303478790466023f,0f,0f,0f,1f], start_interpolation: 0, interpolation_duration: 1 }
$data merge entity $(bone_body_1) { transformation: [-1.020818147809123f,-0.0000618154410398526f,0.005567739832915716f,2.2804428695147672e-17f,-0.0027851928063124293f,0.8895600003118629f,-0.5007753418356725f,0.48947125f,-0.004821436407073391f,-0.5007830832490792f,-0.8895469362135775f,-0.1862122916666667f,0f,0f,0f,1f], start_interpolation: 0, interpolation_duration: 1 }