# This file was generated by Animated Java via MC-Build. It is not recommended to edit this file directly.
$data merge entity $(bone_head_lower) { transformation: [-0.9910181841692959f,0.04774175653209027f,-0.1249147042146051f,0.004818875562051024f,0.06155503403930032f,0.9921154620103413f,-0.10916907906741183f,0.0988057929640871f,0.11871788589008923f,-0.11587767137476018f,-0.9861432090961996f,0.9150697029122297f,0f,0f,0f,1f], start_interpolation: 0, interpolation_duration: 1 }
$data merge entity $(bone_head_upper) { transformation: [-0.9910181841692959f,0.06363795988012688f,-0.11761449191356917f,0.004162263598182097f,0.06155503403930032f,0.9978772008984957f,0.021261931036550413f,0.1122484749839219f,0.11871788589008923f,0.01383119623451999f,-0.99283168844498f,0.8993544706920829f,0f,0f,0f,1f], start_interpolation: 0, interpolation_duration: 1 }
$data merge entity $(bone_neck_0) { transformation: [-0.9827485234437704f,0.11757722725811554f,-0.14276181316928802f,-0.02464031032579748f,0.10478439755212254f,0.9900362863655874f,0.09406583709867677f,0.11309989318396996f,0.15239937565071576f,0.07748385192883411f,-0.9852769575056256f,0.7130313495041873f,0f,0f,0f,1f], start_interpolation: 0, interpolation_duration: 1 }
$data merge entity $(bone_neck_1) { transformation: [-0.9941811734734742f,0.10519313416740271f,-0.023199112805119f,-0.02785018471605477f,0.08534284100517447f,0.9005772615869334f,0.4262360794228304f,0.19464186301755637f,0.06572970257099398f,0.42177600742173393f,-0.9043144396521101f,0.5586077075623758f,0f,0f,0f,1f], start_interpolation: 0, interpolation_duration: 1 }
$data merge entity $(bone_neck_2) { transformation: [-0.9941811734734742f,0.10730058292163756f,0.009506798387606855f,-0.010408096657313457f,0.08534284100517447f,0.7307241387934694f,0.6773173794268886f,0.45219840417278817f,0.06572970257099398f,0.6741875242758641f,-0.7356295183791293f,0.488015400186956f,0f,0f,0f,1f], start_interpolation: 0, interpolation_duration: 1 }
$data merge entity $(bone_arm_right_2) { transformation: [-0.9402510993095569f,-0.007585710769345444f,-0.3403973079201622f,-0.38938365056402185f,-0.019617778998947854f,0.9992979031458771f,0.03191932824169946f,0.045298965890714915f,0.33991618524912637f,0.036690022627094865f,-0.939739766768069f,0.37353831044637453f,0f,0f,0f,1f], start_interpolation: 0, interpolation_duration: 1 }
$data merge entity $(bone_arm_right_1) { transformation: [-0.7948788801377596f,-0.5312211498336241f,-0.2932092356669271f,-0.43814079672669104f,-0.269749971724428f,0.7422317616150321f,-0.6134549411362795f,0.3156001117582173f,0.5435094467123931f,-0.4085291935948866f,-0.7332812416222714f,0.16424493942268636f,0f,0f,0f,1f], start_interpolation: 0, interpolation_duration: 1 }
$data merge entity $(bone_arm_right_0) { transformation: [-0.6284882072633993f,0.7778072352107755f,-0.004298625897607213f,-0.17638086696957325f,0.12644519171120472f,0.10762083698313293f,0.9861183341466511f,0.36305611535751076f,0.7674725967902405f,0.6192202034016807f,-0.16598841187030466f,0.34356560323408514f,0f,0f,0f,1f], start_interpolation: 0, interpolation_duration: 1 }
$data merge entity $(bone_arm_left_2) { transformation: [-0.9982894108126896f,-0.03983087410558162f,0.04279899212876894f,0.4357070507876909f,-0.036698338314632185f,0.9967552873874683f,0.07163887931892049f,0.051357357511997326f,-0.04551356088242185f,0.06994568273389967f,-0.9965119754637628f,0.3703425484238946f,0f,0f,0f,1f], start_interpolation: 0, interpolation_duration: 1 }
$data merge entity $(bone_arm_left_1) { transformation: [-0.9658104849403102f,0.25356063138078777f,0.05401030821185232f,0.3720770700075396f,0.1416359119050852f,0.6905684765282438f,-0.7092633133641383f,0.2864018437186443f,-0.21713906981052003f,-0.677364145374729f,-0.7028715664490812f,0.1254977017077694f,0f,0f,0f,1f], start_interpolation: 0, interpolation_duration: 1 }
$data merge entity $(bone_arm_left_0) { transformation: [-0.7278482481108526f,-0.6641268640731071f,-0.17079940321436626f,0.14180510100475288f,-0.3605165660851486f,0.15872150082108993f,0.919149221157954f,0.3442423013461795f,-0.58332215224534f,0.7305771647085073f,-0.3549539027906903f,0.34126501926732256f,0f,0f,0f,1f], start_interpolation: 0, interpolation_duration: 1 }
$data merge entity $(bone_finger_right_1_fire) { transformation: [-0.000013379114713607704f,-4.0527623201637683e-7f,-0.000009930398704667727f,-1.2323290245177994f,-0.0000040609467125114906f,0.00001542215429925781f,0.000004841863933012119f,1.243654715882929f,0.000009071150922349704f,0.000006306400377665857f,-0.000012478834600967665f,-0.2508079914895558f,0f,0f,0f,1f], start_interpolation: 0, interpolation_duration: 1 }
$data merge entity $(bone_finger_right_1_fire_s) { transformation: [-0.000008027468828164622f,-2.431657392098261e-7f,-0.000005958239222800636f,-1.2323290245177994f,-0.0000024365680275068944f,0.000009253292579554686f,0.0000029051183598072712f,1.243654715882929f,0.000005442690553409823f,0.0000037838402265995144f,-0.000007487300760580598f,-0.2508079914895558f,0f,0f,0f,1f], start_interpolation: 0, interpolation_duration: 1 }
$data merge entity $(bone_finger_right_1) { transformation: [-1.5959464293732941f,-0.04834394272279832f,-1.1845615120444761f,-0.6126688845785545f,-0.4844157139273307f,1.8396532666029866f,0.5775685178588568f,0.9104834946199312f,1.0820649373837758f,0.7522677980104004f,-1.488555255744869f,0.5125314949709989f,0f,0f,0f,1f], start_interpolation: 0, interpolation_duration: 1 }
$data merge entity $(bone_finger_right_2_fire) { transformation: [0.000012320336229347848f,-0.000004800857427809503f,-0.000010145879012261246f,-0.9708375674377183f,-0.000009413839331443585f,-0.000012624143197355816f,-0.000005457876450800103f,0.5414385401315184f,-0.000006112832568896563f,0.000009765272872187391f,-0.000012043691356645448f,0.15036484200852768f,0f,0f,0f,1f], start_interpolation: 0, interpolation_duration: 1 }
$data merge entity $(bone_finger_right_2_fire_s) { transformation: [0.000007392201737608708f,-0.0000028805144566857017f,-0.000006087527407356747f,-0.9708375674377183f,-0.000005648303598866151f,-0.000007574485918413489f,-0.0000032747258704800616f,0.5414385401315184f,-0.0000036676995413379377f,0.000005859163723312434f,-0.000007226214813987269f,0.15036484200852768f,0f,0f,0f,1f], start_interpolation: 0, interpolation_duration: 1 }
$data merge entity $(bone_finger_right_2) { transformation: [0.9183621746532686f,-0.35785759296902003f,-0.7562773726316073f,-0.6448732721882356f,-0.7017108786095706f,-0.9410080523810214f,-0.40683202089939735f,0.7165564728583691f,-0.45565267917694885f,0.7279068577383532f,-0.8977409690163264f,0.5385065270210465f,0f,0f,0f,1f], start_interpolation: 0, interpolation_duration: 1 }
$data merge entity $(bone_finger_film_right) { transformation: [-0.05475158273658102f,-0.2900565247259767f,-0.7639760737481167f,-0.7174889910830914f,-1.114712729712559f,0.033005225312032586f,0.0012708654446522145f,0.8049346399151855f,0.06174677116301825f,0.33864590158615826f,-0.6544836039278858f,0.522018862040405f,0f,0f,0f,1f], start_interpolation: 0, interpolation_duration: 1 }
$data merge entity $(bone_finger_right_0_fire) { transformation: [-0.000001896849488194573f,-0.000011247588471238258f,-0.000012152016021162178f,-1.2412612578168902f,-0.000016450062492600274f,0.0000026767677807208144f,9.019986373711801e-8f,0.8185818435087046f,0.0000018908156405263928f,0.000012004351111473753f,-0.000011406057530267741f,0.055532009197540366f,0f,0f,0f,1f], start_interpolation: 0, interpolation_duration: 1 }
$data merge entity $(bone_finger_right_0_fire_s) { transformation: [-0.0000011381096929167437f,-0.0000067485530827429545f,-0.000007291209612697307f,-1.2412612578168902f,-0.000009870037495560165f,0.0000016060606684324885f,5.411991824227081e-8f,0.8185818435087046f,0.0000011344893843158356f,0.000007202610666884251f,-0.000006843634518160644f,0.055532009197540366f,0f,0f,0f,1f], start_interpolation: 0, interpolation_duration: 1 }
$data merge entity $(bone_fire_large_right) { transformation: [-0.0000030349591811113164f,-0.000017996141553981212f,-0.000019443225633859483f,-1.1725997899677596f,-0.000026320099988160437f,0.000004282828449153302f,1.4431978197938882e-7f,0.7997896863480447f,0.0000030253050248422282f,0.000019206961778358004f,-0.000018249692048428384f,-0.026920294898365504f,0f,0f,0f,1f], start_interpolation: 0, interpolation_duration: 1 }
$data merge entity $(bone_finger_right_0) { transformation: [-0.16645608256578934f,-0.9870205975153302f,-1.0663877101206651f,-0.6810005193175586f,-1.4435583727240822f,0.23489701291017978f,0.00791539658739046f,0.8041071163597094f,0.16592658844836203f,1.0534295273274898f,-1.000926887359677f,0.48469277004662786f,0f,0f,0f,1f], start_interpolation: 0, interpolation_duration: 1 }
$data merge entity $(bone_wing_right_1_model) { transformation: [-0.7406140954389971f,-0.688287262401462f,-0.09342638329089671f,-0.3468538553120714f,0.019591121772811554f,-0.1572162522222559f,1.002933856755624f,0.8562869120256149f,-0.6943227150443798f,0.7297402123323953f,0.127954182894939f,0.10929013386922463f,0f,0f,0f,1f], start_interpolation: 0, interpolation_duration: 1 }
$data merge entity $(bone_wing_right_0) { transformation: [-0.8256109142735423f,-0.4284312248136667f,-0.3671693122213063f,-0.17505890488371045f,-0.560058730492407f,0.5431740053710267f,0.6255367441553127f,0.6250088495653812f,-0.06856264749584173f,0.7220863421321976f,-0.6883970350564446f,0.4774510049273288f,0f,0f,0f,1f], start_interpolation: 0, interpolation_duration: 1 }
$data merge entity $(bone_finger_left_1_fire) { transformation: [-0.000012800719782733031f,-9.5940148077743e-7f,0.000010630094055106344f,1.2574032020082915f,0.0000010902348621952123f,0.000016394842250550007f,0.0000027925460251556113f,1.050582018661421f,-0.00001061747327601908f,0.0000028401538965415734f,-0.000012529188515413046f,-0.3631541472960599f,0f,0f,0f,1f], start_interpolation: 0, interpolation_duration: 1 }
$data merge entity $(bone_finger_left_1_fire_s) { transformation: [-0.000007680431869639818f,-5.75640888466458e-7f,0.000006378056433063806f,1.2574032020082915f,6.541409173171273e-7f,0.000009836905350330004f,0.0000016755276150933667f,1.050582018661421f,-0.000006370483965611447f,0.0000017040923379249438f,-0.000007517513109247827f,-0.3631541472960599f,0f,0f,0f,1f], start_interpolation: 0, interpolation_duration: 1 }
$data merge entity $(bone_finger_left_1) { transformation: [-1.526951780291005f,-0.11444354879660881f,1.2680256514950372f,0.5970399632187282f,0.13005019186576294f,1.955681710636008f,0.33311276217512226f,0.8428294385260381f,-1.2665201641925221f,0.3387917337644167f,-1.4945617929249666f,0.41042725216990117f,0f,0f,0f,1f], start_interpolation: 0, interpolation_duration: 1 }
$data merge entity $(bone_finger_left_2_fire) { transformation: [0.000011244925304218584f,0.0000046794663369269045f,0.00001137681974375486f,1.0032618406775287f,0.000011345589699011292f,-0.00000990264036580329f,-0.000007140944331461348f,0.43210697563260003f,0.000004754684748961936f,0.000012562566870067166f,-0.000009866745377826342f,0.1615607958503364f,0f,0f,0f,1f], start_interpolation: 0, interpolation_duration: 1 }
$data merge entity $(bone_finger_left_2_fire_s) { transformation: [0.00000674695518253115f,0.0000028076798021561425f,0.000006826091846252916f,1.0032618406775287f,0.000006807353819406775f,-0.000005941584219481973f,-0.0000042845665988768085f,0.43210697563260003f,0.0000028528108493771616f,0.000007537540122040299f,-0.000005920047226695805f,0.1615607958503364f,0f,0f,0f,1f], start_interpolation: 0, interpolation_duration: 1 }
$data merge entity $(bone_finger_left_2) { transformation: [0.8382006679003094f,0.3488090585677493f,0.8480321255863974f,0.6376649716159527f,0.8457042271206963f,-0.738146278791105f,-0.5322884897976448f,0.6615583497006052f,0.3544158653272848f,0.9364181313932108f,-0.7354706538240575f,0.47978080787826055f,0f,0f,0f,1f], start_interpolation: 0, interpolation_duration: 1 }
$data merge entity $(bone_finger_film_left) { transformation: [-0.11090353846024346f,0.2593017665631752f,0.8134235082343803f,0.7063991253301143f,1.069741359789648f,0.12434696031958312f,-0.08253422812673024f,0.7494057172731786f,-0.3045467084977883f,0.34235012255234815f,-0.5861229748168874f,0.4495476759991394f,0f,0f,0f,1f], start_interpolation: 0, interpolation_duration: 1 }
$data merge entity $(bone_finger_left_0_fire) { transformation: [-0.0000026405857020767964f,0.000010069675081724044f,0.000013015634009769611f,1.2648134595111176f,0.000015501986475508793f,0.000005945558538875522f,-0.0000014548287705859708f,0.7015212799381534f,-0.000005522092016700548f,0.000011875594940342489f,-0.000010307983427896154f,0.02763046909366157f,0f,0f,0f,1f], start_interpolation: 0, interpolation_duration: 1 }
$data merge entity $(bone_finger_left_0_fire_s) { transformation: [-0.0000015843514212460778f,0.000006041805049034426f,0.000007809380405861766f,1.2648134595111176f,0.000009301191885305276f,0.000003567335123325313f,-8.728972623515825e-7f,0.7015212799381534f,-0.0000033132552100203284f,0.0000071253569642054925f,-0.000006184790056737693f,0.02763046909366157f,0f,0f,0f,1f], start_interpolation: 0, interpolation_duration: 1 }
$data merge entity $(bone_fire_large_left) { transformation: [-0.000004224937123322874f,0.00001611148013075847f,0.000020825014415631376f,1.204223392609085f,0.000024803178360814067f,0.000009512893662200833f,-0.000002327726032937553f,0.6608997193094724f,-0.000008835347226720876f,0.000019000951904547978f,-0.000016492773484633846f,-0.053268587721418126f,0f,0f,0f,1f], start_interpolation: 0, interpolation_duration: 1 }
$data merge entity $(bone_finger_left_0) { transformation: [-0.23172189168540464f,0.8836540153797346f,1.142173621502472f,0.6731674472436578f,1.3603609336221365f,0.521746395381519f,-0.127667007563282f,0.7381178224050216f,-0.4845855247812394f,1.042130661504941f,-0.9045665200320134f,0.4109009489507795f,0f,0f,0f,1f], start_interpolation: 0, interpolation_duration: 1 }
$data merge entity $(bone_wing_left_1_model) { transformation: [-0.7166080330496659f,0.7155477425712872f,0.07376610408354238f,0.325661836267756f,0.10814999567937854f,0.004231683060104963f,1.0095854368674644f,0.7081652199933746f,0.7111635454978548f,0.7203822624145141f,-0.07920158202527751f,0.04532393197663993f,0f,0f,0f,1f], start_interpolation: 0, interpolation_duration: 1 }
$data merge entity $(bone_wing_left_0) { transformation: [-0.80655325194765f,0.48703124157769734f,0.33507077088274556f,0.17328984506647216f,0.5884505965621727f,0.7156541275710063f,0.3762513323514012f,0.6044115597654384f,-0.05654862667027016f,0.5006393306741573f,-0.8638069885129652f,0.4749323346224151f,0f,0f,0f,1f], start_interpolation: 0, interpolation_duration: 1 }
$data merge entity $(bone_body_0) { transformation: [-0.9982304877625918f,0.054711588569814916f,0.023292388830372202f,-0.00798609471701309f,0.0590237302316276f,0.8641252115387675f,0.49980377955015914f,0.5536748154431412f,0.007217518327098195f,0.5002941743207163f,-0.8658254134465855f,-0.006863862129110776f,0f,0f,0f,1f], start_interpolation: 0, interpolation_duration: 1 }
$data merge entity $(bone_leg_right_3) { transformation: [-0.9667583094470138f,-0.13918338124078256f,0.21449092638509115f,-0.1948488834224593f,-0.025055339348208035f,0.8863944252321327f,0.46225226109511186f,0.062005108270694526f,-0.2544613940960354f,0.44151207152667993f,-0.8604164628892929f,-0.5518636259992575f,0f,0f,0f,1f], start_interpolation: 0, interpolation_duration: 1 }
$data merge entity $(bone_leg_right_2) { transformation: [-0.8984012574602716f,0.25129424293973546f,0.36017549064192f,-0.1487787672643667f,0.37407925780346f,0.8675292947441546f,0.32780730870729896f,0.20577564656224967f,-0.2300866999090019f,0.4292366785656313f,-0.8733933731709497f,-0.47084144619611995f,0f,0f,0f,1f], start_interpolation: 0, interpolation_duration: 1 }
$data merge entity $(bone_leg_right_1) { transformation: [-0.9253101914183346f,0.26834547654130236f,0.2679398344352443f,-0.24293899735263985f,0.29195383027544003f,0.9550305851501202f,0.05176429672388866f,0.17664652492579885f,-0.24200002199352044f,0.1261240922569537f,-0.9620440232689432f,-0.16527097027842175f,0f,0f,0f,1f], start_interpolation: 0, interpolation_duration: 1 }
$data merge entity $(bone_leg_right_0) { transformation: [-0.9253101914183346f,0.3790173306236921f,0.012120756752597904f,-0.09059478035749481f,0.29195383027544003f,0.7324281871887418f,-0.6150706557777839f,0.4687973937265577f,-0.24200002199352044f,-0.5655924448737839f,-0.7883788275041583f,-0.29371813391300666f,0f,0f,0f,1f], start_interpolation: 0, interpolation_duration: 1 }
$data merge entity $(bone_leg_left_3) { transformation: [-0.9944984634810949f,0.038270303011465404f,-0.09750994842143919f,0.23718469847216622f,-0.019265358425901737f,0.8481705570193732f,0.5293727913013361f,0.057694845676707546f,0.10296432439666969f,0.5283389916643074f,-0.8427670246210873f,-0.5439289306822338f,0f,0f,0f,1f], start_interpolation: 0, interpolation_duration: 1 }
$data merge entity $(bone_leg_left_2) { transformation: [-0.8976256597383045f,-0.3715602120886497f,-0.23708897859666742f,0.16967756796583106f,-0.4080860029736086f,0.9038501753145094f,0.1285327769907526f,0.20886988440195697f,0.16653524899070865f,0.21212701236893014f,-0.9629476317365522f,-0.4998164392457305f,0f,0f,0f,1f], start_interpolation: 0, interpolation_duration: 1 }
$data merge entity $(bone_leg_left_1) { transformation: [-0.9274640437977422f,-0.30186310774620273f,-0.2206560936030185f,0.2491711051354466f,-0.3273437157075108f,0.9407059861736724f,0.08898505135031848f,0.16817754367736593f,0.1807112039944951f,0.15476082113643252f,-0.9712839692860359f,-0.19141267570713f,0f,0f,0f,1f], start_interpolation: 0, interpolation_duration: 1 }
$data merge entity $(bone_leg_left_0) { transformation: [-0.9274640437977422f,-0.3736185660454349f,0.014819398384976687f,0.09656997323144083f,-0.3273437157075108f,0.7921610319337123f,-0.5150990111352538f,0.472372432206981f,0.1807112039944951f,-0.48258684875560887f,-0.857002563682858f,-0.2875268202059662f,0f,0f,0f,1f], start_interpolation: 0, interpolation_duration: 1 }
$data merge entity $(bone_tail_3) { transformation: [-2.0443403701396647f,0.7308895196571413f,-1.1184724788328948f,-0.20868643446469817f,-1.136828876312218f,0.12263256748380523f,2.1580289813181515f,0.7124996149668537f,0.7019973517285848f,2.327073159202717f,0.23756673739892636f,-1.511581997866403f,0f,0f,0f,1f], start_interpolation: 0, interpolation_duration: 1 }
$data merge entity $(bone_tail_2) { transformation: [-1.0595399862878554f,0.027252289485950307f,-0.462110801296513f,-0.019573530090549206f,-0.30432625743403335f,0.8287495805591681f,0.7466416304085899f,0.402535984728026f,0.34881887705989456f,0.8058197738581357f,-0.7522592276375859f,-1.207577198957584f,0f,0f,0f,1f], start_interpolation: 0, interpolation_duration: 1 }
$data merge entity $(bone_tail_1) { transformation: [-1.3772816587752794f,-0.03859699834775755f,-0.1448614662273428f,0.024000139307373207f,-0.07874765778618002f,1.3254107123484977f,0.39555605198608257f,0.2774788335723326f,0.12756715514654648f,0.40146737798751353f,-1.31982192193395f,-0.8143313209982904f,0f,0f,0f,1f], start_interpolation: 0, interpolation_duration: 1 }
$data merge entity $(bone_tail_0) { transformation: [-1.1970436808977294f,-0.01703687753367761f,0.04243242986791f,0.011126560340959754f,-0.022864760270813276f,1.1857217883735796f,-0.16895379129127702f,0.3465844473728196f,-0.03959758879465854f,-0.16964057786343636f,-1.1851828743200716f,-0.46506376505980346f,0f,0f,0f,1f], start_interpolation: 0, interpolation_duration: 1 }
$data merge entity $(bone_body_1) { transformation: [-1.0200893976345866f,-0.002972963061290512f,0.03885198538796207f,2.586604569301605e-17f,-0.019484752230780007f,0.9203798538111181f,-0.4411597936956339f,0.48947125f,-0.033744032190230755f,-0.4415798689180762f,-0.9197658691766528f,-0.21121229166666666f,0f,0f,0f,1f], start_interpolation: 0, interpolation_duration: 1 }
data modify entity @s data merge value {"locators":{"body_1":{"posx":0.004368377386185673,"posy":0.2630940960284085,"posz":-0.21255275686104744,"roty":2.4188027446179206,"rotx":-25.604497164404922},"body_0":{"posx":-0.020406868295037777,"posy":0.33302722273887053,"posz":0.07968238445392607,"roty":1.5409963116416066,"rotx":29.98701900841437},"neck_1":{"posx":-0.04267243869647271,"posy":0.15207555175302181,"posz":0.3896844432382247,"roty":0.7404122452410036,"rotx":42.63436760465316},"neck_0":{"posx":-0.03800797954939886,"posy":-0.016326187296233252,"posz":0.678887034541613,"roty":358.5304671513072,"rotx":25.228928320429368},"head_0":{"posx":0.00024170860749732391,"posy":-0.14503681983618832,"posz":1.0000237060230055,"roty":353.2440175854883,"rotx":1.2183107180152382},"arm_right_0":{"posx":-0.3275383097846125,"posy":-0.10000421127762732,"posz":0.3630318735358555,"roty":338.20554638283255,"rotx":-37.83973915119559},"arm_left_0":{"posx":0.3902313856747357,"posy":-0.09644737621116106,"posz":0.404017008470809,"roty":4.394107651670225,"rotx":-45.17500804957333},"finger_right_0":{"posx":-0.524335053987916,"posy":0.7095546238347088,"posz":0.5173122571556295,"roty":321.4879506775914,"rotx":16.888601375726793},"finger_right_1":{"posx":-0.9858582330021199,"posy":0.8467604443169631,"posz":0.15211918800496738,"roty":321.4879506775914,"rotx":16.888601375726793},"finger_right_2":{"posx":-1.3896266112168487,"posy":1.025883873810201,"posz":-0.31187084116444463,"roty":321.4879506775914,"rotx":16.888601375726793},"finger_right_3":{"posx":-1.8229390410873128,"posy":1.2181136944207913,"posz":-0.8098108695774834,"roty":321.4879506775914,"rotx":16.888601375726793},"finger_left_0":{"posx":0.5198187028297596,"posy":0.6416699794835898,"posz":0.45249721069846344,"roty":40.31215234458483,"rotx":9.64556181045947},"finger_left_1":{"posx":1.0012395445661535,"posy":0.7311912617453982,"posz":0.09835744611209388,"roty":40.31215234458483,"rotx":9.64556181045947},"finger_left_2":{"posx":1.4309071288011386,"posy":0.8365997320974441,"posz":-0.3649736178625948,"roty":40.31215234458483,"rotx":9.64556181045947},"finger_left_3":{"posx":1.8920137996295028,"posy":0.9497209264533809,"posz":-0.8622064317569234,"roty":40.31215234458483,"rotx":9.64556181045947},"leg_right_0":{"posx":-0.2960619892833366,"posy":0.07366764527317769,"posz":-0.08850375626325621,"roty":0.8808119563370269,"rotx":-37.95705444290887},"leg_left_0":{"posx":0.3016034518993155,"posy":0.057132555939998345,"posz":-0.12629918413226965,"roty":0.9906672426211003,"rotx":-31.00407325745459},"tail_0":{"posx":0.020132871184351062,"posy":0.13856578538906153,"posz":-0.6172106716911735,"roty":2.0504524786129537,"rotx":-8.10801288857574},"tail_1":{"posx":0.0037020102937617774,"posy":0.17077563566668497,"posz":-1.099348790185387,"roty":353.73638230489235,"rotx":16.589583815379708},"tail_2":{"posx":-0.1280992618460014,"posy":0.4242674691164806,"posz":-1.5182653473086214,"roty":328.4377068268054,"rotx":40.221489439732935},"tail_3":{"posx":-0.3735896325069002,"posy":0.8875060183552805,"posz":-1.7084003073245286,"roty":258.00842682234634,"rotx":62.08327725400145},"tail_4":{"posx":-0.5739519549115801,"posy":1.2740937142498627,"posz":-1.6658427798643798,"roty":258.00842682234634,"rotx":62.08327725400145},"shadow":{"posx":1.696646086318728e-17,"posy":0.1875,"posz":-0.1385416666666666,"roty":0,"rotx":-1.4033418597069752e-14}},"cameras":{}}