# This file was generated by Animated Java via MC-Build. It is not recommended to edit this file directly.
$data merge entity $(bone_head_lower) { transformation: [-0.9933706194521987f,0.028650102282414543f,-0.11132827155921463f,0.01642251757443595f,0.03808023731033684f,0.9957778534313662f,-0.0835246199752443f,0.10224693259192356f,0.1084652383740684f,-0.08721031048464253f,-0.9902674657937764f,0.9148692876148667f,0f,0f,0f,1f], start_interpolation: 0, interpolation_duration: 1 }
$data merge entity $(bone_head_upper) { transformation: [-0.9933706194521987f,0.04293625205879813f,-0.10663625400537288f,0.01566976064245262f,0.03808023731033684f,0.9981609864563668f,0.04716503623279657f,0.11611600355840346f,0.1084652383740684f,0.04279162740064845f,-0.9931788200967941f,0.8995334605938443f,0f,0f,0f,1f], start_interpolation: 0, interpolation_duration: 1 }
$data merge entity $(bone_neck_0) { transformation: [-0.9818888891429718f,0.108238735074143f,-0.15549464816234163f,-0.015365108685668219f,0.09494112346346541f,0.9913552787467631f,0.0905587896143849f,0.11628650571365569f,0.16395240911031447f,0.07415583274751136f,-0.9836770405048838f,0.7135672634460875f,0f,0f,0f,1f], start_interpolation: 0, interpolation_duration: 1 }
$data merge entity $(bone_neck_1) { transformation: [-0.9946632941288497f,0.09313582048886529f,-0.0443920066522274f,-0.022368715961142566f,0.0674064703933927f,0.9123543166934285f,0.40381427483432475f,0.19401016536744647f,0.07811081270765402f,0.3986669283408553f,-0.9137633069813084f,0.5573109370344244f,0f,0f,0f,1f], start_interpolation: 0, interpolation_duration: 1 }
$data merge entity $(bone_neck_2) { transformation: [-0.9946632941288497f,0.10217414457403189f,-0.014330927859366634f,-0.011057325447123907f,0.0674064703933927f,0.7486984825535449f,0.6594747530960708f,0.4500856003963176f,0.07811081270765402f,0.6549893330448853f,-0.7515900974171797f,0.48036747592371676f,0f,0f,0f,1f], start_interpolation: 0, interpolation_duration: 1 }
$data merge entity $(bone_arm_right_2) { transformation: [-0.9573216888778187f,-0.0019344956700128313f,-0.28901806471330427f,-0.39401313133180427f,-0.004334438786898709f,0.9999612371970736f,0.007663990063978499f,0.04040094171403169f,0.2889920356074257f,0.008589635021398256f,-0.9572929653589202f,0.3767018424964056f,0f,0f,0f,1f], start_interpolation: 0, interpolation_duration: 1 }
$data merge entity $(bone_arm_right_1) { transformation: [-0.8083421201960623f,-0.519515184497498f,-0.2769241589198484f,-0.43709457047383793f,-0.25343059078678654f,0.7316482087155035f,-0.6328221190325569f,0.3049481444585036f,0.5313717647470507f,-0.44135572020755076f,-0.723083104400648f,0.1589808030096384f,0f,0f,0f,1f], start_interpolation: 0, interpolation_duration: 1 }
$data merge entity $(bone_arm_right_0) { transformation: [-0.6212305834267503f,0.7832382696600061f,-0.024705771699322684f,-0.1740743112140434f,0.11209903603618188f,0.12002689000190578f,0.9864214879027267f,0.3566754169685449f,0.7755684162825469f,0.6100257032424696f,-0.16236462991831618f,0.3352501028647479f,0f,0f,0f,1f], start_interpolation: 0, interpolation_duration: 1 }
$data merge entity $(bone_arm_left_2) { transformation: [-0.9993658019047285f,-0.03452333073345808f,0.008725458061778962f,0.44384780289798076f,-0.03376440690071422f,0.9965519932587067f,0.07578977212488291f,0.051144674669377055f,-0.011311887992841742f,0.07544709647936715f,-0.9970856416691949f,0.3607651793962188f,0f,0f,0f,1f], start_interpolation: 0, interpolation_duration: 1 }
$data merge entity $(bone_arm_left_1) { transformation: [-0.9728926642237149f,0.22901878296737432f,0.03209767823106974f,0.3714697989988081f,0.13774228646395237f,0.6853594852675003f,-0.7150590454455837f,0.28397659596081365f,-0.1857604005684877f,-0.6912544922110884f,-0.6983267863820098f,0.11623623449811177f,0f,0f,0f,1f], start_interpolation: 0, interpolation_duration: 1 }
$data merge entity $(bone_arm_left_0) { transformation: [-0.7357091255780981f,-0.6528200014779738f,-0.18043871040164597f,0.1444956076177937f,-0.3769688193029783f,0.1733486750808939f,0.9098597398066456f,0.34600258579897586f,-0.5626958253038927f,0.7374118811885233f,-0.3736269873384067f,0.33432274624370084f,0f,0f,0f,1f], start_interpolation: 0, interpolation_duration: 1 }
$data merge entity $(bone_finger_right_1_fire) { transformation: [-0.000014577526664170501f,3.8551357159913367e-7f,-0.000008069998353115625f,-1.1152566130564177f,-0.000002884296013621054f,0.00001530232740492089f,0.000005941160684259812f,1.3119097709709227f,0.000007546809301882859f,0.000006593021542244323f,-0.000013317489030680459f,-0.2749829149728995f,0f,0f,0f,1f], start_interpolation: 0, interpolation_duration: 1 }
$data merge entity $(bone_finger_right_1_fire_s) { transformation: [-0.0000087465159985023f,2.3130814295948018e-7f,-0.000004841999011869375f,-1.1152566130564177f,-0.0000017305776081726324f,0.000009181396442952533f,0.0000035646964105558872f,1.3119097709709227f,0.0000045280855811297155f,0.000003955812925346594f,-0.000007990493418408275f,-0.2749829149728995f,0f,0f,0f,1f], start_interpolation: 0, interpolation_duration: 1 }
$data merge entity $(bone_finger_right_1) { transformation: [-1.738900676672908f,0.04598652610720289f,-0.9626410515490916f,-0.6129915981992495f,-0.3440572879992065f,1.825359547754355f,0.7086996698468896f,0.9104976417776371f,0.9002317131081194f,0.7864578048967732f,-1.5885953235093613f,0.5400429009889676f,0f,0f,0f,1f], start_interpolation: 0, interpolation_duration: 1 }
$data merge entity $(bone_finger_right_2_fire) { transformation: [0.0000119547202967422f,-0.000006960937177953981f,-0.000009295579272375456f,-0.9642956474852439f,-0.000010466292360275801f,-0.000012238575846743369f,-0.000004295551565342895f,0.5824508650029497f,-0.000005031815242402127f,0.00000891854206840253f,-0.000013149837281055678f,0.13431584306028554f,0f,0f,0f,1f], start_interpolation: 0, interpolation_duration: 1 }
$data merge entity $(bone_finger_right_2_fire_s) { transformation: [0.0000071728321780453194f,-0.000004176562306772388f,-0.000005577347563425273f,-0.9642956474852439f,-0.000006279775416165481f,-0.000007343145508046021f,-0.000002577330939205737f,0.5824508650029497f,-0.000003019089145441276f,0.000005351125241041517f,-0.000007889902368633407f,0.13431584306028554f,0f,0f,0f,1f], start_interpolation: 0, interpolation_duration: 1 }
$data merge entity $(bone_finger_right_2) { transformation: [0.8911090350712672f,-0.5188706935727019f,-0.6928957324156116f,-0.665797515340717f,-0.7801610957372842f,-0.9122677271177969f,-0.3201919171237072f,0.7202105129279934f,-0.3750732693039893f,0.6647912472684483f,-0.9801934733729384f,0.557983312066547f,0f,0f,0f,1f], start_interpolation: 0, interpolation_duration: 1 }
$data merge entity $(bone_finger_film_right) { transformation: [-0.16529452794600671f,-0.31955153978387363f,-0.6876996361289089f,-0.7276696353734855f,-1.1050808258996783f,0.056004309014378556f,0.08340539028890823f,0.8153558692600733f,0.029478069889927978f,0.30765810551436573f,-0.7294673368341593f,0.5361936798864171f,0f,0f,0f,1f], start_interpolation: 0, interpolation_duration: 1 }
$data merge entity $(bone_finger_right_0_fire) { transformation: [-0.0000036199539297071913f,-0.000012142114611224442f,-0.000010827869785533321f,-1.1960859608920338f,-0.000016217012565022225f,0.000003577475547549485f,0.0000014099467899089107f,0.885496747439834f,0.0000012970022322596032f,0.000010841978567233628f,-0.000012591547312976988f,0.01869969863011456f,0f,0f,0f,1f], start_interpolation: 0, interpolation_duration: 1 }
$data merge entity $(bone_finger_right_0_fire_s) { transformation: [-0.000002171972357824315f,-0.000007285268766734665f,-0.000006496721871319992f,-1.1960859608920338f,-0.000009730207539013334f,0.000002146485328529691f,8.459680739453463e-7f,0.885496747439834f,7.782013393557619e-7f,0.000006505187140340176f,-0.000007554928387786192f,0.01869969863011456f,0f,0f,0f,1f], start_interpolation: 0, interpolation_duration: 1 }
$data merge entity $(bone_fire_large_right) { transformation: [-0.000005791926287531506f,-0.000019427383377959105f,-0.00001732459165685331f,-1.1212331568888059f,-0.000025947220104035557f,0.000005723960876079176f,0.0000022559148638542565f,0.8613431433883032f,0.0000020752035716153648f,0.000017347165707573804f,-0.000020146475700763177f,-0.056663328995161244f,0f,0f,0f,1f], start_interpolation: 0, interpolation_duration: 1 }
$data merge entity $(bone_finger_right_0) { transformation: [-0.3176653466486766f,-1.0655188220405243f,-0.9501886144629463f,-0.68771132781685f,-1.4231073152056462f,0.3139376997627688f,0.12372843535299678f,0.8115473490756806f,0.1138171014646534f,0.9514267161395555f,-1.1049583281142996f,0.5028146544099106f,0f,0f,0f,1f], start_interpolation: 0, interpolation_duration: 1 }
$data merge entity $(bone_wing_right_1_model) { transformation: [-0.7902559360695802f,-0.6346455525366274f,-0.060808397397979455f,-0.3817466026843093f,-0.01401237733204196f,-0.07953115318337897f,1.0121539072674006f,0.8244334553873552f,-0.6373980638738528f,0.7885917203221455f,0.053140284634757236f,0.10091491737420602f,0f,0f,0f,1f], start_interpolation: 0, interpolation_duration: 1 }
$data merge entity $(bone_wing_right_0) { transformation: [-0.8354644851588545f,-0.35383031538686005f,-0.42047972834785424f,-0.1800256467662609f,-0.5472792685187129f,0.6051057114127644f,0.5782149083734132f,0.6186256903171085f,0.049844721765425065f,0.7131978588925286f,-0.6991883278368138f,0.46901451975898256f,0f,0f,0f,1f], start_interpolation: 0, interpolation_duration: 1 }
$data merge entity $(bone_finger_left_1_fire) { transformation: [-0.000014445834163017897f,-5.597861424462124e-7f,0.0000082935090635441f,1.1132791331993213f,0.0000015416643272786225f,0.00001615990358839388f,0.000003776051495092302f,1.0985986724356978f,-0.000008168165290587565f,0.0000040400412456208225f,-0.000013954817100094892f,-0.42803026126971283f,0f,0f,0f,1f], start_interpolation: 0, interpolation_duration: 1 }
$data merge entity $(bone_finger_left_1_fire_s) { transformation: [-0.000008667500497810738f,-3.3587168546772744e-7f,0.0000049761054381264605f,1.1132791331993213f,9.249985963671735e-7f,0.000009695942153036327f,0.0000022656308970553813f,1.0985986724356978f,-0.000004900899174352539f,0.0000024240247473724934f,-0.000008372890260056935f,-0.42803026126971283f,0f,0f,0f,1f], start_interpolation: 0, interpolation_duration: 1 }
$data merge entity $(bone_finger_left_1) { transformation: [-1.7231915523034176f,-0.06677487370229586f,0.9893028395575468f,0.5974673685221403f,0.18389958760948866f,1.9276567234065876f,0.45043158906417835f,0.8301289333464704f,-0.9743510321191444f,0.4819219760416236f,-1.664619894528759f,0.4319297063515944f,0f,0f,0f,1f], start_interpolation: 0, interpolation_duration: 1 }
$data merge entity $(bone_finger_left_2_fire) { transformation: [0.00001182374756321016f,0.000006837598187344256f,0.000009551126759062845f,0.9573197781841343f,0.000011214583105338562f,-0.000010602443479959645f,-0.0000062927812456412155f,0.4434130255690889f,0.0000034942663196606193f,0.000010890969702485887f,-0.000012122485702387842f,0.09046123304134246f,0f,0f,0f,1f], start_interpolation: 0, interpolation_duration: 1 }
$data merge entity $(bone_finger_left_2_fire_s) { transformation: [0.000007094248537926096f,0.000004102558912406553f,0.000005730676055437707f,0.9573197781841343f,0.000006728749863203137f,-0.000006361466087975787f,-0.000003775668747384729f,0.4434130255690889f,0.0000020965597917963714f,0.000006534581821491532f,-0.000007273491421432704f,0.09046123304134246f,0f,0f,0f,1f], start_interpolation: 0, interpolation_duration: 1 }
$data merge entity $(bone_finger_left_2) { transformation: [0.8813462816733323f,0.5096769620440063f,0.71194433151491f,0.6505903231941443f,0.8359389497760231f,-0.7903098478514098f,-0.4690661165235321f,0.6455349220396449f,0.26046383446071436f,0.8118166934626936f,-0.9036143271259853f,0.48114878108077586f,0f,0f,0f,1f], start_interpolation: 0, interpolation_duration: 1 }
$data merge entity $(bone_finger_film_left) { transformation: [-0.16853745878984996f,0.3136318696730595f,0.7007348554758897f,0.7125246607871197f,1.0849197139965119f,0.10673137506609437f,-0.03047624299733355f,0.7363367058368105f,-0.20961681352131487f,0.3002443055196764f,-0.7211461052400902f,0.44544499940956817f,0f,0f,0f,1f], start_interpolation: 0, interpolation_duration: 1 }
$data merge entity $(bone_finger_left_0_fire) { transformation: [-0.000003651402714057478f,0.000011927811179177505f,0.00001105316047433673f,1.1901538853951892f,0.000015774688984599f,0.0000053498657242591f,-5.6205155399335e-7f,0.7254218472730496f,-0.000003950218150523128f,0.000010338473532589984f,-0.000012461521550637052f,-0.06825219457094456f,0f,0f,0f,1f], start_interpolation: 0, interpolation_duration: 1 }
$data merge entity $(bone_finger_left_0_fire_s) { transformation: [-0.000002190841628434487f,0.000007156686707506503f,0.000006631896284602038f,1.1901538853951892f,0.000009464813390759399f,0.0000032099194345554596f,-3.3723093239600993e-7f,0.7254218472730496f,-0.000002370130890313877f,0.0000062030841195539905f,-0.000007476912930382231f,-0.06825219457094456f,0f,0f,0f,1f], start_interpolation: 0, interpolation_duration: 1 }
$data merge entity $(bone_fire_large_left) { transformation: [-0.000005842244342491965f,0.000019084497886684005f,0.000017685056758938767f,1.1167865710178777f,0.000025239502375358395f,0.000008559785158814559f,-8.992824863893598e-7f,0.6889998168363655f,-0.000006320349040837005f,0.000016541557652143975f,-0.000019938434481019282f,-0.1400616484652744f,0f,0f,0f,1f], start_interpolation: 0, interpolation_duration: 1 }
$data merge entity $(bone_finger_left_0) { transformation: [-0.3204251024843321f,1.0467128440222633f,0.9699587679359334f,0.6732017022496796f,1.384291662787276f,0.4694719830199899f,-0.04932225801784357f,0.7269614293218809f,-0.3466473448255528f,0.9072421479170631f,-1.093548050616565f,0.41241259664079827f,0f,0f,0f,1f], start_interpolation: 0, interpolation_duration: 1 }
$data merge entity $(bone_wing_left_1_model) { transformation: [-0.7297912955074354f,0.7021542496171804f,0.07321992753311046f,0.33254514834413235f,0.09940870022289235f,-0.0020514401776682775f,1.0104903685612407f,0.7002267349620765f,0.6989275057997177f,0.7334523054565797f,-0.06726916306045051f,0.040199980264942224f,0f,0f,0f,1f], start_interpolation: 0, interpolation_duration: 1 }
$data merge entity $(bone_wing_left_0) { transformation: [-0.7907638318101957f,0.49354850162834796f,0.3620807076347334f,0.16874345107703506f,0.6065016989161581f,0.711701753387395f,0.3544521172699086f,0.6069411166069041f,-0.08275416311382966f,0.4998904787708203f,-0.8621260103497687f,0.4679992533669528f,0f,0f,0f,1f], start_interpolation: 0, interpolation_duration: 1 }
$data merge entity $(bone_body_0) { transformation: [-0.9994350394724302f,0.030449603770270152f,0.014227561455696914f,-0.009103475181480558f,0.03348339190453038f,0.8654261426107865f,0.4999164471713067f,0.55140816560697f,0.002909354105245794f,0.5001104011276387f,-0.865956767017062f,-0.014545377674243049f,0f,0f,0f,1f], start_interpolation: 0, interpolation_duration: 1 }
$data merge entity $(bone_leg_right_3) { transformation: [-0.966410674134292f,-0.13663634434991717f,0.2176715836345984f,-0.19350721065137094f,-0.02529017567748887f,0.893411070779074f,0.4485276642790165f,0.0611239408382242f,-0.2557553830000552f,0.42795696981364784f,-0.8668575523431837f,-0.5647527092945623f,0f,0f,0f,1f], start_interpolation: 0, interpolation_duration: 1 }
$data merge entity $(bone_leg_right_2) { transformation: [-0.89827269517028f,0.25032269853549705f,0.3611713052132295f,-0.14761112222600226f,0.3738554004105764f,0.8672805542265792f,0.32871960672324496f,0.20484689942214704f,-0.2309508707395767f,0.4303056900139064f,-0.8726389336067278f,-0.483547554614269f,0f,0f,0f,1f], start_interpolation: 0, interpolation_duration: 1 }
$data merge entity $(bone_leg_right_1) { transformation: [-0.9251274602655004f,0.26773193675663426f,0.2691817087085346f,-0.24215985368159634f,0.2917275907913462f,0.955048038752393f,0.05270916852203689f,0.17541343697689826f,-0.24296953519686718f,0.12729043057413725f,-0.9616459594104626f,-0.1781262405597677f,0f,0f,0f,1f], start_interpolation: 0, interpolation_duration: 1 }
$data merge entity $(bone_leg_right_0) { transformation: [-0.9251274602655004f,0.3792492157836849f,0.017584498575869682f,-0.09015869892018824f,0.2917275907913462f,0.7397450726421483f,-0.6063598273902547f,0.46942248799938857f,-0.24296953519686718f,-0.5558302437157612f,-0.7949959403274307f,-0.30268101287590576f,0f,0f,0f,1f], start_interpolation: 0, interpolation_duration: 1 }
$data merge entity $(bone_leg_left_3) { transformation: [-0.9953367153641933f,0.02694784485864299f,-0.09262093016966043f,0.2422550615762969f,-0.02482613480652846f,0.8562758903530436f,0.5159217601833351f,0.05671854870875767f,0.09321204899897156f,0.515815289864092f,-0.8516138213203425f,-0.5542796422658636f,0f,0f,0f,1f], start_interpolation: 0, interpolation_duration: 1 }
$data merge entity $(bone_leg_left_2) { transformation: [-0.8967731702020504f,-0.37904666894424865f,-0.22830134464788696f,0.17341059467089437f,-0.41278546468247684f,0.9024773241820746f,0.12305624520533065f,0.20766791347885621f,0.15939272678712735f,0.20459301576405758f,-0.9657824064187193f,-0.5114807456033292f,0f,0f,0f,1f], start_interpolation: 0, interpolation_duration: 1 }
$data merge entity $(bone_leg_left_1) { transformation: [-0.9272332571524822f,-0.3090064248040168f,-0.21155026887299877f,0.25008664249524454f,-0.3321656525457694f,0.9395112719683251f,0.08357361493499676f,0.1687509930578f,0.1729290782351013f,0.14776196829461702f,-0.9737874175745231f,-0.20213590985342467f,0f,0f,0f,1f], start_interpolation: 0, interpolation_duration: 1 }
$data merge entity $(bone_leg_left_0) { transformation: [-0.9272332571524822f,-0.37393492327602496f,0.020277080286666572f,0.09696428165867749f,-0.3321656525457694f,0.7962407991125909f,-0.5056348179243452f,0.47350748644119717f,0.1729290782351013f,-0.47557676875883653f,-0.8625092874384961f,-0.29560562040803906f,0f,0f,0f,1f], start_interpolation: 0, interpolation_duration: 1 }
$data merge entity $(bone_tail_3) { transformation: [-2.043890045119316f,0.7200618604168324f,-1.1262913146558657f,-0.20355364873276416f,-1.150756128834236f,0.09939781272149971f,2.1518336672732525f,0.7260811464857608f,0.6802804864514567f,2.331552855251894f,0.2561005032289813f,-1.5183276395366738f,0f,0f,0f,1f], start_interpolation: 0, interpolation_duration: 1 }
$data merge entity $(bone_tail_2) { transformation: [-1.0601330425884787f,0.021039376688170724f,-0.4610741145853539f,-0.014833910310511927f,-0.3113985114310449f,0.8199555130948069f,0.7534042647370411f,0.4133924160685811f,0.340680145577379f,0.814950528359854f,-0.7461278290181718f,-1.2168800012457441f,0f,0f,0f,1f], start_interpolation: 0, interpolation_duration: 1 }
$data merge entity $(bone_tail_1) { transformation: [-1.377585845501994f,-0.04455448956465845f,-0.14018372234309842f,0.02736859011514725f,-0.08439280773988518f,1.3208092283907715f,0.4095365386352376f,0.28417146393829856f,0.12047585879383864f,0.41576101300529045f,-1.3160576308773408f,-0.8248325924540032f,0f,0f,0f,1f], start_interpolation: 0, interpolation_duration: 1 }
$data merge entity $(bone_tail_0) { transformation: [-1.1967765145815432f,-0.019996227858477093f,0.048274893011406216f,0.012712670301034155f,-0.026126295028729846f,1.187450164080512f,-0.15583281044444813f,0.3494079995571184f,-0.04525186329757724f,-0.15673735666514033f,-1.1867560870589624f,-0.4748918275233547f,0f,0f,0f,1f], start_interpolation: 0, interpolation_duration: 1 }
$data merge entity $(bone_body_1) { transformation: [-1.019861725469489f,-0.003880971423879881f,0.044358690553802115f,2.6886584692305512e-17f,-0.022264147067961083f,0.9251468603501554f,-0.4309388459909719f,0.48947125f,-0.038562457418804943f,-0.4314961405267739f,-0.9243509679947145f,-0.219545625f,0f,0f,0f,1f], start_interpolation: 0, interpolation_duration: 1 }