# This file was generated by Animated Java via MC-Build. It is not recommended to edit this file directly.
$data merge entity $(bone_head_lower) { transformation: [-0.9964752805653533f,0.0028484396795535848f,-0.08383854491576186f,0.018577538570256503f,0.007748761472220496f,0.9982759012387569f,-0.05818231433686619f,0.10913881069936432f,0.08352827017152283f,-0.05862688288950042f,-0.9947793306481659f,0.9144581080840078f,0f,0f,0f,1f], start_interpolation: 0, interpolation_duration: 1 }
$data merge entity $(bone_head_upper) { transformation: [-0.9964752805653533f,0.013767196912350826f,-0.08274949855664887f,0.017823632753964043f,0.007748761472220496f,0.9973298284614163f,0.07261659560161346f,0.12341505128185568f,0.08352827017152283f,0.07171943634955738f,-0.9939211993573002f,0.8995006369160058f,0f,0f,0f,1f], start_interpolation: 0, interpolation_duration: 1 }
$data merge entity $(bone_neck_0) { transformation: [-0.9838376030850489f,0.09099305440946606f,-0.15422008560852768f,-0.01267906591943952f,0.07853427668870148f,0.9932768848024164f,0.08504938272668067f,0.12251842195811623f,0.16092214931714072f,0.07156321797154525f,-0.9843692232555366f,0.7134484934285087f,0f,0f,0f,1f], start_interpolation: 0, interpolation_duration: 1 }
$data merge entity $(bone_neck_1) { transformation: [-0.9961833443903191f,0.06837882511018276f,-0.054250167150614606f,-0.021599896022812738f,0.042752993101553345f,0.9241126839214344f,0.3797208566781408f,0.19613196258214616f,0.07609813361822428f,0.3759522359184392f,-0.9235090635005965f,0.5553108231675091f,0f,0f,0f,1f], start_interpolation: 0, interpolation_duration: 1 }
$data merge entity $(bone_neck_2) { transformation: [-0.9961833443903191f,0.08152738446609581f,-0.03117739471854542f,-0.017046745849135313f,0.042752993101553345f,0.7671576672614627f,0.6400322610172156f,0.45043293394584116f,0.07609813361822428f,0.6362565513565012f,-0.7677152303528662f,0.472045242191584f,0f,0f,0f,1f], start_interpolation: 0, interpolation_duration: 1 }
$data merge entity $(bone_arm_right_2) { transformation: [-0.9749108820594287f,-0.001716778654795026f,-0.22258891417399332f,-0.399916598417341f,0.0025918377389844843f,0.9998149200016784f,-0.01906326622518123f,0.03534901261963408f,0.22258044482667746f,-0.01916190003856083f,-0.9747259959433061f,0.3733327840049845f,0f,0f,0f,1f], start_interpolation: 0, interpolation_duration: 1 }
$data merge entity $(bone_arm_right_1) { transformation: [-0.8274222528174118f,-0.504591002082459f,-0.2464961179409913f,-0.4354597842445342f,-0.24276151145810998f,0.7171855434278464f,-0.6532317696290333f,0.29376558269925346f,0.5063983255275761f,-0.4806587322784475f,-0.7159105523648484f,0.14705586922309472f,0f,0f,0f,1f], start_interpolation: 0, interpolation_duration: 1 }
$data merge entity $(bone_arm_right_0) { transformation: [-0.6255016569582014f,0.778652305381805f,-0.049479940037806695f,-0.1742107263446322f,0.09412433976731344f,0.1382617659743005f,0.9859129235044213f,0.35169074489346114f,0.7745245546823624f,0.612032900580735f,-0.15977309786325083f,0.3240299885315871f,0f,0f,0f,1f], start_interpolation: 0, interpolation_duration: 1 }
$data merge entity $(bone_arm_left_2) { transformation: [-0.9998565753541827f,-0.016917624793259235f,-0.0007891085856950621f,0.43794914335717366f,-0.016934244509068764f,0.9979916863946635f,0.06103953841603843f,0.046356118528318585f,-0.00024512020028972863f,0.061044146799594745f,-0.9981350369852753f,0.36535718473588974f,0f,0f,0f,1f], start_interpolation: 0, interpolation_duration: 1 }
$data merge entity $(bone_arm_left_1) { transformation: [-0.972311415258089f,0.2333394716469654f,0.012775082400010698f,0.36696762715880155f,0.14705751730026706f,0.6534341930505639f,-0.7425616755245588f,0.27055061951812054f,-0.18161662469139112f,-0.7201225217446495f,-0.66965584841158f,0.11248936551449137f,0f,0f,0f,1f], start_interpolation: 0, interpolation_duration: 1 }
$data merge entity $(bone_arm_left_0) { transformation: [-0.7514995901170576f,-0.6383930691019238f,-0.16644114688537937f,0.14449918969738684f,-0.39572419665229924f,0.23432508186136336f,0.8879719118274843f,0.3513335672100123f,-0.527873778698835f,0.7331753169149187f,-0.428722787391715f,0.32907224403796514f,0f,0f,0f,1f], start_interpolation: 0, interpolation_duration: 1 }
$data merge entity $(bone_finger_right_1_fire) { transformation: [-0.000015610894072053034f,9.459167986788181e-7f,-0.000005760469204751861f,-0.9831782258778335f,-0.0000014483692255453626f,0.00001530455225039861f,0.000006438220622119871f,1.3381329853176707f,0.000005655085378260032f,0.000006530979987917105f,-0.000014252862433202444f,-0.3175152181113814f,0f,0f,0f,1f], start_interpolation: 0, interpolation_duration: 1 }
$data merge entity $(bone_finger_right_1_fire_s) { transformation: [-0.00000936653644323182f,5.675500792072908e-7f,-0.0000034562815228511164f,-0.9831782258778335f,-8.690215353272176e-7f,0.000009182731350239166f,0.0000038629323732719225f,1.3381329853176707f,0.000003393051226956019f,0.0000039185879927502625f,-0.000008551717459921467f,-0.3175152181113814f,0f,0f,0f,1f], start_interpolation: 0, interpolation_duration: 1 }
$data merge entity $(bone_finger_right_1) { transformation: [-1.862167354636547f,0.11283500961392094f,-0.6871456337457124f,-0.6257980694902738f,-0.17277075078609433f,1.8256249415619488f,0.7679921604184398f,0.905705304360138f,0.6745747764652774f,0.7790570912306748f,-1.70017264935196f,0.555957533529652f,0f,0f,0f,1f], start_interpolation: 0, interpolation_duration: 1 }
$data merge entity $(bone_finger_right_2_fire) { transformation: [0.000011489282327461681f,-0.000009109752756207731f,-0.000007923797959212504f,-0.9517884803455993f,-0.000011572906977614018f,-0.000011426795380032054f,-0.0000036433431362072606f,0.6043858402034268f,-0.000003441219764145738f,0.000008013646475944736f,-0.000014202719967358677f,0.11033381234422107f,0f,0f,0f,1f], start_interpolation: 0, interpolation_duration: 1 }
$data merge entity $(bone_finger_right_2_fire_s) { transformation: [0.000006893569396477009f,-0.000005465851653724639f,-0.000004754278775527502f,-0.9517884803455993f,-0.000006943744186568411f,-0.000006856077228019232f,-0.0000021860058817243563f,0.6043858402034268f,-0.0000020647318584874425f,0.000004808187885566841f,-0.000008521631980415206f,0.11033381234422107f,0f,0f,0f,1f], start_interpolation: 0, interpolation_duration: 1 }
$data merge entity $(bone_finger_right_2) { transformation: [0.8564151259378082f,-0.6790441588611889f,-0.5906426732089857f,-0.6975329558233051f,-0.8626485366287909f,-0.8517573270059722f,-0.2715760725429868f,0.7212239773473945f,-0.25650972564634067f,0.5973400130931871f,-1.0586757173189043f,0.5678007048544829f,0f,0f,0f,1f], start_interpolation: 0, interpolation_duration: 1 }
$data merge entity $(bone_finger_film_right) { transformation: [-0.26755628835748324f,-0.3492033261638303f,-0.5802487710764606f,-0.7472644830968302f,-1.0851964964741148f,0.0891521911731563f,0.13369688856640094f,0.821197670739067f,0.012532595306538127f,0.26459800244947734f,-0.8108306542188204f,0.5380077197048946f,0f,0f,0f,1f], start_interpolation: 0, interpolation_duration: 1 }
$data merge entity $(bone_finger_right_0_fire) { transformation: [-0.0000052146874121583f,-0.000013030454968505379f,-0.000008988440147489949f,-1.138690369458157f,-0.000015804804894399957f,0.000004818061418849214f,0.0000021845375235791963f,0.9252241917524827f,8.904803317348582e-7f,0.000009207133389699965f,-0.000013864108961662235f,-0.034790565778503035f,0f,0f,0f,1f], start_interpolation: 0, interpolation_duration: 1 }
$data merge entity $(bone_finger_right_0_fire_s) { transformation: [-0.00000312881244729498f,-0.000007818272981103227f,-0.000005393064088493969f,-1.138690369458157f,-0.000009482882936639974f,0.0000028908368513095286f,0.0000013107225141475177f,0.9252241917524827f,5.342881990409148e-7f,0.000005524280033819978f,-0.00000831846537699734f,-0.034790565778503035f,0f,0f,0f,1f], start_interpolation: 0, interpolation_duration: 1 }
$data merge entity $(bone_fire_large_right) { transformation: [-0.000008343499859453279f,-0.000020848727949608606f,-0.000014381504235983917f,-1.0574823271543303f,-0.00002528768783103993f,0.000007708898270158742f,0.0000034952600377267136f,0.8933015665290026f,0.0000014247685307757728f,0.000014731413423519941f,-0.000022182574338659573f,-0.09999888313674321f,0f,0f,0f,1f], start_interpolation: 0, interpolation_duration: 1 }
$data merge entity $(bone_finger_right_0) { transformation: [-0.4576095487993541f,-1.1434742195448468f,-0.7887713519918292f,-0.7039467246639299f,-1.3869344535830515f,0.42280404129815846f,0.1917018512307307f,0.8133084722426155f,0.07814318876905245f,0.8079625533013959f,-1.2166306712189836f,0.5099602089066196f,0f,0f,0f,1f], start_interpolation: 0, interpolation_duration: 1 }
$data merge entity $(bone_wing_right_1_model) { transformation: [-0.8244650166542418f,-0.5904448073821679f,-0.05108276412446135f,-0.4206638471246691f,-0.05217026845791048f,-0.014872321270598829f,1.0139201941922713f,0.7935035972196234f,-0.5903497119878947f,0.8259121179261739f,-0.018261272144924484f,0.09203384983235047f,0f,0f,0f,1f], start_interpolation: 0, interpolation_duration: 1 }
$data merge entity $(bone_wing_right_0) { transformation: [-0.8274016208993723f,-0.30143358112764373f,-0.47386111245981716f,-0.19113607498656407f,-0.5411186412169615f,0.6537310808942938f,0.5289860962258717f,0.6134077079079482f,0.1503235638900319f,0.6940990347503317f,-0.7040094858011906f,0.4573118221516252f,0f,0f,0f,1f], start_interpolation: 0, interpolation_duration: 1 }
$data merge entity $(bone_finger_left_1_fire) { transformation: [-0.000015548881406261807f,-4.523166093602256e-7f,0.0000059837675821074865f,0.9645553336612747f,0.0000013474222674377856f,0.00001593172171468497f,0.000004705579052234273f,1.1508191552449827f,-0.000005847607889128371f,0.000004873749138857074f,-0.000014826659404069118f,-0.4532986580942253f,0f,0f,0f,1f], start_interpolation: 0, interpolation_duration: 1 }
$data merge entity $(bone_finger_left_1_fire_s) { transformation: [-0.000009329328843757083f,-2.7138996561613534e-7f,0.0000035902605492644916f,0.9645553336612747f,8.084533604626713e-7f,0.000009559033028810982f,0.000002823347431340564f,1.1508191552449827f,-0.0000035085647334770227f,0.0000029242494833142445f,-0.00000889599564244147f,-0.4532986580942253f,0f,0f,0f,1f], start_interpolation: 0, interpolation_duration: 1 }
$data merge entity $(bone_finger_left_1) { transformation: [-1.8547700869799082f,-0.05395521999078761f,0.7137820933063064f,0.5922548245513412f,0.16072915156249062f,1.900437729146597f,0.5613115850564384f,0.8249479382330909f,-0.6975400937057226f,0.5813719892773604f,-1.76861882433755f,0.45931802164428215f,0f,0f,0f,1f], start_interpolation: 0, interpolation_duration: 1 }
$data merge entity $(bone_finger_left_2_fire) { transformation: [0.000011857666877348599f,0.000008722351484689634f,0.000007816271398892198f,0.9087160129583287f,0.00001149353392263362f,-0.00001080477782863168f,-0.000005378961965003777f,0.4678117424217575f,0.0000022521527419067147f,0.000009217111175917297f,-0.000013702205931005423f,0.04950132822403108f,0f,0f,0f,1f], start_interpolation: 0, interpolation_duration: 1 }
$data merge entity $(bone_finger_left_2_fire_s) { transformation: [0.000007114600126409159f,0.00000523341089081378f,0.000004689762839335319f,0.9087160129583287f,0.000006896120353580172f,-0.000006482866697179008f,-0.0000032273771790022664f,0.4678117424217575f,0.0000013512916451440288f,0.0000055302667055503775f,-0.000008221323558603253f,0.04950132822403108f,0f,0f,0f,1f], start_interpolation: 0, interpolation_duration: 1 }
$data merge entity $(bone_finger_left_2) { transformation: [0.8838746392209714f,0.6501671324917848f,0.582627605768414f,0.6579065996405302f,0.8567320413299828f,-0.8053919210184453f,-0.40094970750806924f,0.6405256032969546f,0.16787625363518616f,0.6870466930417867f,-1.02136722586922f,0.4909053837526812f,0f,0f,0f,1f], start_interpolation: 0, interpolation_duration: 1 }
$data merge entity $(bone_finger_film_left) { transformation: [-0.2319192135046005f,0.3516362608191526f,0.5852131733987577f,0.7109133038371709f,1.0858865575988788f,0.10526260427921977f,0.028373622268931253f,0.7351262599216287f,-0.12829158888215697f,0.25529375885946043f,-0.8177593309824688f,0.450948016273786f,0f,0f,0f,1f], start_interpolation: 0, interpolation_duration: 1 }
$data merge entity $(bone_finger_left_0_fire) { transformation: [-0.000004694174374532032f,0.00001317074150364259f,0.00000907050566195133f,1.1061692681379196f,0.000015782716372034893f,0.00000533964726152889f,4.14498275179349e-7f,0.7652888177379794f,-0.000002578443064945665f,0.00000870617672370894f,-0.0000139761187743293f,-0.12784085735051343f,0f,0f,0f,1f], start_interpolation: 0, interpolation_duration: 1 }
$data merge entity $(bone_finger_left_0_fire_s) { transformation: [-0.000002816504624719219f,0.000007902444902185554f,0.000005442303397170797f,1.1061692681379196f,0.000009469629823220934f,0.0000032037883569173335f,2.486989651076094e-7f,0.7652888177379794f,-0.0000015470658389673988f,0.000005223706034225364f,-0.00000838567126459758f,-0.12784085735051343f,0f,0f,0f,1f], start_interpolation: 0, interpolation_duration: 1 }
$data merge entity $(bone_fire_large_left) { transformation: [-0.00000751067899925125f,0.000021073186405828144f,0.000014512809059122126f,1.0240336848162475f,0.000025252346195255824f,0.000008543435618446222f,6.631972402869584e-7f,0.7292997686413868f,-0.000004125508903913063f,0.000013929882757934305f,-0.000022361790038926876f,-0.18968306855130723f,0f,0f,0f,1f], start_interpolation: 0, interpolation_duration: 1 }
$data merge entity $(bone_finger_left_0) { transformation: [-0.4119324607083245f,1.155784920642114f,0.7959729270962353f,0.6673920614535778f,1.3849960979436404f,0.46857527229702456f,0.03637387127763171f,0.7257239268681343f,-0.22626862826016522f,0.7640016145579362f,-1.226459977519524f,0.42369314322167717f,0f,0f,0f,1f], start_interpolation: 0, interpolation_duration: 1 }
$data merge entity $(bone_wing_left_1_model) { transformation: [-0.7528930383002369f,0.6783617747268129f,0.06288448545043988f,0.33914247531275643f,0.08381765951601118f,-0.0007774210211891348f,1.0119046786193124f,0.6985341609221882f,0.6760944873862942f,0.7555142495333124f,-0.055421529389033934f,0.04052635288506738f,0f,0f,0f,1f], start_interpolation: 0, interpolation_duration: 1 }
$data merge entity $(bone_wing_left_0) { transformation: [-0.7780534187182189f,0.4844954733878293f,0.3998712466377082f,0.15778629125343038f,0.6165595781735733f,0.7109137204528077f,0.33831341775692586f,0.6130166711808052f,-0.12036263615971901f,0.5097703584347075f,-0.8518491753110009f,0.46283206370645685f,0f,0f,0f,1f], start_interpolation: 0, interpolation_duration: 1 }
$data merge entity $(bone_body_0) { transformation: [-0.9998742464063343f,-0.006930714177845781f,0.014263820468233341f,-0.009103475181480556f,0.0011205574382709936f,0.8663192524033162f,0.49948943659139233f,0.55140816560697f,-0.01581884080432319f,0.49944260742986685f,-0.8662025433807401f,-0.02287871100757638f,0f,0f,0f,1f], start_interpolation: 0, interpolation_duration: 1 }
$data merge entity $(bone_leg_right_3) { transformation: [-0.966410674134292f,-0.13663634434991717f,0.2176715836345984f,-0.19350721065137094f,-0.02529017567748887f,0.893411070779074f,0.4485276642790165f,0.0611239408382242f,-0.2557553830000552f,0.42795696981364784f,-0.8668575523431837f,-0.5730860426278958f,0f,0f,0f,1f], start_interpolation: 0, interpolation_duration: 1 }
$data merge entity $(bone_leg_right_2) { transformation: [-0.89827269517028f,0.25032269853549705f,0.3611713052132295f,-0.14761112222600226f,0.3738554004105764f,0.8672805542265792f,0.32871960672324496f,0.20484689942214704f,-0.2309508707395767f,0.4303056900139064f,-0.8726389336067278f,-0.49188088794760243f,0f,0f,0f,1f], start_interpolation: 0, interpolation_duration: 1 }
$data merge entity $(bone_leg_right_1) { transformation: [-0.9251274602655004f,0.26773193675663426f,0.2691817087085346f,-0.24215985368159634f,0.2917275907913462f,0.955048038752393f,0.05270916852203689f,0.17541343697689826f,-0.24296953519686718f,0.12729043057413725f,-0.9616459594104626f,-0.18645957389310105f,0f,0f,0f,1f], start_interpolation: 0, interpolation_duration: 1 }
$data merge entity $(bone_leg_right_0) { transformation: [-0.9251274602655004f,0.3792492157836849f,0.017584498575869682f,-0.09015869892018824f,0.2917275907913462f,0.7397450726421483f,-0.6063598273902547f,0.46942248799938857f,-0.24296953519686718f,-0.5558302437157612f,-0.7949959403274307f,-0.3110143462092391f,0f,0f,0f,1f], start_interpolation: 0, interpolation_duration: 1 }
$data merge entity $(bone_leg_left_3) { transformation: [-0.9953367153641933f,0.02694784485864299f,-0.09262093016966043f,0.2422550615762969f,-0.02482613480652846f,0.8562758903530436f,0.5159217601833351f,0.05671854870875767f,0.09321204899897156f,0.515815289864092f,-0.8516138213203425f,-0.5626129755991969f,0f,0f,0f,1f], start_interpolation: 0, interpolation_duration: 1 }
$data merge entity $(bone_leg_left_2) { transformation: [-0.8967731702020504f,-0.37904666894424865f,-0.22830134464788696f,0.17341059467089437f,-0.41278546468247684f,0.9024773241820746f,0.12305624520533065f,0.20766791347885621f,0.15939272678712735f,0.20459301576405758f,-0.9657824064187193f,-0.5198140789366625f,0f,0f,0f,1f], start_interpolation: 0, interpolation_duration: 1 }
$data merge entity $(bone_leg_left_1) { transformation: [-0.9272332571524822f,-0.3090064248040168f,-0.21155026887299877f,0.25008664249524454f,-0.3321656525457694f,0.9395112719683251f,0.08357361493499676f,0.1687509930578f,0.1729290782351013f,0.14776196829461702f,-0.9737874175745231f,-0.21046924318675803f,0f,0f,0f,1f], start_interpolation: 0, interpolation_duration: 1 }
$data merge entity $(bone_leg_left_0) { transformation: [-0.9272332571524822f,-0.37393492327602496f,0.020277080286666572f,0.09696428165867749f,-0.3321656525457694f,0.7962407991125909f,-0.5056348179243452f,0.47350748644119717f,0.1729290782351013f,-0.47557676875883653f,-0.8625092874384961f,-0.3039389537413724f,0f,0f,0f,1f], start_interpolation: 0, interpolation_duration: 1 }
$data merge entity $(bone_tail_3) { transformation: [-2.043890045119316f,0.7200618604168324f,-1.1262913146558657f,-0.20355364873276416f,-1.150756128834236f,0.09939781272149971f,2.1518336672732525f,0.7260811464857608f,0.6802804864514567f,2.331552855251894f,0.2561005032289813f,-1.5266609728700071f,0f,0f,0f,1f], start_interpolation: 0, interpolation_duration: 1 }
$data merge entity $(bone_tail_2) { transformation: [-1.0601330425884787f,0.021039376688170724f,-0.4610741145853539f,-0.014833910310511927f,-0.3113985114310449f,0.8199555130948069f,0.7534042647370411f,0.4133924160685811f,0.340680145577379f,0.814950528359854f,-0.7461278290181718f,-1.2252133345790774f,0f,0f,0f,1f], start_interpolation: 0, interpolation_duration: 1 }
$data merge entity $(bone_tail_1) { transformation: [-1.377585845501994f,-0.04455448956465845f,-0.14018372234309842f,0.02736859011514725f,-0.08439280773988518f,1.3208092283907715f,0.4095365386352376f,0.28417146393829856f,0.12047585879383864f,0.41576101300529045f,-1.3160576308773408f,-0.8331659257873365f,0f,0f,0f,1f], start_interpolation: 0, interpolation_duration: 1 }
$data merge entity $(bone_tail_0) { transformation: [-1.1967765145815432f,-0.019996227858477093f,0.048274893011406216f,0.012712670301034157f,-0.026126295028729846f,1.187450164080512f,-0.15583281044444813f,0.3494079995571184f,-0.04525186329757724f,-0.15673735666514033f,-1.1867560870589624f,-0.48322516085668804f,0f,0f,0f,1f], start_interpolation: 0, interpolation_duration: 1 }
$data merge entity $(bone_body_1) { transformation: [-1.019861725469489f,-0.003880971423879881f,0.044358690553802115f,2.7907123691594976e-17f,-0.022264147067961083f,0.9251468603501554f,-0.4309388459909719f,0.48947125f,-0.038562457418804943f,-0.4314961405267739f,-0.9243509679947145f,-0.22787895833333333f,0f,0f,0f,1f], start_interpolation: 0, interpolation_duration: 1 }
data modify entity @s data merge value {"locators":{"body_1":{"posx":0.005084556577717698,"posy":0.26313691987668664,"posz":-0.23167549626177678,"roty":2.7474601139750234,"rotx":-24.9700324538161},"body_0":{"posx":-0.010723388128723612,"posy":0.33049406106416684,"posz":0.06386356747398574,"roty":0.9434085139664035,"rotx":29.966227141581914},"neck_1":{"posx":-0.03652122236455704,"posy":0.1446721864945651,"posz":0.38888995679890903,"roty":357.6744605119775,"rotx":39.79422516433276},"neck_0":{"posx":-0.020429220646351755,"posy":-0.00890756251164293,"posz":0.6858299337074321,"roty":356.6381081224421,"rotx":22.316392953147396},"head_0":{"posx":0.022990540423528827,"posy":-0.13912032867648558,"posz":0.9854882288085707,"roty":355.2407818288161,"rotx":4.1642897680973165},"arm_right_0":{"posx":-0.33751710635210835,"posy":-0.11009137190127434,"posz":0.37461443462113997,"roty":341.00083382872947,"rotx":-40.78570895890054},"arm_left_0":{"posx":0.391884427088274,"posy":-0.09891897814932465,"posz":0.40803543315657576,"roty":1.0929039602014257,"rotx":-47.95009063873309},"finger_right_0":{"posx":-0.5786421037742909,"posy":0.6920826031571594,"posz":0.5743908961377654,"roty":337.9932995036546,"rotx":22.72404950885482},"finger_right_1":{"posx":-0.9114989578292316,"posy":0.9073123613253289,"posz":0.11823574094955014,"roty":337.9932995036546,"rotx":22.72404950885482},"finger_right_2":{"posx":-1.1588799910051386,"posy":1.152117696993785,"posz":-0.41960608102162955,"roty":337.9932995036546,"rotx":22.72404950885482},"finger_right_3":{"posx":-1.4243622472551978,"posy":1.4148354300622994,"posz":-0.9968017168817089,"roty":337.9932995036546,"rotx":22.72404950885482},"finger_left_0":{"posx":0.5381192741414531,"posy":0.6161107670496303,"posz":0.4999936967193767,"roty":21.978098553538103,"rotx":16.399599018888168},"finger_left_1":{"posx":0.8783432619979222,"posy":0.7710216907968318,"posz":0.025182888619881848,"roty":21.978098553538103,"rotx":16.399599018888168},"finger_left_2":{"posx":1.1341951902207315,"posy":0.9494612160238465,"posz":-0.5343704869124536,"roty":21.978098553538103,"rotx":16.399599018888168},"finger_left_3":{"posx":1.4087681563442949,"posy":1.1409571485596144,"posz":-1.134866308550346,"roty":21.978098553538103,"rotx":16.399599018888168},"leg_right_0":{"posx":-0.29530310211854005,"posy":0.07143648951859469,"posz":-0.11106397311526661,"roty":1.267117530169969,"rotx":-37.32675764076592},"leg_left_0":{"posx":0.3025747013517291,"posy":0.05716205096009709,"posz":-0.14633798128726122,"roty":1.3467416195254032,"rotx":-30.373502062258787},"tail_0":{"posx":0.023053538938003895,"posy":0.14309678571367251,"posz":-0.6375958447454773,"roty":2.329394862990057,"rotx":-7.474592004335959},"tail_1":{"posx":0.008683232242961494,"posy":0.1805337324047004,"posz":-1.1194221435893619,"roty":353.9198986184489,"rotx":17.193838617043365},"tail_2":{"posx":-0.12203342265049408,"posy":0.43818971386044747,"posz":-1.5361322564363191,"roty":328.28576209254993,"rotx":40.66180595154498},"tail_3":{"posx":-0.36812113186422457,"posy":0.9027223440311813,"posz":-1.722296306373312,"roty":257.189677615131,"rotx":61.77440634883447},"tail_4":{"posx":-0.569884114663898,"posy":1.2882002160064858,"posz":-1.6764186539794776,"roty":257.189677615131,"rotx":61.77440634883447},"shadow":{"posx":1.90075388617662e-17,"posy":0.1875,"posz":-0.15520833333333325,"roty":0,"rotx":-1.4033418597069752e-14}},"cameras":{}}