# This file was generated by Animated Java via MC-Build. It is not recommended to edit this file directly.
$data merge entity $(bone_head_lower) { transformation: [-0.9982319422500081f,-0.03892233236011885f,-0.04492261696990517f,0.021177316338417764f,-0.038213470401100715f,0.9991328311835829f,-0.01653228148145268f,0.11894564818780005f,0.04552713643180921f,-0.01478640235913481f,-0.9988536640337226f,0.9129702640493875f,0f,0f,0f,1f], start_interpolation: 0, interpolation_duration: 1 }
$data merge entity $(bone_head_upper) { transformation: [-0.9982319422500081f,-0.032725768273481816f,-0.04961868158956602f,0.020341430471148572f,-0.038213470401100715f,0.9927430070573142f,0.11402215845486102f,0.13384042518900024f,0.04552713643180921f,0.1157166627141987f,-0.9922383452672081f,0.8986331696508686f,0f,0f,0f,1f], start_interpolation: 0, interpolation_duration: 1 }
$data merge entity $(bone_neck_0) { transformation: [-0.9863258856578736f,0.06489999406997647f,-0.15149005924788644f,-0.00920556800581411f,0.0535864843980762f,0.9955427378985707f,0.0776089280126484f,0.13150822772339366f,0.1558516473158557f,0.06842987496068315f,-0.985407335187738f,0.7124393072311297f,0f,0f,0f,1f], start_interpolation: 0, interpolation_duration: 1 }
$data merge entity $(bone_neck_1) { transformation: [-0.9973042838689065f,0.03035732204946879f,-0.06680268239159426f,-0.020619378704345968f,0.005587535311346835f,0.939180829981614f,0.3433775590282379f,0.19890067570052095f,0.07316382183751635f,0.34207864825655426f,-0.9368186876771281f,0.5517095955736273f,0f,0f,0f,1f], start_interpolation: 0, interpolation_duration: 1 }
$data merge entity $(bone_neck_2) { transformation: [-0.9973042838689065f,0.049040246635495666f,-0.05458222775461934f,-0.025997260858251305f,0.005587535311346835f,0.7924570539518418f,0.6099021209104883f,0.44998057501974537f,0.07316382183751635f,0.6079530177998109f,-0.790594828798058f,0.4592280583369006f,0f,0f,0f,1f], start_interpolation: 0, interpolation_duration: 1 }
$data merge entity $(bone_arm_right_2) { transformation: [-0.9926906139683869f,0.0020389353575058777f,-0.12066974633964792f,-0.4091694647900032f,0.00891231167548151f,0.9983657620732711f,-0.05644799217381746f,0.026931453110099313f,0.12035744945646755f,-0.057110838397489705f,-0.9910864929449241f,0.3661512276322124f,0f,0f,0f,1f], start_interpolation: 0, interpolation_duration: 1 }
$data merge entity $(bone_arm_right_1) { transformation: [-0.8548005212441788f,-0.47797098526400383f,-0.20213808677841377f,-0.43227041617542594f,-0.22862764255299717f,0.6965151939187263f,-0.6801440918665821f,0.2767552553597713f,0.46588139042178855f,-0.535173169998381f,-0.7046589303858601f,0.12887902574527216f,0f,0f,0f,1f], start_interpolation: 0, interpolation_duration: 1 }
$data merge entity $(bone_arm_right_0) { transformation: [-0.6309766870742147f,0.7709313516047293f,-0.08679442079853782f,-0.17396928488679f,0.06619480175598869f,0.1649687664580267f,0.9840749739292236f,0.3437740245266331f,0.7729726182662187f,0.6151830274042206f,-0.15512309371735694f,0.3069667674014509f,0f,0f,0f,1f], start_interpolation: 0, interpolation_duration: 1 }
$data merge entity $(bone_arm_left_2) { transformation: [-0.9998924344732154f,0.006059766512674081f,-0.013356598108746252f,0.42943559885933363f,0.00552660706484142f,0.9992003670069283f,0.039599030134223334f,0.040899196325192594f,0.013585878608965398f,0.03952095397421679f,-0.9991263774415078f,0.373881966719416f,0f,0f,0f,1f], start_interpolation: 0, interpolation_duration: 1 }
$data merge entity $(bone_arm_left_1) { transformation: [-0.9713695361038663f,0.2372302255177497f,-0.012768885235486173f,0.3597576313220072f,0.1579035141244389f,0.6045310808707682f,-0.7807743928231602f,0.2513642370392053f,-0.17750409729499875f,-0.760436711608546f,-0.6246825618515928f,0.10913089232917267f,0f,0f,0f,1f], start_interpolation: 0, interpolation_duration: 1 }
$data merge entity $(bone_arm_left_0) { transformation: [-0.7728923672127604f,-0.6164431279708329f,-0.15045018671238242f,0.14411507561959716f,-0.42160338829270516f,0.3216876195613636f,0.8478016621834694f,0.35890135224379893f,-0.4742235461091804f,0.7186897420991052f,-0.508524417228077f,0.320933372478568f,0f,0f,0f,1f], start_interpolation: 0, interpolation_duration: 1 }
$data merge entity $(bone_finger_right_1_fire) { transformation: [-0.000016377302865396607f,0.000001487194223551182f,-0.0000027110850179007513f,-0.8148590338873316f,3.496648029375335e-7f,0.000015409434380672834f,0.000006340729009435937f,1.317753521954639f,0.000003072370934382207f,0.000006173764101984444f,-0.000015173099598710515f,-0.3624057924868288f,0f,0f,0f,1f], start_interpolation: 0, interpolation_duration: 1 }
$data merge entity $(bone_finger_right_1_fire_s) { transformation: [-0.000009826381719237964f,8.923165341307091e-7f,-0.0000016266510107404508f,-0.8148590338873316f,2.097988817625201e-7f,0.0000092456606284037f,0.000003804437405661562f,1.317753521954639f,0.000001843422560629324f,0.000003704258461190666f,-0.000009103859759226309f,-0.3624057924868288f,0f,0f,0f,1f], start_interpolation: 0, interpolation_duration: 1 }
$data merge entity $(bone_finger_right_1) { transformation: [-1.9535895005228454f,0.1774020450282157f,-0.3233955718793161f,-0.6483942243216134f,0.041710255549127793f,1.8381359533066919f,0.7563627369111788f,0.8910925320808559f,0.36649206822708963f,0.7364460941749571f,-1.809944427971622f,0.5692157992517038f,0f,0f,0f,1f], start_interpolation: 0, interpolation_duration: 1 }
$data merge entity $(bone_finger_right_2_fire) { transformation: [0.000010617777608059973f,-0.000011413799718554058f,-0.000005896249013423129f,-0.9288920926139621f,-0.00001279043785141459f,-0.000010107839034309208f,-0.0000034661314752002446f,0.6040628011555839f,-0.0000012021963286664192f,0.000006733093183597569f,-0.000015198616974781309f,0.08488270335501014f,0f,0f,0f,1f], start_interpolation: 0, interpolation_duration: 1 }
$data merge entity $(bone_finger_right_2_fire_s) { transformation: [0.0000063706665648359835f,-0.000006848279831132435f,-0.0000035377494080538773f,-0.9288920926139621f,-0.000007674262710848753f,-0.000006064703420585525f,-0.0000020796788851201467f,0.6040628011555839f,-7.213177971998514e-7f,0.000004039855910158541f,-0.000009119170184868785f,0.08488270335501014f,0f,0f,0f,1f], start_interpolation: 0, interpolation_duration: 1 }
$data merge entity $(bone_finger_right_2) { transformation: [0.791452859126953f,-0.8507886258509209f,-0.43950846514771463f,-0.739979418951966f,-0.9534037140976913f,-0.7534418593610702f,-0.2583666533074425f,0.7152915505672517f,-0.08961213510750989f,0.501887122487977f,-1.1329102288161397f,0.574283507214758f,0f,0f,0f,1f], start_interpolation: 0, interpolation_duration: 1 }
$data merge entity $(bone_finger_film_right) { transformation: [-0.37804964333823954f,-0.3756504453579297f,-0.42644758003947775f,-0.7736056423217869f,-1.051889477692544f,0.1347473924193256f,0.15443072316636275f,0.8182736785001776f,-0.001365004022268916f,0.2015764426556151f,-0.897944016846143f,0.5340399416701581f,0f,0f,0f,1f], start_interpolation: 0, interpolation_duration: 1 }
$data merge entity $(bone_finger_right_0_fire) { transformation: [-0.000006912570697853613f,-0.000013755314958948417f,-0.000006386349074790951f,-1.0557188598462401f,-0.000015158473816557413f,0.0000064813383561554914f,0.000002447591151223738f,0.935067632239209f,4.6348212230538136e-7f,0.00000682358712635336f,-0.00001519873747484131f,-0.09754926209177284f,0f,0f,0f,1f], start_interpolation: 0, interpolation_duration: 1 }
$data merge entity $(bone_finger_right_0_fire_s) { transformation: [-0.0000041475424187121675f,-0.00000825318897536905f,-0.00000383180944487457f,-1.0557188598462401f,-0.000009095084289934448f,0.0000038888030136932945f,0.0000014685546907342429f,0.935067632239209f,2.780892733832288e-7f,0.000004094152275812016f,-0.000009119242484904786f,-0.09754926209177284f,0f,0f,0f,1f], start_interpolation: 0, interpolation_duration: 1 }
$data merge entity $(bone_fire_large_right) { transformation: [-0.000011060113116565779f,-0.000022008503934317466f,-0.00001021815851966552f,-0.9689441472404683f,-0.00002425355810649186f,0.000010370141369848784f,0.000003916145841957981f,0.8924452800882408f,7.415713956886102e-7f,0.000010917739402165376f,-0.000024317979959746093f,-0.14774297821218418f,0f,0f,0f,1f], start_interpolation: 0, interpolation_duration: 1 }
$data merge entity $(bone_finger_right_0) { transformation: [-0.6066055562051784f,-1.2070835650246854f,-0.5604275170504782f,-0.7274368299298931f,-1.3302163323363339f,0.56876320407261f,0.21478585269470915f,0.8049204085472539f,0.04067239857373338f,0.5987968940963346f,-1.3337496283987873f,0.5136570700757696f,0f,0f,0f,1f], start_interpolation: 0, interpolation_duration: 1 }
$data merge entity $(bone_wing_right_1_model) { transformation: [-0.8578307073712006f,-0.5396470046167835f,-0.06232712845141034f,-0.4695537367607213f,-0.10364537845684917f,0.04823049569204361f,1.0089145344634876f,0.7531909134264791f,-0.5332552822592587f,0.8587386172376742f,-0.09583253231113684f,0.0822358918951833f,0f,0f,0f,1f], start_interpolation: 0, interpolation_duration: 1 }
$data merge entity $(bone_wing_right_0) { transformation: [-0.8015426345937943f,-0.2560616468497322f,-0.5403349312611965f,-0.20731721461856567f,-0.5391240077902393f,0.7003159365370322f,0.4678705945626946f,0.6043094396982991f,0.2586014484735708f,0.6663257627053469f,-0.6993820621109097f,0.43946392342085006f,0f,0f,0f,1f], start_interpolation: 0, interpolation_duration: 1 }
$data merge entity $(bone_finger_left_1_fire) { transformation: [-0.00001638649146271996f,-8.018848867114155e-7f,0.0000029355844304750618f,0.760987848056613f,2.243096879857771e-7f,0.000015715617388242317f,0.000005544982691409346f,1.2004372135692594f,-0.0000030348575722526896f,0.000005491277493681894f,-0.000015440637576904034f,-0.4597949733004881f,0f,0f,0f,1f], start_interpolation: 0, interpolation_duration: 1 }
$data merge entity $(bone_finger_left_1_fire_s) { transformation: [-0.000009831894877631975f,-4.811309320268493e-7f,0.000001761350658285037f,0.760987848056613f,1.3458581279146625e-7f,0.00000942937043294539f,0.0000033269896148456073f,1.2004372135692594f,-0.0000018209145433516137f,0.0000032947664962091365f,-0.000009264382546142419f,-0.4597949733004881f,0f,0f,0f,1f], start_interpolation: 0, interpolation_duration: 1 }
$data merge entity $(bone_finger_left_1) { transformation: [-1.9546855752185979f,-0.09565396135021258f,0.35017529860742036f,0.5791274166061015f,0.026757095164946596f,1.8746594220208284f,0.6614410233205317f,0.8227059371396657f,-0.3620172343067632f,0.6550347236223358f,-1.841858070253605f,0.48989697126720605f,0f,0f,0f,1f], start_interpolation: 0, interpolation_duration: 1 }
$data merge entity $(bone_finger_left_2_fire) { transformation: [0.00001116347293033837f,0.000010987602080955223f,0.0000056944929907735194f,0.8454895193234545f,0.00001235974131833163f,-0.000010286486244150556f,-0.000004382096880559021f,0.5028182605102506f,6.256552207935539e-7f,0.000007158112812555249f,-0.000015038209809854492f,0.01833915624439575f,0f,0f,0f,1f], start_interpolation: 0, interpolation_duration: 1 }
$data merge entity $(bone_finger_left_2_fire_s) { transformation: [0.000006698083758203022f,0.000006592561248573134f,0.0000034166957944641114f,0.8454895193234545f,0.000007415844790998977f,-0.0000061718917464903335f,-0.0000026292581283354125f,0.5028182605102506f,3.753931324761323e-7f,0.000004294867687533149f,-0.000009022925885912694f,0.01833915624439575f,0f,0f,0f,1f], start_interpolation: 0, interpolation_duration: 1 }
$data merge entity $(bone_finger_left_2) { transformation: [0.8321291794429476f,0.8190197047751305f,0.4244695006048048f,0.6630560921404752f,0.9212994437779009f,-0.7667582849091678f,-0.32664303521077753f,0.6435011197947937f,0.04663655913727877f,0.5335682343873526f,-1.120953422599987f,0.5025904933970906f,0f,0f,0f,1f], start_interpolation: 0, interpolation_duration: 1 }
$data merge entity $(bone_finger_film_left) { transformation: [-0.3322993674313408f,0.3817323628057323f,0.4299556499567923f,0.7009712630647964f,1.0662984548970953f,0.1270994990999096f,0.09625460125567405f,0.7430656062343393f,-0.04449275034476671f,0.19501102433046175f,-0.9043688600213646f,0.4578139482728608f,0f,0f,0f,1f], start_interpolation: 0, interpolation_duration: 1 }
$data merge entity $(bone_finger_left_0_fire) { transformation: [-0.0000062533888803715294f,0.000014043074966542435f,0.000006439328441125881f,0.9859212911606205f,0.000015408234724319976f,0.0000061738593103840925f,0.0000014991803339230403f,0.8196959723284978f,-0.0000011221443618731242f,0.000006515618503060981f,-0.000015299192309774507f,-0.17863313194755231f,0f,0f,0f,1f], start_interpolation: 0, interpolation_duration: 1 }
$data merge entity $(bone_finger_left_0_fire_s) { transformation: [-0.0000037520333282229175f,0.000008425844979925461f,0.000003863597064675528f,0.9859212911606205f,0.000009244940834591984f,0.0000037043155862304555f,8.995082003538241e-7f,0.8196959723284978f,-6.732866171238745e-7f,0.0000039093711018365885f,-0.000009179515385864704f,-0.17863313194755231f,0f,0f,0f,1f], start_interpolation: 0, interpolation_duration: 1 }
$data merge entity $(bone_fire_large_left) { transformation: [-0.000010005422208594446f,0.000022468919946467896f,0.000010302925505801409f,0.8972344382367587f,0.000024653175558911957f,0.000009878174896614548f,0.0000023986885342768643f,0.778702699288018f,-0.0000017954309789969986f,0.000010424989604897569f,-0.00002447870769563921f,-0.22680074007336476f,0f,0f,0f,1f], start_interpolation: 0, interpolation_duration: 1 }
$data merge entity $(bone_finger_left_0) { transformation: [-0.5487597314734012f,1.2323356495370907f,0.5650766670393494f,0.6542068643984085f,1.3521338447921067f,0.5417806955769628f,0.13155903354357412f,0.7308390826043859f,-0.09847262827820508f,0.5717714232271507f,-1.3425649394721442f,0.4380925475152017f,0f,0f,0f,1f], start_interpolation: 0, interpolation_duration: 1 }
$data merge entity $(bone_wing_left_1_model) { transformation: [-0.7832303199146553f,0.6450189951732197f,0.03844274800214801f,0.343576345573472f,0.056928557163555375f,0.008708860005597981f,1.0137358522704614f,0.6992595142060283f,0.6436509056837427f,0.7841248208448529f,-0.0428819308026661f,0.04083284023921887f,0f,0f,0f,1f], start_interpolation: 0, interpolation_duration: 1 }
$data merge entity $(bone_wing_left_0) { transformation: [-0.7674900348071522f,0.4626413112885879f,0.44375901518830246f,0.14092029587417804f,0.6186878245568639f,0.7158336577712253f,0.3237399421556805f,0.6208707787601986f,-0.16788216765580366f,0.5230154792078758f,-0.83562574535024f,0.45475450788827754f,0f,0f,0f,1f], start_interpolation: 0, interpolation_duration: 1 }
$data merge entity $(bone_body_0) { transformation: [-0.9979117192357245f,-0.06300156109704125f,0.014247944109102203f,-0.009103475181480554f,-0.04745828303424592f,0.8647717902405989f,0.4999174553618935f,0.55140816560697f,-0.04381680024193604f,0.49819730439194987f,-0.8659558498636941f,-0.03537871100757639f,0f,0f,0f,1f], start_interpolation: 0, interpolation_duration: 1 }
$data merge entity $(bone_leg_right_3) { transformation: [-0.966410674134292f,-0.13663634434991717f,0.2176715836345984f,-0.19350721065137094f,-0.02529017567748887f,0.893411070779074f,0.4485276642790165f,0.0611239408382242f,-0.2557553830000552f,0.42795696981364784f,-0.8668575523431837f,-0.5855860426278957f,0f,0f,0f,1f], start_interpolation: 0, interpolation_duration: 1 }
$data merge entity $(bone_leg_right_2) { transformation: [-0.89827269517028f,0.25032269853549705f,0.3611713052132295f,-0.14761112222600226f,0.3738554004105764f,0.8672805542265792f,0.32871960672324496f,0.20484689942214704f,-0.2309508707395767f,0.4303056900139064f,-0.8726389336067278f,-0.5043808879476024f,0f,0f,0f,1f], start_interpolation: 0, interpolation_duration: 1 }
$data merge entity $(bone_leg_right_1) { transformation: [-0.9251274602655004f,0.26773193675663426f,0.2691817087085346f,-0.24215985368159634f,0.2917275907913462f,0.955048038752393f,0.05270916852203689f,0.17541343697689826f,-0.24296953519686718f,0.12729043057413725f,-0.9616459594104626f,-0.19895957389310107f,0f,0f,0f,1f], start_interpolation: 0, interpolation_duration: 1 }
$data merge entity $(bone_leg_right_0) { transformation: [-0.9251274602655004f,0.3792492157836849f,0.017584498575869682f,-0.09015869892018824f,0.2917275907913462f,0.7397450726421483f,-0.6063598273902547f,0.46942248799938857f,-0.24296953519686718f,-0.5558302437157612f,-0.7949959403274307f,-0.32351434620923913f,0f,0f,0f,1f], start_interpolation: 0, interpolation_duration: 1 }
$data merge entity $(bone_leg_left_3) { transformation: [-0.9953367153641933f,0.02694784485864299f,-0.09262093016966043f,0.2422550615762969f,-0.02482613480652846f,0.8562758903530436f,0.5159217601833351f,0.05671854870875767f,0.09321204899897156f,0.515815289864092f,-0.8516138213203425f,-0.5751129755991968f,0f,0f,0f,1f], start_interpolation: 0, interpolation_duration: 1 }
$data merge entity $(bone_leg_left_2) { transformation: [-0.8967731702020504f,-0.37904666894424865f,-0.22830134464788696f,0.17341059467089437f,-0.41278546468247684f,0.9024773241820746f,0.12305624520533065f,0.20766791347885621f,0.15939272678712735f,0.20459301576405758f,-0.9657824064187193f,-0.5323140789366625f,0f,0f,0f,1f], start_interpolation: 0, interpolation_duration: 1 }
$data merge entity $(bone_leg_left_1) { transformation: [-0.9272332571524822f,-0.3090064248040168f,-0.21155026887299877f,0.25008664249524454f,-0.3321656525457694f,0.9395112719683251f,0.08357361493499676f,0.1687509930578f,0.1729290782351013f,0.14776196829461702f,-0.9737874175745231f,-0.22296924318675804f,0f,0f,0f,1f], start_interpolation: 0, interpolation_duration: 1 }
$data merge entity $(bone_leg_left_0) { transformation: [-0.9272332571524822f,-0.37393492327602496f,0.020277080286666572f,0.09696428165867749f,-0.3321656525457694f,0.7962407991125909f,-0.5056348179243452f,0.47350748644119717f,0.1729290782351013f,-0.47557676875883653f,-0.8625092874384961f,-0.31643895374137243f,0f,0f,0f,1f], start_interpolation: 0, interpolation_duration: 1 }
$data merge entity $(bone_tail_3) { transformation: [-2.043890045119316f,0.7200618604168324f,-1.1262913146558657f,-0.20355364873276416f,-1.150756128834236f,0.09939781272149971f,2.1518336672732525f,0.7260811464857608f,0.6802804864514567f,2.331552855251894f,0.2561005032289813f,-1.539160972870007f,0f,0f,0f,1f], start_interpolation: 0, interpolation_duration: 1 }
$data merge entity $(bone_tail_2) { transformation: [-1.0601330425884787f,0.021039376688170724f,-0.4610741145853539f,-0.014833910310511927f,-0.3113985114310449f,0.8199555130948069f,0.7534042647370411f,0.4133924160685811f,0.340680145577379f,0.814950528359854f,-0.7461278290181718f,-1.2377133345790774f,0f,0f,0f,1f], start_interpolation: 0, interpolation_duration: 1 }
$data merge entity $(bone_tail_1) { transformation: [-1.377585845501994f,-0.04455448956465845f,-0.14018372234309842f,0.02736859011514725f,-0.08439280773988518f,1.3208092283907715f,0.4095365386352376f,0.28417146393829856f,0.12047585879383864f,0.41576101300529045f,-1.3160576308773408f,-0.8456659257873365f,0f,0f,0f,1f], start_interpolation: 0, interpolation_duration: 1 }
$data merge entity $(bone_tail_0) { transformation: [-1.1967765145815432f,-0.019996227858477093f,0.048274893011406216f,0.012712670301034158f,-0.026126295028729846f,1.187450164080512f,-0.15583281044444813f,0.3494079995571184f,-0.04525186329757724f,-0.15673735666514033f,-1.1867560870589624f,-0.49572516085668805f,0f,0f,0f,1f], start_interpolation: 0, interpolation_duration: 1 }
$data merge entity $(bone_body_1) { transformation: [-1.019861725469489f,-0.003880971423879881f,0.044358690553802115f,2.9437932190529164e-17f,-0.022264147067961083f,0.9251468603501554f,-0.4309388459909719f,0.48947125f,-0.038562457418804943f,-0.4314961405267739f,-0.9243509679947145f,-0.24037895833333334f,0f,0f,0f,1f], start_interpolation: 0, interpolation_duration: 1 }
data modify entity @s data merge value {"locators":{"body_1":{"posx":0.005084556577717699,"posy":0.2631369198766865,"posz":-0.2441754962617768,"roty":2.7474601139750234,"rotx":-24.9700324538161},"body_0":{"posx":-0.002419259251019523,"posy":0.3306437608488672,"posz":0.05150216968129344,"roty":0.9426270523882181,"rotx":29.994539040947206},"neck_1":{"posx":-0.03300903975853048,"posy":0.1408613044922895,"posz":0.38725721040888783,"roty":356.05059812681543,"rotx":37.58242600607756},"neck_0":{"posx":-0.011621989091820883,"posy":-0.0010407944686898485,"posz":0.6896235942626336,"roty":355.9212555079449,"rotx":20.08278736307021},"pos_head":{"posx":0.026721127365547305,"posy":0.12981697956908095,"posz":1.0351241262271118,"roty":357.1372051490455,"rotx":6.547227870546953},"head_0":{"posx":0.033914459776444285,"posy":-0.1318683501773308,"posz":0.9731986321185615,"roty":357.1372051490455,"rotx":6.547227870546953},"arm_right_0":{"posx":-0.34648076223507573,"posy":-0.11802903019820146,"posz":0.376389857369354,"roty":343.99396029660954,"rotx":-42.85490391645133},"arm_left_0":{"posx":0.38084440638931727,"posy":-0.10054265004531354,"posz":0.4256636700279653,"roty":358.82900306340946,"rotx":-51.33153286032998},"finger_right_0":{"posx":-0.6273621782385853,"posy":0.6748804187227139,"posz":0.6009665079630618,"roty":349.8694625479134,"rotx":22.36117167392194},"finger_right_1":{"posx":-0.8589452724775859,"posy":0.901588259386805,"posz":0.09089995824490939,"roty":349.8694625479134,"rotx":22.36117167392194},"finger_right_2":{"posx":-0.9905120742238747,"posy":1.1456644545328163,"posz":-0.4866100772085895,"roty":349.8694625479134,"rotx":22.36117167392194},"finger_right_3":{"posx":-1.131705977715045,"posy":1.4075997339208612,"posz":-1.1063765080008965,"roty":349.8694625479134,"rotx":22.36117167392194},"finger_left_0":{"posx":0.5488823489878878,"posy":0.6092090949626563,"posz":0.5311579297403327,"roty":10.764640175149083,"rotx":19.43267358150389},"finger_left_1":{"posx":0.7884657629188774,"posy":0.803067195837457,"posz":0.011336918052989503,"roty":10.764640175149083,"rotx":19.43267358150389},"finger_left_2":{"posx":0.9286689584082063,"posy":1.0156236463782298,"posz":-0.5765097224207754,"roty":10.764640175149083,"rotx":19.43267358150389},"finger_left_3":{"posx":1.0791311815327596,"posy":1.2437328664866087,"posz":-1.2073690893340097,"roty":10.764640175149083,"rotx":19.43267358150389},"leg_right_0":{"posx":-0.29530310211854005,"posy":0.07143648951859477,"posz":-0.12356397311526661,"roty":1.267117530169969,"rotx":-37.32675764076592},"leg_left_0":{"posx":0.30257470135172915,"posy":0.05716205096009706,"posz":-0.1588379812872613,"roty":1.3467416195254032,"rotx":-30.373502062258787},"tail_0":{"posx":0.0230535389380039,"posy":0.14309678571367251,"posz":-0.6500958447454773,"roty":2.329394862990057,"rotx":-7.474592004335959},"tail_1":{"posx":0.008683232242961494,"posy":0.1805337324047004,"posz":-1.1319221435893618,"roty":353.9198986184489,"rotx":17.193838617043365},"tail_2":{"posx":-0.12203342265049408,"posy":0.43818971386044747,"posz":-1.5486322564363193,"roty":328.28576209254993,"rotx":40.66180595154498},"tail_3":{"posx":-0.36812113186422457,"posy":0.9027223440311813,"posz":-1.734796306373312,"roty":257.189677615131,"rotx":61.77440634883447},"tail_4":{"posx":-0.569884114663898,"posy":1.2882002160064858,"posz":-1.6889186539794776,"roty":257.189677615131,"rotx":61.77440634883447},"shadow":{"posx":2.0538347360700392e-17,"posy":0.1875,"posz":-0.16770833333333326,"roty":0,"rotx":-1.4033418597069752e-14}},"cameras":{}}