# This file was generated by Animated Java via MC-Build. It is not recommended to edit this file directly.
$data merge entity $(bone_head_lower) { transformation: [-0.9980262302698479f,-0.05363803822145315f,-0.03265891224628362f,0.02188459100151511f,-0.05361070707155138f,0.9985604433986216f,-0.0017125906797870183f,0.12206103668428754f,0.032703757897905736f,0.000041656957567859365f,-0.9994650881766971f,0.9122436327879699f,0f,0f,0f,1f], start_interpolation: 0, interpolation_duration: 1 }
$data merge entity $(bone_head_upper) { transformation: [-0.9980262302698479f,-0.04891631391127555f,-0.03938067961183597f,0.020999094893314127f,-0.05361070707155138f,0.9902411583189812f,0.1286403531492769f,0.1371622569092128f,0.032703757897905736f,0.13049767279310348f,-0.9909090884712579f,0.8981271740517537f,0f,0f,0f,1f], start_interpolation: 0, interpolation_duration: 1 }
$data merge entity $(bone_neck_0) { transformation: [-0.9870339179835904f,0.05613940922001744f,-0.15037423809413086f,-0.008189623104805165f,0.045175969765045204f,0.9961325838915346f,0.07535918700040764f,0.13439761065843076f,0.15402329858093108f,0.06758877156748816f,-0.98575279936313f,0.7118827267800801f,0f,0f,0f,1f], start_interpolation: 0, interpolation_duration: 1 }
$data merge entity $(bone_neck_1) { transformation: [-0.997366328198202f,0.017478825784786323f,-0.07039103654316775f,-0.020332100330287727f,-0.006842929384494226f,0.943520655178202f,0.33124303399397736f,0.19970741616750554f,0.07220513620148716f,0.33085232944817156f,-0.9409161250636761f,0.5503486843007592f,0f,0f,0f,1f], start_interpolation: 0, interpolation_duration: 1 }
$data merge entity $(bone_neck_2) { transformation: [-0.997366328198202f,0.03783684535177366f,-0.06187714044994689f,-0.02895887642407686f,-0.006842929384494226f,0.800244940857144f,0.5996342293014841f,0.4495708279630203f,0.07220513620148716f,0.5984784104429932f,-0.7978784434610029f,0.454867134415905f,0f,0f,0f,1f], start_interpolation: 0, interpolation_duration: 1 }
$data merge entity $(bone_arm_right_2) { transformation: [-0.9962573514299836f,0.004187650184519914f,-0.08633512209782765f,-0.4123212429951512f,0.010095933607500523f,0.9976266139038312f,-0.06811175636679923f,0.02388541517883283f,0.08584498731031188f,-0.06872847165992674f,-0.9939351263221272f,0.3631872075272035f,0f,0f,0f,1f], start_interpolation: 0, interpolation_duration: 1 }
$data merge entity $(bone_arm_right_1) { transformation: [-0.8635286695091442f,-0.46804580073793434f,-0.18775346960137287f,-0.43100621837807157f,-0.224367789566095f,0.6900002277773326f,-0.688156072902401f,0.27103066074202703f,0.4516384969652078f,-0.5521166670902226f,-0.7008493803808293f,0.12274223834689393f,0f,0f,0f,1f], start_interpolation: 0, interpolation_duration: 1 }
$data merge entity $(bone_arm_right_0) { transformation: [-0.6325395666645082f,0.7681402391257937f,-0.099268674009705f,-0.17376331113451954f,0.056633431809987145f,0.1736933735900259f,0.9831700088857163f,0.341024409316943f,0.7724547566073368f,0.6162720056977149f,-0.15337034911616937f,0.30121687353953097f,0f,0f,0f,1f], start_interpolation: 0, interpolation_duration: 1 }
$data merge entity $(bone_arm_left_2) { transformation: [-0.9997715497735588f,0.01275847377102006f,-0.01714845796015098f,0.42674122504497447f,0.012193731066016948f,0.9993926839402053f,0.03264316482027402f,0.03956133314551383f,0.017554520388393943f,0.032426603797315934f,-0.9993199458532316f,0.3770964823185115f,0f,0f,0f,1f], start_interpolation: 0, interpolation_duration: 1 }
$data merge entity $(bone_arm_left_1) { transformation: [-0.971089337587774f,0.2378489573582703f,-0.020331549545522958f,0.3572830218860382f,0.16062741984314954f,0.5880472366630771f,-0.7927163928211984f,0.2452625454148527f,-0.17659085598600752f,-0.7730642411446176f,-0.6092514658543104f,0.10857040686488212f,0f,0f,0f,1f], start_interpolation: 0, interpolation_duration: 1 }
$data merge entity $(bone_arm_left_0) { transformation: [-0.7793911155376434f,-0.6091829389624609f,-0.1464432856024694f,0.14388986186413144f,-0.4296652200369035f,0.3495690844496037f,0.8325798783826723f,0.36130408701009376f,-0.4560014119623174f,0.7118269467181785f,-0.5341957601986825f,0.3181508292661478f,0f,0f,0f,1f], start_interpolation: 0, interpolation_duration: 1 }
$data merge entity $(bone_finger_right_1_fire) { transformation: [-0.000016470929780076966f,0.0000015292376609052683f,-0.0000020365859014587697f,-0.7801083640170741f,6.59718066622942e-7f,0.00001543464889894228f,0.000006254131691668228f,1.3053225022385895f,0.0000024598825236427305f,0.000006100067484923967f,-0.000015313913034460795f,-0.3717836197819441f,0f,0f,0f,1f], start_interpolation: 0, interpolation_duration: 1 }
$data merge entity $(bone_finger_right_1_fire_s) { transformation: [-0.00000988255786804618f,9.17542596543161e-7f,-0.0000012219515408752617f,-0.7801083640170741f,3.958308399737652e-7f,0.00000926078933936537f,0.000003752479015000937f,1.3053225022385895f,0.0000014759295141856381f,0.00000366004049095438f,-0.000009188347820676477f,-0.3717836197819441f,0f,0f,0f,1f], start_interpolation: 0, interpolation_duration: 1 }
$data merge entity $(bone_finger_right_1) { transformation: [-1.9647579181181727f,0.1824172553138102f,-0.24293700047577133f,-0.6557151539739506f,0.07869539318241091f,1.8411437024187884f,0.7460328546250129f,0.8839854646645712f,0.29343053066825614f,0.7276550900336342f,-1.8267415557939042f,0.5687855447991531f,0f,0f,0f,1f], start_interpolation: 0, interpolation_duration: 1 }
$data merge entity $(bone_finger_right_2_fire) { transformation: [0.000010428043356451671f,-0.00001183099564649547f,-0.0000053908470156689935f,-0.9231394872365659f,-0.000012982208341896346f,-0.000009849770422518736f,-0.000003496007289616223f,0.5976388511645696f,-7.042415078216347e-7f,0.000006386496881237646f,-0.00001537837700351961f,0.07671490835699707f,0f,0f,0f,1f], start_interpolation: 0, interpolation_duration: 1 }
$data merge entity $(bone_finger_right_2_fire_s) { transformation: [0.0000062568260138710025f,-0.0000070985973878972815f,-0.000003234508209401396f,-0.9231394872365659f,-0.000007789325005137807f,-0.000005909862253511241f,-0.0000020976043737697337f,0.5976388511645696f,-4.225449046929808e-7f,0.0000038318981287425875f,-0.000009227026202111766f,0.07671490835699707f,0f,0f,0f,1f], start_interpolation: 0, interpolation_duration: 1 }
$data merge entity $(bone_finger_right_2) { transformation: [0.7773100016050821f,-0.8818865563382484f,-0.40183562334442213f,-0.7505068662307491f,-0.9676983535778731f,-0.7342053347141944f,-0.26059360697054457f,0.7098460950409461f,-0.05249440847755238f,0.47605171280136244f,-1.1463096042743026f,0.571871946447646f,0f,0f,0f,1f], start_interpolation: 0, interpolation_duration: 1 }
$data merge entity $(bone_finger_film_right) { transformation: [-0.39620728070510725f,-0.3804097838019863f,-0.3901965932219776f,-0.7808045229883392f,-1.0451636883848965f,0.14297861038553838f,0.15394924186570624f,0.813039706709759f,-0.006893804638040729f,0.1864100116813945f,-0.9143610303025477f,0.529578724234168f,0f,0f,0f,1f], start_interpolation: 0, interpolation_duration: 1 }
$data merge entity $(bone_finger_right_0_fire) { transformation: [-0.000007190857777703752f,-0.000013881740291754008f,-0.000005776385433028916f,-1.0372908260787388f,-0.000015031999586747966f,0.000006777590870051169f,0.000002425083132592741f,0.9291848625344776f,3.2913617641366034e-7f,0.00000625614308086622f,-0.000015444420381059413f,-0.11296208890231785f,0f,0f,0f,1f], start_interpolation: 0, interpolation_duration: 1 }
$data merge entity $(bone_finger_right_0_fire_s) { transformation: [-0.000004314514666622251f,-0.000008329044175052404f,-0.00000346583125981735f,-1.0372908260787388f,-0.000009019199752048779f,0.000004066554522030701f,0.0000014550498795556445f,0.9291848625344776f,1.974817058481962e-7f,0.0000037536858485197314f,-0.000009266652228635647f,-0.11296208890231785f,0f,0f,0f,1f], start_interpolation: 0, interpolation_duration: 1 }
$data merge entity $(bone_fire_large_right) { transformation: [-0.000011505372444326003f,-0.00002221078446680641f,-0.000009242216692846266f,-0.9494850648311778f,-0.00002405119933879674f,0.000010844145392081868f,0.000003880133012148385f,0.8846316162448339f,5.266178822618565e-7f,0.00001000982892938595f,-0.00002471107260969506f,-0.15955695262636505f,0f,0f,0f,1f], start_interpolation: 0, interpolation_duration: 1 }
$data merge entity $(bone_finger_right_0) { transformation: [-0.6310263536531706f,-1.2181778905190739f,-0.5069007828803836f,-0.7341565254980693f,-1.3191177159354912f,0.5947605397706985f,0.21281068459046507f,0.7987124827197498f,0.028883007796599938f,0.5490014235147571f,-1.3553092800089779f,0.5110307999989672f,0f,0f,0f,1f], start_interpolation: 0, interpolation_duration: 1 }
$data merge entity $(bone_wing_right_1_model) { transformation: [-0.8629796127306485f,-0.530249910300026f,-0.07126221775888386f,-0.4807790589265275f,-0.11851856083782636f,0.057583074011355026f,1.0067842983311635f,0.7421878672642053f,-0.5217246608988602f,0.8640001766527929f,-0.11083391175877617f,0.07754643964433403f,0f,0f,0f,1f], start_interpolation: 0, interpolation_duration: 1 }
$data merge entity $(bone_wing_right_0) { transformation: [-0.7934473620845119f,-0.25308764015717194f,-0.5535231973466f,-0.212566063885362f,-0.5417072123204687f,0.7082693438965407f,0.4526674636157877f,0.6009447814469955f,0.27747897167373964f,0.6590153130967729f,-0.6990738425823458f,0.43343650090260033f,0f,0f,0f,1f], start_interpolation: 0, interpolation_duration: 1 }
$data merge entity $(bone_finger_left_1_fire) { transformation: [-0.00001648671041772227f,-0.0000010848556248608594f,0.0000021884345211026077f,0.7065067093982532f,-2.830753465011599e-7f,0.000015680584630794556f,0.000005640648168647881f,1.2078696514462997f,-0.0000024261132966432295f,0.0000055425744638638045f,-0.00001552970123222445f,-0.4593112417347845f,0f,0f,0f,1f], start_interpolation: 0, interpolation_duration: 1 }
$data merge entity $(bone_finger_left_1_fire_s) { transformation: [-0.000009892026250633362f,-6.509133749165156e-7f,0.0000013130607126615647f,0.7065067093982532f,-1.698452079006959e-7f,0.000009408350778476733f,0.0000033843889011887287f,1.2078696514462997f,-0.0000014556679779859375f,0.0000033255446783182826f,-0.00000931782073933467f,-0.4593112417347845f,0f,0f,0f,1f], start_interpolation: 0, interpolation_duration: 1 }
$data merge entity $(bone_finger_left_1) { transformation: [-1.9666403335725857f,-0.1294085220094024f,0.2610504756580541f,0.5717393144181772f,-0.03376703901287595f,1.8704804905028114f,0.6728526137045986f,0.8242315650100399f,-0.2894023211487029f,0.6611537545262433f,-1.8524821530676185f,0.4958476409559827f,0f,0f,0f,1f], start_interpolation: 0, interpolation_duration: 1 }
$data merge entity $(bone_finger_left_2_fire) { transformation: [0.000010790401700614566f,0.00001155879214044971f,0.000005266814328513035f,0.8302457804231158f,0.000012700043916923379f,-0.0000099437755473398f,-0.000004196187573276764f,0.5129870300547271f,2.3214957542415097e-7f,0.00000673003936807081f,-0.000015245670023210697f,0.014241043382246632f,0f,0f,0f,1f], start_interpolation: 0, interpolation_duration: 1 }
$data merge entity $(bone_finger_left_2_fire_s) { transformation: [0.00000647424102036874f,0.000006935275284269825f,0.0000031600885971078206f,0.8302457804231158f,0.000007620026350154027f,-0.000005966265328403879f,-0.0000025177125439660584f,0.5129870300547271f,1.3928974525449057e-7f,0.000004038023620842486f,-0.000009147402013926418f,0.014241043382246632f,0f,0f,0f,1f], start_interpolation: 0, interpolation_duration: 1 }
$data merge entity $(bone_finger_left_2) { transformation: [0.8043203194044048f,0.8615964117263702f,0.39259018343237645f,0.6615963412229463f,0.9466657185828394f,-0.7412125096201501f,-0.3127852903777006f,0.647712649697398f,0.017304510604467607f,0.5016594900097769f,-1.1364175795146334f,0.505137523155469f,0f,0f,0f,1f], start_interpolation: 0, interpolation_duration: 1 }
$data merge entity $(bone_finger_film_left) { transformation: [-0.36661971439131696f,0.3845678694809272f,0.39297865458518716f,0.6947220982288331f,1.0554894636889534f,0.1387974929961606f,0.10997768368504489f,0.7484270593910947f,-0.030444152241090625f,0.18095852783439753f,-0.9195012399669119f,0.459149719964946f,0f,0f,0f,1f], start_interpolation: 0, interpolation_duration: 1 }
$data merge entity $(bone_finger_left_0_fire) { transformation: [-0.000006765377418244242f,0.000014076554729845613f,0.000005818767318268521f,0.9533945642811795f,0.000015207203739221078f,0.000006603787318059544f,0.0000017054985398510832f,0.8341634218101743f,-8.65101497114131e-7f,0.000006001531285703245f,-0.000015524528959172768f,-0.18728005109001322f,0f,0f,0f,1f], start_interpolation: 0, interpolation_duration: 1 }
$data merge entity $(bone_finger_left_0_fire_s) { transformation: [-0.000004059226450946545f,0.000008445932837907367f,0.0000034912603909611122f,0.9533945642811795f,0.000009124322243532647f,0.000003962272390835726f,0.0000010232991239106499f,0.8341634218101743f,-5.190608982684786e-7f,0.0000036009187714219466f,-0.00000931471737550366f,-0.18728005109001322f,0f,0f,0f,1f], start_interpolation: 0, interpolation_duration: 1 }
$data merge entity $(bone_fire_large_left) { transformation: [-0.000010824603869190787f,0.00002252248756775298f,0.000009310027709229633f,0.8642984465615591f,0.000024331525982753725f,0.000010566059708895268f,0.000002728797663761733f,0.7904592477392304f,-0.0000013841623953826095f,0.000009602450057125191f,-0.000024839246334676426f,-0.23219944294631534f,0f,0f,0f,1f], start_interpolation: 0, interpolation_duration: 1 }
$data merge entity $(bone_finger_left_0) { transformation: [-0.5936887608261696f,1.2352736318490036f,0.5106199617781527f,0.6476610282885898f,1.334492576751513f,0.5795085872143142f,0.14966427622862846f,0.734763906646739f,-0.07591609515021602f,0.5266582264073204f,-1.362339126170023f,0.44115237394641327f,0f,0f,0f,1f], start_interpolation: 0, interpolation_duration: 1 }
$data merge entity $(bone_wing_left_1_model) { transformation: [-0.7916467541789459f,0.6352038666872815f,0.028081085899703876f,0.3422926492236754f,0.04752724720123412f,0.014398857026825898f,1.0141552724960976f,0.7004763550145467f,0.6340454718813572f,0.7920137648448337f,-0.040958746622665174f,0.040055901435108475f,0f,0f,0f,1f], start_interpolation: 0, interpolation_duration: 1 }
$data merge entity $(bone_wing_left_0) { transformation: [-0.7683748903143708f,0.4531575904889357f,0.45193829901507687f,0.13519938421484354f,0.6142125591713634f,0.7205637800306389f,0.3217619788976338f,0.6231468930573091f,-0.1798414860107176f,0.5248200044684073f,-0.8319981988076884f,0.45197572922443086f,0f,0f,0f,1f], start_interpolation: 0, interpolation_duration: 1 }
$data merge entity $(bone_body_0) { transformation: [-0.996558974113415f,-0.08165999873831481f,0.01420759374687971f,-0.009103475181480554f,-0.06362251825302177f,0.8634860934060911f,0.500343823450866f,0.55140816560697f,-0.05312613561291529f,0.4977182045096862f,-0.8657102301662446f,-0.03954537767424307f,0f,0f,0f,1f], start_interpolation: 0, interpolation_duration: 1 }
$data merge entity $(bone_leg_right_3) { transformation: [-0.966410674134292f,-0.13663634434991717f,0.2176715836345984f,-0.19350721065137094f,-0.02529017567748887f,0.893411070779074f,0.4485276642790165f,0.0611239408382242f,-0.2557553830000552f,0.42795696981364784f,-0.8668575523431837f,-0.5897527092945624f,0f,0f,0f,1f], start_interpolation: 0, interpolation_duration: 1 }
$data merge entity $(bone_leg_right_2) { transformation: [-0.89827269517028f,0.25032269853549705f,0.3611713052132295f,-0.14761112222600226f,0.3738554004105764f,0.8672805542265792f,0.32871960672324496f,0.20484689942214704f,-0.2309508707395767f,0.4303056900139064f,-0.8726389336067278f,-0.508547554614269f,0f,0f,0f,1f], start_interpolation: 0, interpolation_duration: 1 }
$data merge entity $(bone_leg_right_1) { transformation: [-0.9251274602655004f,0.26773193675663426f,0.2691817087085346f,-0.24215985368159634f,0.2917275907913462f,0.955048038752393f,0.05270916852203689f,0.17541343697689826f,-0.24296953519686718f,0.12729043057413725f,-0.9616459594104626f,-0.20312624055976772f,0f,0f,0f,1f], start_interpolation: 0, interpolation_duration: 1 }
$data merge entity $(bone_leg_right_0) { transformation: [-0.9251274602655004f,0.3792492157836849f,0.017584498575869682f,-0.09015869892018824f,0.2917275907913462f,0.7397450726421483f,-0.6063598273902547f,0.46942248799938857f,-0.24296953519686718f,-0.5558302437157612f,-0.7949959403274307f,-0.3276810128759058f,0f,0f,0f,1f], start_interpolation: 0, interpolation_duration: 1 }
$data merge entity $(bone_leg_left_3) { transformation: [-0.9953367153641933f,0.02694784485864299f,-0.09262093016966043f,0.2422550615762969f,-0.02482613480652846f,0.8562758903530436f,0.5159217601833351f,0.05671854870875767f,0.09321204899897156f,0.515815289864092f,-0.8516138213203425f,-0.5792796422658635f,0f,0f,0f,1f], start_interpolation: 0, interpolation_duration: 1 }
$data merge entity $(bone_leg_left_2) { transformation: [-0.8967731702020504f,-0.37904666894424865f,-0.22830134464788696f,0.17341059467089437f,-0.41278546468247684f,0.9024773241820746f,0.12305624520533065f,0.20766791347885621f,0.15939272678712735f,0.20459301576405758f,-0.9657824064187193f,-0.5364807456033291f,0f,0f,0f,1f], start_interpolation: 0, interpolation_duration: 1 }
$data merge entity $(bone_leg_left_1) { transformation: [-0.9272332571524822f,-0.3090064248040168f,-0.21155026887299877f,0.25008664249524454f,-0.3321656525457694f,0.9395112719683251f,0.08357361493499676f,0.1687509930578f,0.1729290782351013f,0.14776196829461702f,-0.9737874175745231f,-0.2271359098534247f,0f,0f,0f,1f], start_interpolation: 0, interpolation_duration: 1 }
$data merge entity $(bone_leg_left_0) { transformation: [-0.9272332571524822f,-0.37393492327602496f,0.020277080286666572f,0.09696428165867749f,-0.3321656525457694f,0.7962407991125909f,-0.5056348179243452f,0.47350748644119717f,0.1729290782351013f,-0.47557676875883653f,-0.8625092874384961f,-0.3206056204080391f,0f,0f,0f,1f], start_interpolation: 0, interpolation_duration: 1 }
$data merge entity $(bone_tail_3) { transformation: [-2.043890045119316f,0.7200618604168324f,-1.1262913146558657f,-0.20355364873276416f,-1.150756128834236f,0.09939781272149971f,2.1518336672732525f,0.7260811464857608f,0.6802804864514567f,2.331552855251894f,0.2561005032289813f,-1.5433276395366737f,0f,0f,0f,1f], start_interpolation: 0, interpolation_duration: 1 }
$data merge entity $(bone_tail_2) { transformation: [-1.0601330425884787f,0.021039376688170724f,-0.4610741145853539f,-0.014833910310511927f,-0.3113985114310449f,0.8199555130948069f,0.7534042647370411f,0.4133924160685811f,0.340680145577379f,0.814950528359854f,-0.7461278290181718f,-1.241880001245744f,0f,0f,0f,1f], start_interpolation: 0, interpolation_duration: 1 }
$data merge entity $(bone_tail_1) { transformation: [-1.377585845501994f,-0.04455448956465845f,-0.14018372234309842f,0.02736859011514725f,-0.08439280773988518f,1.3208092283907715f,0.4095365386352376f,0.28417146393829856f,0.12047585879383864f,0.41576101300529045f,-1.3160576308773408f,-0.8498325924540031f,0f,0f,0f,1f], start_interpolation: 0, interpolation_duration: 1 }
$data merge entity $(bone_tail_0) { transformation: [-1.1967765145815432f,-0.019996227858477093f,0.048274893011406216f,0.012712670301034158f,-0.026126295028729846f,1.187450164080512f,-0.15583281044444813f,0.3494079995571184f,-0.04525186329757724f,-0.15673735666514033f,-1.1867560870589624f,-0.4998918275233547f,0f,0f,0f,1f], start_interpolation: 0, interpolation_duration: 1 }
$data merge entity $(bone_body_1) { transformation: [-1.019861725469489f,-0.003880971423879881f,0.044358690553802115f,2.99482016901739e-17f,-0.022264147067961083f,0.9251468603501554f,-0.4309388459909719f,0.48947125f,-0.038562457418804943f,-0.4314961405267739f,-0.9243509679947145f,-0.24454562500000002f,0f,0f,0f,1f], start_interpolation: 0, interpolation_duration: 1 }
data modify entity @s data merge value {"locators":{"body_1":{"posx":0.0050845565777177,"posy":0.2631369198766865,"posz":-0.2483421629284435,"roty":2.7474601139750234,"rotx":-24.9700324538161},"body_0":{"posx":0.00035057260070658035,"posy":0.33075501297514986,"posz":0.04736086947893288,"roty":0.940224637441986,"rotx":30.02274978460617},"neck_1":{"posx":-0.0317747148495184,"posy":0.1395480321506823,"posz":0.3865910146014839,"roty":355.565468606178,"rotx":36.84370573827794},"neck_0":{"posx":-0.008815329736565035,"posy":0.0015651155339754114,"posz":0.6906512439438376,"roty":355.72160544572586,"rotx":19.34423996319124},"pos_head":{"posx":0.025796636741388365,"posy":0.13111872274091024,"posz":1.0346084151114368,"roty":357.72415050254295,"rotx":7.391030592408773},"head_0":{"posx":0.037635818126687426,"posy":-0.12944132571152767,"posz":0.9687751591473025,"roty":357.72415050254295,"rotx":7.391030592408773},"arm_right_0":{"posx":-0.34971744933600224,"posy":-0.12088373512865878,"posz":0.37626018831278757,"roty":345.00294091296666,"rotx":-43.484322721655076},"arm_left_0":{"posx":0.3774747849000262,"posy":-0.10052918148176701,"posz":0.43182956440602493,"roty":358.08867126288004,"rotx":-52.4400921948725},"finger_right_0":{"posx":-0.6396814517121749,"posy":0.6677269409552937,"posz":0.603039066424978,"roty":352.42472732832294,"rotx":22.039635488626597},"finger_right_1":{"posx":-0.8482338572077104,"posy":0.8939508572342948,"posz":0.08292014390563443,"roty":352.42472732832294,"rotx":22.039635488626597},"finger_right_2":{"posx":-0.9540562377655313,"posy":1.1352214772462674,"posz":-0.5010241728749274,"roty":352.42472732832294,"rotx":22.039635488626597},"finger_right_3":{"posx":-1.0676220004732864,"posy":1.3941459038922641,"posz":-1.127695694914066,"roty":352.42472732832294,"rotx":22.039635488626597},"finger_left_0":{"posx":0.5496769809418492,"posy":0.6098794711280269,"posz":0.5378543751647046,"roty":8.021262961930688,"rotx":19.781791333236576},"finger_left_1":{"posx":0.7637200740560564,"posy":0.8113242765359674,"posz":0.009838651571622878,"roty":8.021262961930688,"rotx":19.781791333236576},"finger_left_2":{"posx":0.8754000421778736,"posy":1.0284050655225316,"posz":-0.5824487526347166,"roty":8.021262961930688,"rotx":19.781791333236576},"finger_left_3":{"posx":0.9952519929853395,"posy":1.2613696810783783,"posz":-1.2180738272618625,"roty":8.021262961930688,"rotx":19.781791333236576},"leg_right_0":{"posx":-0.29530310211854005,"posy":0.07143648951859477,"posz":-0.12773063978193328,"roty":1.267117530169969,"rotx":-37.32675764076592},"leg_left_0":{"posx":0.30257470135172915,"posy":0.05716205096009706,"posz":-0.16300464795392794,"roty":1.3467416195254032,"rotx":-30.373502062258787},"tail_0":{"posx":0.0230535389380039,"posy":0.14309678571367251,"posz":-0.654262511412144,"roty":2.329394862990057,"rotx":-7.474592004335959},"tail_1":{"posx":0.008683232242961494,"posy":0.1805337324047004,"posz":-1.1360888102560285,"roty":353.9198986184489,"rotx":17.193838617043365},"tail_2":{"posx":-0.12203342265049408,"posy":0.43818971386044747,"posz":-1.5527989231029857,"roty":328.28576209254993,"rotx":40.66180595154498},"tail_3":{"posx":-0.36812113186422457,"posy":0.9027223440311813,"posz":-1.7389629730399787,"roty":257.189677615131,"rotx":61.77440634883447},"tail_4":{"posx":-0.569884114663898,"posy":1.2882002160064858,"posz":-1.6930853206461443,"roty":257.189677615131,"rotx":61.77440634883447},"shadow":{"posx":2.1048616860345125e-17,"posy":0.1875,"posz":-0.17187499999999994,"roty":0,"rotx":-1.4033418597069752e-14}},"cameras":{}}