# This file was generated by Animated Java via MC-Build. It is not recommended to edit this file directly.
$data merge entity $(bone_head_lower) { transformation: [-0.9999988453295994f,0.0014758599448725642f,-0.0003621835046123674f,0.0014864372637562403f,0.001272902532431238f,0.9436770277574617f,0.3308656026273905f,1.7943178610630803f,0.000830095543189268f,0.3308647595623724f,-0.9436778167473914f,0.8110903076083644f,0f,0f,0f,1f], start_interpolation: 0, interpolation_duration: 1 }
$data merge entity $(bone_head_upper) { transformation: [-0.9999988453295994f,-0.00011260896292499675f,-0.0015154730909394272f,0.0018482599703466519f,0.001272902532431238f,0.4826693543926344f,-0.8758017321570795f,1.7866841611404136f,0.000830095543189268f,-0.8758026499442778f,-0.4826686537283835f,0.7918626953616423f,0f,0f,0f,1f], start_interpolation: 0, interpolation_duration: 1 }
$data merge entity $(bone_neck_0) { transformation: [-0.9999988453295994f,-0.00016670404775424307f,-0.0015104798007106537f,0.001568090084216814f,0.001272902532431238f,0.45105745846181355f,-0.8924940049575194f,1.6114396500521238f,0.000830095543189268f,-0.8924948971146727f,-0.45105672544111275f,0.7223220489377125f,0f,0f,0f,1f], start_interpolation: 0, interpolation_duration: 1 }
$data merge entity $(bone_neck_1) { transformation: [-0.9999988453295994f,0.0001278241968803959f,-0.0015142656446556619f,0.0013049019735135302f,0.001272902532431238f,0.6147613803050358f,-0.7887121306310627f,1.4787232107289905f,0.000830095543189268f,-0.7887131474410846f,-0.6147608331660105f,0.608777631224101f,0f,0f,0f,1f], start_interpolation: 0, interpolation_duration: 1 }
$data merge entity $(bone_neck_2) { transformation: [-0.9999988453295994f,0.0006354988231791397f,-0.001380391507374076f,0.0010827308315964038f,0.001272902532431238f,0.8464688681079621f,-0.5324366958082142f,1.4787098092530733f,0.000830095543189268f,-0.5324378381231667f,-0.8464686996434764f,0.3411532252954462f,0f,0f,0f,1f], start_interpolation: 0, interpolation_duration: 1 }
$data merge entity $(bone_arm_right_2) { transformation: [-0.9389100017858001f,0.34063251327349053f,-0.04916807345803133f,-0.23700956471835305f,0.34175760994522386f,0.9396451740576562f,-0.0163915501001502f,1.3223350635915312f,0.040617048035489066f,-0.03219375360443205f,-0.9986560056584753f,0.9017653532457786f,0f,0f,0f,1f], start_interpolation: 0, interpolation_duration: 1 }
$data merge entity $(bone_arm_right_1) { transformation: [-0.8527068454890807f,-0.46596925687707236f,-0.23614336175613812f,-0.2567415902186754f,0.4379738688891553f,-0.3913131165492061f,-0.8093534054952836f,1.1338751544294798f,0.2847278100683641f,-0.7935658110465551f,0.5377577314290305f,0.6130835323391652f,0f,0f,0f,1f], start_interpolation: 0, interpolation_duration: 1 }
$data merge entity $(bone_arm_right_0) { transformation: [-0.8688786579442104f,0.2710926531085052f,-0.4141963920649957f,-0.15849985101839312f,0.4894778651732139f,0.5954061935707015f,-0.6371050809427921f,1.3038943761521848f,0.07390059048844655f,-0.7563069734494322f,-0.6500295875090756f,0.3593745287592025f,0f,0f,0f,1f], start_interpolation: 0, interpolation_duration: 1 }
$data merge entity $(bone_arm_left_2) { transformation: [-0.9807719087247003f,-0.1799764787626515f,0.07546476097295265f,0.3245181896490254f,-0.18767085415147636f,0.9758578416475328f,-0.11171894824547318f,1.1451970355006837f,-0.05353609584722541f,-0.1237333422615598f,-0.9908702974931789f,0.6991979846465608f,0f,0f,0f,1f], start_interpolation: 0, interpolation_duration: 1 }
$data merge entity $(bone_arm_left_1) { transformation: [-0.9299591196448712f,0.3213709554576373f,-0.17859659788915727f,0.28689638166949194f,0.021050175863255513f,-0.43842493026990315f,-0.8985212688712253f,1.0097575682939355f,-0.3670598396521501f,-0.8393475379758232f,0.40095234705443744f,0.38378645315036586f,0f,0f,0f,1f], start_interpolation: 0, interpolation_duration: 1 }
$data merge entity $(bone_arm_left_0) { transformation: [-0.9422601467192675f,-0.33257826523434014f,-0.03921113870192092f,0.16024978093041667f,-0.3307473648954534f,0.9425677757503257f,-0.04660653099939843f,1.3034886384699724f,0.05245947501927753f,-0.03094649593735871f,-0.9981434355191148f,0.3591099358048109f,0f,0f,0f,1f], start_interpolation: 0, interpolation_duration: 1 }
$data merge entity $(bone_finger_right_1_fire) { transformation: [0.4760863471479222f,-0.000006193228585459815f,-0.000012698336246346045f,-1.798718454900094f,0.6216783415667178f,-0.000005466533640971181f,0.000010705010907980753f,2.251228330042945f,-0.4384621074765503f,-0.000014475451889946362f,0.0000013902430767765937f,-0.10002161747453808f,0f,0f,0f,1f], start_interpolation: 0, interpolation_duration: 1 }
$data merge entity $(bone_finger_right_1_fire_s) { transformation: [0.4243969723147192f,-0.2972749721020711f,-0.6095201398246101f,-1.798718454900094f,0.5541818359109028f,-0.26239361476661666f,0.5138405235830761f,2.251228330042945f,-0.390857650093382f,-0.6948216907174253f,0.06673166768527648f,-0.10002161747453808f,0f,0f,0f,1f], start_interpolation: 0, interpolation_duration: 1 }
$data merge entity $(bone_finger_right_1) { transformation: [1.0546830624650525f,-0.7387679423365936f,-1.5147388168161326f,-0.9958102330631937f,1.377215753150048f,-0.6520831185103446f,1.2769622131737552f,1.5955974641524944f,-0.9713333748354f,-1.7267245443248975f,0.16583709175360345f,-0.1561952616122529f,0f,0f,0f,1f], start_interpolation: 0, interpolation_duration: 1 }
$data merge entity $(bone_finger_right_2_fire) { transformation: [0.6993733566390989f,0.000007927124629393306f,0.0000068000674022756775f,-0.3942611172275017f,-0.3908848415458245f,-9.496960934286143e-7f,0.000014972593798212413f,2.265142677474687f,0.40432306226535f,-0.00001462998804572206f,0.000002712617934029191f,-0.11983258841278646f,0f,0f,0f,1f], start_interpolation: 0, interpolation_duration: 1 }
$data merge entity $(bone_finger_right_2_fire_s) { transformation: [0.6234413922039969f,0.38050198221087866f,0.3264032353092325f,-0.3942611172275017f,-0.34844591589227786f,-0.045585412484573484f,0.7186845023141958f,2.265142677474687f,0.3604251297908263f,-0.7022394261946588f,0.13020566083340115f,-0.11983258841278646f,0f,0f,0f,1f], start_interpolation: 0, interpolation_duration: 1 }
$data merge entity $(bone_finger_right_2) { transformation: [0.9681570745702748f,0.5908906443685972f,0.5068794041892196f,-0.6128797568779278f,-0.5411100109725198f,-0.0707906791978016f,1.1160623821265825f,1.7834780864082054f,0.5597128192375753f,-1.0905244294239382f,0.20219949021881276f,-0.20802607963822273f,0f,0f,0f,1f], start_interpolation: 0, interpolation_duration: 1 }
$data merge entity $(bone_finger_film_right) { transformation: [2.201716625303594f,-0.003318815270939879f,-0.21422852452383923f,-0.8566194021783993f,0.5414506093890885f,-0.01701849914134358f,0.8619528059738935f,1.7447554077806202f,-0.0766657627029113f,-0.21550385604760297f,-0.06476987672369788f,-0.21753093273475257f,0f,0f,0f,1f], start_interpolation: 0, interpolation_duration: 1 }
$data merge entity $(bone_finger_right_0_fire) { transformation: [0.8545925224009043f,-0.0000017739627399953017f,-0.000004768864267871262f,-1.06747322961118f,0.2575190614252918f,-1.3131161234384016e-7f,0.000015965220288795367f,2.4142333700682017f,-0.09352402721050221f,-0.000016571469193627643f,3.839954461128411e-7f,-0.23576186891038597f,0f,0f,0f,1f], start_interpolation: 0, interpolation_duration: 1 }
$data merge entity $(bone_finger_right_0_fire_s) { transformation: [0.7618081913973777f,-0.08515021151977448f,-0.22890548485782053f,-1.06747322961118f,0.2295598490419744f,-0.006302957392504327f,0.7663305738621776f,2.4142333700682017f,-0.08336998997050483f,-0.7954305212941267f,0.018431781413416372f,-0.23576186891038597f,0f,0f,0f,1f], start_interpolation: 0, interpolation_duration: 1 }
$data merge entity $(bone_fire_large_right) { transformation: [0.000025393606379912586f,-0.0000028383403839924825f,-0.000007630182828594017f,-1.056377543153098f,0.000007651994968065813f,-2.1009857975014423e-7f,0.000025544352462072588f,2.4214854559395755f,-0.0000027789996656834945f,-0.000026514350709804226f,6.143927137805457e-7f,-0.12764055842438585f,0f,0f,0f,1f], start_interpolation: 0, interpolation_duration: 1 }
$data merge entity $(bone_finger_right_0) { transformation: [1.392743687139181f,-0.1556722819364792f,-0.4184867957411679f,-0.8596905001021755f,0.41968310945485826f,-0.01152311594683104f,1.4010115420924414f,1.7418472055204055f,-0.15241766699212358f,-1.45421229333087f,0.033697126778300106f,-0.1809553499102352f,0f,0f,0f,1f], start_interpolation: 0, interpolation_duration: 1 }
$data merge entity $(bone_wing_right_1_model) { transformation: [-0.6636079251036501f,-0.6256633838084781f,0.44625882057702027f,-0.5696833156794615f,-0.7138883033413828f,0.7201721686950171f,-0.05189046956155172f,1.3756239129384256f,-0.2845436612083113f,-0.3476700456471355f,-0.9105698914788083f,0.011606838341505304f,0f,0f,0f,1f], start_interpolation: 0, interpolation_duration: 1 }
$data merge entity $(bone_wing_right_0) { transformation: [-0.5762152496476904f,-0.030828385712913936f,-0.8167163502145559f,-0.17343903729452137f,0.3253759755821594f,0.9080312095703852f,-0.26383668615281997f,1.5455778811664749f,0.7497375944871698f,-0.4177666012027282f,-0.5131906140335314f,0.1923051196900623f,0f,0f,0f,1f], start_interpolation: 0, interpolation_duration: 1 }
$data merge entity $(bone_finger_left_1_fire) { transformation: [0.5083694467370047f,-0.11238513570028554f,-0.0436146289763586f,1.5556500475336055f,-0.292993361975843f,0.10557567854363167f,-0.05958986737882605f,2.4869244643691295f,0.5465166383735303f,0.16114082549963643f,0.008623542063349116f,-0.2552812247145984f,0f,0f,0f,1f], start_interpolation: 0, interpolation_duration: 1 }
$data merge entity $(bone_finger_left_1_fire_s) { transformation: [0.5071959165099108f,0.4031186010343304f,0.46930554628705984f,1.5556500475336055f,-0.2923170102225591f,-0.3786934951189532f,0.6412035576079842f,2.4869244643691295f,0.5452550484041534f,-0.5780022753023695f,-0.09279171264217842f,-0.2552812247145984f,0f,0f,0f,1f], start_interpolation: 0, interpolation_duration: 1 }
$data merge entity $(bone_finger_left_1) { transformation: [1.2604494786493294f,1.0018034727171157f,1.166286856596182f,0.9301022797764801f,-0.7264467460044225f,-0.9411038278366146f,1.5934763344635219f,1.6713916305219425f,1.3550314959574417f,-1.4364127210964284f,-0.23059977814416566f,-0.10945560807431483f,0f,0f,0f,1f], start_interpolation: 0, interpolation_duration: 1 }
$data merge entity $(bone_finger_left_2_fire) { transformation: [0.5554833758200832f,0.08460137851096344f,0.045601651622601824f,0.1909753712419464f,0.36479017020836263f,0.09591845027147901f,-0.057975641629969675f,2.1554685574968064f,-0.44869966733169947f,0.18271635373054765f,0.009320299328564088f,-0.28505548648637336f,0f,0f,0f,1f], start_interpolation: 0, interpolation_duration: 1 }
$data merge entity $(bone_finger_left_2_fire_s) { transformation: [0.5542010868541409f,-0.3034599650425906f,-0.4906864629741057f,0.1909753712419464f,0.36394808126294315f,-0.3440536085656154f,0.6238340392909003f,2.1554685574968064f,-0.44766388002016744f,-0.65539237411594f,-0.10028901473222801f,-0.28505548648637336f,0f,0f,0f,1f], start_interpolation: 0, interpolation_duration: 1 }
$data merge entity $(bone_finger_left_2) { transformation: [0.8606321455101679f,-0.47125025010963467f,-0.7619987643823306f,0.519774579882479f,0.5651836949826712f,-0.5342890916925825f,0.9687668256386969f,1.7370615565876875f,-0.6951879645637767f,-1.0177745198736063f,-0.15574121373532146f,-0.21872569097959604f,0f,0f,0f,1f], start_interpolation: 0, interpolation_duration: 1 }
$data merge entity $(bone_finger_film_left) { transformation: [2.2540532298922407f,0.024112478669812077f,0.016792719425237378f,0.7658981526420122f,0.053546827116585614f,-0.07944790975434995f,0.8279604886444389f,1.7571898296817718f,0.2509567170549244f,-0.19962257845062276f,-0.3274920933315785f,-0.2146217516508283f,0f,0f,0f,1f], start_interpolation: 0, interpolation_duration: 1 }
$data merge entity $(bone_finger_left_0_fire) { transformation: [0.7868556545788712f,-0.040950219507949207f,-0.0042970296258761165f,0.81956074154839f,-0.0034295737116926506f,0.06231190001760499f,-0.07138620429032626f,2.4205837924892086f,0.154309615507628f,0.21019827522477655f,0.02032483717287784f,-0.43827599871118494f,0f,0f,0f,1f], start_interpolation: 0, interpolation_duration: 1 }
$data merge entity $(bone_finger_left_0_fire_s) { transformation: [0.7850392612040628f,0.1468859302187174f,0.04623723469197879f,0.81956074154839f,-0.0034216568149504274f,-0.22350897034886233f,0.7681354258450993f,2.4205837924892086f,0.1539534040962386f,-0.7539683439491169f,-0.21870090463874794f,-0.43827599871118494f,0f,0f,0f,1f], start_interpolation: 0, interpolation_duration: 1 }
$data merge entity $(bone_fire_large_left) { transformation: [0.00002616797537346876f,0.000004896197673957247f,0.0000015412411563992928f,0.7986033347815205f,-1.1405522716501425e-7f,-0.000007450299011628744f,0.000025604514194836646f,2.4569843330541086f,0.000005131780136541287f,-0.00002513227813163723f,-0.000007290030154624932f,-0.33776872267177116f,0f,0f,0f,1f], start_interpolation: 0, interpolation_duration: 1 }
$data merge entity $(bone_finger_left_0) { transformation: [1.4352149104524956f,0.268538005172189f,0.08453127369227165f,0.7666527175323016f,-0.006255499720786238f,-0.40862084575562097f,1.404311186588025f,1.7661980877091783f,0.2814588161297129f,-1.3784108167854627f,-0.3998307024613765f,-0.17892939307178676f,0f,0f,0f,1f], start_interpolation: 0, interpolation_duration: 1 }
$data merge entity $(bone_wing_left_1_model) { transformation: [-0.8075040002259088f,0.5023367065431505f,-0.35576987775860924f,0.5375272450466858f,0.5625065836685957f,0.8405187144026743f,-0.08995397217578001f,1.3432713064192294f,0.2500014319768601f,-0.26863210351723843f,-0.9467381686671683f,-0.024209262136466913f,0f,0f,0f,1f], start_interpolation: 0, interpolation_duration: 1 }
$data merge entity $(bone_wing_left_0) { transformation: [-0.6685691548848168f,0.0689255641812216f,0.7404488852978993f,0.17552680976447899f,-0.2712721037287513f,0.9044794803619731f,-0.3291326713389492f,1.5451336811431169f,-0.6924064780713561f,-0.4209110787404334f,-0.5860094990001319f,0.19201544436121382f,0f,0f,0f,1f], start_interpolation: 0, interpolation_duration: 1 }
$data merge entity $(bone_body_0) { transformation: [-0.9999988453295994f,0.0006461847147156054f,-0.0013754216743822444f,0.0003203175392363423f,0.001272902532431238f,0.8505724858770058f,-0.525856278833061f,1.0908000340629471f,0.000830095543189268f,-0.5258574224201132f,-0.8505723262762926f,0.01752653071336982f,0f,0f,0f,1f], start_interpolation: 0, interpolation_duration: 1 }
$data merge entity $(bone_leg_right_3) { transformation: [-0.9737605130687182f,-0.22098849341904495f,-0.0543557629375895f,-0.1794043982416591f,-0.11621830375618203f,0.2775341715132438f,0.9536603638164338f,0.19346922811061937f,-0.19566238539939784f,0.9349539397311709f,-0.29593472510163327f,-0.4183805324926673f,0f,0f,0f,1f], start_interpolation: 0, interpolation_duration: 1 }
$data merge entity $(bone_leg_right_2) { transformation: [-0.8944161737432788f,0.2855238322976623f,0.344232260743367f,-0.12739092047740172f,0.23658541358065904f,0.9552398798142905f,-0.17760662739112093f,0.3566636915836289f,-0.3795353082748711f,-0.07741390832683975f,-0.9219327722617643f,-0.4227602729118344f,0f,0f,0f,1f], start_interpolation: 0, interpolation_duration: 1 }
$data merge entity $(bone_leg_right_1) { transformation: [-0.9271252328499063f,0.3348152028646105f,0.168337703868553f,-0.1905832256417649f,0.1696415326057253f,0.7755016031286546f,-0.6081274652242469f,0.541207820157951f,-0.3341564798536571f,-0.535253251718863f,-0.7757856685297788f,-0.1677344554209099f,0f,0f,0f,1f], start_interpolation: 0, interpolation_duration: 1 }
$data merge entity $(bone_leg_right_0) { transformation: [-0.9271252328499063f,0.2722137090340388f,0.25756261224591304f,-0.09377067636154456f,0.1696415326057253f,0.917692963321328f,-0.3592511315023246f,0.8805743424681488f,-0.3341564798536571f,-0.2893774726623541f,-0.89699505310083f,-0.1904777681879363f,0f,0f,0f,1f], start_interpolation: 0, interpolation_duration: 1 }
$data merge entity $(bone_leg_left_3) { transformation: [-0.9660009279349236f,0.24356542199780812f,0.0867069341857728f,0.17393574051690944f,0.13164390051283437f,0.17474480394691494f,0.9757736094767684f,0.20224582187064863f,0.2225131247514027f,0.954012651226693f,-0.20086754494637227f,-0.4214701325032126f,0f,0f,0f,1f], start_interpolation: 0, interpolation_duration: 1 }
$data merge entity $(bone_leg_left_2) { transformation: [-0.8948454627351985f,-0.2560587272875819f,-0.36563031329758783f,0.12711115227290737f,-0.23586874141503164f,0.9666566372880753f,-0.09970397389371999f,0.3668493626652114f,0.3789690418035718f,-0.0029788868347784825f,-0.9254045556337555f,-0.4130946207464308f,0f,0f,0f,1f], start_interpolation: 0, interpolation_duration: 1 }
$data merge entity $(bone_leg_left_1) { transformation: [-0.9269980615616292f,-0.32843608959538406f,-0.1811196535781654f,0.1943093578508108f,-0.16728141164366728f,0.794255018246259f,-0.5841026410735848f,0.5434046677506532f,0.3356955811140261f,-0.5111640647012738f,-0.7912141150021202f,-0.15347837352092936f,0f,0f,0f,1f], start_interpolation: 0, interpolation_duration: 1 }
$data merge entity $(bone_leg_left_0) { transformation: [-0.9269980615616292f,-0.2815655449134656f,-0.2477810278826145f,0.09353035736724603f,-0.16728141164366728f,0.9016641414149218f,-0.39877149522626876f,0.8803359262326963f,0.3356955811140261f,-0.32821124295806114f,-0.8829415930946061f,-0.19063324612079507f,0f,0f,0f,1f], start_interpolation: 0, interpolation_duration: 1 }
$data merge entity $(bone_tail_3) { transformation: [-2.442231346691163f,0.0034859298659051853f,0.0012737213453104454f,-0.0017197464114265203f,0.0031087260555400942f,1.4635931467042333f,1.9550941567036462f,0.35835388455147504f,0.002027287697174556f,1.955093520537419f,-1.4635958939855025f,-1.3169331535571804f,0f,0f,0f,1f], start_interpolation: 0, interpolation_duration: 1 }
$data merge entity $(bone_tail_2) { transformation: [-1.1562486649123493f,0.0016411676541553178f,-0.0006276600518323133f,-0.001470990343081012f,0.0014717935531236188f,1.130220090597706f,0.24395582209295721f,0.2527344324123315f,0.0009597979718125911f,0.24395474145432083f,-1.1302208746124842f,-0.8553006916554033f,0f,0f,0f,1f], start_interpolation: 0, interpolation_duration: 1 }
$data merge entity $(bone_tail_1) { transformation: [-1.3854150669670493f,0.001307364547120806f,-0.0016502413172904858f,-0.0009833056087242883f,0.0017635003834724444f,1.3137971814673288f,-0.4396739659255237f,0.37786025691867514f,0.0011500282004601318f,-0.4396755588433613f,-1.3137973286122537f,-0.45967009822617855f,0f,0f,0f,1f], start_interpolation: 0, interpolation_duration: 1 }
$data merge entity $(bone_tail_0) { transformation: [-1.1979152834677493f,-0.000010596384447840358f,-0.0018203845407597842f,-0.00044285665927355495f,0.0015248311586415872f,0.6484992639553923f,-1.007199443912193f,0.6873316163165455f,0.000994385286112144f,-1.0072005981008993f,-0.6484985016643228f,-0.2831585514289282f,0f,0f,0f,1f], start_interpolation: 0, interpolation_duration: 1 }
$data merge entity $(bone_body_1) { transformation: [-1.0208321546072994f,0.00006181521377647767f,-0.0015500784310945538f,1.594597875189239e-17f,0.001299421335190222f,0.5912503845938898f,-0.8321790604588748f,0.9354992733849123f,0.0008473892003390443f,-0.8321800726651061f,-0.5912497805793134f,-0.1302087978590611f,0f,0f,0f,1f], start_interpolation: 0, interpolation_duration: 1 }
data modify entity @s data merge value {"locators":{"body_1":{"posx":-0.00016296102291396997,"posy":0.7367447804416505,"posz":-0.02174626798456933,"roty":359.8497881074046,"rotx":-54.60672816729744},"body_0":{"posx":0.0004797969822482223,"posy":1.0624226840368458,"posz":0.2531630922904764,"roty":359.9073496916492,"rotx":-31.725905427471453},"neck_1":{"posx":0.001080208338364031,"posy":1.3039097183904436,"posz":0.6061600547061303,"roty":359.906564132412,"rotx":-32.17024086500101},"neck_0":{"posx":0.0015874807518334042,"posy":1.5489787067245546,"posz":0.8414617539727484,"roty":359.85887055525745,"rotx":-52.065320464043175},"pos_head":{"posx":0.002053997544846929,"posy":1.911569118555656,"posz":0.8474538363614662,"roty":359.82010448352685,"rotx":-61.14000282254353},"head_0":{"posx":0.002036726718036594,"posy":1.7552370962989654,"posz":1.066373961464441,"roty":359.82010448352685,"rotx":-61.14000282254353},"arm_right_0":{"posx":-0.17866730517190996,"posy":1.3051469359958188,"posz":1.047878301709149,"roty":203.70752324091893,"rotx":-54.032805410303325},"arm_left_0":{"posx":0.2520465579107047,"posy":1.1346121658194157,"posz":0.8394979055834823,"roty":204.00967253232525,"rotx":-63.96437028439807},"finger_right_0":{"posx":-0.8495597607644617,"posy":1.5696896031397862,"posz":0.005476363971985754,"roty":263.75201048057215,"rotx":39.963588218249136},"finger_right_1":{"posx":-1.2244051745268947,"posy":2.0433391828787912,"posz":-0.01301825934399236,"roty":263.75201048057215,"rotx":39.963588218249136},"finger_right_2":{"posx":-1.6972091374579144,"posy":2.473779036039523,"posz":0.026715842582367137,"roty":263.75201048057215,"rotx":39.963588218249136},"finger_right_3":{"posx":-2.2046080208134375,"posy":2.9357144561675454,"posz":0.06935711963780228,"roty":263.75201048057215,"rotx":39.963588218249136},"finger_left_0":{"posx":0.7812936680746418,"posy":1.6606537125785055,"posz":0.05159974461698133,"roty":78.81565955266831,"rotx":53.274007569074655},"finger_left_1":{"posx":1.0387196920988753,"posy":2.1826920792020092,"posz":-0.11088978004662522,"roty":78.81565955266831,"rotx":53.274007569074655},"finger_left_2":{"posx":1.396457100387507,"posy":2.705877990613389,"posz":-0.20417055094705994,"roty":78.81565955266831,"rotx":53.274007569074655},"finger_left_3":{"posx":1.7803699625303386,"posy":3.267345590635628,"posz":-0.3042769249437693,"roty":78.81565955266831,"rotx":53.274007569074655},"leg_right_0":{"posx":-0.22833025147607725,"posy":0.4129745919282163,"posz":-0.12963841504566004,"roty":16.020857453444563,"rotx":-21.05421257353594},"leg_left_0":{"posx":0.23337728184467804,"posy":0.41731197818279175,"posz":-0.10995552864400887,"roty":344.32421900337727,"rotx":-23.501401150552965},"tail_0":{"posx":-0.0007150422748462976,"posy":0.4359602739238202,"posz":-0.22559178406540864,"roty":359.8391668183365,"rotx":-57.223908907355806},"tail_1":{"posx":-0.0014467062242575898,"posy":0.1260937809844253,"posz":-0.6318501524777695,"roty":359.92803165992706,"rotx":-18.503262340542914},"tail_2":{"posx":-0.0019007370471116462,"posy":0.10856805622717643,"posz":-1.151936981896481,"roty":359.9681812032942,"rotx":12.180305856218725},"tail_3":{"posx":-0.0019352731968883732,"posy":0.3905826228558746,"posz":-1.6259946601621997,"roty":0.049862697236278564,"rotx":53.181230432392546},"tail_4":{"posx":-0.0017070997087851017,"posy":0.7408167262159517,"posz":-1.888182132747032,"roty":0.049862697236278564,"rotx":53.181230432392546},"shadow":{"posx":-8.367091662752312e-18,"posy":0.6966416087106838,"posz":0.06832248831726671,"roty":0,"rotx":-26.201171875000007}},"cameras":{}}