# This file was generated by Animated Java via MC-Build. It is not recommended to edit this file directly.
$data merge entity $(bone_head_lower) { transformation: [-0.9912059939001056f,-0.12903851128242771f,0.029321327775494725f,0.11945094394873353f,-0.1151710282141484f,0.9503625947115153f,0.28904424027005254f,0.34562663073501615f,-0.06516373160431388f,0.2831254159894706f,-0.9568665982801314f,0.6331441625144714f,0f,0f,0f,1f], start_interpolation: 0, interpolation_duration: 1 }
$data merge entity $(bone_head_upper) { transformation: [-1.0317459060481224f,-0.12989385471994797f,-0.04582482343051868f,0.11305488573870563f,-0.11988147528017866f,0.6762921535966209f,0.7821312533403838f,0.4146934457011146f,-0.0678289010753755f,0.7805308783598154f,-0.6853048450793774f,0.6034066104698003f,0f,0f,0f,1f], start_interpolation: 0, interpolation_duration: 1 }
$data merge entity $(bone_neck_0) { transformation: [-0.9971404337043815f,-0.07042458199397034f,0.02741046739499152f,0.11629262196958626f,-0.060214043536333334f,0.9595769727060908f,0.2749296317482328f,0.4169146343719889f,-0.045664257716970434f,0.27249295716254557f,-0.9610735475831022f,0.5368534765144071f,0f,0f,0f,1f], start_interpolation: 0, interpolation_duration: 1 }
$data merge entity $(bone_neck_1) { transformation: [-0.9975508185653619f,-0.023413856692950777f,-0.0659102093331376f,0.11060129745651967f,-0.04218065118444333f,0.9530560195208165f,0.2998416520778814f,0.4467057676745989f,0.055795672280494826f,0.30188742101965577f,-0.9517094241336842f,0.4576219547168022f,0f,0f,0f,1f], start_interpolation: 0, interpolation_duration: 1 }
$data merge entity $(bone_neck_2) { transformation: [-0.9959091913651487f,0.02413517566084305f,-0.08707683877033862f,0.10320901175815167f,-0.006764887715685857f,0.9410490702522127f,0.3382024300203063f,0.485548295616041f,0.09010615322279313f,0.3374079736361698f,-0.9370361468364624f,0.3788339954247084f,0f,0f,0f,1f], start_interpolation: 0, interpolation_duration: 1 }
$data merge entity $(bone_body_0) { transformation: [-0.9892268540496649f,0.0045658591491296585f,-0.14631945925690365f,0.034292694824064586f,-0.012342541690865967f,0.9933532608936789f,0.11444195356819095f,0.5489472906769919f,0.1458694378257887f,0.1150150077256227f,-0.9825953669269275f,-0.08316385455798031f,0f,0f,0f,1f], start_interpolation: 0, interpolation_duration: 1 }
$data merge entity $(bone_leg_left_3) { transformation: [-0.7586371258116587f,0.3218516403624875f,-0.5664637966685967f,0.2835397026524149f,0.06594934238724673f,0.902928666471943f,0.42470049152536676f,0.08615629402358657f,0.6481669503908041f,0.2848356453451262f,-0.7062211123733912f,-0.3525767071166285f,0f,0f,0f,1f], start_interpolation: 0, interpolation_duration: 1 }
$data merge entity $(bone_leg_left_2) { transformation: [-0.9746284502799168f,-0.09839442636054573f,-0.3041054426787538f,0.24969386700867457f,-0.14420076740426419f,1.0062899778334566f,0.1365606776955095f,0.32471765346474935f,0.2852502797293685f,0.17251439613497405f,-0.9700171444573524f,-0.3418991953663713f,0f,0f,0f,1f], start_interpolation: 0, interpolation_duration: 1 }
$data merge entity $(bone_leg_left_1) { transformation: [-0.9674310359053772f,0.20027609099598936f,0.15481175066000308f,0.3151589813179527f,0.17590609251079253f,0.09211225734495837f,0.9800879443521384f,0.29425820626502613f,0.18202812251032338f,0.9753998254163172f,-0.12434204113325598f,-0.07394411229361819f,0f,0f,0f,1f], start_interpolation: 0, interpolation_duration: 1 }
$data merge entity $(bone_leg_left_0) { transformation: [-0.9637014021454151f,-0.05880331919317007f,-0.2604261452980997f,0.20121622013767926f,0.1549433036206306f,0.6711853528387818f,-0.7249157156510024f,0.6348161887587671f,0.21742166443592015f,-0.7389535789117919f,-0.6377110850905512f,-0.2868867954242227f,0f,0f,0f,1f], start_interpolation: 0, interpolation_duration: 1 }
$data merge entity $(bone_leg_right_3) { transformation: [-0.9972712494692051f,0.023341946161476116f,-0.07003719391527208f,-0.2413617305403171f,0.018602425564123594f,0.9975406517082956f,0.06757660802762983f,0.022775397126695407f,0.07144231760841661f,0.06608934663607624f,-0.995252828941448f,-0.159741848169658f,0f,0f,0f,1f], start_interpolation: 0, interpolation_duration: 1 }
$data merge entity $(bone_leg_right_2) { transformation: [-1.01696939016984f,0.12831836689540724f,0.03701156137713566f,-0.20872937827188773f,0.09422430059678805f,0.8908535035143179f,-0.49956382570599084f,0.21484711797451522f,-0.09464269721074108f,-0.4919112028550022f,-0.8950577232062273f,-0.3019201014364707f,0f,0f,0f,1f], start_interpolation: 0, interpolation_duration: 1 }
$data merge entity $(bone_leg_right_1) { transformation: [-0.9542348069184653f,0.06926282653705401f,-0.2909271285483311f,-0.1934873314201636f,-0.22459274659644626f,0.4763756354055461f,0.8500731451870637f,0.29470589461023344f,0.19746906451782156f,0.8765095064242376f,-0.4390182840228824f,-0.03658325615903474f,0f,0f,0f,1f], start_interpolation: 0, interpolation_duration: 1 }
$data merge entity $(bone_leg_right_0) { transformation: [-0.9605497704116187f,-0.2668653629263761f,-0.07827526194373356f,-0.1802067255885294f,-0.1779069547927003f,0.8059605201219084f,-0.5646031840516053f,0.6778006588390676f,0.2137598044501692f,-0.5284037453264276f,-0.8216423966218085f,-0.20201996820824042f,0f,0f,0f,1f], start_interpolation: 0, interpolation_duration: 1 }
$data merge entity $(bone_tail_4) { transformation: [-2.042237287454433f,1.3067305050551274f,1.3218863720037095f,0.2970175202658362f,1.6915129185577769f,2.120665182649319f,0.516937676176814f,0.5539731038534169f,-0.7705272478523466f,1.1920133815764418f,-2.3687661746275817f,-1.9220292352417019f,0f,0f,0f,1f], start_interpolation: 0, interpolation_duration: 1 }
$data merge entity $(bone_tail_3) { transformation: [-1.7468955661895194f,0.7277877293940749f,0.8686923666150512f,0.142597422364401f,0.8146505968880846f,1.9160383466312947f,0.03296945969753783f,0.5296327624120002f,-0.787810771608087f,0.367515443520782f,-1.8921501296029442f,-1.6047869231561416f,0f,0f,0f,1f], start_interpolation: 0, interpolation_duration: 1 }
$data merge entity $(bone_tail_2) { transformation: [-1.735676885527013f,0.5417651980358265f,0.7160238084360223f,0.008335637270669105f,0.41302738945815887f,1.8654425830446355f,-0.41025141063001047f,0.6066469020925453f,-0.7972502741344166f,-0.2130453345270364f,-1.7713773061749543f,-1.2761319683450956f,0f,0f,0f,1f], start_interpolation: 0, interpolation_duration: 1 }
$data merge entity $(bone_tail_1) { transformation: [-1.3733662823297081f,0.3906118309638801f,0.49894258394220137f,-0.10249399063214748f,0.3207974251121112f,1.455647554989434f,-0.2565842117019724f,0.6437606932969782f,-0.5464524833883684f,-0.12715676609731902f,-1.4045914317816257f,-0.9718031378341085f,0f,0f,0f,1f], start_interpolation: 0, interpolation_duration: 1 }
$data merge entity $(bone_tail_0) { transformation: [-1.226020778904248f,0.3491740277627729f,-0.09373507675875865f,-0.066676231308505f,0.35006016806311446f,1.2293465571967386f,0.0007985162351160532f,0.6731936706076821f,0.09036949161454977f,-0.024904963932435995f,-1.2747740248141548f,-0.5998855404224743f,0f,0f,0f,1f], start_interpolation: 0, interpolation_duration: 1 }
$data merge entity $(bone_body_1) { transformation: [-1.1996182567113278f,0.14909361579358205f,-0.259406489800699f,-0.016410369201660023f,0.13519101470210054f,1.2263690800080507f,0.07966720906542246f,0.5720675f,0.26691575967885617f,0.048934327277004946f,-1.2062197162645187f,-0.3227524270420758f,0f,0f,0f,1f], start_interpolation: 0, interpolation_duration: 1 }