# This file was generated by Animated Java via MC-Build. It is not recommended to edit this file directly.
$data merge entity $(bone_head_lower) { transformation: [-0.9977029055382274f,-0.06214488682738007f,0.026961552659133955f,0.04355650892016548f,-0.05629132552204381f,0.9819849158217764f,0.18037990955056427f,0.37768583357597035f,-0.03768552708335692f,0.17844785832200566f,-0.9832274217640287f,0.7187509909243737f,0f,0f,0f,1f], start_interpolation: 0, interpolation_duration: 1 }
$data merge entity $(bone_head_upper) { transformation: [-1.038508538665197f,-0.06799142169186251f,-0.018684867655504304f,0.04041931121663865f,-0.05859361728117644f,0.6786763926674266f,0.7870432546139653f,0.447163831931119f,-0.03922684943876327f,0.7862871378801485f,-0.6809447361356575f,0.6894521474842683f,0f,0f,0f,1f], start_interpolation: 0, interpolation_duration: 1 }
$data merge entity $(bone_neck_0) { transformation: [-0.9991024879114045f,-0.03492040012151775f,0.023974659634602633f,0.04285921622222771f,-0.029624466377266206f,0.9806029127454325f,0.19375324128136784f,0.44378482830107807f,-0.030275561780158014f,0.19286910890686162f,-0.9807573079964121f,0.6229136965530304f,0f,0f,0f,1f], start_interpolation: 0, interpolation_duration: 1 }
$data merge entity $(bone_neck_1) { transformation: [-0.9996781768036384f,-0.013554448026586147f,-0.02144340834029102f,0.040980234443318116f,-0.01852024618341298f,0.9676089837099058f,0.2517734202118823f,0.4695709951559934f,0.017336184812687727f,0.2520895308865045f,-0.9675486164082726f,0.5421109746252621f,0f,0f,0f,1f], start_interpolation: 0, interpolation_duration: 1 }
$data merge entity $(bone_neck_2) { transformation: [-0.9995093375275983f,0.00847803953402218f,-0.030153060222827217f,0.03842160552565956f,-0.0014555364607343017f,0.9490599896502513f,0.3150920777466113f,0.5064673148183492f,0.031288426114992766f,0.31498136276726707f,-0.9485819814336145f,0.46209194309165996f,0f,0f,0f,1f], start_interpolation: 0, interpolation_duration: 1 }
$data merge entity $(bone_body_0) { transformation: [-0.9984322993975677f,0.00195493838664786f,-0.05593855321323986f,0.012076598397639969f,-0.0035305130780599403f,0.9952002783668762f,0.09779540590384495f,0.5620384495398516f,0.055861247722295865f,0.0978395837807815f,-0.9936332003553987f,-0.00527161377634644f,0f,0f,0f,1f], start_interpolation: 0, interpolation_duration: 1 }
$data merge entity $(bone_leg_left_3) { transformation: [-0.902909009201266f,0.22211195828447794f,-0.3679967378798661f,0.2681125065494813f,0.07015817106523263f,0.9208147208580463f,0.38363795547872914f,0.08174031978532925f,0.42406739103115454f,0.3205721881856755f,-0.8469948760328349f,-0.20613457259995863f,0f,0f,0f,1f], start_interpolation: 0, interpolation_duration: 1 }
$data merge entity $(bone_leg_left_2) { transformation: [-1.0024810143213114f,-0.11420550790013036f,-0.1845294485746992f,0.23423335470701348f,-0.11286579617743689f,1.0193185271167764f,-0.01769892173022277f,0.3186199149703197f,0.18535190174163993f,0.0030069490272680815f,-1.0088101061542747f,-0.23632285710646275f,0f,0f,0f,1f], start_interpolation: 0, interpolation_duration: 1 }
$data merge entity $(bone_leg_left_1) { transformation: [-0.9747878613086478f,0.0922193762132219f,0.2031851670180601f,0.2679238075547527f,0.21866120992130236f,0.21339407107525954f,0.952181834370767f,0.3217374870447611f,0.04445110483514318f,0.972604008361456f,-0.22817875054036857f,0.039119731813697795f,0f,0f,0f,1f], start_interpolation: 0, interpolation_duration: 1 }
$data merge entity $(bone_leg_left_0) { transformation: [-0.9783137884687869f,0.0745553321008182f,-0.19324500963074492f,0.19917395835075402f,0.190386311901842f,0.6911378785344978f,-0.6971954425376345f,0.6719940340403682f,0.08157930823600142f,-0.7188671193691992f,-0.6903440310146567f,-0.17744685860503367f,0f,0f,0f,1f], start_interpolation: 0, interpolation_duration: 1 }
$data merge entity $(bone_leg_right_3) { transformation: [-0.9976687612319688f,-0.0017134140899679878f,0.06822101636611043f,-0.21777463680541406f,0.000967984320470669f,0.9992288691323925f,0.03925213495793567f,0.02064721298382835f,-0.06823566419566932f,0.0392266657333627f,-0.9968977694965614f,-0.15799314306600526f,0f,0f,0f,1f], start_interpolation: 0, interpolation_duration: 1 }
$data merge entity $(bone_leg_right_2) { transformation: [-1.0146936106336826f,0.0973383431976508f,0.11394877350551645f,-0.18998950920819488f,0.0439425030955977f,0.9388590959156764f,-0.4107004430710868f,0.22673325036252498f,-0.14327641976811317f,-0.4014113158103916f,-0.9329539230736404f,-0.28017171707948907f,0f,0f,0f,1f], start_interpolation: 0, interpolation_duration: 1 }
$data merge entity $(bone_leg_right_1) { transformation: [-0.9526240197521818f,-0.028977424937541768f,-0.30276688365008486f,-0.20077625262958596f,-0.28413646378433977f,0.4399216866442124f,0.8519010386002841f,0.29540583335103054f,0.10850781971510362f,0.8975685034938008f,-0.42731350855849853f,-0.01150629658065827f,0f,0f,0f,1f], start_interpolation: 0, interpolation_duration: 1 }
$data merge entity $(bone_leg_right_0) { transformation: [-0.9659677553267244f,-0.2572983699921542f,0.026530067252652126f,-0.19164116369235468f,-0.23708198987309634f,0.8396926612376454f,-0.4885779003817653f,0.6924366134161114f,0.10343319460822406f,-0.47824029886974345f,-0.8721168446888959f,-0.14030997818749524f,0f,0f,0f,1f], start_interpolation: 0, interpolation_duration: 1 }
$data merge entity $(bone_tail_4) { transformation: [-1.0087852830723163f,1.2736308535868281f,2.2329079768428417f,0.39557854055741565f,2.0762770988858303f,1.8179519622756264f,-0.09892119641632251f,0.5991617216962314f,-1.5156143945274942f,1.642734440878953f,-1.6217268251623547f,-1.8154604715777984f,0f,0f,0f,1f], start_interpolation: 0, interpolation_duration: 1 }
$data merge entity $(bone_tail_3) { transformation: [-1.4251848284059798f,0.9249214268087166f,1.2038746135524203f,0.1823948119511395f,1.0707268976633906f,1.7829828184019079f,-0.10228248114004364f,0.599057164104219f,-1.0762609542048769f,0.5490338327991825f,-1.6959273967184714f,-1.5332665836921797f,0f,0f,0f,1f], start_interpolation: 0, interpolation_duration: 1 }
$data merge entity $(bone_tail_2) { transformation: [-1.6853868596383557f,0.6731340682021046f,0.7246623590244097f,0.04659558548103997f,0.5548453448832407f,1.8287277412228398f,-0.4082589457025807f,0.6757970390817095f,-0.8187744815408792f,-0.14635316775003374f,-1.7683220786015683f,-1.205179635387767f,0f,0f,0f,1f], start_interpolation: 0, interpolation_duration: 1 }
$data merge entity $(bone_tail_1) { transformation: [-1.4251710385001766f,0.3119558539510606f,0.39903296380874786f,-0.0417236259919848f,0.2668360020221083f,1.4752415794697487f,-0.20029248669997138f,0.7006095156337211f,-0.4305140056318567f,-0.11833037390824605f,-1.4450992573403214f,-0.8923526306535736f,0f,0f,0f,1f], start_interpolation: 0, interpolation_duration: 1 }
$data merge entity $(bone_tail_0) { transformation: [-1.2587378584506073f,0.22045639511016143f,-0.028525394690339177f,-0.02806783714900213f,0.22023114675470717f,1.2590405802771443f,0.01227907971005905f,0.7274041751361157f,0.030215265782611717f,0.007177162005399431f,-1.2778385041323737f,-0.5187653223118583f,0f,0f,0f,1f], start_interpolation: 0, interpolation_duration: 1 }
$data merge entity $(bone_body_1) { transformation: [-1.229157712337295f,0.0799991438376297f,-0.10665856854113666f,-0.008659724062686612f,0.06429422169849003f,1.2221274166153016f,0.17571404516897454f,0.6042341666666666f,0.11679968456371588f,0.16914286741895226f,-1.2191608257909872f,-0.2467204804804134f,0f,0f,0f,1f], start_interpolation: 0, interpolation_duration: 1 }