# This file was generated by Animated Java via MC-Build. It is not recommended to edit this file directly.
$data merge entity $(bone_head_lower) { transformation: [-0.998664658748424f,-0.04641448177514389f,0.022684691940564335f,0.029420986565229852f,-0.04233496734010425f,0.9869185395143272f,0.15556203554601544f,0.3849242631629978f,-0.029608274303068984f,0.15439395145034768f,-0.9875656220466273f,0.7381676843455778f,0f,0f,0f,1f], start_interpolation: 0, interpolation_duration: 1 }
$data merge entity $(bone_head_upper) { transformation: [-1.0395096271809603f,-0.052102324294830464f,-0.013305088676302675f,0.027011131366909018f,-0.0440664498647448f,0.6777565596588228f,0.7887814249963432f,0.4545059414462272f,-0.03081924038528355f,0.7882914031156374f,-0.6790572735635494f,0.7090465728110027f,0f,0f,0f,1f], start_interpolation: 0, interpolation_duration: 1 }
$data merge entity $(bone_neck_0) { transformation: [-0.9994505689582699f,-0.0262099825599849f,0.020287854080602973f,0.029071366677247704f,-0.02222649701206488f,0.9840723837806216f,0.1763732584914663f,0.44994440905251304f,-0.024587456956001414f,0.1758254256202163f,-0.984114259964719f,0.6425658680389862f,0f,0f,0f,1f], start_interpolation: 0, interpolation_duration: 1 }
$data merge entity $(bone_neck_1) { transformation: [-0.9998488763658511f,-0.010521564162969817f,-0.013839115488699344f,0.027850540426060798f,-0.013558934798367462f,0.9701816663790388f,0.24199935848907767f,0.474914436622418f,0.010880244348297943f,0.24215043033113948f,-0.9701777102022935f,0.5614946391661374f,0f,0f,0f,1f], start_interpolation: 0, interpolation_duration: 1 }
$data merge entity $(bone_neck_2) { transformation: [-0.9997844884178378f,0.005897873633165606f,-0.019904567457981616f,0.026164494901525386f,-0.0005762702639676726f,0.9505412025106732f,0.31059795595294265f,0.5114315395093966f,0.020751978981894667f,0.31054248890638214f,-0.9503329511030145f,0.48127875020782906f,0f,0f,0f,1f], start_interpolation: 0, interpolation_duration: 1 }
$data merge entity $(bone_body_0) { transformation: [-0.9992479723406902f,0.0016176255811548301f,-0.03874110298505168f,0.007921368249499202f,-0.002054714929239562f,0.9955165923503729f,0.09456475295616643f,0.5654830928976919f,0.03872038119103101f,0.09457323956902619f,-0.9947646125781923f,0.013350846990468707f,0f,0f,0f,1f], start_interpolation: 0, interpolation_duration: 1 }
$data merge entity $(bone_leg_left_3) { transformation: [-0.9340618468594183f,0.1686733499053233f,-0.314766210501205f,0.24800141182388766f,0.07015007193214218f,0.9509148334347902f,0.3013966605017394f,0.06368152050709822f,0.3501534430067592f,0.2594422490370488f,-0.9000457131530101f,-0.1821829576049549f,0f,0f,0f,1f], start_interpolation: 0, interpolation_duration: 1 }
$data merge entity $(bone_leg_left_2) { transformation: [-1.0070411892130424f,-0.10035128783749107f,-0.16691273695686862f,0.2178890193028803f,-0.08565789196003616f,1.0176886076282339f,-0.09505168567344904f,0.2978328466985059f,0.17490845683968104f,-0.07938335111191978f,-1.0075552167464061f,-0.23155372147874376f,0f,0f,0f,1f], start_interpolation: 0, interpolation_duration: 1 }
$data merge entity $(bone_leg_left_1) { transformation: [-0.9686982789159884f,0.08345565332611111f,0.23379221191715033f,0.24745408178416356f,0.24772843306771752f,0.26449582813737665f,0.9320260620539198f,0.3153232639003804f,0.015945779222576763f,0.9607690205381497f,-0.27689099172625564f,0.04382488707019172f,0f,0f,0f,1f], start_interpolation: 0, interpolation_duration: 1 }
$data merge entity $(bone_leg_left_0) { transformation: [-0.9754004957463372f,0.12603248686743276f,-0.18085819072358802f,0.1982462170045177f,0.21429537586150268f,0.7344854299661685f,-0.643901114342715f,0.6810410183339398f,0.05168524723919433f,-0.6668185401002458f,-0.7434256316514789f,-0.15146051612307293f,0f,0f,0f,1f], start_interpolation: 0, interpolation_duration: 1 }
$data merge entity $(bone_leg_right_3) { transformation: [-0.9952171394862687f,-0.0056277469351238285f,0.09752524666568631f,-0.20981629209962477f,-0.0023819619560763103f,0.9994403613182935f,0.03336600703109466f,0.02160306811106877f,-0.09765844320901584f,0.032974120646250216f,-0.9946735825574127f,-0.15527588513914292f,0f,0f,0f,1f], start_interpolation: 0, interpolation_duration: 1 }
$data merge entity $(bone_leg_right_2) { transformation: [-1.0136907020599388f,0.08688912587938111f,0.13016773740769966f,-0.1839671791468361f,0.031189552899193784f,0.9481455810882077f,-0.39001201052473766f,0.2305129215820398f,-0.1533641804590342f,-0.38148713787953153f,-0.9396856874962536f,-0.2730025539457775f,0f,0f,0f,1f], start_interpolation: 0, interpolation_duration: 1 }
$data merge entity $(bone_leg_right_1) { transformation: [-0.9502481179140377f,-0.050615158591531796f,-0.30735422580726507f,-0.20034160562731054f,-0.2983808016168613f,0.43118622989779387f,0.8514971123691535f,0.29655009179749675f,0.08942824848619371f,0.9008421287147274f,-0.42483649502533394f,-0.003959144869963169f,0f,0f,0f,1f], start_interpolation: 0, interpolation_duration: 1 }
$data merge entity $(bone_leg_right_0) { transformation: [-0.9647695255031804f,-0.25836752583096434f,0.04965867755341477f,-0.19364844037388354f,-0.2507868019547531f,0.8460419237471853f,-0.4704455794536383f,0.6961912500146014f,0.07953453731351867f,-0.46632529939747847f,-0.8810306308614795f,-0.12458014122729151f,0f,0f,0f,1f], start_interpolation: 0, interpolation_duration: 1 }
$data merge entity $(bone_tail_4) { transformation: [-1.3942306594946405f,1.2312075203108102f,2.0410561583786095f,0.32419192690413423f,1.8689841187642258f,2.032234911804682f,0.05080313621548133f,0.6301893869579089f,-1.4794189952586962f,1.4070574390451602f,-1.8593466947547537f,-1.8344669639935196f,0f,0f,0f,1f], start_interpolation: 0, interpolation_duration: 1 }
$data merge entity $(bone_tail_3) { transformation: [-1.6300159731982482f,0.8244430281903954f,0.9996435096729551f,0.14662150634600724f,0.9109240082267938f,1.8715702954908826f,-0.058203146965147105f,0.6217437051930231f,-0.921526399187264f,0.3917446213400579f,-1.8257247254984896f,-1.5287250472776366f,0f,0f,0f,1f], start_interpolation: 0, interpolation_duration: 1 }
$data merge entity $(bone_tail_2) { transformation: [-1.782750029965984f,0.5547196367427331f,0.576942224378724f,0.038182958500528205f,0.45662469717500503f,1.861853421696254f,-0.37916961514678693f,0.6930111907398833f,-0.6573203873218101f,-0.21109674496007239f,-1.828152605140267f,-1.1894117542663953f,0f,0f,0f,1f], start_interpolation: 0, interpolation_duration: 1 }
$data merge entity $(bone_tail_1) { transformation: [-1.459675805094519f,0.24546695434335195f,0.311044640440993f,-0.030356424476387783f,0.21127400400103896f,1.4866066903742041f,-0.18171431800500526f,0.7137400082975001f,-0.3352105148336442f,-0.13191956814685973f,-1.4689749447437523f,-0.8713719044006358f,0f,0f,0f,1f], start_interpolation: 0, interpolation_duration: 1 }
$data merge entity $(bone_tail_0) { transformation: [-1.2668845973846818f,0.16860448589785734f,-0.02028942652219814f,-0.020358655889208196f,0.16842029373131637f,1.2670095077794745f,0.01253907651695791f,0.7406509951060605f,0.02176552670939926f,0.009754543329148336f,-1.277993281404691f,-0.49767716974004694f,0f,0f,0f,1f], start_interpolation: 0, interpolation_duration: 1 }
$data merge entity $(bone_body_1) { transformation: [-1.2325529729305356f,0.060539074311888534f,-0.07584711238938457f,-0.006803000977590713f,0.04764919027858883f,1.2193308037718509f,0.1989133999888828f,0.6122758333333334f,0.08454181593828664f,0.1953765761569234f,-1.2179019951963725f,-0.22769201483931073f,0f,0f,0f,1f], start_interpolation: 0, interpolation_duration: 1 }