# This file was generated by Animated Java via MC-Build. It is not recommended to edit this file directly.
$data merge entity $(bone_head_lower) { transformation: [-0.9999480730806808f,-0.008538517621878742f,0.0055628103557683935f,0.0029912911194405604f,-0.007950226383226526f,0.9951211347711664f,0.09833982424329041f,0.4057160331137518f,-0.006375346475982837f,0.09829049215751579f,-0.9951373443443596f,0.7940005961487592f,0f,0f,0f,1f], start_interpolation: 0, interpolation_duration: 1 }
$data merge entity $(bone_head_upper) { transformation: [-1.0408455326246502f,-0.010409950898002611f,-0.0020378226410285704f,0.002293948078421947f,-0.008275387329706166f,0.6717821473688973f,0.7950548452933818f,0.475607141185466f,-0.00663609549045617f,0.795029761695901f,-0.6718300252578083f,0.765536527272578f,0f,0f,0f,1f], start_interpolation: 0, interpolation_duration: 1 }
$data merge entity $(bone_neck_0) { transformation: [-0.9999740973256117f,-0.004901197905965382f,0.005270952182898171f,0.003037449991561716f,-0.004128425154405277f,0.9904574707688901f,0.1377568680822754f,0.4684391107088348f,-0.005895827640994283f,0.13773153907939725f,-0.9904520495002512f,0.699258304617711f,0f,0f,0f,1f], start_interpolation: 0, interpolation_duration: 1 }
$data merge entity $(bone_neck_1) { transformation: [-0.9999969749814079f,-0.002239571785595056f,-0.0010170281462031456f,0.0029409769318141277f,-0.0024087378458359184f,0.9753692271549532f,0.22056533884801371f,0.49161729393768344f,0.0004980060471927717f,0.2205671213879491f,-0.9753716711862256f,0.6176476474723975f,0f,0f,0f,1f], start_interpolation: 0, interpolation_duration: 1 }
$data merge entity $(bone_neck_2) { transformation: [-0.9999982738240683f,0.0007912203262131958f,-0.0016811660474163647f,0.0028014407188214296f,0.00024688608820229945f,0.9533605559037719f,0.30183371165943385f,0.5273941865245327f,0.0018415743653327288f,0.3018327755848364f,-0.9533591055770174f,0.5370813711490192f,0f,0f,0f,1f], start_interpolation: 0, interpolation_duration: 1 }
$data merge entity $(bone_body_0) { transformation: [-0.9999883216096238f,0.0004243579837464721f,-0.004814204468963115f,0.0005365667461085374f,-0.000001562443419710004f,0.9961091021759899f,0.08812863643391906f,0.5784180667280562f,0.004832870981737909f,0.08812761475522156f,-0.9960974685620022f,0.06846389527131663f,0f,0f,0f,1f], start_interpolation: 0, interpolation_duration: 1 }
$data merge entity $(bone_leg_left_3) { transformation: [-0.9808679012007883f,0.03618426254827807f,-0.19128214641674723f,0.1907362750066233f,0.024692053833540645f,0.9977628048610973f,0.062126385000236095f,0.03394580312837181f,0.19310220835464867f,0.05621462780765629f,-0.9795669720590853f,-0.14090018373606678f,0f,0f,0f,1f], start_interpolation: 0, interpolation_duration: 1 }
$data merge entity $(bone_leg_left_2) { transformation: [-1.011617709357538f,-0.05463977284111153f,-0.1603318584647912f,0.17147544896922348f,-0.007391212900519954f,0.9841854745188172f,-0.2887672440196845f,0.25442234043210366f,0.16922523330390557f,-0.28364704558788645f,-0.9710661014798101f,-0.23676565794304483f,0f,0f,0f,1f], start_interpolation: 0, interpolation_duration: 1 }
$data merge entity $(bone_leg_left_1) { transformation: [-0.9446100821250308f,0.09645644105068259f,0.3137004107864358f,0.19985465649416037f,0.326209974564221f,0.38090361320029026f,0.8651586501594802f,0.3055205029165087f,-0.036039495592372704f,0.9195697866017564f,-0.3912704465285456f,0.034521982819927535f,0f,0f,0f,1f], start_interpolation: 0, interpolation_duration: 1 }
$data merge entity $(bone_leg_left_0) { transformation: [-0.9603825404714461f,0.25015678381260953f,-0.12282898464996947f,0.19640430681372112f,0.2785254693496742f,0.8466619588378824f,-0.4534171262538984f,0.7072442154310816f,-0.009430741283419822f,-0.4696648922043581f,-0.8827943985716684f,-0.07911530179671813f,0f,0f,0f,1f], start_interpolation: 0, interpolation_duration: 1 }
$data merge entity $(bone_leg_right_3) { transformation: [-0.9869896907416249f,-0.011717650384098714f,0.16035600094548258f,-0.18610599570807676f,-0.008739887080788666f,0.9997762610721947f,0.019262454940062623f,0.03008247670641609f,-0.16054583377829104f,0.017610351103226618f,-0.9868712736676725f,-0.13650645113363108f,0f,0f,0f,1f], start_interpolation: 0, interpolation_duration: 1 }
$data merge entity $(bone_leg_right_2) { transformation: [-1.0112505438701815f,0.05497256270876051f,0.1625193969106089f,-0.16670056171203065f,-0.0018205788571332654f,0.9681288121676879f,-0.3388000709033296f,0.2452842818486475f,-0.1715553045393281f,-0.334315449688924f,-0.9543920353211278f,-0.24366373861780444f,0f,0f,0f,1f], start_interpolation: 0, interpolation_duration: 1 }
$data merge entity $(bone_leg_right_1) { transformation: [-0.9412767775613402f,-0.0976935734668026f,-0.3231934308228213f,-0.19484600042643332f,-0.33402724484731117f,0.4090213197068067f,0.8491921806782119f,0.304712262356089f,0.04923238490519966f,0.9072802906095716f,-0.417634584951914f,0.025946229803518198f,0f,0f,0f,1f], start_interpolation: 0, interpolation_duration: 1 }
$data merge entity $(bone_leg_right_0) { transformation: [-0.9582940040869747f,-0.26770725879353385f,0.10002712292276074f,-0.19667316943115093f,-0.2844362726733751f,0.8594901114278669f,-0.4247031376684076f,0.7098225087098768f,0.027723789759529646f,-0.43544181235495155f,-0.89978987521221f,-0.07499745903860124f,0f,0f,0f,1f], start_interpolation: 0, interpolation_duration: 1 }
$data merge entity $(bone_tail_4) { transformation: [-2.7165509390725027f,0.3105510861928205f,0.3867432609480907f,0.0522540311752149f,0.3600591144400478f,2.7156147133764597f,0.34850465449106177f,0.6512376186438388f,-0.3411301234616377f,0.39326337606970885f,-2.711943120257005f,-1.8409255840829584f,0f,0f,0f,1f], start_interpolation: 0, interpolation_duration: 1 }
$data merge entity $(bone_tail_3) { transformation: [-2.0697739944771163f,0.16372585107607682f,0.15866626459364372f,0.02374791008546951f,0.15475461710202262f,2.073041349502917f,-0.12039974161589469f,0.6513666284796711f,-0.16742803324501004f,-0.10788389585560086f,-2.072745629531798f,-1.4884087932039356f,0f,0f,0f,1f], start_interpolation: 0, interpolation_duration: 1 }
$data merge entity $(bone_tail_2) { transformation: [-1.949737660542629f,0.09317076765440395f,0.09282315508116522f,0.0050727347862891976f,0.07242389022745166f,1.9118821439064453f,-0.39778803770198085f,0.7258230472283147f,-0.10978028142091364f,-0.3934459948571843f,-1.9110003699488816f,-1.1333327964035154f,0f,0f,0f,1f], start_interpolation: 0, interpolation_duration: 1 }
$data merge entity $(bone_tail_1) { transformation: [-1.5110925484640603f,0.040431248980740575f,0.05119447316117313f,-0.004994319550608485f,0.03384307422547173f,1.5006150283564237f,-0.186186554288486f,0.7475125152015214f,-0.05576922362165282f,-0.18486779269712583f,-1.5001233092382542f,-0.8082098990326206f,0f,0f,0f,1f], start_interpolation: 0, interpolation_duration: 1 }
$data merge entity $(bone_tail_0) { transformation: [-1.2779093600707199f,0.02782137843598354f,-0.0030585829387628446f,-0.0034291511067242766f,0.027812521530348217f,1.2779078937764359f,0.0036871742601922207f,0.7772732310547361f,0.003138100348207128f,0.0036197389163995968f,-1.2782068558728705f,-0.4346007967071718f,0f,0f,0f,1f], start_interpolation: 0, interpolation_duration: 1 }
$data merge entity $(bone_body_1) { transformation: [-1.2362730718980988f,0.01060977706418314f,-0.010996335141165011f,-0.001587300998018811f,0.008109023652234305f,1.2096584886352635f,0.25547050644704095f,0.6364008333333334f,0.012951080699925847f,0.2553788725786619f,-1.209635687306474f,-0.17057902306827047f,0f,0f,0f,1f], start_interpolation: 0, interpolation_duration: 1 }