# This file was generated by Animated Java via MC-Build. It is not recommended to edit this file directly.
$data merge entity $(bone_head_lower) { transformation: [-0.7447316894858149f,-0.6428398869941238f,-0.17925286710394822f,-0.4326019419390277f,-0.6438330008888545f,0.6213745069883283f,0.4465118016709799f,0.27655208620047456f,-0.17565243420475507f,0.44794039977925004f,-0.8766388199273119f,0.5822833057987518f,0f,0f,0f,1f], start_interpolation: 0, interpolation_duration: 1 }
$data merge entity $(bone_head_upper) { transformation: [-0.7751909052809142f,-0.3760896479586724f,-0.5840441589910693f,-0.48155004264078305f,-0.6701655023614583f,0.17454909733293295f,0.7770989349165136f,0.3338346547909477f,-0.1828365455752153f,0.95475710623283f,-0.37213117080344404f,0.578011624026262f,0f,0f,0f,1f], start_interpolation: 0, interpolation_duration: 1 }
$data merge entity $(bone_neck_0) { transformation: [-0.8099591502724206f,-0.5282709850384327f,0.2547468179516722f,-0.4562410890960418f,-0.2897813631149789f,0.7381108957866584f,0.6092774959837608f,0.3613443918829722f,-0.5098950249622005f,0.41966900277187613f,-0.7509227600967068f,0.5228082954138069f,0f,0f,0f,1f], start_interpolation: 0, interpolation_duration: 1 }
$data merge entity $(bone_neck_1) { transformation: [-0.72649923035573f,-0.44095701841262813f,0.5270254037569507f,-0.41362655405360343f,-0.09344891971171086f,0.8232273417491761f,0.5599678947951389f,0.4125735276107603f,-0.6807834954647813f,0.3575662899508716f,-0.6392809871985271f,0.4703000684371521f,0f,0f,0f,1f], start_interpolation: 0, interpolation_duration: 1 }
$data merge entity $(bone_neck_2) { transformation: [-0.5100027727555208f,-0.2903847074345759f,0.8096751777532867f,-0.345535983694809f,0.12742836108006161f,0.9054015104912294f,0.40498162624080847f,0.45691740209530524f,-0.8506815999973962f,0.30971733320616124f,-0.4247540334564627f,0.43612075571653663f,0f,0f,0f,1f], start_interpolation: 0, interpolation_duration: 1 }
$data merge entity $(bone_body_0) { transformation: [-0.6754385594378743f,-0.17030913578246296f,0.7174800002045489f,-0.009012757553153478f,0.04833628901318676f,0.9606470541657897f,0.2735339841537505f,0.5949843070742741f,-0.7358303850677291f,0.21943572086518f,-0.6406259507852116f,0.1362865469946738f,0f,0f,0f,1f], start_interpolation: 0, interpolation_duration: 1 }
$data merge entity $(bone_leg_left_3) { transformation: [-0.8712776388261413f,-0.4097046898669774f,0.27021721481531813f,0.49164386501947893f,-0.34420646957023326f,0.9025688354682506f,0.2586337246908884f,0.39460877049777765f,-0.34985308686295735f,0.13233126744080545f,-0.9274110487103171f,0.23644914251276727f,0f,0f,0f,1f], start_interpolation: 0, interpolation_duration: 1 }
$data merge entity $(bone_leg_left_2) { transformation: [-0.5539842906544648f,-0.6778318919796902f,0.5345161657274712f,0.3493017396570883f,-0.6139599040407935f,0.7558502682075403f,0.32218908699939475f,0.5798009724249545f,-0.6068087354669373f,-0.14593319624580775f,-0.8139710438923449f,0.1763355853172659f,0f,0f,0f,1f], start_interpolation: 0, interpolation_duration: 1 }
$data merge entity $(bone_leg_left_1) { transformation: [-0.7168241622842301f,-0.5775610416471351f,-0.39062304532245395f,0.22738963611858803f,-0.24816263583103068f,-0.31221413173297285f,0.9170265220393689f,0.45128881563943435f,-0.6515968282173471f,0.7542848129968561f,0.08047356298431774f,0.3899601396852447f,0f,0f,0f,1f], start_interpolation: 0, interpolation_duration: 1 }
$data merge entity $(bone_leg_left_0) { transformation: [-0.7349480821788521f,0.32078925512553763f,0.5974492198485406f,0.219249275180473f,-0.2550350837777293f,0.6855954989511741f,-0.681847430046031f,0.746328168970383f,-0.6283378251737783f,-0.6534929728879212f,-0.42206458254868184f,0.09467588159770982f,0f,0f,0f,1f], start_interpolation: 0, interpolation_duration: 1 }
$data merge entity $(bone_leg_right_3) { transformation: [0.04675523106207895f,-0.0573736073872306f,0.9972573477010371f,-0.13471939425363522f,0.06839156691866022f,0.9961903232133877f,0.054105762266290436f,0.025926004603836067f,-0.996562362294875f,0.06567426521387065f,0.050500979652637557f,-0.22012656352623095f,0f,0f,0f,1f], start_interpolation: 0, interpolation_duration: 1 }
$data merge entity $(bone_leg_right_2) { transformation: [-0.09756623809505963f,0.2380468938369166f,0.9929132414361629f,-0.04839418023508718f,0.22915520589905025f,0.9770963776555408f,-0.21173747869113485f,0.24678660865363267f,-0.9950029750176812f,0.20168922779293535f,-0.1461257492673601f,-0.1760854115269195f,0f,0f,0f,1f], start_interpolation: 0, interpolation_duration: 1 }
$data merge entity $(bone_leg_right_1) { transformation: [-0.4566295928048659f,-0.855659686350121f,0.2435896470092166f,-0.30286332280161365f,-0.18396805480549266f,0.3586999318920357f,0.9151448593920706f,0.2920344804354088f,-0.8704281531441553f,0.37306951097062535f,-0.32120705191230325f,-0.07503358699889615f,0f,0f,0f,1f], start_interpolation: 0, interpolation_duration: 1 }
$data merge entity $(bone_leg_right_0) { transformation: [-0.5217846585051944f,0.5141736050772663f,0.6807101247891534f,-0.09572527611912793f,-0.1297114505632393f,0.7408493749035615f,-0.6590274222654033f,0.6516472537049216f,-0.8431581759915501f,-0.4321662961717968f,-0.31986963393193935f,-0.1206379890060197f,0f,0f,0f,1f], start_interpolation: 0, interpolation_duration: 1 }
$data merge entity $(bone_tail_4) { transformation: [1.015608920864885f,-1.3455796842115941f,-2.1871477236109795f,-0.28071004661403326f,-2.5468533829368f,-0.828444544652509f,-0.6729627135725096f,1.462564514975797f,-0.32823421101866285f,2.264675756366134f,-1.545693162579311f,-1.0181761344123166f,0f,0f,0f,1f], start_interpolation: 0, interpolation_duration: 1 }
$data merge entity $(bone_tail_3) { transformation: [-0.5139748452663777f,-0.9887974016766053f,-1.7589926329906675f,0.02722626074770601f,-1.988952951742325f,-0.0579137541287537f,0.6137244323657409f,1.3590662624476388f,-0.3403550208728223f,1.831630754700508f,-0.930178888303939f,-0.8783761137871403f,0f,0f,0f,1f], start_interpolation: 0, interpolation_duration: 1 }
$data merge entity $(bone_tail_2) { transformation: [-1.0006722623457118f,-0.8354336813309238f,-1.45584321356132f,0.29692559843403055f,-1.6699777717649074f,0.32474300455942007f,0.961504081012458f,1.1791671706671125f,-0.16912462915200951f,1.7364810451284396f,-0.8802296942995127f,-0.7144551938371833f,0f,0f,0f,1f], start_interpolation: 0, interpolation_duration: 1 }
$data merge entity $(bone_tail_1) { transformation: [-1.3231111496601429f,-0.3763136645141537f,-0.6288252233688975f,0.4381058796933648f,-0.7320567565363247f,0.6192895726976323f,1.1697134607917874f,0.9205870956175348f,-0.03355653221849436f,1.3276011076554257f,-0.7238822473977075f,-0.5748803036537475f,0f,0f,0f,1f], start_interpolation: 0, interpolation_duration: 1 }
$data merge entity $(bone_tail_0) { transformation: [-1.033266728723353f,-0.5097586932019199f,0.5534813986056253f,0.2640643655938639f,-0.07048879077130538f,1.0016474322978068f,0.790929496434946f,0.7136306506670743f,-0.7491507954163615f,0.6088384126024813f,-0.837809399356889f,-0.3153605692129895f,0f,0f,0f,1f], start_interpolation: 0, interpolation_duration: 1 }
$data merge entity $(bone_body_1) { transformation: [-0.9906305490327947f,-0.286988350340421f,0.681830915365472f,0.12487893070780323f,-0.2977821753705292f,1.1978369911531832f,0.071532605942567f,0.6163175000000001f,-0.6771864487796762f,-0.10690568015883443f,-1.0288801116724913f,-0.06895949934953147f,0f,0f,0f,1f], start_interpolation: 0, interpolation_duration: 1 }