# This file was generated by Animated Java via MC-Build. It is not recommended to edit this file directly.
$data merge entity $(bone_head_lower) { transformation: [-0.9770997518897753f,-0.20778963510720783f,0.045820763840785095f,0.22891887717244833f,-0.20680951670271813f,0.9780557189468603f,0.02523557878331234f,0.6832484255171593f,-0.05005895182809713f,0.015181507743107225f,-0.9986308743297085f,0.48470792733403356f,0f,0f,0f,1f], start_interpolation: 0, interpolation_duration: 1 }
$data merge entity $(bone_head_upper) { transformation: [-1.0170627246171706f,-0.20213603423764268f,-0.09053386350136146f,0.2178230745613253f,-0.21526793976522737f,0.8020640320041975f,0.6275547348701238f,0.7444537061329103f,-0.05210634209996971f,0.631906840294798f,-0.825500222219905f,0.44197324258079096f,0f,0f,0f,1f], start_interpolation: 0, interpolation_duration: 1 }
$data merge entity $(bone_neck_0) { transformation: [-0.9856956502315976f,-0.15993769628391613f,0.053141494351418156f,0.22417389482723948f,-0.16671307258475382f,0.9715396729145221f,-0.16827779230336407f,0.7178565071950037f,-0.02471510760362247f,-0.17473006970907246f,-0.9843061343888923f,0.3811703450766065f,0f,0f,0f,1f], start_interpolation: 0, interpolation_duration: 1 }
$data merge entity $(bone_neck_1) { transformation: [-0.9858482072245428f,-0.162475314912163f,-0.04129266710141348f,0.2199273604911081f,-0.1558174265641941f,0.9789511220441771f,-0.13181665383159666f,0.7111998119722532f,0.06184045513308152f,-0.12351709473850357f,-0.9904136940775268f,0.29670027819268185f,0f,0f,0f,1f], start_interpolation: 0, interpolation_duration: 1 }
$data merge entity $(bone_neck_2) { transformation: [-0.9799520172254397f,-0.15733222798134774f,-0.12223180426638777f,0.20767855685426062f,-0.15353196265758282f,0.9873349510360632f,-0.03997037534381748f,0.7173647335693073f,0.12697236068649706f,-0.020402561139235942f,-0.9916964026962374f,0.20962048176831732f,0f,0f,0f,1f], start_interpolation: 0, interpolation_duration: 1 }
$data merge entity $(bone_body_0) { transformation: [-0.9485394214225937f,-0.20386360280134552f,-0.2423068250383098f,0.09153820321811282f,-0.11978396673743998f,0.9393375957530289f,-0.3213980126222987f,0.5748394202345075f,0.29312926725240984f,-0.27583421226848315f,-0.9154183306129994f,-0.22444041029547207f,0f,0f,0f,1f], start_interpolation: 0, interpolation_duration: 1 }
$data merge entity $(bone_leg_left_3) { transformation: [-0.8502568089701067f,-0.007823466101075344f,-0.5263099392735586f,0.3006771536291406f,-0.04852023330940593f,0.9967973464529325f,0.06356757871740404f,0.0227117499315887f,0.5241270320824643f,0.07958544768082834f,-0.8479133273854526f,-0.5670712331316967f,0f,0f,0f,1f], start_interpolation: 0, interpolation_duration: 1 }
$data merge entity $(bone_leg_left_2) { transformation: [-0.8998293069985493f,-0.29957186948401726f,-0.39067392129633616f,0.21737783611537337f,-0.22495831591384607f,0.9742011486075248f,-0.2288844198578837f,0.2423740739724881f,0.4379077230061274f,-0.11511305992946505f,-0.9203521114584127f,-0.6216675623554377f,0f,0f,0f,1f], start_interpolation: 0, interpolation_duration: 1 }
$data merge entity $(bone_leg_left_1) { transformation: [-0.9535431417369334f,0.2988654634717884f,0.03788022690338023f,0.31555162544297505f,0.13662700456154986f,0.31695648260038f,0.9385476278602666f,0.2759831865891049f,0.2684930883114064f,0.9001211156735454f,-0.34306477325370377f,-0.36428512259322543f,0f,0f,0f,1f], start_interpolation: 0, interpolation_duration: 1 }
$data merge entity $(bone_leg_left_0) { transformation: [-0.9495636907694501f,-0.060025915482635764f,-0.30777538342559413f,0.20662722836770428f,0.1040119354042618f,0.8656470679690721f,-0.48973122323373314f,0.6678255941914328f,0.29582142327045835f,-0.4970433011187459f,-0.8157436131207034f,-0.458637027134962f,0f,0f,0f,1f], start_interpolation: 0, interpolation_duration: 1 }
$data merge entity $(bone_leg_right_3) { transformation: [-0.9991229798940925f,0.038041765485289016f,-0.01749557447788575f,-0.22322578447569066f,0.03808746730446179f,0.9992717936298262f,-0.002286326783581427f,0.017513848986347696f,0.017395858181777326f,-0.002950683749922689f,-0.9998443266746712f,-0.2314341336238263f,0f,0f,0f,1f], start_interpolation: 0, interpolation_duration: 1 }
$data merge entity $(bone_leg_right_2) { transformation: [-1.017271562730027f,0.12885151511761608f,-0.024860696156740587f,-0.1923808172386523f,0.12979573676916986f,0.9593186728091662f,-0.33900287641390664f,0.23045156914313197f,-0.019334784148040754f,-0.339362889179487f,-0.9677402518601742f,-0.3404166432140934f,0f,0f,0f,1f], start_interpolation: 0, interpolation_duration: 1 }
$data merge entity $(bone_leg_right_1) { transformation: [-0.9223367374425024f,0.17403473316389345f,-0.3449737010505187f,-0.14517381995772163f,-0.2215375502347252f,0.49329965645880197f,0.8411757026766908f,0.315440806553744f,0.31656919717483073f,0.8522718818488619f,-0.4164331672788355f,-0.08049027942648823f,0f,0f,0f,1f], start_interpolation: 0, interpolation_duration: 1 }
$data merge entity $(bone_leg_right_0) { transformation: [-0.9428055647078543f,-0.324257844842146f,-0.07729500122408117f,-0.15657038573942392f,-0.18082703263511848f,0.6922955758346399f,-0.6985903090854914f,0.6651539428181727f,0.2800343754332345f,-0.6446578051479026f,-0.7113347052109906f,-0.30825796628512386f,0f,0f,0f,1f], start_interpolation: 0, interpolation_duration: 1 }
$data merge entity $(bone_tail_4) { transformation: [-1.6020298816495158f,0.18437864413435257f,2.2416882266473213f,-0.08060223173737943f,1.7817998780947326f,1.783671046299282f,1.1266623827106415f,0.9708882097163638f,-1.3727165710093368f,2.100043677112646f,-1.1537448164544726f,-1.9583677345957997f,0f,0f,0f,1f], start_interpolation: 0, interpolation_duration: 1 }
$data merge entity $(bone_tail_3) { transformation: [-1.6764793031706708f,0.28385807780712047f,1.2019930381447606f,-0.287193606540818f,0.9036600493162841f,1.6633275961467138f,0.8675744055762189f,0.8075026846390851f,-0.8418795563229433f,1.2201276267689727f,-1.4623518431229339f,-1.7223468086447036f,0f,0f,0f,1f], start_interpolation: 0, interpolation_duration: 1 }
$data merge entity $(bone_tail_2) { transformation: [-1.908280505359236f,0.33806049639087643f,0.25090733079889893f,-0.3351673573243862f,0.39622704189868f,1.8357861718511381f,0.5400621607844251f,0.7078361272447503f,-0.14227972145353518f,0.5782543618710325f,-1.8612233205187942f,-1.3763170692550688f,0f,0f,0f,1f], start_interpolation: 0, interpolation_duration: 1 }
$data merge entity $(bone_tail_1) { transformation: [-1.4027160795981963f,0.2711160996659559f,-0.4965278547459208f,-0.23029410146916543f,0.20142355245194862f,1.4798521325701544f,0.2390030716229484f,0.6381232348447046f,0.5286514944217069f,0.15553127090552105f,-1.4085431733589888f,-1.075620561396442f,0f,0f,0f,1f], start_interpolation: 0, interpolation_duration: 1 }
$data merge entity $(bone_tail_0) { transformation: [-1.2117145489573435f,0.12279986098639278f,-0.38794814417761003f,-0.11396325759233704f,0.10604255624677363f,1.2718090233217687f,0.07136176179163674f,0.647960686709221f,0.3928594464866271f,0.035464333112002214f,-1.215828710372958f,-0.7194713362049506f,0f,0f,0f,1f], start_interpolation: 0, interpolation_duration: 1 }
$data merge entity $(bone_body_1) { transformation: [-1.142297529707764f,-0.02322868201283482f,-0.4724630959257417f,-0.0025575893676057612f,-0.008402645406737462f,1.2356774925579068f,-0.04043667879812766f,0.57413f,0.4729591358986087f,-0.034149052314828836f,-1.1418178896182571f,-0.4517144901776694f,0f,0f,0f,1f], start_interpolation: 0, interpolation_duration: 1 }