# This file was generated by Animated Java via MC-Build. It is not recommended to edit this file directly.
$data merge entity $(bone_head_lower) { transformation: [-0.6053189878273656f,0.7196667670246464f,0.3401009665025172f,-0.9909678713720889f,0.7720629621457736f,0.6347952637582432f,0.030882933681834035f,0.8947930407384365f,-0.1936690616963569f,0.28127338578400135f,-0.9398816824426666f,0.3470390607880741f,0f,0f,0f,1f], start_interpolation: 0, interpolation_duration: 1 }
$data merge entity $(bone_head_upper) { transformation: [-0.63007628221326f,0.3553626121488885f,0.7484605768258883f,-0.9315869912191934f,0.8036400156046349f,0.4909024806574776f,0.44345171370378594f,0.9366359918832159f,-0.20159004562429553f,0.8462884324830163f,-0.571514903685058f,0.32658093273197025f,0f,0f,0f,1f], start_interpolation: 0, interpolation_duration: 1 }
$data merge entity $(bone_neck_0) { transformation: [-0.4598661697624554f,0.5817102329919823f,0.6709219855843312f,-0.8974975711846298f,0.5500399888096226f,0.7797552876236731f,-0.29906136850692266f,0.9044635010248117f,-0.6971220241954195f,0.23150571538373863f,-0.6785469675168734f,0.27917229925693876f,0f,0f,0f,1f], start_interpolation: 0, interpolation_duration: 1 }
$data merge entity $(bone_neck_1) { transformation: [-0.26371844766703767f,0.5405301412676795f,0.7989241182623227f,-0.8273280576942064f,0.38591021272350967f,0.8181944540730943f,-0.4261820538686806f,0.8721296069982855f,-0.8840395285708574f,0.19592090675875706f,-0.42436907311801475f,0.24412525204708252f,0f,0f,0f,1f], start_interpolation: 0, interpolation_duration: 1 }
$data merge entity $(bone_neck_2) { transformation: [0.09762887029033412f,0.5206059173414186f,0.8481969597416231f,-0.7479225852341712f,0.2367345922136101f,0.8156573863876905f,-0.527882336208229f,0.833868950827525f,-0.9666567832148539f,0.25233411751148876f,-0.04361372036881635f,0.24277487175913237f,0f,0f,0f,1f], start_interpolation: 0, interpolation_duration: 1 }
$data merge entity $(bone_body_0) { transformation: [0.2310394353881291f,0.6239149307081531f,0.7465594005402214f,-0.3901283697486584f,0.15748805493428497f,0.7332188089185996f,-0.6615041124596324f,0.5290893689441827f,-0.9601136869394948f,0.27040772453358414f,0.07114331074682356f,0.27888041891253307f,0f,0f,0f,1f], start_interpolation: 0, interpolation_duration: 1 }
$data merge entity $(bone_leg_left_3) { transformation: [0.32086825977733857f,0.010833515125145132f,0.9470618748621948f,-0.5774693314424347f,0.04096965052849076f,0.998839861813574f,-0.02530648509402314f,0.04119829256889898f,-0.9462373104052892f,0.04692084187516177f,0.32005216292768657f,0.6567154069220567f,0f,0f,0f,1f], start_interpolation: 0, interpolation_duration: 1 }
$data merge entity $(bone_leg_left_2) { transformation: [0.45941595180570083f,0.41832327854182094f,0.8160911820116538f,-0.4540251817558862f,-0.40557833674794097f,0.9113346374326176f,-0.23882544017970106f,0.24561909209966176f,-0.822499480539611f,-0.21572439070785726f,0.5736024679745443f,0.6228812423338137f,0f,0f,0f,1f], start_interpolation: 0, interpolation_duration: 1 }
$data merge entity $(bone_leg_left_1) { transformation: [0.6671788903241128f,-0.6616903524201566f,0.34210847083925633f,-0.6652172076590893f,-0.06998834161852588f,0.40155357050224f,0.9131573588677866f,0.307672068247837f,-0.7416022925688498f,-0.6331829179083968f,0.22159745514250512f,0.4538820056319267f,0f,0f,0f,1f], start_interpolation: 0, interpolation_duration: 1 }
$data merge entity $(bone_leg_left_0) { transformation: [0.6444956707474289f,0.6936323691774884f,0.3217133301823942f,-0.3441249353272181f,-0.06812422830463727f,0.47117483814525846f,-0.8794051179159054f,0.5563385085424825f,-0.7615670816846796f,0.5448563189759426f,0.35092331322707315f,0.5506912649225448f,0f,0f,0f,1f], start_interpolation: 0, interpolation_duration: 1 }
$data merge entity $(bone_leg_right_3) { transformation: [0.9938516886582102f,0.03270163793514799f,0.1057800729229392f,-0.1525610905314638f,-0.03691827993660656f,0.9985897187974889f,0.0381525112997044f,0.050440369128983475f,-0.10438324366365667f,-0.041823156125646355f,0.9936573665272872f,0.05226224980610168f,0f,0f,0f,1f], start_interpolation: 0, interpolation_duration: 1 }
$data merge entity $(bone_leg_right_2) { transformation: [0.99115913360017f,-0.0335436283055647f,0.26180259047945287f,-0.1538268516491294f,0.10074027537860869f,0.9884416932420611f,-0.25474814126525697f,0.2728155477800598f,-0.24396140739530156f,0.2718824075985047f,0.9584492619021827f,0.14563649590592578f,0f,0f,0f,1f], start_interpolation: 0, interpolation_duration: 1 }
$data merge entity $(bone_leg_right_1) { transformation: [0.7645294145174738f,-0.44645137153448106f,0.46494725205398185f,-0.28454671526543585f,-0.2716824789446358f,0.43092420264618514f,0.8605190074648245f,0.33883475967830756f,-0.5845369149780588f,-0.7842101149747623f,0.2081612130037766f,-0.09009039389715567f,0f,0f,0f,1f], start_interpolation: 0, interpolation_duration: 1 }
$data merge entity $(bone_leg_right_0) { transformation: [0.7502227242561537f,0.6581045548941404f,0.06375153988148202f,-0.11857586856152615f,-0.17761399674181405f,0.29346916226364866f,-0.9393237561999968f,0.551179293538848f,-0.6368823534775274f,0.6933788615380896f,0.3370558146673467f,0.228768125745005f,0f,0f,0f,1f], start_interpolation: 0, interpolation_duration: 1 }
$data merge entity $(bone_tail_4) { transformation: [2.6934374454875143f,0.5851862431470682f,-0.1691541299439919f,0.12085224854587762f,-0.5657180554341322f,2.6873896833186683f,0.28906937462867266f,0.0063421543734571185f,0.22587416984133554f,-0.24729553660308584f,2.7410740793664585f,1.899681344182611f,0f,0f,0f,1f], start_interpolation: 0, interpolation_duration: 1 }
$data merge entity $(bone_tail_3) { transformation: [2.0408982238098545f,0.412409874829518f,-0.024455290579410448f,0.12096320771090632f,-0.41299944004245503f,2.0335048788690866f,-0.17388184547181587f,0.015926648042576735f,-0.010555975503978798f,0.1752755795972939f,2.0748765188855063f,1.5461437526821653f,0f,0f,0f,1f], start_interpolation: 0, interpolation_duration: 1 }
$data merge entity $(bone_tail_2) { transformation: [1.9153202945432584f,0.3728923429041818f,-0.1061760091401545f,0.14220610072957024f,-0.3875872887339108f,1.8278263812577418f,-0.5723641223844329f,0.12247622535902027f,-0.009906458771731363f,0.5820445821278953f,1.8654489651268793f,1.199492038365006f,0f,0f,0f,1f], start_interpolation: 0, interpolation_duration: 1 }
$data merge entity $(bone_tail_1) { transformation: [1.4788227911682619f,0.29192354955436345f,0.12457946675472382f,0.11041669985978186f,-0.24770719739586516f,1.4326900170159884f,-0.41676937207646825f,0.1948838414133334f,-0.19844532415654484f,0.3870868201816085f,1.4485991498555062f,0.8832275159656399f,0f,0f,0f,1f], start_interpolation: 0, interpolation_duration: 1 }
$data merge entity $(bone_tail_0) { transformation: [1.2101421040738405f,0.3152014765504759f,0.2646503990402525f,0.04068607532397617f,-0.14663555582385973f,1.0981821022986018f,-0.6374400368217228f,0.40765972602569367f,-0.38456445272540846f,0.5731315869461839f,1.0758559765733438f,0.5826680805288942f,0f,0f,0f,1f], start_interpolation: 0, interpolation_duration: 1 }
$data merge entity $(bone_body_1) { transformation: [0.7093772970610626f,0.3979816169253688f,0.9311278526926685f,-0.20259499357768115f,-0.01622631406423451f,1.1411965316695423f,-0.4754069602914394f,0.44131750000000003f,-1.0124846429464893f,0.26054885098792196f,0.6599952568788989f,0.41167861426797864f,0f,0f,0f,1f], start_interpolation: 0, interpolation_duration: 1 }