# This file was generated by Animated Java via MC-Build. It is not recommended to edit this file directly.
$data merge entity $(bone_head_lower) { transformation: [-0.4794427749575275f,0.4781505844190187f,0.7358713502785498f,-0.9715153081798353f,0.7663735518077521f,0.6366626410221647f,0.08562862031034307f,0.9410219842453386f,-0.42755842247650333f,0.605006363723914f,-0.6716852650036105f,0.3596527861235662f,0f,0f,0f,1f], start_interpolation: 0, interpolation_duration: 1 }
$data merge entity $(bone_head_upper) { transformation: [-0.49905178468546757f,0.2956862758960056f,0.8642851873267919f,-0.9054491271266017f,0.797717910754376f,0.620900648663276f,0.24819440351205274f,0.972321646944676f,-0.44504538380644965f,0.7813603223352087f,-0.5242924714472785f,0.34091652908684944f,0f,0f,0f,1f], start_interpolation: 0, interpolation_duration: 1 }
$data merge entity $(bone_neck_0) { transformation: [-0.3376277872657961f,0.607192824818786f,0.7192526334707333f,-0.8686876853022915f,0.6332392826346934f,0.7118752812519114f,-0.3037130139964551f,0.9409233079736918f,-0.6964305336458912f,0.35291706877267237f,-0.6248472248274801f,0.29500926431145785f,0f,0f,0f,1f], start_interpolation: 0, interpolation_duration: 1 }
$data merge entity $(bone_neck_1) { transformation: [-0.20700510365355618f,0.6910470349766263f,0.6925336688648384f,-0.8068374267357779f,0.44667815000284394f,0.6965386638263343f,-0.5615269540325394f,0.896563471482779f,-0.8704180130095062f,0.19310071269945664f,-0.45286266945238984f,0.2575354432321212f,0f,0f,0f,1f], start_interpolation: 0, interpolation_duration: 1 }
$data merge entity $(bone_neck_2) { transformation: [0.09164738204385268f,0.7215118877339618f,0.686309954192042f,-0.7396474750980532f,0.21649675293651433f,0.6582875194772175f,-0.7209623413663697f,0.8398468094069064f,-0.9719721772419484f,0.2146581877290192f,-0.09587465310726889f,0.25123774237926055f,0f,0f,0f,1f], start_interpolation: 0, interpolation_duration: 1 }
$data merge entity $(bone_body_0) { transformation: [0.205019015503479f,0.6587066910965996f,0.723928655591525f,-0.392187609834167f,0.14417609929452796f,0.7112465127785306f,-0.687998292477964f,0.5223713062479952f,-0.9680808105081922f,0.24542594232262457f,0.05084929852862369f,0.2775408149739823f,0f,0f,0f,1f], start_interpolation: 0, interpolation_duration: 1 }
$data merge entity $(bone_leg_left_3) { transformation: [0.32227713921972156f,0.019832012696210488f,0.9464376032305399f,-0.5794434570985602f,0.04349231830974991f,0.9984146006148112f,-0.03573098833239957f,0.03949413254594869f,-0.9456457390505153f,0.05267804620127857f,0.32090366103243606f,0.653418642907682f,0f,0f,0f,1f], start_interpolation: 0, interpolation_duration: 1 }
$data merge entity $(bone_leg_left_2) { transformation: [0.46139344780869634f,0.41711874326678366f,0.8155919567010436f,-0.4562924432895529f,-0.40308587977725635f,0.9124877681387369f,-0.23864208770054837f,0.24419325832652522f,-0.8226178087934233f,-0.21316713281699842f,0.5743882951829549f,0.6202046734295089f,0f,0f,0f,1f], start_interpolation: 0, interpolation_duration: 1 }
$data merge entity $(bone_leg_left_1) { transformation: [0.6684607658237351f,-0.6613733312818681f,0.34021393449338533f,-0.667323394704867f,-0.06731482758319078f,0.40175466779005214f,0.9132698948812175f,0.3062416531324065f,-0.7406948889669688f,-0.6333865356778823f,0.2240370011408393f,0.4510026642613952f,0f,0f,0f,1f], start_interpolation: 0, interpolation_duration: 1 }
$data merge entity $(bone_leg_left_0) { transformation: [0.645805284347981f,0.6919864665881149f,0.32263022915889156f,-0.34679972238881085f,-0.06546866863469925f,0.4711992881672533f,-0.8795937040803974f,0.5552418222531128f,-0.7606900736406536f,0.5469240906099946f,0.349606422960173f,0.5488329756548592f,0f,0f,0f,1f], start_interpolation: 0, interpolation_duration: 1 }
$data merge entity $(bone_leg_right_3) { transformation: [0.9946335898339814f,0.017451855269107835f,0.10197771678966502f,-0.14742878639850585f,-0.02226522565092677f,0.9986815360963894f,0.04625418020967506f,0.04794438574207413f,-0.10103604159249488f,-0.048276518182465256f,0.9937107708440606f,0.05375879899613434f,0f,0f,0f,1f], start_interpolation: 0, interpolation_duration: 1 }
$data merge entity $(bone_leg_right_2) { transformation: [0.9901942029380499f,-0.050049154481146406f,0.26281689843747896f,-0.1525091180711647f,0.11399963538009635f,0.990474313479955f,-0.2408877684115801f,0.2712011425398162f,-0.2420366152088954f,0.26175927103510255f,0.9617497389789541f,0.14487237010530138f,0f,0f,0f,1f], start_interpolation: 0, interpolation_duration: 1 }
$data merge entity $(bone_leg_right_1) { transformation: [0.7695295811820787f,-0.45056910565444036f,0.4525612717803987f,-0.28359115397815826f,-0.26399320319203723f,0.42083557861409004f,0.8678738413162086f,0.3342426544836046f,-0.5814910251707603f,-0.7873276934049134f,0.2048982450963312f,-0.09146775195205145f,0f,0f,0f,1f], start_interpolation: 0, interpolation_duration: 1 }
$data merge entity $(bone_leg_right_0) { transformation: [0.7541146112690367f,0.6524131591488554f,0.07528760083811736f,-0.12124657327131261f,-0.17032476809277597f,0.30500396334569074f,-0.936996294399056f,0.5500790965758222f,-0.6342717291860732f,0.6937792531582581f,0.34113006528665524f,0.22691275301730793f,0f,0f,0f,1f], start_interpolation: 0, interpolation_duration: 1 }
$data merge entity $(bone_tail_4) { transformation: [2.7053936981012825f,0.523890690686704f,-0.17901065355355805f,0.12993043616950478f,-0.5022518191497544f,2.6981304153414607f,0.3057723067415938f,0.03016545985166911f,0.23291496309732151f,-0.2670058756303329f,2.7386346623717897f,1.9052238879709145f,0f,0f,0f,1f], start_interpolation: 0, interpolation_duration: 1 }
$data merge entity $(bone_tail_3) { transformation: [2.049818006031716f,0.3656012162753609f,-0.022965601463449038f,0.13024685858236862f,-0.36628297218861494f,2.0436680275292924f,-0.1587554836333176f,0.03708562714612214f,-0.005334086358098409f,0.16031927506370183f,2.0761056821872566f,1.5516242349786653f,0f,0f,0f,1f], start_interpolation: 0, interpolation_duration: 1 }
$data merge entity $(bone_tail_2) { transformation: [1.9236912361772542f,0.33030772373292194f,-0.09530325545320367f,0.14946458715596087f,-0.3437453186023448f,1.8402105958948276f,-0.5605693478046685f,0.14147794721474158f,-0.005005876204566713f,0.56859092975667f,1.8696131072509745f,1.204198838111506f,0f,0f,0f,1f], start_interpolation: 0, interpolation_duration: 1 }
$data merge entity $(bone_tail_1) { transformation: [1.4843366349760432f,0.25862792469271095f,0.1323351829149672f,0.11640797954539311f,-0.2153094169100228f,1.4418679082856636f,-0.40288340750866286f,0.2107543164515095f,-0.19504578708052717f,0.37654320021090093f,1.451836288745074f,0.8873633565797181f,0f,0f,0f,1f], start_interpolation: 0, interpolation_duration: 1 }
$data merge entity $(bone_tail_0) { transformation: [1.2132274788603556f,0.28864594779822234f,0.28035391551008937f,0.04144759030010625f,-0.12416911701635558f,1.1156631504956762f,-0.6113210953250906f,0.4163194881306232f,-0.38274904506941737f,0.5530053960222772f,1.0869792624759318f,0.5830677576343622f,0f,0f,0f,1f], start_interpolation: 0, interpolation_duration: 1 }
$data merge entity $(bone_body_1) { transformation: [0.7093901365187094f,0.37074196272343884f,0.9422954029083389f,-0.20259499357768115f,-0.016237355529511905f,1.1545371888462388f,-0.4420235547034599f,0.44131750000000003f,-1.0124754700987202f,0.24124442315470537f,0.6673073847945776f,0.41167861426797864f,0f,0f,0f,1f], start_interpolation: 0, interpolation_duration: 1 }