# This file was generated by Animated Java via MC-Build. It is not recommended to edit this file directly.
$data merge entity $(bone_head_lower) { transformation: [-0.3132781370272056f,0.4131211587773038f,0.8550951508640783f,-0.9278366466056752f,0.8110372350926663f,0.5848123883486332f,0.014597045153399713f,1.0008088439834062f,-0.4940398892336595f,0.6980869420097073f,-0.5182655779053134f,0.3861272471568384f,0f,0f,0f,1f], start_interpolation: 0, interpolation_duration: 1 }
$data merge entity $(bone_head_upper) { transformation: [-0.32609108229906125f,0.7203098216832885f,0.6769714243711641f,-0.865094881460571f,0.8442083200757752f,0.5737799731868991f,-0.20386465428804948f,0.9999010958388432f,-0.5142459148533624f,0.4851826931576773f,-0.7639508072516176f,0.34419750363771473f,0f,0f,0f,1f], start_interpolation: 0, interpolation_duration: 1 }
$data merge entity $(bone_neck_0) { transformation: [-0.27165434276652856f,0.864493143499594f,0.4229131387155941f,-0.8516930912832216f,0.6631791445081453f,0.48660135857961345f,-0.5686937138020068f,0.9550155518153284f,-0.697421924193332f,0.1259790564763216f,-0.7055011955934629f,0.296758951677813f,0f,0f,0f,1f], start_interpolation: 0, interpolation_duration: 1 }
$data merge entity $(bone_neck_1) { transformation: [-0.18946166667280695f,0.8195584619821528f,0.5407663120563355f,-0.8021074837046602f,0.45825669791777673f,0.560886460527848f,-0.6894977717223155f,0.8991899747050387f,-0.8683922360748381f,0.11717638751041365f,-0.4818346381643308f,0.25648105071588034f,0f,0f,0f,1f], start_interpolation: 0, interpolation_duration: 1 }
$data merge entity $(bone_neck_2) { transformation: [0.0906446032928864f,0.7735638714837875f,0.6272021146559451f,-0.7395862006656935f,0.20628326667094468f,0.6015516124160227f,-0.7717401580138532f,0.8374693150671506f,-0.9742847477947291f,0.19933538154250774f,-0.10504587512065208f,0.24922986218116241f,0f,0f,0f,1f], start_interpolation: 0, interpolation_duration: 1 }
$data merge entity $(bone_body_0) { transformation: [0.20235003355189402f,0.6619969362800766f,0.7216748023017981f,-0.3931572243071266f,0.13580279341092444f,0.7108313319395219f,-0.6901278278948583f,0.5189862147355473f,-0.9698515686553983f,0.23765284321648095f,0.05393571069139147f,0.2769135007687911f,0f,0f,0f,1f], start_interpolation: 0, interpolation_duration: 1 }
$data merge entity $(bone_leg_left_3) { transformation: [0.32295158360970505f,0.024317662639592508f,0.9461030207793075f,-0.5804115896312046f,0.044770246324651194f,0.9981581594463705f,-0.040937925871553316f,0.0386046293134685f,-0.9453559645382333f,0.05557823327870107f,0.3212680505397397f,0.6517772454134254f,0f,0f,0f,1f], start_interpolation: 0, interpolation_duration: 1 }
$data merge entity $(bone_leg_left_2) { transformation: [0.4623604040088765f,0.41649950357892057f,0.8153607911985685f,-0.4574105636289387f,-0.4018225405173508f,0.913068413818478f,-0.23855170743443813f,0.2434438558310762f,-0.8226929574498768f,-0.21188778800633215f,0.5747539147816684f,0.6188726720523594f,0f,0f,0f,1f], start_interpolation: 0, interpolation_duration: 1 }
$data merge entity $(bone_leg_left_1) { transformation: [0.6690784591552852f,-0.6612370981399812f,0.339263195082824f,-0.6683663828525807f,-0.06596141498181707f,0.401858199965469f,0.9133230966389225f,0.3054906014140764f,-0.7402588109762597f,-0.6334630906090191f,0.2252585306000288f,0.44957639519428383f,0f,0f,0f,1f], start_interpolation: 0, interpolation_duration: 1 }
$data merge entity $(bone_leg_left_0) { transformation: [0.6464362865886577f,0.6911738925242574f,0.3231079969210492f,-0.34812727662462906f,-0.0641241268045971f,0.47120770856139926f,-0.8796882355436291f,0.5546581095487497f,-0.7602685208155172f,0.5479433781744074f,0.34892668366263374f,0.5479112633577857f,0f,0f,0f,1f], start_interpolation: 0, interpolation_duration: 1 }
$data merge entity $(bone_leg_right_3) { transformation: [0.9950704379638963f,0.021582255355247548f,0.0967937484764416f,-0.1492381852900701f,-0.025019347312975407f,0.9990936403379203f,0.0344373357906263f,0.046262708482067316f,-0.09596278315249288f,-0.036689291218345244f,0.994708520200528f,0.04913981604654909f,0f,0f,0f,1f], start_interpolation: 0, interpolation_duration: 1 }
$data merge entity $(bone_leg_right_2) { transformation: [0.9917994551559308f,-0.04851046467394654f,0.25698788895629154f,-0.1541424834580549f,0.11353946579658024f,0.987830691196367f,-0.25171713238838295f,0.2685692788079297f,-0.23559463058338267f,0.27184455088951337f,0.9605508365998406f,0.14255720583799847f,0f,0f,0f,1f], start_interpolation: 0, interpolation_duration: 1 }
$data merge entity $(bone_leg_right_1) { transformation: [0.7714007669177835f,-0.4449727618012644f,0.4549066915902764f,-0.28379129406385994f,-0.26050691382311125f,0.4314003747739804f,0.8637302035330408f,0.3347701103595708f,-0.5805833313565018f,-0.7847884797191056f,0.21686409903707393f,-0.09370963794279319f,0f,0f,0f,1f], start_interpolation: 0, interpolation_duration: 1 }
$data merge entity $(bone_leg_right_0) { transformation: [0.7559928854172957f,0.6501881609753073f,0.07569750673555498f,-0.12257208635486339f,-0.1666320325882877f,0.30299008344365486f,-0.9383127277460873f,0.5494936285245651f,-0.6330154207552351f,0.6967441170633267f,0.3374005222635521f,0.225992499017509f,0f,0f,0f,1f], start_interpolation: 0, interpolation_duration: 1 }
$data merge entity $(bone_tail_4) { transformation: [2.710845533669206f,0.49312178050549094f,-0.1838715143158636f,0.13433472543765046f,-0.47038327436661553f,2.7029256074280217f,0.31399692276518343f,0.04217560382763429f,0.23604533331937752f,-0.2769212918880695f,2.737381692478633f,1.9078669261757182f,0f,0f,0f,1f], start_interpolation: 0, interpolation_duration: 1 }
$data merge entity $(bone_tail_3) { transformation: [2.053876810283344f,0.3421157585091801f,-0.022189682387303705f,0.13474940429043974f,-0.3428213617271901f,2.0483058682480575f,-0.15120221588499547f,0.04776963112395685f,-0.00301465889882108f,0.15279202834148747f,2.0766778840136624f,1.5542439089174764f,0f,0f,0f,1f], start_interpolation: 0, interpolation_duration: 1 }
$data merge entity $(bone_tail_2) { transformation: [1.9275002992966332f,0.30894739420961814f,-0.08982192842091395f,0.15294589998124283f,-0.3217273178342565f,1.845994130328899f,-0.5545909111707525f,0.15106823018930876f,-0.0028291647778784087f,0.5618105137901184f,1.8716663210690945f,1.2064368202248352f,0f,0f,0f,1f], start_interpolation: 0, interpolation_duration: 1 }
$data merge entity $(bone_tail_1) { transformation: [1.4868004777404624f,0.2419259982978472f,0.13620719782127083f,0.1192578878729807f,-0.19904246002651668f,1.4461381886931461f,-0.39588216467769766f,0.21877026932183957f,-0.19355280544937936f,0.3712309261778942f,1.4534033029244764f,0.8893276454343242f,0f,0f,0f,1f], start_interpolation: 0, interpolation_duration: 1 }
$data merge entity $(bone_tail_0) { transformation: [1.2145692880989485f,0.27520415516092517f,0.28795804203564557f,0.04175102171979253f,-0.11289946974407215f,1.1240245122258659f,-0.598045418200775f,0.4206577541427925f,-0.38198281469504425f,0.542832649609061f,1.0923632913916896f,0.5832132216112013f,0f,0f,0f,1f], start_interpolation: 0, interpolation_duration: 1 }
$data merge entity $(bone_body_1) { transformation: [0.7093965561731957f,0.357003353110865f,0.9475809870472596f,-0.20259499357768115f,-0.016242876293809144f,1.160842068593443f,-0.4251899055829644f,0.44131750000000003f,-1.0124708835890361f,0.23151434665597967f,0.6707521242852242f,0.41167861426797864f,0f,0f,0f,1f], start_interpolation: 0, interpolation_duration: 1 }