# This file was generated by Animated Java via MC-Build. It is not recommended to edit this file directly.
$data merge entity $(bone_head_lower) { transformation: [-0.9324622504225377f,-0.3582729374600305f,0.04641824878964035f,0.283714415878554f,-0.3556816395235398f,0.9329423261309093f,0.05576008804955929f,0.7785319492583852f,-0.06328287953927586f,0.03548405835314f,-0.9973646067311634f,0.3319491149330048f,0f,0f,0f,1f], start_interpolation: 0, interpolation_duration: 1 }
$data merge entity $(bone_head_upper) { transformation: [-0.9705995679388819f,-0.33812573411293584f,-0.16455822444031884f,0.2644763795717397f,-0.3702288703793695f,0.7794477512986955f,0.5821200298190485f,0.836049134097032f,-0.06587112294456578f,0.6013352920871202f,-0.8470707197371579f,0.28703666789333093f,0f,0f,0f,1f], start_interpolation: 0, interpolation_duration: 1 }
$data merge entity $(bone_neck_0) { transformation: [-0.9535928911452621f,-0.2830572647478344f,0.10266052225999077f,0.27601728127173003f,-0.29941053215867713f,0.927484003828792f,-0.22389005309341234f,0.8066139260837176f,-0.031842286187982335f,-0.24423760462956495f,-0.9691924789716101f,0.22834158827449946f,0f,0f,0f,1f], start_interpolation: 0, interpolation_duration: 1 }
$data merge entity $(bone_neck_1) { transformation: [-0.9577460874745578f,-0.2865275101425372f,-0.024988354461518897f,0.2725804432533992f,-0.27378240697761347f,0.9348561752190198f,-0.22602461212091413f,0.7917734404062543f,0.088122786818851f,-0.20963281610087564f,-0.9738010355595724f,0.1448821072443373f,0f,0f,0f,1f], start_interpolation: 0, interpolation_duration: 1 }
$data merge entity $(bone_neck_2) { transformation: [-0.9485944136634035f,-0.28223908278232956f,-0.14321221497055606f,0.2572706821105004f,-0.26110356403657703f,0.9536055637824368f,-0.14987113654929668f,0.7879799992839193f,0.17886745711274746f,-0.10477370315766338f,-0.9782785410672409f,0.05815176992031096f,0f,0f,0f,1f], start_interpolation: 0, interpolation_duration: 1 }
$data merge entity $(bone_body_0) { transformation: [-0.8979348865896517f,-0.3377566840027266f,-0.2821938373825895f,0.12105623016799516f,-0.18007174397104697f,0.8669706495721864f,-0.46468920775460976f,0.5772326974041878f,0.4016056604039027f,-0.3664455146292057f,-0.8393036270264067f,-0.3408997336923696f,0f,0f,0f,1f], start_interpolation: 0, interpolation_duration: 1 }
$data merge entity $(bone_leg_left_3) { transformation: [-0.7443360241445364f,-0.0038443885634941444f,-0.6677942076997053f,0.3237285941181241f,-0.08075735167000958f,0.9931628284465555f,0.08429618225805771f,0.032774256606980634f,0.6629043168602471f,0.11667397682692643f,-0.7395573336932295f,-0.7441323048127684f,0f,0f,0f,1f], start_interpolation: 0, interpolation_duration: 1 }
$data merge entity $(bone_leg_left_2) { transformation: [-0.8162247166881059f,-0.36736039190613684f,-0.5008849706536274f,0.22135155772314216f,-0.3215052415378709f,0.9575393840520647f,-0.17836733768703786f,0.24996417082965178f,0.5314826347415229f,0.015062202642911391f,-0.8771325661041478f,-0.7669041217131586f,0f,0f,0f,1f], start_interpolation: 0, interpolation_duration: 1 }
$data merge entity $(bone_leg_left_1) { transformation: [-0.914652092303706f,0.3986507447420527f,-0.06700099820942634f,0.35142185700085543f,0.04693613002970294f,0.26935424320189316f,0.9618967155401716f,0.27118914434331587f,0.40150784518149557f,0.8766560758848032f,-0.26507654530714375f,-0.5226816751507757f,0f,0f,0f,1f], start_interpolation: 0, interpolation_duration: 1 }
$data merge entity $(bone_leg_left_0) { transformation: [-0.9039616671904972f,-0.20282718189219345f,-0.3764497822231377f,0.19732197076205404f,0.022269356993488566f,0.8568263246471564f,-0.5151239900555422f,0.6521307019735654f,0.42703323054450154f,-0.4740356354508772f,-0.770021321999209f,-0.5964653677656131f,0f,0f,0f,1f], start_interpolation: 0, interpolation_duration: 1 }
$data merge entity $(bone_leg_right_3) { transformation: [-0.9979135315556745f,0.02877081268445696f,-0.05779986051503634f,-0.20879328313900164f,0.029729703883358872f,0.9994331099304319f,-0.015798844318262395f,0.028500299477676072f,0.05731254875757652f,-0.017484253265746874f,-0.9982031720259406f,-0.2589775166964543f,0f,0f,0f,1f], start_interpolation: 0, interpolation_duration: 1 }
$data merge entity $(bone_leg_right_2) { transformation: [-1.0137671795452974f,0.14428634204660484f,-0.05932753725107194f,-0.17542109655050836f,0.15590643587453212f,0.951024904366341f,-0.35115098466127964f,0.239088815723007f,0.005611455280724623f,-0.35608325188710577f,-0.9618915888996175f,-0.3717154697287334f,0f,0f,0f,1f], start_interpolation: 0, interpolation_duration: 1 }
$data merge entity $(bone_leg_right_1) { transformation: [-0.8985193854546782f,0.24243169266292824f,-0.3659095357526704f,-0.1080480871647698f,-0.19174326909447573f,0.5330959203920167f,0.8240408111364095f,0.33639159653281264f,0.3948384894094178f,0.8105773337899203f,-0.4325123734957338f,-0.12070464902023548f,0f,0f,0f,1f], start_interpolation: 0, interpolation_duration: 1 }
$data merge entity $(bone_leg_right_0) { transformation: [-0.9219577610622977f,-0.37597172868462586f,-0.09294700665911296f,-0.14089912477557337f,-0.15729756183214758f,0.5828158589765333f,-0.7972346903936803f,0.648413803110286f,0.35390869423999316f,-0.7203963726694768f,-0.5964710406935139f,-0.39615016177161655f,0f,0f,0f,1f], start_interpolation: 0, interpolation_duration: 1 }
$data merge entity $(bone_tail_4) { transformation: [-0.65475872326718f,-0.05748321123316616f,2.682097691422118f,-0.07089335096328842f,2.3429342292124815f,1.3325520828056492f,0.6005210036250547f,0.9940523078240157f,-1.3067561147704831f,2.4179871708999303f,-0.2671850098214758f,-1.9041835001237393f,0f,0f,0f,1f], start_interpolation: 0, interpolation_duration: 1 }
$data merge entity $(bone_tail_3) { transformation: [-1.2734887985057581f,0.22545979588105974f,1.631974168473899f,-0.34982216285800627f,1.312293827157193f,1.3858783294257209f,0.8325693324148721f,0.8393174084632341f,-0.9960204402169323f,1.53767833519039f,-0.9896636530663457f,-1.7514205064060997f,0f,0f,0f,1f], start_interpolation: 0, interpolation_duration: 1 }
$data merge entity $(bone_tail_2) { transformation: [-1.847835571218201f,0.4498679299242045f,0.4493288577080175f,-0.43461074150864026f,0.6014226092141439f,1.6847706568188703f,0.7865192648949805f,0.6939508099681218f,-0.2063211619527473f,0.8820093846159465f,-1.7315498544895105f,-1.4294718568647378f,0f,0f,0f,1f], start_interpolation: 0, interpolation_duration: 1 }
$data merge entity $(bone_tail_1) { transformation: [-1.31675966104848f,0.4119019483230791f,-0.6197878911394962f,-0.30501638294368927f,0.2581912275667766f,1.4343034996309718f,0.40468136966496f,0.5890883470479428f,0.697952387375424f,0.24650863253443767f,-1.318996667563246f,-1.1493186075577182f,0f,0f,0f,1f], start_interpolation: 0, interpolation_duration: 1 }
$data merge entity $(bone_tail_0) { transformation: [-1.1650550438259137f,0.1575249517941278f,-0.5016655768558207f,-0.15461668390073707f,0.13309850506292906f,1.2681412624624135f,0.0890968179806516f,0.593654693689894f,0.50869170367703f,0.028971444329229053f,-1.1722751906475146f,-0.8060534180803751f,0f,0f,0f,1f], start_interpolation: 0, interpolation_duration: 1 }
$data merge entity $(bone_body_1) { transformation: [-1.0637435570095142f,-0.09659415739615705f,-0.6226747214508734f,-0.003347231466373379f,-0.011690066852821418f,1.2245692940510828f,-0.16999406301532854f,0.5506925f,0.6300139540629025f,-0.14037167762910496f,-1.0545059529760217f,-0.5514405266538194f,0f,0f,0f,1f], start_interpolation: 0, interpolation_duration: 1 }