# This file was generated by Animated Java via MC-Build. It is not recommended to edit this file directly.
$data merge entity $(bone_head_lower) { transformation: [-0.26382394082120486f,0.32096924800270327f,0.9096019294648336f,-0.9174526748555707f,0.8219916427086559f,0.5682369951171662f,0.03790061605487552f,1.0095187844432154f,-0.5047045349179012f,0.7576842740989103f,-0.41374856279691435f,0.3813710598761464f,0f,0f,0f,1f], start_interpolation: 0, interpolation_duration: 1 }
$data merge entity $(bone_head_upper) { transformation: [-0.27461423007415015f,0.7905999363633368f,0.6188785889385546f,-0.8571213509059007f,0.8556107583989222f,0.5199943888590214f,-0.28461905812974175f,1.001839839011391f,-0.5253467401024873f,0.43362370641020953f,-0.7870535092903589f,0.3366874875107691f,0f,0f,0f,1f], start_interpolation: 0, interpolation_duration: 1 }
$data merge entity $(bone_neck_0) { transformation: [-0.24306402035575825f,0.9043635006931f,0.3507799033904545f,-0.8490402398765904f,0.6608483708311199f,0.4191055889718683f,-0.6225993383086736f,0.9545649922607752f,-0.7100699351319912f,0.08048082943573848f,-0.6995166354812337f,0.29037851685135324f,0f,0f,0f,1f], start_interpolation: 0, interpolation_duration: 1 }
$data merge entity $(bone_neck_1) { transformation: [-0.17344163341108382f,0.8521950125570769f,0.49364122637046687f,-0.8032963930634418f,0.44854501277589176f,0.5145872447585986f,-0.7307580578041062f,0.8950308326784561f,-0.8767698508237896f,0.0946764390151926f,-0.4714986750584058f,0.25087255317378426f,0f,0f,0f,1f], start_interpolation: 0, interpolation_duration: 1 }
$data merge entity $(bone_neck_2) { transformation: [0.09736246738711624f,0.7901425922733714f,0.6051406727528807f,-0.7425455417577672f,0.18977102528563572f,0.5821349716014719f,-0.7906363467489919f,0.8314646241369794f,-0.9769890009136906f,0.19181647143577102f,-0.0932680726701196f,0.2445795736379876f,0f,0f,0f,1f], start_interpolation: 0, interpolation_duration: 1 }
$data merge entity $(bone_body_0) { transformation: [0.20411039605984976f,0.6566054494148681f,0.7260910617952752f,-0.39408655951264737f,0.12765080049866243f,0.7175213881520967f,-0.6847396079359941f,0.5155847028141591f,-0.9705896245851497f,0.23244857784677267f,0.06263736348754573f,0.2763146914242676f,0f,0f,0f,1f], start_interpolation: 0, interpolation_duration: 1 }
$data merge entity $(bone_leg_left_3) { transformation: [0.3236058250062231f,0.028794539901936866f,0.9457537441077765f,-0.5813668500071879f,0.046058860692836656f,0.9978725232508495f,-0.046141182176670376f,0.03769045439755089f,-0.9450702891180737f,0.05849189527463265f,0.3215911174355751f,0.6501409518016636f,0f,0f,0f,1f], start_interpolation: 0, interpolation_duration: 1 }
$data merge entity $(bone_leg_left_2) { transformation: [0.4633125417257301f,0.4158691588010467f,0.8151420311445409f,-0.45851803999717156f,-0.40054813405471f,0.9136515675798053f,-0.23846216652741534f,0.24267035751182844f,-0.8227787554899724f,-0.21060829831174385f,0.5751012638634154f,0.6175452271679037f,0f,0f,0f,1f], start_interpolation: 0, interpolation_duration: 1 }
$data merge entity $(bone_leg_left_1) { transformation: [0.6696804838336093f,-0.6611157884822689f,0.3383104547480771f,-0.6694023631008954f,-0.06459727649254572f,0.4019636348289477f,0.9133741994083509f,0.30471586848254084f,-0.7398346041123843f,-0.6335228097666004f,0.22648092207358952f,0.44815944707632394f,0f,0f,0f,1f], start_interpolation: 0, interpolation_duration: 1 }
$data merge entity $(bone_leg_left_0) { transformation: [0.6470512418490226f,0.6903685232250967f,0.32359850519067057f,-0.34944789716587443f,-0.062768789802531f,0.4712135928868129f,-0.8797828305357105f,0.5540509802751872f,-0.7598583877594319f,0.5489526865028533f,0.3482329371741519f,0.5469947662696019f,0f,0f,0f,1f], start_interpolation: 0, interpolation_duration: 1 }
$data merge entity $(bone_leg_right_3) { transformation: [0.9954306634445624f,0.028486363229093883f,0.09113902229176124f,-0.15210608545362247f,-0.030291622712140184f,0.9993701457288132f,0.018485924900765227f,0.04466894079176528f,-0.09055502121794992f,-0.02116220536597055f,0.9956665853568981f,0.042926179936371225f,0f,0f,0f,1f], start_interpolation: 0, interpolation_duration: 1 }
$data merge entity $(bone_leg_right_2) { transformation: [0.9938036151427712f,-0.04441087649620493f,0.24988847128007305f,-0.15627728858541928f,0.11138401618262798f,0.9837466125201192f,-0.26813877525436985f,0.26551935990645914f,-0.2280573940236999f,0.286936362116627f,0.9579767996288266f,0.13977020663555903f,0f,0f,0f,1f], start_interpolation: 0, interpolation_duration: 1 }
$data merge entity $(bone_leg_right_1) { transformation: [0.7731163467472392f,-0.4377302888793705f,0.45900251479679866f,-0.28414160588462045f,-0.25707251931166786f,0.44531596197580503f,0.8576755877511707f,0.33589013386818917f,-0.5798317292171536f,-0.7810799499456803f,0.23175262152972284f,-0.09626380827204267f,0f,0f,0f,1f], start_interpolation: 0, interpolation_duration: 1 }
$data merge entity $(bone_leg_right_0) { transformation: [0.7578280649884537f,0.6481263182978128f,0.07502599180002867f,-0.12389066575959876f,-0.16290655811917246f,0.29930981913971877f,-0.9401463106816479f,0.5488847438973983f,-0.6317895830398128f,0.7002470333362869f,0.33240940881104497f,0.22507746024478653f,0f,0f,0f,1f], start_interpolation: 0, interpolation_duration: 1 }
$data merge entity $(bone_tail_4) { transformation: [2.715945135125863f,0.46227810304363354f,-0.1886857441158082f,0.13864820933945396f,-0.4384324942955286f,2.707335252692634f,0.3221398905343996f,0.05424988828081924f,0.23891484368276042f,-0.28687299728990434f,2.73610762078065f,1.9104238486758103f,0f,0f,0f,1f], start_interpolation: 0, interpolation_duration: 1 }
$data merge entity $(bone_tail_3) { transformation: [2.057667149968068f,0.31858088447600597f,-0.021392663069793635f,0.1391580503879417f,-0.31929709279925456f,2.0526467110689f,-0.14365365332081853f,0.05852147976195987f,-0.0008902340569717951f,0.145235070244619f,2.0772220651386335f,1.5567825091761849f,0f,0f,0f,1f], start_interpolation: 0, interpolation_duration: 1 }
$data merge entity $(bone_tail_2) { transformation: [1.9310574166661674f,0.28754607424740314f,-0.08431123131749113f,0.15632765731006226f,-0.2996505140199737f,1.8515045924899125f,-0.5485564587525213f,0.16071592311536823f,-0.0008354573179198948f,0.5549971839356016f,1.8736998966850054f,1.2085972362036372f,0f,0f,0f,1f], start_interpolation: 0, interpolation_duration: 1 }
$data merge entity $(bone_tail_1) { transformation: [1.4890682024872737f,0.2251913844932351f,0.14007490385982857f,0.12200975485982994f,-0.18273483004209257f,1.4501954248586773f,-0.38884117787144046f,0.22683764507143672f,-0.1921981275424082f,0.3658938644866591f,1.4549356720144748f,0.8912222585261131f,0f,0f,0f,1f], start_interpolation: 0, interpolation_duration: 1 }
$data merge entity $(bone_tail_0) { transformation: [1.215776793298443f,0.26165718203538924f,0.2953946928268715f,0.04200281390826621f,-0.10160871918145574f,1.1321304575173063f,-0.584629807597925f,0.42500038756579306f,-0.3813111244735547f,0.5325897697430751f,1.0976272956253226f,0.583322391381826f,0f,0f,0f,1f], start_interpolation: 0, interpolation_duration: 1 }
$data merge entity $(bone_body_1) { transformation: [0.7094029757781232f,0.3431894216751657f,0.9526662762288055f,-0.20259499357768115f,-0.01624839707921102f,1.1669015213001634f,-0.4082663643211022f,0.44131750000000003f,-1.0124662970221527f,0.22173510207876398f,0.6740549954986019f,0.41167861426797864f,0f,0f,0f,1f], start_interpolation: 0, interpolation_duration: 1 }