# This file was generated by Animated Java via MC-Build. It is not recommended to edit this file directly.
$data merge entity $(bone_head_lower) { transformation: [-0.25220367735274984f,0.32769299851182193f,0.9105001943196285f,-0.9162874785162828f,0.8239443137426825f,0.5661421479549462f,0.024471129112895645f,1.00982717279659f,-0.5074535180495353f,0.7563731665225113f,-0.41278391439572715f,0.3788006777167224f,0f,0f,0f,1f], start_interpolation: 0, interpolation_duration: 1 }
$data merge entity $(bone_head_upper) { transformation: [-0.26251870267161176f,0.8046281734525208f,0.6059120198655752f,-0.8565312805244161f,0.8576432928646276f,0.506918786054381f,-0.30158459697567214f,1.0006856895650058f,-0.5282081554987955f,0.42317701900637217f,-0.7908155901554721f,0.3336222915383698f,0f,0f,0f,1f], start_interpolation: 0, interpolation_duration: 1 }
$data merge entity $(bone_neck_0) { transformation: [-0.2365810921656198f,0.9121233492849019f,0.3347542121004833f,-0.8496144724306189f,0.6587238315056491f,0.4038384973340721f,-0.6348207478316032f,0.9528690835743423f,-0.7142214646986182f,0.07032399135608872f,-0.6963779402045334f,0.2876824807896944f,0f,0f,0f,1f], start_interpolation: 0, interpolation_duration: 1 }
$data merge entity $(bone_neck_1) { transformation: [-0.16953095840567992f,0.8587935403139277f,0.48345931499674466f,-0.8047027685558517f,0.4444627177277144f,0.5044641393718031f,-0.7402491638887274f,0.8924842668547596f,-0.8796090874315392f,0.08938449084117298f,-0.46722399992393204f,0.24851425885738226f,0f,0f,0f,1f], start_interpolation: 0, interpolation_duration: 1 }
$data merge entity $(bone_neck_2) { transformation: [0.0997691207511651f,0.7922216674163727f,0.6020223851490586f,-0.744204747186357f,0.18477088736459224f,0.5797666913730999f,-0.7935554818390392f,0.8286391332422707f,-0.9777043733803383f,0.19040854300768786f,-0.08853668743887386f,0.24262199965396578f,0f,0f,0f,1f], start_interpolation: 0, interpolation_duration: 1 }
$data merge entity $(bone_body_0) { transformation: [0.20535218564494012f,0.6529319038516648f,0.7290476039213669f,-0.3943873528376646f,0.1251445603140573f,0.7212899670075169f,-0.6812338970706731f,0.5144473407281819f,-0.9706540675619955f,0.23112921153963922f,0.0664075951862233f,0.27612144488818036f,0f,0f,0f,1f], start_interpolation: 0, interpolation_duration: 1 }
$data merge entity $(bone_leg_left_3) { transformation: [0.3238193900642166f,0.030284921836984086f,0.9456340868051267f,-0.5816823775911257f,0.04649072426930824f,0.997770825119155f,-0.04787476473002528f,0.037380283626418764f,-0.9449759865601628f,0.05946599070366089f,0.32168957206331394f,0.6495967125483019f,0f,0f,0f,1f], start_interpolation: 0, interpolation_duration: 1 }
$data merge entity $(bone_leg_left_2) { transformation: [0.4636265908345576f,0.4156566038557869f,0.815071881150916f,-0.4588847945702798f,-0.40012091713084175f,0.9138464821036293f,-0.23843250265408272f,0.24240720055480983f,-0.8228097200727477f,-0.2101818125304578f,0.5752129777186111f,0.6171038055516559f,0f,0f,0f,1f], start_interpolation: 0, interpolation_duration: 1 }
$data merge entity $(bone_leg_left_1) { transformation: [0.6698776550739399f,-0.6610786767935222f,0.3379924708060299f,-0.6697460977005483f,-0.06414022953251863f,0.401999191177514f,0.9133907604350615f,0.3044523903636756f,-0.7396958551919531f,-0.6335389754242036f,0.2268885374590233f,0.44768925209312793f,0f,0f,0f,1f], start_interpolation: 0, interpolation_duration: 1 }
$data merge entity $(bone_leg_left_0) { transformation: [0.6472526385936888f,0.6901017047077805f,0.3237648204992674f,-0.3498865149602589f,-0.06231466149919122f,0.4712149911857341f,-0.8798143639678031f,0.5538434222446804f,-0.7597242294383855f,0.5492868733560302f,0.3479986005187483f,0.5466904597170184f,0f,0f,0f,1f], start_interpolation: 0, interpolation_duration: 1 }
$data merge entity $(bone_leg_right_3) { transformation: [0.9955231430873739f,0.030758623381451397f,0.0893732547528277f,-0.15305561689594063f,-0.03205309536038886f,0.9994005163440565f,0.013084609625474919f,0.04420488398503164f,-0.08891721236776154f,-0.015890721157684695f,0.9959122523223793f,0.040766427777056455f,0f,0f,0f,1f], start_interpolation: 0, interpolation_duration: 1 }
$data merge entity $(bone_leg_right_2) { transformation: [0.9944354018641649f,-0.04298472064548675f,0.24761410462851366f,-0.1569656534265427f,0.11069284191459268f,0.9821957501909199f,-0.27404525640204297f,0.2645123348919146f,-0.2256269615290292f,0.2924141268793626f,0.9568953193182899f,0.1388501203831993f,0f,0f,0f,1f], start_interpolation: 0, interpolation_duration: 1 }
$data merge entity $(bone_leg_right_1) { transformation: [0.7736871715255066f,-0.4353967538106717f,0.4602584354338227f,-0.28425126315921f,-0.2559148238997764f,0.4497915459726995f,0.855684035190464f,0.3362276658707862f,-0.5795824044302996f,-0.7798187173584754f,0.23657346540171048f,-0.09709197106582473f,0f,0f,0f,1f], start_interpolation: 0, interpolation_duration: 1 }
$data merge entity $(bone_leg_right_0) { transformation: [0.7584304667341268f,0.6474382473989561f,0.0748795227977746f,-0.12432860317864816f,-0.16165734526577485f,0.29817022975094787f,-0.9407238791547118f,0.5486766007475322f,-0.6313874641225277f,0.7013688258649902f,0.3308045348142743f,0.22477363980139847f,0f,0f,0f,1f], start_interpolation: 0, interpolation_duration: 1 }
$data merge entity $(bone_tail_4) { transformation: [2.717566562692186f,0.45198104307298564f,-0.19027991391640792f,0.14006573811256298f,-0.427765006245544f,2.708719201052629f,0.3248364525119623f,0.058288704046626436f,0.23981327813348724f,-0.2901977914310554f,2.7356783738369916f,1.9112569390024763f,0f,0f,0f,1f], start_interpolation: 0, interpolation_duration: 1 }
$data merge entity $(bone_tail_3) { transformation: [2.058870808789145f,0.31072555252715744f,-0.021122257622455745f,0.14060659897983666f,-0.31144255956457195f,2.05402751900574f,-0.14113826307360983f,0.06212026600620793f,-0.0002255044227926053f,0.1427098742843685f,2.0773972578623323f,1.5576106043159172f,0f,0f,0f,1f], start_interpolation: 0, interpolation_duration: 1 }
$data merge entity $(bone_tail_2) { transformation: [1.932187013498003f,0.2804037573201462f,-0.08246788922477398f,0.15743266837281064f,-0.2922792758401155f,1.8532806525255352f,-0.5465322706772966f,0.16394429046135095f,-0.0002116289741669061f,0.5527191247442491f,1.874373335106404f,1.209300059827695f,0f,0f,0f,1f], start_interpolation: 0, interpolation_duration: 1 }
$data merge entity $(bone_tail_1) { transformation: [1.4897804420416185f,0.21960635602603362f,0.14136312426954728f,0.12290514601281106f,-0.17729052649569516f,1.4515004248262287f,-0.38648523379834f,0.22953788592712404f,-0.19177735456815476f,0.36410961965079336f,1.4554387246299978f,0.8918382393950951f,0f,0f,0f,1f], start_interpolation: 0, interpolation_duration: 1 }
$data merge entity $(bone_tail_0) { transformation: [1.2161494050675772f,0.25711869632538f,0.29783605748421915f,0.04207525982099122f,-0.0978408593848923f,1.1347753485647663f,-0.580127392137767f,0.42644874391058596f,-0.38110826201045783f,0.5291602790021922f,1.099355087466155f,0.583350711596619f,0f,0f,0f,1f], start_interpolation: 0, interpolation_duration: 1 }
$data merge entity $(bone_body_1) { transformation: [0.7094051156354193f,0.33856854390958474f,0.9543166759736994f,-0.20259499357768115f,-0.016250237345701444f,1.168866576607322f,-0.4026058257560833f,0.44131750000000003f,-1.0124647681538135f,0.21846478485438536f,0.6751243041707365f,0.41167861426797864f,0f,0f,0f,1f], start_interpolation: 0, interpolation_duration: 1 }