# This file was generated by Animated Java via MC-Build. It is not recommended to edit this file directly.
$data merge entity $(bone_head_lower) { transformation: [-0.27700212159370485f,0.36801920205640637f,0.8875988348067793f,-0.9381372733471419f,0.8214758144703178f,0.5698898211543248f,0.020076802161182544f,0.9752538595818652f,-0.4984448925136197f,0.7347022925392688f,-0.4601795632844079f,0.3654314089868854f,0f,0f,0f,1f], start_interpolation: 0, interpolation_duration: 1 }
$data merge entity $(bone_head_upper) { transformation: [-0.28833139294933674f,0.8031893801392004f,0.5960065184668784f,-0.8791042552462455f,0.8550738330005645f,0.5197208575147355f,-0.2867244547738778f,0.96742346490108f,-0.5188310809320549f,0.4101816579020351f,-0.8037644303918406f,0.31907146739029546f,0f,0f,0f,1f], start_interpolation: 0, interpolation_duration: 1 }
$data merge entity $(bone_neck_0) { transformation: [-0.2628019148262433f,0.9057148357763817f,0.3325895215099568f,-0.8722149253112983f,0.6516834394853348f,0.4208200621522738f,-0.6310460918116205f,0.9195775675353868f,-0.7115081505255041f,0.05090296204267918f,-0.7008316775025638f,0.2731580326177163f,0f,0f,0f,1f], start_interpolation: 0, interpolation_duration: 1 }
$data merge entity $(bone_neck_1) { transformation: [-0.1949325146670233f,0.8432968530849816f,0.5008510080877923f,-0.8259013080667252f,0.4364393930519648f,0.5318845401525482f,-0.725685532540883f,0.8605528038974747f,-0.878363234042741f,0.07713140426362851f,-0.4717295576474908f,0.23355168237254678f,0f,0f,0f,1f], start_interpolation: 0, interpolation_duration: 1 }
$data merge entity $(bone_neck_2) { transformation: [0.09146658967307636f,0.764209400387513f,0.638449571487784f,-0.7624862495719401f,0.18315562639878916f,0.6172887895725846f,-0.7651199688849327f,0.799566199278797f,-0.9788196358328963f,0.18691854543455874f,-0.0835079510021925f,0.22806580893901743f,0f,0f,0f,1f], start_interpolation: 0, interpolation_duration: 1 }
$data merge entity $(bone_body_0) { transformation: [0.21405769815806613f,0.6080763226191281f,0.7644753022362908f,-0.3963992193420092f,0.1124506762848758f,0.7620726282777711f,-0.6376520639289769f,0.5063028671194411f,-0.970326824973083f,0.2224600977699326f,0.09474891892706594f,0.27483982962727843f,0f,0f,0f,1f], start_interpolation: 0, interpolation_duration: 1 }
$data merge entity $(bone_leg_left_3) { transformation: [0.32386253317843816f,0.030488423117747104f,0.9456127725760889f,-0.5792108091416903f,0.043728424139837734f,0.9979301256556463f,-0.047151768059665616f,0.03583094116550167f,-0.9450930560137936f,0.05662084743890074f,0.32185896773246714f,0.6497625611970428f,0f,0f,0f,1f], start_interpolation: 0, interpolation_duration: 1 }
$data merge entity $(bone_leg_left_2) { transformation: [0.4696431613101264f,0.4033485873193448f,0.8178064671074775f,-0.45918836197364216f,-0.40000523756727446f,0.9177963380593083f,-0.22295266597277302f,0.242257139534687f,-0.8194469540208646f,-0.2168455636002435f,0.5775351855891672f,0.6157933270482654f,0f,0f,0f,1f], start_interpolation: 0, interpolation_duration: 1 }
$data merge entity $(bone_leg_left_1) { transformation: [0.6712436310894351f,-0.6660080609024523f,0.3253694062674389f,-0.6707465489825023f,-0.0606290646033194f,0.3881521426179303f,0.9195988422711485f,0.3001413385458591f,-0.7387530739341779f,-0.6370017087842585f,0.22016520787521748f,0.4457758612568803f,0f,0f,0f,1f], start_interpolation: 0, interpolation_duration: 1 }
$data merge entity $(bone_leg_left_0) { transformation: [0.6486285304015739f,0.6857051695538331f,0.33028692071628185f,-0.35298414587194227f,-0.05904397291572695f,0.47798279922041753f,-0.8763824809475261f,0.552290556447145f,-0.7588114646019927f,0.5489452286854881f,0.35052003807488047f,0.5445437996054399f,0f,0f,0f,1f], start_interpolation: 0, interpolation_duration: 1 }
$data merge entity $(bone_leg_right_3) { transformation: [0.9959801885668247f,0.031501052880757954f,0.08385193885531886f,-0.15381005816823332f,-0.031038331524109973f,0.9994949508483922f,-0.006816539060941873f,0.041875006265684966f,-0.08402431766216187f,0.00418651358215949f,0.996454909740242f,0.03134829477037453f,0f,0f,0f,1f], start_interpolation: 0, interpolation_duration: 1 }
$data merge entity $(bone_leg_right_2) { transformation: [0.9957964923992679f,-0.04411810077873665f,0.24187835457040457f,-0.15816365589658354f,0.11639152497970955f,0.9734147719516649f,-0.3016270779619761f,0.2592743812524005f,-0.21657460178632854f,0.3202803060299831f,0.950041139599295f,0.13570168478824007f,0f,0f,0f,1f], start_interpolation: 0, interpolation_duration: 1 }
$data merge entity $(bone_leg_right_1) { transformation: [0.77860260275572f,-0.4306426533918426f,0.45642621754414126f,-0.28385658475994724f,-0.24684809208509828f,0.45852301395741163f,0.8537111133781486f,0.33364698522960895f,-0.576926344012791f,-0.7773696358560992f,0.2507038947303975f,-0.10027159562961638f,0f,0f,0f,1f], start_interpolation: 0, interpolation_duration: 1 }
$data merge entity $(bone_leg_right_0) { transformation: [0.762583945768403f,0.6415121501772938f,0.08323392836577226f,-0.1274237523456743f,-0.15265089106603213f,0.3034905609134123f,-0.9405270782349697f,0.5471216031155196f,-0.6286202598652382f,0.7045251170904892f,0.3293644307990658f,0.2226287528151716f,0f,0f,0f,1f], start_interpolation: 0, interpolation_duration: 1 }
$data merge entity $(bone_tail_4) { transformation: [2.7255820913203284f,0.3879673258036335f,-0.2152787708592794f,0.14354351299232623f,-0.3610237650983026f,2.7180859692283237f,0.32761537894055603f,0.07912422238415773f,0.25792525294772967f,-0.29521407417820683f,2.7334931033201726f,1.9153025720292618f,0f,0f,0f,1f], start_interpolation: 0, interpolation_duration: 1 }
$data merge entity $(bone_tail_3) { transformation: [2.065779393955616f,0.25991564443948584f,-0.030738889511769767f,0.14621221409344928f,-0.26138044768934504f,2.061347149205277f,-0.13591805646578708f,0.08199900188335313f,0.013464141952889136f,0.1386986455713469f,2.0776253099735253f,1.5616568211541388f,0f,0f,0f,1f], start_interpolation: 0, interpolation_duration: 1 }
$data merge entity $(bone_tail_2) { transformation: [1.9386705084717122f,0.23189716068579058f,-0.08095826981030288f,0.1627509004376231f,-0.2452975215597264f,1.8610474104672672f,-0.5432361704751536f,0.18324687705574855f,0.012635683656404849f,0.5490902638562472f,1.875397050397485f,1.2131646066123722f,0f,0f,0f,1f], start_interpolation: 0, interpolation_duration: 1 }
$data merge entity $(bone_tail_1) { transformation: [1.494878002103397f,0.1819064894078748f,0.14108875907973406f,0.1287383902629901f,-0.14111717509359034f,1.4564731109604836f,-0.38265946995036704f,0.24792186587117285f,-0.18188444606662083f,0.3650374722687981f,1.4564758638984185f,0.8954588119340673f,0f,0f,0f,1f], start_interpolation: 0, interpolation_duration: 1 }
$data merge entity $(bone_tail_0) { transformation: [1.2183656180865439f,0.22546737255628324f,0.31398312241454573f,0.0424261535813901f,-0.07097323283950512f,1.1510863057279055f,-0.5511794930601283f,0.4367670873841434f,-0.37997860133029976f,0.5079374934598515f,1.1097078362581836f,0.5834338266980805f,0f,0f,0f,1f], start_interpolation: 0, interpolation_duration: 1 }
$data merge entity $(bone_body_1) { transformation: [0.7094129210027489f,0.3054494210404818f,0.965421438417768f,-0.20259499357768115f,-0.016256942205982707f,1.1820589940726074f,-0.36204535823349115f,0.44131750000000003f,-1.0124591914742582f,0.19504302288044068f,0.6822676893135134f,0.41167861426797864f,0f,0f,0f,1f], start_interpolation: 0, interpolation_duration: 1 }