# This file was generated by Animated Java via MC-Build. It is not recommended to edit this file directly.
$data merge entity $(bone_head_lower) { transformation: [-0.3905783243287962f,0.42570394711222903f,0.8162259013150573f,-0.9798174920393676f,0.8127550749357365f,0.5758303643715804f,0.08859220978109932f,0.9057581920748996f,-0.43229360477656276f,0.6979939404326956f,-0.570899902249531f,0.359144104798499f,0f,0f,0f,1f], start_interpolation: 0, interpolation_duration: 1 }
$data merge entity $(bone_head_upper) { transformation: [-0.40655281505287555f,0.7208809747267874f,0.6312823230798135f,-0.9202375657006567f,0.8459964188526603f,0.5920583725080872f,-0.13125884890191716f,0.9102666885740939f,-0.4499742330895889f,0.46181105054290217f,-0.8171448376728602f,0.31304245267422687f,0f,0f,0f,1f], start_interpolation: 0, interpolation_duration: 1 }
$data merge entity $(bone_neck_0) { transformation: [-0.35211085800334857f,0.8407958981600056f,0.4111936299524286f,-0.9071829326983302f,0.6356823329817097f,0.537286966344949f,-0.5542839410724185f,0.8654990699312766f,-0.6869686420871599f,0.06621913192689075f,-0.7236636728175408f,0.2653961187908867f,0f,0f,0f,1f], start_interpolation: 0, interpolation_duration: 1 }
$data merge entity $(bone_neck_1) { transformation: [-0.26810306618505747f,0.7687257894785813f,0.5806732355574021f,-0.8544508646889974f,0.4300589716154785f,0.6348494638494722f,-0.6418842880014082f,0.8140477181300488f,-0.8620730983131348f,0.0776325887792588f,-0.5008025103014389f,0.22332921676783962f,0f,0f,0f,1f], start_interpolation: 0, interpolation_duration: 1 }
$data merge entity $(bone_neck_2) { transformation: [0.05427516295095308f,0.6974570121316431f,0.7145683472664096f,-0.785020778146454f,0.19845021729946777f,0.6938131856425355f,-0.6922721825137499f,0.760192347621157f,-0.9786070293741209f,0.17937942930268624f,-0.10075367190629365f,0.2162586761813256f,0f,0f,0f,1f], start_interpolation: 0, interpolation_duration: 1 }
$data merge entity $(bone_body_0) { transformation: [0.21438934170859364f,0.5472152470817147f,0.8090690227187379f,-0.39849667250043586f,0.10330266478182147f,0.8109803677010665f,-0.5758814137063443f,0.49650719862447057f,-0.971270183631069f,0.20704182322598708f,0.11733675393724091f,0.27353138046762654f,0f,0f,0f,1f], start_interpolation: 0, interpolation_duration: 1 }
$data merge entity $(bone_leg_left_3) { transformation: [0.3205668598820707f,0.0014840985151929886f,0.9472247282440137f,-0.563285849157756f,0.023795195668513187f,0.999670575397694f,-0.009619217595021795f,0.03666181753810438f,-0.9469269649811678f,0.025623000129578938f,0.32042594285718107f,0.6611191145439153f,0f,0f,0f,1f], start_interpolation: 0, interpolation_duration: 1 }
$data merge entity $(bone_leg_left_2) { transformation: [0.48782834864698094f,0.35810741021809406f,0.8281574635924881f,-0.45346095042518253f,-0.40729654493159395f,0.9274737316214583f,-0.16113410917508275f,0.24724296101833243f,-0.8051057236436963f,-0.25221768256756144f,0.5833122781641948f,0.6191054775321639f,0f,0f,0f,1f], start_interpolation: 0, interpolation_duration: 1 }
$data merge entity $(bone_leg_left_1) { transformation: [0.6727734992753719f,-0.6846130188451176f,0.28050103939298643f,-0.6677243414605745f,-0.05574524346599044f,0.331148497718728f,0.9419305389940105f,0.2883593972736384f,-0.7377454076466274f,-0.6493425035267628f,0.18462401417450316f,0.44760030678957763f,0f,0f,0f,1f], start_interpolation: 0, interpolation_duration: 1 }
$data merge entity $(bone_leg_left_0) { transformation: [0.6501299016358005f,0.6729812109935963f,0.3527426833381761f,-0.3566112445567384f,-0.055064906116388916f,0.5047529191094955f,-0.8615058599712693f,0.550271052824934f,-0.7578251560310052f,0.5406669772605273f,0.3652126128524957f,0.5420365508155705f,0f,0f,0f,1f], start_interpolation: 0, interpolation_duration: 1 }
$data merge entity $(bone_leg_right_3) { transformation: [0.9961580976266344f,0.01622884731539391f,0.086056197032507f,-0.14818146081781017f,-0.015167866384871664f,0.9998008566774101f,-0.012968531776829051f,0.04042033418956653f,-0.08624952383761156f,0.011613419045637452f,0.9962058763809091f,0.026024726050962732f,0f,0f,0f,1f], start_interpolation: 0, interpolation_duration: 1 }
$data merge entity $(bone_leg_right_2) { transformation: [0.9937262581007785f,-0.05682583455483351f,0.2476714517033915f,-0.15531496847258142f,0.1356733531206507f,0.9639520400494235f,-0.3231894262475916f,0.2549176735570129f,-0.21485591617341582f,0.345874960805773f,0.9414189536405037f,0.1360750624377337f,0f,0f,0f,1f], start_interpolation: 0, interpolation_duration: 1 }
$data merge entity $(bone_leg_right_1) { transformation: [0.78526092394071f,-0.4380108479036192f,0.43762058732483655f,-0.2818796207951479f,-0.23493743882741672f,0.44315009219996926f,0.8651140939901351f,0.3247463718698317f,-0.5728609614635964f,-0.7821537527250708f,0.24508330406025722f,-0.10081885334350968f,0f,0f,0f,1f], start_interpolation: 0, interpolation_duration: 1 }
$data merge entity $(bone_leg_right_0) { transformation: [0.7671995491513448f,0.6329125949353869f,0.10405046349790031f,-0.13105453148559643f,-0.14168468058671932f,0.32544120263131054f,-0.9348868781392353f,0.545105274573638f,-0.6255639879892483f,0.7025024347303295f,0.33935236278674485f,0.22011887425858026f,0f,0f,0f,1f], start_interpolation: 0, interpolation_duration: 1 }
$data merge entity $(bone_tail_4) { transformation: [2.7264423723422833f,0.33580672429518993f,-0.28179277104765493f,0.13036099756812838f,-0.3069794935495794f,2.72973090567164f,0.28283229087416734f,0.08063852445343321f,0.31294873771374354f,-0.24792006401100336f,2.7324458020286793f,1.9145680040347055f,0f,0f,0f,1f], start_interpolation: 0, interpolation_duration: 1 }
$data merge entity $(bone_tail_3) { transformation: [2.0701352637524555f,0.21247184740514236f,-0.07308371824996703f,0.14067409160744307f,-0.2177518209300256f,2.0641307606914974f,-0.16701459006099753f,0.08875888708140343f,0.05540451511070865f,0.17368201654699575f,2.074297573367418f,1.561144174565197f,0f,0f,0f,1f], start_interpolation: 0, interpolation_duration: 1 }
$data merge entity $(bone_tail_2) { transformation: [1.9427583584805674f,0.1798268606684627f,-0.11011873473116052f,0.16262427715196037f,-0.20435339544882877f,1.8572814336972594f,-0.5722929676439887f,0.1954377371877421f,0.051995435618917764f,0.5804669251803709f,1.8652422090573706f,1.2145762933879432f,0f,0f,0f,1f], start_interpolation: 0, interpolation_duration: 1 }
$data merge entity $(bone_tail_1) { transformation: [1.501364806504516f,0.14174223462068536f,0.11605648070828041f,0.13448320320923743f,-0.10480303198697377f,1.4504696406549666f,-0.4157046981026185f,0.26726238312572725f,-0.150254092376861f,0.40460253393050616f,1.44961261972329f,0.8978335315257953f,0f,0f,0f,1f], start_interpolation: 0, interpolation_duration: 1 }
$data merge entity $(bone_tail_0) { transformation: [1.2200037183809551f,0.19011103092605178f,0.33058197113712084f,0.042467185632430654f,-0.03891995268630848f,1.1643414243700034f,-0.5259562732423244f,0.44905666319051923f,-0.3793571944797752f,0.4919375570133804f,1.1171039681158457f,0.583261117691063f,0f,0f,0f,1f], start_interpolation: 0, interpolation_duration: 1 }
$data merge entity $(bone_body_1) { transformation: [0.7094013455555672f,0.2655458865025821f,0.9771589983936895f,-0.20259499357768115f,-0.016246956219632878f,1.195928530902215f,-0.31320213990954326f,0.44131750000000003f,-1.0124674623877046f,0.1668679903153313f,0.6896878326247132f,0.41167861426797864f,0f,0f,0f,1f], start_interpolation: 0, interpolation_duration: 1 }