# This file was generated by Animated Java via MC-Build. It is not recommended to edit this file directly.
$data merge entity $(bone_head_lower) { transformation: [-0.4274124248007338f,0.4417574731031067f,0.7887768721783839f,-0.99076149778804f,0.8064930672880701f,0.5805645352093838f,0.11186488668654f,0.8841922643157933f,-0.40851872850854354f,0.6839555215177883f,-0.6044148352275057f,0.3589342084582877f,0f,0f,0f,1f], start_interpolation: 0, interpolation_duration: 1 }
$data merge entity $(bone_head_upper) { transformation: [-0.4448934148865735f,0.6936741912062265f,0.6358914281765852f,-0.9314866550377838f,0.8394782977013743f,0.6103943032124762f,-0.07852977064569513f,0.8927454696199068f,-0.4252269742884061f,0.4792774286816037f,-0.82033353538508f,0.31301262107550054f,0f,0f,0f,1f], start_interpolation: 0, interpolation_duration: 1 }
$data merge entity $(bone_neck_0) { transformation: [-0.3808874255580196f,0.8167727509932075f,0.4333670987589755f,-0.9165990048168627f,0.6296043490476132f,0.5723551614031747f,-0.525364571393501f,0.8492805730342444f,-0.677143362008456f,0.07274505103533435f,-0.7322465601406069f,0.2647021989080834f,0f,0f,0f,1f], start_interpolation: 0, interpolation_duration: 1 }
$data merge entity $(bone_neck_1) { transformation: [-0.2922222046759093f,0.7426215258703821f,0.6025939365844101f,-0.8621302248007514f,0.42765663608059334f,0.6650591792163647f,-0.6122140881720103f,0.8004818489624204f,-0.8554039891832288f,0.07880074526297473f,-0.511932083225322f,0.22169785753363966f,0f,0f,0f,1f], start_interpolation: 0, interpolation_duration: 1 }
$data merge entity $(bone_neck_2) { transformation: [0.04068891673874228f,0.6756800513647931f,0.7360712467161707f,-0.791029533051171f,0.2039277373844964f,0.7155588894310805f,-0.6681234569160093f,0.7489549919624873f,-0.9781400155294063f,0.1772905636062702f,-0.10867458799693462f,0.21391293399000585f,0f,0f,0f,1f], start_interpolation: 0, interpolation_duration: 1 }
$data merge entity $(bone_body_0) { transformation: [0.21332687123289729f,0.5293010156951086f,0.821177252969241f,-0.3989695193407008f,0.10196259216011401f,0.823873414162174f,-0.5575268847658856f,0.4940430860098056f,-0.971645653419997f,0.20266482729099589f,0.12178543414192694f,0.27324058821669883f,0f,0f,0f,1f], start_interpolation: 0, interpolation_duration: 1 }
$data merge entity $(bone_leg_left_3) { transformation: [0.3199107860403332f,-0.005778454832926522f,0.9474300493623791f,-0.5593544943181892f,0.01877386208119991f,0.9998237264251997f,-0.0002412048588990856f,0.03703247396238801f,-0.9472616486893215f,0.01786408511432093f,0.3199628781365371f,0.6639171125566617f,0f,0f,0f,1f], start_interpolation: 0, interpolation_duration: 1 }
$data merge entity $(bone_leg_left_2) { transformation: [0.4924439705987157f,0.3467279374499905f,0.8302655434939721f,-0.45210982447862214f,-0.40890114518827747f,0.9293383183385474f,-0.14557590127521353f,0.24852657886849933f,-0.8014742595900259f,-0.2610981174961832f,0.5844048115435596f,0.6198728570063556f,0f,0f,0f,1f], start_interpolation: 0, interpolation_duration: 1 }
$data merge entity $(bone_leg_left_1) { transformation: [0.6731316305185955f,-0.6888200273993812f,0.26911108830535524f,-0.6669191803833596f,-0.05451282410545768f,0.3166913847605352f,0.9469608855842477f,0.2854241341966707f,-0.7375107863641209f,-0.6520993303722762f,0.17562546320111194f,0.44809131933026536f,0f,0f,0f,1f], start_interpolation: 0, interpolation_duration: 1 }
$data merge entity $(bone_leg_left_0) { transformation: [0.650484357478813f,0.6696952363321846f,0.35829930380808006f,-0.35750739298621736f,-0.05405880563641501f,0.5113709661955648f,-0.8576580789949916f,0.5497380016625091f,-0.7575933910802944f,0.5385239320273463f,0.3688417389955563f,0.5414176492131547f,0f,0f,0f,1f], start_interpolation: 0, interpolation_duration: 1 }
$data merge entity $(bone_leg_right_3) { transformation: [0.9961256813874575f,0.012770098408222907f,0.08700891602024305f,-0.14691364430580636f,-0.011464179649493957f,0.9998142643341955f,-0.015492237373450679f,0.04031194942309946f,-0.08719059275711769f,0.014434729665480983f,0.9960870640230939f,0.024248612031401995f,0f,0f,0f,1f], start_interpolation: 0, interpolation_duration: 1 }
$data merge entity $(bone_leg_right_2) { transformation: [0.9931419675597384f,-0.05937952230277449f,0.2494099117985495f,-0.15458778020744512f,0.14048374988189863f,0.9607192785094255f,-0.33067352996595184f,0.25381698169706013f,-0.21446572637926586f,0.3543370425627519f,0.9383559622963937f,0.1361761819052888f,0f,0f,0f,1f], start_interpolation: 0, interpolation_duration: 1 }
$data merge entity $(bone_leg_right_1) { transformation: [0.7868667832187994f,-0.43980820291045875f,0.4329080850706896f,-0.28135880257916424f,-0.23191466923778692f,0.43933401932537675f,0.8678716527550239f,0.32252292203169364f,-0.5718883209676753f,-0.7832971110096615f,0.24369937263910063f,-0.10093557931571959f,0f,0f,0f,1f], start_interpolation: 0, interpolation_duration: 1 }
$data merge entity $(bone_leg_right_0) { transformation: [0.7682970160935866f,0.6307027188750098f,0.1092418210456112f,-0.1319516000368831f,-0.13890703470655433f,0.3308808077372254f,-0.9333931255265348f,0.5445730171778755f,-0.6248396040350861f,0.7019486957569132f,0.3418237817274351f,0.21949931522373975f,0f,0f,0f,1f], start_interpolation: 0, interpolation_duration: 1 }
$data merge entity $(bone_tail_4) { transformation: [2.726376201947899f,0.32215157416973783f,-0.29791357859639006f,0.1272356227981336f,-0.29325288905115876f,2.732436851571521f,0.2710220043410913f,0.0808607856498945f,0.32639987762757544f,-0.23594182976715594f,2.731932631755554f,1.9141775384756723f,0f,0f,0f,1f], start_interpolation: 0, interpolation_duration: 1 }
$data merge entity $(bone_tail_3) { transformation: [2.0709730899399417f,0.20022067710045258f,-0.0832326092976172f,0.139389481035099f,-0.2066453264970232f,2.0645937519304005f,-0.17520238175132163f,0.09036496444309525f,0.06567873191522618f,0.18250985177746853f,2.0732394903200686f,1.5608467334923135f,0f,0f,0f,1f], start_interpolation: 0, interpolation_duration: 1 }
$data merge entity $(bone_tail_2) { transformation: [1.9435446326227424f,0.16654058434624053f,-0.11692890905040665f,0.16260308300987708f,-0.19393029157202168f,1.8560425172498898f,-0.5798888610537887f,0.1984632870521435f,0.061637472505742544f,0.5883402781801383f,1.86247964124626f,1.2148014108803653f,0f,0f,0f,1f], start_interpolation: 0, interpolation_duration: 1 }
$data merge entity $(bone_tail_1) { transformation: [1.5027412352336822f,0.13140361173737386f,0.1102638687454823f,0.1358335785162546f,-0.09554834121229093f,1.4486495722480555f,-0.424194744565637f,0.27212830304983293f,-0.14246243160892308f,0.4144921683794519f,1.447603864298577f,0.8983625762755492f,0f,0f,0f,1f], start_interpolation: 0, interpolation_duration: 1 }
$data merge entity $(bone_tail_0) { transformation: [1.2202448386458509f,0.18122888547020916f,0.33465555637612693f,0.04241282266167756f,-0.030897779144039572f,1.1674505306068443f,-0.5195577950659495f,0.45212782734890083f,-0.37931988820276136f,0.4879047716932586f,1.1188838513254273f,0.5831727209050915f,0f,0f,0f,1f], start_interpolation: 0, interpolation_duration: 1 }
$data merge entity $(bone_body_1) { transformation: [0.7093984516685283f,0.2554972466584785f,0.9798365112489332f,-0.20259499357768115f,-0.01624445973380116f,1.1990815506634125f,-0.30090554571631495f,0.44131750000000003f,-1.012469530086956f,0.15977855571012334f,0.691361597745301f,0.41167861426797864f,0f,0f,0f,1f], start_interpolation: 0, interpolation_duration: 1 }