# This file was generated by Animated Java via MC-Build. It is not recommended to edit this file directly.
$data merge entity $(bone_head_lower) { transformation: [-0.4838440471644977f,0.4417109070165981f,0.7555040785105354f,-1.0101270829714184f,0.7864050215640783f,0.5982405301523723f,0.15386815831032163f,0.8471039313870057f,-0.3840079166921966f,0.6685803935994401f,-0.6368187946442351f,0.35749668848362703f,0f,0f,0f,1f], start_interpolation: 0, interpolation_duration: 1 }
$data merge entity $(bone_head_upper) { transformation: [-0.5036330670918394f,0.6485220450663777f,0.6397224659007192f,-0.9516202525477815f,0.8185686592772902f,0.6429333990557488f,-0.007344182126572917f,0.861288649469722f,-0.3997136804816088f,0.4995275207884461f,-0.8210804906915653f,0.3119862384914492f,0f,0f,0f,1f], start_interpolation: 0, interpolation_duration: 1 }
$data merge entity $(bone_neck_0) { transformation: [-0.4240624535994283f,0.7752040967490219f,0.4682196534008002f,-0.9337902826646343f,0.6122099272344647f,0.6263646015790557f,-0.482562318135474f,0.819720372924742f,-0.6673605026092f,0.082012159295093f,-0.7402053534560202f,0.2630076021961927f,0f,0f,0f,1f], start_interpolation: 0, interpolation_duration: 1 }
$data merge entity $(bone_neck_1) { transformation: [-0.32561410537563973f,0.6971467170837803f,0.6387189595117159f,-0.876470735825383f,0.4165748468346457f,0.7122116481257951f,-0.5649955444590959f,0.775138904778995f,-0.8487878718296539f,0.08210373397870617f,-0.5223199455330425f,0.21913848899973204f,0f,0f,0f,1f], start_interpolation: 0, interpolation_duration: 1 }
$data merge entity $(bone_neck_2) { transformation: [0.023287115706175365f,0.6342052825760094f,0.772813929607102f,-0.802557173392608f,0.20983305235303853f,0.7527038030271868f,-0.6240248993819214f,0.7278390840779064f,-0.9774598714946275f,0.1766936457858456f,-0.1155489297077731f,0.21074547736613036f,0f,0f,0f,1f], start_interpolation: 0, interpolation_duration: 1 }
$data merge entity $(bone_body_0) { transformation: [0.21189775737489525f,0.4901869952942615f,0.845467947390008f,-0.3994216564285781f,0.10570387789539508f,0.8485423175149167f,-0.5184617879692676f,0.491573413891922f,-0.9715585574824428f,0.1992301308306499f,0.1279895478226119f,0.2729643873279485f,0f,0f,0f,1f], start_interpolation: 0, interpolation_duration: 1 }
$data merge entity $(bone_leg_left_3) { transformation: [0.31932226433173794f,-0.013043531816086307f,0.9475564140354988f,-0.5554446314127907f,0.013740013191124383f,0.9998638886789013f,0.009133244407838734f,0.03746713963507467f,-0.9475465706441868f,0.010102989343176078f,0.3194580192556955f,0.6666975844919163f,0f,0f,0f,1f], start_interpolation: 0, interpolation_duration: 1 }
$data merge entity $(bone_leg_left_2) { transformation: [0.497085167762935f,0.33532637500107265f,0.8321807241936263f,-0.45079126131128355f,-0.4104173361015531f,0.9309801700039619f,-0.129983586607667f,0.2498234779581461f,-0.7978258868437983f,-0.26998952718342273f,0.5853560531794921f,0.6206158118867982f,0f,0f,0f,1f], start_interpolation: 0, interpolation_duration: 1 }
$data merge entity $(bone_leg_left_1) { transformation: [0.673479950138866f,-0.6928472768035288f,0.2576575397439094f,-0.6660941787656295f,-0.05327605562704169f,0.302158622441471f,0.9517677388843859f,0.28249336742248277f,-0.7372831333061773f,-0.6547234667477608f,0.16658560391588123f,0.44859628474583463f,0f,0f,0f,1f], start_interpolation: 0, interpolation_duration: 1 }
$data merge entity $(bone_leg_left_0) { transformation: [0.6508303818832137f,0.6663676464405566f,0.3638323429754745f,-0.35839910107244555f,-0.05304838267929725f,0.5179584343513037f,-0.8537592924117764f,0.5491937909445427f,-0.7573676010451336f,0.5363517689554306f,0.37245281154197185f,0.5408020428143655f,0f,0f,0f,1f], start_interpolation: 0, interpolation_duration: 1 }
$data merge entity $(bone_leg_right_3) { transformation: [0.9960696097882067f,0.009392930847067535f,0.08807443049189695f,-0.14566768908914093f,-0.007809811131376257f,0.9998019986297633f,-0.01830219620764928f,0.04022452684675262f,-0.08822890289730442f,0.017542416767175106f,0.9959457436565029f,0.02240011119139916f,0f,0f,0f,1f], start_interpolation: 0, interpolation_duration: 1 }
$data merge entity $(bone_leg_right_2) { transformation: [0.9925324228749849f,-0.06176906567599681f,0.25124922202490696f,-0.15384103552272174f,0.1453006793944109f,0.9572122893558135f,-0.3386658311291819f,0.2526576142565559f,-0.2140777933605659f,0.36330622776441807f,0.9350088142676269f,0.1363143414158587f,0f,0f,0f,1f], start_interpolation: 0, interpolation_duration: 1 }
$data merge entity $(bone_leg_right_1) { transformation: [0.7884594518846316f,-0.44158278027198145f,0.4281779313568756f,-0.2808115665012218f,-0.22886607174680107f,0.4355223434389094f,0.8705978460625026f,0.32024416902231034f,-0.5709220734364491f,-0.7844265016767011f,0.24232839191947356f,-0.10101228485624564f,0f,0f,0f,1f], start_interpolation: 0, interpolation_duration: 1 }
$data merge entity $(bone_leg_right_0) { transformation: [0.7693714241929845f,0.6284505139783945f,0.11453193055017619f,-0.13284422824812958f,-0.1361157029834214f,0.3364553793648676f,-0.93181022375684f,0.5440296002252036f,-0.6241314981929589f,0.7013185646884978f,0.34440113789980076f,0.218883051396228f,0f,0f,0f,1f], start_interpolation: 0, interpolation_duration: 1 }
$data merge entity $(bone_tail_4) { transformation: [2.7261983493766517f,0.30825396830122015f,-0.3138206215062506f,0.12418204025600876f,-0.2794443363314797f,2.7350515972049205f,0.2589690234739884f,0.08102190953675101f,0.33972747070008663f,-0.22390529974380405f,2.7313207416922602f,1.9137051326286083f,0f,0f,0f,1f], start_interpolation: 0, interpolation_duration: 1 }
$data merge entity $(bone_tail_3) { transformation: [2.0717104198737064f,0.18781744970863215f,-0.09319907626205208f,0.13814721830540644f,-0.1954626069031218f,2.064957239430921f,-0.18355243029965373f,0.09193839098443668f,0.07586719669125884f,0.19136805102006668f,2.0720926532275135f,1.5604821044019415f,0f,0f,0f,1f], start_interpolation: 0, interpolation_duration: 1 }
$data merge entity $(bone_tail_2) { transformation: [1.9442365941176558f,0.1531520440313726f,-0.1235410559513154f,0.1625873297728672f,-0.1834356527230531f,1.854679475181696f,-0.5876132066696529f,0.20148008844087223f,0.07119903374780505f,0.5962234235180106f,1.8596295872685558f,1.2149755466653893f,0f,0f,0f,1f], start_interpolation: 0, interpolation_duration: 1 }
$data merge entity $(bone_tail_1) { transformation: [1.5040186952234817f,0.12095252779712448f,0.10466374939653814f,0.13714944173768362f,-0.08622634445669562f,1.4466961657891817f,-0.43277184683446807f,0.2770057735540894f,-0.13471834299712404f,0.42437829811427297f,1.445479255523836f,0.8988656579568632f,0f,0f,0f,1f], start_interpolation: 0, interpolation_duration: 1 }
$data merge entity $(bone_tail_0) { transformation: [1.2204185345556626f,0.17233073375507185f,0.33869814776652546f,0.042332618468714084f,-0.022873752966613845f,1.1704775231668845f,-0.5131226712691278f,0.45519785183612127f,-0.379329814966157f,0.4838596930398124f,1.1206357149016746f,0.5830662523787455f,0f,0f,0f,1f], start_interpolation: 0, interpolation_duration: 1 }
$data merge entity $(bone_body_1) { transformation: [0.7093955577713921f,0.24542161925857336f,0.98241069134602f,-0.20259499357768115f,-0.016241963252271892f,1.2021081398033722f,-0.28857722346789255f,0.44131750000000003f,-1.0124715977745633f,0.152672342207834f,0.6929624915396553f,0.41167861426797864f,0f,0f,0f,1f], start_interpolation: 0, interpolation_duration: 1 }