# This file was generated by Animated Java via MC-Build. It is not recommended to edit this file directly.
$data merge entity $(bone_head_lower) { transformation: [-0.8142445315093151f,-0.5753759635207081f,-0.07712550492407161f,0.3024715956094357f,-0.5791592814798266f,0.7960342514165063f,0.17579532771815398f,0.8637366453393767f,-0.039753862490917974f,0.18780833627498894f,-0.9814008657234176f,0.12214561080770384f,0f,0f,0f,1f], start_interpolation: 0, interpolation_duration: 1 }
$data merge entity $(bone_head_upper) { transformation: [-0.8475467935794914f,-0.47853010977150245f,-0.3689787383016861f,0.26602680358625364f,-0.6028466547759843f,0.6260888377341954f,0.5727657642296337f,0.9170931266729476f,-0.04137977890268715f,0.6800688523158703f,-0.7869345669058174f,0.08315433581080023f,0f,0f,0f,1f], start_interpolation: 0, interpolation_duration: 1 }
$data merge entity $(bone_neck_0) { transformation: [-0.860344309589491f,-0.5003274519166444f,0.09736585549143975f,0.2807219137769248f,-0.5096427157214324f,0.8412056176249649f,-0.1806582718512616f,0.8919217579487165f,0.008483588218746507f,-0.20505011517870225f,-0.9787147076631348f,0.02319441430209808f,0f,0f,0f,1f], start_interpolation: 0, interpolation_duration: 1 }
$data merge entity $(bone_neck_1) { transformation: [-0.8641811497167364f,-0.5003274519166444f,-0.05351057215969232f,0.27388391995869077f,-0.4705291180212349f,0.8412056176249649f,-0.26641219561116175f,0.8732284774500798f,0.17830672889271043f,-0.20505011517870225f,-0.96237267245947f,-0.0592758224459089f,0f,0f,0f,1f], start_interpolation: 0, interpolation_duration: 1 }
$data merge entity $(bone_neck_2) { transformation: [-0.8441382284616594f,-0.49375980124768376f,-0.2088825266063662f,0.2507500269549329f,-0.44143187673544637f,0.8612239290685075f,-0.2518555979159962f,0.8595959586861905f,0.3042508002478106f,-0.1203935325158711f,-0.9449533575139657f,-0.14323955164360191f,0f,0f,0f,1f], start_interpolation: 0, interpolation_duration: 1 }
$data merge entity $(bone_body_0) { transformation: [-0.7571029118330727f,-0.5663143895681444f,-0.3257041495927597f,0.09185203018880277f,-0.2756967774432314f,0.7289511019983217f,-0.6265952264443527f,0.5712281486304778f,0.5922722919412151f,-0.3846014860391111f,-0.7080220541305247f,-0.48059150057899525f,0f,0f,0f,1f], start_interpolation: 0, interpolation_duration: 1 }
$data merge entity $(bone_leg_left_3) { transformation: [-0.47766998360499735f,0.029154550764720816f,-0.878055464610584f,0.23398342179535359f,-0.12409848924051214f,0.987188792671897f,0.10028884579664978f,0.04587463444225312f,0.8697303902537982f,0.15687032795499933f,-0.4679324187062347f,-0.9755690327979202f,0f,0f,0f,1f], start_interpolation: 0, interpolation_duration: 1 }
$data merge entity $(bone_leg_left_2) { transformation: [-0.6204093882649478f,-0.389181868619133f,-0.718116887137134f,0.12011017528046292f,-0.45387856280751826f,0.9140034784982909f,-0.10321865634418861f,0.2550334620498396f,0.6790792594956712f,0.25533764691450805f,-0.7250629247807857f,-0.9374043812471142f,0f,0f,0f,1f], start_interpolation: 0, interpolation_duration: 1 }
$data merge entity $(bone_leg_left_1) { transformation: [-0.76989662414252f,0.6100112490019522f,-0.18747123572705623f,0.31110691256377954f,-0.08260752020450862f,0.19603104087437184f,0.9771119836637823f,0.25811179483636376f,0.6327994830430989f,0.7677617515250345f,-0.10053212001941703f,-0.736098256466598f,0f,0f,0f,1f], start_interpolation: 0, interpolation_duration: 1 }
$data merge entity $(bone_leg_left_0) { transformation: [-0.7511846345322387f,-0.4301531127246472f,-0.5006894690883401f,0.09562960975425959f,-0.09478369556517625f,0.8209441580122429f,-0.563086796578092f,0.6152589030493903f,0.6532516329085407f,-0.3755249512866843f,-0.6574521389907092f,-0.7540636018142435f,0f,0f,0f,1f], start_interpolation: 0, interpolation_duration: 1 }
$data merge entity $(bone_leg_right_3) { transformation: [-0.9906620487759378f,-0.018371049003815122f,-0.13509703798959122f,-0.21128596133917166f,-0.013550772694424923f,0.9992412802890295f,-0.036513563585672704f,0.04451551999543785f,0.13566532966991124f,-0.03434193245640571f,-0.9901593558618301f,-0.2592838237621591f,0f,0f,0f,1f], start_interpolation: 0, interpolation_duration: 1 }
$data merge entity $(bone_leg_right_2) { transformation: [-1.011550919813242f,0.11237955090014531f,-0.1272704705152002f,-0.18745438066084952f,0.15208069328506588f,0.9415655972928313f,-0.3773431968715242f,0.25209556399451516f,0.07548773977019356f,-0.3910080076350992f,-0.945238879125437f,-0.37975644787954665f,0f,0f,0f,1f], start_interpolation: 0, interpolation_duration: 1 }
$data merge entity $(bone_leg_right_1) { transformation: [-0.8280850432877159f,0.33887271348466813f,-0.4465875559604407f,-0.08819975610478162f,-0.17790195197532024f,0.5965965033142566f,0.7825749214717866f,0.36912432256305355f,0.5316258614538544f,0.7274873856560953f,-0.43374652407219016f,-0.1485289087932467f,0f,0f,0f,1f], start_interpolation: 0, interpolation_duration: 1 }
$data merge entity $(bone_leg_right_0) { transformation: [-0.8591295557322087f,-0.5076844745933287f,-0.06444284851147986f,-0.1823913038901741f,-0.15527429058645115f,0.37858466732624696f,-0.9124492009686617f,0.6101026499077525f,0.4876333675521519f,-0.773905759070425f,-0.40408362368125905f,-0.476194403834144f,0f,0f,0f,1f], start_interpolation: 0, interpolation_duration: 1 }
$data merge entity $(bone_tail_4) { transformation: [-0.023205197192770245f,-0.040836077527322524f,2.7610605326930857f,-0.2817271772703761f,2.623256401699455f,0.8619608232283181f,0.03479542732002022f,0.9550123230246912f,-0.8623506835192208f,2.6231693208010323f,0.03154908306417282f,-1.8038075435514427f,0f,0f,0f,1f], start_interpolation: 0, interpolation_duration: 1 }
$data merge entity $(bone_tail_3) { transformation: [-0.9587071876814252f,0.3281985105382412f,1.8190964218569878f,-0.593390387378633f,1.6614823415803042f,1.0511057283215204f,0.6860019697864991f,0.8284058448163654f,-0.8101249798328926f,1.7673166132910687f,-0.7458116595230928f,-1.6946400274330164f,0f,0f,0f,1f], start_interpolation: 0, interpolation_duration: 1 }
$data merge entity $(bone_tail_2) { transformation: [-1.7769753757441233f,0.6834631700375722f,0.44046621232961913f,-0.6764234377313276f,0.8122030155226924f,1.4422897752092914f,1.038701276068029f,0.6362573227345889f,0.0381922842685941f,1.1275868811456178f,-1.5955760871526699f,-1.3977293641350195f,0f,0f,0f,1f], start_interpolation: 0, interpolation_duration: 1 }
$data merge entity $(bone_tail_1) { transformation: [-1.0717219227049264f,0.6235058053575339f,-0.8662037180012039f,-0.4966238832163027f,0.2899567264166037f,1.3514831273851178f,0.6140640872084182f,0.4873200807146816f,1.0271287490862198f,0.2690541155210129f,-1.0771595358728363f,-1.1702068484700192f,0f,0f,0f,1f], start_interpolation: 0, interpolation_duration: 1 }
$data merge entity $(bone_tail_0) { transformation: [-1.052208904682314f,0.16602821507106325f,-0.7064890439996856f,-0.28616480764351687f,0.15010186856200328f,1.267198896105274f,0.07424354078165922f,0.4962041591975833f,0.7100433553984348f,-0.021847336082909542f,-1.0626367412924518f,-0.8602069098259295f,0f,0f,0f,1f], start_interpolation: 0, interpolation_duration: 1 }
$data merge entity $(bone_body_1) { transformation: [-0.8744071836591376f,-0.2754316500171655f,-0.8295505279308591f,-0.07475365382372463f,-0.016216998673629735f,1.1782909606548193f,-0.37412834168158476f,0.5038175f,0.8739300207542735f,-0.2537171915030883f,-0.8369459364955845f,-0.6485390499854671f,0f,0f,0f,1f], start_interpolation: 0, interpolation_duration: 1 }