# This file was generated by Animated Java via MC-Build. It is not recommended to edit this file directly.
$data merge entity $(bone_head_lower) { transformation: [-0.8184326208887882f,0.2883007853675648f,0.4970419521746172f,-1.0924747142926836f,0.5072316982904296f,0.7689126360806804f,0.38921634385630033f,0.5535737869394052f,-0.2699704600776086f,0.5706627859181851f,-0.7755384809624728f,0.33606521374188963f,0f,0f,0f,1f], start_interpolation: 0, interpolation_duration: 1 }
$data merge entity $(bone_head_upper) { transformation: [-0.8519061740695477f,0.287260901903122f,0.5246036479128768f,-1.050124009307331f,0.5279772634039672f,0.7901416792747933f,0.42472117746207916f,0.6007592677658565f,-0.28101213940709113f,0.6137012656774645f,-0.7923855605670983f,0.29513350624981105f,0f,0f,0f,1f], start_interpolation: 0, interpolation_duration: 1 }
$data merge entity $(bone_neck_0) { transformation: [-0.6741239389774263f,0.3918705411349382f,0.6260945566670979f,-1.0157825286880453f,0.3897129480176485f,0.908772021226012f,-0.14918857725771908f,0.5762354547834239f,-0.6274398242420962f,0.14342556406512558f,-0.7653419984083245f,0.24351973328198034f,0f,0f,0f,1f], start_interpolation: 0, interpolation_duration: 1 }
$data merge entity $(bone_neck_1) { transformation: [-0.5090451584383717f,0.29543436710237503f,0.8084500982777304f,-0.945935165256437f,0.25445799274204245f,0.9489212919231483f,-0.18654627218090922f,0.564804098886607f,-0.8222676915701744f,0.11075611256143952f,-0.5582194254324496f,0.19674146088394956f,0f,0f,0f,1f], start_interpolation: 0, interpolation_duration: 1 }
$data merge entity $(bone_neck_2) { transformation: [-0.08193360141645642f,0.26456088230973557f,0.9608821074983254f,-0.8591644696354136f,0.20860588011812325f,0.9473201820088548f,-0.24303921399406586f,0.5527868976036023f,-0.9745616818545004f,0.18053257963648656f,-0.1328063099055282f,0.1868741588764045f,0f,0f,0f,1f], start_interpolation: 0, interpolation_duration: 1 }
$data merge entity $(bone_body_0) { transformation: [0.2040183571853037f,0.14304245189116516f,0.9684603073375663f,-0.4013701003560429f,0.15318392603255335f,0.9724170574791872f,-0.17589699010719984f,0.47915079377360303f,-0.9669080590917954f,0.1842387670401721f,0.17647912619585937f,0.2718032138103062f,0f,0f,0f,1f], start_interpolation: 0, interpolation_duration: 1 }
$data merge entity $(bone_leg_left_3) { transformation: [0.31739850627742694f,-0.049370472031134954f,0.9470062009851262f,-0.536243776190626f,-0.011569465044641266f,0.9983678975027342f,0.05592574286097175f,0.040578873927871906f,-0.9482216701233097f,-0.028707102385883754f,0.31630928943230147f,0.6803189398508028f,0f,0f,0f,1f], start_interpolation: 0, interpolation_duration: 1 }
$data merge entity $(bone_leg_left_2) { transformation: [0.5206363666059386f,0.27808533014875175f,0.838849523111339f,-0.4446905779585025f,-0.4166545391086128f,0.9358389709219659f,-0.05163927811850619f,0.25647930547582365f,-0.7793580488506232f,-0.3145412042331983f,0.5879855967895584f,0.623962151289944f,0f,0f,0f,1f], start_interpolation: 0, interpolation_duration: 1 }
$data merge entity $(bone_leg_left_1) { transformation: [0.6750731142531182f,-0.7102551229866937f,0.1995343345987175f,-0.6616717552458024f,-0.0470311591366513f,0.22848132821768252f,0.9724116169226626f,0.2679141316217275f,-0.7362502023652415f,-0.6658332696156302f,0.12083748007179085f,0.4513301753590756f,0f,0f,0f,1f], start_interpolation: 0, interpolation_duration: 1 }
$data merge entity $(bone_leg_left_0) { transformation: [0.6524327765538435f,0.6491123349874406f,0.3911325205673839f,-0.36278775926700124f,-0.04793516749562626f,0.5504235196683649f,-0.8335083495161013f,0.5463073917256782f,-0.756329089613383f,0.5250591638692174f,0.3902296537188703f,0.5377756971684271f,0f,0f,0f,1f], start_interpolation: 0, interpolation_duration: 1 }
$data merge entity $(bone_leg_right_3) { transformation: [0.995530798005427f,-0.007333229040249772f,0.09415229139283149f,-0.13908189606462779f,0.01065211701388779f,0.999337660330012f,-0.03479616428947546f,0.038633874465018425f,-0.09383476235276483f,0.035643574427671465f,0.9949495328790398f,0.013904857397656206f,0f,0f,0f,1f], start_interpolation: 0, interpolation_duration: 1 }
$data merge entity $(bone_leg_right_2) { transformation: [0.9891171747721534f,-0.07285010458067169f,0.26153828846658866f,-0.14951493999706428f,0.16967757891381352f,0.9372177793958633f,-0.3806501710218036f,0.24507094868518578f,-0.21194087214455348f,0.41033875730616387f,0.9158413456858856f,0.1381866261641837f,0f,0f,0f,1f], start_interpolation: 0, interpolation_duration: 1 }
$data merge entity $(bone_leg_right_1) { transformation: [0.7963944437938484f,-0.45002373472240037f,0.40402293014232404f,-0.27733949351350934f,-0.2130809985837258f,0.41642042330566736f,0.88384982836254f,0.3070796428371955f,-0.5659968002885254f,-0.7899827018615226f,0.23574340462188909f,-0.10020211314128269f,0f,0f,0f,1f], start_interpolation: 0, interpolation_duration: 1 }
$data merge entity $(bone_leg_right_0) { transformation: [0.7743896407608446f,0.616056537673307f,0.14420480807610736f,-0.13723748711593298f,-0.12196768934983085f,0.3689922575078114f,-0.9213949189429862f,0.5411471698122912f,-0.6208418212692771f,0.6959303530449479f,0.36088277414387737f,0.21585341866221125f,0f,0f,0f,1f], start_interpolation: 0, interpolation_duration: 1 }
$data merge entity $(bone_tail_4) { transformation: [2.7236499036431887f,0.2352014321840635f,-0.38996515265214865f,0.11005337715763099f,-0.20924515824549444f,2.7465983801030407f,0.19512850577547666f,0.08093898966940272f,0.4044860909045774f,-0.16290781538624083f,2.726813777570961f,1.910128546439336f,0f,0f,0f,1f], start_interpolation: 0, interpolation_duration: 1 }
$data merge entity $(bone_tail_3) { transformation: [2.073890584886922f,0.12359828920815602f,-0.14016715330861196f,0.1326110403114596f,-0.13846633243056264f,2.065172576308375f,-0.22767263975168908f,0.09933452097590904f,0.12550076790622353f,0.23607460476105968f,2.0650578355790183f,1.5576608745944485f,0f,0f,0f,1f], start_interpolation: 0, interpolation_duration: 1 }
$data merge entity $(bone_tail_2) { transformation: [1.946282612016319f,0.0847726733901531f,-0.15353000687812102f,0.16261127410523565f,-0.12994639983573167f,1.845914989883465f,-0.6280809329187096f,0.21643654718100075f,0.11777861578165018f,0.6357557069917585f,1.8441032383504843f,1.2150844810701407f,0f,0f,0f,1f], start_interpolation: 0, interpolation_duration: 1 }
$data merge entity $(bone_tail_1) { transformation: [1.5089083934777838f,0.06713244741732867f,0.07965516051112184f,0.14320817877981817f,-0.03866248795587465f,1.4348341537593f,-0.4768777759876171f,0.3015528958279553f,-0.09673118482348318f,0.4737092311846937f,1.4331430117657662f,0.9009899028239841f,0f,0f,0f,1f], start_interpolation: 0, interpolation_duration: 1 }
$data merge entity $(bone_tail_0) { transformation: [1.2202752398309298f,0.12762122196621994f,0.35843671595337856f,0.04154436695717231f,0.017244596991597427f,1.1843771796548226f,-0.48040507571372826f,0.47051955573214854f,-0.3800877260767462f,0.4634643854718119f,1.128968467437896f,0.582263298180927f,0f,0f,0f,1f], start_interpolation: 0, interpolation_duration: 1 }
$data merge entity $(bone_body_1) { transformation: [0.7093810881342532f,0.19467595235512197f,0.9937224665007525f,-0.20259499357768115f,-0.016229480909164772f,1.2153339250642448f,-0.2265052970541876f,0.44131750000000003f,-1.0124819360379385f,0.11691586384581419f,0.6998682769166672f,0.41167861426797864f,0f,0f,0f,1f], start_interpolation: 0, interpolation_duration: 1 }