# This file was generated by Animated Java via MC-Build. It is not recommended to edit this file directly.
$data merge entity $(bone_head_lower) { transformation: [-0.909981269476754f,0.1796616168172715f,0.3737054891810915f,-1.0907512945841231f,0.3426431938686033f,0.8333688277131199f,0.43369579049327056f,0.4264107029278458f,-0.23351601850193837f,0.5227026883790284f,-0.8199098539866063f,0.32719581251447233f,0f,0f,0f,1f], start_interpolation: 0, interpolation_duration: 1 }
$data merge entity $(bone_head_upper) { transformation: [-0.947199124239491f,0.134603661560498f,0.4100824501462541f,-1.0597528389006252f,0.35665715772983175f,0.8010633244549024f,0.5608610921046715f,0.4831733708009569f,-0.24306672636032664f,0.6508850490611022f,-0.7750736494222387f,0.28830427393649943f,0f,0f,0f,1f], start_interpolation: 0, interpolation_duration: 1 }
$data merge entity $(bone_neck_0) { transformation: [-0.7436822033076238f,0.20560224689640555f,0.6361324520527679f,-1.0217163294619434f,0.2601049724554108f,0.9655472796887336f,-0.0079908691427448f,0.46689997704958514f,-0.6158588992516772f,0.15951854674875876f,-0.7715384951223602f,0.23602486250302238f,0f,0f,0f,1f], start_interpolation: 0, interpolation_duration: 1 }
$data merge entity $(bone_neck_1) { transformation: [-0.558780007242307f,0.10582959016756216f,0.8225357143317563f,-0.9515492149835899f,0.155926807975541f,0.9875425244670875f,-0.021132745295650547f,0.46965924112316587f,-0.8145254655692759f,0.1164468128122788f,-0.568320689157993f,0.18841709683306976f,0f,0f,0f,1f], start_interpolation: 0, interpolation_duration: 1 }
$data merge entity $(bone_neck_2) { transformation: [-0.12223237376397197f,0.09063638076072132f,0.9883543358971123f,-0.8640745756860981f,0.18705577617341695f,0.9800792804318792f,-0.06674384367333391f,0.47340756854353266f,-0.97471502676638f,0.17671912898927336f,-0.1367514754768203f,0.17816683266749483f,0f,0f,0f,1f], start_interpolation: 0, interpolation_duration: 1 }
$data merge entity $(bone_body_0) { transformation: [0.194614109901748f,-0.0159719012187004f,0.9807498389490615f,-0.40200300672528616f,0.17316173677850966f,0.9847229168711921f,-0.01832457106023208f,0.4741519836068309f,-0.9654741638920228f,0.17339456554388155f,0.19440669612142492f,0.27144177950442433f,0f,0f,0f,1f], start_interpolation: 0, interpolation_duration: 1 }
$data merge entity $(bone_leg_left_3) { transformation: [0.31710669775296385f,-0.06388256698533216f,0.9462358901857268f,-0.5287395758751283f,-0.02173326121575317f,0.9969773122552221f,0.07459158267044484f,0.042249337583766255f,-0.9481408163332796f,-0.04421828223391921f,0.31475980670845405f,0.6856269657392648f,0f,0f,0f,1f], start_interpolation: 0, interpolation_duration: 1 }
$data merge entity $(bone_leg_left_2) { transformation: [0.5301971776243991f,0.25513251276238486f,0.8401550769181646f,-0.4424814661548061f,-0.41851381608749044f,0.9362161460417203f,-0.020191907670383844f,0.25920666826635597f,-0.7718803910475389f,-0.332368663268718f,0.5880424585809754f,0.6251279803215084f,0f,0f,0f,1f], start_interpolation: 0, interpolation_duration: 1 }
$data merge entity $(bone_leg_left_1) { transformation: [0.675640479949797f,-0.7159297706160442f,0.17593892519526783f,-0.6597641552807413f,-0.04450695714797438f,0.19860277909611873f,0.9790689796437875f,0.262121073706742f,-0.7358865895086252f,-0.6693291415148133f,0.10232022136609764f,0.45252112962636104f,0f,0f,0f,1f], start_interpolation: 0, interpolation_duration: 1 }
$data merge entity $(bone_leg_left_0) { transformation: [0.6530134963654424f,0.641925872716612f,0.40187628382575175f,-0.36450888386819924f,-0.045863378658462586f,0.5631820106278809f,-0.8250591332766204f,0.5450768115447688f,-0.7559562977200537f,0.5203433451502512f,0.3972063432212984f,0.5365904682231228f,0f,0f,0f,1f], start_interpolation: 0, interpolation_duration: 1 }
$data merge entity $(bone_leg_right_3) { transformation: [0.9952378490159528f,-0.014509000869325495f,0.09639041850657837f,-0.1358681404028587f,0.018589280380550938f,0.998962711480607f,-0.0415684943947488f,0.036652383586031095f,-0.0956873165107722f,0.043162367463878915f,0.9944752121063047f,0.011821496805684478f,0f,0f,0f,1f], start_interpolation: 0, interpolation_duration: 1 }
$data merge entity $(bone_leg_right_2) { transformation: [0.98757851777188f,-0.07778991263225798f,0.26589396425804074f,-0.14731564948918047f,0.17967421826580798f,0.9291690298069366f,-0.39550510595806554f,0.24073871336730407f,-0.21087447931592235f,0.4273825488259851f,0.9082611466053895f,0.13984023214603875f,0f,0f,0f,1f], start_interpolation: 0, interpolation_duration: 1 }
$data merge entity $(bone_leg_right_1) { transformation: [0.7996399909354881f,-0.453150383861465f,0.3939931655535402f,-0.27539303766695916f,-0.20642133023357534f,0.4087032238269362f,0.8890173841146587f,0.3005094492621539f,-0.5638848457985847f,-0.792222446311436f,0.233275537163737f,-0.09898402840533893f,0f,0f,0f,1f], start_interpolation: 0, interpolation_duration: 1 }
$data merge entity $(bone_leg_right_0) { transformation: [0.7762278311473718f,0.6102121018924945f,0.15846622623193574f,-0.138960452008903f,-0.1162269414360094f,0.38555202239180975f,-0.9153365152303367f,0.5399181771441861f,-0.6196463929021757f,0.6920916331913928f,0.37019929636588067f,0.21466687490759168f,0f,0f,0f,1f], start_interpolation: 0, interpolation_duration: 1 }
$data merge entity $(bone_tail_4) { transformation: [2.7218655143838357f,0.20436003649389903f,-0.41874387003540614f,0.10496574930952965f,-0.18066380179684396f,2.7504200477181757f,0.16796274417339105f,0.08050818788422665f,0.4294997601027595f,-0.13815885130586977f,2.7243537618080205f,1.9081391456408827f,0f,0f,0f,1f], start_interpolation: 0, interpolation_duration: 1 }
$data merge entity $(bone_tail_3) { transformation: [2.0740608193276766f,0.09692719206053436f,-0.1575511447546804f,0.13073209262648022f,-0.1151945921591812f,2.064453451110784f,-0.24638928584355654f,0.1020844079152053f,0.14473233816784006f,0.2541310561117594f,2.0616535796909323f,1.5560720132413737f,0f,0f,0f,1f], start_interpolation: 0, interpolation_duration: 1 }
$data merge entity $(bone_tail_2) { transformation: [1.9464423718100232f,0.0568049091360175f,-0.1640401491202533f,0.1626796020307879f,-0.108106586408921f,1.8414543489839073f,-0.6450834997006525f,0.2223622620675813f,0.13582685375269785f,0.6516079787027473f,1.8373165167965315f,1.2147743742039756f,0f,0f,0f,1f], start_interpolation: 0, interpolation_duration: 1 }
$data merge entity $(bone_tail_1) { transformation: [1.5101592822411734f,0.044942549632770855f,0.07110105128146961f,0.1453873090861753f,-0.01922169037955635f,1.429063095872336f,-0.4950408514806907f,0.3114390739438591f,-0.08188845388561622f,0.49337114350991446f,1.4274226584554213f,0.9016562252737292f,0f,0f,0f,1f], start_interpolation: 0, interpolation_duration: 1 }
$data merge entity $(bone_tail_0) { transformation: [1.219745840945737f,0.10964672079852111f,0.36610571792548624f,0.041048679911149966f,0.03327533724301247f,1.189358938952807f,-0.4670693555013479f,0.4766289451771054f,-0.3807210947806389f,0.4552346950038099f,1.13209917279267f,0.5818161586707451f,0f,0f,0f,1f], start_interpolation: 0, interpolation_duration: 1 }
$data merge entity $(bone_body_1) { transformation: [0.7093753002087174f,0.17422616264417082f,0.9975151742005375f,-0.20259499357768115f,-0.01622448800204159f,1.2197290873483417f,-0.20150016010341804f,0.44131750000000003f,-1.0124860712617796f,0.10252215752176898f,0.7021152026371584f,0.41167861426797864f,0f,0f,0f,1f], start_interpolation: 0, interpolation_duration: 1 }