# This file was generated by Animated Java via MC-Build. It is not recommended to edit this file directly.
$data merge entity $(bone_head_lower) { transformation: [-0.9602115077111075f,0.07885210771988889f,0.2679108164432558f,-1.0729615038949623f,0.19452356895242612f,0.8771690305229367f,0.43901602819653657f,0.3231823773166004f,-0.20038573198002796f,0.47366321051943916f,-0.8576063907290137f,0.3245033978565622f,0f,0f,0f,1f], start_interpolation: 0, interpolation_duration: 1 }
$data merge entity $(bone_head_upper) { transformation: [-0.9994837582883637f,0.01835654333622877f,0.2901158334493641f,-1.0528597596691556f,0.20247950187109331f,0.789341335848008f,0.6476219957870667f,0.3856150380064229f,-0.20858142492395612f,0.678288460333754f,-0.7615054145167087f,0.2871732592274785f,0f,0f,0f,1f], start_interpolation: 0, interpolation_duration: 1 }
$data merge entity $(bone_neck_0) { transformation: [-0.7852883080036854f,0.0504267023225489f,0.617073270370368f,-1.0135234186388637f,0.14082746938153803f,0.9851004217701061f,0.09871566692248587f,0.37596264633684273f,-0.6029012333544361f,0.16442112614026283f,-0.7806893083029045f,0.2342183740543192f,0f,0f,0f,1f], start_interpolation: 0, interpolation_duration: 1 }
$data merge entity $(bone_neck_1) { transformation: [-0.5894992095383675f,-0.05161607018980721f,0.8061181447230922f,-0.9454724202635241f,0.06312216809546765f,0.9919611003032666f,0.10967573742656297f,0.38982346158488596f,-0.8052988723750748f,0.11553768555451396f,-0.5815021662626367f,0.18548977603108066f,0f,0f,0f,1f], start_interpolation: 0, interpolation_duration: 1 }
$data merge entity $(bone_neck_2) { transformation: [-0.15709733408255427f,-0.054096989344792484f,0.9861003718526746f,-0.8596122752727446f,0.1580814787266666f,0.984246336831355f,0.07917950819277182f,0.40639656714042377f,-0.9748490517550625f,0.16832309460643885f,-0.14607074352644026f,0.1743408716657192f,0f,0f,0f,1f], start_interpolation: 0, interpolation_duration: 1 }
$data merge entity $(bone_body_0) { transformation: [0.17917507594287846f,-0.14704238219310828f,0.9727665855691381f,-0.40255179386207285f,0.18539358562650476f,0.9760994033473473f,0.11339829449114433f,0.46913932503163336f,-0.9661912391288855f,0.16002653724907104f,0.20215339919640246f,0.27113946343220563f,0f,0f,0f,1f], start_interpolation: 0, interpolation_duration: 1 }
$data merge entity $(bone_leg_left_3) { transformation: [0.31708876221935023f,-0.07837149031081898f,0.9451521710183294f,-0.5213444403397299f,-0.03190351086388264f,0.9951343285080584f,0.09321928029852042f,0.04415489687961466f,-0.9478591049669556f,-0.059712458760942166f,0.3130455867760546f,0.6908488731258862f,0f,0f,0f,1f], start_interpolation: 0, interpolation_duration: 1 }
$data merge entity $(bone_leg_left_2) { transformation: [0.5398246445926925f,0.23218121852443172f,0.8406803401743004f,-0.4404050751519732f,-0.4200050447594973f,0.9356980635415527f,0.01127367561425265f,0.2619615772858707f,-0.7643607230670869f,-0.3501759774024952f,0.5875301433826705f,0.6261948616538545f,0f,0f,0f,1f], start_interpolation: 0, interpolation_duration: 1 }
$data merge entity $(bone_leg_left_1) { transformation: [0.6761675268911167f,-0.720859667074174f,0.15218020884353467f,-0.6577774863354491f,-0.04196921630303175f,0.16853370774060056f,0.9848019974787395f,0.2563525572352783f,-0.7355515348776455f,-0.6722780152146259f,0.08370310506918455f,0.4537676033385882f,0f,0f,0f,1f], start_interpolation: 0, interpolation_duration: 1 }
$data merge entity $(bone_leg_left_0) { transformation: [0.6535594153950115f,0.6345794242166641f,0.41251550868952513f,-0.3662092916862668f,-0.04377774998964687f,0.5758059350466553f,-0.8164135188560335f,0.5438035588057182f,-0.755608098920581f,0.5155157412978714f,0.40410384967200125f,0.5354204546643109f,0f,0f,0f,1f], start_interpolation: 0, interpolation_duration: 1 }
$data merge entity $(bone_leg_right_3) { transformation: [0.994921919124067f,-0.02232024443321448f,0.09814367801811918f,-0.13201588924609015f,0.027119183961370197f,0.9984868921905437f,-0.04783801819618744f,0.03337723629575837f,-0.09692741979312194f,0.050256669329661496f,0.9940218018132884f,0.011106684526146215f,0f,0f,0f,1f], start_interpolation: 0, interpolation_duration: 1 }
$data merge entity $(bone_leg_right_2) { transformation: [0.9859344362926123f,-0.0836541272858709f,0.27018044677789277f,-0.144695316151823f,0.18988778880704674f,0.9219352447351611f,-0.4074803451429074f,0.2353914476387316f,-0.20961420394389527f,0.4417007935286642f,0.9016787088546614f,0.1422575999435931f,0f,0f,0f,1f], start_interpolation: 0, interpolation_duration: 1 }
$data merge entity $(bone_leg_right_1) { transformation: [0.8029758854285599f,-0.45610532087590516f,0.3836634771370705f,-0.2729611840136018f,-0.19949508405549093f,0.4009084852437669f,0.8941331544558901f,0.2929112158928953f,-0.5616328327812687f,-0.7945063390107316f,0.23092907658814094f,-0.09701782516608587f,0f,0f,0f,1f], start_interpolation: 0, interpolation_duration: 1 }
$data merge entity $(bone_leg_right_0) { transformation: [0.7779670306359453f,0.6035492515085584f,0.1746298950550812f,-0.14066270013158422f,-0.11044480699979514f,0.4049748105112456f,-0.9076328263445294f,0.5386465119124668f,-0.6185218216443684f,0.686821449763211f,0.381715931413522f,0.2134955465542735f,0f,0f,0f,1f], start_interpolation: 0, interpolation_duration: 1 }
$data merge entity $(bone_tail_4) { transformation: [2.7196504043366f,0.17262356736183407f,-0.44650208709819017f,0.10022017618946635f,-0.15181954327566516f,2.753732338558293f,0.13989412231343296f,0.07986237150623149f,0.4539976168123945f,-0.11322827901876682f,2.7215302409415028f,1.9058357694887593f,0f,0f,0f,1f], start_interpolation: 0, interpolation_duration: 1 }
$data merge entity $(bone_tail_3) { transformation: [2.0738312390426485f,0.06972503851978805f,-0.17409174885298295f,0.12905738914572132f,-0.0916727419448784f,2.0632378422042983f,-0.26569012199346814f,0.10472319579015583f,0.16360203666086715f,0.2722747721402229f,2.0579228236503067f,1.554223684941591f,0f,0f,0f,1f], start_interpolation: 0, interpolation_duration: 1 }
$data merge entity $(bone_tail_2) { transformation: [1.9462269177643434f,0.02852188883297044f,-0.17366969059015247f,0.16278811993426875f,-0.08603205248308904f,1.8364201560748972f,-0.662520468597141f,0.22825766937865902f,0.15353548618422586f,0.667473885048717f,1.8302129226576132f,1.2142634584373386f,0f,0f,0f,1f], start_interpolation: 0, interpolation_duration: 1 }
$data merge entity $(bone_tail_1) { transformation: [1.5110040053741063f,0.02242049055424066f,0.06340715532741631f,0.1474259694388804f,0.00043708767235347195f,1.4226759488737397f,-0.5134678212415771f,0.3213590543869312f,-0.06725291590536858f,0.5129782803389561f,1.4212623189273377f,0.9022172864683067f,0f,0f,0f,1f], start_interpolation: 0, interpolation_duration: 1 }
$data merge entity $(bone_tail_0) { transformation: [1.2189469462634326f,0.09162771514548754f,0.37364210228010597f,0.040450202889116854f,0.04928646245442597f,1.1940095167938989f,-0.45359435072359144f,0.48272344276345036f,-0.38154279366515137f,0.4469690729869857f,1.135112091812687f,0.581297310717741f,0f,0f,0f,1f], start_interpolation: 0, interpolation_duration: 1 }
$data merge entity $(bone_body_1) { transformation: [0.7093695122427939f,0.1537027083700481f,1.0008870903335614f,-0.20259499357768115f,-0.016219495112130538f,1.2236098321971385f,-0.176410038220755f,0.44131750000000003f,-1.0124902064390442f,0.08808547579739019f,0.7040661374294456f,0.41167861426797864f,0f,0f,0f,1f], start_interpolation: 0, interpolation_duration: 1 }