# This file was generated by Animated Java via MC-Build. It is not recommended to edit this file directly.
$data merge entity $(bone_head_lower) { transformation: [-0.9912879253885181f,0.007123269302336768f,0.13151999092675526f,-1.045405840068928f,0.05885346078321364f,0.917263627490909f,0.39390824799191193f,0.23328119840271866f,-0.1178325894341889f,0.39821689657354487f,-0.9096915873803433f,0.3492006144818481f,0f,0f,0f,1f], start_interpolation: 0, interpolation_duration: 1 }
$data merge entity $(bone_head_upper) { transformation: [-1.0318311885002729f,-0.03925751460910222f,0.13135900642261628f,-1.0375521232590117f,0.06126054280697176f,0.7601954538851289f,0.7083939302188331f,0.2992050146681732f,-0.12265189324513497f,0.7099532815774614f,-0.7512621337750793f,0.313314320816089f,0f,0f,0f,1f], start_interpolation: 0, interpolation_duration: 1 }
$data merge entity $(bone_neck_0) { transformation: [-0.8352813003178028f,-0.07537655546435029f,0.5446315490547072f,-1.0008418230165868f,0.01737399629494024f,0.9864451360381704f,0.1631690468176451f,0.2937383630622825f,-0.5495482632054656f,0.1457544801128432f,-0.822649583926772f,0.2579319605320806f,0f,0f,0f,1f], start_interpolation: 0, interpolation_duration: 1 }
$data merge entity $(bone_neck_1) { transformation: [-0.6405388316582057f,-0.18587767215330142f,0.7450902603932026f,-0.9385792138525161f,-0.04147042990798277f,0.9772203709119802f,0.20813589339155011f,0.3158721371123927f,-0.7668051959795185f,0.10241990856040352f,-0.6336560216310508f,0.20472481448089594f,0f,0f,0f,1f], start_interpolation: 0, interpolation_duration: 1 }
$data merge entity $(bone_neck_2) { transformation: [-0.22454744711769012f,-0.17666763798062024f,0.9583146611021228f,-0.8563533487731159f,0.1063282970888401f,0.973114376735189f,0.20431031062937577f,0.34329865059557874f,-0.9686447941485647f,0.1477733246619063f,-0.19972557995222187f,0.18867414894199963f,0f,0f,0f,1f], start_interpolation: 0, interpolation_duration: 1 }
$data merge entity $(bone_body_0) { transformation: [0.12849313728146972f,-0.25963831545927707f,0.9571193545305801f,-0.4077399656830769f,0.17671070391326077f,0.9556688613488059f,0.23552145246400968f,0.46340296842684375f,-0.9758395568914212f,0.13887034454391547f,0.16867775968458f,0.2694942581594548f,0f,0f,0f,1f], start_interpolation: 0, interpolation_duration: 1 }
$data merge entity $(bone_leg_left_3) { transformation: [0.2467627788472858f,-0.07859481499048014f,0.9658835261211249f,-0.5173967114104788f,-0.04064249955950783f,0.9949894503786699f,0.091346487971398f,0.04004728005318811f,-0.9682232791072113f,-0.06179683399467611f,0.24233207196554446f,0.6919342840856526f,0f,0f,0f,1f], start_interpolation: 0, interpolation_duration: 1 }
$data merge entity $(bone_leg_left_2) { transformation: [0.5347700479268194f,0.21874638710412533f,0.8474864090178286f,-0.43938648949926445f,-0.4158175414585059f,0.9374117143044054f,0.02042668844856956f,0.258542775459986f,-0.7701811264608119f,-0.3542195583454747f,0.5774181642707356f,0.6260161846719353f,0f,0f,0f,1f], start_interpolation: 0, interpolation_duration: 1 }
$data merge entity $(bone_leg_left_1) { transformation: [0.669418794661572f,-0.7280218826906202f,0.1478601219986424f,-0.6583411244202543f,-0.03713094782995606f,0.165996664463762f,0.9854270140909245f,0.2521150143558218f,-0.7419567171116501f,-0.665153550475761f,0.08408914449792104f,0.4556315099104723f,0f,0f,0f,1f], start_interpolation: 0, interpolation_duration: 1 }
$data merge entity $(bone_leg_left_0) { transformation: [0.646647961134643f,0.6292618233000107f,0.43113335767202643f,-0.37118003564549495f,-0.039547558203726005f,0.5921040877510686f,-0.8048905142369353f,0.5455190239669816f,-0.7617626959890673f,0.5034305384118261f,0.407768669706056f,0.5315253489373811f,0f,0f,0f,1f], start_interpolation: 0, interpolation_duration: 1 }
$data merge entity $(bone_leg_right_3) { transformation: [0.993120996773953f,-0.04432585614339472f,0.10837852298248415f,-0.1273001855865656f,0.05052754207686232f,0.9971981741649102f,-0.05516129923995944f,0.027548823915986814f,-0.1056297934220298f,0.060257944864760604f,0.9925781212692f,0.012107449836978368f,0f,0f,0f,1f], start_interpolation: 0, interpolation_duration: 1 }
$data merge entity $(bone_leg_right_2) { transformation: [0.9788587511383168f,-0.09806363017246687f,0.29031236497611806f,-0.14270530318335845f,0.21431370580246414f,0.9136410159505641f,-0.41399508327844947f,0.2273904341459559f,-0.21901456646954795f,0.45574753747103575f,0.8924062983103251f,0.1462606653725656f,0f,0f,0f,1f], start_interpolation: 0, interpolation_duration: 1 }
$data merge entity $(bone_leg_right_1) { transformation: [0.8042045267988405f,-0.4724394256005059f,0.36063287178863357f,-0.2741627107543376f,-0.1845006188847541f,0.3783539978073012f,0.9070875227751596f,0.2783944260200074f,-0.5649907970112397f,-0.7960208800537185f,0.21710863136021907f,-0.09276010457723347f,0f,0f,0f,1f], start_interpolation: 0, interpolation_duration: 1 }
$data merge entity $(bone_leg_right_0) { transformation: [0.7747073714730857f,0.5934522347836353f,0.21827261306808868f,-0.1490024148983663f,-0.09867639741920885f,0.4544294458366237f,-0.8853004277356843f,0.5403608431404805f,-0.6245730198924934f,0.6643104122222743f,0.41060957007288923f,0.20726618628201962f,0f,0f,0f,1f], start_interpolation: 0, interpolation_duration: 1 }
$data merge entity $(bone_tail_4) { transformation: [2.699546958203671f,0.15980797449285075f,-0.5590786736603358f,0.08630707182851366f,-0.14314672475337836f,2.756054854094678f,0.09660221536561789f,0.07839364457932566f,0.5635748106912589f,-0.0654552068949212f,2.702547017212587f,1.8881968554425423f,0f,0f,0f,1f], start_interpolation: 0, interpolation_duration: 1 }
$data merge entity $(bone_tail_3) { transformation: [2.065442654167768f,0.04618850005454417f,-0.2603051879075055f,0.12999322161256577f,-0.08310420739076692f,2.0597692337385634f,-0.2939216230603828f,0.1080754312306253f,0.25096983703784553f,0.30193186690246643f,2.0449442082097082f,1.5384952465057264f,0f,0f,0f,1f], start_interpolation: 0, interpolation_duration: 1 }
$data merge entity $(bone_tail_2) { transformation: [1.9427592936397364f,-0.0369910463528579f,-0.2075858002584211f,0.17001073000160344f,-0.042980503339841616f,1.813996671960993f,-0.7254947452944599f,0.24334318383272785f,0.2064288698604491f,0.7258247802375859f,1.8025924068085868f,1.2037226100829592f,0f,0f,0f,1f], start_interpolation: 0, interpolation_duration: 1 }
$data merge entity $(bone_tail_1) { transformation: [1.5113581142054295f,-0.02897379384227936f,0.05112161867344387f,0.15792019365196408f,0.04592447291156747f,1.4033153569676613f,-0.5623639405994317f,0.34715967405733505f,-0.036658469869903385f,0.5634915954733587f,1.4031356414893346f,0.894930394690391f,0f,0f,0f,1f], start_interpolation: 0, interpolation_duration: 1 }
$data merge entity $(bone_tail_0) { transformation: [1.2081103183101414f,0.04636698860006142f,0.41491598877936553f,0.037791016216294104f,0.09862422050001424f,1.2026614784466367f,-0.4215617961525246f,0.4993721927291502f,-0.4056826820402386f,0.43045462851819793f,1.1331222753365704f,0.5741933665988517f,0f,0f,0f,1f], start_interpolation: 0, interpolation_duration: 1 }
$data merge entity $(bone_body_1) { transformation: [0.6987737184334454f,0.11272475518621271f,1.0137124913165245f,-0.20547575037704677f,-0.016223061460310634f,1.2298664697776578f,-0.12557815833076674f,0.44572712099125367f,-1.019831700703504f,0.057673140551738236f,0.6965785714155641f,0.408363910962984f,0f,0f,0f,1f], start_interpolation: 0, interpolation_duration: 1 }