# This file was generated by Animated Java via MC-Build. It is not recommended to edit this file directly.
$data merge entity $(bone_head_lower) { transformation: [-0.9989515458021332f,-0.00563646604348342f,-0.04543170027711279f,-1.0171722950942268f,-0.019471526381741225f,0.9504651892326494f,0.3102205404503526f,0.17189326359053758f,0.04143270205880745f,0.31077991297296603f,-0.9495784206123377f,0.40442484546345053f,0f,0f,0f,1f], start_interpolation: 0, interpolation_duration: 1 }
$data merge entity $(bone_head_upper) { transformation: [-1.0398082477956299f,0.01676473731274043f,-0.04460598594946977f,-1.020193652723387f,-0.02026790369761845f,0.7262368144506438f,0.7454134718394833f,0.23958126849284478f,0.04312728230938682f,0.7455004865879854f,-0.7251489533890196f,0.37118839134724224f,0f,0f,0f,1f], start_interpolation: 0, interpolation_duration: 1 }
$data merge entity $(bone_neck_0) { transformation: [-0.9015207233112814f,-0.1419659204611785f,0.4087860844841885f,-0.9911651010678252f,-0.0936517949766503f,0.9862746577512734f,0.1359839724940391f,0.23239542140022315f,-0.42248044539121016f,0.08430881866814667f,-0.9024424061162164f,0.3116027970761541f,0f,0f,0f,1f], start_interpolation: 0, interpolation_duration: 1 }
$data merge entity $(bone_neck_1) { transformation: [-0.7195656176558942f,-0.2715022831164134f,0.639149303488681f,-0.9382715433082576f,-0.15310643347751104f,0.9597798032973844f,0.23533199784608613f,0.256752715931574f,-0.677335767485586f,0.0714789440675273f,-0.7321932932222908f,0.24990570966370368f,0f,0f,0f,1f], start_interpolation: 0, interpolation_duration: 1 }
$data merge entity $(bone_neck_2) { transformation: [-0.32629905724787606f,-0.25926665280491334f,0.9090158018332154f,-0.8611733240217723f,0.022552635126605353f,0.9592411969818836f,0.2816872461820188f,0.290822202195666f,-0.9449975152813861f,0.11241498457100621f,-0.3071523520273073f,0.22409747294178686f,0f,0f,0f,1f], start_interpolation: 0, interpolation_duration: 1 }
$data merge entity $(bone_body_0) { transformation: [0.03800542307217436f,-0.3500671919646604f,0.9359532835174427f,-0.42339687891226807f,0.13627109591945213f,0.9296956310289475f,0.34219325250886873f,0.4609531118834884f,-0.9899423095483981f,0.11453818034028865f,0.08303751568007689f,0.26432386203159f,0f,0f,0f,1f], start_interpolation: 0, interpolation_duration: 1 }
$data merge entity $(bone_leg_left_3) { transformation: [0.12635394466130107f,-0.062062206381464154f,0.9900418997232358f,-0.5333217915838033f,-0.04442100932402171f,0.9966858259343454f,0.0681479149512811f,0.033670441364607034f,-0.990990138497434f,-0.05258941833331539f,0.12317831984647121f,0.6836278003139958f,0f,0f,0f,1f], start_interpolation: 0, interpolation_duration: 1 }
$data merge entity $(bone_leg_left_2) { transformation: [0.533773604329212f,0.22346665803898086f,0.846882867678279f,-0.45423147936289f,-0.4059603504344801f,0.9419154547240373f,0.007325948936390044f,0.2528261728253199f,-0.7761083253626454f,-0.3389987144482905f,0.5786172641789133f,0.6212855197434716f,0f,0f,0f,1f], start_interpolation: 0, interpolation_duration: 1 }
$data merge entity $(bone_leg_left_1) { transformation: [0.6735015502510945f,-0.7214317351839403f,0.1610338886038013f,-0.6721757749568249f,-0.02993091917440608f,0.1910581531892237f,0.9811222768734273f,0.25329174908489926f,-0.7385795839899362f,-0.6656072667642776f,0.10708484740541113f,0.4494907208798981f,0f,0f,0f,1f], start_interpolation: 0, interpolation_duration: 1 }
$data merge entity $(bone_leg_left_0) { transformation: [0.6508862615887974f,0.61322963733492f,0.4475449545789139f,-0.39215263896446073f,-0.03311017605915279f,0.6118838243647108f,-0.7902543272403812f,0.5540189596665508f,-0.7584528928788465f,0.49954739252136854f,0.4185709162242526f,0.5233653896726178f,0f,0f,0f,1f], start_interpolation: 0, interpolation_duration: 1 }
$data merge entity $(bone_leg_right_3) { transformation: [0.9911753711950432f,-0.0903116744670095f,0.09703187616105297f,-0.11519691788526618f,0.09740506573220212f,0.9927066601424673f,-0.07103337299110102f,0.02107294437615545f,-0.08990904685333026f,0.07985792611727666f,0.9927432069423459f,0.02673025602604065f,0f,0f,0f,1f], start_interpolation: 0, interpolation_duration: 1 }
$data merge entity $(bone_leg_right_2) { transformation: [0.9680504297547574f,-0.13900286235226267f,0.30922284716722037f,-0.13954372466474677f,0.2595763025259623f,0.9056753517200609f,-0.4055052403537939f,0.2192499246034263f,-0.21808417668247762f,0.460969154114802f,0.8899488357968137f,0.1620232328343663f,0f,0f,0f,1f], start_interpolation: 0, interpolation_duration: 1 }
$data merge entity $(bone_leg_right_1) { transformation: [0.8175174178709178f,-0.48467182480292026f,0.31106027345174564f,-0.27143001357174473f,-0.159159332110978f,0.3289475398825163f,0.9308393110560103f,0.2560767075943176f,-0.553474099194944f,-0.8104854953960916f,0.19178029949110376f,-0.07935443910868506f,0f,0f,0f,1f], start_interpolation: 0, interpolation_duration: 1 }
$data merge entity $(bone_leg_right_0) { transformation: [0.7812530632452276f,0.5530400174938216f,0.2894656978302988f,-0.16869353407910298f,-0.0807201607769922f,0.5493425100285879f,-0.8316892823161948f,0.5488569234461151f,-0.6189732682548454f,0.6263940818094661f,0.47381699785886827f,0.19998807386004647f,0f,0f,0f,1f], start_interpolation: 0, interpolation_duration: 1 }
$data merge entity $(bone_tail_4) { transformation: [2.609637399165455f,0.24302817628097317f,-0.8697075841974145f,0.012141213576211646f,-0.2466973973224468f,2.7502729798698806f,0.028288901569005005f,0.056480615115585414f,0.8686739150171887f,0.05096246983020217f,2.6207765619444774f,1.8431063681120599f,0f,0f,0f,1f], start_interpolation: 0, interpolation_duration: 1 }
$data merge entity $(bone_tail_3) { transformation: [2.0143670034469263f,0.06788577307910575f,-0.5231277313258653f,0.10018002949594691f,-0.15950818469783007f,2.0466986602486865f,-0.34860760059855356f,0.09556302850760628f,0.50282028646734f,0.37730841760306644f,1.9851336588671342f,1.5028087993730637f,0f,0f,0f,1f], start_interpolation: 0, interpolation_duration: 1 }
$data merge entity $(bone_tail_2) { transformation: [1.9208784576505689f,-0.1725496174239543f,-0.3150023102512018f,0.1601175962522152f,0.008187050120842317f,1.734473058322179f,-0.9001722375010254f,0.2633218581096507f,0.359072135018949f,0.8835178065461557f,1.7056486632280339f,1.1862081879538329f,0f,0f,0f,1f], start_interpolation: 0, interpolation_duration: 1 }
$data merge entity $(bone_tail_1) { transformation: [1.5065595325136665f,-0.13391935469247002f,0.00048107271286659613f,0.16021177589213534f,0.11962095777861467f,1.3432459085500266f,-0.6848631291168631f,0.39416268637758434f,0.06021172188477568f,0.6822113203417006f,1.348561645956648f,0.8876159144650759f,0f,0f,0f,1f], start_interpolation: 0, interpolation_duration: 1 }
$data merge entity $(bone_tail_0) { transformation: [1.1832319685537283f,-0.0507746488893883f,0.48085315867388867f,0.01847002413561366f,0.2008538950061716f,1.2079027383221217f,-0.36669388350338966f,0.5304680066616655f,-0.4398358080435769f,0.4150043690952024f,1.1261223522240262f,0.5685515843182734f,0f,0f,0f,1f], start_interpolation: 0, interpolation_duration: 1 }
$data merge entity $(bone_body_1) { transformation: [0.7028041308276936f,0.04931805144665833f,1.0159914756282578f,-0.22105568292454508f,-0.016235187109809427f,1.2353000028172592f,-0.048733118055786055f,0.4585915524781341f,-1.0170581927536346f,0.0143606370831682f,0.7028449329059192f,0.4041826918891858f,0f,0f,0f,1f], start_interpolation: 0, interpolation_duration: 1 }