# This file was generated by Animated Java via MC-Build. It is not recommended to edit this file directly.
$data merge entity $(bone_head_lower) { transformation: [-0.9822997824220326f,0.008281863463622474f,-0.1871324348989147f,-0.9920826763021681f,-0.03346646693817929f,0.9751885694557993f,0.21883155529636822f,0.15458197379575922f,0.18430174455035003f,0.2212208506003031f,-0.9576503548870935f,0.4900154134080407f,0f,0f,0f,1f], start_interpolation: 0, interpolation_duration: 1 }
$data merge entity $(bone_head_upper) { transformation: [-1.0224754342315179f,0.1149067216594972f,-0.15751944100345908f,-1.0006788571321186f,-0.034835231491589604f,0.7197410271967497f,0.7511533152427687f,0.22251528507962856f,0.1918396091100658f,0.7431293572930233f,-0.7031559324141856f,0.4582880216944981f,0f,0f,0f,1f], start_interpolation: 0, interpolation_duration: 1 }
$data merge entity $(bone_neck_0) { transformation: [-0.9477931430201937f,-0.16367465632520528f,0.2736763872180574f,-0.9800194265698959f,-0.1550725862692549f,0.986484110038238f,0.05293008246573949f,0.20997546452157922f,-0.2786407203401303f,0.0077270640537910745f,-0.9603643274557017f,0.39615367464302015f,0f,0f,0f,1f], start_interpolation: 0, interpolation_duration: 1 }
$data merge entity $(bone_neck_1) { transformation: [-0.7965261816066138f,-0.30251070184384105f,0.5234819168654578f,-0.9370672665007896f,-0.22674066872393442f,0.9520951038097619f,0.20519157499298513f,0.23174406719427043f,-0.5604772173441224f,0.044745821832048664f,-0.8269601563961617f,0.3263054339521651f,0f,0f,0f,1f], start_interpolation: 0, interpolation_duration: 1 }
$data merge entity $(bone_neck_2) { transformation: [-0.4464486528995323f,-0.28936884562655835f,0.8467285701480407f,-0.8657205951457576f,-0.05350483198564532f,0.953206829123136f,0.2975465910865129f,0.2671438707842659f,-0.8932081690616027f,0.0875352048822051f,-0.44104053626378803f,0.28852399953673513f,0f,0f,0f,1f], start_interpolation: 0, interpolation_duration: 1 }
$data merge entity $(bone_body_0) { transformation: [-0.09799293711362755f,-0.3865807176154086f,0.9170347501833286f,-0.4372082208258518f,0.07752422562996786f,0.91570430027531f,0.39430398032200836f,0.46170108616059985f,-0.9921629799162627f,0.10973141403108125f,-0.05976318313494494f,0.2614031643200859f,0f,0f,0f,1f], start_interpolation: 0, interpolation_duration: 1 }
$data merge entity $(bone_leg_left_3) { transformation: [-0.06017078937381393f,-0.047110419214582755f,0.9970757666835344f,-0.5210779053037089f,-0.043418112883660646f,0.9980637898669772f,0.044536937815571116f,0.030357788570815586f,-0.9972433722917157f,-0.04061132548677276f,-0.06209973158117188f,0.6832316025760597f,0f,0f,0f,1f], start_interpolation: 0, interpolation_duration: 1 }
$data merge entity $(bone_leg_left_2) { transformation: [0.48174577379924716f,0.20679360877124497f,0.8816005968116307f,-0.44488183816991766f,-0.39576602157918006f,0.9462552614597478f,-0.005695245721345879f,0.2501385247023471f,-0.814464526600543f,-0.3374901228655497f,0.5242233792747549f,0.619500452854432f,0f,0f,0f,1f], start_interpolation: 0, interpolation_duration: 1 }
$data merge entity $(bone_leg_left_1) { transformation: [0.6291093584377467f,-0.7557456653049952f,0.18185132525982967f,-0.6723681367971925f,-0.02265771159062946f,0.21601931097876798f,0.9761261626397144f,0.25750539218590685f,-0.7769865141889672f,-0.6182104388126812f,0.11877630281966778f,0.46072671806146454f,0f,0f,0f,1f], start_interpolation: 0, interpolation_duration: 1 }
$data merge entity $(bone_leg_left_0) { transformation: [0.6054418099707767f,0.6271699742745455f,0.4899979980650692f,-0.39561159654734335f,-0.026597014760540338f,0.6312604597806212f,-0.7751147210080496f,0.565365362903367f,-0.7954450411845794f,0.45625437563493526f,0.39887232439571185f,0.5149054447282221f,0f,0f,0f,1f], start_interpolation: 0, interpolation_duration: 1 }
$data merge entity $(bone_leg_right_3) { transformation: [0.9799489253995687f,-0.1252362448808089f,0.15497092171237836f,-0.11496952087284205f,0.13919028424840552f,0.986806726842368f,-0.08269551759013216f,0.017482631225761297f,-0.14256987191927425f,0.10260783024119469f,0.984451860069407f,0.024836478852164112f,0f,0f,0f,1f], start_interpolation: 0, interpolation_duration: 1 }
$data merge entity $(bone_leg_right_2) { transformation: [0.9413610369314421f,-0.14728637225228924f,0.3797477086129866f,-0.13902626232955836f,0.3001695373538513f,0.8972591697630024f,-0.39608891756987685f,0.2139258427465241f,-0.2753177191770063f,0.4746524057936101f,0.8665837793786604f,0.16268570773614865f,0f,0f,0f,1f], start_interpolation: 0, interpolation_duration: 1 }
$data merge entity $(bone_leg_right_1) { transformation: [0.7930933289278838f,-0.5427945925336749f,0.27636389403518125f,-0.2853489460360351f,-0.13246951846982322f,0.2891558122068329f,0.9480721190623526f,0.23956003762559286f,-0.5945206458033736f,-0.7885194649361598f,0.15742380738100348f,-0.0717198082945153f,0f,0f,0f,1f], start_interpolation: 0, interpolation_duration: 1 }
$data merge entity $(bone_leg_right_0) { transformation: [0.7462230302508157f,0.5399185565249328f,0.389408707456989f,-0.19182722521448753f,-0.0625068613009635f,0.6392096787840467f,-0.7664880161092528f,0.5601994712567218f,-0.66275491806066f,0.5476302939655812f,0.5107415977944021f,0.1787823272248022f,0f,0f,0f,1f], start_interpolation: 0, interpolation_duration: 1 }
$data merge entity $(bone_tail_4) { transformation: [2.5317364952378925f,0.3388108973488418f,-1.0493706809884773f,0.027964782634264593f,-0.39319679969345744f,2.732517234679181f,-0.06638652342203685f,0.044439727218168135f,1.030227123983528f,0.2102809302312357f,2.5534438186476147f,1.756685724932913f,0f,0f,0f,1f], start_interpolation: 0, interpolation_duration: 1 }
$data merge entity $(bone_tail_3) { transformation: [1.96445117028879f,0.12309478814474953f,-0.6795033471051077f,0.14197886071069368f,-0.2673143457206487f,2.024756745458889f,-0.4060156257277722f,0.09347113907064777f,0.6367261312113608f,0.470269413097186f,1.9259730109693345f,1.4255099195260263f,0f,0f,0f,1f], start_interpolation: 0, interpolation_duration: 1 }
$data merge entity $(bone_tail_2) { transformation: [1.903938209079631f,-0.28543454152786363f,-0.3351421989427762f,0.20562100111063586f,0.055745939343056564f,1.632072739309785f,-1.0733148833643331f,0.2934276091028831f,0.436675578955569f,1.036165802903864f,1.5982642906100308f,1.1289655349447254f,0f,0f,0f,1f], start_interpolation: 0, interpolation_duration: 1 }
$data merge entity $(bone_tail_1) { transformation: [1.4959202594181331f,-0.22027994746966137f,0.036818096164082506f,0.19896169221069934f,0.20643771802732822f,1.2686742517011267f,-0.7971859015601419f,0.44926766398753315f,0.08521910606227785f,0.7934725186251569f,1.2848327969617668f,0.8427030541734014f,0f,0f,0f,1f], start_interpolation: 0, interpolation_duration: 1 }
$data merge entity $(bone_tail_0) { transformation: [1.1157619324395927f,-0.13136735412301442f,0.6096340254393708f,0.017642332498890773f,0.3030384281912038f,1.2063018368031675f,-0.2946850965840265f,0.5644917104884474f,-0.5450492984511562f,0.40176387764463195f,1.084132263822952f,0.5355896871532794f,0f,0f,0f,1f], start_interpolation: 0, interpolation_duration: 1 }
$data merge entity $(bone_body_1) { transformation: [0.6409248709929843f,-0.015781797809823046f,1.0571522310702304f,-0.22706773680304618f,-0.016247312860817188f,1.2359367562639596f,0.028301137729331117f,0.47466298104956267f,-1.0571451790665645f,-0.02856334066354475f,0.6404941849874277f,0.3886077047313918f,0f,0f,0f,1f], start_interpolation: 0, interpolation_duration: 1 }