# This file was generated by Animated Java via MC-Build. It is not recommended to edit this file directly.
$data merge entity $(bone_head_lower) { transformation: [-0.9566860918679221f,-0.0724123821459171f,-0.2819719286355212f,-0.8720570120234798f,-0.10181133244744311f,0.9906301998309924f,0.09102889523708652f,0.1691481050964072f,0.27273828886270807f,0.11579401579858051f,-0.9550945354746199f,0.6793760663903363f,0f,0f,0f,1f], start_interpolation: 0, interpolation_duration: 1 }
$data merge entity $(bone_head_upper) { transformation: [-0.9958141544061152f,0.12679409177957665f,-0.27522603575558247f,-0.8884923712171989f,-0.10597537352315503f,0.7399819604322292f,0.724339603380217f,0.23566537059663673f,0.28389317123623914f,0.7209867537674837f,-0.6950213743481304f,0.6477408194284067f,0f,0f,0f,1f], start_interpolation: 0, interpolation_duration: 1 }
$data merge entity $(bone_neck_0) { transformation: [-0.9691383811403282f,-0.20451577240488275f,0.13763755678715806f,-0.8759596414323119f,-0.20228841713524606f,0.978862324308822f,0.030132147975998835f,0.22179036533693883f,-0.14089071826639465f,0.001359737608903594f,-0.9900242202188865f,0.5837474512760797f,0f,0f,0f,1f], start_interpolation: 0, interpolation_duration: 1 }
$data merge entity $(bone_neck_1) { transformation: [-0.8877088621541982f,-0.31582895831023866f,0.33500006738143856f,-0.8490357233815351f,-0.253044893970196f,0.942555247529522f,0.21807770860446507f,0.24460664373162502f,-0.3846313269723503f,0.10881945803591983f,-0.9166335515702322f,0.506597876283456f,0f,0f,0f,1f], start_interpolation: 0, interpolation_duration: 1 }
$data merge entity $(bone_neck_2) { transformation: [-0.6711587758958655f,-0.2812899768996871f,0.6858730541679977f,-0.7917021044685957f,-0.08203017844913854f,0.9477117351327761f,0.30840479392387143f,0.280903906922095f,-0.7367611196049682f,0.15072629494350565f,-0.6591393150548959f,0.4503280333712154f,0f,0f,0f,1f], start_interpolation: 0, interpolation_duration: 1 }
$data merge entity $(bone_body_0) { transformation: [-0.42531503263582926f,-0.3414318461770379f,0.8381714725699766f,-0.39992759771403186f,0.01793578938530066f,0.9227482567081547f,0.38498566492947184f,0.4711365376875776f,-0.904867631465017f,0.17877345764458713f,-0.3863348552340176f,0.2699529055060168f,0f,0f,0f,1f], start_interpolation: 0, interpolation_duration: 1 }
$data merge entity $(bone_leg_left_3) { transformation: [-0.5517920206680517f,-0.17415069182084703f,0.8155961638368517f,-0.21508320618322896f,-0.1510836544404306f,0.982646926696097f,0.10760458547682834f,0.04157208100788365f,-0.8201824768232938f,-0.06384789732666056f,-0.5685280562285129f,0.7198219414020182f,0f,0f,0f,1f], start_interpolation: 0, interpolation_duration: 1 }
$data merge entity $(bone_leg_left_2) { transformation: [0.16518014125527153f,-0.07924246574726834f,1.0092067935056106f,-0.2021092427194492f,-0.41260143461922766f,0.9284932912512773f,0.14043668948042187f,0.2617025409208607f,-0.9244121248586791f,-0.4285825932353742f,0.11764941007331091f,0.622121742033965f,0f,0f,0f,1f], start_interpolation: 0, interpolation_duration: 1 }
$data merge entity $(bone_leg_left_1) { transformation: [0.26321773293632794f,-0.9614072633918231f,0.08007808042970116f,-0.4727827389617264f,-0.02386407088518241f,0.07649115661614697f,0.9967846352549337f,0.23009234660000683f,-0.964441253363131f,-0.26428238090529194f,-0.002809262248931868f,0.5696809210378605f,0f,0f,0f,1f], start_interpolation: 0, interpolation_duration: 1 }
$data merge entity $(bone_leg_left_0) { transformation: [0.2356795478884227f,0.6033485154918032f,0.7618567579019995f,-0.27050461792040686f,-0.03444539605131673f,0.788633209781061f,-0.6138983426604838f,0.5857053773423349f,-0.971220194084728f,0.11844082608736833f,0.20664729690408523f,0.48643302209318784f,0f,0f,0f,1f], start_interpolation: 0, interpolation_duration: 1 }
$data merge entity $(bone_leg_right_3) { transformation: [0.8290465915549958f,-0.07101185233775997f,0.5546522026086296f,-0.18470059267091887f,0.13167960149748092f,0.9888015810926154f,-0.07022759983232074f,0.014157219303946006f,-0.5434539829465865f,0.13125833328327804f,0.8291133929464574f,-0.07659865183809636f,0f,0f,0f,1f], start_interpolation: 0, interpolation_duration: 1 }
$data merge entity $(bone_leg_right_2) { transformation: [0.7806161258648545f,0.06594424347728284f,0.6620815812969343f,-0.15007882975660083f,0.3008657259428333f,0.8753576090213633f,-0.4419174931839523f,0.2040778205048557f,-0.5934479576958136f,0.5305305010848154f,0.6468532356153569f,0.06797856226635851f,0f,0f,0f,1f], start_interpolation: 0, interpolation_duration: 1 }
$data merge entity $(bone_leg_right_1) { transformation: [0.5103144755849791f,-0.7872807729202769f,0.3460753105878537f,-0.37214971819822923f,-0.10616518180203674f,0.3416686649782131f,0.9338048391098359f,0.24525866678659042f,-0.8534096848415584f,-0.5132752750348074f,0.09077665920584754f,-0.09327293095473266f,0f,0f,0f,1f], start_interpolation: 0, interpolation_duration: 1 }
$data merge entity $(bone_leg_right_0) { transformation: [0.43528331064905446f,0.6617560400392938f,0.6104157459813037f,-0.21262728562657973f,-0.04180823694812669f,0.692145216372119f,-0.7205463696227202f,0.5805356302372074f,-0.8993222508053985f,0.2881214031006811f,0.32894611455617884f,0.09764388299891102f,0f,0f,0f,1f], start_interpolation: 0, interpolation_duration: 1 }
$data merge entity $(bone_tail_4) { transformation: [2.6011654816485086f,0.09807573159772176f,-0.921943935145652f,0.3303583674863012f,-0.3486832835077539f,2.6478564056915292f,-0.7020952600898192f,0.07647312398032866f,0.8590805762456337f,0.7777524910342045f,2.5065400371443416f,1.4896529101950693f,0f,0f,0f,1f], start_interpolation: 0, interpolation_duration: 1 }
$data merge entity $(bone_tail_3) { transformation: [2.0321181338621743f,0.047326811215282434f,-0.45188669930984976f,0.40651852260823695f,-0.1855600203810354f,1.9768300280745075f,-0.6274201502849414f,0.16351556194181655f,0.4147395506931397f,0.6525708690154514f,1.9334135336362253f,1.1554315042374483f,0f,0f,0f,1f], start_interpolation: 0, interpolation_duration: 1 }
$data merge entity $(bone_tail_2) { transformation: [1.8988211056850373f,-0.39340339169230165f,-0.24183890301773567f,0.45278630876636916f,0.17762445260121024f,1.566858634712639f,-1.154199916681397f,0.3785829875763529f,0.4262649850104376f,1.0995279283557178f,1.5582395105767954f,0.8663350179839847f,0f,0f,0f,1f], start_interpolation: 0, interpolation_duration: 1 }
$data merge entity $(bone_tail_1) { transformation: [1.4570192849666366f,-0.2965688076778524f,0.2771245127155805f,0.3953854575323426f,0.3999133540265851f,1.225523577626825f,-0.7910862910908998f,0.5334531055688148f,-0.06942883051382893f,0.8353413392100775f,1.2589840088341855f,0.585270851236535f,0f,0f,0f,1f], start_interpolation: 0, interpolation_duration: 1 }
$data merge entity $(bone_tail_0) { transformation: [0.8561636556607012f,-0.14093299178421836f,0.9385933108308843f,0.1177057130275419f,0.373531110859591f,1.2120705312311186f,-0.15873012670927242f,0.6090871588574086f,-0.8725216447342333f,0.38060298965180395f,0.8530434105732277f,0.34517636821856146f,0f,0f,0f,1f], start_interpolation: 0, interpolation_duration: 1 }
$data merge entity $(bone_body_1) { transformation: [0.18203074892946158f,-0.10701856844762535f,1.218202129167344f,-0.15830075766856316f,-0.016259438713325546f,1.231303401812133f,0.11059908858054286f,0.5004373979591836f,-1.2227857670717128f,-0.03230408255221137f,0.17987776169819597f,0.305533217515447f,0f,0f,0f,1f], start_interpolation: 0, interpolation_duration: 1 }