# This file was generated by Animated Java via MC-Build. It is not recommended to edit this file directly.
$data merge entity $(bone_head_lower) { transformation: [-0.9556794785821232f,-0.10303008639728611f,-0.27579255884444814f,-0.779040558948483f,-0.1284489814292782f,0.9888226991327345f,0.07570025660217117f,0.19009050276635192f,0.26491053845927237f,0.10777045502743954f,-0.9582316711716417f,0.7480672578024741f,0f,0f,0f,1f], start_interpolation: 0, interpolation_duration: 1 }
$data merge entity $(bone_head_upper) { transformation: [-0.9947663710563494f,0.09798800991250242f,-0.290362117901553f,-0.7971658674609917f,-0.13370249124932676f,0.748659533553522f,0.7107070347454382f,0.25585422022057536f,0.2757452691028656f,0.71650484668027f,-0.7028920925964228f,0.7157862548793257f,0f,0f,0f,1f], start_interpolation: 0, interpolation_duration: 1 }
$data merge entity $(bone_neck_0) { transformation: [-0.9724870821223979f,-0.20180221004982696f,0.11638188486216278f,-0.7860505334331068f,-0.19683128840475053f,0.9790118686356685f,0.052850780272596265f,0.24344405360306964f,-0.12460465083611488f,0.0284891047507963f,-0.9917973844997315f,0.6512326076681016f,0f,0f,0f,1f], start_interpolation: 0, interpolation_duration: 1 }
$data merge entity $(bone_neck_1) { transformation: [-0.9138158944794413f,-0.2959618203115843f,0.2781134874733543f,-0.7638541299155386f,-0.23237276265730447f,0.9426477147342116f,0.2396209195403858f,0.26808575070352547f,-0.3330816869354276f,0.15434340550934297f,-0.930179930445733f,0.5731451997240169f,0f,0f,0f,1f], start_interpolation: 0, interpolation_duration: 1 }
$data merge entity $(bone_neck_2) { transformation: [-0.7467178997236468f,-0.24791939467852495f,0.617210135994654f,-0.7122091787499113f,-0.06104911487103869f,0.9495678882875873f,0.30756110141972526f,0.3043272730024198f,-0.6623332875567771f,0.1919812471969218f,-0.7241945987916136f,0.5115799378087179f,0f,0f,0f,1f], start_interpolation: 0, interpolation_duration: 1 }
$data merge entity $(bone_body_0) { transformation: [-0.5515308711204064f,-0.28817232917388974f,0.782796529693164f,-0.3460253114433022f,0.016088386763338368f,0.9345816999289956f,0.35538459444548476f,0.4807217585912961f,-0.8339993177530296f,0.2085995082839934f,-0.5108144312087879f,0.2728221829999236f,0f,0f,0f,1f], start_interpolation: 0, interpolation_duration: 1 }
$data merge entity $(bone_leg_left_3) { transformation: [-0.691896130008649f,-0.32153972343631476f,0.6464456292152906f,0.03148261449594327f,-0.26068768519431296f,0.9462140002332156f,0.19162723332211345f,0.07632746772743831f,-0.6732916723583363f,-0.03593427354428046f,-0.7385032511219971f,0.6814135613421534f,0f,0f,0f,1f], start_interpolation: 0, interpolation_duration: 1 }
$data merge entity $(bone_leg_left_2) { transformation: [0.019042938098796647f,-0.31694788647007816f,0.9753171808552387f,-0.012226265388770252f,-0.4296519590964116f,0.8832802032518404f,0.29542761565009074f,0.29068228450429084f,-0.9311813787087214f,-0.41403178538154845f,-0.11636631875498345f,0.5798624982763179f,0f,0f,0f,1f], start_interpolation: 0, interpolation_duration: 1 }
$data merge entity $(bone_leg_left_1) { transformation: [0.040115922906758486f,-0.9953065437604249f,-0.08806586556104723f,-0.278748200413763f,-0.03299801484358679f,-0.08940839424653219f,0.9954482759313209f,0.21425515026483505f,-0.9986500106372208f,-0.03702732755592973f,-0.036429840355736536f,0.5916241717220218f,0f,0f,0f,1f], start_interpolation: 0, interpolation_duration: 1 }
$data merge entity $(bone_leg_left_0) { transformation: [0.014432871130590955f,0.4450799549994061f,0.8953745171092676f,-0.17520623565463117f,-0.04901828534803686f,0.8947060537981069f,-0.44395752611996286f,0.5959871105281521f,-0.9986935966213392f,-0.03748214181107743f,0.03473023341107992f,0.4579564844831191f,0f,0f,0f,1f], start_interpolation: 0, interpolation_duration: 1 }
$data merge entity $(bone_leg_right_3) { transformation: [0.6805030969272855f,-0.023219980587282807f,0.7323772030681319f,-0.22390526461193222f,0.10214701701018819f,0.9927445426977498f,-0.0634370543117827f,0.01306502905415341f,-0.7255904643724956f,0.11797925853878705f,0.6779375875155059f,-0.11492091481805858f,0f,0f,0f,1f], start_interpolation: 0, interpolation_duration: 1 }
$data merge entity $(bone_leg_right_2) { transformation: [0.66740609014746f,0.20939092311188648f,0.7501911434115488f,-0.15294767723507657f,0.27212614287900805f,0.8629881874531293f,-0.4829709620451841f,0.19887818594044387f,-0.7297798796188948f,0.5132923427593762f,0.5059787521909561f,0.021495959459364777f,0f,0f,0f,1f], start_interpolation: 0, interpolation_duration: 1 }
$data merge entity $(bone_leg_right_1) { transformation: [0.32524293143655225f,-0.8474495097756685f,0.4195787934721409f,-0.398948695772841f,-0.10394413203203792f,0.40897503798806273f,0.9066063289646554f,0.25983081102281114f,-0.9399003420398699f,-0.3384800535979071f,0.04492883650500491f,-0.09156005335603806f,0f,0f,0f,1f], start_interpolation: 0, interpolation_duration: 1 }
$data merge entity $(bone_leg_right_0) { transformation: [0.2429118410063132f,0.7171296394350017f,0.6532372599161409f,-0.1988026144403357f,-0.0379631644539467f,0.679918853017465f,-0.7323040020756799f,0.5908173634230247f,-0.9693052334757954f,0.15308635979485238f,0.19238485075804376f,0.06559186938726139f,0f,0f,0f,1f], start_interpolation: 0, interpolation_duration: 1 }
$data merge entity $(bone_tail_4) { transformation: [2.600325769062321f,-0.2989038962345157f,-0.8801270858042463f,0.40586743770764483f,-0.1463508649537759f,2.45050618677413f,-1.2646193832568746f,0.11924836678726843f,0.9179044888645718f,1.237472109179654f,2.291675251846284f,1.3765058059064508f,0f,0f,0f,1f], start_interpolation: 0, interpolation_duration: 1 }
$data merge entity $(bone_tail_3) { transformation: [2.050391267157122f,-0.16937089009801937f,-0.3211770215903709f,0.461984618879347f,0.03493871717987576f,1.9253615449228054f,-0.7922800852089734f,0.23474861697050495f,0.3614145316006007f,0.7747528308849976f,1.8987056415958863f,1.0469739294214622f,0f,0f,0f,1f], start_interpolation: 0, interpolation_duration: 1 }
$data merge entity $(bone_tail_2) { transformation: [1.8317123217063258f,-0.5733483242994498f,-0.3672540599299235f,0.5314743671126859f,0.2855451998962473f,1.6037174953146407f,-1.0795035938063036f,0.436018731458545f,0.6181163194158613f,0.9581940144081079f,1.587000416328566f,0.7526390863029842f,0f,0f,0f,1f], start_interpolation: 0, interpolation_duration: 1 }
$data merge entity $(bone_tail_1) { transformation: [1.4253463205478927f,-0.41960283789614256f,0.28280306739865513f,0.4743857776450064f,0.5035343062632632f,1.259661777908845f,-0.6688509981240236f,0.5640688774089136f,-0.04997318197352547f,0.7244597391884741f,1.3267693911823601f,0.45832508719062764f,0f,0f,0f,1f], start_interpolation: 0, interpolation_duration: 1 }
$data merge entity $(bone_tail_0) { transformation: [0.7687570776104357f,-0.138473505756466f,1.0117674438384565f,0.17538220252934866f,0.34389293664407833f,1.2275464961089253f,-0.0932896811069696f,0.6209531741155627f,-0.9615539092189282f,0.3283144905090881f,0.7755381303144181f,0.2396176338264901f,0f,0f,0f,1f], start_interpolation: 0, interpolation_duration: 1 }
$data merge entity $(bone_body_1) { transformation: [-0.07421327715277518f,-0.11674321470882969f,1.228604088537045f,-0.10238755407538132f,-0.016259438713325546f,1.2308091026611025f,0.11597059332239912f,0.5110879081632653f,-1.2340310430468202f,-0.009196177590160122f,-0.07541492008056006f,0.2577699741717811f,0f,0f,0f,1f], start_interpolation: 0, interpolation_duration: 1 }