# This file was generated by Animated Java via MC-Build. It is not recommended to edit this file directly.
$data merge entity $(bone_head_lower) { transformation: [-0.9601901417194494f,-0.15740400547138667f,-0.23077883526516677f,-0.4875614147198647f,-0.18007218510512174f,0.9803485356552712f,0.08056523313459996f,0.2437362276481731f,0.2135624028153132f,0.11891479176338565f,-0.9696650825948209f,0.885646112167217f,0f,0f,0f,1f], start_interpolation: 0, interpolation_duration: 1 }
$data merge entity $(bone_head_upper) { transformation: [-0.9994615184365493f,0.006819259505993348f,-0.29069247229297834f,-0.5077581246933183f,-0.1874370624458441f,0.7804445859235039f,0.6627560173305639f,0.30689137249137727f,0.222297016106125f,0.6887174228854589f,-0.7481472386020231f,0.8496047875816948f,0f,0f,0f,1f], start_interpolation: 0, interpolation_duration: 1 }
$data merge entity $(bone_neck_0) { transformation: [-0.9787299908299233f,-0.18291949690202466f,0.09288736568106712f,-0.49846647492750634f,-0.1735883173696236f,0.9797037680941874f,0.10023783145516427f,0.2975266002435184f,-0.10933755586641289f,0.081981610347451f,-0.9906181476441858f,0.7842541751922756f,0f,0f,0f,1f], start_interpolation: 0, interpolation_duration: 1 }
$data merge entity $(bone_neck_1) { transformation: [-0.9589722058388858f,-0.23266931587843367f,0.16197931311486435f,-0.4858165795827802f,-0.181144391458256f,0.942389894055061f,0.28122588256792636f,0.3256915960299054f,-0.21808030142981685f,0.2403461608421334f,-0.9458724570980632f,0.7052336082197999f,0f,0f,0f,1f], start_interpolation: 0, interpolation_duration: 1 }
$data merge entity $(bone_neck_2) { transformation: [-0.8852348816199198f,-0.15090433479473525f,0.43998532487291553f,-0.44874801298682593f,-0.013661314020514403f,0.9539382854636547f,0.2996917016300182f,0.3612864888065749f,-0.46494362331641836f,0.25928677032741454f,-0.8465209967098152f,0.6336105995362815f,0f,0f,0f,1f], start_interpolation: 0, interpolation_duration: 1 }
$data merge entity $(bone_body_0) { transformation: [-0.8009118167377693f,-0.1529796791139092f,0.578910597232432f,-0.17736694209407922f,0.0161675071779775f,0.9609357433482133f,0.27629894836475005f,0.5006592611748961f,-0.5985640095440552f,0.23065063393370966f,-0.7671514919131175f,0.27425221381723486f,0f,0f,0f,1f], start_interpolation: 0, interpolation_duration: 1 }
$data merge entity $(bone_leg_left_3) { transformation: [-0.8509663191829571f,-0.517592014652433f,0.08918985359470827f,0.5172335622047853f,-0.4612273236183514f,0.8176645029608932f,0.34452012502257157f,0.2018275989570513f,-0.2512482429074126f,0.25203822520751007f,-0.9345325320555655f,0.3489470750170305f,0f,0f,0f,1f], start_interpolation: 0, interpolation_duration: 1 }
$data merge entity $(bone_leg_left_2) { transformation: [-0.35508253069202506f,-0.7187055903720942f,0.6398756678183201f,0.36892848949812923f,-0.43339462296652365f,0.7284011140710037f,0.5776357998813096f,0.38879601557323373f,-0.8591552226936332f,-0.07040092960121322f,-0.5558400956482299f,0.31402589715134643f,0f,0f,0f,1f], start_interpolation: 0, interpolation_duration: 1 }
$data merge entity $(bone_leg_left_1) { transformation: [-0.48987321589889343f,-0.784808904602776f,-0.37960402474297783f,0.185609340618485f,-0.05386661440962254f,-0.40734842756502004f,0.9116828650426371f,0.23085272438366328f,-0.870127933235637f,0.4670570006075243f,0.1572740855531578f,0.4498986025855692f,0f,0f,0f,1f], start_interpolation: 0, interpolation_duration: 1 }
$data merge entity $(bone_leg_left_0) { transformation: [-0.5041384158991934f,0.012298889282432363f,0.863535288761884f,0.061522105268708854f,-0.0785851917304076f,0.995097086177031f,-0.060051284105152106f,0.6173111886345534f,-0.860040013752469f,-0.09813524547480934f,-0.5007001581188605f,0.35212594793946767f,0f,0f,0f,1f], start_interpolation: 0, interpolation_duration: 1 }
$data merge entity $(bone_leg_right_3) { transformation: [0.15777583526333522f,0.04262772518330993f,0.9865544398828952f,-0.3097045350343677f,0.03931318776076441f,0.9980045877025656f,-0.049409677116118045f,0.01305126494634326f,-0.9866920791589663f,0.04658025300841928f,0.1557851756574673f,-0.11113318249998923f,0f,0f,0f,1f], start_interpolation: 0, interpolation_duration: 1 }
$data merge entity $(bone_leg_right_2) { transformation: [0.2802566138667342f,0.5124186382987634f,0.8431758826061662f,-0.1646373670009832f,0.19635622250655207f,0.8300318664801188f,-0.5696960014000291f,0.18861970690435964f,-0.9669346739917873f,0.31707481649015473f,0.12869769415504412f,-0.031746086487954406f,0f,0f,0f,1f], start_interpolation: 0, interpolation_duration: 1 }
$data merge entity $(bone_leg_right_1) { transformation: [-0.17383598721946472f,-0.8238037779117384f,0.5395631427792126f,-0.4205175676557345f,-0.09918300692149898f,0.5597654741243716f,0.8226939559254871f,0.29508259966071093f,-0.9797672073944117f,0.0894983210829374f,-0.17901471961235876f,-0.017450596338977574f,0f,0f,0f,1f], start_interpolation: 0, interpolation_duration: 1 }
$data merge entity $(bone_leg_right_0) { transformation: [-0.25777017806468167f,0.737561482733892f,0.6241454914424078f,-0.15176391413812101f,-0.028214438780856416f,0.63995398221636f,-0.7678950749221563f,0.612141441529426f,-0.9657942227745948f,-0.2155503649563256f,-0.14415116864740016f,0.02195045793951561f,0f,0f,0f,1f], start_interpolation: 0, interpolation_duration: 1 }
$data merge entity $(bone_tail_4) { transformation: [2.5902866426411566f,-0.27912520071229724f,-0.915513824517206f,0.807426617290093f,-0.3339045441583484f,2.2119356672105517f,-1.6191076836060707f,0.23110296716850373f,0.8969861737759438f,1.629445015350052f,2.041074735918717f,0.9685510629752203f,0f,0f,0f,1f], start_interpolation: 0, interpolation_duration: 1 }
$data merge entity $(bone_tail_3) { transformation: [2.0800610876873873f,-0.0679595808342341f,0.0683585613222132f,0.7965005692719134f,0.0911246534035446f,1.8678434646194046f,-0.915861679111593f,0.36812094839878423f,-0.03142761644304948f,0.9178713488805814f,1.8688151374261965f,0.6426869843641396f,0f,0f,0f,1f], start_interpolation: 0, interpolation_duration: 1 }
$data merge entity $(bone_tail_2) { transformation: [1.9016491345042241f,-0.4499902446946448f,0.003636471059238581f,0.7971236457070224f,0.39260163367756795f,1.6513000403618596f,-0.9684244983153835f,0.5488321863953052f,0.2199281734471866f,0.9431282157709794f,1.697325732481426f,0.32754488275494265f,0f,0f,0f,1f], start_interpolation: 0, interpolation_duration: 1 }
$data merge entity $(bone_tail_1) { transformation: [1.2454539358335222f,-0.3043230478881313f,0.802426461578173f,0.6269805870503757f,0.6077256884260137f,1.3112798265620778f,-0.4459494972286162f,0.6281858974313722f,-0.6059457330024833f,0.689629573738979f,1.202038713885987f,0.061028457117434556f,0f,0f,0f,1f], start_interpolation: 0, interpolation_duration: 1 }
$data merge entity $(bone_tail_0) { transformation: [0.2498334351138387f,-0.10338398465923705f,1.249292088744352f,0.25941356275741284f,0.29640467572234247f,1.242611302726746f,0.04355611472227555f,0.645444212623789f,-1.2180161080598155f,0.2811843143486949f,0.26684800627904653f,-0.010165254050876205f,0f,0f,0f,1f], start_interpolation: 0, interpolation_duration: 1 }
$data merge entity $(bone_body_1) { transformation: [-0.6708086276628498f,-0.11521705499975954f,1.0321557103201613f,0.027212504597870127f,-0.01625943871332555f,1.2297502157224878f,0.12670687684365306f,0.5331542346938776f,-1.038439218617085f,0.055172748924876246f,-0.6687335434014512f,0.14158965115195368f,0f,0f,0f,1f], start_interpolation: 0, interpolation_duration: 1 }