# This file was generated by Animated Java via MC-Build. It is not recommended to edit this file directly.
$data merge entity $(bone_head_lower) { transformation: [-0.9630794491751061f,-0.24958926011563268f,-0.10091172286461889f,0.055831060454251936f,-0.25385405423776886f,0.9667232654984272f,0.03168985785870826f,0.32136386033127495f,0.08964426207863206f,0.0561367008203037f,-0.9943905556155435f,0.9275473862028227f,0f,0f,0f,1f], start_interpolation: 0, interpolation_duration: 1 }
$data merge entity $(bone_head_upper) { transformation: [-1.0024689973632643f,-0.1650338679542114f,-0.22647665296244388f,0.03620136972912701f,-0.264236579283571f,0.8368070524791217f,0.5598258029719857f,0.3786650308903279f,0.09331067504587226f,0.5966487425049879f,-0.8478061916341537f,0.882528417018765f,0f,0f,0f,1f], start_interpolation: 0, interpolation_duration: 1 }
$data merge entity $(bone_neck_0) { transformation: [-0.9832286653772783f,-0.15967779530016574f,0.08811579465961202f,0.04480867800502043f,-0.14517838629477176f,0.9776966013722928f,0.15176492288376112f,0.3726554971078939f,-0.11038400125590017f,0.1364271137023219f,-0.9844810891599651f,0.8166912238658184f,0f,0f,0f,1f], start_interpolation: 0, interpolation_duration: 1 }
$data merge entity $(bone_neck_1) { transformation: [-0.9907789014415723f,-0.13548381899557435f,0.0011415991440817952f,0.044281229417377686f,-0.12801206300773918f,0.9388325358465054f,0.31969732773441006f,0.40406314093300283f,-0.04438558530349618f,0.31660322870494323f,-0.9475190316773966f,0.7378824771946922f,0f,0f,0f,1f], start_interpolation: 0, interpolation_duration: 1 }
$data merge entity $(bone_neck_2) { transformation: [-0.9921943901127462f,-0.010315256851174733f,0.12427343925751037f,0.0550675219355215f,0.025495732691137814f,0.9587406034285539f,0.2831367566247702f,0.43825471405945016f,-0.12206662051248032f,0.2840951439457327f,-0.9509940532638022f,0.6573497346920774f,0f,0f,0f,1f], start_interpolation: 0, interpolation_duration: 1 }
$data merge entity $(bone_body_0) { transformation: [-0.9942492622668173f,0.0005424913164649801f,0.1070892626973458f,0.10554345776794893f,0.016642466725770046f,0.9886208123503065f,0.14950557745148382f,0.5181339810800711f,-0.1057895684043149f,0.15042803957704012f,-0.982944541734597f,0.19552467332661416f,0f,0f,0f,1f], start_interpolation: 0, interpolation_duration: 1 }
$data merge entity $(bone_leg_left_3) { transformation: [-0.7409377391643386f,-0.11149448600755472f,-0.6622539137460419f,0.6299407603392579f,-0.3969367337406765f,0.8681432638892512f,0.2979404349379281f,0.22020972357942853f,0.5417125585486475f,0.48362821769788156f,-0.6874963643227857f,-0.2995484237107698f,0f,0f,0f,1f], start_interpolation: 0, interpolation_duration: 1 }
$data merge entity $(bone_leg_left_2) { transformation: [-0.8947640285358746f,-0.5008380215406797f,-0.024916037368822346f,0.5110380100606919f,-0.43790125121958023f,0.7555611176207526f,0.5379889322474024f,0.41227684030984757f,-0.2443399822363771f,0.4799488235422516f,-0.8729314402413454f,-0.21502960501888196f,0f,0f,0f,1f], start_interpolation: 0, interpolation_duration: 1 }
$data merge entity $(bone_leg_left_1) { transformation: [-0.9772977145397468f,-0.13812350939213947f,-0.16065825004831621f,0.5014983748287718f,-0.0979292443161415f,-0.37793702595675427f,0.9206375331902528f,0.2627263206261307f,-0.18788038818103714f,0.9154700981267292f,0.35583066081041903f,0.018544843673045305f,0f,0f,0f,1f], start_interpolation: 0, interpolation_duration: 1 }
$data merge entity $(bone_leg_left_0) { transformation: [-0.9772757793134149f,-0.12416182071477129f,0.17180190174777032f,0.32512930815579555f,-0.12375671060377959f,0.99222599783148f,0.013108997210172071f,0.6368494515421601f,-0.17209395035238714f,-0.008450532771189484f,-0.9850442938000264f,0.07540532027097686f,0f,0f,0f,1f], start_interpolation: 0, interpolation_duration: 1 }
$data merge entity $(bone_leg_right_3) { transformation: [-0.7160919309575563f,0.018813893635318768f,0.6977523800201311f,-0.3059616687850726f,-0.0238651653088109f,0.9983923043076324f,-0.05141265003945572f,0.02504125162601964f,-0.6975978786537851f,-0.053468159736195564f,-0.7144916763631073f,0.09907118500135259f,0f,0f,0f,1f], start_interpolation: 0, interpolation_duration: 1 }
$data merge entity $(bone_leg_right_2) { transformation: [-0.48935968986164646f,0.6350735745534581f,0.6397427985863542f,-0.13739684067598254f,0.09201537994654928f,0.7593210985006362f,-0.683393619172563f,0.1807752226969323f,-0.896728756811389f,-0.2686544691166981f,-0.4192427845912437f,0.024882903952033963f,0f,0f,0f,1f], start_interpolation: 0, interpolation_duration: 1 }
$data merge entity $(bone_leg_right_1) { transformation: [-0.8350612314888526f,-0.43484603492237567f,0.3370187911327927f,-0.2900358986253875f,-0.09676043869576861f,0.7191231576872074f,0.6881128552653136f,0.3377165420099034f,-0.5415811639705753f,0.5420062822424367f,-0.6425877627546361f,0.19542359100467804f,0f,0f,0f,1f], start_interpolation: 0, interpolation_duration: 1 }
$data merge entity $(bone_leg_right_0) { transformation: [-0.8796757168920116f,0.3800485541583375f,0.2858911149243406f,-0.061804964480181995f,-0.018457869800702062f,0.5734127042759136f,-0.8190587143895144f,0.6316797044370327f,-0.47521567751174365f,-0.7257830027336963f,-0.4974023449783017f,0.006205255742206386f,0f,0f,0f,1f], start_interpolation: 0, interpolation_duration: 1 }
$data merge entity $(bone_tail_4) { transformation: [2.6103081022906856f,0.28048408556001136f,-0.8563186442342368f,1.2429164270586455f,-0.6005900759964637f,2.4979230646230977f,-1.0125874063203193f,0.49062872062703355f,0.6717473508173722f,1.1434029790810911f,2.4221986821271133f,-0.062979311533012f,0f,0f,0f,1f], start_interpolation: 0, interpolation_duration: 1 }
$data merge entity $(bone_tail_3) { transformation: [1.797197380922937f,0.346958159397407f,0.9927976307766562f,1.0711793788751236f,-0.017190876823592573f,1.9751405841846352f,-0.6591431350664717f,0.5830667370470285f,-1.0515377186778487f,0.5607006637937791f,1.707579783747583f,-0.35800863691663054f,0f,0f,0f,1f], start_interpolation: 0, interpolation_duration: 1 }
$data merge entity $(bone_tail_2) { transformation: [1.2524825431335147f,0.16406986441846563f,1.4910206013795668f,0.7949670885185668f,0.49344634787055386f,1.789269229405467f,-0.611392019475846f,0.697513816320878f,-1.4165352293260451f,0.7683557634945204f,1.1053647541810514f,-0.5643581478702813f,0f,0f,0f,1f], start_interpolation: 0, interpolation_duration: 1 }
$data merge entity $(bone_tail_1) { transformation: [0.038973187577719955f,0.10269744346559909f,1.5085060741527234f,0.469060807758307f,0.5729942865116581f,1.3954486083132143f,-0.10980427670045054f,0.7035371312796219f,-1.399219385327057f,0.5743106012101321f,-0.002948739159195433f,-0.5694071910222634f,0f,0f,0f,1f], start_interpolation: 0, interpolation_duration: 1 }
$data merge entity $(bone_tail_0) { transformation: [-0.869249882914446f,-0.00909278589837423f,0.9371006770256095f,0.19499878456418485f,0.22212560816422042f,1.239734080770084f,0.2180718683344033f,0.6697284546519502f,-0.9104397683729134f,0.311146985853613f,-0.8415002661576017f,-0.31599272393679656f,0f,0f,0f,1f], start_interpolation: 0, interpolation_duration: 1 }
$data merge entity $(bone_body_1) { transformation: [-1.2169520025012548f,-0.04103904839864129f,0.21435534789449495f,0.1479284399618775f,-0.016259438713325556f,1.22798631826415f,0.14279295453570484f,0.5538175000000001f,-0.21764202102802577f,0.13773160029144452f,-1.2092421395321302f,-0.04413806597095485f,0f,0f,0f,1f], start_interpolation: 0, interpolation_duration: 1 }