# This file was generated by Animated Java via MC-Build. It is not recommended to edit this file directly.
$data merge entity $(bone_head_lower) { transformation: [-0.9552014181220113f,-0.29445353840458466f,-0.029788664601121756f,0.18823315352966172f,-0.29569956325703023f,0.9537187248721364f,0.054611007295852165f,0.3195795841848875f,0.012329602884923352f,0.06097300672663142f,-0.998063261193104f,0.6449746649702156f,0f,0f,0f,1f], start_interpolation: 0, interpolation_duration: 1 }
$data merge entity $(bone_head_upper) { transformation: [-0.9942687581226108f,-0.2548640844733776f,-0.1730487724613361f,0.17027207195115207f,-0.30779355218609145f,0.8462203955772822f,0.5221552584482921f,0.3744816994493464f,0.012833878505582182f,0.5499338897886563f,-0.88367412036787f,0.5964091033054406f,0f,0f,0f,1f], start_interpolation: 0, interpolation_duration: 1 }
$data merge entity $(bone_neck_0) { transformation: [-0.9838215631424997f,-0.1583927094005052f,0.08370711740715685f,0.17857363911603472f,-0.14022818673175794f,0.9716341425074155f,0.1904288548508402f,0.37106905354402975f,-0.11149523551153052f,0.1756099163562418f,-0.9781257433150311f,0.5303472074438416f,0f,0f,0f,1f], start_interpolation: 0, interpolation_duration: 1 }
$data merge entity $(bone_neck_1) { transformation: [-0.9918318588424473f,-0.09412938263713393f,-0.08607684421194702f,0.17084815835306608f,-0.11813765224193967f,0.9323664719736544f,0.3416668802535051f,0.40430801846987857f,0.04809427105070087f,0.34904501323432846f,-0.9358709952917385f,0.45267465758116204f,0f,0f,0f,1f], start_interpolation: 0, interpolation_duration: 1 }
$data merge entity $(bone_neck_2) { transformation: [-0.9975511980009365f,0.040235345454688286f,-0.0572077297490341f,0.16623026134816987f,0.022148289817926745f,0.9575892612843835f,0.287284284169827f,0.43885167375654915f,0.06634049008740997f,0.28531372846214514f,-0.9561354588791232f,0.3717034200901339f,0f,0f,0f,1f], start_interpolation: 0, interpolation_duration: 1 }
$data merge entity $(bone_body_0) { transformation: [-0.9852743350289961f,0.02664539006745366f,-0.16889200076179753f,0.08688592538126766f,0.010639845169681262f,0.9954229383132842f,0.0949735098567639f,0.4930949805674869f,0.17064957787212648f,0.09177797703098961f,-0.9810481764440339f,-0.08978660658358609f,0f,0f,0f,1f], start_interpolation: 0, interpolation_duration: 1 }
$data merge entity $(bone_leg_left_3) { transformation: [-0.4117278065084473f,0.07041295543462686f,-0.9085825383831146f,0.37424116056373347f,-0.21820869615201502f,0.9603898146648833f,0.1733100366729787f,0.12630830212072247f,0.8847966875341364f,0.26961717229233145f,-0.38005447258742703f,-0.6997482338265559f,0f,0f,0f,1f], start_interpolation: 0, interpolation_duration: 1 }
$data merge entity $(bone_leg_left_2) { transformation: [-0.8928894902670662f,-0.2713291238653084f,-0.42566543694995634f,0.29645455776272917f,-0.4308960419543793f,0.8602245775712964f,0.3555340724473944f,0.33714451472338247f,0.26294326136899304f,0.4883199588235804f,-0.8628248133983334f,-0.6121787874079541f,0f,0f,0f,1f], start_interpolation: 0, interpolation_duration: 1 }
$data merge entity $(bone_leg_left_1) { transformation: [-0.95652005281689f,0.28229771214962673f,-0.07333069121630152f,0.39608490389918005f,-0.13067460935785363f,-0.19000735539634855f,0.9730474558645421f,0.23652113237794736f,0.26075569989617936f,0.9403218633055238f,0.21863498887708108f,-0.37351141487064843f,0f,0f,0f,1f], start_interpolation: 0, interpolation_duration: 1 }
$data merge entity $(bone_leg_left_0) { transformation: [-0.9481691327173141f,-0.17920555354537737f,-0.2624131577123972f,0.23683609200438588f,-0.15423752928387555f,0.9815493267243449f,-0.11301196293928807f,0.6131751133951316f,0.27782382965199753f,-0.06668049778968585f,-0.9583149956522737f,-0.2893753758715598f,0f,0f,0f,1f], start_interpolation: 0, interpolation_duration: 1 }
$data merge entity $(bone_leg_right_3) { transformation: [-0.9837781410839769f,-0.059740761917684515f,0.16914966890552866f,-0.3328412815916406f,-0.054272587786667936f,0.9978488194129631f,0.03677254153705245f,0.043216691396948836f,-0.17098261707054832f,0.026995832301493605f,-0.9849041423905456f,0.01848175611896563f,0f,0f,0f,1f], start_interpolation: 0, interpolation_duration: 1 }
$data merge entity $(bone_leg_right_2) { transformation: [-0.8303180544321199f,0.5098111053307316f,0.3205101634366868f,-0.20281171609396453f,0.09359460126237917f,0.64853855695204f,-0.7891134204040609f,0.16985774752111743f,-0.5948732458257725f,-0.6095511270834612f,-0.5715202921792774f,-0.1403433900835686f,0f,0f,0f,1f], start_interpolation: 0, interpolation_duration: 1 }
$data merge entity $(bone_leg_right_1) { transformation: [-0.9851225766322054f,-0.170204189797724f,0.023749584940062227f,-0.26992979632059316f,-0.1035524022444615f,0.6981939642841388f,0.7083799038839255f,0.3199031045674204f,-0.13715104446895818f,0.6953817095757543f,-0.7054316898102713f,0.0832520924184375f,0f,0f,0f,1f], start_interpolation: 0, interpolation_duration: 1 }
$data merge entity $(bone_leg_right_0) { transformation: [-0.9979740183536056f,0.03646823821231407f,0.05213373469115472f,-0.1438151399025716f,-0.023199367736215053f,0.5544154573386703f,-0.8319166364489852f,0.6080053662900042f,-0.059242282432378196f,-0.8314406582947714f,-0.5524461817286452f,-0.1913375264518855f,0f,0f,0f,1f], start_interpolation: 0, interpolation_duration: 1 }
$data merge entity $(bone_tail_4) { transformation: [2.4984201092045732f,0.3961539571037033f,1.1075289304543192f,1.0251742664319135f,-0.07753025291601572f,2.649938894962881f,-0.7729645816243358f,0.6758345212065229f,-1.1736896307819151f,0.6682418924566031f,2.408644173671369f,-1.004501439920609f,0f,0f,0f,1f], start_interpolation: 0, interpolation_duration: 1 }
$data merge entity $(bone_tail_3) { transformation: [0.7665563956855839f,0.21612617509489584f,1.923961094907281f,0.6968265987430833f,0.14018561992887613f,2.057650568401083f,-0.28699765916867653f,0.7043629922544485f,-1.930980271842032f,0.23517895493005617f,0.742934435168625f,-1.132777076335865f,0f,0f,0f,1f], start_interpolation: 0, interpolation_duration: 1 }
$data merge entity $(bone_tail_2) { transformation: [-0.0022826904676885736f,0.23392763409769746f,1.940115080693014f,0.3362174185469637f,0.5043866954212486f,1.874448016328634f,-0.22541643810170073f,0.7470864122971499f,-1.8879519924534731f,0.500496124949913f,-0.0625681876344493f,-1.1224227290711575f,0f,0f,0f,1f], start_interpolation: 0, interpolation_duration: 1 }
$data merge entity $(bone_tail_1) { transformation: [-0.8338357618945135f,0.18586873432582793f,1.2481293946486127f,0.06615846822202398f,0.4764761948365437f,1.431633988307198f,0.10512282947920695f,0.7065096937369562f,-1.1684796138315316f,0.4511465251154453f,-0.8478080295304912f,-0.9443823677507347f,0f,0f,0f,1f], start_interpolation: 0, interpolation_duration: 1 }
$data merge entity $(bone_tail_0) { transformation: [-1.2172954606394701f,0.0694658480030818f,0.383669094470458f,-0.044282223826789154f,0.1641795451865992f,1.2321470271266604f,0.29781621357690136f,0.649214776878837f,-0.35365598401962595f,0.3329022620652702f,-1.182344808193855f,-0.5908402099494596f,0f,0f,0f,1f], start_interpolation: 0, interpolation_duration: 1 }
$data merge entity $(bone_body_1) { transformation: [-1.1971911295630973f,0.022665439740346443f,-0.3079355000532781f,0.025781788234653012f,-0.01625943871332555f,1.2266934725212373f,0.1535035836153878f,0.5309008333333334f,0.3083401125452432f,0.1526892182553027f,-1.187525567169154f,-0.325041852573804f,0f,0f,0f,1f], start_interpolation: 0, interpolation_duration: 1 }