# This file was generated by Animated Java via MC-Build. It is not recommended to edit this file directly.
$data merge entity $(bone_head_lower) { transformation: [-0.9519638365844793f,-0.30590589669414997f,-0.013654164313761943f,0.21120809758356904f,-0.30584656527823023f,0.9477134566080827f,0.09108832346392748f,0.30779971664274297f,-0.014924220008709493f,0.09088886912987704f,-0.9957492059376314f,0.48490412179515596f,0f,0f,0f,1f], start_interpolation: 0, interpolation_duration: 1 }
$data merge entity $(bone_head_upper) { transformation: [-0.9908987608491859f,-0.278540034686067f,-0.15494204532062886f,0.19396465501136653f,-0.318355562362041f,0.8402497855690467f,0.5254540668296582f,0.36279189584668736f,-0.01553461438864071f,0.5476017617865768f,-0.8850779224608082f,0.43618061200309266f,0f,0f,0f,1f], start_interpolation: 0, interpolation_duration: 1 }
$data merge entity $(bone_neck_0) { transformation: [-0.9846340143525426f,-0.1568265255185043f,0.07681991065987397f,0.20179572289675482f,-0.13740954992593088f,0.9672543514642983f,0.21339549002388225f,0.36093449708282066f,-0.10777046612662589f,0.19956066863781965f,-0.9739409972702022f,0.3699993404838531f,0f,0f,0f,1f], start_interpolation: 0, interpolation_duration: 1 }
$data merge entity $(bone_neck_1) { transformation: [-0.9898168683827201f,-0.07871865580171153f,-0.11859991692154231f,0.1913861063021441f,-0.11624145379399697f,0.9278944620703301f,0.35425949765542025f,0.3952196199900917f,0.082161374653076f,0.36443825332693097f,-0.9275959616272229f,0.2930987093153265f,0f,0f,0f,1f], start_interpolation: 0, interpolation_duration: 1 }
$data merge entity $(bone_neck_2) { transformation: [-0.9911725318603183f,0.053374376684318964f,-0.12135974620592599f,0.18127665084313332f,0.014889650354526746f,0.9544050655310031f,0.29814303480222637f,0.4306834080062423f,0.13173955517583266f,0.29370418247332136f,-0.9467748110293976f,0.21302968256959637f,0f,0f,0f,1f], start_interpolation: 0, interpolation_duration: 1 }
$data merge entity $(bone_body_0) { transformation: [-0.9657198923834615f,0.025842134222979124f,-0.25829687097151843f,0.05978848279866447f,0.0037321788028167498f,0.996311818003885f,0.08572532967085891f,0.4805765498663913f,0.25955955057801183f,0.08182264603760483f,-0.9622545891286491f,-0.23969783385021098f,0f,0f,0f,1f], start_interpolation: 0, interpolation_duration: 1 }
$data merge entity $(bone_leg_left_3) { transformation: [-0.26968613441531797f,0.07081568198976985f,-0.9603408395400286f,0.276045523546126f,-0.12279400921534853f,0.9866214309816415f,0.10723704224081493f,0.08345226063077313f,0.9550869176179431f,0.14684444528841167f,-0.25738237834590516f,-0.8517325107553442f,0f,0f,0f,1f], start_interpolation: 0, interpolation_duration: 1 }
$data merge entity $(bone_leg_left_2) { transformation: [-0.8296570760130771f,-0.22684964463075435f,-0.5588117522502778f,0.204610302645046f,-0.41973476449943287f,0.8996322961700474f,0.25796639056107173f,0.3004763921960033f,0.4330751241906316f,0.4373364493378096f,-0.8205150616463786f,-0.774475746655447f,0f,0f,0f,1f], start_interpolation: 0, interpolation_duration: 1 }
$data merge entity $(bone_leg_left_1) { transformation: [-0.9031512182018879f,0.418527848726295f,-0.09566774221745436f,0.34137191942189016f,-0.14727176663852978f,-0.09270745962672342f,0.9847417700497552f,0.22599667109919502f,0.4032727412206437f,0.9034598866414039f,0.14536619076762272f,-0.5447750348984068f,0f,0f,0f,1f], start_interpolation: 0, interpolation_duration: 1 }
$data merge entity $(bone_leg_left_0) { transformation: [-0.8914846946928399f,-0.22691263018916186f,-0.39212969460250124f,0.1805425140470348f,-0.16954130207078968f,0.9697328034647515f,-0.1757100929842523f,0.6013356649509735f,0.4201318674184992f,-0.09016067959498741f,-0.902973015008984f,-0.4578163054599074f,0f,0f,0f,1f], start_interpolation: 0, interpolation_duration: 1 }
$data merge entity $(bone_leg_right_3) { transformation: [-0.9983795939796517f,-0.04805903261826186f,-0.03047155573354729f,-0.3366338040492398f,-0.05008819440893336f,0.9963059066531759f,0.06975466399350261f,0.04580626891740126f,0.027006649290104767f,0.07116789832354475f,-0.9970986767328149f,-0.07478091765046663f,0f,0f,0f,1f], start_interpolation: 0, interpolation_duration: 1 }
$data merge entity $(bone_leg_right_2) { transformation: [-0.9172776683400351f,0.4152096191345236f,0.19561403539502725f,-0.23238065015486792f,0.10709760917658352f,0.618701556740866f,-0.8110491263146663f,0.1647935037748668f,-0.44631152883834735f,-0.7048911656172796f,-0.5966545594909874f,-0.25683692526918367f,0f,0f,0f,1f], start_interpolation: 0, interpolation_duration: 1 }
$data merge entity $(bone_leg_right_1) { transformation: [-0.9939120963612658f,-0.06309795469704449f,-0.09031828618726126f,-0.2645266300232664f,-0.1092930755641038f,0.6682258627282024f,0.7358866896573747f,0.30512427826753685f,0.013920069701456199f,0.741277845678798f,-0.6710539375976473f,-0.019587488244870388f,0f,0f,0f,1f], start_interpolation: 0, interpolation_duration: 1 }
$data merge entity $(bone_leg_right_0) { transformation: [-0.9955160443707215f,-0.09137596316942287f,-0.0244589197499005f,-0.18265844368976103f,-0.031109298915045686f,0.5604540945836095f,-0.8276010025280786f,0.596165917845846f,0.08933094044890671f,-0.8231291765083574f,-0.560783685443137f,-0.307510468679717f,0f,0f,0f,1f], start_interpolation: 0, interpolation_duration: 1 }
$data merge entity $(bone_tail_4) { transformation: [1.872504904899527f,0.28107441978044817f,2.0100706164889575f,0.8278872248461767f,0.14949575278205426f,2.708322628585681f,-0.5179776935263419f,0.7695709488365373f,-2.0241140611703035f,0.4600511293713192f,1.821256861987576f,-1.4013340022424394f,0f,0f,0f,1f], start_interpolation: 0, interpolation_duration: 1 }
$data merge entity $(bone_tail_3) { transformation: [0.11400957498822f,0.042656549806271836f,2.0787322486588007f,0.4749936253822284f,0.14337665138085368f,2.0767379492896936f,-0.05047922209477373f,0.7578078482824001f,-2.074220450842741f,0.14589528704898352f,0.11076828321805839f,-1.421543909651859f,0f,0f,0f,1f], start_interpolation: 0, interpolation_duration: 1 }
$data merge entity $(bone_tail_2) { transformation: [-0.5647061770025382f,0.15724861107229693f,1.8641764087590496f,0.12806715120924977f,0.43804358473295635f,1.9042351297180675f,-0.027933199327884316f,0.7637775964153286f,-1.8187904295251436f,0.4097991216025522f,-0.585525343947038f,-1.313943409679621f,0f,0f,0f,1f], start_interpolation: 0, interpolation_duration: 1 }
$data merge entity $(bone_tail_1) { transformation: [-1.0947037365976748f,0.18004149428333907f,1.028039415302405f,-0.0943104331872421f,0.4159048235367313f,1.44167614530611f,0.1903925413827878f,0.7047869004007259f,-0.9572372521156755f,0.4204892417072504f,-1.0929510010839887f,-1.0829780773448265f,0f,0f,0f,1f], start_interpolation: 0, interpolation_duration: 1 }
$data merge entity $(bone_tail_0) { transformation: [-1.2638316834284065f,0.09801818691645812f,0.16418778145817692f,-0.13992456555403499f,0.13768620224640124f,1.2280671059391677f,0.3266946733651895f,0.6389545706286203f,-0.13269401741416553f,0.34070417509598405f,-1.2248055679979097f,-0.7168396245896116f,0f,0f,0f,1f], start_interpolation: 0, interpolation_duration: 1 }
$data merge entity $(bone_body_1) { transformation: [-1.1423080458008255f,0.04584981030767368f,-0.4707809665329513f,-0.03356289552316592f,-0.016259438713325546f,1.2260120116718682f,0.15885456539009696f,0.5194425f,0.47272883792685744f,0.15296057396368298f,-1.1321374049386734f,-0.4639365168006097f,0f,0f,0f,1f], start_interpolation: 0, interpolation_duration: 1 }