# This file was generated by Animated Java via MC-Build. It is not recommended to edit this file directly.
$data merge entity $(bone_head_lower) { transformation: [-0.9498800417475638f,-0.3116714766878103f,0.02426513772649408f,0.21129501521213728f,-0.3069664979951473f,0.9445922943758644f,0.11626248971330222f,0.31893036270547304f,-0.05915636397076167f,0.10298683423127558f,-0.9929220697400065f,0.48746337125421013f,0f,0f,0f,1f], start_interpolation: 0, interpolation_duration: 1 }
$data merge entity $(bone_head_upper) { transformation: [-0.9887297396716885f,-0.3053562058161597f,-0.11244123817274874f,0.19637998960718062f,-0.31952129986044137f,0.8429993337497818f,0.5203174077584037f,0.3736298126650409f,-0.06157583460868084f,0.5287548141156639f,-0.8944823674758832f,0.43765404805943986f,0f,0f,0f,1f], start_interpolation: 0, interpolation_duration: 1 }
$data merge entity $(bone_neck_0) { transformation: [-0.9816603476358694f,-0.15963378189026514f,0.10421140800716033f,0.20602684923856351f,-0.1346862791664999f,0.9676164619483235f,0.2134900203074891f,0.3717717687175795f,-0.13491689324805572f,0.1955388407606523f,-0.9713711925264578f,0.371712998429952f,0f,0f,0f,1f], start_interpolation: 0, interpolation_duration: 1 }
$data merge entity $(bone_neck_1) { transformation: [-0.9913010785334121f,-0.07897384058492676f,-0.10528677125717328f,0.1967438552123635f,-0.11093016908246461f,0.9318504019602574f,0.34546971785359487f,0.40533050643035645f,0.07082844969240512f,0.3541439832466073f,-0.9325048899841742f,0.2943490921844306f,0f,0f,0f,1f], start_interpolation: 0, interpolation_duration: 1 }
$data merge entity $(bone_neck_2) { transformation: [-0.9917978008956922f,0.052913125352543014f,-0.11635000345464017f,0.18706877485261586f,0.017028711570196517f,0.9568734993475132f,0.29000539517171675f,0.44010554369241195f,0.12667732678237156f,0.28564542252917446f,-0.9499260747381353f,0.2139250908067591f,0f,0f,0f,1f], start_interpolation: 0, interpolation_duration: 1 }
$data merge entity $(bone_body_0) { transformation: [-0.9655531842568413f,0.026209296600061705f,-0.25888244657219267f,0.06530812490405244f,0.007679619635837357f,0.9973512379553162f,0.07232932732472397f,0.48369510165614865f,0.26009242936641397f,0.06784969359347318f,-0.9631969410590695f,-0.2393796623822565f,0f,0f,0f,1f], start_interpolation: 0, interpolation_duration: 1 }
$data merge entity $(bone_leg_left_3) { transformation: [-0.2667738863289434f,0.09036033666897134f,-0.9595137847524768f,0.2623613547376677f,-0.10732869881794685f,0.9866165286462086f,0.12275331283575025f,0.07292094717835157f,0.9577641901757439f,0.13573074434031268f,-0.253505268303888f,-0.8371437228346099f,0f,0f,0f,1f], start_interpolation: 0, interpolation_duration: 1 }
$data merge entity $(bone_leg_left_2) { transformation: [-0.8266825830017329f,-0.1983796278665892f,-0.5738498320203563f,0.19710232394914615f,-0.39631369561806773f,0.9107227550691335f,0.2560892765531804f,0.2925085723173371f,0.4599930011726559f,0.4281258998793409f,-0.8106644510679939f,-0.7616877366414734f,0f,0f,0f,1f], start_interpolation: 0, interpolation_duration: 1 }
$data merge entity $(bone_leg_left_1) { transformation: [-0.8956533425727802f,0.4390905941323745f,-0.07074277406692969f,0.3379789443456289f,-0.11991549969167495f,-0.0852438909878527f,0.9891176633661676f,0.21927957145737403f,0.4282818731535367f,0.8943896964934969f,0.1290027439024782f,-0.5340813287385269f,0f,0f,0f,1f], start_interpolation: 0, interpolation_duration: 1 }
$data merge entity $(bone_leg_left_0) { transformation: [-0.8837836479189896f,-0.22293331726984744f,-0.4113723370889991f,0.18117386194226645f,-0.14228158191126195f,0.9656087512496359f,-0.2176136276958488f,0.5995801789992912f,0.44573805662051386f,-0.1337926588463664f,-0.8851085296837824f,-0.4627308374986168f,0f,0f,0f,1f], start_interpolation: 0, interpolation_duration: 1 }
$data merge entity $(bone_leg_right_3) { transformation: [-0.996469617567055f,-0.03869420979378925f,-0.07450543197781558f,-0.32174591591453117f,-0.04373854369818894f,0.9967731066119008f,0.06730760529405955f,0.050974604984150323f,0.0716605962920229f,0.07032874279904006f,-0.9949465447326189f,-0.06326361518673018f,0f,0f,0f,1f], start_interpolation: 0, interpolation_duration: 1 }
$data merge entity $(bone_leg_right_2) { transformation: [-0.9365039861490114f,0.38383487751591616f,0.1664129509084186f,-0.22567878575161018f,0.10764853451374276f,0.6153521968164253f,-0.8135205383952739f,0.16910387650960057f,-0.40427005385602033f,-0.725310044171618f,-0.6021239597289825f,-0.25031348494648814f,0f,0f,0f,1f], start_interpolation: 0, interpolation_duration: 1 }
$data merge entity $(bone_leg_right_1) { transformation: [-0.9924480589292128f,-0.03215221111409907f,-0.1183768797025484f,-0.24790049434220146f,-0.10946845528751203f,0.6675888909231309f,0.7364385446274452f,0.3092288445532412f,0.05534896227214379f,0.7438355382989561f,-0.6660669518441058f,-0.011808611499740496f,0f,0f,0f,1f], start_interpolation: 0, interpolation_duration: 1 }
$data merge entity $(bone_leg_right_0) { transformation: [-0.9911659750570639f,-0.12442925498200069f,-0.045906104101784306f,-0.17776997678339143f,-0.03214642708908442f,0.5611977691352947f,-0.827057235711637f,0.6006388016392055f,0.12867251887868597f,-0.8182752742336727f,-0.5602400900178615f,-0.30244451083521995f,0f,0f,0f,1f], start_interpolation: 0, interpolation_duration: 1 }
$data merge entity $(bone_tail_4) { transformation: [1.093140180784882f,0.021272470131767224f,2.535794423601425f,0.7280640430179084f,0.2095806403712014f,2.751158271583412f,-0.11342597356764966f,0.8546485521294316f,-2.5272083079823853f,0.23735412006675805f,1.0874477097093649f,-1.5707796336049884f,0f,0f,0f,1f], start_interpolation: 0, interpolation_duration: 1 }
$data merge entity $(bone_tail_3) { transformation: [-0.3899313653884026f,-0.1914306142786067f,2.0364806348815825f,0.3846254825530071f,0.021950359711271177f,2.072643154012772f,0.19903282110490841f,0.8006175003349462f,-2.045340372172643f,0.058738420861885146f,-0.3861063142707849f,-1.5058850724881772f,0f,0f,0f,1f], start_interpolation: 0, interpolation_duration: 1 }
$data merge entity $(bone_tail_2) { transformation: [-0.9277815572576578f,0.0014770964290738377f,1.719881703839386f,0.06421753830969348f,0.2807162638389617f,1.9280922395147777f,0.1497750651542527f,0.7734410122070697f,-1.696818681012095f,0.3181697803246018f,-0.9156135809714405f,-1.3368535022773151f,0f,0f,0f,1f], start_interpolation: 0, interpolation_duration: 1 }
$data merge entity $(bone_tail_1) { transformation: [-1.2220151667976333f,0.12391105253240509f,0.8825991350419872f,-0.12605515402809064f,0.3243763615170984f,1.4569206801590069f,0.24457791767440065f,0.7026913227927478f,-0.8301296032581185f,0.38689072460493124f,-1.2036846177505094f,-1.0817702590073268f,0f,0f,0f,1f], start_interpolation: 0, interpolation_duration: 1 }
$data merge entity $(bone_tail_0) { transformation: [-1.2721078254162141f,0.09884118453695105f,0.0762090371162829f,-0.14593999208329295f,0.11526256197290219f,1.2297452414558268f,0.3290545540001246f,0.6362098774497382f,-0.04787419875362376f,0.33435427010898255f,-1.2327818135167372f,-0.7134541964450161f,0f,0f,0f,1f], start_interpolation: 0, interpolation_duration: 1 }
$data merge entity $(bone_body_1) { transformation: [-1.1289189255499954f,0.06212255499758168f,-0.5002873601759957f,-0.033814583683460436f,0.0033294878036015836f,1.2278364906304988f,0.14495192942281457f,0.5198070833333334f,0.5041186061853498f,0.131007387169592f,-1.1212966112768676f,-0.4615927184058052f,0f,0f,0f,1f], start_interpolation: 0, interpolation_duration: 1 }