# This file was generated by Animated Java via MC-Build. It is not recommended to edit this file directly.
$data merge entity $(bone_head_lower) { transformation: [-0.9459228005962002f,-0.31953404424166765f,0.055928971766027236f,0.21871745183880698f,-0.30243453449873936f,0.9310425636801574f,0.20418887569701655f,0.32217228751588056f,-0.11731755049766382f,0.1762320606088597f,-0.9773325192373286f,0.48684654235903224f,0f,0f,0f,1f], start_interpolation: 0, interpolation_duration: 1 }
$data merge entity $(bone_head_upper) { transformation: [-0.9846106490060846f,-0.33113309592123064f,-0.06606576445440421f,0.20642189464460298f,-0.31480398094534845f,0.826567942661261f,0.548776668900199f,0.37846614580912075f,-0.12211578943070557f,0.539080932267001f,-0.8820155469272429f,0.43810972584890806f,0f,0f,0f,1f], start_interpolation: 0, interpolation_duration: 1 }
$data merge entity $(bone_neck_0) { transformation: [-0.9784428260217595f,-0.16430548173983242f,0.12511332813411266f,0.217495102408819f,-0.13053029927809956f,0.9614883817628889f,0.24187172779254573f,0.37854144361390313f,-0.16003586215883697f,0.22032657671107947f,-0.9622082531437018f,0.3723669341957695f,0f,0f,0f,1f], start_interpolation: 0, interpolation_duration: 1 }
$data merge entity $(bone_neck_1) { transformation: [-0.9923384427687282f,-0.07778478254213371f,-0.09598928381964426f,0.20900520543987122f,-0.10665430029232587f,0.9314999316473456f,0.34775384623343153f,0.41229206240671445f,0.06236405400941836f,0.35532718013946485f,-0.9326592731655255f,0.2949954005086942f,0f,0f,0f,1f], start_interpolation: 0, interpolation_duration: 1 }
$data merge entity $(bone_neck_2) { transformation: [-0.9914814456578379f,0.05033407078531879f,-0.12012919809281239f,0.19897378872973767f,0.012555713693059956f,0.9549515217303534f,0.2964961132941552f,0.4476169178945735f,0.1296414168770983f,0.2924620872233888f,-0.9474486954801495f,0.21485517554213848f,0f,0f,0f,1f], start_interpolation: 0, interpolation_duration: 1 }
$data merge entity $(bone_body_0) { transformation: [-0.9632136379039751f,0.022411518453890028f,-0.2678006937936886f,0.07297382372504535f,0.0036998891005731f,0.9975279867713042f,0.070172832553862f,0.49019181171306664f,0.2687113666677194f,0.0666005964581387f,-0.9609154811818708f,-0.2373862333738134f,0f,0f,0f,1f], start_interpolation: 0, interpolation_duration: 1 }
$data merge entity $(bone_leg_left_3) { transformation: [-0.2775270106258505f,0.12509169021500643f,-0.9525391474434171f,0.24381160676624664f,-0.07424251606773793f,0.9857294184802255f,0.15108131039466444f,0.054652179764214825f,0.9578448763662157f,0.11264804739448474f,-0.26427941697604695f,-0.8007319682373085f,0f,0f,0f,1f], start_interpolation: 0, interpolation_duration: 1 }
$data merge entity $(bone_leg_left_2) { transformation: [-0.825924831628223f,-0.1506159077884193f,-0.5892581949550266f,0.18921121790641837f,-0.3485631709830464f,0.9315813802856829f,0.2504437007392298f,0.27900152570292386f,0.4984115647081529f,0.40191190543051547f,-0.8013207422368884f,-0.7310380619093899f,0f,0f,0f,1f], start_interpolation: 0, interpolation_duration: 1 }
$data merge entity $(bone_leg_left_1) { transformation: [-0.8853791893042039f,0.46416397348657035f,-0.02560267298913846f,0.3343008140608549f,-0.06483246498519905f,-0.0687541933420755f,0.9955247924496023f,0.20881543722733953f,0.4603264522390315f,0.8830768180713606f,0.09096642652093029f,-0.5051258937289096f,0f,0f,0f,1f], start_interpolation: 0, interpolation_duration: 1 }
$data merge entity $(bone_leg_left_0) { transformation: [-0.8732843612403793f,-0.21858022871582927f,-0.43542750031149635f,0.18238394745086892f,-0.08724754073682073f,0.9494274717196265f,-0.3016211905345093f,0.5960006067303588f,0.47933525955051476f,-0.2254110901411325f,-0.8481907505938902f,-0.46884657839944055f,0f,0f,0f,1f], start_interpolation: 0, interpolation_duration: 1 }
$data merge entity $(bone_leg_right_3) { transformation: [-0.988964331780433f,-0.021142064358313492f,-0.1466375244633864f,-0.29163505709775844f,-0.03342929741689965f,0.9960845238814615f,0.08184194131405986f,0.05050266734068701f,0.1443330611477971f,0.08584075022103715f,-0.985798829914702f,-0.06316942494211542f,0f,0f,0f,1f], start_interpolation: 0, interpolation_duration: 1 }
$data merge entity $(bone_leg_right_2) { transformation: [-0.9683674048494131f,0.317063642569377f,0.117462399458487f,-0.21259556393338988f,0.11307438827673408f,0.639479670391763f,-0.7939408878324498f,0.174852699275582f,-0.31865490964639054f,-0.7366129222440877f,-0.6386882266348507f,-0.2541168002687376f,0f,0f,0f,1f], start_interpolation: 0, interpolation_duration: 1 }
$data merge entity $(bone_leg_right_1) { transformation: [-0.984471537338241f,0.022755770892005832f,-0.1740631122954853f,-0.2167882433211928f,-0.1184351466291324f,0.6457882467826355f,0.7542749209408637f,0.3079305618008764f,0.12957201940934648f,0.7631773812217713f,-0.633065065042815f,-0.010629450279019292f,0f,0f,0f,1f], start_interpolation: 0, interpolation_duration: 1 }
$data merge entity $(bone_leg_right_0) { transformation: [-0.9787583547513384f,-0.1880095062651445f,-0.08175884391544272f,-0.170145465479667f,-0.04534173758088693f,0.5874204457846144f,-0.808010734277306f,0.6096201826934695f,0.1999405157480572f,-0.787140168856946f,-0.5834673467592331f,-0.29543658236205306f,0f,0f,0f,1f], start_interpolation: 0, interpolation_duration: 1 }
$data merge entity $(bone_tail_4) { transformation: [-0.8979966739862562f,-0.7767036080540407f,2.4931896859937184f,0.392120644068254f,-0.3458697055927735f,2.6486335912401304f,0.7005537650370437f,0.9716622812318703f,-2.5883657878790602f,-0.0844567119312872f,-0.9585879946812216f,-1.8827847731756633f,0f,0f,0f,1f], start_interpolation: 0, interpolation_duration: 1 }
$data merge entity $(bone_tail_3) { transformation: [-1.2899349542980934f,-0.7551740315635158f,1.4497329139453674f,0.1536894862367855f,-0.5046279039519731f,1.9405274716985752f,0.5618267848550982f,0.8574076355904432f,-1.5547874511577002f,-0.003292366881834383f,-1.3851247843018695f,-1.647886577441292f,0f,0f,0f,1f], start_interpolation: 0, interpolation_duration: 1 }
$data merge entity $(bone_tail_2) { transformation: [-1.506707185257129f,-0.40639047188845373f,1.1762032635797253f,-0.06617496035528861f,-0.19832853422075558f,1.9018391223290132f,0.4030479131510678f,0.7827878039169694f,-1.2285247760672808f,0.19138602911357994f,-1.5076047683168654f,-1.3684890294654302f,0f,0f,0f,1f], start_interpolation: 0, interpolation_duration: 1 }
$data merge entity $(bone_tail_1) { transformation: [-1.4108167580432835f,-0.02439517191990381f,0.5446624650287903f,-0.18173418555391138f,0.09725877318390959f,1.4754882142727526f,0.3180118088703071f,0.6962259732599065f,-0.536463471508546f,0.3316559288316767f,-1.3747245319000447f,-1.076205277019934f,0f,0f,0f,1f], start_interpolation: 0, interpolation_duration: 1 }
$data merge entity $(bone_tail_0) { transformation: [-1.2716562904749262f,0.09318073741333092f,-0.08968470134134049f,-0.15327761417487776f,0.06731633080306634f,1.2337517770018602f,0.32735421325529274f,0.6303380918418751f,0.11042874212264552f,0.3209511170005292f,-1.2323277120933986f,-0.7083453554079506f,0f,0f,0f,1f], start_interpolation: 0, interpolation_duration: 1 }
$data merge entity $(bone_body_1) { transformation: [-1.1087448317353252f,0.08944639343405461f,-0.5397118081514387f,-0.033827028291466166f,0.04283510511646646f,1.2301794693187846f,0.11588020578366556f,0.52053625f,0.5453940290524975f,0.08521978071107503f,-1.1062945074010309f,-0.45688753614739785f,0f,0f,0f,1f], start_interpolation: 0, interpolation_duration: 1 }