# This file was generated by Animated Java via MC-Build. It is not recommended to edit this file directly.
$data merge entity $(bone_head_lower) { transformation: [-0.9563326963907828f,-0.29176352787479903f,0.017372898894134667f,0.2452702023934699f,-0.25951328073709573f,0.8749637819748783f,0.40876795049671766f,0.29459064622958064f,-0.13446423663935297f,0.38640965830872925f,-0.9124729831785306f,0.47616691082038604f,0f,0f,0f,1f], start_interpolation: 0, interpolation_duration: 1 }
$data merge entity $(bone_head_upper) { transformation: [-0.995446305201209f,-0.29553793992902677f,-0.07222134107917821f,0.23334621208503295f,-0.2701272657887093f,0.7449067396667253f,0.6749941866861617f,0.35776579587849927f,-0.13996376789113726f,0.6642614077643708f,-0.7890746912784107f,0.43664254600881813f,0f,0f,0f,1f], start_interpolation: 0, interpolation_duration: 1 }
$data merge entity $(bone_neck_0) { transformation: [-0.9851442122564382f,-0.15203446072534185f,0.0798523876261439f,0.24129574627793773f,-0.11654229669456302f,0.9334073299337079f,0.33936506818938034f,0.3645964841231792f,-0.12612998905414186f,0.32501735211828436f,-0.9372592739915787f,0.37080271871168197f,0f,0f,0f,1f], start_interpolation: 0, interpolation_duration: 1 }
$data merge entity $(bone_neck_1) { transformation: [-0.9910606037717844f,-0.05993507390006227f,-0.11919172189418122f,0.23092252964857737f,-0.10162514980009538f,0.9179755159440288f,0.38339702796892194f,0.4013042429331536f,0.08643615319768654f,0.39208256661561514f,-0.9158602799425782f,0.2950236077084487f,0f,0f,0f,1f], start_interpolation: 0, interpolation_duration: 1 }
$data merge entity $(bone_neck_2) { transformation: [-0.9861856582164107f,0.05159798878267589f,-0.15740233505843373f,0.217638081138871f,-0.006667726273217807f,0.9371103365979908f,0.34896956667816437f,0.44105149013516565f,0.1655094829748737f,0.3451982974969362f,-0.9238207328538404f,0.21746968993638677f,0f,0f,0f,1f], start_interpolation: 0, interpolation_duration: 1 }
$data merge entity $(bone_body_0) { transformation: [-0.9543901439242976f,0.014294786499356636f,-0.2982199058733275f,0.0772243335353083f,-0.0206852055383143f,0.9932871044757998f,0.11381058981447673f,0.5041522956040293f,0.2978448848847268f,0.11478844524175416f,-0.947687732001942f,-0.22807848090064925f,0f,0f,0f,1f], start_interpolation: 0, interpolation_duration: 1 }
$data merge entity $(bone_leg_left_3) { transformation: [-0.3546068584868258f,0.18250143689247272f,-0.9170317341544332f,0.2316937644077402f,-0.0008029767049346354f,0.9807065482556665f,0.19548406952196296f,0.03011115204657419f,0.9350151502208484f,0.07005634689761532f,-0.3476187237719589f,-0.7074462408943355f,0f,0f,0f,1f], start_interpolation: 0, interpolation_duration: 1 }
$data merge entity $(bone_leg_left_2) { transformation: [-0.8476699345067504f,-0.08249007340119795f,-0.5715883741157449f,0.1934857503583396f,-0.25013459392071236f,0.9674612366529692f,0.23133015367375306f,0.26238604614997996f,0.5205291217195595f,0.3305697246646565f,-0.819655592354308f,-0.6549144096139768f,0f,0f,0f,1f], start_interpolation: 0, interpolation_duration: 1 }
$data merge entity $(bone_leg_left_1) { transformation: [-0.885517067295122f,0.46142536205119306f,0.05427852968690022f,0.33359749785832726f,0.04581505548277904f,-0.0295341754252742f,0.9985132513757938f,0.20049269973728634f,0.46234241014658833f,0.886687299862739f,0.00501278784403153f,-0.4235028767507601f,0f,0f,0f,1f], start_interpolation: 0, interpolation_duration: 1 }
$data merge entity $(bone_leg_left_0) { transformation: [-0.8737922099722962f,-0.20763915638495717f,-0.4397421454983293f,0.18626864048632397f,0.024013398100892525f,0.8847357632384245f,-0.46547393692726846f,0.5885533748475376f,0.4857062183083294f,-0.41728720323377516f,-0.7680890960780237f,-0.4683403474966562f,0f,0f,0f,1f], start_interpolation: 0, interpolation_duration: 1 }
$data merge entity $(bone_leg_right_3) { transformation: [-0.9711156583879422f,0.022202213806078095f,-0.23757407210355f,-0.249971321915132f,-0.009492672247018968f,0.9912784963613183f,0.1314413626879093f,0.033353050400880074f,0.2384203582066017f,0.1298999782669461f,-0.9624353113009112f,-0.11559950429861277f,0f,0f,0f,1f], start_interpolation: 0, interpolation_duration: 1 }
$data merge entity $(bone_leg_right_2) { transformation: [-1.0056410803687352f,0.20002283081105696f,0.027186101776985543f,-0.20094598842313455f,0.12798764647409863f,0.7386261615639644f,-0.7000805348700964f,0.18369155468841541f,-0.15610054236138454f,-0.6829966764987292f,-0.7491397466874026f,-0.29771464060144937f,0f,0f,0f,1f], start_interpolation: 0, interpolation_duration: 1 }
$data merge entity $(bone_leg_right_1) { transformation: [-0.9583065896581452f,0.1195572465292321f,-0.2595275419297992f,-0.17378692778408245f,-0.14869584167156313f,0.5669345483561972f,0.8102313031164252f,0.29177695420045935f,0.2440041534223562f,0.8150406632079795f,-0.525519448194009f,-0.043562486376284903f,0f,0f,0f,1f], start_interpolation: 0, interpolation_duration: 1 }
$data merge entity $(bone_leg_right_0) { transformation: [-0.9475344763786497f,-0.28286995412664445f,-0.14887244582604292f,-0.1625565540547106f,-0.08776569333388502f,0.6780541968367869f,-0.7297531700689229f,0.6276145484868582f,0.30736883242687524f,-0.6784003944606826f,-0.66730600600334f,-0.2913411527991146f,0f,0f,0f,1f], start_interpolation: 0, interpolation_duration: 1 }
$data merge entity $(bone_tail_4) { transformation: [-1.5759861792931116f,-2.1554201204872245f,-0.7043386958530234f,-0.3834745825049604f,-2.115804315782187f,1.7062979466585775f,-0.487422553998269f,0.7568269799550336f,0.8156598504245343f,0.2614818407223722f,-2.625259527547299f,-2.08422737404109f,0f,0f,0f,1f], start_interpolation: 0, interpolation_duration: 1 }
$data merge entity $(bone_tail_3) { transformation: [-1.2859406321952598f,-1.573138129931224f,-0.45556409062852044f,-0.2908333560925144f,-1.5972343684798294f,1.3326896229311385f,-0.09341449096871837f,0.7596252113654193f,0.36213890796286946f,0.29175386738241527f,-2.029699637446711f,-1.7429203619470843f,0f,0f,0f,1f], start_interpolation: 0, interpolation_duration: 1 }
$data merge entity $(bone_tail_2) { transformation: [-1.5583817017246577f,-1.170961700498564f,-0.13809070460406458f,-0.26659356698938796f,-1.1784588991295617f,1.554250954717639f,0.11963472666590651f,0.7368838099423621f,0.03814406631283462f,0.17867999532011217f,-1.9456084818072477f,-1.381165271789818f,0f,0f,0f,1f], start_interpolation: 0, interpolation_duration: 1 }
$data merge entity $(bone_tail_1) { transformation: [-1.4766208992090393f,-0.3232920152692997f,-0.05224215617873614f,-0.24998900482416575f,-0.3274820743709053f,1.4565386097485467f,0.2427076827739509f,0.667164011861391f,-0.001568752631067502f,0.24826155798851895f,-1.491985250543817f,-1.0631399343248953f,0f,0f,0f,1f], start_interpolation: 0, interpolation_duration: 1 }
$data merge entity $(bone_tail_0) { transformation: [-1.2325549808845782f,0.0826917126377812f,-0.3283382651194885f,-0.15204543413665875f,0.010667631257138642f,1.2483788491470011f,0.2743577358665124f,0.6171159101958005f,0.3384230153580082f,0.2618168181142454f,-1.204473965269716f,-0.7048465408867337f,0f,0f,0f,1f], start_interpolation: 0, interpolation_duration: 1 }
$data merge entity $(bone_body_1) { transformation: [-1.09709464640515f,0.13357562746947496f,-0.5542070764899567f,-0.03219731848605455f,0.12285180414902461f,1.2291046217038004f,0.053045812086704024f,0.5219945833333334f,0.5566824643391765f,-0.007998481652430256f,-1.1039226663334563f,-0.44766122995713503f,0f,0f,0f,1f], start_interpolation: 0, interpolation_duration: 1 }