# This file was generated by Animated Java via MC-Build. It is not recommended to edit this file directly.
$data merge entity $(bone_head_lower) { transformation: [-0.961814564643619f,-0.2736896459530772f,0.002592477094383566f,0.2501528367956081f,-0.24427070396874198f,0.8626247954589951f,0.44295630195533037f,0.28941754129411146f,-0.12346888847811346f,0.4254085565164458f,-0.8965394545810984f,0.47435938823498325f,0f,0f,0f,1f], start_interpolation: 0, interpolation_duration: 1 }
$data merge entity $(bone_head_upper) { transformation: [-1.0011523795814745f,-0.2731503947002968f,-0.08096120871707888f,0.23812727811927858f,-0.2542612739816036f,0.7232229575869403f,0.7041105742395561f,0.35411791965588585f,-0.1285187145714981f,0.6970002568706686f,-0.762329013294535f,0.4374174950761011f,0f,0f,0f,1f], start_interpolation: 0, interpolation_duration: 1 }
$data merge entity $(bone_neck_0) { transformation: [-0.9878970157375403f,-0.14262573795007025f,0.06097036305501177f,0.24470403348724487f,-0.11176656505402689f,0.9270947723772132f,0.3577757928743463f,0.36224000136570544f,-0.10755334133761726f,0.3466311900349436f,-0.9318149477562984f,0.371572872426823f,0f,0f,0f,1f], start_interpolation: 0, interpolation_duration: 1 }
$data merge entity $(bone_neck_1) { transformation: [-0.9904572452833401f,-0.05194458394079624f,-0.12765659193694284f,0.2336505424522744f,-0.09811141391081897f,0.9162571950141992f,0.3883901428269409f,0.39936282644905297f,0.09679150647736369f,0.3972083996895449f,-0.9126099339202447f,0.2960927224647154f,0f,0f,0f,1f], start_interpolation: 0, interpolation_duration: 1 }
$data merge entity $(bone_neck_2) { transformation: [-0.9844228845107582f,0.05443600056306404f,-0.1671774694575105f,0.21953750476478828f,-0.00944465380197064f,0.9331150657137334f,0.35945385330055346f,0.4399894595923348f,0.17556304555936508f,0.3554335324371534f,-0.9180656953906771f,0.21914319848429414f,0f,0f,0f,1f], start_interpolation: 0, interpolation_duration: 1 }
$data merge entity $(bone_body_0) { transformation: [-0.9525614256663875f,0.014649955216789481f,-0.3039936004993621f,0.07640601996132475f,-0.024279890034649348f,0.9919992528436f,0.1238869214148311f,0.5078269339615907f,0.3033763624152762f,0.12539083367569281f,-0.9445845232470146f,-0.22484144070075857f,0f,0f,0f,1f], start_interpolation: 0, interpolation_duration: 1 }
$data merge entity $(bone_leg_left_3) { transformation: [-0.3828834554806386f,0.19529680585834547f,-0.9029171706976966f,0.23168045531246273f,0.018752782317888905f,0.9788399195806369f,0.20376639809033814f,0.026595126843212247f,0.9236062974420127f,0.06108657345849427f,-0.3784439692590655f,-0.6811531909518201f,0f,0f,0f,1f], start_interpolation: 0, interpolation_duration: 1 }
$data merge entity $(bone_leg_left_2) { transformation: [-0.8574425558907578f,-0.06907913963878698f,-0.5586434778237225f,0.19698340469601308f,-0.22507435414448473f,0.9751060648363632f,0.22488196220790926f,0.2604916192095937f,0.5159418552072141f,0.3105775817518089f,-0.830305827547435f,-0.6336177557141113f,0f,0f,0f,1f], start_interpolation: 0, interpolation_duration: 1 }
$data merge entity $(bone_leg_left_1) { transformation: [-0.8891195370107461f,0.4516908780030386f,0.07376855451098824f,0.33348866468959737f,0.07336061336975483f,-0.018443691438587706f,0.9971349209871908f,0.20113572519223794f,0.451757312405466f,0.8919838456917044f,-0.01673767347117977f,-0.39940294512509233f,0f,0f,0f,1f], start_interpolation: 0, interpolation_duration: 1 }
$data merge entity $(bone_leg_left_0) { transformation: [-0.8776859328532236f,-0.20164896478746328f,-0.43474716591567475f,0.18765238360178998f,0.0518878251080777f,0.8618483314299392f,-0.5045048138689888f,0.5866285244807583f,0.47641899298529256f,-0.46535486310081037f,-0.7459690305309638f,-0.46599393084862445f,0f,0f,0f,1f], start_interpolation: 0, interpolation_duration: 1 }
$data merge entity $(bone_leg_right_3) { transformation: [-0.9676504240235856f,0.03431070485856563f,-0.24995086000868902f,-0.24524316156903764f,-0.00030176919613661424f,0.9905514816458628f,0.13714106294082512f,0.03002495237960856f,0.25229460125481695f,0.1327800351758333f,-0.958497207317986f,-0.13110477407140703f,0f,0f,0f,1f], start_interpolation: 0, interpolation_duration: 1 }
$data merge entity $(bone_leg_right_2) { transformation: [-1.0099627850042892f,0.17891040479409162f,0.005332866348316593f,-0.20180776218730123f,0.131206779902941f,0.7608011600173087f,-0.6752988785156643f,0.18629328669795936f,-0.1217462661217008f,-0.6642551177623148f,-0.7720137205469166f,-0.3096114849702773f,0f,0f,0f,1f], start_interpolation: 0, interpolation_duration: 1 }
$data merge entity $(bone_leg_right_1) { transformation: [-0.9517850283424474f,0.14033241039666766f,-0.2727857665191279f,-0.16817169126588402f,-0.1541749884857767f,0.5499417601237898f,0.8208496411629591f,0.28908999920739814f,0.26520809329388395f,0.8233291413913453f,-0.5017905859890291f,-0.05404381039075057f,0f,0f,0f,1f], start_interpolation: 0, interpolation_duration: 1 }
$data merge entity $(bone_leg_right_0) { transformation: [-0.9406199085040173f,-0.29675747909178896f,-0.16483078089052652f,-0.16189889866977397f,-0.09590088853344297f,0.6980898920031342f,-0.7095586813375963f,0.6320962258842389f,0.32563354757209895f,-0.6516176035729382f,-0.6850965562674146f,-0.29198216185687104f,0f,0f,0f,1f], start_interpolation: 0, interpolation_duration: 1 }
$data merge entity $(bone_tail_4) { transformation: [-1.0958178046100011f,-2.248887892777628f,-1.1693365283005228f,-0.49222479458303847f,-2.010585737199308f,1.5469488620605552f,-1.0909425022155232f,0.6503628285479541f,1.5434991623160772f,0.4184660027860732f,-2.2512569538019895f,-2.058411647297664f,0f,0f,0f,1f], start_interpolation: 0, interpolation_duration: 1 }
$data merge entity $(bone_tail_3) { transformation: [-1.0551197411654356f,-1.6400436444335569f,-0.7300169191193635f,-0.35239178763885265f,-1.6324527751203812f,1.2288389393478087f,-0.4012459647009068f,0.7063741627280761f,0.7468371943396993f,0.3689948936504331f,-1.908408368157915f,-1.7384270163431828f,0f,0f,0f,1f], start_interpolation: 0, interpolation_duration: 1 }
$data merge entity $(bone_tail_2) { transformation: [-1.4421274640952986f,-1.2745656279190372f,-0.3384150003061212f,-0.29085083873920237f,-1.286979105705766f,1.469653342178784f,-0.05077115620400982f,0.715210467770896f,0.2876230758851368f,0.1854060111022745f,-1.9239728304392172f,-1.380507870039354f,0f,0f,0f,1f], start_interpolation: 0, interpolation_duration: 1 }
$data merge entity $(bone_tail_1) { transformation: [-1.4619499219318672f,-0.3634165969668475f,-0.13522962993532434f,-0.2559118327940745f,-0.37868629930889414f,1.4515478015065895f,0.19303345994184992f,0.6562899347795309f,0.08339881581379584f,0.22043957673345105f,-1.4940238554087528f,-1.0617849282005087f,0f,0f,0f,1f], start_interpolation: 0, interpolation_duration: 1 }
$data merge entity $(bone_tail_0) { transformation: [-1.2237394217141082f,0.08650357407407623f,-0.3589076148527073f,-0.14894320061003652f,0.015315936993972015f,1.253458501312834f,0.24988582221608396f,0.6135156761181549f,0.3688671392260974f,0.2349353820586044f,-1.2010737348057197f,-0.7051338580697337f,0f,0f,0f,1f], start_interpolation: 0, interpolation_duration: 1 }
$data merge entity $(bone_body_1) { transformation: [-1.0993782743496063f,0.14431223823301312f,-0.546942394444342f,-0.03150720870027392f,0.14300105776401587f,1.2275287402646289f,0.0364483793735176f,0.5223591666666667f,0.5472866729810846f,-0.030850685191115862f,-1.108210326543109f,-0.4454124681230793f,0f,0f,0f,1f], start_interpolation: 0, interpolation_duration: 1 }