# This file was generated by Animated Java via MC-Build. It is not recommended to edit this file directly.
$data merge entity $(bone_head_lower) { transformation: [-0.967472148429593f,-0.2528349120090867f,-0.008494073368236252f,0.2527372903086067f,-0.2281734510222048f,0.8576212659367352f,0.46089330702635406f,0.2876207758402542f,-0.10924522077255885f,0.44783955997927327f,-0.8874149031067293f,0.4741975586742354f,0f,0f,0f,1f], start_interpolation: 0, interpolation_duration: 1 }
$data merge entity $(bone_head_upper) { transformation: [-1.0070413561869682f,-0.24810445943778112f,-0.08822599798078408f,0.24077148794879982f,-0.23750565009674174f,0.7052002437498855f,0.7278431321175829f,0.353557720367784f,-0.11371330478331454f,0.7242987891786759f,-0.7388724456176915f,0.43949027684381303f,0f,0f,0f,1f], start_interpolation: 0, interpolation_duration: 1 }
$data merge entity $(bone_neck_0) { transformation: [-0.9904414887298693f,-0.13111521620443778f,0.04283056714805186f,0.2459892749339805f,-0.10623354088247376f,0.9231656598567496f,0.3694314540653297f,0.362495467989435f,-0.08797779375576553f,0.36135019654196343f,-0.9282704041737798f,0.3736296086060413f,0f,0f,0f,1f], start_interpolation: 0, interpolation_duration: 1 }
$data merge entity $(bone_neck_1) { transformation: [-0.9899202807375488f,-0.04296315792304251f,-0.1349518612164069f,0.23435915514761568f,-0.09276222425415266f,0.9167270741136427f,0.3885957299539742f,0.39963787367504955f,0.1070187251648746f,0.3971972289031225f,-0.9114720806562128f,0.2982457982873046f,0f,0f,0f,1f], start_interpolation: 0, interpolation_duration: 1 }
$data merge entity $(bone_neck_2) { transformation: [-0.9828550084717829f,0.058106731127194555f,-0.17498468538601755f,0.21959808553710233f,-0.010058618101470521f,0.9307321582946427f,0.3655632280715403f,0.4407764037156306f,0.18410555810137952f,0.36105575374712995f,-0.9141902899081086f,0.2216908339532104f,0f,0f,0f,1f], start_interpolation: 0, interpolation_duration: 1 }
$data merge entity $(bone_body_0) { transformation: [-0.9515018555250231f,0.016324033641036906f,-0.3072096106213547f,0.07496685491277064f,-0.025024194581829425f,0.9911753888763233f,0.130173492583552f,0.5115688671679445f,0.30662356174627037f,0.13154799280701937f,-0.9426967258723643f,-0.22134543877123494f,0f,0f,0f,1f], start_interpolation: 0, interpolation_duration: 1 }
$data merge entity $(bone_leg_left_3) { transformation: [-0.4137737147272188f,0.20771249878418815f,-0.886367209935965f,0.2321777964166407f,0.038666746141871045f,0.9767547508059111f,0.21084363761063304f,0.02414912639648656f,0.9095582420843861f,0.05296861926567859f,-0.4121870080794033f,-0.654031298264401f,0f,0f,0f,1f], start_interpolation: 0, interpolation_duration: 1 }
$data merge entity $(bone_leg_left_2) { transformation: [-0.8685188156966689f,-0.05643026723488608f,-0.5427272714921829f,0.20090387818970928f,-0.19988944347352083f,0.9821854323603962f,0.21775717289578203f,0.2595146924748556f,0.5077218497065061f,0.29015444318417133f,-0.8426690465015212f,-0.6116512981539738f,0f,0f,0f,1f], start_interpolation: 0, interpolation_duration: 1 }
$data merge entity $(bone_leg_left_1) { transformation: [-0.893636050510733f,0.43893432396288945f,0.09354821470674843f,0.3329844912790146f,0.10078327634598444f,-0.0068487027809965295f,0.9948848307614242f,0.20288199140777213f,0.4373297845294182f,0.898493046449142f,-0.03811699156535825f,-0.37424692903755397f,0f,0f,0f,1f], start_interpolation: 0, interpolation_duration: 1 }
$data merge entity $(bone_leg_left_0) { transformation: [-0.8825818080852368f,-0.19370689053925633f,-0.4284005048953684f,0.18918059783225763f,0.07971832683771153f,0.8363339239497031f,-0.5423933591196411f,0.5846773784707964f,0.4633512063253853f,-0.5128578830519277f,-0.7226911175518247f,-0.46290357690674855f,0f,0f,0f,1f], start_interpolation: 0, interpolation_duration: 1 }
$data merge entity $(bone_leg_right_3) { transformation: [-0.9651282542352696f,0.04596700024572403f,-0.25771008471767315f,-0.24283886489908107f,0.010656746085704702f,0.9905453652553429f,0.13677102446798883f,0.0278724577546009f,0.26156048371198104f,0.1292552291381976f,-0.9564931777596669f,-0.1445949093883064f,0f,0f,0f,1f], start_interpolation: 0, interpolation_duration: 1 }
$data merge entity $(bone_leg_right_2) { transformation: [-1.012691960984637f,0.16214275600828584f,-0.015063808675822622f,-0.20393809473709978f,0.1343932115140923f,0.7786143958727548f,-0.654033857487001f,0.1889452725250367f,-0.09195464293178822f,-0.647712550993445f,-0.7899841735310553f,-0.3198471575586199f,0f,0f,0f,1f], start_interpolation: 0, interpolation_duration: 1 }
$data merge entity $(bone_leg_right_1) { transformation: [-0.9461094852207268f,0.15852592445552827f,-0.282394003567518f,-0.1647367977425633f,-0.15722415180417232f,0.5374942097525751f,0.8284808631295673f,0.2878949171953261f,0.28312083650771785f,0.8282327606162256f,-0.48360426608663754f,-0.06355511360614921f,0f,0f,0f,1f], start_interpolation: 0, interpolation_duration: 1 }
$data merge entity $(bone_leg_right_0) { transformation: [-0.9349914633113522f,-0.30602937424227006f,-0.17926791580140844f,-0.16158363048784094f,-0.10115210139236899f,0.7145464000406558f,-0.6922367330421341f,0.6365629769679612f,0.3399400181190856f,-0.6291021095893921f,-0.6990502984702689f,-0.29318072235896886f,0f,0f,0f,1f], start_interpolation: 0, interpolation_duration: 1 }
$data merge entity $(bone_tail_4) { transformation: [-0.6797775019994221f,-2.2607289115646907f,-1.432713742445067f,-0.5574735932203408f,-1.7309802428989134f,1.498789446590427f,-1.5436965132702665f,0.5534003650719084f,2.041389545890015f,0.5180697972326574f,-1.78605535712818f,-2.025647024631702f,0f,0f,0f,1f], start_interpolation: 0, interpolation_duration: 1 }
$data merge entity $(bone_tail_3) { transformation: [-0.8711121454552723f,-1.6604835199364816f,-0.9054853041900283f,-0.3876876122208399f,-1.5784846489479314f,1.1874560455873977f,-0.6589991493758618f,0.6535220784325143f,1.041871090452404f,0.41071662476911736f,-1.7554948051937456f,-1.7319991630618632f,0f,0f,0f,1f], start_interpolation: 0, interpolation_duration: 1 }
$data merge entity $(bone_tail_2) { transformation: [-1.350864296601377f,-1.331885520190754f,-0.4690634160501614f,-0.30180556352930965f,-1.3265659902208895f,1.4194575716325122f,-0.2100874839850742f,0.6919337242891721f,0.48390309025642125f,0.17319075738650547f,-1.8853690980280098f,-1.3811141346775377f,0f,0f,0f,1f], start_interpolation: 0, interpolation_duration: 1 }
$data merge entity $(bone_tail_1) { transformation: [-1.4534026879542978f,-0.37737367096625124f,-0.18128979317291213f,-0.25679247932583027f,-0.3949783986025204f,1.453121892457872f,0.14172184128440388f,0.644051202526006f,0.13881261212371995f,0.18352691388760597f,-1.49489303316133f,-1.061805877097314f,0f,0f,0f,1f], start_interpolation: 0, interpolation_duration: 1 }
$data merge entity $(bone_tail_0) { transformation: [-1.2182141163466678f,0.09553683423700261f,-0.37505039210978885f,-0.1448885637751501f,0.030622274902768965f,1.2585702222259647f,0.22113115698583322f,0.6098030802968742f,0.3858138924371622f,0.2017657691831929f,-1.201779485335154f,-0.705749012103833f,0f,0f,0f,1f], start_interpolation: 0, interpolation_duration: 1 }
$data merge entity $(bone_body_1) { transformation: [-1.103193126708469f,0.15545624637712338f,-0.5360996882127214f,-0.030723977214014896f,0.16318606920484424f,1.225395247420323f,0.01952919541116903f,0.52272375f,0.5337975525018017f,-0.053333274025423955f,-1.1139211506570226f,-0.4431855736410413f,0f,0f,0f,1f], start_interpolation: 0, interpolation_duration: 1 }