# This file was generated by Animated Java via MC-Build. It is not recommended to edit this file directly.
$data merge entity $(bone_head_lower) { transformation: [-0.9728915934421323f,-0.23077023474004213f,-0.015068051222852347f,0.25223134469492514f,-0.2114032760356062f,0.8610443877188856f,0.46250536997879543f,0.29039611431975f,-0.09375821185923898f,0.45315302176619643f,-0.8864884300277825f,0.47639901576881444f,0f,0f,0f,1f], start_interpolation: 0, interpolation_duration: 1 }
$data merge entity $(bone_head_upper) { transformation: [-1.0126824542424182f,-0.22233868571009813f,-0.0922588656431756f,0.24056433954331f,-0.22004958194076418f,0.6932978735747176f,0.7445724830854126f,0.3572244905158185f,-0.09759288365836026f,0.7438921359424281f,-0.7215067995007148f,0.4433338434936577f,0f,0f,0f,1f], start_interpolation: 0, interpolation_duration: 1 }
$data merge entity $(bone_neck_0) { transformation: [-0.9926285913854569f,-0.11808822002018529f,0.02726998086885657f,0.24456520397743597f,-0.09954413247383985f,0.9227373482975931f,0.3723529934709228f,0.36635594113791875f,-0.06913353205322374f,0.36689366081903185f,-0.9276904636766808f,0.3774146054245418f,0f,0f,0f,1f], start_interpolation: 0, interpolation_duration: 1 }
$data merge entity $(bone_neck_1) { transformation: [-0.9896016824731582f,-0.033281046974583305f,-0.1399317046225413f,0.23255783036900254f,-0.08503401699605952f,0.920013686809135f,0.38254938509606423f,0.4030012830696536f,0.11600743941579106f,0.3904704700692981f,-0.9132771134787365f,0.30184689579757895f,0f,0f,0f,1f], start_interpolation: 0, interpolation_duration: 1 }
$data merge entity $(bone_neck_2) { transformation: [-0.9817359957018349f,0.062390885090563494f,-0.17972704916328752f,0.21742323866876961f,-0.0078253271962281f,0.9306548339328317f,0.3658146311066926f,0.44416108084780687f,0.1900873457061218f,0.36053981407754365f,-0.9131691209558783f,0.22537634215063979f,0f,0f,0f,1f], start_interpolation: 0, interpolation_duration: 1 }
$data merge entity $(bone_body_0) { transformation: [-0.9515472248449972f,0.019374478182225874f,-0.30689168852373777f,0.0729709028341474f,-0.022091418057992987f,0.9911272452043404f,0.1310677422627032f,0.5153745421918132f,0.30670808293550306f,0.1314968190064759f,-0.9426763699452779f,-0.21765082439612193f,0f,0f,0f,1f], start_interpolation: 0, interpolation_duration: 1 }
$data merge entity $(bone_leg_left_3) { transformation: [-0.44674364953487417f,0.21983052805476316f,-0.8672339076255181f,0.23288431304050994f,0.05887463734101772f,0.9744649991786828f,0.21668350757188093f,0.022775651324022733f,0.892722738972311f,0.045743899165393495f,-0.44827849269279135f,-0.626249641896914f,0f,0f,0f,1f], start_interpolation: 0, interpolation_duration: 1 }
$data merge entity $(bone_leg_left_2) { transformation: [-0.8806103098622979f,-0.044236421294860724f,-0.524052307213646f,0.2050111441599004f,-0.1746091190941544f,0.9886825709484622f,0.20995387334506718f,0.2594537534120091f,0.49608400215496307f,0.269466347499009f,-0.8563590075851084f,-0.5891331426735588f,0f,0f,0f,1f], start_interpolation: 0, interpolation_duration: 1 }
$data merge entity $(bone_leg_left_1) { transformation: [-0.898745233877066f,0.42344685830477385f,0.11379702445615528f,0.33191212845710566f,0.12804427482531697f,0.005243775847351861f,0.9917545898554346f,0.20572929731470113f,0.41935863919527966f,0.9059057682820433f,-0.05893276444902068f,-0.3482530715568005f,0f,0f,0f,1f], start_interpolation: 0, interpolation_duration: 1 }
$data merge entity $(bone_leg_left_0) { transformation: [-0.8881607990398873f,-0.18364472755556718f,-0.4212422213998383f,0.1908275375421127f,0.10747010981612343f,0.8082451205720934f,-0.5789559573642132f,0.5826993872095925f,0.44678917908219223f,-0.5594769334945309f,-0.6981153130698515f,-0.45914025790148044f,0f,0f,0f,1f], start_interpolation: 0, interpolation_duration: 1 }
$data merge entity $(bone_leg_right_3) { transformation: [-0.9638667110175437f,0.05655703418781423f,-0.2603118615739615f,-0.24262931424234863f,0.023398357085070903f,0.9913997195720624f,0.12875990415558514f,0.027066929185264987f,0.26535538486705396f,0.11801651543879094f,-0.956900528689238f,-0.15464717962398083f,0f,0f,0f,1f], start_interpolation: 0, interpolation_duration: 1 }
$data merge entity $(bone_leg_right_2) { transformation: [-1.014124741105408f,0.15005921979730147f,-0.03309742486069015f,-0.20710029555775267f,0.1378614675612662f,0.7908819846994298f,-0.6384059065676311f,0.19147689420542147f,-0.06787801367481087f,-0.6356493658711619f,-0.8021250890153272f,-0.32750007748628507f,0f,0f,0f,1f], start_interpolation: 0, interpolation_duration: 1 }
$data merge entity $(bone_leg_right_1) { transformation: [-0.9417291546372906f,0.17336314604603056f,-0.2882558219692308f,-0.16347006323276783f,-0.15705291854958195f,0.5311979860704841f,0.8325641599118474f,0.28850289912659355f,0.2974568541506356f,0.8293213606242666f,-0.47301744231172166f,-0.0711882696114425f,0f,0f,0f,1f], start_interpolation: 0, interpolation_duration: 1 }
$data merge entity $(bone_leg_right_0) { transformation: [-0.9311297837288903f,-0.3104708959738192f,-0.19132472032177117f,-0.16152830172332264f,-0.10265103445377073f,0.7265409026152858f,-0.6794123063004794f,0.6410106913204718f,0.3499429824679455f,-0.6129813533707037f,-0.7083740321618655f,-0.29488843628391287f,0f,0f,0f,1f], start_interpolation: 0, interpolation_duration: 1 }
$data merge entity $(bone_tail_4) { transformation: [-0.4346360974405095f,-2.200895295749514f,-1.610221317567665f,-0.5886275397862033f,-1.387953240695986f,1.5820894766923506f,-1.7878031270195365f,0.47252058666629526f,2.347411041135146f,0.5279338182831146f,-1.355215340479075f,-1.9966884247799177f,0f,0f,0f,1f], start_interpolation: 0, interpolation_duration: 1 }
$data merge entity $(bone_tail_3) { transformation: [-0.7896915746490297f,-1.63415417011366f,-1.0207217501713761f,-0.39955936936882164f,-1.4610162499999577f,1.2270337067024857f,-0.83412548570132f,0.6019499565417333f,1.2560908646307563f,0.3998424151594468f,-1.611926582966812f,-1.7272780155833973f,0f,0f,0f,1f], start_interpolation: 0, interpolation_duration: 1 }
$data merge entity $(bone_tail_2) { transformation: [-1.3206941808239443f,-1.3344533847976716f,-0.5420100732851615f,-0.30009499831221287f,-1.2955471895910513f,1.421947004425669f,-0.34409020786760486f,0.6652959451528728f,0.6293633571183475f,0.1267862587573315f,-1.8456979396179152f,-1.3836712511180695f,0f,0f,0f,1f], start_interpolation: 0, interpolation_duration: 1 }
$data merge entity $(bone_tail_1) { transformation: [-1.4582751003054764f,-0.35353560739718387f,-0.1900067265423979f,-0.25349286803784543f,-0.3663702646656149f,1.4649270159886023f,0.0861273301314795f,0.6292051050733908f,0.16389878278346234f,0.1290645657375943f,-1.4980439836243344f,-1.0630431648326097f,0f,0f,0f,1f], start_interpolation: 0, interpolation_duration: 1 }
$data merge entity $(bone_tail_0) { transformation: [-1.215253621420454f,0.11576048522482987f,-0.3789378079170931f,-0.13996492651271278f,0.06303049730483808f,1.2633606050270811f,0.18380112801378573f,0.6059812854107967f,0.39117963727423816f,0.1560615529531446f,-1.2068384314629177f,-0.7066108823522955f,0f,0f,0f,1f], start_interpolation: 0, interpolation_duration: 1 }
$data merge entity $(bone_body_1) { transformation: [-1.108198922948578f,0.16720788386875132f,-0.5220548494210123f,-0.02985712441428673f,0.18339563932335984f,1.222687741844534f,0.0023066158197916084f,0.5230883333333334f,0.5165905358299142f,-0.07537111231432216f,-1.1207399380657914f,-0.4409777665328095f,0f,0f,0f,1f], start_interpolation: 0, interpolation_duration: 1 }