# This file was generated by Animated Java via MC-Build. It is not recommended to edit this file directly.
$data merge entity $(bone_head_lower) { transformation: [-0.9801020849289314f,-0.1981619715711044f,-0.011477636560481438f,0.23704806621066174f,-0.18334385996195915f,0.8816234746382824f,0.43488513193827527f,0.29602103308926514f,-0.07605874132676149f,0.4283361787075361f,-0.9004127863807878f,0.48635974220869727f,0f,0f,0f,1f], start_interpolation: 0, interpolation_duration: 1 }
$data merge entity $(bone_head_upper) { transformation: [-1.020187851826656f,-0.1864589169330183f,-0.08900428003745506f,0.226408764450054f,-0.1908425474411283f,0.6785882669984702f,0.765877946256256f,0.3639969181579547f,-0.07916951215588383f,0.7669569601820467f,-0.6992718728483371f,0.4553510208714363f,0f,0f,0f,1f], start_interpolation: 0, interpolation_duration: 1 }
$data merge entity $(bone_neck_0) { transformation: [-0.9949296490514185f,-0.09991527571662023f,0.01148612714943098f,0.22909477787689708f,-0.08884986929005115f,0.9267156171807028f,0.36510801908548873f,0.37259186480494755f,-0.047124241803576605f,0.362236252398708f,-0.9308943029595667f,0.3892931032664811f,0f,0f,0f,1f], start_interpolation: 0, interpolation_duration: 1 }
$data merge entity $(bone_neck_1) { transformation: [-0.9901998774497107f,-0.02262413299208684f,-0.1378127399950172f,0.21731600345442878f,-0.07205603906834673f,0.9280678805605038f,0.36537369405269843f,0.40781930493820273f,0.11963331447535312f,0.37172322725152696f,-0.9206029070067892f,0.31301843657239603f,0f,0f,0f,1f], start_interpolation: 0, interpolation_duration: 1 }
$data merge entity $(bone_neck_2) { transformation: [-0.9825896104116836f,0.06209298384816907f,-0.17510602179207563f,0.202583331770268f,-0.005593827912529308f,0.9321832691004048f,0.3619434512442062f,0.44865492266211576f,0.18570505270536086f,0.35662138770145724f,-0.9156062577514343f,0.23629600762040176f,0f,0f,0f,1f], start_interpolation: 0, interpolation_duration: 1 }
$data merge entity $(bone_body_0) { transformation: [-0.9571366776970421f,0.020364876217254108f,-0.2889198020623097f,0.06661051340962379f,-0.017849859111044815f,0.9914814537048854f,0.12901902762369227f,0.5189062067581645f,0.28908608188009355f,0.12864602122064692f,-0.9486197544260359f,-0.20955941115685667f,0f,0f,0f,1f], start_interpolation: 0, interpolation_duration: 1 }
$data merge entity $(bone_leg_left_3) { transformation: [-0.5212438104166222f,0.2340951517223332f,-0.8206731079074407f,0.2391720769167429f,0.0757424161136295f,0.970537346239477f,0.22873641152143492f,0.028841351044290364f,0.850039985238124f,0.05706767469006595f,-0.5236175168974376f,-0.5795369726640434f,0f,0f,0f,1f], start_interpolation: 0, interpolation_duration: 1 }
$data merge entity $(bone_leg_left_2) { transformation: [-0.9073314253296179f,-0.030529310520762944f,-0.47736762071714184f,0.21589532701710182f,-0.1428334250885024f,0.9942023003241773f,0.20790045264091095f,0.26679193025985f,0.4565199850910204f,0.2503835991632342f,-0.8837192744210424f,-0.5477755679233073f,0f,0f,0f,1f], start_interpolation: 0, interpolation_duration: 1 }
$data merge entity $(bone_leg_left_1) { transformation: [-0.912650286158905f,0.38125645434000194f,0.14735321916455874f,0.32983173008244937f,0.1648861548426971f,0.013536154914035314f,0.9862197161136728f,0.21488007429887945f,0.37400803616400896f,0.9243702118384349f,-0.07521768642086918f,-0.3001124077097145f,0f,0f,0f,1f], start_interpolation: 0, interpolation_duration: 1 }
$data merge entity $(bone_leg_left_0) { transformation: [-0.9032235260121491f,-0.16123512973501408f,-0.397731687193155f,0.19388054316556783f,0.14496104786899772f,0.7576627797688583f,-0.6363437803213358f,0.5810209029848821f,0.4039474676971038f,-0.6324162751639617f,-0.660966034111313f,-0.4476435803800065f,0f,0f,0f,1f], start_interpolation: 0, interpolation_duration: 1 }
$data merge entity $(bone_leg_right_3) { transformation: [-0.9676926663451237f,0.06390430595269184f,-0.24389986302286007f,-0.24573039505283964f,0.03778950518347966f,0.9931807015642391f,0.11029074003901618f,0.022689647978860555f,0.249284690263668f,0.09751068516358014f,-0.9635085933602647f,-0.17096775401196368f,0f,0f,0f,1f], start_interpolation: 0, interpolation_duration: 1 }
$data merge entity $(bone_leg_right_2) { transformation: [-1.015003112577363f,0.1404159708140019f,-0.04598082316923684f,-0.2128459957326439f,0.13982998257043588f,0.8097575051511499f,-0.61384245399486f,0.1922555362063209f,-0.04773318482262465f,-0.6137086747736596f,-0.8204543893934274f,-0.3393040183669682f,0f,0f,0f,1f], start_interpolation: 0, interpolation_duration: 1 }
$data merge entity $(bone_leg_right_1) { transformation: [-0.9401811860722977f,0.17813512033803883f,-0.2903914879224944f,-0.16777527064185108f,-0.15866364984708142f,0.5253514329420043f,0.8359615530172342f,0.28748095163668796f,0.3014716961389419f,0.8320298977848906f,-0.46566196496941237f,-0.08256653443509313f,0f,0f,0f,1f], start_interpolation: 0, interpolation_duration: 1 }
$data merge entity $(bone_leg_right_0) { transformation: [-0.9323032627611205f,-0.30563979771867145f,-0.19337771406100218f,-0.16363308941726032f,-0.10660668328579516f,0.7431396348378316f,-0.660589508100073f,0.6454335976841573f,0.34560908744385077f,-0.5952543970300295f,-0.7254147513613469f,-0.2974153745221899f,0f,0f,0f,1f], start_interpolation: 0, interpolation_duration: 1 }
$data merge entity $(bone_tail_4) { transformation: [-0.6438241239966553f,-1.780528984775142f,-2.010191126071234f,-0.5546739390457396f,-0.8702436271843388f,2.0939420878185238f,-1.575989813992226f,0.413010222698837f,2.540438516930686f,0.26605337591882716f,-1.049308855607924f,-1.9904390739071143f,0f,0f,0f,1f], start_interpolation: 0, interpolation_duration: 1 }
$data merge entity $(bone_tail_3) { transformation: [-1.0422118460931042f,-1.393880468876083f,-1.1431698178282335f,-0.347194368112079f,-1.1423349979000617f,1.5321638283707992f,-0.8267347105627345f,0.5382004524432489f,1.3945647157734609f,0.21334659022907096f,-1.5315410578896536f,-1.732834071128653f,0f,0f,0f,1f], start_interpolation: 0, interpolation_duration: 1 }
$data merge entity $(bone_tail_2) { transformation: [-1.4905482383707624f,-1.1513396994460103f,-0.5210150867030268f,-0.25171494450811627f,-1.0591159900213742f,1.5776196887036118f,-0.4562491780798528f,0.6226084192794534f,0.6894295785456531f,-0.06562689461696915f,-1.8273351750382505f,-1.3926422740906088f,0f,0f,0f,1f], start_interpolation: 0, interpolation_duration: 1 }
$data merge entity $(bone_tail_1) { transformation: [-1.4966782070845799f,-0.2027757981076134f,-0.0805764862717923f,-0.23046717469991845f,-0.20274992018995933f,1.49883746206214f,-0.005914573703086269f,0.6057531315400547f,0.0806415792321372f,0.004948537253017079f,-1.5103405899591003f,-1.0677713634934487f,0f,0f,0f,1f], start_interpolation: 0, interpolation_duration: 1 }
$data merge entity $(bone_tail_0) { transformation: [-1.219443726025644f,0.1808662300950342f,-0.33775749059337157f,-0.12740196141697707f,0.15613973824987015f,1.2636077921350253f,0.1129223023983161f,0.6032477171647174f,0.3498758319461111f,0.06647158077618483f,-1.227600972528598f,-0.7074337495665497f,0f,0f,0f,1f], start_interpolation: 0, interpolation_duration: 1 }
$data merge entity $(bone_body_1) { transformation: [-1.124420765648963f,0.18216579497505975f,-0.48072669987712774f,-0.027909896634085336f,0.20258520204678393f,1.219601202298575f,-0.011693516142899719f,0.5238175f,0.47248467990540527f,-0.08940428149269485f,-1.1390213767799582f,-0.4366052217977159f,0f,0f,0f,1f], start_interpolation: 0, interpolation_duration: 1 }