# This file was generated by Animated Java via MC-Build. It is not recommended to edit this file directly.
$data merge entity $(bone_head_lower) { transformation: [-0.9815855871848141f,-0.1910215195739513f,-0.0007170011872334181f,0.2214016790369981f,-0.17448032746402806f,0.8950462741902201f,0.4104251239705619f,0.3030772382813956f,-0.0777582816109608f,0.4029924889099845f,-0.9118940198965264f,0.5104755344163023f,0f,0f,0f,1f], start_interpolation: 0, interpolation_duration: 1 }
$data merge entity $(bone_head_upper) { transformation: [-1.0217320287066785f,-0.18107984993807333f,-0.08213216206120172f,0.2113564291557551f,-0.18161650015717037f,0.6748915742907182f,0.7713681043480887f,0.3713514561563249f,-0.0809385629295651f,0.7714942601739224f,-0.6940587137505703f,0.47992752924105503f,0f,0f,0f,1f], start_interpolation: 0, interpolation_duration: 1 }
$data merge entity $(bone_neck_0) { transformation: [-0.9951337925008167f,-0.09752466734848046f,0.01405966861309943f,0.2141701145066757f,-0.08604807853378021f,0.9296685770291424f,0.3582067350919774f,0.3794513154366118f,-0.04800482479487175f,0.35525381932243577f,-0.9335364270628307f,0.41381238945686905f,0f,0f,0f,1f], start_interpolation: 0, interpolation_duration: 1 }
$data merge entity $(bone_neck_1) { transformation: [-0.9914076442761115f,-0.02359072872017932f,-0.12866374932101973f,0.2031619266891027f,-0.06863557102108601f,0.9311420944029346f,0.3581390210819343f,0.41408004633305584f,0.11135547252605398f,0.3638926731185551f,-0.9247605534348509f,0.33714944115714646f,0f,0f,0f,1f], start_interpolation: 0, interpolation_duration: 1 }
$data merge entity $(bone_neck_2) { transformation: [-0.9849045756869709f,0.05547761109191299f,-0.1639671048058198f,0.1893403390409236f,-0.007671228018038469f,0.9323293752357317f,0.36152882088879973f,0.4548807697984888f,0.1729281037066084f,0.3573292189845171f,-0.9178298863124644f,0.2602391357766475f,0f,0f,0f,1f], start_interpolation: 0, interpolation_duration: 1 }
$data merge entity $(bone_body_0) { transformation: [-0.962925019498478f,0.01670921503152991f,-0.2692512004743638f,0.06260243410905184f,-0.019068954640343787f,0.9913674421382525f,0.1297188098819264f,0.5254607725459731f,0.2690943733948751f,0.13004382646357707f,-0.9542938862876208f,-0.18827716422678592f,0f,0f,0f,1f], start_interpolation: 0, interpolation_duration: 1 }
$data merge entity $(bone_leg_left_3) { transformation: [-0.5605260226332691f,0.26076646469922976f,-0.7860098147219241f,0.2468466671815616f,0.08349157192421118f,0.9620889146137076f,0.2596422111195374f,0.03631796389083916f,0.8239173110018699f,0.07991102092755024f,-0.5610476747708382f,-0.5401315535792895f,0f,0f,0f,1f], start_interpolation: 0, interpolation_duration: 1 }
$data merge entity $(bone_leg_left_2) { transformation: [-0.9187155591897146f,-0.039890794103294984f,-0.4543485945276304f,0.22208149896754803f,-0.13745094482482398f,0.998482586329488f,0.19026813202487144f,0.27472970413800846f,0.4348921229111741f,0.23130812532913578f,-0.899681939402602f,-0.5133434849355161f,0f,0f,0f,1f], start_interpolation: 0, interpolation_duration: 1 }
$data merge entity $(bone_leg_left_1) { transformation: [-0.9221349704646269f,0.3570593814921568f,0.14891505744766106f,0.32955037286889655f,0.17176887973974142f,0.032976390830632085f,0.9845851967202939f,0.22804876777935423f,0.34664470023232163f,0.9334994138917407f,-0.09174037314410777f,-0.26177894653071443f,0f,0f,0f,1f], start_interpolation: 0, interpolation_duration: 1 }
$data merge entity $(bone_leg_left_0) { transformation: [-0.9134296221099596f,-0.1485869592684852f,-0.37890399969834304f,0.19584585710500688f,0.15183875733827498f,0.7393512803381007f,-0.6559761245902018f,0.5893978121578559f,0.37761265500778024f,-0.6567203360622824f,-0.6527841013537463f,-0.422580840659921f,0f,0f,0f,1f], start_interpolation: 0, interpolation_duration: 1 }
$data merge entity $(bone_leg_right_3) { transformation: [-0.972722013384517f,0.059877008863407855f,-0.22411298152213957f,-0.2465252082407828f,0.0370727716213165f,0.9938215772760508f,0.10461492314605836f,0.024598751948256198f,0.22899234546483258f,0.09345274929135783f,-0.9689319322678973f,-0.16628391802203163f,0f,0f,0f,1f], start_interpolation: 0, interpolation_duration: 1 }
$data merge entity $(bone_leg_right_2) { transformation: [-1.0154320765396108f,0.139366407224058f,-0.03920334134492197f,-0.21367534063851878f,0.13591626911278357f,0.8220127634723358f,-0.5982340545135568f,0.19750976420269323f,-0.04986647396407526f,-0.597439721416919f,-0.8322507516057636f,-0.33118916386240893f,0f,0f,0f,1f], start_interpolation: 0, interpolation_duration: 1 }
$data merge entity $(bone_leg_right_1) { transformation: [-0.9421735805076757f,0.1678110869890647f,-0.29008340744843514f,-0.17146535199606946f,-0.16612705645508125f,0.5178858842432106f,0.8391638767339771f,0.2903885457015453f,0.2910511042874026f,0.8388287369810216f,-0.4600604359297885f,-0.07310926447879096f,0f,0f,0f,1f], start_interpolation: 0, interpolation_duration: 1 }
$data merge entity $(bone_leg_right_0) { transformation: [-0.936393875176826f,-0.2998774349275256f,-0.182318497560216f,-0.16548533069088237f,-0.11528480384623961f,0.7535039854172129f,-0.647256639952431f,0.6523342477222206f,0.33147537545564504f,-0.5850686010902179f,-0.7401478281295398f,-0.28111605931589034f,0f,0f,0f,1f], start_interpolation: 0, interpolation_duration: 1 }
$data merge entity $(bone_tail_4) { transformation: [-1.1361599619948488f,-1.2903638729811364f,-2.1609634304321266f,-0.4834141546548888f,-0.6870274016481177f,2.439894468431639f,-1.0957050989665629f,0.45086822197415805f,2.4213209662794606f,0.08681814223887871f,-1.3248881915217186f,-2.0054195394905823f,0f,0f,0f,1f], start_interpolation: 0, interpolation_duration: 1 }
$data merge entity $(bone_tail_3) { transformation: [-1.3694671635026316f,-1.113312586342315f,-1.105006922704236f,-0.285151177452076f,-0.9290147605914651f,1.7575986987472192f,-0.6194545300582672f,0.5387053357758183f,1.2638974597393902f,0.08560038141451552f,-1.652628606799014f,-1.7260324661596265f,0f,0f,0f,1f], start_interpolation: 0, interpolation_duration: 1 }
$data merge entity $(bone_tail_2) { transformation: [-1.6638607068552878f,-0.9374138482556547f,-0.4142423207306603f,-0.2095978285999882f,-0.8560781251924056f,1.7054993972402641f,-0.4209227061859798f,0.6167267533244003f,0.5634462412270179f,-0.17692076790020148f,-1.8627939365736417f,-1.3793686032461623f,0f,0f,0f,1f], start_interpolation: 0, interpolation_duration: 1 }
$data merge entity $(bone_tail_1) { transformation: [-1.509333252554592f,-0.0957286721697683f,0.020134648186402693f,-0.21131842154444036f,-0.09628231317027347f,1.508788162336613f,-0.04409362043978719f,0.6078638172868674f,-0.017294476099569047f,-0.04528302681490787f,-1.5117230561775932f,-1.0534926070090318f,0f,0f,0f,1f], start_interpolation: 0, interpolation_duration: 1 }
$data merge entity $(bone_tail_0) { transformation: [-1.2235303890988818f,0.217821347130942f,-0.2989363883330842f,-0.11870584382447905f,0.20309810159809563f,1.2590346286976564f,0.08613176795719368f,0.6130768611650593f,0.3091282333641114f,0.03494826259263669f,-1.2397798477403024f,-0.690356756503509f,0f,0f,0f,1f], start_interpolation: 0, interpolation_duration: 1 }
$data merge entity $(bone_body_1) { transformation: [-1.1364274080938017f,0.18275234746672497f,-0.4513744794345996f,-0.026077267608139644f,0.19794220028268258f,1.2204120221085013f,-0.004239893458507132f,0.5318591666666667f,0.44492271973535436f,-0.07616213524245842f,-1.1510202855183982f,-0.4176306030536963f,0f,0f,0f,1f], start_interpolation: 0, interpolation_duration: 1 }