# This file was generated by Animated Java via MC-Build. It is not recommended to edit this file directly.
$data merge entity $(bone_head_lower) { transformation: [-0.9851415604256951f,-0.1709088909128011f,0.01691912908465846f,0.18367736398321288f,-0.15378797053903084f,0.9217063507148744f,0.35609923219427947f,0.31937452908134606f,-0.07645499355511876f,0.3482061947450467f,-0.9342949640780804f,0.5602826160481549f,0f,0f,0f,1f], start_interpolation: 0, interpolation_duration: 1 }
$data merge entity $(bone_head_upper) { transformation: [-1.025433439771456f,-0.16531966967806683f,-0.06802653893534819f,0.17495726025661737f,-0.16007783445575616f,0.6728157390149213f,0.7779241677909667f,0.3880607785833449f,-0.0795819709352758f,0.7768270919161145f,-0.6882429235020994f,0.5302557045828802f,0f,0f,0f,1f], start_interpolation: 0, interpolation_duration: 1 }
$data merge entity $(bone_neck_0) { transformation: [-0.995747518548011f,-0.08990640932798738f,0.02009270681683542f,0.17803759286806078f,-0.07816323667240194f,0.9399428676366677f,0.33226181545861116f,0.39431367192303257f,-0.0487584632486812f,0.3292783672528557f,-0.9429731539767824f,0.4639522421530624f,0f,0f,0f,1f], start_interpolation: 0, interpolation_duration: 1 }
$data merge entity $(bone_neck_1) { transformation: [-0.9940903911270071f,-0.025058569664049655f,-0.1056236827389879f,0.1689744389311115f,-0.05956950184885963f,0.9393328141514988f,0.3377948174672085f,0.42725671537767856f,0.09075113618260157f,0.3420905323808567f,-0.9352744511302278f,0.3862981889865231f,0f,0f,0f,1f], start_interpolation: 0, interpolation_duration: 1 }
$data merge entity $(bone_neck_2) { transformation: [-0.9898294984880971f,0.04197538706367714f,-0.1359250926196378f,0.15747734665340687f,-0.00913605706898838f,0.9347485412103501f,0.35519247903968154f,0.46752601292143514f,0.1419651238298858f,0.3528218127978724f,-0.9248581902270143f,0.3087280211471341f,0f,0f,0f,1f], start_interpolation: 0, interpolation_duration: 1 }
$data merge entity $(bone_body_0) { transformation: [-0.974742939111172f,0.010432853246193557f,-0.2230859884126694f,0.052437142855208875f,-0.018282889919252976f,0.9918276201946116f,0.12626839571046214f,0.5364842321801709f,0.2225801846281801f,0.12715788372034495f,-0.9665862268926909f,-0.1456091050992493f,0f,0f,0f,1f], start_interpolation: 0, interpolation_duration: 1 }
$data merge entity $(bone_leg_left_3) { transformation: [-0.6420294753188359f,0.3006389465748248f,-0.7052760995696652f,0.26245824697422615f,0.08613667143679685f,0.9423704065818267f,0.3232931960815013f,0.0543448798726347f,0.7618258506086611f,0.14681362539349813f,-0.6309256158559489f,-0.4633574248992088f,0f,0f,0f,1f], start_interpolation: 0, interpolation_duration: 1 }
$data merge entity $(bone_leg_left_2) { transformation: [-0.9426789926941122f,-0.061636433407683544f,-0.39952404972753375f,0.2342813494619424f,-0.1345561912435139f,1.003746593647588f,0.1626333503301125f,0.2931341049062901f,0.38119961651600265f,0.2018809681924932f,-0.9305875168679243f,-0.4444672020200534f,0f,0f,0f,1f], start_interpolation: 0, interpolation_duration: 1 }
$data merge entity $(bone_leg_left_1) { transformation: [-0.9419162309446961f,0.29959729950283903f,0.15177375271615462f,0.32638191306567016f,0.17836328637615806f,0.06332793490966321f,0.9819246970787394f,0.2547085057826022f,0.2845704692269296f,0.9519616750640145f,-0.11308676869236939f,-0.18551866432264336f,0f,0f,0f,1f], start_interpolation: 0, interpolation_duration: 1 }
$data merge entity $(bone_leg_left_0) { transformation: [-0.9349799261182528f,-0.11681526554192334f,-0.33491302078640783f,0.19906508114432078f,0.15820372565552604f,0.7077530829584094f,-0.688518086001797f,0.6070402806437785f,0.3174651460312108f,-0.6967350768399971f,-0.6432543149922474f,-0.3698011195296906f,0f,0f,0f,1f], start_interpolation: 0, interpolation_duration: 1 }
$data merge entity $(bone_leg_right_3) { transformation: [-0.9841220233455606f,0.04707506610110066f,-0.17113673281273337f,-0.24707705935517157f,0.031815499710883835f,0.9953570994003271f,0.09084062225411527f,0.02547509999080494f,0.17461849027060847f,0.08395345630136497f,-0.9810505593651477f,-0.16097467084410744f,0f,0f,0f,1f], start_interpolation: 0, interpolation_duration: 1 }
$data merge entity $(bone_leg_right_2) { transformation: [-1.0163414671062232f,0.13735849304661157f,-0.0156481989068563f,-0.21396586341559173f,0.12338656641283463f,0.8488993208365726f,-0.5623236593037427f,0.20578256009742962f,-0.062353644399631716f,-0.5590749386011364f,-0.8576767663630136f,-0.3177035469306932f,0f,0f,0f,1f], start_interpolation: 0, interpolation_duration: 1 }
$data merge entity $(bone_leg_right_1) { transformation: [-0.947519588512223f,0.13610591075964704f,-0.2892780849665508f,-0.18051836074306343f,-0.1857352266161953f,0.5021197799851057f,0.8446171630635622f,0.2936984529391503f,0.2602096365999125f,0.8540204374627092f,-0.4504886651365886f,-0.05661841520048527f,0f,0f,0f,1f], start_interpolation: 0, interpolation_duration: 1 }
$data merge entity $(bone_leg_right_0) { transformation: [-0.9465721527673017f,-0.2860446469556529f,-0.14892823625321067f,-0.17064182768577738f,-0.13706237190104775f,0.7748551309579887f,-0.6171008282581844f,0.6641046374021824f,0.2919161965604771f,-0.5637180021749297f,-0.7726622471750326f,-0.2489956258330332f,0f,0f,0f,1f], start_interpolation: 0, interpolation_duration: 1 }
$data merge entity $(bone_tail_4) { transformation: [-2.323605919218635f,0.11597563842331195f,-1.4876378978314668f,-0.20702461117323112f,0.047878980441353414f,2.7574836802773377f,0.1401880445546251f,0.5442496961067703f,1.4913834071103305f,0.09216689154169315f,-2.32227089907692f,-2.0428906142985914f,0f,0f,0f,1f], start_interpolation: 0, interpolation_duration: 1 }
$data merge entity $(bone_tail_3) { transformation: [-1.9872511730799631f,-0.28199568929301166f,-0.5543074348742882f,-0.11027500496180578f,-0.2632635343011472f,2.0628813849698546f,-0.10563251912441651f,0.5419741539470481f,0.5634453058141691f,-0.03073025885769229f,-2.00437784975562f,-1.702721481306518f,0f,0f,0f,1f], start_interpolation: 0, interpolation_duration: 1 }
$data merge entity $(bone_tail_2) { transformation: [-1.9283334234306302f,-0.31667056429518115f,0.004882293728744798f,-0.11268386188303546f,-0.3128630743804621f,1.9000153588522797f,-0.33291471553150986f,0.6040830415415795f,0.04920142042957202f,-0.3292951029657021f,-1.925595448268742f,-1.344799468209749f,0f,0f,0f,1f], start_interpolation: 0, interpolation_duration: 1 }
$data merge entity $(bone_tail_1) { transformation: [-1.4848537930124188f,0.1419257521851041f,0.25044469298295335f,-0.1668930737075887f,0.119823112395141f,1.5012035381657822f,-0.14030897595834327f,0.6158108296784645f,-0.26174010986582624f,-0.11790363804917103f,-1.4850074400561757f,-1.02355112605433f,0f,0f,0f,1f], start_interpolation: 0, interpolation_duration: 1 }
$data merge entity $(bone_tail_0) { transformation: [-1.2264095787931546f,0.29386946381590084f,-0.2083170657074934f,-0.09892639172440112f,0.29190650157693493f,1.2439102309936714f,0.03624428438269753f,0.6352371770917729f,0.21105889217358278f,-0.012798126810354896f,-1.2606054373072624f,-0.6554817596746285f,0f,0f,0f,1f], start_interpolation: 0, interpolation_duration: 1 }
$data merge entity $(bone_body_1) { transformation: [-1.162769997018618f,0.17720301654724338f,-0.3810113121891932f,-0.022282479443422425f,0.17947384902220376f,1.2230893377077898f,0.02112355459967611f,0.5479425f,0.37994692603932023f,-0.03544231889038413f,-1.1760054296138238f,-0.37968967880800897f,0f,0f,0f,1f], start_interpolation: 0, interpolation_duration: 1 }