# This file was generated by Animated Java via MC-Build. It is not recommended to edit this file directly.
$data merge entity $(bone_head_lower) { transformation: [-0.9811997513317329f,-0.16548041832581767f,0.0993140430012725f,0.050033764279354895f,-0.129563682135087f,0.946195840821378f,0.29652433809710094f,0.3403220754027151f,-0.14303950593505388f,0.2780821137057147f,-0.9498473760446036f,0.6392480136068965f,0f,0f,0f,1f], start_interpolation: 0, interpolation_duration: 1 }
$data merge entity $(bone_head_upper) { transformation: [-1.0213304123279712f,-0.20083949295808626f,-0.004430519814103521f,0.04490148802009509f,-0.13486278274954452f,0.6684705354200118f,0.7864039138304434f,0.4095031533316265f,-0.14888976212800345f,0.7721933591576201f,-0.6819246273524995f,0.6095311044676641f,0f,0f,0f,1f], start_interpolation: 0, interpolation_duration: 1 }
$data merge entity $(bone_neck_0) { transformation: [-0.9894900982129478f,-0.1063665127314359f,0.09795667668865057f,0.05328180733037967f,-0.07484783999171918f,0.956368161248808f,0.2824141303089278f,0.41226511728482296f,-0.12372205295381063f,0.2721141398731924f,-0.9542781295272189f,0.5434487463251477f,0f,0f,0f,1f], start_interpolation: 0, interpolation_duration: 1 }
$data merge entity $(bone_neck_1) { transformation: [-0.9980878129475647f,-0.06169418213874299f,0.003813861006815484f,0.05332067402924223f,-0.05757387323975185f,0.9503368703481473f,0.3058514050598128f,0.4425528287626656f,-0.022493705024310355f,0.3050469812129277f,-0.9520716215113018f,0.4642010973546835f,0f,0f,0f,1f], start_interpolation: 0, interpolation_duration: 1 }
$data merge entity $(bone_neck_2) { transformation: [-0.999676526684817f,-0.01687740370948758f,-0.019026172484441613f,0.05148859829261831f,-0.02239228708161522f,0.9387831109915965f,0.34378024375492283f,0.4818618298634772f,0.012059331434008981f,0.34409507953611684f,-0.9388573633755015f,0.38531905678084755f,0f,0f,0f,1f], start_interpolation: 0, interpolation_duration: 1 }
$data merge entity $(bone_body_0) { transformation: [-0.9972749499963836f,-0.01986431892443716f,-0.07104986237410352f,0.01781383212453331f,-0.028281378339052574f,0.9924315256880246f,0.11949824458870978f,0.5476350552413044f,0.06813837207443525f,0.12118199393560078f,-0.990288890474309f,-0.08024597374662598f,0f,0f,0f,1f], start_interpolation: 0, interpolation_duration: 1 }
$data merge entity $(bone_leg_left_3) { transformation: [-0.8679722147580888f,0.2522180047482473f,-0.4277970459093329f,0.30060610053168146f,0.06191202279376908f,0.9096660937484643f,0.4107000113440377f,0.08957364428960715f,0.4927384050807511f,0.32999041799001055f,-0.8051802209401658f,-0.281787222024787f,0f,0f,0f,1f], start_interpolation: 0, interpolation_duration: 1 }
$data merge entity $(bone_leg_left_2) { transformation: [-1.0000301179234037f,-0.1427821781114982f,-0.17780667130491618f,0.2602773345516832f,-0.15280819643819213f,1.0132198497262555f,0.04579727855128701f,0.32693199785391613f,0.16926788782313362f,0.07114060187497535f,-1.009133091528295f,-0.29612858506274786f,0f,0f,0f,1f], start_interpolation: 0, interpolation_duration: 1 }
$data merge entity $(bone_leg_left_1) { transformation: [-0.9857798834618567f,0.0735808056930429f,0.15107576375941684f,0.29188687057418977f,0.16087666309792314f,0.15351538152883826f,0.9749624233295002f,0.3137250195418099f,0.04854606711573876f,0.9854029087980292f,-0.16316980940105408f,-0.020738319047278492f,0f,0f,0f,1f], start_interpolation: 0, interpolation_duration: 1 }
$data merge entity $(bone_leg_left_0) { transformation: [-0.9859430762590433f,0.02242618617918969f,-0.1655696727976202f,0.1995293788889288f,0.1439313718737558f,0.6172577277581117f,-0.7734834566514213f,0.6357825622005548f,0.08485287601132513f,-0.7864413288328309f,-0.6118088146931666f,-0.269849361577855f,0f,0f,0f,1f], start_interpolation: 0, interpolation_duration: 1 }
$data merge entity $(bone_leg_right_3) { transformation: [-0.9795753017043668f,0.007531794470142364f,0.20093655805467125f,-0.23970563615103466f,0.012022638480635544f,0.9997042646587349f,0.021138575805907056f,0.019797941851114165f,-0.20071792260474078f,0.02312261436770674f,-0.9793761587102477f,-0.18059212709347883f,0f,0f,0f,1f], start_interpolation: 0, interpolation_duration: 1 }
$data merge entity $(bone_leg_right_2) { transformation: [-1.0073779784421526f,0.1514774998260897f,0.11960926008020029f,-0.19913716467391054f,0.07618913114579867f,0.8961148817350423f,-0.49318914680772713f,0.21332106782425575f,-0.1773330886939725f,-0.4754943588310197f,-0.8913586763333985f,-0.3187010366598387f,0f,0f,0f,1f], start_interpolation: 0, interpolation_duration: 1 }
$data merge entity $(bone_leg_right_1) { transformation: [-0.9628294846740327f,-0.011756119395437303f,-0.26985399218669515f,-0.20719424209751947f,-0.24324916973910563f,0.47206619932755733f,0.8473389787290981f,0.2917825609561176f,0.11742753026259431f,0.8814847117841556f,-0.457378921712875f,-0.05263288137124639f,0f,0f,0f,1f], start_interpolation: 0, interpolation_duration: 1 }
$data merge entity $(bone_leg_right_0) { transformation: [-0.9713327433728034f,-0.237723993646338f,-0.00006705743517251839f,-0.1875846273198959f,-0.19678966780755128f,0.8042345655416627f,-0.5607856901100516f,0.6760844907145412f,0.1333661437399215f,-0.5446963066084154f,-0.8279609926023652f,-0.21460438613883792f,0f,0f,0f,1f], start_interpolation: 0, interpolation_duration: 1 }
$data merge entity $(bone_tail_4) { transformation: [-1.9864359622383887f,1.1973796017901746f,1.4986712744103858f,0.4224918102848605f,1.6852466483259936f,2.1199028335078243f,0.5400157797615787f,0.5663555218332891f,-0.916339038692586f,1.303056175804521f,-2.2556659106493684f,-1.8930782216673294f,0f,0f,0f,1f], start_interpolation: 0, interpolation_duration: 1 }
$data merge entity $(bone_tail_3) { transformation: [-1.6853459018780212f,0.6854523391273019f,1.012773325010248f,0.2440551912554539f,0.810170831619721f,1.917558511405155f,0.05037960871921538f,0.5390481864889238f,-0.9160665590774574f,0.43482177057617744f,-1.818707676680733f,-1.5889476808456118f,0f,0f,0f,1f], start_interpolation: 0, interpolation_duration: 1 }
$data merge entity $(bone_tail_2) { transformation: [-1.6709992708898518f,0.5453793834495881f,0.8538715593088388f,0.08421649589701508f,0.40868775847992483f,1.8697960810016994f,-0.3944753560643791f,0.6131274190917382f,-0.9270974208555515f,-0.15873820769307906f,-1.7129116815131336f,-1.2712444502478872f,0f,0f,0f,1f], start_interpolation: 0, interpolation_duration: 1 }
$data merge entity $(bone_tail_1) { transformation: [-1.3287049097281196f,0.3904946837821114f,0.6080406358149913f,-0.050131051776314856f,0.31680237644108783f,1.4586062569824014f,-0.2444591814047268f,0.6475996887373565f,-0.6494888506707942f,-0.08739530324736419f,-1.363151695089227f,-0.9762205934863192f,0f,0f,0f,1f], start_interpolation: 0, interpolation_duration: 1 }
$data merge entity $(bone_tail_0) { transformation: [-1.2314309667482715f,0.34261194861724464f,0.005526606747396073f,-0.04347821808844011f,0.3426435989241371f,1.231403391312299f,0.008761767225383327f,0.6747552540966684f,-0.002975707270699802f,0.009922555784235676f,-1.278173855403472f,-0.602469036466527f,0f,0f,0f,1f], start_interpolation: 0, interpolation_duration: 1 }
$data merge entity $(bone_body_1) { transformation: [-1.217517284893799f,0.13742390232098453f,-0.16544161239529448f,-0.014271835723645284f,0.12675411840785555f,1.2268245833963465f,0.08625213097239207f,0.5720675f,0.1737516892226654f,0.06797578761223617f,-1.2222087537925004f,-0.32290127331280644f,0f,0f,0f,1f], start_interpolation: 0, interpolation_duration: 1 }