# This file was generated by Animated Java via MC-Build. It is not recommended to edit this file directly.
$data merge entity $(bone_head_lower) { transformation: [-0.9857720029012444f,-0.14263942911728797f,0.08892441485420581f,0.04165130649445097f,-0.11417201671767134f,0.9564693040729326f,0.26857256182428557f,0.3494040165921435f,-0.12336251008587856f,0.25459863241450065f,-0.9591460928753124f,0.6598049274202336f,0f,0f,0f,1f], start_interpolation: 0, interpolation_duration: 1 }
$data merge entity $(bone_head_upper) { transformation: [-1.026089667081571f,-0.17486477937537206f,-0.005852061682893474f,0.0370028108025895f,-0.11884160462975048f,0.6710192786460594f,0.7868174777404574f,0.41867580931478005f,-0.12840798534734513f,0.7762907826342081f,-0.6814366828104513f,0.6302200205825961f,0f,0f,0f,1f], start_interpolation: 0, interpolation_duration: 1 }
$data merge entity $(bone_neck_0) { transformation: [-0.9920159661960596f,-0.09187353494896727f,0.08639199261551404f,0.04440090392427167f,-0.06653527302078796f,0.9632235913784065f,0.2603331912302647f,0.419896015862252f,-0.10713253593632208f,0.2525065674157115f,-0.961646012395303f,0.563974148496546f,0f,0f,0f,1f], start_interpolation: 0, interpolation_duration: 1 }
$data merge entity $(bone_neck_1) { transformation: [-0.9985494240344551f,-0.05369365846476067f,0.00400484720399704f,0.04449280707322993f,-0.05018303529839652f,0.9550529042332833f,0.29215682960323003f,0.44904534323622386f,-0.019511809980050976f,0.2915320585394349f,-0.9563620382026159f,0.48430078336121696f,0f,0f,0f,1f], start_interpolation: 0, interpolation_duration: 1 }
$data merge entity $(bone_neck_2) { transformation: [-0.9997602838934228f,-0.015409920934032529f,-0.015553426829786068f,0.042979337475094685f,-0.019750127243489818f,0.9413485235866128f,0.33685737280809247f,0.4877729659132491f,0.009450249901912955f,0.33708380482917166f,-0.9414272150828655f,0.4051249597425004f,0f,0f,0f,1f], start_interpolation: 0, interpolation_duration: 1 }
$data merge entity $(bone_body_0) { transformation: [-0.9980655325640562f,-0.017771329712692987f,-0.0595766107450702f,0.014731810113557852f,-0.024515662739431444f,0.993125431470877f,0.11445898674298513f,0.5511778182855671f,0.05713295885978003f,0.11569812965656423f,-0.9916399385895565f,-0.061129055357347f,0f,0f,0f,1f], start_interpolation: 0, interpolation_duration: 1 }
$data merge entity $(bone_leg_left_3) { transformation: [-0.8601149019252493f,0.26967885613172127f,-0.43298460716474085f,0.29898379374554096f,0.050238764840719194f,0.8894805012850512f,0.45420315316053644f,0.0995491464554962f,0.5076203522253592f,0.3689142886758134f,-0.7786037667629292f,-0.27480723347963015f,0f,0f,0f,1f], start_interpolation: 0, interpolation_duration: 1 }
$data merge entity $(bone_leg_left_2) { transformation: [-0.9994968798109058f,-0.13880721102946533f,-0.18384978899955018f,0.25939565467031356f,-0.15633878702423304f,1.0099391243478473f,0.08742624482379331f,0.33742381193540466f,0.1691932930725956f,0.11321538225179377f,-1.005295034455819f,-0.2792225288715326f,0f,0f,0f,1f], start_interpolation: 0, interpolation_duration: 1 }
$data merge entity $(bone_leg_left_1) { transformation: [-0.9848656134956314f,0.07841642312994826f,0.15456580455384852f,0.2921155699035026f,0.16366114666250622f,0.1272130369999223f,0.9782800582094939f,0.3168398989196635f,0.05705043757051453f,0.988770806507131f,-0.13812146745619047f,-0.004415150273615331f,0f,0f,0f,1f], start_interpolation: 0, interpolation_duration: 1 }
$data merge entity $(bone_leg_left_0) { transformation: [-0.9850967539814248f,0.01983382974805674f,-0.17085375176678191f,0.1992687985371597f,0.14428482703901271f,0.6360055135785396f,-0.7580757715321209f,0.6450452479480543f,0.0936283823505576f,-0.771429585830893f,-0.629388687635228f,-0.24518060560400806f,0f,0f,0f,1f], start_interpolation: 0, interpolation_duration: 1 }
$data merge entity $(bone_leg_right_3) { transformation: [-0.9803971490190595f,0.006890773146022489f,0.19691101401584904f,-0.23349288616840302f,0.011014370976472829f,0.9997422189613107f,0.019853948179323733f,0.019181596841567256f,-0.19672344503716996f,0.021633605149504798f,-0.9802203187554023f,-0.17686566078180743f,0f,0f,0f,1f], start_interpolation: 0, interpolation_duration: 1 }
$data merge entity $(bone_leg_right_2) { transformation: [-1.0084329224844901f,0.1386967523935233f,0.126049399941349f,-0.19570292257577823f,0.06601355064046277f,0.9084978815497373f,-0.4715251953524571f,0.21627648140252884f,-0.175406532038928f,-0.45547448841381194f,-0.9021295574488993f,-0.3106438249102816f,0f,0f,0f,1f], start_interpolation: 0, interpolation_duration: 1 }
$data merge entity $(bone_leg_right_1) { transformation: [-0.9605751451386351f,-0.0234241723831166f,-0.27703194525190855f,-0.20650425707541917f,-0.25597145920362147f,0.4634135945061914f,0.8483669327007152f,0.2920794410283823f,0.108508076266512f,0.8858324607819568f,-0.451139500387545f,-0.04390307409639915f,0f,0f,0f,1f], start_interpolation: 0, interpolation_duration: 1 }
$data merge entity $(bone_leg_right_0) { transformation: [-0.970500582280202f,-0.24068033944812342f,0.014198380081017759f,-0.1893134555647604f,-0.20971700388367862f,0.8136609512915521f,-0.5421942775660582f,0.6800721530941767f,0.11894283532790904f,-0.5291775038174458f,-0.8401331866898815f,-0.19711342065205395f,0f,0f,0f,1f], start_interpolation: 0, interpolation_duration: 1 }
$data merge entity $(bone_tail_4) { transformation: [-1.45179943750066f,1.192800491258001f,2.023651826013417f,0.49350585971765326f,1.9713474429866944f,1.912336630499807f,0.28708744709316264f,0.5582842458135489f,-1.2773914763699452f,1.5955741697907118f,-1.8568994093364597f,-1.8314064699333543f,0f,0f,0f,1f], start_interpolation: 0, interpolation_duration: 1 }
$data merge entity $(bone_tail_3) { transformation: [-1.4429777933941068f,0.8111054576292941f,1.2632769096361618f,0.2713634754668276f,1.0002241430874714f,1.8260885851835182f,-0.02996111966927169f,0.5454948341201667f,-1.1195143042412865f,0.5860494362345857f,-1.6550466177521157f,-1.5565066781861407f,0f,0f,0f,1f], start_interpolation: 0, interpolation_duration: 1 }
$data merge entity $(bone_tail_2) { transformation: [-1.569144409224997f,0.677330310642496f,0.9475142997789797f,0.09422351335565109f,0.5314663487346702f,1.83098409598583f,-0.42873609063428425f,0.6260246150399857f,-1.0363895108323646f,-0.08657231390387553f,-1.654441262573186f,-1.2497366141684834f,0f,0f,0f,1f], start_interpolation: 0, interpolation_duration: 1 }
$data merge entity $(bone_tail_1) { transformation: [-1.3202167662458317f,0.40629669512894573f,0.6161225005229852f,-0.042064434031370515f,0.3320092649688577f,1.4546495176654193f,-0.24783236013604637f,0.6612565939305564f,-0.6591310856713087f,-0.08108036928295698f,-1.358907073945346f,-0.9556941341433771f,0f,0f,0f,1f], start_interpolation: 0, interpolation_duration: 1 }
$data merge entity $(bone_tail_0) { transformation: [-1.2351418734903599f,0.3288448027882908f,0.01101656089174219f,-0.03734811829575013f,0.32893229906880483f,1.2351245284649972f,0.010327555250709445f,0.688044397304687f,-0.0079882140720999f,0.01281450144470025f,-1.2781266344039193f,-0.5818865883968365f,0f,0f,0f,1f], start_interpolation: 0, interpolation_duration: 1 }
$data merge entity $(bone_body_1) { transformation: [-1.2221350903972976f,0.1223220169667962f,-0.1415193981085775f,-0.012686096506722932f,0.11016357395432157f,1.2266269228772695f,0.10888054969783154f,0.5801091666666667f,0.15117672720842304f,0.09501742626521763f,-1.2234058529011271f,-0.3038619627331623f,0f,0f,0f,1f], start_interpolation: 0, interpolation_duration: 1 }