# This file was generated by Animated Java via MC-Build. It is not recommended to edit this file directly.
$data merge entity $(bone_head_lower) { transformation: [-0.9898280940906028f,-0.11941515281243627f,0.07733282244782785f,0.03382830455923633f,-0.09779874421942501f,0.9659004371157296f,0.23973266612780625f,0.35831871804161286f,-0.10332351996553481f,0.2297310750822038f,-0.9677540407373697f,0.6799893371713588f,0f,0f,0f,1f], start_interpolation: 0, interpolation_duration: 1 }
$data merge entity $(bone_head_upper) { transformation: [-1.030311650710536f,-0.14793537889120717f,-0.0067058680237958804f,0.029724331652692844f,-0.10179867210852275f,0.673301512706921f,0.78725729334635f,0.4276773680696585f,-0.10754940888065855f,0.7799052117035725f,-0.6809206473521963f,0.6505276406067292f,0f,0f,0f,1f], start_interpolation: 0, interpolation_duration: 1 }
$data merge entity $(bone_neck_0) { transformation: [-0.9942766651313063f,-0.07694392448086144f,0.07411845695136622f,0.03608718986287831f,-0.057268665682823655f,0.9695176548636802f,0.23823479350955196f,0.42736349206178237f,-0.09018987252611585f,0.23262663087684815f,-0.9683752565512037f,0.5841638570230181f,0f,0f,0f,1f], start_interpolation: 0, interpolation_duration: 1 }
$data merge entity $(bone_neck_1) { transformation: [-0.9989724063585331f,-0.04516339216849514f,0.0037946465021621283f,0.03620058412405055f,-0.0423165500634269f,0.9594252358280144f,0.27876966557910926f,0.45539889372149883f,-0.016230863346450422f,0.2783226272946446f,-0.9603504955019471f,0.5040917630073678f,0f,0f,0f,1f], start_interpolation: 0, interpolation_duration: 1 }
$data merge entity $(bone_neck_2) { transformation: [-0.9998363963076097f,-0.013151578697441388f,-0.012418397496347905f,0.03498387719020461f,-0.01651361224773771f,0.9438409665412453f,0.32998716715808707f,0.4935490374313439f,0.007381140097821044f,0.3301382526400916f,-0.9439037307451451f,0.4246309767458668f,0f,0f,0f,1f], start_interpolation: 0, interpolation_duration: 1 }
$data merge entity $(bone_body_0) { transformation: [-0.9986919811651591f,-0.014991940323252965f,-0.048883212678314414f,0.01180258539545819f,-0.020273342025427347f,0.9937907030144838f,0.10940306305171744f,0.5545773894707235f,0.04693951810073617f,0.1102509878745857f,-0.9927947427908493f,-0.04221918407793471f,0f,0f,0f,1f], start_interpolation: 0, interpolation_duration: 1 }
$data merge entity $(bone_leg_left_3) { transformation: [-0.8517866852215468f,0.2867090294508401f,-0.4384716356968219f,0.2976455637356684f,0.036341249798228656f,0.8672760343502014f,0.49649933917870576f,0.11020555256201536f,0.522626785041096f,0.406976919091422f,-0.7491535429299272f,-0.2683248326123582f,0f,0f,0f,1f], start_interpolation: 0, interpolation_duration: 1 }
$data merge entity $(bone_leg_left_2) { transformation: [-0.9987224088604434f,-0.13548497902311313f,-0.19041945803880922f,0.25863000141514336f,-0.1609785591057044f,1.004681860458282f,0.12946992807224092f,0.3481468975524187f,0.1694156222104044f,0.15594992537954772f,-0.9995199683977652f,-0.26259994772384404f,0f,0f,0f,1f], start_interpolation: 0, interpolation_duration: 1 }
$data merge entity $(bone_leg_left_1) { transformation: [-0.9840276115818609f,0.08365421005559484f,0.15713571454151415f,0.29261987195474193f,0.16519095790122762f,0.10013015371624095f,0.9811655822257712f,0.3200219069685445f,0.06634460846348147f,0.9914514236495584f,-0.11234975510027156f,0.011383736580758197f,0f,0f,0f,1f], start_interpolation: 0, interpolation_duration: 1 }
$data merge entity $(bone_leg_left_0) { transformation: [-0.9842913901213306f,0.016265388129060768f,-0.17580072946955927f,0.1988683735242301f,0.1433337633213748f,0.6549996934065042f,-0.7419102600244303f,0.6542584291088824f,0.10308196556697131f,-0.7554540613342393f,-0.6470419380445546f,-0.2205729024145899f,0f,0f,0f,1f], start_interpolation: 0, interpolation_duration: 1 }
$data merge entity $(bone_leg_right_3) { transformation: [-0.9811940876749566f,0.00592188729926043f,0.19293287320341346f,-0.22702489337936954f,0.009736744493387961f,0.9997752732073576f,0.018830796314126708f,0.01884940587076045f,-0.1927780021640954f,0.02035520410038949f,-0.9810312469782251f,-0.17307994580898248f,0f,0f,0f,1f], start_interpolation: 0, interpolation_duration: 1 }
$data merge entity $(bone_leg_right_2) { transformation: [-1.009306887811432f,0.12583546527615957f,0.1323904883132785f,-0.19203555325596283f,0.05570756936765805f,0.9201053705193832f,-0.44984994537871215f,0.2193358300432991f,-0.17394962613424436f,-0.43546956532094755f,-0.9122335143742724f,-0.3025095091484803f,0f,0f,0f,1f], start_interpolation: 0, interpolation_duration: 1 }
$data merge entity $(bone_leg_right_1) { transformation: [-0.9581327370724076f,-0.0352699337704092f,-0.2841437838876074f,-0.20562918360950128f,-0.26856605189381916f,0.4547581046346083f,0.849156841837422f,0.2924946405516045f,0.09926698303213843f,0.8899163432823161f,-0.44519093436269286f,-0.03515882686285976f,0f,0f,0f,1f], start_interpolation: 0, interpolation_duration: 1 }
$data merge entity $(bone_leg_right_0) { transformation: [-0.9693912965706276f,-0.24386804681644605f,0.028440989347227344f,-0.19097839991189713f,-0.22228700754214056f,0.8225599935348028f,-0.5234343734547678f,0.6839158174085522f,0.10425449827742572f,-0.5137347883664847f,-0.8515911970018041f,-0.1796652122215045f,0f,0f,0f,1f], start_interpolation: 0, interpolation_duration: 1 }
$data merge entity $(bone_tail_4) { transformation: [-1.0490687899201903f,1.1700105920703991f,2.2707248226190817f,0.513778194998546f,2.103281571005166f,1.788675477192482f,0.05007995567375032f,0.561072622058653f,-1.4495939564876181f,1.7485355539231453f,-1.5706565855021448f,-1.796539156244254f,0f,0f,0f,1f], start_interpolation: 0, interpolation_duration: 1 }
$data merge entity $(bone_tail_3) { transformation: [-1.2980460689970024f,0.8817120479414644f,1.3687972067916934f,0.27305252684376713f,1.1007446623395454f,1.7651145888773112f,-0.0931515029826431f,0.5595946426520768f,-1.1997429379399878f,0.66550723413934f,-1.5664170996946434f,-1.5374452124650242f,0f,0f,0f,1f], start_interpolation: 0, interpolation_duration: 1 }
$data merge entity $(bone_tail_2) { transformation: [-1.5368479523511316f,0.7367660146216795f,0.9560586206166419f,0.0943622185017716f,0.5934017518242143f,1.809094381091249f,-0.44025646643610034f,0.642306625374544f,-1.051069268549349f,-0.05592168635989651f,-1.6464811060891589f,-1.2321584856197494f,0f,0f,0f,1f], start_interpolation: 0, interpolation_duration: 1 }
$data merge entity $(bone_tail_1) { transformation: [-1.3366212992541058f,0.39659567328171025f,0.5863545210147978f,-0.03538573441692555f,0.3282960509649037f,1.457249227143782f,-0.2372817795569227f,0.6752400057751746f,-0.627153454348388f,-0.08241851687016502f,-1.3738784454149529f,-0.9349085265488977f,0f,0f,0f,1f], start_interpolation: 0, interpolation_duration: 1 }
$data merge entity $(bone_tail_0) { transformation: [-1.2421644861191836f,0.30121711857284184f,0.011460954888921206f,-0.03146598617047715f,0.3013260013976525f,1.2421244518986412f,0.01285314985636769f,0.701458692326975f,-0.008108445596615867f,0.015192434242176377f,-1.27809982381496f,-0.5610514317252684f,0f,0f,0f,1f], start_interpolation: 0, interpolation_duration: 1 }
$data merge entity $(bone_body_1) { transformation: [-1.2261121465662472f,0.10607223379918543f,-0.11833123136268815f,-0.01110035012255896f,0.093275836834942f,1.2257300627633736f,0.13224986410990283f,0.5881508333333333f,0.12865930732636624f,0.12222556815657448f,-1.2235654000433946f,-0.2848223750247251f,0f,0f,0f,1f], start_interpolation: 0, interpolation_duration: 1 }