# This file was generated by Animated Java via MC-Build. It is not recommended to edit this file directly.
$data merge entity $(bone_head_lower) { transformation: [-0.9932221991203877f,-0.09653783889329912f,0.06473105001676324f,0.026740192259960945f,-0.08093073875150414f,0.9741301176705639f,0.21099935870108483f,0.3669665893816287f,-0.08342588746664346f,0.20433051536406582f,-0.9753405363212675f,0.6997743035198508f,0f,0f,0f,1f], start_interpolation: 0, interpolation_duration: 1 }
$data merge entity $(bone_head_upper) { transformation: [-1.0338445732218287f,-0.12077849174770208f,-0.0070637762162100385f,0.02322025010771776f,-0.08424077224529952f,0.6750086752808269f,0.7878697374380146f,0.43641124405046006f,-0.08683797150324274f,0.7831013898661402f,-0.6802082934501962f,0.6704399135147989f,0f,0f,0f,1f], start_interpolation: 0, interpolation_duration: 1 }
$data merge entity $(bone_neck_0) { transformation: [-0.996183893932725f,-0.062103513629640617f,0.06132538678138703f,0.0285156129931266f,-0.04744027872276754f,0.9750619695713816f,0.21680307989114073f,0.4346183828347219f,-0.07326028544675349f,0.21306644290087373f,-0.974287237669584f,0.6040058783003863f,0f,0f,0f,1f], start_interpolation: 0, interpolation_duration: 1 }
$data merge entity $(bone_neck_1) { transformation: [-0.9993299982223969f,-0.036464439444550314f,0.0031463167067513047f,0.028614160199129098f,-0.034314000728530136f,0.9633510602078121f,0.2660400047934273f,0.46159350093128293f,-0.01273200717981621f,0.26575379480353456f,-0.9639568540866824f,0.52357037533897f,0f,0f,0f,1f], start_interpolation: 0, interpolation_duration: 1 }
$data merge entity $(bone_neck_2) { transformation: [-0.9998984044246731f,-0.010397357125452028f,-0.009750681709440216f,0.027658130726662934f,-0.01299266885713131f,0.9461578014201875f,0.3234449031406835f,0.49919317650770995f,0.005862711400191074f,0.3235387299482444f,-0.9461967653921223f,0.44384408859277913f,0f,0f,0f,1f], start_interpolation: 0, interpolation_duration: 1 }
$data merge entity $(bone_body_0) { transformation: [-0.9991635978366565f,-0.01183591423176588f,-0.03914097459704653f,0.009098384299779286f,-0.01587510704506408f,0.9943926674557994f,0.10455239780343484f,0.5579411626693278f,0.03768402492324988f,0.10508631711330553f,-0.9937488516829318f,-0.023504940118792145f,0f,0f,0f,1f], start_interpolation: 0, interpolation_duration: 1 }
$data merge entity $(bone_leg_left_3) { transformation: [-0.8641952250607108f,0.27417233712222666f,-0.42189589064033783f,0.2819888017466645f,0.04193469441495943f,0.8748275225496813f,0.4826160867541713f,0.10030720198889179f,0.5014061172209525f,0.3993824424615109f,-0.7675191009133815f,-0.2578913278650623f,0f,0f,0f,1f], start_interpolation: 0, interpolation_duration: 1 }
$data merge entity $(bone_leg_left_2) { transformation: [-0.9991948847143324f,-0.11966644234707646f,-0.19837269075505445f,0.24641399385455542f,-0.1436286679992518f,1.0090942335014472f,0.1147250327678355f,0.3388482976642494f,0.18177620193569707f,0.13953841761613223f,-0.9997742954885928f,-0.2559806255190652f,0f,0f,0f,1f], start_interpolation: 0, interpolation_duration: 1 }
$data merge entity $(bone_leg_left_1) { transformation: [-0.9790099022229342f,0.09685640961054882f,0.1793277649077092f,0.2827135754953134f,0.190117177153923f,0.11689384621517368f,0.9747775580449349f,0.3151198540791011f,0.07345114226793827f,0.9884101702402583f,-0.13285430013800142f,0.01812279838785716f,0f,0f,0f,1f], start_interpolation: 0, interpolation_duration: 1 }
$data merge entity $(bone_leg_left_0) { transformation: [-0.9803223826943153f,0.03523173040675155f,-0.1942337539180216f,0.19837094166486052f,0.16402309122611491f,0.6928605717139686f,-0.702168536541493f,0.6633922273771653f,0.1098382972062576f,-0.7202103535334232f,-0.6850055438681437f,-0.19611994403374514f,0f,0f,0f,1f], start_interpolation: 0, interpolation_duration: 1 }
$data merge entity $(bone_leg_right_3) { transformation: [-0.9819674529027828f,0.00454180875416673f,0.18899548516528558f,-0.22030822937101607f,0.008101511663082008f,0.9998039628511912f,0.018066581741595034f,0.018944239760760706f,-0.18887638007012417f,0.019271944382790673f,-0.9818117463196863f,-0.16903482097093944f,0f,0f,0f,1f], start_interpolation: 0, interpolation_duration: 1 }
$data merge entity $(bone_leg_right_2) { transformation: [-1.0100090246900313f,0.11296711128170674f,0.13850054625904062f,-0.18812856644152426f,0.04535563209430973f,0.9308192576905113f,-0.42846303883824627f,0.22260506645461736f,-0.17287809630694026f,-0.4157837668570592f,-0.9215743174243392f,-0.2941659882720349f,0f,0f,0f,1f], start_interpolation: 0, interpolation_duration: 1 }
$data merge entity $(bone_leg_right_1) { transformation: [-0.9555033999807362f,-0.04706616673336461f,-0.29120101059968934f,-0.20450021092709264f,-0.2809362987869919f,0.4461732221462129f,0.8497083334083122f,0.29315602242529504f,0.08993357909657197f,0.8937081356845158f,-0.4395426254212294f,-0.026270640182100263f,0f,0f,0f,1f], start_interpolation: 0, interpolation_duration: 1 }
$data merge entity $(bone_leg_right_0) { transformation: [-0.967995624117447f,-0.2473578534105717f,0.042409480609748494f,-0.19251904389568503f,-0.23441866982269952f,0.8308179970082148f,-0.5047666223967406f,0.6877105048354106f,0.08962342845501245f,-0.49855345571299736f,-0.8622134845086787f,-0.1622503835672984f,0f,0f,0f,1f], start_interpolation: 0, interpolation_duration: 1 }
$data merge entity $(bone_tail_4) { transformation: [-0.8764666329280504f,1.186102022875582f,2.334658339949172f,0.49240688824915474f,2.135477843786451f,1.7486787099582914f,-0.08670916696506309f,0.5781361866201755f,-1.5156523188584308f,1.7779049727893386f,-1.472247699155956f,-1.7901937170383977f,0f,0f,0f,1f], start_interpolation: 0, interpolation_duration: 1 }
$data merge entity $(bone_tail_3) { transformation: [-1.2843115549203945f,0.918463338244876f,1.3575398529113183f,0.2532304110790666f,1.1296168807372435f,1.745647845384675f,-0.11236026300140832f,0.5801058004375281f,-1.1876258075235078f,0.6671463274637465f,-1.5749305524689705f,-1.5296722460908336f,0f,0f,0f,1f], start_interpolation: 0, interpolation_duration: 1 }
$data merge entity $(bone_tail_2) { transformation: [-1.5746109801530084f,0.7357506979565877f,0.8933336703834432f,0.08617236870612495f,0.6022578696711685f,1.8090237277162962f,-0.4283602292246075f,0.660612830445234f,-0.9882608939968767f,-0.06984223663805908f,-1.6844097905143702f,-1.2172915287489987f,0f,0f,0f,1f], start_interpolation: 0, interpolation_duration: 1 }
$data merge entity $(bone_tail_1) { transformation: [-1.3716907673410625f,0.3629317091350487f,0.5238332399682185f,-0.029676690513573394f,0.30489857391793f,1.4654789718578494f,-0.2169435241376758f,0.6890913983588566f,-0.5596048145022532f,-0.091149369426092f,-1.4022091477519056f,-0.9139029270410107f,0f,0f,0f,1f], start_interpolation: 0, interpolation_duration: 1 }
$data merge entity $(bone_tail_0) { transformation: [-1.2509147347180465f,0.26262460482276057f,0.008738420394830762f,-0.025892660513681894f,0.26271332581891027f,1.2508358229900627f,0.015072124799349844f,0.7148718697609231f,-0.005454492320558297f,0.01654622163785256f,-1.2780970963299556f,-0.5400139599504741f,0f,0f,0f,1f], start_interpolation: 0, interpolation_duration: 1 }
$data merge entity $(bone_body_1) { transformation: [-1.2293931665575646f,0.08906513244955688f,-0.09625195717260665f,-0.009514597466894752f,0.07648373003658578f,1.2241220671789863f,0.15582040540759123f,0.5961925000000001f,0.10652359418225187f,0.14898711985751759f,-1.2227265258655784f,-0.2657825101657771f,0f,0f,0f,1f], start_interpolation: 0, interpolation_duration: 1 }