# This file was generated by Animated Java via MC-Build. It is not recommended to edit this file directly.
$data merge entity $(bone_head_lower) { transformation: [-0.9977808121088004f,-0.05454028520468854f,0.038194348761221596f,0.015073578733542701f,-0.047888891979482366f,0.9863640409721017f,0.1574567645487619f,0.38329056251293303f,-0.04626126903231327f,0.1552782533614352f,-0.9867869876627589f,0.738219446874816f,0f,0f,0f,1f], start_interpolation: 0, interpolation_duration: 1 }
$data merge entity $(bone_head_upper) { transformation: [-1.0385896315820453f,-0.06900342187116563f,-0.006484406206288075f,0.012754699329833388f,-0.04984752770773821f,0.676039334589512f,0.7899101117549414f,0.4529096950408359f,-0.048153335660206124f,0.7884676838281626f,-0.6778435737004188f,0.7091805819491648f,0f,0f,0f,1f], start_interpolation: 0, interpolation_duration: 1 }
$data merge entity $(bone_neck_0) { transformation: [-0.998763431223966f,-0.0346785366301625f,0.035623132188518335f,0.015943780955993803f,-0.027794183038291898f,0.9835929750652951f,0.1782479811707168f,0.4484789664915554f,-0.04122004171473023f,0.1770374494263651f,-0.9833405562986014f,0.6427356072919256f,0f,0f,0f,1f], start_interpolation: 0, interpolation_duration: 1 }
$data merge entity $(bone_neck_1) { transformation: [-0.9997992758335553f,-0.02001495954609904f,0.0008996872048477348f,0.015927789853880034f,-0.019192578102048077f,0.9696717161429238f,0.24365633145525778f,0.473587012142472f,-0.005749172853144422f,0.243590156424281f,-0.9698612182702734f,0.5616978220778208f,0f,0f,0f,1f], start_interpolation: 0, interpolation_duration: 1 }
$data merge entity $(bone_neck_2) { transformation: [-0.9999720212531996f,-0.004622330655526677f,-0.005881391850710075f,0.015367280311244683f,-0.006227471034942048f,0.9500012106166023f,0.3121841098318419f,0.5102377871472583f,0.004144311197241152f,0.31221200150907324f,-0.9500034162035412f,0.48152714842004385f,0f,0f,0f,1f], start_interpolation: 0, interpolation_duration: 1 }
$data merge entity $(bone_body_0) { transformation: [-0.9997254743930912f,-0.00557121148672068f,-0.02275823921306058f,0.004588334760100911f,-0.00773508281367283f,0.995338874554541f,0.09612852487355553f,0.5650246473919219f,0.02211660786319366f,0.09627817199692976f,-0.9951087223281461f,0.01345330918048307f,0f,0f,0f,1f], start_interpolation: 0, interpolation_duration: 1 }
$data merge entity $(bone_leg_left_3) { transformation: [-0.9222996153485055f,0.18371367095495963f,-0.3400186857104354f,0.2450513938933997f,0.0581809931892236f,0.9357677751811271f,0.3477839026810753f,0.06542435857081397f,0.38207118650784777f,0.3009783348296304f,-0.873746902943678f,-0.21914720603845958f,0f,0f,0f,1f], start_interpolation: 0, interpolation_duration: 1 }
$data merge entity $(bone_leg_left_2) { transformation: [-1.0045970668303452f,-0.09673136787765603f,-0.18300266469393084f,0.2152893403815413f,-0.09468305225949382f,1.021125886636638f,-0.01998105993336326f,0.3026829266573213f,0.18407078103650146f,-0.0026768656582376814f,-1.0090455794757514f,-0.2506696441788234f,0f,0f,0f,1f], start_interpolation: 0, interpolation_duration: 1 }
$data merge entity $(bone_leg_left_1) { transformation: [-0.9680386482497149f,0.09732473603984756f,0.23114729340755624f,0.2487493388296284f,0.24701820146311032f,0.21051766756199497f,0.9458669672793252f,0.30478923944492214f,0.04339566384784459f,0.9727333691197357f,-0.22783021959383143f,0.024810623009337424f,0f,0f,0f,1f], start_interpolation: 0, interpolation_duration: 1 }
$data merge entity $(bone_leg_left_0) { transformation: [-0.9743988483960054f,0.11780826825191312f,-0.19148915419945767f,0.19729427257657148f,0.21112244773588348f,0.772272640823908f,-0.5991846796246348f,0.6813343494809277f,0.0772929253330961f,-0.6242725207522373f,-0.7773735418234274f,-0.14802870940466786f,0f,0f,0f,1f], start_interpolation: 0, interpolation_duration: 1 }
$data merge entity $(bone_leg_right_3) { transformation: [-0.9834040894470859f,0.0004216426259006298f,0.18142827529424238f,-0.20634816938933082f,0.0035945907141548827f,0.9998462902875921f,0.017160265608021585f,0.0209362356290011f,-0.18139315250677224f,0.017527635768584515f,-0.9832544463199845f,-0.1592555268385623f,0f,0f,0f,1f], start_interpolation: 0, interpolation_duration: 1 }
$data merge entity $(bone_leg_right_2) { transformation: [-1.0109261874935238f,0.08776599205849483f,0.14962477595134632f,-0.17969763936955668f,0.02498773984328466f,0.9491800607375291f,-0.3879368823101498f,0.23016097691894194f,-0.17165679653898572f,-0.37870376607182415f,-0.9376457760080216f,-0.27624197454870547f,0f,0f,0f,1f], start_interpolation: 0, interpolation_duration: 1 }
$data merge entity $(bone_leg_right_1) { transformation: [-0.9498000158726033f,-0.06964484749516364f,-0.3050074180504101f,-0.2013573792980452f,-0.30449651293361735f,0.42966429012914237f,0.8501002713792578f,0.2957369686546316f,0.07184569200494641f,0.9002989464645597f,-0.42930176279062127f,-0.007459477659721464f,0f,0f,0f,1f], start_interpolation: 0, interpolation_duration: 1 }
$data merge entity $(bone_leg_right_0) { transformation: [-0.9644414610843977f,-0.2552442035160209f,0.06857889407728907f,-0.19501626596752705f,-0.25698214387018614f,0.8450096372309812f,-0.46895510522719375f,0.6955718509719718f,0.06174824591253494f,-0.4699032980925305f,-0.8805555317914296f,-0.12745587647427456f,0f,0f,0f,1f], start_interpolation: 0, interpolation_duration: 1 }
$data merge entity $(bone_tail_4) { transformation: [-1.3742920392692566f,1.2037921878683935f,2.0707165645805254f,0.350531565725271f,1.8689364374925606f,2.0320556369743707f,0.059057704436417564f,0.6341861373695866f,-1.4980184628414175f,1.4308373731027957f,-1.8260083319411577f,-1.8288779863811564f,0f,0f,0f,1f], start_interpolation: 0, interpolation_duration: 1 }
$data merge entity $(bone_tail_3) { transformation: [-1.6169322537548911f,0.8138450020194787f,1.029141353507615f,0.1680631109260779f,0.9092282781208363f,1.8725689714224298f,-0.05229638205272993f,0.624729113726884f,-0.9459278783696939f,0.4087631172186412f,-1.8094415406332292f,-1.5260636354303108f,0f,0f,0f,1f], start_interpolation: 0, interpolation_duration: 1 }
$data merge entity $(bone_tail_2) { transformation: [-1.7729058871132475f,0.5539202709188324f,0.6072486508072058f,0.053997753591647046f,0.4540585776050345f,1.8634893720833132f,-0.37418183178584075f,0.6950678730157737f,-0.6851345842571789f,-0.19837733892892545f,-1.8193435376137728f,-1.188405469281454f,0f,0f,0f,1f], start_interpolation: 0, interpolation_duration: 1 }
$data merge entity $(bone_tail_1) { transformation: [-1.4545344315599986f,0.24426303875986152f,0.3351438576227078f,-0.019717707346723175f,0.20876025897601586f,1.4874060686149482f,-0.1780409821352674f,0.7149988596658958f,-0.3583364224840929f,-0.12496001337716865f,-1.4641162021431495f,-0.8714741461393191f,0f,0f,0f,1f], start_interpolation: 0, interpolation_duration: 1 }
$data merge entity $(bone_tail_0) { transformation: [-1.2674419618687875f,0.1656094104134516f,0.0003362450521962977f,-0.015819515885487724f,0.16560180209800515f,1.267353081181693f,0.015097262837661558f,0.7411705760119824f,0.0016226583495371548f,0.015013573385614766f,-1.2781266275991998f,-0.49761353485803844f,0f,0f,0f,1f], start_interpolation: 0, interpolation_duration: 1 }
$data merge entity $(bone_body_1) { transformation: [-1.2338609661820767f,0.05466487829533337f,-0.056599136649230074f,-0.006343076924349622f,0.044778550713808714f,1.2190599948118879f,0.20122675145581673f,0.6122758333333334f,0.06470388384365106f,0.1987688989415763f,-1.218568392535007f,-0.2277019489239554f,0f,0f,0f,1f], start_interpolation: 0, interpolation_duration: 1 }