# This file was generated by Animated Java via MC-Build. It is not recommended to edit this file directly.
$data merge entity $(bone_head_lower) { transformation: [-0.9990042418156169f,-0.036587138521922205f,0.025532452470968005f,0.010455099937489788f,-0.03284099253552522f,0.9904031768229209f,0.13424982885779735f,0.390975136726412f,-0.030199239124291514f,0.1332776374109476f,-0.9906185326968548f,0.7569836635439744f,0f,0f,0f,1f], start_interpolation: 0, interpolation_duration: 1 }
$data merge entity $(bone_head_upper) { transformation: [-1.0398630990541082f,-0.046104031628783994f,-0.005576385627367585f,0.00871262151440124f,-0.034184175446481314f,0.6752952049222117f,0.7913783993397971f,0.4606836422497022f,-0.031434375421458736f,0.7907735118604741f,-0.676136876353614f,0.7281194206394507f,0f,0f,0f,1f], start_interpolation: 0, interpolation_duration: 1 }
$data merge entity $(bone_neck_0) { transformation: [-0.9994539895952398f,-0.02297320992294406f,0.023747722164344273f,0.010944040598732751f,-0.018826647032736107f,0.9865984572573214f,0.16207727014907963f,0.455155602959352f,-0.02715290120159007f,0.1615416842901835f,-0.9864922727487667f,0.6617176299650169f,0f,0f,0f,1f], start_interpolation: 0, interpolation_duration: 1 }
$data merge entity $(bone_neck_1) { transformation: [-0.999916060094744f,-0.012953654682911498f,-0.0002749453774604461f,0.010861073248686435f,-0.012657138589476714f,0.9720516917215125f,0.23442547955389215f,0.4794926385492853f,-0.0027694055917256077f,0.23440928192309585f,-0.972134053997167f,0.5804450105926577f,0f,0f,0f,1f], start_interpolation: 0, interpolation_duration: 1 }
$data merge entity $(bone_neck_2) { transformation: [-0.9999874958454393f,-0.002197584876527411f,-0.004492078970605377f,0.010446017710837373f,-0.00347349066310607f,0.9514528898584094f,0.307774809304944f,0.5157713386052383f,0.0035976402517500262f,0.30778656403552085f,-0.9514486260349673f,0.5001043979158095f,0f,0f,0f,1f], start_interpolation: 0, interpolation_duration: 1 }
$data merge entity $(bone_body_0) { transformation: [-0.9998669442742177f,-0.00299040847256267f,-0.016035934799877378f,0.002859854395698914f,-0.004466040715573277f,0.9956757143934714f,0.09278968825994174f,0.5689878264950586f,0.015689111767896065f,0.09284895919835369f,-0.9955565893246435f,0.03178681310187842f,0f,0f,0f,1f], start_interpolation: 0, interpolation_duration: 1 }
$data merge entity $(bone_leg_left_3) { transformation: [-0.9492532530239797f,0.12811785220613311f,-0.28723523037656773f,0.22531995645361574f,0.054885476385821155f,0.966736517050844f,0.24981611453688224f,0.04958578724440291f,0.3096866902294866f,0.2213737169279376f,-0.9247095929794474f,-0.19482780253071008f,0f,0f,0f,1f], start_interpolation: 0, interpolation_duration: 1 }
$data merge entity $(bone_leg_left_2) { transformation: [-1.0076484122909655f,-0.08378614541766975f,-0.17229845775351632f,0.19890148965050267f,-0.06524914172543612f,1.0173527810458187f,-0.11312854592509537f,0.2831318384885616f,0.18013724271311887f,-0.10017684480498248f,-1.0047772753467943f,-0.24895153693669156f,0f,0f,0f,1f], start_interpolation: 0, interpolation_duration: 1 }
$data merge entity $(bone_leg_left_1) { transformation: [-0.960949681663396f,0.0951567188225412f,0.2598478558194116f,0.23010915416779926f,0.276169757331097f,0.2704238411772338f,0.9222804406787737f,0.3021831560460825f,0.01749212527684614f,0.9580272151592971f,-0.28614311203910014f,0.02614211009003284f,0f,0f,0f,1f], start_interpolation: 0, interpolation_duration: 1 }
$data merge entity $(bone_leg_left_0) { transformation: [-0.9706135607956158f,0.16671192894430453f,-0.1735409126036989f,0.196834292110683f,0.2355706521126984f,0.805535408352615f,-0.5437087214247934f,0.6901149501756392f,0.04915062016753721f,-0.5686122040880365f,-0.8211360288644578f,-0.12455289720269783f,0f,0f,0f,1f], start_interpolation: 0, interpolation_duration: 1 }
$data merge entity $(bone_leg_right_3) { transformation: [-0.9840305339270666f,-0.002281975221611922f,0.177985114232344f,-0.19930162854955558f,0.0007359275110479331f,0.9998571156156575f,0.016888065710323752f,0.023062003211712756f,-0.1779982210863667f,0.01674935646004594f,-0.983888251961707f,-0.153022310042646f,0f,0f,0f,1f], start_interpolation: 0, interpolation_duration: 1 }
$data merge entity $(bone_leg_right_2) { transformation: [-1.0111571686887868f,0.0758290923186284f,0.15450996235875541f,-0.17528224004695564f,0.015273275965608296f,0.9566882184890713f,-0.36956268635534606f,0.2346198009359634f,-0.17143543026821925f,-0.3620218237386172f,-0.944252239545351f,-0.2663247339533542f,0f,0f,0f,1f], start_interpolation: 0, interpolation_duration: 1 }
$data merge entity $(bone_leg_right_1) { transformation: [-0.9468385474350245f,-0.0800217723017671f,-0.3115979477609207f,-0.1993525496902869f,-0.31538202466280324f,0.42203284641051503f,0.8499543841114239f,0.29791351343999534f,0.06348971263696322f,0.9030419660837049f,-0.4248343958308379f,0.002799608704267112f,0f,0f,0f,1f], start_interpolation: 0, interpolation_duration: 1 }
$data merge entity $(bone_leg_right_0) { transformation: [-0.962391347524735f,-0.25951195596417015f,0.08035196899376863f,-0.1958838747882571f,-0.26719785325818246f,0.8507805632979413f,-0.4525237455964676f,0.6998644715102901f,0.049073428897354644f,-0.4569748109317278f,-0.888124890288617f,-0.11003068051475973f,0f,0f,0f,1f], start_interpolation: 0, interpolation_duration: 1 }
$data merge entity $(bone_tail_4) { transformation: [-1.967576060066871f,1.0467652324977097f,1.6305178096193085f,0.24572134135688384f,1.4665036735219439f,2.3232871890325386f,0.2781455453965211f,0.6540225120012123f,-1.2663620157752575f,1.0640867055420349f,-2.2112684277785735f,-1.8478913375107517f,0f,0f,0f,1f], start_interpolation: 0, interpolation_duration: 1 }
$data merge entity $(bone_tail_3) { transformation: [-1.840632198151504f,0.6381909473020917f,0.735344104453192f,0.11478895580138763f,0.6708114458160763f,1.9710312269230652f,-0.031518767436962955f,0.6400788422690589f,-0.7057128604004274f,0.20903048418893144f,-1.947876059042164f,-1.5196490673475183f,0f,0f,0f,1f], start_interpolation: 0, interpolation_duration: 1 }
$data merge entity $(bone_tail_2) { transformation: [-1.8654384858692397f,0.40126023772443714f,0.421785907851345f,0.0350959686436305f,0.3250014150899072f,1.8924578606552787f,-0.3629754824177251f,0.7082458281488074f,-0.48299814764677207f,-0.27634641714368324f,-1.87326434923222f,-1.171836224279462f,0f,0f,0f,1f], start_interpolation: 0, interpolation_duration: 1 }
$data merge entity $(bone_tail_1) { transformation: [-1.4851372524684194f,0.171649802725791f,0.2292595397246358f,-0.014917509565009795f,0.14641455848459226f,1.4956165129356875f,-0.17131921461954144f,0.726689564554902f,-0.2461429836382032f,-0.14602685183996678f,-1.4851754240315829f,-0.8502228576671825f,0f,0f,0f,1f], start_interpolation: 0, interpolation_duration: 1 }
$data merge entity $(bone_tail_0) { transformation: [-1.273069041712026f,0.11455693543154735f,-0.0027640844748239024f,-0.011345316920932453f,0.11452514970656495f,1.27301465217855f,0.012385556404210076f,0.7537903283401223f,0.003862862040063111f,0.012088029917454387f,-1.278152836875779f,-0.47642518600141015f,0f,0f,0f,1f], start_interpolation: 0, interpolation_duration: 1 }
$data merge entity $(bone_body_1) { transformation: [-1.2351430034110908f,0.03834471912732571f,-0.03944665633392879f,-0.004757310829241637f,0.030663346078919605f,1.2159178657961616f,0.22182898345617935f,0.6203175f,0.0456740121745943f,0.22063096158292014f,-1.215664615944349f,-0.20866125251212314f,0f,0f,0f,1f], start_interpolation: 0, interpolation_duration: 1 }