# This file was generated by Animated Java via MC-Build. It is not recommended to edit this file directly.
$data merge entity $(bone_head_lower) { transformation: [-0.9999443406460439f,-0.008987062762694911f,0.0055270528175677385f,0.0030840359522140686f,-0.008399352984326681f,0.995105607550852f,0.09845953834085353f,0.4055958028278316f,-0.006384863302646607f,0.09840763447898065f,-0.9951257061280538f,0.793971380403297f,0f,0f,0f,1f], start_interpolation: 0, interpolation_duration: 1 }
$data merge entity $(bone_head_upper) { transformation: [-1.040841647534992f,-0.010718966421866363f,-0.002389790576179592f,0.0023554915131516136f,-0.008742883021655233f,0.6716837408848554f,0.7951329805830613f,0.47548994252494686f,-0.006646001551365144f,0.7951087966896606f,-0.6717363877843795f,0.7655155382826125f,0f,0f,0f,1f], start_interpolation: 0, interpolation_duration: 1 }
$data merge entity $(bone_neck_0) { transformation: [-0.9999720884167325f,-0.005347981567071204f,0.00521742087981037f,0.003102783479272963f,-0.004577620361993531f,0.990438934539018f,0.13787589470620332f,0.4683300545569615f,-0.005904894520673233f,0.1378481629996311f,-0.9904357708495422f,0.699236478140663f,0f,0f,0f,1f], start_interpolation: 0, interpolation_duration: 1 }
$data merge entity $(bone_neck_1) { transformation: [-0.9999957942880674f,-0.002680273882889725f,-0.0011079431799412573f,0.002996578463433464f,-0.0028586966925177267f,0.9753421324255329f,0.22067975115273752f,0.4915178051876501f,0.0004891414902329485f,0.22068199031077881f,-0.9753456925075723f,0.6176285509171705f,0f,0f,0f,1f], start_interpolation: 0, interpolation_duration: 1 }
$data merge entity $(bone_neck_2) { transformation: [-0.9999982993610329f,0.00035972666333902964f,-0.001808831603474312f,0.002841633197595342f,-0.00020323189539415352f,0.9533252544410327f,0.3019452234126858f,0.5273041214170388f,0.0018330225963525356f,0.30194507752514815f,-0.9533235600710251f,0.5370664881528928f,0f,0f,0f,1f], start_interpolation: 0, interpolation_duration: 1 }
$data merge entity $(bone_body_0) { transformation: [-0.9999882608792513f,-0.00002454588624851658f,-0.004845358726643733f,0.0005577999695745009f,-0.00045202828184406213f,0.9960988043969597f,0.08824379609569993f,0.5783821778380933f,0.004824290012303098f,0.08824495043030231f,-0.9960871221682522f,0.0684550062607403f,0f,0f,0f,1f], start_interpolation: 0, interpolation_duration: 1 }
$data merge entity $(bone_leg_left_3) { transformation: [-0.9798994060415702f,0.03756316677557128f,-0.1959238692481557f,0.19074944078770545f,0.02457841155218854f,0.9973626801211483f,0.0682904531185029f,0.034161535826064876f,0.19797236101271587f,0.06210227695785242f,-0.9782383408309555f,-0.1462859958786855f,0f,0f,0f,1f], start_interpolation: 0, interpolation_duration: 1 }
$data merge entity $(bone_leg_left_2) { transformation: [-1.0110366597565688f,-0.05566068157675984f,-0.16361222648501833f,0.17115016576902356f,-0.009063289868521928f,0.9867873801374131f,-0.2796975557258109f,0.2555222735204134f,0.17258310724324546f,-0.2742530846292244f,-0.9731713704000523f,-0.24002160433231146f,0f,0f,0f,1f], start_interpolation: 0, interpolation_duration: 1 }
$data merge entity $(bone_leg_left_1) { transformation: [-0.9448712808647786f,0.0993943462076477f,0.31199202960798045f,0.20042331838299884f,0.3260148743978234f,0.374425284678213f,0.8680553023079866f,0.3047107345673766f,-0.03053791525831723f,0.9219145676989778f,-0.3861877336168026f,0.031523904736860855f,0f,0f,0f,1f], start_interpolation: 0, interpolation_duration: 1 }
$data merge entity $(bone_leg_left_0) { transformation: [-0.9605507915737147f,0.24819031772391742f,-0.12547407300000665f,0.1963966334274132f,0.2780724023716027f,0.8502631133359053f,-0.446909808730597f,0.7072659604122211f,-0.004232711470859685f,-0.4641704474526942f,-0.8857357844555961f,-0.07911223094098957f,0f,0f,0f,1f], start_interpolation: 0, interpolation_duration: 1 }
$data merge entity $(bone_leg_right_3) { transformation: [-0.9849804451671649f,-0.008636337324776942f,0.17244980810631969f,-0.18577074353420323f,-0.005913060528695047f,0.9998496749611296f,0.0162991777494213f,0.03004317516992494f,-0.17256464977937344f,0.015034665201989261f,-0.984883445128806f,-0.1365417115591997f,0f,0f,0f,1f], start_interpolation: 0, interpolation_duration: 1 }
$data merge entity $(bone_leg_right_2) { transformation: [-1.0112272443364618f,0.05453848434388706f,0.16281036065881074f,-0.16645753663806198f,-0.0023053295768707674f,0.9681830365101126f,-0.33864213082588274f,0.2452632530152134f,-0.17168676497599472f,-0.33422950354542874f,-0.9543984981089124f,-0.24367896090633584f,0f,0f,0f,1f], start_interpolation: 0, interpolation_duration: 1 }
$data merge entity $(bone_leg_right_1) { transformation: [-0.9411183078504737f,-0.09801306221553674f,-0.3235579859372884f,-0.1946672798019472f,-0.33449543039988683f,0.40889917932969966f,0.8490667042023805f,0.3046553823929275f,0.04908296721119904f,0.9073008876765367f,-0.417607425162811f,0.025932186894295994f,0f,0f,0f,1f], start_interpolation: 0, interpolation_duration: 1 }
$data merge entity $(bone_leg_right_0) { transformation: [-0.9581571977494586f,-0.26807458832937425f,0.10035337310196167f,-0.19668114036669487f,-0.284911104801819f,0.8593934488224224f,-0.4245804546628461f,0.7097729001053665f,0.027576199185382844f,-0.4354066090600127f,-0.8998114458181498f,-0.07497876282173055f,0f,0f,0f,1f], start_interpolation: 0, interpolation_duration: 1 }
$data merge entity $(bone_tail_4) { transformation: [-2.71662890861983f,0.3100777129972841f,0.38657536956382177f,0.05218810844071729f,0.35962206348089465f,2.7156108431248183f,0.34898574721706643f,0.651500766577243f,-0.3409701979774402f,0.39366342502864665f,-2.7119051907258735f,-1.8409254038107965f,0f,0f,0f,1f], start_interpolation: 0, interpolation_duration: 1 }
$data merge entity $(bone_tail_3) { transformation: [-2.0698082978185064f,0.16334866226025443f,0.15860753722281354f,0.023695636431526095f,0.1544075923263846f,2.0730871226319696f,-0.12005666767786695f,0.6515711558251812f,-0.16732433104025798f,-0.10757565969925574f,-2.072770023839269f,-1.488407492891472f,0f,0f,0f,1f], start_interpolation: 0, interpolation_duration: 1 }
$data merge entity $(bone_tail_2) { transformation: [-1.9497549163878107f,0.09281150230112216f,0.09282061228492092f,0.005020835584636736f,0.07208971901514546f,1.9119585576533709f,-0.3974813470228956f,0.725970332528077f,-0.10969372560295404f,-0.39315947636986553f,-1.9110643075801224f,-1.1333194780438838f,0f,0f,0f,1f], start_interpolation: 0, interpolation_duration: 1 }
$data merge entity $(bone_tail_1) { transformation: [-1.511100775166682f,0.04015407311270705f,0.05116979287737097f,-0.005037511782336737f,0.03357963629196381f,1.5006503138704745f,-0.18594970692890753f,0.7476086539442562f,-0.05570552321945366f,-0.18464164181707907f,-1.500153528406323f,-0.8081929031636328f,0f,0f,0f,1f], start_interpolation: 0, interpolation_duration: 1 }
$data merge entity $(bone_tail_0) { transformation: [-1.2779142210190448f,0.027591584626871765f,-0.00310881956602794f,-0.00346320836231343f,0.027582103075210647f,1.277912315172476f,0.0038805804331683486f,0.7773129587147121f,0.0031918476254983643f,0.003812580796259687f,-1.2782061621352148f,-0.43457934994637226f,0f,0f,0f,1f], start_interpolation: 0, interpolation_duration: 1 }
$data merge entity $(bone_body_1) { transformation: [-1.2362740077240626f,0.010402027731898113f,-0.011089215535795742f,-0.0015857714710820433f,0.00788460856398063f,1.2096216127111281f,0.2556520722900024f,0.6364008333333334f,0.013000224226039888f,0.2555620217040173f,-1.209596479115609f,-0.1705790280559372f,0f,0f,0f,1f], start_interpolation: 0, interpolation_duration: 1 }