# This file was generated by Animated Java via MC-Build. It is not recommended to edit this file directly.
$data merge entity $(bone_head_lower) { transformation: [-0.8358093955281823f,-0.5370279956915575f,-0.1141209279243866f,0.3210431757746213f,-0.533818531890358f,0.746342585072665f,0.39750537193536717f,0.789895472001722f,-0.12829820480909937f,0.393158590839066f,-0.910475641130614f,-0.025955170078040938f,0f,0f,0f,1f], start_interpolation: 0, interpolation_duration: 1 }
$data merge entity $(bone_head_upper) { transformation: [-0.8699936515513703f,-0.3596625649836885f,-0.44410114635426706f,0.28208181400303667f,-0.5556514874202854f,0.3433499808910365f,0.8104530570818129f,0.8533033135480402f,-0.13354554792820622f,0.9144537017011775f,-0.4789696823986634f,-0.03848171833115424f,0f,0f,0f,1f], start_interpolation: 0, interpolation_duration: 1 }
$data merge entity $(bone_neck_0) { transformation: [-0.8689018693905554f,-0.48989849047297584f,-0.07077436260326084f,0.2857381459917728f,-0.4949403789989593f,0.8579910132783136f,0.1374243150611236f,0.8484225521617903f,-0.006600197418628551f,0.15443733410659463f,-0.9879805399035364f,-0.1048710673185899f,0f,0f,0f,1f], start_interpolation: 0, interpolation_duration: 1 }
$data merge entity $(bone_neck_1) { transformation: [-0.8391507340916923f,-0.4983497569863773f,-0.21788429311217553f,0.2649846515971078f,-0.5012256093327762f,0.864094392683448f,-0.04597574449653152f,0.8485085780265811f,0.21118459702914194f,0.07062860783451487f,-0.9748911045511685f,-0.18713176215210342f,0f,0f,0f,1f], start_interpolation: 0, interpolation_duration: 1 }
$data merge entity $(bone_neck_2) { transformation: [-0.7904134281207582f,-0.5191264974351028f,-0.3251988504087199f,0.23141222044597531f,-0.4801859764958607f,0.8546973878097982f,-0.19726581875181504f,0.8395946344228068f,0.3803525215153798f,0.00023437548817217824f,-0.9248415564003507f,-0.2681525241219333f,0f,0f,0f,1f], start_interpolation: 0, interpolation_duration: 1 }
$data merge entity $(bone_body_0) { transformation: [-0.6589523294623784f,-0.6277730659356755f,-0.41434623828608236f,0.03015206897076858f,-0.31123681385506086f,0.7290496742578664f,-0.6096049689478006f,0.5592352080357409f,0.6847725704184238f,-0.272740811303004f,-0.675795070011852f,-0.5892504035406818f,0f,0f,0f,1f], start_interpolation: 0, interpolation_duration: 1 }
$data merge entity $(bone_leg_left_3) { transformation: [-0.3626368110757343f,0.025361633008553652f,-0.9315853856861225f,0.15098305874150564f,-0.06697872645844274f,0.9963352441781246f,0.05319709964389059f,0.022809446222622737f,0.929520518038643f,0.08168762929389224f,-0.35960914583129894f,-1.0751513588424184f,0f,0f,0f,1f], start_interpolation: 0, interpolation_duration: 1 }
$data merge entity $(bone_leg_left_2) { transformation: [-0.5359865672627839f,-0.3595291659266557f,-0.797194692695978f,0.041708927510002325f,-0.4642583849050192f,0.9093556126273865f,-0.09797306430416448f,0.23103087230322827f,0.7411104851909291f,0.3096342166683912f,-0.6379217037449907f,-1.0215409677733847f,0f,0f,0f,1f], start_interpolation: 0, interpolation_duration: 1 }
$data merge entity $(bone_leg_left_1) { transformation: [-0.693171731662033f,0.6905121625333923f,-0.2066540679931469f,0.25406460864722913f,-0.09423173600639854f,0.19743246171820422f,0.975777025241479f,0.2347922320500747f,0.7145861252178626f,0.6958544218824418f,-0.07178644156645175f,-0.8429232124371223f,0f,0f,0f,1f], start_interpolation: 0, interpolation_duration: 1 }
$data merge entity $(bone_leg_left_0) { transformation: [-0.6719341790255471f,-0.5376352017247817f,-0.5093651430198353f,0.00630749485492485f,-0.1013495889029623f,0.7480440496900608f,-0.6558645901041574f,0.570105627384989f,0.7336434555603045f,-0.38907388705700513f,-0.5571254710780044f,-0.8650279186946539f,0f,0f,0f,1f], start_interpolation: 0, interpolation_duration: 1 }
$data merge entity $(bone_leg_right_3) { transformation: [-0.9931367185736668f,-0.025339418367594832f,-0.11418131238307525f,-0.21376304493837733f,-0.0144683896886353f,0.9953673452030878f,-0.09505005945907952f,0.054715279058971555f,0.11606086300104458f,-0.09274568442870373f,-0.9889024795698027f,-0.28546944551400655f,0f,0f,0f,1f], start_interpolation: 0, interpolation_duration: 1 }
$data merge entity $(bone_leg_right_2) { transformation: [-1.0104174556031522f,0.015257397645760768f,-0.17574406598865713f,-0.21407030682023986f,0.09914031377437399f,0.894328053798924f,-0.4923522416661079f,0.24781215618569458f,0.14591080528139455f,-0.5020027325682619f,-0.8824769078547198f,-0.4299844056394509f,0f,0f,0f,1f], start_interpolation: 0, interpolation_duration: 1 }
$data merge entity $(bone_leg_right_1) { transformation: [-0.7644926909704481f,0.35996499654660946f,-0.5347673575621107f,-0.10314236064577303f,-0.18962552486142936f,0.6672901209301756f,0.7202541598838695f,0.3871179386954349f,0.6161112608724097f,0.6520345817287538f,-0.4418798688060121f,-0.2171410938426525f,0f,0f,0f,1f], start_interpolation: 0, interpolation_duration: 1 }
$data merge entity $(bone_leg_right_0) { transformation: [-0.802032996952496f,-0.5971703592831137f,0.011429514122413276f,-0.24528439762975324f,-0.17849522537656126f,0.2213797716294934f,-0.9587129138751828f,0.5728386989150791f,0.569984672001948f,-0.7709595052315978f,-0.2841459395731033f,-0.5629889203645714f,0f,0f,0f,1f], start_interpolation: 0, interpolation_duration: 1 }
$data merge entity $(bone_tail_4) { transformation: [-1.619334616914532f,1.9548715469564226f,-1.0871494676273679f,-1.3060589301434455f,0.3693389840918926f,1.5573837480590105f,2.2502901830012143f,0.8137656726970066f,2.2061290635165105f,1.1741781925167374f,-1.1747176081620183f,-1.702174510046752f,0f,0f,0f,1f], start_interpolation: 0, interpolation_duration: 1 }
$data merge entity $(bone_tail_3) { transformation: [-1.333073668419826f,1.3117358789824434f,-0.9155376040339953f,-1.1636539507649641f,0.4953126996211596f,1.4716858961320853f,1.3873541288237639f,0.5641200790487337f,1.521027761154987f,0.6703992340094831f,-1.2541869648819475f,-1.496071130998806f,0f,0f,0f,1f], start_interpolation: 0, interpolation_duration: 1 }
$data merge entity $(bone_tail_2) { transformation: [-1.054239541314812f,0.8215476734399949f,-1.4256269795414378f,-0.8992170715431667f,0.2435073094062881f,1.7524062163919971f,0.8297894419786096f,0.4104610845401749f,1.6272851793084158f,0.27001064426943155f,-1.0477647981236824f,-1.3000264057874507f,0f,0f,0f,1f], start_interpolation: 0, interpolation_duration: 1 }
$data merge entity $(bone_tail_1) { transformation: [-0.4498717820035799f,0.493859606228433f,-1.3569724828060519f,-0.612818861660037f,0.3152972837000652f,1.4205980673265945f,0.41248636825876533f,0.3040320502331916f,1.4092051847223264f,-0.16018761014461208f,-0.5254873232608694f,-1.186335583681839f,0f,0f,0f,1f], start_interpolation: 0, interpolation_duration: 1 }
$data merge entity $(bone_tail_0) { transformation: [-0.9648067189944838f,-0.03258222104850024f,-0.8378079197755733f,-0.3687781820679034f,0.16681552560640758f,1.2442557308731488f,-0.24049110833877438f,0.4043352488562035f,0.8216789470248006f,-0.29086387132970076f,-0.934921190772432f,-0.9201489454916708f,0f,0f,0f,1f], start_interpolation: 0, interpolation_duration: 1 }
$data merge entity $(bone_body_1) { transformation: [-0.7912849262136953f,-0.41571320237644477f,-0.8541986267684805f,-0.14218773247458857f,0.008595818739094629f,1.108525937599465f,-0.5474494977855784f,0.45694250000000003f,0.9499467735107275f,-0.35631078301869895f,-0.7065750833827996f,-0.7318800763517511f,0f,0f,0f,1f], start_interpolation: 0, interpolation_duration: 1 }