# This file was generated by Animated Java via MC-Build. It is not recommended to edit this file directly.
$data merge entity $(bone_head_lower) { transformation: [-0.9319859027375488f,-0.34161690710593057f,0.1212442405966341f,-0.9874571186042356f,-0.25165778006016915f,0.8504905145919697f,0.4618812036923288f,0.3889503367928458f,-0.2609035048320815f,0.39995471414707073f,-0.8786157224850184f,0.2502380181911422f,0f,0f,0f,1f], start_interpolation: 0, interpolation_duration: 1 }
$data merge entity $(bone_head_upper) { transformation: [-0.9701037378320552f,-0.36974142126003184f,-0.07524600874727028f,-1.0012479740343363f,-0.26195047840722174f,0.5105525022884154f,0.8684411504833087f,0.46020138634106256f,-0.27157434946992f,0.8283111531273478f,-0.5688760400107745f,0.22953640625920585f,0f,0f,0f,1f], start_interpolation: 0, interpolation_duration: 1 }
$data merge entity $(bone_neck_0) { transformation: [-0.5848119792587126f,-0.4403646476331091f,0.6812297160506688f,-0.9498614720031847f,-0.11681604938383175f,0.8767787460905001f,0.46649012959582f,0.47617149596648073f,-0.8027134977822793f,0.19323045184167628f,-0.5641923722979605f,0.1901775538642049f,0f,0f,0f,1f], start_interpolation: 0, interpolation_duration: 1 }
$data merge entity $(bone_neck_1) { transformation: [-0.29617523681184027f,-0.36263211759974523f,0.883616532430542f,-0.876678155076097f,-0.03607304340963481f,0.928710323375638f,0.3690472473744856f,0.5117130939352226f,-0.9544521803833951f,0.0774279183540582f,-0.2881422440752838f,0.16612482466544223f,0f,0f,0f,1f], start_interpolation: 0, interpolation_duration: 1 }
$data merge entity $(bone_neck_2) { transformation: [0.09926026844248338f,-0.1272633608208936f,0.9868897791046867f,-0.7914651965952202f,0.072040568721731f,0.9901041680025193f,0.12043210934916318f,0.5319575885748791f,-0.9924502786371596f,0.05914197744927268f,0.10744613039292761f,0.17611694845680492f,0f,0f,0f,1f], start_interpolation: 0, interpolation_duration: 1 }
$data merge entity $(bone_body_0) { transformation: [0.17191064273954082f,0.0092917698998711f,0.9850687254831543f,-0.32711748455972145f,0.08677040872675772f,0.9959261165977453f,-0.02453704236304205f,0.5298808136913254f,-0.9812836629039889f,0.0896929946576775f,0.17040404815340635f,0.25728217522668245f,0f,0f,0f,1f], start_interpolation: 0, interpolation_duration: 1 }
$data merge entity $(bone_leg_left_3) { transformation: [0.06972699892517836f,-0.0557980114017507f,0.9960043812878026f,-0.37705943610169174f,-0.0244404914389098f,0.9980392035020201f,0.05762300453185225f,0.11003424990801094f,-0.997266668448872f,-0.028360715729039046f,0.0682265476498986f,0.6891827619849799f,0f,0f,0f,1f], start_interpolation: 0, interpolation_duration: 1 }
$data merge entity $(bone_leg_left_2) { transformation: [0.2803800834979866f,0.2545577804669968f,0.9532311076974317f,-0.2878283006264533f,-0.44511882914376993f,0.9170297155229127f,-0.11396459226592907f,0.31957998108027735f,-0.880521684128242f,-0.3825167143438001f,0.3611436369760405f,0.6098136050328268f,0f,0f,0f,1f], start_interpolation: 0, interpolation_duration: 1 }
$data merge entity $(bone_leg_left_1) { transformation: [0.45357972810087194f,-0.8529329244532224f,0.2584005739924214f,-0.5422814432613692f,-0.08141047080512483f,0.2490758013965702f,0.9650562576357631f,0.3376844681645254f,-0.8874895861356498f,-0.4587664673255119f,0.04353806332903429f,0.5005469064902375f,0f,0f,0f,1f], start_interpolation: 0, interpolation_duration: 1 }
$data merge entity $(bone_leg_left_0) { transformation: [0.42642860593878174f,0.7922235461440463f,0.43650944660116964f,-0.21718007624393287f,-0.08104021524753927f,0.5141077804943932f,-0.8538885603799605f,0.5996287552298792f,-0.90088352607301f,0.3287476889197567f,0.2834322308421876f,0.501799983371684f,0f,0f,0f,1f], start_interpolation: 0, interpolation_duration: 1 }
$data merge entity $(bone_leg_right_3) { transformation: [0.9561446585036132f,0.0249824233807861f,0.2918274670709256f,-0.13074240417978208f,-0.02398535461599792f,0.9996878418885558f,-0.0069943937655004285f,0.03813879839800205f,-0.29191110766627915f,-0.0003119330460301939f,0.9564454024767022f,-0.029579244432299867f,0f,0f,0f,1f], start_interpolation: 0, interpolation_duration: 1 }
$data merge entity $(bone_leg_right_2) { transformation: [0.9256756339774599f,0.006803565712038898f,0.4417471354233371f,-0.116940610839817f,0.13408569272476384f,0.9728780433738691f,-0.2959586782445258f,0.25556079132569554f,-0.4209606242484475f,0.3248449225635651f,0.8771146610436534f,0.07390147627434451f,0f,0f,0f,1f], start_interpolation: 0, interpolation_duration: 1 }
$data merge entity $(bone_leg_right_1) { transformation: [0.64357241937227f,-0.5923895703223696f,0.4846536268270376f,-0.2907614088735768f,-0.2292632902936227f,0.45493690082387084f,0.8605061068885645f,0.3289489917741679f,-0.7302416618812332f,-0.6649112822339907f,0.15697165989720918f,-0.12960254792568776f,0f,0f,0f,1f], start_interpolation: 0, interpolation_duration: 1 }
$data merge entity $(bone_leg_right_0) { transformation: [0.60515099243954f,0.7543053597534324f,0.2545892782437724f,-0.08568607800749724f,-0.14068590253765634f,0.4160828804579657f,-0.8983777119992278f,0.5818085551992723f,-0.7835813634694263f,0.50783704161576f,0.3579130983721435f,0.13176582892791455f,0f,0f,0f,1f], start_interpolation: 0, interpolation_duration: 1 }
$data merge entity $(bone_tail_4) { transformation: [2.4022074193062357f,-0.9790124413873958f,0.9468872614196308f,0.8005367864528357f,-1.2306474470259905f,-0.7375935631815921f,2.3594753502169703f,1.4434831680933349f,-0.5835817914898396f,-2.4745002943547556f,-1.0779340970021025f,1.0617252760417657f,0f,0f,0f,1f], start_interpolation: 0, interpolation_duration: 1 }
$data merge entity $(bone_tail_3) { transformation: [1.8709262044557395f,-0.6553377796377989f,0.6372700040835797f,0.6988923381730352f,-0.580666554387022f,0.26912322032520924f,1.9815005856528372f,1.1048603114020898f,-0.7059794728896798f,-1.9580731888531728f,0.05905842020593933f,1.0708724337927387f,0f,0f,0f,1f], start_interpolation: 0, interpolation_duration: 1 }
$data merge entity $(bone_tail_2) { transformation: [1.756991360470577f,-0.4253719813242384f,0.7421683850305271f,0.5621228363733909f,-0.39722202290112946f,1.095860647363359f,1.5684635734008843f,0.8132533982110524f,-0.75760801128081f,-1.5610643785787404f,0.8988225532208701f,0.9028516150653787f,0f,0f,0f,1f], start_interpolation: 0, interpolation_duration: 1 }
$data merge entity $(bone_tail_1) { transformation: [1.2401429716998384f,-0.4800624344428192f,0.7205842898511796f,0.4117446063548317f,-0.14521427904521647f,1.1255946919610735f,0.9998028068526488f,0.5844864903380752f,-0.8535891710330404f,-0.8889504476999216f,0.876817471671976f,0.725852273830587f,0f,0f,0f,1f], start_interpolation: 0, interpolation_duration: 1 }
$data merge entity $(bone_tail_0) { transformation: [1.0054750136803998f,-0.15839025149693423f,0.77315473333555f,0.1819885845702089f,-0.07945472595544616f,1.2255313311142741f,0.35439472282279855f,0.5104983695417968f,-0.7852023051238275f,-0.3268351285771486f,0.9541864887642322f,0.4391296905980825f,0f,0f,0f,1f], start_interpolation: 0, interpolation_duration: 1 }
$data merge entity $(bone_body_1) { transformation: [0.41356348038281215f,0.2545919981618888f,1.1369928571551549f,-0.09949490577226294f,-0.05604654238685695f,1.2094415966283527f,-0.2504284418507397f,0.4872550000000001f,-1.16379922144517f,0.03222629164591969f,0.4160978651070184f,0.3402220961273126f,0f,0f,0f,1f], start_interpolation: 0, interpolation_duration: 1 }