# This file was generated by Animated Java via MC-Build. It is not recommended to edit this file directly.
$data merge entity $(bone_head_lower) { transformation: [-0.57972060682088f,0.7484174377087469f,0.32217286813247414f,-1.0090496278021301f,0.7932283253075119f,0.6087829494305106f,0.013120381569456996f,0.8709179113045661f,-0.1863138265322003f,0.26316280021340754f,-0.946589931610709f,0.32735856341858266f,0f,0f,0f,1f], start_interpolation: 0, interpolation_duration: 1 }
$data merge entity $(bone_head_upper) { transformation: [-0.6034309380896012f,0.4227923235581866f,0.7352480511229396f,-0.9490571965397951f,0.825671033300787f,0.49916595823527304f,0.3906054703797414f,0.9093101749219596f,-0.19393398440660625f,0.8096616205939603f,-0.6247476389814104f,0.30241064211512647f,0f,0f,0f,1f], start_interpolation: 0, interpolation_duration: 1 }
$data merge entity $(bone_neck_0) { transformation: [-0.4619860264286068f,0.6235163577836836f,0.6307109186948296f,-0.9182458062992251f,0.5310472802287896f,0.7640516455606013f,-0.3663521107865248f,0.8730475750715873f,-0.7103222490858017f,0.16568776204749125f,-0.6840978496979666f,0.25571569230433894f,0f,0f,0f,1f], start_interpolation: 0, interpolation_duration: 1 }
$data merge entity $(bone_neck_1) { transformation: [-0.25965438706165644f,0.5381018388003659f,0.8018890262120442f,-0.8478363130769726f,0.36348251422008826f,0.8237618658449414f,-0.4350825786398529f,0.8399853381476615f,-0.8946843360291262f,0.1785015390951162f,-0.4094839916343444f,0.22184935801343858f,0f,0f,0f,1f], start_interpolation: 0, interpolation_duration: 1 }
$data merge entity $(bone_neck_2) { transformation: [0.10930816989602327f,0.49388880656335926f,0.8626271330913505f,-0.7674282264179126f,0.22285922161316413f,0.8335577690388989f,-0.5054851264051872f,0.8038621014686156f,-0.9687029943878342f,0.2474980655001448f,-0.018953000757910662f,0.2226120937470773f,0f,0f,0f,1f], start_interpolation: 0, interpolation_duration: 1 }
$data merge entity $(bone_body_0) { transformation: [0.2524480222605267f,0.5636402369602955f,0.7864983657555115f,-0.3913851181988688f,0.15038349961619057f,0.7800941103476211f,-0.6073203290226177f,0.5250656793701887f,-0.9558529170850165f,0.27159319262510073f,0.11217102397575396f,0.2780651413567551f,0f,0f,0f,1f], start_interpolation: 0, interpolation_duration: 1 }
$data merge entity $(bone_leg_left_3) { transformation: [0.3217208264366769f,0.007991561000649045f,0.9468008474804372f,-0.5786583848393083f,0.04246434778503204f,0.9988364213801912f,-0.02286006324584766f,0.040184045036544935f,-0.9458818578470003f,0.047559838910421204f,0.3210071225358111f,0.6547401437009689f,0f,0f,0f,1f], start_interpolation: 0, interpolation_duration: 1 }
$data merge entity $(bone_leg_left_2) { transformation: [0.4605989510149488f,0.41761092481131146f,0.8157891402212119f,-0.455387782937976f,-0.40409628179659735f,0.91202089013973f,-0.23871801458539543f,0.2447704282368485f,-0.8225673229972048f,-0.21419899842825882f,0.5740766392305446f,0.621276094604702f,0f,0f,0f,1f], start_interpolation: 0, interpolation_duration: 1 }
$data merge entity $(bone_leg_left_1) { transformation: [0.6679482484230541f,-0.6614957141410953f,0.34098175552591664f,-0.6664824971955565f,-0.06839862575532832f,0.4016747894499536f,0.9132245022529331f,0.30682111456667693f,-0.7410578691460986f,-0.6333093901824742f,0.22305257425850517f,0.45215448274426207f,0f,0f,0f,1f], start_interpolation: 0, interpolation_duration: 1 }
$data merge entity $(bone_leg_left_0) { transformation: [0.6452821056800984f,0.6926427554469402f,0.3222685485987245f,-0.3457325344126312f,-0.06652895912637925f,0.47119572866891235f,-0.8795160503832395f,0.555690278676765f,-0.7610419841813056f,0.5460957778732982f,0.3501349735492563f,0.5495756256976843f,0f,0f,0f,1f], start_interpolation: 0, interpolation_duration: 1 }
$data merge entity $(bone_leg_right_3) { transformation: [0.9939857133022156f,0.0278587829783285f,0.10590698731458581f,-0.1514402142387915f,-0.03212267367637215f,0.9987317006458762f,0.038770142647114036f,0.0482318108849302f,-0.10469257656093262f,-0.041938983487474324f,0.9936199404586596f,0.05206557416453077f,0f,0f,0f,1f], start_interpolation: 0, interpolation_duration: 1 }
$data merge entity $(bone_leg_right_2) { transformation: [0.9905585325793194f,-0.0384945468807732f,0.26338975472755927f,-0.15381004504416337f,0.10589565937169887f,0.9881372905482996f,-0.25383656918338854f,0.27055620741966624f,-0.24421732608730476f,0.2723326355562329f,0.9582562458708301f,0.1455391997143884f,0f,0f,0f,1f], start_interpolation: 0, interpolation_duration: 1 }
$data merge entity $(bone_leg_right_1) { transformation: [0.7658458285676998f,-0.448892870730292f,0.460407816476839f,-0.2849262158464245f,-0.26796844870687f,0.4280697988806884f,0.8631043724740831f,0.3357368161834279f,-0.5845280809020955f,-0.7843796516316344f,0.2075463436034196f,-0.09020096159696589f,0f,0f,0f,1f], start_interpolation: 0, interpolation_duration: 1 }
$data merge entity $(bone_leg_right_0) { transformation: [0.7507498107258861f,0.6567167206550432f,0.07139937329649554f,-0.12018414671703531f,-0.17420958457871133f,0.3010860256951783f,-0.9375490524617873f,0.5505316560470374f,-0.6372014927289161f,0.6914263185207578f,0.340446623894073f,0.22765200125124635f,0f,0f,0f,1f], start_interpolation: 0, interpolation_duration: 1 }
$data merge entity $(bone_tail_4) { transformation: [2.7014237851114626f,0.5461810120336412f,-0.1722125632117588f,0.1275284762262964f,-0.5240980111957739f,2.6925318874365693f,0.3182053447035436f,0.02741457921835647f,0.23085090317062062f,-0.2786030668014511f,2.7376540181831106f,1.9040855488378456f,0f,0f,0f,1f], start_interpolation: 0, interpolation_duration: 1 }
$data merge entity $(bone_tail_3) { transformation: [2.046650260648786f,0.3830441402676755f,-0.02110505241156429f,0.12735872556985267f,-0.38356210192668844f,2.041138549814013f,-0.15026330381424913f,0.032919539561836936f,-0.006953459302989746f,0.15157880166497517f,2.0767573383363724f,1.5504609314381277f,0f,0f,0f,1f], start_interpolation: 0, interpolation_duration: 1 }
$data merge entity $(bone_tail_2) { transformation: [1.9207184044362644f,0.34666726440503326f,-0.09714161648087014f,0.14691989599765978f,-0.3599612511134711f,1.8396179761239277f,-0.5522748180220658f,0.13575779285446482f,-0.0065256079724716805f,0.5607150655318723f,1.8719855519551836f,1.2025915044394961f,0f,0f,0f,1f], start_interpolation: 0, interpolation_duration: 1 }
$data merge entity $(bone_tail_1) { transformation: [1.4821688414845169f,0.27134000217751303f,0.13117308622866186f,0.11396003766249176f,-0.22858750583592471f,1.4411296349984921f,-0.39818259292041464f,0.20404430938025975f,-0.19641671901382485f,0.37037309344419267f,1.453237934456854f,0.8855311373197218f,0f,0f,0f,1f], start_interpolation: 0, interpolation_duration: 1 }
$data merge entity $(bone_tail_0) { transformation: [1.2120527737099005f,0.29962994905744084f,0.27383514010075344f,0.04116964961891556f,-0.13317128980098886f,1.1081114272738815f,-0.6230491063325669f,0.41285444192653853f,-0.3834438653817595f,0.5622692192863704f,1.0819703525181352f,0.5829228108393483f,0f,0f,0f,1f], start_interpolation: 0, interpolation_duration: 1 }
$data merge entity $(bone_body_1) { transformation: [0.7093751613088904f,0.3816688805114121f,0.9379340814915519f,-0.20259499357768115f,-0.016224450981372006f,1.149320339777291f,-0.45541642352995476f,0.44131750000000003f,-1.0124861691719984f,0.24899039595861405f,0.6644397151074234f,0.41167861426797864f,0f,0f,0f,1f], start_interpolation: 0, interpolation_duration: 1 }