# This file was generated by Animated Java via MC-Build. It is not recommended to edit this file directly.
$data merge entity $(bone_head_lower) { transformation: [-0.65778090306695f,0.6432147267884533f,0.39191720911805183f,-0.9948452341474944f,0.7134772484607869f,0.6988550750693937f,0.050515343991469785f,0.8815830747413659f,-0.24140111741508585f,0.3128520405754254f,-0.9186125958305492f,0.34041523850320604f,0f,0f,0f,1f], start_interpolation: 0, interpolation_duration: 1 }
$data merge entity $(bone_head_upper) { transformation: [-0.6846838679270121f,0.2303901672829575f,0.7493999695778907f,-0.9382227697046569f,0.7426581706406462f,0.5094631087068471f,0.5218985773413748f,0.9292317894831047f,-0.25127432253356397f,0.8779747458039969f,-0.4994932463499502f,0.3256181781303864f,0f,0f,0f,1f], start_interpolation: 0, interpolation_duration: 1 }
$data merge entity $(bone_neck_0) { transformation: [-0.4626013864192483f,0.48662862653381167f,0.7410752573934749f,-0.8980528710098189f,0.5318136189073812f,0.8211187865847484f,-0.20721537844046486f,0.9023327148047049f,-0.7093477511260777f,0.2982557931631947f,-0.63864642002987f,0.2797100603886492f,0f,0f,0f,1f], start_interpolation: 0, interpolation_duration: 1 }
$data merge entity $(bone_neck_1) { transformation: [-0.2606118685343162f,0.5001911764920228f,0.8257664566562256f,-0.8257952957200914f,0.37569152645889414f,0.8404481391901648f,-0.39051607172916125f,0.8731227175270352f,-0.889346575259633f,0.20846033745371192f,-0.40694834657809587f,0.24619654495354273f,0f,0f,0f,1f], start_interpolation: 0, interpolation_duration: 1 }
$data merge entity $(bone_neck_2) { transformation: [0.1007581817629847f,0.5086181710281092f,0.8550762216947903f,-0.7459045158472428f,0.23040890200078978f,0.8241561039574427f,-0.5173765110521344f,0.8358656581903436f,-0.9678633822428698f,0.24914708990817042f,-0.03414968380061903f,0.2456440822571122f,0f,0f,0f,1f], start_interpolation: 0, interpolation_duration: 1 }
$data merge entity $(bone_body_0) { transformation: [0.22434740887762794f,0.6325071718750107f,0.7413520875107656f,-0.3904826356276728f,0.15586073859332727f,0.7276620417197314f,-0.6679935502723169f,0.5279746934477468f,-0.9619644849447596f,0.2654103060676948f,0.06466605862441055f,0.2786493181172544f,0f,0f,0f,1f], start_interpolation: 0, interpolation_duration: 1 }
$data merge entity $(bone_leg_left_3) { transformation: [0.32110858850411916f,0.012335836091772606f,0.9469620380653119f,-0.57780181061655f,0.04138695308635683f,0.9987771000618767f,-0.02704486099458539f,0.04092124637881642f,-0.9461376192199102f,0.047876210584231194f,0.3202053621614958f,0.6561647360057894f,0f,0f,0f,1f], start_interpolation: 0, interpolation_duration: 1 }
$data merge entity $(bone_leg_left_2) { transformation: [0.45974951553337184f,0.41812570370796287f,0.8160045823193919f,-0.4544058741717666f,-0.40516615821652646f,0.9115260308928355f,-0.2387946371707489f,0.24538825084303598f,-0.8225162409968478f,-0.2152983752938454f,0.573738479093864f,0.6224340523429956f,0f,0f,0f,1f], start_interpolation: 0, interpolation_duration: 1 }
$data merge entity $(bone_leg_left_1) { transformation: [0.6673968081024302f,-0.6616334043622065f,0.34179341533558694f,-0.6655700596735488f,-0.06954590976207804f,0.40158651851559196f,0.9131766721625625f,0.3074403423251424f,-0.7414478181032381f,-0.6332215302550948f,0.222003663598923f,0.4533997056443708f,0f,0f,0f,1f], start_interpolation: 0, interpolation_duration: 1 }
$data merge entity $(bone_leg_left_0) { transformation: [0.6447183143434947f,0.6933561837893596f,0.32186254449863894f,-0.3445724856557291f,-0.06768480884365666f,0.4711796173069202f,-0.8794364871247394f,0.5561623064960983f,-0.7614177971402298f,0.5452036047529033f,0.3507078093834807f,0.5503802221312877f,0f,0f,0f,1f], start_interpolation: 0, interpolation_duration: 1 }
$data merge entity $(bone_leg_right_3) { transformation: [0.9939852104725351f,0.02704589429402654f,0.10612219826080696f,-0.1505504714139011f,-0.031827682851406705f,0.9985407668343343f,0.04362723431767271f,0.05014737677862863f,-0.10478740366179479f,-0.046742449355325594f,0.9933955624332556f,0.05387387565760057f,0f,0f,0f,1f], start_interpolation: 0, interpolation_duration: 1 }
$data merge entity $(bone_leg_right_2) { transformation: [0.9904491744309264f,-0.03882207094217893f,0.2637526856309727f,-0.15298526175605545f,0.10484118181596343f,0.9897248036656656f,-0.2480228600453702f,0.2730231258623792f,-0.24511417536573088f,0.26645798790318453f,0.959677748631309f,0.14602345152402757f,0f,0f,0f,1f], start_interpolation: 0, interpolation_duration: 1 }
$data merge entity $(bone_leg_right_1) { transformation: [0.7655292151489925f,-0.4492421141693053f,0.46059368602930306f,-0.28421247446500786f,-0.27030201379170704f,0.42507673532671403f,0.8638556536969184f,0.3373042932458648f,-0.5838680005733445f,-0.7858061414500879f,0.2039776114327482f,-0.08990182440930963f,0f,0f,0f,1f], start_interpolation: 0, interpolation_duration: 1 }
$data merge entity $(bone_leg_right_0) { transformation: [0.7508842882992417f,0.657012648818771f,0.06713542192824445f,-0.11902273849369249f,-0.17640794831200599f,0.29748921261420147f,-0.9382858861511938f,0.5510025063820521f,-0.6364377592174192f,0.69270090780244f,0.33928222908367245f,0.22845756903869405f,0f,0f,0f,1f], start_interpolation: 0, interpolation_duration: 1 }
$data merge entity $(bone_tail_4) { transformation: [2.6955273457879017f,0.5749938533299686f,-0.17080904057567417f,0.12239006908042893f,-0.555166915052576f,2.6892859118447996f,0.29187722142040007f,0.010294187124310576f,0.22711969562465129f,-0.25056872228161586f,2.7406738753221846f,1.9006287313869834f,0f,0f,0f,1f], start_interpolation: 0, interpolation_duration: 1 }
$data merge entity $(bone_tail_3) { transformation: [2.042458918476093f,0.40462431745334393f,-0.02421268484345628f,0.12253607906900904f,-0.40523366183590237f,2.0352806774333354f,-0.17135859892638872f,0.019433453840633774f,-0.00963180652726505f,0.17279251093830666f,2.0750892757929957f,1.5470793629534692f,0f,0f,0f,1f], start_interpolation: 0, interpolation_duration: 1 }
$data merge entity $(bone_tail_2) { transformation: [1.916784958549017f,0.36580830837105016f,-0.1043723105508785f,0.14344306583143926f,-0.3802993444217412f,1.8299659368992094f,-0.5704129674400561f,0.12562621386191802f,-0.00903915457398317f,0.5798127510826985f,1.8661482637693276f,1.2002977607991476f,0f,0f,0f,1f], start_interpolation: 0, interpolation_duration: 1 }
$data merge entity $(bone_tail_1) { transformation: [1.4797958939015317f,0.28638492633874535f,0.1258730962442663f,0.11144206460064238f,-0.24232104126519086f,1.4342785555765474f,-0.41446566561466536f,0.19751353396308996f,-0.1978405301052352f,0.3853374481921076f,1.4491481724338868f,0.8839359013284992f,0f,0f,0f,1f], start_interpolation: 0, interpolation_duration: 1 }
$data merge entity $(bone_tail_0) { transformation: [1.2106934550968869f,0.31080669745981154f,0.2673130583860719f,0.04082729526995771f,-0.14289848336692745f,1.10116532330659f,-0.6331276891611624f,0.40910124079781435f,-0.384235732098177f,0.5697980731322689f,1.0777424435447267f,0.5827447527706803f,0f,0f,0f,1f], start_interpolation: 0, interpolation_duration: 1 }
$data merge entity $(bone_body_1) { transformation: [0.7093794369844364f,0.39346438358738967f,0.9330440441308703f,-0.20259499357768115f,-0.016228154302584515f,1.143487306260808f,-0.46987021876746216f,0.44131750000000003f,-1.0124831141544164f,0.2573463703354812f,0.6612528898111357f,0.41167861426797864f,0f,0f,0f,1f], start_interpolation: 0, interpolation_duration: 1 }