# This file was generated by Animated Java via MC-Build. It is not recommended to edit this file directly.
$data merge entity $(bone_head_lower) { transformation: [-0.35240699512533685f,0.3781373261556602f,0.8560499239849152f,-0.9398471216241681f,0.8037963993825921f,0.5907795467310646f,0.06993479465772601f,0.9887407330888852f,-0.4792918298138526f,0.712735357430853f,-0.5121402660810835f,0.3842186963119666f,0f,0f,0f,1f], start_interpolation: 0, interpolation_duration: 1 }
$data merge entity $(bone_head_upper) { transformation: [-0.3668202943897152f,0.6433333527676734f,0.7314622419674541f,-0.8750900328457245f,0.8366713372021738f,0.60837069297401f,-0.11549076161388959f,0.9946996340564559f,-0.4988946659483101f,0.5472469641126705f,-0.7315031203906767f,0.34592421310620525f,0f,0f,0f,1f], start_interpolation: 0, interpolation_duration: 1 }
$data merge entity $(bone_neck_0) { transformation: [-0.2936996628636943f,0.8214773975123778f,0.4887897231019117f,-0.8567231895974075f,0.6572818690971615f,0.5448273942431885f,-0.5207145619610797f,0.9519732997763656f,-0.6940612743770496f,0.1683389314997231f,-0.699957821266137f,0.2981554400177679f,0f,0f,0f,1f], start_interpolation: 0, interpolation_duration: 1 }
$data merge entity $(bone_neck_1) { transformation: [-0.1987650622093151f,0.7877923726399547f,0.5829885313239346f,-0.8037071482830909f,0.45772846064693656f,0.6006141325117208f,-0.6555511575315682f,0.8992064668562141f,-0.8665893527840698f,0.13654977640957217f,-0.4799760954503702f,0.2581242327980656f,0f,0f,0f,1f], start_interpolation: 0, interpolation_duration: 1 }
$data merge entity $(bone_neck_2) { transformation: [0.09003750222077687f,0.7537396350747381f,0.65097604465237f,-0.7392971823365546f,0.21417735250160932f,0.6236838503333052f,-0.75176227393294f,0.8394527081398035f,-0.9726362680207051f,0.20711112319434732f,-0.10527902345638894f,0.2509287480911347f,0f,0f,0f,1f], start_interpolation: 0, interpolation_duration: 1 }
$data merge entity $(bone_body_0) { transformation: [0.20352094183018504f,0.6607935794296719f,0.7224479715668639f,-0.3925152776809432f,0.1414206546777736f,0.7103125166859803f,-0.6895334125840015f,0.5212448111513406f,-0.9688030886960798f,0.24250355466209295f,0.0511136117798861f,0.27732855113455057f,0f,0f,0f,1f], start_interpolation: 0, interpolation_duration: 1 }
$data merge entity $(bone_leg_left_3) { transformation: [0.32250418941704995f,0.021328217854201276f,0.9463277206822248f,-0.5797675866324772f,0.0439170894193114f,0.9983323647032469f,-0.03746703675177243f,0.03920038576547161f,-0.9455486962951127f,0.05364323544666362f,0.32102969679677f,0.6528709639818806f,0f,0f,0f,1f], start_interpolation: 0, interpolation_duration: 1 }
$data merge entity $(bone_leg_left_2) { transformation: [0.4617173996885423f,0.4169135737580711f,0.8155135279943665f,-0.4566663187644753f,-0.4026660122236094f,0.9126810282170968f,-0.23861186649706354f,0.24394614553367083f,-0.8226416746831399f,-0.2127407160125911f,0.5745121951061293f,0.619760183679253f,0f,0f,0f,1f], start_interpolation: 0, interpolation_duration: 1 }
$data merge entity $(bone_leg_left_1) { transformation: [0.668668396700046f,-0.6613262652468719f,0.3398972582255025f,-0.6676718235858531f,-0.06686489938903666f,0.4017889630627505f,0.9132878595441052f,0.3059939439138732f,-0.7405482161779097f,-0.6334139247408312f,0.22444406755388394f,0.45052622340233084f,0f,0f,0f,1f], start_interpolation: 0, interpolation_duration: 1 }
$data merge entity $(bone_leg_left_0) { transformation: [0.646017393340311f,0.6917148212506226f,0.32278806292056206f,-0.34724299360677957f,-0.06502170514104173f,0.47120237684037836f,-0.8796252030953463f,0.5550498609242932f,-0.7605482925905107f,0.5472649505698285f,0.3493814083712266f,0.5485251707680743f,0f,0f,0f,1f], start_interpolation: 0, interpolation_duration: 1 }
$data merge entity $(bone_leg_right_3) { transformation: [0.9947812357007778f,0.0182873119763039f,0.10037861982670926f,-0.14782817540357923f,-0.02270776547663582f,0.9988138203139745f,0.04307330654664962f,0.0473931178370485f,-0.09947185775229f,-0.04512789127008793f,0.9940165103985059f,0.05248916393455527f,0f,0f,0f,1f], start_interpolation: 0, interpolation_duration: 1 }
$data merge entity $(bone_leg_right_2) { transformation: [0.9906381669925522f,-0.050005265573328295f,0.2611468839815469f,-0.1529505763186475f,0.11417527463590063f,0.9897941984375668f,-0.24358499728399913f,0.27040771186956114f,-0.2401296072127451f,0.26432767099751403f,0.9615252745433043f,0.1441915298985504f,0f,0f,0f,1f], start_interpolation: 0, interpolation_duration: 1 }
$data merge entity $(bone_leg_right_1) { transformation: [0.7701826602032323f,-0.4490436381369257f,0.45296631328502357f,-0.28362666577761125f,-0.2628165362854234f,0.4236571519041382f,0.8668575926271899f,0.3342930891784853f,-0.581159305334781f,-0.7866857242185268f,0.20827729865150213f,-0.09214679511365526f,0f,0f,0f,1f], start_interpolation: 0, interpolation_duration: 1 }
$data merge entity $(bone_leg_right_0) { transformation: [0.7547455825516899f,0.6516401463214705f,0.07565861035495303f,-0.12168916410344123f,-0.16909745814532107f,0.3046806886232725f,-0.9373237048260542f,0.5498865501321168f,-0.6338494736666598f,0.6946472469406186f,0.34014709619562766f,0.22660543422759377f,0f,0f,0f,1f], start_interpolation: 0, interpolation_duration: 1 }
$data merge entity $(bone_tail_4) { transformation: [2.707250052597785f,0.5136429729027168f,-0.18063604484418488f,0.13140857896272085f,-0.4916384813960374f,2.699771557119562f,0.3085230535613406f,0.034161643672245265f,0.2339873670091814f,-0.27030680227451664f,2.7382193988656636f,1.9061144402758967f,0f,0f,0f,1f], start_interpolation: 0, interpolation_duration: 1 }
$data merge entity $(bone_tail_3) { transformation: [2.051200722444229f,0.3577784376543995f,-0.022709289691558214f,0.1317580924010371f,-0.3584696876862676f,2.0452469221318275f,-0.15623711647633978f,0.0406393382377169f,-0.0045393059852635335f,0.15781363408878413f,2.0762995394791446f,1.5525064359147984f,0f,0f,0f,1f], start_interpolation: 0, interpolation_duration: 1 }
$data merge entity $(bone_tail_2) { transformation: [1.9249888730586953f,0.32319237020537067f,-0.09347943861633883f,0.150636043820293f,-0.3364127910907816f,1.842168752326579f,-0.558582667959562f,0.14466822681208039f,-0.004259999237241212f,0.5663345784916782f,1.8702996745478861f,1.20495342231639f,0f,0f,0f,1f], start_interpolation: 0, interpolation_duration: 1 }
$data merge entity $(bone_tail_1) { transformation: [1.485179674433247f,0.25306440485980625f,0.13362631343903392f,0.11736880219243208f,-0.20989183533216912f,1.443314980578787f,-0.4005540341798472f,0.2134204761282792f,-0.19453277901487068f,0.3747752977849644f,1.4523624630438998f,0.888025834613355f,0f,0f,0f,1f], start_interpolation: 0, interpolation_duration: 1 }
$data merge entity $(bone_tail_0) { transformation: [1.2136896544633118f,0.28417723101468345f,0.2829071236388043f,0.041554468093549596f,-0.12041506022272007f,1.1184785304757234f,-0.6069116135982675f,0.41776503489500255f,-0.3824831401569398f,0.549622411134882f,1.0887872010902742f,0.583120276532894f,0f,0f,0f,1f], start_interpolation: 0, interpolation_duration: 1 }
$data merge entity $(bone_body_1) { transformation: [0.7093922764090449f,0.36617097487128514f,0.9440794513118352f,-0.20259499357768115f,-0.016239195781932662f,1.156666003883061f,-0.43642254643613126f,0.44131750000000003f,-1.0124739412685144f,0.23800665469531246f,0.6684713498940675f,0.41167861426797864f,0f,0f,0f,1f], start_interpolation: 0, interpolation_duration: 1 }