# This file was generated by Animated Java via MC-Build. It is not recommended to edit this file directly.
$data merge entity $(bone_head_lower) { transformation: [-0.2410197693557939f,0.3476407361837702f,0.9061210676975157f,-0.9174428245790697f,0.8212710396719148f,0.5705380660402699f,-0.0004411295057971665f,1.0066402493335154f,-0.5171299161486327f,0.7440646704048212f,-0.42301822192368127f,0.37372482151995073f,0f,0f,0f,1f], start_interpolation: 0, interpolation_duration: 1 }
$data merge entity $(bone_head_upper) { transformation: [-0.25087737749754196f,0.8234770272867552f,0.585164993462896f,-0.8586900120981117f,0.8548606829982297f,0.49432295405948123f,-0.32913518854296864f,0.9953158010223384f,-0.5382803142483135f,0.40125097533138004f,-0.7954394387204222f,0.3277322092020824f,0f,0f,0f,1f], start_interpolation: 0, interpolation_duration: 1 }
$data merge entity $(bone_neck_0) { transformation: [-0.2309695402173682f,0.9203413151090373f,0.3156341793835782f,-0.853144747396586f,0.6548953426181044f,0.3869728634530186f,-0.6491256374293709f,0.9468492119900401f,-0.7195590050224464f,0.05677910402902499f,-0.6921061852322721f,0.28229020175015307f,0f,0f,0f,1f], start_interpolation: 0, interpolation_duration: 1 }
$data merge entity $(bone_neck_1) { transformation: [-0.1668135937432958f,0.8650487909020051f,0.4731424883704961f,-0.8090781969878584f,0.437985423556442f,0.49493428177847737f,-0.7504724015395282f,0.8855544499987401f,-0.8833696812176263f,0.08204051486553039f,-0.4614405272904277f,0.2435780830786543f,0f,0f,0f,1f], start_interpolation: 0, interpolation_duration: 1 }
$data merge entity $(bone_neck_2) { transformation: [0.10268918214395774f,0.7911526130526481f,0.6029365428721098f,-0.7485105552560214f,0.17810592596805783f,0.5817213467604649f,-0.7936488857538021f,0.8217202708006905f,-0.9786384475411058f,0.18888572625573816f,-0.08117247939527664f,0.2383160744036552f,0f,0f,0f,1f], start_interpolation: 0, interpolation_duration: 1 }
$data merge entity $(bone_body_0) { transformation: [0.20838847007576822f,0.6428047363531031f,0.7371406354702595f,-0.3949754194165874f,0.1206432984013727f,0.7310369298825782f,-0.6715878212852671f,0.5121674896365679f,-0.9705768594451023f,0.22888223624797138f,0.07478958376545403f,0.2757445141744318f,0f,0f,0f,1f], start_interpolation: 0, interpolation_duration: 1 }
$data merge entity $(bone_leg_left_3) { transformation: [0.3242397146047833f,0.03326287096811034f,0.9453899665682767f,-0.5823090532619212f,0.04735787579584787f,0.9975577021175965f,-0.051340651982275276f,0.03675182146266645f,-0.9447887801371868f,0.06141833896173762f,0.32187256572449185f,0.6485100959814822f,0f,0f,0f,1f], start_interpolation: 0, interpolation_duration: 1 }
$data merge entity $(bone_leg_left_2) { transformation: [0.46424964660256335f,0.41522787018203017f,0.8149357526542715f,-0.45961464782302985f,-0.3992629189531995f,0.9142370708946138f,-0.23837344493819249f,0.24187294029881679f,-0.8228751950806755f,-0.209328912305075f,0.5754302905607319f,0.6162226131527071f,0f,0f,0f,1f], start_interpolation: 0, interpolation_duration: 1 }
$data merge entity $(bone_leg_left_1) { transformation: [0.6702667146900274f,-0.6610094509829061f,0.33735594983624373f,-0.6704311341439934f,-0.06322269829736497f,0.40207090607584f,0.9134231642055903f,0.3039176210219874f,-0.7394223567073405f,-0.6335656968291684f,0.22770394419669673f,0.44675210731464554f,0f,0f,0f,1f], start_interpolation: 0, interpolation_duration: 1 }
$data merge entity $(bone_leg_left_0) { transformation: [0.6476500214070517f,0.6895705716568995f,0.3241016452846578f,-0.3507613052090016f,-0.06140294511504673f,0.4712169439602055f,-0.8798774176304351f,0.5534205629803276f,-0.7594597606869264f,0.5499518328268227f,0.34752532780759265f,0.5460836782639633f,0f,0f,0f,1f], start_interpolation: 0, interpolation_duration: 1 }
$data merge entity $(bone_leg_right_3) { transformation: [0.9956708143614394f,0.03444570404089731f,0.08633147109805911f,-0.15463448531395457f,-0.03485388526168541f,0.9993872159838132f,0.003224780657466342f,0.043423397341981806f,-0.08616748871235236f,-0.006219807171480851f,0.9962612498174144f,0.03666728258653207f,0f,0f,0f,1f], start_interpolation: 0, interpolation_duration: 1 }
$data merge entity $(bone_leg_right_2) { transformation: [0.9954977976180963f,-0.040678208047152886f,0.24370395529881464f,-0.15812936641285716f,0.10989242205355565f,0.9790233332156316f,-0.28548059145106913f,0.26263920113866046f,-0.22129164017968977f,0.30318442557315095f,0.9545529914976727f,0.13718240203577836f,0f,0f,0f,1f], start_interpolation: 0, interpolation_duration: 1 }
$data merge entity $(bone_leg_right_1) { transformation: [0.7748699867291378f,-0.4314400400976748f,0.4619913370041721f,-0.28440841077387735f,-0.2535492344750633f,0.45735476987303253f,0.8523728058610828f,0.3366319510789126f,-0.5790416991577508f,-0.7776156545973741f,0.24499919257336847f,-0.09859728659602998f,0f,0f,0f,1f], start_interpolation: 0, interpolation_duration: 1 }
$data merge entity $(bone_leg_right_0) { transformation: [0.7596215972847351f,0.6460138865588655f,0.07510717217214746f,-0.1252020326819734f,-0.15914766868043834f,0.29661312016102004f,-0.9416436037598968f,0.5482525712422243f,-0.6305926169026791f,0.7033396870086694f,0.3281253360933558f,0.22416783057279624f,0f,0f,0f,1f], start_interpolation: 0, interpolation_duration: 1 }
$data merge entity $(bone_tail_4) { transformation: [2.7206915572238626f,0.43136417959723544f,-0.1934521300249636f,0.14287019326358844f,-0.40640553613054997f,2.7113578820767774f,0.33020343290548876f,0.06638715908541559f,0.24152292283183271f,-0.2968580661874185f,2.734813210785379f,1.9128941913798205f,0f,0f,0f,1f], start_interpolation: 0, interpolation_duration: 1 }
$data merge entity $(bone_tail_3) { transformation: [2.0611882881244794f,0.29500011050897346f,-0.02057429810748249f,0.14347202624211328f,-0.2957148761155157f,2.056689756131299f,-0.13610835798365167f,0.06933978293719434f,0.0010387429457000485f,0.13765067333185882f,2.077738371207699f,1.5592395247285498f,0f,0f,0f,1f], start_interpolation: 0, interpolation_duration: 1 }
$data merge entity $(bone_tail_2) { transformation: [1.9343618966702094f,0.26610703544125464f,-0.0787716535428337f,0.15960917975510389f,-0.2775193280168006f,1.8567415416072381f,-0.542464510590191f,0.17041935737482827f,0.0009748283483725095f,0.5481530519493789f,1.8757135059360874f,1.210679636219924f,0f,0f,0f,1f], start_interpolation: 0, interpolation_duration: 1 }
$data merge entity $(bone_tail_1) { transformation: [1.4911393134728235f,0.20842662956184999f,0.14393796547570167f,0.1246629426742453f,-0.16639006679691387f,1.454039225991764f,-0.38175977387434434f,0.2349546383726085f,-0.19098205016994538f,0.3605336591315147f,1.4564331729077462f,0.893046774224736f,0f,0f,0f,1f], start_interpolation: 0, interpolation_duration: 1 }
$data merge entity $(bone_tail_0) { transformation: [1.2168497410336523f,0.24800818821679102f,0.3026621266491499f,0.04220291411454327f,-0.09029925750986328f,1.1399790781497836f,-0.5710774571439188f,0.42934647027532613f,-0.38073411775611693f,0.522279002585995f,1.1027700991676719f,0.5833952431769791f,0f,0f,0f,1f], start_interpolation: 0, interpolation_duration: 1 }
$data merge entity $(bone_body_1) { transformation: [0.7094093953334917f,0.3293030883227564f,0.9575501975823066f,-0.20259499357768115f,-0.016253917885716788f,1.1727142658968648f,-0.391256508919139f,0.44131750000000003f,-1.0124617103980693f,0.21190875781647814f,0.6772152969290808f,0.41167861426797864f,0f,0f,0f,1f], start_interpolation: 0, interpolation_duration: 1 }