# This file was generated by Animated Java via MC-Build. It is not recommended to edit this file directly.
$data merge entity $(bone_head_lower) { transformation: [-0.2591522685676741f,0.35753662025602156f,0.8972221948169415f,-0.9293436443959433f,0.8226017429630805f,0.5685105398071801f,0.011051633465267219f,0.9880748269330653f,-0.5061289106248823f,0.7409205971654789f,-0.4414410430913958f,0.3684579933263432f,0f,0f,0f,1f], start_interpolation: 0, interpolation_duration: 1 }
$data merge entity $(bone_head_upper) { transformation: [-0.2697514883719801f,0.8156702113089012f,0.5876973570536977f,-0.8705974164936024f,0.8562458114995444f,0.5052682342505147f,-0.30825162502468817f,0.9784362398295836f,-0.5268293721823939f,0.40355676233234755f,-0.8019131466469698f,0.32207443117667983f,0f,0f,0f,1f], start_interpolation: 0, interpolation_duration: 1 }
$data merge entity $(bone_neck_0) { transformation: [-0.24834281194967292f,0.9144000755840059f,0.31968476586301997f,-0.8646881820797224f,0.6553517427806343f,0.40163141211919695f,-0.6396923495193021f,0.9303415416770319f,-0.7133301766975195f,0.05064297158643266f,-0.6989959573857212f,0.2762845063836248f,0f,0f,0f,1f], start_interpolation: 0, interpolation_duration: 1 }
$data merge entity $(bone_neck_1) { transformation: [-0.18343853561019904f,0.8544320533310008f,0.4861030445222037f,-0.8195726124405431f,0.43908951668275964f,0.5136409351304021f,-0.7371386478117034f,0.870262502845657f,-0.8795173107975112f,0.07822311678101129f,-0.4693936983051412f,0.2368810634660096f,0f,0f,0f,1f], start_interpolation: 0, interpolation_duration: 1 }
$data merge entity $(bone_neck_2) { transformation: [0.09639211539918248f,0.7756901531187672f,0.623709344521512f,-0.7573365046349962f,0.1824361480614028f,0.602242792976819f,-0.77718766729021f,0.8080713676285186f,-0.9784812782927368f,0.18870189363666642f,-0.08346246682520014f,0.23141663488100736f,0f,0f,0f,1f], start_interpolation: 0, interpolation_duration: 1 }
$data merge entity $(bone_body_0) { transformation: [0.2132355675130449f,0.6206749626210245f,0.7545151976751558f,-0.3958236165400182f,0.11561789555674043f,0.750819343481052f,-0.6503097843964158f,0.5087352976750157f,-0.9701356064872684f,0.22590463525583512f,0.0883402558039525f,0.2752030901970568f,0f,0f,0f,1f], start_interpolation: 0, interpolation_duration: 1 }
$data merge entity $(bone_leg_left_3) { transformation: [0.324853108269862f,0.037722887344687206f,0.9450118739030684f,-0.5832380176655118f,0.04866700344585373f,0.9972137070813288f,-0.056536228957322715f,0.03578894875224689f,-0.9445115038066029f,0.06435686583025618f,0.32211211246629007f,0.6468850103918975f,0f,0f,0f,1f], start_interpolation: 0, interpolation_duration: 1 }
$data merge entity $(bone_leg_left_2) { transformation: [0.46517150723598727f,0.4145758021342871f,0.8147420282771758f,-0.46070016513819023f,-0.39796715658393894f,0.9148247657706362f,-0.23828552141053255f,0.24105178585913217f,-0.8229822662955677f,-0.20804987795744376f,0.5757409462124424f,0.6149051031556296f,0f,0f,0f,1f], start_interpolation: 0, interpolation_duration: 1 }
$data merge entity $(bone_leg_left_1) { transformation: [0.6708370298764439f,-0.6609181300994722f,0.3363999177353765f,-0.6714524962547772f,-0.061837968751499835f,0.40217994621875963f,0.9134699537916746f,0.3030960300830827f,-0.7390221545848538f,-0.6335917582839068f,0.22892736592086974f,0.44535466125892187f,0f,0f,0f,1f], start_interpolation: 0, interpolation_duration: 1 }
$data merge entity $(bone_leg_left_0) { transformation: [0.6482324999601983f,0.6887802490950756f,0.3246173046094074f,-0.35206722347712993f,-0.06002688245021107f,0.4712177666408198f,-0.8799719255665753f,0.5527669911356385f,-0.7590727233794269f,0.5509406364197174f,0.34680400194169714f,0.5451781920735252f,0f,0f,0f,1f], start_interpolation: 0, interpolation_duration: 1 }
$data merge entity $(bone_leg_right_3) { transformation: [0.9958369888746869f,0.035835668570775456f,0.08381226907250555f,-0.15543391446573201f,-0.03541186952010192f,0.9993514157602784f,-0.006538143086481485f,0.04269691503729467f,-0.08399220848440542f,0.0035429755874942237f,0.9964601127179651f,0.031970845933504494f,0f,0f,0f,1f], start_interpolation: 0, interpolation_duration: 1 }
$data merge entity $(bone_leg_right_2) { transformation: [0.9962425294290255f,-0.04011090622228614f,0.24073665541329328f,-0.15888941655109498f,0.1115354057993784f,0.9747441607467191f,-0.2991586098444061f,0.2604899890212282f,-0.217078039678637f,0.3167445907871144f,0.9511110284278483f,0.13553391124147313f,0f,0f,0f,1f], start_interpolation: 0, interpolation_duration: 1 }
$data merge entity $(bone_leg_right_1) { transformation: [0.776852669803827f,-0.42876759467507514f,0.46114886877798655f,-0.2843582732766439f,-0.2497985464169898f,0.462409826827904f,0.8507513375017092f,0.3360167338637205f,-0.5780143732007237f,-0.7761027649799594f,0.2521187866142397f,-0.10019190929002142f,0f,0f,0f,1f], start_interpolation: 0, interpolation_duration: 1 }
$data merge entity $(bone_leg_right_0) { transformation: [0.7613748710491577f,0.6436327207434264f,0.0777510548050172f,-0.12650590984510676f,-0.15535454566406856f,0.29756523326751205f,-0.9419765905222708f,0.5475972440305111f,-0.6294229665943158f,0.7051183253460837f,0.32654996001338776f,0.2232638027341931f,0f,0f,0f,1f], start_interpolation: 0, interpolation_duration: 1 }
$data merge entity $(bone_tail_4) { transformation: [2.7250839229146098f,0.4003845538929497f,-0.19816950743306713f,0.14699998845713136f,-0.3743084719691436f,2.7149921104181494f,0.3381897984554324f,0.07858625097426743f,0.2438690478196145f,-0.306873558605405f,2.7334991930023333f,1.915277494973345f,0f,0f,0f,1f], start_interpolation: 0, interpolation_duration: 1 }
$data merge entity $(bone_tail_3) { transformation: [2.0644395424043553f,0.2713769632713344f,-0.019734376285283333f,0.1476905727745898f,-0.27207943428916126f,2.060434269243899f,-0.12856488481188885f,0.0802231375380957f,0.002771865550533605f,0.1300411164802624f,2.078226924767933f,1.5616144531801104f,0f,0f,0f,1f], start_interpolation: 0, interpolation_duration: 1 }
$data merge entity $(bone_tail_2) { transformation: [1.9374130989459126f,0.24463355190644648f,-0.07320371791929346f,0.1627898057351084f,-0.2553381918521533f,1.8617045985209733f,-0.5363135935535395f,0.18017685263697092f,0.0026013106781835106f,0.5412802306848774f,1.8777067982129843f,1.2126835832773781f,0f,0f,0f,1f], start_interpolation: 0, interpolation_duration: 1 }
$data merge entity $(bone_tail_1) { transformation: [1.493013357645263f,0.191634282863855f,0.14779602675334133f,0.12721683559356123f,-0.15001171828489188f,1.4576692491729726f,-0.37463728377287353f,0.24311943253339663f,-0.18990484003845876f,0.3551519557129855f,1.4578955689908688f,0.8948007865894814f,0f,0f,0f,1f], start_interpolation: 0, interpolation_duration: 1 }
$data merge entity $(bone_tail_0) { transformation: [1.2177879063661303f,0.23426035745743984f,0.3097586425208133f,0.04235128051195039f,-0.07897348087475818f,1.147568524783138f,-0.5573915919975863f,0.43369508341793084f,-0.38025191782678586f,0.5119026103029678f,1.1077905547250737f,0.5834317609118982f,0f,0f,0f,1f], start_interpolation: 0, interpolation_duration: 1 }
$data merge entity $(bone_body_1) { transformation: [0.7094158148393007f,0.31534728823445646f,0.9622317208008244f,-0.20259499357768115f,-0.01625943871332555f,1.1782790734734194f,-0.37416393562661543f,0.44131750000000003f,-1.0124571237167865f,0.2020373922669888f,0.6802323572260703f,0.41167861426797864f,0f,0f,0f,1f], start_interpolation: 0, interpolation_duration: 1 }