# This file was generated by Animated Java via MC-Build. It is not recommended to edit this file directly.
$data merge entity $(bone_head_lower) { transformation: [-0.6195513188748156f,0.4091197247038368f,0.6699083624935077f,-1.0528016757812666f,0.7097772891813338f,0.6564477345087252f,0.25552411162307087f,0.745890337401063f,-0.33521987268488995f,0.6337960418909375f,-0.6970869488381681f,0.35109181314933746f,0f,0f,0f,1f], start_interpolation: 0, interpolation_duration: 1 }
$data merge entity $(bone_head_upper) { transformation: [-0.6448907096704127f,0.5241199426790005f,0.6268063503590717f,-0.9980225150729956f,0.7388068845683132f,0.7150723890718326f,0.16219681958987994f,0.773357867098357f,-0.348930225802755f,0.5453821656937181f,-0.8150324738609959f,0.3070437160710009f,0f,0f,0f,1f], start_interpolation: 0, interpolation_duration: 1 }
$data merge entity $(bone_neck_0) { transformation: [-0.5259987775869273f,0.6526269684892801f,0.5453469776000874f,-0.97318275299493f,0.5495675191869783f,0.7501855933028375f,-0.3676916064523909f,0.7372277406214535f,-0.6490769044048083f,0.10629965005286574f,-0.753259289067788f,0.2568208484212446f,0f,0f,0f,1f], start_interpolation: 0, interpolation_duration: 1 }
$data merge entity $(bone_neck_1) { transformation: [-0.4016024839649027f,0.5659297084643535f,0.7200270897339013f,-0.9095798407132341f,0.37271998944341794f,0.8191587781674685f,-0.4359572291182687f,0.7040702034726742f,-0.8365376586517301f,0.09328698316824188f,-0.5399095150382603f,0.21151318765570226f,0f,0f,0f,1f], start_interpolation: 0, interpolation_duration: 1 }
$data merge entity $(bone_neck_2) { transformation: [-0.016541131796301817f,0.5131770219403347f,0.8581233798885487f,-0.8293774729292134f,0.2176935973929693f,0.8395004494527718f,-0.4978438440140661f,0.6686745829961355f,-0.9758769843648352f,0.1785730649371377f,-0.12560163958305484f,0.20225788392982996f,0f,0f,0f,1f], start_interpolation: 0, interpolation_duration: 1 }
$data merge entity $(bone_body_0) { transformation: [0.20999977011272086f,0.3750217593106806f,0.9029168159892283f,-0.40026361245691666f,0.12088445273644763f,0.9064642243360235f,-0.404610379359577f,0.4866184333099704f,-0.9701994875484183f,0.1941166918181257f,0.14502297858743962f,0.27245587403735294f,0f,0f,0f,1f], start_interpolation: 0, interpolation_duration: 1 }
$data merge entity $(bone_leg_left_3) { transformation: [0.3183485663710176f,-0.027577112176267127f,0.9475725266033913f,-0.5476923887920653f,0.0036401889701467606f,0.9996049714735522f,0.027868441463760746f,0.03852605567766332f,-0.9479667395609294f,-0.005422535327227002f,0.3183231955055198f,0.6722038604412117f,0f,0f,0f,1f], start_interpolation: 0, interpolation_duration: 1 }
$data merge entity $(bone_leg_left_2) { transformation: [0.5064399181902682f,0.31246818365473755f,0.8354306930964635f,-0.44825227855198563f,-0.41318241522209775f,0.9335944309900003f,-0.09871134522629402f,0.25245393708834f,-0.790481562413294f,-0.2877972760966648f,0.5868337301627026f,0.6220281880830281f,0f,0f,0f,1f], start_interpolation: 0, interpolation_duration: 1 }
$data merge entity $(bone_leg_left_1) { transformation: [0.6741470076298677f,-0.7003587088760515f,0.23457086563587742f,-0.6643846716153659f,-0.05078994803114907f,0.27287995839575174f,0.9607064637468226f,0.2766461396566313f,-0.736848826614176f,-0.6595712298208606f,0.1483900249676816f,0.44964805099247784f,0f,0f,0f,1f], start_interpolation: 0, interpolation_duration: 1 }
$data merge entity $(bone_leg_left_0) { transformation: [0.6514969901713547f,0.6595883983490652f,0.3748263818903099f,-0.36016882023354146f,-0.051014995085196746f,0.5310400771353597f,-0.8458096161386015f,0.5480721213683603f,-0.7569340407684957f,0.5319206531423517f,0.37961991081408136f,0.539580974798551f,0f,0f,0f,1f], start_interpolation: 0, interpolation_duration: 1 }
$data merge entity $(bone_leg_right_3) { transformation: [0.9958981416486148f,0.0027610625605144212f,0.09043930558320817f,-0.1431663765335058f,-0.0005405202323857036f,0.9996980115321014f,-0.024568141497516127f,0.03994674002746773f,-0.09047982813154687f,0.024418482186665702f,0.9955988843048111f,0.018696313203357323f,0f,0f,0f,1f], start_interpolation: 0, interpolation_duration: 1 }
$data merge entity $(bone_leg_right_2) { transformation: [0.9912393270409718f,-0.0662340293009522f,0.2551859114265845f,-0.1522568320889677f,0.15497598507253627f,0.9495495295257735f,-0.3555282471602988f,0.25005751500322043f,-0.21328206694153365f,0.38213995321169675f,0.9276540387349173f,0.1367721275045868f,0f,0f,0f,1f], start_interpolation: 0, interpolation_duration: 1 }
$data merge entity $(bone_leg_right_1) { transformation: [0.7916249557397236f,-0.44505335927263096f,0.4186375960783114f,-0.27960118433171866f,-0.22267436119647532f,0.42789952884081456f,0.8759669640366308f,0.31541174315790216f,-0.5689868700733101f,-0.7866571684145237f,0.2396339731052798f,-0.10097905855753506f,0f,0f,0f,1f], start_interpolation: 0, interpolation_duration: 1 }
$data merge entity $(bone_leg_right_0) { transformation: [0.7714501383767247f,0.6237682368641962f,0.1256099943390825f,-0.13461578766889332f,-0.13049355059760392f,0.34831338071804574f,-0.9282506245972564f,0.5429095181755061f,-0.6227648972533395f,0.6997077786419827f,0.35010413773181737f,0.2176606685340753f,0f,0f,0f,1f], start_interpolation: 0, interpolation_duration: 1 }
$data merge entity $(bone_tail_4) { transformation: [2.7255093789285763f,0.2797393348795261f,-0.34497226191901753f,0.11829745328283274f,-0.2515897671879103f,2.739989309337974f,0.23414206234665713f,0.08116387468911972f,0.36600894253924515f,-0.1996642703008558f,2.729804565302529f,1.9125161419941525f,0f,0f,0f,1f], start_interpolation: 0, interpolation_duration: 1 }
$data merge entity $(bone_tail_3) { transformation: [2.0728836507245494f,0.16256349360324512f,-0.11257000999739672f,0.13579435564425038f,-0.17287545380930636f,2.0653731315261354f,-0.2007322372828944f,0.09498934670573177f,0.0959842386724652f,0.20917089702412603f,2.0695362011351803f,1.5595523787463674f,0f,0f,0f,1f], start_interpolation: 0, interpolation_duration: 1 }
$data merge entity $(bone_tail_2) { transformation: [1.9453376352340566f,0.12607910659725247f,-0.13615953446006718f,0.16257458678171f,-0.162238303334517f,1.851570929880903f,-0.6034382317635187f,0.2074878163497815f,0.09007825972942021f,0.6120155435137111f,1.8536711565497563f,1.2151711981962223f,0f,0f,0f,1f], start_interpolation: 0, interpolation_duration: 1 }
$data merge entity $(bone_tail_1) { transformation: [1.5062751536395094f,0.09972672319276757f,0.09405313503283722f,0.13967729235154544f,-0.067386787361051f,1.4423783538404058f,-0.4501776929855571f,0.28679382736430703f,-0.1193751750466922f,0.44413456863193507f,1.4408852496048032f,0.8997937298767966f,0f,0f,0f,1f], start_interpolation: 0, interpolation_duration: 1 }
$data merge entity $(bone_tail_0) { transformation: [1.2205635852569634f,0.15448884982969563f,0.3466892646261087f,0.04209472256372365f,-0.006823522082815086f,1.1762847347042844f,-0.5001433584804303f,0.4613331871412225f,-0.37949135757626873f,0.47573431110652153f,1.1240546656390655f,0.5827991474892571f,0f,0f,0f,1f], start_interpolation: 0, interpolation_duration: 1 }
$data merge entity $(bone_body_1) { transformation: [0.7093897699468279f,0.22519365480930606f,0.9872479765411846f,-0.20259499357768115f,-0.016236970302120967f,1.2077807630648325f,-0.26383059758524746f,0.44131750000000003f,-1.0124757331148455f,0.13841257623643832f,0.6959450004485971f,0.41167861426797864f,0f,0f,0f,1f], start_interpolation: 0, interpolation_duration: 1 }