# This file was generated by Animated Java via MC-Build. It is not recommended to edit this file directly.
$data merge entity $(bone_head_lower) { transformation: [-0.6904693125721735f,0.37743714747369805f,0.6170845388624054f,-1.0710456259112826f,0.6525884525667858f,0.6930438724966516f,0.30629806132480436f,0.6850025787849215f,-0.3120583919278537f,0.6141916561642329f,-0.7248366502362025f,0.34649541727424016f,0f,0f,0f,1f], start_interpolation: 0, interpolation_duration: 1 }
$data merge entity $(bone_head_upper) { transformation: [-0.7187092197608286f,0.4489089285771874f,0.6044913348080097f,-1.0195165624032991f,0.6792790483649122f,0.7470805743245895f,0.2528290578687678f,0.7194183124125604f,-0.32482145013337294f,0.5690547705573081f,-0.8087889936335244f,0.3034167754124256f,0f,0f,0f,1f], start_interpolation: 0, interpolation_duration: 1 }
$data merge entity $(bone_neck_0) { transformation: [-0.5788066296240115f,0.5734766595231736f,0.5797477093403939f,-0.9911505630509946f,0.5040517394171382f,0.8104636899611051f,-0.29846348393930444f,0.686800886896226f,-0.6410263095176745f,0.1194701981113779f,-0.7581636645668128f,0.25266039760895814f,0f,0f,0f,1f], start_interpolation: 0, interpolation_duration: 1 }
$data merge entity $(bone_neck_1) { transformation: [-0.44021119475081383f,0.48288493958684553f,0.7569915713772968f,-0.9247988508849041f,0.3395835200321019f,0.8699907424883725f,-0.3574900570745116f,0.6605247256068169f,-0.8312022238532977f,0.09969073730662723f,-0.5469594317283442f,0.20678501766445545f,0f,0f,0f,1f], start_interpolation: 0, interpolation_duration: 1 }
$data merge entity $(bone_neck_2) { transformation: [-0.038204835419498234f,0.4366870741851898f,0.8988018634772332f,-0.8417816272446279f,0.21791404275251078f,0.8814516233684081f,-0.41899463675858073f,0.6324476152670309f,-0.9752199036739486f,0.17985392656480015f,-0.12883595995449998f,0.19725890365251508f,0f,0f,0f,1f], start_interpolation: 0, interpolation_duration: 1 }
$data merge entity $(bone_body_0) { transformation: [0.2087550247072641f,0.3029360321384461f,0.9298661732161696f,-0.40065334242983786f,0.13104510760901383f,0.9335749963716861f,-0.3335639457755414f,0.48413364729700065f,-0.9691483474841255f,0.19148756247292048f,0.15519018650342492f,0.2722236149803875f,0f,0f,0f,1f], start_interpolation: 0, interpolation_duration: 1 }
$data merge entity $(bone_leg_left_3) { transformation: [0.3179636908046558f,-0.034843539791762454f,0.94746241037028f,-0.5438514906222285f,-0.0014230691074015936f,0.9993057960782882f,0.037227688602092024f,0.03914905042313471f,-0.9481018226984885f,-0.013185357754669808f,0.31769337439846734f,0.6749286358391927f,0f,0f,0f,1f], start_interpolation: 0, interpolation_duration: 1 }
$data merge entity $(bone_leg_left_2) { transformation: [0.511151269121044f,0.30101716528644074f,0.8367647493648115f,-0.4470320587360399f,-0.41443031757963716f,0.9345663544073392f,-0.08303878961853571f,0.2537859019703387f,-0.7867871957826215f,-0.2967096137865875f,0.5873597816839583f,0.6226974992140448f,0f,0f,0f,1f], start_interpolation: 0, interpolation_duration: 1 }
$data merge entity $(bone_leg_left_1) { transformation: [0.6744656744911253f,-0.703841105516509f,0.22294338321315949f,-0.6635001785268043f,-0.04954084837032003f,0.2581410029615078f,0.9648362176726037f,0.27373008767742435f,-0.7366422186353292f,-0.6617937146689482f,0.13923836019105723f,0.4501948376969012f,0f,0f,0f,1f], start_interpolation: 0, interpolation_duration: 1 }
$data merge entity $(bone_leg_left_0) { transformation: [0.6518175031889594f,0.6561371349823226f,0.38028673738864444f,-0.3610466445221661f,-0.04999224442413017f,0.5375334781286183f,-0.8417591908547173f,0.5474947806937074f,-0.7567263164671548f,0.5296619865424925f,0.38317549762205777f,0.5389756418735845f,0f,0f,0f,1f], start_interpolation: 0, interpolation_duration: 1 }
$data merge entity $(bone_leg_right_3) { transformation: [0.9957880176728295f,-0.0005541836636959729f,0.09168378667836025f,-0.1418709670786438f,0.003126841007697105f,0.9996053024493027f,-0.027918849914557342f,0.03967182120286625f,-0.09163212714178737f,0.028087936836048988f,0.9953967154254455f,0.016945486087448572f,0f,0f,0f,1f], start_interpolation: 0, interpolation_duration: 1 }
$data merge entity $(bone_leg_right_2) { transformation: [0.9905562764600935f,-0.06840183939716957f,0.2572579464920227f,-0.15140164118573593f,0.159845559976774f,0.9454930497946676f,-0.36408033350674807f,0.24856518431624086f,-0.21286112755014724f,0.39169666919410595f,0.9237564934662258f,0.13712785236580027f,0f,0f,0f,1f], start_interpolation: 0, interpolation_duration: 1 }
$data merge entity $(bone_leg_right_1) { transformation: [0.7932073650872543f,-0.4467441574693364f,0.413813646148055f,-0.27891797157543763f,-0.21952221894469137f,0.424082172804906f,0.8786149930991787f,0.312804691480007f,-0.5680071050268065f,-0.78776517343437f,0.23831483412281176f,-0.10083486921694373f,0f,0f,0f,1f], start_interpolation: 0, interpolation_duration: 1 }
$data merge entity $(bone_leg_right_0) { transformation: [0.7724539964944981f,0.6213078609518226f,0.13149663577121723f,-0.13549453209216747f,-0.12766353413246107f,0.3547470176101416f,-0.9262054715609923f,0.5423329712620437f,-0.6221067797030404f,0.6986637928332771f,0.3533441088108474f,0.21705467819149316f,0f,0f,0f,1f], start_interpolation: 0, interpolation_duration: 1 }
$data merge entity $(bone_tail_4) { transformation: [2.7249991965253364f,0.26512654752128706f,-0.3602063635413835f,0.11546998897949003f,-0.23754789170818902f,2.742303195473174f,0.22137189262102316f,0.0811463894208502f,0.37896135644846285f,-0.1874631417027411f,2.7289021954664614f,1.9118003958518714f,0f,0f,0f,1f], start_interpolation: 0, interpolation_duration: 1 }
$data merge entity $(bone_tail_3) { transformation: [2.07331962343374f,0.14971728798992284f,-0.12196720381298792f,0.13468601835395222f,-0.1614744811795248f,2.065419291999973f,-0.20955826446737888f,0.0964679777733415f,0.105911552990312f,0.21811329156133333f,2.06812834733048f,1.5589878442324567f,0f,0f,0f,1f], start_interpolation: 0, interpolation_duration: 1 }
$data merge entity $(bone_tail_2) { transformation: [1.9457467822302357f,0.11240033094687764f,-0.14216012115389345f,0.1625787930892246f,-0.15153884071526422f,1.8498204635348594f,-0.6115342242631471f,0.2104789698759299f,0.09939473928800761f,0.6199228123673847f,1.8505648509336698f,1.21519288969343f,0f,0f,0f,1f], start_interpolation: 0, interpolation_duration: 1 }
$data merge entity $(bone_tail_1) { transformation: [1.507253425706399f,0.08895906492208444f,0.08904855677950235f,0.14088911694807518f,-0.057872415669866215f,1.4400085689093542f,-0.45900147600216756f,0.29170363895775353f,-0.11177720787735808f,0.4540020443079772f,1.438417272408573f,0.900218623950547f,0f,0f,0f,1f], start_interpolation: 0, interpolation_duration: 1 }
$data merge entity $(bone_tail_0) { transformation: [1.2205349237846672f,0.14554633736197362f,0.35063724857250683f,0.04193705573589779f,0.0012009927594869424f,1.1790647549041313f,-0.4935996129893949f,0.46439785105098663f,-0.3796429559762371f,0.4716548356662987f,1.1257213947306186f,0.5826385395747471f,0f,0f,0f,1f], start_interpolation: 0, interpolation_duration: 1 }
$data merge entity $(bone_body_1) { transformation: [0.7093868760194002f,0.21504345100297825f,0.9895105706198472f,-0.20259499357768115f,-0.01623447383349948f,1.2104261990522964f,-0.2514149032245507f,0.44131750000000003f,-1.0124778007675206f,0.1312605267580107f,0.6973263024756947f,0.41167861426797864f,0f,0f,0f,1f], start_interpolation: 0, interpolation_duration: 1 }