# This file was generated by Animated Java via MC-Build. It is not recommended to edit this file directly.
$data merge entity $(bone_head_lower) { transformation: [-0.9398158859401298f,0.12627389933981478f,0.31749173671150355f,-1.0830245047495137f,0.26414699114410645f,0.8579116717441538f,0.4406970961495732f,0.37071700502679467f,-0.21673132584858096f,0.4980386188145144f,-0.8396338884092558f,0.3247824733819905f,0f,0f,0f,1f], start_interpolation: 0, interpolation_duration: 1 }
$data merge entity $(bone_head_upper) { transformation: [-0.9782539640851287f,0.07043329224844742f,0.3486119270453652f,-1.0577142339740415f,0.2749504930206541f,0.7969444548888452f,0.6105355884738637f,0.4307862495980825f,-0.22559554677106883f,0.6658758365855248f,-0.767585801140235f,0.2867491650627823f,0f,0f,0f,1f], start_interpolation: 0, interpolation_duration: 1 }
$data merge entity $(bone_neck_0) { transformation: [-0.7675590711021139f,0.1219554093922458f,0.6292693783180849f,-1.0187560435278886f,0.19745464629145465f,0.9789784012091517f,0.05111704827050632f,0.4181371162150092f,-0.6098071293669631f,0.16348751660583283f,-0.7755044144860047f,0.2341469305464104f,0f,0f,0f,1f], start_interpolation: 0, interpolation_duration: 1 }
$data merge entity $(bone_neck_1) { transformation: [-0.5760671252071461f,0.021043729042468144f,0.8171314635501198f,-0.9494373378855019f,0.10752602280484047f,0.9929324098070411f,0.05023329547774844f,0.42696685114940747f,-0.8102992173730311f,0.11680064649979055f,-0.5742584673314655f,0.1860377871993953f,0f,0f,0f,1f], start_interpolation: 0, interpolation_duration: 1 }
$data merge entity $(bone_neck_2) { transformation: [-0.1403024826728345f,0.012747539898850413f,0.990026622663434f,-0.8625787741576929f,0.17307716474482723f,0.9848370129953551f,0.011847062010411039f,0.4376469125148423f,-0.9748638409540742f,0.1730131730849238f,-0.14038138601451144f,0.17543323202186356f,0f,0f,0f,1f], start_interpolation: 0, interpolation_duration: 1 }
$data merge entity $(bone_body_0) { transformation: [0.18770934408489182f,-0.08660415803630638f,0.9783991628952069f,-0.4022879305425361f,0.18059532400728584f,0.9821665377791992f,0.05228977924531927f,0.47164725336700813f,-0.9654794306922974f,0.1668790336670345f,0.20000214256960763f,0.27128322320135556f,0f,0f,0f,1f], start_interpolation: 0, interpolation_duration: 1 }
$data merge entity $(bone_leg_left_3) { transformation: [0.3170634758708266f,-0.07113044613440468f,0.9457331610456671f,-0.5250280342498022f,-0.026818264138334325f,0.996112341647525f,0.08391056861975169f,0.043173084619055f,-0.9480250698042307f,-0.05196789826618063f,0.31392324630788226f,0.6882489197895869f,0f,0f,0f,1f], start_interpolation: 0, interpolation_duration: 1 }
$data merge entity $(bone_leg_left_2) { transformation: [0.5350031486232056f,0.24365526886879055f,0.8405152826786836f,-0.44142666556641863f,-0.4193056171234199f,0.9360689672579087f,-0.004459538782668276f,0.2605810804238949f,-0.7681253998617014f,-0.3412758385674024f,0.587857441560547f,0.6256737922994785f,0f,0f,0f,1f], start_interpolation: 0, interpolation_duration: 1 }
$data merge entity $(bone_leg_left_1) { transformation: [0.6759090579371816f,-0.7184881212210473f,0.1640785332172392f,-0.6587806967877121f,-0.04323971798436273f,0.18359027931790406f,0.982051391796074f,0.2592336449986785f,-0.7357154831775016f,-0.6708721405783837f,0.09302310900347566f,0.4531374332634961f,0f,0f,0f,1f], start_interpolation: 0, interpolation_duration: 1 }
$data merge entity $(bone_leg_left_0) { transformation: [0.6532908208575435f,0.6382725405037663f,0.4072091200134702f,-0.36536172245248977f,-0.044822239565862114f,0.5695109808848101f,-0.8207607504577213f,0.5444454861234622f,-0.7557791147045394f,0.5179434396635305f,0.4006651009083937f,0.5360035285421463f,0f,0f,0f,1f], start_interpolation: 0, interpolation_duration: 1 }
$data merge entity $(bone_leg_right_3) { transformation: [0.9950821669615697f,-0.018320183906504445f,0.09734398726525592f,-0.1340362390430947f,0.022769102474381214f,0.9987368925466641f,-0.04479048379671097f,0.03519806944807724f,-0.09640046144898712f,0.046786646896995854f,0.9942424054045156f,0.011267158198285637f,0f,0f,0f,1f], start_interpolation: 0, interpolation_duration: 1 }
$data merge entity $(bone_leg_right_2) { transformation: [0.9867701843282871f,-0.08057838803484696f,0.2680558266539225f,-0.14606567243482485f,0.18475043921948825f,0.9254116023681138f,-0.4019239242834141f,0.23820230297294742f,-0.21027143892982328f,0.43495136404531387f,0.9048013220515294f,0.14094231375735744f,0f,0f,0f,1f], start_interpolation: 0, interpolation_duration: 1 }
$data merge entity $(bone_leg_right_1) { transformation: [0.8012947903368655f,-0.4546503903976202f,0.38886974874665947f,-0.2742458823343207f,-0.20299479991735342f,0.40481686634854075f,0.8915808521532195f,0.2968495217506573f,-0.5627786156078715f,-0.7933576288352173f,0.23208598101446923f,-0.0981052195483142f,0f,0f,0f,1f], start_interpolation: 0, interpolation_duration: 1 }
$data merge entity $(bone_leg_right_0) { transformation: [0.7771098965853301f,0.6069991961198163f,0.1662894600960449f,-0.13981421074389522f,-0.11334082333751938f,0.3948725974756863f,-0.9117178782540013f,0.5392876454772292f,-0.6190751702291981f,0.6896576017653262f,0.37565719204214376f,0.21407927782751085f,0f,0f,0f,1f], start_interpolation: 0, interpolation_duration: 1 }
$data merge entity $(bone_tail_4) { transformation: [2.72081151727721f,0.1886022950030309f,-0.4327530397019452f,0.10254940767654169f,-0.16627356653609113f,2.7521420947215938f,0.15404000497535125f,0.08021160661885214f,0.4418134449324185f,-0.12571553754818018f,2.722986928924911f,1.907026478383964f,0f,0f,0f,1f], start_interpolation: 0, interpolation_duration: 1 }
$data merge entity $(bone_tail_3) { transformation: [2.073995939893164f,0.08339113713864076f,-0.16592855570346188f,0.12986871123457214f,-0.10346409441404213f,2.063909194373445f,-0.2559678585140777f,0.10341732458640662f,0.15421267301423217f,0.2631924802723762f,2.0598285598210166f,1.555180128763167f,0f,0f,0f,1f], start_interpolation: 0, interpolation_duration: 1 }
$data merge entity $(bone_tail_2) { transformation: [1.946381484453579f,0.04270121738418433f,-0.16896626294312675f,0.16272857340221095f,-0.09709787459064267f,1.8390100698372536f,-0.6537490656130504f,0.22531364722874345f,0.1447238568068061f,0.659539569755951f,1.8338038161700594f,1.2145439592894312f,0f,0f,0f,1f], start_interpolation: 0, interpolation_duration: 1 }
$data merge entity $(bone_tail_1) { transformation: [1.510632532182667f,0.033721052900915274f,0.06714531482267931f,0.14642422988467574f,-0.009418741903437177f,1.4259477129208784f,-0.5042228250651422f,0.3163950342535797f,-0.07454455052074248f,0.5031821346261908f,1.4243971003132132f,0.9019499313251683f,0f,0f,0f,1f], start_interpolation: 0, interpolation_duration: 1 }
$data merge entity $(bone_tail_0) { transformation: [1.2193800624461124f,0.1006424760187722f,0.3698906215542007f,0.040762275433805506f,0.041283773380334975f,1.1917256534600966f,-0.46034914306927377f,0.4796782162588979f,-0.38110842282534696f,0.45110616875625226f,1.1336204440400939f,0.5815656852133759f,0f,0f,0f,1f], start_interpolation: 0, interpolation_duration: 1 }
$data merge entity $(bone_body_1) { transformation: [0.7093724062308041f,0.16397310316188562f,0.9992538244980753f,-0.20259499357768115f,-0.016221991554934506f,1.221733869342633f,-0.1889650617106777f,0.44131750000000003f,-1.012488138856234f,0.09530880860020345f,0.7031277229173225f,0.41167861426797864f,0f,0f,0f,1f], start_interpolation: 0, interpolation_duration: 1 }