# This file was generated by Animated Java via MC-Build. It is not recommended to edit this file directly.
$data merge entity $(bone_head_lower) { transformation: [-0.9912626036102543f,0.007923981218102685f,0.13166495815316712f,-1.0456827923035115f,0.05953053339590918f,0.9176263413068494f,0.3929605747825146f,0.23371345710180963f,-0.11770542161437852f,0.39736520766350547f,-0.9100803950537121f,0.35068962979474977f,0f,0f,0f,1f], start_interpolation: 0, interpolation_duration: 1 }
$data merge entity $(bone_head_upper) { transformation: [-1.031804831071829f,-0.03852399267646325f,0.13178252975491747f,-1.0377833996876455f,0.061965307407412955f,0.7608839761491034f,0.7075929748809995f,0.2995977369809366f,-0.12251952431448095f,0.7092555388654372f,-0.7519424774103128f,0.31474080849409886f,0f,0f,0f,1f], start_interpolation: 0, interpolation_duration: 1 }
$data merge entity $(bone_neck_0) { transformation: [-0.8353683606016274f,-0.0745674037946266f,0.5446094053512835f,-1.0010876372160082f,0.017527259327454296f,0.9866392705519492f,0.16197451955534828f,0.294050644312249f,-0.5494110458356453f,0.14485389913995014f,-0.8229002677224839f,0.2593568123052444f,0f,0f,0f,1f], start_interpolation: 0, interpolation_duration: 1 }
$data merge entity $(bone_neck_1) { transformation: [-0.640712598322303f,-0.18508377310385446f,0.7451384859774218f,-0.9388172853183101f,-0.04167294071054255f,0.9774620046647585f,0.20695747256208774f,0.31608570382782514f,-0.7666490281501822f,0.10154814804019141f,-0.6339852058731248f,0.20611776393646633f,0f,0f,0f,1f], start_interpolation: 0, interpolation_duration: 1 }
$data merge entity $(bone_neck_2) { transformation: [-0.2246412767266096f,-0.17586865334523422f,0.9584396243693041f,-0.8565726499605344f,0.10560864581106616f,0.9733907390674301f,0.20336490116958467f,0.34343209811172165f,-0.9687017656227285f,0.14690366186142542f,-0.20009048805755966f,0.19002661516837568f,0f,0f,0f,1f], start_interpolation: 0, interpolation_duration: 1 }
$data merge entity $(bone_body_0) { transformation: [0.1284536841840857f,-0.2588547767616094f,0.9573368558492004f,-0.40784929512914103f,0.17570429080071281f,0.956002800521647f,0.23491838495312917f,0.46325537367465713f,-0.9760264613286639f,0.13803206128456325f,0.16828397678858442f,0.2706531502877346f,0f,0f,0f,1f], start_interpolation: 0, interpolation_duration: 1 }
$data merge entity $(bone_leg_left_3) { transformation: [0.2467627788472858f,-0.07859481499048014f,0.9658835261211249f,-0.517506040856543f,-0.04064249955950783f,0.9949894503786699f,0.091346487971398f,0.03989968530100149f,-0.9682232791072113f,-0.06179683399467611f,0.24233207196554446f,0.6930931762139325f,0f,0f,0f,1f], start_interpolation: 0, interpolation_duration: 1 }
$data merge entity $(bone_leg_left_2) { transformation: [0.5347700479268194f,0.21874638710412533f,0.8474864090178286f,-0.4394958189453286f,-0.4158175414585059f,0.9374117143044054f,0.02042668844856956f,0.2583951807077994f,-0.7701811264608119f,-0.3542195583454747f,0.5774181642707356f,0.6271750768002151f,0f,0f,0f,1f], start_interpolation: 0, interpolation_duration: 1 }
$data merge entity $(bone_leg_left_1) { transformation: [0.669418794661572f,-0.7280218826906202f,0.1478601219986424f,-0.6584504538663184f,-0.03713094782995606f,0.165996664463762f,0.9854270140909245f,0.25196741960363517f,-0.7419567171116501f,-0.665153550475761f,0.08408914449792104f,0.4567904020387521f,0f,0f,0f,1f], start_interpolation: 0, interpolation_duration: 1 }
$data merge entity $(bone_leg_left_0) { transformation: [0.646647961134643f,0.6292618233000107f,0.43113335767202643f,-0.3712893650915591f,-0.039547558203726005f,0.5921040877510686f,-0.8048905142369353f,0.545371429214795f,-0.7617626959890673f,0.5034305384118261f,0.407768669706056f,0.5326842410656609f,0f,0f,0f,1f], start_interpolation: 0, interpolation_duration: 1 }
$data merge entity $(bone_leg_right_3) { transformation: [0.9928842537424403f,-0.04250616271897184f,0.11123886371779484f,-0.12797101734840108f,0.04893159807683488f,0.9972487247923485f,-0.05568374636895551f,0.0271835139252303f,-0.10856591260596016f,0.060730610329086665f,0.992232450381004f,0.013777583055575138f,0f,0f,0f,1f], start_interpolation: 0, interpolation_duration: 1 }
$data merge entity $(bone_leg_right_2) { transformation: [0.9791666702952981f,-0.09708979241073047f,0.28960042039533485f,-0.14317161475241552f,0.21293415387363862f,0.9142060851788125f,-0.4134591629615215f,0.22717554351701777f,-0.21898373774696392f,0.4548219492640672f,0.8928859482435019f,0.1477298208283511f,0f,0f,0f,1f], start_interpolation: 0, interpolation_duration: 1 }
$data merge entity $(bone_leg_right_1) { transformation: [0.8041237076194965f,-0.4717934341630264f,0.3616573216802512f,-0.27450946918209684f,-0.1860134739449203f,0.37812964078600414f,0.9068720760228479f,0.27809988163329946f,-0.5646096442279543f,-0.7965104708914412f,0.21630307303660135f,-0.09137364096380299f,0f,0f,0f,1f], start_interpolation: 0, interpolation_duration: 1 }
$data merge entity $(bone_leg_right_0) { transformation: [0.7747432496511839f,0.5938284122587778f,0.2171191237872483f,-0.14911174434443045f,-0.1002130838280839f,0.45437906319455873f,-0.885153661665646f,0.5402132483882939f,-0.6242837775800272f,0.6640086473267154f,0.4115364884499999f,0.20842507841029942f,0f,0f,0f,1f], start_interpolation: 0, interpolation_duration: 1 }
$data merge entity $(bone_tail_4) { transformation: [2.699546958203671f,0.15980797449285075f,-0.5590786736603358f,0.08619774238244951f,-0.14314672475337836f,2.756054854094678f,0.09660221536561789f,0.07824604982713904f,0.5635748106912589f,-0.0654552068949212f,2.702547017212587f,1.8893557475708223f,0f,0f,0f,1f], start_interpolation: 0, interpolation_duration: 1 }
$data merge entity $(bone_tail_3) { transformation: [2.065442654167768f,0.04618850005454417f,-0.2603051879075055f,0.12988389216650162f,-0.08310420739076692f,2.0597692337385634f,-0.2939216230603828f,0.10792783647843868f,0.25096983703784553f,0.30193186690246643f,2.0449442082097082f,1.5396541386340064f,0f,0f,0f,1f], start_interpolation: 0, interpolation_duration: 1 }
$data merge entity $(bone_tail_2) { transformation: [1.9427592936397364f,-0.0369910463528579f,-0.2075858002584211f,0.1699014005555393f,-0.042980503339841616f,1.813996671960993f,-0.7254947452944599f,0.24319558908054123f,0.2064288698604491f,0.7258247802375859f,1.8025924068085868f,1.2048815022112391f,0f,0f,0f,1f], start_interpolation: 0, interpolation_duration: 1 }
$data merge entity $(bone_tail_1) { transformation: [1.5113581142054295f,-0.02897379384227936f,0.05112161867344387f,0.15781086420589993f,0.04592447291156747f,1.4033153569676613f,-0.5623639405994317f,0.34701207930514844f,-0.036658469869903385f,0.5634915954733587f,1.4031356414893346f,0.8960892868186708f,0f,0f,0f,1f], start_interpolation: 0, interpolation_duration: 1 }
$data merge entity $(bone_tail_0) { transformation: [1.2081103183101414f,0.04636698860006142f,0.41491598877936553f,0.037681686770229955f,0.09862422050001424f,1.2026614784466367f,-0.4215617961525246f,0.49922459797696356f,-0.4056826820402386f,0.43045462851819793f,1.1331222753365704f,0.5753522587271315f,0f,0f,0f,1f], start_interpolation: 0, interpolation_duration: 1 }
$data merge entity $(bone_body_1) { transformation: [0.6987737184334454f,0.11272475518621271f,1.0137124913165245f,-0.20558507982311092f,-0.016223061460310634f,1.2298664697776578f,-0.12557815833076674f,0.44557952623906705f,-1.019831700703504f,0.057673140551738236f,0.6965785714155641f,0.4095228030912638f,0f,0f,0f,1f], start_interpolation: 0, interpolation_duration: 1 }