# This file was generated by Animated Java via MC-Build. It is not recommended to edit this file directly.
$data merge entity $(bone_head_lower) { transformation: [-0.9991716172366705f,-0.00438472619369268f,0.04045804598423597f,-1.0310385349236668f,0.01008912178546903f,0.9364501268200305f,0.3506556282171249f,0.19733443396078726f,-0.039424471210837475f,0.35077333729198235f,-0.9356301496396913f,0.37914673840257507f,0f,0f,0f,1f], start_interpolation: 0, interpolation_duration: 1 }
$data merge entity $(bone_head_upper) { transformation: [-1.0400373200601432f,-0.02127330869772562f,0.036630066921497194f,-1.0293138984652883f,0.01050176266269397f,0.7425186735351121f,0.729402272423209f,0.2642938255835804f,-0.041036915656497724f,0.7291676133593811f,-0.7416889548622744f,0.3443771828346832f,0f,0f,0f,1f], start_interpolation: 0, interpolation_duration: 1 }
$data merge entity $(bone_neck_0) { transformation: [-0.8704911515618854f,-0.11571593018203152f,0.47838789549336413f,-0.9962208761978114f,-0.044282228130806914f,0.9864408778250869f,0.15802999344252033f,0.25851486493702913f,-0.4901879632592315f,0.11637962904984292f,-0.8638122149043665f,0.28679079776540856f,0f,0f,0f,1f], start_interpolation: 0, interpolation_duration: 1 }
$data merge entity $(bone_neck_1) { transformation: [-0.6807148960497822f,-0.2358510596730281f,0.6935427225103326f,-0.9385552412034845f,-0.1018475670707486f,0.9680290311920446f,0.22923103596843258f,0.2823933310839753f,-0.725433872505071f,0.0854053418733348f,-0.6829726379598201f,0.22932750304868132f,0f,0f,0f,1f], start_interpolation: 0, interpolation_duration: 1 }
$data merge entity $(bone_neck_2) { transformation: [-0.2749300758763583f,-0.22391678405561694f,0.9350265917057173f,-0.8588321843345204f,0.06302100351366655f,0.966214468663376f,0.2499158931754449f,0.3137476812276005f,-0.9593965845753f,0.12763570959469062f,-0.25152995674771933f,0.208541225732156f,0f,0f,0f,1f], start_interpolation: 0, interpolation_duration: 1 }
$data merge entity $(bone_body_0) { transformation: [0.08635674890994421f,-0.3092245860892412f,0.9470600124995472f,-0.4154321026317632f,0.15640822181299327f,0.943031172161864f,0.29364719729688915f,0.4611260548404414f,-0.983910046735474f,0.12276955522016908f,0.1298023737997095f,0.27088613122047345f,0f,0f,0f,1f], start_interpolation: 0, interpolation_duration: 1 }
$data merge entity $(bone_leg_left_3) { transformation: [0.18768943827820173f,-0.07042892675743356f,0.9797001791541174f,-0.5254765824549197f,-0.043126265653878504f,0.9958732453967168f,0.07985364308383916f,0.035822017736349826f,-0.9812812033100218f,-0.05723849560222662f,0.18387755341974077f,0.6917473738308766f,0f,0f,0f,1f], start_interpolation: 0, interpolation_duration: 1 }
$data merge entity $(bone_leg_left_2) { transformation: [0.5348410409596884f,0.22139570202917447f,0.8467533309818515f,-0.44687135433912284f,-0.4109326947172638f,0.9396830464205094f,0.013866945697342644f,0.2546518101737779f,-0.7727493648125888f,-0.3464706551694878f,0.5786870516858492f,0.6276707624920168f,0f,0f,0f,1f], start_interpolation: 0, interpolation_duration: 1 }
$data merge entity $(bone_leg_left_1) { transformation: [0.6720228375003944f,-0.7242518653715672f,0.1544167781807536f,-0.6652013949646676f,-0.033541674925997134f,0.17853827711956444f,0.9833610932136454f,0.25166929938574945f,-0.7397704116285522f,-0.6660205095257824f,0.09568917895948137f,0.4563917980812845f,0f,0f,0f,1f], start_interpolation: 0, interpolation_duration: 1 }
$data merge entity $(bone_leg_left_0) { transformation: [0.6493419819104446f,0.6209327552616439f,0.43908712571857506f,-0.38164480647705235f,-0.03633990705375323f,0.602043662188168f,-0.7976357815283763f,0.5487583000147725f,-0.7596278047069768f,0.5019820138832095f,0.41349686341472613f,0.531498824350247f,0f,0f,0f,1f], start_interpolation: 0, interpolation_duration: 1 }
$data merge entity $(bone_leg_right_3) { transformation: [0.9918997941064503f,-0.06161137917134733f,0.1110803151246251f,-0.12351653914594127f,0.06805776129091091f,0.9961529061938932f,-0.05520442563355138f,0.02279049299378083f,-0.10725175793268352f,0.062317135990555494f,0.9922769950887123f,0.024330521901660657f,0f,0f,0f,1f], start_interpolation: 0, interpolation_duration: 1 }
$data merge entity $(bone_leg_right_2) { transformation: [0.9751833944067942f,-0.11507999348518409f,0.2963716279831576f,-0.142695186088507f,0.23196078919772528f,0.9114246768561962f,-0.40934270506879883f,0.22223187982215048f,-0.21742524933573296f,0.4562059326858029f,0.892560702380665f,0.1585928948415305f,0f,0f,0f,1f], start_interpolation: 0, interpolation_duration: 1 }
$data merge entity $(bone_leg_right_1) { transformation: [0.8111725780044997f,-0.4759609249455286f,0.33979441816859024f,-0.2738653084540756f,-0.17719002965645914f,0.35369305884167485f,0.9184252356711259f,0.26608055041160505f,-0.55731745180272f,-0.8052095491561293f,0.2025705799564848f,-0.08200028616305441f,0f,0f,0f,1f], start_interpolation: 0, interpolation_duration: 1 }
$data merge entity $(bone_leg_right_0) { transformation: [0.7787779404961561f,0.5758073026670616f,0.24889931617392702f,-0.15859949941433765f,-0.094831812513343f,0.5002861918916938f,-0.8606512961344691f,0.5435981914953388f,-0.6200901924171998f,0.6466526706028441f,0.4442167003504146f,0.20783592744419596f,0f,0f,0f,1f], start_interpolation: 0, interpolation_duration: 1 }
$data merge entity $(bone_tail_4) { transformation: [2.6613141163893768f,0.1931448806080201f,-0.7111705566188369f,0.048880286586993046f,-0.1827842915058755f,2.754657802872718f,0.06412194204128929f,0.06811478673652953f,0.7139036407564588f,-0.014723306943925077f,2.6675430919757055f,1.8732941623651176f,0f,0f,0f,1f], start_interpolation: 0, interpolation_duration: 1 }
$data merge entity $(bone_tail_3) { transformation: [2.045297183876434f,0.05122349916319224f,-0.38740303148665456f,0.114068262433078f,-0.11204973578706896f,2.0545183996454686f,-0.3199133136846854f,0.10225518715130286f,0.3743658803652108f,0.3350758491687312f,2.02077210218438f,1.52736690946449f,0f,0f,0f,1f], start_interpolation: 0, interpolation_duration: 1 }
$data merge entity $(bone_tail_2) { transformation: [1.9339013666331721f,-0.10127772892750893f,-0.2618056545615708f,0.16414327616196472f,-0.016005294753054785f,1.7798034896802242f,-0.806732448625156f,0.25263666168507315f,0.28025561488932604f,0.8005099841651934f,1.7605153877707584f,1.2004886613563581f,0f,0f,0f,1f], start_interpolation: 0, interpolation_duration: 1 }
$data merge entity $(bone_tail_1) { transformation: [1.5102479374525042f,-0.07890534472684055f,0.024111490911930173f,0.15847644021299578f,0.08184945415470071f,1.3771129956535657f,-0.6200941170956552f,0.3691620168755495f,0.010396358739250475f,0.6204756190017471f,1.3793325095673503f,0.8960770887003748f,0f,0f,0f,1f], start_interpolation: 0, interpolation_duration: 1 }
$data merge entity $(bone_tail_0) { transformation: [1.1980584637743315f,-0.0006787167813026754f,0.4455234823286508f,0.028267745102467268f,0.14781502065365693f,1.206418665559905f,-0.39565191727305554f,0.5138937343550553f,-0.42028841719927984f,0.4223615267945421f,1.1308422098754254f,0.5758110477690466f,0f,0f,0f,1f], start_interpolation: 0, interpolation_duration: 1 }
$data merge entity $(bone_body_1) { transformation: [0.7015026899254297f,0.08099244384077106f,1.014859002583283f,-0.21312817294304612f,-0.01622912427237088f,1.233181951086244f,-0.08719797071449904f,0.45110248542274056f,-1.0179563775570095f,0.03615376345657861f,0.7007583847769411f,0.4104593268360151f,0f,0f,0f,1f], start_interpolation: 0, interpolation_duration: 1 }