# This file was generated by Animated Java via MC-Build. It is not recommended to edit this file directly.
$data merge entity $(bone_head_lower) { transformation: [-0.9824464836624411f,0.014403769389850385f,-0.18598773660289603f,-0.9948421152772717f,-0.025804116640011802f,0.9769367131383808f,0.21196416226995873f,0.15873875823410558f,0.18475133099312932f,0.21304269513348922f,-0.9594163620381541f,0.5023367394879462f,0f,0f,0f,1f], start_interpolation: 0, interpolation_duration: 1 }
$data merge entity $(bone_head_upper) { transformation: [-1.0226281354915336f,0.11955686997458476f,-0.15300259450903597f,-1.0030225461612465f,-0.02685949425887302f,0.7252103462031722f,0.7462040363811627f,0.22645616728175974f,0.19230758345102708f,0.7370536284323297f,-0.7093952951249894f,0.470042938933938f,0f,0f,0f,1f], start_interpolation: 0, interpolation_duration: 1 }
$data merge entity $(bone_neck_0) { transformation: [-0.9488045188338646f,-0.1575284187347108f,0.27377871051522584f,-0.982455937342252f,-0.15149585180683117f,0.9875143238342824f,0.04317947553459392f,0.2132679761632707f,-0.277162392697424f,-0.0005074574479810301f,-0.9608229548471338f,0.4080121202144857f,0f,0f,0f,1f], start_interpolation: 0, interpolation_duration: 1 }
$data merge entity $(bone_neck_1) { transformation: [-0.7980517706759807f,-0.29656730348281407f,0.5245581052904091f,-0.9393852294952548f,-0.22646250433326437f,0.9543017909611896f,0.19499442530331984f,0.23418291235152833f,-0.5584157102482326f,0.03682290419288135f,-0.8287436082859183f,0.3379762978495633f,0f,0f,0f,1f], start_interpolation: 0, interpolation_duration: 1 }
$data merge entity $(bone_neck_2) { transformation: [-0.4469794421580442f,-0.28340889547116194f,0.8484625956728435f,-0.8678282928620685f,-0.05820286154152561f,0.9556900008782023f,0.288563769606996f,0.26882006521222146f,-0.8926487580210154f,0.07959912178684751f,-0.4436689921713044f,0.29988689176966005f,0f,0f,0f,1f], start_interpolation: 0, interpolation_duration: 1 }
$data merge entity $(bone_body_0) { transformation: [-0.0977376394277975f,-0.3808472219095431f,0.9194578551531682f,-0.43811929954305295f,0.06982038559933924f,0.918980769770061f,0.3880714606198008f,0.46047112989237826f,-0.9927600251792177f,0.10212609047941246f,-0.06322811122870453f,0.2710605987224182f,0f,0f,0f,1f], start_interpolation: 0, interpolation_duration: 1 }
$data merge entity $(bone_leg_left_3) { transformation: [-0.06017078937381393f,-0.047110419214582755f,0.9970757666835344f,-0.52198898402091f,-0.043418112883660646f,0.9980637898669772f,0.044536937815571116f,0.029127832302594053f,-0.9972433722917157f,-0.04061132548677276f,-0.06209973158117188f,0.692889036978392f,0f,0f,0f,1f], start_interpolation: 0, interpolation_duration: 1 }
$data merge entity $(bone_leg_left_2) { transformation: [0.48174577379924716f,0.20679360877124497f,0.8816005968116307f,-0.44579291688711875f,-0.39576602157918006f,0.9462552614597478f,-0.005695245721345879f,0.24890856843412557f,-0.814464526600543f,-0.3374901228655497f,0.5242233792747549f,0.6291578872567642f,0f,0f,0f,1f], start_interpolation: 0, interpolation_duration: 1 }
$data merge entity $(bone_leg_left_1) { transformation: [0.6291093584377467f,-0.7557456653049952f,0.18185132525982967f,-0.6732792155143936f,-0.02265771159062946f,0.21601931097876798f,0.9761261626397144f,0.2562754359176853f,-0.7769865141889672f,-0.6182104388126812f,0.11877630281966778f,0.4703841524637968f,0f,0f,0f,1f], start_interpolation: 0, interpolation_duration: 1 }
$data merge entity $(bone_leg_left_0) { transformation: [0.6054418099707767f,0.6271699742745455f,0.4899979980650692f,-0.3965226752645445f,-0.026597014760540338f,0.6312604597806212f,-0.7751147210080496f,0.5641354066351455f,-0.7954450411845794f,0.45625437563493526f,0.39887232439571185f,0.5245628791305543f,0f,0f,0f,1f], start_interpolation: 0, interpolation_duration: 1 }
$data merge entity $(bone_leg_right_3) { transformation: [0.9779648183424207f,-0.11603561535748186f,0.1735527298923468f,-0.12034486978529225f,0.1263657788560792f,0.9907394517270012f,-0.04966919292456118f,0.014280347065739663f,-0.16618214109395735f,0.0705058491211284f,0.9835712588425588f,0.0393729965816281f,0f,0f,0f,1f], start_interpolation: 0, interpolation_duration: 1 }
$data merge entity $(bone_leg_right_2) { transformation: [0.9450655088036406f,-0.14068855693081925f,0.372988087637036f,-0.143078319672783f,0.28914797321931685f,0.9025762290473862f,-0.39218847489753617f,0.2121005971501157f,-0.27442090509575073f,0.46650303343924543f,0.8712808308112286f,0.17546638723225252f,0f,0f,0f,1f], start_interpolation: 0, interpolation_duration: 1 }
$data merge entity $(bone_leg_right_1) { transformation: [0.7939488582984198f,-0.5372918235539306f,0.28453946430807625f,-0.2883226361957596f,-0.14480527477379235f,0.28742674122141004f,0.9467931668683117f,0.23708721400757332f,-0.5904884781300325f,-0.79290816919296f,0.15039944289373508f,-0.05967855350761875f,0f,0f,0f,1f], start_interpolation: 0, interpolation_duration: 1 }
$data merge entity $(bone_leg_right_0) { transformation: [0.7479694858576225f,0.5438413998124595f,0.3804972799849007f,-0.19273830393168867f,-0.07499668761442932f,0.6388458447385276f,-0.7656706103195948f,0.5589695149885002f,-0.6594824827641347f,0.5441622170918718f,0.518623501604884f,0.1884397616271345f,0f,0f,0f,1f], start_interpolation: 0, interpolation_duration: 1 }
$data merge entity $(bone_tail_4) { transformation: [2.5317364952378925f,0.3388108973488418f,-1.0493706809884773f,0.027053703917063396f,-0.39319679969345744f,2.732517234679181f,-0.06638652342203685f,0.04320977094994649f,1.030227123983528f,0.2102809302312357f,2.5534438186476147f,1.7663431593352452f,0f,0f,0f,1f], start_interpolation: 0, interpolation_duration: 1 }
$data merge entity $(bone_tail_3) { transformation: [1.96445117028879f,0.12309478814474953f,-0.6795033471051077f,0.14106778199349249f,-0.2673143457206487f,2.024756745458889f,-0.4060156257277722f,0.09224118280242613f,0.6367261312113608f,0.470269413097186f,1.9259730109693345f,1.4351673539283585f,0f,0f,0f,1f], start_interpolation: 0, interpolation_duration: 1 }
$data merge entity $(bone_tail_2) { transformation: [1.903938209079631f,-0.28543454152786363f,-0.3351421989427762f,0.20470992239343466f,0.055745939343056564f,1.632072739309785f,-1.0733148833643331f,0.2921976528346615f,0.436675578955569f,1.036165802903864f,1.5982642906100308f,1.1386229693470575f,0f,0f,0f,1f], start_interpolation: 0, interpolation_duration: 1 }
$data merge entity $(bone_tail_1) { transformation: [1.4959202594181331f,-0.22027994746966137f,0.036818096164082506f,0.19805061349349817f,0.20643771802732822f,1.2686742517011267f,-0.7971859015601419f,0.4480377077193115f,0.08521910606227785f,0.7934725186251569f,1.2848327969617668f,0.8523604885757337f,0f,0f,0f,1f], start_interpolation: 0, interpolation_duration: 1 }
$data merge entity $(bone_tail_0) { transformation: [1.1157619324395927f,-0.13136735412301442f,0.6096340254393708f,0.016731253781689603f,0.3030384281912038f,1.2063018368031675f,-0.2946850965840265f,0.5632617542202257f,-0.5450492984511562f,0.40176387764463195f,1.084132263822952f,0.5452471215556116f,0f,0f,0f,1f], start_interpolation: 0, interpolation_duration: 1 }
$data merge entity $(bone_body_1) { transformation: [0.6409248709929843f,-0.015781797809823046f,1.0571522310702304f,-0.22797881552024735f,-0.016247312860817188f,1.2359367562639596f,0.028301137729331117f,0.4734330247813411f,-1.0571451790665645f,-0.02856334066354475f,0.6404941849874277f,0.3982651391337241f,0f,0f,0f,1f], start_interpolation: 0, interpolation_duration: 1 }