# This file was generated by Animated Java via MC-Build. It is not recommended to edit this file directly.
$data merge entity $(bone_head_lower) { transformation: [-0.9570369371938887f,-0.07297399263487082f,-0.2806333858354466f,-0.8643120453693894f,-0.10129380124533129f,0.9909788592658259f,0.08775230092409964f,0.17408037880990657f,0.271698116805789f,0.1124086157157369f,-0.9557951854016944f,0.6562786373846333f,0f,0f,0f,1f], start_interpolation: 0, interpolation_duration: 1 }
$data merge entity $(bone_head_upper) { transformation: [-0.9961793491597284f,0.12546124705863157f,-0.27451433911127543f,-0.8807283841142223f,-0.10543667551051483f,0.7424161844229967f,0.7219233055855699f,0.2404858981895053f,0.2828104565755971f,0.7187138701714325f,-0.6978112646398096f,0.6243996896300806f,0f,0f,0f,1f], start_interpolation: 0, interpolation_duration: 1 }
$data merge entity $(bone_neck_0) { transformation: [-0.9688538678526508f,-0.20490785410244186f,0.13905018545147896f,-0.8680980388234729f,-0.20314486967776604f,0.9787788498105188f,0.026909572408366778f,0.22640414684012508f,-0.1416133633191507f,-0.0021758884921028454f,-0.9899196537288812f,0.5604707062886606f,0f,0f,0f,1f], start_interpolation: 0, interpolation_duration: 1 }
$data merge entity $(bone_neck_1) { transformation: [-0.8870534183723751f,-0.31636108846056427f,0.3362319060736668f,-0.8410722193246679f,-0.254675224076086f,0.9427828521145317f,0.2151767273674926f,0.24897572259453354f,-0.3850672190613991f,0.10524331554467424f,-0.9168680828437015f,0.48328478857751167f,0f,0f,0f,1f], start_interpolation: 0, interpolation_duration: 1 }
$data merge entity $(bone_neck_2) { transformation: [-0.6700650018622447f,-0.2818845123138037f,0.6866979066496119f,-0.7836721580212344f,-0.08473996696470602f,0.9480920018054682f,0.3064974618350381f,0.28510961223742337f,-0.7374496805058435f,0.14718246441104715f,-0.6591701532166943f,0.4269775476952045f,0f,0f,0f,1f], start_interpolation: 0, interpolation_duration: 1 }
$data merge entity $(bone_body_0) { transformation: [-0.42401946606411633f,-0.34205672375051127f,0.8385730082322994f,-0.3917143617547608f,0.014768056515399974f,0.9231972558789813f,0.3840426164428589f,0.47490206506594823f,-0.9055326592152598f,0.17522563874783076f,-0.3864020944818428f,0.24653693281488784f,0f,0f,0f,1f], start_interpolation: 0, interpolation_duration: 1 }
$data merge entity $(bone_leg_left_3) { transformation: [-0.5002595385760679f,0.0036267062185088225f,0.8658679120198786f,-0.29852809274089476f,-0.04066584956578502f,0.9987893660049466f,-0.02767834956298f,0.04308778151430537f,-0.8649200441328392f,-0.04905761263496429f,-0.49950642428281644f,0.6814266055647823f,0f,0f,0f,1f], start_interpolation: 0, interpolation_duration: 1 }
$data merge entity $(bone_leg_left_2) { transformation: [0.11539750754636012f,0.11460658338102922f,1.0127245162424525f,-0.24033671568935427f,-0.4130637091252826f,0.9369969116369121f,-0.058969138430606485f,0.2590371725822598f,-0.9317317140445773f,-0.40120358688490215f,0.1515714168797568f,0.5911453993242761f,0f,0f,0f,1f], start_interpolation: 0, interpolation_duration: 1 }
$data merge entity $(bone_leg_left_1) { transformation: [0.2661249117846148f,-0.9394472999284381f,0.21590808689069096f,-0.5123061885714051f,-0.040734378101791494f,0.21282499339853894f,0.9762408681394017f,0.2658901683636242f,-0.9630774848205576f,-0.26859689656077385f,0.018370231071755325f,0.5363820180476815f,0f,0f,0f,1f], start_interpolation: 0, interpolation_duration: 1 }
$data merge entity $(bone_leg_left_0) { transformation: [0.23745877605130994f,0.7046156049207623f,0.668677933670883f,-0.2624750975131481f,-0.047302982769801376f,0.6959377731991082f,-0.716542422788593f,0.5919688038184341f,-0.9702452048308684f,0.1385188259292394f,0.19858695165063434f,0.46178692434157187f,0f,0f,0f,1f], start_interpolation: 0, interpolation_duration: 1 }
$data merge entity $(bone_leg_right_3) { transformation: [0.8183853585176853f,-0.08097702106337873f,0.5689359603888478f,-0.17467874223695215f,0.13048030099455746f,0.9903489218769f,-0.04673225855478452f,0.015027928732553264f,-0.5596608759027641f,0.11247993152986291f,0.8210529635698224f,-0.09979286218940484f,0f,0f,0f,1f], start_interpolation: 0, interpolation_duration: 1 }
$data merge entity $(bone_leg_right_2) { transformation: [0.7784408130310579f,0.06456286453251446f,0.6647734475981992f,-0.1402924112899594f,0.3017569520435837f,0.8767658509610533f,-0.43850494179951993f,0.20538086957915927f,-0.5958480024314975f,0.5283705883303783f,0.6464146338740314f,0.04427104800696599f,0f,0f,0f,1f], start_interpolation: 0, interpolation_duration: 1 }
$data merge entity $(bone_leg_right_1) { transformation: [0.508754064187396f,-0.7893889354255884f,0.3435613639518612f,-0.3628337678701695f,-0.1066536328293412f,0.33820206062895697f,0.9350103575846802f,0.24554628380388488f,-0.8542799920266837f,-0.512332387043786f,0.08787047518310881f,-0.11658749162137216f,0f,0f,0f,1f], start_interpolation: 0, interpolation_duration: 1 }
$data merge entity $(bone_leg_right_0) { transformation: [0.43343627650844224f,0.6603726495839541f,0.6132217852359496f,-0.20386816343545364f,-0.04262036016747467f,0.6947219574970919f,-0.7180145588152118f,0.5817232844756108f,-0.9001758156636357f,0.28507782350241945f,0.3292630186362135f,0.07320776488026132f,0f,0f,0f,1f], start_interpolation: 0, interpolation_duration: 1 }
$data merge entity $(bone_tail_4) { transformation: [2.598823480110529f,0.10188489116623572f,-0.928114928108713f,0.3354583388971989f,-0.34282331707178476f,2.6573682382470403f,-0.6682271703752554f,0.09439700328998599f,0.8684756899868276f,0.7440933052432781f,2.5135107838626904f,1.472579617192362f,0f,0f,0f,1f], start_interpolation: 0, interpolation_duration: 1 }
$data merge entity $(bone_tail_3) { transformation: [2.0309501108635657f,0.05003382929507075f,-0.45681920838969287f,0.41242837498541374f,-0.18426164662670266f,1.9849003192699417f,-0.6018005435266272f,0.1770163285604368f,0.42099265885538933f,0.6273857382285634f,1.9403860035316975f,1.1374223942786972f,0f,0f,0f,1f], start_interpolation: 0, interpolation_duration: 1 }
$data merge entity $(bone_tail_2) { transformation: [1.8983572571042124f,-0.39236466642003137f,-0.24711043674366442f,0.459676031926623f,0.1793026893255014f,1.5815372366929856f,-1.133739118826256f,0.3882848703423346f,0.42762617436633804f,1.0786861510659114f,1.5723695232031802f,0.8456952167033864f,0f,0f,0f,1f], start_interpolation: 0, interpolation_duration: 1 }
$data merge entity $(bone_tail_1) { transformation: [1.4579448997449325f,-0.29570946545234117f,0.27314617213065523f,0.403119886322721f,0.3961185529828545f,1.2366678217619382f,-0.7754992202454839f,0.5396682231685823f,-0.07171479129515995f,0.8190634045423312f,1.2695071398180544f,0.5625677544530032f,0f,0f,0f,1f], start_interpolation: 0, interpolation_duration: 1 }
$data merge entity $(bone_tail_0) { transformation: [0.8585677237809126f,-0.139235419569129f,0.9366486418092423f,0.12604938474586697f,0.3606746639643543f,1.2171050848199414f,-0.14968204923661171f,0.6127797106691469f,-0.8755632284649065f,0.3648347941560398f,0.8568082180495573f,0.3209925925422916f,0f,0f,0f,1f], start_interpolation: 0, interpolation_duration: 1 }
$data merge entity $(bone_body_1) { transformation: [0.18432542896867635f,-0.10449663496734703f,1.2180760175671568f,-0.15009763688652022f,-0.032223315851486085f,1.2309996286432456f,0.11048152448249947f,0.5041777430555555f,-1.2221253574029545f,-0.048217866159161286f,0.18080166822241547f,0.28220655277216883f,0f,0f,0f,1f], start_interpolation: 0, interpolation_duration: 1 }