# This file was generated by Animated Java via MC-Build. It is not recommended to edit this file directly.
$data merge entity $(bone_head_lower) { transformation: [-0.9560216249590842f,-0.10574135173141364f,-0.27357159783977114f,-0.7594277993210656f,-0.13026295318420722f,0.988786306840481f,0.07302877811172281f,0.19882233784534173f,0.26278168817161f,0.10545333536107632f,-0.9590752725531523f,0.6898643728135861f,0f,0f,0f,1f], start_interpolation: 0, interpolation_duration: 1 }
$data merge entity $(bone_head_upper) { transformation: [-0.9951225110775671f,0.0943398845500348f,-0.29034999003490675f,-0.7776343000171425f,-0.13559065369321083f,0.7503851196862716f,0.7085261388036257f,0.26447387151981827f,0.27352934972545884f,0.7151881577039798f,-0.7050954095030418f,0.657401225239919f,0f,0f,0f,1f], start_interpolation: 0, interpolation_duration: 1 }
$data merge entity $(bone_neck_0) { transformation: [-0.9716822128198129f,-0.20428956348698651f,0.11874111141423704f,-0.7663262996401713f,-0.199494899965316f,0.9785666123560147f,0.05108003592306534f,0.251957293276286f,-0.1266312053856402f,0.025945316193285883f,-0.9916104973174752f,0.5929016077926438f,0f,0f,0f,1f], start_interpolation: 0, interpolation_duration: 1 }
$data merge entity $(bone_neck_1) { transformation: [-0.9124001495415923f,-0.29867483464093414f,0.2798558741007428f,-0.7439947916243272f,-0.2353237106996516f,0.9422308900489109f,0.23837722420605484f,0.27649171279920065f,-0.3348861273612668f,0.15163869225843268f,-0.9299768753636437f,0.5148189410032521f,0f,0f,0f,1f], start_interpolation: 0, interpolation_duration: 1 }
$data merge entity $(bone_neck_2) { transformation: [-0.744899409366614f,-0.25074430166179323f,0.6182654487430213f,-0.6922850447520305f,-0.06427087892450328f,0.9493480040547569f,0.30758351925862526f,0.3127330462648493f,-0.6640738844793863f,0.189382318027288f,-0.7232843241568768f,0.4533079808321144f,0f,0f,0f,1f], start_interpolation: 0, interpolation_duration: 1 }
$data merge entity $(bone_body_0) { transformation: [-0.5494729764645919f,-0.2910017163120508f,0.783196941540621f,-0.32593941829248424f,0.012992851165114755f,0.9342967941832548f,0.3562592962962426f,0.48953706147249554f,-0.8354104583698622f,0.2059308172234877f,-0.509589898412364f,0.21510192112006152f,0f,0f,0f,1f], start_interpolation: 0, interpolation_duration: 1 }
$data merge entity $(bone_leg_left_3) { transformation: [-0.6205881453608697f,0.029059752485809665f,0.78359803765899f,-0.13263982464409993f,-0.049471822953435954f,0.9958712097803307f,-0.07611223465596463f,0.06354822672234861f,-0.7825745284451954f,-0.08600037393014193f,-0.616588228165812f,0.6357645675644205f,0f,0f,0f,1f], start_interpolation: 0, interpolation_duration: 1 }
$data merge entity $(bone_leg_left_2) { transformation: [-0.08274302779191996f,0.06939663660361176f,1.019999949843443f,-0.08506936798256304f,-0.4404209535053776f,0.9210917955305881f,-0.098394549749192f,0.2745292950828356f,-0.9226294893216528f,-0.44591054095528887f,-0.04450634111811487f,0.5290166752550357f,0f,0f,0f,1f], start_interpolation: 0, interpolation_duration: 1 }
$data merge entity $(bone_leg_left_1) { transformation: [0.04737746583429138f,-0.9809025105861311f,0.1886415660901538f,-0.36249832000791404f,-0.06636599740037444f,0.18534519954148787f,0.9804298605183239f,0.274205190887834f,-0.996669920344832f,-0.05896966790436763f,-0.05631738760875322f,0.5358326267184733f,0f,0f,0f,1f], start_interpolation: 0, interpolation_duration: 1 }
$data merge entity $(bone_leg_left_0) { transformation: [0.01829349118420035f,0.6737307762436668f,0.7387504242451572f,-0.15598153560725503f,-0.07474809226640869f,0.7377279062222547f,-0.6709472848767337f,0.6097890642913056f,-0.9970346387577645f,-0.04294621663236993f,0.06385570917419614f,0.3978414667233941f,0f,0f,0f,1f], start_interpolation: 0, interpolation_duration: 1 }
$data merge entity $(bone_leg_right_3) { transformation: [0.6612600637629839f,-0.044483176894701326f,0.7488366811565323f,-0.19978100829801076f,0.10365657068942355f,0.9940825973055354f,-0.03248238118101743f,0.016837612596164037f,-0.7429605934537061f,0.09910114382606844f,0.6619580952502068f,-0.1757019915554225f,0f,0f,0f,1f], start_interpolation: 0, interpolation_duration: 1 }
$data merge entity $(bone_leg_right_2) { transformation: [0.6605793472736192f,0.20585329815798642f,0.7571799951753436f,-0.12942145847736272f,0.2786172763601196f,0.863742102514611f,-0.4778955881340631f,0.2029732875722478f,-0.7335322343087061f,0.5134551581996353f,0.5003563342748443f,-0.039415101810850686f,0f,0f,0f,1f], start_interpolation: 0, interpolation_duration: 1 }
$data merge entity $(bone_leg_right_1) { transformation: [0.3200570680640107f,-0.8527834894676374f,0.4127030327895223f,-0.3766101677582949f,-0.09978347051242224f,0.40285127156770945f,0.9098099318037676f,0.26217523177940644f,-0.9421288299350391f,-0.33237204017137195f,0.043841700669045094f,-0.15079848237494078f,0f,0f,0f,1f], start_interpolation: 0, interpolation_duration: 1 }
$data merge entity $(bone_leg_right_0) { transformation: [0.23702320346666328f,0.7127130506439792f,0.6601970224562917f,-0.17808004588324378f,-0.03440418386593104f,0.6852933989233556f,-0.7274539913455653f,0.5944633616967818f,-0.9708946148531878f,0.14970993565500973f,0.18695074756537586f,0.005654922793319639f,0f,0f,0f,1f], start_interpolation: 0, interpolation_duration: 1 }
$data merge entity $(bone_tail_4) { transformation: [2.597015970664133f,-0.3069288321884519f,-0.8871099546769063f,0.42224474816157587f,-0.11883615677972305f,2.4811808332709577f,-1.2063502692214476f,0.15775428851728598f,0.9311537722402543f,1.1726882348605139f,2.3202190172185215f,1.330567699760424f,0f,0f,0f,1f], start_interpolation: 0, interpolation_duration: 1 }
$data merge entity $(bone_tail_3) { transformation: [2.048954084695471f,-0.17492616735187083f,-0.3273125735894895f,0.47945665496753426f,0.04723487807655932f,1.9444614533621942f,-0.7434944846642235f,0.26479539607870756f,0.3681053533260312f,0.7241657395987552f,1.9172970444061488f,0.99837844279022f,0f,0f,0f,1f], start_interpolation: 0, interpolation_duration: 1 }
$data merge entity $(bone_tail_2) { transformation: [1.8289615241977564f,-0.5791606799027739f,-0.37181517567408934f,0.5497908875253575f,0.30406265584759457f,1.6270700357724295f,-1.0387313776974236f,0.45850529408876123f,0.6174297687396555f,0.9143248222315951f,1.612936599847631f,0.6992111733361949f,0f,0f,0f,1f], start_interpolation: 0, interpolation_duration: 1 }
$data merge entity $(bone_tail_1) { transformation: [1.4248411450048017f,-0.4240614715290577f,0.2786679562956891f,0.49364711265215394f,0.5041504632341343f,1.2773223448109943f,-0.6339843750971718f,0.578836060926481f,-0.057587081209362345f,0.6901273402866706f,1.3446427898392324f,0.4014779704614373f,0f,0f,0f,1f], start_interpolation: 0, interpolation_duration: 1 }
$data merge entity $(bone_tail_0) { transformation: [0.7719371718591449f,-0.14138581505675757f,1.0089394286015732f,0.19539967010666326f,0.320087581007309f,1.2354058932658065f,-0.0717769876285677f,0.629623509850908f,-0.9672086950451918f,0.2960034573596708f,0.7814889698800151f,0.1802518206789032f,0f,0f,0f,1f], start_interpolation: 0, interpolation_duration: 1 }
$data merge entity $(bone_body_1) { transformation: [-0.06950231146352724f,-0.11837786880898779f,1.228723200698074f,-0.08228767285305101f,-0.04820106612703874f,1.2299909520345669f,0.11577352976206191f,0.5198591666666668f,-1.2334709891123075f,-0.041394844432516856f,-0.07375893795984353f,0.2001879770872328f,0f,0f,0f,1f], start_interpolation: 0, interpolation_duration: 1 }