# This file was generated by Animated Java via MC-Build. It is not recommended to edit this file directly.
$data merge entity $(bone_head_lower) { transformation: [-0.9574065124060631f,-0.13516011438002007f,-0.25515586115791755f,-0.6179605313302836f,-0.15921392118963612f,0.9843142728946088f,0.07600223335782863f,0.22671062856171986f,0.24088108539667225f,0.1133893983436608f,-0.9639082669224202f,0.7217134099110736f,0f,0f,0f,1f], start_interpolation: 0, interpolation_duration: 1 }
$data merge entity $(bone_head_upper) { transformation: [-0.996564039844091f,0.05185494494292003f,-0.29604581023567705f,-0.6375141224457034f,-0.16572570422715843f,0.7605296075827992f,0.6910872951602229f,0.2913784113111338f,0.25073302142227727f,0.7087860913268735f,-0.7198799700599648f,0.6880802203423984f,0f,0f,0f,1f], start_interpolation: 0, interpolation_duration: 1 }
$data merge entity $(bone_neck_0) { transformation: [-0.9746791527380577f,-0.1976877667906501f,0.1044992635339952f,-0.6272332178086727f,-0.18981471255651372f,0.9785008375918888f,0.08066279023849932f,0.28077264916649486f,-0.11819866376110144f,0.05878484237707546f,-0.9912484139668483f,0.6230682440343941f,0f,0f,0f,1f], start_interpolation: 0, interpolation_duration: 1 }
$data merge entity $(bone_neck_1) { transformation: [-0.936588452707958f,-0.27127951372407566f,0.2218321340287337f,-0.6096908753194674f,-0.2097965458528374f,0.9411146853452677f,0.2651198943415909f,0.3075673816318908f,-0.28069107503148605f,0.20176861614509586f,-0.9383506519082093f,0.5445071507589659f,0f,0f,0f,1f], start_interpolation: 0, interpolation_duration: 1 }
$data merge entity $(bone_neck_2) { transformation: [-0.8184377436926523f,-0.20713780890699673f,0.5359604349394539f,-0.5647647301258393f,-0.038324009647696805f,0.9503632164815328f,0.3087734234732627f,0.34392289919518926f,-0.5733157332428643f,0.23217167114030957f,-0.7857514779725918f,0.47794253392024016f,0f,0f,0f,1f], start_interpolation: 0, interpolation_duration: 1 }
$data merge entity $(bone_body_0) { transformation: [-0.6793255559203928f,-0.22692866229135567f,0.6978683051293453f,-0.2380237940936761f,0.015267264749320067f,0.9464090885962445f,0.322609280166427f,0.5049831727330656f,-0.7336781990086139f,0.22981126876870472f,-0.6394553002723449f,0.17875888845836796f,0f,0f,0f,1f], start_interpolation: 0, interpolation_duration: 1 }
$data merge entity $(bone_leg_left_3) { transformation: [-0.7518620388919494f,0.033332396069672046f,0.6584773540870597f,0.06732905488003363f,-0.06402673895003559f,0.9903096777033038f,-0.12323684086587931f,0.08687734167556632f,-0.6562042754909971f,-0.134817260094665f,-0.7424420887907034f,0.5500001899056844f,0f,0f,0f,1f], start_interpolation: 0, interpolation_duration: 1 }
$data merge entity $(bone_leg_left_2) { transformation: [-0.30375169818028225f,-0.008857042407426763f,0.9796523149327427f,0.09506890189004197f,-0.4673124656720521f,0.9027653378084027f,-0.13673333090319206f,0.2923599803796459f,-0.8610552623268707f,-0.48682491426812546f,-0.27138079808219756f,0.4267993045797841f,0f,0f,0f,1f], start_interpolation: 0, interpolation_duration: 1 }
$data merge entity $(bone_leg_left_1) { transformation: [-0.20905791927057593f,-0.9683264185778176f,0.1365237469252658f,-0.17107231428636266f,-0.09220032096479608f,0.15850445662772572f,0.9830439654680445f,0.2851199494847893f,-0.9735470647093779f,0.19292559268641918f,-0.12241661848927182f,0.5050924758308671f,0f,0f,0f,1f], start_interpolation: 0, interpolation_duration: 1 }
$data merge entity $(bone_leg_left_0) { transformation: [-0.2366208512066618f,0.5894053059800857f,0.7724066015103419f,-0.030044597752424577f,-0.10232725277277986f,0.7754436830779213f,-0.6230700022585937f,0.6284079684815569f,-0.966198585237119f,-0.22646959985187767f,-0.12317391862208475f,0.31385493310729207f,0f,0f,0f,1f], start_interpolation: 0, interpolation_duration: 1 }
$data merge entity $(bone_leg_right_3) { transformation: [0.4302880460107574f,-0.009068399831299645f,0.9026460887771821f,-0.23192458897851f,0.07748345262213283f,0.9966300423943176f,-0.026923468700285835f,0.01978052553771742f,-0.8993600569460475f,0.08152498219319779f,0.42954064446615636f,-0.23653575037011243f,0f,0f,0f,1f], start_interpolation: 0, interpolation_duration: 1 }
$data merge entity $(bone_leg_right_2) { transformation: [0.4871973110371549f,0.36357352184122543f,0.8261448261865643f,-0.1224003807097303f,0.2517592576374764f,0.846814260004993f,-0.5211382587631791f,0.2006756197378583f,-0.8667861649868939f,0.45031333843098525f,0.31298856355967464f,-0.12055090324155521f,0f,0f,0f,1f], start_interpolation: 0, interpolation_duration: 1 }
$data merge entity $(bone_leg_right_1) { transformation: [0.07940757767225325f,-0.8720051813364611f,0.48301283661057115f,-0.3833326763335385f,-0.08904893170296635f,0.4764004887708568f,0.8747073007934993f,0.28193408480946985f,-0.9928568498886359f,-0.11247016502723763f,-0.039821321022292085f,-0.16876692355079345f,0f,0f,0f,1f], start_interpolation: 0, interpolation_duration: 1 }
$data merge entity $(bone_leg_right_0) { transformation: [-0.0074305762531174935f,0.7418651328022626f,0.6705079501906205f,-0.14577185750081792f,-0.02161793685387724f,0.6702505790779669f,-0.741819941799782f,0.6079986640553333f,-0.9997386915303059f,-0.02000714817086993f,0.011057245558477619f,-0.06127726785686881f,0f,0f,0f,1f], start_interpolation: 0, interpolation_duration: 1 }
$data merge entity $(bone_tail_4) { transformation: [2.5887622915931128f,-0.4858055988543917f,-0.8294359826697301f,0.6032077543764929f,-0.05894462658574324f,2.2981114821144804f,-1.5299903523781628f,0.2427551820360942f,0.9594251717680964f,1.452011662313809f,2.144021176173978f,1.1319825471911134f,0f,0f,0f,1f], start_interpolation: 0, interpolation_duration: 1 }
$data merge entity $(bone_tail_3) { transformation: [2.0630172941725426f,-0.25215235125166335f,-0.1277668256931471f,0.6273397952151905f,0.18251873200906743f,1.9069136929173462f,-0.8162797353080478f,0.36250541270462017f,0.21585199201130228f,0.7975242225581809f,1.9113630105299637f,0.8000816127324109f,0f,0f,0f,1f], start_interpolation: 0, interpolation_duration: 1 }
$data merge entity $(bone_tail_2) { transformation: [1.8223264244276305f,-0.6370686141300851f,-0.303387308116139f,0.684934750998095f,0.4226819222230697f,1.6583457008627296f,-0.9433999173514332f,0.5385885550111787f,0.5650135135210437f,0.814129591848406f,1.6842584754776002f,0.4875931616930898f,0f,0f,0f,1f], start_interpolation: 0, interpolation_duration: 1 }
$data merge entity $(bone_tail_1) { transformation: [1.3704716450633658f,-0.4538697990036546f,0.45107197389074644f,0.5921078741564901f,0.5897809614127203f,1.3095483257542284f,-0.4742339613201334f,0.6240670768458652f,-0.24823806644509533f,0.6055919732515288f,1.363558753519965f,0.18700495460635347f,0f,0f,0f,1f], start_interpolation: 0, interpolation_duration: 1 }
$data merge entity $(bone_tail_0) { transformation: [0.5794996436503386f,-0.1503241031349665f,1.129344298081779f,0.2584596334658613f,0.2776098701938537f,1.2474820827126998f,0.023599361554169522f,0.6472747597496951f,-1.1049654472263422f,0.2345779911063283f,0.5982142117238914f,0.01785364293817658f,0f,0f,0f,1f], start_interpolation: 0, interpolation_duration: 1 }
$data merge entity $(bone_body_1) { transformation: [-0.3639753065433036f,-0.1347031137297801f,1.1738746280733987f,-0.005376563567312229f,-0.06418956822291334f,1.228747255397299f,0.1210969724692201f,0.5363565625f,-1.1798331537189122f,-0.02529522803528406f,-0.36872547495471325f,0.10528096395959062f,0f,0f,0f,1f], start_interpolation: 0, interpolation_duration: 1 }