# This file was generated by Animated Java via MC-Build. It is not recommended to edit this file directly.
$data merge entity $(bone_head_lower) { transformation: [-0.9643622125133686f,-0.1872489286874697f,-0.1869314360446513f,-0.2619534543024961f,-0.2039406430783228f,0.9761602152219462f,0.07429298970053366f,0.28470869106819374f,0.16856374811068023f,0.10976826920033994f,-0.9795596918512119f,0.7574185696759599f,0f,0f,0f,1f], start_interpolation: 0, interpolation_duration: 1 }
$data merge entity $(bone_head_upper) { transformation: [-1.003804225187577f,-0.04955833859423236f,-0.27091140831433275f,-0.2820538020022266f,-0.21228173040495826f,0.7915462912981582f,0.6417654386548988f,0.34665837408184424f,0.17545793517351202f,0.67414418516473f,-0.7734442922258445f,0.7192915544681702f,0f,0f,0f,1f], start_interpolation: 0, interpolation_duration: 1 }
$data merge entity $(bone_neck_0) { transformation: [-0.9811006620310109f,-0.1695275577066231f,0.09328396507621184f,-0.2729531176357962f,-0.15638965373040908f,0.9786110281858051f,0.13365153092727278f,0.33946637419195036f,-0.11394633459833214f,0.11653695847733705f,-0.9866282836714427f,0.6536395252844255f,0f,0f,0f,1f], start_interpolation: 0, interpolation_duration: 1 }
$data merge entity $(bone_neck_1) { transformation: [-0.9745320672518953f,-0.19515144318185787f,0.11046793254961249f,-0.26449407216203774f,-0.1526800082186503f,0.938221412722667f,0.31053082906377527f,0.37009467990152034f,-0.16424391918150424f,0.2857560059433937f,-0.9441225768295021f,0.5749763936180263f,0f,0f,0f,1f], start_interpolation: 0, interpolation_duration: 1 }
$data merge entity $(bone_neck_2) { transformation: [-0.9350259357058981f,-0.09629838432586289f,0.34125228311842615f,-0.23554063413778062f,0.013493234283950169f,0.9520539484667807f,0.30563247837455165f,0.40619158043992654f,-0.35432249743117983f,0.2903788910803276f,-0.8888957573467718f,0.4999454493867523f,0f,0f,0f,1f], start_interpolation: 0, interpolation_duration: 1 }
$data merge entity $(bone_body_0) { transformation: [-0.8951036955338417f,-0.08599090731881985f,0.43748707192344105f,-0.03017378859762848f,0.025981743494638755f,0.9694975667495194f,0.2437199562443339f,0.5302915580632928f,-0.4451003518833013f,0.2295213103945849f,-0.8655666611117333f,0.09419360526291798f,0f,0f,0f,1f], start_interpolation: 0, interpolation_duration: 1 }
$data merge entity $(bone_leg_left_3) { transformation: [-0.9517370100540903f,-0.07976493769278148f,0.29636838294286266f,0.4601824514734684f,-0.10973521206133352f,0.9902437499414398f,-0.08588072505381467f,0.13396312275690211f,-0.28662666820649263f,-0.11425791183450446f,-0.9512046481467927f,0.2488947092390623f,0f,0f,0f,1f], start_interpolation: 0, interpolation_duration: 1 }
$data merge entity $(bone_leg_left_2) { transformation: [-0.6915557156776856f,-0.24333471985283783f,0.7173570280748348f,0.4245581623661344f,-0.5196215309027589f,0.8591669647500594f,-0.20949413071763429f,0.326953258235591f,-0.5511863171709651f,-0.5046608170811411f,-0.7025477229108338f,0.10869203558577567f,0f,0f,0f,1f], start_interpolation: 0, interpolation_duration: 1 }
$data merge entity $(bone_leg_left_1) { transformation: [-0.7019569533403498f,-0.7117620083956798f,-0.02552016970324683f,0.24652807279708333f,-0.1443450330095238f,0.10708551310635739f,0.9837160181313648f,0.30674715860571444f,-0.6974388482889475f,0.6942100087778171f,-0.17790873112382607f,0.3206127434119549f,0f,0f,0f,1f], start_interpolation: 0, interpolation_duration: 1 }
$data merge entity $(bone_leg_left_0) { transformation: [-0.7193077640460481f,0.26465118422005723f,0.6423052944464932f,0.21451310367752333f,-0.1577203201920515f,0.838231524083133f,-0.522007866446268f,0.6600197715576457f,-0.6765505459177398f,-0.47678890792906403f,-0.5612055738267566f,0.1004292261931547f,0f,0f,0f,1f], start_interpolation: 0, interpolation_duration: 1 }
$data merge entity $(bone_leg_right_3) { transformation: [-0.18655281713311014f,0.03852692105121436f,0.9816892190372746f,-0.294237323611948f,0.03748476781322143f,0.9987823203058415f,-0.03207442636225938f,0.02684516997732822f,-0.9817295649015005f,0.030814817844546954f,-0.187769828245962f,-0.2476758596344944f,0f,0f,0f,1f], start_interpolation: 0, interpolation_duration: 1 }
$data merge entity $(bone_leg_right_2) { transformation: [-0.002674248360737463f,0.6198193014295152f,0.8172386930828883f,-0.12449785947796033f,0.1940246828558758f,0.8027923349188036f,-0.6082278265082798f,0.19487692779339416f,-1.0071789663903217f,0.1530055556891231f,-0.1193399727244847f,-0.21413611087626305f,0f,0f,0f,1f], start_interpolation: 0, interpolation_duration: 1 }
$data merge entity $(bone_leg_right_1) { transformation: [-0.4589473104018915f,-0.7161505791213374f,0.5258285978330227f,-0.3560817916201745f,-0.0634335061076638f,0.6167423609187404f,0.7846050283749568f,0.3195507277000105f,-0.8861961163183685f,0.3267372159282609f,-0.3284801898892688f,-0.12559961190459062f,0f,0f,0f,1f], start_interpolation: 0, interpolation_duration: 1 }
$data merge entity $(bone_leg_right_0) { transformation: [-0.5333481118735296f,0.6591601874525495f,0.5301392636265125f,-0.07841534369914263f,0.008945614349629556f,0.6310794574825237f,-0.7756666128740307f,0.6294369860947818f,-0.8458485488223344f,-0.40895790201570087f,-0.34248162992205544f,-0.15993806151226797f,0f,0f,0f,1f], start_interpolation: 0, interpolation_duration: 1 }
$data merge entity $(bone_tail_4) { transformation: [2.529069317880616f,-0.21066344857233385f,-1.0886186790563952f,1.0569424578685749f,-0.4252631344364266f,2.319551618579918f,-1.436834328248246f,0.3869989127852478f,1.024021964336794f,1.4835641313333567f,2.091907697862628f,0.5180530673036403f,0f,0f,0f,1f], start_interpolation: 0, interpolation_duration: 1 }
$data merge entity $(bone_tail_3) { transformation: [2.0644314916511943f,0.017536207496888806f,0.27158907148465317f,1.0107193821245526f,0.0892951308844723f,1.9192882172955092f,-0.8026858941051572f,0.5043230358984718f,-0.257088548799037f,0.807447054872143f,1.9020726215628978f,0.1876303367912842f,0f,0f,0f,1f], start_interpolation: 0, interpolation_duration: 1 }
$data merge entity $(bone_tail_2) { transformation: [1.8715572117806965f,-0.32169306839165185f,0.4610434337274614f,0.9263197805999814f,0.49332071757927554f,1.7083085842378636f,-0.810611081610085f,0.655785145985748f,-0.2695962678553104f,0.89273132899589f,1.7173009350694766f,-0.1315990798349787f,0f,0f,0f,1f], start_interpolation: 0, interpolation_duration: 1 }
$data merge entity $(bone_tail_1) { transformation: [0.9515350268605648f,-0.21924023904636744f,1.1550632278106496f,0.679533976651377f,0.6200954506930154f,1.3560627332854451f,-0.2534398260420685f,0.6931536811229948f,-0.9988588362162552f,0.6329959170305127f,0.9430023564845481f,-0.3413061053490648f,0f,0f,0f,1f], start_interpolation: 0, interpolation_duration: 1 }
$data merge entity $(bone_tail_0) { transformation: [-0.13990156333366205f,-0.13594387242922112f,1.2632428637082314f,0.3071044835755517f,0.21746362531139313f,1.249562128902584f,0.15855527194923458f,0.6769743055620374f,-1.2517878577567576f,0.23227024377956246f,-0.11363718410520071f,-0.30249358424410955f,0f,0f,0f,1f], start_interpolation: 0, interpolation_duration: 1 }
$data merge entity $(bone_body_1) { transformation: [-0.9212930614703868f,-0.1593199722441774f,0.8089751766197077f,0.12976041769257962f,-0.09618631546270989f,1.2255514266416523f,0.1318199090826909f,0.5637784375000001f,-0.8188845356095577f,0.03529082256019805f,-0.9256280409747721f,-0.08967511804155193f,0f,0f,0f,1f], start_interpolation: 0, interpolation_duration: 1 }