# This file was generated by Animated Java via MC-Build. It is not recommended to edit this file directly.
$data merge entity $(bone_head_lower) { transformation: [-0.9670998955851383f,-0.2354378631798389f,-0.09636806805434202f,0.049060977307057524f,-0.24093885279352203f,0.9692545390337652f,0.0499410430105835f,0.3178646594967914f,0.08164717492820159f,0.07151678924388949f,-0.9940920921536839f,0.7047525304676019f,0f,0f,0f,1f], start_interpolation: 0, interpolation_duration: 1 }
$data merge entity $(bone_head_upper) { transformation: [-1.0066538783562808f,-0.15502865045114436f,-0.21467656908256819f,0.030468118684585724f,-0.2507931514815884f,0.8290032812555577f,0.5773459079451063f,0.37620256153998616f,0.08498651036310882f,0.6100750935666223f,-0.8390814119318131f,0.660633925715862f,0f,0f,0f,1f], start_interpolation: 0, interpolation_duration: 1 }
$data merge entity $(bone_neck_0) { transformation: [-0.9848164761483794f,-0.14570207528413956f,0.09437909495531138f,0.039254084622307395f,-0.1286199705698861f,0.9775315379862256f,0.16699998626612506f,0.3711754843717683f,-0.11659078641681073f,0.15232530157586846f,-0.9814293611985175f,0.5947380111840577f,0f,0f,0f,1f], start_interpolation: 0, interpolation_duration: 1 }
$data merge entity $(bone_neck_1) { transformation: [-0.9923805302132731f,-0.122823775866681f,0.009757219659024888f,0.03951481540848901f,-0.11245740771503299f,0.9352807573216365f,0.33556405712453885f,0.4039108858273526f,-0.0503409843332248f,0.3319099653004069f,-0.9419668572888563f,0.516470122778083f,0f,0f,0f,1f], start_interpolation: 0, interpolation_duration: 1 }
$data merge entity $(bone_neck_2) { transformation: [-0.9911997535987297f,0.002758254578228444f,0.13234591228103526f,0.05113631495487978f,0.042341476642300375f,0.9538650102597459f,0.2972351620483758f,0.43928984990258f,-0.12542028472925465f,0.30022314073678f,-0.9455875517077074f,0.43656893352912607f,0f,0f,0f,1f], start_interpolation: 0, interpolation_duration: 1 }
$data merge entity $(bone_body_0) { transformation: [-0.9934522877715968f,0.014604208243918322f,0.11331049829097409f,0.1046782512238309f,0.03324684300829572f,0.9858278934603747f,0.16443239311480495f,0.5261774631261903f,-0.10930324492604185f,0.16712295347153333f,-0.9798585199260091f,-0.02364265740704405f,0f,0f,0f,1f], start_interpolation: 0, interpolation_duration: 1 }
$data merge entity $(bone_leg_left_3) { transformation: [-0.9946370494815016f,-0.06931160912987075f,0.07676614252755382f,0.572420618057097f,-0.07036562813739924f,0.9974594143947133f,-0.011108330756010032f,0.13381343036990367f,-0.07580117529142905f,-0.016450455166458766f,-0.9969872438247411f,0.019565266003110093f,0f,0f,0f,1f], start_interpolation: 0, interpolation_duration: 1 }
$data merge entity $(bone_leg_left_2) { transformation: [-0.8658679740128833f,-0.30768825211025863f,0.45570032981429026f,0.5134388257939226f,-0.4975736052197721f,0.8002255877337185f,-0.4051193844109628f,0.3070529245476499f,-0.23399862920136397f,-0.5630534146510904f,-0.824789484221473f,-0.13753437723161527f,0f,0f,0f,1f], start_interpolation: 0, interpolation_duration: 1 }
$data merge entity $(bone_leg_left_1) { transformation: [-0.878929567175964f,-0.4757195575874489f,-0.03425957490504039f,0.40352211927443365f,-0.20352652089433057f,0.30912916733424567f,0.9289866054986398f,0.34581705103769417f,-0.43134646310885844f,0.8234865271709291f,-0.36852431172371825f,0.11431686017876153f,0f,0f,0f,1f], start_interpolation: 0, interpolation_duration: 1 }
$data merge entity $(bone_leg_left_0) { transformation: [-0.8895854667902006f,0.12731836698181875f,0.4386658531328189f,0.3143641997498817f,-0.21233134855935323f,0.7350308850833362f,-0.643929341148991f,0.6621449776922556f,-0.4044169824508206f,-0.6659726956885621f,-0.6268391124544497f,-0.14316088015801592f,0f,0f,0f,1f], start_interpolation: 0, interpolation_duration: 1 }
$data merge entity $(bone_leg_right_3) { transformation: [-0.7421281985802899f,0.04963929743627543f,0.6684172925815183f,-0.3299721896437753f,0.03166485810257154f,0.9987368490709978f,-0.039013370388620905f,0.018903538664686165f,-0.6695095769541446f,-0.007787583564154266f,-0.7427625999664456f,-0.14267591204502827f,0f,0f,0f,1f], start_interpolation: 0, interpolation_duration: 1 }
$data merge entity $(bone_leg_right_2) { transformation: [-0.5193272881038524f,0.6492014547170311f,0.6007485651457549f,-0.15927277857378816f,0.14978664290072738f,0.7511291017254996f,-0.682225207428067f,0.17267445125507103f,-0.8717369608660187f,-0.25769117803104874f,-0.4751127522238721f,-0.21607406983863658f,0f,0f,0f,1f], start_interpolation: 0, interpolation_duration: 1 }
$data merge entity $(bone_leg_right_1) { transformation: [-0.8575014874610489f,-0.3903305824153209f,0.3351615064911319f,-0.30016678749518716f,-0.04484047230539277f,0.7056778778129872f,0.7071124838445354f,0.32598945772062116f,-0.5125236882774471f,0.5913212064493167f,-0.622622437563735f,-0.032616247159169665f,0f,0f,0f,1f], start_interpolation: 0, interpolation_duration: 1 }
$data merge entity $(bone_leg_right_0) { transformation: [-0.8969968777682992f,0.37124578535192565f,0.23994409376426623f,-0.0696377029754369f,0.03156313868846897f,0.5952208560827736f,-0.8029420282686807f,0.6213869863073246f,-0.440908572779046f,-0.7126631036769916f,-0.5456289316993945f,-0.2167464181247306f,0f,0f,0f,1f], start_interpolation: 0, interpolation_duration: 1 }
$data merge entity $(bone_tail_4) { transformation: [2.644453219937417f,0.04198137863522178f,-0.7942078210459211f,1.2432511341464862f,-0.354720940628175f,2.5303937407689507f,-1.0473499427398554f,0.5963045965302679f,0.7118297222246943f,1.1049915891649138f,2.428570230821483f,-0.26845298449262806f,0f,0f,0f,1f], start_interpolation: 0, interpolation_duration: 1 }
$data merge entity $(bone_tail_3) { transformation: [1.8051294937135043f,0.16233560266852742f,1.0252317733450886f,1.0678211306168954f,0.1270147585115498f,2.006671035753093f,-0.5413724516765749f,0.6684645069381694f,-1.0302040031422528f,0.5318496332802145f,1.7296708373369254f,-0.5669458062259102f,0f,0f,0f,1f], start_interpolation: 0, interpolation_duration: 1 }
$data merge entity $(bone_tail_2) { transformation: [1.2219010815274207f,-0.005960812307357166f,1.5250233082420512f,0.7852247387215634f,0.5812785791884719f,1.8084549597796848f,-0.4586717201089089f,0.7545907285255014f,-1.409910222440254f,0.7404248794899251f,1.1325625976049085f,-0.7783530842746335f,0f,0f,0f,1f], start_interpolation: 0, interpolation_duration: 1 }
$data merge entity $(bone_tail_1) { transformation: [0.006007241940295885f,-0.02948201535574406f,1.5122007055331095f,0.4601706665825478f,0.5524492367124026f,1.4077707400010433f,0.025251424767688477f,0.731420566180982f,-1.4079843762983146f,0.5522396258577232f,0.01635975954491193f,-0.787278932223167f,0f,0f,0f,1f], start_interpolation: 0, interpolation_duration: 1 }
$data merge entity $(bone_tail_0) { transformation: [-0.8736462282124398f,-0.12352246607858201f,0.9248352203977044f,0.18693150286950125f,0.12952400692016006f,1.2386428587061529f,0.2877900567976997f,0.6772122813506313f,-0.9240138073349071f,0.2904165724164901f,-0.8340817795062626f,-0.5365325811631212f,0f,0f,0f,1f], start_interpolation: 0, interpolation_duration: 1 }
$data merge entity $(bone_body_1) { transformation: [-1.2077293678389383f,-0.1520340594603032f,0.21651792969550981f,0.14683468996187743f,-0.12818848766204824f,1.2214064425551103f,0.14261349435462667f,0.5617862499999999f,-0.23143483045238808f,0.11686120787130863f,-1.2088779807758032f,-0.2633568159709554f,0f,0f,0f,1f], start_interpolation: 0, interpolation_duration: 1 }