# This file was generated by Animated Java via MC-Build. It is not recommended to edit this file directly.
$data merge entity $(bone_head_lower) { transformation: [-0.9642983800792229f,-0.2588825092445315f,-0.05575374950477553f,0.16901674576947134f,-0.2616931346151068f,0.9638088171956545f,0.05088484245070235f,0.32271091655588224f,0.04056275966827008f,0.06365854462024878f,-0.9971470564690676f,0.627072510090646f,0f,0f,0f,1f], start_interpolation: 0, interpolation_duration: 1 }
$data merge entity $(bone_head_upper) { transformation: [-1.0037377820334714f,-0.20366608373710487f,-0.1857485769453552f,0.15132687124517105f,-0.2723962747820586f,0.8403081842413701f,0.5505945582416661f,0.3794517934085742f,0.042221759637552474f,0.5795465679439994f,-0.8636058366992126f,0.5805644707307781f,0f,0f,0f,1f], start_interpolation: 0, interpolation_duration: 1 }
$data merge entity $(bone_neck_0) { transformation: [-0.9852901465289553f,-0.14273719791679854f,0.09396499073490111f,0.1600380879634803f,-0.12387105825488004f,0.9753339401759937f,0.18270102919137302f,0.3754741117560225f,-0.11772547761536363f,0.16837398098171658f,-0.9786679285889587f,0.5145869820982567f,0f,0f,0f,1f], start_interpolation: 0, interpolation_duration: 1 }
$data merge entity $(bone_neck_1) { transformation: [-0.9945123054229553f,-0.09820566755257341f,-0.03606828555492633f,0.15653020954602387f,-0.10461943726624891f,0.9328191710997815f,0.3448233857713392f,0.4089825596566535f,-0.00021842255307627512f,0.34670454408511836f,-0.9379743660688807f,0.43672546687520003f,0f,0f,0f,1f], start_interpolation: 0, interpolation_duration: 1 }
$data merge entity $(bone_neck_2) { transformation: [-0.9987840116717478f,0.034490057943194104f,0.03522689217011683f,0.15995402872536746f,0.04339760260204149f,0.9541103964462745f,0.29629377226247633f,0.44428145341034525f,-0.02339115468045995f,0.297462245160975f,-0.954446995168672f,0.35602109303998974f,0f,0f,0f,1f], start_interpolation: 0, interpolation_duration: 1 }
$data merge entity $(bone_body_0) { transformation: [-0.9986234024457493f,0.03626098813843104f,-0.0379004066851487f,0.14243714041943567f,0.030940586325335553f,0.9906875695530333f,0.13259268324816523f,0.5162094252620979f,0.04235540349848601f,0.1312374956798871f,-0.9904457277014992f,-0.10952206306102744f,0f,0f,0f,1f], start_interpolation: 0, interpolation_duration: 1 }
$data merge entity $(bone_leg_left_3) { transformation: [-0.9980331092104281f,-0.062123296331109246f,0.008402914537413653f,0.5853522093481476f,-0.06178647119613642f,0.9974507257942928f,0.03569988220663828f,0.1300118294818341f,-0.010599287565439208f,0.03511047800010775f,-0.9993272284080474f,-0.09865250316668328f,0f,0f,0f,1f], start_interpolation: 0, interpolation_duration: 1 }
$data merge entity $(bone_leg_left_2) { transformation: [-0.9020155074113483f,-0.33813359760183315f,0.3522724713385704f,0.5160211886631538f,-0.47741776500066785f,0.7660210809065057f,-0.4871818764786827f,0.2927734735400105f,-0.10248171325611877f,-0.5924015304507282f,-0.8310355736479761f,-0.26258214923557505f,0f,0f,0f,1f], start_interpolation: 0, interpolation_duration: 1 }
$data merge entity $(bone_leg_left_1) { transformation: [-0.9215963122656069f,-0.38286760324145575f,-0.06381720462835455f,0.4337468172504869f,-0.2257433461534904f,0.39494761600030337f,0.8905370976456298f,0.35733347037752294f,-0.31575335134541227f,0.8351220144408962f,-0.4504120803334659f,-0.00552900244146054f,0f,0f,0f,1f], start_interpolation: 0, interpolation_duration: 1 }
$data merge entity $(bone_leg_left_0) { transformation: [-0.9292097216953243f,0.053535748316765115f,0.36565450463389865f,0.316955688787416f,-0.23250436453149873f,0.6843934007629742f,-0.6910480399117669f,0.6552696015005308f,-0.2872473038702047f,-0.727144825082497f,-0.6234977063109722f,-0.2736729426083594f,0f,0f,0f,1f], start_interpolation: 0, interpolation_duration: 1 }
$data merge entity $(bone_leg_right_3) { transformation: [-0.8314863843311299f,0.036484326222375685f,0.5543458186114905f,-0.3157835193804608f,0.03895165651015575f,0.9992141510899046f,-0.0073381684906181355f,0.022284714510497322f,-0.5541779146872051f,0.01549110072851928f,-0.8322540866052628f,-0.10661090428183032f,0f,0f,0f,1f], start_interpolation: 0, interpolation_duration: 1 }
$data merge entity $(bone_leg_right_2) { transformation: [-0.7155078491053655f,0.5978745552637896f,0.4273835906272414f,-0.1621017380247471f,0.14225807823235562f,0.6978729735280184f,-0.7381044312951208f,0.16192646228623958f,-0.72102243831031f,-0.45561115931019786f,-0.5697432004559314f,-0.2293022422950994f,0f,0f,0f,1f], start_interpolation: 0, interpolation_duration: 1 }
$data merge entity $(bone_leg_right_1) { transformation: [-0.9554910565740603f,-0.23408808676853937f,0.17955391513423097f,-0.2542482238521684f,-0.0433086324867106f,0.7133178246284289f,0.6995012819284162f,0.31775118070821995f,-0.2918239249258306f,0.6605909844225937f,-0.6917068368467039f,-0.018966634424883888f,0f,0f,0f,1f], start_interpolation: 0, interpolation_duration: 1 }
$data merge entity $(bone_leg_right_0) { transformation: [-0.9764509749866805f,0.19244063968111885f,0.09751970901660192f,-0.07309104080626852f,0.034381399746752306f,0.5850555763822048f,-0.8102640877488895f,0.6094258564514855f,-0.2129821889243674f,-0.7878302943802098f,-0.5778944665401957f,-0.2564855539352848f,0f,0f,0f,1f], start_interpolation: 0, interpolation_duration: 1 }
$data merge entity $(bone_tail_4) { transformation: [2.75558789635905f,0.07500988288092945f,0.16361599710815591f,1.2090072067955435f,-0.017561999909559946f,2.6103054324273285f,-0.9009208939743586f,0.7274001688338347f,-0.17913194354632425f,0.8979645864456851f,2.605231790050695f,-0.7173564642963121f,0f,0f,0f,1f], start_interpolation: 0, interpolation_duration: 1 }
$data merge entity $(bone_tail_3) { transformation: [1.351629204924959f,0.07619902269031686f,1.58216235809711f,0.9399852710336541f,0.24257747238173014f,2.0453909790921885f,-0.30574080294529976f,0.7592267541356994f,-1.5653115307603336f,0.38277274933540695f,1.3187988323013489f,-0.9447217430477404f,0f,0f,0f,1f], start_interpolation: 0, interpolation_duration: 1 }
$data merge entity $(bone_tail_2) { transformation: [0.5631482181534915f,0.017908313884146022f,1.871180710590816f,0.5925575423136096f,0.5962961566407012f,1.8504940996048023f,-0.19717087996486335f,0.7967616487005813f,-1.773716113973387f,0.6277935605152519f,0.527807036150057f,-1.0440020984841254f,0f,0f,0f,1f], start_interpolation: 0, interpolation_duration: 1 }
$data merge entity $(bone_tail_1) { transformation: [-0.517413587702039f,-0.009051983952616992f,1.4212169049261363f,0.2873324944811441f,0.4714234790711665f,1.425749062399369f,0.18070906022598632f,0.7399963809635506f,-1.3407831042498048f,0.5047909692673229f,-0.48491545108855283f,-0.9445433052416952f,0f,0f,0f,1f], start_interpolation: 0, interpolation_duration: 1 }
$data merge entity $(bone_tail_0) { transformation: [-1.1088625393349487f,-0.1085582325109652f,0.626478008870042f,0.10164135605567767f,0.07350131050801857f,1.229116649684449f,0.3430824032300505f,0.6694005029988253f,-0.6315513777969939f,0.33365114746782815f,-1.0600261721203625f,-0.6267274239119146f,0f,0f,0f,1f], start_interpolation: 0, interpolation_duration: 1 }
$data merge entity $(bone_body_1) { transformation: [-1.226741031272412f,-0.13643236634512407f,-0.07139500446403207f,0.12742938257371786f,-0.14418375751397663f,1.2189767006798737f,0.14802514085455393f,0.55288f,0.05405627917365481f,0.15519860717586867f,-1.2253962241123566f,-0.3522936944320329f,0f,0f,0f,1f], start_interpolation: 0, interpolation_duration: 1 }