# This file was generated by Animated Java via MC-Build. It is not recommended to edit this file directly.
$data merge entity $(bone_head_lower) { transformation: [-0.9537181170818482f,-0.3005790191113661f,-0.008602698408245388f,0.33277144666603287f,-0.2997314522676313f,0.9479536536583324f,0.10744732215069452f,0.31074578248405554f,-0.024141451310781797f,0.10505295705437095f,-0.9941735595673129f,0.4197795380606608f,0f,0f,0f,1f], start_interpolation: 0, interpolation_duration: 1 }
$data merge entity $(bone_head_upper) { transformation: [-0.9927247906879471f,-0.2759277431605833f,-0.14776099989979102f,0.316081137910311f,-0.31199034377727236f,0.8328676274938828f,0.5408007794428163f,0.36663213516192655f,-0.02512882661045473f,0.5600601201750802f,-0.8770251686503434f,0.37188793472771564f,0f,0f,0f,1f], start_interpolation: 0, interpolation_duration: 1 }
$data merge entity $(bone_neck_0) { transformation: [-0.9849495251870016f,-0.15187692868936528f,0.08250958347843981f,0.3241998714206917f,-0.12960138457658998f,0.9648017183342527f,0.2288255348843402f,0.3658097598510304f,-0.11435870736297701f,0.214688245675349f,-0.969964454616307f,0.3057203737984179f,0f,0f,0f,1f], start_interpolation: 0, interpolation_duration: 1 }
$data merge entity $(bone_neck_1) { transformation: [-0.99086269690451f,-0.07475440565737755f,-0.11226261496123069f,0.31434537028409126f,-0.11151188198011024f,0.9222727375298498f,0.37010552250196266f,0.40141135045963733f,0.07586973085740624f,0.37924237163588276f,-0.922181656451491f,0.22934660606356577f,0f,0f,0f,1f], start_interpolation: 0, interpolation_duration: 1 }
$data merge entity $(bone_neck_2) { transformation: [-0.991649707542351f,0.057814815169090046f,-0.11527490914389621f,0.30481246685603225f,0.018796470278178636f,0.949128254978481f,0.3143282492977447f,0.4382414213813883f,0.12758350299412183f,0.3095367550848647f,-0.942289470924557f,0.14982553953229538f,0f,0f,0f,1f], start_interpolation: 0, interpolation_duration: 1 }
$data merge entity $(bone_body_0) { transformation: [-0.9668429429373308f,0.031494316370104795f,-0.25342224000403196f,0.18567553820685273f,0.005393982466237405f,0.9946632105080446f,0.10303398766903686f,0.4962763638014538f,0.2553147638610727f,0.09825072874136388f,-0.9618529854693781f,-0.3025562045660546f,0f,0f,0f,1f], start_interpolation: 0, interpolation_duration: 1 }
$data merge entity $(bone_leg_left_3) { transformation: [-0.9953256644819632f,-0.0822126238775149f,-0.05067451133175879f,0.5938456083622325f,-0.09469541254212382f,0.9338353207256027f,0.34494111469754996f,0.10210799713794319f,0.018963134419585664f,0.34812738794941916f,-0.9372554194521893f,-0.41169233753361356f,0f,0f,0f,1f], start_interpolation: 0, interpolation_duration: 1 }
$data merge entity $(bone_leg_left_2) { transformation: [-0.9186907297297159f,-0.38957156978146396f,0.23728365857635966f,0.5089449321044178f,-0.4557831555633482f,0.8052718431831539f,-0.4425620557411329f,0.2754314526754599f,-0.01820048664440893f,-0.501830100826073f,-0.8943698852776151f,-0.5563364767080572f,0f,0f,0f,1f], start_interpolation: 0, interpolation_duration: 1 }
$data merge entity $(bone_leg_left_1) { transformation: [-0.9477244952766904f,-0.2845235135611672f,-0.14444601511758792f,0.45818418545017253f,-0.24434313099130983f,0.3559682762810531f,0.9019883705563281f,0.32916507478261897f,-0.20521870136492382f,0.8901308648239898f,-0.4068812211171586f,-0.2888492244620592f,0f,0f,0f,1f], start_interpolation: 0, interpolation_duration: 1 }
$data merge entity $(bone_leg_left_0) { transformation: [-0.951018003193416f,-0.07412233815291838f,0.30011770455731546f,0.29406967692116137f,-0.2537102045585124f,0.7418249553343145f,-0.6207470239526891f,0.6414620363726489f,-0.17662358196142863f,-0.6664845194226097f,-0.7242944813162169f,-0.5121076272969125f,0f,0f,0f,1f], start_interpolation: 0, interpolation_duration: 1 }
$data merge entity $(bone_leg_right_3) { transformation: [-0.918914600544242f,0.0031231395647949717f,0.3944441695676018f,-0.23684065619470063f,0.04476915936274149f,0.9943330815489895f,0.0964232612352674f,0.034937410045694076f,-0.3919077433230554f,0.10626367646825485f,-0.9138470067724029f,-0.14770348968200558f,0f,0f,0f,1f], start_interpolation: 0, interpolation_duration: 1 }
$data merge entity $(bone_leg_right_2) { transformation: [-0.931265127528047f,0.41039423652052504f,0.12800012649056344f,-0.1357778337923923f,0.16504728799633286f,0.6233180803462356f,-0.7976817428895026f,0.15532396000144477f,-0.39694691644591557f,-0.703642907194348f,-0.6319667745853892f,-0.33063641887696127f,0f,0f,0f,1f], start_interpolation: 0, interpolation_duration: 1 }
$data merge entity $(bone_leg_right_1) { transformation: [-0.9962196840102259f,0.0042479528803140015f,-0.08676575411354655f,-0.1498624051611001f,-0.06366235971214276f,0.6438762551820387f,0.7624765386348858f,0.28853824539661366f,0.05910537324514176f,0.7651178490331285f,-0.6411717647748314f,-0.0875953427688681f,0f,0f,0f,1f], start_interpolation: 0, interpolation_duration: 1 }
$data merge entity $(bone_leg_right_0) { transformation: [-0.9904949549681338f,-0.10344324189837328f,-0.09066002365005882f,-0.06792687133723392f,0.011804509905246417f,0.5927513395764537f,-0.8052990146375549f,0.5854554818761528f,0.1370415912362795f,-0.7987148083864944f,-0.5858961146274603f,-0.36943572586327955f,0f,0f,0f,1f], start_interpolation: 0, interpolation_duration: 1 }
$data merge entity $(bone_tail_4) { transformation: [1.8687851872874017f,-0.052163093408359715f,2.032383395686271f,0.9295098493645584f,0.47389906745719473f,2.695683809910591f,-0.3665648679962703f,0.933226896320084f,-1.9770490457341694f,0.5968493447026582f,1.8332237348697014f,-1.4333421160295337f,0f,0f,0f,1f], start_interpolation: 0, interpolation_duration: 1 }
$data merge entity $(bone_tail_3) { transformation: [0.12457751215990599f,-0.20875273649534304f,2.068054221850626f,0.5808870858889295f,0.26092886830267836f,2.056946979274237f,0.1919134601462815f,0.880556624446726f,-2.062120776093092f,0.24766296756830772f,0.14921958767175061f,-1.4610678203879062f,0f,0f,0f,1f], start_interpolation: 0, interpolation_duration: 1 }
$data merge entity $(bone_tail_2) { transformation: [-0.5880380130140258f,-0.07794735821900833f,1.86196385023984f,0.23429870334239278f,0.45932656612869127f,1.8861618844980232f,0.2240230481849305f,0.8396996934866133f,-1.80610195612034f,0.5050657678127871f,-0.5492523730351452f,-1.3601783350812764f,0f,0f,0f,1f], start_interpolation: 0, interpolation_duration: 1 }
$data merge entity $(bone_tail_1) { transformation: [-1.1233822380969412f,0.000011127994403506841f,1.0127529792622063f,0.01743867331119483f,0.3305617308350627f,1.4296674677804297f,0.3666553199908897f,0.7430075421535278f,-0.9572865502218421f,0.49366707551391537f,-1.0618622930106822f,-1.1367974221896961f,0f,0f,0f,1f], start_interpolation: 0, interpolation_duration: 1 }
$data merge entity $(bone_tail_0) { transformation: [-1.269271789649713f,-0.05469170564988269f,0.1406899353775853f,-0.02499400402651844f,-0.007270711320596508f,1.2121321728400418f,0.4056087386965416f,0.653730150036804f,-0.15077127491778766f,0.4019703092060574f,-1.2039616313489727f,-0.7752715912293461f,0f,0f,0f,1f], start_interpolation: 0, interpolation_duration: 1 }
$data merge entity $(bone_body_1) { transformation: [-1.138520041919479f,-0.10364345534090183f,-0.470780992998779f,0.09143710447683408f,-0.1761469414001173f,1.2134010266744713f,0.15885464600373855f,0.5350675f,0.44871924879516983f,0.21335551946595596f,-1.1321373826220742f,-0.5264365168006097f,0f,0f,0f,1f], start_interpolation: 0, interpolation_duration: 1 }