# This file was generated by Animated Java via MC-Build. It is not recommended to edit this file directly.
$data merge entity $(bone_head_lower) { transformation: [-0.9431989288390177f,-0.26468495081718757f,0.20079257318893318f,0.2103579973649662f,-0.2173090337504088f,0.9486759216970639f,0.2297624413229678f,0.335566388421187f,-0.25130173992114285f,0.1730776484793155f,-0.9523085440703957f,0.44071887106076824f,0f,0f,0f,1f], start_interpolation: 0, interpolation_duration: 1 }
$data merge entity $(bone_head_upper) { transformation: [-0.9817753720289799f,-0.32991948900481527f,0.10364454754432222f,0.2097899533476273f,-0.2261968826853698f,0.8486301650268099f,0.5586893196164555f,0.393066506288571f,-0.2615798763748593f,0.5044322713356852f,-0.8721215480048307f,0.39184280060672927f,0f,0f,0f,1f], start_interpolation: 0, interpolation_duration: 1 }
$data merge entity $(bone_neck_0) { transformation: [-0.9573655176548614f,-0.11085159726043987f,0.2667642948189446f,0.22914811083684708f,-0.04813345325805822f,0.9717481664480468f,0.231059887653209f,0.39224953021433695f,-0.28484107197329145f,0.208368482236802f,-0.935653856577013f,0.3280514960032523f,0f,0f,0f,1f], start_interpolation: 0, interpolation_duration: 1 }
$data merge entity $(bone_neck_1) { transformation: [-0.9977349914134103f,-0.04044130799841006f,0.053753023325762275f,0.23351538937018512f,-0.01975877409726426f,0.9400400792511892f,0.340491174992233f,0.42542424882295116f,-0.06429990478574198f,0.33865786571227885f,-0.938709951068885f,0.25009059703471326f,0f,0f,0f,1f], start_interpolation: 0, interpolation_duration: 1 }
$data merge entity $(bone_neck_2) { transformation: [-0.9954513700519821f,0.09255438364650329f,0.02258884524378557f,0.23640050689226913f,0.09509349901337305f,0.9507960655153825f,0.2948627956285128f,0.4605653289199127f,0.005813459127354731f,0.29566962621866383f,-0.9552725662472937f,0.16929634612140054f,0f,0f,0f,1f], start_interpolation: 0, interpolation_duration: 1 }
$data merge entity $(bone_body_0) { transformation: [-0.9852329327466248f,0.09656420641357079f,-0.14139102613391683f,0.1706833412630494f,0.08611256453486546f,0.9932058461989427f,0.07827370762568257f,0.506916960989846f,0.14798883221619563f,0.06494229065839532f,-0.9868545001282242f,-0.2951858225882715f,0f,0f,0f,1f], start_interpolation: 0, interpolation_duration: 1 }
$data merge entity $(bone_leg_left_3) { transformation: [-0.9710266085989583f,-0.02507549991713919f,-0.2376521506250489f,0.520435004800484f,-0.06357689019574575f,0.9857467845278776f,0.15576025111044262f,0.08679423541477449f,0.23035907715096338f,0.16635653307536685f,-0.9587805794222682f,-0.4459131448784084f,0f,0f,0f,1f], start_interpolation: 0, interpolation_duration: 1 }
$data merge entity $(bone_leg_left_2) { transformation: [-0.9680587396296574f,-0.33294241684999043f,0.06382650851660841f,0.44329731053623844f,-0.3386111618693095f,0.9403338227415117f,-0.23060134944649752f,0.29833275559751504f,0.016338824463520578f,-0.23871289946527105f,-0.9974023230094904f,-0.532355626729103f,0f,0f,0f,1f], start_interpolation: 0, interpolation_duration: 1 }
$data merge entity $(bone_leg_left_1) { transformation: [-0.9889726557759052f,-0.13880232314566987f,-0.051643017116720855f,0.428024017424402f,-0.08000637210310073f,0.20728773875362716f,0.9750029609110469f,0.3045292325938368f,-0.12462771180782013f,0.9683830380855363f,-0.21610697581932398f,-0.2553326748819326f,0f,0f,0f,1f], start_interpolation: 0, interpolation_duration: 1 }
$data merge entity $(bone_leg_left_0) { transformation: [-0.9917094831650725f,0.013904009695974384f,0.1277457612402043f,0.3077722401619505f,-0.08817417532650257f,0.6495310291486123f,-0.7552051092111574f,0.6107821329728014f,-0.09347521492864413f,-0.7602079456882301f,-0.6429201066279735f,-0.5123461952250206f,0f,0f,0f,1f], start_interpolation: 0, interpolation_duration: 1 }
$data merge entity $(bone_leg_right_3) { transformation: [-0.9253882176220305f,0.06364275732506952f,0.3736391924388868f,-0.2599967623194047f,0.10742897013458295f,0.9894165993746213f,0.09753875772113674f,0.07712782228318424f,-0.3634771836885282f,0.13040089080225642f,-0.9224315392568889f,-0.17449884883802802f,0f,0f,0f,1f], start_interpolation: 0, interpolation_duration: 1 }
$data merge entity $(bone_leg_right_2) { transformation: [-0.9308924056084321f,0.42593498430027554f,0.06388206188253846f,-0.1572935277961694f,0.2283068516006683f,0.6169948500448489f,-0.786927910313911f,0.19627463851771232f,-0.365208858317307f,-0.6999706734342179f,-0.6547715217076187f,-0.35732979224109784f,0f,0f,0f,1f], start_interpolation: 0, interpolation_duration: 1 }
$data merge entity $(bone_leg_right_1) { transformation: [-0.9974241315448519f,0.05014487418366845f,-0.051289310826935386f,-0.16081486476623785f,-0.008697315818975815f,0.6252166255150912f,0.7804027984810583f,0.32456360724931693f,0.07120012998262658f,0.778838662864541f,-0.6231700239243145f,-0.1112750699789754f,0f,0f,0f,1f], start_interpolation: 0, interpolation_duration: 1 }
$data merge entity $(bone_leg_right_0) { transformation: [-0.9881772677216616f,-0.07271045294020714f,-0.13497732250782551f,-0.06347442460475251f,0.06078836146034784f,0.6224160352861019f,-0.7803224039649868f,0.6253992872000341f,0.14074964536053972f,-0.7793019113616749f,-0.6106374278398944f,-0.3839103775644219f,0f,0f,0f,1f], start_interpolation: 0, interpolation_duration: 1 }
$data merge entity $(bone_tail_4) { transformation: [-1.3691528146356777f,-1.234362024731658f,2.056072054592339f,0.5027329818845174f,-0.9246944767240766f,2.4562192532425953f,0.8588296899364687f,1.005555662699658f,-2.2126956470538794f,-0.2626760428755288f,-1.6311470202308762f,-2.0196667449593524f,0f,0f,0f,1f], start_interpolation: 0, interpolation_duration: 1 }
$data merge entity $(bone_tail_3) { transformation: [-1.3621797021287774f,-1.0477085256287302f,1.1758906541331429f,0.31359803139811815f,-0.8622495106886537f,1.797116472888831f,0.60236508052279f,0.8858306093804892f,-1.3179293480570102f,-0.09286955497321205f,-1.6094666835115121f,-1.745851870368882f,0f,0f,0f,1f], start_interpolation: 0, interpolation_duration: 1 }
$data merge entity $(bone_tail_2) { transformation: [-1.514691079811778f,-0.6663365196119805f,1.0394616156322454f,0.11908579993344835f,-0.4936305940665183f,1.8347726504330775f,0.456850120747595f,0.8009747465342061f,-1.1317303761686976f,0.09153599760175596f,-1.5904657782558185f,-1.4510028270935338f,0f,0f,0f,1f], start_interpolation: 0, interpolation_duration: 1 }
$data merge entity $(bone_tail_1) { transformation: [-1.3972222693859402f,-0.1653497258779344f,0.5550546352244035f,0.00300033166988912f,-0.03777472106402777f,1.4724795570622513f,0.3435597102139466f,0.709081077478917f,-0.5779266825303523f,0.3035122274074768f,-1.3643816648700664f,-1.1605611037746977f,0f,0f,0f,1f], start_interpolation: 0, interpolation_duration: 1 }
$data merge entity $(bone_tail_0) { transformation: [-1.2778192022810604f,0.031801951816088136f,-0.0015616422476682308f,0.004224117578127878f,0.030318675504719058f,1.2344383722009218f,0.33027019202102637f,0.6423576480571015f,0.009725265110116097f,0.3301306675888401f,-1.2348096525861436f,-0.7917543825574398f,0f,0f,0f,1f], start_interpolation: 0, interpolation_duration: 1 }
$data merge entity $(bone_body_1) { transformation: [-1.1676127033977899f,0.07758426667553947f,-0.39908125925026056f,0.09177906917892205f,0.04597260146152968f,1.2310578567124504f,0.10482207972396453f,0.5350675f,0.40394515696467287f,0.08415360982879218f,-1.1654831938615928f,-0.5264642086212402f,0f,0f,0f,1f], start_interpolation: 0, interpolation_duration: 1 }