# This file was generated by Animated Java via MC-Build. It is not recommended to edit this file directly.
$data merge entity $(bone_head_lower) { transformation: [-0.9419481793207262f,-0.258736948082155f,0.21398322170558454f,0.19828654082567163f,-0.19596561504518392f,0.941155938294972f,0.275359723874197f,0.33254984355004075f,-0.27263731438365507f,0.21744123691067302f,-0.9372236676996717f,0.4400207423240532f,0f,0f,0f,1f], start_interpolation: 0, interpolation_duration: 1 }
$data merge entity $(bone_head_upper) { transformation: [-0.980473467376536f,-0.32615267153611127f,0.1255713231753082f,0.19931505799271984f,-0.20398052704819236f,0.8377249458538373f,0.5831644727371812f,0.3914992367714333f,-0.2837880669430656f,0.5247030517612323f,-0.8530081963947796f,0.39291057693415465f,0f,0f,0f,1f], start_interpolation: 0, interpolation_duration: 1 }
$data merge entity $(bone_neck_0) { transformation: [-0.9553096527454239f,-0.10305779725255013f,0.2770605670189639f,0.21921181945905133f,-0.032965855929274035f,0.9685551871201151f,0.24660515372872815f,0.39173437376045794f,-0.29376303326706693f,0.22645074503779306f,-0.928667507969112f,0.32928039661030845f,0f,0f,0f,1f], start_interpolation: 0, interpolation_duration: 1 }
$data merge entity $(bone_neck_1) { transformation: [-0.9971634200240707f,-0.030402069747535735f,0.06885367035216697f,0.22490457050723506f,-0.0049757679038948035f,0.9394186570017318f,0.3427358000134064f,0.4250963787544435f,-0.07510230022885765f,0.3414210026230506f,-0.9369051944931278f,0.2514851136375219f,0f,0f,0f,1f], start_interpolation: 0, interpolation_duration: 1 }
$data merge entity $(bone_neck_2) { transformation: [-0.9945314540541554f,0.09888825802978665f,0.03359016702491732f,0.2288154989161434f,0.10441859452957598f,0.9476333889246356f,0.30180741758889684f,0.46081489523930314f,-0.0019859540265325104f,0.3036644078897708f,-0.952776985116433f,0.17098776825742973f,0f,0f,0f,1f], start_interpolation: 0, interpolation_duration: 1 }
$data merge entity $(bone_body_0) { transformation: [-0.9856698180261615f,0.10549495405394262f,-0.1316275977955629f,0.1677848769846427f,0.09486676038286113f,0.9918909445516518f,0.08457335213229344f,0.5101230000597177f,0.13948228420389003f,0.07087431682625686f,-0.9876849313458603f,-0.29382926960671557f,0f,0f,0f,1f], start_interpolation: 0, interpolation_duration: 1 }
$data merge entity $(bone_leg_left_3) { transformation: [-0.960277996296145f,-0.02678577694434483f,-0.2777565336458331f,0.5002581771019553f,-0.06115724466410589f,0.9913843118945264f,0.11583150501703371f,0.08700439686986844f,0.27226083312616894f,0.12821726983095633f,-0.9536426848996115f,-0.45498039566761367f,0f,0f,0f,1f], start_interpolation: 0, interpolation_duration: 1 }
$data merge entity $(bone_leg_left_2) { transformation: [-0.9798390917497665f,-0.30186343959525946f,0.029257778716202144f,0.4292783429399336f,-0.30252037076437366f,0.965842456165244f,-0.16640905817283155f,0.30652876226258274f,0.021423796401968283f,-0.1675977720767851f,-1.0116887897191107f,-0.5252796716757886f,0f,0f,0f,1f], start_interpolation: 0, interpolation_duration: 1 }
$data merge entity $(bone_leg_left_1) { transformation: [-0.9938837393711614f,-0.1093585274804994f,-0.015356597308463456f,0.42017732065838054f,-0.033024862983049796f,0.1616399562359252f,0.9862970561514413f,0.2987895006657862f,-0.10537775400220045f,0.9807717558205606f,-0.16426287452162358f,-0.24802408402581405f,0f,0f,0f,1f], start_interpolation: 0, interpolation_duration: 1 }
$data merge entity $(bone_leg_left_0) { transformation: [-0.996450321519033f,0.03196963841505959f,0.0778761771289932f,0.3105271482528978f,-0.04092457781025196f,0.6244504087902322f,-0.7799915806550509f,0.602706684545069f,-0.07356585944355326f,-0.7804099109963445f,-0.6209254666568357f,-0.5124450809205146f,0f,0f,0f,1f], start_interpolation: 0, interpolation_duration: 1 }
$data merge entity $(bone_leg_right_3) { transformation: [-0.9298061462040171f,0.0654914517594058f,0.36217592441751223f,-0.25659008664397887f,0.11695883531943231f,0.985609872228989f,0.12204020077612726f,0.08027494888915854f,-0.3489715766677222f,0.15583340306622623f,-0.9240859208790289f,-0.18964525539418625f,0f,0f,0f,1f], start_interpolation: 0, interpolation_duration: 1 }
$data merge entity $(bone_leg_right_2) { transformation: [-0.9353028426645693f,0.4173536604905488f,0.05555820442932152f,-0.15613754846396227f,0.23783954937381566f,0.6354090902372149f,-0.7692527778944117f,0.2042455497169627f,-0.3474235754204523f,-0.6885734598572244f,-0.6761846265059674f,-0.3705088774125489f,0f,0f,0f,1f], start_interpolation: 0, interpolation_duration: 1 }
$data merge entity $(bone_leg_right_1) { transformation: [-0.9967427798331981f,0.058654214310294786f,-0.05534901981093107f,-0.15711828235272046f,-0.00808003839392707f,0.6102327330589158f,0.7921809922505075f,0.327851485351277f,0.08024053732335985f,0.7900479065519306f,-0.6077711423907608f,-0.12204560749771654f,0f,0f,0f,1f], start_interpolation: 0, interpolation_duration: 1 }
$data merge entity $(bone_leg_right_0) { transformation: [-0.9872493255408673f,-0.07620521562651245f,-0.13975526584146855f,-0.06086894220919724f,0.05875840319695668f,0.6414983800493175f,-0.7648707593102544f,0.6351576882503629f,0.1479399177803161f,-0.7633299375141905f,-0.628841146253754f,-0.38776395602889213f,0f,0f,0f,1f], start_interpolation: 0, interpolation_duration: 1 }
$data merge entity $(bone_tail_4) { transformation: [-1.8567506086422487f,-1.5811863680137217f,1.2953718302148676f,0.3340113149043031f,-1.494393675138207f,2.2440647658910438f,0.5971785342703625f,0.9415374681461878f,-1.3946060564236649f,-0.29947341734108757f,-2.3645403255796857f,-2.119912195581842f,0f,0f,0f,1f], start_interpolation: 0, interpolation_duration: 1 }
$data merge entity $(bone_tail_3) { transformation: [-1.506036803765056f,-1.2441286168987902f,0.7210704933382609f,0.22391918100190522f,-1.168536899062231f,1.667377214111493f,0.43625711161683817f,0.8512477884791517f,-0.8380454565711849f,-0.08912203161813546f,-1.9041225281596494f,-1.7961712509467742f,0f,0f,0f,1f], start_interpolation: 0, interpolation_duration: 1 }
$data merge entity $(bone_tail_2) { transformation: [-1.6101246827939124f,-0.8255341997142487f,0.738082424911158f,0.08532423339130832f,-0.7380351293652044f,1.7710303784720787f,0.37084959397943107f,0.782183344353398f,-0.8255764826371126f,0.026805944004598306f,-1.7710106684278706f,-1.4675483256607298f,0f,0f,0f,1f], start_interpolation: 0, interpolation_duration: 1 }
$data merge entity $(bone_tail_1) { transformation: [-1.4361021056071894f,-0.20670199733275954f,0.42724849510471746f,-0.0027161459524874896f,-0.1217119700068465f,1.4763864275389784f,0.3051648127418139f,0.6985842626948067f,-0.4587517723427894f,0.2553696357779087f,-1.4184461253410399f,-1.1649978965589536f,0f,0f,0f,1f], start_interpolation: 0, interpolation_duration: 1 }
$data merge entity $(bone_tail_0) { transformation: [-1.2761855646300395f,0.05930378705948462f,-0.04085562451289261f,0.010653923125410497f,0.04774322513155114f,1.2396239259703794f,0.308040294766528f,0.6384820625713483f,0.05391387268573076f,0.30602499830277713f,-1.23987003808054f,-0.7952941258262853f,0f,0f,0f,1f], start_interpolation: 0, interpolation_duration: 1 }
$data merge entity $(bone_body_1) { transformation: [-1.1680826640916144f,0.12485016414238219f,-0.38548660342287805f,0.09186461406056597f,0.10206207290271709f,1.228946271883636f,0.08876367023936763f,0.5350675f,0.39213622400855475f,0.05203933505707932f,-1.1713776865227457f,-0.5264704406104127f,0f,0f,0f,1f], start_interpolation: 0, interpolation_duration: 1 }