# This file was generated by Animated Java via MC-Build. It is not recommended to edit this file directly.
$data merge entity $(bone_head_lower) { transformation: [-0.9372063848973504f,-0.2783369402569931f,0.21017311863322147f,0.17853146670405415f,-0.1986088223839469f,0.9212625352235535f,0.33440974397396506f,0.32055933074848014f,-0.2867032050377202f,0.27166871163578266f,-0.918693302108627f,0.4495226227897517f,0f,0f,0f,1f], start_interpolation: 0, interpolation_duration: 1 }
$data merge entity $(bone_head_upper) { transformation: [-0.9755377355369917f,-0.3424046623973478f,0.1206528752057877f,0.17885751705931904f,-0.20673184046577434f,0.8083073860336739f,0.6223930096045023f,0.38155161833687f,-0.2984292466640942f,0.5593479770549588f,-0.8255554299279568f,0.40507837639387f,0f,0f,0f,1f], start_interpolation: 0, interpolation_duration: 1 }
$data merge entity $(bone_neck_0) { transformation: [-0.9543655833897087f,-0.12338804951558544f,0.2719590455895153f,0.1987540976457112f,-0.043968969550708434f,0.9587863868708648f,0.28070517285536645f,0.3841538478257937f,-0.29538629446517917f,0.2559375970580557f,-0.9204579748441962f,0.3415009374948937f,0f,0f,0f,1f], start_interpolation: 0, interpolation_duration: 1 }
$data merge entity $(bone_neck_1) { transformation: [-0.996519928283283f,-0.04765453526992329f,0.06838916436459605f,0.20432801898800312f,-0.02015480228179784f,0.9338677052990172f,0.3570502666915817f,0.4187029034841704f,-0.08088149651967214f,0.35442933607103627f,-0.9315782464468472f,0.26421684470397344f,0f,0f,0f,1f], start_interpolation: 0, interpolation_duration: 1 }
$data merge entity $(bone_neck_2) { transformation: [-0.9965605941004029f,0.0767881458531028f,0.031153859194238895f,0.20780913464785544f,0.08272833777643598f,0.943664826715307f,0.320394626904256f,0.45601094420474464f,-0.004796291796770047f,0.32186996672074286f,-0.946771736010422f,0.18442384798436562f,0f,0f,0f,1f], start_interpolation: 0, interpolation_duration: 1 }
$data merge entity $(bone_body_0) { transformation: [-0.9883422054464057f,0.08360617288754366f,-0.127238723619945f,0.14863845465545888f,0.0712974020684741f,0.9925895330408917f,0.09840070810695856f,0.5118424849720296f,0.13452273187688743f,0.08818178243130875f,-0.9869790311124226f,-0.2798956265026662f,0f,0f,0f,1f], start_interpolation: 0, interpolation_duration: 1 }
$data merge entity $(bone_leg_left_3) { transformation: [-0.9555975256852237f,-0.006449613671884547f,-0.29460443205722747f,0.4752506474849081f,-0.042090100309513316f,0.9924967818063858f,0.11479791618275523f,0.08030308066504699f,0.29165354851298025f,0.12210053475497637f,-0.9486989338311367f,-0.436860581662462f,0f,0f,0f,1f], start_interpolation: 0, interpolation_duration: 1 }
$data merge entity $(bone_leg_left_2) { transformation: [-0.9844814387985615f,-0.28778723890985913f,0.006082867945978829f,0.4068285446822362f,-0.28464112442486716f,0.9700560125161392f,-0.17330020879424807f,0.3006243899792978f,0.04287104440010731f,-0.16802391854323076f,-1.0109363164166754f,-0.5072026642029331f,0f,0f,0f,1f], start_interpolation: 0, interpolation_duration: 1 }
$data merge entity $(bone_leg_left_1) { transformation: [-0.9959199082333708f,-0.09021026236479059f,0.002375910038219943f,0.40202959353206724f,-0.014280301794149101f,0.1835416270265941f,0.9829082073770159f,0.2986415500884987f,-0.08910448566207022f,0.9788639229803632f,-0.18408099011682783f,-0.22973838889241432f,0f,0f,0f,1f], start_interpolation: 0, interpolation_duration: 1 }
$data merge entity $(bone_leg_left_0) { transformation: [-0.998137160869487f,0.032304328686824146f,0.05175556433363884f,0.2944410742403363f,-0.02148465141977325f,0.6078603127608053f,-0.7937532676617507f,0.5994256000124036f,-0.057101819977743495f,-0.7933865832735199f,-0.6060339195431224f,-0.49855234759329686f,0f,0f,0f,1f], start_interpolation: 0, interpolation_duration: 1 }
$data merge entity $(bone_leg_right_3) { transformation: [-0.9375080485162574f,0.053713579117550425f,0.3437928306198687f,-0.25523795717833536f,0.10021141600572135f,0.9878320341826803f,0.11893504254270898f,0.06760252436239689f,-0.3332211443911795f,0.14595452600344533f,-0.9314831964505548f,-0.19825199181125774f,0f,0f,0f,1f], start_interpolation: 0, interpolation_duration: 1 }
$data merge entity $(bone_leg_right_2) { transformation: [-0.9468234313039932f,0.3879681125368678f,0.07119222632428009f,-0.16113411346598386f,0.22070330222985945f,0.674507459954176f,-0.7405349001577813f,0.20160099425792205f,-0.3269214612399476f,-0.6682683814317721f,-0.7061175030120637f,-0.37533939602238453f,0f,0f,0f,1f], start_interpolation: 0, interpolation_duration: 1 }
$data merge entity $(bone_leg_right_1) { transformation: [-0.9952514641162764f,0.048321722755816074f,-0.08449576488983639f,-0.16334632787646694f,-0.039981810046833564f,0.5885156421411433f,0.8074966215536612f,0.3178594476832644f,0.08874670720532334f,0.8070404884918153f,-0.5837890645559447f,-0.12336228639868241f,0f,0f,0f,1f], start_interpolation: 0, interpolation_duration: 1 }
$data merge entity $(bone_leg_right_0) { transformation: [-0.9876412288907663f,-0.09993612514633471f,-0.12073762415201443f,-0.07791710015181834f,0.023785439453782364f,0.6658541834771388f,-0.7457026613979485f,0.6372346308183906f,0.15491628663612952f,-0.7393584903392462f,-0.6552480193775053f,-0.37833016283065146f,0f,0f,0f,1f], start_interpolation: 0, interpolation_duration: 1 }
$data merge entity $(bone_tail_4) { transformation: [-1.9315320810694698f,-1.9196608326992284f,0.45798191973040475f,0.14880649041901184f,-1.9290702088823266f,1.9717377034375347f,0.1288405590083113f,0.8652576822838771f,-0.4165732595860413f,-0.22981307152418762f,-2.720168010096891f,-2.16429171266465f,0f,0f,0f,1f], start_interpolation: 0, interpolation_duration: 1 }
$data merge entity $(bone_tail_3) { transformation: [-1.4754665637708921f,-1.444226988782944f,0.2704669113024916f,0.1170781920265532f,-1.4303454005012652f,1.4994839137886744f,0.20397439446734295f,0.8159975353908784f,-0.3362379819464704f,-0.04125437194278908f,-2.0545529008367285f,-1.8155117584758163f,0f,0f,0f,1f], start_interpolation: 0, interpolation_duration: 1 }
$data merge entity $(bone_tail_2) { transformation: [-1.6096200691558669f,-1.0152418258762934f,0.4440508337620912f,0.03309830666236632f,-0.9799829835014962f,1.6697426082834137f,0.2652675048572393f,0.7663575621793355f,-0.5172334676149107f,-0.004187132318038356f,-1.8844696556073233f,-1.4655764274746212f,0f,0f,0f,1f], start_interpolation: 0, interpolation_duration: 1 }
$data merge entity $(bone_tail_1) { transformation: [-1.454054201597775f,-0.28374539022487444f,0.3047477355813993f,-0.027622349160128085f,-0.2282590887425107f,1.468983178203834f,0.27864396738598485f,0.6886577597460808f,-0.348253380776548f,0.2218856139552469f,-1.4550404142488307f,-1.1548475751658156f,0f,0f,0f,1f], start_interpolation: 0, interpolation_duration: 1 }
$data merge entity $(bone_tail_0) { transformation: [-1.2744517079947075f,0.05254787346494233f,-0.08274830250653317f,-0.002173298125702522f,0.03223590185383313f,1.2436921809188746f,0.29330244175074827f,0.6329604770522741f,0.092571092707553f,0.29035184982981155f,-1.2413549503181451f,-0.785088099556664f,0f,0f,0f,1f], start_interpolation: 0, interpolation_duration: 1 }
$data merge entity $(bone_body_1) { transformation: [-1.1711085267459722f,0.13520755883535254f,-0.3725967386772367f,0.07534303578057093f,0.11891367347359477f,1.2285247872979335f,0.0720484580808843f,0.5334603571428571f,0.37811235354077455f,0.032409228386407835f,-1.1766840209127956f,-0.5137085389357985f,0f,0f,0f,1f], start_interpolation: 0, interpolation_duration: 1 }