# This file was generated by Animated Java via MC-Build. It is not recommended to edit this file directly.
$data merge entity $(bone_head_lower) { transformation: [-0.9358484708262206f,-0.2920022750151336f,0.19728738185249095f,0.16297893461438556f,-0.19952024489113196f,0.9005014040475039f,0.38637920905123435f,0.30924996768967855f,-0.29048117242053234f,0.32222956520850304f,-0.9009932273745082f,0.4586701970873405f,0f,0f,0f,1f], start_interpolation: 0, interpolation_duration: 1 }
$data merge entity $(bone_head_upper) { transformation: [-0.9741242833461502f,-0.35096615021777566f,0.10666107340623275f,0.16214861984538498f,-0.2076805397737439f,0.7771762537201428f,0.6605587079407238f,0.37217396212239373f,-0.3023617313387103f,0.596901813230908f,-0.7973440608463946f,0.4170128088613262f,0f,0f,0f,1f], start_interpolation: 0, interpolation_duration: 1 }
$data merge entity $(bone_neck_0) { transformation: [-0.9558549071418417f,-0.14033538861884792f,0.2581615292681267f,0.18142859548373722f,-0.05482483889819269f,0.9483291299855302f,0.3125157568198363f,0.3770063723046935f,-0.28867911862940154f,0.28456605546355107f,-0.9141589175549659f,0.3533758180029313f,0f,0f,0f,1f], start_interpolation: 0, interpolation_duration: 1 }
$data merge entity $(bone_neck_1) { transformation: [-0.9961611310945253f,-0.061996381121242936f,0.061801695966578106f,0.18637840070108802f,-0.03483192743878841f,0.9284187625838212f,0.3698990917983249f,0.41261878949246983f,-0.0803102591664025f,0.3663264254871552f,-0.9270141381135613f,0.2765331734955661f,0f,0f,0f,1f], start_interpolation: 0, interpolation_duration: 1 }
$data merge entity $(bone_neck_2) { transformation: [-0.9981135844284241f,0.05683999805376397f,0.023205326989531844f,0.18896786049126857f,0.06133975336521842f,0.9391924385833215f,0.33786831453246435f,0.4514138688268776f,-0.002589833302967942f,0.3386543635170854f,-0.9409072828043689f,0.1974182765950918f,0f,0f,0f,1f], start_interpolation: 0, interpolation_duration: 1 }
$data merge entity $(bone_body_0) { transformation: [-0.9898946194217866f,0.062451032233919436f,-0.1273126506389456f,0.12956080981339177f,0.04822393718104789f,0.992546321014563f,0.11192074214914081f,0.5136169392895495f,0.13335326888589802f,0.10465022318836245f,-0.9855278973545454f,-0.2660604015098422f,0f,0f,0f,1f], start_interpolation: 0, interpolation_duration: 1 }
$data merge entity $(bone_leg_left_3) { transformation: [-0.9502685827704619f,0.014886072013311555f,-0.3110755944451958f,0.4497190764273551f,-0.02212926576694582f,0.9931046417314577f,0.11512369941957729f,0.07363328646309833f,0.3106443564528951f,0.11628230919382265f,-0.9433867225971112f,-0.4188883094390929f,0f,0f,0f,1f], start_interpolation: 0, interpolation_duration: 1 }
$data merge entity $(bone_leg_left_2) { transformation: [-0.9886870055859412f,-0.27251334326757237f,-0.017224465951926178f,0.384130471083136f,-0.26546797707596764f,0.974441967923973f,-0.17903017565858223f,0.294829618777865f,0.06392931747948152f,-0.1681116545343586f,-1.0098087509409999f,-0.48918332694041516f,0f,0f,0f,1f], start_interpolation: 0, interpolation_duration: 1 }
$data merge entity $(bone_leg_left_1) { transformation: [-0.997303572102778f,-0.07045629510433857f,0.02053035682128299f,0.3837627682787059f,0.005706078017107194f,0.20446165704682762f,0.9788579424366584f,0.2983468669111397f,-0.07316437483298506f,0.9763356703909962f,-0.20350831181419266f,-0.21169300382989253f,0f,0f,0f,1f], start_interpolation: 0, interpolation_duration: 1 }
$data merge entity $(bone_leg_left_0) { transformation: [-0.9991590290361088f,0.03256765542068035f,0.02491149365293055f,0.27834409638991564f,-0.0008246434862883775f,0.591471149212195f,-0.8063257403882911f,0.5961217317709108f,-0.040994568649282026f,-0.8056681869541612f,-0.5909468824448219f,-0.4846844176864491f,0f,0f,0f,1f], start_interpolation: 0, interpolation_duration: 1 }
$data merge entity $(bone_leg_right_3) { transformation: [-0.9453144944849682f,0.041179592197843604f,0.3235502243903543f,-0.25325659500876463f,0.08233982617337433f,0.9899968256911115f,0.11457066879119454f,0.05605279440859803f,-0.3155957216794417f,0.13494638308581097f,-0.9392490692833766f,-0.2064557651194469f,0f,0f,0f,1f], start_interpolation: 0, interpolation_duration: 1 }
$data merge entity $(bone_leg_right_2) { transformation: [-0.9583435413907294f,0.35589008387727955f,0.08355898738731204f,-0.16623003284393786f,0.20214765273858595f,0.7112473115255681f,-0.7108627067448579f,0.1995610608754085f,-0.30459182961407527f,-0.6477126751470657f,-0.7346797310984394f,-0.3796690065286361f,0f,0f,0f,1f], start_interpolation: 0, interpolation_duration: 1 }
$data merge entity $(bone_leg_right_1) { transformation: [-0.992522572879668f,0.04099444398737527f,-0.11497129157528885f,-0.16876218469163937f,-0.07153294352021708f,0.56786463421286f,0.8200078019150965f,0.3089173741586091f,0.0989038943402007f,0.8221004882448741f,-0.5606860145499273f,-0.12462357800286886f,0f,0f,0f,1f], start_interpolation: 0, interpolation_duration: 1 }
$data merge entity $(bone_leg_right_0) { transformation: [-0.986570017047444f,-0.12557099264116917f,-0.10445825611275343f,-0.09484783720969214f,-0.010694294116775296f,0.6878043871590439f,-0.7258173028235934f,0.6393012807401773f,0.16298844602102958f,-0.7149524815062068f,-0.6799100790926449f,-0.3689398117505929f,0f,0f,0f,1f], start_interpolation: 0, interpolation_duration: 1 }
$data merge entity $(bone_tail_4) { transformation: [-1.7129718181924265f,-2.1505523964819746f,-0.2579016705338869f,-0.009716770759105785f,-2.0970149766712014f,1.728947148551201f,-0.48880597043546226f,0.7649007158396f,0.5421411894471893f,-0.10736609847764035f,-2.705589914085739f,-2.1736334459963853f,0f,0f,0f,1f], start_interpolation: 0, interpolation_duration: 1 }
$data merge entity $(bone_tail_3) { transformation: [-1.3453245819889343f,-1.5856339823158578f,-0.10868380406435124f,0.02422865943602051f,-1.5829002930180582f,1.3495444590983205f,-0.09540409490589147f,0.7678713727496334f,0.14308723739065327f,0.020979825705221285f,-2.0772653695312338f,-1.8216113069182351f,0f,0f,0f,1f], start_interpolation: 0, interpolation_duration: 1 }
$data merge entity $(bone_tail_2) { transformation: [-1.5549578673684683f,-1.1678520980446323f,0.19235743501209696f,-0.012957867196206431f,-1.1624384816393947f,1.5666392471187616f,0.11468269613954904f,0.7460653370330727f,-0.22274802381969908f,-0.023169408337028973f,-1.9412934789476082f,-1.4608993123678744f,0f,0f,0f,1f], start_interpolation: 0, interpolation_duration: 1 }
$data merge entity $(bone_tail_1) { transformation: [-1.4586999518851786f,-0.34503824728137084f,0.20198838650570428f,-0.05081217730848537f,-0.31247012083510267f,1.4605494747243661f,0.23835667699411153f,0.6772184561721851f,-0.24942558801268666f,0.1881491158506424f,-1.4798793992245274f,-1.1445074110801228f,0f,0f,0f,1f], start_interpolation: 0, interpolation_duration: 1 }
$data merge entity $(bone_tail_0) { transformation: [-1.2717322581239352f,0.05066174038872372f,-0.1181785441262929f,-0.015055101948316225f,0.024290573276676032f,1.248322100654759f,0.27374736099332203f,0.6273473507887664f,0.1262645963083676f,0.27011300905677105f,-1.2429529076523411f,-0.7747693744781194f,0f,0f,0f,1f], start_interpolation: 0, interpolation_duration: 1 }
$data merge entity $(bone_body_1) { transformation: [-1.173730793649862f,0.14599164111408408f,-0.36006535492759045f,0.05882147630223813f,0.13580455984752182f,1.2276518146296236f,0.055070306131918115f,0.5318532142857143f,0.36402986226261175f,0.012730193150882705f,-1.181492613865891f,-0.5009463606780419f,0f,0f,0f,1f], start_interpolation: 0, interpolation_duration: 1 }