# This file was generated by Animated Java via MC-Build. It is not recommended to edit this file directly.
$data merge entity $(bone_head_lower) { transformation: [-0.9560416873142576f,-0.2641186473575229f,0.12737987374518356f,0.09529779540904035f,-0.18484487821392342f,0.8800528424021431f,0.4374235539817086f,0.29386172755986545f,-0.22763273735424414f,0.39464963537033854f,-0.8901881835806813f,0.5151804227442672f,0f,0f,0f,1f], start_interpolation: 0, interpolation_duration: 1 }
$data merge entity $(bone_head_upper) { transformation: [-0.9951433939747079f,-0.3046397333267916f,0.01887328510320992f,0.08944934430609475f,-0.19240495671417365f,0.6760761742615045f,0.767706507599911f,0.36190677543529465f,-0.23694282146505885f,0.7304707948015556f,-0.7026681007998501f,0.48306930985287294f,0f,0f,0f,1f], start_interpolation: 0, interpolation_duration: 1 }
$data merge entity $(bone_neck_0) { transformation: [-0.9753831657700828f,-0.15690644515352614f,0.15494530454845662f,0.10233045471050985f,-0.09045970759815385f,0.9255049876016057f,0.3677737881168374f,0.37069426667317396f,-0.2011087298791054f,0.34470405479749633f,-0.9169156958917094f,0.4182496118684612f,0f,0f,0f,1f], start_interpolation: 0, interpolation_duration: 1 }
$data merge entity $(bone_neck_1) { transformation: [-0.9966130292818725f,-0.08202540484518932f,0.005856861411370123f,0.10244872695641274f,-0.07413197391321524f,0.9269657715128076f,0.3677484315226863f,0.40611780095994726f,-0.035593824033665976f,0.36606869765612066f,-0.9299068707601919f,0.3411607276189088f,0f,0f,0f,1f], start_interpolation: 0, interpolation_duration: 1 }
$data merge entity $(bone_neck_2) { transformation: [-0.9994877576846839f,0.003999699600865093f,-0.03175255330749138f,0.0997061247014314f,-0.007844713597009879f,0.931272620807114f,0.364238611632032f,0.4471455761315902f,0.031027128565549428f,0.3643011228889532f,-0.9307642070657984f,0.2631855380296765f,0f,0f,0f,1f], start_interpolation: 0, interpolation_duration: 1 }
$data merge entity $(bone_body_0) { transformation: [-0.9903518103323146f,-0.0019907231243968815f,-0.13856164257452006f,0.034383578036055976f,-0.020350089352957738f,0.9911457266443625f,0.13120984116271714f,0.5184261842131203f,0.13707357744960807f,0.13276364553619646f,-0.9816234760788402f,-0.1981851854799564f,0f,0f,0f,1f], start_interpolation: 0, interpolation_duration: 1 }
$data merge entity $(bone_leg_left_3) { transformation: [-0.9154996163114085f,0.12309573922437497f,-0.38302466176274913f,0.319640735552894f,0.06806811361981635f,0.9857093817758675f,0.15409005998855688f,0.04346494069564741f,0.39651883239249f,0.11499762460086732f,-0.9107954555740025f,-0.34084441203148474f,0f,0f,0f,1f], start_interpolation: 0, interpolation_duration: 1 }
$data merge entity $(bone_leg_left_2) { transformation: [-1.0000327515310705f,-0.18949369670157898f,-0.12684176865788496f,0.26999862209622033f,-0.16795782134190607f,0.9980166116417184f,-0.16677893343572617f,0.2706863816300136f,0.15422991154756857f,-0.14183504961132817f,-1.0040707906250814f,-0.40469697202151744f,0f,0f,0f,1f], start_interpolation: 0, interpolation_duration: 1 }
$data merge entity $(bone_leg_left_1) { transformation: [-0.9939124299509364f,0.02887352475075966f,0.10632215741552631f,0.29199811518986574f,0.11016716088819123f,0.2703687363465064f,0.9564329265914202f,0.2912174546058504f,-0.0011305975676913025f,0.96232378437554f,-0.27190376197154625f,-0.12882039997189743f,0f,0f,0f,1f], start_interpolation: 0, interpolation_duration: 1 }
$data merge entity $(bone_leg_left_0) { transformation: [-0.9938829329544319f,0.030114463017219956f,-0.10625363381588712f,0.19690738276218925f,0.10586165664062942f,0.5338897214057362f,-0.8389011115921869f,0.5814408345506642f,0.03146466645616347f,-0.8450176829478125f,-0.5338118491288036f,-0.4134876107711558f,0f,0f,0f,1f], start_interpolation: 0, interpolation_duration: 1 }
$data merge entity $(bone_leg_right_3) { transformation: [-0.9727695182940893f,0.01388515975780203f,0.2313583078611728f,-0.27603455573009483f,0.021407107385044942f,0.9993196348888149f,0.030033366096582192f,0.021066184613819372f,-0.23078388165400573f,0.03416825521132849f,-0.9724049209586112f,-0.20982734167138f,0f,0f,0f,1f], start_interpolation: 0, interpolation_duration: 1 }
$data merge entity $(bone_leg_right_2) { transformation: [-0.996050811115883f,0.22873060238040058f,0.08733437301993212f,-0.2184735095090568f,0.13307005709617223f,0.8128622045968257f,-0.6112361211046878f,0.19144680833625533f,-0.20551725251303626f,-0.5822366764240999f,-0.8190392609922951f,-0.37053901232385267f,0f,0f,0f,1f], start_interpolation: 0, interpolation_duration: 1 }
$data merge entity $(bone_leg_right_1) { transformation: [-0.9745705045799228f,0.04202669697394532f,-0.22010472131304817f,-0.21479182095505173f,-0.16613942444165522f,0.5236083634385506f,0.8356027605168611f,0.28606883053879384f,0.15036629691865766f,0.8509218756611344f,-0.5033109757121408f,-0.10968176449765318f,0f,0f,0f,1f], start_interpolation: 0, interpolation_duration: 1 }
$data merge entity $(bone_leg_right_0) { transformation: [-0.9740698344161769f,-0.21422736592018565f,-0.07276395653990014f,-0.17972042757724524f,-0.11418636114205277f,0.7431379162214705f,-0.659323526353449f,0.6447990747550987f,0.19531879737899852f,-0.6339185067222044f,-0.7483300703737036f,-0.3203708430363912f,0f,0f,0f,1f], start_interpolation: 0, interpolation_duration: 1 }
$data merge entity $(bone_tail_4) { transformation: [-1.0281884434774655f,-1.8047934636343013f,-1.8196731601917653f,-0.30291639495964906f,-0.8785931258076259f,2.0900519629677143f,-1.5765209300793912f,0.41650673561670637f,2.4076054443332215f,-0.008042220943577377f,-1.3524173463466536f,-2.054143659615362f,0f,0f,0f,1f], start_interpolation: 0, interpolation_duration: 1 }
$data merge entity $(bone_tail_3) { transformation: [-1.2434249504136692f,-1.4134291918986104f,-0.8899763132926897f,-0.1381777862483955f,-1.1481223352799241f,1.529104642646187f,-0.8243783240198003f,0.5413273458156169f,1.2131178928548456f,-0.001561208237553942f,-1.6924207711762171f,-1.7671563611085856f,0f,0f,0f,1f], start_interpolation: 0, interpolation_duration: 1 }
$data merge entity $(bone_tail_2) { transformation: [-1.5771409371112013f,-1.13065145998421f,-0.2302772579443119f,-0.09680499771176082f,-1.0636842802412882f,1.5757789473854529f,-0.4519627594693433f,0.6249346607851748f,0.44718686413886305f,-0.2394198404793233f,-1.8871873048347059f,-1.416058663563551f,0f,0f,0f,1f], start_interpolation: 0, interpolation_duration: 1 }
$data merge entity $(bone_tail_1) { transformation: [-1.4906282268465874f,-0.20434600128687921f,0.15468177360717547f,-0.1261687665166427f,-0.20560221040565552f,1.4984595033668267f,-0.0017600698714419199f,0.6071927153256306f,-0.15300807300435926f,-0.022761338442774278f,-1.5045686096246278f,-1.0918678718193806f,0f,0f,0f,1f], start_interpolation: 0, interpolation_duration: 1 }
$data merge entity $(bone_tail_0) { transformation: [-1.2592908118235153f,0.1656202473688493f,-0.14350017945068794f,-0.08023796723108685f,0.15300574606776712f,1.2637287838606623f,0.11582106499391644f,0.6038431348922153f,0.15688087681787233f,0.09692889707182385f,-1.264843427458641f,-0.7199121576695758f,0f,0f,0f,1f], start_interpolation: 0, interpolation_duration: 1 }
$data merge entity $(bone_body_1) { transformation: [-1.1845370141751068f,0.19117773227763674f,-0.29820753140481354f,-0.023786070362199038f,0.19926882353034764f,1.2201680634846759f,-0.00929665946117576f,0.5238175f,0.2928627546722249f,-0.05696987440293463f,-1.1998293359443084f,-0.43713131866694194f,0f,0f,0f,1f], start_interpolation: 0, interpolation_duration: 1 }