# This file was generated by Animated Java via MC-Build. It is not recommended to edit this file directly.
$data merge entity $(bone_head_lower) { transformation: [-0.9586391300546576f,-0.2541599566242287f,0.12811609881985586f,0.09005109313756751f,-0.18076210725227249f,0.8913502508787681f,0.41571599781590696f,0.2992581329088995f,-0.2198546767975766f,0.3753630865004275f,-0.9004257184149649f,0.5349674794437714f,0f,0f,0f,1f], start_interpolation: 0, interpolation_duration: 1 }
$data merge entity $(bone_head_upper) { transformation: [-0.9978470710409224f,-0.295967582187155f,0.013279898073737478f,0.08401094023154512f,-0.18815520212134576f,0.6691259723989604f,0.7748161043494954f,0.3676385519535502f,-0.22884664147248215f,0.7403685338660352f,-0.6949500639120267f,0.5036131920822844f,0f,0f,0f,1f], start_interpolation: 0, interpolation_duration: 1 }
$data merge entity $(bone_neck_0) { transformation: [-0.9770255223436478f,-0.1550061977061799f,0.14626758821350191f,0.09630061933445737f,-0.0925998339275588f,0.92689142923326f,0.36372730055704244f,0.37614257669970935f,-0.1919541597509949f,0.3418265014398346f,-0.919950130967811f,0.4386410318522209f,0f,0f,0f,1f], start_interpolation: 0, interpolation_duration: 1 }
$data merge entity $(bone_neck_1) { transformation: [-0.9965328672132456f,-0.0831140589334732f,0.003781239393459264f,0.09623804385960126f,-0.07609082954086405f,0.9288223620120173f,0.3626281917973289f,0.4111409125589546f,-0.033651600608747806f,0.3610831940620061f,-0.9319262292383712f,0.3613581138436166f,0f,0f,0f,1f], start_interpolation: 0, interpolation_duration: 1 }
$data merge entity $(bone_neck_2) { transformation: [-0.9994743798784852f,-0.003939591432619856f,-0.03217830924491412f,0.09338041157005746f,-0.015442999107201578f,0.9305908990974489f,0.36573500283070626f,0.4522931083409217f,0.028503995247899275f,0.3660396947550167f,-0.9301626009029615f,0.2834526511714712f,0f,0f,0f,1f], start_interpolation: 0, interpolation_duration: 1 }
$data merge entity $(bone_body_0) { transformation: [-0.9915560499411114f,-0.009859136857739929f,-0.12930350824939157f,0.0323462324177841f,-0.027249538887267746f,0.9906843996948476f,0.1334236966647631f,0.524612703502755f,0.12678352596300274f,0.13582053460975546f,-0.9825877670329043f,-0.17834341835918402f,0f,0f,0f,1f], start_interpolation: 0, interpolation_duration: 1 }
$data merge entity $(bone_leg_left_3) { transformation: [-0.9068595821605593f,0.1482044302223287f,-0.39451380851124934f,0.31532505367323366f,0.07565875011849198f,0.97816927117382f,0.19354748890591383f,0.04971160974070493f,0.4145858798537204f,0.14567197326099526f,-0.8982751384916341f,-0.3285787736385607f,0f,0f,0f,1f], start_interpolation: 0, interpolation_duration: 1 }
$data merge entity $(bone_leg_left_2) { transformation: [-1.0002729017556826f,-0.17893942931820847f,-0.13963166599748983f,0.26774748694024003f,-0.16026004172343558f,1.0036427210423053f,-0.1381311225839197f,0.27914177644841587f,0.16072660184538012f,-0.11289007323394343f,-1.0067199165235412f,-0.3857560926930172f,0f,0f,0f,1f], start_interpolation: 0, interpolation_duration: 1 }
$data merge entity $(bone_leg_left_1) { transformation: [-0.9923663019411876f,0.040432448665089674f,0.11650896903893984f,0.29231611605143015f,0.12301701826133091f,0.2577818866352357f,0.9583398729787203f,0.29589634547067356f,0.00871412586913652f,0.9653567817225523f,-0.26078793682341506f,-0.10984115554709017f,0f,0f,0f,1f], start_interpolation: 0, interpolation_duration: 1 }
$data merge entity $(bone_leg_left_0) { transformation: [-0.9922505474000378f,0.02823154072723061f,-0.12100343504418376f,0.19787661979454854f,0.11689547716399604f,0.5422374401931398f,-0.8320540883088026f,0.5901228850006118f,0.042122423991586416f,-0.8397508788688214f,-0.5413355362768227f,-0.39058873531838084f,0f,0f,0f,1f], start_interpolation: 0, interpolation_duration: 1 }
$data merge entity $(bone_leg_right_3) { transformation: [-0.9743338770743968f,0.011395063322375713f,0.22481914624215948f,-0.269402812388424f,0.018399551774563996f,0.999407567427475f,0.029085574830006233f,0.021884785946218677f,-0.22435452409004247f,0.03247563241225304f,-0.9739663140066775f,-0.2036026235701632f,0f,0f,0f,1f], start_interpolation: 0, interpolation_duration: 1 }
$data merge entity $(bone_leg_right_2) { transformation: [-0.9987067550003432f,0.2152157723193713f,0.09126438715268652f,-0.2148664780185439f,0.12399359822381334f,0.8271604140240748f,-0.5937115769224368f,0.19615396945727837f,-0.19817316825667994f,-0.5670538072504159f,-0.8314081876951966f,-0.36116883815279777f,0f,0f,0f,1f], start_interpolation: 0, interpolation_duration: 1 }
$data merge entity $(bone_leg_right_1) { transformation: [-0.9725360750016592f,0.03599227563803674f,-0.22995247099077407f,-0.21226134851542353f,-0.17916552397968416f,0.5148775687573458f,0.8383321562528834f,0.28799992775405064f,0.14857085123755748f,0.8565078197453418f,-0.49428843490175606f,-0.09930834303261912f,0f,0f,0f,1f], start_interpolation: 0, interpolation_duration: 1 }
$data merge entity $(bone_leg_right_0) { transformation: [-0.9734139870959315f,-0.2201603886412405f,-0.06320295087525328f,-0.1803740373555954f,-0.1284983087072357f,0.7533042384111833f,-0.6449968287140077f,0.651219648385906f,0.1896138032564657f,-0.6197274624099572f,-0.7615671197928211f,-0.30268462605393487f,0f,0f,0f,1f], start_interpolation: 0, interpolation_duration: 1 }
$data merge entity $(bone_tail_4) { transformation: [-1.4722574057405227f,-1.2986937380056174f,-1.942038629303543f,-0.2444089736318932f,-0.7025226173396725f,2.4353455281633165f,-1.0959997546446594f,0.45723655471576846f,2.2281340702409276f,-0.09026663237284648f,-1.6287823156308097f,-2.0557276588077413f,0f,0f,0f,1f], start_interpolation: 0, interpolation_duration: 1 }
$data merge entity $(bone_tail_3) { transformation: [-1.5345204670074206f,-1.120713678645391f,-0.8515828279603154f,-0.08904493233282448f,-0.9395482206945973f,1.753627240005722f,-0.6148057987234452f,0.5443242793144878f,1.0480656484063335f,-0.0688322573469238f,-1.7979894446363092f,-1.7501815144527444f,0f,0f,0f,1f], start_interpolation: 0, interpolation_duration: 1 }
$data merge entity $(bone_tail_2) { transformation: [-1.7246271580435328f,-0.908445124827313f,-0.1384286672584557f,-0.06480277950405164f,-0.8640969796561081f,1.7033767861877815f,-0.4130590866069307f,0.6208774325752711f,0.31268426645844477f,-0.3033296135507517f,-1.9049917506528142f,-1.395888674105669f,0f,0f,0f,1f], start_interpolation: 0, interpolation_duration: 1 }
$data merge entity $(bone_tail_1) { transformation: [-1.4905291450107623f,-0.09395493463990448f,0.23906398333981166f,-0.1136741697983937f,-0.10096792515168372f,1.50868249262706f,-0.0365904978261506f,0.6104056764688701f,-0.23618762872777763f,-0.05201784979613082f,-1.4930391144703938f,-1.0737418030459391f,0f,0f,0f,1f], start_interpolation: 0, interpolation_duration: 1 }
$data merge entity $(bone_tail_0) { transformation: [-1.2561747980272606f,0.2056238728057914f,-0.11653075266875418f,-0.0746591051043186f,0.19770482686209553f,1.2595298522208203f,0.09128564719634036f,0.6141245876718623f,0.12951214159540209f,0.07168745274435129f,-1.2696153869902598f,-0.7010007324256455f,0f,0f,0f,1f], start_interpolation: 0, interpolation_duration: 1 }
$data merge entity $(bone_body_1) { transformation: [-1.1896410507407786f,0.18716764101838937f,-0.2798696832531846f,-0.022200392954448322f,0.1921562234370182f,1.2213437603067807f,-0.0000032195943279758323f,0.5318591666666667f,0.2764683548673325f,-0.04350044105011312f,-1.204274700988793f,-0.41809367024188493f,0f,0f,0f,1f], start_interpolation: 0, interpolation_duration: 1 }