# This file was generated by Animated Java via MC-Build. It is not recommended to edit this file directly.
$data merge entity $(bone_head_lower) { transformation: [-0.9622370139352228f,-0.24070830782150548f,0.12711978429313284f,0.08344499655998182f,-0.1745434193103938f,0.9039330137520587f,0.3904352717475155f,0.30601884272926766f,-0.2088887832997773f,0.35350334820879364f,-0.9118118550538321f,0.5554171880929821f,0f,0f,0f,1f], start_interpolation: 0, interpolation_duration: 1 }
$data merge entity $(bone_head_upper) { transformation: [-1.0015921068730844f,-0.283225841668989f,0.00826538831121841f,0.07734410641082642f,-0.18168217243376422f,0.6652493919940523f,0.7796837674690931f,0.3746497874706636f,-0.21743224749974518f,0.7487979110854567f,-0.689562795316549f,0.5246271076272174f,0f,0f,0f,1f], start_interpolation: 0, interpolation_duration: 1 }
$data merge entity $(bone_neck_0) { transformation: [-0.9790957222841223f,-0.14994797229458157f,0.13743060870736065f,0.08898093430028788f,-0.09276883117501755f,0.9305028765019037f,0.354342123919954f,0.3824883831448643f,-0.1810124597019591f,0.3341855808176445f,-0.9249618840829171f,0.4594513689752901f,0f,0f,0f,1f], start_interpolation: 0, interpolation_duration: 1 }
$data merge entity $(bone_neck_1) { transformation: [-0.9966171673057821f,-0.08213775684946835f,0.002758755359936294f,0.08883623870935269f,-0.07582450455091982f,0.931926419276138f,0.35463191278389417f,0.41682362922431815f,-0.03169962682754965f,0.35322307109657153f,-0.93500192283444f,0.3818716887466339f,0f,0f,0f,1f], start_interpolation: 0, interpolation_duration: 1 }
$data merge entity $(bone_neck_2) { transformation: [-0.9994649825178967f,-0.009876917449771937f,-0.03118004525639001f,0.08600793169964682f,-0.02057305458112313f,0.9309510539478006f,0.3645639650029625f,0.45787675945087297f,0.025426327806080604f,0.36501038568124267f,-0.9306561772207435f,0.303912907508078f,0f,0f,0f,1f], start_interpolation: 0, interpolation_duration: 1 }
$data merge entity $(bone_body_0) { transformation: [-0.9928016166467417f,-0.01546250921461308f,-0.11876809669437277f,0.029885673379545837f,-0.03138613140935421f,0.99056526558704f,0.1333992704913773f,0.5301837077474932f,0.11558486379613303f,0.13616668249342384f,-0.9839201054150506f,-0.15850779061453707f,0f,0f,0f,1f], start_interpolation: 0, interpolation_duration: 1 }
$data merge entity $(bone_leg_left_3) { transformation: [-0.8986226092400064f,0.17182505502129103f,-0.4036750631753381f,0.31143375853799643f,0.07962399687692935f,0.9687087962419553f,0.23508144802345532f,0.05646293580261835f,0.4314364672625919f,0.17910728223718902f,-0.884185023717085f,-0.31733971801155f,0f,0f,0f,1f], start_interpolation: 0, interpolation_duration: 1 }
$data merge entity $(bone_leg_left_2) { transformation: [-1.0004353395022467f,-0.16937338142039882f,-0.15001329488394974f,0.26576493284503494f,-0.15479696754331695f,1.008378110115576f,-0.10617761242289628f,0.28799289671047307f,0.16501281712373722f,-0.0809224579869745f,-1.009100850004066f,-0.3671323643345643f,0f,0f,0f,1f], start_interpolation: 0, interpolation_duration: 1 }
$data merge entity $(bone_leg_left_1) { transformation: [-0.9908188595965371f,0.04975690865255854f,0.1257069509182317f,0.292348081597555f,0.13407122435505434f,0.24192688929393907f,0.9609871419725106f,0.3000796057803602f,0.017403857841135892f,0.9690178689156864f,-0.2463766942191295f,-0.09116020391611396f,0f,0f,0f,1f], start_interpolation: 0, interpolation_duration: 1 }
$data merge entity $(bone_leg_left_0) { transformation: [-0.9906883856520192f,0.027046291365075803f,-0.13343545502448573f,0.19863690338061055f,0.12600579843457793f,0.5533400277409428f,-0.8233695114956086f,0.5990177114841498f,0.05156608667584392f,-0.8325162531885175f,-0.5515955283374688f,-0.36713393926039456f,0f,0f,0f,1f], start_interpolation: 0, interpolation_duration: 1 }
$data merge entity $(bone_leg_right_3) { transformation: [-0.975655375389804f,0.009831754053824894f,0.21908885203315626f,-0.26323447931027727f,0.016291398073094793f,0.9994835987661808f,0.027697042192774857f,0.022098876416868585f,-0.21870340377279263f,0.03059203179962866f,-0.9753117187692179f,-0.1980320933120468f,0f,0f,0f,1f], start_interpolation: 0, interpolation_duration: 1 }
$data merge entity $(bone_leg_right_2) { transformation: [-1.00099466892802f,0.20216380626935618f,0.09592532362762321f,-0.21159294604204748f,0.11482276629369464f,0.841453561950448f,-0.575181566918014f,0.20028665969387915f,-0.19206146052511855f,-0.550588683153118f,-0.8438167436507579f,-0.3521532729031305f,0f,0f,0f,1f], start_interpolation: 0, interpolation_duration: 1 }
$data merge entity $(bone_leg_right_1) { transformation: [-0.9706174727394429f,0.028560353394072487f,-0.23892682525598272f,-0.21049266130546546f,-0.1920519675557095f,0.5062806319721339f,0.8407115816068419f,0.28941426154461125f,0.1449750439588755f,0.8618957175342634f,-0.4859197554383027f,-0.08934451045103586f,0f,0f,0f,1f], start_interpolation: 0, interpolation_duration: 1 }
$data merge entity $(bone_leg_right_0) { transformation: [-0.9729778497106127f,-0.22487427311179548f,-0.052399096031841605f,-0.1813863878454328f,-0.14257366121205267f,0.7636189437467936f,-0.6297291956703468f,0.657077610376283f,0.18162283749876654f,-0.6052418277378661f,-0.7750454663149923f,-0.2850068863325612f,0f,0f,0f,1f], start_interpolation: 0, interpolation_duration: 1 }
$data merge entity $(bone_tail_4) { transformation: [-2.0244008866372196f,-0.6271244054432609f,-1.7703607999161852f,-0.14266717222177264f,-0.42591016750557026f,2.688446175313864f,-0.46531604663458026f,0.5101351053364757f,1.8292246748275116f,-0.0680696271305658f,-2.0675988359603243f,-2.061093426181772f,0f,0f,0f,1f], start_interpolation: 0, interpolation_duration: 1 }
$data merge entity $(bone_tail_3) { transformation: [-1.834867501006419f,-0.7283438030050321f,-0.6623609925252782f,-0.02322780895322093f,-0.6493674802989307f,1.9483846947569239f,-0.3436051262883468f,0.5493313632826414f,0.7399517925683556f,-0.0962180435551451f,-1.944005905035718f,-1.7305202946362905f,0f,0f,0f,1f], start_interpolation: 0, interpolation_duration: 1 }
$data merge entity $(bone_tail_2) { transformation: [-1.8542692398856004f,-0.6163949255623324f,0.022732284483999967f,-0.028971494056580685f,-0.6099673536175847f,1.821740376439563f,-0.3577369192205028f,0.615816326296474f,0.09164763247141287f,-0.3465446170316643f,-1.9210105191985642f,-1.373423327772074f,0f,0f,0f,1f], start_interpolation: 0, interpolation_duration: 1 }
$data merge entity $(bone_tail_1) { transformation: [-1.4748926798206585f,0.026750268390541242f,0.3341141364151948f,-0.09978705186689112f,0.009412412838358749f,1.5103863629778376f,-0.0793768921988037f,0.6144254425620442f,-0.33505109982806736f,-0.07532401789345947f,-1.4729980661332818f,-1.05520972150534f,0f,0f,0f,1f], start_interpolation: 0, interpolation_duration: 1 }
$data merge entity $(bone_tail_0) { transformation: [-1.2511575516131375f,0.24709029819658726f,-0.08594697296920292f,-0.06870861972356619f,0.24289266836694942f,1.2531455420415119f,0.0668215436748996f,0.6251392686353916f,0.09717844040233653f,0.04907495881439894f,-1.2735712448553327f,-0.6818583370333335f,0f,0f,0f,1f], start_interpolation: 0, interpolation_duration: 1 }
$data merge entity $(bone_body_1) { transformation: [-1.1952161851781389f,0.1811191737300678f,-0.2593428438415158f,-0.020614703006907275f,0.18260494150714324f,1.2227455997180272f,0.012378560644311622f,0.5399008333333333f,0.2582988600084022f,-0.02633701451929607f,-1.208798021027839f,-0.3990557448791258f,0f,0f,0f,1f], start_interpolation: 0, interpolation_duration: 1 }