# This file was generated by Animated Java via MC-Build. It is not recommended to edit this file directly.
$data merge entity $(bone_head_lower) { transformation: [-0.9713454977458271f,-0.20711929031759588f,0.11657411199424701f,0.06742782845151564f,-0.15585453972332008f,0.9253853194023882f,0.34550162529599143f,0.32230159582339984f,-0.17943602329672773f,0.31743284362660873f,-0.9311493453418634f,0.5973479224960782f,0f,0f,0f,1f], start_interpolation: 0, interpolation_duration: 1 }
$data merge entity $(bone_head_upper) { transformation: [-1.0110731238763409f,-0.2473922103878857f,0.00041832743311656846f,0.0615876741382816f,-0.16222892545861234f,0.6643442010414027f,0.7847295718084741f,0.3912660980433061f,-0.1867748818845542f,0.7621783382946299f,-0.6838649477162537f,0.5672606075119354f,0f,0f,0f,1f], start_interpolation: 0, interpolation_duration: 1 }
$data merge entity $(bone_neck_0) { transformation: [-0.9841031301772674f,-0.13197911166957302f,0.11883830720022528f,0.07173223867084426f,-0.08731005221034879f,0.9422263614610412f,0.3233982661532265f,0.3969117478442028f,-0.1546544016778407f,0.30788146720905f,-0.9387710147798938f,0.501610392713603f,0f,0f,0f,1f], start_interpolation: 0, interpolation_duration: 1 }
$data merge entity $(bone_neck_1) { transformation: [-0.9971960383690692f,-0.07477962445892876f,0.00284056804450843f,0.07162837168424048f,-0.06958455402102551f,0.9405477732386234f,0.3324573297395649f,0.42940823319843546f,-0.027532724215538075f,0.33132747248250993f,-0.9431140201882393f,0.4232426410819371f,0f,0f,0f,1f], start_interpolation: 0, interpolation_duration: 1 }
$data merge entity $(bone_neck_2) { transformation: [-0.9995259197417891f,-0.016381854573359344f,-0.026068575048665013f,0.06918418040073226f,-0.024603385053442332f,0.9340080689484455f,0.3564037045025034f,0.469776393490687f,0.018509705784874722f,0.35687611573196243f,-0.9339683232379052f,0.3449140514244605f,0f,0f,0f,1f], start_interpolation: 0, interpolation_duration: 1 }
$data merge entity $(bone_body_0) { transformation: [-0.9952362593644162f,-0.020774228676431236f,-0.09525344859491335f,0.02409368678245299f,-0.03297843005574934f,0.9911741059949072f,0.12839904499743918f,0.5397325542287953f,0.09174536063138293f,0.13092869444127098f,-0.9871375110766086f,-0.1190728963048574f,0f,0f,0f,1f], start_interpolation: 0, interpolation_duration: 1 }
$data merge entity $(bone_leg_left_3) { transformation: [-0.8830981234913547f,0.2146070234006538f,-0.41723078720674345f,0.30506836879121324f,0.0771109170129115f,0.9435544004301182f,0.32211643842931703f,0.07170640824907173f,0.46280839530358087f,0.25228737371511734f,-0.8497996648036835f,-0.2978198035890928f,0f,0f,0f,1f], start_interpolation: 0, interpolation_duration: 1 }
$data merge entity $(bone_leg_left_2) { transformation: [-1.0005034920659737f,-0.1537096894532888f,-0.1656148943563345f,0.26256846191740046f,-0.15015114717472705f,1.01407803810755f,-0.034096409352746763f,0.30679985355690415f,0.16884784531228048f,-0.009014626825894817f,-1.0116676040762027f,-0.33092421349209616f,0f,0f,0f,1f], start_interpolation: 0, interpolation_duration: 1 }
$data merge entity $(bone_leg_left_1) { transformation: [-0.988008313841635f,0.06345724446670661f,0.1407577703166039f,0.2920193509795134f,0.15083616862607108f,0.2019309436180785f,0.9677150118933361f,0.30733020872562644f,0.03298517870220881f,0.9773418399588778f,-0.20908109874347408f,-0.0549790205341254f,0f,0f,0f,1f], start_interpolation: 0, interpolation_duration: 1 }
$data merge entity $(bone_leg_left_0) { transformation: [-0.9879922061759512f,0.025361787390697915f,-0.15240794033096128f,0.19950476059152134f,0.13852950684028473f,0.5822265412112781f,-0.8011378348597319f,0.6172565030256095f,0.06841766051367394f,-0.8126309337266829f,-0.5787486408453456f,-0.31897527283948557f,0f,0f,0f,1f], start_interpolation: 0, interpolation_duration: 1 }
$data merge entity $(bone_leg_right_3) { transformation: [-0.9778006372854623f,0.008361430463851266f,0.2093704855148935f,-0.2515369357879883f,0.013756833049543699f,0.9996094063468539f,0.024326616849394633f,0.021283969738047526f,-0.2090853014168883f,0.02666685627306764f,-0.977533741365443f,-0.18854243272695614f,0f,0f,0f,1f], start_interpolation: 0, interpolation_duration: 1 }
$data merge entity $(bone_leg_right_2) { transformation: [-1.0046672848943203f,0.17677252807687518f,0.10703886901999342f,-0.20546491665163613f,0.095945132152499f,0.8695432313434943f,-0.5354916432043065f,0.20727529693709565f,-0.18303108419065992f,-0.5144980482399512f,-0.8682474186992825f,-0.33501996453798805f,0f,0f,0f,1f], start_interpolation: 0, interpolation_duration: 1 }
$data merge entity $(bone_leg_right_1) { transformation: [-0.9668719746739289f,0.010120957830576014f,-0.2550610726918733f,-0.20844374554306197f,-0.21767258475432205f,0.48923019912093957f,0.8445545915537127f,0.291056759567494f,0.13333128078778012f,0.8720959686185219f,-0.4708199136430112f,-0.07047284442946666f,0f,0f,0f,1f], start_interpolation: 0, interpolation_duration: 1 }
$data merge entity $(bone_leg_right_0) { transformation: [-0.9723369947485081f,-0.2319397974001216f,-0.027653191957348583f,-0.1842006136129828f,-0.17011158849345928f,0.7842753797222607f,-0.596635714839244f,0.6673384700292465f,0.16007128444437319f,-0.5754268495156393f,-0.802035613144974f,-0.2497258039326551f,0f,0f,0f,1f], start_interpolation: 0, interpolation_duration: 1 }
$data merge entity $(bone_tail_4) { transformation: [-2.6576480243275804f,0.686238568061663f,-0.3027291497236264f,0.15620826946973776f,0.6156269341820778f,2.6324696784990778f,0.5628216425232208f,0.5780538392329606f,0.4284527842099841f,0.47417438889889324f,-2.68649366130186f,-2.0205268697977417f,0f,0f,0f,1f], start_interpolation: 0, interpolation_duration: 1 }
$data merge entity $(bone_tail_3) { transformation: [-2.0725848575756047f,0.12829905800441627f,0.15452147393787813f,0.12875163069059053f,0.13321606241796055f,2.077096407477486f,0.062205472447520276f,0.5471800708542396f,-0.15030307683679978f,0.07180105712135856f,-2.075620177039646f,-1.6692810202168333f,0f,0f,0f,1f], start_interpolation: 0, interpolation_duration: 1 }
$data merge entity $(bone_tail_2) { transformation: [-1.8952670493453123f,0.04255551311321337f,0.47426333926665903f,0.03919579224300426f,-0.03604851057690435f,1.9279399776827597f,-0.31705176602656443f,0.6065514046710087f,-0.4748022657421484f,-0.3162441236751247f,-1.8690442310683424f,-1.3222561212687778f,0f,0f,0f,1f], start_interpolation: 0, interpolation_duration: 1 }
$data merge entity $(bone_tail_1) { transformation: [-1.401335106284349f,0.2535161299160106f,0.5095544541728988f,-0.07221481779053385f,0.20430963639102717f,1.4879772957990174f,-0.17843034961690415f,0.6265634481965408f,-0.5312002846128742f,-0.09648517533306754f,-1.4128599076228856f,-1.0165375070420428f,0f,0f,0f,1f], start_interpolation: 0, interpolation_duration: 1 }
$data merge entity $(bone_tail_0) { transformation: [-1.237677393037857f,0.3180675869561927f,-0.028694903291465623f,-0.05615396265623343f,0.3175336400002195f,1.2378873511999426f,0.025357637733604898f,0.6490257839716822f,0.03409948409071339f,0.017425052398271145f,-1.2776420896783622f,-0.6427602957186918f,0f,0f,0f,1f], start_interpolation: 0, interpolation_duration: 1 }
$data merge entity $(bone_body_1) { transformation: [-1.2067967521397767f,0.16298996866653143f,-0.21372988605999763f,-0.017443289073183193f,0.15751344438701667f,1.22546116037015f,0.04515588907145943f,0.5559841666666667f,0.21779740337863235f,0.01684664935762742f,-1.2169162159093767f,-0.3609790631870612f,0f,0f,0f,1f], start_interpolation: 0, interpolation_duration: 1 }