# This file was generated by Animated Java via MC-Build. It is not recommended to edit this file directly.
$data merge entity $(bone_head_lower) { transformation: [-0.9763113824975436f,-0.1872077414423281f,0.10848661645473999f,0.05872804244230355f,-0.14356325368868195f,0.935607693143823f,0.32253346604718885f,0.3312218666439566f,-0.161881674676458f,0.29931840249833663f,-0.9403205928457534f,0.6183895285592158f,0f,0f,0f,1f], start_interpolation: 0, interpolation_duration: 1 }
$data merge entity $(bone_head_upper) { transformation: [-1.0162421112452837f,-0.22520729940542744f,-0.0023635163950711346f,0.05319266685479305f,-0.14943493094652668f,0.6660743780243946f,0.7858028168287067f,0.4003031778366786f,-0.16850256772002736f,0.7675275485723213f,-0.6826274895122725f,0.5885133080352546f,0f,0f,0f,1f], start_interpolation: 0, interpolation_duration: 1 }
$data merge entity $(bone_neck_0) { transformation: [-0.9868111247983327f,-0.11990110978617474f,0.10875443828319475f,0.06249001591986714f,-0.08186444075946801f,0.9492399064108576f,0.3037133737856233f,0.40456036298978054f,-0.13964962339150472f,0.2908046147315234f,-0.9465361370478472f,0.5226333267872969f,0f,0f,0f,1f], start_interpolation: 0, interpolation_duration: 1 }
$data merge entity $(bone_neck_1) { transformation: [-0.9976231152442746f,-0.06882489707831271f,0.00335461957133985f,0.06245712852921384f,-0.06415013607789367f,0.9454320555359529f,0.3194416823244121f,0.43597675345558595f,-0.025157105785373696f,0.3184672069573608f,-0.9475999990086962f,0.44382630823532504f,0f,0f,0f,1f], start_interpolation: 0, interpolation_duration: 1 }
$data merge entity $(bone_neck_2) { transformation: [-0.9995946590800874f,-0.017281665714278416f,-0.022624357862792592f,0.06030586678936538f,-0.0241183914468637f,0.9362803638104431f,0.350424576103047f,0.4758433444434653f,0.015126821628472537f,0.3508281978021781f,-0.9363176570450309f,0.3652326864198594f,0f,0f,0f,1f], start_interpolation: 0, interpolation_duration: 1 }
$data merge entity $(bone_body_0) { transformation: [-0.9963248999839559f,-0.020963341883765994f,-0.08304957536932102f,0.020965211318091793f,-0.03122431763507844f,0.9917594418524188f,0.12425076049989611f,0.5438500103096611f,0.07976048934268097f,0.1263872928487795f,-0.9887691927574265f,-0.0995665292937421f,0f,0f,0f,1f], start_interpolation: 0, interpolation_duration: 1 }
$data merge entity $(bone_leg_left_3) { transformation: [-0.8755679593537677f,0.23395989062598493f,-0.4226624162749226f,0.30261228513897326f,0.0709759813840034f,0.9277098949682925f,0.36649251130752514f,0.08029567259395137f,0.47785265367020435f,0.29089022045472085f,-0.8288785924513594f,-0.2894153827963303f,0f,0f,0f,1f], start_interpolation: 0, interpolation_duration: 1 }
$data merge entity $(bone_leg_left_2) { transformation: [-1.0003532499019123f,-0.14768809593940604f,-0.17188310338474058f,0.26132252031760367f,-0.15066509363153932f,1.0145619950218685f,0.005117354681761145f,0.3167130111827786f,0.1692796634932148f,0.030238784296534454f,-1.011183569364428f,-0.31335425080606233f,0f,0f,0f,1f], start_interpolation: 0, interpolation_duration: 1 }
$data merge entity $(bone_leg_left_1) { transformation: [-0.9868189551549823f,0.06873965552469481f,0.1465032747250907f,0.291880068559048f,0.15664955096897737f,0.17856915048646455f,0.9713773605946144f,0.31058668282964563f,0.04061117984061652f,0.981523264244352f,-0.1869834586776712f,-0.0375969480810992f,0f,0f,0f,1f], start_interpolation: 0, interpolation_duration: 1 }
$data merge entity $(bone_leg_left_0) { transformation: [-0.9868938949058083f,0.02419499260258312f,-0.15954636483042925f,0.1996161758152017f,0.14206642004174827f,0.599186963639863f,-0.7879036203118774f,0.6265060992038547f,0.0765347796375284f,-0.8002434535421096f,-0.5947712523053149f,-0.2944813092594011f,0f,0f,0f,1f], start_interpolation: 0, interpolation_duration: 1 }
$data merge entity $(bone_leg_right_3) { transformation: [-0.9787170793551997f,0.007968358025111297f,0.20505946417761622f,-0.24569632842868785f,0.012884998294855822f,0.9996603621123259f,0.022652532758942245f,0.020549358312873522f,-0.20480931472315655f,0.02481261154810277f,-0.9784873422333032f,-0.1844345441507953f,0f,0f,0f,1f], start_interpolation: 0, interpolation_duration: 1 }
$data merge entity $(bone_leg_right_2) { transformation: [-1.00612898791275f,0.16415843006696954f,0.11321956112044991f,-0.20237135849924023f,0.0861768153363942f,0.8830853164912402f,-0.5145834041209817f,0.2103586384906874f,-0.17983385576925287f,-0.4952519895328115f,-0.8800269602027255f,-0.32679484832653183f,0f,0f,0f,1f], start_interpolation: 0, interpolation_duration: 1 }
$data merge entity $(bone_leg_right_1) { transformation: [-0.9649156353193672f,-0.0004974690934618393f,-0.26255964891948436f,-0.20779822407567597f,-0.23046901323699456f,0.48067489677682507f,0.8460707284536884f,0.2914806337407265f,0.12578493810384403f,0.8768987376733358f,-0.4639253746165672f,-0.061458916578806505f,0f,0f,0f,1f], start_interpolation: 0, interpolation_duration: 1 }
$data merge entity $(bone_leg_right_0) { transformation: [-0.9719242234964669f,-0.23487118647528413f,-0.014100693049708818f,-0.1858573041161637f,-0.18357130893562362f,0.7943996117511746f,-0.5789912187462303f,0.6718661118812376f,0.147189939589809f,-0.5601471080111682f,-0.8152118369296859f,-0.2321421395844615f,0f,0f,0f,1f], start_interpolation: 0, interpolation_duration: 1 }
$data merge entity $(bone_tail_4) { transformation: [-2.458421252896839f,1.0573066961692072f,0.68112320848793f,0.3060751752520505f,1.2139135340686635f,2.3859407993318746f,0.677762322269763f,0.577707581563333f,-0.3289987943899856f,0.9028014089041564f,-2.5888937291767316f,-1.9626573914503416f,0f,0f,0f,1f], start_interpolation: 0, interpolation_duration: 1 }
$data merge entity $(bone_tail_3) { transformation: [-1.9312342275526253f,0.4616011463067138f,0.6270600179424513f,0.1952318390618551f,0.5142428954313786f,2.0153043577644447f,0.10024029189121285f,0.5409891970676788f,-0.5846658266668334f,0.24782706338979846f,-1.9831018995059282f,-1.628821775469928f,0f,0f,0f,1f], start_interpolation: 0, interpolation_duration: 1 }
$data merge entity $(bone_tail_2) { transformation: [-1.7981442866420223f,0.3295487731354267f,0.6905422547131819f,0.06561033043139926f,0.21598818573293763f,1.9105200800669042f,-0.34933651725481146f,0.6065444177830625f,-0.734030042330165f,-0.24512140826305256f,-1.7944049897307714f,-1.2958469092916192f,0f,0f,0f,1f], start_interpolation: 0, interpolation_duration: 1 }
$data merge entity $(bone_tail_1) { transformation: [-1.3589867188208518f,0.3380596648856005f,0.5714254203708224f,-0.06018813706809677f,0.2732973545656639f,1.4711863635016214f,-0.22039847965511275f,0.6357268775272348f,-0.6050784280206537f,-0.09477656263185961f,-1.3829511014926534f,-0.9965146413736979f,0f,0f,0f,1f], start_interpolation: 0, interpolation_duration: 1 }
$data merge entity $(bone_tail_0) { transformation: [-1.2325358630476406f,0.3385739415539231f,-0.007664788717000782f,-0.049777915332485614f,0.33848852381637695f,1.2325160590113202f,0.012860797325275562f,0.6617114616746558f,0.01079732050305303f,0.010371449458606508f,-1.27812814987f,-0.6227656079690853f,0f,0f,0f,1f], start_interpolation: 0, interpolation_duration: 1 }
$data merge entity $(bone_body_1) { transformation: [-1.2123576444078081f,0.1510604976050614f,-0.18966882497003054f,-0.015857566877659476f,0.1426623645539811f,1.226395177392842f,0.06486072512465675f,0.5640258333333333f,0.1960637315825338f,0.04171558446360929f,-1.220009597596282f,-0.3419403067882703f,0f,0f,0f,1f], start_interpolation: 0, interpolation_duration: 1 }