# This file was generated by Animated Java via MC-Build. It is not recommended to edit this file directly.
$data merge entity $(bone_head_lower) { transformation: [-0.8978174572134077f,0.3789079576742249f,0.2243937903196044f,-0.04961649427145767f,0.43995048230055217f,0.7496026416898777f,0.4945093049630797f,0.5190496940829508f,0.01916733279208105f,0.5427012430266807f,-0.8397070764087519f,0.7639435286689207f,0f,0f,0f,1f], start_interpolation: 0, interpolation_duration: 1 }
$data merge entity $(bone_head_upper) { transformation: [-0.9345378171228289f,0.2247791650992097f,0.3994813360948258f,-0.01732005393430601f,0.45794427371394386f,0.4183586498678377f,0.8359037174441056f,0.5862109860516121f,0.0199512687168885f,0.9262409565558896f,-0.47450140132408947f,0.7520373414351381f,0f,0f,0f,1f], start_interpolation: 0, interpolation_duration: 1 }
$data merge entity $(bone_neck_0) { transformation: [-0.8138577881460091f,0.5547077941849016f,0.17301665741947111f,-0.014873442238270702f,0.5735285483664698f,0.7190681778652711f,0.3924359308093086f,0.5997294829633346f,0.09327649694717133f,0.41861703101049214f,-0.903359992730044f,0.6867993112169175f,0f,0f,0f,1f], start_interpolation: 0, interpolation_duration: 1 }
$data merge entity $(bone_neck_1) { transformation: [-0.760297052423863f,0.6218077297414907f,0.1878923609658434f,0.003908097307726736f,0.6399343715862872f,0.6673431033420262f,0.3809687421354899f,0.63507690189616f,0.11150063738853426f,0.40988819165178053f,-0.9052951332059529f,0.6119972350986658f,0f,0f,0f,1f], start_interpolation: 0, interpolation_duration: 1 }
$data merge entity $(bone_neck_2) { transformation: [-0.760297052423863f,0.591963203990609f,0.26744711102713026f,0.03313415983110665f,0.6399343715862872f,0.6119074913158954f,0.4648152559178228f,0.6817891612111454f,0.11150063738853426f,0.5245462679236788f,-0.8440490629514915f,0.5431878426205332f,0f,0f,0f,1f], start_interpolation: 0, interpolation_duration: 1 }
$data merge entity $(bone_body_0) { transformation: [-0.760297052423863f,0.6487799519359646f,0.032139789071382915f,0.054461961913370355f,0.6399343715862872f,0.7396021341588291f,0.20850103887071886f,0.78710055378255f,0.11150063738853426f,0.1790900810030321f,-0.9774939134072795f,0.08420468371801287f,0f,0f,0f,1f], start_interpolation: 0, interpolation_duration: 1 }
$data merge entity $(bone_leg_left_3) { transformation: [-0.997416721906923f,0.061264634793112074f,0.03750369827249545f,0.22243086905499682f,0.07040673037149676f,0.7302976498034435f,0.679491158890211f,0.1837228985352045f,0.014239914987216341f,0.6803763570372159f,-0.7327245305064674f,-0.1888911859358324f,0f,0f,0f,1f], start_interpolation: 0, interpolation_duration: 1 }
$data merge entity $(bone_leg_left_2) { transformation: [-1.0226640967295435f,0.07885328686602065f,-0.0015823752608190688f,0.23917601437768862f,0.07792568761292185f,1.0134006199359145f,0.13787302210458519f,0.4243268978055656f,0.012162728768427437f,0.13734461097772704f,-1.016391029754285f,-0.18826852290850846f,0f,0f,0f,1f], start_interpolation: 0, interpolation_duration: 1 }
$data merge entity $(bone_leg_left_1) { transformation: [-0.8925386161874327f,-0.02269184409099126f,0.4503997100642637f,0.2268993022134062f,0.4320754545595349f,0.24304105911732f,0.8684709811791654f,0.43568806173436825f,-0.12917283066262034f,0.9697505472000937f,-0.20711894173089163f,0.08873976569019729f,0f,0f,0f,1f], start_interpolation: 0, interpolation_duration: 1 }
$data merge entity $(bone_leg_left_0) { transformation: [-0.9160364384010136f,0.37360552292501925f,-0.14593202788116436f,0.27895604244011296f,0.38909907102414487f,0.7394192669080984f,-0.5494188390046683f,0.8159769620816377f,-0.09736095957689334f,-0.5600696929534869f,-0.8227045536431978f,-0.07550921188374904f,0f,0f,0f,1f], start_interpolation: 0, interpolation_duration: 1 }
$data merge entity $(bone_leg_right_3) { transformation: [-0.9022848941250823f,-0.01360991307898754f,0.430925446103698f,-0.4240446400875811f,0.41197854183156096f,0.2674472596673526f,0.8710600693217226f,0.48301981303557506f,-0.12710488151141106f,0.9634763793484538f,-0.23570663022826494f,-0.28250556713360464f,0f,0f,0f,1f], start_interpolation: 0, interpolation_duration: 1 }
$data merge entity $(bone_leg_right_2) { transformation: [-0.7458022396742507f,0.6567239145637865f,0.25407660033458773f,-0.2619541227297614f,0.7040940169139566f,0.7005598827569128f,0.2559876276664239f,0.6531381526682329f,-0.009635047666448671f,0.36054368696779426f,-0.9601966544124324f,-0.22812278705279612f,0f,0f,0f,1f], start_interpolation: 0, interpolation_duration: 1 }
$data merge entity $(bone_leg_right_1) { transformation: [-0.9227764699354105f,0.1758706638665888f,0.3428601699303486f,-0.2507372471369809f,0.36616365664042294f,0.12304483358570578f,0.922379610292628f,0.6449384112703167f,0.12003234184692341f,0.9766931342642842f,-0.1779403225571764f,0.04904202240668229f,0f,0f,0f,1f], start_interpolation: 0, interpolation_duration: 1 }
$data merge entity $(bone_leg_right_0) { transformation: [-0.9718505978250004f,0.15586763279015747f,-0.17666832357721027f,-0.06215410742056658f,0.2100295537818603f,0.9129276234299134f,-0.34992962280550494f,1.0074486070987159f,0.1067426908288427f,-0.37718488228851765f,-0.9199660659652698f,-0.03657360642128432f,0f,0f,0f,1f], start_interpolation: 0, interpolation_duration: 1 }
$data merge entity $(bone_tail_4) { transformation: [-0.06545827579414863f,-0.8007403746680495f,-2.6420051851021276f,-0.76252639525053f,1.3567126660992148f,2.2922674873559186f,-0.728355572270127f,0.5598679534857489f,2.4043101479168647f,-1.3152893029244388f,0.3390694528212866f,-1.1414662976552246f,0f,0f,0f,1f], start_interpolation: 0, interpolation_duration: 1 }
$data merge entity $(bone_tail_3) { transformation: [-0.39455426980759023f,-0.6038024609815514f,-1.9533804141369044f,-0.4253965813775702f,0.9121229427381354f,1.7284962690525956f,-0.7185248160268555f,0.6647885168535315f,1.8298372035653248f,-0.9918007673057753f,-0.06302834651450152f,-1.1210734701088492f,0f,0f,0f,1f], start_interpolation: 0, interpolation_duration: 1 }
$data merge entity $(bone_tail_2) { transformation: [-0.8431007891607035f,-0.4047209688279421f,-1.7158542687857692f,-0.10714275165227727f,0.6895623915728926f,1.6747382121330567f,-0.7338456949198674f,0.8021172309783153f,1.6224853288851793f,-0.9220774008808166f,-0.5797314027547635f,-1.0123223408680078f,0f,0f,0f,1f], start_interpolation: 0, interpolation_duration: 1 }
$data merge entity $(bone_tail_1) { transformation: [-1.2402716785765364f,-0.19630955928821783f,-0.8431162258271431f,0.07787105575135847f,0.23578221499620267f,1.3407956208617502f,-0.6590372524899023f,0.9273195937706626f,0.8329400701205489f,-0.671852595447856f,-1.068869112463053f,-0.7748966968864617f,0f,0f,0f,1f], start_interpolation: 0, interpolation_duration: 1 }
$data merge entity $(bone_tail_0) { transformation: [-1.2200432778518222f,0.36646121878300164f,-0.1050537570993336f,0.11741356725486993f,0.3768685689912236f,1.2124912790199949f,-0.1472097027746206f,0.999597264819629f,0.05744735380429828f,-0.17148408093045175f,-1.265357154368817f,-0.40926814308833f,0f,0f,0f,1f], start_interpolation: 0, interpolation_duration: 1 }
$data merge entity $(bone_body_1) { transformation: [-1.0728299592550987f,0.6131035137812894f,0.04176787006766395f,0.06640625000000001f,0.602199955662643f,1.0321372438116656f,0.3172578106099501f,0.8563175000000001f,0.1224568780463712f,0.29563725472636976f,-1.1942393067108628f,-0.1515375f,0f,0f,0f,1f], start_interpolation: 0, interpolation_duration: 1 }