# This file was generated by Animated Java via MC-Build. It is not recommended to edit this file directly.
$data merge entity $(bone_head_lower) { transformation: [-0.8998821431099244f,0.36936097933069445f,0.23191506087306993f,-0.023503106501010073f,0.43608657165050857f,0.754256678329754f,0.4908414868581016f,0.6026005005736639f,0.006374208813278104f,0.5428345329313864f,-0.8398154793281487f,0.7569929368257945f,0f,0f,0f,1f], start_interpolation: 0, interpolation_duration: 1 }
$data merge entity $(bone_head_upper) { transformation: [-0.9366869478122275f,0.2019756902484662f,0.40656527757590927f,0.008768968947332468f,0.4539223307282762f,0.4030714844851053f,0.8455529780236658f,0.6700824693615699f,0.00663491129782084f,0.9381956840271309f,-0.45079571760215387f,0.7469852634417642f,0f,0f,0f,1f], start_interpolation: 0, interpolation_duration: 1 }
$data merge entity $(bone_neck_0) { transformation: [-0.8188353896792472f,0.5406499008795146f,0.19288931874991513f,0.012730378540626086f,0.5677503564881763f,0.7132256686564592f,0.41105799867791804f,0.6849018060554684f,0.08466485289885084f,0.44610181601123033f,-0.8909685922831951f,0.682105137453262f,0f,0f,0f,1f], start_interpolation: 0, interpolation_duration: 1 }
$data merge entity $(bone_neck_1) { transformation: [-0.7664105843383494f,0.607524242821564f,0.2086363117921589f,0.033203400747162805f,0.6336267845435152f,0.6616633414221622f,0.40089739401386076f,0.721911277412753f,0.10550788654501295f,0.4394495613857685f,-0.8920494206458858f,0.6085613325740186f,0f,0f,0f,1f], start_interpolation: 0, interpolation_duration: 1 }
$data merge entity $(bone_neck_2) { transformation: [-0.7664105843383494f,0.5739961469411998f,0.2883456944551213f,0.06408442720028608f,0.6336267845435152f,0.6018210294383645f,0.4861363455192307f,0.770392671319174f,0.10550788654501295f,0.5552835958520688f,-0.8249413397656836f,0.5417268576061356f,0f,0f,0f,1f], start_interpolation: 0, interpolation_duration: 1 }
$data merge entity $(bone_body_0) { transformation: [-0.7664105843383494f,0.6406738856862971f,0.04638737343039845f,0.09204984194890156f,0.6336267845435152f,0.742166061231465f,0.21841848700423455f,0.8804025446157496f,0.10550788654501295f,0.19679052252533624f,-0.9747520587929065f,0.08420454333246624f,0f,0f,0f,1f], start_interpolation: 0, interpolation_duration: 1 }
$data merge entity $(bone_leg_left_3) { transformation: [-0.9986767523039611f,0.050850939200954945f,0.0076763526491165045f,0.2797783042383262f,0.03138740969309716f,0.48445094051027143f,0.8742551782811869f,0.26795620693442124f,0.04073788065634382f,0.8733392629563232f,-0.4854059711813769f,-0.22968846852445146f,0f,0f,0f,1f], start_interpolation: 0, interpolation_duration: 1 }
$data merge entity $(bone_leg_left_2) { transformation: [-1.0242162318916752f,0.04410435668867371f,-0.03313782659425414f,0.28744591165379557f,0.038503359005782875f,1.0127497548362414f,0.1578531752138623f,0.5089648077753375f,0.03950697629007367f,0.1563807510562112f,-1.012939514000814f,-0.22447942031564294f,0f,0f,0f,1f], start_interpolation: 0, interpolation_duration: 1 }
$data merge entity $(bone_leg_left_1) { transformation: [-0.9115203975934365f,-0.006300178355981331f,0.41120660564220807f,0.28207899215487936f,0.3982056077496107f,0.23635753557398403f,0.886322407103733f,0.5182380336972086f,-0.10277576916699166f,0.9716457292295766f,-0.21293594844942854f,0.05282652826076201f,0f,0f,0f,1f], start_interpolation: 0, interpolation_duration: 1 }
$data merge entity $(bone_leg_left_0) { transformation: [-0.9332078994763742f,0.3426526142956434f,-0.10822292858380152f,0.31691623575078604f,0.3513041151534505f,0.8066606849978232f,-0.4752725091514273f,0.9144974933522642f,-0.07555418605970687f,-0.4815472201095169f,-0.8731573969071393f,-0.07394920150237477f,0f,0f,0f,1f], start_interpolation: 0, interpolation_duration: 1 }
$data merge entity $(bone_leg_right_3) { transformation: [-0.9110568655384677f,-0.013004516492902907f,0.4120755638302375f,-0.36997778535291526f,0.3893675540809401f,0.3014277666662463f,0.8703644117906163f,0.5657867957741104f,-0.13552968525104964f,0.9534003272672951f,-0.2695542995063643f,-0.2672295243290465f,0f,0f,0f,1f], start_interpolation: 0, interpolation_duration: 1 }
$data merge entity $(bone_leg_right_2) { transformation: [-0.769354191718263f,0.6280800571655976f,0.25626503658730376f,-0.21445993909613914f,0.6779998033113703f,0.72439415192422f,0.2600607215025523f,0.7416272277836973f,-0.02173922482462612f,0.36445953677952303f,-0.9585190930050246f,-0.2118633430235669f,0f,0f,0f,1f], start_interpolation: 0, interpolation_duration: 1 }
$data merge entity $(bone_leg_right_1) { transformation: [-0.9364025612794272f,0.15788156449225704f,0.31340653283364384f,-0.20683940130896225f,0.3344417620535303f,0.13097886933303754f,0.9332701878784992f,0.7343735592073433f,0.10629652404410186f,0.9787328273751303f,-0.17545113734149842f,0.06545001286789438f,0f,0f,0f,1f], start_interpolation: 0, interpolation_duration: 1 }
$data merge entity $(bone_leg_right_0) { transformation: [-0.977363706210961f,0.12875694746364447f,-0.1678744598246517f,-0.02897563309684642f,0.1866738290829908f,0.8982490509221203f,-0.3978712405452356f,1.0977389192213902f,0.09956438779537895f,-0.4202026784747508f,-0.9019515739137977f,-0.03768763139307314f,0f,0f,0f,1f], start_interpolation: 0, interpolation_duration: 1 }
$data merge entity $(bone_tail_4) { transformation: [-0.47812673608580514f,-0.818809543476138f,-2.5935703359177156f,-0.6938117949742536f,1.2984773835911259f,2.245123012859355f,-0.948177448071653f,0.617321146379129f,2.389772508031314f,-1.3837033353438626f,-0.003710958904793493f,-1.1874133666287263f,0f,0f,0f,1f], start_interpolation: 0, interpolation_duration: 1 }
$data merge entity $(bone_tail_3) { transformation: [-0.594570020664757f,-0.617400166435296f,-1.8976957214097374f,-0.36599098298565386f,0.8766205985746154f,1.6980524590273482f,-0.827103197062072f,0.7409505073325812f,1.7927544011174084f,-1.0350750730846956f,-0.22493727213896597f,-1.1391432954443805f,0f,0f,0f,1f], start_interpolation: 0, interpolation_duration: 1 }
$data merge entity $(bone_tail_2) { transformation: [-0.9508997526444851f,-0.41634630510137255f,-1.6556627946692128f,-0.05900909451907088f,0.6611841955321615f,1.6574502980926844f,-0.7965348981267142f,0.8899079095876499f,1.5739755382476317f,-0.947780638430477f,-0.66564761053967f,-1.0144625173105692f,0f,0f,0f,1f], start_interpolation: 0, interpolation_duration: 1 }
$data merge entity $(bone_tail_1) { transformation: [-1.2559545001012749f,-0.23652526998326912f,-0.8088821547881365f,0.11914450119245176f,0.19205967075524633f,1.3331772952734915f,-0.6880462428039589f,1.021487580891904f,0.8205776176235516f,-0.6740551505823542f,-1.077013592035243f,-0.7752455374923549f,0f,0f,0f,1f], start_interpolation: 0, interpolation_duration: 1 }
$data merge entity $(bone_tail_0) { transformation: [-1.2302904220155786f,0.33497953583730705f,-0.08949807065507034f,0.15338157047998285f,0.3435006876409372f,1.2224514558104165f,-0.14647672976013648f,1.0937914169986107f,0.04720669095542446f,-0.16503595166279109f,-1.2666374301953278f,-0.40908725249577516f,0f,0f,0f,1f], start_interpolation: 0, interpolation_duration: 1 }
$data merge entity $(bone_body_1) { transformation: [-1.087869005698124f,0.5859424224233596f,0.042627445411035636f,0.10400390625000006f,0.5763149866086168f,1.0469465823294977f,0.31680985624684116f,0.9496182812500001f,0.1140467347535012f,0.298628408577415f,-1.194327849017528f,-0.1515375f,0f,0f,0f,1f], start_interpolation: 0, interpolation_duration: 1 }