# This file was generated by Animated Java via MC-Build. It is not recommended to edit this file directly.
$data merge entity $(bone_head_lower) { transformation: [-0.9231345623136212f,0.3260444379599414f,0.20375869144020586f,-0.0018449279519123958f,0.3843382363683414f,0.7967928298715863f,0.466267419331978f,0.6190755357534614f,-0.010329565688445945f,0.5087398261789768f,-0.8608583445213693f,0.75265402945275f,0f,0f,0f,1f], start_interpolation: 0, interpolation_duration: 1 }
$data merge entity $(bone_head_upper) { transformation: [-0.9608903812728474f,0.16229449096428694f,0.365817052587044f,0.026719527939032362f,0.4000575100948748f,0.41509323459467024f,0.8666738358771023f,0.6882667448785061f,-0.010752040621117682f,0.9406540529758453f,-0.445562889866408f,0.7430568980445916f,0f,0f,0f,1f], start_interpolation: 0, interpolation_duration: 1 }
$data merge entity $(bone_neck_0) { transformation: [-0.8548802991746862f,0.4846167425237472f,0.18527354627326376f,0.031109657638079043f,0.5146458141542685f,0.7468459113551028f,0.4211423401483829f,0.7032095938283127f,0.06572183850508961f,0.45537654480422934f,-0.8878698341455649f,0.6782327182905392f,0f,0f,0f,1f], start_interpolation: 0, interpolation_duration: 1 }
$data merge entity $(bone_neck_1) { transformation: [-0.8095314008086344f,0.5496680703118138f,0.20621329633294094f,0.051110882478411244f,0.58053608790892f,0.697218377737534f,0.42055247518050387f,0.7420479061412777f,0.08738856756016192f,0.46016469467434f,-0.883522321186655f,0.6055067026833418f,0f,0f,0f,1f], start_interpolation: 0, interpolation_duration: 1 }
$data merge entity $(bone_neck_2) { transformation: [-0.8095314008086344f,0.5133014105093835f,0.28492204736363885f,0.08109773236508971f,0.58053608790892f,0.6276736788827658f,0.5186555730667334f,0.7936313418710332f,0.08738856756016192f,0.5852755033374045f,-0.8061115452919224f,0.5406154984540424f,0f,0f,0f,1f], start_interpolation: 0, interpolation_duration: 1 }
$data merge entity $(bone_body_0) { transformation: [-0.8095314008086344f,0.5843752380282035f,0.05625382017508492f,0.11317685147304773f,0.58053608790892f,0.7825659474651091f,0.22487416148469133f,0.9070686097577021f,0.08738856756016192f,0.2147000676467449f,-0.972762622232303f,0.08420140897521125f,0f,0f,0f,1f], start_interpolation: 0, interpolation_duration: 1 }
$data merge entity $(bone_leg_left_3) { transformation: [-0.9987004005022627f,0.029185811989393712f,-0.04178155592051995f,0.34253715482032393f,-0.028938605785510045f,0.3500925761470707f,0.9362679879296837f,0.30984204182441977f,0.041953154015051446f,0.936260314498712f,-0.34879299930325747f,-0.24194213709773368f,0f,0f,0f,1f], start_interpolation: 0, interpolation_duration: 1 }
$data merge entity $(bone_leg_left_2) { transformation: [-1.0245212365957064f,-0.020736745677232472f,-0.04459173290887428f,0.3347359452329459f,-0.028193783940939837f,1.009705424545759f,0.17821971184651436f,0.5506669584019018f,0.040293247724528386f,0.17924046005933122f,-1.009114221070253f,-0.23128508542111037f,0f,0f,0f,1f], start_interpolation: 0, interpolation_duration: 1 }
$data merge entity $(bone_leg_left_1) { transformation: [-0.9353822086286088f,-0.020287623780865988f,0.35305599570378593f,0.32912838708650205f,0.34045537388803615f,0.2183874766705933f,0.9145474555342705f,0.5547114621604877f,-0.09565700273280119f,0.9756512298740658f,-0.19736872972535396f,0.04614163092168651f,0f,0f,0f,1f], start_interpolation: 0, interpolation_duration: 1 }
$data merge entity $(bone_leg_left_0) { transformation: [-0.9540160209393775f,0.2902266526937376f,-0.07497947623973943f,0.33825579219317803f,0.2915175013047714f,0.8400638974687066f,-0.4575043110209006f,0.9556879403650654f,-0.06979239374043283f,-0.4583242719253203f,-0.8860405654032469f,-0.06979728820008863f,0f,0f,0f,1f], start_interpolation: 0, interpolation_duration: 1 }
$data merge entity $(bone_leg_right_3) { transformation: [-0.932588836012826f,-0.017063166146048997f,0.36053697633573545f,-0.3120577320342164f,0.32734926962643157f,0.38081718682224963f,0.8647662839726291f,0.568206681516792f,-0.15205432785450115f,0.9244928980699962f,-0.34956024201681685f,-0.252099183633652f,0f,0f,0f,1f], start_interpolation: 0, interpolation_duration: 1 }
$data merge entity $(bone_leg_right_2) { transformation: [-0.8203018981447715f,0.5597450829827082f,0.2566172976972915f,-0.17237874343003717f,0.6143839692231625f,0.7726171433051114f,0.2786705720619523f,0.7559616427625356f,-0.041222976146458375f,0.3765772051630645f,-0.9531801898329079f,-0.19371316873163524f,0f,0f,0f,1f], start_interpolation: 0, interpolation_duration: 1 }
$data merge entity $(bone_leg_right_1) { transformation: [-0.9629055362389982f,0.11834280193580918f,0.24250342164651856f,-0.17226704002309834f,0.25765270114177274f,0.13620652695980467f,0.956589184346079f,0.747362111131449f,0.08017489553866375f,0.9835866831365347f,-0.16164536146092912f,0.08366639294845762f,0f,0f,0f,1f], start_interpolation: 0, interpolation_duration: 1 }
$data merge entity $(bone_leg_right_0) { transformation: [-0.9893637849122776f,0.0689856322112812f,-0.1280635922206715f,-0.019716969536647755f,0.12127527810364572f,0.877324716847083f,-0.46432063073922236f,1.1155255506064758f,0.08032190252313476f,-0.4749129644025267f,-0.8763595541885012f,-0.040798206006226315f,0f,0f,0f,1f], start_interpolation: 0, interpolation_duration: 1 }
$data merge entity $(bone_tail_4) { transformation: [-1.2247609584823673f,-0.7814580577770566f,-2.3483920520459662f,-0.5879488487330835f,1.0656080781243458f,2.198409638256796f,-1.2872978745635233f,0.5886369678843113f,2.2338534755022534f,-1.4771525642109338f,-0.6734836921793814f,-1.2942409148982403f,0f,0f,0f,1f], start_interpolation: 0, interpolation_duration: 1 }
$data merge entity $(bone_tail_3) { transformation: [-0.9871032356998167f,-0.605421764692735f,-1.7306175819492102f,-0.2885755330349828f,0.7445822729332333f,1.6637476197108705f,-1.0067207273044692f,0.7430585241419629f,1.6754611206915482f,-1.0960628954522609f,-0.5722077317795297f,-1.186489793114493f,0f,0f,0f,1f], start_interpolation: 0, interpolation_duration: 1 }
$data merge entity $(bone_tail_2) { transformation: [-1.1813519788624391f,-0.42497326096068055f,-1.4975243251810708f,-0.011163700205644222f,0.559350388342699f,1.6384888154364765f,-0.9062314382944471f,0.9123284611832434f,1.4526900977501873f,-0.9764865611777744f,-0.868872459421136f,-1.02412647401363f,0f,0f,0f,1f], start_interpolation: 0, interpolation_duration: 1 }
$data merge entity $(bone_tail_1) { transformation: [-1.2994482806334444f,-0.2947262965065497f,-0.7157002348094621f,0.14769118611946003f,0.09880783238076851f,1.3239500400798854f,-0.7246030317578619f,1.0519766294539135f,0.7676766430073275f,-0.6692898860135302f,-1.1182038589903887f,-0.7760535186393832f,0f,0f,0f,1f], start_interpolation: 0, interpolation_duration: 1 }
$data merge entity $(bone_tail_0) { transformation: [-1.2503798709244682f,0.25986784030476606f,-0.053428461949362335f,0.16957529839453683f,0.26425700224132614f,1.242771395889444f,-0.1397254841088722f,1.1227979510186763f,0.023540002917705895f,-0.14772839848305244f,-1.2694321191494624f,-0.40866089848686354f,0f,0f,0f,1f], start_interpolation: 0, interpolation_duration: 1 }
$data merge entity $(bone_body_1) { transformation: [-1.1258647786877645f,0.5089928237029658f,0.04426511702777396f,0.12500000000000003f,0.502707342343117f,1.0844928447018838f,0.3158562850427174f,0.9763175f,0.09120538975806887f,0.30562423049481474f,-1.19452082513022f,-0.1515375f,0f,0f,0f,1f], start_interpolation: 0, interpolation_duration: 1 }