# This file was generated by Animated Java via MC-Build. It is not recommended to edit this file directly.
$data merge entity $(bone_head_lower) { transformation: [-0.9841915948437698f,0.14389316380276f,0.10325532455863186f,0.03167834611165507f,0.17153212876015317f,0.9195773518981434f,0.3534886457568443f,0.5029590079153656f,-0.04408665832070471f,0.36561215965395577f,-0.9297226012479659f,0.7534905429018478f,0f,0f,0f,1f], start_interpolation: 0, interpolation_duration: 1 }
$data merge entity $(bone_head_upper) { transformation: [-1.024444620993049f,0.04365780522300432f,0.17910655249048027f,0.04468778754684142f,0.17854772135472313f,0.4867085600080731f,0.9026114509562853f,0.5761670017738255f,-0.04588978427658057f,0.9190651316645004f,-0.4865031901653586f,0.7405754137673399f,0f,0f,0f,1f], start_interpolation: 0, interpolation_duration: 1 }
$data merge entity $(bone_neck_0) { transformation: [-0.9563523852454513f,0.2702055857197926f,0.11126120923825793f,0.04780522402373148f,0.2919231254649257f,0.8663932708726415f,0.4051463797263829f,0.5882070114028337f,0.01307685184304112f,0.41994242656872516f,-0.9074565302610623f,0.6750768946066533f,0f,0f,0f,1f], start_interpolation: 0, interpolation_duration: 1 }
$data merge entity $(bone_neck_1) { transformation: [-0.9347420064162569f,0.3269253402883957f,0.1392020233984646f,0.061103566609179635f,0.3539673532083593f,0.822495141573186f,0.4452065306699497f,0.6297109801916284f,0.03105630859549525f,0.4654262175316524f,-0.8845416563003693f,0.6022887671146643f,0f,0f,0f,1f], start_interpolation: 0, interpolation_duration: 1 }
$data merge entity $(bone_neck_2) { transformation: [-0.9347420064162569f,0.294522282946706f,0.1987813026639338f,0.08140185680878534f,0.3539673532083593f,0.7229251037340104f,0.5933686941976621f,0.6887724166622959f,0.03105630859549525f,0.6250087353301798f,-0.7799997349085389f,0.5400741664880064f,0f,0f,0f,1f], start_interpolation: 0, interpolation_duration: 1 }
$data merge entity $(bone_body_0) { transformation: [-0.9347420064162569f,0.3512355046414618f,0.0537680362312747f,0.11008848788053995f,0.3539673532083593f,0.9072167107163274f,0.2272992579392111f,0.8045400777472902f,0.03105630859549525f,0.23149829389502005f,-0.9723394703600777f,0.08401953100253307f,0f,0f,0f,1f], start_interpolation: 0, interpolation_duration: 1 }
$data merge entity $(bone_leg_left_3) { transformation: [-0.9901390761161029f,-0.1194249521735238f,-0.07322766380475208f,0.4351239955074928f,-0.13982289593462247f,0.8103620899388532f,0.5690016177150905f,0.28902086905280955f,-0.008612068300123796f,0.5736296400886952f,-0.8190695137113263f,-0.19597016488087504f,0f,0f,0f,1f], start_interpolation: 0, interpolation_duration: 1 }
$data merge entity $(bone_leg_left_2) { transformation: [-1.0093135402959637f,-0.18122956769483806f,-0.022454858473496455f,0.3906198635966659f,-0.18167941284960734f,0.9837673278170016f,0.22639928261174438f,0.5250505032107674f,-0.018465314038613335f,0.22675953786694988f,-1.0001506604829682f,-0.1740506277475334f,0f,0f,0f,1f], start_interpolation: 0, interpolation_duration: 1 }
$data merge entity $(bone_leg_left_1) { transformation: [-0.9706155469297357f,-0.09787415122893052f,0.2198320053575149f,0.3717018653326714f,0.20439595785980313f,0.14679690667741002f,0.967818661010686f,0.5095304896434064f,-0.12699508836511592f,0.9843126122889823f,-0.12247827897213526f,0.10238132442210648f,0f,0f,0f,1f], start_interpolation: 0, interpolation_duration: 1 }
$data merge entity $(bone_leg_left_0) { transformation: [-0.9830023931952799f,0.18333377651630492f,-0.009747890060004205f,0.33017898587062977f,0.15683546631697573f,0.8109510833520993f,-0.563702915475158f,0.8920613232087219f,-0.09544072232275458f,-0.5556501298464043f,-0.8259200940310054f,-0.059647347168630044f,0f,0f,0f,1f], start_interpolation: 0, interpolation_duration: 1 }
$data merge entity $(bone_leg_right_3) { transformation: [-0.9710149663878481f,-0.046128942176392115f,0.23452517081220312f,-0.22198537613649966f,0.15753542078231472f,0.6144098869831992f,0.7730996585022092f,0.4242934983970069f,-0.1797568531370781f,0.7876373603829241f,-0.5893342534413517f,-0.21629503993186353f,0f,0f,0f,1f], start_interpolation: 0, interpolation_duration: 1 }
$data merge entity $(bone_leg_right_2) { transformation: [-0.9280266528878816f,0.3690353167667703f,0.23375556893742477f,-0.12729996511334665f,0.4296873481885238f,0.8700587178422856f,0.3323083053642322f,0.6367061297254136f,-0.0787242900071139f,0.39858871281834213f,-0.9418023803736048f,-0.15236837055565855f,0f,0f,0f,1f], start_interpolation: 0, interpolation_duration: 1 }
$data merge entity $(bone_leg_right_1) { transformation: [-0.9986549191291617f,0.028572930740297056f,0.043265923404425546f,-0.1417210919392333f,0.046351581565593505f,0.11803454552975434f,0.9919271026380685f,0.617087454085629f,0.023235390797134464f,0.992598324444735f,-0.11920018005024102f,0.1240742533773709f,0f,0f,0f,1f], start_interpolation: 0, interpolation_duration: 1 }
$data merge entity $(bone_leg_right_0) { transformation: [-0.9979295379756035f,-0.06390991632050323f,0.007222176382840815f,-0.051367251721034374f,-0.05552289085721428f,0.7993601348042413f,-0.5982813581222493f,0.986102022860024f,0.03246299164674231f,-0.5974436354014087f,-0.8012535533098696f,-0.04904914236833581f,0f,0f,0f,1f], start_interpolation: 0, interpolation_duration: 1 }
$data merge entity $(bone_tail_4) { transformation: [-2.599026708489045f,-0.5329987812401167f,-0.7659202304138134f,-0.2718270954330245f,0.006736736937395005f,2.255863687473258f,-1.5927005278818078f,0.44356731959978146f,0.9331002714264072f,-1.5008839576516582f,-2.121870062168714f,-1.5639056152660293f,0f,0f,0f,1f], start_interpolation: 0, interpolation_duration: 1 }
$data merge entity $(bone_tail_3) { transformation: [-1.8147036379197197f,-0.46764002353090917f,-0.9078045169293826f,-0.1133207717281129f,0.1773645646935081f,1.6786450970334195f,-1.2192776449362088f,0.633884890721268f,1.0056530434282298f,-1.1399162129920413f,-1.423094694546314f,-1.3114463692425626f,0f,0f,0f,1f], start_interpolation: 0, interpolation_duration: 1 }
$data merge entity $(bone_tail_2) { transformation: [-1.6881644024366291f,-0.38392325903701097f,-0.9063541010658893f,0.053828815688384477f,0.1792099396114423f,1.6494367527040028f,-1.032480542856142f,0.8263457726953474f,0.9678629153413303f,-0.9750565137480242f,-1.3897050216169282f,-1.0526195771490956f,0f,0f,0f,1f], start_interpolation: 0, interpolation_duration: 1 }
$data merge entity $(bone_tail_1) { transformation: [-1.3855375710820166f,-0.404855553905022f,-0.4517010843383094f,0.15730249396802287f,-0.1458441635599284f,1.3156125192469543f,-0.7318124275770312f,0.9678809737323388f,0.5887880510639218f,-0.6268268737641524f,-1.244215797702074f,-0.777778419806298f,0f,0f,0f,1f], start_interpolation: 0, interpolation_duration: 1 }
$data merge entity $(bone_tail_0) { transformation: [-1.2762550724100774f,0.06559049272869681f,0.026581835812877777f,0.15111747915290635f,0.06344558417424602f,1.273088169299843f,-0.09516768160247588f,1.0264130675320349f,-0.031358644428046964f,-0.09370227871513231f,-1.2743909270578062f,-0.4076329742204559f,0f,0f,0f,1f], start_interpolation: 0, interpolation_duration: 1 }
$data merge entity $(bone_body_1) { transformation: [-1.200006023557454f,0.2941996870462111f,0.04512962025088381f,0.12080903790087466f,0.29576862493371725f,1.1576764705805056f,0.3176644535124004f,0.8745828061224491f,0.033332551460930636f,0.3191180481615313f,-1.1940088807906453f,-0.1515375f,0f,0f,0f,1f], start_interpolation: 0, interpolation_duration: 1 }