# This file was generated by Animated Java via MC-Build. It is not recommended to edit this file directly.
$data merge entity $(bone_head_lower) { transformation: [-0.996834044501694f,0.0426203546159844f,0.06712222504359128f,0.04863761091691997f,0.05931142363284213f,0.960821910608267f,0.27074602697311284f,0.4196142474643597f,-0.05295321283019848f,0.2738699718251123f,-0.9603078651054944f,0.7596184106267643f,0f,0f,0f,1f], start_interpolation: 0, interpolation_duration: 1 }
$data merge entity $(bone_head_upper) { transformation: [-1.037604141574295f,-0.01595020680944994f,0.08121070664705281f,0.05355580340323161f,0.0617372361463322f,0.5310650227754491f,0.8931015607650854f,0.49312640587830847f,-0.05511897717111492f,0.8950907635937013f,-0.5284376650735283f,0.7432712261662231f,0f,0f,0f,1f], start_interpolation: 0, interpolation_duration: 1 }
$data merge entity $(bone_neck_0) { transformation: [-0.9858128332479396f,0.15199814203954834f,0.07120128243364339f,0.056011137757720604f,0.16761125530409637f,0.9139976423536919f,0.3694790614734186f,0.50212755989857f,-0.008917673410433704f,0.3761713367448649f,-0.9265072047817688f,0.6772584485106201f,0f,0f,0f,1f], start_interpolation: 0, interpolation_duration: 1 }
$data merge entity $(bone_neck_1) { transformation: [-0.974687804085094f,0.20232786485611362f,0.09511634807194631f,0.0650008400238919f,0.22350724844814934f,0.8717250433300028f,0.43605040846494125f,0.5430826809661525f,0.005309845469938734f,0.446272208337099f,-0.8948815126076829f,0.6035061593526795f,0f,0f,0f,1f], start_interpolation: 0, interpolation_duration: 1 }
$data merge entity $(bone_neck_2) { transformation: [-0.974687804085094f,0.1772337607411167f,0.13627867999558116f,0.0786751037703608f,0.22350724844814934f,0.7579817096372453f,0.612787269569576f,0.6041885563608864f,0.005309845469938734f,0.6277355509360287f,-0.7784085582983566f,0.5414576549599392f,0f,0f,0f,1f], start_interpolation: 0, interpolation_duration: 1 }
$data merge entity $(bone_body_0) { transformation: [-0.974687804085094f,0.21907465533974937f,0.044609191379663335f,0.10178620831855872f,0.22350724844814934f,0.9500800107048207f,0.2176981468691569f,0.7158395763142461f,0.005309845469938734f,0.22215820634605826f,-0.9749961727587384f,0.08406194958759791f,0f,0f,0f,1f], start_interpolation: 0, interpolation_duration: 1 }
$data merge entity $(bone_leg_left_3) { transformation: [-0.9868841347452036f,-0.16028647178992814f,-0.019182063219264252f,0.4501919901732313f,-0.15863272046047155f,0.9408858821185893f,0.29928150098065653f,0.2523173304411831f,-0.029922643391271375f,0.29839906801305766f,-0.953972028741628f,-0.16179049478326227f,0f,0f,0f,1f], start_interpolation: 0, interpolation_duration: 1 }
$data merge entity $(bone_leg_left_2) { transformation: [-0.9989245588506724f,-0.2324820748509654f,-0.012806642755784638f,0.39405526358110776f,-0.2279585599308694f,0.9650393320023336f,0.26229026315025306f,0.48501889156181477f,-0.04740063480512101f,0.2582893185212561f,-0.991515006068285f,-0.1322994207852245f,0f,0f,0f,1f], start_interpolation: 0, interpolation_duration: 1 }
$data merge entity $(bone_leg_left_1) { transformation: [-0.9769489023470168f,-0.12206995081985438f,0.17512786560053095f,0.3710610953506651f,0.1644376547457471f,0.09281777191832496f,0.9820107529542825f,0.45487753317248386f,-0.1361289826035505f,0.9881719426916332f,-0.0706053239661576f,0.14261175105324714f,0f,0f,0f,1f], start_interpolation: 0, interpolation_duration: 1 }
$data merge entity $(bone_leg_left_0) { transformation: [-0.9877449170603744f,0.15607421953823583f,-0.0009037792456889765f,0.3175638220609626f,0.11997730221672369f,0.755569678539584f,-0.6439875059536377f,0.8179137886892788f,-0.09982697918995305f,-0.6362038186517904f,-0.7650354732681933f,-0.056511320174986834f,0f,0f,0f,1f], start_interpolation: 0, interpolation_duration: 1 }
$data merge entity $(bone_leg_right_3) { transformation: [-0.9798667631133057f,-0.0543140515122071f,0.1921226440432835f,-0.19733917938063245f,0.0905404640861195f,0.7367624500826585f,0.6700623228560667f,0.33096302470854144f,-0.1779425494616817f,0.6739666727342882f,-0.7170114177156103f,-0.19345549415275903f,0f,0f,0f,1f], start_interpolation: 0, interpolation_duration: 1 }
$data merge entity $(bone_leg_right_2) { transformation: [-0.961120062246109f,0.2903676412667009f,0.20975475764316398f,-0.12168148147141089f,0.3478272618315489f,0.9000557154846768f,0.3478190685555171f,0.5509742606515046f,-0.08559568549580641f,0.3970497971656365f,-0.9418529804040139f,-0.12987844741462898f,0f,0f,0f,1f], start_interpolation: 0, interpolation_duration: 1 }
$data merge entity $(bone_leg_right_1) { transformation: [-0.9990762771414512f,0.0035630786740806983f,-0.04282402273888421f,-0.13833950724783184f,-0.042256562603501524f,0.09962913091009634f,0.994126963315569f,0.5244740500966911f,0.007808672749867501f,0.9950182615130543f,-0.09938653774744471f,0.14586352377863762f,0f,0f,0f,1f], start_interpolation: 0, interpolation_duration: 1 }
$data merge entity $(bone_leg_right_0) { transformation: [-0.9921627928523328f,-0.10474584032490851f,0.0681270975022998f,-0.06964775108959753f,-0.12373953267992688f,0.7478796390984733f,-0.6521997956716108f,0.8855969336109809f,0.017364346564509928f,-0.6555183859790404f,-0.7549795527773066f,-0.052073294935505304f,0f,0f,0f,1f], start_interpolation: 0, interpolation_duration: 1 }
$data merge entity $(bone_tail_4) { transformation: [-2.7152884764355893f,-0.37759614866366015f,0.33210084289334135f,-0.09524800549613156f,-0.49237458272995605f,2.366886475368449f,-1.334569973661712f,0.3997450808009216f,-0.10216208502961738f,-1.3714703397566765f,-2.394638458546532f,-1.6640978559076054f,0f,0f,0f,1f], start_interpolation: 0, interpolation_duration: 1 }
$data merge entity $(bone_tail_3) { transformation: [-2.022465010499647f,-0.35204221944896563f,-0.3487794189377495f,-0.03266289539045894f,-0.10796970341325907f,1.743354345630505f,-1.1335800345632996f,0.5748982732851651f,0.4836562317327885f,-1.0829254024821495f,-1.711518258216768f,-1.363290331749043f,0f,0f,0f,1f], start_interpolation: 0, interpolation_duration: 1 }
$data merge entity $(bone_tail_2) { transformation: [-1.8462525967139503f,-0.3177628304031542f,-0.5560143952668389f,0.06925815144762591f,0.004507910040228275f,1.6901498050632573f,-0.9808910185104556f,0.7576492806082982f,0.6403943338887701f,-0.9280055468916046f,-1.596081037123225f,-1.0663296382171386f,0f,0f,0f,1f], start_interpolation: 0, interpolation_duration: 1 }
$data merge entity $(bone_tail_1) { transformation: [-1.4109807099061211f,-0.42612938850962795f,-0.3394163085669714f,0.1488537570561404f,-0.2358264818104451f,1.327222058738293f,-0.6859473210643766f,0.8892588743933689f,0.4910962805293142f,-0.5869851795802835f,-1.3045800443833933f,-0.77889246005403f,0f,0f,0f,1f], start_interpolation: 0, interpolation_duration: 1 }
$data merge entity $(bone_tail_0) { transformation: [-1.2773593000130554f,-0.003982658230546063f,0.04661623845403646f,0.13513530008009955f,-0.006328636446754054f,1.2765793037192215f,-0.06435018461900167f,0.9388696266016734f,-0.04635605262433097f,-0.0645378674360522f,-1.2757435857710298f,-0.40764794695746714f,0f,0f,0f,1f], start_interpolation: 0, interpolation_duration: 1 }
$data merge entity $(bone_body_1) { transformation: [-1.2178241439484752f,0.209199439627327f,0.0417677379328374f,0.11133381924198252f,0.2128711374852491f,1.1758562281953213f,0.3172579463090858f,0.7859093367346939f,0.013958090777394683f,0.3196909759910889f,-1.1942392752827908f,-0.1515375f,0f,0f,0f,1f], start_interpolation: 0, interpolation_duration: 1 }