# This file was generated by Animated Java via MC-Build. It is not recommended to edit this file directly.
$data merge entity $(bone_head_lower) { transformation: [-0.9880172329916589f,-0.14956235558231967f,0.038118881203071144f,0.05366311060056851f,-0.14665756705317615f,0.9866990376685492f,0.07011823650094579f,0.17200108104090284f,-0.04809891202043167f,0.06368760363388781f,-0.9968101041852573f,0.7867789388267235f,0f,0f,0f,1f], start_interpolation: 0, interpolation_duration: 1 }
$data merge entity $(bone_head_upper) { transformation: [-1.0284267261471707f,-0.13603914799271247f,-0.08546204855452699f,0.04439760594804519f,-0.15265580043833146f,0.6549199560727622f,0.7945111706663985f,0.24143125375837574f,-0.05006613748085399f,0.797524384539166f,-0.6670233732986273f,0.7586887620427868f,0f,0f,0f,1f], start_interpolation: 0, interpolation_duration: 1 }
$data merge entity $(bone_neck_0) { transformation: [-0.9945860106185046f,-0.10248627726245871f,0.017182271527663478f,0.04749356388820371f,-0.09681237571599537f,0.9739233041881112f,0.20518470086128918f,0.23892156240311566f,-0.03776283080216407f,0.2024103765427906f,-0.9785724337409125f,0.6921391358377434f,0f,0f,0f,1f], start_interpolation: 0, interpolation_duration: 1 }
$data merge entity $(bone_neck_1) { transformation: [-0.9968519190576887f,-0.07894587927221178f,0.007334822216027407f,0.04775122580187064f,-0.07148028705851309f,0.9348860720417003f,0.3476759998396114f,0.27268118611016573f,-0.03430481063984955f,0.3460571924528926f,-0.9375860491275376f,0.6143075338882277f,0f,0f,0f,1f], start_interpolation: 0, interpolation_duration: 1 }
$data merge entity $(bone_neck_2) { transformation: [-0.9968519190576887f,-0.07797534913637366f,-0.01435605788731702f,0.0457301000578692f,-0.07148028705851309f,0.8055153466157271f,0.5882479026129865f,0.3321026129287926f,-0.03430481063984955f,0.5874222257402301f,-0.8085532194440623f,0.5492234384446699f,0f,0f,0f,1f], start_interpolation: 0, interpolation_duration: 1 }
$data merge entity $(bone_body_0) { transformation: [-0.9968519190576887f,-0.07579386922580804f,0.023271030462454288f,0.05597561810174732f,-0.07148028705851309f,0.986123492009424f,0.14983666797273706f,0.4121141315725934f,-0.03430481063984955f,0.14770155007622904f,-0.9884368629669996f,0.0847838934579728f,0f,0f,0f,1f], start_interpolation: 0, interpolation_duration: 1 }
$data merge entity $(bone_leg_left_3) { transformation: [-0.9995790236111908f,-0.01255932296788746f,0.02615413854606703f,0.37786769137511506f,-0.007153115825397849f,0.980304412126403f,0.1973628447795957f,0.05953107653016157f,-0.028117761121522877f,0.19709267609958173f,-0.9799815654069303f,-0.06979115993393231f,0f,0f,0f,1f], start_interpolation: 0, interpolation_duration: 1 }
$data merge entity $(bone_leg_left_2) { transformation: [-1.007389926493589f,-0.19200294349855607f,0.019042194931936124f,0.3321377302803862f,-0.17833943769929989f,0.9652222361540483f,0.2976630297762375f,0.29344542729981027f,-0.07363953055956449f,0.28903823972333154f,-0.9813747067340274f,-0.032859882833026516f,0f,0f,0f,1f], start_interpolation: 0, interpolation_duration: 1 }
$data merge entity $(bone_leg_left_1) { transformation: [-0.9685260659990116f,-0.12268787512487145f,0.21657549440742796f,0.30660971847295193f,0.22049375601083185f,-0.019149770703523694f,0.9752003844555421f,0.2321307906803639f,-0.11549789193190377f,0.9922605361392467f,0.04559896248753781f,0.23658811142402916f,0f,0f,0f,1f], start_interpolation: 0, interpolation_duration: 1 }
$data merge entity $(bone_leg_left_0) { transformation: [-0.9795797872951344f,0.15890661169252887f,-0.12317519670460823f,0.2651275975399444f,0.1894701304882787f,0.5246443172727089f,-0.8299695235405984f,0.5277186649490238f,-0.06726447781387825f,-0.836359389923885f,-0.5440390251724349f,-0.05532680904542445f,0f,0f,0f,1f], start_interpolation: 0, interpolation_duration: 1 }
$data merge entity $(bone_leg_right_3) { transformation: [-0.9942822076481842f,0.013757920715046916f,0.10589433965916822f,-0.2195914365671635f,0.02967124075888615f,0.9882095021489811f,0.15020518411257056f,0.04253890953924161f,-0.10257928166097205f,0.15248835850667924f,-0.9829673399934798f,-0.11137770412373274f,0f,0f,0f,1f], start_interpolation: 0, interpolation_duration: 1 }
$data merge entity $(bone_leg_right_2) { transformation: [-1.0005429230665845f,0.1924456260562401f,0.118070909261725f,-0.16953150003606646f,0.21740365383816024f,0.9659299312448028f,0.2679127072834029f,0.27563820140970346f,-0.06092380404969882f,0.2863673313035669f,-0.9830280978501486f,-0.07491135045343306f,0f,0f,0f,1f], start_interpolation: 0, interpolation_duration: 1 }
$data merge entity $(bone_leg_right_1) { transformation: [-0.984072424757441f,0.009997632478541976f,-0.1774866478832539f,-0.1770006468731733f,-0.17620420486809857f,0.07728256799569361f,0.9813151801897249f,0.24107896596097f,0.02352745245051638f,0.9969591024855609f,-0.07429001919755895f,0.20033991067081752f,0f,0f,0f,1f], start_interpolation: 0, interpolation_duration: 1 }
$data merge entity $(bone_leg_right_0) { transformation: [-0.9809706320420737f,-0.13068724027893625f,0.14358782782412272f,-0.12593867800346303f,-0.19382897527900322f,0.6162654482934247f,-0.7633133207156784f,0.5677208698462244f,0.011267094268970518f,-0.7766194321982808f,-0.6298692801833997f,-0.05462091087990251f,0f,0f,0f,1f], start_interpolation: 0, interpolation_duration: 1 }
$data merge entity $(bone_tail_4) { transformation: [-1.059701893319433f,0.002834806680051209f,2.5500363120485754f,0.3218312003575723f,-0.6163865844494174f,2.679287686604127f,-0.2591262289354108f,0.34177683483098664f,-2.4744213075800148f,-0.6686335228528352f,-1.0275357591400003f,-1.7217256968886647f,0f,0f,0f,1f], start_interpolation: 0, interpolation_duration: 1 }
$data merge entity $(bone_tail_3) { transformation: [-1.7454780607121596f,0.07531574975917958f,1.1329516333256144f,0.12898744684558772f,-0.2882751988569074f,1.980234952569833f,-0.5757711944767703f,0.42002819867023683f,-1.098248275819714f,-0.6394861972735685f,-1.6495010318881467f,-1.4357734032740272f,0f,0f,0f,1f], start_interpolation: 0, interpolation_duration: 1 }
$data merge entity $(bone_tail_2) { transformation: [-1.9142834391938848f,0.07151145151150473f,0.3862368466802829f,0.05578836968292879f,-0.05524760905688848f,1.8533925026670777f,-0.6169747221351459f,0.5351226194911143f,-0.3888965043868454f,-0.6153017295302861f,-1.8135427112465556f,-1.099073754673702f,0f,0f,0f,1f], start_interpolation: 0, interpolation_duration: 1 }
$data merge entity $(bone_tail_1) { transformation: [-1.4790479104485683f,-0.2885364578682288f,-0.12969287211940722f,0.08863692971264f,-0.2424300914524561f,1.4321906300614646f,-0.4215612647320662f,0.6085624602725344f,0.2032269159242419f,-0.3914498200855395f,-1.4467626304957286f,-0.7831556657822896f,0f,0f,0f,1f], start_interpolation: 0, interpolation_duration: 1 }
$data merge entity $(bone_tail_0) { transformation: [-1.277506859814845f,-0.022426803573725736f,0.036179803641086444f,0.07752315147176388f,-0.02166402555358484f,1.2777452729180718f,0.027081434902227697f,0.6314829051019449f,-0.03664163897611121f,0.026453215324710507f,-1.2774166643175422f,-0.4092264633350672f,0f,0f,0f,1f], start_interpolation: 0, interpolation_duration: 1 }
$data merge entity $(bone_body_1) { transformation: [-1.2299476184705553f,0.12240679204150152f,0.029155242015250573f,0.06250000000000001f,0.12581145377088873f,1.1912363516004545f,0.3061568679320194f,0.48006750000000004f,0.002220129481530994f,0.30753394437687204f,-1.1975068012906391f,-0.1515375f,0f,0f,0f,1f], start_interpolation: 0, interpolation_duration: 1 }