# This file was generated by Animated Java via MC-Build. It is not recommended to edit this file directly.
$data merge entity $(bone_head_lower) { transformation: [-0.9999789629122177f,-0.004439216825794675f,0.004729385475881598f,-0.008217226687235553f,-0.004683409802133165f,0.9985867751706001f,-0.05293881493768693f,0.3933509229801321f,-0.004487694912890264f,-0.05295985090948574f,-0.9985865584845481f,0.8242023422798004f,0f,0f,0f,1f], start_interpolation: 0, interpolation_duration: 1 }
$data merge entity $(bone_head_upper) { transformation: [-1.0408776858374262f,-0.006722029051086663f,0.0006324829388904177f,-0.008647684567601347f,-0.004874959311619661f,0.8157047752494525f,0.6465863414815203f,0.45623980369861783f,-0.004671239764954596f,0.6465697770111f,-0.8157190972132392f,0.7824859200963704f,0f,0f,0f,1f], start_interpolation: 0, interpolation_duration: 1 }
$data merge entity $(bone_neck_0) { transformation: [-0.9996986953414237f,0.02408198283307114f,0.004751487712618546f,-0.008408312557230329f,0.023766675800261785f,0.9980380974523031f,-0.05792323502008753f,0.43628666946595174f,-0.006137072108159497f,-0.057792855411501476f,-0.9983097326027252f,0.718873410401887f,0f,0f,0f,1f], start_interpolation: 0, interpolation_duration: 1 }
$data merge entity $(bone_neck_1) { transformation: [-0.999816337501904f,0.017638080037207376f,0.007495958703193041f,-0.007692050040640489f,0.0183460588246615f,0.9939582242539898f,0.10821492763689056f,0.45003293545208173f,-0.0055419662468269085f,0.10833257391226547f,-0.9940992606574369f,0.6351592300978481f,0f,0f,0f,1f], start_interpolation: 0, interpolation_duration: 1 }
$data merge entity $(bone_neck_2) { transformation: [-0.999816337501904f,0.01571810764061864f,0.010965051594809518f,-0.006577539185429281f,0.0183460588246615f,0.9504182246459003f,0.31043295634732015f,0.48653437910595343f,-0.0055419662468269085f,0.31057710693663987f,-0.950532033787913f,0.5549262389353751f,0f,0f,0f,1f], start_interpolation: 0, interpolation_duration: 1 }
$data merge entity $(bone_body_0) { transformation: [-0.999816337501904f,0.017855203319590257f,0.006962971972872061f,-0.003125823475136331f,0.0183460588246615f,0.9967593538974261f,0.07832121387968713f,0.5329422522979632f,-0.0055419662468269085f,0.07843457230330086f,-0.9969038591949162f,0.08583637583068732f,0f,0f,0f,1f], start_interpolation: 0, interpolation_duration: 1 }
$data merge entity $(bone_leg_left_3) { transformation: [-0.9964822441458691f,-0.015521181381312641f,-0.0823542957625228f,0.19642602503740555f,-0.021973719226697247f,0.9967086121274153f,0.07803267376161646f,0.03360878153181576f,0.08087207654907207f,0.07956780403887599f,-0.9935434926539812f,-0.1566816017386165f,0f,0f,0f,1f], start_interpolation: 0, interpolation_duration: 1 }
$data merge entity $(bone_leg_left_2) { transformation: [-1.0223494370074777f,-0.02597078199238654f,-0.07867240071264796f,0.18635489318019652f,-0.02171149324283243f,1.0239475379930414f,-0.05587709727472401f,0.2705289306077909f,0.07995273111253905f,-0.05402922747353028f,-1.0211516062108277f,-0.20070985779024803f,0f,0f,0f,1f], start_interpolation: 0, interpolation_duration: 1 }
$data merge entity $(bone_leg_left_1) { transformation: [-0.9352852115699437f,0.020197537578154026f,0.35331803307267623f,0.19173005897725362f,0.3508478155246041f,0.18364818033866498f,0.9182478729623663f,0.26473262492171307f,-0.04633986793441585f,0.9827845162262558f,-0.1788496891407551f,0.07669038751031639f,0f,0f,0f,1f], start_interpolation: 0, interpolation_duration: 1 }
$data merge entity $(bone_leg_left_0) { transformation: [-0.9527617542411725f,0.2694679418974485f,-0.14011448156717077f,0.19815515673889228f,0.30321957340510103f,0.8174915209935234f,-0.48965855798476976f,0.6608246769340618f,-0.01740488320306293f,-0.5090134000134465f,-0.8605826100075684f,-0.055131776847022626f,0f,0f,0f,1f], start_interpolation: 0, interpolation_duration: 1 }
$data merge entity $(bone_leg_right_3) { transformation: [-0.9941408394273826f,-0.0042174655718272645f,0.1080102049195788f,-0.22581316734511397f,0.002454994642465461f,0.9980998206773679f,0.061568831116981554f,0.014590578062631782f,-0.10806463058709104f,0.0614732539236076f,-0.992241439705135f,-0.23415212222490364f,0f,0f,0f,1f], start_interpolation: 0, interpolation_duration: 1 }
$data merge entity $(bone_leg_right_2) { transformation: [-1.0096977156229705f,0.14377356734373017f,0.1090957556447872f,-0.18736178693257022f,0.13536666667835234f,1.0133650229267654f,-0.08264015586700145f,0.24804053768790912f,-0.11936744999722969f,-0.06695290242094347f,-1.0165288585373584f,-0.2809888573944461f,0f,0f,0f,1f], start_interpolation: 0, interpolation_duration: 1 }
$data merge entity $(bone_leg_right_1) { transformation: [-0.9710829668902482f,-0.028930036235384718f,-0.23698296229698146f,-0.20199221029244224f,-0.23686007502421158f,0.24114288681033855f,0.9411415478026147f,0.2589196894727648f,0.02991949657260402f,0.9700583287329663f,-0.24102212052142957f,-0.004075548887038635f,0f,0f,0f,1f], start_interpolation: 0, interpolation_duration: 1 }
$data merge entity $(bone_leg_right_0) { transformation: [-0.9648221854143191f,-0.2512696699410211f,0.07734147335077005f,-0.19475962566760546f,-0.26272632331304596f,0.9107146877551766f,-0.31870619157054364f,0.6729892174675152f,0.009645183810918487f,-0.3278144451892284f,-0.9446928918725556f,-0.057003748084652556f,0f,0f,0f,1f], start_interpolation: 0, interpolation_duration: 1 }
$data merge entity $(bone_tail_4) { transformation: [-2.67558611326524f,-0.017133554106482495f,-0.6830861756951976f,-0.13993674036953221f,0.009632794109416993f,2.7593716237733434f,-0.10694289500525461f,0.5202710914657467f,0.6832331164250279f,-0.1060000699912011f,-2.673502912918182f,-1.7946805949978741f,0f,0f,0f,1f], start_interpolation: 0, interpolation_duration: 1 }
$data merge entity $(bone_tail_3) { transformation: [-2.03583319221949f,-0.08605470314652848f,-0.4288628307142159f,-0.06637533970339762f,-0.005709861329433875f,2.0466522726428984f,-0.3835718947129726f,0.5652826110037302f,0.43737413845064727f,-0.37383765058707485f,-2.001223325884079f,-1.451688777492436f,0f,0f,0f,1f], start_interpolation: 0, interpolation_duration: 1 }
$data merge entity $(bone_tail_2) { transformation: [-1.9278232169286889f,-0.11891014528811342f,-0.2968701679540376f,-0.01264163813316251f,-0.03235025724207772f,1.8772644601434856f,-0.5418537464494774f,0.66643481825248f,0.3181587341719069f,-0.5296342124830333f,-1.8539246197837664f,-1.106939007001711f,0f,0f,0f,1f], start_interpolation: 0, interpolation_duration: 1 }
$data merge entity $(bone_tail_1) { transformation: [-1.5078687032355562f,-0.0660955973814099f,-0.09807953817956541f,0.010712509993859561f,-0.04644105542067f,1.4844174499496f,-0.2863639513914782f,0.7099560442650815f,0.10877247893716738f,-0.2824755853023782f,-1.4819015964408508f,-0.7847012630137522f,0f,0f,0f,1f], start_interpolation: 0, interpolation_duration: 1 }
$data merge entity $(bone_tail_0) { transformation: [-1.2781053315416715f,-0.003358673331900918f,0.01646807160026447f,0.00581910594821728f,-0.0035577208657650424f,1.2781175557237818f,-0.015445807098835423f,0.7453129214795338f,-0.016426219620568807f,-0.015490308200378434f,-1.2780164107885554f,-0.41160897264678487f,0f,0f,0f,1f], start_interpolation: 0, interpolation_duration: 1 }
$data merge entity $(bone_body_1) { transformation: [-1.2357613813955868f,0.035830308005088726f,0.014648970468326795f,1.8557991432579204e-17f,0.03825885430319812f,1.2017105863193185f,0.28815364278755284f,0.5973775f,-0.005887561033916723f,0.2884656839428053f,-1.2022302112610261f,-0.1515375f,0f,0f,0f,1f], start_interpolation: 0, interpolation_duration: 1 }