# This file was generated by Animated Java via MC-Build. It is not recommended to edit this file directly.
$data merge entity $(bone_head_lower) { transformation: [-0.9872737553341963f,-0.15503503017394654f,0.03542134169221825f,0.05042782674424267f,-0.15259453562717984f,0.9862453918780516f,0.06352113582134777f,0.1706579794107262f,-0.044782136226834184f,0.05730764711861991f,-0.997351690155829f,0.7896274307509762f,0f,0f,0f,1f], start_interpolation: 0, interpolation_duration: 1 }
$data merge entity $(bone_head_upper) { transformation: [-1.0276528405633003f,-0.1379030594807706f,-0.09156597649525816f,0.040699919976876775f,-0.158835588553275f,0.659334951153276f,0.789633219020166f,0.23984909815732391f,-0.04661370693928828f,0.7935566211412124f,-0.671987346571219f,0.7611070273822207f,0f,0f,0f,1f], start_interpolation: 0, interpolation_duration: 1 }
$data merge entity $(bone_neck_0) { transformation: [-0.9930746249728452f,-0.11657039371521294f,0.014633268401928913f,0.04385917784680422f,-0.11157652716564519f,0.9747881514830187f,0.1932323428258681f,0.23655727749407432f,-0.03678950693739559f,0.19026140711505324f,-0.9810438976630471f,0.6945944777338333f,0f,0f,0f,1f], start_interpolation: 0, interpolation_duration: 1 }
$data merge entity $(bone_neck_1) { transformation: [-0.9952865609048183f,-0.09696615003460966f,0.0014924576124240967f,0.04353889766264201f,-0.09076026848387775f,0.9367888206434102f,0.3379190423492929f,0.26949912456659186f,-0.03416482616659619f,0.3361908256704729f,-0.9411739974032495f,0.6164134763550729f,0f,0f,0f,1f], start_interpolation: 0, interpolation_duration: 1 }
$data merge entity $(bone_neck_2) { transformation: [-0.9952865609048183f,-0.0939144335061252f,-0.024181415621979244f,0.04050094329299355f,-0.09076026848387775f,0.8142099801146594f,0.5734323691128888f,0.32770772543020943f,-0.03416482616659619f,0.5729242423400405f,-0.818895950162227f,0.550281335811396f,0f,0f,0f,1f], start_interpolation: 0, interpolation_duration: 1 }
$data merge entity $(bone_body_0) { transformation: [-0.9952865609048183f,-0.09463144515890652f,0.02120262411580652f,0.0495921777244877f,-0.09076026848387775f,0.9859660007458474f,0.14012001655000622f,0.4031383223947704f,-0.03416482616659619f,0.1375352135286686f,-0.9899074854210517f,0.08505184491340223f,0f,0f,0f,1f], start_interpolation: 0, interpolation_duration: 1 }
$data merge entity $(bone_leg_left_3) { transformation: [-0.9997604573542197f,-0.0059048922251085925f,0.02107510756060508f,0.3621699533593663f,-0.0021248456910024013f,0.984555884406599f,0.17505769195076354f,0.0393888644709067f,-0.021783317967441315f,0.1749709768165821f,-0.9843325882699301f,-0.0658185758327499f,0f,0f,0f,1f], start_interpolation: 0, interpolation_duration: 1 }
$data merge entity $(bone_leg_left_2) { transformation: [-1.0103330220483324f,-0.17623902145576348f,0.01513906786076328f,0.3199893496409788f,-0.16730141655153744f,0.9805779699803324f,0.25007854827992165f,0.2754291650308331f,-0.05744231958431655f,0.2438623620123844f,-0.9946324586575724f,-0.03980232615014642f,0f,0f,0f,1f], start_interpolation: 0, interpolation_duration: 1 }
$data merge entity $(bone_leg_left_1) { transformation: [-0.9671007103864173f,-0.11066119895143407f,0.2290639976441475f,0.29703787968857653f,0.2299747100865621f,0.004636400162136067f,0.9731855611927961f,0.22049452726200125f,-0.10875591335963593f,0.9938473740168391f,0.020965411256250066f,0.2312489628340544f,0f,0f,0f,1f], start_interpolation: 0, interpolation_duration: 1 }
$data merge entity $(bone_leg_left_0) { transformation: [-0.9782573569946883f,0.1605883676991025f,-0.13123993159669345f,0.25702635705533217f,0.19821167373455365f,0.5377227007350237f,-0.8194915676866839f,0.5213808572361208f,-0.06103012273552938f,-0.8276869415871979f,-0.5578616771610292f,-0.055410718767191364f,0f,0f,0f,1f], start_interpolation: 0, interpolation_duration: 1 }
$data merge entity $(bone_leg_right_3) { transformation: [-0.9956693118943349f,0.013386161530840367f,0.09199691316197171f,-0.21871250322006544f,0.02065412274927667f,0.9966993290032817f,0.0785102208496814f,0.017926539514800915f,-0.09064231112079467f,0.08007033310707662f,-0.9926594144976424f,-0.1012249177672388f,0f,0f,0f,1f], start_interpolation: 0, interpolation_duration: 1 }
$data merge entity $(bone_leg_right_2) { transformation: [-1.0059399411707466f,0.17164107245138863f,0.10337493170892958f,-0.17394787664233982f,0.1899034878943502f,0.9854946462655052f,0.21165813702355335f,0.2538904830174914f,-0.0639038304301791f,0.22671974755291635f,-0.9982868605899742f,-0.07912927023132135f,0f,0f,0f,1f], start_interpolation: 0, interpolation_duration: 1 }
$data merge entity $(bone_leg_right_1) { transformation: [-0.9791283829679086f,0.009440996842625976f,-0.20302334162668517f,-0.18011540983104668f,-0.20106780913092245f,0.1007501086402009f,0.9743824463424402f,0.22557915698808667f,0.029653765324814212f,0.9948669675829049f,-0.09674901040556211f,0.196866773241386f,0f,0f,0f,1f], start_interpolation: 0, interpolation_duration: 1 }
$data merge entity $(bone_leg_right_0) { transformation: [-0.9778822299692153f,-0.1418184090894574f,0.15373315567492238f,-0.13460889857596045f,-0.20883871499966958f,0.6215590343377629f,-0.7550170580525946f,0.5553693940305858f,0.011521086221419619f,-0.7704231990772624f,-0.6374287088732634f,-0.05507535413967754f,0f,0f,0f,1f], start_interpolation: 0, interpolation_duration: 1 }
$data merge entity $(bone_tail_4) { transformation: [-0.9992422029528142f,-0.019713726664651147f,2.5742547893359347f,0.3383316600178008f,-0.5348264199107914f,2.702718750292157f,-0.18690475912776902f,0.35973783884478305f,-2.5181614427997685f,-0.5662014282922595f,-0.9818045743407349f,-1.72079592209982f,0f,0f,0f,1f], start_interpolation: 0, interpolation_duration: 1 }
$data merge entity $(bone_tail_3) { transformation: [-1.7068060546228894f,0.08468823532213096f,1.1897842328527948f,0.13575948069590196f,-0.2583332313287649f,2.0014947954626416f,-0.5130575517148552f,0.42714724214652167f,-1.1644838167782021f,-0.5681478791462886f,-1.630070843223597f,-1.4388363719050346f,0f,0f,0f,1f], start_interpolation: 0, interpolation_duration: 1 }
$data merge entity $(bone_tail_2) { transformation: [-1.9000224680751552f,0.09568040523806243f,0.44669201455348573f,0.05133821614396067f,-0.04112443666714307f,1.8672417597093283f,-0.5748833503496154f,0.5344307076655948f,-0.45496953361866044f,-0.5683549470655362f,-1.8134909022732169f,-1.1021840407281813f,0f,0f,0f,1f], start_interpolation: 0, interpolation_duration: 1 }
$data merge entity $(bone_tail_1) { transformation: [-1.4858372328659055f,-0.26322386839007095f,-0.10323353398559594f,0.07819008788562927f,-0.22933574682157223f,1.4449729094454025f,-0.38355528440979775f,0.5995233253857728f,0.16537558060118893f,-0.3611408812065669f,-1.4594123581983824f,-0.7838782049332154f,0f,0f,0f,1f], start_interpolation: 0, interpolation_duration: 1 }
$data merge entity $(bone_tail_0) { transformation: [-1.2775371239783186f,-0.026028755406454412f,0.03251334084993783f,0.06806081377481266f,-0.025199463902268376f,1.2775516262239903f,0.03259671663685506f,0.6208274036655719f,-0.03316022406847605f,0.031938422134728556f,-1.277386415034738f,-0.4098254742181231f,0f,0f,0f,1f], start_interpolation: 0, interpolation_duration: 1 }
$data merge entity $(bone_body_1) { transformation: [-1.2317371251291878f,0.10389957541162129f,0.025162032191746307f,0.05521262002743485f,0.10689778817557692f,1.1942022439512983f,0.30175894101269574f,0.4702346810699589f,0.0010547596423565984f,0.30280434908900977f,-1.198713063544036f,-0.1515375f,0f,0f,0f,1f], start_interpolation: 0, interpolation_duration: 1 }