# This file was generated by Animated Java via MC-Build. It is not recommended to edit this file directly.
$data merge entity $(bone_head_lower) { transformation: [-0.9908232166818607f,-0.1327978280122058f,0.025181146904996024f,0.03828932235373832f,-0.13102864277727325f,0.9894234331227685f,0.06223154151634014f,0.2109912062622821f,-0.03317903036793135f,0.0583610046417542f,-0.9977440278353207f,0.7964657014528249f,0f,0f,0f,1f], start_interpolation: 0, interpolation_duration: 1 }
$data merge entity $(bone_head_upper) { transformation: [-1.0313474734011419f,-0.11461385577336f,-0.08159654255758166f,0.029770488090777137f,-0.1363876596715959f,0.6662846490779424f,0.7879943624645388f,0.2802323686645353f,-0.03453603888538376f,0.7914545931709246f,-0.6751879971906053f,0.7676812024337025f,0f,0f,0f,1f], start_interpolation: 0, interpolation_duration: 1 }
$data merge entity $(bone_neck_0) { transformation: [-0.9941003696686496f,-0.10798201759795008f,0.010214641458711963f,0.032504955253797096f,-0.10462610402218776f,0.979493009970153f,0.17218252459743974f,0.2755008127558923f,-0.02859778630929991f,0.17009799321298777f,-0.9850121011049165f,0.7012367043746861f,0f,0f,0f,1f], start_interpolation: 0, interpolation_duration: 1 }
$data merge entity $(bone_neck_1) { transformation: [-0.9954526820053726f,-0.09523152467255083f,-0.0022168890030503687f,0.0318784359283447f,-0.09125554450449559f,0.9467005752867351f,0.3089181871449992f,0.30603156897105405f,-0.02732001986636405f,0.30771574132680657f,-0.9510860313631967f,0.6220848424698867f,0f,0f,0f,1f], start_interpolation: 0, interpolation_duration: 1 }
$data merge entity $(bone_neck_2) { transformation: [-0.9954526820053726f,-0.09222244951981659f,-0.023853253297514504f,0.028885796620252743f,-0.09125554450449559f,0.8514332140445929f,0.5164628811627051f,0.35961365414377117f,-0.02732001986636405f,0.5162911018275053f,-0.8559772863156138f,0.5521496249278215f,0f,0f,0f,1f], start_interpolation: 0, interpolation_duration: 1 }
$data merge entity $(bone_body_0) { transformation: [-0.9954526820053726f,-0.0939052692469933f,0.015992444965051443f,0.035528410889448706f,-0.09125554450449559f,0.988248217773659f,0.12262905717803843f,0.42682256851738254f,-0.02732001986636405f,0.1206120245864246f,-0.9923237153467941f,0.08562015939802645f,0f,0f,0f,1f], start_interpolation: 0, interpolation_duration: 1 }
$data merge entity $(bone_leg_left_3) { transformation: [-0.9999727603874197f,0.003213557085558958f,-0.006644662069815323f,0.31660346033417713f,0.0023571658291341563f,0.9921421606797104f,0.1250934721360406f,0.009227180149472297f,0.006994444396673147f,0.12507440206794615f,-0.9921227099985805f,-0.07152793846400016f,0f,0f,0f,1f], start_interpolation: 0, interpolation_duration: 1 }
$data merge entity $(bone_leg_left_2) { transformation: [-1.0174462706139202f,-0.1294029468074737f,-0.010961900932864284f,0.2845226054286283f,-0.12984363033886784f,1.0120155669632949f,0.10501106315564686f,0.24817041505011647f,-0.002432606614981006f,0.10555363130749192f,-1.0202522790190438f,-0.07845767942310924f,0f,0f,0f,1f], start_interpolation: 0, interpolation_duration: 1 }
$data merge entity $(bone_leg_left_1) { transformation: [-0.961501890636644f,-0.06803132532610587f,0.266243972845457f,0.27106894950232735f,0.25903308612068404f,0.09906649317253419f,0.96077452621585f,0.21896900164539473f,-0.0917386210761485f,0.992752521379256f,-0.07763025633203235f,0.19718640677710095f,0f,0f,0f,1f], start_interpolation: 0, interpolation_duration: 1 }
$data merge entity $(bone_leg_left_0) { transformation: [-0.9737466100728803f,0.17922448475498845f,-0.14034287810887608f,0.23964009875608555f,0.22256016962596048f,0.6201206254671349f,-0.7522748040219834f,0.5495667067123987f,-0.04779655079226574f,-0.7637597750173537f,-0.6437285886130923f,-0.0558445464868306f,0f,0f,0f,1f], start_interpolation: 0, interpolation_duration: 1 }
$data merge entity $(bone_leg_right_3) { transformation: [-0.9963724509774607f,0.010808877382925356f,0.08441034950104569f,-0.21147878235727027f,0.011026375875243584f,0.9999369796036888f,0.0021108898858900674f,-0.008793020815976993f,-0.08438221357742196f,0.0030339727707070357f,-0.9964288419355397f,-0.09472061589429302f,0f,0f,0f,1f], start_interpolation: 0, interpolation_duration: 1 }
$data merge entity $(bone_leg_right_2) { transformation: [-1.013389540359327f,0.12844693770777427f,0.0927643422037906f,-0.1770990034687754f,0.1345721429294367f,1.0147532793164808f,0.06502553317368734f,0.2295453031705305f,-0.0836311983555543f,0.07641574321197313f,-1.01942565023236f,-0.10828329221190863f,0f,0f,0f,1f], start_interpolation: 0, interpolation_duration: 1 }
$data merge entity $(bone_leg_right_1) { transformation: [-0.9683842236429832f,-0.0044235173181957355f,-0.24942419267968524f,-0.18435818810419488f,-0.24622813399771154f,0.17745309268720655f,0.9528284766545083f,0.22231552656838222f,0.0400462411142685f,0.9841193181674066f,-0.1729319698099126f,0.16904038191000542f,0f,0f,0f,1f], start_interpolation: 0, interpolation_duration: 1 }
$data merge entity $(bone_leg_right_0) { transformation: [-0.971710278042852f,-0.17432121028684244f,0.15934632468310564f,-0.15278792754752119f,-0.23580297264974395f,0.6781759352274034f,-0.6960419232833472f,0.5726697402955475f,0.013270027710119939f,-0.7139254278442303f,-0.7000959861633299f,-0.05582073553019723f,0f,0f,0f,1f], start_interpolation: 0, interpolation_duration: 1 }
$data merge entity $(bone_tail_4) { transformation: [-1.469561426416937f,-0.0929885411364186f,2.3361086611724073f,0.2948372849966654f,-0.3380501984946926f,2.7387300124785154f,-0.10364030898801527f,0.42365131902463565f,-2.31338985233469f,-0.341133964252686f,-1.46884864473782f,-1.7494663912214086f,0f,0f,0f,1f], start_interpolation: 0, interpolation_duration: 1 }
$data merge entity $(bone_tail_3) { transformation: [-1.7967388780520575f,0.06411953436127532f,1.050506361453357f,0.11608276665854014f,-0.16801295689642923f,2.034296262353729f,-0.41152872236699733f,0.47352419667350537f,-1.0389641843950141f,-0.43985557667419384f,-1.7501502853347939f,-1.4484012459729236f,0f,0f,0f,1f], start_interpolation: 0, interpolation_duration: 1 }
$data merge entity $(bone_tail_2) { transformation: [-1.9064380025256955f,0.10483044968893064f,0.4162674553056351f,0.037314794564089836f,-0.007612242520527619f,1.8864469786479743f,-0.5099350208766951f,0.5687632599611265f,-0.4291970075529664f,-0.4991014411627391f,-1.839962378729422f,-1.1067923887028508f,0f,0f,0f,1f], start_interpolation: 0, interpolation_duration: 1 }
$data merge entity $(bone_tail_1) { transformation: [-1.4984191542344019f,-0.19481448476814298f,-0.06666036864572032f,0.05547231554253632f,-0.17683104148693193f,1.4684022719249077f,-0.31651508743252316f,0.6190930139883719f,0.10548493252643854f,-0.30577497335507f,-1.47750832304918f,-0.7852120763541275f,0f,0f,0f,1f], start_interpolation: 0, interpolation_duration: 1 }
$data merge entity $(bone_tail_0) { transformation: [-1.277780214445164f,-0.02389049964232189f,0.02329558291475883f,0.04808828446156291f,-0.02331040353844865f,1.2776114036053454f,0.03164558497613621f,0.6406764775804857f,-0.023876039105615195f,0.031209966171840024f,-1.277611673926083f,-0.41111109869549545f,0f,0f,0f,1f], start_interpolation: 0, interpolation_duration: 1 }
$data merge entity $(bone_body_1) { transformation: [-1.2342304784592624f,0.07061629774934862f,0.017118983341473864f,0.03935185185185184f,0.07266165075358184f,1.199186635515577f,0.2920210484996686f,0.49201194444444457f,0.00007488814872627131f,0.292522386748872f,-1.201264018731419f,-0.1515375f,0f,0f,0f,1f], start_interpolation: 0, interpolation_duration: 1 }