# This file was generated by Animated Java via MC-Build. It is not recommended to edit this file directly.
$data merge entity $(bone_head_lower) { transformation: [-0.9936919775631301f,-0.11051215348900212f,0.019060893418179174f,0.030753344174822533f,-0.10904694622844069f,0.9918591555140208f,0.06575849102028464f,0.2454462084955042f,-0.02617283410193682f,0.06326515276387551f,-0.997653498565928f,0.8000122891448539f,0f,0f,0f,1f], start_interpolation: 0, interpolation_duration: 1 }
$data merge entity $(bone_head_upper) { transformation: [-1.0343335654071382f,-0.09423265637405845f,-0.0688928481654902f,0.02356699661179858f,-0.11350692089295633f,0.6685490478442401f,0.7897026605751478f,0.31486308578039035f,-0.027243292111358494f,0.7922337531832101f,-0.6746076088628759f,0.7712875602772851f,0f,0f,0f,1f], start_interpolation: 0, interpolation_duration: 1 }
$data merge entity $(bone_neck_0) { transformation: [-0.9958008831491099f,-0.0911869249166925f,0.008096038765385888f,0.025892404585690813f,-0.08865559506329826f,0.9826314378167643f,0.1630203756532626f,0.3094829851027775f,-0.022820748967236452f,0.16161807491241764f,-0.9865894846784952f,0.7048768439074807f,0f,0f,0f,1f], start_interpolation: 0, interpolation_duration: 1 }
$data merge entity $(bone_neck_1) { transformation: [-0.996683671846711f,-0.08135407463125262f,-0.00178123975097998f,0.025366722147444225f,-0.07833721168478162f,0.9533398861091811f,0.29155847238382093f,0.3385737321064564f,-0.02202134282035497f,0.29073110616895836f,-0.9565513495710318f,0.6251837517270834f,0f,0f,0f,1f], start_interpolation: 0, interpolation_duration: 1 }
$data merge entity $(bone_neck_2) { transformation: [-0.996683671846711f,-0.07930918593935354f,-0.018212943194193965f,0.02299464522797139f,-0.07833721168478162f,0.8745820001140517f,0.4785076868159576f,0.38905729867405214f,-0.02202134282035497f,0.47834754948901115f,-0.8778944596921925f,0.5529569343263154f,0f,0f,0f,1f], start_interpolation: 0, interpolation_duration: 1 }
$data merge entity $(bone_body_0) { transformation: [-0.996683671846711f,-0.08034163236705255f,0.01291821902412495f,0.028317598935383506f,-0.07833721168478162f,0.9902872686471511f,0.11486690916368761f,0.45262736630493866f,-0.02202134282035497f,0.11347399554066355f,-0.9932968905601316f,0.08590081631868435f,0f,0f,0f,1f], start_interpolation: 0, interpolation_duration: 1 }
$data merge entity $(bone_leg_left_3) { transformation: [-0.9995401798948015f,0.005734087198170323f,-0.029774973045689976f,0.28947046396242604f,0.0027283601035606687f,0.9949813105118257f,0.1000237360995655f,0.0022344554779695214f,0.030199086526136565f,0.09989650632616726f,-0.9945394427556975f,-0.07943422002100024f,0f,0f,0f,1f], start_interpolation: 0, interpolation_duration: 1 }
$data merge entity $(bone_leg_left_2) { transformation: [-1.0197894656191022f,-0.10467129832160076f,-0.033698139721217366f,0.26244823361117403f,-0.10531243541333819f,1.0201142935136365f,0.018393439514683176f,0.24042667639947585f,0.031637576713643846f,0.02174734414909763f,-1.0249821053378658f,-0.10599240191170628f,0f,0f,0f,1f], start_interpolation: 0, interpolation_duration: 1 }
$data merge entity $(bone_leg_left_1) { transformation: [-0.9575968069657765f,-0.03875192843f,0.2854936835236562f,0.2558501701904528f,0.2761250059752021f,0.15940820827335772f,0.9478101097847988f,0.22796540907363966f,-0.08223950610347804f,0.9864518798086575f,-0.1419484147774186f,0.17116200998804293f,0f,0f,0f,1f], start_interpolation: 0, interpolation_duration: 1 }
$data merge entity $(bone_leg_left_0) { transformation: [-0.9707412230794021f,0.19472252415336774f,-0.1405155379367262f,0.23086986223843964f,0.23653971816366487f,0.6746375353953878f,-0.6992232530220164f,0.5772749776978967f,-0.041357460576785895f,-0.7120023415853195f,-0.7009580772283472f,-0.056139745497063534f,0f,0f,0f,1f], start_interpolation: 0, interpolation_duration: 1 }
$data merge entity $(bone_leg_right_3) { transformation: [-0.9958066370004127f,0.009298131349331731f,0.0910092657883758f,-0.20571911104709414f,0.00841259374351257f,0.9999135146922078f,-0.01010897632710496f,-0.010949549951547843f,-0.09109538941370889f,-0.009300961739838196f,-0.995798735758526f,-0.09702571924733051f,0f,0f,0f,1f], start_interpolation: 0, interpolation_duration: 1 }
$data merge entity $(bone_leg_right_2) { transformation: [-1.0153665019130713f,0.1077587568148951f,0.09737102558367099f,-0.17601628292124535f,0.10669085795936749f,1.0200071068289713f,-0.016271519504319286f,0.22614424495195143f,-0.09853997727522382f,-0.005979284973450436f,-1.0209389406475289f,-0.12981819529900004f,0f,0f,0f,1f], start_interpolation: 0, interpolation_duration: 1 }
$data merge entity $(bone_leg_right_1) { transformation: [-0.962801296121811f,-0.017977276770170483f,-0.2696117239774443f,-0.18577574199707886f,-0.2667043328781974f,0.2234376971082968f,0.9375203434245768f,0.23181113803481196f,0.04338736002750898f,0.9745524167692928f,-0.2199207219862958f,0.14746509835768637f,0f,0f,0f,1f], start_interpolation: 0, interpolation_duration: 1 }
$data merge entity $(bone_leg_right_0) { transformation: [-0.9687146987516563f,-0.1936758480455302f,0.15518214557845472f,-0.161814063899276f,-0.2477524907400029f,0.7181280151270265f,-0.6503159672204291f,0.5955188958468127f,0.014509850261556809f,-0.6684173993647697f,-0.7436448375883646f,-0.05612710054629269f,0f,0f,0f,1f], start_interpolation: 0, interpolation_duration: 1 }
$data merge entity $(bone_tail_4) { transformation: [-1.8505987971016344f,-0.11842282059771311f,2.046196828100284f,0.2469644287216502f,-0.23963788227109645f,2.750440512541134f,-0.057550012624573446f,0.46497917843566167f,-2.0355635851396556f,-0.216135036803722f,-1.8534907251775627f,-1.7708746265840445f,0f,0f,0f,1f], start_interpolation: 0, interpolation_duration: 1 }
$data merge entity $(bone_tail_3) { transformation: [-1.882529790015883f,0.046170721854219304f,0.8887605865421009f,0.09581165985583164f,-0.12193584838966401f,2.0464967496605455f,-0.36459323711604985f,0.5067741408994175f,-0.8815660863626118f,-0.381660639988888f,-1.847463644379241f,-1.4538782149141087f,0f,0f,0f,1f], start_interpolation: 0, interpolation_duration: 1 }
$data merge entity $(bone_tail_2) { transformation: [-1.9200642449198915f,0.09444832969672919f,0.351008095918714f,0.02916271382395734f,0.004397053313357819f,1.8929453556838443f,-0.4852962201788728f,0.5974433314730964f,-0.36346641702520843f,-0.47603704521312146f,-1.860122246058682f,-1.1084675899433432f,0f,0f,0f,1f], start_interpolation: 0, interpolation_duration: 1 }
$data merge entity $(bone_tail_1) { transformation: [-1.5035070420457626f,-0.15581552816154826f,-0.05333240761994222f,0.04398034515876022f,-0.1429380029769701f,1.477892609054244f,-0.28819856593639853f,0.6415312959785432f,0.08180190599098282f,-0.281444856564441f,-1.483830681341259f,-0.7858015610741415f,0f,0f,0f,1f], start_interpolation: 0, interpolation_duration: 1 }
$data merge entity $(bone_tail_0) { transformation: [-1.2779314176926688f,-0.01976354451206309f,0.01834149847621421f,0.03814360347318317f,-0.01937332953302139f,1.277783183925973f,0.02702823639891178f,0.6644682015072241f,-0.01875319601663217f,0.026744228692377674f,-1.2777984115089671f,-0.4117537805539979f,0f,0f,0f,1f], start_interpolation: 0, interpolation_duration: 1 }
$data merge entity $(bone_body_1) { transformation: [-1.2350353123485869f,0.05581756780904524f,0.013295541815260797f,0.0312928669410151f,0.0573791837397659f,1.201223794209843f,0.2870080496322663f,0.5168319032921811f,0.00003976979877556234f,0.28731583737107474f,-1.2025199387412966f,-0.1515375f,0f,0f,0f,1f], start_interpolation: 0, interpolation_duration: 1 }