# This file was generated by Animated Java via MC-Build. It is not recommended to edit this file directly.
$data merge entity $(bone_head_lower) { transformation: [-0.9963399722649106f,-0.0844494876586053f,0.01322662849542118f,0.023063403081779274f,-0.08331100827209334f,0.994002722943906f,0.07083687373669068f,0.2845856465028722f,-0.019129442434216933f,0.06947568505815316f,-0.997400217374077f,0.8033784321130426f,0f,0f,0f,1f], start_interpolation: 0, interpolation_duration: 1 }
$data merge entity $(bone_head_upper) { transformation: [-1.0370898619888904f,-0.07124440216662177f,-0.05329911728435677f,0.01746738578203513f,-0.08671839379750185f,0.6698186201879157f,0.7920194939584793f,0.3541990640137919f,-0.019911828659175394f,0.7935610838448319f,-0.6733025084387926f,0.7747757541854741f,0f,0f,0f,1f], start_interpolation: 0, interpolation_duration: 1 }
$data merge entity $(bone_neck_0) { transformation: [-0.9975314256824378f,-0.06996205558008149f,0.006030385972071625f,0.019315264528805554f,-0.06818996425723879f,0.9856012835621181f,0.15472633458885365f,0.3482278359677653f,-0.016768528574656442f,0.1539331693291441f,-0.9879389636155291f,0.7084005627804283f,0f,0f,0f,1f], start_interpolation: 0, interpolation_duration: 1 }
$data merge entity $(bone_neck_1) { transformation: [-0.998032139156005f,-0.06269847550475843f,-0.0008662453853784668f,0.01895303813585233f,-0.060543783150870896f,0.9599546445365494f,0.27353524590898215f,0.3758222524994079f,-0.01631868663430998f,0.2730494123818731f,-0.9618615902844051f,0.6281761661616335f,0f,0f,0f,1f], start_interpolation: 0, interpolation_duration: 1 }
$data merge entity $(bone_neck_2) { transformation: [-0.998032139156005f,-0.061579454937956954f,-0.011824548246449474f,0.01731421767434957f,-0.060543783150870896f,0.8972763693419668f,0.4372980303434706f,0.4229177361463123f,-0.01631868663430998f,0.43715339155729155f,-0.8992389074748092f,0.5536760984992497f,0f,0f,0f,1f], start_interpolation: 0, interpolation_duration: 1 }
$data merge entity $(bone_body_0) { transformation: [-0.998032139156005f,-0.06194707194542839f,0.009716454552788398f,0.021303422974254034f,-0.060543783150870896f,0.9923293533708184f,0.10778174595187234f,0.4831680463344311f,-0.01631868663430998f,0.10698137555687691f,-0.9941270973826685f,0.08616685680831193f,0f,0f,0f,1f], start_interpolation: 0, interpolation_duration: 1 }
$data merge entity $(bone_leg_left_3) { transformation: [-0.9982798173268242f,0.0073727011410200625f,-0.05816398882304728f,0.26171798259927415f,0.0029015264226141748f,0.9970588441012146f,0.07658487150846843f,0.0017308574411598887f,0.058557556833778765f,0.07628436718905744f,-0.9953651128406216f,-0.08946862964683916f,0f,0f,0f,1f], start_interpolation: 0, interpolation_duration: 1 }
$data merge entity $(bone_leg_left_2) { transformation: [-1.0204943549596146f,-0.08287561759096873f,-0.061523190791521944f,0.23891528152025973f,-0.07866135076587116f,1.0203056777314201f,-0.0696485131600816f,0.23728814497072775f,0.06682711195273247f,-0.06457674115838474f,-1.021482344982092f,-0.13598607993411554f,0f,0f,0f,1f], start_interpolation: 0, interpolation_duration: 1 }
$data merge entity $(bone_leg_left_1) { transformation: [-0.9532551812347227f,-0.006088914921224292f,0.30210508861030144f,0.2402232653277241f,0.2933076929410482f,0.2216705571351989f,0.9299638494914574f,0.24234590690463043f,-0.07263027406499192f,0.9751026044547579f,-0.20952268152825726f,0.14147760035998158f,0f,0f,0f,1f], start_interpolation: 0, interpolation_duration: 1 }
$data merge entity $(bone_leg_left_0) { transformation: [-0.9674350249579862f,0.21260407456915165f,-0.13736440572846845f,0.22239174361594918f,0.25063797716438035f,0.7288129631689338f,-0.6371909204625139f,0.6095159734784824f,-0.035356426395893946f,-0.650869550826825f,-0.7583658423999585f,-0.056450309774109225f,0f,0f,0f,1f], start_interpolation: 0, interpolation_duration: 1 }
$data merge entity $(bone_leg_right_3) { transformation: [-0.9945979268968953f,0.007063206047561008f,0.10356193766402581f,-0.1994053868161616f,0.00600780025745328f,0.9999268312484172f,-0.010499451679305646f,-0.006430552485908153f,-0.10362851995693279f,-0.00982055343803126f,-0.9945675877393683f,-0.10203392610044465f,0f,0f,0f,1f], start_interpolation: 0, interpolation_duration: 1 }
$data merge entity $(bone_leg_right_2) { transformation: [-1.016124686572122f,0.0892662499392564f,0.10763065298130893f,-0.17369489052108875f,0.0792020445427957f,1.0180635047667712f,-0.09662264694642725f,0.22776962740578388f,-0.11523826178679436f,-0.08740958977409241f,-1.0154515774455113f,-0.15361219851214702f,0f,0f,0f,1f], start_interpolation: 0, interpolation_duration: 1 }
$data merge entity $(bone_leg_right_1) { transformation: [-0.9572715403957706f,-0.03500546272962922f,-0.287064131384248f,-0.18704463680758543f,-0.28562158988302017f,0.2699142948534888f,0.9195469432423993f,0.24663925245120888f,0.0452935463504923f,0.9622478324282308f,-0.26837958872866485f,0.12293636356058708f,0f,0f,0f,1f], start_interpolation: 0, interpolation_duration: 1 }
$data merge entity $(bone_leg_right_0) { transformation: [-0.9658337372428015f,-0.21330271860994948f,0.14719762986273777f,-0.17047410208422734f,-0.25867898696937314f,0.7587651039026775f,-0.5977965362897801f,0.6232975272758474f,0.01582320144919333f,-0.615448996532746f,-0.7880178671595806f,-0.056399187710102536f,0f,0f,0f,1f], start_interpolation: 0, interpolation_duration: 1 }
$data merge entity $(bone_tail_4) { transformation: [-2.2175226111920625f,-0.12302971925151011f,1.6410723593531245f,0.18945849528501524f,-0.15298039333889765f,2.757219311324243f,-0.000010702459825897098f,0.5086605070711964f,-1.6385517384891486f,-0.09092133435867025f,-2.220932876710286f,-1.7907481637501612f,0f,0f,0f,1f], start_interpolation: 0, interpolation_duration: 1 }
$data merge entity $(bone_tail_3) { transformation: [-1.964825571986013f,0.029178467458680444f,0.6888792454059303f,0.07236449798459182f,-0.0813643139517248f,2.0560799643323526f,-0.31915600375158426f,0.5426572145706543f,-0.6846793746925973f,-0.3280690832008997f,-1.9389508391299453f,-1.4587633401359328f,0f,0f,0f,1f], start_interpolation: 0, interpolation_duration: 1 }
$data merge entity $(bone_tail_2) { transformation: [-1.9341088867058223f,0.0770964136021442f,0.26842658657075796f,0.021052759992688883f,0.011044306106048464f,1.897877880978036f,-0.46552276764915934f,0.629656652493414f,-0.2790604104328978f,-0.459227140864719f,-1.8788319763685668f,-1.109808203600425f,0f,0f,0f,1f], start_interpolation: 0, interpolation_duration: 1 }
$data merge entity $(bone_tail_1) { transformation: [-1.507431488772083f,-0.11646964917648074f,-0.0417298152295078f,0.03289642947758661f,-0.10748061632974347f,1.4854908239749036f,-0.26347899157189175f,0.668298485073634f,0.061273760874944266f,-0.25963066596045625f,-1.48878933819435f,-0.7863221710320885f,0f,0f,0f,1f], start_interpolation: 0, interpolation_duration: 1 }
$data merge entity $(bone_tail_0) { transformation: [-1.2780605260085682f,-0.014663884441367075f,0.013489956850162986f,0.028600484897213178f,-0.014442225840941599f,1.2779634375416515f,0.02089476019274666f,0.6930320847458464f,-0.01372700096482351f,0.02073980192391877f,-1.277973844272525f,-0.4123680224948669f,0f,0f,0f,1f], start_interpolation: 0, interpolation_duration: 1 }
$data merge entity $(bone_body_1) { transformation: [-1.2356074699254351f,0.04223625631071687f,0.009740327179840667f,0.023491083676268874f,0.04334454370512834f,1.2029667469895382f,0.28212913926897515f,0.5464126646090536f,0.00016078466696969708f,0.2822971826754811f,-1.2037079670160977f,-0.1515375f,0f,0f,0f,1f], start_interpolation: 0, interpolation_duration: 1 }