# This file was generated by Animated Java via MC-Build. It is not recommended to edit this file directly.
$data merge entity $(bone_head_lower) { transformation: [-0.9983145915072386f,-0.05745192837878958f,0.008200750532359129f,0.01574346331850407f,-0.05665915874951116f,0.9954585281997402f,0.07649874746821056f,0.3246949227969347f,-0.012558507615686196f,0.0759051682032641f,-0.9970359518725997f,0.8064017609874672f,0f,0f,0f,1f], start_interpolation: 0, interpolation_duration: 1 }
$data merge entity $(bone_head_upper) { transformation: [-1.0391452423354717f,-0.04803515940141136f,-0.036629651600067654f,0.011817114429415715f,-0.058976494734383364f,0.6701445156160298f,0.7942921652906502f,0.3944809420566574f,-0.013072145344456257f,0.7950288637744828f,-0.6717366800801154f,0.7779421089853847f,0f,0f,0f,1f], start_interpolation: 0, interpolation_duration: 1 }
$data merge entity $(bone_neck_0) { transformation: [-0.9988743523626418f,-0.047258443539563f,0.004082610235000517f,0.013170958085440962f,-0.04614266141055184f,0.9880155008022874f,0.14729638479051838f,0.38798296821831696f,-0.01099468008011904f,0.14694219846124268f,-0.9890839738471716f,0.7116044899623284f,0f,0f,0f,1f], start_interpolation: 0, interpolation_duration: 1 }
$data merge entity $(bone_neck_1) { transformation: [-0.9991080326947643f,-0.04222722191378819f,-0.000027096888050675422f,0.01297412709042233f,-0.04082844588224671f,0.9658484051509026f,0.25587085858748804f,0.4141081311171757f,-0.010778544040737078f,0.25564373647109284f,-0.9667109717963588f,0.6308891013081273f,0f,0f,0f,1f], start_interpolation: 0, interpolation_duration: 1 }
$data merge entity $(bone_neck_2) { transformation: [-0.9991080326947643f,-0.04176076383315846f,-0.006259201935456339f,0.012016910078457819f,-0.04082844588224671f,0.9175062457974023f,0.39562018013442807f,0.4577503856360629f,-0.010778544040737078f,0.39552285335594456f,-0.9183928873099648f,0.5543034123692575f,0f,0f,0f,1f], start_interpolation: 0, interpolation_duration: 1 }
$data merge entity $(bone_body_0) { transformation: [-0.9991080326947643f,-0.04171012666613682f,0.006588196892358225f,0.01472456147393462f,-0.04082844588224671f,0.9940065416016994f,0.10141022265959915f,0.5150137981041302f,-0.010778544040737078f,0.10105078221628888f,-0.9948228799147304f,0.08640975466533271f,0f,0f,0f,1f], start_interpolation: 0, interpolation_duration: 1 }
$data merge entity $(bone_leg_left_3) { transformation: [-0.9959228730443254f,0.00862081982220116f,-0.08979594875455002f,0.23522596771234014f,0.0036085392900076126f,0.9984336548899277f,0.055832026896157044f,0.007186967875259381f,0.0901366151534941f,0.055280360425144476f,-0.9943940226891639f,-0.10048166785854218f,0f,0f,0f,1f], start_interpolation: 0, interpolation_duration: 1 }
$data merge entity $(bone_leg_left_2) { transformation: [-1.0194377544828896f,-0.06591191262388792f,-0.09200263045065094f,0.21543716961108889f,-0.0516639051764082f,1.0128817075928207f,-0.15317861086479773f,0.23847416783402364f,0.10069610289132941f,-0.14760916536179916f,-1.0100168457329741f,-0.16594697677065331f,0f,0f,0f,1f], start_interpolation: 0, interpolation_duration: 1 }
$data merge entity $(bone_leg_left_1) { transformation: [-0.9487950551904284f,0.027595898621347592f,0.3146846193023616f,0.22514026727522915f,0.3094661869693942f,0.2811099645842203f,0.9084095260035985f,0.2605011132717923f,-0.063392605001024f,0.9592787155935124f,-0.27525574188460705f,0.11052010848574276f,0f,0f,0f,1f], start_interpolation: 0, interpolation_duration: 1 }
$data merge entity $(bone_leg_left_0) { transformation: [-0.9640434874885153f,0.2311011367874812f,-0.13119610819881322f,0.21446350851309268f,0.26404677823960526f,0.7772951393517978f,-0.5710442760779183f,0.6428812243418516f,-0.02999088415278113f,-0.5851534251079822f,-0.8103678275648234f,-0.05674834653443536f,0f,0f,0f,1f], start_interpolation: 0, interpolation_duration: 1 }
$data merge entity $(bone_leg_right_3) { transformation: [-0.9927252578449374f,0.0035435782350482017f,0.12034951387519195f,-0.1932425434360075f,0.0031541352587295232f,0.9999891559895026f,-0.003426271176104251f,0.00321297622098099f,-0.12036035006376715f,-0.0030217472916601595f,-0.9927256696468731f,-0.10872643778105444f,0f,0f,0f,1f], start_interpolation: 0, interpolation_duration: 1 }
$data merge entity $(bone_leg_right_2) { transformation: [-1.0157486008189989f,0.07388211705778265f,0.1218950869149386f,-0.17067781472929044f,0.05286544841255515f,1.0098674674468007f,-0.17156672771088033f,0.23322742195674379f,-0.13237153696727946f,-0.163619468500359f,-1.0038768077952964f,-0.17768482985393955f,0f,0f,0f,1f], start_interpolation: 0, interpolation_duration: 1 }
$data merge entity $(bone_leg_right_1) { transformation: [-0.951955013168973f,-0.05410238383728147f,-0.30142094314361095f,-0.18834828428172795f,-0.30278010344577266f,0.3137735503478618f,0.899927979373608f,0.2647110298690687f,0.0458896705133916f,0.947955215801475f,-0.3150794296283892f,0.09746953154777435f,0f,0f,0f,1f], start_interpolation: 0, interpolation_duration: 1 }
$data merge entity $(bone_leg_right_0) { transformation: [-0.9631051438845396f,-0.23186914060614727f,0.13662058211597186f,-0.17852376134775957f,-0.2685826998626791f,0.7958822044100089f,-0.5426185124357068f,0.6526024090607712f,0.017082598093214926f,-0.5592926052953247f,-0.8287942847922842f,-0.05664417732438268f,0f,0f,0f,1f], start_interpolation: 0, interpolation_duration: 1 }
$data merge entity $(bone_tail_4) { transformation: [-2.5031674384559324f,-0.10465368716154577f,1.1614050595797556f,0.1288985082702671f,-0.08498796581015744f,2.7593752508347196f,0.06547214940934624f,0.5514194301474323f,-1.1630095237449323f,0.023604288684931144f,-2.5044985559656974f,-1.8058775542069347f,0f,0f,0f,1f], start_interpolation: 0, interpolation_duration: 1 }
$data merge entity $(bone_tail_3) { transformation: [-2.0276804256332706f,0.01578347301814447f,0.4735065992439881f,0.04845483338721002f,-0.04855742917449729f,2.063254462164284f,-0.27671054637577336f,0.5781487485170718f,-0.471274647758698f,-0.28049497746501767f,-2.0087728343546614f,-1.462519050386847f,0f,0f,0f,1f], start_interpolation: 0, interpolation_duration: 1 }
$data merge entity $(bone_tail_2) { transformation: [-1.9450338706877057f,0.05547729519920577f,0.18038676946427404f,0.01349628234815358f,0.012463532552843553f,1.9015114514660232f,-0.45041395993314715f,0.662341406143586f,-0.188312976814348f,-0.4471580757000085f,-1.8929769552486266f,-1.110864418567252f,0f,0f,0f,1f], start_interpolation: 0, interpolation_duration: 1 }
$data merge entity $(bone_tail_1) { transformation: [-1.5101170133621453f,-0.07898320800753704f,-0.031056542097144247f,0.022587515194043985f,-0.07301048446993254f,1.491184099637162f,-0.24227195493241366f,0.6963171948375394f,0.043270372215400414f,-0.24039110599634467f,-1.4926473264124367f,-0.7867661737913914f,0f,0f,0f,1f], start_interpolation: 0, interpolation_duration: 1 }
$data merge entity $(bone_tail_0) { transformation: [-1.2781499154818299f,-0.009375000199819168f,0.008978836732669523f,0.019737454958257537f,-0.00927501712624166f,1.278103476996408f,0.014184242349478496f,0.7230151431920021f,-0.009082080990966152f,0.01411835843765866f,-1.278105592016531f,-0.4129333127276586f,0f,0f,0f,1f], start_interpolation: 0, interpolation_duration: 1 }
$data merge entity $(bone_body_1) { transformation: [-1.2359893626290195f,0.029866904096724718f,0.006546645235333813f,0.016203703703703703f,0.03057422422103052f,1.204420222586485f,0.27756393730860274f,0.5773591666666669f,0.0003276239344449355f,0.2776409381208918f,-1.204790437046277f,-0.1515375f,0f,0f,0f,1f], start_interpolation: 0, interpolation_duration: 1 }