# This file was generated by Animated Java via MC-Build. It is not recommended to edit this file directly.
$data merge entity $(bone_head_lower) { transformation: [-0.9989162184344054f,0.04440799600404678f,-0.013939814905940028f,-0.024157679801800246f,0.04472679380544696f,0.9987238094429243f,-0.023457757090113607f,0.3129899336355672f,0.012880313062668045f,-0.02405581723239336f,-0.9996276382697157f,0.8215915736494157f,0f,0f,0f,1f], start_interpolation: 0, interpolation_duration: 1 }
$data merge entity $(bone_head_upper) { transformation: [-1.0397714755532816f,0.04605372966126319f,0.015042446394980188f,-0.02240934365405988f,0.04655610103592566f,0.8603497470108323f,0.5840400541557375f,0.3725854947973311f,0.01340711250013406f,0.5840798827097123f,-0.8614771514855891f,0.7753231297343041f,0f,0f,0f,1f], start_interpolation: 0, interpolation_duration: 1 }
$data merge entity $(bone_neck_0) { transformation: [-0.9903186348653881f,0.13772797502568365f,-0.017320690912277815f,-0.025444918570472368f,0.13877494012826774f,0.9852260265431502f,-0.10035533176863069f,0.3500594235168003f,0.0032430588569613817f,-0.1017874330029051f,-0.9948008851282399f,0.7126485922259332f,0f,0f,0f,1f], start_interpolation: 0, interpolation_duration: 1 }
$data merge entity $(bone_neck_1) { transformation: [-0.9887155852191332f,0.14928546755089234f,0.012463575847182579f,-0.023701350623459492f,0.1497931026747614f,0.984168771016425f,0.09473044150160148f,0.36261827775600697f,0.0018756161268773759f,0.09552842160389441f,-0.9954249357586002f,0.6287631227121745f,0f,0f,0f,1f], start_interpolation: 0, interpolation_duration: 1 }
$data merge entity $(bone_neck_2) { transformation: [-0.9887155852191332f,0.1391916932408066f,0.0553819833298176f,-0.017486699847256714f,0.1497931026747614f,0.9139678023614443f,0.3771271438622001f,0.40460576002690973f,0.0018756161268773759f,0.3811673238609906f,-0.9245041661803344f,0.5515014903037073f,0f,0f,0f,1f], start_interpolation: 0, interpolation_duration: 1 }
$data merge entity $(bone_body_0) { transformation: [-0.9887155852191332f,0.1491011802631797f,0.014502744185629194f,-0.009231235779378262f,0.1497931026747614f,0.9827821360996579f,0.1081725443652968f,0.4649493028632521f,0.0018756161268773759f,0.1091242915556408f,-0.9940263432407735f,0.08406014761554986f,0f,0f,0f,1f], start_interpolation: 0, interpolation_duration: 1 }
$data merge entity $(bone_leg_left_3) { transformation: [-0.9968963942863446f,-0.02779801003416156f,0.0736535789831386f,0.2339498997745931f,-0.01326941012005233f,0.9815306157205104f,0.19084436894595838f,0.06837115723801504f,-0.0775983364122622f,0.18927472372574167f,-0.9788531948890973f,-0.17599303306287245f,0f,0f,0f,1f], start_interpolation: 0, interpolation_duration: 1 }
$data merge entity $(bone_leg_left_2) { transformation: [-1.0223537880888454f,-0.040824617548229664f,0.07202973055012232f,0.22507372453677668f,-0.01160448968509529f,0.9541883012504979f,0.37610134415677293f,0.30239627802990093f,-0.08197723647593241f,0.37405913417456277f,-0.9515364923853626f,-0.11833430937333544f,0f,0f,0f,1f], start_interpolation: 0, interpolation_duration: 1 }
$data merge entity $(bone_leg_left_1) { transformation: [-0.9232745824997314f,-0.12971043780121355f,0.36157882630951166f,0.18904625736760666f,0.378565452108676f,-0.14744849837795915f,0.9137544193030414f,0.20633765338327092f,-0.0652092307859888f,0.9805274818440848f,0.18523934130955316f,0.1395186485312382f,0f,0f,0f,1f], start_interpolation: 0, interpolation_duration: 1 }
$data merge entity $(bone_leg_left_0) { transformation: [-0.9411061120029678f,0.2750479621180573f,-0.19664156347364908f,0.20361917726598644f,0.3369210374750444f,0.7141206487528351f,-0.6136089255638071f,0.5758519348094563f,-0.028346083634201845f,-0.6437237898039295f,-0.7647327520010301f,-0.05427016536723839f,0f,0f,0f,1f], start_interpolation: 0, interpolation_duration: 1 }
$data merge entity $(bone_leg_right_3) { transformation: [-0.991737218283731f,0.02677169439717891f,0.12546141339053649f,-0.3207927623508026f,0.06326581967365427f,0.9528497930345574f,0.29677383303623894f,0.06120988318677803f,-0.1116007434198703f,0.30225907479032754f,-0.9466703363764111f,-0.3913090989308807f,0f,0f,0f,1f], start_interpolation: 0, interpolation_duration: 1 }
$data merge entity $(bone_leg_right_2) { transformation: [-0.9490014796804928f,0.3662229280577981f,0.13167823673524087f,-0.22988502194443486f,0.3889306519513851f,0.8801300083391012f,0.35519898070571426f,0.2767407711590845f,0.013832535472568304f,0.3785685339360374f,-0.9531824198843648f,-0.3325443890269501f,0f,0f,0f,1f], start_interpolation: 0, interpolation_duration: 1 }
$data merge entity $(bone_leg_right_1) { transformation: [-0.9984771052641632f,0.05476827603399448f,-0.006626175636159446f,-0.234540060946568f,-0.008853985258309448f,-0.040534995124609896f,0.9991388898022604f,0.2125617671078905f,0.054452522515882444f,0.9976759745080123f,0.040958182102545454f,-0.0625948164941323f,0f,0f,0f,1f], start_interpolation: 0, interpolation_duration: 1 }
$data merge entity $(bone_leg_right_0) { transformation: [-0.9862019329264476f,-0.16385575380320125f,0.023601682942600934f,-0.18612523357651872f,-0.1654191444994851f,0.9697770608743457f,-0.1793570707693851f,0.6271627599176002f,0.006500317315087975f,-0.1807864600779065f,-0.9835008905574528f,-0.05427016536723844f,0f,0f,0f,1f], start_interpolation: 0, interpolation_duration: 1 }
$data merge entity $(bone_tail_4) { transformation: [-1.8267164914018452f,-0.36562092816161884f,-2.038403671633951f,-0.4471312069191832f,0.4514525406046426f,2.5824084265842706f,-0.8677664740517272f,0.25695863330290714f,2.02112809965676f,-0.9072758052526199f,-1.6485002728483429f,-1.59781637748923f,0f,0f,0f,1f], start_interpolation: 0, interpolation_duration: 1 }
$data merge entity $(bone_tail_3) { transformation: [-1.5702467501078525f,-0.39412138908253314f,-1.3095567954418121f,-0.22122198073839075f,0.23475515560430674f,1.8866721544686154f,-0.8492960170131474f,0.38250528460535627f,1.3472789936525287f,-0.7880875828642734f,-1.3782970656002353f,-1.3563960732314844f,0f,0f,0f,1f], start_interpolation: 0, interpolation_duration: 1 }
$data merge entity $(bone_tail_2) { transformation: [-1.6601454749536575f,-0.38880811765603795f,-0.9547351070524437f,-0.04505891389005526f,0.07738660948483914f,1.757733621009209f,-0.8503867974334228f,0.5410658138230797f,1.0279602082114432f,-0.7602464338761482f,-1.4778690893023176f,-1.0810842201958315f,0f,0f,0f,1f], start_interpolation: 0, interpolation_duration: 1 }
$data merge entity $(bone_tail_1) { transformation: [-1.4603800355507384f,-0.21261932802401148f,-0.3312694116809503f,0.030220825210166335f,-0.0869984010804256f,1.4157386636795286f,-0.5251395665652636f,0.636847162757029f,0.38389800725488865f,-0.4879890444605506f,-1.3791828241796678f,-0.7787010674306292f,0f,0f,0f,1f], start_interpolation: 0, interpolation_duration: 1 }
$data merge entity $(bone_tail_0) { transformation: [-1.2774026511777572f,0.027296362059167446f,0.03651153196456746f,0.020210016803852888f,0.025217344354671465f,1.2759565898143923f,-0.07165600489109544f,0.6885778182561096f,-0.03797721542929003f,-0.07089009882620867f,-1.275683362586765f,-0.4076274436071771f,0f,0f,0f,1f], start_interpolation: 0, interpolation_duration: 1 }
$data merge entity $(bone_body_1) { transformation: [-1.2257902046445845f,0.1558795083025102f,0.04176778836621825f,1.8557991432579204e-17f,0.1613783419596246f,1.1840224162783666f,0.3172578502621349f,0.5350675f,-1.5011600505441695e-16f,0.31999545574579075f,-1.1942392990344497f,-0.1515375f,0f,0f,0f,1f], start_interpolation: 0, interpolation_duration: 1 }