# This file was generated by Animated Java via MC-Build. It is not recommended to edit this file directly.
$data merge entity $(bone_head_lower) { transformation: [-0.920437610852527f,0.3523437665182655f,0.16925860310133167f,-0.06713996251186663f,0.38991934043177245f,0.7971251588051727f,0.46103621241403625f,0.41898105518870754f,0.027522944706985818f,0.4903522727545478f,-0.8710896257671227f,0.7749168048195952f,0f,0f,0f,1f], start_interpolation: 0, interpolation_duration: 1 }
$data merge entity $(bone_head_upper) { transformation: [-0.9580831256207242f,0.2303688936853943f,0.33537865138749995f,-0.03914438563766227f,0.4058668789890401f,0.4806973700709072f,0.8292611515862278f,0.4870680593384106f,0.028648621677607913f,0.8940537756827539f,-0.5322772259329649f,0.7583076497177936f,0f,0f,0f,1f], start_interpolation: 0, interpolation_duration: 1 }
$data merge entity $(bone_neck_0) { transformation: [-0.845041186572468f,0.5212721988223519f,0.11908269282773981f,-0.039632446678219885f,0.5273438384382974f,0.7756644820240747f,0.3467752692847158f,0.49673031156204034f,0.0883960918669961f,0.3558369093576923f,-0.9303581164698931f,0.6923444862651169f,0f,0f,0f,1f], start_interpolation: 0, interpolation_duration: 1 }
$data merge entity $(bone_neck_1) { transformation: [-0.799425220594487f,0.5834203175702093f,0.1433180020923121f,-0.024803786376717332f,0.5921565728994255f,0.724977658021608f,0.3517925362220068f,0.5298716381053805f,0.10134056369225213f,0.366098522826548f,-0.925041600002268f,0.6156678917062713f,0f,0f,0f,1f], start_interpolation: 0, interpolation_duration: 1 }
$data merge entity $(bone_neck_2) { transformation: [-0.799425220594487f,0.556337990353083f,0.22673190593154033f,0.0005065257089807793f,0.5921565728994255f,0.6660349088144328f,0.45359463556413193f,0.5761308281696765f,0.10134056369225213f,0.4968757799797079f,-0.8618843016438421f,0.5450250871833723f,0f,0f,0f,1f], start_interpolation: 0, interpolation_duration: 1 }
$data merge entity $(bone_body_0) { transformation: [-0.799425220594487f,0.6004755610501158f,0.01866593847103628f,0.015023992826564551f,0.5921565728994255f,0.7823478350853658f,0.1930866595838483f,0.6745846878205527f,0.10134056369225213f,0.1654115035866309f,-0.981004140986034f,0.08425726563822541f,0f,0f,0f,1f], start_interpolation: 0, interpolation_duration: 1 }
$data merge entity $(bone_leg_left_3) { transformation: [-0.9975509787417375f,0.04817822631907899f,0.05070407597174817f,0.1960900242990636f,0.06419162731722272f,0.918511035355019f,0.3901498595583725f,0.10117760734103426f,-0.02777552508536974f,0.39244915140664854f,-0.9193542210521652f,-0.14260608188250845f,0f,0f,0f,1f], start_interpolation: 0, interpolation_duration: 1 }
$data merge entity $(bone_leg_left_2) { transformation: [-1.0229149965035795f,0.06447827557072353f,0.039365739015060394f,0.21074946626308594f,0.06880767381054326f,1.0158394642045396f,0.1240882205936972f,0.3419099400701134f,-0.031186751250457376f,0.12639198726483403f,-1.0174058440968297f,-0.14463507329082315f,0f,0f,0f,1f], start_interpolation: 0, interpolation_duration: 1 }
$data merge entity $(bone_leg_left_1) { transformation: [-0.8900936742531713f,-0.06647656178385664f,0.45090366796898657f,0.18650239398994603f,0.42519576090485395f,0.23516778713989428f,0.8740164053381763f,0.3509750869392869f,-0.16413962337909582f,0.9696788017818696f,-0.18105580745131095f,0.13166781894555407f,0f,0f,0f,1f], start_interpolation: 0, interpolation_duration: 1 }
$data merge entity $(bone_leg_left_0) { transformation: [-0.9135643529584921f,0.37297122065084276f,-0.16215005880280095f,0.23991777888858426f,0.38616684644610005f,0.6704563855193423f,-0.6335324789008164f,0.7106933485120289f,-0.12757483964091704f,-0.6413896660241414f,-0.7565341741177559f,-0.07340984320141841f,0f,0f,0f,1f], start_interpolation: 0, interpolation_duration: 1 }
$data merge entity $(bone_leg_right_3) { transformation: [-0.9143369931478951f,0.009643778845505074f,0.4048393020580445f,-0.45567480672154353f,0.38484775333653004f,0.3317913091716864f,0.8612820292505605f,0.3633413318894862f,-0.12601614862029f,0.9433035167366426f,-0.3070804546030102f,-0.3154671585798753f,0f,0f,0f,1f], start_interpolation: 0, interpolation_duration: 1 }
$data merge entity $(bone_leg_right_2) { transformation: [-0.7582137164197192f,0.6433341891947064f,0.25158553365978986f,-0.296763145128816f,0.690765362881026f,0.7038714353593277f,0.2819049758868016f,0.5350532295572973f,0.0041681143861768645f,0.37782049044365407f,-0.9535703976760576f,-0.25687381360646366f,0f,0f,0f,1f], start_interpolation: 0, interpolation_duration: 1 }
$data merge entity $(bone_leg_right_1) { transformation: [-0.9303437787267478f,0.16405340608087504f,0.32794349107384235f,-0.2881162321622523f,0.34593449744084803f,0.09606062565101975f,0.9333282807672133f,0.518539169346883f,0.12161322652073579f,0.9817631262951352f,-0.146121138041072f,0.020012268332085664f,0f,0f,0f,1f], start_interpolation: 0, interpolation_duration: 1 }
$data merge entity $(bone_leg_right_0) { transformation: [-0.9793726267851941f,0.13865740831631035f,-0.1469808865903073f,-0.10783250020516615f,0.17722642555808876f,0.9388459076748658f,-0.29522729502209144f,0.8905868187791441f,0.09705695228973557f,-0.31518642858023194f,-0.9440537395991112f,-0.03817365013628628f,0f,0f,0f,1f], start_interpolation: 0, interpolation_duration: 1 }
$data merge entity $(bone_tail_4) { transformation: [-0.07079665478060485f,-0.7641599442688483f,-2.6526795405489345f,-0.7849362282272417f,1.3304720078929482f,2.315580858589623f,-0.7025602146055883f,0.44372801258292877f,2.4187793205427366f,-1.296073376976927f,0.3088069487664465f,-1.1677115319161624f,0f,0f,0f,1f], start_interpolation: 0, interpolation_duration: 1 }
$data merge entity $(bone_tail_3) { transformation: [-0.4398305746718226f,-0.5900399200686289f,-1.9479084897278167f,-0.44886892779117793f,0.8835157188753008f,1.7399643691849462f,-0.7265462782999694f,0.5498964951631053f,1.8335469904337218f,-0.9799604138620515f,-0.11716888315249412f,-1.1382543372261582f,0f,0f,0f,1f], start_interpolation: 0, interpolation_duration: 1 }
$data merge entity $(bone_tail_2) { transformation: [-0.8969214778207149f,-0.41095747395848403f,-1.6868371860450382f,-0.13605059180362086f,0.6510013109335333f,1.6805043101328268f,-0.7555636517134672f,0.691235388282345f,1.6095039704174396f,-0.908731584806774f,-0.6344113421021442f,-1.0193447500140893f,0f,0f,0f,1f], start_interpolation: 0, interpolation_duration: 1 }
$data merge entity $(bone_tail_1) { transformation: [-1.2667602417167112f,-0.18886806980020207f,-0.8045517958564044f,0.04059892244202876f,0.21577970998645762f,1.3458052243089675f,-0.6556703935521645f,0.8156711131997202f,0.7977555118982129f,-0.6639227367944528f,-1.1002040687087942f,-0.7752394930451099f,0f,0f,0f,1f], start_interpolation: 0, interpolation_duration: 1 }
$data merge entity $(bone_tail_0) { transformation: [-1.229140096239553f,0.3387188650059069f,-0.09121332627067538f,0.07542746596055785f,0.34744466987672074f,1.221317648354951f,-0.1466326013375482f,0.8879931378105381f,0.04829639504670209f,-0.165796407952253f,-1.2664970295739548f,-0.4091405875382081f,0f,0f,0f,1f], start_interpolation: 0, interpolation_duration: 1 }
$data merge entity $(bone_body_1) { transformation: [-1.0937139158816418f,0.5749799561340405f,0.042338107033641555f,0.026855468750000017f,0.5657852879949568f,1.0529680228491691f,0.31583214814490584f,0.74364171875f,0.11082180810453822f,0.2987657744077436f,-1.1945970592409947f,-0.1515375f,0f,0f,0f,1f], start_interpolation: 0, interpolation_duration: 1 }