# This file was generated by Animated Java via MC-Build. It is not recommended to edit this file directly.
$data merge entity $(bone_head_lower) { transformation: [-0.9662483836387474f,-0.25760653659414084f,-0.001712722826309663f,-0.1448913756245989f,0.14353114777528825f,-0.5328218310054379f,-0.833966249930008f,1.8064999560981119f,0.21392258116855392f,-0.8060643700772187f,0.5518127948482161f,-0.7348600486781856f,0f,0f,0f,1f], start_interpolation: 0, interpolation_duration: 1 }
$data merge entity $(bone_head_upper) { transformation: [-0.9662483836387474f,-0.25595668401066823f,-0.029158824149322624f,-0.14834960340590822f,0.14353114777528825f,-0.4409022978873836f,-0.8860044996138186f,1.7864986524604936f,0.21392258116855392f,-0.8602856151464391f,0.46275888931310194f,-0.7388717660534502f,0f,0f,0f,1f], start_interpolation: 0, interpolation_duration: 1 }
$data merge entity $(bone_neck_0) { transformation: [-0.9748233527904191f,-0.20529028687866235f,0.08703636577731574f,-0.12852005516849135f,0.04473834061108556f,-0.5624705098717206f,-0.8256060842823367f,1.6410241228436186f,0.2184442989272384f,-0.8009262285865798f,0.5574937350574123f,-0.6205900307083605f,0f,0f,0f,1f], start_interpolation: 0, interpolation_duration: 1 }
$data merge entity $(bone_neck_1) { transformation: [-0.9856482366033013f,-0.12781690007744168f,0.11027417528776136f,-0.11029768543747825f,0.06563468984384013f,-0.891998891876781f,-0.44724720723521283f,1.5558844975399337f,0.15553019375640711f,-0.43359060984434095f,0.8875863574238317f,-0.4691791764968808f,0f,0f,0f,1f], start_interpolation: 0, interpolation_duration: 1 }
$data merge entity $(bone_neck_2) { transformation: [-0.9856482366033013f,-0.11915774592353438f,0.11957836454486678f,-0.10018584811105372f,0.06563468984384013f,-0.9231207967504949f,-0.3788668395305065f,1.3385268377813149f,0.15553019375640711f,-0.36558094342177333f,0.9176932671851417f,-0.313370734240302f,0f,0f,0f,1f], start_interpolation: 0, interpolation_duration: 1 }
$data merge entity $(bone_arm_right_2) { transformation: [-0.8749414597329292f,0.22237953582962797f,-0.4301450733004043f,-0.29089091287479263f,0.4004667301639743f,0.8316903319975287f,-0.3846005586236385f,2.0446066726543926f,0.27222020511377404f,-0.5087617651770223f,-0.816735958692756f,-0.018861893786567968f,0f,0f,0f,1f], start_interpolation: 0, interpolation_duration: 1 }
$data merge entity $(bone_arm_right_1) { transformation: [-0.7182705424585827f,-0.6466051573544832f,0.25688362796962616f,-0.3859101086194774f,0.6256211889398298f,-0.76178043325401f,-0.16819244769265415f,1.7140449089568603f,0.3044430255167081f,0.03990416010789494f,0.9516943323464293f,-0.04958577269015102f,0f,0f,0f,1f], start_interpolation: 0, interpolation_duration: 1 }
$data merge entity $(bone_arm_right_0) { transformation: [-0.321672725918699f,0.3856474881275822f,0.864755845485256f,-0.2421263482349361f,-0.7590927337284343f,-0.6509342843174154f,0.007923326376347434f,1.521894459921711f,0.5659548383048999f,-0.6538811607632232f,0.5021300116485907f,-0.2624957742379866f,0f,0f,0f,1f], start_interpolation: 0, interpolation_duration: 1 }
$data merge entity $(bone_arm_left_2) { transformation: [-0.9266689243019606f,0.17629072481461322f,-0.3319733198276411f,0.44857196747539346f,0.3648733703046408f,0.6340420434844289f,-0.6818050386559357f,1.7361550406046464f,0.09028913763891716f,-0.7529357658116842f,-0.6518708493144882f,-0.13101117286423838f,0f,0f,0f,1f], start_interpolation: 0, interpolation_duration: 1 }
$data merge entity $(bone_arm_left_1) { transformation: [-0.9822686852298574f,-0.13704162055952213f,-0.12793679787780687f,0.2602735843175791f,0.0880517372940291f,-0.9396836276446291f,0.330517127386967f,1.4566142348936557f,-0.16551471709884305f,0.31339156684736935f,0.9350885542303676f,-0.05588234513296825f,0f,0f,0f,1f], start_interpolation: 0, interpolation_duration: 1 }
$data merge entity $(bone_arm_left_0) { transformation: [-0.6917753402414124f,-0.5181527015650458f,-0.5029559190373671f,0.07214606968255821f,0.5050709363841576f,0.1506018972844824f,-0.8498367006398019f,1.5018004928957873f,0.5160912979831263f,-0.8419244897228956f,0.15752119143446353f,-0.31179731909667135f,0f,0f,0f,1f], start_interpolation: 0, interpolation_duration: 1 }
$data merge entity $(bone_finger_right_1_fire) { transformation: [1.0084554190758375f,-0.013885923406990783f,-0.44209854051061837f,-1.8998303780426506f,-1.2234237978186078f,0.2052934789133707f,-0.3165268597255883f,0.641038078310386f,0.5138381617255089f,0.5160462614489343f,0.1140245712961924f,0.6011301696245177f,0f,0f,0f,1f], start_interpolation: 0, interpolation_duration: 1 }
$data merge entity $(bone_finger_right_1_fire_s) { transformation: [0.000006050732514455026f,-2.499466213258343e-7f,-0.000007957773729191138f,-1.8998303780426506f,-0.000007340542786911647f,0.000003695282620440676f,-0.000005697483475060595f,0.641038078310386f,0.0000030830289703530537f,0.000009288832706080826f,0.000002052442283331465f,0.6011301696245177f,0f,0f,0f,1f], start_interpolation: 0, interpolation_duration: 1 }
$data merge entity $(bone_finger_right_1) { transformation: [1.20295016502048f,-0.04969205441687f,-1.5820903002829763f,-1.0737987913480205f,-1.4593782051610955f,0.7346616012915578f,-1.1327204879991135f,1.2199920089647334f,0.6129390449485375f,1.8467190228510661f,0.4080474186439841f,0.3558689063563474f,0f,0f,0f,1f], start_interpolation: 0, interpolation_duration: 1 }
$data merge entity $(bone_finger_right_2_fire) { transformation: [1.150690637264846f,0.3107718208673623f,0.2548369224255335f,-0.37581130881170455f,0.7828440586795248f,0.07533838433348572f,-0.48463618750817433f,0.5156473785540907f,-0.9169754712526228f,0.4542983364590336f,-0.09395682005509759f,0.24216984258496807f,0f,0f,0f,1f], start_interpolation: 0, interpolation_duration: 1 }
$data merge entity $(bone_finger_right_2_fire_s) { transformation: [0.000006904143823589077f,0.000005593892775612527f,0.0000045870646036596075f,-0.37581130881170455f,0.000004697064352077149f,0.0000013560909180027443f,-0.000008723451375147146f,0.5156473785540907f,-0.000005501852827515737f,0.000008177370056262614f,-0.000001691222760991758f,0.24216984258496807f,0f,0f,0f,1f], start_interpolation: 0, interpolation_duration: 1 }
$data merge entity $(bone_finger_right_2) { transformation: [0.8577288284344465f,0.6949512089277152f,0.5698690017156639f,-0.6215180181570621f,0.5835347012939232f,0.1684724860995764f,-1.083748531185749f,0.9834223105190785f,-0.6835167256858543f,1.0159067101222246f,-0.21010722755381994f,0.33375480746568637f,0f,0f,0f,1f], start_interpolation: 0, interpolation_duration: 1 }
$data merge entity $(bone_finger_film_right) { transformation: [2.5067376100906222f,0.03124112287820081f,-0.17493501778625864f,-0.9068352185712307f,-0.6503296038116673f,0.022697098383068246f,-0.8117651778867523f,1.0561821875570225f,-0.4876696384835257f,0.1303191703685694f,0.1833182364899939f,0.396805689840143f,0f,0f,0f,1f], start_interpolation: 0, interpolation_duration: 1 }
$data merge entity $(bone_finger_right_0_fire) { transformation: [1.5836032890170233f,0.06740509096649869f,-0.15954357962583549f,-1.1102786679105618f,-0.4992919448910129f,0.05575133768665448f,-0.5271001830413542f,0.3965330714412393f,-0.14382612613567614f,0.5486258446032121f,0.07316569241514202f,0.5253348970041416f,0f,0f,0f,1f], start_interpolation: 0, interpolation_duration: 1 }
$data merge entity $(bone_finger_right_0_fire_s) { transformation: [0.00000950161973410214f,0.0000012132916373969774f,-0.000002871784433265041f,-1.1102786679105618f,-0.0000029957516693460774f,0.0000010035240783597816f,-0.000009487803294744385f,0.3965330714412393f,-8.629567568140568e-7f,0.000009875265202857827f,0.0000013169824634725576f,0.5253348970041416f,0f,0f,0f,1f], start_interpolation: 0, interpolation_duration: 1 }
$data merge entity $(bone_fire_large_right) { transformation: [0.00002533765262427237f,0.0000032354443663919397f,-0.00000765809182204011f,-1.1239602334835852f,-0.000007988671118256205f,0.0000026760642089594176f,-0.000025300808785985025f,0.3792650061554603f,-0.0000023012180181708178f,0.000026334040540954205f,0.0000035119532359268204f,0.4186552200575507f,0f,0f,0f,1f], start_interpolation: 0, interpolation_duration: 1 }
$data merge entity $(bone_finger_right_0) { transformation: [1.3896748343431764f,0.1774519400264057f,-0.42001749893688267f,-0.9180017734570263f,-0.43814852849667324f,0.14677204480713718f,-1.3876540885531938f,1.0559209010452808f,-0.1262131427725697f,1.444322959549926f,0.19261741029168203f,0.36249185136878914f,0f,0f,0f,1f], start_interpolation: 0, interpolation_duration: 1 }
$data merge entity $(bone_wing_right_1_model) { transformation: [-0.4423602482870194f,-0.6206184785484942f,0.6709151942395095f,-0.6333194643579837f,0.8093256519198888f,-0.6122870767219946f,-0.03276595589207292f,1.3720770261939692f,0.42460155784185855f,0.5204943062178745f,0.7614304152809233f,0.08990213988341535f,0f,0f,0f,1f], start_interpolation: 0, interpolation_duration: 1 }
$data merge entity $(bone_wing_right_0) { transformation: [-0.6615571771093816f,0.11340897969682352f,-0.7412695223325936f,-0.25905789352725406f,-0.3455134394042402f,-0.9234197663957926f,0.16708201046370028f,1.2464761425968334f,-0.6655543288163018f,0.3666528853747983f,0.6500793005781802f,-0.1604940262860809f,0f,0f,0f,1f], start_interpolation: 0, interpolation_duration: 1 }
$data merge entity $(bone_finger_left_1_fire) { transformation: [1.0593951368739594f,0.20032248305743022f,0.3792240391438126f,1.707448514935436f,1.1575845650348064f,0.06603957787700779f,-0.39419745756485947f,0.4082279057280095f,-0.561656208493026f,0.5139568583491942f,-0.09715692406357009f,-0.1381582959363987f,0f,0f,0f,1f], start_interpolation: 0, interpolation_duration: 1 }
$data merge entity $(bone_finger_left_1_fire_s) { transformation: [0.000006356370821243757f,0.000003605804695033747f,0.000006826032704588633f,1.707448514935436f,0.000006945507390208839f,0.0000011887124017861412f,-0.000007095554236167477f,0.4082279057280095f,-0.0000033699372509581564f,0.000009251223450285505f,-0.0000017488246331442632f,-0.1381582959363987f,0f,0f,0f,1f], start_interpolation: 0, interpolation_duration: 1 }
$data merge entity $(bone_finger_left_1) { transformation: [1.2637143205520187f,0.7168724352894559f,1.3570881126877359f,0.9872766766501154f,1.3808409545856792f,0.23632870507403725f,-1.4106718680619468f,1.140859328259643f,-0.669979471487825f,1.8392419016335613f,-0.3476849911984997f,0.011081931071209868f,0f,0f,0f,1f], start_interpolation: 0, interpolation_duration: 1 }
$data merge entity $(bone_finger_left_2_fire) { transformation: [1.1687678794163663f,-0.1484659859992668f,-0.3671784429695273f,0.15309462212145303f,-1.141368666127881f,0.0028490937139464306f,-0.40482949631011594f,0.5931363703196407f,0.33020749507515684f,0.5353426089663667f,-0.09967469711222171f,-0.00776541664593966f,0f,0f,0f,1f], start_interpolation: 0, interpolation_duration: 1 }
$data merge entity $(bone_finger_left_2_fire_s) { transformation: [0.000007012607276498198f,-0.000002672387747986805f,-0.000006609211973451497f,0.15309462212145303f,-0.000006848211996767286f,5.12836868510358e-8f,-0.000007286930933582094f,0.5931363703196407f,0.0000019812449704509413f,0.000009636166961394609f,-0.0000017941445480199927f,-0.00776541664593966f,0f,0f,0f,1f], start_interpolation: 0, interpolation_duration: 1 }
$data merge entity $(bone_finger_left_2) { transformation: [0.8712036680045373f,-0.33200119678441364f,-0.8210882895421087f,0.5075013343379593f,-0.8507801985220539f,0.006371173278611009f,-0.9052839703583933f,0.9836948756076851f,0.24613782255525465f,1.1971387632679842f,-0.22289360426667004f,0.08935778381322158f,0f,0f,0f,1f], start_interpolation: 0, interpolation_duration: 1 }
$data merge entity $(bone_finger_film_left) { transformation: [2.621625437382009f,0.01188808938119804f,0.04381965732596928f,0.8077345323094178f,0.1469277651315184f,-0.006331885596680385f,-0.848146835331262f,0.9973292634926688f,-0.2235531561852413f,0.13525099909024316f,-0.043558278852475346f,0.07066423867630293f,0f,0f,0f,1f], start_interpolation: 0, interpolation_duration: 1 }
$data merge entity $(bone_finger_left_0_fire) { transformation: [1.6290013402271197f,0.10171726196157081f,0.05870339653943649f,0.8950565810710751f,0.21851740646697065f,-0.07385381341266385f,-0.5457857179280761f,0.3045442369855845f,-0.27637393941356964f,0.5411480279665537f,-0.08552097198412634f,-0.0032932992307296155f,0f,0f,0f,1f], start_interpolation: 0, interpolation_duration: 1 }
$data merge entity $(bone_finger_left_0_fire_s) { transformation: [0.00000977400804136272f,0.000001830910715308276f,0.0000010566611377098578f,0.8950565810710751f,0.000001311104438801824f,-0.0000013293686414279505f,-0.000009824142922705378f,0.3045442369855845f,-0.0000016582436364814177f,0.000009740664503397977f,-0.0000015393774957142754f,-0.0032932992307296155f,0f,0f,0f,1f], start_interpolation: 0, interpolation_duration: 1 }
$data merge entity $(bone_fire_large_left) { transformation: [0.000026064021443633917f,0.000004882428574155402f,0.000002817763033892954f,0.8744605125016602f,0.000003496278503471531f,-0.0000035449830438078678f,-0.000026197714460547673f,0.3126662068662881f,-0.000004421983030617113f,0.000025975105342394605f,-0.000004105006655238068f,-0.10995050880145098f,0f,0f,0f,1f], start_interpolation: 0, interpolation_duration: 1 }
$data merge entity $(bone_finger_left_0) { transformation: [1.4295134288525717f,0.2677828218973243f,0.15454369177010405f,0.8085645489690932f,0.19175771024167382f,-0.1944289708760872f,-1.4368459873925243f,1.0040557764798206f,-0.24252911769949903f,1.424636715524289f,-0.2251441571241219f,0.03522041234963204f,0f,0f,0f,1f], start_interpolation: 0, interpolation_duration: 1 }
$data merge entity $(bone_wing_left_1_model) { transformation: [-0.7249060876009168f,0.6786350162213104f,-0.21199708007251838f,0.4869711395918879f,-0.6841936098508222f,-0.7481816450106963f,-0.05550147160417644f,1.3865879147839213f,-0.19330636678669713f,0.10322705008489727f,0.9914403198036364f,-0.039282645307840564f,0f,0f,0f,1f], start_interpolation: 0, interpolation_duration: 1 }
$data merge entity $(bone_wing_left_0) { transformation: [-0.567107076377631f,-0.012911475539511531f,0.823542869389207f,0.08500631716796414f,0.391422469510152f,-0.8839769319672272f,0.2556819002439985f,1.224477346296723f,0.7246916684252618f,0.4673521986138509f,0.5063634151138977f,-0.21446916425797735f,0f,0f,0f,1f], start_interpolation: 0, interpolation_duration: 1 }
$data merge entity $(bone_body_0) { transformation: [-0.9859526836627271f,-0.01545931119546203f,0.16630789300459578f,-0.018012319542928944f,0.06303989655191744f,-0.9565066033296437f,0.28481764206156723f,1.6278424404698122f,0.15467151328214823f,0.29130075091586927f,0.9440448058725074f,0.09252679673501463f,0f,0f,0f,1f], start_interpolation: 0, interpolation_duration: 1 }
$data merge entity $(bone_leg_right_3) { transformation: [-0.9996293120435557f,0.026042210572077687f,-0.007939884876227252f,-0.2553458345045976f,-0.025285036192556898f,-0.7798871930506525f,0.6254091725105377f,2.187164099406198f,0.010094822834962082f,0.625378101138898f,0.7802565764976522f,-0.22717380545042934f,0f,0f,0f,1f], start_interpolation: 0, interpolation_duration: 1 }
$data merge entity $(bone_leg_right_2) { transformation: [-0.9156479572195155f,0.38658980011134836f,0.11016871102811536f,-0.18426104606089722f,0.06340836796729712f,-0.13172948719942013f,0.9892556398999712f,2.1572653018771053f,0.3969486078971085f,0.9127955240096464f,0.09610480756185921f,-0.07417043404396564f,0f,0f,0f,1f], start_interpolation: 0, interpolation_duration: 1 }
$data merge entity $(bone_leg_right_1) { transformation: [-0.943474073825981f,0.2780759150101807f,0.1803620179235593f,-0.2505607129742009f,0.09053278490244836f,-0.307265035116942f,0.9473077710292422f,1.8583478055248095f,0.31884241699625615f,0.9100889976732136f,0.2647216074258962f,-0.17081749789909018f,0f,0f,0f,1f], start_interpolation: 0, interpolation_duration: 1 }
$data merge entity $(bone_leg_right_0) { transformation: [-0.935163011119912f,0.3524210247285595f,-0.03563094108231697f,-0.10347628461644005f,0.1139856440452765f,0.3946449340480641f,0.9117360632232239f,1.9216264268011687f,0.3353765280766126f,0.8485604264632371f,-0.40922828232638775f,0.14449433420161872f,0f,0f,0f,1f], start_interpolation: 0, interpolation_duration: 1 }
$data merge entity $(bone_leg_left_3) { transformation: [-0.9710378623395782f,-0.20015218170811527f,0.13047825129293966f,0.2918801274994255f,0.2074801268411482f,-0.4355895252818146f,0.8759073937527553f,2.10790965521542f,-0.11847981629359028f,0.8776108873653772f,0.4645015215354969f,-0.2956899684338235f,0f,0f,0f,1f], start_interpolation: 0, interpolation_duration: 1 }
$data merge entity $(bone_leg_left_2) { transformation: [-0.8966581287714069f,-0.43161455806648263f,0.09855492566702928f,0.21174138413340882f,-0.025819694547324162f,0.273212643182558f,0.9616070897090365f,2.1477179841953262f,-0.4419700707985118f,0.8596881555949661f,-0.25612249344421756f,-0.14957324913360492f,0f,0f,0f,1f], start_interpolation: 0, interpolation_duration: 1 }
$data merge entity $(bone_leg_left_1) { transformation: [-0.9317107318617398f,-0.3615041473016962f,-0.03506941141984826f,0.2326029764657192f,-0.028070216991413943f,-0.024596277034938552f,0.9993033003418308f,1.8277210745391879f,-0.3621148644445791f,0.9320460153016554f,0.012769115419241917f,-0.1655338940465757f,0f,0f,0f,1f], start_interpolation: 0, interpolation_duration: 1 }
$data merge entity $(bone_leg_left_0) { transformation: [-0.9317107318617398f,-0.3339829722188702f,0.14272521291457374f,0.08375144934684912f,-0.028070216991413943f,0.45800427641874536f,0.8885066942348809f,1.9167100534458887f,-0.3621148644445791f,0.823824894652978f,-0.43610247407953695f,0.14266044228392027f,0f,0f,0f,1f], start_interpolation: 0, interpolation_duration: 1 }
$data merge entity $(bone_tail_3) { transformation: [-2.421183042069829f,0.013086966669580986f,-0.31970163110454375f,-0.030195783629947136f,-0.11016060345921f,2.2569162475638787f,0.92666143642741f,3.1820082470124023f,0.30040812750826024f,0.9330945866414607f,-2.236872185472699f,-0.2344151256303872f,0f,0f,0f,1f], start_interpolation: 0, interpolation_duration: 1 }
$data merge entity $(bone_tail_2) { transformation: [-1.1526615886505858f,0.03916668701943048f,-0.08216626544652933f,0.00325628078229658f,-0.02150075901620707f,0.8970444137045446f,0.7292208853997506f,2.878833931988847f,0.08844796160022306f,0.7284856573532463f,-0.8935321301550232f,0.12783665770243108f,0f,0f,0f,1f], start_interpolation: 0, interpolation_duration: 1 }
$data merge entity $(bone_tail_1) { transformation: [-1.3852105428002295f,0.022773585205978972f,-0.007242665927490266f,0.005311819146610703f,-0.0021776845319558574f,0.2978417723749472f,1.3530206489911405f,2.4721635190956848f,0.02379811091138313f,1.352830729516148f,-0.29776166219248784f,0.21026982027242186f,0f,0f,0f,1f], start_interpolation: 0, interpolation_duration: 1 }
$data merge entity $(bone_tail_0) { transformation: [-1.1974464824813336f,0.000558121037427575f,0.033555183977547004f,-0.00464449499422577f,0.03144349320597498f,-0.3999485656763559f,1.1287412421924738f,2.1305646915589924f,0.011728964398669288f,1.1291789820892482f,0.3997769354024836f,0.10957099525605503f,0f,0f,0f,1f], start_interpolation: 0, interpolation_duration: 1 }
$data merge entity $(bone_body_1) { transformation: [-1.0204326546362665f,0.009692183280863884f,0.026906381764855776f,-0.012130737304687516f,0.02679532464509172f,-0.011644012225324817f,1.0204151713890306f,1.8395746753687543f,0.009995117487561654f,1.0207209084793896f,0.011385036840661103f,0.12537529554363996f,0f,0f,0f,1f], start_interpolation: 0, interpolation_duration: 1 }