# This file was generated by Animated Java via MC-Build. It is not recommended to edit this file directly.
$data merge entity $(bone_head_lower) { transformation: [-0.0858162166139596f,0.9923956869868208f,-0.08824045226551253f,0.20027647443011332f,-0.9184723526275482f,-0.04448172030927394f,0.39297571682884375f,1.5150777294994175f,0.38606231935386015f,0.11477010502863415f,0.9153052543096397f,-0.8894004620658282f,0f,0f,0f,1f], start_interpolation: 0, interpolation_duration: 1 }
$data merge entity $(bone_head_upper) { transformation: [-0.0858162166139596f,0.9953543311088776f,0.043650114648934285f,0.2141005158014803f,-0.9184723526275482f,-0.09601239194243788f,0.383653695475891f,1.5202958655518903f,0.38606231935386015f,-0.007167714858363858f,0.9224448544161472f,-0.8749169438747517f,0f,0f,0f,1f], start_interpolation: 0, interpolation_duration: 1 }
$data merge entity $(bone_neck_0) { transformation: [0.32166285122660165f,0.9180960091257708f,0.2315874093471107f,0.24199607279673654f,-0.7666655096660877f,0.10900435693119442f,0.6327258857186531f,1.6372535085318463f,0.5556590739196207f,-0.3810744916644905f,0.7389351970054205f,-0.7296951606764503f,0f,0f,0f,1f], start_interpolation: 0, interpolation_duration: 1 }
$data merge entity $(bone_neck_1) { transformation: [0.2169085146354024f,0.7986634078657844f,0.5613265156883964f,0.34629662481048196f,-0.901685464181567f,-0.05641368224365584f,0.4286966528203634f,1.7116023617306484f,0.37405082537315f,-0.5991279140483473f,0.7079065776257071f,-0.6109530021725452f,0f,0f,0f,1f], start_interpolation: 0, interpolation_duration: 1 }
$data merge entity $(bone_neck_2) { transformation: [0.2169085146354024f,0.9730182279712879f,0.07865255440402796f,0.5027522818049295f,-0.901685464181567f,0.16882932102220896f,0.39807032550398835f,1.8258375754543104f,0.37405082537315f,-0.15726470805236326f,0.9139769097952476f,-0.426305187324315f,0f,0f,0f,1f], start_interpolation: 0, interpolation_duration: 1 }
$data merge entity $(bone_arm_right_2) { transformation: [0.156213425137263f,0.7927908531735606f,0.5891349836253345f,-0.18480688980280474f,-0.8494990494913855f,-0.1964733314220721f,0.48964231327893293f,1.2945320440113148f,0.5039332601844382f,-0.5769583114612798f,0.6427833041668338f,-0.35678485509737573f,0f,0f,0f,1f], start_interpolation: 0, interpolation_duration: 1 }
$data merge entity $(bone_arm_right_1) { transformation: [-0.10938545911760589f,0.9157178155546774f,-0.38664674265975774f,0.11634951999111115f,-0.8910179217108999f,0.08208599559569812f,0.44648510895331217f,1.4528066705090195f,0.4405926514634788f,0.3933481557130187f,0.806941970573813f,-0.29764397785732283f,0f,0f,0f,1f], start_interpolation: 0, interpolation_duration: 1 }
$data merge entity $(bone_arm_right_0) { transformation: [0.49786700630308023f,0.829822676888006f,-0.2520372372432951f,0.36727222755657873f,-0.5606856049118438f,0.5296953070622045f,0.6364389476775569f,1.6440098726810648f,0.6616344130102726f,-0.17554830275084118f,0.7289874463403682f,-0.3559994735796534f,0f,0f,0f,1f], start_interpolation: 0, interpolation_duration: 1 }
$data merge entity $(bone_arm_left_2) { transformation: [-0.2831133294706819f,0.8939461699961136f,0.3474292558569366f,-0.1422479494244293f,-0.8436076138777145f,-0.4044423765407608f,0.3532032812214648f,2.0598939749816805f,0.45625983439655626f,-0.193097408598202f,0.8686428232070337f,-0.7841845181141442f,0f,0f,0f,1f], start_interpolation: 0, interpolation_duration: 1 }
$data merge entity $(bone_arm_left_1) { transformation: [0.11092274665539104f,0.4452045447427751f,-0.8885319676943553f,0.011343517198809716f,-0.8698574282823635f,0.4759030514319841f,0.12986277411066802f,2.07998170204774f,0.4806705719475824f,0.7584913967726364f,0.44005295395608834f,-0.47555880869330897f,0f,0f,0f,1f], start_interpolation: 0, interpolation_duration: 1 }
$data merge entity $(bone_arm_left_0) { transformation: [-0.357844965835295f,0.8995622351007921f,0.2504690911206487f,0.29548329055484024f,-0.8200228856193406f,-0.4310402274139832f,0.3765193081522258f,1.931018737051139f,0.4466648043968383f,-0.07065484789714577f,0.8919071952741302f,-0.4746326173345112f,0f,0f,0f,1f], start_interpolation: 0, interpolation_duration: 1 }
$data merge entity $(bone_finger_right_1_fire) { transformation: [0.5736500458933991f,1.1058683784991172f,-1.1071397978846276f,0.2557791014746442f,-0.946823714218568f,-0.6935506528961818f,-1.1833385499671736f,0.301511336335061f,-1.2458845278827548f,1.0362530574530484f,0.3895242250224651f,0.41338462958776545f,0f,0f,0f,1f], start_interpolation: 0, interpolation_duration: 1 }
$data merge entity $(bone_finger_right_1_fire_s) { transformation: [0.0000034419002753603946f,0.0000066352102709947045f,-0.000006642838787307766f,0.2557791014746442f,-0.000005680942285311408f,-0.000004161303917377091f,-0.000007100031299803042f,0.301511336335061f,-0.00000747530716729653f,0.0000062175183447182905f,0.000002337145350134791f,0.41338462958776545f,0f,0f,0f,1f], start_interpolation: 0, interpolation_duration: 1 }
$data merge entity $(bone_finger_right_1) { transformation: [0.6842864883445836f,1.319150577449971f,-1.3206672078638484f,0.9218160871932619f,-1.129431923037618f,-0.827311606016351f,-1.4115619560680426f,1.0529787924742564f,-1.4861708014683344f,1.236108967125673f,0.4646494251571978f,0.15002115581850836f,0f,0f,0f,1f], start_interpolation: 0, interpolation_duration: 1 }
$data merge entity $(bone_finger_right_2_fire) { transformation: [-0.7546926617764309f,0.8489130512633821f,-1.2196570810819245f,0.5268874556551366f,1.4566010515297871f,0.15181526145599794f,-0.7956401704597015f,0.8359825226838906f,-0.29416005969693054f,-1.4262105509221001f,-0.8106609041364676f,-0.27496992312046775f,0f,0f,0f,1f], start_interpolation: 0, interpolation_duration: 1 }
$data merge entity $(bone_finger_right_2_fire_s) { transformation: [-0.000004528155970658585f,0.000005093478307580293f,-0.000007317942486491547f,0.5268874556551366f,0.000008739606309178723f,9.108915687359876e-7f,-0.000004773841022758209f,0.8359825226838906f,-0.0000017649603581815833f,-0.000008557263305532601f,-0.000004863965424818806f,-0.27496992312046775f,0f,0f,0f,1f], start_interpolation: 0, interpolation_duration: 1 }
$data merge entity $(bone_finger_right_2) { transformation: [-0.5625505515124677f,0.6327827596074044f,-0.9091366570382502f,0.9199074115805529f,1.0857555219139836f,0.11316362724271593f,-0.593072967801258f,1.0917915799831883f,-0.21926793805830094f,-1.0631023363942615f,-0.6042694752564874f,-0.014835303678142217f,0f,0f,0f,1f], start_interpolation: 0, interpolation_duration: 1 }
$data merge entity $(bone_finger_film_right) { transformation: [-0.07118683468516324f,0.37242702337092126f,-0.6335507656324285f,0.9049646797013748f,0.2775995748039348f,-0.2800928785778122f,-0.7830123713293666f,1.0024205673295303f,-1.0390884073869258f,-0.10034330496094039f,-0.16578322547426175f,0.025353179138361923f,0f,0f,0f,1f], start_interpolation: 0, interpolation_duration: 1 }
$data merge entity $(bone_finger_right_0_fire) { transformation: [-0.10991779540646757f,1.2161270878283434f,-1.134341554506805f,0.4520216353032519f,0.4163774698032775f,-1.0804840096600903f,-1.1987334504746467f,0.4751873290272034f,-1.6100700788074351f,-0.36244584270865293f,-0.23256209968524905f,-0.07305213851066673f,0f,0f,0f,1f], start_interpolation: 0, interpolation_duration: 1 }
$data merge entity $(bone_finger_right_0_fire_s) { transformation: [-6.595067724388054e-7f,0.00000729676252697006f,-0.00000680604932704083f,0.4520216353032519f,0.0000024982648188196652f,-0.000006482904057960542f,-0.00000719240070284788f,0.4751873290272034f,-0.000009660420472844611f,-0.0000021746750562519176f,-0.0000013953725981114942f,-0.07305213851066673f,0f,0f,0f,1f], start_interpolation: 0, interpolation_duration: 1 }
$data merge entity $(bone_fire_large_right) { transformation: [-0.0000017586847265034811f,0.000019458033405253494f,-0.000018149464872108878f,0.3683215869574401f,0.00000666203951685244f,-0.000017287744154561443f,-0.000019179735207594346f,0.5415235572362207f,-0.000025761121260918962f,-0.000005799133483338447f,-0.0000037209935949639844f,-0.05161078774673805f,0f,0f,0f,1f], start_interpolation: 0, interpolation_duration: 1 }
$data merge entity $(bone_finger_right_0) { transformation: [-0.0964572347015427f,1.0671998606211124f,-0.995429804156513f,0.8780130694014786f,0.3653877807568007f,-0.9481676677161132f,-1.0519362524461588f,1.0263274946143643f,-1.412900494439157f,-0.3180606341990906f,-0.20408248681726854f,0.041212411695925766f,0f,0f,0f,1f], start_interpolation: 0, interpolation_duration: 1 }
$data merge entity $(bone_wing_right_1_model) { transformation: [-0.6273761915213916f,0.6925043054085237f,0.3972580827933057f,0.5149977009352014f,-0.6084550581903309f,-0.7418510500047475f,0.3322898505992835f,1.3777864129970965f,0.5168739106557378f,-0.03273972570672498f,0.8733536247625774f,0.041790630692683586f,0f,0f,0f,1f], start_interpolation: 0, interpolation_duration: 1 }
$data merge entity $(bone_wing_right_0) { transformation: [0.03038536109689277f,0.996170811945842f,-0.08197830968111962f,0.6180277350912338f,-0.6763405179748008f,-0.03989760859495682f,-0.7355077732926968f,1.739733461387237f,-0.7359621142263977f,0.07779392171349703f,0.6725383796987684f,-0.23556296194158738f,0f,0f,0f,1f], start_interpolation: 0, interpolation_duration: 1 }
$data merge entity $(bone_finger_left_1_fire) { transformation: [-1.4294298480947751f,0.12629199012364192f,-0.8476782528672885f,0.17022774981497824f,-0.3182229651893495f,1.4524106457638868f,0.7530041422698845f,3.359924423711859f,0.7957651862073544f,0.8076703703121199f,-1.2215580703012183f,-1.1129743095793674f,0f,0f,0f,1f], start_interpolation: 0, interpolation_duration: 1 }
$data merge entity $(bone_finger_left_1_fire_s) { transformation: [-0.000008576579088568651f,7.577519407418516e-7f,-0.0000050860695172037315f,0.17022774981497824f,-0.000001909337791136097f,0.00000871446387458332f,0.000004518024853619307f,3.359924423711859f,0.000004774591117244126f,0.000004846022221872719f,-0.000007329348421807309f,-1.1129743095793674f,0f,0f,0f,1f], start_interpolation: 0, interpolation_duration: 1 }
$data merge entity $(bone_finger_left_1) { transformation: [-1.7051154063177256f,0.15064916850684798f,-1.0111648714282853f,0.6946319640989674f,-0.3795967191476282f,1.732528372548493f,0.8982315331646235f,2.860926266615708f,0.9492396430800495f,0.9634409086119965f,-1.4571526459717923f,-0.3688842729889671f,0f,0f,0f,1f], start_interpolation: 0, interpolation_duration: 1 }
$data merge entity $(bone_finger_left_2_fire) { transformation: [0.5356405157077733f,1.5728769346477043f,-0.13009674924198536f,0.7619410003567308f,1.5613941670953548f,-0.5481412319090971f,-0.1984117502053688f,2.682492173794871f,-0.230033194714786f,-0.058112959933210216f,-1.6496925140749379f,-0.9582094722181199f,0f,0f,0f,1f], start_interpolation: 0, interpolation_duration: 1 }
$data merge entity $(bone_finger_left_2_fire_s) { transformation: [0.0000032138430942466398f,0.000009437261607886226f,-7.805804954519123e-7f,0.7619410003567308f,0.00000936836500257213f,-0.0000032888473914545825f,-0.000001190470501232213f,2.682492173794871f,-0.0000013801991682887161f,-3.486777595992613e-7f,-0.000009898155084449628f,-0.9582094722181199f,0f,0f,0f,1f], start_interpolation: 0, interpolation_duration: 1 }
$data merge entity $(bone_finger_left_2) { transformation: [0.39926831515037914f,1.1724279721556699f,-0.09697457222359822f,0.8047319044062146f,1.1638686770324622f,-0.4085863927593526f,-0.1478968130442076f,2.7463338079606574f,-0.17146754845658296f,-0.043317603729574654f,-1.2296865739152578f,-0.427487168124873f,0f,0f,0f,1f], start_interpolation: 0, interpolation_duration: 1 }
$data merge entity $(bone_finger_film_left) { transformation: [-0.6483383566639244f,0.3701820532373517f,-0.191301599978513f,0.7799607714703819f,0.7687167939059214f,0.29920546651496743f,0.3185624581052488f,2.832250438798816f,0.38802792911727324f,0.025768653165294274f,-0.9507369153811831f,-0.4702691831351619f,0f,0f,0f,1f], start_interpolation: 0, interpolation_duration: 1 }
$data merge entity $(bone_finger_left_0_fire) { transformation: [-1.0070357914294112f,1.2597418299303464f,-0.4203655724267409f,0.6237186676896734f,1.1800964287273208f,1.0908203460748591f,0.441883660335982f,3.0443657600540455f,0.6091215900482778f,-0.030647549504725f,-1.5510671790816126f,-1.1209698755245072f,0f,0f,0f,1f], start_interpolation: 0, interpolation_duration: 1 }
$data merge entity $(bone_finger_left_0_fire_s) { transformation: [-0.000006042214748576467f,0.000007558450979582079f,-0.0000025221934345604456f,0.6237186676896734f,0.000007080578572363925f,0.000006544922076449155f,0.000002651301962015892f,3.0443657600540455f,0.000003654729540289667f,-1.8388529702835e-7f,-0.000009306403074489676f,-1.1209698755245072f,0f,0f,0f,1f], start_interpolation: 0, interpolation_duration: 1 }
$data merge entity $(bone_fire_large_left) { transformation: [-0.00001611257266287058f,0.000020155869278885543f,-0.000006725849158827854f,0.5407804212495378f,0.000018881542859637133f,0.000017453125537197747f,0.000007070138565375712f,2.973878916475108f,0.000009745945440772445f,-4.903607920756e-7f,-0.0000248170748653058f,-1.125303113157683f,0f,0f,0f,1f], start_interpolation: 0, interpolation_duration: 1 }
$data merge entity $(bone_finger_left_0) { transformation: [-0.8837139366520176f,1.1054735305016188f,-0.3688874993359691f,0.7464691068290412f,1.0355815250412659f,0.9572382137894454f,0.38777047682032256f,2.8120564796557193f,0.5345284078505682f,-0.026894442930489f,-1.3611231045644836f,-0.4658017296151339f,0f,0f,0f,1f], start_interpolation: 0, interpolation_duration: 1 }
$data merge entity $(bone_wing_left_1_model) { transformation: [0.6184041161863579f,0.5442952795915831f,0.5935453485117466f,0.4520750699405173f,-0.748245534645864f,0.6650602573873748f,0.16970726846014395f,2.4875612054633143f,-0.29779531898291334f,-0.5407537200056962f,0.8061516267636668f,-0.21412965833596007f,0f,0f,0f,1f], start_interpolation: 0, interpolation_duration: 1 }
$data merge entity $(bone_wing_left_0) { transformation: [0.24760217115609867f,0.9684163868454319f,-0.029374589835865328f,0.5394334883869736f,-0.3517343909431033f,0.11809800280081684f,0.9286203637452399f,2.0539496405746362f,0.9027602578019648f,-0.21959636477796596f,0.36986666990908024f,-0.36544206249639105f,0f,0f,0f,1f], start_interpolation: 0, interpolation_duration: 1 }
$data merge entity $(bone_body_0) { transformation: [0.22522019451525804f,0.8659012265512617f,-0.4466440751196977f,0.1503562656168369f,-0.9004199666512129f,0.3600971874507217f,0.2440776500335658f,1.885282002431762f,0.37218241177994615f,0.3471960274068533f,0.8607759121365806f,-0.0692446598443271f,0f,0f,0f,1f], start_interpolation: 0, interpolation_duration: 1 }
$data merge entity $(bone_leg_right_3) { transformation: [-0.44663473280222477f,0.8937706743559306f,0.0411265986440669f,-0.650267587965249f,-0.8585833125233092f,-0.4152133718784566f,-0.30072005465186963f,2.0776713697595937f,-0.25169845234165905f,-0.16962263255434798f,0.9528252996295522f,-0.21865448885808453f,0f,0f,0f,1f], start_interpolation: 0, interpolation_duration: 1 }
$data merge entity $(bone_leg_right_2) { transformation: [-0.4393979623735158f,0.4039671651896426f,-0.8023340701420115f,-0.5727607118495892f,-0.8851592590616711f,-0.042538167512466085f,0.4633396059070217f,2.07266340584335f,0.15304416604168608f,0.9137839097693312f,0.3762664607525889f,-0.06593048499582001f,0f,0f,0f,1f], start_interpolation: 0, interpolation_duration: 1 }
$data merge entity $(bone_leg_right_1) { transformation: [-0.46298087859289366f,0.2503694364898209f,-0.850272809943445f,-0.3058767788969928f,-0.8836733102459623f,-0.05563136055761059f,0.4647866526498495f,1.9202800586863864f,0.06906653904963636f,0.9665507213769376f,0.24700104491565716f,-0.1588834421900404f,0f,0f,0f,1f], start_interpolation: 0, interpolation_duration: 1 }
$data merge entity $(bone_leg_right_0) { transformation: [-0.46577341093049973f,0.4065429121357387f,-0.7859885433403981f,-0.09423146132373021f,-0.8733590600828927f,-0.06818542755091109f,0.48228072700536684f,1.8813382933065128f,0.14247484634592006f,0.9110837546910231f,0.38681689479237336f,0.12173972666293148f,0f,0f,0f,1f], start_interpolation: 0, interpolation_duration: 1 }
$data merge entity $(bone_leg_left_3) { transformation: [-0.6825873082459449f,0.6266117857957189f,-0.37607477517570254f,-0.2019567095801048f,-0.7093067558846061f,-0.6919505491219783f,0.13449298727535045f,2.573191578556f,-0.17595025626014388f,0.3585555849121477f,0.9167766357462965f,-0.26914008960700464f,0f,0f,0f,1f], start_interpolation: 0, interpolation_duration: 1 }
$data merge entity $(bone_leg_left_2) { transformation: [-0.5408204762519648f,-0.2055174105603727f,-0.815644411752546f,-0.23475309016333823f,-0.6371171393586592f,-0.5330197739482554f,0.5567509957921843f,2.474100002589447f,-0.549176622956619f,0.8207633730477436f,0.15732934329378667f,-0.13326413920878247f,0f,0f,0f,1f], start_interpolation: 0, interpolation_duration: 1 }
$data merge entity $(bone_leg_left_1) { transformation: [-0.5746259530883818f,-0.36278563642264106f,-0.7336154278930399f,0.008488028842119959f,-0.6668565869073144f,-0.31210630588878374f,0.6766771359539081f,2.2647410272031467f,-0.4744547465624049f,0.8780525245279328f,-0.06258160779756372f,-0.12374847526309368f,0f,0f,0f,1f], start_interpolation: 0, interpolation_duration: 1 }
$data merge entity $(bone_leg_left_0) { transformation: [-0.5746259530883818f,-0.16887802618430647f,-0.8008028635746511f,-0.0024696631686272064f,-0.6668565869073144f,-0.4706322263849032f,0.5777608501675378f,2.0420277727954783f,-0.4744547465624049f,0.8660170435736709f,0.15782006749562166f,0.15072975654339132f,0f,0f,0f,1f], start_interpolation: 0, interpolation_duration: 1 }
$data merge entity $(bone_tail_3) { transformation: [-1.8513138441260588f,-0.2561856279942297f,1.5721048627208118f,-0.7530386168615031f,0.180113064149946f,2.3613099998204015f,0.5968937038574942f,2.7735537239895267f,-1.5826256852154708f,0.5684115881923973f,-1.7710764895223714f,0.3702960167465055f,0f,0f,0f,1f], start_interpolation: 0, interpolation_duration: 1 }
$data merge entity $(bone_tail_2) { transformation: [-1.0051867108703898f,-0.5685249445897301f,-0.05738576625619912f,-0.7266643881434645f,-0.36916070569657966f,0.5574820078254347f,0.9433176807526322f,2.3844150486086746f,-0.43615835674576964f,0.8383956469532546f,-0.6661626599492525f,0.6388766411660908f,0f,0f,0f,1f], start_interpolation: 0, interpolation_duration: 1 }
$data merge entity $(bone_tail_1) { transformation: [-0.9570836389598137f,0.2683047107359787f,-0.9650817740016138f,-0.43898888543091497f,-0.999005032300559f,-0.3532241633850958f,0.8925250562963685f,2.1188909013690536f,-0.07320651440532733f,1.312487947706782f,0.4374877525723901f,0.501326618906161f,0f,0f,0f,1f], start_interpolation: 0, interpolation_duration: 1 }
$data merge entity $(bone_tail_0) { transformation: [-0.5868780233623667f,0.7889365232411754f,-0.6842204968196915f,-0.22319383180810437f,-1.027716609674646f,-0.5756690991319731f,0.21773377960530482f,2.0450379036711226f,-0.18541061504377337f,0.6936775842410412f,0.9588736377794422f,0.227634510710933f,0f,0f,0f,1f], start_interpolation: 0, interpolation_duration: 1 }
$data merge entity $(bone_body_1) { transformation: [-0.5001221416479299f,0.44920838921706024f,-0.7682384792074309f,0.004102852828917439f,-0.8757932847662199f,-0.404893548865002f,0.3333887084025837f,1.9424809649066468f,-0.15800208934165033f,0.8224194377499613f,0.583748492605467f,0.07664013757675256f,0f,0f,0f,1f], start_interpolation: 0, interpolation_duration: 1 }