# This file was generated by Animated Java via MC-Build. It is not recommended to edit this file directly.
$data merge entity $(bone_head_lower) { transformation: [-0.9996788757878621f,0.011222537332803637f,0.022720034316228495f,-0.02364444252961174f,0.02531151933765386f,0.4851492304909105f,0.8740649581941248f,1.112752866738646f,-0.0012133805406163356f,0.8743593533610143f,-0.4852774967972167f,0.8815571032839351f,0f,0f,0f,1f], start_interpolation: 0, interpolation_duration: 1 }
$data merge entity $(bone_head_upper) { transformation: [-0.9996788757878621f,0.01350824228138145f,0.021439978870891413f,-0.022737063375371794f,0.02531151933765386f,0.5727974493533068f,0.8193060533177854f,1.1333589421786472f,-0.0012133805406163356f,0.8195856327467029f,-0.5729554243593915f,0.8831916310206394f,0f,0f,0f,1f], start_interpolation: 0, interpolation_duration: 1 }
$data merge entity $(bone_neck_0) { transformation: [-0.9999441384227031f,0.002238484538162399f,0.010330015539714361f,-0.02083476289012481f,0.010033857537622459f,0.5082803831514671f,0.8611331916761267f,1.2864246113520956f,-0.0033229109216211875f,0.8611887373220635f,-0.5082744504425113f,0.7731284635205844f,0f,0f,0f,1f], start_interpolation: 0, interpolation_duration: 1 }
$data merge entity $(bone_neck_1) { transformation: [-0.9996412639208039f,0.004489261632565781f,0.026404355640925314f,-0.016192023457159605f,0.016607644434596718f,0.8773393322793094f,0.47958302949753073f,1.377089366902249f,-0.02101260605332191f,0.47984949991188863f,-0.8770991550680904f,0.623915848772018f,0f,0f,0f,1f], start_interpolation: 0, interpolation_duration: 1 }
$data merge entity $(bone_neck_2) { transformation: [-0.9996412639208039f,-0.0038579891809975824f,0.026503950390411563f,-0.01073742924310905f,0.016607644434596718f,0.6870738546273027f,0.7263977591057905f,1.6395453563138476f,-0.02101260605332191f,0.7265773422059479f,-0.686763304334025f,0.571858445722882f,0f,0f,0f,1f], start_interpolation: 0, interpolation_duration: 1 }
$data merge entity $(bone_arm_right_2) { transformation: [-0.9626293811461105f,0.02524329837216771f,0.2696431909793946f,-0.5703889732928341f,0.028310561421054686f,-0.9808118665224026f,0.19289011016863003f,1.1345302487458313f,0.2693384240435835f,0.19331543750082464f,0.9434436681421864f,0.38912296884647984f,0f,0f,0f,1f], start_interpolation: 0, interpolation_duration: 1 }
$data merge entity $(bone_arm_right_1) { transformation: [-0.9557711779763449f,-0.18711498812936816f,-0.2269128391410603f,-0.4878479720163065f,-0.2328325453843515f,0.9527559306303117f,0.19505164049198015f,1.4666367224077752f,0.1796954678325364f,0.23925743011684125f,-0.954183117108205f,0.43533938555925333f,0f,0f,0f,1f], start_interpolation: 0, interpolation_duration: 1 }
$data merge entity $(bone_arm_right_0) { transformation: [-0.1877720409262135f,0.9734679300986704f,0.1307740406801557f,-0.1705839391686655f,0.9121857003597296f,0.12346048470676088f,0.3907361728522221f,1.4932735675014879f,0.36422370695169504f,0.19265953852685905f,-0.9111659527819196f,0.47483932883177876f,0f,0f,0f,1f], start_interpolation: 0, interpolation_duration: 1 }
$data merge entity $(bone_arm_left_2) { transformation: [-0.9929255323587924f,0.018074862823470622f,-0.117354959519918f,0.45534371744803037f,-0.06883243187747551f,-0.8929557813560135f,0.44485061409950166f,1.130405041109161f,-0.09675217574732642f,0.44978136008152203f,0.8878827313397721f,0.26958692375894727f,0f,0f,0f,1f], start_interpolation: 0, interpolation_duration: 1 }
$data merge entity $(bone_arm_left_1) { transformation: [-0.9653665064340634f,0.13986933781936917f,-0.22023641068920236f,0.3557697728356559f,0.17544829800251754f,0.9728037791472912f,-0.15123062522111083f,1.4596042585268267f,0.19309428521660493f,-0.18463308374914691f,-0.9636520229844219f,0.23865815528038936f,0f,0f,0f,1f], start_interpolation: 0, interpolation_duration: 1 }
$data merge entity $(bone_arm_left_0) { transformation: [-0.7660538125246671f,-0.5865064030555065f,-0.26300531456857323f,0.14805178375112038f,-0.36926973826549847f,0.06665448911532422f,0.9269288211519291f,1.4879476557957738f,-0.5261192039051156f,0.8071972610556025f,-0.2676399914560241f,0.48150815510694794f,0f,0f,0f,1f], start_interpolation: 0, interpolation_duration: 1 }
$data merge entity $(bone_finger_right_1_fire) { transformation: [1.1381805305508248f,0.000002702738854112617f,-0.00001187128840740346f,-1.81797715728947f,1.1685548407874489f,-0.000006986786589691364f,0.000009613040587405647f,2.6202982471863243f,-0.3417637220727743f,-0.000014888176302501143f,-0.000006666313823314776f,-0.22580133054236665f,0f,0f,0f,1f], start_interpolation: 0, interpolation_duration: 1 }
$data merge entity $(bone_finger_right_1_fire_s) { transformation: [0.13658166366609895f,0.03243286624935139f,-0.14245546088884148f,-1.81797715728947f,0.1402265808944938f,-0.08384143907629633f,0.11535648704886771f,2.6202982471863243f,-0.041011646648732906f,-0.17865811563001363f,-0.07999576587977728f,-0.22580133054236665f,0f,0f,0f,1f], start_interpolation: 0, interpolation_duration: 1 }
$data merge entity $(bone_finger_right_1) { transformation: [1.357694580394979f,0.32239998804721925f,-1.416083257480892f,-1.0851028833946643f,1.3939270016010792f,-0.8334286198525598f,1.1467050047255047f,2.0357873760597736f,-0.4076776405666178f,-1.775956953690672f,-0.7952005772534555f,0.2201933594431835f,0f,0f,0f,1f], start_interpolation: 0, interpolation_duration: 1 }
$data merge entity $(bone_finger_right_2_fire) { transformation: [0.9236680594251495f,0.000007460896545561627f,0.000011696004963831966f,-0.11956329295920026f,-1.0882474072431978f,-0.00000481812498891639f,0.000011667699320423139f,2.6287319832854554f,0.860425868046756f,-0.000014103136959747063f,0.000002201371897702169f,0.34020469667700953f,0f,0f,0f,1f], start_interpolation: 0, interpolation_duration: 1 }
$data merge entity $(bone_finger_right_2_fire_s) { transformation: [0.11084016713101792f,0.0895307585467395f,0.1403520595659835f,-0.11956329295920026f,-0.13058968886918368f,-0.057817499866996656f,0.14001239184507763f,2.6287319832854554f,0.1032511041656107f,-0.16923764351696471f,0.02641646277242602f,0.34020469667700953f,0f,0f,0f,1f], start_interpolation: 0, interpolation_duration: 1 }
$data merge entity $(bone_finger_right_2) { transformation: [0.6885054043337143f,0.5561378398199546f,0.8718243036057718f,-0.49566551597797853f,-0.8111834262250048f,-0.3591447230175737f,0.8697143910391028f,2.2532669790306605f,0.64136445353259f,-1.0512527650774819f,0.16409103173488385f,0.268468177353484f,0f,0f,0f,1f], start_interpolation: 0, interpolation_duration: 1 }
$data merge entity $(bone_finger_film_right) { transformation: [3.0078778508666124f,0.005583990030237281f,-0.012132001072299895f,-0.8617635678756541f,0.3417041940257367f,-0.00529107856408197f,0.7528446829074665f,2.1887685741517884f,0.903740100606206f,-0.016584387685232387f,-0.2442722284197846f,0.17939778554448954f,0f,0f,0f,1f], start_interpolation: 0, interpolation_duration: 1 }
$data merge entity $(bone_finger_right_0_fire) { transformation: [1.6280038910561698f,0.0000029057864522199137f,-0.0000020723213897631187f,-0.9494223399127832f,0.26869938297344187f,-0.0000036094558390184813f,0.000016047731007308228f,2.8552049372245785f,0.23490796085581436f,-0.000016009560000763553f,-0.000003994194706368963f,-0.02350849633184726f,0f,0f,0f,1f], start_interpolation: 0, interpolation_duration: 1 }
$data merge entity $(bone_finger_right_0_fire_s) { transformation: [0.1953604669267403f,0.03486943742663895f,-0.024867856677157414f,-0.9494223399127832f,0.03224392595681302f,-0.04331347006822176f,0.19257277208769866f,2.8552049372245785f,0.028188955302697716f,-0.19211472000916258f,-0.04793033647642755f,-0.02350849633184726f,0f,0f,0f,1f], start_interpolation: 0, interpolation_duration: 1 }
$data merge entity $(bone_fire_large_right) { transformation: [0.000026048062256898715f,0.000004649258323551862f,-0.0000033157142236209894f,-0.967812555696543f,0.00000429919012757507f,-0.00000577512934242957f,0.00002567636961169316f,2.885007796007195f,0.0000037585273736930294f,-0.000025615296001221683f,-0.000006390711530190341f,0.07963952527051815f,0f,0f,0f,1f], start_interpolation: 0, interpolation_duration: 1 }
$data merge entity $(bone_finger_right_0) { transformation: [1.4286381275564584f,0.254994311683445f,-0.18185443942923796f,-0.8753056692711145f,0.23579438935966845f,-0.3167440974608318f,1.408252185622051f,2.194323271756917f,0.20614107324242112f,-1.4049025280680048f,-0.35050646240783434f,0.21318268403638257f,0f,0f,0f,1f], start_interpolation: 0, interpolation_duration: 1 }
$data merge entity $(bone_wing_right_1_model) { transformation: [-0.6475908719368411f,-0.5586402922324928f,0.5472880133168617f,-0.6210096184123902f,-0.5782299103980948f,0.8204494557538681f,0.15326429563350025f,1.7747987563459224f,-0.5265484938226802f,-0.21391773533163916f,-0.8414053536824506f,0.3341643474300656f,0f,0f,0f,1f], start_interpolation: 0, interpolation_duration: 1 }
$data merge entity $(bone_wing_right_0) { transformation: [-0.40562969715638636f,0.2007377125660376f,-0.8917224453486486f,-0.18115199785120073f,0.27616249656535463f,0.9569075394031731f,0.08978995781352903f,1.7867670687021433f,0.8713201617520444f,-0.2098388233552594f,-0.4435863432718273f,0.4920487511916431f,0f,0f,0f,1f], start_interpolation: 0, interpolation_duration: 1 }
$data merge entity $(bone_finger_left_1_fire) { transformation: [1.1020550608713773f,1.1638088963617407e-7f,0.00001250246765830986f,1.8607688381491223f,-1.1298921183686237f,-0.000007043227672019876f,0.000010025223280442071f,2.630858542591061f,0.535346823502324f,-0.000015104872631915796f,-0.000004578316110534111f,-0.018829711197538734f,0f,0f,0f,1f], start_interpolation: 0, interpolation_duration: 1 }
$data merge entity $(bone_finger_left_1_fire_s) { transformation: [0.13224660730456525f,0.0013965706756340884f,0.15002961189971828f,1.8607688381491223f,-0.1355870542042348f,-0.08451873206423847f,0.12030267936530482f,2.630858542591061f,0.06424161882027886f,-0.1812584715829895f,-0.05493979332640931f,-0.018829711197538734f,0f,0f,0f,1f], start_interpolation: 0, interpolation_duration: 1 }
$data merge entity $(bone_finger_left_1) { transformation: [1.3146018081312747f,0.013882657353496513f,1.491374358076213f,1.0827453691027182f,-1.34780763188567f,-0.8401612733756316f,1.195872794320125f,2.020823681105008f,0.6385959532702762f,-1.8018058787197602f,-0.5461308468876162f,0.2977234007472931f,0f,0f,0f,1f], start_interpolation: 0, interpolation_duration: 1 }
$data merge entity $(bone_finger_left_2_fire) { transformation: [1.0195852215337065f,-0.000004776624587171521f,-0.000012288459339315604f,0.09137126536676027f,1.120841526151572f,-0.000005039289018464817f,0.000011258542147701864f,2.5803363559293597f,-0.694217564645304f,-0.000015151475225844717f,1.2951274912477186e-7f,0.24898243077765814f,0f,0f,0f,1f], start_interpolation: 0, interpolation_duration: 1 }
$data merge entity $(bone_finger_left_2_fire_s) { transformation: [0.12235022658404475f,-0.05731949504605823f,-0.1474615120717872f,0.09137126536676027f,0.13450098313818862f,-0.060471468221577784f,0.13510250577242233f,2.5803363559293597f,-0.08330610775743647f,-0.18181770271013656f,0.001554152989497262f,0.24898243077765814f,0f,0f,0f,1f], start_interpolation: 0, interpolation_duration: 1 }
$data merge entity $(bone_finger_left_2) { transformation: [0.7600023926795001f,-0.3560512685463706f,-0.9159860601133537f,0.4866958179310173f,0.8354791965387232f,-0.37563036718752385f,0.8392156721794485f,2.2180305607312434f,-0.5174722024480859f,-1.1293962663507942f,0.009653925649222687f,0.2438845204110675f,0f,0f,0f,1f], start_interpolation: 0, interpolation_duration: 1 }
$data merge entity $(bone_finger_film_left) { transformation: [3.1278172735089536f,-0.0024888129740956283f,0.028144872102314592f,0.8645959597941631f,-0.23731213111404817f,-0.0054429061163165275f,0.7533355284703698f,2.1662071824048956f,-0.375871184526813f,-0.017274228055461763f,-0.24142218482948827f,0.2188409030433899f,0f,0f,0f,1f], start_interpolation: 0, interpolation_duration: 1 }
$data merge entity $(bone_finger_left_0_fire) { transformation: [1.6523613041841536f,-6.540990243752293e-9f,0.0000021789784387893785f,0.9629809315294819f,-0.21268531503150542f,-0.000003672396728260573f,0.00001611731291887807f,2.8356656703841194f,0.04737990061801564f,-0.000016257036546169337f,-0.000003641710451976519f,0.031389107173527664f,0f,0f,0f,1f], start_interpolation: 0, interpolation_duration: 1 }
$data merge entity $(bone_finger_left_0_fire_s) { transformation: [0.19828335650209838f,-0.0000784918829250275f,0.026147741265472535f,0.9629809315294819f,-0.025522237803780646f,-0.044068760739126855f,0.19340775502653676f,2.8356656703841194f,0.0056855880741618755f,-0.19508443855403199f,-0.04370052542371822f,0.031389107173527664f,0f,0f,0f,1f], start_interpolation: 0, interpolation_duration: 1 }
$data merge entity $(bone_fire_large_left) { transformation: [0.000026437780866946456f,-1.0465584390003667e-8f,0.0000034863655020630055f,0.9624749056377808f,-0.0000034029650405040868f,-0.000005875834765216916f,0.00002578770067020491f,2.8658589771549705f,7.580784098882501e-7f,-0.000026011258473870937f,-0.00000582673672316243f,0.1360506232752452f,0f,0f,0f,1f], start_interpolation: 0, interpolation_duration: 1 }
$data merge entity $(bone_finger_left_0) { transformation: [1.450012725783436f,-0.0005739978943254826f,0.19121401944306216f,0.8719765846243885f,-0.18663981818141853f,-0.32226741068186004f,1.414358274950403f,2.1721478892854775f,0.04157774614335829f,-1.4266195786466302f,-0.3195745679599862f,0.2544203482424277f,0f,0f,0f,1f], start_interpolation: 0, interpolation_duration: 1 }
$data merge entity $(bone_wing_left_1_model) { transformation: [-0.7092915074488222f,0.6107802653210427f,-0.3934845714855598f,0.5886138046060153f,0.564472291257213f,0.8094689312288649f,0.23897314665014419f,1.7560295149338592f,0.4574425350857196f,-0.05181312489510762f,-0.9050076299262864f,0.2974888613105687f,0f,0f,0f,1f], start_interpolation: 0, interpolation_duration: 1 }
$data merge entity $(bone_wing_left_0) { transformation: [-0.5035651175283148f,-0.16875078720483977f,0.8473165549111158f,0.16768914204952634f,-0.2093362831300247f,0.9753464951121528f,0.06983935164178795f,1.7809362814526557f,-0.8382126776504879f,-0.1422054369220323f,-0.5264761350107079f,0.49934975604543846f,0f,0f,0f,1f], start_interpolation: 0, interpolation_duration: 1 }
$data merge entity $(bone_body_0) { transformation: [-0.9996414836699166f,0.0142947084312405f,0.022639908062402285f,-0.0021709535628718912f,0.016708742606162244f,0.9937574010399131f,0.11030433263892386f,1.5336420912935331f,-0.02092180792209949f,0.11064307113083555f,-0.9936399693873066f,0.07797594313683169f,0f,0f,0f,1f], start_interpolation: 0, interpolation_duration: 1 }
$data merge entity $(bone_leg_right_3) { transformation: [-0.998316781343281f,-0.03775299643111324f,0.0440263029206871f,-0.22570509712825915f,0.008210337461818581f,0.6594761701938223f,0.7516806311893716f,0.9601198579566927f,-0.05741249382455699f,0.7507768591312344f,-0.6580561627595964f,-0.369407203350521f,0f,0f,0f,1f], start_interpolation: 0, interpolation_duration: 1 }
$data merge entity $(bone_leg_right_2) { transformation: [-0.9021735129649772f,0.3881403123939637f,0.1882287183167024f,-0.15498895113366518f,0.3540237583264765f,0.9155176053698547f,-0.1910358416586888f,1.1158792119113072f,-0.24647541671499157f,-0.10571003808798601f,-0.9633666263695292f,-0.3791676979500791f,0f,0f,0f,1f], start_interpolation: 0, interpolation_duration: 1 }
$data merge entity $(bone_leg_right_1) { transformation: [-0.92973427975741f,0.27563125969857927f,0.24417530120989828f,-0.24165434061392205f,0.27129110435252846f,0.9610955731690312f,-0.05192721766161834f,1.1198201061799586f,-0.24898856548676218f,0.017964072808413334f,-0.9683398093360505f,-0.07003738557558065f,0f,0f,0f,1f], start_interpolation: 0, interpolation_duration: 1 }
$data merge entity $(bone_leg_right_0) { transformation: [-0.9285018360984403f,0.3695091745521221f,0.03670572548846659f,-0.09438873181636108f,0.27260658728229903f,0.7454307486367431f,-0.6082915810342628f,1.4164051929304078f,-0.2521308964250982f,-0.5547936273144045f,-0.792864453837604f,-0.19417316293804854f,0f,0f,0f,1f], start_interpolation: 0, interpolation_duration: 1 }
$data merge entity $(bone_leg_left_3) { transformation: [-0.9861282201061283f,0.16530615142509575f,-0.015000327041183148f,0.20470485722639392f,0.024892446546855494f,0.2366316614414256f,0.9712805068096353f,0.9922547026246011f,0.16410819484483735f,0.9574337225649061f,-0.2374640336562048f,-0.4308593741137089f,0f,0f,0f,1f], start_interpolation: 0, interpolation_duration: 1 }
$data merge entity $(bone_leg_left_2) { transformation: [-0.9013867393798f,-0.32057096649656086f,-0.2910948325025942f,0.14627776258066774f,-0.36617719942507154f,0.9231246309692718f,0.11728245529087906f,1.147068368604566f,0.23111945978533258f,0.21230914049401275f,-0.9494780798792721f,-0.38640692378058505f,0f,0f,0f,1f], start_interpolation: 0, interpolation_duration: 1 }
$data merge entity $(bone_leg_left_1) { transformation: [-0.927464391694953f,-0.25871353492887406f,-0.2699576058986242f,0.2409550671295042f,-0.2838385596263823f,0.9571226012357416f,0.0578964443895158f,1.1159042385360842f,0.24340393219323983f,0.13032126859547488f,-0.9611300082426595f,-0.08119720013044007f,0f,0f,0f,1f], start_interpolation: 0, interpolation_duration: 1 }
$data merge entity $(bone_leg_left_0) { transformation: [-0.927464391694953f,-0.37202507413994684f,-0.037511949417188245f,0.0929103092193206f,-0.2838385596263823f,0.7657990609142658f,-0.5770506653423504f,1.4168349012549175f,0.24340393219323983f,-0.5245466066175586f,-0.8158464213801964f,-0.19337139649302038f,0f,0f,0f,1f], start_interpolation: 0, interpolation_duration: 1 }
$data merge entity $(bone_tail_3) { transformation: [-2.4419980768319474f,0.03267087401223898f,-0.009259134645130524f,0.0001222332882260973f,0.03332973964542721f,2.1785661138950743f,-1.1032889651751754f,0.43943359979902746f,-0.006499695244262391f,-1.103308672227958f,-2.1788013797917283f,-1.1812409878679175f,0f,0f,0f,1f], start_interpolation: 0, interpolation_duration: 1 }
$data merge entity $(bone_tail_2) { transformation: [-1.1562080080972386f,0.007942908818512909f,-0.005832213243434562f,0.0024705942234262614f,0.008541169339687257f,0.4664850807325328f,-1.0579379851296924f,0.8703392389984721f,-0.004914563879622483f,-1.057942645965963f,-0.46652681317198647f,-0.9848361107943426f,0f,0f,0f,1f], start_interpolation: 0, interpolation_duration: 1 }
$data merge entity $(bone_tail_1) { transformation: [-1.3854137791960928f,0.0023117151875601f,0.0016299276884363912f,0.0019709697654042924f,0.000436901662589435f,0.9636457350254076f,-0.995372315649806f,1.163623008645242f,-0.0027946034271706974f,-0.9953697270954206f,-0.963644455622223f,-0.691297941063157f,0f,0f,0f,1f], start_interpolation: 0, interpolation_duration: 1 }
$data merge entity $(bone_tail_0) { transformation: [-1.1979025388636062f,-0.0013589769518935846f,0.005656928808848205f,0.00026927841050354627f,-0.0027482719081458255f,1.1588061131893972f,-0.30358718568836f,1.2722823707656898f,-0.005127832234292697f,-0.30359658346941953f,-1.1587955644202521f,-0.3520054598680963f,0f,0f,0f,1f], start_interpolation: 0, interpolation_duration: 1 }
$data merge entity $(bone_body_1) { transformation: [-1.0208212939881165f,0.0003808650361970749f,0.004943189931192951f,-0.0011322021484374857f,-0.002342005626072094f,0.8600517550627119f,-0.5499147098120223f,1.4450336306777798f,-0.004369804860527689f,-0.5499195650273025f,-0.8600407381340186f,-0.11719479719509347f,0f,0f,0f,1f], start_interpolation: 0, interpolation_duration: 1 }