# This file was generated by Animated Java via MC-Build. It is not recommended to edit this file directly.
$data merge entity $(bone_head_lower) { transformation: [-0.9977867964892337f,-0.020414366962100094f,0.06328319187027158f,-0.06452809304407005f,0.06636118082148725f,-0.36593449136637607f,0.9282715883341518f,0.7606275971352733f,0.004207425784343706f,0.9304166817345699f,0.3664793253627015f,0.4643045960241881f,0f,0f,0f,1f], start_interpolation: 0, interpolation_duration: 1 }
$data merge entity $(bone_head_upper) { transformation: [-0.9977867964892337f,-0.02112892517721196f,0.06304821387326265f,-0.06341279753151638f,0.06636118082148725f,-0.37641175813266853f,0.9240727146818322f,0.770403583934812f,0.004207425784343706f,0.9262115076268103f,0.3769808227323241f,0.48250601247746305f,0f,0f,0f,1f], start_interpolation: 0, interpolation_duration: 1 }
$data merge entity $(bone_neck_0) { transformation: [-0.9985706716787697f,-0.0349251755931726f,0.040457950674709156f,-0.05522225685819211f,0.0490220798876267f,-0.2969011290865238f,0.953649073417805f,0.9545135946387808f,-0.021294350107535165f,0.954269328678719f,0.29818886464213284f,0.5222934183851113f,0f,0f,0f,1f], start_interpolation: 0, interpolation_duration: 1 }
$data merge entity $(bone_neck_1) { transformation: [-0.9977533717064868f,-0.006595107675863984f,0.06666868682583413f,-0.04364255941724664f,0.06113095221983391f,0.3175023892933212f,0.9462849673717365f,1.1221485279922088f,-0.027408318610118543f,0.948234537099222f,-0.31638591423005896f,0.47464368538183516f,0f,0f,0f,1f], start_interpolation: 0, interpolation_duration: 1 }
$data merge entity $(bone_neck_2) { transformation: [-0.9977533717064868f,-0.02274302969129793f,0.0630155841740607f,-0.03260728156835118f,0.06113095221983391f,0.07574772530327639f,0.9952513696509417f,1.358408561361659f,-0.027408318610118543f,0.9968676124299756f,-0.07418724525904785f,0.5998726415515052f,0f,0f,0f,1f], start_interpolation: 0, interpolation_duration: 1 }
$data merge entity $(bone_arm_right_2) { transformation: [-0.9998529691289532f,0.006184017980143255f,0.015993687681015348f,-0.5331352841162548f,-0.014783156012990725f,-0.783480619401071f,-0.6212403539059664f,1.2326217475977421f,0.0086889828122843f,-0.6213854495758138f,0.7834568428657398f,0.02166956712106871f,0f,0f,0f,1f], start_interpolation: 0, interpolation_duration: 1 }
$data merge entity $(bone_arm_right_1) { transformation: [-0.9622760507352234f,-0.2716099914252883f,0.015900149036303213f,-0.4755237325446366f,-0.12385800096834476f,0.48934643032994063f,0.8632492494751847f,1.4053149192522487f,-0.2422478024204705f,0.8287147179103911f,-0.50452742100024f,0.31510041332352534f,0f,0f,0f,1f], start_interpolation: 0, interpolation_duration: 1 }
$data merge entity $(bone_arm_right_0) { transformation: [-0.15844359967304117f,0.8562778512737399f,0.4916135343343147f,-0.19060344720748024f,0.6472738037245654f,-0.28591218017562325f,0.7066051572407f,1.3116150684450256f,0.7456086431463773f,0.43016562699180094f,-0.5089452668216584f,0.4289731604403211f,0f,0f,0f,1f], start_interpolation: 0, interpolation_duration: 1 }
$data merge entity $(bone_arm_left_2) { transformation: [-0.9836677093704009f,0.14708314359845737f,-0.10375156100601204f,0.45824756753176665f,-0.09118838743539026f,-0.90419465090222f,-0.41727294577619567f,1.2722176457608994f,-0.15518542308774277f,-0.4009969852118672f,0.9028393557616272f,0.067599081129426f,0f,0f,0f,1f], start_interpolation: 0, interpolation_duration: 1 }
$data merge entity $(bone_arm_left_1) { transformation: [-0.9647207208066673f,0.021518321269474894f,-0.262394536330329f,0.3217579657543065f,-0.14340695226053068f,0.7928733868681656f,0.592272098312549f,1.499560581602954f,0.22079034600636543f,0.6090063663427071f,-0.7618155084168617f,0.2887991309554096f,0f,0f,0f,1f], start_interpolation: 0, interpolation_duration: 1 }
$data merge entity $(bone_arm_left_0) { transformation: [-0.749440275345766f,-0.5397111974362028f,-0.3834724201968675f,0.12743329052441987f,0.13685422394379831f,-0.6929749925766479f,0.7078535025357543f,1.2921037434550882f,-0.6477732590022556f,0.4780141033749681f,0.5932051263232827f,0.4375466165688391f,0f,0f,0f,1f], start_interpolation: 0, interpolation_duration: 1 }
$data merge entity $(bone_finger_right_1_fire) { transformation: [2.4263771808664427f,0.590738006929659f,-0.7360043017678494f,-1.77341524461501f,2.192935823333661f,0.3057078668759907f,0.8306160478244421f,2.7194255301317125f,0.6440786924139212f,-3.266294906834043f,-0.055371562979879684f,0.44914911775677197f,0f,0f,0f,1f], start_interpolation: 0, interpolation_duration: 1 }
$data merge entity $(bone_finger_right_1_fire_s) { transformation: [0.07279131542599333f,0.01772214020788979f,-0.06623707530534123f,-1.77341524461501f,0.06578807470000989f,0.009171236006279728f,0.07475170671886391f,2.7194255301317125f,0.01932236077241765f,-0.09798884720502138f,-0.004983191508613745f,0.44914911775677197f,0f,0f,0f,1f], start_interpolation: 0, interpolation_duration: 1 }
$data merge entity $(bone_finger_right_1) { transformation: [1.447168994738534f,0.3523350509490704f,-1.3168637099505083f,-1.0928760544797527f,1.307937098982542f,0.18233395445658088f,1.4861436647248467f,1.940166014231893f,0.38414914267381983f,-1.948122803872842f,-0.09907116259551701f,0.5345302682930098f,0f,0f,0f,1f], start_interpolation: 0, interpolation_duration: 1 }
$data merge entity $(bone_finger_right_2_fire) { transformation: [1.6262036444021613f,1.4358291344460725f,0.8436434230621345f,-0.07131899161991878f,-2.898336494855271f,0.5429161459866227f,0.5181420159292884f,2.3110074856741494f,0.25732932330827113f,-2.958842318579004f,0.5044660416359528f,0.9273257201274663f,0f,0f,0f,1f], start_interpolation: 0, interpolation_duration: 1 }
$data merge entity $(bone_finger_right_2_fire_s) { transformation: [0.04878610933206488f,0.04307487403338221f,0.07592411186999867f,-0.07131899161991878f,-0.08695009484565822f,0.016287484379598698f,0.04663044991114044f,2.3110074856741494f,0.00771987969924814f,-0.08876526955737019f,0.04539967376354761f,0.9273257201274663f,0f,0f,0f,1f], start_interpolation: 0, interpolation_duration: 1 }
$data merge entity $(bone_finger_right_2) { transformation: [0.6060889441250631f,0.5351360311090365f,0.9432349787048083f,-0.4782399852690535f,-1.0802150837214255f,0.20234579771246974f,0.579308342838979f,2.061362366368218f,0.09590708912330842f,-1.102765710108452f,0.5640179287034421f,0.683060292531372f,0f,0f,0f,1f], start_interpolation: 0, interpolation_duration: 1 }
$data merge entity $(bone_finger_film_right) { transformation: [3.0538442799481977f,0.0014833121967655909f,0.04858943920698869f,-0.854761699460157f,-0.41245722783766703f,0.0009399768270758889f,0.7628285954852206f,2.077239101504157f,0.9341589610410733f,-0.0044340464566399555f,0.17796712738879508f,0.5764592741738632f,0f,0f,0f,1f], start_interpolation: 0, interpolation_duration: 1 }
$data merge entity $(bone_finger_right_0_fire) { transformation: [3.2727310241696084f,0.6101517171107068f,-0.05583750480885283f,-0.8901959318616341f,-0.021635716207656253f,0.9898466783322637f,1.0610194086753975f,2.757331888370883f,0.632356426655905f,-3.1239445492217923f,0.3252865637894386f,0.7473705435261001f,0f,0f,0f,1f], start_interpolation: 0, interpolation_duration: 1 }
$data merge entity $(bone_finger_right_0_fire_s) { transformation: [0.09818193072508834f,0.01830455151332122f,-0.00502512417658793f,-0.8901959318616341f,-0.0006490714862296881f,0.029695400349967937f,0.09548697243216424f,2.757331888370883f,0.018970692799677162f,-0.09371833647665384f,0.029274327024698264f,0.7473705435261001f,0f,0f,0f,1f], start_interpolation: 0, interpolation_duration: 1 }
$data merge entity $(bone_fire_large_right) { transformation: [0.000026181848193356865f,0.000004881213736885655f,-0.0000013400331137567801f,-0.9090610771892063f,-1.7308572966125002e-7f,0.00000791877342665811f,0.000025463192648577107f,2.7310120685539f,0.000005058851413247239f,-0.000024991556393774337f,0.000007806487206586198f,0.8513767845178936f,0f,0f,0f,1f], start_interpolation: 0, interpolation_duration: 1 }
$data merge entity $(bone_finger_right_0) { transformation: [1.435975782383521f,0.2677161926477002f,-0.07349577022736539f,-0.8687339265255222f,-0.009493100495968809f,0.4343149033210126f,1.396560231939637f,2.0655765455847392f,0.2774589502792581f,-1.370692759368977f,0.4281564269778656f,0.6084659016447043f,0f,0f,0f,1f], start_interpolation: 0, interpolation_duration: 1 }
$data merge entity $(bone_wing_right_1_model) { transformation: [-0.6540628373095322f,-0.5227907512953632f,0.5743419871927127f,-0.6330417018518854f,-0.18810699606200112f,0.8351617876303855f,0.5459831769902703f,1.633862446947122f,-0.7535214966575104f,0.24529920889372675f,-0.6348312651665614f,0.4928113485282066f,0f,0f,0f,1f], start_interpolation: 0, interpolation_duration: 1 }
$data merge entity $(bone_wing_right_0) { transformation: [-0.41611095813065f,0.2530574346181374f,-0.8733920112458551f,-0.19775894161412888f,-0.24791500547139372f,0.8925363647326092f,0.3767187116298011f,1.5288905702520712f,0.874865601441565f,0.37328376928870827f,-0.308657426607401f,0.627181229255871f,0f,0f,0f,1f], start_interpolation: 0, interpolation_duration: 1 }
$data merge entity $(bone_finger_left_1_fire) { transformation: [2.1432000161017086f,0.05739019317991417f,0.8508272206912381f,1.8661758830604176f,-2.5168655317039557f,0.6061881407968565f,0.6999584002643734f,2.4753364323803626f,-0.4280101604089713f,-3.2772478415272683f,0.14436980134804528f,0.7211387619414383f,0f,0f,0f,1f], start_interpolation: 0, interpolation_duration: 1 }
$data merge entity $(bone_finger_left_1_fire_s) { transformation: [0.06429600048305131f,0.0017217057953974265f,0.07657062133114494f,1.8661758830604176f,-0.07550596595111873f,0.018185644223905707f,0.06299310636847524f,2.4753364323803626f,-0.01284030481226915f,-0.09831743524581812f,0.012992632489699603f,0.7211387619414383f,0f,0f,0f,1f], start_interpolation: 0, interpolation_duration: 1 }
$data merge entity $(bone_finger_left_1) { transformation: [1.2782730720035742f,0.03422934769868257f,1.52230562739258f,1.0716425491823782f,-1.5011391428052536f,0.3615500051917507f,1.2523701472520796f,1.8148874329990141f,-0.25527895599304357f,-1.9546554846177915f,0.2583073927032169f,0.6201792459457219f,0f,0f,0f,1f], start_interpolation: 0, interpolation_duration: 1 }
$data merge entity $(bone_finger_left_2_fire) { transformation: [2.0645937172153084f,-0.7834686921084082f,-0.8323570409178206f,0.06410780361621116f,2.6015574271125947f,0.9591906963625596f,0.6167392369409529f,2.3230356187431083f,0.2836597387390227f,-3.094711800411884f,0.4018778809080345f,0.8692769263925916f,0f,0f,0f,1f], start_interpolation: 0, interpolation_duration: 1 }
$data merge entity $(bone_finger_left_2_fire_s) { transformation: [0.06193781151645931f,-0.023504060763252264f,-0.07490838826319077f,0.06410780361621116f,0.0780467228133779f,0.028775720890876814f,0.05550375613687896f,2.3230356187431083f,0.008509792162170689f,-0.0928413540123566f,0.03616720092167706f,0.8692769263925916f,0f,0f,0f,1f], start_interpolation: 0, interpolation_duration: 1 }
$data merge entity $(bone_finger_left_2) { transformation: [0.7694776914451504f,-0.29200015261901485f,-0.9306162465123543f,0.46579530570955985f,0.9696050058103614f,0.35749205111804455f,0.6895449014596002f,2.025889070142492f,0.10572048103257656f,-1.1534045037591596f,0.4493193025370213f,0.6745359212059003f,0f,0f,0f,1f], start_interpolation: 0, interpolation_duration: 1 }
$data merge entity $(bone_finger_film_left) { transformation: [3.1985191614215367f,-0.0005052377478589393f,0.03602253211467977f,0.8533370096308033f,-0.0371760118130503f,0.0014517961115608955f,0.7475159119707367f,1.9863314317025829f,-0.3699080069776304f,-0.004514594373445934f,0.23635362627645257f,0.6341494128928661f,0f,0f,0f,1f], start_interpolation: 0, interpolation_duration: 1 }
$data merge entity $(bone_finger_left_0_fire) { transformation: [3.2982069300175505f,0.11628111792140908f,0.15614907483440965f,0.9598176054842933f,-0.4771139869750308f,1.2737158445339407f,1.0144537357180126f,2.639029551456666f,-0.07283132106530382f,-3.078187414714909f,0.425667059598505f,0.8700296637444266f,0f,0f,0f,1f], start_interpolation: 0, interpolation_duration: 1 }
$data merge entity $(bone_finger_left_0_fire_s) { transformation: [0.09894620790052659f,0.0034884335376422753f,0.014052714099391912f,0.9598176054842933f,-0.014313419609250937f,0.03821147533601825f,0.09129627140105116f,2.639029551456666f,-0.0021849396319591164f,-0.09234562244144734f,0.03830811995786759f,0.8700296637444266f,0f,0f,0f,1f], start_interpolation: 0, interpolation_duration: 1 }
$data merge entity $(bone_fire_large_left) { transformation: [0.0000263856554401404f,9.302489433712726e-7f,0.0000037473904265045065f,0.9555395172420419f,-0.0000038169118958002465f,0.000010189726756271525f,0.000024345672373613626f,2.603393112041039f,-5.826505685224305e-7f,-0.00002462549931771927f,0.00001021549865543135f,0.9728774490168366f,0f,0f,0f,1f], start_interpolation: 0, interpolation_duration: 1 }
$data merge entity $(bone_finger_left_0) { transformation: [1.4471538424079342f,0.05102065157523692f,0.20553025362669738f,0.8594218576602665f,-0.2093432444257859f,0.5588681418916766f,1.3352684530201755f,1.9705135023831355f,-0.031956189639908227f,-1.3506159071810337f,0.5602816335132852f,0.6668362646577605f,0f,0f,0f,1f], start_interpolation: 0, interpolation_duration: 1 }
$data merge entity $(bone_wing_left_1_model) { transformation: [-0.7239992583103564f,0.6080864950780241f,-0.3701796476193937f,0.5769912639702072f,0.2325908455972003f,0.7010552315796483f,0.6967066411776371f,1.600868804389587f,0.67283256130502f,0.41198235377303477f,-0.6391744422841051f,0.4696063977921806f,0f,0f,0f,1f], start_interpolation: 0, interpolation_duration: 1 }
$data merge entity $(bone_wing_left_0) { transformation: [-0.47762705928349164f,-0.17832346617669267f,0.8602750337252234f,0.15042643165186237f,0.31020149417179677f,0.8818898418645996f,0.35502864649154137f,1.5075296481680875f,-0.8219777522863918f,0.4364298892454104f,-0.36589824612786837f,0.636567415403976f,0f,0f,0f,1f], start_interpolation: 0, interpolation_duration: 1 }
$data merge entity $(bone_body_0) { transformation: [-0.9977623144530201f,0.02378676564518395f,0.062486427626277444f,-0.006460704550928407f,0.06121199996843139f,0.7009456544733133f,0.710583056746249f,1.5869720115978667f,-0.0268971172659389f,0.7128179145161262f,-0.7008331940110021f,0.15011279659578258f,0f,0f,0f,1f], start_interpolation: 0, interpolation_duration: 1 }
$data merge entity $(bone_leg_right_3) { transformation: [-0.9993025370362058f,-0.012010666588548921f,0.03535793208180779f,-0.23260795694295133f,0.027246201914980648f,0.41298388744061926f,0.9103306834308299f,1.2682294739907098f,-0.025535934567020024f,0.910659130851128f,-0.41236860142748055f,-0.4594780854165186f,0f,0f,0f,1f], start_interpolation: 0, interpolation_duration: 1 }
$data merge entity $(bone_leg_right_2) { transformation: [-0.9051624014510967f,0.39201885365404704f,0.1643235995803729f,-0.16104125269854266f,0.4194944596587117f,0.8862340457982467f,0.19650347168362264f,1.4158408012883448f,-0.06859610276779081f,0.24680039393776834f,-0.9666354743320941f,-0.4100198221985342f,0f,0f,0f,1f], start_interpolation: 0, interpolation_duration: 1 }
$data merge entity $(bone_leg_right_1) { transformation: [-0.932361465802801f,0.2713664841934634f,0.23887722441147746f,-0.24595774221866223f,0.34559508716152354f,0.8629892164376991f,0.3685290328346801f,1.286711946273193f,-0.10614204075610884f,0.4261570644360181f,-0.8984008145674199f,-0.12858972604637853f,0f,0f,0f,1f], start_interpolation: 0, interpolation_duration: 1 }
$data merge entity $(bone_leg_right_0) { transformation: [-0.9296362565659126f,0.3684542076299386f,0.004234071080053292f,-0.0965407996875598f,0.35102814611950817f,0.8890463678593284f,-0.2938975951382331f,1.6067488320624848f,-0.1120520910559818f,-0.271731582036262f,-0.9558275347645369f,-0.1462116855747893f,0f,0f,0f,1f], start_interpolation: 0, interpolation_duration: 1 }
$data merge entity $(bone_leg_left_3) { transformation: [-0.997521635803139f,0.0495193596067284f,-0.04998418878774259f,0.23157301155435772f,-0.04140876853755799f,0.1611719130772149f,0.9860572642211166f,1.2827673218656614f,0.05688497159032557f,0.9856832389054658f,-0.15872193467822177f,-0.4851949272560503f,0f,0f,0f,1f], start_interpolation: 0, interpolation_duration: 1 }
$data merge entity $(bone_leg_left_2) { transformation: [-0.899525787554672f,-0.38803603044344653f,-0.20070225858679155f,0.16097909151106204f,-0.43483585014896176f,0.8395204901352904f,0.3257654525394478f,1.4213807636584748f,0.04208492544102281f,0.38030696249305507f,-0.9239023072435361f,-0.4133629767689115f,0f,0f,0f,1f], start_interpolation: 0, interpolation_duration: 1 }
$data merge entity $(bone_leg_left_1) { transformation: [-0.9285896544387007f,-0.2929273745497811f,-0.22784821023827798f,0.24265448314760357f,-0.3622218121273787f,0.848967595729323f,0.3847718547668614f,1.2873243840761743f,0.08072553801971383f,0.43982675525818665f,-0.8944472107790837f,-0.13328086755009688f,0f,0f,0f,1f], start_interpolation: 0, interpolation_duration: 1 }
$data merge entity $(bone_leg_left_0) { transformation: [-0.9285896544387007f,-0.370629402706935f,0.01884408444352933f,0.09074683430147173f,-0.3622218121273787f,0.8941394955470624f,-0.2632677749402734f,1.6064942807354863f,0.08072553801971383f,-0.2512934705716508f,-0.9645387390662349f,-0.14396766909201067f,0f,0f,0f,1f], start_interpolation: 0, interpolation_duration: 1 }
$data merge entity $(bone_tail_3) { transformation: [-2.4391955132236314f,0.09960907079299737f,-0.07007857104342258f,-0.007255602048792989f,0.11648437691279763f,2.3183088944447148f,-0.7591989098436515f,1.1395545618420573f,0.03555788293711653f,-0.7615967619339701f,-2.3201753670804175f,-1.4305911641650746f,0f,0f,0f,1f], start_interpolation: 0, interpolation_duration: 1 }
$data merge entity $(bone_tail_2) { transformation: [-1.1557243838288866f,0.02253680971330179f,-0.026595174962514536f,0.003522178633044617f,0.03476477975639799f,0.8102477212539f,-0.8241384002649988f,1.4729740331277288f,0.002573171550727742f,-0.8245633904745038f,-0.8105570037803396f,-1.0944730955605921f,0f,0f,0f,1f], start_interpolation: 0, interpolation_duration: 1 }
$data merge entity $(bone_tail_1) { transformation: [-1.3853938058864002f,0.007892076024787052f,-0.001028603613043756f,0.0037909105490056584f,0.0077599760305432485f,1.2996773495981848f,-0.47974775662969127f,1.6101710152506854f,-0.001767954009350785f,-0.47974560170494024f,-1.29970010858704f,-0.7028646276599817f,0f,0f,0f,1f], start_interpolation: 0, interpolation_duration: 1 }
$data merge entity $(bone_tail_0) { transformation: [-1.1978295831769803f,-0.0015827484665122f,0.014357048830850006f,-0.0004981164072200466f,0.0016280258521158024f,1.1683212247541845f,0.2646265398603946f,1.550234072198114f,-0.014351985077490182f,0.2646268145406883f,-1.1682341416976998f,-0.3516975625318974f,0f,0f,0f,1f], start_interpolation: 0, interpolation_duration: 1 }
$data merge entity $(bone_body_1) { transformation: [-1.0207591230551658f,0.0025508100326308947f,0.012041615849664643f,-0.003881835937499992f,0.0013873611609334664f,1.0161513236178437f,-0.09764864148137271f,1.5970228208229793f,-0.012230387283426415f,-0.0976251777070136f,-1.016080920374463f,-0.06398177794897629f,0f,0f,0f,1f], start_interpolation: 0, interpolation_duration: 1 }
data modify entity @s data merge value {"locators":{"body_1":{"posx":-0.003220214671008152,"posy":1.384933094869188,"posz":-0.14325980649628908,"roty":0.6789828013168631,"rotx":-5.489066979919735},"body_0":{"posx":-0.02157375725329037,"posy":1.3513825000133028,"posz":0.17458862649877827,"roty":5.095030600926009,"rotx":45.28237424722306},"neck_1":{"posx":-0.034303919971055835,"posy":1.2058859922494944,"posz":0.32145267327371546,"roty":40.344993609846426,"rotx":84.414091459332},"neck_0":{"posx":-0.05594792308295906,"posy":0.8897964617796119,"posz":0.4043662999762311,"roty":11.899257406928257,"rotx":71.13533937383801},"head_0":{"posx":-0.06462904337541192,"posy":0.7696251918879193,"posz":0.20620309270264917,"roty":170.5054320231869,"rotx":67.52894109208357},"arm_right_0":{"posx":-0.4797504285329134,"posy":1.2357555880934312,"posz":-0.12728841663939974,"roty":1.8050753482841913,"rotx":59.68338969304997},"arm_left_0":{"posx":0.4195384410109842,"posy":1.2084302288888091,"posz":-0.0719753207524193,"roty":340.99459288160125,"rotx":36.318409512158034},"finger_right_0":{"posx":-1.0640746969160686,"posy":1.82470043480126,"posz":0.7190196018549889,"roty":274.3024090931595,"rotx":48.3757539114242},"finger_right_1":{"posx":-1.353068032655677,"posy":2.3554274683233682,"posz":0.7164258624343447,"roty":274.3024090931595,"rotx":48.3757539114242},"finger_right_2":{"posx":-1.7566550409485258,"posy":2.852233726402256,"posz":0.6899320503438859,"roty":274.3024090931595,"rotx":48.3757539114242},"finger_right_3":{"posx":-2.1897722892064047,"posy":3.3853915748652024,"posz":0.6614997519477394,"roty":274.3024090931595,"rotx":48.3757539114242},"finger_left_0":{"posx":0.9931398899835705,"posy":1.6942241822225181,"posz":0.7859376389147374,"roty":99.63031887532895,"rotx":39.045036723024836},"finger_left_1":{"posx":1.3546714822668757,"posy":2.169217069589988,"posz":0.8801274707899321,"roty":99.63031887532895,"rotx":39.045036723024836},"finger_left_2":{"posx":1.8267687093108032,"posy":2.593481991381566,"posz":0.9668704114988144,"roty":99.63031887532895,"rotx":39.045036723024836},"finger_left_3":{"posx":2.3334091051142276,"posy":3.0487906818891997,"posz":1.059960386236034,"roty":99.63031887532895,"rotx":39.045036723024836},"leg_right_0":{"posx":-0.2976320519129116,"posy":1.1626949910574977,"posz":-0.09296013707205572,"roty":0.2538039630170488,"rotx":-17.091444126431416},"leg_left_0":{"posx":0.2946807271321423,"posy":1.1626719138495365,"posz":-0.10049461010758647,"roty":1.1192387891016153,"rotx":-15.264049075988641},"tail_0":{"posx":0.0019051819185398815,"posy":1.410113176841967,"posz":-0.5681736984170445,"roty":0.704102769832673,"rotx":12.762230751356546},"tail_1":{"posx":0.002561579244260881,"posy":1.3532468419971204,"posz":-0.867245290053944,"roty":359.95465520613135,"rotx":-20.260201419072363},"tail_2":{"posx":-0.00641422685190722,"posy":1.1453719530276794,"posz":-1.1312883417601987,"roty":358.12074313269596,"rotx":-45.460604304503136},"tail_3":{"posx":-0.0226139198884324,"posy":0.8574313223389409,"posz":-1.559929297346503,"roty":358.2699643826486,"rotx":-18.111213739226276},"tail_4":{"posx":-0.035167742633997974,"posy":0.7214289980778162,"posz":-1.9755637753798403,"roty":358.2699643826486,"rotx":-18.111213739226276},"shadow":{"posx":-0.0038818359374999767,"posy":1.3124701114895587,"posz":-0.18847037652516274,"roty":0,"rotx":37.15999999999997}},"cameras":{}}