# This file was generated by Animated Java via MC-Build. It is not recommended to edit this file directly.
$data merge entity $(bone_head_lower) { transformation: [-0.9760724731098142f,-0.20401269655938564f,0.07524192235622143f,-0.12045683457920241f,0.06986173765951353f,-0.6219052273443584f,-0.779970015970457f,1.9116484372736815f,0.20591713102237244f,-0.7560507309991373f,0.6212772547801704f,-0.7416435724805528f,0f,0f,0f,1f], start_interpolation: 0, interpolation_duration: 1 }
$data merge entity $(bone_head_upper) { transformation: [-0.9760724731098142f,-0.21125552550543142f,0.051513398069974375f,-0.12203522933783534f,0.06986173765951353f,-0.5290121327290042f,-0.845733705747089f,1.89115954404847f,0.20591713102237244f,-0.8218985742589742f,0.531112858799879f,-0.7440558923769238f,0f,0f,0f,1f], start_interpolation: 0, interpolation_duration: 1 }
$data merge entity $(bone_neck_0) { transformation: [-0.970768460576227f,-0.11790485937984159f,0.2090622875725861f,-0.08077650667544697f,-0.09783411028366656f,-0.6010043016241136f,-0.7932353473555719f,1.7524177453748229f,0.21917363622358013f,-0.7905012799255491f,0.5719009036717831f,-0.6232459185673657f,0f,0f,0f,1f], start_interpolation: 0, interpolation_duration: 1 }
$data merge entity $(bone_neck_1) { transformation: [-0.9918445110322508f,-0.020356798612645163f,0.12581759290909975f,-0.05898623087360369f,-0.051359696033587456f,-0.8396287037303019f,-0.5407271229515958f,1.6513850482003722f,0.11664753558705486f,-0.5427791821932902f,0.8317356021110611f,-0.4824494864014513f,0f,0f,0f,1f], start_interpolation: 0, interpolation_duration: 1 }
$data merge entity $(bone_neck_2) { transformation: [-0.9918445110322508f,0.00634260226041887f,0.12729586533647458f,-0.029244521878255842f,-0.051359696033587456f,-0.9339701583565694f,-0.35364095481539176f,1.4381963018118187f,0.11664753558705486f,-0.35729471685986436f,0.9266789291580422f,-0.3234247671041224f,0f,0f,0f,1f], start_interpolation: 0, interpolation_duration: 1 }
$data merge entity $(bone_arm_right_2) { transformation: [-0.9207810207776057f,0.06379421199682339f,-0.38482802690481843f,-0.31031386930481086f,0.28997076004350897f,0.7718230106400867f,-0.5658676511042692f,2.131743454642228f,0.2609200454076709f,-0.6326290688564492f,-0.729178435735919f,-0.0454588270593424f,0f,0f,0f,1f], start_interpolation: 0, interpolation_duration: 1 }
$data merge entity $(bone_arm_right_1) { transformation: [-0.7920892453577011f,-0.5540097229570065f,0.2562573984449408f,-0.3655232198002792f,0.531032881458021f,-0.8324410983217402f,-0.15825895436052362f,1.7931434675674185f,0.30099618967531744f,0.010725888960627206f,0.9535650209120219f,-0.08477371335549289f,0f,0f,0f,1f], start_interpolation: 0, interpolation_duration: 1 }
$data merge entity $(bone_arm_right_0) { transformation: [-0.333038369355896f,0.4748178664086652f,0.8146369978560324f,-0.19378749697228637f,-0.7595860052426313f,-0.646990987465166f,0.06657148622638981f,1.6031970807573483f,0.558672126722201f,-0.5966160037058782f,0.5761378298165472f,-0.2780441074058342f,0f,0f,0f,1f], start_interpolation: 0, interpolation_duration: 1 }
$data merge entity $(bone_arm_left_2) { transformation: [-0.9656315201870102f,0.02998336102392231f,-0.25817971508821796f,0.4580720062508644f,0.2377108442372448f,0.5036012471464982f,-0.830589753370765f,1.9326593797103337f,0.10511575406826779f,-0.8634157642377169f,-0.49342060791221376f,-0.14773751243277164f,0f,0f,0f,1f], start_interpolation: 0, interpolation_duration: 1 }
$data merge entity $(bone_arm_left_1) { transformation: [-0.9884220981940047f,0.0014786151003517434f,-0.15172201389101891f,0.31203948418797733f,-0.05505909361692746f,-0.9352880015070667f,0.34957810350049023f,1.6333596830217827f,-0.1413868876941704f,0.35388439911121f,0.9245407400725258f,-0.056425530876320906f,0f,0f,0f,1f], start_interpolation: 0, interpolation_duration: 1 }
$data merge entity $(bone_arm_left_0) { transformation: [-0.7759158463149702f,-0.5251866178072269f,-0.3494762022134407f,0.12234670267840982f,0.42301316490801594f,-0.02218048311987947f,-0.9058520235022233f,1.6206945257887422f,0.4679898094529701f,-0.8506979738101972f,0.2393710416976078f,-0.31484858714114805f,0f,0f,0f,1f], start_interpolation: 0, interpolation_duration: 1 }
$data merge entity $(bone_finger_right_1_fire) { transformation: [0.9238065483092077f,-0.5145415633171683f,-0.7684515290784708f,-1.740103281010812f,-1.2625705217265606f,0.0706190445174299f,-0.7218718243214498f,0.49947197270504495f,0.5746954991523133f,0.9822564998029478f,-0.35064400457208966f,-0.03916841000087157f,0f,0f,0f,1f], start_interpolation: 0, interpolation_duration: 1 }
$data merge entity $(bone_finger_right_1_fire_s) { transformation: [0.000005542839289855246f,-0.000004630874069854512f,-0.000006916063761706234f,-1.740103281010812f,-0.000007575423130359364f,6.355714006568689e-7f,-0.000006496846418893046f,0.49947197270504495f,0.00000344817299491388f,0.000008840308498226527f,-0.0000031557960411488058f,-0.03916841000087157f,0f,0f,0f,1f], start_interpolation: 0, interpolation_duration: 1 }
$data merge entity $(bone_finger_right_1) { transformation: [1.1019755744423148f,-0.9206671610771554f,-1.3749872471739908f,-1.00698713331178f,-1.506074922828832f,0.1263583738788592f,-1.2916423677710722f,1.171944877037289f,0.685533571900825f,1.7575476260714147f,-0.6274059148048214f,0.2574623878255739f,0f,0f,0f,1f], start_interpolation: 0, interpolation_duration: 1 }
$data merge entity $(bone_finger_right_2_fire) { transformation: [1.2560599757465412f,0.5437686600268369f,0.48753407399723636f,-0.41519333490684585f,0.945081535754137f,-0.16277336911363433f,-0.9006132569276273f,0.5861863644155618f,-0.5539963951886144f,0.9551902302235845f,-0.43101530062451154f,0.06720217968227091f,0f,0f,0f,1f], start_interpolation: 0, interpolation_duration: 1 }
$data merge entity $(bone_finger_right_2_fire_s) { transformation: [0.000007536359854479247f,0.000004893917940241529f,0.000004387806665975126f,-0.41519333490684585f,0.000005670489214524823f,-0.0000014649603220227085f,-0.000008105519312348643f,0.5861863644155618f,-0.0000033239783711316864f,0.000008596712072012257f,-0.000003879137705620603f,0.06720217968227091f,0f,0f,0f,1f], start_interpolation: 0, interpolation_duration: 1 }
$data merge entity $(bone_finger_right_2) { transformation: [0.9362715021313868f,0.607990593561471f,0.5451144076901981f,-0.6502960509067484f,0.7044670845365087f,-0.1819977585661423f,-1.0069804107903784f,1.0205453230745618f,-0.41295085196097625f,1.068003211161698f,-0.4819204704585944f,0.27608489257760244f,0f,0f,0f,1f], start_interpolation: 0, interpolation_duration: 1 }
$data merge entity $(bone_finger_film_right) { transformation: [2.049985614529517f,-0.019220826842258953f,-0.16544233846424825f,-0.8695474895961014f,-0.40387177987449224f,-0.0521266518969846f,-0.8748062874159475f,1.0284502901469537f,0.07297108250092602f,0.2514685847675015f,-0.19398312280846156f,0.2818783602513246f,0f,0f,0f,1f], start_interpolation: 0, interpolation_duration: 1 }
$data merge entity $(bone_finger_right_0_fire) { transformation: [1.6099152867382136f,-0.1586027668687766f,-0.23977041108612845f,-1.0326137920985132f,-0.41433748681041377f,-0.31218092390260244f,-1.0299566623011918f,0.3699056633140022f,0.11947800771700864f,1.0544933069144893f,-0.3409799480666672f,0.1007665704686996f,0f,0f,0f,1f], start_interpolation: 0, interpolation_duration: 1 }
$data merge entity $(bone_finger_right_0_fire_s) { transformation: [0.000009659491720429282f,-0.000001427424901818989f,-0.0000021579336997751555f,-1.0326137920985132f,-0.0000024860249208624826f,-0.0000028096283151234212f,-0.000009269609960710723f,0.3699056633140022f,7.168680463020519e-7f,0.000009490439762230399f,-0.0000030688195326000037f,0.1007665704686996f,0f,0f,0f,1f], start_interpolation: 0, interpolation_duration: 1 }
$data merge entity $(bone_fire_large_right) { transformation: [0.000025758644587811417f,-0.0000038064664048506375f,-0.000005754489866067081f,-1.0171108407851182f,-0.00000662939978896662f,-0.000007492342173662457f,-0.000024718959895228593f,0.3943094997669243f,0.0000019116481234721385f,0.00002530783936594773f,-0.000008183518753600009f,-0.004257408010623881f,0f,0f,0f,1f], start_interpolation: 0, interpolation_duration: 1 }
$data merge entity $(bone_finger_right_0) { transformation: [1.4127646582454303f,-0.20877034858100169f,-0.3156120999028775f,-0.8716500903539135f,-0.3635976145912388f,-0.410926754874388f,-1.355741867919933f,1.041122320495572f,0.10484670102248184f,1.3880396893896205f,-0.448835187572154f,0.248548360027145f,0f,0f,0f,1f], start_interpolation: 0, interpolation_duration: 1 }
$data merge entity $(bone_wing_right_1_model) { transformation: [-0.5326893673549141f,-0.6416947826491565f,0.5791778024663184f,-0.5753468331915058f,0.7171651594085338f,-0.7078858929326669f,-0.12469474631792969f,1.405898294406219f,0.48259015228182334f,0.3436603723876422f,0.8246098328378298f,0.06295005172892204f,0f,0f,0f,1f], start_interpolation: 0, interpolation_duration: 1 }
$data merge entity $(bone_wing_right_0) { transformation: [-0.6060963427322699f,0.12379196120310677f,-0.7856989077681449f,-0.18198534491604285f,-0.265799229093319f,-0.9625491529156737f,0.05338443625923228f,1.3271340987036186f,-0.7496652540567452f,0.2411942755597803f,0.61630132913797f,-0.1770677612858628f,0f,0f,0f,1f], start_interpolation: 0, interpolation_duration: 1 }
$data merge entity $(bone_finger_left_1_fire) { transformation: [0.8538358745690638f,0.6365709330613283f,0.7108653047080887f,1.7128926451945603f,1.395614297990769f,-0.18646632689464734f,-0.5780452516403697f,0.8192033541042993f,-0.3178093899185355f,0.8913897337026139f,-0.6285714811004917f,-0.5335048876411371f,0f,0f,0f,1f], start_interpolation: 0, interpolation_duration: 1 }
$data merge entity $(bone_finger_left_1_fire_s) { transformation: [0.000005123015247414384f,0.000005729138397551952f,0.000006397787742372796f,1.7128926451945603f,0.000008373685787944615f,-0.0000016781969420518255f,-0.000005202407264763325f,0.8192033541042993f,-0.0000019068563395112132f,0.000008022507603323522f,-0.000005657143329904423f,-0.5335048876411371f,0f,0f,0f,1f], start_interpolation: 0, interpolation_duration: 1 }
$data merge entity $(bone_finger_left_1) { transformation: [1.0185100766819517f,1.139013824242902f,1.2719484462529638f,1.029724443828694f,1.6647780539584607f,-0.33364345284728475f,-1.0342940565791063f,1.3654252202442798f,-0.379103380095784f,1.5949600849551517f,-1.124700436847185f,0.02559421349420653f,0f,0f,0f,1f], start_interpolation: 0, interpolation_duration: 1 }
$data merge entity $(bone_finger_left_2_fire) { transformation: [1.3081967422321044f,-0.41853021193183926f,-0.5466146724122297f,0.4132945576359888f,-1.0266114926966776f,-0.4317008663113156f,-0.7614383860386313f,0.8382902078434835f,0.11165977097498336f,0.9343632724807401f,-0.5966505555223455f,-0.24212720113628422f,0f,0f,0f,1f], start_interpolation: 0, interpolation_duration: 1 }
$data merge entity $(bone_finger_left_2_fire_s) { transformation: [0.000007849180453392626f,-0.0000037667719073865515f,-0.000004919532051710066f,0.4132945576359888f,-0.000006159668956180066f,-0.000003885307796801839f,-0.0000068529454743476796f,0.8382902078434835f,6.699586258499002e-7f,0.000008409269452326659f,-0.000005369854999701108f,-0.24212720113628422f,0f,0f,0f,1f], start_interpolation: 0, interpolation_duration: 1 }
$data merge entity $(bone_finger_left_2) { transformation: [0.9751344303484083f,-0.4679608272446018f,-0.6111727349511439f,0.6770205125252533f,-0.7652397997963278f,-0.4826870050522299f,-0.85136825698132f,1.2052504361686294f,0.083231584093951f,1.0447164803678954f,-0.6671181185449506f,0.04659721994665323f,0f,0f,0f,1f], start_interpolation: 0, interpolation_duration: 1 }
$data merge entity $(bone_finger_film_left) { transformation: [2.0273015210505325f,0.05076926801566276f,0.13152123540590482f,0.8952730372997706f,0.46288264216235137f,-0.1182475433918285f,-0.7839272034409425f,1.2171083635908577f,-0.2160241087686844f,0.22307639286668374f,-0.4454738647059798f,0.02678633591158258f,0f,0f,0f,1f], start_interpolation: 0, interpolation_duration: 1 }
$data merge entity $(bone_finger_left_0_fire) { transformation: [1.5850074250994977f,0.28942399921570017f,0.18505875905622493f,1.027997947874282f,0.4739238604220759f,-0.5837839430583357f,-0.8910332690912536f,0.637577069217571f,-0.20230030815566039f,0.8999988654102966f,-0.6374800940450547f,-0.34684543722292377f,0f,0f,0f,1f], start_interpolation: 0, interpolation_duration: 1 }
$data merge entity $(bone_finger_left_0_fire_s) { transformation: [0.000009510044550596987f,0.0000026048159929413f,0.0000016655288315060237f,1.027997947874282f,0.0000028435431625324555f,-0.000005254055487525019f,-0.000008019299421821278f,0.637577069217571f,-0.0000012138018489339623f,0.000008099989788692666f,-0.00000573732084640549f,-0.34684543722292377f,0f,0f,0f,1f], start_interpolation: 0, interpolation_duration: 1 }
$data merge entity $(bone_fire_large_left) { transformation: [0.000025360118801591965f,0.0000069461759811768f,0.0000044414102173493965f,0.9994040401201244f,0.0000075827817667532145f,-0.00001401081463340005f,-0.000021384798458190072f,0.6892958350202106f,-0.000003236804930490566f,0.000021599972769847107f,-0.000015299522257081305f,-0.43835217190333026f,0f,0f,0f,1f], start_interpolation: 0, interpolation_duration: 1 }
$data merge entity $(bone_finger_left_0) { transformation: [1.3909070195699569f,0.3809715958736184f,0.24359462573626467f,0.8932067692749827f,0.4158870259938234f,-0.7684404231681389f,-1.1728756683000314f,1.2384470423999312f,-0.17752656184384116f,1.1846771690286524f,-0.8391211835374103f,-0.001784304983920737f,0f,0f,0f,1f], start_interpolation: 0, interpolation_duration: 1 }
$data merge entity $(bone_wing_left_1_model) { transformation: [-0.61760193379086f,0.7922810542039114f,-0.14776896010045287f,0.5120046997163018f,-0.7507555816471698f,-0.6332635133797833f,-0.2575275951997235f,1.570085267879609f,-0.2931057676765333f,-0.047382874683496334f,0.9709896782063742f,0.00043672080260680326f,0f,0f,0f,1f], start_interpolation: 0, interpolation_duration: 1 }
$data merge entity $(bone_wing_left_0) { transformation: [-0.6680213169225874f,0.1699238760079675f,0.724481467326419f,0.16411713711957993f,0.16433777898515128f,-0.9158537446860721f,0.3663400233972891f,1.3462902329065571f,0.7257689815190779f,0.36378262012763574f,0.5838849122539753f,-0.21736116136879133f,0f,0f,0f,1f], start_interpolation: 0, interpolation_duration: 1 }
$data merge entity $(bone_body_0) { transformation: [-0.9917935675315959f,0.08646616488592893f,0.09417601463679234f,0.0020754735048343874f,-0.05489394519653002f,-0.9532614860104534f,0.2971181483348033f,1.7328885141183608f,0.11546503446372983f,0.2895101753290568f,0.9501850789173802f,0.08570158294349081f,0f,0f,0f,1f], start_interpolation: 0, interpolation_duration: 1 }
$data merge entity $(bone_leg_right_3) { transformation: [-0.9840825045255589f,0.1142197367303736f,-0.13614505509913932f,-0.30169608161938655f,-0.17399956716825896f,-0.7750553917979975f,0.6074646411686117f,2.259444306143456f,-0.036135507633933826f,0.6214845061512764f,0.7825926358597697f,-0.26398114912773046f,0f,0f,0f,1f], start_interpolation: 0, interpolation_duration: 1 }
$data merge entity $(bone_leg_right_2) { transformation: [-0.9345036867318485f,0.35343382053096184f,-0.04227758258783476f,-0.23509226210898987f,-0.06178721634479561f,-0.04409532101850186f,0.9971148091171025f,2.2452650908793146f,0.3505498529181615f,0.9344196793567454f,0.06304493199212868f,-0.10675552149458907f,0f,0f,0f,1f], start_interpolation: 0, interpolation_duration: 1 }
$data merge entity $(bone_leg_right_1) { transformation: [-0.9619484599651704f,0.2728938813801009f,0.01356797243292214f,-0.2479105002990079f,-0.04415284516227558f,-0.20425947306781733f,0.9779205458145017f,1.9344017263026367f,0.26963992032841344f,0.940110098428562f,0.20853612684119222f,-0.18605010985929119f,0f,0f,0f,1f], start_interpolation: 0, interpolation_duration: 1 }
$data merge entity $(bone_leg_right_0) { transformation: [-0.9568681474851333f,0.25660294178859905f,-0.13622877300264435f,-0.12558525321291625f,-0.015511520459850076f,0.42311655382078855f,0.9059424786463225f,2.011112715651779f,0.29010815407601476f,0.8689806166700476f,-0.40088645124318006f,0.13676798516803876f,0f,0f,0f,1f], start_interpolation: 0, interpolation_duration: 1 }
$data merge entity $(bone_leg_left_3) { transformation: [-0.9816217545152102f,-0.1907739122137221f,0.004903619189091457f,0.2710182351223141f,0.08527280623472039f,-0.4154916511611012f,0.905591097754542f,2.240279560117841f,-0.17072574375101246f,0.8893660676201288f,0.42412347045002213f,-0.31212800816723507f,0f,0f,0f,1f], start_interpolation: 0, interpolation_duration: 1 }
$data merge entity $(bone_leg_left_2) { transformation: [-0.8652059286186953f,-0.5014158475847775f,-0.0009213435300921002f,0.17983496284961448f,-0.15359909652114292f,0.2632891483981538f,0.952410700214809f,2.277656316172965f,-0.4773112387435999f,0.8241729018395432f,-0.3048163533054551f,-0.17196522470474074f,0f,0f,0f,1f], start_interpolation: 0, interpolation_duration: 1 }
$data merge entity $(bone_leg_left_1) { transformation: [-0.9040658978574644f,-0.40639577422930045f,-0.13231525618667112f,0.23240800256493216f,-0.15262696900259812f,0.01781774976592937f,0.988123239341307f,1.9612102681622998f,-0.39921154876112597f,0.9135234000734985f,-0.07813537517601682f,-0.15832907408663577f,0f,0f,0f,1f], start_interpolation: 0, interpolation_duration: 1 }
$data merge entity $(bone_leg_left_0) { transformation: [-0.9040658978574644f,-0.4251438497000368f,0.043789946259494755f,0.060419809345550954f,-0.15262696900259812f,0.4168555495150368f,0.8960672179985136f,2.032387425325219f,-0.39921154876112597f,0.8034202872100931f,-0.4417533038189911f,0.14235919992818125f,0f,0f,0f,1f], start_interpolation: 0, interpolation_duration: 1 }
$data merge entity $(bone_tail_3) { transformation: [-2.405872150301734f,-0.3806569618349251f,-0.17716432666635668f,-0.19883015896904715f,-0.39999131725438264f,2.3912546556204326f,0.2939657172677304f,3.257219122074295f,0.12764743380751115f,0.3186050442385246f,-2.4179960056340355f,-0.23851127721185833f,0f,0f,0f,1f], start_interpolation: 0, interpolation_duration: 1 }
$data merge entity $(bone_tail_2) { transformation: [-1.143566162509913f,-0.12437655627579337f,-0.1170511286204721f,-0.15026513781440898f,-0.1695588274771572f,0.9218722021843072f,0.6769900363848983f,2.9753097207160932f,0.020501182573782008f,0.6867286054831482f,-0.929998702377722f,0.13888584595862868f,0f,0f,0f,1f], start_interpolation: 0, interpolation_duration: 1 }
$data merge entity $(bone_tail_1) { transformation: [-1.3725805279482277f,-0.06903598932765777f,-0.17503161643741336f,-0.09750487045821142f,-0.1850036279127395f,0.2603191461143471f,1.348104944024462f,2.5702982696456442f,-0.03428836878982314f,1.3589876065003779f,-0.2671260627903693f,0.21211394809342754f,0f,0f,0f,1f], start_interpolation: 0, interpolation_duration: 1 }
$data merge entity $(bone_tail_0) { transformation: [-1.189626681739518f,0.0135125188651264f,-0.14003610322028073f,-0.055701200918571545f,-0.13606598619234042f,-0.41358497410058465f,1.115991871331284f,2.2322680513743087f,-0.03575955498474988f,1.1241749069027982f,0.4122576538951756f,0.10762870859116905f,0f,0f,0f,1f], start_interpolation: 0, interpolation_duration: 1 }
$data merge entity $(bone_body_1) { transformation: [-1.0137688244388934f,-0.027847088850960485f,-0.11661048273099213f,-0.022992102940548275f,-0.1159518838856466f,-0.024640116612933048f,1.0139273739874637f,1.942884236300426f,-0.03047335990004772f,1.020155918838033f,0.021306572708307533f,0.12059527084394014f,0f,0f,0f,1f], start_interpolation: 0, interpolation_duration: 1 }
data modify entity @s data merge value {"locators":{"body_1":{"posx":-0.02877213327918389,"posy":2.0463302380308606,"posz":-0.08073284786647378,"roty":259.64537977061093,"rotx":83.33166582008359},"body_0":{"posx":-0.028195683957648095,"posy":1.8189005590477598,"posz":-0.13342275101561726,"roty":174.3397102811556,"rotx":17.284594376046734},"neck_1":{"posx":-0.04778551266957046,"posy":1.7545874260312848,"posz":-0.3417708724638108,"roty":172.17835639112428,"rotx":-20.710174612663963},"neck_0":{"posx":-0.08109891491005415,"posy":1.8765216840114998,"posz":-0.5713445929484825,"roty":171.39801937318697,"rotx":-32.73315098336295},"pos_head":{"posx":-0.13149981387429674,"posy":2.0002223336433693,"posz":-0.8259240756934579,"roty":174.46012860178956,"rotx":-57.750631792751},"head_0":{"posx":-0.07344518446362758,"posy":2.115138584552304,"posz":-0.589725773546142,"roty":174.46012860178956,"rotx":-57.750631792751},"arm_right_0":{"posx":-0.2021565199429368,"posy":2.224516969692662,"posz":0.02341284616042934,"roty":164.95793901529217,"rotx":-9.105854133955019},"arm_left_0":{"posx":0.43043574933131845,"posy":2.086893417696666,"posz":-0.12545874411407476,"roty":189.31947273125007,"rotx":20.461512217643328},"pos_wing_r_0":{"posx":-0.4737302079193616,"posy":1.6867782131076057,"posz":0.5383025388629605,"roty":294.5271876118049,"rotx":-40.517829442254246},"pos_wing_r_1":{"posx":-0.9059841930260011,"posy":1.28072531192679,"posz":0.34106528629116023,"roty":294.5271876118049,"rotx":-40.517829442254246},"pos_wing_r_2":{"posx":-1.3382381781326407,"posy":0.8746724107459749,"posz":0.14382803371935987,"roty":294.5271876118049,"rotx":-40.517829442254246},"pos_wing_r_3":{"posx":-1.7704921632392803,"posy":0.46861950956515963,"posz":-0.05340921885244043,"roty":294.5271876118049,"rotx":-40.517829442254246},"pos_wing_r_4":{"posx":-2.20274614834592,"posy":0.06256660838434436,"posz":-0.25064647142424074,"roty":294.5271876118049,"rotx":-40.517829442254246},"pos_wing_r_5":{"posx":-2.63500013345256,"posy":-0.34348629279647125,"posz":-0.4478837239960412,"roty":294.5271876118049,"rotx":-40.517829442254246},"finger_right_0":{"posx":-0.8522094210535786,"posy":1.2492077863555942,"posz":0.12228681658322621,"roty":294.5271876118049,"rotx":-40.517829442254246},"finger_right_1":{"posx":-1.1824129271895174,"posy":0.7622509825749821,"posz":-0.015676133097364833,"roty":294.5271876118049,"rotx":-40.517829442254246},"finger_right_2":{"posx":-1.6095630427477547,"posy":0.32527408743339986,"posz":-0.2080165222495402,"roty":294.5271876118049,"rotx":-40.517829442254246},"finger_right_3":{"posx":-2.067967574267287,"posy":-0.14367671351801703,"posz":-0.4144303528849556,"roty":294.5271876118049,"rotx":-40.517829442254246},"pos_wing_l_0":{"posx":0.5413507513470219,"posy":1.7696805150301222,"posz":0.5013633759799616,"roty":48.51578322900866,"rotx":-31.34840033809745},"pos_wing_l_1":{"posx":0.9412124852453216,"posy":1.4445300609824145,"posz":0.1477919178609352,"roty":48.51578322900866,"rotx":-31.34840033809745},"pos_wing_l_2":{"posx":1.3410742191436213,"posy":1.1193796069347068,"posz":-0.20577954025809123,"roty":48.51578322900866,"rotx":-31.34840033809745},"pos_wing_l_3":{"posx":1.740935953041921,"posy":0.7942291528869989,"posz":-0.5593509983771175,"roty":48.51578322900866,"rotx":-31.34840033809745},"pos_wing_l_4":{"posx":2.1407976869402208,"posy":0.4690786988392911,"posz":-0.912922456496144,"roty":48.51578322900866,"rotx":-31.34840033809745},"pos_wing_l_5":{"posx":2.5406594208385207,"posy":0.14392824479158328,"posz":-1.2664939146151706,"roty":48.51578322900866,"rotx":-31.34840033809745},"finger_left_0":{"posx":0.8596161887808124,"posy":1.4724979408897005,"posz":-0.06270497385799252,"roty":48.51578322900866,"rotx":-31.34840033809745},"finger_left_1":{"posx":1.1651365082203313,"posy":1.0506507560924487,"posz":-0.36913171352911317,"roty":48.51578322900866,"rotx":-31.34840033809745},"finger_left_2":{"posx":1.5602892945435443,"posy":0.6942893441625568,"posz":-0.7258692542457276,"roty":48.51578322900866,"rotx":-31.34840033809745},"finger_left_3":{"posx":1.9843552642461924,"posy":0.31185264026814385,"posz":-1.1087092450548544,"roty":48.51578322900866,"rotx":-31.34840033809745},"leg_right_0":{"posx":-0.2843592182391722,"posy":1.8775591238048837,"posz":-0.30754215311986405,"roty":341.2312709013106,"rotx":64.95051972470975},"leg_left_0":{"posx":0.2920522198198586,"posy":1.9053025129315935,"posz":-0.27074258451549243,"roty":5.661099123527151,"rotx":63.64584130639326},"tail_0":{"posx":-0.07884603880868436,"posy":2.463826090016918,"posz":-0.0034872208926085974,"roty":198.7616495822178,"rotx":68.68728708062261},"tail_1":{"posx":-0.11905366476927676,"posy":2.772335053546292,"posz":-0.01537084621464234,"roty":326.7655893673651,"rotx":76.67247154894606},"tail_2":{"posx":-0.15464823530580307,"posy":2.9650164077861327,"posz":-0.19073826353259915,"roty":352.82638201153395,"rotx":35.83866663426625},"tail_3":{"posx":-0.17858495081780668,"posy":3.05927940573064,"posz":-0.477190461746579,"roty":355.80947936119316,"rotx":6.913314788876431},"tail_4":{"posx":-0.21032203564547547,"posy":3.1119402042158923,"posz":-0.9103484557274554,"roty":355.80947936119316,"rotx":6.913314788876431},"shadow":{"posx":-0.03608921625198757,"posy":2.103167846614384,"posz":-0.14512128011230663,"roty":190.255540942436,"rotx":44.4644717074955}},"cameras":{}}