# This file was generated by Animated Java via MC-Build. It is not recommended to edit this file directly.
$data merge entity $(bone_head_lower) { transformation: [-0.973654491601549f,-0.1024396073226898f,0.20372299289894114f,-0.12971360714554345f,-0.07891845152460411f,-0.6868172230781131f,-0.7225330304506697f,2.0430795273297324f,0.21393646017705253f,-0.7195750335683156f,0.6606382989746127f,-0.7582878802540715f,0f,0f,0f,1f], start_interpolation: 0, interpolation_duration: 1 }
$data merge entity $(bone_head_upper) { transformation: [-0.973654491601549f,-0.12611328919262732f,0.18997991807858444f,-0.12796218821980343f,-0.07891845152460411f,-0.5952884742497732f,-0.7996271071157707f,2.022512541818897f,0.21393646017705253f,-0.793553445405156f,0.5696526312521678f,-0.7597151159158594f,0f,0f,0f,1f], start_interpolation: 0, interpolation_duration: 1 }
$data merge entity $(bone_neck_0) { transformation: [-0.9218575491146422f,0.0032365856272867713f,0.38751539795706463f,-0.055252078439883404f,-0.3136056305377303f,-0.5936820944453285f,-0.7410756231519433f,1.8934406715613732f,0.22766239837833885f,-0.8046931683868613f,0.5483053320150526f,-0.6430947450074553f,0f,0f,0f,1f], start_interpolation: 0, interpolation_duration: 1 }
$data merge entity $(bone_neck_1) { transformation: [-0.9688002083986076f,0.10014506879681001f,0.22670933241156338f,-0.014898603727745527f,-0.22813892181433543f,-0.717766520031682f,-0.6578478966106087f,1.772943593693508f,0.09684414571984741f,-0.6890444019925651f,0.7182193422085634f,-0.5232694195020428f,0f,0f,0f,1f], start_interpolation: 0, interpolation_duration: 1 }
$data merge entity $(bone_neck_2) { transformation: [-0.9688002083986076f,0.1705328433977876f,0.1798463386602024f,0.05014218712854318f,-0.22813892181433543f,-0.8971489342699939f,-0.3782544409410249f,1.55942518828856f,0.09684414571984741f,-0.407482931005558f,0.9080632535120629f,-0.37561286439392033f,0f,0f,0f,1f], start_interpolation: 0, interpolation_duration: 1 }
$data merge entity $(bone_arm_right_2) { transformation: [-0.9560768544246885f,-0.16269889925147935f,-0.24381574316633062f,-0.35933859170458926f,0.07766783645182446f,0.6614563691380416f,-0.7459511907005798f,2.191245432893794f,0.28263891383580914f,-0.7321233092239837f,-0.6197666532467183f,-0.07036438189939791f,0f,0f,0f,1f], start_interpolation: 0, interpolation_duration: 1 }
$data merge entity $(bone_arm_right_1) { transformation: [-0.8778231834771946f,-0.37526210756776945f,0.2976655995807368f,-0.3460117550043589f,0.33592680120820406f,-0.9253211223979129f,-0.17588065463345032f,1.8524880609255923f,0.3414376118414428f,-0.05439826346550916f,0.9383289328119162f,-0.13601133365220106f,0f,0f,0f,1f], start_interpolation: 0, interpolation_duration: 1 }
$data merge entity $(bone_arm_right_0) { transformation: [-0.30136862987304464f,0.5855503786547918f,0.752534187253758f,-0.14051926796424977f,-0.8155323968640082f,-0.5672190657746475f,0.11475818527225909f,1.6899834972028234f,0.4940484374974683f,-0.5791314923909479f,0.6484773364793437f,-0.32119053905381006f,0f,0f,0f,1f], start_interpolation: 0, interpolation_duration: 1 }
$data merge entity $(bone_arm_left_2) { transformation: [-0.9846857431532509f,-0.14044385146060878f,-0.10329332900841463f,0.43183447208701264f,0.05221226472706163f,0.3277249533828501f,-0.9433293350374935f,2.1599941682909938f,0.16633660644248283f,-0.934276125948383f,-0.31537319771990724f,-0.19993625252138383f,0f,0f,0f,1f], start_interpolation: 0, interpolation_duration: 1 }
$data merge entity $(bone_arm_left_1) { transformation: [-0.966396595548603f,0.19987290751870754f,-0.16164294278466948f,0.3509452633424508f,-0.2436388977750505f,-0.9126986400327777f,0.3280568243052972f,1.8398081062058773f,-0.08196162274521034f,0.35641550656829785f,0.930725673372469f,-0.0990328062532973f,0f,0f,0f,1f], start_interpolation: 0, interpolation_duration: 1 }
$data merge entity $(bone_arm_left_0) { transformation: [-0.8513967748332151f,-0.5104906803165847f,-0.12051056847227219f,0.16801685983545975f,0.25754993689419936f,-0.2067187900321717f,-0.9438937291101307f,1.7640763033691005f,0.45693715301931165f,-0.8346655660547795f,0.3074765536314289f,-0.35147711061230463f,0f,0f,0f,1f], start_interpolation: 0, interpolation_duration: 1 }
$data merge entity $(bone_finger_right_1_fire) { transformation: [0.9083028479581506f,-1.191809116608157f,-0.7296264412276854f,-1.3586864323460932f,-1.3645404111198638f,-0.5687989515837779f,-0.7695940468037727f,0.5686660951301986f,0.3013190677499946f,1.016777537136152f,-1.2857480457552315f,-0.687275937296513f,0f,0f,0f,1f], start_interpolation: 0, interpolation_duration: 1 }
$data merge entity $(bone_finger_right_1_fire_s) { transformation: [0.000005449817087748904f,-0.000007150854699648942f,-0.0000043777586473661125f,-1.3586864323460932f,-0.000008187242466719182f,-0.0000034127937095026676f,-0.000004617564280822636f,0.5686660951301986f,0.0000018079144064999676f,0.000006100665222816913f,-0.000007714488274531389f,-0.687275937296513f,0f,0f,0f,1f], start_interpolation: 0, interpolation_duration: 1 }
$data merge entity $(bone_finger_right_1) { transformation: [1.0834817684267515f,-1.4216661900736727f,-0.8703451151886217f,-0.8802202792902638f,-1.627711132970085f,-0.6784997925820316f,-0.9180210330465356f,1.0601826258762221f,0.3594326684325295f,1.212877320058379f,-1.5337225568517683f,0.09192273036188056f,0f,0f,0f,1f], start_interpolation: 0, interpolation_duration: 1 }
$data merge entity $(bone_finger_right_2_fire) { transformation: [1.0927656221553959f,0.9222477804058837f,0.8562126513603567f,-0.341480514246236f,1.2540701436347572f,-0.7037780640583283f,-0.8424857798040216f,0.7219456520083313f,-0.10463817495068288f,1.1966341319987965f,-1.1553767282822767f,-0.2598707232861299f,0f,0f,0f,1f], start_interpolation: 0, interpolation_duration: 1 }
$data merge entity $(bone_finger_right_2_fire_s) { transformation: [0.000006556593732932375f,0.000005533486682435303f,0.00000513727590816214f,-0.341480514246236f,0.0000075244208618085434f,-0.00000422266838434997f,-0.00000505491467882413f,0.7219456520083313f,-6.278290497040973e-7f,0.00000717980479199278f,-0.000006932260369693661f,-0.2598707232861299f,0f,0f,0f,1f], start_interpolation: 0, interpolation_duration: 1 }
$data merge entity $(bone_finger_right_2) { transformation: [0.8145513194343095f,0.687446723381777f,0.6382239070682896f,-0.6166872232444098f,0.9347882743108507f,-0.5245986321723021f,-0.6279918489661469f,0.9924129225955898f,-0.07799766184185133f,0.8919752702113648f,-0.861221857080158f,0.11252919971043626f,0f,0f,0f,1f], start_interpolation: 0, interpolation_duration: 1 }
$data merge entity $(bone_finger_film_right) { transformation: [1.546404549024388f,-0.0701951782347263f,-0.003458321839044292f,-0.7548336002719626f,-0.21083558441345554f,-0.2541421114297696f,-0.6951959136233304f,0.953183884980518f,0.20946864618878394f,0.2624160863905789f,-0.6742014839750979f,0.07650828462059271f,0f,0f,0f,1f], start_interpolation: 0, interpolation_duration: 1 }
$data merge entity $(bone_finger_right_0_fire) { transformation: [1.6309302911410632f,-0.342896120190052f,-0.016322192711662836f,-0.7758039042791622f,-0.27147101977791643f,-1.2397857173847433f,-1.0802835915477542f,0.4727837941491505f,0.21011341850782767f,1.059778940867003f,-1.2690542642596292f,-0.4351947881126917f,0f,0f,0f,1f], start_interpolation: 0, interpolation_duration: 1 }
$data merge entity $(bone_finger_right_0_fire_s) { transformation: [0.00000978558174684638f,-0.000002057376721140312f,-9.793315626997701e-8f,-0.7758039042791622f,-0.0000016288261186674987f,-0.00000743871430430846f,-0.0000064817015492865255f,0.4727837941491505f,0.000001260680511046966f,0.000006358673645202018f,-0.0000076143255855577755f,-0.4351947881126917f,0f,0f,0f,1f], start_interpolation: 0, interpolation_duration: 1 }
$data merge entity $(bone_fire_large_right) { transformation: [0.00002609488465825701f,-0.000005486337923040832f,-2.6115508338660537e-7f,-0.752143142133078f,-0.0000043435363164466625f,-0.000019836571478155892f,-0.000017284537464764066f,0.5493895213488015f,0.000003361814696125243f,0.000016956463053872046f,-0.000020304868228154066f,-0.508935249757239f,0f,0f,0f,1f], start_interpolation: 0, interpolation_duration: 1 }
$data merge entity $(bone_finger_right_0) { transformation: [1.4312061599553558f,-0.3009049755875482f,-0.014323372911644426f,-0.755027183145656f,-0.23822661082815783f,-1.0879612484873782f,-0.9479917928559183f,0.981154957158102f,0.18438287674900447f,0.9299981468236945f,-1.113645561794829f,0.05409823244072772f,0f,0f,0f,1f], start_interpolation: 0, interpolation_duration: 1 }
$data merge entity $(bone_wing_right_1_model) { transformation: [-0.6632185314062197f,-0.5803242739820518f,0.5043233086705617f,-0.4890529862531246f,0.5334331150347323f,-0.8269699997060016f,-0.2500936112987262f,1.4058298803237994f,0.5536852665780085f,0.10159448634301314f,0.8450374364257361f,-0.010807850573558288f,0f,0f,0f,1f], start_interpolation: 0, interpolation_duration: 1 }
$data merge entity $(bone_wing_right_0) { transformation: [-0.5496835076254689f,0.2138992522310834f,-0.8075240871574946f,-0.08174107100680408f,-0.16872074239678853f,-0.9751684312179533f,-0.14345675948170855f,1.41336165088619f,-0.8181572908247156f,0.057390248744012606f,0.5721232444320566f,-0.2401241401446101f,0f,0f,0f,1f], start_interpolation: 0, interpolation_duration: 1 }
$data merge entity $(bone_finger_left_1_fire) { transformation: [0.41070383823365164f,1.3679391163715149f,0.8589777115494002f,1.6401478546271524f,1.6143716373366361f,-0.3771937352480686f,-0.1711925244583366f,1.5078265922401444f,0.053892036526326056f,0.8742112089009774f,-1.4179662155385493f,-0.9209662336799478f,0f,0f,0f,1f], start_interpolation: 0, interpolation_duration: 1 }
$data merge entity $(bone_finger_left_1_fire_s) { transformation: [0.00000246422302940191f,0.00000820763469822909f,0.000005153866269296402f,1.6401478546271524f,0.000009686229824019817f,-0.000002263162411488412f,-0.0000010271551467500195f,1.5078265922401444f,3.2335221915795634e-7f,0.000005245267253405864f,-0.000008507797293231295f,-0.9209662336799478f,0f,0f,0f,1f], start_interpolation: 0, interpolation_duration: 1 }
$data merge entity $(bone_finger_left_1) { transformation: [0.4899138232907466f,1.6317653261113907f,1.0246435889096637f,1.0772738287076316f,1.9257258087999292f,-0.44994082780295214f,-0.2042093994954692f,1.6229751164147632f,0.0642858702589394f,1.0428150794944555f,-1.691440851732176f,-0.056337659306637214f,0f,0f,0f,1f], start_interpolation: 0, interpolation_duration: 1 }
$data merge entity $(bone_finger_left_2_fire) { transformation: [1.437512027520876f,-0.5804905366637055f,-0.6118559351305524f,0.6535677971216353f,-0.8244769647807243f,-1.221922546060387f,-0.7777665483633537f,1.22189690919161f,-0.17769266461101718f,0.9735059352931362f,-1.341077659447898f,-0.48994219047404286f,0f,0f,0f,1f], start_interpolation: 0, interpolation_duration: 1 }
$data merge entity $(bone_finger_left_2_fire_s) { transformation: [0.000008625072165125256f,-0.0000034829432199822333f,-0.000003671135610783314f,0.6535677971216353f,-0.000004946861788684346f,-0.000007331535276362322f,-0.0000046665992901801225f,1.22189690919161f,-0.000001066155987666103f,0.000005841035611758817f,-0.000008046465956687389f,-0.48994219047404286f,0f,0f,0f,1f], start_interpolation: 0, interpolation_duration: 1 }
$data merge entity $(bone_finger_left_2) { transformation: [1.071526496606157f,-0.4326996777460044f,-0.45607955554208657f,0.8503967186014771f,-0.6145680152169286f,-0.9108253425623236f,-0.579749907332963f,1.4713467334575845f,-0.13245273412537834f,0.7256547314382772f,-0.9996439811242711f,-0.05796286153904404f,0f,0f,0f,1f], start_interpolation: 0, interpolation_duration: 1 }
$data merge entity $(bone_finger_film_left) { transformation: [1.3852252351780951f,0.16222979597419263f,0.18370204343183671f,0.9914984388551472f,0.7390082715468144f,-0.27207983153982784f,-0.4791447219900122f,1.4881291964088417f,-0.12129966630467649f,0.1950175295027731f,-0.8212982734249626f,-0.09955010334104242f,0f,0f,0f,1f], start_interpolation: 0, interpolation_duration: 1 }
$data merge entity $(bone_finger_left_0_fire) { transformation: [1.4460379785005573f,0.7789374514424924f,0.28285754232842336f,1.133351085543373f,0.8219438818254331f,-1.2755884686701147f,-0.6892460311843295f,1.1737097139761614f,-0.10564183660624084f,0.7375013783810075f,-1.490875345903323f,-0.7111727412967807f,0f,0f,0f,1f], start_interpolation: 0, interpolation_duration: 1 }
$data merge entity $(bone_finger_left_0_fire_s) { transformation: [0.000008676227871003345f,0.0000046736247086549545f,0.0000016971452539705403f,1.133351085543373f,0.000004931663290952599f,-0.000007653530812020689f,-0.000004135476187105977f,1.1737097139761614f,-6.338510196374451e-7f,0.000004425008270286045f,-0.000008945252075419938f,-0.7111727412967807f,0f,0f,0f,1f], start_interpolation: 0, interpolation_duration: 1 }
$data merge entity $(bone_fire_large_left) { transformation: [0.00002313660765600892f,0.000012462999223079879f,0.000004525720677254774f,1.082395380261747f,0.00001315110210920693f,-0.000020409415498721835f,-0.000011027936498949272f,1.2536652813284692f,-0.0000016902693856998535f,0.00001180002205409612f,-0.000023854005534453167f,-0.764806202282387f,0f,0f,0f,1f], start_interpolation: 0, interpolation_duration: 1 }
$data merge entity $(bone_finger_left_0) { transformation: [1.2689558061438844f,0.683548576404482f,0.24821873698049904f,0.9815206724977811f,0.7212884285711201f,-1.1193795858996554f,-0.6048407898939887f,1.5191032166710312f,-0.09270491088498144f,0.6471867752091247f,-1.3083023783251657f,-0.11457285405827643f,0f,0f,0f,1f], start_interpolation: 0, interpolation_duration: 1 }
$data merge entity $(bone_wing_left_1_model) { transformation: [-0.4861973256830135f,0.8911158806480161f,0.022399348147579268f,0.5449693265377592f,-0.7919171588897834f,-0.4200881754621957f,-0.4768335362939745f,1.751139535055401f,-0.4092144388904908f,-0.24579563693360032f,0.8961613308494104f,-0.010237180955563368f,0f,0f,0f,1f], start_interpolation: 0, interpolation_duration: 1 }
$data merge entity $(bone_wing_left_0) { transformation: [-0.662760395601356f,0.4035236291232925f,0.6308068949857013f,0.2560430717627188f,-0.1517481391690736f,-0.8972840285121617f,0.4145526196222981f,1.494478164517006f,0.7332947294785757f,0.17902528568935142f,0.6559182775337098f,-0.27328175991598114f,0f,0f,0f,1f], start_interpolation: 0, interpolation_duration: 1 }
$data merge entity $(bone_body_0) { transformation: [-0.9679564793716378f,0.24821473762574003f,0.03807490075954899f,0.02873385367586953f,-0.23244801934518314f,-0.9430022204828086f,0.23814854706043054f,1.8242169329033708f,0.0950166950854732f,0.22166699391176356f,0.9704821335115638f,0.05407984865905552f,0f,0f,0f,1f], start_interpolation: 0, interpolation_duration: 1 }
$data merge entity $(bone_leg_right_3) { transformation: [-0.9335044159966666f,0.25417478446359587f,-0.2529124043173988f,-0.36493877913999045f,-0.3452690605773371f,-0.8274907038636257f,0.4427735435042667f,2.3403304905325797f,-0.09674079347806676f,0.500653886394749f,0.860224915307077f,-0.26919663363447155f,0f,0f,0f,1f], start_interpolation: 0, interpolation_duration: 1 }
$data merge entity $(bone_leg_right_2) { transformation: [-0.9190571949730704f,0.3223023338155878f,-0.22683711774146986f,-0.3024578297737423f,-0.25686225866929424f,-0.05329921985461317f,0.9649771879346155f,2.3260222003812485f,0.29892415834044017f,0.9451351219692955f,0.1317723369320904f,-0.11029911728272591f,0f,0f,0f,1f], start_interpolation: 0, interpolation_duration: 1 }
$data merge entity $(bone_leg_right_1) { transformation: [-0.9457173294208905f,0.2645998274178575f,-0.18869463204728215f,-0.2502120213935153f,-0.2417008987276428f,-0.18450998552517822f,0.9526472278843561f,2.0220533953251087f,0.21725424826057801f,0.9465426543859176f,0.23844830685243393f,-0.19952529880808015f,0f,0f,0f,1f], start_interpolation: 0, interpolation_duration: 1 }
$data merge entity $(bone_leg_right_0) { transformation: [-0.9457901193378765f,0.17166155678101558f,-0.2757052050403903f,-0.14672899338366197f,-0.21104941754981926f,0.32039041114160277f,0.9234761111151695f,2.066853554507148f,0.24685865088087858f,0.931602004276522f,-0.2667930136139992f,0.13565192758095682f,0f,0f,0f,1f], start_interpolation: 0, interpolation_duration: 1 }
$data merge entity $(bone_leg_left_3) { transformation: [-0.9781976866755003f,-0.1362353061505308f,-0.15674574042305134f,0.22563240427450187f,-0.05973919630831426f,-0.538272441198071f,0.8406509427051788f,2.4117700626383756f,-0.19889825089008747f,0.8316866720134092f,0.5183982690828774f,-0.3022854986689013f,0f,0f,0f,1f], start_interpolation: 0, interpolation_duration: 1 }
$data merge entity $(bone_leg_left_2) { transformation: [-0.8173645085853766f,-0.5564573316132629f,-0.14923303320254858f,0.12637603616912946f,-0.2505803710437771f,0.11012786277498313f,0.9618114843815172f,2.422271653836317f,-0.5187723371119058f,0.8235454401151531f,-0.22945189106431343f,-0.16301990034556185f,0f,0f,0f,1f], start_interpolation: 0, interpolation_duration: 1 }
$data merge entity $(bone_leg_left_1) { transformation: [-0.859411996465081f,-0.44491808051995513f,-0.2519105435632703f,0.21765602793725414f,-0.25607686158796744f,-0.05188459912759261f,0.9652629845449509f,2.114654683458129f,-0.4425332318494969f,0.89406705005822f,-0.06934297880125798f,-0.1517179957134914f,0f,0f,0f,1f], start_interpolation: 0, interpolation_duration: 1 }
$data merge entity $(bone_leg_left_0) { transformation: [-0.859411996465081f,-0.5000506846979651f,-0.10658486320768029f,0.03248609951996913f,-0.25607686158796744f,0.240546759785233f,0.9362488436927879f,2.1194957990808136f,-0.4425332318494969f,0.8319174052091479f,-0.3347801810426025f,0.14952646589225696f,0f,0f,0f,1f], start_interpolation: 0, interpolation_duration: 1 }
$data merge entity $(bone_tail_3) { transformation: [-2.3367981958026913f,-0.694292805723714f,0.14778165260819198f,-0.3949290129000698f,-0.6864059279253564f,2.339703244859499f,0.1383595061312826f,3.3074936235222694f,-0.18091108046840515f,0.09085125617323678f,-2.433829278123165f,-0.10132959822651144f,0f,0f,0f,1f], start_interpolation: 0, interpolation_duration: 1 }
$data merge entity $(bone_tail_2) { transformation: [-1.1063324519714817f,-0.30337208660221293f,-0.14459579968100217f,-0.33417902158338225f,-0.3249716448144414f,0.8389268713749536f,0.7262982838005535f,3.0058098829102344f,-0.08565044238861622f,0.7355821803548888f,-0.8879734906870713f,0.2586098684017023f,0f,0f,0f,1f], start_interpolation: 0, interpolation_duration: 1 }
$data merge entity $(bone_tail_1) { transformation: [-1.325605550560424f,-0.12621216394095566f,-0.3823869169761358f,-0.2190376212471372f,-0.38938043928216853f,0.06647265529463897f,1.3279094848220205f,2.6078116926807664f,-0.10262620574491853f,1.3780534155282949f,-0.0990756585795937f,0.2814172083305472f,0f,0f,0f,1f], start_interpolation: 0, interpolation_duration: 1 }
$data merge entity $(bone_tail_0) { transformation: [-1.1462002880785622f,0.07822752185293781f,-0.3392781966338938f,-0.1170298448278937f,-0.3366823347176645f,-0.546514299309299f,1.011420519080618f,2.29871491656695f,-0.08873694481703483f,1.0631119018019655f,0.5449065783685533f,0.13656301587676484f,0f,0f,0f,1f], start_interpolation: 0, interpolation_duration: 1 }
$data merge entity $(bone_body_1) { transformation: [-0.9767619846234703f,-0.030990667642635233f,-0.295086933560142f,-0.03352160012237469f,-0.28691190262896626f,-0.16009435985619241f,0.9665154165953623f,2.0203135653531703f,-0.07561930949625575f,1.007725195132951f,0.14447264644218918f,0.11420077174851924f,0f,0f,0f,1f], start_interpolation: 0, interpolation_duration: 1 }
data modify entity @s data merge value {"locators":{"body_1":{"posx":-0.0560191687893375,"posy":2.146158949757991,"posz":-0.0726796553600502,"roty":243.91393005545584,"rotx":71.22514726508201},"body_0":{"posx":-0.015076909698762408,"posy":1.919649194979926,"posz":-0.15876560923836322,"roty":177.7532684155988,"rotx":13.777291837168105},"neck_1":{"posx":-0.022757294865281358,"posy":1.8684031974744897,"posz":-0.37700813167358443,"roty":168.79726945488594,"rotx":-22.22560055106902},"neck_0":{"posx":-0.07394404946640495,"posy":2.0042226558402936,"posz":-0.5691109541369419,"roty":162.48145207948275,"rotx":-41.13594695797283},"pos_head":{"posx":-0.15529996130334023,"posy":2.124527163041311,"posz":-0.8465041307385847,"roty":161.55638794706974,"rotx":-53.09450844576176},"head_0":{"posx":-0.11566719440722936,"posy":2.2585924551575545,"posz":-0.6166749248177643,"roty":161.55638794706974,"rotx":-53.09450844576176},"arm_right_0":{"posx":-0.2709612426707536,"posy":2.298359917920843,"posz":0.005557788532118867,"roty":162.39943806435107,"rotx":-10.129910829629674},"arm_left_0":{"posx":0.37669963421580926,"posy":2.306497034828561,"posz":-0.1765844980459187,"roty":189.85251782311062,"rotx":19.15087500186221},"finger_right_0":{"posx":-0.7074090005893675,"posy":1.1925026232982718,"posz":0.06318577393124682,"roty":330.4262886258052,"rotx":-27.500504795177072},"finger_right_1":{"posx":-0.8895761495097758,"posy":0.8076387949968858,"posz":-0.3656382263493778,"roty":330.4262886258052,"rotx":-27.500504795177072},"finger_right_2":{"posx":-1.154530710564515,"posy":0.48922924041210997,"posz":-0.8543255389876522,"roty":330.4262886258052,"rotx":-27.500504795177072},"finger_right_3":{"posx":-1.438871827770425,"posy":0.14752134121579766,"posz":-1.378770081719428,"roty":330.4262886258052,"rotx":-27.500504795177072},"finger_left_0":{"posx":0.8701084952433215,"posy":1.6956420889916248,"posz":-0.055927615356429206,"roty":31.206705959959066,"rotx":-5.8955634746045025},"finger_left_1":{"posx":1.1392206493515058,"posy":1.5012641744029391,"posz":-0.560893886040593,"roty":31.206705959959066,"rotx":-5.8955634746045025},"finger_left_2":{"posx":1.4621901802747364,"posy":1.4084576816165257,"posz":-1.106309773598076,"roty":31.206705959959066,"rotx":-5.8955634746045025},"finger_left_3":{"posx":1.8087913333275691,"posy":1.30886018727887,"posz":-1.6916338014085788,"roty":31.206705959959066,"rotx":-5.8955634746045025},"leg_right_0":{"posx":-0.2751532543151391,"posy":1.9794253800867123,"posz":-0.32945102486344013,"roty":314.0588263550244,"rotx":67.43967596503731},"leg_left_0":{"posx":0.2873608943033342,"posy":2.083390356123893,"posz":-0.26783724698154254,"roty":342.33994612310187,"rotx":69.4308500192145},"tail_0":{"posx":-0.18011048294830176,"posy":2.535015160525715,"posz":0.054803696130536546,"roty":211.90786008231618,"rotx":57.59875256970844},"tail_1":{"posx":-0.2693849921215737,"posy":2.8320639617046766,"posz":0.08089637073449503,"roty":284.5257934191859,"rotx":73.43382318181357},"tail_2":{"posx":-0.3132405481323145,"posy":3.0211836600733197,"posz":-0.07017949380129981,"roty":350.7512487541027,"rotx":38.91375460651623},"tail_3":{"posx":-0.3173144435610939,"posy":3.1009238870011107,"posz":-0.32010499782472396,"roty":3.4747227529538804,"rotx":3.2477075978417917},"tail_4":{"posx":-0.2908409489640017,"posy":3.1257095053331376,"posz":-0.7560993523841801,"roty":3.4747227529538804,"rotx":3.2477075978417917},"shadow":{"posx":-0.04993185164572611,"posy":2.150390415850165,"posz":-0.1673633811086509,"roty":203.3128091128121,"rotx":47.862010601972855}},"cameras":{}}