# This file was generated by Animated Java via MC-Build. It is not recommended to edit this file directly.
$data merge entity $(bone_head_lower) { transformation: [-0.7868072278604668f,0.4327002441114911f,0.4401191712847592f,-0.17073666468797521f,-0.5262261896325188f,-0.8429343168707669f,-0.11201667191295066f,1.8171419064944416f,0.32252191170735617f,-0.31973776159138506f,0.8909250138373953f,-0.8169440311704219f,0f,0f,0f,1f], start_interpolation: 0, interpolation_duration: 1 }
$data merge entity $(bone_head_upper) { transformation: [-0.7868072278604668f,0.3728135903226746f,0.4918784535403479f,-0.15767426717167937f,-0.5262261896325188f,-0.8216658724915706f,-0.21897760462546428f,1.8030406902714493f,0.32252191170735617f,-0.43113248642776036f,0.8426769224413646f,-0.8092866925303126f,0f,0f,0f,1f], start_interpolation: 0, interpolation_duration: 1 }
$data merge entity $(bone_neck_0) { transformation: [-0.5105004881225118f,0.46225744515319056f,0.7250567605554216f,-0.029378101027561068f,-0.7429794736993517f,-0.6616012133510565f,-0.10131799521232165f,1.795250886804821f,0.43286343491696244f,-0.5904251763711088f,0.681195535671685f,-0.6713518115847411f,0f,0f,0f,1f], start_interpolation: 0, interpolation_duration: 1 }
$data merge entity $(bone_neck_1) { transformation: [-0.6656615480023227f,0.39666379350769965f,0.632101683616831f,0.08406924265453558f,-0.7019272432419283f,-0.6203879949494268f,-0.3498812383043948f,1.7292628739930198f,0.2533630768402099f,-0.676591878936417f,0.6913975561508378f,-0.5561071166736894f,0f,0f,0f,1f], start_interpolation: 0, interpolation_duration: 1 }
$data merge entity $(bone_neck_2) { transformation: [-0.6656615480023227f,0.6622831192961781f,0.3439124502056817f,0.2563435844687057f,-0.7019272432419283f,-0.7121343335855307f,0.012760725821007068f,1.6306874935966371f,0.2533630768402099f,-0.23290719358580658f,0.9389150070533785f,-0.37658743050951365f,0f,0f,0f,1f], start_interpolation: 0, interpolation_duration: 1 }
$data merge entity $(bone_arm_right_2) { transformation: [-0.757840444675053f,-0.28433980811833576f,0.5872211967682587f,-0.5055640949221162f,-0.5158277235602504f,-0.28998848383329096f,-0.8061193701001854f,1.9611380572685706f,0.39949921154035856f,-0.9138148350531948f,0.07309464559962604f,-0.20435155649366443f,0f,0f,0f,1f], start_interpolation: 0, interpolation_duration: 1 }
$data merge entity $(bone_arm_right_1) { transformation: [-0.8803645994522338f,0.36450119985328233f,0.3034749533929044f,-0.2610221487250215f,-0.26845263056143304f,-0.910425035850117f,0.3147370954335701f,1.7173792393425524f,0.3910132442462212f,0.195614747406301f,0.8993572779608862f,-0.1993958378657047f,0f,0f,0f,1f], start_interpolation: 0, interpolation_duration: 1 }
$data merge entity $(bone_arm_right_0) { transformation: [-0.012765460345339104f,0.8716065916185239f,0.49003978661871f,0.02573135705260264f,-0.7760298326673252f,-0.3176891523388525f,0.544840620086778f,1.6406767261337385f,0.63056700027237f,-0.3733303522798018f,0.6804481657217869f,-0.32111430386623363f,0f,0f,0f,1f], start_interpolation: 0, interpolation_duration: 1 }
$data merge entity $(bone_arm_left_2) { transformation: [-0.8429677546381489f,-0.07905417460254782f,0.5321238597528093f,0.15954308206722925f,-0.38955527534506096f,-0.5924764652832609f,-0.7051370969792237f,2.3775957578040923f,0.3710148947025592f,-0.8016994920563215f,0.4686425848613055f,-0.4958933647715908f,0f,0f,0f,1f], start_interpolation: 0, interpolation_duration: 1 }
$data merge entity $(bone_arm_left_1) { transformation: [-0.6519417582048792f,0.6730224071987984f,-0.34930328271727623f,0.27243580714003623f,-0.713636444204978f,-0.3888767850354059f,0.5826644588122759f,2.1518361966617463f,0.25631029907361513f,0.6291388443490528f,0.733818332504669f,-0.26024206073929196f,0f,0f,0f,1f], start_interpolation: 0, interpolation_duration: 1 }
$data merge entity $(bone_arm_left_0) { transformation: [-0.8788282366662021f,-0.07845315343709873f,0.4706442745364578f,0.23647965991014708f,-0.18051675343804266f,-0.8584019694545342f,-0.48016638841631354f,1.8659577428853875f,0.44167253952035856f,-0.5069429569018121f,0.7402257806110817f,-0.40133387026999806f,0f,0f,0f,1f], start_interpolation: 0, interpolation_duration: 1 }
$data merge entity $(bone_finger_right_1_fire) { transformation: [1.2146462876520634f,-0.3690308862806315f,-1.0799205427445908f,-0.9025057745664126f,-0.714797499393091f,-1.47545766443863f,-0.2997782398515072f,0.538529105795229f,-0.8896497673423095f,0.6816294177909396f,-1.233564917646226f,-0.5710498708882992f,0f,0f,0f,1f], start_interpolation: 0, interpolation_duration: 1 }
$data merge entity $(bone_finger_right_1_fire_s) { transformation: [0.000007287877725912381f,-0.0000022141853176837893f,-0.0000064795232564675444f,-0.9025057745664126f,-0.000004288784996358546f,-0.00000885274598663178f,-0.0000017986694391090434f,0.538529105795229f,-0.0000053378986040538575f,0.0000040897765067456375f,-0.000007401389505877356f,-0.5710498708882992f,0f,0f,0f,1f], start_interpolation: 0, interpolation_duration: 1 }
$data merge entity $(bone_finger_right_1) { transformation: [1.448907829273791f,-0.4402036591322592f,-1.2881983383004834f,-0.22316358647666001f,-0.8526562043160402f,-1.760020331432922f,-0.3575946703022283f,0.7560500673442072f,-1.0612311800710166f,0.8130911938237713f,-1.4714751819231477f,0.18317008778788263f,0f,0f,0f,1f], start_interpolation: 0, interpolation_duration: 1 }
$data merge entity $(bone_finger_right_2_fire) { transformation: [0.17155258539561052f,1.6577163835005257f,0.01799666901951149f,-0.05955418704208313f,1.616440862468395f,-0.17127822504758955f,0.3681853956157935f,0.9468840194452413f,0.3680576400026128f,-0.02044356319880277f,-1.6253902338014785f,-0.40128768834333434f,0f,0f,0f,1f], start_interpolation: 0, interpolation_duration: 1 }
$data merge entity $(bone_finger_right_2_fire_s) { transformation: [0.000001029315512373663f,0.000009946298301003154f,1.0798001411706893e-7f,-0.05955418704208313f,0.00000969864517481037f,-0.0000010276693502855373f,0.000002209112373694761f,0.9468840194452413f,0.0000022083458400156773f,-1.226613791928166e-7f,-0.000009752341402808871f,-0.40128768834333434f,0f,0f,0f,1f], start_interpolation: 0, interpolation_duration: 1 }
$data merge entity $(bone_finger_right_2) { transformation: [0.12787589758793694f,1.235667594268634f,0.01341478007548543f,-0.06450021619166832f,1.20490067642696f,-0.1276713884242609f,0.2744466825408971f,0.8280262778790195f,0.27435145305968756f,-0.015238703560858779f,-1.2115715691414402f,0.12160938934003168f,0f,0f,0f,1f], start_interpolation: 0, interpolation_duration: 1 }
$data merge entity $(bone_finger_film_right) { transformation: [0.9791160648092231f,0.21355278582615547f,-0.27967529480558945f,-0.12977658284142768f,0.506928660866509f,-0.4083725538342335f,-0.15947869530715483f,0.7587524207313326f,-0.3693257000470253f,0.005624334935433487f,-0.9603417673832122f,0.07949053462784168f,0f,0f,0f,1f], start_interpolation: 0, interpolation_duration: 1 }
$data merge entity $(bone_finger_right_0_fire) { transformation: [1.398456363400894f,0.7305962066775127f,-0.5369606691646556f,-0.3462037805224164f,0.7258846733509378f,-1.4935829341328393f,-0.14170122666766677f,0.6651538039952352f,-0.5433130022698961f,-0.11496512268226594f,-1.5714234884043525f,-0.5818293828251239f,0f,0f,0f,1f], start_interpolation: 0, interpolation_duration: 1 }
$data merge entity $(bone_finger_right_0_fire_s) { transformation: [0.000008390738180405365f,0.000004383577240065076f,-0.000003221764014987934f,-0.3462037805224164f,0.000004355308040105627f,-0.000008961497604797036f,-8.502073600060006e-7f,0.6651538039952352f,-0.000003259878013619377f,-6.897907360935957e-7f,-0.000009428540930426115f,-0.5818293828251239f,0f,0f,0f,1f], start_interpolation: 0, interpolation_duration: 1 }
$data merge entity $(bone_fire_large_right) { transformation: [0.000022375301814414303f,0.000011689539306840203f,-0.00000859137070663449f,-0.39473205497849406f,0.000011614154773615003f,-0.000023897326946125428f,-0.0000022672196266826682f,0.7626710740362174f,-0.000008693008036318338f,-0.0000018394419629162551f,-0.000025142775814469637f,-0.5806833414900703f,0f,0f,0f,1f], start_interpolation: 0, interpolation_duration: 1 }
$data merge entity $(bone_finger_right_0) { transformation: [1.2272010475247297f,0.6411272125587328f,-0.4712043313785846f,-0.15186879647334892f,0.6369926547812136f,-1.3106783946231981f,-0.12434845902463763f,0.7884243296320492f,-0.4767787561836741f,-0.10088646501731499f,-1.3789865751584833f,0.0854927754809633f,0f,0f,0f,1f], start_interpolation: 0, interpolation_duration: 1 }
$data merge entity $(bone_wing_right_1_model) { transformation: [-0.8601680375759615f,-0.12009066620467954f,0.5259907433264154f,-0.11779429827770001f,0.12274718098725791f,-1.0074979538331854f,-0.029293098563763432f,1.2913552519227152f,0.5253771595094714f,0.03877096793092979f,0.868016552465043f,0.050804458034734f,0f,0f,0f,1f], start_interpolation: 0, interpolation_duration: 1 }
$data merge entity $(bone_wing_right_0) { transformation: [-0.44565233617190386f,0.634170718132501f,-0.6318397704543709f,0.23258539432469658f,-0.44663705670153186f,-0.7691940601084684f,-0.45700748076464015f,1.4676508027677384f,-0.7758281606422374f,0.07853660393191325f,0.6260372728498879f,-0.20355699683313117f,0f,0f,0f,1f], start_interpolation: 0, interpolation_duration: 1 }
$data merge entity $(bone_finger_left_1_fire) { transformation: [-0.8333601898006345f,1.430748569121074f,0.19038672167781875f,1.2537410691406716f,1.3814983849919953f,0.7270016360045823f,0.5837025023836626f,2.6029447453001042f,0.4180320371666957f,0.44967202601722833f,-1.549458635361913f,-1.1762162973313386f,0f,0f,0f,1f], start_interpolation: 0, interpolation_duration: 1 }
$data merge entity $(bone_finger_left_1_fire_s) { transformation: [-0.0000050001611388038074f,0.000008584491414726444f,0.0000011423203300669128f,1.2537410691406716f,0.000008288990309951972f,0.000004362009816027495f,0.0000035022150143019754f,2.6029447453001042f,0.0000025081922230001743f,0.0000026980321561033702f,-0.000009296751812171478f,-1.1762162973313386f,0f,0f,0f,1f], start_interpolation: 0, interpolation_duration: 1 }
$data merge entity $(bone_finger_left_1) { transformation: [-0.9940853694463441f,1.7066884611560407f,0.2271054663674896f,1.105188598715236f,1.6479396895150913f,0.8672140795309701f,0.6962777018033852f,2.22517180018585f,0.4986553679828133f,0.536397571643015f,-1.8482934256123529f,-0.2207642112655492f,0f,0f,0f,1f], start_interpolation: 0, interpolation_duration: 1 }
$data merge entity $(bone_finger_left_2_fire) { transformation: [1.5912128284858755f,0.3367108697399551f,-0.36393035382984895f,0.931942327852827f,0.17741344920755878f,-1.5290522299588292f,-0.6389847602846159f,1.8441708081146861f,-0.46297298007554816f,0.571316765056543f,-1.495670736313f,-0.6999306735843847f,0f,0f,0f,1f], start_interpolation: 0, interpolation_duration: 1 }
$data merge entity $(bone_finger_left_2_fire_s) { transformation: [0.000009547276970915253f,0.000002020265218439731f,-0.0000021835821229790937f,0.931942327852827f,0.0000010644806952453527f,-0.000009174313379752975f,-0.000003833908561707696f,1.8441708081146861f,-0.000002777837880453289f,0.0000034279005903392588f,-0.000008974024417878f,-0.6999306735843847f,0f,0f,0f,1f], start_interpolation: 0, interpolation_duration: 1 }
$data merge entity $(bone_finger_left_2) { transformation: [1.1860956115982713f,0.2509854607922066f,-0.2712749595010078f,1.049513751752268f,0.13224460598638652f,-1.139760883894116f,-0.4763014767628137f,2.0489916757627316f,-0.34510167975374384f,0.42586151628182484f,-1.1148782016952872f,-0.218476260121869f,0f,0f,0f,1f], start_interpolation: 0, interpolation_duration: 1 }
$data merge entity $(bone_finger_film_left) { transformation: [0.40601977402424666f,0.4277325935925751f,0.13096957689050434f,1.1119055302265834f,1.0892688026565343f,-0.15781214472481142f,-0.07293672731875925f,2.100797950787612f,-0.026226455176722507f,0.0674145648847155f,-1.0017161467697961f,-0.2837238278637926f,0f,0f,0f,1f], start_interpolation: 0, interpolation_duration: 1 }
$data merge entity $(bone_finger_left_0_fire) { transformation: [0.5817429903912601f,1.5593788286396653f,0.08769572223772777f,1.183562863010604f,1.5616765788559765f,-0.5793982417224585f,-0.056936089779647724f,2.0711610701405583f,-0.022784511430073616f,0.10204471596846898f,-1.663383756010496f,-0.9815292077045802f,0f,0f,0f,1f], start_interpolation: 0, interpolation_duration: 1 }
$data merge entity $(bone_finger_left_0_fire_s) { transformation: [0.000003490457942347561f,0.000009356272971837993f,5.261743334263666e-7f,1.183562863010604f,0.00000937005947313586f,-0.000003476389450334751f,-3.4161653867788634e-7f,2.0711610701405583f,-1.367070685804417e-7f,6.12268295810814e-7f,-0.000009980302536062977f,-0.9815292077045802f,0f,0f,0f,1f], start_interpolation: 0, interpolation_duration: 1 }
$data merge entity $(bone_fire_large_left) { transformation: [0.000009307887846260162f,0.000024950061258234647f,0.0000014031315558036443f,1.0816690809334373f,0.000024986825261695624f,-0.000009270371867559336f,-9.109774364743636e-7f,2.107457539559564f,-3.6455218288117784e-7f,0.0000016327154554955038f,-0.000026614140096167936f,-0.9944190591543781f,0f,0f,0f,1f], start_interpolation: 0, interpolation_duration: 1 }
$data merge entity $(bone_finger_left_0) { transformation: [0.5105025983521988f,1.3684169074397448f,0.07695648216856507f,1.08016498174089f,1.3704332745901289f,-0.5084449881915658f,-0.04996368199120962f,2.1206824864287475f,-0.019994314464218944f,0.08954829453979128f,-1.4596853654035118f,-0.2850113838406335f,0f,0f,0f,1f], start_interpolation: 0, interpolation_duration: 1 }
$data merge entity $(bone_wing_left_1_model) { transformation: [-0.0619510018222232f,0.9029930303803468f,0.46015512981991274f,0.6204406030775538f,-0.9658508551361953f,0.08706215385627877f,-0.3008810230646438f,2.0985926660713217f,-0.3070362878354024f,-0.4560711035488479f,0.8536421671296659f,-0.07651822114731764f,0f,0f,0f,1f], start_interpolation: 0, interpolation_duration: 1 }
$data merge entity $(bone_wing_left_0) { transformation: [-0.30351371685928297f,0.8460823895463108f,0.43820544699703073f,0.4633118098292035f,-0.44473724929018094f,-0.5325254187189841f,0.7201565506971205f,1.714287576452476f,0.8426673144082821f,0.023691106301209908f,0.5379131237571346f,-0.2913810635454376f,0f,0f,0f,1f], start_interpolation: 0, interpolation_duration: 1 }
$data merge entity $(bone_body_0) { transformation: [-0.6611711462197474f,0.7439852493428251f,-0.09663676405364391f,0.09116771453765604f,-0.7067639741228202f,-0.5744625671402728f,0.4128891423090769f,1.9203448163826071f,0.25166922793337865f,0.34128977089110335f,0.9056400454907654f,0.002918010501795895f,0f,0f,0f,1f], start_interpolation: 0, interpolation_duration: 1 }
$data merge entity $(bone_leg_right_3) { transformation: [-0.7318156534217142f,0.6083032339446945f,-0.3072670255321509f,-0.5029127532379354f,-0.6524778969934398f,-0.7555709775236378f,0.0581815422534715f,2.3349255471878814f,-0.1967700265334314f,0.24306310599595463f,0.9498430834414873f,-0.29762876996540866f,0f,0f,0f,1f], start_interpolation: 0, interpolation_duration: 1 }
$data merge entity $(bone_leg_right_2) { transformation: [-0.768559594325904f,0.2776963714865086f,-0.5763686973047969f,-0.44654224421915345f,-0.6061872183442063f,-0.028003803440985974f,0.7948288138391512f,2.3283262414563954f,0.2045805618471972f,0.9602606480826263f,0.18985858278787268f,-0.13596296721064727f,0f,0f,0f,1f], start_interpolation: 0, interpolation_duration: 1 }
$data merge entity $(bone_leg_right_1) { transformation: [-0.7897957304163847f,0.20917410965309924f,-0.5766011585722685f,-0.26835597169522185f,-0.6014978415838634f,-0.0800665271700694f,0.7948519974164234f,2.071762469500495f,0.12009600653644778f,0.9745950662084011f,0.18905397677975394f,-0.2102102137181391f,0f,0f,0f,1f], start_interpolation: 0, interpolation_duration: 1 }
$data merge entity $(bone_leg_right_0) { transformation: [-0.8006604007199609f,0.13495071939015538f,-0.583721873887754f,-0.15749482403224432f,-0.5742090828463116f,0.10516761813789005f,0.8119259210494518f,2.059918173977617f,0.17095862626889885f,0.9852553351447951f,-0.006713618470575722f,0.1253923533773557f,0f,0f,0f,1f], start_interpolation: 0, interpolation_duration: 1 }
$data merge entity $(bone_leg_left_3) { transformation: [-0.8914876905046524f,0.13894619950043824f,-0.4312118404254051f,0.07230513410110291f,-0.3897966703338084f,-0.7203145696360014f,0.5737643040193235f,2.610761066309602f,-0.2308858018054747f,0.6795887538905325f,0.6963123380424597f,-0.3107086500864269f,0f,0f,0f,1f], start_interpolation: 0, interpolation_duration: 1 }
$data merge entity $(bone_leg_left_2) { transformation: [-0.6789333950418122f,-0.5389778875347804f,-0.49855017986712624f,-0.020635808569506836f,-0.46498191322207083f,-0.20985266805132288f,0.8600893430848241f,2.5658966932589085f,-0.5681912226296189f,0.8157601942116856f,-0.10813898495164509f,-0.17393808998747048f,0f,0f,0f,1f], start_interpolation: 0, interpolation_duration: 1 }
$data merge entity $(bone_leg_left_1) { transformation: [-0.724446091094185f,-0.49056962411869803f,-0.48427193289555276f,0.14519778083618484f,-0.47953403507836206f,-0.14602996516688554f,0.8652874426887418f,2.292756999582382f,-0.4952019490064835f,0.8590789795853451f,-0.12945399389274428f,-0.1426028259344249f,0f,0f,0f,1f], start_interpolation: 0, interpolation_duration: 1 }
$data merge entity $(bone_leg_left_0) { transformation: [-0.724446091094185f,-0.5049539766346423f,-0.46925402777090436f,-0.010568416689224917f,-0.47953403507836206f,-0.11986298339416451f,0.8692985530951461f,2.1731171023957674f,-0.4952019490064835f,0.8547832161973652f,-0.15530834815768513f,0.15147667207304114f,0f,0f,0f,1f], start_interpolation: 0, interpolation_duration: 1 }
$data merge entity $(bone_tail_3) { transformation: [-2.069028068875268f,-0.6253530545156996f,1.1369099050708424f,-0.658138369040038f,-0.6123634797236736f,2.3571896718207315f,0.18214155098827975f,3.1770042808505146f,-1.143958715925108f,-0.13075982985453483f,-2.153779944188687f,0.0613203520275184f,0f,0f,0f,1f], start_interpolation: 0, interpolation_duration: 1 }
$data merge entity $(bone_tail_2) { transformation: [-1.0077639204833306f,-0.565242587021607f,-0.042740623406642544f,-0.6377784265420452f,-0.43752406255576215f,0.7201909503455642f,0.7917144385604289f,2.849130295858756f,-0.3604145359953852f,0.7062151763856926f,-0.8415910820498023f,0.4024129833439286f,0f,0f,0f,1f], start_interpolation: 0, interpolation_duration: 1 }
$data merge entity $(bone_tail_1) { transformation: [-1.1733692800227f,-0.10404530464439844f,-0.7292176955877053f,-0.4188824993668312f,-0.7143274444291439f,-0.17401341224198966f,1.1742380400808887f,2.498349494271612f,-0.17977812745747826f,1.3705010934760804f,0.09373322754780784f,0.3675177321492865f,0f,0f,0f,1f], start_interpolation: 0, interpolation_duration: 1 }
$data merge entity $(bone_tail_0) { transformation: [-0.9396925654775858f,0.33654932484436806f,-0.6623569842696089f,-0.2168026994428388f,-0.7239827977704868f,-0.6546044307845968f,0.6945115463456103f,2.281642773943235f,-0.16682665013824816f,0.9451094811828691f,0.716896978414386f,0.16970192804711523f,0f,0f,0f,1f], start_interpolation: 0, interpolation_duration: 1 }
$data merge entity $(bone_body_1) { transformation: [-0.8007814905808991f,0.08819172185492234f,-0.6269544791958516f,-0.03650287438413621f,-0.6169592537522408f,-0.33568483231268986f,0.7407952935927197f,2.0642847287485195f,-0.1421653192482462f,0.960020108120611f,0.31662455440407494f,0.09739381974078813f,0f,0f,0f,1f], start_interpolation: 0, interpolation_duration: 1 }
data modify entity @s data merge value {"locators":{"body_1":{"posx":-0.11501384822592978,"posy":2.203203906063651,"posz":-0.06324547983656738,"roty":243.20531107478973,"rotx":46.52519727669233},"body_0":{"posx":-0.0010514245353905327,"posy":1.9288004380977937,"posz":-0.21560892474901908,"roty":186.09072748638096,"rotx":24.386455884355367},"neck_1":{"posx":0.019763861207658495,"posy":1.8348639791346975,"posz":-0.43249528953937233,"roty":159.88286942168475,"rotx":0.7311555770728542},"neck_0":{"posx":-0.09703976021610583,"posy":1.8857586462417903,"posz":-0.59837315380895,"roty":137.5652699482016,"rotx":-20.480051293031316},"pos_head":{"posx":-0.22034962692489773,"posy":1.8233431398393198,"posz":-0.929062648780169,"roty":149.72748827868824,"rotx":-12.648989901689669},"head_0":{"posx":-0.3045895564161015,"posy":2.0360389400011156,"posz":-0.787535783736459,"roty":149.72748827868824,"rotx":-12.648989901689669},"arm_right_0":{"posx":-0.5176007838313912,"posy":2.114309133548879,"posz":-0.16637808945253335,"roty":161.35378581239266,"rotx":18.344943219622266},"arm_left_0":{"posx":0.030024527780508542,"posy":2.4653166977026038,"posz":-0.5199396843795918,"roty":205.45481463314673,"rotx":35.63816552376223},"finger_right_0":{"posx":-0.121778843119423,"posy":0.9498537026530447,"posz":0.20212838898742427,"roty":318.79957688597653,"rotx":-10.362009762992502},"finger_right_1":{"posx":-0.40216918982136557,"posy":0.7847316146946686,"posz":-0.30709750316840134,"roty":318.79957688597653,"rotx":-10.362009762992502},"finger_right_2":{"posx":-0.7965037391700303,"posy":0.6576294865964918,"posz":-0.7957140866273581,"roty":318.79957688597653,"rotx":-10.362009762992502},"finger_right_3":{"posx":-1.2196915249337832,"posy":0.521227132983212,"posz":-1.3200829774068676,"roty":318.79957688597653,"rotx":-10.362009762992502},"finger_left_0":{"posx":0.9225257307889521,"posy":2.1198328191469202,"posz":-0.15964049914389142,"roty":7.004995181785688,"rotx":20.500863726368834},"finger_left_1":{"posx":1.0588740315047773,"posy":2.2112302472725145,"posz":-0.7412337511002733,"roty":7.004995181785688,"rotx":20.500863726368834},"finger_left_2":{"posx":1.1459566427868202,"posy":2.4122149331014286,"posz":-1.3432492228971002,"roty":7.004995181785688,"rotx":20.500863726368834},"finger_left_3":{"posx":1.239411273127452,"posy":2.627905393323934,"posz":-1.98931430873993,"roty":7.004995181785688,"rotx":20.500863726368834},"leg_right_0":{"posx":-0.2887903735221992,"posy":2.0586171129368975,"posz":-0.347066130274997,"roty":270.6589525951777,"rotx":54.28452816508234},"leg_left_0":{"posx":0.21472657539898005,"posy":2.311550731194177,"posz":-0.26148280512594635,"roty":288.3129220730024,"rotx":60.37722888843705},"tail_0":{"posx":-0.3682624172309509,"posy":2.486920634356846,"posz":0.13198571830155514,"roty":222.73552635984927,"rotx":35.434097290572566},"tail_1":{"posx":-0.5330542947820989,"posy":2.727586377325791,"posz":0.2018439659525189,"roty":262.6753968688921,"rotx":57.94837865161812},"tail_2":{"posx":-0.5478856661267567,"posy":2.9000862699821965,"posz":0.08920379171854059,"roty":357.0927029743269,"rotx":43.214062483446455},"tail_3":{"posx":-0.5014990538761173,"posy":2.9725842390948447,"posz":-0.11255984915433362,"roty":27.828105948722396,"rotx":4.277084064889942},"tail_4":{"posx":-0.2978338647401477,"posy":3.0052129401608587,"posz":-0.4983863757189992,"roty":27.828105948722396,"rotx":4.277084064889942},"shadow":{"posx":-0.03260660114419486,"posy":2.14132886472952,"posz":-0.2034660741138664,"roty":232.1935345910287,"rotx":46.655405604692916}},"cameras":{}}