# This file was generated by Animated Java via MC-Build. It is not recommended to edit this file directly.
$data merge entity $(bone_head_lower) { transformation: [0.9495551453261475f,0.30138807818049784f,0.08666171193385017f,-0.07830602622203318f,-0.3135739944783694f,0.9089361806794566f,0.27478422341670616f,0.8326747402739257f,0.004046723553584597f,-0.28809763237921415f,0.9575924907004923f,-0.8295273378964058f,0f,0f,0f,1f], start_interpolation: 0, interpolation_duration: 1 }
$data merge entity $(bone_head_upper) { transformation: [0.9495551453261475f,0.28723525094929886f,0.12586078260019212f,-0.07288595305740786f,-0.3135739944783694f,0.8644731877441294f,0.39288351665396093f,0.8504410258771384f,0.004046723553584597f,-0.4125312331007156f,0.910934468414103f,-0.8204121162509487f,0f,0f,0f,1f], start_interpolation: 0, interpolation_duration: 1 }
$data merge entity $(bone_neck_0) { transformation: [0.9566222473851483f,-0.28470251488614967f,0.06179282988575805f,-0.05644916877526905f,0.16453001518535157f,0.703004179842689f,0.6918923306604984f,0.9684213929207796f,-0.24042410426347938f,-0.6517128210655444f,0.719351547539792f,-0.674271486097979f,0f,0f,0f,1f], start_interpolation: 0, interpolation_duration: 1 }
$data merge entity $(bone_neck_1) { transformation: [0.9577118730239768f,-0.2857675421971574f,0.033539232184150586f,-0.05287344490343916f,0.08967446210327981f,0.4072081029232955f,0.9089224674085785f,1.130251893344386f,-0.2733979866703372f,-0.8674782260899734f,0.41561408559431595f,-0.6086653837907f,0f,0f,0f,1f], start_interpolation: 0, interpolation_duration: 1 }
$data merge entity $(bone_neck_2) { transformation: [0.9577118730239768f,-0.26747015580418054f,0.10605509899572899f,-0.06695704066028411f,0.08967446210327981f,0.6277023461805161f,0.7732711396696266f,1.3948673610231537f,-0.2733979866703372f,-0.731060517572631f,0.625143232012507f,-0.5712063557202055f,0f,0f,0f,1f], start_interpolation: 0, interpolation_duration: 1 }
$data merge entity $(bone_arm_right_2) { transformation: [0.9293888885157525f,-0.3185979909677329f,0.18636419735233073f,0.40403241137884904f,0.17182175486340728f,0.8203125579011212f,0.5454948138207902f,0.710236759794101f,-0.3266704431979011f,-0.4749553952752239f,0.8171314423272689f,-0.40009296030760494f,0f,0f,0f,1f], start_interpolation: 0, interpolation_duration: 1 }
$data merge entity $(bone_arm_right_1) { transformation: [0.9556653937508603f,0.07219882458950613f,0.2854662588028697f,0.28576398059894026f,-0.09866624446146313f,0.9919454768135911f,0.0794301154029628f,1.0345015119242342f,-0.2774322032333019f,-0.10407449618879205f,0.955091551555224f,-0.3896702581381559f,0f,0f,0f,1f], start_interpolation: 0, interpolation_duration: 1 }
$data merge entity $(bone_arm_right_0) { transformation: [0.8939691609186038f,-0.42373027931484397f,0.1458485163388784f,0.133924438247615f,0.31502917579607537f,0.8257028222045573f,0.4679438724897195f,1.29937881980083f,-0.31870951934909797f,-0.37238085315331937f,0.8716402597867271f,-0.48821465789996554f,0f,0f,0f,1f], start_interpolation: 0, interpolation_duration: 1 }
$data merge entity $(bone_arm_left_2) { transformation: [0.9402844990039139f,0.32924739822669596f,-0.08637830569020476f,-0.4210302665217847f,-0.2658517212174428f,0.8688197817596979f,0.41770210575092126f,0.7361523761531932f,0.2125745122508393f,-0.3697949939952976f,0.9044687607415393f,-0.46224135251770015f,0f,0f,0f,1f], start_interpolation: 0, interpolation_duration: 1 }
$data merge entity $(bone_arm_left_1) { transformation: [0.9943067133017923f,-0.09928544362829975f,-0.03868540508407971f,-0.3050171263990927f,0.061765743616556075f,0.8328677225177308f,-0.5500148631660988f,1.0040951955861044f,0.08682829491865794f,0.5444940380496927f,0.8342584070477557f,-0.2778741082824866f,0f,0f,0f,1f], start_interpolation: 0, interpolation_duration: 1 }
$data merge entity $(bone_arm_left_0) { transformation: [0.9316192466747292f,0.3618099029937479f,-0.03433909318641026f,-0.1704160850903096f,-0.30291026863350223f,0.8252063112408574f,0.47673883106438575f,1.2692067956932815f,0.20082566664047186f,-0.4337374067150676f,0.8783740169395371f,-0.3983922925578546f,0f,0f,0f,1f], start_interpolation: 0, interpolation_duration: 1 }
$data merge entity $(bone_finger_right_1_fire) { transformation: [1.063038445087809f,0.8020406557041986f,1.0022264358121131f,1.4012167586654956f,-0.15957457138642833f,1.3737597230439367f,-0.9301064225597321f,1.0537976554549342f,-1.273680885547832f,0.4972854187663295f,0.9530068162664235f,-0.15505834833850718f,0f,0f,0f,1f], start_interpolation: 0, interpolation_duration: 1 }
$data merge entity $(bone_finger_right_1_fire_s) { transformation: [0.0000063782306705268535f,0.000004812243934225191f,0.0000060133586148726785f,1.4012167586654956f,-9.5744742831857e-7f,0.00000824255833826362f,-0.0000055806385353583925f,1.0537976554549342f,-0.000007642085313286994f,0.0000029837125125979773f,0.000005718040897598541f,-0.15505834833850718f,0f,0f,0f,1f], start_interpolation: 0, interpolation_duration: 1 }
$data merge entity $(bone_finger_right_1) { transformation: [1.268060291761224f,0.956725424725933f,1.1955198351285803f,0.760192851394834f,-0.19035076152230043f,1.6387085182690824f,-1.1094904676402921f,1.6044253089965816f,-1.5193280758581291f,0.5931938737712789f,1.136807522878831f,-0.7580230743050761f,0f,0f,0f,1f], start_interpolation: 0, interpolation_duration: 1 }
$data merge entity $(bone_finger_right_2_fire) { transformation: [-1.5508366319612061f,-0.05215327112975001f,0.6082462947322153f,0.9128074242933425f,-0.6048618476904962f,-0.09346027438093027f,-1.5502209842789703f,1.0212595769463213f,0.08261757654059176f,-1.6632266806424452f,0.06803765592266901f,-0.8776570959222059f,0f,0f,0f,1f], start_interpolation: 0, interpolation_duration: 1 }
$data merge entity $(bone_finger_right_2_fire_s) { transformation: [-0.000009305019791767238f,-3.129196267785001e-7f,0.000003649477768393292f,0.9128074242933425f,-0.0000036291710861429773f,-5.607616462855817e-7f,-0.000009301325905673821f,1.0212595769463213f,4.957054592435506e-7f,-0.000009979360083854671f,4.0822593553601406e-7f,-0.8776570959222059f,0f,0f,0f,1f], start_interpolation: 0, interpolation_duration: 1 }
$data merge entity $(bone_finger_right_2) { transformation: [-1.1559990533920947f,-0.038875230836564606f,0.45338891695542477f,0.7173634845538348f,-0.45086613828496275f,-0.06966561563450575f,-1.1555401474549891f,1.5201136954624865f,0.06158343071487499f,-1.2397749890442606f,0.050715506856553204f,-0.9004433778245848f,0f,0f,0f,1f], start_interpolation: 0, interpolation_duration: 1 }
$data merge entity $(bone_finger_film_right) { transformation: [-0.32394516848248006f,0.32915399318934346f,0.6644207489544018f,0.8085197265541747f,-0.5661922704607857f,0.20699051726815285f,-0.7342357912982403f,1.5192156106014623f,-0.8201138945732377f,-0.27291852777690373f,0.24445719014400819f,-0.8551771106079975f,0f,0f,0f,1f], start_interpolation: 0, interpolation_duration: 1 }
$data merge entity $(bone_finger_right_0_fire) { transformation: [-0.46712404803549085f,1.2406658186755959f,1.0101095128226094f,1.2558599041798795f,-0.8831642479436207f,0.6774570580191501f,-1.2405041811586108f,1.0120647600369443f,-1.3340141725929653f,-0.8829371657642632f,0.46755312683272154f,-0.6675957240037708f,0f,0f,0f,1f], start_interpolation: 0, interpolation_duration: 1 }
$data merge entity $(bone_finger_right_0_fire_s) { transformation: [-0.0000028027442882129454f,0.000007443994912053576f,0.000006060657076935656f,1.2558599041798795f,-0.000005298985487661724f,0.000004064742348114901f,-0.0000074430250869516655f,1.0120647600369443f,-0.000008004085035557792f,-0.000005297622994585579f,0.0000028053187609963296f,-0.6675957240037708f,0f,0f,0f,1f], start_interpolation: 0, interpolation_duration: 1 }
$data merge entity $(bone_fire_large_right) { transformation: [-0.000007473984768567854f,0.000019850653098809535f,0.000016161752205161748f,1.1783217695024057f,-0.00001413062796709793f,0.000010839312928306401f,-0.000019848066898537772f,0.9624714011438769f,-0.000021344226761487443f,-0.000014126994652228211f,0.000007480850029323545f,-0.6093354355294314f,0f,0f,0f,1f], start_interpolation: 0, interpolation_duration: 1 }
$data merge entity $(bone_finger_right_0) { transformation: [-0.40991992033205266f,1.0887335723541278f,0.8864112493549744f,0.7773699335143949f,-0.7750117333493829f,0.5944954973298605f,-1.0885917290078821f,1.5062039791195168f,-1.1706504635136876f,-0.7748124597104801f,0.41029645403250475f,-0.8261969586125577f,0f,0f,0f,1f], start_interpolation: 0, interpolation_duration: 1 }
$data merge entity $(bone_wing_right_1_model) { transformation: [0.795282443641824f,0.5248194705889291f,0.3508096936626552f,0.5184584953237678f,-0.27934682752812f,-0.21342838910968914f,0.9525706040571787f,1.5835051101323663f,0.5660991678380252f,-0.8426090012898272f,-0.022779072858570202f,-0.3992388040951965f,0f,0f,0f,1f], start_interpolation: 0, interpolation_duration: 1 }
$data merge entity $(bone_wing_right_0) { transformation: [0.2852278463290132f,0.22101347099178212f,0.9326296806979059f,0.09235091033975149f,-0.8781500470513285f,0.45016095952669843f,0.1618876319604184f,1.5718051596142952f,-0.3840541244958353f,-0.8651636585977055f,0.3224814309376132f,-0.5911797708384235f,0f,0f,0f,1f], start_interpolation: 0, interpolation_duration: 1 }
$data merge entity $(bone_finger_left_1_fire) { transformation: [1.1386801271990115f,-0.021570330898239103f,-1.2168484155903578f,-1.645408482567092f,-0.4579859248203977f,1.53631828947988f,-0.4557990608303172f,1.7413243631714264f,1.127578927776778f,0.645785267726304f,1.0436977184028033f,0.07263675788939783f,0f,0f,0f,1f], start_interpolation: 0, interpolation_duration: 1 }
$data merge entity $(bone_finger_left_1_fire_s) { transformation: [0.000006832080763194069f,-1.2942198538943462e-7f,-0.000007301090493542146f,-1.645408482567092f,-0.0000027479155489223863f,0.00000921790973687928f,-0.000002734794364981903f,1.7413243631714264f,0.000006765473566660669f,0.0000038747116063578235f,0.00000626218631041682f,0.07263675788939783f,0f,0f,0f,1f], start_interpolation: 0, interpolation_duration: 1 }
$data merge entity $(bone_finger_left_1) { transformation: [1.3582905312511215f,-0.025730471196597087f,-1.4515346684147765f,-0.8869099848180507f,-0.5463149222249589f,1.8326187800621274f,-0.5437062908982955f,1.993026357144425f,1.3450483101035184f,0.7703339976010698f,1.2449894351648416f,-0.5899302639580002f,0f,0f,0f,1f], start_interpolation: 0, interpolation_duration: 1 }
$data merge entity $(bone_finger_left_2_fire) { transformation: [-1.0951033744072136f,-0.16485542039829915f,-1.2455316405073835f,-1.3029598792657988f,1.2482206199705772f,0.04540324682038646f,-1.1034770531534464f,1.5565586298396252f,0.14307921239642699f,-1.657871832597818f,0.0936328117518163f,-0.7086070787888622f,0f,0f,0f,1f], start_interpolation: 0, interpolation_duration: 1 }
$data merge entity $(bone_finger_left_2_fire_s) { transformation: [-0.000006570620246443282f,-9.891325223897948e-7f,-0.000007473189843044302f,-1.3029598792657988f,0.000007489323719823464f,2.724194809223188e-7f,-0.000006620862318920678f,1.5565586298396252f,8.58475274378562e-7f,-0.00000994723099558691f,5.617968705108978e-7f,-0.7086070787888622f,0f,0f,0f,1f], start_interpolation: 0, interpolation_duration: 1 }
$data merge entity $(bone_finger_left_2) { transformation: [-0.8162938881449474f,-0.12288380735886356f,-0.9284236441949454f,-0.9024961468988719f,0.930428018898238f,0.03384373909127994f,-0.8225356575902648f,1.9118644495060215f,0.10665174569754005f,-1.2357834665698275f,0.06979422559464499f,-0.739583737006233f,0f,0f,0f,1f], start_interpolation: 0, interpolation_duration: 1 }
$data merge entity $(bone_finger_film_left) { transformation: [0.058928313827753584f,-0.2218291417996519f,-0.9001020993440978f,-0.9786614546754802f,0.5739970610619352f,0.3579112879135595f,-0.3710200446271859f,1.9483558238467273f,0.8747318372543923f,-0.21991655260081622f,0.3040999571173505f,-0.6827812066947524f,0f,0f,0f,1f], start_interpolation: 0, interpolation_duration: 1 }
$data merge entity $(bone_finger_left_0_fire) { transformation: [0.1310721210001725f,-0.8689293139580689f,-1.4161778575513233f,-1.5882823966019899f,0.8729881475063793f,1.2447047415577661f,-0.6829198916672246f,1.6851086622964697f,1.413679444282782f,-0.6880768354375509f,0.5530266495607152f,-0.4557014069607314f,0f,0f,0f,1f], start_interpolation: 0, interpolation_duration: 1 }
$data merge entity $(bone_finger_left_0_fire_s) { transformation: [7.864327260010349e-7f,-0.000005213575883748414f,-0.00000849706714530794f,-1.5882823966019899f,0.000005237928885038276f,0.0000074682284493465975f,-0.000004097519350003348f,1.6851086622964697f,0.000008482076665696692f,-0.000004128461012625306f,0.0000033181598973642915f,-0.4557014069607314f,0f,0f,0f,1f], start_interpolation: 0, interpolation_duration: 1 }
$data merge entity $(bone_fire_large_left) { transformation: [0.0000020971539360027594f,-0.000013902869023329104f,-0.000022658845720821173f,-1.5370192928272197f,0.000013967810360102067f,0.00001991527586492426f,-0.000010926718266675593f,1.6006089114419617f,0.000022618871108524513f,-0.000011009229367000815f,0.000008848426392971443f,-0.4098995392523605f,0f,0f,0f,1f], start_interpolation: 0, interpolation_duration: 1 }
$data merge entity $(bone_finger_left_0) { transformation: [0.11502099629446111f,-0.7625200129384354f,-1.242752363071124f,-0.9543108921155967f,0.7660818007157112f,1.0922778877304167f,-0.5992893510036834f,1.9200246145698647f,1.2405599061160515f,-0.6038147741506596f,0.4853028677988476f,-0.6586181345835808f,0f,0f,0f,1f], start_interpolation: 0, interpolation_duration: 1 }
$data merge entity $(bone_wing_left_1_model) { transformation: [0.5736151416932582f,-0.7882326412599461f,0.2839578410863715f,-0.5780700598685922f,-0.26731420822946145f,0.1539627039093792f,0.9673756679415756f,1.821966191790463f,-0.794031401356848f,-0.6212582974086726f,-0.12053773103056963f,-0.33592440166833964f,0f,0f,0f,1f], start_interpolation: 0, interpolation_duration: 1 }
$data merge entity $(bone_wing_left_0) { transformation: [0.7176875199661377f,-0.10651612170459578f,-0.6881707197359292f,-0.24083990111836007f,0.6946016858415505f,0.17978760115243098f,0.6965665197940041f,1.5387729459430142f,0.04952899868693966f,-0.9779216401577717f,0.20301759529706523f,-0.4928425975064503f,0f,0f,0f,1f], start_interpolation: 0, interpolation_duration: 1 }
$data merge entity $(bone_body_0) { transformation: [0.9547937987072146f,-0.2020256022480278f,0.21806984657803777f,0.0698302451513199f,0.09465733053348586f,0.9020134990533921f,0.4212026083747948f,1.4526206676787272f,-0.2817956559752503f,-0.3815197289286337f,0.8803600994545928f,-0.08833721566376643f,0f,0f,0f,1f], start_interpolation: 0, interpolation_duration: 1 }
$data merge entity $(bone_leg_right_3) { transformation: [0.5300486214034057f,0.3926021763200762f,0.7516062733220692f,-0.29402573138978655f,-0.8060630663953938f,0.508470961505505f,0.30285246292365336f,0.7551072176473042f,-0.26326942842192036f,-0.7663685878573099f,0.5859764462877226f,0.31081478128810475f,0f,0f,0f,1f], start_interpolation: 0, interpolation_duration: 1 }
$data merge entity $(bone_leg_right_2) { transformation: [0.7670396593691171f,0.5704217610510893f,-0.2937161477928696f,-0.1991636619819843f,-0.6412306455974092f,0.6970780821568477f,-0.3207887256797868f,0.8806299815853278f,0.021758219174352014f,0.4343974699464826f,0.9004584487928669f,0.37865459573761606f,0f,0f,0f,1f], start_interpolation: 0, interpolation_duration: 1 }
$data merge entity $(bone_leg_right_1) { transformation: [0.7284483230924176f,0.47459066685240686f,-0.4940918330841268f,-0.04420209419738119f,-0.6836890762810175f,0.4573053487981944f,-0.5687187924928904f,1.053174819899065f,-0.043957792913820584f,0.7520874396618719f,0.6575957691051518f,0.15661144296955515f,0f,0f,0f,1f], start_interpolation: 0, interpolation_duration: 1 }
$data merge entity $(bone_leg_right_0) { transformation: [0.7680376406519639f,0.6073665797621327f,-0.2030369925156836f,0.16162166338639936f,-0.6401804594569515f,0.7365493193599001f,-0.21832104680940623f,1.3392793207144469f,0.016945851151590363f,0.2976590968516112f,0.9545218175559067f,0.18560040407453693f,0f,0f,0f,1f], start_interpolation: 0, interpolation_duration: 1 }
$data merge entity $(bone_leg_left_3) { transformation: [0.442848236610695f,0.8061036454735665f,0.39253324965539454f,-0.6879222050773639f,-0.896493561192565f,0.4047428413167365f,0.1802290962722949f,1.3231654236982457f,-0.013591691251312987f,-0.4317176683401799f,0.9019063813788257f,0.194563919627345f,0f,0f,0f,1f], start_interpolation: 0, interpolation_duration: 1 }
$data merge entity $(bone_leg_left_2) { transformation: [0.2188355766595294f,0.8308095349248703f,-0.5117289390546639f,-0.5408160562655895f,-0.9102206119282635f,-0.015152126985757963f,-0.41384640951534846f,1.3177985736739766f,-0.3515813248866175f,0.5563505457225042f,0.7529041388286047f,0.282245130876396f,0f,0f,0f,1f], start_interpolation: 0, interpolation_duration: 1 }
$data merge entity $(bone_leg_left_1) { transformation: [0.2653930760236265f,0.5226000851985249f,-0.8102195172601141f,-0.28981397201707926f,-0.9229183177310364f,-0.10539435127921903f,-0.37028881905202987f,1.4424014709907986f,-0.2789055288000436f,0.846038522567931f,0.4543462603960122f,0.12552869238536352f,0f,0f,0f,1f], start_interpolation: 0, interpolation_duration: 1 }
$data merge entity $(bone_leg_left_0) { transformation: [0.2653930760236265f,0.871754669547615f,-0.4118377244991603f,0.04845613021230202f,-0.9229183177310364f,0.10613592058609607f,-0.37007694491531923f,1.4846009406507057f,-0.2789055288000436f,0.47830843864944567f,0.8327260915340037f,0.2196143296357877f,0f,0f,0f,1f], start_interpolation: 0, interpolation_duration: 1 }
$data merge entity $(bone_tail_3) { transformation: [-2.0515487600515088f,-0.2570992588554476f,-1.2998289814668416f,-0.4346524690192528f,-1.2414043765461185f,1.2105217577221608f,1.7199011520454963f,1.4684819302986307f,0.4632176419970316f,2.1054797006884822f,-1.1475593104347506f,1.2210963965755037f,0f,0f,0f,1f], start_interpolation: 0, interpolation_duration: 1 }
$data merge entity $(bone_tail_2) { transformation: [-0.34390579866231663f,0.264666014769354f,-1.0717251348981895f,0.0029192787095043415f,-1.067742013624502f,0.2052780284453769f,0.39332173329053893f,1.3063655967742245f,0.2803031510481622f,1.106673797540941f,0.18335024365618927f,1.1404160369738345f,0f,0f,0f,1f], start_interpolation: 0, interpolation_duration: 1 }
$data merge entity $(bone_tail_1) { transformation: [0.6598837229981825f,1.1145374683722322f,-0.4916696492506448f,0.144608489592888f,-1.1990936915527444f,0.692858688082176f,-0.03873625569459432f,1.3145154516629272f,0.21472571173068478f,0.44399595743794795f,1.2946581783537652f,0.750495501945875f,0f,0f,0f,1f], start_interpolation: 0, interpolation_duration: 1 }
$data merge entity $(bone_tail_0) { transformation: [0.7237692128668163f,0.9104600095587311f,0.2867490850521458f,0.07398491340077608f,-0.9294288775362871f,0.7541850412352711f,-0.0486952303246263f,1.3410173042822138f,-0.21754178537827004f,-0.19305914857640352f,1.1620705989926634f,0.402301442807909f,0f,0f,0f,1f], start_interpolation: 0, interpolation_duration: 1 }
$data merge entity $(bone_body_1) { transformation: [0.6167772422691129f,0.813378979629968f,-0.01005799977454356f,0.0920301395267971f,-0.7920350434657054f,0.5976238863341807f,-0.24005598274059553f,1.4205752897261072f,-0.18538343449626488f,0.15284312357246194f,0.9921555605021961f,0.12243378476204567f,0f,0f,0f,1f], start_interpolation: 0, interpolation_duration: 1 }