# This file was generated by Animated Java via MC-Build. It is not recommended to edit this file directly.
$data merge entity $(bone_head_lower) { transformation: [0.9909290791792628f,-0.08830599363804979f,0.10129961265738338f,0.08429350642983549f,0.0960990606722935f,0.9925561637293587f,-0.07481465351628624f,0.1950008491549403f,-0.0939389726090402f,0.08387081334085103f,0.9920388883983849f,-0.9549935141735872f,0f,0f,0f,1f], start_interpolation: 0, interpolation_duration: 1 }
$data merge entity $(bone_head_upper) { transformation: [0.9909290791792628f,-0.10068166570491965f,0.08900989960572928f,0.08400615277769805f,0.0960990606722935f,0.99388617860404f,0.054362068740638786f,0.2089061078522031f,-0.0939389726090402f,-0.04531518697679501f,0.9945461292742621f,-0.9396746835611864f,0f,0f,0f,1f], start_interpolation: 0, interpolation_duration: 1 }
$data merge entity $(bone_neck_0) { transformation: [0.9748643417377763f,-0.22246358091199314f,-0.012225807784603304f,0.0854874512800036f,0.21751120702956075f,0.9384078946811307f,0.2684762522396948f,0.24338350862709945f,-0.048253393919148097f,-0.26438717512001547f,0.9632087165341388f,-0.7543216872073343f,0f,0f,0f,1f], start_interpolation: 0, interpolation_duration: 1 }
$data merge entity $(bone_neck_1) { transformation: [0.9738584988555624f,-0.1703018565858909f,-0.15032265913756943f,0.05790298128095976f,0.22710635181801228f,0.7437243905569151f,0.6287262805503355f,0.35900625596653174f,0.0047253751919199925f,-0.6464296624801067f,0.7629589519070812f,-0.6263508520882757f,0f,0f,0f,1f], start_interpolation: 0, interpolation_duration: 1 }
$data merge entity $(bone_neck_2) { transformation: [0.9738584988555624f,-0.1380748591373765f,-0.18037449232356795f,-0.002632784700564106f,0.22710635181801228f,0.6083431499181031f,0.7604875521082737f,0.6179673551884778f,0.0047253751919199925f,-0.7815714588071361f,0.6237978243047837f,-0.596393510499395f,0f,0f,0f,1f], start_interpolation: 0, interpolation_duration: 1 }
$data merge entity $(bone_arm_right_2) { transformation: [0.8987886262103612f,-0.20762601427429705f,0.38609641748073925f,0.4095281266996083f,0.05000485901024103f,0.9235378728811303f,0.38023323293679057f,0.06545576416889604f,-0.4355209747764829f,-0.32244260815029857f,0.8404476455907148f,-0.37451022679917445f,0f,0f,0f,1f], start_interpolation: 0, interpolation_duration: 1 }
$data merge entity $(bone_arm_right_1) { transformation: [0.8617715495063579f,0.30655307260478615f,0.4041967468176555f,0.3785044528874332f,-0.22294555882840425f,0.9445595394068937f,-0.24104471434596458f,0.3926922173075723f,-0.45568089082174795f,0.11761160738635423f,0.8823391839581289f,-0.2686918951449351f,0f,0f,0f,1f], start_interpolation: 0, interpolation_duration: 1 }
$data merge entity $(bone_arm_right_0) { transformation: [0.7984339744812137f,-0.5928552363446585f,0.10500408150568402f,0.17393395445696658f,0.2724087238749864f,0.5112406329077638f,0.8151236117429498f,0.5634346451473653f,-0.5369326545768422f,-0.6222183571727766f,0.5696908288240888f,-0.4473652509681013f,0f,0f,0f,1f], start_interpolation: 0, interpolation_duration: 1 }
$data merge entity $(bone_arm_left_2) { transformation: [0.9113331661977566f,0.06884899689971141f,-0.40587150160349567f,-0.28856294895433604f,0.055509834602101266f,0.9563598906454397f,0.2868700364748652f,-0.009857193100648254f,0.407909939141498f,-0.28396403855162167f,0.8677406907360249f,-0.490671801948377f,0f,0f,0f,1f], start_interpolation: 0, interpolation_duration: 1 }
$data merge entity $(bone_arm_left_1) { transformation: [0.8387412765836323f,-0.503120744138325f,-0.20828487168432946f,-0.3218986791863092f,0.3201774767949781f,0.7650621817292522f,-0.5587183918942336f,0.27513318033893613f,0.44045369144560576f,0.40193205259766884f,0.8027771613508726f,-0.29854450026967416f,0f,0f,0f,1f], start_interpolation: 0, interpolation_duration: 1 }
$data merge entity $(bone_arm_left_0) { transformation: [0.7958768191198334f,0.5417741728958615f,-0.27029767733131166f,-0.1363438157344321f,-0.19205878239463936f,0.6492852241231021f,0.7358954557819353f,0.49043281346362266f,0.5741894399000957f,-0.5337690917601157f,0.6208035468558444f,-0.44734535443240664f,0f,0f,0f,1f], start_interpolation: 0, interpolation_duration: 1 }
$data merge entity $(bone_finger_right_1_fire) { transformation: [1.2552813583160867f,0.11439209306695004f,1.0903948543007997f,1.3290910368077433f,-0.17337920939054136f,1.6574245023613374f,0.025718602239688526f,1.1054351843412558f,-1.082583086415547f,-0.1328015278293687f,1.2602203747721878f,0.2850377598205842f,0f,0f,0f,1f], start_interpolation: 0, interpolation_duration: 1 }
$data merge entity $(bone_finger_right_1_fire_s) { transformation: [0.00000753168814989652f,6.863525584017003e-7f,0.000006542369125804798f,1.3290910368077433f,-0.0000010402752563432483f,0.000009944547014168025f,1.5431161343813116e-7f,1.1054351843412558f,-0.000006495498518493281f,-7.968091669762121e-7f,0.000007561322248633128f,0.2850377598205842f,0f,0f,0f,1f], start_interpolation: 0, interpolation_duration: 1 }
$data merge entity $(bone_finger_right_1) { transformation: [1.4973799422063603f,0.1364542097042143f,1.300692767480669f,0.6473344225019562f,-0.2068178172304387f,1.9770820215847544f,0.030678794742043814f,1.055172715255595f,-1.291374390793995f,-0.15841416169265202f,1.503271517132251f,-0.4962115770424873f,0f,0f,0f,1f], start_interpolation: 0, interpolation_duration: 1 }
$data merge entity $(bone_finger_right_2_fire) { transformation: [-1.2458331299219219f,0.33237962552023875f,1.056030953478994f,1.0051597718816463f,-1.0443724508766692f,-0.8803793114325148f,-0.95498493685987f,0.5761077505697241f,0.36737416079058377f,-1.3755849048017414f,0.8663603023239105f,-0.30533393279367377f,0f,0f,0f,1f], start_interpolation: 0, interpolation_duration: 1 }
$data merge entity $(bone_finger_right_2_fire_s) { transformation: [-0.000007474998779531531f,0.0000019942777531214325f,0.000006336185720873964f,1.0051597718816463f,-0.000006266234705260016f,-0.000005282275868595089f,-0.000005729909621159219f,0.5761077505697241f,0.0000022042449647435027f,-0.00000825350942881045f,0.000005198161813943463f,-0.30533393279367377f,0f,0f,0f,1f], start_interpolation: 0, interpolation_duration: 1 }
$data merge entity $(bone_finger_right_2) { transformation: [-0.9286483754597552f,0.24775693619147526f,0.7871691688315792f,0.665785465524496f,-0.7784788801870473f,-0.6562378200693865f,-0.711849114382626f,0.8831079874308844f,0.27384198526286385f,-1.0253658025863848f,0.645788001613301f,-0.584885206330694f,0f,0f,0f,1f], start_interpolation: 0, interpolation_duration: 1 }
$data merge entity $(bone_finger_film_right) { transformation: [-0.005326673944461937f,0.2714335603523916f,0.80495484430967f,0.7437469949410688f,-1.0253838378644555f,0.1376215974540434f,-0.23735724968551636f,0.955549917311846f,-0.4282835008521815f,-0.33286549577647534f,0.558262354622797f,-0.5460291143818798f,0f,0f,0f,1f], start_interpolation: 0, interpolation_duration: 1 }
$data merge entity $(bone_finger_right_0_fire) { transformation: [0.08394876850629872f,1.063845573181281f,1.2802198945753995f,1.2955742417051028f,-1.498352663875889f,0.6066320245738177f,-0.40585053800047866f,0.7986167675698084f,-0.7250308108626023f,-1.13049014191272f,0.9869651159569192f,-0.14222764869590332f,0f,0f,0f,1f], start_interpolation: 0, interpolation_duration: 1 }
$data merge entity $(bone_finger_right_0_fire_s) { transformation: [5.036926110377923e-7f,0.0000063830734390876855f,0.000007681319367452397f,1.2955742417051028f,-0.000008990115983255334f,0.0000036397921474429066f,-0.000002435103228002872f,0.7986167675698084f,-0.000004350184865175614f,-0.0000067829408514763205f,0.000005921790695741515f,-0.14222764869590332f,0f,0f,0f,1f], start_interpolation: 0, interpolation_duration: 1 }
$data merge entity $(bone_fire_large_right) { transformation: [0.0000013431802961007793f,0.000017021529170900494f,0.00002048351831320639f,1.2310438887380561f,-0.000023973642622014222f,0.000009706112393181084f,-0.000006493608608007658f,0.7562717755835577f,-0.000011600492973801638f,-0.00001808784227060352f,0.000015791441855310707f,-0.0653598401652537f,0f,0f,0f,1f], start_interpolation: 0, interpolation_duration: 1 }
$data merge entity $(bone_finger_right_0) { transformation: [0.07366838132782524f,0.933566778328108f,1.1234438462307226f,0.7105733316591496f,-1.3148640220694816f,0.5323437151865019f,-0.3561499796543055f,0.9443823575001241f,-0.6362433565066654f,-0.9920500365115529f,0.8661011211155558f,-0.5093882396096009f,0f,0f,0f,1f], start_interpolation: 0, interpolation_duration: 1 }
$data merge entity $(bone_wing_right_1_model) { transformation: [0.5441067121219283f,0.8284168963585787f,0.22056839005924062f,0.3007909798276444f,0.136679199835077f,-0.3417309401360704f,0.9463169891363049f,1.0913108931711886f,0.8463118604853349f,-0.4774122887224185f,-0.29463676691905594f,-0.2528842573331601f,0f,0f,0f,1f], start_interpolation: 0, interpolation_duration: 1 }
$data merge entity $(bone_wing_right_0) { transformation: [0.6900797404128816f,0.6021945964213159f,0.40143694388117657f,0.12985693230270007f,-0.6594128428941208f,0.29456605932003926f,0.6916686629615059f,0.8167021133961042f,0.29826943272481743f,-0.7420192077956149f,0.6003689205516758f,-0.5904005227516138f,0f,0f,0f,1f], start_interpolation: 0, interpolation_duration: 1 }
$data merge entity $(bone_finger_left_1_fire) { transformation: [0.6124078098902221f,-0.23852367309035075f,-1.5316138251983529f,-1.7427020663655524f,-0.1478626768050943f,1.630317334786593f,-0.3130172431035581f,0.854217938419104f,1.5430071551912115f,0.25089763459946607f,0.577890191782919f,-0.18641979463550568f,0f,0f,0f,1f], start_interpolation: 0, interpolation_duration: 1 }
$data merge entity $(bone_finger_left_1_fire_s) { transformation: [0.000003674446859341333f,-0.0000014311420385421047f,-0.000009189682951190117f,-1.7427020663655524f,-8.871760608305657e-7f,0.000009781904008719558f,-0.0000018781034586213488f,0.854217938419104f,0.000009258042931147268f,0.0000015053858075967964f,0.000003467341150697514f,-0.18641979463550568f,0f,0f,0f,1f], start_interpolation: 0, interpolation_duration: 1 }
$data merge entity $(bone_finger_left_1) { transformation: [0.7305192297368899f,-0.28452630277724816f,-1.827006993981408f,-0.784010515669143f,-0.176380064104432f,1.9447468572428743f,-0.3733870006774827f,1.015234899879339f,1.8405976871700092f,0.29928675599885746f,0.6893444057309399f,-0.550635351747903f,0f,0f,0f,1f], start_interpolation: 0, interpolation_duration: 1 }
$data merge entity $(bone_finger_left_2_fire) { transformation: [-1.0661655156296916f,0.4208828685500645f,-1.2099282962311961f,-1.1299225959788362f,1.1190504525597174f,-0.46020847792416386f,-1.146172770244694f,0.50600942308924f,-0.6235342458002977f,-1.5455884140305833f,0.011801546782554176f,-0.6731536875424496f,0f,0f,0f,1f], start_interpolation: 0, interpolation_duration: 1 }
$data merge entity $(bone_finger_left_2_fire_s) { transformation: [-0.00000639699309377815f,0.000002525297211300387f,-0.000007259569777387176f,-1.1299225959788362f,0.000006714302715358304f,-0.0000027612508675449834f,-0.000006877036621468164f,0.50600942308924f,-0.000003741205474801786f,-0.0000092735304841835f,7.080928069532505e-8f,-0.6731536875424496f,0f,0f,0f,1f], start_interpolation: 0, interpolation_duration: 1 }
$data merge entity $(bone_finger_left_2) { transformation: [-0.7947235069296767f,0.313727563307258f,-0.9018847867597702f,-0.7405992865824138f,0.8341441240145971f,-0.34304101017434446f,-0.8543611945450906f,0.8747613171322496f,-0.4647846091894021f,-1.1520870133778458f,0.00879691427712962f,-0.6778845632210188f,0f,0f,0f,1f], start_interpolation: 0, interpolation_duration: 1 }
$data merge entity $(bone_finger_film_left) { transformation: [-0.31650212229401037f,-0.10920103837893679f,-0.9348662140976933f,-0.8356638260071675f,0.8662000500807993f,0.22761004761263615f,-0.37405343500286903f,0.934430431458649f,0.6199927623243353f,-0.3737433872226136f,0.04535208315026161f,-0.6624586339184928f,0f,0f,0f,1f], start_interpolation: 0, interpolation_duration: 1 }
$data merge entity $(bone_finger_left_0_fire) { transformation: [-0.4251738683343707f,-0.5134014170656834f,-1.5275548908037044f,-1.4866155157815046f,1.2371917930814977f,0.90834765019759f,-0.6496451271964447f,0.6777046447841467f,1.0326477747011107f,-1.2996543036951191f,0.14938220131387764f,-0.6119540253607838f,0f,0f,0f,1f], start_interpolation: 0, interpolation_duration: 1 }
$data merge entity $(bone_finger_left_0_fire_s) { transformation: [-0.0000025510432100062245f,-0.0000030804085023941006f,-0.000009165329344822227f,-1.4866155157815046f,0.000007423150758488986f,0.00000545008590118554f,-0.000003897870763178669f,0.6777046447841467f,0.0000061958866482066634f,-0.000007797925822170716f,8.962932078832659e-7f,-0.6119540253607838f,0f,0f,0f,1f], start_interpolation: 0, interpolation_duration: 1 }
$data merge entity $(bone_fire_large_left) { transformation: [-0.000006802781893349932f,-0.000008214422673050934f,-0.00002444087825285927f,-1.4585070519623757f,0.000019795068689303963f,0.00001453356240316144f,-0.000010394322035143117f,0.6149741727634362f,0.000016522364395217768f,-0.000020794468859121908f,0.000002390115221022042f,-0.5274512033341825f,0f,0f,0f,1f], start_interpolation: 0, interpolation_duration: 1 }
$data merge entity $(bone_finger_left_0) { transformation: [-0.3731069701246766f,-0.45053015118146555f,-1.34049013698716f,-0.8211888874188049f,1.0856849768027892f,0.7971111698674805f,-0.5700894225086863f,0.9131639624004279f,0.9061894700492689f,-1.140498312751039f,0.13108881959542987f,-0.6188011777577496f,0f,0f,0f,1f], start_interpolation: 0, interpolation_duration: 1 }
$data merge entity $(bone_wing_left_1_model) { transformation: [0.6999688724475742f,-0.7276684537720619f,-0.10732791822861963f,-0.46655681606163024f,0.030050978545583574f,-0.11974449301101073f,1.0078369303234673f,0.9459179100129066f,-0.7349269346913102f,-0.69795197601293f,-0.061012481401118826f,-0.26037805312515244f,0f,0f,0f,1f], start_interpolation: 0, interpolation_duration: 1 }
$data merge entity $(bone_wing_left_0) { transformation: [0.739114279011831f,-0.3857359198001874f,-0.552193700377617f,-0.20983395372727393f,0.672675256351267f,0.4651732951769394f,0.575431842138568f,0.7367799943504356f,0.034901032270966886f,-0.7967569300797654f,0.6032912334157439f,-0.5903787401023609f,0f,0f,0f,1f], start_interpolation: 0, interpolation_duration: 1 }
$data merge entity $(bone_body_0) { transformation: [0.9734204555024274f,-0.19411563099544216f,-0.12153904151625017f,-0.029868063654915233f,0.22902535430193766f,0.8248998771734435f,0.5168051661178614f,0.7338585557556438f,-0.00006242050414005662f,-0.5309042422532333f,0.8474318153463449f,-0.10543905067691525f,0f,0f,0f,1f], start_interpolation: 0, interpolation_duration: 1 }
$data merge entity $(bone_leg_right_3) { transformation: [0.9876731694803622f,0.1562788137869779f,0.008868069121909933f,0.19074345221509637f,-0.13101196066024073f,0.7943271491215453f,0.593194947999726f,0.08754842180904146f,0.08565965475400564f,-0.5870445575335601f,0.8050100067810657f,0.3641205429220009f,0f,0f,0f,1f], start_interpolation: 0, interpolation_duration: 1 }
$data merge entity $(bone_leg_right_2) { transformation: [0.9480815573279222f,-0.2394263919995382f,-0.2093235855529555f,0.14533090586253156f,0.2612118931768293f,0.9616980494646957f,0.08309758431372427f,0.2498579869775672f,0.1814103291371212f,-0.13346109721519345f,0.9743092055464109f,0.3332932402165115f,0f,0f,0f,1f], start_interpolation: 0, interpolation_duration: 1 }
$data merge entity $(bone_leg_right_1) { transformation: [0.9712513357360076f,-0.2234376443006994f,-0.08213684885832497f,0.17946388280085698f,0.18181162018747177f,0.9189540306769032f,-0.3499543174008287f,0.349573677299112f,0.1536729566183577f,0.32496016465411215f,0.9331588898961126f,0.03001170203922346f,0f,0f,0f,1f], start_interpolation: 0, interpolation_duration: 1 }
$data merge entity $(bone_leg_right_0) { transformation: [0.9663428507263979f,-0.256868995220519f,-0.014135563107996256f,0.06832924450892644f,0.1896644110328537f,0.7484876012378135f,-0.6354476547921353f,0.6513304024349481f,0.1738070943245408f,0.6113792849677402f,0.7720145490046126f,0.1771563092991877f,0f,0f,0f,1f], start_interpolation: 0, interpolation_duration: 1 }
$data merge entity $(bone_leg_left_3) { transformation: [0.9874082316707623f,0.08542566748167452f,0.13314443046605268f,-0.352799865994938f,-0.14138656379087547f,0.8540832327539296f,0.5005513671023238f,0.14558384941889113f,-0.0709564909520464f,-0.5130733737623766f,0.8554068561379815f,0.35401405038324313f,0f,0f,0f,1f], start_interpolation: 0, interpolation_duration: 1 }
$data merge entity $(bone_leg_left_2) { transformation: [0.8433948991816203f,0.508690017122932f,0.1729725715652532f,-0.26172001097305275f,-0.4696868698973696f,0.8543572557734366f,-0.22241385692733737f,0.2903779563785023f,-0.26092008025530866f,0.10633976672324447f,0.9594855734886324f,0.36381932969984987f,0f,0f,0f,1f], start_interpolation: 0, interpolation_duration: 1 }
$data merge entity $(bone_leg_left_1) { transformation: [0.8863033557360958f,0.45362248610591976f,0.09323626821157664f,-0.30236401406915814f,-0.39727248983415586f,0.8482071232060379f,-0.35031306707502075f,0.3922451270690521f,-0.2379935512401687f,0.2734434424915366f,0.9319805541568297f,0.06205930093861306f,0f,0f,0f,1f], start_interpolation: 0, interpolation_duration: 1 }
$data merge entity $(bone_leg_left_0) { transformation: [0.8863033557360958f,0.460035125285669f,-0.05323575034068034f,-0.11807368209880048f,-0.39727248983415586f,0.6961950310483496f,-0.597902205686313f,0.6680141577188802f,-0.2379935512401687f,0.5510718303878241f,0.799799291898353f,0.18472991565697772f,0f,0f,0f,1f], start_interpolation: 0, interpolation_duration: 1 }
$data merge entity $(bone_tail_3) { transformation: [1.9911183835538093f,0.8704359298193137f,1.114583599191951f,0.14760280904822298f,-1.4034439945162411f,1.4531309433660302f,1.3723203490885334f,0.6268615920268706f,-0.1740697037522388f,-1.7593349534258012f,1.684917797616214f,1.5674536537056842f,0f,0f,0f,1f], start_interpolation: 0, interpolation_duration: 1 }
$data merge entity $(bone_tail_2) { transformation: [1.012620550836509f,0.46660585569897045f,0.30625587006781985f,0.019822523136192108f,-0.5281404399081434f,1.0062517610963904f,0.21316456441924317f,0.5344786503785871f,-0.1805030699384318f,-0.3265737760718772f,1.0943867109139063f,1.1209140126256343f,0f,0f,0f,1f], start_interpolation: 0, interpolation_duration: 1 }
$data merge entity $(bone_tail_1) { transformation: [1.3592255460736828f,0.23665215309148452f,0.12601989372969088f,-0.01909500213301439f,-0.24953231209138502f,1.3547778382185998f,0.14727516617489572f,0.483627573122957f,-0.0980758910273345f,-0.1671888387024688f,1.3717901997354747f,0.7109385616278755f,0f,0f,0f,1f], start_interpolation: 0, interpolation_duration: 1 }
$data merge entity $(bone_tail_0) { transformation: [1.1921712882259974f,0.11130975524203707f,0.036634658389327446f,-0.028197742987164712f,-0.1067037647490884f,1.1859448939714083f,-0.13097081861733353f,0.5414565589059696f,-0.0484382740786262f,0.12707945203250248f,1.1901717887570606f,0.35950992159174944f,0f,0f,0f,1f], start_interpolation: 0, interpolation_duration: 1 }
$data merge entity $(bone_body_1) { transformation: [1.0159372717056323f,0.09985439717487352f,0.0011197180911785103f,-0.02665334614128855f,-0.09093016474270141f,0.9297555697270892f,-0.41156649541206025f,0.676085562241276f,-0.04127783356265537f,0.40949282578665885f,0.9341908052052726f,0.10094918297656288f,0f,0f,0f,1f], start_interpolation: 0, interpolation_duration: 1 }
data modify entity @s data merge value {"locators":{"body_1":{"posx":-0.04645350187442801,"posy":0.4507149487181072,"posz":0.11008897516988247,"roty":179.9313254960453,"rotx":-23.776324044074528},"body_0":{"posx":0.021416339519821945,"posy":0.515864379293149,"posz":-0.18404145267283284,"roty":188.16172876166044,"rotx":31.1181913090251},"neck_1":{"posx":0.060953631386302075,"posy":0.3423041722010652,"posz":-0.45234397512796015,"roty":196.12750952668443,"rotx":49.507198276208044},"neck_0":{"posx":0.11163411242845042,"posy":0.12986389454354286,"posz":-0.6870514228826577,"roty":191.1459886674596,"rotx":38.95621221846739},"head_0":{"posx":0.10039718873827355,"posy":-0.050833205241285276,"posz":-1.0324766867619837,"roty":174.88576751683118,"rotx":3.1162532681092103},"arm_right_0":{"posx":0.38601680708444636,"posy":-0.07886909716232236,"posz":-0.3139644016782885,"roty":155.38763640298845,"rotx":-13.948208441748971},"arm_left_0":{"posx":-0.22317908448737092,"posy":-0.15317607130251262,"posz":-0.47541093348634844,"roty":194.54498496670308,"rotx":-33.96721226274409},"finger_right_0":{"posx":0.5450117929660488,"posy":0.8701860137622537,"posz":-0.5554410644991344,"roty":139.13228360905433,"rotx":0.8841755104415189},"finger_right_1":{"posx":1.0340417759230591,"posy":0.8648776572081073,"posz":-0.20045295650532277,"roty":139.13228360905433,"rotx":0.8841755104415189},"finger_right_2":{"posx":1.4738099835001923,"posy":0.8718469224105995,"posz":0.26533262330059615,"roty":139.13228360905433,"rotx":0.8841755104415189},"finger_right_3":{"posx":1.945756335920123,"posy":0.8793260926089004,"posz":0.765199545749832,"roty":139.13228360905433,"rotx":0.8841755104415189},"finger_left_0":{"posx":-0.6449451242311319,"posy":0.8528360868884319,"posz":-0.6004908917835234,"roty":249.3281061840025,"rotx":-10.825025985334761},"finger_left_1":{"posx":-1.2363681100396238,"posy":0.7546204102412573,"posz":-0.5245462249834629,"roty":249.3281061840025,"rotx":-10.825025985334761},"finger_left_2":{"posx":-1.8347899602379742,"posy":0.6368979569578201,"posz":-0.3285014173339988,"roty":249.3281061840025,"rotx":-10.825025985334761},"finger_left_3":{"posx":-2.476998520079483,"posy":0.5105617726820992,"posz":-0.11811232085523778,"roty":249.3281061840025,"rotx":-10.825025985334761},"leg_right_0":{"posx":0.21562757765792995,"posy":0.24426617256438296,"posz":-0.053189401887693735,"roty":181.04896678151368,"rotx":-39.453194098382866},"leg_left_0":{"posx":-0.3668687848976183,"posy":0.29439315925106513,"posz":-0.012667093383230174,"roty":183.80806941312252,"rotx":-36.71980147455472},"tail_0":{"posx":-0.039829323354337594,"posy":0.3391168375865262,"posz":0.5189618017328994,"roty":178.23693622213455,"rotx":-6.276819056254498},"tail_1":{"posx":-0.0284237583435135,"posy":0.32944141054006315,"posz":0.973944542172214,"roty":174.75123913432574,"rotx":6.102293823488834},"tail_2":{"posx":0.006441289432340427,"posy":0.4052199159581776,"posz":1.424048206594535,"roty":164.36612400821895,"rotx":10.623736316483685},"tail_3":{"posx":0.16260885240759787,"posy":0.6097141034293966,"posz":1.8773545010535888,"roty":146.51511626309326,"rotx":34.188119153500566},"tail_4":{"posx":0.36227452382518793,"posy":0.8555505432437197,"posz":2.1791894137406103,"roty":146.51511626309326,"rotx":34.188119153500566},"shadow":{"posx":-0.0639363116060162,"posy":0.403269278976685,"posz":-0.04274810870391226,"roty":182.83408426217468,"rotx":-13.769702656846956}},"cameras":{}}