# This file was generated by Animated Java via MC-Build. It is not recommended to edit this file directly.
$data merge entity $(bone_head_lower) { transformation: [0.984584545038066f,-0.17029697646880165f,0.03990254976525169f,0.17836896475260558f,0.17490208967917578f,0.9565056925511336f,-0.2334654559953871f,0.14522007072763798f,0.0015914452681563135f,0.23684551911079257f,0.9715460191772168f,-1.0363772940109934f,0f,0f,0f,1f], start_interpolation: 0, interpolation_duration: 1 }
$data merge entity $(bone_head_upper) { transformation: [0.984584545038066f,-0.17404839010821951f,0.017332962035411133f,0.17597456324152633f,0.17490208967917578f,0.9787960107406152f,-0.10661908076941717f,0.15632611742777075f,0.0015914452681563135f,0.1080070704120566f,0.9941488520553463f,-1.019084869918668f,0f,0f,0f,1f], start_interpolation: 0, interpolation_duration: 1 }
$data merge entity $(bone_neck_0) { transformation: [0.9844034947290067f,-0.16695347643823227f,-0.05546436937806827f,0.1683942737313736f,0.17008492646039308f,0.9837472821001108f,0.057553477319863655f,0.15042829178170136f,0.04495416950941104f,-0.06608949739432124f,0.9968005321918144f,-0.8307915521126777f,0f,0f,0f,1f], start_interpolation: 0, interpolation_duration: 1 }
$data merge entity $(bone_neck_1) { transformation: [0.9758235058988232f,-0.09170099873466264f,-0.19839206679299115f,0.1330487994475362f,0.1744537792330081f,0.8736120893487634f,0.4542772240108557f,0.23664805034898329f,0.13166003283703887f,-0.4779046392061428f,0.8684887976126092f,-0.6830657655730022f,0f,0f,0f,1f], start_interpolation: 0, interpolation_duration: 1 }
$data merge entity $(bone_neck_2) { transformation: [0.9758235058988232f,-0.02779915183349793f,-0.21678489913429716f,0.07997679566819625f,0.1744537792330081f,0.6965748621477241f,0.6959521106622208f,0.49356050878542285f,0.13166003283703887f,-0.7169453734987185f,0.6845837911988073f,-0.6301297352791496f,0f,0f,0f,1f], start_interpolation: 0, interpolation_duration: 1 }
$data merge entity $(bone_arm_right_2) { transformation: [0.9271763760315046f,0.007392505078664513f,0.3745521573796474f,0.4320463785643528f,-0.04166094793968099f,0.9956384005646419f,0.08347778589450572f,0.09966987038411085f,-0.3723014009453269f,-0.09300282893408995f,0.9234403828425541f,-0.4385638574468324f,0f,0f,0f,1f], start_interpolation: 0, interpolation_duration: 1 }
$data merge entity $(bone_arm_right_1) { transformation: [0.8348912237392425f,0.488088621855609f,0.2544133285389795f,0.46135103045860426f,-0.28178377579727154f,0.7760771295733135f,-0.5641827652903617f,0.3824077426916123f,-0.4728155541229824f,0.3993416909969947f,0.7854754392156622f,-0.24249188888922435f,0f,0f,0f,1f], start_interpolation: 0, interpolation_duration: 1 }
$data merge entity $(bone_arm_right_0) { transformation: [0.7465531615022863f,-0.6535042028149499f,-0.12486246014770866f,0.23481559523144513f,0.23011641023611729f,0.07753410748395717f,0.9700695335473171f,0.417822816536196f,-0.6242634177901055f,-0.7529413782492386f,0.2082653742923981f,-0.46688819613346666f,0f,0f,0f,1f], start_interpolation: 0, interpolation_duration: 1 }
$data merge entity $(bone_arm_left_2) { transformation: [0.9428239531705757f,-0.05932576710047696f,-0.3279686672317155f,-0.2796070142560028f,0.03637802432084759f,0.9964689214442302f,-0.0756725045329173f,0.04291649261067071f,0.331299913483719f,0.05941499771701214f,0.9416529219261028f,-0.614973263356281f,0f,0f,0f,1f], start_interpolation: 0, interpolation_duration: 1 }
$data merge entity $(bone_arm_left_1) { transformation: [0.8341828019884344f,-0.5340209878261312f,-0.13769763043686456f,-0.3231211740362454f,0.22157357243599884f,0.5531829877377298f,-0.8030527592104443f,0.24673346914511274f,0.5050190143595323f,0.6393826449308437f,0.57978067275183f,-0.3396392082729148f,0f,0f,0f,1f], start_interpolation: 0, interpolation_duration: 1 }
$data merge entity $(bone_arm_left_0) { transformation: [0.6820147347186847f,0.7298895006167089f,-0.04601324283392169f,-0.07622814727380472f,-0.29971199205632837f,0.33633525823724253f,0.892777304754167f,0.3622156744056747f,0.66710465703983f,-0.5950965559940491f,0.4481422381340458f,-0.5088548316002728f,0f,0f,0f,1f], start_interpolation: 0, interpolation_duration: 1 }
$data merge entity $(bone_finger_right_1_fire) { transformation: [1.32215121448776f,0.13945508575921192f,1.0051100550995438f,1.3081221119097084f,-0.24632502252372823f,1.645582667152461f,0.09570499790426082f,1.0391942946496093f,-0.9843870819372843f,-0.22447214170373297f,1.3260362394337923f,0.3831741445152637f,0f,0f,0f,1f], start_interpolation: 0, interpolation_duration: 1 }
$data merge entity $(bone_finger_right_1_fire_s) { transformation: [0.00000793290728692656f,8.367305145552715e-7f,0.000006030660330597264f,1.3081221119097084f,-0.0000014779501351423694f,0.000009873496002914766f,5.74229987425565e-7f,1.0391942946496093f,-0.000005906322491623706f,-0.000001346832850222398f,0.000007956217436602755f,0.3831741445152637f,0f,0f,0f,1f], start_interpolation: 0, interpolation_duration: 1 }
$data merge entity $(bone_finger_right_1) { transformation: [1.5771465863187275f,0.16635095141907655f,1.1989596007662622f,0.6789061766722111f,-0.29383225166774457f,1.9629563226701532f,0.11416304662006818f,0.9456437067013455f,-1.1742399121080367f,-0.2677647368412817f,1.5817808927159513f,-0.43719438098714763f,0f,0f,0f,1f], start_interpolation: 0, interpolation_duration: 1 }
$data merge entity $(bone_finger_right_2_fire) { transformation: [-1.2928987639349225f,0.4159154394170557f,0.9660253160491413f,1.0102159038459146f,-0.9881571187134721f,-1.00460773667731f,-0.8899924617218726f,0.4767885643720443f,0.3601889403205149f,-1.2631529679497993f,1.0259075419394161f,-0.18018778861271312f,0f,0f,0f,1f], start_interpolation: 0, interpolation_duration: 1 }
$data merge entity $(bone_finger_right_2_fire_s) { transformation: [-0.000007757392583609535f,0.000002495492636502334f,0.0000057961518962948484f,1.0102159038459146f,-0.000005928942712280833f,-0.00000602764642006386f,-0.000005339954770331236f,0.4767885643720443f,0.000002161133641923089f,-0.000007578917807698796f,0.000006155445251636497f,-0.18018778861271312f,0f,0f,0f,1f], start_interpolation: 0, interpolation_duration: 1 }
$data merge entity $(bone_finger_right_2) { transformation: [-0.9637312637827649f,0.31002482424551125f,0.720078651671636f,0.6998542754259378f,-0.7365757748389375f,-0.7488381230463452f,-0.6634034959410998f,0.7628009958982862f,0.2684860967762029f,-0.941558643345168f,0.7647150724380375f,-0.5110133142320673f,0f,0f,0f,1f], start_interpolation: 0, interpolation_duration: 1 }
$data merge entity $(bone_finger_film_right) { transformation: [-0.010752979399347763f,0.29550991936949905f,0.7548693545202838f,0.7773845543280873f,-1.0650269278620175f,0.0990851544100968f,-0.20865804341057234f,0.8396903322686508f,-0.3391119073510593f,-0.3205607568384977f,0.6313825486147056f,-0.4731626610628951f,0f,0f,0f,1f], start_interpolation: 0, interpolation_duration: 1 }
$data merge entity $(bone_finger_right_0_fire) { transformation: [0.09398367394482013f,1.1528532930821462f,1.1999475536202662f,1.2954599671461156f,-1.5537565847932695f,0.49100785747556547f,-0.3500421930090534f,0.7045344148160937f,-0.5956385833885898f,-1.0989168969056227f,1.102440070684991f,-0.019880892124840455f,0f,0f,0f,1f], start_interpolation: 0, interpolation_duration: 1 }
$data merge entity $(bone_finger_right_0_fire_s) { transformation: [5.639020436689208e-7f,0.000006917119758492878f,0.000007199685321721597f,1.2954599671461156f,-0.000009322539508759617f,0.0000029460471448533926f,-0.000002100253158054321f,0.7045344148160937f,-0.0000035738315003315388f,-0.000006593501381433735f,0.000006614640424109946f,-0.019880892124840455f,0f,0f,0f,1f], start_interpolation: 0, interpolation_duration: 1 }
$data merge entity $(bone_fire_large_right) { transformation: [0.000001503738783117122f,0.00001844565268931434f,0.000019199160857924257f,1.2248289460835187f,-0.000024860105356692313f,0.000007856125719609047f,-0.000005600675088144855f,0.6698972031795749f,-0.000009530217334217436f,-0.00001758267035048996f,0.000017639041130959856f,0.05546794477642736f,0f,0f,0f,1f], start_interpolation: 0, interpolation_duration: 1 }
$data merge entity $(bone_finger_right_0) { transformation: [0.08247440973761896f,1.0116745905979834f,1.05300167621704f,0.7404700253379096f,-1.3634831649803394f,0.43087891249714333f,-0.3071759385426165f,0.831757683191149f,-0.5226965335571773f,-0.9643432589813358f,0.9674349840188893f,-0.4371110156275838f,0f,0f,0f,1f], start_interpolation: 0, interpolation_duration: 1 }
$data merge entity $(bone_wing_right_1_model) { transformation: [0.4432518798009763f,0.8849735720541091f,0.22655381449123987f,0.3010477886354639f,0.09876181280895517f,-0.2967627945720765f,0.9659994985145179f,0.9553121105077224f,0.9081580030068717f,-0.3996632376956902f,-0.215627969083346f,-0.22044014824442917f,0f,0f,0f,1f], start_interpolation: 0, interpolation_duration: 1 }
$data merge entity $(bone_wing_right_0) { transformation: [0.6857298045214363f,0.6935560298256077f,0.22080459389137086f,0.21966936677670512f,-0.610104716861782f,0.3822734985030236f,0.694002310374586f,0.6836186053680204f,0.3969217424808033f,-0.6106119928684656f,0.685278136606738f,-0.5920659646555244f,0f,0f,0f,1f], start_interpolation: 0, interpolation_duration: 1 }
$data merge entity $(bone_finger_left_1_fire) { transformation: [0.48280598160685f,-0.018558219194463876f,-1.5950961583562147f,-1.6059820900351807f,-0.2581413861034573f,1.6436793091434607f,-0.09725806522874039f,0.8579806445025255f,1.574178892846365f,0.27523026536299144f,0.4732725347228439f,-0.27534355142048694f,0f,0f,0f,1f], start_interpolation: 0, interpolation_duration: 1 }
$data merge entity $(bone_finger_left_1_fire_s) { transformation: [0.0000028968358896411f,-1.1134931516678327e-7f,-0.000009570576950137288f,-1.6059820900351807f,-0.0000015488483166207441f,0.000009862075854860765f,-5.835483913724424e-7f,0.8579806445025255f,0.00000944507335707819f,0.0000016513815921779488f,0.0000028396352083370638f,-0.27534355142048694f,0f,0f,0f,1f], start_interpolation: 0, interpolation_duration: 1 }
$data merge entity $(bone_finger_left_1) { transformation: [0.5759218744434735f,-0.022137431581184957f,-1.9027327838414276f,-0.6123895023604895f,-0.3079275663929145f,1.960685875422105f,-0.11601564472101618f,0.8843541609036163f,1.8777813308362863f,0.32831227526195944f,0.5645497688596305f,-0.5749218060515897f,0f,0f,0f,1f], start_interpolation: 0, interpolation_duration: 1 }
$data merge entity $(bone_finger_left_2_fire) { transformation: [-0.8553006846965787f,0.43104421752428385f,-1.3639792517022462f,-1.0205486999143552f,1.2538299876399326f,-0.5390897418897271f,-0.9565931162526158f,0.42692593184638433f,-0.6885846924163987f,-1.5170237013659087f,-0.04762340434773128f,-0.7156667990218938f,0f,0f,0f,1f], start_interpolation: 0, interpolation_duration: 1 }
$data merge entity $(bone_finger_left_2_fire_s) { transformation: [-0.0000051318041081794725f,0.000002586265305145703f,-0.000008183875510213479f,-1.0205486999143552f,0.000007522979925839595f,-0.0000032345384513383633f,-0.0000057395586975156945f,0.42692593184638433f,-0.000004131508154498392f,-0.000009102142208195452f,-2.857404260863877e-7f,-0.7156667990218938f,0f,0f,0f,1f], start_interpolation: 0, interpolation_duration: 1 }
$data merge entity $(bone_finger_left_2) { transformation: [-0.6375441239252261f,0.32130186839736247f,-1.0167149081462352f,-0.581614050545376f,0.9346092611917622f,-0.4018393804186992f,-0.7130478569306066f,0.7346631807188542f,-0.513273439773607f,-1.130794776581103f,-0.03549865228271411f,-0.7012744738410976f,0f,0f,0f,1f], start_interpolation: 0, interpolation_duration: 1 }
$data merge entity $(bone_finger_film_left) { transformation: [-0.23301868630128084f,-0.05227088692789939f,-0.9768299274195451f,-0.6683188178053802f,0.9191228628489218f,0.23096342483779295f,-0.2401624068204487f,0.8104628973042519f,0.5918701919908378f,-0.3792450788897317f,-0.011625636186263942f,-0.6916686194066908f,0f,0f,0f,1f], start_interpolation: 0, interpolation_duration: 1 }
$data merge entity $(bone_finger_left_0_fire) { transformation: [-0.31076769672709265f,-0.2956474854255053f,-1.6105259329828536f,-1.3506662428579235f,1.2949128572820154f,0.9589498948932403f,-0.42590323890262516f,0.6478595762790147f,1.0021985374637312f,-1.3307086237127923f,0.050896247992754315f,-0.681882457934886f,0f,0f,0f,1f], start_interpolation: 0, interpolation_duration: 1 }
$data merge entity $(bone_finger_left_0_fire_s) { transformation: [-0.000001864606180362556f,-0.0000017738849125530316f,-0.000009663155597897123f,-1.3506662428579235f,0.000007769477143692092f,0.000005753699369359442f,-0.000002555419433415751f,0.6478595762790147f,0.000006013191224782387f,-0.000007984251742276754f,3.053774879565259e-7f,-0.681882457934886f,0f,0f,0f,1f], start_interpolation: 0, interpolation_duration: 1 }
$data merge entity $(bone_fire_large_left) { transformation: [-0.000004972283147633482f,-0.000004730359766808084f,-0.00002576841492772566f,-1.337171641740805f,0.000020718605716512243f,0.000015343198318291844f,-0.000006814451822442003f,0.5826205771305691f,0.000016035176599419697f,-0.000021291337979404676f,8.14339967884069e-7f,-0.5956983902688096f,0f,0f,0f,1f], start_interpolation: 0, interpolation_duration: 1 }
$data merge entity $(bone_finger_left_0) { transformation: [-0.2727110068939687f,-0.2594424204484265f,-1.4133005245982901f,-0.6595412448060047f,1.1363375050510454f,0.8415166510271405f,-0.3737470217908f,0.7869036871882886f,0.8794690540162884f,-1.167749712975768f,0.04466348073949963f,-0.6459165883971345f,0f,0f,0f,1f], start_interpolation: 0, interpolation_duration: 1 }
$data merge entity $(bone_wing_left_1_model) { transformation: [0.7733712850951923f,-0.6472124499184148f,-0.11827925897068428f,-0.3456007521174735f,0.15438506335945051f,0.0010755981830298646f,1.003564237277259f,0.758039319306109f,-0.6395617176188308f,-0.7823630684030222f,0.09922661738313308f,-0.251059552613397f,0f,0f,0f,1f], start_interpolation: 0, interpolation_duration: 1 }
$data merge entity $(bone_wing_left_0) { transformation: [0.7886302347827726f,-0.3857428483464171f,-0.4788160479099065f,-0.12086010273866012f,0.5955927988639743f,0.6726984871937206f,0.4390284310482147f,0.6227401242307498f,0.1527467535754733f,-0.6314104847695137f,0.7602560285820039f,-0.6380108725895428f,0f,0f,0f,1f], start_interpolation: 0, interpolation_duration: 1 }
$data merge entity $(bone_body_0) { transformation: [0.9758235058988232f,-0.09170099873466266f,-0.19839206679299118f,-0.0004527935628760721f,0.1744537792330081f,0.8736120893487633f,0.4542772240108557f,0.5717024824849661f,0.13166003283703887f,-0.47790463920614273f,0.8684887976126092f,-0.1375510861979457f,0f,0f,0f,1f], start_interpolation: 0, interpolation_duration: 1 }
$data merge entity $(bone_leg_right_3) { transformation: [0.9413845646144327f,0.15486950192603546f,-0.29968406510669904f,0.1836064690824044f,0.02269215978550547f,0.8573013415344305f,0.5143145688073932f,0.06660107828026132f,0.3365711921569694f,-0.49096827512217867f,0.8035359266601517f,0.3724335921740928f,0f,0f,0f,1f], start_interpolation: 0, interpolation_duration: 1 }
$data merge entity $(bone_leg_right_2) { transformation: [0.8501797026997003f,-0.26852707736625636f,-0.4528660749477543f,0.13554225983623486f,0.41766090584334103f,0.8676858941353525f,0.26959331751483334f,0.21053595794464175f,0.3205523995348784f,-0.41834722162298443f,0.8498421978889732f,0.29287481447448027f,0f,0f,0f,1f], start_interpolation: 0, interpolation_duration: 1 }
$data merge entity $(bone_leg_right_1) { transformation: [0.8811338171601689f,-0.31668749980726896f,-0.3511584026085243f,0.25688816573179574f,0.3368823062420959f,0.941539087351192f,-0.0038024637922058346f,0.19963391710127015f,0.33183355465919384f,-0.11494857309121048f,0.9363083453363736f,-0.004184585373414373f,0f,0f,0f,1f], start_interpolation: 0, interpolation_duration: 1 }
$data merge entity $(bone_leg_right_0) { transformation: [0.8811338171601689f,-0.47285210561778734f,-0.003752661665316688f,0.07267544049854496f,0.3368823062420959f,0.6332911171238167f,-0.6967443381277489f,0.4627950879544216f,0.33183355465919384f,0.6126607929228807f,0.7173097272568876f,0.1437053549741601f,0f,0f,0f,1f], start_interpolation: 0, interpolation_duration: 1 }
$data merge entity $(bone_leg_left_3) { transformation: [0.9938475561775785f,-0.1103944772760031f,0.008949551207328516f,-0.22059491378634027f,0.08310640305518525f,0.796710788165133f,0.598619449894941f,0.04007050507317414f,-0.0732144852545154f,-0.594192712348654f,0.800983557721796f,0.3413128642761799f,0f,0f,0f,1f], start_interpolation: 0, interpolation_duration: 1 }
$data merge entity $(bone_leg_left_2) { transformation: [0.9393828942733863f,0.28290562639699296f,0.19371160135490237f,-0.1676883690159251f,-0.31357420413179243f,0.9373747897527717f,0.15165659246818203f,0.19740879856116772f,-0.13867586830327983f,-0.20320656999435865f,0.9692657496587088f,0.29885611185377164f,0f,0f,0f,1f], start_interpolation: 0, interpolation_duration: 1 }
$data merge entity $(bone_leg_left_1) { transformation: [0.9611780704324514f,0.20810566052990814f,0.1811870607277455f,-0.23331755252980013f,-0.23018457173908638f,0.9668388051808516f,0.11062453493577529f,0.1489421027310146f,-0.1521570893946205f,-0.14803634301033558f,0.9772069695285044f,-0.011678524019210768f,0f,0f,0f,1f], start_interpolation: 0, interpolation_duration: 1 }
$data merge entity $(bone_leg_left_0) { transformation: [0.9611780704324514f,0.27527152306785135f,-0.019034324460156078f,-0.11343242084864508f,-0.23018457173908638f,0.7618816342763743f,-0.6054349166389847f,0.4520166267651529f,-0.1521570893946205f,0.5863121727716953f,0.7956671767810274f,0.12555468086191302f,0f,0f,0f,1f], start_interpolation: 0, interpolation_duration: 1 }
$data merge entity $(bone_tail_3) { transformation: [2.17204850272949f,-0.604545295773548f,0.9387427826527783f,0.09936135143190922f,-0.8855445743229525f,0.3179455376825614f,2.253714526462692f,0.5802408952628464f,-0.6800910479573963f,-2.3447693586491294f,0.06356528976092628f,1.3854876011969246f,0f,0f,0f,1f], start_interpolation: 0, interpolation_duration: 1 }
$data merge entity $(bone_tail_2) { transformation: [1.10015177871512f,-0.05295149999036713f,0.35181851136449255f,-0.04445312766446064f,-0.178373370758064f,0.907200952951632f,0.6943222840065392f,0.2913074629585726f,-0.30783610394877936f,-0.714910226610601f,0.8550171714610268f,1.0389404503929371f,0f,0f,0f,1f], start_interpolation: 0, interpolation_duration: 1 }
$data merge entity $(bone_tail_1) { transformation: [1.3839515902989765f,-0.05366987129052408f,0.03430569781202444f,-0.054459330021061056f,0.04633306504633563f,1.3602283724225732f,0.25886552921898925f,0.20701143543659642f,-0.043710216999271335f,-0.2574444795486472f,1.3605848364426159f,0.6327701266242427f,0f,0f,0f,1f], start_interpolation: 0, interpolation_duration: 1 }
$data merge entity $(bone_tail_0) { transformation: [1.1902841486935518f,-0.09564002358118091f,-0.09529413169778836f,-0.02768572608519968f,0.06893546252171184f,1.1575182657430232f,-0.3006720917477369f,0.31478451235905736f,0.11608569099403221f,0.2932725535034484f,1.1556468586838204f,0.29424792861007776f,0f,0f,0f,1f], start_interpolation: 0, interpolation_duration: 1 }
$data merge entity $(bone_body_1) { transformation: [1.0143291006258093f,-0.10214924306538234f,-0.052940553541216996f,-0.014506326941229022f,0.058745002844589216f,0.8637046348870806f,-0.5409843091622974f,0.48505917666710263f,0.09892519754274048f,0.534490907556142f,0.8640798397575221f,0.057998375410727485f,0f,0f,0f,1f], start_interpolation: 0, interpolation_duration: 1 }
data modify entity @s data merge value {"locators":{"body_1":{"posx":0.00071543695220605,"posy":0.2602810018038854,"posz":0.03540268074699539,"roty":183.50602254077154,"rotx":-32.00165858129998},"body_0":{"posx":0.049925839720768445,"posy":0.35809572208594553,"posz":-0.22790612922480485,"roty":192.86749920339165,"rotx":27.018439189275423},"neck_1":{"posx":0.11646550600644325,"posy":0.20086312317142987,"posz":-0.5127393358470198,"roty":197.57126120646848,"rotx":44.10313676026483},"neck_0":{"posx":0.1852895275136239,"posy":0.023899081582246073,"posz":-0.7883586816095106,"roty":192.86749920339165,"rotx":27.018439189275423},"pos_head":{"posx":0.1715956408810068,"posy":0.18219372918043683,"posz":-1.1532428423817038,"roty":179.00115062263112,"rotx":-6.120456758015314},"head_0":{"posx":0.21864085017665327,"posy":-0.08266017621336559,"posz":-1.1510338298806957,"roty":179.00115062263112,"rotx":-6.120456758015314},"arm_right_0":{"posx":0.3724040485879131,"posy":-0.04618344128931359,"posz":-0.42380416108250923,"roty":162.05300410362568,"rotx":-34.3455603012679},"arm_left_0":{"posx":-0.20452375349733232,"posy":-0.09227644652773752,"posz":-0.6486425052374809,"roty":193.3601923133001,"rotx":-53.42261624043381},"pos_wing_r_0":{"posx":0.20608954384661854,"posy":0.9334315947359089,"posz":-1.0732626154461409,"roty":142.83857008276357,"rotx":3.2919062903987815},"pos_wing_r_1":{"posx":0.5830058145089474,"posy":0.9693209689500067,"posz":-0.5759990256584688,"roty":142.83857008276357,"rotx":3.2919062903987815},"pos_wing_r_2":{"posx":0.9599220851712764,"posy":1.0052103431641046,"posz":-0.07873543587079668,"roty":142.83857008276357,"rotx":3.2919062903987815},"pos_wing_r_3":{"posx":1.3368383558336052,"posy":1.0410997173782024,"posz":0.4185281539168753,"roty":142.83857008276357,"rotx":3.2919062903987815},"pos_wing_r_4":{"posx":1.713754626495934,"posy":1.0769890915923002,"posz":0.9157917437045475,"roty":142.83857008276357,"rotx":3.2919062903987815},"pos_wing_r_5":{"posx":2.0906708971582635,"posy":1.112878465806398,"posz":1.4130553334922198,"roty":142.83857008276357,"rotx":3.2919062903987815},"finger_right_0":{"posx":0.5788695017889648,"posy":0.758015777365261,"posz":-0.4918437747647847,"roty":142.83857008276357,"rotx":3.2919062903987815},"finger_right_1":{"posx":1.0433453423432817,"posy":0.7713575859735011,"posz":-0.10547704563080845,"roty":142.83857008276357,"rotx":3.2919062903987815},"finger_right_2":{"posx":1.4514845442081783,"posy":0.8039792554942042,"posz":0.3872288219889815,"roty":142.83857008276357,"rotx":3.2919062903987815},"finger_right_3":{"posx":1.8894876079414384,"posy":0.8389878032433846,"posz":0.9159858129148449,"roty":142.83857008276357,"rotx":3.2919062903987815},"pos_wing_l_0":{"posx":0.1444384803828006,"posy":0.9645171888093308,"posz":-0.7964456114014402,"roty":253.47412946207552,"rotx":-3.34538649883469},"pos_wing_l_1":{"posx":-0.45372257900077984,"posy":0.9280454143485531,"posz":-0.6189684108803737,"roty":253.47412946207552,"rotx":-3.34538649883469},"pos_wing_l_2":{"posx":-1.0518836383843602,"posy":0.8915736398877755,"posz":-0.4414912103593073,"roty":253.47412946207552,"rotx":-3.34538649883469},"pos_wing_l_3":{"posx":-1.6500446977679406,"posy":0.8551018654269978,"posz":-0.2640140098382408,"roty":253.47412946207552,"rotx":-3.34538649883469},"pos_wing_l_4":{"posx":-2.2482057571515215,"posy":0.8186300909662202,"posz":-0.08653680931717433,"roty":253.47412946207552,"rotx":-3.34538649883469},"pos_wing_l_5":{"posx":-2.846366816535102,"posy":0.7821583165054425,"posz":0.0909403912038923,"roty":253.47412946207552,"rotx":-3.34538649883469},"finger_left_0":{"posx":-0.49504742235444216,"posy":0.7043482797073499,"posz":-0.6199423727241251,"roty":253.47412946207552,"rotx":-3.34538649883469},"finger_left_1":{"posx":-1.098123817207457,"posy":0.6914387546063974,"posz":-0.5835107130031632,"roty":253.47412946207552,"rotx":-3.34538649883469},"finger_left_2":{"posx":-1.7187505418318438,"posy":0.6584188087789566,"posz":-0.42816269960176345,"roty":253.47412946207552,"rotx":-3.34538649883469},"finger_left_3":{"posx":-2.384788681253155,"posy":0.6229828453154675,"posz":-0.26144819202124375,"roty":253.47412946207552,"rotx":-3.34538649883469},"leg_right_0":{"posx":0.32304768850585736,"posy":0.11027840924119063,"posz":-0.08760171691846215,"roty":180.29974459517922,"rotx":-44.166381905573694},"leg_left_0":{"posx":-0.27210825229555624,"posy":0.04185912717032064,"posz":-0.09135552842185461,"roty":181.3703952088692,"rotx":-37.26014464460532},"tail_0":{"posx":-0.0272907411223881,"posy":0.09129656291295066,"posz":0.4229123720483067,"roty":184.71391985974506,"rotx":-14.536448274469079},"tail_1":{"posx":-0.041305487607909266,"posy":0.07168822872445396,"posz":0.9058033670574822,"roty":178.55565395736303,"rotx":10.769028471407667},"tail_2":{"posx":0.043838744068864115,"posy":0.2874869298217185,"posz":1.35669376084769,"roty":157.63404058599576,"rotx":36.90535393910708},"tail_3":{"posx":0.23693503134454813,"posy":0.7452729047173028,"posz":1.6099774035046734,"roty":93.87376801851671,"rotx":67.34018653489159},"tail_4":{"posx":0.40510071054767827,"posy":1.1490016375247674,"posz":1.6213644419180955,"roty":93.87376801851671,"rotx":67.34018653489159},"shadow":{"posx":0.010731574681414878,"posy":0.1863926765075265,"posz":-0.023420452685535352,"roty":185.4516500453306,"rotx":-2.057693091391195}},"cameras":{}}