# This file was generated by Animated Java via MC-Build. It is not recommended to edit this file directly.
$data merge entity $(bone_head_lower) { transformation: [0.985765217590197f,-0.1634129675862304f,0.03953653770897204f,0.169150233128981f,0.16811462789101508f,0.960983383602447f,-0.21965520328245927f,0.14325534960699415f,-0.0020994471693502777f,0.22317512958359526f,0.9747761044757548f,-1.0463855989844928f,0f,0f,0f,1f], start_interpolation: 0, interpolation_duration: 1 }
$data merge entity $(bone_head_upper) { transformation: [0.985765217590197f,-0.16717550071592976f,0.017868624729662844f,0.16685433915694628f,0.16811462789101508f,0.9814327948240441f,-0.09234252072004542f,0.1546266475472256f,-0.0020994471693502777f,0.09403202222777433f,0.9955669596352309f,-1.029252945456382f,0f,0f,0f,1f], start_interpolation: 0, interpolation_duration: 1 }
$data merge entity $(bone_neck_0) { transformation: [0.9849304702312031f,-0.16801854105551312f,-0.04100900720229353f,0.16200644523984997f,0.17027247849928745f,0.9835918645885888f,0.05961817659785795f,0.1491191533251579f,0.030319166806668754f,-0.06570246400798468f,0.9973785311241805f,-0.8408576586290324f,0f,0f,0f,1f], start_interpolation: 0, interpolation_duration: 1 }
$data merge entity $(bone_neck_1) { transformation: [0.9782637172915079f,-0.09736958264833746f,-0.18308266932150932f,0.12928697565084402f,0.17096934029351724f,0.8783466653493943f,0.4464040996106544f,0.23400293480704598f,0.11734387121021726f,-0.46800245709236166f,0.8759018872253395f,-0.6917595792327345f,0f,0f,0f,1f], start_interpolation: 0, interpolation_duration: 1 }
$data merge entity $(bone_neck_2) { transformation: [0.9782637172915079f,-0.037809001005298964f,-0.20388864331782153f,0.07771030788650249f,0.17096934029351724f,0.7034578017014906f,0.6898670929279829f,0.49051756844342315f,0.11734387121021726f,-0.7097306536062025f,0.6946314240092453f,-0.6355193599852672f,0f,0f,0f,1f], start_interpolation: 0, interpolation_duration: 1 }
$data merge entity $(bone_arm_right_2) { transformation: [0.9342072389130789f,-0.0012986861075574008f,0.35672839552914104f,0.43572627447347645f,-0.02762940899374075f,0.9967260840152493f,0.07598505907270642f,0.09767363593181677f,-0.3556591774734034f,-0.08084198697471551f,0.9311128409709111f,-0.45156738393973106f,0f,0f,0f,1f], start_interpolation: 0, interpolation_duration: 1 }
$data merge entity $(bone_arm_right_1) { transformation: [0.8383984130784615f,0.4815649489279481f,0.2553102052632049f,0.46247834656331255f,-0.27038650242023643f,0.7741675923384216f,-0.5723248013863131f,0.378114026819268f,-0.47326445065784156f,0.4108037718144199f,0.7792695431021133f,-0.25186461052016734f,0f,0f,0f,1f], start_interpolation: 0, interpolation_duration: 1 }
$data merge entity $(bone_arm_right_0) { transformation: [0.7386361344223901f,-0.6637539028456991f,-0.11767504995814036f,0.2329453270346959f,0.22447211348100576f,0.07758170782572296f,0.9713873320566905f,0.4136831849951367f,-0.6356327014832693f,-0.743916551145319f,0.20629889417331948f,-0.4731690648507655f,0f,0f,0f,1f], start_interpolation: 0, interpolation_duration: 1 }
$data merge entity $(bone_arm_left_2) { transformation: [0.9516933112243002f,-0.052083852558059446f,-0.3026005843907726f,-0.2920896105282042f,0.035935830845714715f,0.9976290749595155f,-0.05869280072418709f,0.041959188420306104f,0.3049400882671136f,0.044983342451748565f,0.9513085942371764f,-0.6141797870015888f,0f,0f,0f,1f], start_interpolation: 0, interpolation_duration: 1 }
$data merge entity $(bone_arm_left_1) { transformation: [0.8501759727542474f,-0.5101221948635171f,-0.1302926001697597f,-0.3257666498124879f,0.21933932373720805f,0.5681390729629187f,-0.7931634477428592f,0.25013171173510906f,0.4786345959224774f,0.6457502149287003f,0.5949080462606496f,-0.3407319099290753f,0f,0f,0f,1f], start_interpolation: 0, interpolation_duration: 1 }
$data merge entity $(bone_arm_left_0) { transformation: [0.6837083141569864f,0.7292056562166195f,-0.028320524258930307f,-0.07877546625747939f,-0.3045803629388302f,0.3204129877077595f,0.8969762091718139f,0.3604879478706581f,0.663154389011082f,-0.6046442162543821f,0.44117074708718124f,-0.5131937606843051f,0f,0f,0f,1f], start_interpolation: 0, interpolation_duration: 1 }
$data merge entity $(bone_finger_right_1_fire) { transformation: [1.1188896700563231f,0.12699163507225456f,0.8790764229539657f,1.31140099809181f,-0.24621438413877705f,1.40283069691837f,0.1107286745034676f,1.061565713595353f,-0.8533936429427079f,-0.23823410111864185f,1.1206159599879775f,0.3473022875297027f,0f,0f,0f,1f], start_interpolation: 0, interpolation_duration: 1 }
$data merge entity $(bone_finger_right_1_fire_s) { transformation: [0.000007832227690394263f,8.889414455057821e-7f,0.000006153534960677761f,1.31140099809181f,-0.0000017235006889714397f,0.000009819814878428593f,7.751007215242734e-7f,1.061565713595353f,-0.000005973755500598957f,-0.0000016676387078304932f,0.000007844311719915844f,0.3473022875297027f,0f,0f,0f,1f], start_interpolation: 0, interpolation_duration: 1 }
$data merge entity $(bone_finger_right_1) { transformation: [1.5571304086124103f,0.17673104140863485f,1.2233883878889862f,0.6692640848824711f,-0.34265032097487125f,1.9522839425236407f,0.15409829118005514f,0.9473788142829125f,-1.1876463135777455f,-0.33154436326291886f,1.5595328425776154f,-0.4603427211323069f,0f,0f,0f,1f], start_interpolation: 0, interpolation_duration: 1 }
$data merge entity $(bone_finger_right_2_fire) { transformation: [-1.1096312309301815f,0.33385968057298265f,0.835507373733283f,1.0009421503443539f,-0.8282583579095979f,-0.8972212000463775f,-0.7414840101248621f,0.4841978896850366f,0.3514583196168185f,-1.0603528461817109f,0.8904747147994023f,-0.1937029635705697f,0f,0f,0f,1f], start_interpolation: 0, interpolation_duration: 1 }
$data merge entity $(bone_finger_right_2_fire_s) { transformation: [-0.000007767418616511273f,0.000002337017764010879f,0.0000058485516161329825f,1.0009421503443539f,-0.000005797808505367186f,-0.0000062805484003246445f,-0.000005190388070874036f,0.4841978896850366f,0.00000246020823731773f,-0.000007422469923271978f,0.000006233323003595817f,-0.1937029635705697f,0f,0f,0f,1f], start_interpolation: 0, interpolation_duration: 1 }
$data merge entity $(bone_finger_right_2) { transformation: [-0.9649768371187765f,0.2903368701426472f,0.7265884740993634f,0.687756894110403f,-0.7202844587050781f,-0.7802571265868984f,-0.6448222390646257f,0.7621633262386609f,0.3056413051375777f,-0.9221225099086104f,0.774390130585139f,-0.5287002637740229f,0f,0f,0f,1f], start_interpolation: 0, interpolation_duration: 1 }
$data merge entity $(bone_finger_film_right) { transformation: [-0.023671226854177253f,0.29138210238272466f,0.7627134853733559f,0.7664098603234144f,-1.074974516263671f,0.0867205949277681f,-0.19474505590031524f,0.839588224225328f,-0.3053920950963681f,-0.32784018655666397f,0.626380352981326f,-0.49442662642543933f,0f,0f,0f,1f], start_interpolation: 0, interpolation_duration: 1 }
$data merge entity $(bone_finger_right_0_fire) { transformation: [0.06309120658831256f,0.9769673443444303f,1.0403704312726472f,1.290227673667686f,-1.3476645277864159f,0.3835284750312672f,-0.2784287268171508f,0.7145995867059436f,-0.46971922116096076f,-0.9691527451621812f,0.9385750563205683f,-0.04484197771632409f,0f,0f,0f,1f], start_interpolation: 0, interpolation_duration: 1 }
$data merge entity $(bone_finger_right_0_fire_s) { transformation: [4.41638446118188e-7f,0.000006838771410411013f,0.000007282593018908531f,1.290227673667686f,-0.000009433651694504912f,0.0000026846993252188707f,-0.000001949001087720056f,0.7145995867059436f,-0.0000032880345481267264f,-0.0000067840692161352704f,0.0000065700253942439796f,-0.04484197771632409f,0f,0f,0f,1f], start_interpolation: 0, interpolation_duration: 1 }
$data merge entity $(bone_fire_large_right) { transformation: [0.0000011777025229818346f,0.000018236723761096034f,0.00001942024805042275f,1.2204836886245538f,-0.000025156404518679764f,0.000007159198200583655f,-0.0000051973362339201495f,0.6828837247880267f,-0.000008768092128337936f,-0.000018090851243027386f,0.000017520067717983946f,0.032590608717159075f,0f,0f,0f,1f], start_interpolation: 0, interpolation_duration: 1 }
$data merge entity $(bone_finger_right_0) { transformation: [0.06459254859949053f,1.0002156256332047f,1.065127476194123f,0.7299836735898481f,-1.3797340582638196f,0.3926550624462894f,-0.28505432121126434f,0.8330732442680195f,-0.48089683589241505f,-0.9922150673183402f,0.9609097403264188f,-0.4576024704031475f,0f,0f,0f,1f], start_interpolation: 0, interpolation_duration: 1 }
$data merge entity $(bone_wing_right_1_model) { transformation: [0.4704197763181812f,0.8741156021327995f,0.21355147201226649f,0.2966688132795338f,0.09332328800417453f,-0.28706895663653587f,0.9694633882171833f,0.9516469021067177f,0.8949709945057895f,-0.42952347000538177f,-0.21333914490710187f,-0.22633988611489814f,0f,0f,0f,1f], start_interpolation: 0, interpolation_duration: 1 }
$data merge entity $(bone_wing_right_0) { transformation: [0.7047687857891278f,0.6780412780065275f,0.20871268264433085f,0.21911860084621199f,-0.5937548238512179f,0.40273218981420766f,0.6966074880740678f,0.6795009375973295f,0.3882733157593086f,-0.6148713756605747f,0.6864233560001758f,-0.5984528522046163f,0f,0f,0f,1f], start_interpolation: 0, interpolation_duration: 1 }
$data merge entity $(bone_finger_left_1_fire) { transformation: [0.46802857633443284f,0.01646975458594185f,-1.3496274765463447f,-1.5791897978736467f,-0.18860958013525464f,1.4152475621825016f,-0.04813616673875487f,0.8761025539593542f,1.3364849436286879f,0.1939572412955421f,0.4658378586305064f,-0.23180247700833861f,0f,0f,0f,1f], start_interpolation: 0, interpolation_duration: 1 }
$data merge entity $(bone_finger_left_1_fire_s) { transformation: [0.0000032762000343410307f,1.1528828210159298e-7f,-0.000009447392335824417f,-1.5791897978736467f,-0.0000013202670609467828f,0.000009906732935277513f,-3.3695316717128415e-7f,0.8761025539593542f,0.000009355394605400818f,0.000001357700689068795f,0.000003260865010413545f,-0.23180247700833861f,0f,0f,0f,1f], start_interpolation: 0, interpolation_duration: 1 }
$data merge entity $(bone_finger_left_1) { transformation: [0.6513435129606965f,0.022920540223472435f,-1.8782423685468093f,-0.5991305878044951f,-0.26248317456487047f,1.9695641793511458f,-0.06698988380076779f,0.876754831576028f,1.8599522384294733f,0.2699253791275598f,0.6482947466303238f,-0.5740778669939561f,0f,0f,0f,1f], start_interpolation: 0, interpolation_duration: 1 }
$data merge entity $(bone_finger_left_2_fire) { transformation: [-0.7408313618199303f,0.3057903409205716f,-1.1825724025506092f,-1.0201299297367916f,1.0692664164661048f,-0.5062400001374663f,-0.8007538444548146f,0.42241217530488634f,-0.590469771023356f,-1.3003959613099036f,0.03364698867843092f,-0.6835126563322594f,0f,0f,0f,1f], start_interpolation: 0, interpolation_duration: 1 }
$data merge entity $(bone_finger_left_2_fire_s) { transformation: [-0.000005185819532739514f,0.0000021405323864440016f,-0.000008278006817854267f,-1.0201299297367916f,0.000007484864915262735f,-0.0000035436800009622645f,-0.000005605276911183704f,0.42241217530488634f,-0.000004133288397163493f,-0.000009102771729169328f,2.3552892074901648e-7f,-0.6835126563322594f,0f,0f,0f,1f], start_interpolation: 0, interpolation_duration: 1 }
$data merge entity $(bone_finger_left_2) { transformation: [-0.6442546716787328f,0.2659267221197852f,-1.0284092091754053f,-0.5761883798406443f,0.9298740841440075f,-0.44024524593287917f,-0.6963655046775868f,0.7229200332451986f,-0.5134946062925094f,-1.1308729844373113f,0.029260680312923247f,-0.6970739017141108f,0f,0f,0f,1f], start_interpolation: 0, interpolation_duration: 1 }
$data merge entity $(bone_finger_film_left) { transformation: [-0.19279832125627658f,-0.06491148901399516f,-0.9800868977957369f,-0.6611938248504032f,0.9399214017241102f,0.22059758416184913f,-0.2237310931581674f,0.8004343485274198f,0.5733859391772608f,-0.38344019553387054f,0.03720100660439798f,-0.6860652058569998f,0f,0f,0f,1f], start_interpolation: 0, interpolation_duration: 1 }
$data merge entity $(bone_finger_left_0_fire) { transformation: [-0.21160350371035333f,-0.28932234815798946f,-1.3828712386207407f,-1.344963788544142f,1.1390176449178238f,0.792346006423365f,-0.3400631370810597f,0.6498310717605207f,0.8358702580627979f,-1.1529513049092328f,0.1133160479576422f,-0.6423512810965625f,0f,0f,0f,1f], start_interpolation: 0, interpolation_duration: 1 }
$data merge entity $(bone_finger_left_0_fire_s) { transformation: [-0.0000014812245259724737f,-0.0000020252564371059267f,-0.000009680098670345187f,-1.344963788544142f,0.000007973123514424767f,0.000005546422044963555f,-0.0000023804419595674184f,0.6498310717605207f,0.000005851091806439586f,-0.000008070659134364631f,7.932123357034957e-7f,-0.6423512810965625f,0f,0f,0f,1f], start_interpolation: 0, interpolation_duration: 1 }
$data merge entity $(bone_fire_large_left) { transformation: [-0.000003949932069259929f,-0.000005400683832282471f,-0.00002581359645425383f,-1.3287992207018893f,0.000021261662705132712f,0.00001479045878656948f,-0.000006347845225513115f,0.586927545209881f,0.000015602911483838897f,-0.000021521757691639017f,0.000002115232895209322f,-0.5548997065959392f,0f,0f,0f,1f], start_interpolation: 0, interpolation_duration: 1 }
$data merge entity $(bone_finger_left_0) { transformation: [-0.21663890003595881f,-0.29620717125063756f,-1.4157785611916747f,-0.6508260749140755f,1.1661221359279053f,0.8112009691219678f,-0.34815540701471703f,0.7780811062448053f,0.8557609401750071f,-1.1803873665175924f,0.11601255912836028f,-0.640041594185822f,0f,0f,0f,1f], start_interpolation: 0, interpolation_duration: 1 }
$data merge entity $(bone_wing_left_1_model) { transformation: [0.7717549447949057f,-0.6485402527408185f,-0.12151925280105769f,-0.33611913533817434f,0.16289295227325265f,0.006054762454290001f,1.00220073288397f,0.7466617613698242f,-0.6394038429084986f,-0.7812400165559473f,0.10864550265587006f,-0.2459905437607884f,0f,0f,0f,1f], start_interpolation: 0, interpolation_duration: 1 }
$data merge entity $(bone_wing_left_0) { transformation: [0.7927485752830322f,-0.40271318403530154f,-0.4575716203949626f,-0.12215210121557804f,0.5918021941137687f,0.688318511196579f,0.41950898701488426f,0.6212630006022234f,0.1460132166238788f,-0.6033570406884087f,0.7839900650026591f,-0.642271732243584f,0f,0f,0f,1f], start_interpolation: 0, interpolation_duration: 1 }
$data merge entity $(bone_body_0) { transformation: [0.9779475867989814f,-0.08776825658531473f,-0.18951319376239423f,0.0009076397595909128f,0.16688701842973677f,0.8739660472054508f,0.45643408221967025f,0.5696366746720091f,0.12556767320326173f,-0.4779959010996372f,0.8693403694631143f,-0.1425180115019388f,0f,0f,0f,1f], start_interpolation: 0, interpolation_duration: 1 }
$data merge entity $(bone_leg_right_3) { transformation: [0.9408690480269192f,0.1509529382364131f,-0.30327981288360084f,0.18216910614174492f,0.02261651778596864f,0.8652507267740762f,0.5008289857228412f,0.06518257106478381f,0.33801468546226693f,-0.4780736243035444f,0.8106735977920572f,0.37258641992064123f,0f,0f,0f,1f], start_interpolation: 0, interpolation_duration: 1 }
$data merge entity $(bone_leg_right_2) { transformation: [0.8498112395051312f,-0.26761041801661845f,-0.45409858112498314f,0.13427270102651423f,0.4176030661509551f,0.8675018064604562f,0.27027448072129595f,0.2090815218416659f,0.3216030726720024f,-0.41931525128096137f,0.8489677165187794f,0.2928616229885337f,0f,0f,0f,1f], start_interpolation: 0, interpolation_duration: 1 }
$data merge entity $(bone_leg_right_1) { transformation: [0.8807228634184286f,-0.3162179180812331f,-0.3526095094242553f,0.25607523832659285f,0.3368221362792439f,0.941563197128992f,-0.0030974706645178762f,0.19795275107643395f,0.33298361275643873f,-0.11603867500364506f,0.935765429762752f,-0.004002424647204905f,0f,0f,0f,1f], start_interpolation: 0, interpolation_duration: 1 }
$data merge entity $(bone_leg_right_0) { transformation: [0.8807228634184286f,-0.47352114718240274f,-0.010245048711682615f,0.07213941890940181f,0.3368221362792439f,0.6413846208711551f,-0.6893305568609672f,0.46333479487772183f,0.33298361275643873f,0.603658422687057f,0.7243745042135621f,0.14021806488826177f,0f,0f,0f,1f], start_interpolation: 0, interpolation_duration: 1 }
$data merge entity $(bone_leg_left_3) { transformation: [0.9949763241313864f,-0.09989375448440203f,0.006584241262587415f,-0.22544487538095323f,0.07715343881250547f,0.8070604882455962f,0.5854064529813324f,0.03822964322537242f,-0.0637923294558124f,-0.5819575638547795f,0.810713224620649f,0.33893924378794354f,0f,0f,0f,1f], start_interpolation: 0, interpolation_duration: 1 }
$data merge entity $(bone_leg_left_2) { transformation: [0.9385929273925231f,0.2906694466507663f,0.18588864793868057f,-0.17115994527444006f,-0.3188084160503022f,0.9366420671436975f,0.1451303962382757f,0.19545582536299136f,-0.1319261554970467f,-0.1954812288699829f,0.9717934856003357f,0.2978285284295985f,0f,0f,0f,1f], start_interpolation: 0, interpolation_duration: 1 }
$data merge entity $(bone_leg_left_1) { transformation: [0.9610373867366554f,0.21556149199341376f,0.17303289994666723f,-0.2342818143326088f,-0.23548747661307287f,0.9662821717346664f,0.10413651110990968f,0.1491027879564651f,-0.144750784636172f,-0.14082616148042315f,0.9793953249785817f,-0.013547443636244744f,0f,0f,0f,1f], start_interpolation: 0, interpolation_duration: 1 }
$data merge entity $(bone_leg_left_0) { transformation: [0.9610373867366554f,0.27523298152989745f,-0.025572390825714227f,-0.11391271676808465f,-0.23548747661307287f,0.7667735758837598f,-0.5971632370506741f,0.45309810427292957f,-0.144750784636172f,0.5799181745768924f,0.8017119938872169f,0.12120303854406744f,0f,0f,0f,1f], start_interpolation: 0, interpolation_duration: 1 }
$data merge entity $(bone_tail_3) { transformation: [2.172032794936012f,-0.5910722848497678f,0.9473198069495637f,0.09282862254484474f,-0.9009547250535374f,0.29623954739154595f,2.2505622494832234f,0.5934056858387041f,-0.659592181548712f,-2.351038793699022f,0.04541441837218743f,1.3808559341749738f,0f,0f,0f,1f], start_interpolation: 0, interpolation_duration: 1 }
$data merge entity $(bone_tail_2) { transformation: [1.1010234148840434f,-0.04563668443748397f,0.35011254677693654f,-0.050324165678915636f,-0.18581922246200108f,0.9000206977014763f,0.7016751547351278f,0.30149727626268474f,-0.3002211167468012f,-0.7244267383541977f,0.849698325476049f,1.0365351243568446f,0f,0f,0f,1f], start_interpolation: 0, interpolation_duration: 1 }
$data merge entity $(bone_tail_1) { transformation: [1.3843329777107183f,-0.04694075973571881f,0.028250879203789665f,-0.05855065113219178f,0.04047365443099191f,1.3577156713843022f,0.2726708258179675f,0.2130795095412354f,-0.036924658391842155f,-0.27163221648156005f,1.3580249809372937f,0.6312020517893184f,0f,0f,0f,1f], start_interpolation: 0, interpolation_duration: 1 }
$data merge entity $(bone_tail_0) { transformation: [1.1899277457944837f,-0.09257858373709169f,-0.10249637017704744f,-0.029589250204828506f,0.06547047757017482f,1.1608302642821111f,-0.2884285949264317f,0.3172693856970783f,0.12161380116158392f,0.2809032638431541f,1.158148427450934f,0.2917394655027805f,0f,0f,0f,1f], start_interpolation: 0, interpolation_duration: 1 }
$data merge entity $(bone_body_1) { transformation: [1.0140253833726904f,-0.10150671058797336f,-0.059578553405749676f,-0.01450632694122902f,0.05579223305980115f,0.8695338450218639f,-0.5318823305357477f,0.48505917666710263f,0.10363610881595846f,0.5250790173979025f,0.8692826219834282f,0.05383170874406082f,0f,0f,0f,1f], start_interpolation: 0, interpolation_duration: 1 }
data modify entity @s data merge value {"locators":{"body_1":{"posx":-0.0000577506452811849,"posy":0.2600033023125937,"posz":0.0336181620549998,"roty":183.92078429825037,"rotx":-31.401205413399033},"body_0":{"posx":0.049056973698966395,"posy":0.3555774061900234,"posz":-0.23301751314824526,"roty":192.29788221782792,"rotx":27.157243626266535},"neck_1":{"posx":0.11539985667506078,"posy":0.19662924169228826,"posz":-0.5215332173284377,"roty":196.35805139265938,"rotx":43.61958904272469},"neck_0":{"posx":0.17928492446007946,"posy":0.0221520356959804,"posz":-0.7999132532727709,"roty":191.80609413481272,"rotx":26.513207700732234},"pos_head":{"posx":0.16248212049603666,"posy":0.17858026153548756,"posz":-1.1637660598917456,"roty":178.97175487836557,"rotx":-5.2983849924835695},"head_0":{"posx":0.20770771911637612,"posy":-0.08653201710406316,"posz":-1.1577787733421283,"roty":178.97175487836557,"rotx":-5.2983849924835695},"arm_right_0":{"posx":0.3769894566449721,"posy":-0.04873868021030732,"posz":-0.4388526444154465,"roty":161.8597763887556,"rotx":-34.912500850728605},"arm_left_0":{"posx":-0.21943286974179338,"posy":-0.09453056777328334,"posz":-0.6479405506244903,"roty":192.35346753091508,"rotx":-52.48213120826936},"finger_right_0":{"posx":0.5670417854665641,"posy":0.7589242737352514,"posz":-0.5076039111088707,"roty":141.88729699607782,"rotx":4.445458850854726},"finger_right_1":{"posx":1.0373537470227294,"posy":0.7806870910217358,"posz":-0.12875288722453077,"roty":141.88729699607782,"rotx":4.445458850854726},"finger_right_2":{"posx":1.4530757806568277,"posy":0.8254786410564221,"posz":0.35660240656015935,"roty":141.88729699607782,"rotx":4.445458850854726},"finger_right_3":{"posx":1.8992165090744653,"posy":0.8735475318791118,"posz":0.8774709791293428,"roty":141.88729699607782,"rotx":4.445458850854726},"finger_left_0":{"posx":-0.4866873770251118,"posy":0.6935338876522712,"posz":-0.6186283157707866,"roty":250.95735715999703,"rotx":-1.9309649495454},"finger_left_1":{"posx":-1.0877633960713151,"posy":0.6919699117081176,"posz":-0.5561764702890075,"roty":250.95735715999703,"rotx":-1.9309649495454},"finger_left_2":{"posx":-1.7015661985855641,"posy":0.6740937037882649,"posz":-0.37361849532142877,"roty":250.95735715999703,"rotx":-1.9309649495454},"finger_left_3":{"posx":-2.3602811223155014,"posy":0.6549095388005127,"posz":-0.17770306770688793,"roty":250.95735715999703,"rotx":-1.9309649495454},"leg_right_0":{"posx":0.3223134198027171,"posy":0.10748850811079154,"posz":-0.08615247719263767,"roty":180.81029759288737,"rotx":-43.577139979262114},"leg_left_0":{"posx":-0.27308129768905354,"posy":0.04136063782582025,"posz":-0.09232647796852561,"roty":181.82695714877502,"rotx":-36.666998485275734},"tail_0":{"posx":-0.030749079017670704,"posy":0.09511301238426068,"posz":0.42268509986924774,"roty":185.05751158711487,"rotx":-13.932296316454078},"tail_1":{"posx":-0.047353836645259266,"posy":0.08051343890672491,"posz":0.9056713806558305,"roty":178.80825262274817,"rotx":11.350772263207151},"tail_2":{"posx":0.03629731247222697,"posy":0.30059100348731543,"posz":1.3547694964556891,"roty":157.6062154970095,"rotx":37.362386200486},"tail_3":{"posx":0.22988502580714354,"posy":0.7601926327774334,"posz":1.6043630023967925,"roty":92.74465270342864,"rotx":67.14899193263803},"tail_4":{"posx":0.39958718672077453,"posy":1.1633566690470556,"posz":1.612498507300055,"roty":92.74465270342864,"rotx":67.14899193263803},"shadow":{"posx":0.01073157468141488,"posy":0.1863926765075265,"posz":-0.027587119352202018,"roty":185.4516500453306,"rotx":-2.057693091391195}},"cameras":{}}