# This file was generated by Animated Java via MC-Build. It is not recommended to edit this file directly.
$data merge entity $(bone_head_lower) { transformation: [0.9869221238009317f,-0.1563701153606279f,0.03915493039659228f,0.15979623672112322f,0.1611003423891518f,0.9652303705117399f,-0.20585677429676164f,0.14146594840362367f,-0.005603680429512807f,0.20947247758088366f,0.9777984863466346f,-1.0562758885681827f,0f,0f,0f,1f], start_interpolation: 0, interpolation_duration: 1 }
$data merge entity $(bone_head_upper) { transformation: [0.9869221238009317f,-0.1601430913180328f,0.018409558804117675f,0.15760104214414367f,0.1611003423891518f,0.9838423917774625f,-0.07810779617746566f,0.15309892890143442f,-0.005603680429512807f,0.0800520983154515f,0.9967749296209937f,-1.0393064970529462f,0f,0f,0f,1f], start_interpolation: 0, interpolation_duration: 1 }
$data merge entity $(bone_neck_0) { transformation: [0.9852788854052462f,-0.16885859797133632f,-0.026688796633607542f,0.1554563454896311f,0.17021620568656215f,0.9834894167727544f,0.06144111341485908f,0.14793547060661483f,0.01587328876652236f,-0.06507949744076241f,0.9977538262099486f,-0.8508513096966555f,0f,0f,0f,1f], start_interpolation: 0, interpolation_duration: 1 }
$data merge entity $(bone_neck_1) { transformation: [0.9805130604650408f,-0.10246540361218387f,-0.1676155700407067f,0.1253949581683514f,0.16721675954051834f,0.8831319484002976f,0.4383109821159661f,0.23144529490212545f,0.1031149532621107f,-0.4577977749807073f,0.8830563422774712f,-0.7004236541044455f,0f,0f,0f,1f], start_interpolation: 0, interpolation_duration: 1 }
$data merge entity $(bone_neck_2) { transformation: [0.9805130604650408f,-0.04732001829174317f,-0.19066975147187842f,0.07545779189569685f,0.16721675954051834f,0.7104552546279876f,0.6835875119545777f,0.4875343428542884f,0.1031149532621107f,-0.702149661425789f,0.7045233561589015f,-0.6408623316552815f,0f,0f,0f,1f], start_interpolation: 0, interpolation_duration: 1 }
$data merge entity $(bone_arm_right_2) { transformation: [0.9408184808638067f,-0.009797540898474205f,0.3387692345202875f,0.43926142228901993f,-0.014032339036385164f,0.9975987736350014f,0.06782168018494761f,0.09565650693748046f,-0.338620258588122f,-0.06856161487511875f,0.9384218803072684f,-0.46453220481143326f,0f,0f,0f,1f], start_interpolation: 0, interpolation_duration: 1 }
$data merge entity $(bone_arm_right_1) { transformation: [0.8418136009358587f,0.47512793753404814f,0.2561314198883934f,0.4635014160215295f,-0.2590753556115998f,0.7719510680020846f,-0.5804924708600141f,0.37371631647697967f,-0.47352911356549743f,0.422309118519933f,0.7729328476787563f,-0.26121263138974515f,0f,0f,0f,1f], start_interpolation: 0, interpolation_duration: 1 }
$data merge entity $(bone_arm_right_0) { transformation: [0.7306405785214736f,-0.6737887909134926f,-0.11033136569960561f,0.23104362344354143f,0.21877440642990864f,0.07796361339502364f,0.9726558662125226f,0.4095467834415181f,-0.6467627881295022f,-0.7347995238333549f,0.20437112238578964f,-0.4794001330499006f,0f,0f,0f,1f], start_interpolation: 0, interpolation_duration: 1 }
$data merge entity $(bone_arm_left_2) { transformation: [0.959879263211636f,-0.045117459251200046f,-0.27676021196516504f,-0.30453074285844856f,0.03478886315056062f,0.998506729989857f,-0.04211941554266113f,0.04135208438623711f,0.2782472552550664f,0.030801380418418345f,0.9600154894101147f,-0.6131708858236471f,0f,0f,0f,1f], start_interpolation: 0, interpolation_duration: 1 }
$data merge entity $(bone_arm_left_1) { transformation: [0.8654605590562892f,-0.48577958138333416f,-0.12245905041689685f,-0.3283361484337932f,0.2162732161102153f,0.5827768508675064f,-0.783324350500032f,0.25365769458675935f,0.4518892748354616f,0.6514517176306972f,0.6094314915433032f,-0.3418715779431271f,0f,0f,0f,1f], start_interpolation: 0, interpolation_duration: 1 }
$data merge entity $(bone_arm_left_0) { transformation: [0.6852133408400071f,0.7282666838526153f,-0.010503081699719558f,-0.08133033863957927f,-0.30969050986388613f,0.3043737890942314f,0.9008042987312319f,0.35883962552215554f,0.6592226222112849f,-0.6139904182499389f,0.4340982615285881f,-0.5175164608928853f,0f,0f,0f,1f], start_interpolation: 0, interpolation_duration: 1 }
$data merge entity $(bone_finger_right_1_fire) { transformation: [0.9284688098014403f,0.1051753803421606f,0.7376431174263608f,1.3079111289103706f,-0.22967160843997206f,1.1615680866959481f,0.123466968606229f,1.0913829531299089f,-0.7088230961200362f,-0.23860276492550805f,0.9262138516926909f,0.31494231506239634f,0f,0f,0f,1f], start_interpolation: 0, interpolation_duration: 1 }
$data merge entity $(bone_finger_right_1_fire_s) { transformation: [0.000007799138002332102f,8.834731948741496e-7f,0.0000061962021863814335f,1.3079111289103706f,-0.0000019292415108957663f,0.00000975717192824597f,0.000001037122536292324f,1.0913829531299089f,-0.000005954114007408307f,-0.000002004263225374269f,0.000007780196354218607f,0.31494231506239634f,0f,0f,0f,1f], start_interpolation: 0, interpolation_duration: 1 }
$data merge entity $(bone_finger_right_1) { transformation: [1.5505518256689799f,0.17564389485505957f,1.2318710874759504f,0.6613688364586063f,-0.38355379094219455f,1.9398298558358664f,0.2061910228553011f,0.9502429127196775f,-1.1837413752221837f,-0.39846890801214196f,1.5467860239797708f,-0.48488984005608904f,0f,0f,0f,1f], start_interpolation: 0, interpolation_duration: 1 }
$data merge entity $(bone_finger_right_2_fire) { transformation: [-0.9233444346314018f,0.273155415138295f,0.7000390948415266f,0.9943172107749905f,-0.6793871609695664f,-0.7773522129395493f,-0.5927817327131456f,0.4961826971371467f,0.3210945353562265f,-0.8592690011337034f,0.7588073821107425f,-0.20450016656991288f,0f,0f,0f,1f], start_interpolation: 0, interpolation_duration: 1 }
$data merge entity $(bone_finger_right_2_fire_s) { transformation: [-0.000007756093250903779f,0.0000022945054871616794f,0.000005880328396668826f,0.9943172107749905f,-0.000005706852152144361f,-0.000006529758588692218f,-0.0000049793665547904255f,0.4961826971371467f,0.0000026971940969923037f,-0.000007217859609523113f,0.0000063739820097302395f,-0.20450016656991288f,0f,0f,0f,1f], start_interpolation: 0, interpolation_duration: 1 }
$data merge entity $(bone_finger_right_2) { transformation: [-0.9635698425916757f,0.2850554034832534f,0.7305362280043884f,0.6794238019558176f,-0.7089845946984897f,-0.8112174843610398f,-0.6186062096206207f,0.7628071539603064f,0.33508298667956704f,-0.8967029692411934f,0.791864749831659f,-0.5470297563725623f,0f,0f,0f,1f], start_interpolation: 0, interpolation_duration: 1 }
$data merge entity $(bone_finger_film_right) { transformation: [-0.025715863777924525f,0.28963417985775775f,0.7660231057216084f,0.758289382051774f,-1.084693347659558f,0.07540113387964421f,-0.17382328002984884f,0.8413060141659349f,-0.2686520151379851f,-0.33215943455349733f,0.6284933674982467f,-0.5158250233661958f,0f,0f,0f,1f], start_interpolation: 0, interpolation_duration: 1 }
$data merge entity $(bone_finger_right_0_fire) { transformation: [0.050046846947680676f,0.8098706439310863f,0.8711133182886968f,1.284488408112808f,-1.135702537031353f,0.29160820284382205f,-0.20585908652630786f,0.7313384172473106f,-0.3534241369542338f,-0.8223793262379261f,0.7848676215039778f,-0.06509746702979075f,0f,0f,0f,1f], start_interpolation: 0, interpolation_duration: 1 }
$data merge entity $(bone_finger_right_0_fire_s) { transformation: [4.203935143605178e-7f,0.000006802913409021128f,0.000007317351873625057f,1.284488408112808f,-0.00000953990131106337f,0.0000024495089038881066f,-0.000001729216326820987f,0.7313384172473106f,-0.0000029687627504155654f,-0.000006907986340398582f,0.0000065928880206334165f,-0.06509746702979075f,0f,0f,0f,1f], start_interpolation: 0, interpolation_duration: 1 }
$data merge entity $(bone_fire_large_right) { transformation: [0.0000011210493716280474f,0.00001814110242405634f,0.000019512938329666817f,1.215153189132585f,-0.000025439736829502318f,0.0000065320237437016174f,-0.0000046112435381892985f,0.702303058205725f,-0.000007916700667774841f,-0.00001842129690772955f,0.00001758103472168911f,0.013740976149679784f,0f,0f,0f,1f], start_interpolation: 0, interpolation_duration: 1 }
$data merge entity $(bone_finger_right_0) { transformation: [0.06148533658225837f,0.9949711553706747f,1.0702111889738273f,0.7220607568563102f,-1.3952737685892034f,0.3582569051901238f,-0.2529093438557345f,0.8360626459024302f,-0.43420122030149794f,-1.0103387676927977f,0.9642535509007738f,-0.47860507822589843f,0f,0f,0f,1f], start_interpolation: 0, interpolation_duration: 1 }
$data merge entity $(bone_wing_right_1_model) { transformation: [0.49998984064152613f,0.8624401875967482f,0.19283196082389156f,0.29549392403484276f,0.08620808726378419f,-0.268096932296475f,0.975535383071972f,0.9449553952042629f,0.8795199872586302f,-0.4640021990822293f,-0.20524043047429538f,-0.23063941593205242f,0f,0f,0f,1f], start_interpolation: 0, interpolation_duration: 1 }
$data merge entity $(bone_wing_right_0) { transformation: [0.7279143910575865f,0.655206742588914f,0.20210087520168615f,0.21860273126880012f,-0.5787176476863625f,0.4290024527839631f,0.6935724762140627f,0.6753946105287447f,0.36773159171823394f,-0.6218207297697367f,0.69145676399975f,-0.6047653609410241f,0f,0f,0f,1f], start_interpolation: 0, interpolation_duration: 1 }
$data merge entity $(bone_finger_left_1_fire) { transformation: [0.4476723258271396f,0.031664912080794735f,-1.1026424543441709f,-1.548892305841239f,-0.12030519968500242f,1.1842888850294013f,-0.01483427838727068f,0.890501847057719f,1.096517080445158f,0.11700739390925209f,0.44854556307391324f,-0.18401186258565871f,0f,0f,0f,1f], start_interpolation: 0, interpolation_duration: 1 }
$data merge entity $(bone_finger_left_1_fire_s) { transformation: [0.0000037604475369479744f,2.659852614786759e-7f,-0.00000926219661649104f,-1.548892305841239f,-0.000001010563677354021f,0.000009948026634246976f,-1.2460793845307378e-7f,0.890501847057719f,0.000009210743475739332f,9.82862108837718e-7f,0.0000037677827298208737f,-0.18401186258565871f,0f,0f,0f,1f], start_interpolation: 0, interpolation_duration: 1 }
$data merge entity $(bone_finger_left_1) { transformation: [0.7476170817856513f,0.05288070715808321f,-1.8414234841223278f,-0.5885298724065702f,-0.2009108384038711f,1.9777738071723971f,-0.024773387315814566f,0.8690044493075642f,1.8311940509073867f,0.1954034710994326f,0.7490753963708411f,-0.5775989325392825f,0f,0f,0f,1f], start_interpolation: 0, interpolation_duration: 1 }
$data merge entity $(bone_finger_left_2_fire) { transformation: [-0.635679967295763f,0.1932612640188563f,-0.9878231740040285f,-1.0183527872167593f,0.8785710949675898f,-0.4635891777977306f,-0.6560727592325231f,0.4151501114597007f,-0.4911795703782985f,-1.079337166111387f,0.1049164981513019f,-0.6476858090085073f,0f,0f,0f,1f], start_interpolation: 0, interpolation_duration: 1 }
$data merge entity $(bone_finger_left_2_fire_s) { transformation: [-0.0000053397117252844124f,0.0000016233946177583938f,-0.000008297714661633844f,-1.0183527872167593f,0.000007379997197727758f,-0.000003894149093500939f,-0.000005511011177553196f,0.4151501114597007f,-0.0000041259083911777094f,-0.000009066432195335656f,8.812985844709362e-7f,-0.6476858090085073f,0f,0f,0f,1f], start_interpolation: 0, interpolation_duration: 1 }
$data merge entity $(bone_finger_left_2) { transformation: [-0.6633733015030064f,0.20168067165971143f,-1.030857591797197f,-0.5734047520774077f,0.9168459568627437f,-0.4837853939695711f,-0.6846545033812121f,0.7105687496382885f,-0.5125777592438722f,-1.1263583818193135f,0.10948717490161357f,-0.6958735048105888f,0f,0f,0f,1f], start_interpolation: 0, interpolation_duration: 1 }
$data merge entity $(bone_finger_film_left) { transformation: [-0.15446880042907424f,-0.08354276885194659f,-0.9784424186147479f,-0.6570852904015925f,0.9620580750477351f,0.20710084344832264f,-0.2125446440512332f,0.7892678657427984f,0.547702948023738f,-0.38734096802514284f,0.0973912311733284f,-0.6832401058381555f,0f,0f,0f,1f], start_interpolation: 0, interpolation_duration: 1 }
$data merge entity $(bone_finger_left_0_fire) { transformation: [-0.13138149184040893f,-0.28682155623907113f,-1.1479136982234717f,-1.3387163774003406f,0.9756397447339837f,0.6271666751607203f,-0.26837028552720954f,0.6471125583644763f,0.6694023843607798f,-0.9703756574312583f,0.16584658985839293f,-0.5977734616914204f,0f,0f,0f,1f], start_interpolation: 0, interpolation_duration: 1 }
$data merge entity $(bone_finger_left_0_fire_s) { transformation: [-0.0000011036045314594355f,-0.0000024093010724081988f,-0.000009642475065077166f,-1.3387163774003406f,0.000008195373855765468f,0.000005268200071350054f,-0.000002254310398428561f,0.6471125583644763f,0.000005622980028630553f,-0.000008151155522422574f,0.0000013931113548105012f,-0.5977734616914204f,0f,0f,0f,1f], start_interpolation: 0, interpolation_duration: 1 }
$data merge entity $(bone_fire_large_left) { transformation: [-0.000002942945417225161f,-0.000006424802859755196f,-0.000025713266840205777f,-1.3184041600091607f,0.000021854330282041247f,0.000014048533523600143f,-0.000006011494395809496f,0.5872828108384571f,0.000014994613409681474f,-0.000021736414726460195f,0.0000037149636128280032f,-0.5090393649512264f,0f,0f,0f,1f], start_interpolation: 0, interpolation_duration: 1 }
$data merge entity $(bone_finger_left_0) { transformation: [-0.16140947410596337f,-0.35237624345930374f,-1.4102758596648417f,-0.6444523845855843f,1.1986277207574942f,0.770509162260418f,-0.32970783057656666f,0.7685062461695465f,0.822398081429908f,-1.1921604965596373f,0.20375176500376144f,-0.6370373423506075f,0f,0f,0f,1f], start_interpolation: 0, interpolation_duration: 1 }
$data merge entity $(bone_wing_left_1_model) { transformation: [0.7709665683886016f,-0.6488527424852171f,-0.12481086506533094f,-0.3294934111367f,0.1689511159319388f,0.008164003327992431f,1.0011822773685386f,0.7359822906678367f,-0.6387825560347559f,-0.7809612990801227f,0.11416382302038887f,-0.24327738913897995f,0f,0f,0f,1f], start_interpolation: 0, interpolation_duration: 1 }
$data merge entity $(bone_wing_left_0) { transformation: [0.7933263388852412f,-0.41792595028481516f,-0.44268636765714126f,-0.1233830574238707f,0.592020692818526f,0.6991195636085925f,0.4009280921242657f,0.6198806128902263f,0.14193244627502194f,-0.5801463055628858f,0.8020507744751091f,-0.6464949671877283f,0f,0f,0f,1f], start_interpolation: 0, interpolation_duration: 1 }
$data merge entity $(bone_body_0) { transformation: [0.9799967437901825f,-0.08360737077891772f,-0.18059952854887443f,0.00226226992830378f,0.15908127974701977f,0.8743672494946928f,0.458448535219752f,0.567554785404373f,0.11958063637014807f,-0.478008075833999f,0.8701774249213708f,-0.14745787611579958f,0f,0f,0f,1f], start_interpolation: 0, interpolation_duration: 1 }
$data merge entity $(bone_leg_right_3) { transformation: [0.9403622938266697f,0.14698044006379052f,-0.3067825069779871f,0.1806921837495912f,0.02250996562910535f,0.8729757925837655f,0.4872438475857062f,0.06380581367907104f,0.3394290173164643f,-0.4650914058563121f,0.8176049941152379f,0.372749266416639f,0f,0f,0f,1f], start_interpolation: 0, interpolation_duration: 1 }
$data merge entity $(bone_leg_right_2) { transformation: [0.8494670478739874f,-0.2666710673536249f,-0.4552936156072597f,0.13296704922692498f,0.41751733300738714f,0.8673214368136455f,0.27098487389873266f,0.2076694401489677f,0.3226220873013056f,-0.4202856969728947f,0.8481007733196313f,0.2928581816997629f,0f,0f,0f,1f], start_interpolation: 0, interpolation_duration: 1 }
$data merge entity $(bone_leg_right_1) { transformation: [0.880333220667125f,-0.31571343713174405f,-0.35403170225886144f,0.2552165369009452f,0.33673310389260414f,0.9415971644599748f,-0.0023657184506500895f,0.19630507924364593f,0.3341021360792227f,-0.11713157343515623f,0.935230429986057f,-0.0038131591385617836f,0f,0f,0f,1f], start_interpolation: 0, interpolation_duration: 1 }
$data merge entity $(bone_leg_right_0) { transformation: [0.880333220667125f,-0.47405970680096654f,-0.016757534950833652f,0.07160357254923595f,0.33673310389260414f,0.6494178227585077f,-0.6818117835784682f,0.4638798990306178f,0.3341021360792227f,0.5945787465688467f,0.7313356799691366f,0.13671996712218604f,0f,0f,0f,1f], start_interpolation: 0, interpolation_duration: 1 }
$data merge entity $(bone_leg_left_3) { transformation: [0.9959800838896454f,-0.08949228711535712f,0.0038474721619596863f,-0.2303451237407551f,0.07121099203829295f,0.8171173438619591f,0.5720561519404358f,0.03645938583688549f,-0.0543384496291231f,-0.5694825518897301f,0.8202054352325787f,0.3365242859954983f,0f,0f,0f,1f], start_interpolation: 0, interpolation_duration: 1 }
$data merge entity $(bone_leg_left_2) { transformation: [0.9377383872977181f,0.29830336699205023f,0.17793768074660535f,-0.17470353370075192f,-0.32401028955715483f,0.9358360934193853f,0.13866556354997486f,0.19356069482401825f,-0.1251560995292013f,-0.18768566139891882f,0.9742227893330594f,0.29677244231667904f,0f,0f,0f,1f], start_interpolation: 0, interpolation_duration: 1 }
$data merge entity $(bone_leg_left_1) { transformation: [0.9608205781322927f,0.22288810631058026f,0.1647565133850862f,-0.23527665375991727f,-0.2407643110272258f,0.9656524833457616f,0.09771298758992553f,0.1493015708300524f,-0.13731847353182997f,-0.13355213765959395f,0.9814822786751886f,-0.01541339573453833f,0f,0f,0f,1f], start_interpolation: 0, interpolation_duration: 1 }
$data merge entity $(bone_leg_left_0) { transformation: [0.9608205781322927f,0.27530430528592137f,-0.032114733823633515f,-0.11438730023048914f,-0.2407643110272258f,0.771590900429646f,-0.5887954049665755f,0.4541852610507339f,-0.13731847353182997f,0.5734588231644923f,0.8076438664174225f,0.11684114702043973f,0f,0f,0f,1f], start_interpolation: 0, interpolation_duration: 1 }
$data merge entity $(bone_tail_3) { transformation: [2.1717827192732813f,-0.5777105837623409f,0.9560951974092082f,0.08639726615089968f,-0.9162714085033152f,0.27442593487439326f,2.2471414813183648f,0.6065974773911351f,-0.6389947191169326f,-2.3569999178004477f,0.027292146551370324f,1.3760510939753994f,0f,0f,0f,1f], start_interpolation: 0, interpolation_duration: 1 }
$data merge entity $(bone_tail_2) { transformation: [1.1018070490094924f,-0.03827731714818076f,0.3485256608127029f,-0.05614282319906527f,-0.19324938456196974f,0.8927098882666983f,0.7089695291458434f,0.31173870652758146f,-0.29255762615152164f,-0.7338378328232991f,0.8442784688701884f,1.0339974598707629f,0f,0f,0f,1f], start_interpolation: 0, interpolation_duration: 1 }
$data merge entity $(bone_tail_1) { transformation: [1.3846567061221908f,-0.0400868240443154f,0.022320237603186806f,-0.06262740048429721f,0.03461109646904655f,1.3550307390044485f,0.2864840460340616f,0.2191976854444418f,-0.03012006756023239f,-0.2857692831094274f,1.3552889133461794f,0.6295541561478866f,0f,0f,0f,1f], start_interpolation: 0, interpolation_duration: 1 }
$data merge entity $(bone_tail_0) { transformation: [1.1895359286214715f,-0.08937158655839832f,-0.10964184562686752f,-0.03149273628123976f,0.06200368878158897f,1.1640103146174448f,-0.27611568285675325f,0.3197816393682178f,0.12713833951215106f,0.2685089332927491f,1.1604926262781081f,0.28919751757091794f,0f,0f,0f,1f], start_interpolation: 0, interpolation_duration: 1 }
$data merge entity $(bone_body_1) { transformation: [1.013691486999167f,-0.10073133317136607f,-0.06620771969628025f,-0.01450632694122902f,0.05283792609213668f,0.8752736044458945f,-0.5226901236593416f,0.48505917666710263f,0.10834397627992003f,0.5156064490696903f,0.8743639213314127f,0.04966504207739415f,0f,0f,0f,1f], start_interpolation: 0, interpolation_duration: 1 }
data modify entity @s data merge value {"locators":{"body_1":{"posx":-0.0008565664218270312,"posy":0.25975220586691905,"posz":0.03183393569524935,"roty":184.33023089959397,"rotx":-30.798673500434752},"body_0":{"posx":0.0481420742023506,"posy":0.35306243109000546,"posz":-0.23811085224197598,"roty":191.72490160622195,"rotx":27.287039545457315},"neck_1":{"posx":0.11416163956383789,"posy":0.19244750986934744,"posz":-0.5303658856452451,"roty":195.14356173366497,"rotx":43.12462397127962},"neck_0":{"posx":0.17303845452974867,"posy":0.020529008836728382,"posz":-0.8114292083551108,"roty":190.74762551679063,"rotx":25.996164721394155},"head_0":{"posx":0.1966001891599041,"posy":-0.09016964751570603,"posz":-1.1643858913760712,"roty":178.9419174953578,"rotx":-4.479810058250135},"arm_right_0":{"posx":0.38141378199969717,"posy":-0.051273605121783875,"posz":-0.45388150666061844,"roty":161.66604097974195,"rotx":-35.485187873652514},"arm_left_0":{"posx":-0.23433844252227787,"posy":-0.09640805966581316,"posz":-0.646985503552757,"roty":191.36169941411444,"rotx":-51.565965679421254},"finger_right_0":{"posx":0.5588235252121033,"posy":0.760350967823403,"posz":-0.5251842668887692,"roty":141.46594154266245,"rotx":5.952979058441656},"finger_right_1":{"posx":1.0311879001546298,"posy":0.7946827105208127,"posz":-0.1498333798167114,"roty":141.46594154266245,"rotx":5.952979058441656},"finger_right_2":{"posx":1.4495482379042244,"posy":0.8556691491004751,"posz":0.33147331608063124,"roty":141.46594154266245,"rotx":5.952979058441656},"finger_right_3":{"posx":1.8985203142141203,"posy":0.9211179026286163,"posz":0.8479970551902647,"roty":141.46594154266245,"rotx":5.952979058441656},"finger_left_0":{"posx":-0.48007862100323256,"posy":0.6831805089395238,"posz":-0.6212557955055015,"roty":247.86392677077055,"rotx":-0.7139693740336719},"finger_left_1":{"posx":-1.07695674208138,"posy":0.6898253788630091,"posz":-0.5269827135616825,"roty":247.86392677077055,"rotx":-0.7139693740336719},"finger_left_2":{"posx":-1.6802598983050787,"posy":0.6846741699780147,"posz":-0.31157700299265034,"roty":247.86392677077055,"rotx":-0.7139693740336719},"finger_left_3":{"posx":-2.3277069328051105,"posy":0.6791460823892634,"posz":-0.08041036294065582,"roty":247.86392677077055,"rotx":-0.7139693740336719},"leg_right_0":{"posx":0.32151521017418583,"posy":0.10474069524627745,"posz":-0.08468563022247685,"roty":181.3126230163679,"rotx":-42.98538494584516},"leg_left_0":{"posx":-0.27410015986192415,"posy":0.040910811919133844,"posz":-0.09328563617033614,"roty":182.27708018440188,"rotx":-36.07157300361874},"tail_0":{"posx":-0.03422125703342609,"posy":0.09898760390864728,"posz":0.42240452806960904,"roty":185.39721044390032,"rotx":-13.326308654582563},"tail_1":{"posx":-0.053382405274712746,"posy":0.08941302962119567,"posz":0.9054219096149758,"roty":179.0564817594806,"rotx":11.934039169418801},"tail_2":{"posx":0.028827149304512308,"posy":0.31375654200979414,"posz":1.3526716657696496,"roty":157.56872942492672,"rotx":37.81854963952738},"tail_3":{"posx":0.22296392833990172,"posy":0.775126215119815,"posz":1.5985491034666888,"roty":91.63508852857584,"rotx":66.94321089603436},"tail_4":{"posx":0.394238106129922,"posy":1.177677457541676,"posz":1.6034381981649755,"roty":91.63508852857584,"rotx":66.94321089603436},"shadow":{"posx":0.01073157468141488,"posy":0.1863926765075265,"posz":-0.031753786018868684,"roty":185.4516500453306,"rotx":-2.057693091391195}},"cameras":{}}