# This file was generated by Animated Java via MC-Build. It is not recommended to edit this file directly.
$data merge entity $(bone_head_lower) { transformation: [0.988052180694386f,-0.14916600528174973f,0.03876069005258956f,0.1503171448892143f,0.15386149913832356f,0.9692443342903525f,-0.192073057790412f,0.1398608265159586f,-0.0089178084738104f,0.19574198148158278f,0.9806148833143861f,-1.0660464069548723f,0f,0f,0f,1f], start_interpolation: 0, interpolation_duration: 1 }
$data merge entity $(bone_head_upper) { transformation: [0.988052180694386f,-0.15294915470863557f,0.018959016297839998f,0.14822492108358334f,0.15386149913832356f,0.9860228795092941f,-0.0639180738688804f,0.15175184416687432f,-0.0089178084738104f,0.06607145494170578f,0.9977750425491257f,-1.049243679150632f,0f,0f,0f,1f], start_interpolation: 0, interpolation_duration: 1 }
$data merge entity $(bone_neck_0) { transformation: [0.9854557625721453f,-0.16947090511356777f,-0.012512087489280121f,0.14875260893384962f,0.16992438637197171f,0.9834403045784026f,0.0630148414807773f,0.14688472187987459f,0.0016257089100339822f,-0.06422444745365047f,0.9979341548518179f,-0.8607691415255914f,0f,0f,0f,1f], start_interpolation: 0, interpolation_duration: 1 }
$data merge entity $(bone_neck_1) { transformation: [0.9825715739910331f,-0.10698243489080472f,-0.1520126988432818f,0.12137760316957888f,0.16320398307497616f,0.8879623489755125f,0.42998526336416787f,0.2289803645188757f,0.08898068269712509f,-0.4473003749458795f,0.8899465223708828f,-0.7090556884384932f,0f,0f,0f,1f], start_interpolation: 0, interpolation_duration: 1 }
$data merge entity $(bone_neck_2) { transformation: [0.9825715739910331f,-0.056319861447207666f,-0.1771473262325765f,0.07322153484071817f,0.16320398307497616f,0.7175656814491812f,0.6770996623207213f,0.48461274168598867f,0.08898068269712509f,-0.6942100301875066f,0.7142512667778853f,-0.6461593211723449f,0f,0f,0f,1f], start_interpolation: 0, interpolation_duration: 1 }
$data merge entity $(bone_arm_right_2) { transformation: [0.9470149183092775f,-0.018110863228944868f,0.32067856356915175f,0.4426551580091909f,-0.0008905637213986674f,0.99825709890377f,0.0590082314977019f,0.09361999148448441f,-0.32118834255920625f,-0.056167260226315574f,0.9453482360922549f,-0.47745284181621706f,0f,0f,0f,1f], start_interpolation: 0, interpolation_duration: 1 }
$data merge entity $(bone_arm_right_1) { transformation: [0.8451453544637902f,0.46877033947084523f,0.256872923175376f,0.4644200381128458f,-0.24785210763014456f,0.7694320248380756f,-0.588679617361493f,0.36921778811774153f,-0.4736017974750192f,0.43385334847845447f,0.7664676179999141f,-0.2705329819703356f,0f,0f,0f,1f], start_interpolation: 0, interpolation_duration: 1 }
$data merge entity $(bone_arm_right_0) { transformation: [0.7225716800193578f,-0.683604613792605f,-0.10283432907091955f,0.22911148887648503f,0.21303468838562545f,0.07867911208607595f,0.9738715617912794f,0.40541626566415734f,-0.6576521791786609f,-0.7255992897755685f,0.20248279408075098f,-0.48558132642671326f,0f,0f,0f,1f], start_interpolation: 0, interpolation_duration: 1 }
$data merge entity $(bone_arm_left_2) { transformation: [0.967360141542498f,-0.038424587204111404f,-0.2504753633654858f,-0.3169162551981738f,0.032955482661686755f,0.9991187307817309f,-0.025994190959501395f,0.041101464165388735f,0.2512534431951405f,0.016891207751294934f,0.967773937644163f,-0.6119543665172825f,0f,0f,0f,1f], start_interpolation: 0, interpolation_duration: 1 }
$data merge entity $(bone_arm_left_1) { transformation: [0.8800123064452022f,-0.4610147988626539f,-0.11420900023475523f,-0.33082588066886964f,0.21239096229707555f,0.5970631670091655f,-0.7735668385702092f,0.25730961912455336f,0.4248157478713772f,0.6564913783368463f,0.623338311456844f,-0.3430598891435538f,0f,0f,0f,1f], start_interpolation: 0, interpolation_duration: 1 }
$data merge entity $(bone_arm_left_0) { transformation: [0.686524396834061f,0.7270687868047575f,0.007431810404395722f,-0.0838904180584886f,-0.31503921225737586f,0.28822838660730526f,0.9042536656790514f,0.3572722792835134f,0.6553125569465921f,-0.6231335141107461f,0.4269309971179315f,-0.5218239164341959f,0f,0f,0f,1f], start_interpolation: 0, interpolation_duration: 1 }
$data merge entity $(bone_finger_right_1_fire) { transformation: [0.7465635518334218f,0.07792487245091062f,0.586174083174464f,1.296854957987072f,-0.19799991667565237f,0.922521142722438f,0.12953861464663663f,1.1281500016720083f,-0.5571968902716061f,-0.223409789269952f,0.7393572681647586f,0.2863564586065036f,0f,0f,0f,1f], start_interpolation: 0, interpolation_duration: 1 }
$data merge entity $(bone_finger_right_1_fire_s) { transformation: [0.000007838917294250937f,8.182111607345622e-7f,0.0000061548278733318765f,1.296854957987072f,-0.000002078999125094352f,0.000009686471998585609f,0.0000013601554537896858f,1.1281500016720083f,-0.00000585056734785187f,-0.000002345802787334498f,0.00000776325131572997f,0.2863564586065036f,0f,0f,0f,1f], start_interpolation: 0, interpolation_duration: 1 }
$data merge entity $(bone_finger_right_1) { transformation: [1.5584603732148914f,0.16266910633974546f,1.2236454327156925f,0.6548275738125998f,-0.41332720205942475f,1.9257739556868037f,0.2704134125382299f,0.9537501138930471f,-1.1631551948046621f,-0.46637061601849644f,1.5434171695811527f,-0.5105465721381631f,0f,0f,0f,1f], start_interpolation: 0, interpolation_duration: 1 }
$data merge entity $(bone_finger_right_2_fire) { transformation: [-0.7356356912655164f,0.2261619431659936f,0.5609994506750751f,0.9899980845297446f,-0.5397373698715509f,-0.64416701204316f,-0.4480646277241445f,0.5125009502088259f,0.27304428168063605f,-0.6640249351619388f,0.6257373124424785f,-0.21288304963994764f,0f,0f,0f,1f], start_interpolation: 0, interpolation_duration: 1 }
$data merge entity $(bone_finger_right_2_fire_s) { transformation: [-0.00000772417475828793f,0.0000023747004032429347f,0.000005890494232088293f,0.9899980845297446f,-0.000005667242383651289f,-0.000006763753626453186f,-0.000004704678591103521f,0.5125009502088259f,0.0000028669649576466805f,-0.000006972261819200365f,0.000006570241780646029f,-0.21288304963994764f,0f,0f,0f,1f], start_interpolation: 0, interpolation_duration: 1 }
$data merge entity $(bone_finger_right_2) { transformation: [-0.9596044832399127f,0.29501833200478245f,0.7317991695547376f,0.6745655988757233f,-0.7040637180203355f,-0.8402876043826494f,-0.5844806480306054f,0.7643732052965555f,0.3561742856345312f,-0.8661913938247197f,0.8162468698566303f,-0.5659208576655502f,0f,0f,0f,1f], start_interpolation: 0, interpolation_duration: 1 }
$data merge entity $(bone_finger_film_right) { transformation: [-0.016360287362909016f,0.29047435784675946f,0.764619394214569f,0.7527008737499321f,-1.0937050741767116f,0.06580444368110458f,-0.14551131145337734f,0.8445352224957249f,-0.23007916259835495f,-0.3334630440100433f,0.6373331031721664f,-0.5372064717528227f,0f,0f,0f,1f], start_interpolation: 0, interpolation_duration: 1 }
$data merge entity $(bone_finger_right_0_fire) { transformation: [0.048118552222666214f,0.648922891160518f,0.6954230113520242f,1.277782970061411f,-0.9176823831540325f,0.21479558173372118f,-0.13693567896810488f,0.7546834483809417f,-0.2501462113220549f,-0.6631677147250119f,0.6361327955432534f,-0.08075377073967982f,0f,0f,0f,1f], start_interpolation: 0, interpolation_duration: 1 }
$data merge entity $(bone_finger_right_0_fire_s) { transformation: [5.052447983379956e-7f,0.000006813690357185445f,0.00000730194161919626f,1.277782970061411f,-0.00000963566502311735f,0.0000022553536082040743f,-0.0000014378246291651025f,0.7546834483809417f,-0.0000026265352188815786f,-0.0000069632610046126304f,0.000006679394353204167f,-0.08075377073967982f,0f,0f,0f,1f], start_interpolation: 0, interpolation_duration: 1 }
$data merge entity $(bone_fire_large_right) { transformation: [0.0000013473194622346549f,0.00001816984095249452f,0.000019471844317856692f,1.2083326130651781f,-0.000025695106728312932f,0.000006014276288544198f,-0.00000383419901110694f,0.7279286632843488f,-0.000007004093917017542f,-0.000018568696012300348f,0.00001781171827521111f,-0.0012128744899970179f,0f,0f,0f,1f], start_interpolation: 0, interpolation_duration: 1 }
$data merge entity $(bone_finger_right_0) { transformation: [0.07389539900372086f,0.9965473554369877f,1.06795733717068f,0.7163539968772497f,-1.4092798459116904f,0.32986040691750024f,-0.21029137760356445f,0.8403359926946881f,-0.3841481765572559f,-1.0184230535287526f,0.9769056751436994f,-0.4999693730308894f,0f,0f,0f,1f], start_interpolation: 0, interpolation_duration: 1 }
$data merge entity $(bone_wing_right_1_model) { transformation: [0.5316027267315653f,0.84892990296725f,0.1664140733874999f,0.2976235884356164f,0.07782661862287428f,-0.2414634145545687f,0.9831660693429252f,0.9356838414188337f,0.8615791556247946f,-0.5019865758379438f,-0.1914886923899205f,-0.23374109470445809f,0f,0f,0f,1f], start_interpolation: 0, interpolation_duration: 1 }
$data merge entity $(bone_wing_right_0) { transformation: [0.7535597766630138f,0.6257623899906978f,0.20141771091122737f,0.218122992805453f,-0.5647314891826138f,0.45938830995941354f,0.6855951617377566f,0.6713012095074598f,0.33649072516367484f,-0.630383860790997f,0.6995642786285333f,-0.6110035450358481f,0f,0f,0f,1f], start_interpolation: 0, interpolation_duration: 1 }
$data merge entity $(bone_finger_left_1_fire) { transformation: [0.4126155533412477f,0.03301520724610036f,-0.8577224957347461f,-1.5140416771326786f,-0.06133383047852424f,0.9503775900723043f,0.00707643873984285f,0.9032299255205115f,0.8561635619656884f,0.052171935337920604f,0.41387380055201367f,-0.13269705179630614f,0f,0f,0f,1f], start_interpolation: 0, interpolation_duration: 1 }
$data merge entity $(bone_finger_left_1_fire_s) { transformation: [0.000004332463310083105f,3.4665967608405404e-7f,-0.000009006086205214843f,-1.5140416771326786f,-6.440052200245051e-7f,0.000009978964695759204f,7.430260676834999e-8f,0.9032299255205115f,0.000008989717400639736f,5.478053210481667e-7f,0.000004345674905796148f,-0.13269705179630614f,0f,0f,0f,1f], start_interpolation: 0, interpolation_duration: 1 }
$data merge entity $(bone_finger_left_1) { transformation: [0.8613399189864954f,0.0689196413087215f,-1.790506002516233f,-0.5804849789550235f,-0.1280351071298852f,1.9839246238070176f,0.01477215078668684f,0.8610169840878659f,1.7872517095661198f,0.10890954108113339f,0.8639665251379359f,-0.5847577580742394f,0f,0f,0f,1f], start_interpolation: 0, interpolation_duration: 1 }
$data merge entity $(bone_finger_left_2_fire) { transformation: [-0.5309814397750242f,0.09907569090670643f,-0.7843928840471781f,-1.0147483262654717f,0.6882284130587623f,-0.4071385566380866f,-0.5173096999045361f,0.4066052927175512f,-0.3891398727078837f,-0.8552494850206355f,0.15539612703950306f,-0.6086120713353012f,0f,0f,0f,1f], start_interpolation: 0, interpolation_duration: 1 }
$data merge entity $(bone_finger_left_2_fire_s) { transformation: [-0.0000055753051176377595f,0.0000010402947545204184f,-0.000008236125282495377f,-1.0147483262654717f,0.00000722639833711701f,-0.000004274954844699913f,-0.000005431751848997634f,0.4066052927175512f,-0.000004085968663432783f,-0.000008980119592716681f,0.0000016316593339147835f,-0.6086120713353012f,0f,0f,0f,1f], start_interpolation: 0, interpolation_duration: 1 }
$data merge entity $(bone_finger_left_2) { transformation: [-0.6926419913758495f,0.1292398918418601f,-1.023206102001757f,-0.5731617862942396f,0.897763768813533f,-0.5310943839302119f,-0.6748078065623845f,0.6977352506864897f,-0.5076158904355196f,-1.1156354291382644f,0.20270742971795802f,-0.6970295756747393f,0f,0f,0f,1f], start_interpolation: 0, interpolation_duration: 1 }
$data merge entity $(bone_finger_film_left) { transformation: [-0.11773145741292383f,-0.10742978535780484f,-0.970750000784291f,-0.6557261565914945f,0.9846839987632638f,0.1912020318820357f,-0.2038523556820775f,0.7772719390264192f,0.5156855590953281f,-0.38962007560862144f,0.16762606369287214f,-0.6824478712206007f,0f,0f,0f,1f], start_interpolation: 0, interpolation_duration: 1 }
$data merge entity $(bone_finger_left_0_fire) { transformation: [-0.06958500958166988f,-0.2770403647575752f,-0.9085351072988634f,-1.3308746518540253f,0.8025652621689021f,0.47007613033680656f,-0.20480944828152545f,0.6418992105244519f,0.508012209360492f,-0.7805809032000531f,0.19911435698640217f,-0.5483495820320433f,0f,0f,0f,1f], start_interpolation: 0, interpolation_duration: 1 }
$data merge entity $(bone_finger_left_0_fire_s) { transformation: [-7.306426006075344e-7f,-0.000002908923829954542f,-0.000009539618626638075f,-1.3308746518540253f,0.000008426935252773481f,0.000004935799368536473f,-0.0000021504992069560193f,0.6418992105244519f,0.00000533412819828517f,-0.000008196099483600566f,0.0000020907007483572246f,-0.5483495820320433f,0f,0f,0f,1f], start_interpolation: 0, interpolation_duration: 1 }
$data merge entity $(bone_fire_large_left) { transformation: [-0.000001948380268286758f,-0.00000775713021321211f,-0.000025438983004368198f,-1.3051164680812564f,0.00002247182734072928f,0.000013162131649430595f,-0.000005734664551882718f,0.5857171278126185f,0.000014224341862093787f,-0.000021856265289601507f,0.000005575201995619265f,-0.45865000377461307f,0f,0f,0f,1f], start_interpolation: 0, interpolation_duration: 1 }
$data merge entity $(bone_finger_left_0) { transformation: [-0.10686132084608092f,-0.4254493817512252f,-1.3952324241192198f,-0.6402416974666407f,1.2324951091641712f,0.7218933573192757f,-0.31452475607456387f,0.7583911560540585f,0.7801515875985198f,-1.1987338486356616f,0.30577883533970196f,-0.6363059372504233f,0f,0f,0f,1f], start_interpolation: 0, interpolation_duration: 1 }
$data merge entity $(bone_wing_left_1_model) { transformation: [0.7707250280966351f,-0.6484616592267837f,-0.12828675153782432f,-0.3253829104274844f,0.1729553833073243f,0.0076331837522888085f,1.000502500213098f,0.7260934864562351f,-0.6380019196619214f,-0.7812914271003426f,0.11625119134465792f,-0.2424472466601861f,0f,0f,0f,1f], start_interpolation: 0, interpolation_duration: 1 }
$data merge entity $(bone_wing_left_0) { transformation: [0.7908948795143691f,-0.43196150163232055f,-0.4334680503399324f,-0.12455026744849758f,0.5956635796392896f,0.7057534796951763f,0.38353217047525173f,0.6185933620178774f,0.14025045258129842f,-0.5615347602826564f,0.815480547619034f,-0.6506817904482362f,0f,0f,0f,1f], start_interpolation: 0, interpolation_duration: 1 }
$data merge entity $(bone_body_0) { transformation: [0.9819667668548192f,-0.07921706560702012f,-0.1716564164524769f,0.003610618520346486f,0.15103995727260836f,0.8748121225672252f,0.4603158497341956f,0.5654570268511623f,0.11370224316072991f,-0.47794184450206767f,0.8710013738072855f,-0.15237056644683145f,0f,0f,0f,1f], start_interpolation: 0, interpolation_duration: 1 }
$data merge entity $(bone_leg_right_3) { transformation: [0.9398643276371892f,0.14295509459195593f,-0.3101916932564426f,0.1791757834291694f,0.022372083202446616f,0.8804758905228465f,0.47356276891367094f,0.062471115937313054f,0.34081451777803845f,-0.45202438776929377f,0.8243296775765856f,0.37292146699897216f,0f,0f,0f,1f], start_interpolation: 0, interpolation_duration: 1 }
$data merge entity $(bone_leg_right_2) { transformation: [0.8491472620356595f,-0.2657087139632891f,-0.45645131909253783f,0.13162543938924176f,0.41740329305880114f,0.8671449899476349f,0.27172423033727494f,0.20630006217143063f,0.3236099787105016f,-0.4212581699299028f,0.8472414862046694f,0.2928638882797563f,0f,0f,0f,1f], start_interpolation: 0, interpolation_duration: 1 }
$data merge entity $(bone_leg_right_1) { transformation: [0.8799650004269854f,-0.31517379153701286f,-0.3554252089423581f,0.254312266134151f,0.3366147872718359f,0.9416410679550156f,-0.0016075230866537393f,0.19469134911593716f,0.3351896224728206f,-0.11822681704554605f,0.9347033415569916f,-0.0036173939871281258f,0f,0f,0f,1f], start_interpolation: 0, interpolation_duration: 1 }
$data merge entity $(bone_leg_right_0) { transformation: [0.8799650004269854f,-0.4744673557010794f,-0.02328790238644865f,0.07106808115316555f,0.3366147872718359f,0.6573890962266425f,-0.674188446320652f,0.46443033094008906f,0.3351896224728206f,0.5854231841465993f,0.7381921243485223f,0.13321101970606672f,0f,0f,0f,1f], start_interpolation: 0, interpolation_duration: 1 }
$data merge entity $(bone_leg_left_3) { transformation: [0.9968583456266388f,-0.07920156035478798f,0.0007426923234395699f,-0.2352941824747397f,0.06528046162982412f,0.8268804655126408f,0.558576008331002f,0.03476017001875409f,-0.044854209210702656f,-0.556772672273851f,0.8294530073036789f,0.33406712278152656f,0f,0f,0f,1f], start_interpolation: 0, interpolation_duration: 1 }
$data merge entity $(bone_leg_left_2) { transformation: [0.9368193591691618f,0.30580502985818464f,0.16986103731967328f,-0.1783180771639697f,-0.32917916841169703f,0.9349585430933384f,0.1322633652247131f,0.19172412568359753f,-0.11836622562903744f,-0.17982159606181075f,0.9765519086152656f,0.29568669874561043f,0f,0f,0f,1f], start_interpolation: 0, interpolation_duration: 1 }
$data merge entity $(bone_leg_left_1) { transformation: [0.9605275330824429f,0.23008325127549079f,0.15636033919461684f,-0.23630176233492184f,-0.24601427060226688f,0.9649514045942835f,0.09135516094646284f,0.1495387583647912f,-0.12986083647732613f,-0.12621602217634215f,0.983466155439723f,-0.01727696919098802f,0f,0f,0f,1f], start_interpolation: 0, interpolation_duration: 1 }
$data merge entity $(bone_leg_left_0) { transformation: [0.9605275330824429f,0.2754856299269649f,-0.03865909846723808f,-0.11485599149910454f,-0.24601427060226688f,0.7763322055520705f,-0.5803320474372344f,0.45527798897894745f,-0.12986083647732613f,0.5669355998051286f,0.8134618545592703f,0.11246898276216453f,0f,0f,0f,1f], start_interpolation: 0, interpolation_duration: 1 }
$data merge entity $(bone_tail_3) { transformation: [2.171297839655243f,-0.5644649506109667f,0.9650661821213414f,0.08006966160390844f,-0.9314920022417038f,0.25250756577659095f,2.24345053518444f,0.6198143158952478f,-0.6183009510766129f,-2.36265252916957f,0.00920245295647384f,1.3710735287512228f,0f,0f,0f,1f], start_interpolation: 0, interpolation_duration: 1 }
$data merge entity $(bone_tail_2) { transformation: [1.1025021954845198f,-0.03087586536662245f,0.34705857198702966f,-0.06190700266139209f,-0.2006628177722527f,0.8852687426669255f,0.7162037065811798f,0.32203049510572584f,-0.2848462831344542f,-0.7431419761356391f,0.8387590004224711f,1.0313273244878902f,0f,0f,0f,1f], start_interpolation: 0, interpolation_duration: 1 }
$data merge entity $(bone_tail_1) { transformation: [1.3849224794946797f,-0.03311022651800341f,0.016516021555242903f,-0.06668814311416452f,0.028745966040416602f,1.3521727367231673f,0.30030301326620334f,0.22536536049831923f,-0.023296684409802957f,-0.2998532028181201f,1.3523774109075477f,0.6278260621611711f,0f,0f,0f,1f], start_interpolation: 0, interpolation_duration: 1 }
$data merge entity $(bone_tail_0) { transformation: [1.1891086971640532f,-0.0860198977736197f,-0.11672799061751248f,-0.033395525648042504f,0.05853534332677543f,1.1670569436187934f,-0.26373479901324126f,0.32232107588982345f,0.132659188103209f,0.25609179568263063f,1.1626791785671662f,0.2866218250823114f,0f,0f,0f,1f], start_interpolation: 0, interpolation_duration: 1 }
$data merge entity $(bone_body_1) { transformation: [1.0133274114963233f,-0.09982315650823233f,-0.07282574393260982f,-0.01450632694122902f,0.04988229257412166f,0.880922346002452f,-0.5134084841970673f,0.48505917666710263f,0.11304869942708244f,0.5060749471992398f,0.8793229405739256f,0.045498375410727473f,0f,0f,0f,1f], start_interpolation: 0, interpolation_duration: 1 }
data modify entity @s data merge value {"locators":{"body_1":{"posx":-0.0016807769295919522,"posy":0.25952794760410436,"posz":0.03004957634945575,"roty":184.73444556659035,"rotx":-30.194087687909413},"body_0":{"posx":0.04718146551496395,"posy":0.3505524160676846,"posz":-0.24318619360566202,"roty":191.14893976039602,"rotx":27.407490585619104},"neck_1":{"posx":0.11275208135832729,"posy":0.1883220812124901,"posz":-0.5392347130858662,"roty":193.92932525848232,"rotx":42.61741405548413},"neck_0":{"posx":0.16655848029458115,"posy":0.019038521447369172,"posz":-0.8229017530064465,"roty":189.6932036755392,"rotx":25.466624922335814},"pos_head":{"posx":0.14386908329845108,"posy":0.1718870668032489,"posz":-1.1843816433235173,"roty":178.91143708040337,"rotx":-3.664734152830137},"head_0":{"posx":0.18532765483147215,"posy":-0.09356336112404319,"posz":-1.1708546401110942,"roty":178.91143708040337,"rotx":-3.664734152830137},"arm_right_0":{"posx":0.3856808963874255,"posy":-0.053786805127621906,"posz":-0.46888461486413724,"roty":161.47200829976978,"rotx":-36.06336572683228},"arm_left_0":{"posx":-0.2492246884754592,"posy":-0.09790033880344101,"posz":-0.6457862339491808,"roty":190.3826602380844,"rotx":-50.675277298184405},"finger_right_0":{"posx":0.5538949686446524,"posy":0.7617634256848483,"posz":-0.5444855349061282,"roty":141.5920652053495,"rotx":7.817348047294338},"finger_right_1":{"posx":1.0243755011292406,"posy":0.8130274419682587,"posz":-0.16869952015201553,"roty":141.5920652053495,"rotx":7.817348047294338},"finger_right_2":{"posx":1.4401989764551553,"posy":0.8942700130735097,"posz":0.3118120150022299,"roty":141.5920652053495,"rotx":7.817348047294338},"finger_right_3":{"posx":1.886448569298557,"posy":0.981457036847776,"posz":0.8274824150454029,"roty":141.5920652053495,"rotx":7.817348047294338},"finger_left_0":{"posx":-0.4753641470990717,"posy":0.6730468892789369,"posz":-0.6273604175726929,"roty":244.24146099320654,"rotx":0.4257264948322185},"finger_left_1":{"posx":-1.065086382309909,"posy":0.6863240133929512,"posz":-0.4960346281387031,"roty":244.24146099320654,"rotx":0.4257264948322185},"finger_left_2":{"posx":-1.6535964986154679,"posy":0.6928790884106547,"posz":-0.243025285612122,"roty":244.24146099320654,"rotx":0.4257264948322185},"finger_left_3":{"posx":-2.28516810536696,"posy":0.6999138216033495,"posz":0.028496455289871547,"roty":244.24146099320654,"rotx":0.4257264948322185},"leg_right_0":{"posx":0.3206532095881014,"posy":0.10203564307020108,"posz":-0.08320198063953235,"roty":181.80692274749458,"rotx":-42.39116006978275},"leg_left_0":{"posx":-0.2751645442226132,"posy":0.040510149585616814,"posz":-0.09423379946261237,"roty":182.72088711108154,"rotx":-35.4739004760884},"tail_0":{"posx":-0.03770609699212748,"posy":0.10292014974670649,"posz":0.42207001129477306,"roty":185.7330397519867,"rotx":-12.718502600653895},"tail_1":{"posx":-0.05938907650008902,"posy":0.09838612760128018,"posz":0.9050543837049939,"roty":179.30030531408693,"rotx":12.518807239249815},"tail_2":{"posx":0.02143094766530408,"posy":0.3269818666252581,"posz":1.3504001803499939,"roty":157.52138901289018,"rotx":38.2737499707823},"tail_3":{"posx":0.21617432319403773,"posy":0.7900712843299199,"posz":1.5925364797889179,"roty":90.54633116923173,"rotx":66.72310685954115},"tail_4":{"posx":0.38905555646838735,"posy":1.191961333424936,"posz":1.5941850003212272,"roty":90.54633116923173,"rotx":66.72310685954115},"shadow":{"posx":0.01073157468141488,"posy":0.1863926765075265,"posz":-0.03592045268553536,"roty":185.4516500453306,"rotx":-2.057693091391195}},"cameras":{}}