# This file was generated by Animated Java via MC-Build. It is not recommended to edit this file directly.
$data merge entity $(bone_head_lower) { transformation: [0.9902187287086179f,-0.13426439283592076f,0.037946569424517795f,0.13102594316638533f,0.1387191014054958f,0.976563795102952f,-0.16456052077995817f,0.1372384319120934f,-0.014962627441060684f,0.1682148236943485f,0.9856367956146618f,-1.0852221819236894f,0f,0f,0f,1f], start_interpolation: 0, interpolation_duration: 1 }
$data merge entity $(bone_head_upper) { transformation: [0.9902187287086179f,-0.13806876355744443f,0.02009691131509281f,0.1291467985741276f,0.1387191014054958f,0.9896886146256851f,-0.03568552907753669f,0.149634290210521f,-0.014962627441060684f,0.038124304715108276f,0.9991609766048957f,-1.068762629209921f,0f,0f,0f,1f], start_interpolation: 0, interpolation_duration: 1 }
$data merge entity $(bone_neck_0) { transformation: [0.9853236835150537f,-0.17000227050090333f,0.015377474723233517f,0.13492038481289648f,0.16866745770476377f,0.9835017828580948f,0.06538755100445748f,0.14521165288558038f,-0.026239805939406793f,-0.06183422304425357f,0.9977414501987852f,-0.8803648461873164f,0f,0f,0f,1f], start_interpolation: 0, interpolation_duration: 1 }
$data merge entity $(bone_neck_1) { transformation: [0.9861171977378714f,-0.11425970570707689f,-0.12048897035554615f,0.11298761662612333f,0.15443077620248652f,0.8977318991117617f,0.412587654539841f,0.22434960782426472f,0.06102464819320991f,-0.42546698693191437f,0.9029140797129993f,-0.7262149350738045f,0f,0f,0f,1f], start_interpolation: 0, interpolation_duration: 1 }
$data merge entity $(bone_neck_2) { transformation: [0.9861171977378714f,-0.07273968595813199f,-0.1492709295620545f,0.06880722692925481f,0.15443077620248652f,0.7321146288862885f,0.6634450282669917f,0.4789615828322299f,0.06102464819320991f,-0.6772865776445035f,0.7331840724234877f,-0.6566181856018832f,0f,0f,0f,1f], start_interpolation: 0, interpolation_duration: 1 }
$data merge entity $(bone_arm_right_2) { transformation: [0.9581792393772177f,-0.03421101453168829f,0.28411644040992934f,0.44903266292544763f,0.02394848518283009f,0.9989318538022346f,0.039517357157067445f,0.08949529544045731f,-0.2851648913943372f,-0.031060552859601187f,0.9579750658405007f,-0.5031397473918198f,0f,0f,0f,1f], start_interpolation: 0, interpolation_duration: 1 }
$data merge entity $(bone_arm_right_1) { transformation: [0.8515913826241427f,0.4562622313681637f,0.2581024859764919f,0.46594360670041046f,-0.22567606929546474f,0.7635047335580558f,-0.6050874594484597f,0.35993154635289215f,-0.4731410242070006f,0.45703971168968094f,0.7531615186339273f,-0.2890791529641238f,0f,0f,0f,1f], start_interpolation: 0, interpolation_duration: 1 }
$data merge entity $(bone_arm_right_0) { transformation: [0.7062354455463887f,-0.7025625139003433f,-0.08739227377705214f,0.22516024205525073f,0.20147400515432606f,0.08110573604844395f,0.9761301577285248f,0.3971833402032524f,-0.6787044428180562f,-0.7069849882720776f,0.19882782918133457f,-0.4977940511839547f,0f,0f,0f,1f], start_interpolation: 0, interpolation_duration: 1 }
$data merge entity $(bone_arm_left_2) { transformation: [0.9801250591224872f,-0.025846424445595303f,-0.19668968153799635f,-0.3414632973387516f,0.027313663460433135f,0.9996156257996546f,0.004750204788759871f,0.041690948228805896f,0.19649130328976508f,-0.01002811051709579f,0.9804542848756109f,-0.6089312758413281f,0f,0f,0f,1f], start_interpolation: 0, interpolation_duration: 1 }
$data merge entity $(bone_arm_left_1) { transformation: [0.9068248960668684f,-0.4103092942871576f,-0.09651368242320447f,-0.3355509542087276f,0.20225195808095126f,0.6244535898424051f,-0.7544215397146044f,0.26498337462208404f,0.36981448501340985f,0.6646081530906067f,0.6492559198958129f,-0.3455888743413283f,0f,0f,0f,1f], start_interpolation: 0, interpolation_duration: 1 }
$data merge entity $(bone_arm_left_0) { transformation: [0.6885429935684222f,0.72388226034699f,0.043623607860514085f,-0.08901650313989073f,-0.3264381012064771f,0.25566283536383494f,0.9099860881873053f,0.35438643898545114f,0.6475698511269228f,-0.6408049529838676f,0.4123376045703295f,-0.5303971265717279f,0f,0f,0f,1f], start_interpolation: 0, interpolation_duration: 1 }
$data merge entity $(bone_finger_right_1_fire) { transformation: [0.38735278277125346f,0.024623519206779552f,0.27587836739358834f,1.2481701445433964f,-0.10168709945769334f,0.45382597878334396f,0.10226966510032783f,1.2165382925963808f,-0.25763331519382254f,-0.14210219174145558f,0.37441876504660804f,0.2409252039198606f,0f,0f,0f,1f], start_interpolation: 0, interpolation_duration: 1 }
$data merge entity $(bone_finger_right_1_fire_s) { transformation: [0.00000813440843819633f,5.17093903342371e-7f,0.00000579344571526536f,1.2481701445433964f,-0.000002135429088611562f,0.000009530345554450233f,0.0000021476629671068865f,1.2165382925963808f,-0.000005410299619070278f,-0.0000029841460265705697f,0.000007862794065978777f,0.2409252039198606f,0f,0f,0f,1f], start_interpolation: 0, interpolation_duration: 1 }
$data merge entity $(bone_finger_right_1) { transformation: [1.617207164536771f,0.10280378365276568f,1.1517988049490497f,0.644653698220105f,-0.424546080726257f,1.8947343532439536f,0.42697830626583144f,0.9609753296925551f,-1.0756252741337744f,-0.5932800609731793f,1.563207330119951f,-0.5641365293070943f,0f,0f,0f,1f], start_interpolation: 0, interpolation_duration: 1 }
$data merge entity $(bone_finger_right_2_fire) { transformation: [-0.36162049734042484f,0.1385719142071744f,0.2771025263521347f,0.9856625198751947f,-0.27542863311921084f,-0.33881413260412174f,-0.19000374001664264f,0.5557609594344082f,0.14186984731033994f,-0.304565555759656f,0.33744649691982975f,-0.22478720188450624f,0f,0f,0f,1f], start_interpolation: 0, interpolation_duration: 1 }
$data merge entity $(bone_finger_right_2_fire_s) { transformation: [-0.000007594030444148927f,0.0000029100101983506653f,0.000005819153053394833f,0.9856625198751947f,-0.000005784001295503433f,-0.000007115096784686563f,-0.000003990078540349499f,0.5557609594344082f,0.000002979266793517141f,-0.000006395876670952782f,0.000007086376435316431f,-0.22478720188450624f,0f,0f,0f,1f], start_interpolation: 0, interpolation_duration: 1 }
$data merge entity $(bone_finger_right_2) { transformation: [-0.9434361453625274f,0.3615219644810466f,0.7229361755060325f,0.6740988818684104f,-0.7185691349454654f,-0.8839363410240182f,-0.49570308487523457f,0.7692849228557274f,0.37012598255357565f,-0.7945848093494252f,0.8803682995337317f,-0.6054558193212523f,0f,0f,0f,1f], start_interpolation: 0, interpolation_duration: 1 }
$data merge entity $(bone_finger_film_right) { transformation: [0.03646788428623582f,0.30014384393294763f,0.7448963613421666f,0.7477898160504359f,-1.1065310765861924f,0.055305703955975415f,-0.06893577204711931f,0.8544845272741535f,-0.15379837225774495f,-0.3267386281941569f,0.6725972898848668f,-0.5796438111510765f,0f,0f,0f,1f], start_interpolation: 0, interpolation_duration: 1 }
$data merge entity $(bone_finger_right_0_fire) { transformation: [0.04726732845807153f,0.33233341377786446f,0.33775386209738545f,1.2582034657324455f,-0.4648436726307618f,0.09834590465574823f,-0.031714549769779325f,0.8184653413987059f,-0.09188867879175368f,-0.3265577356895796f,0.3341764288302102f,-0.09973325499734315f,0f,0f,0f,1f], start_interpolation: 0, interpolation_duration: 1 }
$data merge entity $(bone_finger_right_0_fire_s) { transformation: [9.92613897619503e-7f,0.00000697900168933516f,0.000007092831104045101f,1.2582034657324455f,-0.000009761717125246007f,0.0000020652639977707145f,-6.660055451653663e-7f,0.8184653413987059f,-0.000001929662254626829f,-0.0000068577124494811776f,0.000007017705005434421f,-0.09973325499734315f,0f,0f,0f,1f], start_interpolation: 0, interpolation_duration: 1 }
$data merge entity $(bone_fire_large_right) { transformation: [0.0000026469703936520077f,0.000018610671171560427f,0.000018914216277453604f,1.1868917402601533f,-0.000026031245667322682f,0.000005507370660721905f,-0.0000017760147871076435f,0.7942436389959775f,-0.00000514576601233821f,-0.000018287233198616473f,0.000018713880014491788f,-0.02103210042163195f,0f,0f,0f,1f], start_interpolation: 0, interpolation_duration: 1 }
$data merge entity $(bone_finger_right_0) { transformation: [0.14517635859392403f,1.020725232951459f,1.0373735389726604f,0.7102425287943891f,-1.4277158009431832f,0.30205854204795224f,-0.09740772326717154f,0.851280234689011f,-0.28222588875161064f,-1.0029858780816f,1.026385849340445f,-0.543515370286744f,0f,0f,0f,1f], start_interpolation: 0, interpolation_duration: 1 }
$data merge entity $(bone_wing_right_1_model) { transformation: [0.5991622624881482f,0.8130308910763688f,0.10470165427293568f,0.3118868059247334f,0.058492853768099394f,-0.1717603173063365f,0.9990265574541705f,0.9113226036102955f,0.8176553383363843f,-0.5834862865537049f,-0.14819103932296432f,-0.23853750980833208f,0f,0f,0f,1f], start_interpolation: 0, interpolation_duration: 1 }
$data merge entity $(bone_wing_right_0) { transformation: [0.8055256354675808f,0.5505717943242199f,0.2190870829126141f,0.21727698623334465f,-0.5386459479777435f,0.5262566367892911f,0.6579623811148949f,0.6631591064399234f,0.24695949735069514f,-0.6480159346264818f,0.720476477852302f,-0.6232573102750487f,0f,0f,0f,1f], start_interpolation: 0, interpolation_duration: 1 }
$data merge entity $(bone_finger_left_1_fire) { transformation: [0.26868821904176227f,0.015594924186331054f,-0.39283687314494886f,-1.4266520710580148f,0.007379051993292454f,0.47553183144314504f,0.023924809101027157f,0.9306094329953162f,0.3930770409911501f,-0.01958686392618518f,0.26807492277662f,-0.025326668159750598f,0f,0f,0f,1f], start_interpolation: 0, interpolation_duration: 1 }
$data merge entity $(bone_finger_left_1_fire_s) { transformation: [0.000005642452599877013f,3.2749340791295244e-7f,-0.000008249574336043934f,-1.4266520710580148f,1.5496009185914165e-7f,0.000009986168460306056f,5.024209911215708e-7f,0.9306094329953162f,0.000008254617860814158f,-4.1132414244988916e-7f,0.000005629573378309025f,-0.025326668159750598f,0f,0f,0f,1f], start_interpolation: 0, interpolation_duration: 1 }
$data merge entity $(bone_finger_left_1) { transformation: [1.1217797630166155f,0.06510918275611267f,-1.6401033734651185f,-0.5714165343904148f,0.030807719169243856f,1.9853568090390867f,0.0998866521922069f,0.8440159112281183f,1.6411060799870367f,-0.08177562697655742f,1.119219236390536f,-0.6073427006761247f,0f,0f,0f,1f], start_interpolation: 0, interpolation_duration: 1 }
$data merge entity $(bone_finger_left_2_fire) { transformation: [-0.29510988134664323f,-0.01340918633150403f,-0.37348055005315767f,-0.9998539123401267f,0.3261378202056173f,-0.24161366982777804f,-0.24902675839835767f,0.3910140080779316f,-0.18248739621576796f,-0.4101224181738819f,0.1589192308945296f,-0.5244309569340792f,0f,0f,0f,1f], start_interpolation: 0, interpolation_duration: 1 }
$data merge entity $(bone_finger_left_2_fire_s) { transformation: [-0.000006197307508279513f,-2.8159291296158494e-7f,-0.000007843091551116319f,-0.9998539123401267f,0.00000684889422431797f,-0.000005073887066383343f,-0.000005229561926365515f,0.3910140080779316f,-0.00000383223532053113f,-0.000008612570781651529f,0.000003337303848785125f,-0.5244309569340792f,0f,0f,0f,1f], start_interpolation: 0, interpolation_duration: 1 }
$data merge entity $(bone_finger_left_2) { transformation: [-0.7699157845413045f,-0.034983390482793454f,-0.9743779821704219f,-0.5794799521645007f,0.8508649543227332f,-0.6303488629811459f,-0.6496889605632661f,0.671219224085734f,-0.47609360345792096f,-1.069973400773464f,0.4146063282413171f,-0.7042746399275526f,0f,0f,0f,1f], start_interpolation: 0, interpolation_duration: 1 }
$data merge entity $(bone_finger_film_left) { transformation: [-0.048392491128772f,-0.16672307295664088f,-0.9324123323709157f,-0.6596828379566688f,1.0277531104559998f,0.15558881382581938f,-0.1840476226185318f,0.7520717253779607f,0.4367797844392674f,-0.38457602246016354f,0.3297628833269369f,-0.684628869775888f,0f,0f,0f,1f], start_interpolation: 0, interpolation_duration: 1 }
$data merge entity $(bone_finger_left_0_fire) { transformation: [-0.00008487526191415974f,-0.19798761258259978f,-0.4330799783810657f,-1.305593755896458f,0.42274990564635073f,0.1993058791194707f,-0.09119788067125505f,0.6320313396170028f,0.21918001662264608f,-0.3844937469280474f,0.175732889639473f,-0.43861462361692266f,0f,0f,0f,1f], start_interpolation: 0, interpolation_duration: 1 }
$data merge entity $(bone_finger_left_0_fire_s) { transformation: [-1.782380500197356e-9f,-0.000004157739864234599f,-0.000009094679546002388f,-1.305593755896458f,0.000008877748018573374f,0.000004185423461508888f,-0.0000019151554940963576f,0.6320313396170028f,0.000004602780349075571f,-0.000008074368685489003f,0.000003690390682428936f,-0.43861462361692266f,0f,0f,0f,1f], start_interpolation: 0, interpolation_duration: 1 }
$data merge entity $(bone_fire_large_left) { transformation: [-4.753014667192949e-9f,-0.000011087306304625597f,-0.000024252478789339702f,-1.266077578662592f,0.000023673994716195662f,0.000011161129230690368f,-0.000005107081317590287f,0.5840941999369479f,0.00001227408093086819f,-0.000021531649827970674f,0.000009841041819810496f,-0.34913598278689856f,0f,0f,0f,1f], start_interpolation: 0, interpolation_duration: 1 }
$data merge entity $(bone_finger_left_0) { transformation: [-0.0002606849564246771f,-0.6080970001709106f,-1.3301571358548416f,-0.6372448241407966f,1.298429462796979f,0.6121459096761074f,-0.28010417891674066f,0.7373822683280439f,0.673187119472115f,-1.180929912945308f,0.539744086143503f,-0.6398395195001333f,0f,0f,0f,1f], start_interpolation: 0, interpolation_duration: 1 }
$data merge entity $(bone_wing_left_1_model) { transformation: [0.7713154524439011f,-0.6462719906561749f,-0.13558049253637142f,-0.32329144363284745f,0.17615040130258258f,0.0004496012679176904f,0.999973958171651f,0.7086228471708506f,-0.6364122814528638f,-0.7831407248980509f,0.1124593084806939f,-0.2449850729593741f,0f,0f,0f,1f], start_interpolation: 0, interpolation_duration: 1 }
$data merge entity $(bone_wing_left_0) { transformation: [0.7788783179133982f,-0.45752015543551183f,-0.42898003829392806f,-0.12668248234062893f,0.6106463110412039f,0.7092067880865893f,0.35233054727581126f,0.6163052268176598f,0.1430372283573907f,-0.5363777019061925f,0.83176878530134f,-0.6589510293543853f,0f,0f,0f,1f], start_interpolation: 0, interpolation_duration: 1 }
$data merge entity $(bone_body_0) { transformation: [0.9856525339455421f,-0.06974359817126727f,-0.15370397796041713f,0.006286561473891207f,0.13426478813427842f,0.875817616128889f,0.46359084325034644f,0.5612147788707987f,0.10228415807928873f,-0.4775765213999058f,0.8726159620437708f,-0.16211399902641835f,0f,0f,0f,1f], start_interpolation: 0, interpolation_duration: 1 }
$data merge entity $(bone_leg_right_3) { transformation: [0.9388948085969121f,0.13475813410247947f,-0.316728248950082f,0.17602493406547362f,0.022000656777705012f,0.8947988337188845f,0.4459271445838137f,0.05992911459264319f,0.3435003777161193f,-0.4256469105591417f,0.8371572122608398f,0.37329125831842447f,0f,0f,0f,1f], start_interpolation: 0, interpolation_duration: 1 }
$data merge entity $(bone_leg_right_2) { transformation: [0.8485813800915419f,-0.2637137652809948f,-0.4586553077892523f,0.1288349428211673f,0.4170886394536127f,0.8668046678000394f,0.2732887387339577f,0.20369078802621665f,0.32549455940256167f,-0.4232076533823359f,0.8455463168377876f,0.2929003205116264f,0f,0f,0f,1f], start_interpolation: 0, interpolation_duration: 1 }
$data merge entity $(bone_leg_right_1) { transformation: [0.879293210550034f,-0.3139879652646991f,-0.3581270829601514f,0.25236789520942193f,0.3362886162379426f,0.941758974694413f,-0.000013088065667743454f,0.19156748468748153f,0.3372735039539615f,-0.12042255291871928f,0.9336728507775915f,-0.0032087904602490502f,0f,0f,0f,1f], start_interpolation: 0, interpolation_duration: 1 }
$data merge entity $(bone_leg_right_0) { transformation: [0.879293210550034f,-0.47488837971466435f,-0.0363933605564779f,0.06999888022514406f,0.3362886162379426f,0.6731393465688376f,-0.6586299315166658f,0.46554688966860314f,0.3372735039539615f,0.5668901541858516f,0.7515864132737883f,0.12616041939482664f,0f,0f,0f,1f], start_interpolation: 0, interpolation_duration: 1 }
$data merge entity $(bone_leg_left_3) { transformation: [0.9982365945258622f,-0.05899770052603728f,-0.006555355219107967f,-0.24533272894161554f,0.05346075786979028f,0.84552302403854f,0.531255835910261f,0.03157649623068709f,-0.02580016894123613f,-0.5306694707191685f,0.8471860858921377f,0.3290227998078136f,0f,0f,0f,1f], start_interpolation: 0, interpolation_duration: 1 }
$data merge entity $(bone_leg_left_2) { transformation: [0.9347882340475735f,0.320402405743573f,0.15334032698526942f,-0.18575566231929713f,-0.33941532996192225f,0.9329955475911881f,0.11965175285744312f,0.1882294560131725f,-0.10472913287647302f,-0.16389510843448019f,0.9809027485730639f,0.2934216730337569f,0f,0f,0f,1f], start_interpolation: 0, interpolation_duration: 1 }
$data merge entity $(bone_leg_left_1) { transformation: [0.9597123647913663f,0.24407038228411423f,0.13921862432249948f,-0.23844149696181463f,-0.2564303492779509f,0.9633418629051739f,0.07884117670086671f,0.15012954973009873f,-0.11487233276882224f,-0.11136473259553709f,0.987118150728763f,-0.02099933513745056f,0f,0f,0f,1f], start_interpolation: 0, interpolation_duration: 1 }
$data merge entity $(bone_leg_left_0) { transformation: [0.9597123647913663f,0.27617865171234884f,-0.051744847133912926f,-0.1157749819191072f,-0.2564303492779509f,0.7855811614667669f,-0.5631214031784918f,0.4574797152803199f,-0.11487233276882224f,0.5537035227329463f,0.8247525423285301f,0.10369375313211128f,0f,0f,0f,1f], start_interpolation: 0, interpolation_duration: 1 }
$data merge entity $(bone_tail_3) { transformation: [2.169622190177336f,-0.5383407718367201f,0.9835834942201759f,0.06773508994896149f,-0.9616344345279185f,0.20836828784213182f,2.2352515732655096f,0.646315191208564f,-0.576633758163964f,-2.373031730684192f,-0.026863338320470262f,1.3606021956413485f,0f,0f,0f,1f], start_interpolation: 0, interpolation_duration: 1 }
$data merge entity $(bone_tail_2) { transformation: [1.1036251698755835f,-0.015956661992328015f,0.34448647557654843f,-0.07326359679672065f,-0.21543532041391578f,0.8699964739320087f,0.7304846477264426f,0.34275999361841336f,-0.2692826946449451f,-0.761423392590439f,0.827426921293248f,1.0255892514388183f,0f,0f,0f,1f], start_interpolation: 0, interpolation_duration: 1 }
$data merge entity $(bone_tail_1) { transformation: [1.3852790097997025f,-0.018797896834087977f,0.0052956926598617905f,-0.07475587678606047f,0.017010302852788334f,1.3459343231137268f,0.32794936764541566f,0.23784671205963107f,-0.009594523593652154f,-0.32785176103962965f,1.3460313919734566f,0.6241278551564933f,0f,0f,0f,1f], start_interpolation: 0, interpolation_duration: 1 }
$data merge entity $(bone_tail_0) { transformation: [1.188148000579998f,-0.07888612863623225f,-0.13071207941241736f,-0.037196373744480885f,0.05159497148380491f,1.1727441241759253f,-0.23877503723422344f,0.327480667163888f,0.14368934516210882f,0.23119804972665162f,1.1665784046377912f,0.28136820416322333f,0f,0f,0f,1f], start_interpolation: 0, interpolation_duration: 1 }
$data merge entity $(bone_body_1) { transformation: [1.0125087309290417f,-0.09760878263980839f,-0.08601912455076462f,-0.014506326941229018f,0.043967888742720694f,0.8919405334007896f,-0.49458023017571867f,0.48505917666710263f,0.12244831152944925f,0.48684217655492185f,0.8888710820896902f,0.037165042077394156f,0f,0f,0f,1f], start_interpolation: 0, interpolation_duration: 1 }