# This file was generated by Animated Java via MC-Build. It is not recommended to edit this file directly.
$data merge entity $(bone_head_lower) { transformation: [0.9922373879491998f,-0.11868908769678077f,0.03711962307803333f,0.111364238027919f,0.122705187303662f,0.9829225433686155f,-0.13713756139929403f,0.13545618742055265f,-0.020208982273301406f,0.14062778601498993f,0.989856263725193f,-1.1039031247362208f,0f,0f,0f,1f], start_interpolation: 0, interpolation_duration: 1 }
$data merge entity $(bone_head_upper) { transformation: [0.9922373879491998f,-0.12251876915513808f,0.02131002488171628f,0.10970823949785502f,0.122705187303662f,0.9924135484510835f,-0.007667193717511622f,0.14834142785065024f,-0.020208982273301406f,0.010222526861720954f,0.9997435155978948f,-1.0877992863485062f,0f,0f,0f,1f], start_interpolation: 0, interpolation_duration: 1 }
$data merge entity $(bone_neck_0) { transformation: [0.9845930391449826f,-0.16959472872168518f,0.042593136267065124f,0.12058524167660252f,0.16656846560980215f,0.9837721955646227f,0.06668743133723032f,0.1441582810281753f,-0.053211780008217385f,-0.05856530733958165f,0.9968643895959854f,-0.8996216820140319f,0f,0f,0f,1f], start_interpolation: 0, interpolation_duration: 1 }
$data merge entity $(bone_neck_1) { transformation: [0.9889046938255335f,-0.11916820018269486f,-0.0886929906759556f,0.10416108024836415f,0.1447176445896224f,0.90759394060615f,0.39411932497586555f,0.22015246761315793f,0.03353073029714252f,-0.40258189109821774f,0.914769649193458f,-0.743220953578447f,0f,0f,0f,1f], start_interpolation: 0, interpolation_duration: 1 }
$data merge entity $(bone_neck_2) { transformation: [0.9889046938255335f,-0.08698223583275579f,-0.12042257753163582f,0.06448678116064936f,0.1447176445896224f,0.7470737588355126f,0.6487970423821381f,0.47357744700734655f,0.03353073029714252f,-0.6590257123276092f,0.7513726110371783f,-0.6669018734003235f,0f,0f,0f,1f], start_interpolation: 0, interpolation_duration: 1 }
$data merge entity $(bone_arm_right_2) { transformation: [0.9677248159073184f,-0.049664857309749566f,0.24706695980148638f,0.4548890745386187f,0.046740171624142124f,0.9987503894754141f,0.017692254781520533f,0.0853132990475125f,-0.24763690563745291f,-0.0055732818976557685f,0.9688368807468033f,-0.5285847445157114f,0f,0f,0f,1f], start_interpolation: 0, interpolation_duration: 1 }
$data merge entity $(bone_arm_right_1) { transformation: [0.8577990151914859f,0.44397434931977736f,0.2589741814980741f,0.4670493626066011f,-0.2038713848153017f,0.756423520941266f,-0.6214981218155926f,0.3502828685685476f,-0.471823386438197f,0.4803230518233517f,0.7393730167493894f,-0.3074808356049622f,0f,0f,0f,1f], start_interpolation: 0, interpolation_duration: 1 }
$data merge entity $(bone_arm_right_0) { transformation: [0.6896722696782719f,-0.7205955439269817f,-0.0713738222978043f,0.22110081432086298f,0.1898777614638455f,0.08484678562956727f,0.9781346832976575f,0.38900496109027616f,-0.6987836547446568f,-0.6881446686859582f,0.19534154402172688f,-0.5098076621028459f,0f,0f,0f,1f], start_interpolation: 0, interpolation_duration: 1 }
$data merge entity $(bone_arm_left_2) { transformation: [0.9898361862988205f,-0.014313293639591253f,-0.14149011950872714f,-0.3656159032738116f,0.019199666203636733f,0.9992632847547325f,0.03323041617030548f,0.04376221870717631f,0.14091024487621873f,-0.03560923147681799f,0.9893817693502109f,-0.6051789451354492f,0f,0f,0f,1f], start_interpolation: 0, interpolation_duration: 1 }
$data merge entity $(bone_arm_left_1) { transformation: [0.9304393541592584f,-0.3581941656356816f,-0.0773275367269678f,-0.3399118788743747f,0.18909181738013575f,0.6500653340136806f,-0.7359750988406875f,0.2731356960214105f,0.3138899374487495f,0.6701581911893936f,0.6725779552960235f,-0.3483311401066317f,0f,0f,0f,1f], start_interpolation: 0, interpolation_duration: 1 }
$data merge entity $(bone_arm_left_0) { transformation: [0.6897211417772674f,0.7196207493436568f,0.08019179321811389f,-0.09413372904444084f,-0.3387460827550415f,0.2228058434383567f,0.9141163205784245f,0.35184150224235944f,0.6399498714771159f,-0.6576500081683236f,0.3974426106403615f,-0.5389216191634648f,0f,0f,0f,1f], start_interpolation: 0, interpolation_duration: 1 }
$data merge entity $(bone_finger_right_1_fire) { transformation: [0.000014401740191648076f,6.488932640729788e-8f,0.000008388292234141872f,1.1604111824271834f,-0.000002955971035365017f,0.000015636394833525664f,0.000004954106339790525f,1.306999770324387f,-0.000007850470843722016f,-0.000005768598076065623f,0.000013522986413749744f,0.2104297566478872f,0f,0f,0f,1f], start_interpolation: 0, interpolation_duration: 1 }
$data merge entity $(bone_finger_right_1_fire_s) { transformation: [0.000008641044114988845f,3.8933595844378726e-8f,0.0000050329753404851236f,1.1604111824271834f,-0.00000177358262121901f,0.000009381836900115398f,0.0000029724638038743146f,1.306999770324387f,-0.000004710282506233209f,-0.000003461158845639374f,0.000008113791848249846f,0.2104297566478872f,0f,0f,0f,1f], start_interpolation: 0, interpolation_duration: 1 }
$data merge entity $(bone_finger_right_1) { transformation: [1.717931741197009f,0.007740414145551496f,1.000609182758741f,0.6374070215325055f,-0.3526071433129655f,1.8652092486698757f,0.5909575104907884f,0.9663451316738828f,-0.9364544052525617f,-0.6881152975407944f,1.6131083665451174f,-0.6190821408858452f,0f,0f,0f,1f], start_interpolation: 0, interpolation_duration: 1 }
$data merge entity $(bone_finger_right_2_fire) { transformation: [-0.00001225052968737486f,0.000006464071377332654f,0.00000926920068750666f,0.9813194171641197f,-0.000010320632604245486f,-0.000011968168570473369f,-0.000005293889070871826f,0.6057574402975169f,0.000004602916771429839f,-0.000009631017603309631f,0.000012799782611349604f,-0.23522741668507602f,0f,0f,0f,1f], start_interpolation: 0, interpolation_duration: 1 }
$data merge entity $(bone_finger_right_2_fire_s) { transformation: [-0.000007350317812424916f,0.000003878442826399592f,0.0000055615204125039956f,0.9813194171641197f,-0.000006192379562547291f,-0.0000071809011422840206f,-0.0000031763334425230957f,0.6057574402975169f,0.0000027617500628579032f,-0.000005778610561985778f,0.000007679869566809762f,-0.23522741668507602f,0f,0f,0f,1f], start_interpolation: 0, interpolation_duration: 1 }
$data merge entity $(bone_finger_right_2) { transformation: [-0.9131587705823125f,0.48183414289135795f,0.6909294634669869f,0.6836492803192719f,-0.7693035665418698f,-0.8921114741020842f,-0.3946083442039607f,0.7756506243036203f,0.3431030271632501f,-0.7178994230068608f,0.9541002757739131f,-0.647661381633906f,0f,0f,0f,1f], start_interpolation: 0, interpolation_duration: 1 }
$data merge entity $(bone_finger_film_right) { transformation: [0.12795995532645893f,0.31835663503871076f,0.6968916249860392f,0.7488698523247452f,-1.1067776891619345f,0.06178019389967187f,0.021732044119901678f,0.8674120030521109f,-0.0898012580683702f,-0.3077912273987991f,0.7251755824982583f,-0.621551757030935f,0f,0f,0f,1f], start_interpolation: 0, interpolation_duration: 1 }
$data merge entity $(bone_finger_right_0_fire) { transformation: [0.0000030632720013152753f,0.000012153115569312731f,0.000010986169686595251f,1.2241857851685398f,-0.000016235129696961514f,0.0000037488840310983354f,3.797499466648258e-7f,0.8944192574308528f,-0.000002194243866705334f,-0.000010771510026829214f,0.000012527475538715748f,-0.10630522415916477f,0f,0f,0f,1f], start_interpolation: 0, interpolation_duration: 1 }
$data merge entity $(bone_finger_right_0_fire_s) { transformation: [0.000001837963200789165f,0.0000072918693415876385f,0.0000065917018119571504f,1.2241857851685398f,-0.000009741077818176907f,0.000002249330418659001f,2.2784996799889548e-7f,0.8944192574308528f,-0.0000013165463200232003f,-0.000006462906016097528f,0.000007516485323229449f,-0.10630522415916477f,0f,0f,0f,1f], start_interpolation: 0, interpolation_duration: 1 }
$data merge entity $(bone_fire_large_right) { transformation: [0.00000490123520210444f,0.000019444984910900367f,0.0000175778714985524f,1.1492746200127244f,-0.000025976207515138418f,0.000005998214449757336f,6.075999146637213e-7f,0.868758662070439f,-0.000003510790186728534f,-0.000017234416042926738f,0.000020043960861945197f,-0.03150030473925525f,0f,0f,0f,1f], start_interpolation: 0, interpolation_duration: 1 }
$data merge entity $(bone_finger_right_0) { transformation: [0.2688142946216206f,1.0664841998415802f,0.9640800600232374f,0.7091202145419775f,-1.424697165548918f,0.3289794755429025f,0.03332456732587646f,0.863146391965457f,-0.1925536214227632f,-0.94524282160662f,1.0993357752375732f,-0.5879794266271181f,0f,0f,0f,1f], start_interpolation: 0, interpolation_duration: 1 }
$data merge entity $(bone_wing_right_1_model) { transformation: [0.6687834342063688f,0.7627341362877239f,0.04407310420648789f,0.33829136234686064f,0.03723526162159355f,-0.09104400535277506f,1.010594680088479f,0.8824980376030572f,0.7630985103280881f,-0.6640216182268345f,-0.08793768875919296f,-0.2453202087714704f,0f,0f,0f,1f], start_interpolation: 0, interpolation_duration: 1 }
$data merge entity $(bone_wing_right_0) { transformation: [0.8478523591244428f,0.4612735057174079f,0.2614825616562022f,0.2165909871305451f,-0.5137199785022495f,0.5925046965961535f,0.6205078308926876f,0.6550855953954988f,0.1312941766216813f,-0.6604278442302931f,0.7393219202421649f,-0.6352151612236747f,0f,0f,0f,1f], start_interpolation: 0, interpolation_duration: 1 }
$data merge entity $(bone_finger_left_1_fire) { transformation: [0.000011644881441869784f,2.273132432091212e-7f,-0.000011921528537567506f,-1.3123993852069797f,0.0000014431269573158144f,0.00001651427205075688f,0.0000017245234113912622f,0.9670634068292782f,0.000011836042352393097f,-0.0000022371689924612113f,0.000011518721895649045f,0.07509147562591312f,0f,0f,0f,1f], start_interpolation: 0, interpolation_duration: 1 }
$data merge entity $(bone_finger_left_1_fire_s) { transformation: [0.00000698692886512187f,1.3638794592547273e-7f,-0.000007152917122540503f,-1.3123993852069797f,8.658761743894886e-7f,0.000009908563230454127f,0.0000010347140468347573f,0.9670634068292782f,0.000007101625411435858f,-0.0000013423013954767266f,0.000006911233137389427f,0.07509147562591312f,0f,0f,0f,1f], start_interpolation: 0, interpolation_duration: 1 }
$data merge entity $(bone_finger_left_1) { transformation: [1.3890759856274557f,0.02711537845474051f,-1.4220762217436924f,-0.570179886541432f,0.17214541948115714f,1.9699280615554051f,0.20571218946058262f,0.8255666944551744f,1.4118788824645037f,-0.266863835302325f,1.3740268675331502f,-0.6367777676240309f,0f,0f,0f,1f], start_interpolation: 0, interpolation_duration: 1 }
$data merge entity $(bone_finger_left_2_fire) { transformation: [-0.000011410846659728162f,-0.000002855533435660311f,-0.000011807467344175661f,-0.9724995062350741f,0.000010843079191486084f,-0.000009698050298577841f,-0.000008133463704424683f,0.3834778990585748f,-0.000005477042078814999f,-0.00001325034063644622f,0.000008497544401932214f,-0.4409715140803583f,0f,0f,0f,1f], start_interpolation: 0, interpolation_duration: 1 }
$data merge entity $(bone_finger_left_2_fire_s) { transformation: [-0.000006846507995836897f,-0.0000017133200613961867f,-0.0000070844804065053966f,-0.9724995062350741f,0.00000650584751489165f,-0.000005818830179146704f,-0.000004880078222654809f,0.3834778990585748f,-0.0000032862252472889994f,-0.000007950204381867731f,0.0000050985266411593285f,-0.4409715140803583f,0f,0f,0f,1f], start_interpolation: 0, interpolation_duration: 1 }
$data merge entity $(bone_finger_left_2) { transformation: [-0.850568503812468f,-0.21285246173082203f,-0.880132748448424f,-0.5929530149676983f,0.8082469180110895f,-0.7228960635735966f,-0.6062712312401123f,0.6448654639014697f,-0.4082606335195975f,-0.9876850286599238f,0.6334099338605678f,-0.7151867246294821f,0f,0f,0f,1f], start_interpolation: 0, interpolation_duration: 1 }
$data merge entity $(bone_finger_film_left) { transformation: [0.016318221387948705f,-0.23269676459930516f,-0.8588777538481459f,-0.6694545273633132f,1.0627247746586899f,0.12143112690496435f,-0.15019873350061813f,0.7274695861656306f,0.3460413823834004f,-0.3619528646919612f,0.5017760342708427f,-0.6891163635732122f,0f,0f,0f,1f], start_interpolation: 0, interpolation_duration: 1 }
$data merge entity $(bone_finger_left_0_fire) { transformation: [0.0000011580584470816441f,-0.000009239058262984143f,-0.000013823041663255787f,-1.2614616917605002f,0.000015419965071149018f,0.000005778797610535928f,-0.000002570593931134668f,0.6324115727832179f,0.000006217825634051261f,-0.000012610435296508467f,0.000008949488465542942f,-0.3249390594549902f,0f,0f,0f,1f], start_interpolation: 0, interpolation_duration: 1 }
$data merge entity $(bone_finger_left_0_fire_s) { transformation: [6.948350682489864e-7f,-0.000005543434957790486f,-0.000008293824997953472f,-1.2614616917605002f,0.00000925197904268941f,0.0000034672785663215568f,-0.0000015423563586808007f,0.6324115727832179f,0.000003730695380430757f,-0.00000756626117790508f,0.000005369693079325765f,-0.3249390594549902f,0f,0f,0f,1f], start_interpolation: 0, interpolation_duration: 1 }
$data merge entity $(bone_fire_large_left) { transformation: [0.0000018528935153306304f,-0.000014782493220774628f,-0.00002211686666120926f,-1.2064717107166891f,0.000024671944113838427f,0.000009246076176857485f,-0.000004112950289815468f,0.5924655436122089f,0.000009948521014482018f,-0.000020176696474413547f,0.000014319181544868707f,-0.23981361362977244f,0f,0f,0f,1f], start_interpolation: 0, interpolation_duration: 1 }
$data merge entity $(bone_finger_left_0) { transformation: [0.1016242320137414f,-0.8107640878334539f,-1.2130268525413066f,-0.6394183822751527f,1.3531632293544842f,0.5071124610450296f,-0.22557983556794337f,0.7167324004733481f,0.5456389152448935f,-1.1066158237489214f,0.7853531870680437f,-0.647789939312223f,0f,0f,0f,1f], start_interpolation: 0, interpolation_duration: 1 }
$data merge entity $(bone_wing_left_1_model) { transformation: [0.772995444988342f,-0.6428493019045125f,-0.14212635262327916f,-0.32701744596834503f,0.17467383306970583f,-0.01108916137132006f,1.0001715680735268f,0.6937200464185834f,-0.6347788411012545f,-0.7858746010546479f,0.10214703788747824f,-0.2513306728721969f,0f,0f,0f,1f], start_interpolation: 0, interpolation_duration: 1 }
$data merge entity $(bone_wing_left_0) { transformation: [0.7603096674958707f,-0.47985570794758686f,-0.43779870838370344f,-0.12852655473189406f,0.6314789600153596f,0.7039550397630776f,0.32508710378925093f,0.614399186387854f,0.15219570483505235f,-0.5236275408554096f,0.8382426056264841f,-0.6670890072412596f,0f,0f,0f,1f], start_interpolation: 0, interpolation_duration: 1 }
$data merge entity $(bone_body_0) { transformation: [0.988971116440169f,-0.05933975697293459f,-0.1357015994359639f,0.00893165993539857f,0.11659124344444453f,0.8769501161446934f,0.4662241689851425f,0.5569117411220754f,0.09133790450390243f,-0.4769038551282653f,0.8741968314771188f,-0.17174751732713844f,0f,0f,0f,1f], start_interpolation: 0, interpolation_duration: 1 }
$data merge entity $(bone_leg_right_3) { transformation: [0.9379604820651233f,0.1263864029542748f,-0.3228879236398301f,0.1727174454297687f,0.02149891905195221f,0.9082153286681776f,0.4179506110197133f,0.057558947677881334f,0.3460750360308567f,-0.3989628979246488f,0.8491529164501568f,0.37369042554244536f,0f,0f,0f,1f], start_interpolation: 0, interpolation_duration: 1 }
$data merge entity $(bone_leg_right_2) { transformation: [0.8481144084778813f,-0.2616231274616434f,-0.46071172039508795f,0.1259025200767011f,0.41665580128010954f,0.8664824133309461f,0.2749657626829368f,0.201256385662446f,0.32726120055980196f,-0.42516063618986166f,0.8438830132446017f,0.29296604270569326f,0f,0f,0f,1f], start_interpolation: 0, interpolation_duration: 1 }
$data merge entity $(bone_leg_right_1) { transformation: [0.8787081330468968f,-0.31265839719168226f,-0.36071698543701114f,0.25024400217173104f,0.3358402597094708f,0.9419174521805758f,0.0016832218890569517f,0.18858465839937272f,0.3392393504231369f,-0.12262234683442014f,0.9326738032030849f,-0.0027814738836059727f,0f,0f,0f,1f], start_interpolation: 0, interpolation_duration: 1 }
$data merge entity $(bone_leg_right_0) { transformation: [0.8787081330468968f,-0.47478148559113575f,-0.04954349459929951f,0.06893324539889945f,0.3358402597094708f,0.6886223453196396f,-0.6426589962684364f,0.4666838735025417f,0.3392393504231369f,0.5480709867036868f,0.7645487928563715f,0.11906597367331355f,0f,0f,0f,1f], start_interpolation: 0, interpolation_duration: 1 }
$data merge entity $(bone_leg_left_3) { transformation: [0.9991078711937249f,-0.03937162602176286f,-0.015275365237707686f,-0.2555483266206791f,0.04170556008138253f,0.862985309764643f,0.5035047183380919f,0.028681654778359517f,-0.00664138366916911f,-0.5036925949374534f,0.8638574314249623f,0.32379970413122255f,0f,0f,0f,1f], start_interpolation: 0, interpolation_duration: 1 }
$data merge entity $(bone_leg_left_2) { transformation: [0.9325004509299905f,0.33444374261111076f,0.13634622122976967f,-0.19346369636308022f,-0.3495117032097558f,0.930767009587476f,0.10730490754388926f,0.18497719888771333f,-0.09101910972306762f,-0.14771647467990867f,0.9848326582589348f,0.2910244317318375f,0f,0f,0f,1f], start_interpolation: 0, interpolation_duration: 1 }
$data merge entity $(bone_leg_left_1) { transformation: [0.9585912995989855f,0.25750591595982814f,0.12162821867814114f,-0.2406983270545636f,-0.26672928655471617f,0.961467362635782f,0.0666032903106567f,0.15087751315304f,-0.09979082135717654f,-0.09628714260940258f,0.9903386179186271f,-0.024719248341718236f,0f,0f,0f,1f], start_interpolation: 0, interpolation_duration: 1 }
$data merge entity $(bone_leg_left_0) { transformation: [0.9585912995989855f,0.27731243998075417f,-0.06481150333890112f,-0.11666826451207665f,-0.26672928655471617f,0.7945092846112822f,-0.5455368771774101f,0.4597023762348551f,-0.09979082135717654f,0.5402340301187892f,0.8355770369478034f,0.09487720631675706f,0f,0f,0f,1f], start_interpolation: 0, interpolation_duration: 1 }
$data merge entity $(bone_tail_3) { transformation: [2.16700342490309f,-0.5127371987143399f,1.0028481671453953f,0.05584339004000015f,-0.9913610665916455f,0.1638457025892486f,2.22595272776026f,0.6728921789074335f,-0.5346093124315949f,-2.382176079896621f,-0.06275135268510146f,1.3494462372501685f,0f,0f,0f,1f], start_interpolation: 0, interpolation_duration: 1 }
$data merge entity $(bone_tail_2) { transformation: [1.1043888028852906f,-0.0008991416713478477f,0.34240126475503774f,-0.08437741485333126f,-0.2301283393006151f,0.8542062740699832f,0.7445042990407902f,0.3636752289748547f,-0.2535357608155811f,-0.779259196534588f,0.8157136661255174f,1.019320406420908f,0f,0f,0f,1f], start_interpolation: 0, interpolation_duration: 1 }
$data merge entity $(bone_tail_1) { transformation: [1.385400332959779f,-0.004021868318731322f,-0.005392799638226946f,-0.08274241194544364f,0.005271325054979148f,1.3389943488398641f,0.35559202351128666f,0.2505184018253122f,0.004179813976246317f,-0.35560835005369795f,1.3389938651110345f,0.6201047560677528f,0f,0f,0f,1f], start_interpolation: 0, interpolation_duration: 1 }
$data merge entity $(bone_tail_0) { transformation: [1.187045692865674f,-0.07118508133718718f,-0.1444283473624474f,-0.04098650438629399f,0.04465134074251821f,1.1778803451694035f,-0.21356144434630586f,0.3327464179337059f,0.15470333253270674f,0.20623994990399602f,1.1698445632837933f,0.2759766722440403f,0f,0f,0f,1f], start_interpolation: 0, interpolation_duration: 1 }
$data merge entity $(bone_body_1) { transformation: [1.011569373050748f,-0.09486473319029984f,-0.09914020550157095f,-0.014506326941229018f,0.038050707763189424f,0.9025759830871942f,-0.4754044939179156f,0.48505917666710263f,0.1318341442452631f,0.467394877587851f,0.8979211999168973f,0.02883170874406084f,0f,0f,0f,1f], start_interpolation: 0, interpolation_duration: 1 }
data modify entity @s data merge value {"locators":{"body_1":{"posx":-0.005226621375694693,"posy":0.2589038654615601,"posz":0.02290231700929469,"roty":186.3005536338172,"rotx":-27.755687145721684},"body_0":{"posx":0.0428899552695664,"posy":0.3405945890209437,"posz":-0.2633095862472507,"roty":188.82360301108025,"rotx":27.789476969836635},"neck_1":{"posx":0.10543554700708253,"posy":0.17247182678130057,"posz":-0.5750199086292536,"roty":189.10536663112066,"rotx":40.45096530991305},"neck_0":{"posx":0.13848576202408114,"posy":0.01457355306986427,"posz":-0.8682687111107321,"roty":185.53789633679432,"rotx":23.211059930918836},"pos_head":{"posx":0.10538490177120723,"posy":0.16088898919967373,"posz":-1.2238527219145094,"roty":178.77889718540644,"rotx":-0.4393021449200232},"head_0":{"posx":0.13878632368239932,"posy":-0.1045111055807724,"posz":-1.1953420684479412,"roty":178.77889718540644,"rotx":-0.4393021449200232},"arm_right_0":{"posx":0.40126428049942553,"posy":-0.06359144032952202,"posz":-0.52851587360633,"roty":160.6965878233713,"rotx":-38.42561798794246},"arm_left_0":{"posx":-0.30825683888453603,"posy":-0.09987605754258544,"posz":-0.6387382659908345,"roty":186.55860498628778,"rotx":-47.389675023054146},"finger_right_0":{"posx":0.5622920027242841,"posy":0.7609673962310178,"posz":-0.6384690478776094,"roty":148.18872251043817,"rotx":17.29228917663779},"finger_right_1":{"posx":0.97786923707246,"posy":0.9113035471538058,"posz":-0.22629230943339845,"roty":148.18872251043817,"rotx":17.29228917663779},"finger_right_2":{"posx":1.3241338405362995,"posy":1.0965898201392867,"posz":0.27984075097599914,"roty":148.18872251043817,"rotx":17.29228917663779},"finger_right_3":{"posx":1.6957349610411456,"posy":1.2954334434722714,"posz":0.823007445838226,"roty":148.18872251043817,"rotx":17.29228917663779},"finger_left_0":{"posx":-0.4772402410612855,"posy":0.6308248542289939,"posz":-0.677224898452456,"roty":225.984496698422,"rotx":5.93910478525012},"finger_left_1":{"posx":-0.9946538106417502,"posy":0.6797203895302624,"posz":-0.36886231262390623,"roty":225.984496698422,"rotx":5.93910478525012},"finger_left_2":{"posx":-1.4719757822648212,"posy":0.7435241225335754,"posz":0.05362280246171309,"roty":225.984496698422,"rotx":5.93910478525012},"finger_left_3":{"posx":-1.984223691725667,"posy":0.8119963497405529,"posz":0.5070209399330885,"roty":225.984496698422,"rotx":5.93910478525012},"leg_right_0":{"posx":0.3165708855707029,"posy":0.09165635415370921,"posz":-0.07711555387702092,"roty":183.7076375694534,"rotx":-39.990381123247666},"leg_left_0":{"posx":-0.2798708520486913,"posy":0.03940894045526748,"posz":-0.0979324825288103,"roty":184.43526467557558,"rotx":-33.06135957660581},"tail_0":{"posx":-0.05174830188075592,"posy":0.11922559730949985,"posz":0.420180005911017,"roty":187.03808995800654,"rotx":-10.269438093611454},"tail_1":{"posx":-0.08315453335334581,"posy":0.1349952444999612,"posz":0.9023932158107785,"roty":180.2307575833177,"rotx":14.872440149791029},"tail_2":{"posx":-0.007360995487494436,"posy":0.3804463936920025,"posz":1.3395772042795546,"roty":157.2294457730285,"rotx":40.08292251739274},"tail_3":{"posx":0.19038124047321395,"posy":0.8499181561973816,"posz":1.5665156341139412,"roty":86.41949168240333,"rotx":65.70527429326938},"tail_4":{"posx":0.37003071025560674,"posy":1.2486736611718694,"posz":1.555274403778849,"roty":86.41949168240333,"rotx":65.70527429326938},"shadow":{"posx":0.010731574681414882,"posy":0.1863926765075265,"posz":-0.052587119352202,"roty":185.4516500453306,"rotx":-2.057693091391195}},"cameras":{}}