# This file was generated by Animated Java via MC-Build. It is not recommended to edit this file directly.
$data merge entity $(bone_head_lower) { transformation: [0.9964969952255965f,-0.08334430417163105f,0.0068895187425136156f,0.09945400594591852f,0.08361354436470342f,0.9913693700097469f,-0.10097300334866419f,0.14206471822482947f,0.0015854668487780901f,0.10119535151687661f,0.9948653110478054f,-1.1295167056148785f,0f,0f,0f,1f], start_interpolation: 0, interpolation_duration: 1 }
$data merge entity $(bone_head_upper) { transformation: [0.9964969952255965f,-0.08353054474342841f,-0.004048036712149081f,0.09790438960803641f,0.08361354436470342f,0.996067689263679f,0.029290503643450004f,0.1556032296258842f,0.0015854668487780901f,-0.029526369566563487f,0.9995627443012718f,-1.1139470954354453f,0f,0f,0f,1f], start_interpolation: 0, interpolation_duration: 1 }
$data merge entity $(bone_neck_0) { transformation: [0.9867860143376496f,-0.15234695419676658f,0.055170349415096014f,0.11085015931996263f,0.14895486117827927f,0.9869525778218321f,0.06113148503185678f,0.15032283847828637f,-0.06376371412468886f,-0.052105802726844785f,0.9966038200223877f,-0.9259280985689293f,0f,0f,0f,1f], start_interpolation: 0, interpolation_duration: 1 }
$data merge entity $(bone_neck_1) { transformation: [0.9931316730043731f,-0.09930816121220341f,-0.06186573520281927f,0.09926495233597303f,0.11502187825861167f,0.925545176604301f,0.36074380602634676f,0.22063670869078028f,0.021434728768879967f,-0.3653820126677889f,0.9306108409111942f,-0.7664671316729699f,0f,0f,0f,1f], start_interpolation: 0, interpolation_duration: 1 }
$data merge entity $(bone_neck_2) { transformation: [0.9931316730043731f,-0.07610849132963257f,-0.0888649403480449f,0.06828913049852106f,0.11502187825861167f,0.7742303690034161f,0.6223642849928772f,0.4719428533590059f,0.021434728768879967f,-0.6283110959233182f,0.7776668432833196f,-0.6798149978171406f,0f,0f,0f,1f], start_interpolation: 0, interpolation_duration: 1 }
$data merge entity $(bone_arm_right_2) { transformation: [0.9848575861427084f,-0.05920838363648892f,0.16294140764186255f,0.46417767926058523f,0.06424765989954023f,0.9975996828920172f,-0.025828489912882502f,0.07890048399456273f,-0.16102103345398755f,0.03590598837103959f,0.9862976157248424f,-0.5546231840814652f,0f,0f,0f,1f], start_interpolation: 0, interpolation_duration: 1 }
$data merge entity $(bone_arm_right_1) { transformation: [0.8770858823760639f,0.42129580082913154f,0.23071671621350215f,0.4663537770411722f,-0.1816844389990163f,0.7356187877171706f,-0.6525762513171415f,0.3340360976594167f,-0.4446471854877906f,0.5304477800512141f,0.7217437447436074f,-0.32193290247954776f,0f,0f,0f,1f], start_interpolation: 0, interpolation_duration: 1 }
$data merge entity $(bone_arm_right_0) { transformation: [0.6867742235452754f,-0.7258587110311018f,-0.03834445845296393f,0.21930828791289717f,0.16664392888007923f,0.10588436870688825f,0.9803154091571522f,0.38000486643624365f,-0.7075104005180383f,-0.6796452251607532f,0.1936786025223079f,-0.5213862357992546f,0f,0f,0f,1f], start_interpolation: 0, interpolation_duration: 1 }
$data merge entity $(bone_arm_left_2) { transformation: [0.9942974281353334f,-0.028749631524870728f,-0.10269412393436103f,-0.3701121428101329f,0.032207133884242574f,0.998963367374206f,0.03216972445251143f,0.040935636921185015f,0.10166280013074665f,-0.03529375768563331f,0.994192650213229f,-0.6233356662624772f,0f,0f,0f,1f], start_interpolation: 0, interpolation_duration: 1 }
$data merge entity $(bone_arm_left_1) { transformation: [0.9403340771851678f,-0.3375557486460725f,-0.042754413109156536f,-0.3364373954066222f,0.19164983087458468f,0.6292785709181816f,-0.753179143702821f,0.2641678537782268f,0.2811443856989889f,0.7000461390073951f,0.6564245864155129f,-0.36203684755471427f,0f,0f,0f,1f], start_interpolation: 0, interpolation_duration: 1 }
$data merge entity $(bone_arm_left_0) { transformation: [0.7107053623652291f,0.6990085466597284f,0.07927761097537113f,-0.09682610196871679f,-0.36239475877317107f,0.2671906227005426f,0.8929049277244647f,0.35623407298848586f,0.6029659415912672f,-0.6633221109216474f,0.44321084197411764f,-0.5544854716370148f,0f,0f,0f,1f], start_interpolation: 0, interpolation_duration: 1 }
$data merge entity $(bone_finger_right_1_fire) { transformation: [0.000015807093804066738f,-9.749033189554508e-7f,0.000005192603081875446f,0.9703953165935743f,-0.0000010672070102771347f,0.00001545362829626058f,0.000006150139791582592f,1.3813655957465703f,-0.000005174420976730451f,-0.000006165445140254017f,0.000014594191706150355f,0.21635348294490475f,0f,0f,0f,1f], start_interpolation: 0, interpolation_duration: 1 }
$data merge entity $(bone_finger_right_1_fire_s) { transformation: [0.000009484256282440043f,-5.849419913732704e-7f,0.0000031155618491252676f,0.9703953165935743f,-6.403242061662808e-7f,0.000009272176977756347f,0.000003690083874949555f,1.3813655957465703f,-0.0000031046525860382705f,-0.00000369926708415241f,0.000008756515023690213f,0.21635348294490475f,0f,0f,0f,1f], start_interpolation: 0, interpolation_duration: 1 }
$data merge entity $(bone_finger_right_1) { transformation: [1.8855713143494262f,-0.11629270726624746f,0.6194069282658271f,0.6484167377954002f,-0.12730328231072238f,1.8434076863990578f,0.7336280352346376f,0.9665446747324726f,-0.6172380503986592f,-0.7354537551783966f,1.7408885895365336f,-0.679147673716207f,0f,0f,0f,1f], start_interpolation: 0, interpolation_duration: 1 }
$data merge entity $(bone_finger_right_2_fire) { transformation: [-0.000011410826352407467f,0.00000954419991868594f,0.000007515255660663611f,0.9644896591337242f,-0.000011828961089218607f,-0.000011076824137819983f,-0.000003893253696760421f,0.6586242574207254f,0.0000027652304212729474f,-0.00000799937451990728f,0.00001435762117432072f,-0.23089931250149026f,0f,0f,0f,1f], start_interpolation: 0, interpolation_duration: 1 }
$data merge entity $(bone_finger_right_2_fire_s) { transformation: [-0.00000684649581144448f,0.0000057265199512115645f,0.000004509153396398166f,0.9644896591337242f,-0.000007097376653531164f,-0.000006646094482691989f,-0.000002335952218056252f,0.6586242574207254f,0.0000016591382527637683f,-0.000004799624711944368f,0.000008614572704592432f,-0.23089931250149026f,0f,0f,0f,1f], start_interpolation: 0, interpolation_duration: 1 }
$data merge entity $(bone_finger_right_2) { transformation: [-0.8505669900976758f,0.7114280024088214f,0.5601897872853467f,0.7234006731396568f,-0.881734899726736f,-0.8256703481215496f,-0.29020449319531555f,0.7835266658502094f,0.2061212434323329f,-0.5962761764949704f,1.0702221075012772f,-0.6933368423206452f,0f,0f,0f,1f], start_interpolation: 0, interpolation_duration: 1 }
$data merge entity $(bone_finger_film_right) { transformation: [0.28491511747027615f,0.35615516959091853f,0.5514493158156626f,0.7705552572872516f,-1.080383667967501f,0.10122063376727414f,0.12118591054719767f,0.883422234319154f,-0.0314543346843051f,-0.250621343002799f,0.8326028292891419f,-0.6593823620038014f,0f,0f,0f,1f], start_interpolation: 0, interpolation_duration: 1 }
$data merge entity $(bone_finger_right_0_fire) { transformation: [0.000005489616373997957f,0.000013244703977688322f,0.000008498217835965284f,1.1414971010839952f,-0.00001569658132527145f,0.000005250366160597449f,0.000001956723704709161f,0.9783301569901912f,-0.0000011221517469803618f,-0.000008648077792251769f,0.000014203144149577889f,-0.07156584966720014f,0f,0f,0f,1f], start_interpolation: 0, interpolation_duration: 1 }
$data merge entity $(bone_finger_right_0_fire_s) { transformation: [0.000003293769824398774f,0.000007946822386612993f,0.00000509893070157917f,1.1414971010839952f,-0.000009417948795162868f,0.0000031502196963584696f,0.0000011740342228254964f,0.9783301569901912f,-6.732910481882171e-7f,-0.000005188846675351061f,0.000008521886489746732f,-0.07156584966720014f,0f,0f,0f,1f], start_interpolation: 0, interpolation_duration: 1 }
$data merge entity $(bone_fire_large_right) { transformation: [0.00000878338619839673f,0.000021191526364301315f,0.000013597148537544452f,1.0587297228329537f,-0.000025114530120434316f,0.000008400585856955919f,0.000003130757927534657f,0.9435103013430467f,-0.0000017954427951685787f,-0.000013836924467602828f,0.000022725030639324618f,-0.00989686606253104f,0f,0f,0f,1f], start_interpolation: 0, interpolation_duration: 1 }
$data merge entity $(bone_finger_right_0) { transformation: [0.48173565804340734f,1.1622754217404616f,0.7457523955218516f,0.7264800693993515f,-1.3774374052033374f,0.46074050079791457f,0.17171028306495506f,0.8741589237331119f,-0.09847327635072099f,-0.7589032023793167f,1.2463823566234542f,-0.6329835097526204f,0f,0f,0f,1f], start_interpolation: 0, interpolation_duration: 1 }
$data merge entity $(bone_wing_right_1_model) { transformation: [0.7469252586526609f,0.6877788130954359f,-0.006328134443022507f,0.395277562061939f,-0.008800219880898477f,0.018897285712885233f,1.0151564075375645f,0.8381440003128368f,0.6877516246135252f,-0.7467129836098736f,0.019862174899481933f,-0.25309972776776346f,0f,0f,0f,1f], start_interpolation: 0, interpolation_duration: 1 }
$data merge entity $(bone_wing_right_0) { transformation: [0.8703153930433272f,0.35248066519463506f,0.34396002281629495f,0.22744835468499172f,-0.49110083257310266f,0.6736349487158588f,0.5523005776880808f,0.6467435226098794f,-0.03702821731928463f,-0.6495947479256046f,0.7593784133023708f,-0.6452026803650942f,0f,0f,0f,1f], start_interpolation: 0, interpolation_duration: 1 }
$data merge entity $(bone_finger_left_1_fire) { transformation: [0.000014201767126400843f,-7.022080743930479e-8f,-0.00000872253732026758f,-1.1063921419029366f,0.0000021233669151339174f,0.0000161926283660767f,0.0000033268419438892493f,1.0525040385475302f,0.000008460431502528279f,-0.000003946090902920088f,0.000013806782505518667f,0.15349126898940846f,0f,0f,0f,1f], start_interpolation: 0, interpolation_duration: 1 }
$data merge entity $(bone_finger_left_1_fire_s) { transformation: [0.000008521060275840505f,-4.213248446358287e-8f,-0.000005233522392160548f,-1.1063921419029366f,0.0000012740201490803503f,0.00000971557701964602f,0.0000019961051663335494f,1.0525040385475302f,0.000005076258901516967f,-0.000002367654541752053f,0.0000082840695033112f,0.15349126898940846f,0f,0f,0f,1f], start_interpolation: 0, interpolation_duration: 1 }
$data merge entity $(bone_finger_left_1) { transformation: [1.6940776741467012f,-0.008376387324527884f,-1.0404800758003667f,-0.5625789669130585f,0.25328879518543046f,1.9315603443271716f,0.3968469988555505f,0.8119582421408553f,1.009214416383189f,-0.47071497788208677f,1.6469613806663017f,-0.697434035509037f,0f,0f,0f,1f], start_interpolation: 0, interpolation_duration: 1 }
$data merge entity $(bone_finger_left_2_fire) { transformation: [-0.000012233364137276928f,-0.000006151821374879354f,-0.000009501456384899213f,-0.9117453043799896f,0.000010707362043921236f,-0.000010826448524884167f,-0.000006776296051399044f,0.40785540849350255f,-0.000003670827934262166f,-0.000011077945833383954f,0.00001189881994852555f,-0.3651277957984782f,0f,0f,0f,1f], start_interpolation: 0, interpolation_duration: 1 }
$data merge entity $(bone_finger_left_2_fire_s) { transformation: [-0.000007340018482366156f,-0.0000036910928249276124f,-0.000005700873830939528f,-0.9117453043799896f,0.000006424417226352741f,-0.0000064958691149305f,-0.000004065777630839426f,0.40785540849350255f,-0.0000022024967605572996f,-0.000006646767500030372f,0.00000713929196911533f,-0.3651277957984782f,0f,0f,0f,1f], start_interpolation: 0, interpolation_duration: 1 }
$data merge entity $(bone_finger_left_2) { transformation: [-0.91187924447007f,-0.45855891842098817f,-0.708241884440122f,-0.6065854051709445f,0.7981305143306041f,-0.8070072623018493f,-0.5051074793749026f,0.6255132948009069f,-0.2736247990096788f,-0.8257539597014815f,0.8869422035500762f,-0.7486319812088771f,0f,0f,0f,1f], start_interpolation: 0, interpolation_duration: 1 }
$data merge entity $(bone_finger_film_left) { transformation: [0.11668107914747992f,-0.3120741791041873f,-0.7127017331220259f,-0.6731275036046396f,1.089988101724739f,0.09469530595403193f,-0.06537124076792832f,0.7133062692746219f,0.21841779508987813f,-0.30585239064266123f,0.7069601719010216f,-0.7137016375439317f,0f,0f,0f,1f], start_interpolation: 0, interpolation_duration: 1 }
$data merge entity $(bone_finger_left_0_fire) { transformation: [0.000002878371044463862f,-0.000011946289680226162f,-0.000011259614593061863f,-1.1597791718078643f,0.00001589553821972336f,0.0000048844475089883495f,-0.0000011188453937114552f,0.6784654048862017f,0.000004101782857914818f,-0.000010545430915132734f,0.000012237117388439847f,-0.20962834382137063f,0f,0f,0f,1f], start_interpolation: 0, interpolation_duration: 1 }
$data merge entity $(bone_finger_left_0_fire_s) { transformation: [0.0000017270226266783172f,-0.000007167773808135697f,-0.000006755768755837118f,-1.1597791718078643f,0.000009537322931834016f,0.0000029306685053930095f,-6.71307236226873e-7f,0.6784654048862017f,0.0000024610697147488907f,-0.0000063272585490796404f,0.0000073422704330639076f,-0.20962834382137063f,0f,0f,0f,1f], start_interpolation: 0, interpolation_duration: 1 }
$data merge entity $(bone_fire_large_left) { transformation: [0.000004605393671142179f,-0.00001911406348836186f,-0.00001801538334889898f,-1.0863048990630653f,0.000025432861151557374f,0.000007815116014381359f,-0.000001790152629938328f,0.6448607634629142f,0.0000065628525726637085f,-0.000016872689464212373f,0.000019579387821503752f,-0.1365654660508705f,0f,0f,0f,1f], start_interpolation: 0, interpolation_duration: 1 }
$data merge entity $(bone_finger_left_0) { transformation: [0.2525885006766056f,-1.0483344059413247f,-0.9880759375091859f,-0.6340852444975789f,1.3948966635451483f,0.42862968459257583f,-0.09818313070862017f,0.7054635494184651f,0.3599477503688855f,-0.925403480890785f,1.0738556933772154f,-0.6799447973538036f,0f,0f,0f,1f], start_interpolation: 0, interpolation_duration: 1 }
$data merge entity $(bone_wing_left_1_model) { transformation: [0.7965054897736443f,-0.6149944659783187f,-0.13541748269085951f,-0.3360201883660179f,0.15907526472933836f,-0.01476752581400845f,1.0027233234419473f,0.6844266289784672f,-0.6093038223690852f,-0.8077999814553201f,0.08476511693525395f,-0.27249107767221087f,0f,0f,0f,1f], start_interpolation: 0, interpolation_duration: 1 }
$data merge entity $(bone_wing_left_0) { transformation: [0.732349688476634f,-0.4817091524628291f,-0.4812693904890687f,-0.11865433561469388f,0.652155566985973f,0.6994797757995314f,0.29226898517742494f,0.620719351162072f,0.19584956021748237f,-0.5279056124734612f,0.8264131013492214f,-0.6814395939593493f,0f,0f,0f,1f], start_interpolation: 0, interpolation_duration: 1 }
$data merge entity $(bone_body_0) { transformation: [0.9917941643344752f,-0.01683198320338912f,-0.1267320793387383f,0.010241457506633163f,0.07457503826747543f,0.8813388745684507f,0.4665622700581578f,0.5547380164342588f,0.1038407398831692f,-0.47218478640872946f,0.8753619983896139f,-0.18485617019632508f,0f,0f,0f,1f], start_interpolation: 0, interpolation_duration: 1 }
$data merge entity $(bone_leg_right_3) { transformation: [0.9375064658418837f,0.12214250289131914f,-0.3258263885754262f,0.17100528970303439f,0.021198156789124074f,0.9145825357023337f,0.4038433155780009f,0.05643902369675963f,0.3473215580026733f,-0.3855126384124563f,0.8548378448400971f,0.36556600466167616f,0f,0f,0f,1f], start_interpolation: 0, interpolation_duration: 1 }
$data merge entity $(bone_leg_right_2) { transformation: [0.8479182115736794f,-0.2605411709037204f,-0.4616849626593992f,0.12438354515891753f,0.4163940324340265f,0.8663285380006531f,0.27584574312282134f,0.20010557603284568f,0.32810168581557675f,-0.4261374924948156f,0.8430635333444373f,0.28467501889044594f,0f,0f,0f,1f], start_interpolation: 0, interpolation_duration: 1 }
$data merge entity $(bone_leg_right_1) { transformation: [0.8784482554005859f,-0.3119390891205309f,-0.36197053369344845f,0.2491153733192078f,0.33556921464792044f,0.9420120507338949f,0.00256874535512136f,0.18714720984342997f,0.3401793126635487f,-0.12372267759297395f,0.9321859976876826f,-0.010895653199409827f,0f,0f,0f,1f], start_interpolation: 0, interpolation_duration: 1 }
$data merge entity $(bone_leg_right_0) { transformation: [0.8784482554005859f,-0.47452936888246916f,-0.05612967710286563f,0.0684022096041872f,0.33556921464792044f,0.6962595552159078f,-0.6345202391973985f,0.4672598290196988f,0.3401793126635487f,0.5385578054754673f,0.7708654392286658f,0.10716889472667401f,0f,0f,0f,1f], start_interpolation: 0, interpolation_duration: 1 }
$data merge entity $(bone_leg_left_3) { transformation: [0.9993525544697247f,-0.02980258896541447f,-0.02015632818232181f,-0.26071863392003425f,0.03585566531005758f,0.8712738662277622f,0.4894856701617534f,0.027343390934953637f,0.002973741752075959f,-0.48989147340965833f,0.8717783555127447f,0.3127858148598675f,0f,0f,0f,1f], start_interpolation: 0, interpolation_duration: 1 }
$data merge entity $(bone_leg_left_2) { transformation: [0.9312606407318481f,0.34125055923455133f,0.1276780123819792f,-0.19741620184505548f,-0.3545058572961103f,0.929557622600589f,0.1012335093133236f,0.18344357368296593f,-0.08413807798171337f,-0.13953738598399607f,0.9866357492744199f,0.281440130261418f,0f,0f,0f,1f], start_interpolation: 0, interpolation_duration: 1 }
$data merge entity $(bone_leg_left_1) { transformation: [0.9579159420088521f,0.264011770074079f,0.1126713508734333f,-0.24186976361076776f,-0.27183282258973973f,0.9604351707179573f,0.06059042342535048f,0.1513111449268057f,-0.09221694317308411f,-0.08866830386513402f,0.9917832259528752f,-0.03491308732729011f,0f,0f,0f,1f], start_interpolation: 0, interpolation_duration: 1 }
$data merge entity $(bone_leg_left_0) { transformation: [0.9579159420088521f,0.27804459223052636f,-0.07133198985485406f,-0.11710482410496693f,-0.27183282258973973f,0.798849563570934f,-0.5366062721823361f,0.4608212646833236f,-0.09221694317308411f,0.5334140788485888f,0.8408123785232489f,0.08212007069680027f,0f,0f,0f,1f], start_interpolation: 0, interpolation_duration: 1 }
$data merge entity $(bone_tail_3) { transformation: [2.165339852328442f,-0.5001421962372962f,1.0127530954261268f,0.05006926585551967f,-1.0060619199231369f,0.141448395382238f,2.220887095184802f,0.686204066976976f,-0.5134690468108469f,-2.386285368479795f,-0.0806188748398057f,1.3352796903674993f,0f,0f,0f,1f], start_interpolation: 0, interpolation_duration: 1 }
$data merge entity $(bone_tail_2) { transformation: [1.1046348395212164f,0.006675149835558123f,0.34154264183350336f,-0.08983817547388485f,-0.23744240516046383f,0.8461178358270329f,0.7514118541964798f,0.3741991011700936f,-0.24559527285261432f,-0.7880064167061398f,0.8097177975581363f,1.0076535778493492f,0f,0f,0f,1f], start_interpolation: 0, interpolation_duration: 1 }
$data merge entity $(bone_tail_1) { transformation: [1.3853721230037634f,0.0035342071710706678f,-0.010532353084399024f,-0.0867016670936305f,-0.0005979377728123702f,1.3352595172334951f,0.3694062863373751f,0.25692393592808327f,0.011093401292765894f,-0.3693898635518073f,1.335218111557326f,0.6096372789562099f,0f,0f,0f,1f], start_interpolation: 0, interpolation_duration: 1 }
$data merge entity $(bone_tail_0) { transformation: [1.1864414544168336f,-0.06712445838972683f,-0.1511797691654933f,-0.04287589450373752f,0.04117892180617866f,1.1802383399739804f,-0.2008633802665915f,0.3354185234271289f,0.16020396973210943f,0.1937423758993539f,1.171239907167069f,0.26489528569799914f,0f,0f,0f,1f], start_interpolation: 0, interpolation_duration: 1 }
$data merge entity $(bone_body_1) { transformation: [1.0110544568073885f,-0.09329460851236561f,-0.10566785621410588f,-0.014506326941229017f,0.03509160293048268f,0.9077463276990423f,-0.4656886066859659f,0.48505917666710263f,0.1365216437717106f,0.4575952523965599f,0.9022577903295945f,0.016331708744060813f,0f,0f,0f,1f], start_interpolation: 0, interpolation_duration: 1 }
data modify entity @s data merge value {"locators":{"body_1":{"posx":-0.006174028598051747,"posy":0.2588171900912165,"posz":0.01277759525122174,"roty":186.6797623370501,"rotx":-27.14118955749907},"body_0":{"posx":0.03624267702255989,"posy":0.33770839786048845,"posz":-0.2773330312237545,"roty":188.23785985429788,"rotx":27.811376424219397},"neck_1":{"posx":0.10195276469417387,"posy":0.1664565749136408,"posz":-0.6002625948327421,"roty":186.5189820986419,"rotx":38.488993397849754},"neck_0":{"posx":0.1254786091444113,"posy":0.019162287172568376,"posz":-0.8998789647998988,"roty":183.80334875244378,"rotx":21.145882719782225},"pos_head":{"posx":0.09748691380110422,"posy":0.1631592790021462,"posz":-1.2504366617253009,"roty":180.232035609839,"rotx":1.6784622984825752},"head_0":{"posx":0.11967873007748435,"posy":-0.10206222848413525,"posz":-1.21131124909732,"roty":180.232035609839,"rotx":1.6784622984825752},"arm_right_0":{"posx":0.4111200819832893,"posy":-0.06996013010994516,"posz":-0.5632053532408136,"roty":162.2727050885835,"rotx":-40.73612298016526},"arm_left_0":{"posx":-0.3126921071560318,"posy":-0.10118110907293912,"posz":-0.6627566594185863,"roty":183.72653964257523,"rotx":-48.86652071475704},"finger_right_0":{"posx":0.6052610060519633,"posy":0.7527939429159041,"posz":-0.7045708893758382,"roty":160.41447735513185,"rotx":21.654474968939528},"finger_right_1":{"posx":0.9197020580497586,"posy":0.9610181110826056,"posz":-0.23237963542562948,"roty":160.41447735513185,"rotx":21.654474968939528},"finger_right_2":{"posx":1.1456054531084083,"posy":1.1953999388818257,"posz":0.319375444575158,"roty":160.41447735513185,"rotx":21.654474968939528},"finger_right_3":{"posx":1.3880385547162706,"posy":1.4469314831672737,"posz":0.9115023829780419,"roty":160.41447735513185,"rotx":21.654474968939528},"finger_left_0":{"posx":-0.4853386021456034,"posy":0.6105848862177388,"posz":-0.7384319623317255,"roty":212.2829536801654,"rotx":11.514184036053818},"finger_left_1":{"posx":-0.9110542893044261,"posy":0.710392598396107,"posz":-0.32129932875593226,"roty":212.2829536801654,"rotx":11.514184036053818},"finger_left_2":{"posx":-1.2698189375897408,"posy":0.8345863579016902,"posz":0.19470909234665693,"roty":212.2829536801654,"rotx":11.514184036053818},"finger_left_3":{"posx":-1.6548347280639528,"posy":0.9678673407807264,"posz":0.7484737159878923,"roty":212.2829536801654,"rotx":11.514184036053818},"leg_right_0":{"posx":0.3153927681092172,"posy":0.08917505319874088,"posz":-0.08389339656224165,"roty":184.16457642737967,"rotx":-39.38441058157373},"leg_left_0":{"posx":-0.2811578695385824,"posy":0.03926139686206989,"posz":-0.10717099876307806,"roty":184.8491899013706,"rotx":-32.45291054515479},"tail_0":{"posx":-0.055278572605028414,"posy":0.12344457348486909,"posz":0.4112331710449171,"roty":187.3548833570272,"rotx":-9.652797214704607},"tail_1":{"posx":-0.08902005705157649,"posy":0.14432189808247287,"posz":0.8930944192218611,"roty":180.45194628435752,"rotx":15.46437258863512},"tail_2":{"posx":-0.014347618100789689,"posy":0.39394441369312483,"posz":1.3281040666513564,"roty":157.1297620825385,"rotx":40.531779417489744},"tail_3":{"posx":0.1842865790015004,"posy":0.8648842300274154,"posz":1.5511890812554254,"roty":85.44864242450583,"rotx":65.41801816208081},"tail_4":{"posx":0.3657104102198134,"posy":1.262732281375215,"posz":1.5367470763798017,"roty":85.44864242450583,"rotx":65.41801816208081},"shadow":{"posx":0.010731574681414884,"posy":0.1863926765075265,"posz":-0.06508711935220202,"roty":185.4516500453306,"rotx":-2.057693091391195}},"cameras":{}}