# This file was generated by Animated Java via MC-Build. It is not recommended to edit this file directly.
$data merge entity $(bone_head_lower) { transformation: [0.9975862230663822f,-0.06902027574740728f,-0.007611115811847759f,0.09859007111950072f,0.06807335637699853f,0.9937078666235472f,-0.08894208206495213f,0.1455501202178456f,0.013702032685687565f,0.08820928151974927f,0.9960077193245285f,-1.1375630422839915f,0f,0f,0f,1f], start_interpolation: 0, interpolation_duration: 1 }
$data merge entity $(bone_head_upper) { transformation: [0.9975862230663822f,-0.06743634775490406f,-0.016554955440264467f,0.09705207109289576f,0.06807335637699853f,0.9968158293707091f,0.04152373378629795f,0.15929980638985297f,0.013702032685687565f,-0.042550456136977347f,0.9990003568481917f,-1.1221784379998347f,0f,0f,0f,1f], start_interpolation: 0, interpolation_duration: 1 }
$data merge entity $(bone_neck_0) { transformation: [0.9880784975250181f,-0.14393886455827987f,0.05461214149230163f,0.10975024963159952f,0.1407474892354304f,0.9883225618045f,0.058383714356940286f,0.15348020313589783f,-0.06237809713853426f,-0.05000117096492385f,0.9967993057278436f,-0.9341584732445923f,0f,0f,0f,1f], start_interpolation: 0, interpolation_duration: 1 }
$data merge entity $(bone_neck_1) { transformation: [0.9944649459816228f,-0.08836843547385181f,-0.05683740692247467f,0.09912951085335489f,0.1027133869466026f,0.9315483415110225f,0.3488088983526949f,0.22175950824392687f,0.02212309552763296f,-0.35271618482849176f,0.935468792426721f,-0.7737490167581229f,0f,0f,0f,1f], start_interpolation: 0, interpolation_duration: 1 }
$data merge entity $(bone_neck_2) { transformation: [0.9944649459816228f,-0.06718713693214096f,-0.08077969945864509f,0.07125647605545943f,0.1027133869466026f,0.7835445850871086f,0.612786947741732f,0.4722230799738588f,0.02212309552763296f,-0.6176922954121512f,0.7861086418763898f,-0.6836714648613168f,0f,0f,0f,1f], start_interpolation: 0, interpolation_duration: 1 }
$data merge entity $(bone_arm_right_2) { transformation: [0.9896746294874164f,-0.060830624687200796f,0.1297835230262658f,0.4675220507389944f,0.06668014123730867f,0.9969230733603602f,-0.04120854967486692f,0.07658344169402798f,-0.12687744682770435f,0.049437039776854486f,0.9906856679010675f,-0.560907438807616f,0f,0f,0f,1f], start_interpolation: 0, interpolation_duration: 1 }
$data merge entity $(bone_arm_right_1) { transformation: [0.8849725763559624f,0.4121865905849844f,0.21662352974646157f,0.46566180859923684f,-0.1764048396363973f,0.72731265468782f,-0.6632477929731937f,0.3283255861830765f,-0.43093488098638133f,0.5487426690834982f,0.7163634632477922f,-0.3245472981304952f,0f,0f,0f,1f], start_interpolation: 0, interpolation_duration: 1 }
$data merge entity $(bone_arm_right_0) { transformation: [0.689337085839992f,-0.7239783986613989f,-0.02587779660835738f,0.21936231059148315f,0.15771268763865115f,0.11511045085797181f,0.9807529211075884f,0.3774378705106901f,-0.7070651244711623f,-0.6801506174186349f,0.19353048178937787f,-0.5241738854957062f,0f,0f,0f,1f], start_interpolation: 0, interpolation_duration: 1 }
$data merge entity $(bone_arm_left_2) { transformation: [0.9944911124801178f,-0.03800078752059634f,-0.09769015992346275f,-0.36643091799549155f,0.04063382625872351f,0.9988586507991977f,0.02510553499096968f,0.03906290058129891f,0.09662463123672482f,-0.028936756408094955f,0.9949001682414897f,-0.6338349558165539f,0f,0f,0f,1f], start_interpolation: 0, interpolation_duration: 1 }
$data merge entity $(bone_arm_left_1) { transformation: [0.9399422784212005f,-0.3399064113452772f,-0.031179236083284722f,-0.33352503324418736f,0.1961505017368464f,0.612644948093114f,-0.7656312090323704f,0.2577463617995538f,0.2793447581479654f,0.7135333202467564f,0.6425237015028267f,-0.3686210224495271f,0f,0f,0f,1f], start_interpolation: 0, interpolation_duration: 1 }
$data merge entity $(bone_arm_left_0) { transformation: [0.720624408829682f,0.6897063136732845f,0.07075070514192294f,-0.09681652223592757f,-0.3705206673261795f,0.29684771468757565f,0.8801112823779309f,0.35892204089759844f,0.5860161230572356f,-0.660444271050913f,0.46946615251048085f,-0.5600858922014743f,0f,0f,0f,1f], start_interpolation: 0, interpolation_duration: 1 }
$data merge entity $(bone_finger_right_1_fire) { transformation: [0.000016136305611118422f,-0.0000012492302107589751f,0.000003979553100901276f,0.9023592586858296f,-3.436367392179657e-7f,0.000015449371414473532f,0.000006243125376515005f,1.385126042803903f,-0.000004156841684960532f,-0.000006126509981706796f,0.000014931989834847833f,0.22225539948370543f,0f,0f,0f,1f], start_interpolation: 0, interpolation_duration: 1 }
$data merge entity $(bone_finger_right_1_fire_s) { transformation: [0.000009681783366671052f,-7.49538126455385e-7f,0.0000023877318605407653f,0.9023592586858296f,-2.0618204353077942e-7f,0.000009269622848684118f,0.0000037458752259090025f,1.385126042803903f,-0.000002494105010976319f,-0.0000036759059890240776f,0.0000089591939009087f,0.22225539948370543f,0f,0f,0f,1f], start_interpolation: 0, interpolation_duration: 1 }
$data merge entity $(bone_finger_right_1) { transformation: [1.9248418056501162f,-0.14901617461267938f,0.47470656301534986f,0.6564481961243698f,-0.04099118952904994f,1.8428998982954552f,0.7447199509131194f,0.9644911561591302f,-0.49585467996887594f,-0.7308093202818695f,1.7811833122355925f,-0.694403187311017f,0f,0f,0f,1f], start_interpolation: 0, interpolation_duration: 1 }
$data merge entity $(bone_finger_right_2_fire) { transformation: [-0.000011039999264705063f,0.000010506492355282816f,0.000006746096085994705f,0.9563506959438017f,-0.000012330977497164955f,-0.00001058851161384691f,-0.0000036889285091498286f,0.6666246527064301f,0.000001960405054446876f,-0.0000074347036235206155f,0.000014787148874299133f,-0.22859453018302833f,0f,0f,0f,1f], start_interpolation: 0, interpolation_duration: 1 }
$data merge entity $(bone_finger_right_2_fire_s) { transformation: [-0.000006623999558823038f,0.00000630389541316969f,0.000004047657651596823f,0.9563506959438017f,-0.000007398586498298973f,-0.000006353106968308146f,-0.000002213357105489897f,0.6666246527064301f,0.0000011762430326681257f,-0.000004460822174112369f,0.00000887228932457948f,-0.22859453018302833f,0f,0f,0f,1f], start_interpolation: 0, interpolation_duration: 1 }
$data merge entity $(bone_finger_right_2) { transformation: [-0.8229254091908579f,0.7831576174351053f,0.5028563633836752f,0.7400537214032373f,-0.9191553784807996f,-0.7892713616752134f,-0.2749740221970064f,0.7849880009593324f,0.1461292789002392f,-0.5541854102434948f,1.1022392525923632f,-0.7048074199490818f,0f,0f,0f,1f], start_interpolation: 0, interpolation_duration: 1 }
$data merge entity $(bone_finger_film_right) { transformation: [0.33294368980349537f,0.36668642933119316f,0.49144863193414995f,0.780568463988585f,-1.066850421199991f,0.11854277105360897f,0.1376665240872543f,0.8865235663213281f,-0.019327378246407085f,-0.22669771298004432f,0.8669117685697807f,-0.6673284826733792f,0f,0f,0f,1f], start_interpolation: 0, interpolation_duration: 1 }
$data merge entity $(bone_finger_right_0_fire) { transformation: [0.000006225808577947817f,0.000013529004863420729f,0.000007482186360554473f,1.1087989870282369f,-0.00001543634727776884f,0.000005887406895924889f,0.0000021989544196531966f,0.9922687722195863f,-8.580606322676979e-7f,-0.000007751273780813839f,0.000014729537144934252f,-0.05641417393992343f,0f,0f,0f,1f], start_interpolation: 0, interpolation_duration: 1 }
$data merge entity $(bone_finger_right_0_fire_s) { transformation: [0.00000373548514676869f,0.000008117402918052437f,0.000004489311816332683f,1.1087989870282369f,-0.000009261808366661305f,0.000003532444137554933f,0.0000013193726517919178f,0.9922687722195863f,-5.148363793606187e-7f,-0.000004650764268488303f,0.000008837722286960551f,-0.05641417393992343f,0f,0f,0f,1f], start_interpolation: 0, interpolation_duration: 1 }
$data merge entity $(bone_fire_large_right) { transformation: [0.000009961293724716507f,0.000021646407781473162f,0.000011971498176887154f,1.0238558012736867f,-0.000024698155644430144f,0.000009419851033479821f,0.000003518327071445114f,0.9534051012269373f,-0.0000013728970116283166f,-0.00001240203804930214f,0.000023567259431894803f,-0.0003767305693074263f,0f,0f,0f,1f], start_interpolation: 0, interpolation_duration: 1 }
$data merge entity $(bone_finger_right_0) { transformation: [0.5463394503040183f,1.187223954559501f,0.6565915948294381f,0.7353428464563387f,-1.3546008331046449f,0.5166433575598203f,0.1929669911683861f,0.8751526995316791f,-0.07529823127250375f,-0.680205085579693f,1.2925754343781315f,-0.643861965722074f,0f,0f,0f,1f], start_interpolation: 0, interpolation_duration: 1 }
$data merge entity $(bone_wing_right_1_model) { transformation: [0.7663297156682213f,0.6660017575206431f,-0.012550255181351153f,0.41538782288006193f,-0.025802329555564663f,0.04879477635672743f,1.0138690214379975f,0.8240856238513818f,0.6656200791106052f,-0.764877645000526f,0.05375110701260019f,-0.2561445427702003f,0f,0f,0f,1f], start_interpolation: 0, interpolation_duration: 1 }
$data merge entity $(bone_wing_right_0) { transformation: [0.8692634918021492f,0.3257138334589405f,0.3718756250595296f,0.23294054406169626f,-0.4868611763541366f,0.6944940254000121f,0.5297586654720744f,0.6443116670477689f,-0.08571567405673652f,-0.6415516716346145f,0.7622757216675802f,-0.6472197778570975f,0f,0f,0f,1f], start_interpolation: 0, interpolation_duration: 1 }
$data merge entity $(bone_finger_left_1_fire) { transformation: [0.00001481278696475848f,-5.5337542369598984e-8f,-0.000007639113683593361f,-1.0344809501978856f,0.0000020291339335913196f,0.00001609605519584875f,0.000003818036195417285f,1.0812836722694708f,0.00000736489888552498f,-0.000004323392495063656f,0.0000143123834324475f,0.16293043353966796f,0f,0f,0f,1f], start_interpolation: 0, interpolation_duration: 1 }
$data merge entity $(bone_finger_left_1_fire_s) { transformation: [0.000008887672178855088f,-3.320252542175939e-8f,-0.000004583468210156017f,-1.0344809501978856f,0.0000012174803601547916f,0.00000965763311750925f,0.0000022908217172503707f,1.0812836722694708f,0.000004418939331314988f,-0.0000025940354970381935f,0.0000085874300594685f,0.16293043353966796f,0f,0f,0f,1f], start_interpolation: 0, interpolation_duration: 1 }
$data merge entity $(bone_finger_left_1) { transformation: [1.7669640309929655f,-0.006601016214116932f,-0.9112423705065911f,-0.5581150052517059f,0.24204808205594755f,1.9200404785140919f,0.4554397928210243f,0.8103556344045859f,0.8785322744182869f,-0.5157219265231613f,1.7072726950763053f,-0.7187398041861391f,0f,0f,0f,1f], start_interpolation: 0, interpolation_duration: 1 }
$data merge entity $(bone_finger_left_2_fire) { transformation: [-0.000012266270158031602f,-0.000007135506551552362f,-0.00000874076314978929f,-0.8897813890391244f,0.000010865566376475223f,-0.000010950883737149654f,-0.000006308358777972294f,0.4211160274413347f,-0.000003042344738252421f,-0.000010341202512568944f,0.000012711469107284302f,-0.35249725263193704f,0f,0f,0f,1f], start_interpolation: 0, interpolation_duration: 1 }
$data merge entity $(bone_finger_left_2_fire_s) { transformation: [-0.000007359762094818961f,-0.000004281303930931417f,-0.000005244457889873573f,-0.8897813890391244f,0.000006519339825885134f,-0.000006570530242289792f,-0.000003785015266783376f,0.4211160274413347f,-0.0000018254068429514524f,-0.000006204721507541366f,0.0000076268814643705814f,-0.35249725263193704f,0f,0f,0f,1f], start_interpolation: 0, interpolation_duration: 1 }
$data merge entity $(bone_finger_left_2) { transformation: [-0.9143320707742307f,-0.531883155780006f,-0.6515395444523959f,-0.6091497638553512f,0.8099231206506947f,-0.816282706576443f,-0.47022727123562696f,0.6237141963585222f,-0.22677744160999377f,-0.7708368547077683f,0.9475173562711593f,-0.7620980981907467f,0f,0f,0f,1f], start_interpolation: 0, interpolation_duration: 1 }
$data merge entity $(bone_finger_film_left) { transformation: [0.15231682399005145f,-0.3315495088920752f,-0.6608493070195124f,-0.671357412881937f,1.0921253536128346f,0.093951402226911f,-0.03473077684135064f,0.7136119518788225f,0.1829116356880249f,-0.2848705605501065f,0.7576818664326245f,-0.7246256003496557f,0f,0f,0f,1f], start_interpolation: 0, interpolation_duration: 1 }
$data merge entity $(bone_finger_left_0_fire) { transformation: [0.000003460997625962659f,-0.000012584488997376428f,-0.000010364840080086622f,-1.1208795362300474f,0.000015923918575508744f,0.000004882026920433827f,-6.102525104452667e-7f,0.7001777173429542f,0.000003496868658017651f,-0.000009776207219614805f,0.00001303746370140691f,-0.1862177629218692f,0f,0f,0f,1f], start_interpolation: 0, interpolation_duration: 1 }
$data merge entity $(bone_finger_left_0_fire_s) { transformation: [0.0000020765985755775953f,-0.000007550693398425857f,-0.000006218904048051973f,-1.1208795362300474f,0.000009554351145305247f,0.000002929216152260296f,-3.6615150626716e-7f,0.7001777173429542f,0.0000020981211948105905f,-0.000005865724331768883f,0.000007822478220844146f,-0.1862177629218692f,0f,0f,0f,1f], start_interpolation: 0, interpolation_duration: 1 }
$data merge entity $(bone_fire_large_left) { transformation: [0.000005537596201540254f,-0.000020135182395802285f,-0.000016583744128138594f,-1.0429532986181669f,0.00002547826972081399f,0.000007811243072694123f,-9.764040167124265e-7f,0.6667776430988728f,0.000005594989852828241f,-0.000015641931551383688f,0.000020859941922251054f,-0.11782287041651884f,0f,0f,0f,1f], start_interpolation: 0, interpolation_duration: 1 }
$data merge entity $(bone_finger_left_0) { transformation: [0.3037162991437865f,-1.104338932863546f,-0.9095559172669194f,-0.630130176908716f,1.39738715257723f,0.42841726832507704f,-0.053552083545301166f,0.7057571436554128f,0.30686412479396447f,-0.8579010439448971f,1.1440892637166693f,-0.6935780962256739f,0f,0f,0f,1f], start_interpolation: 0, interpolation_duration: 1 }
$data merge entity $(bone_wing_left_1_model) { transformation: [0.8071973107808148f,-0.602260481284284f,-0.1291971253290208f,-0.3387004102218614f,0.15122641421007846f,-0.012685378807857289f,1.0039655053095713f,0.6837615786354481f,-0.5971098359223551f,-0.8173729117664489f,0.07961438310414969f,-0.28140246667077995f,0f,0f,0f,1f], start_interpolation: 0, interpolation_duration: 1 }
$data merge entity $(bone_wing_left_0) { transformation: [0.7242256199371538f,-0.47618127846020264f,-0.49874707164117904f,-0.1132108022007616f,0.6555918573952264f,0.6996993304976371f,0.28393690041668596f,0.6240406093984527f,0.21376755587254528f,-0.532608896794979f,0.8189207502018205f,-0.6865361019671735f,0f,0f,0f,1f], start_interpolation: 0, interpolation_duration: 1 }
$data merge entity $(bone_body_0) { transformation: [0.9919335931840337f,0.0016957001210298472f,-0.1267472733991179f,0.010241457506633165f,0.05808887721754255f,0.8826558035210754f,0.46641656794561837f,0.5547380164342588f,0.11266511907691958f,-0.47001686896500194f,0.8754374414152726f,-0.18902283686299173f,0f,0f,0f,1f], start_interpolation: 0, interpolation_duration: 1 }
$data merge entity $(bone_leg_right_3) { transformation: [0.9375064658418837f,0.12214250289131914f,-0.3258263885754262f,0.17100528970303439f,0.021198156789124074f,0.9145825357023337f,0.4038433155780009f,0.05643902369675963f,0.3473215580026733f,-0.3855126384124563f,0.8548378448400971f,0.3613993379950095f,0f,0f,0f,1f], start_interpolation: 0, interpolation_duration: 1 }
$data merge entity $(bone_leg_right_2) { transformation: [0.8479182115736794f,-0.2605411709037204f,-0.4616849626593992f,0.12438354515891753f,0.4163940324340265f,0.8663285380006531f,0.27584574312282134f,0.20010557603284568f,0.32810168581557675f,-0.4261374924948156f,0.8430635333444373f,0.2805083522237793f,0f,0f,0f,1f], start_interpolation: 0, interpolation_duration: 1 }
$data merge entity $(bone_leg_right_1) { transformation: [0.8784482554005859f,-0.3119390891205309f,-0.36197053369344845f,0.2491153733192078f,0.33556921464792044f,0.9420120507338949f,0.00256874535512136f,0.18714720984342997f,0.3401793126635487f,-0.12372267759297395f,0.9321859976876826f,-0.015062319866076479f,0f,0f,0f,1f], start_interpolation: 0, interpolation_duration: 1 }
$data merge entity $(bone_leg_right_0) { transformation: [0.8784482554005859f,-0.47452936888246916f,-0.05612967710286563f,0.0684022096041872f,0.33556921464792044f,0.6962595552159078f,-0.6345202391973985f,0.4672598290196988f,0.3401793126635487f,0.5385578054754673f,0.7708654392286658f,0.10300222806000736f,0f,0f,0f,1f], start_interpolation: 0, interpolation_duration: 1 }
$data merge entity $(bone_leg_left_3) { transformation: [0.9993525544697247f,-0.02980258896541447f,-0.02015632818232181f,-0.26071863392003425f,0.03585566531005758f,0.8712738662277622f,0.4894856701617534f,0.027343390934953637f,0.002973741752075959f,-0.48989147340965833f,0.8717783555127447f,0.30861914819320085f,0f,0f,0f,1f], start_interpolation: 0, interpolation_duration: 1 }
$data merge entity $(bone_leg_left_2) { transformation: [0.9312606407318481f,0.34125055923455133f,0.1276780123819792f,-0.19741620184505548f,-0.3545058572961103f,0.929557622600589f,0.1012335093133236f,0.18344357368296593f,-0.08413807798171337f,-0.13953738598399607f,0.9866357492744199f,0.27727346359475136f,0f,0f,0f,1f], start_interpolation: 0, interpolation_duration: 1 }
$data merge entity $(bone_leg_left_1) { transformation: [0.9579159420088521f,0.264011770074079f,0.1126713508734333f,-0.24186976361076776f,-0.27183282258973973f,0.9604351707179573f,0.06059042342535048f,0.1513111449268057f,-0.09221694317308411f,-0.08866830386513402f,0.9917832259528752f,-0.03907975399395676f,0f,0f,0f,1f], start_interpolation: 0, interpolation_duration: 1 }
$data merge entity $(bone_leg_left_0) { transformation: [0.9579159420088521f,0.27804459223052636f,-0.07133198985485406f,-0.11710482410496693f,-0.27183282258973973f,0.798849563570934f,-0.5366062721823361f,0.4608212646833236f,-0.09221694317308411f,0.5334140788485888f,0.8408123785232489f,0.07795340403013362f,0f,0f,0f,1f], start_interpolation: 0, interpolation_duration: 1 }
$data merge entity $(bone_tail_3) { transformation: [2.165339852328442f,-0.5001421962372962f,1.0127530954261268f,0.05006926585551967f,-1.0060619199231369f,0.141448395382238f,2.220887095184802f,0.686204066976976f,-0.5134690468108469f,-2.386285368479795f,-0.0806188748398057f,1.3311130237008326f,0f,0f,0f,1f], start_interpolation: 0, interpolation_duration: 1 }
$data merge entity $(bone_tail_2) { transformation: [1.1046348395212164f,0.006675149835558123f,0.34154264183350336f,-0.08983817547388485f,-0.23744240516046383f,0.8461178358270329f,0.7514118541964798f,0.3741991011700936f,-0.24559527285261432f,-0.7880064167061398f,0.8097177975581363f,1.0034869111826825f,0f,0f,0f,1f], start_interpolation: 0, interpolation_duration: 1 }
$data merge entity $(bone_tail_1) { transformation: [1.3853721230037634f,0.0035342071710706678f,-0.010532353084399024f,-0.0867016670936305f,-0.0005979377728123702f,1.3352595172334951f,0.3694062863373751f,0.25692393592808327f,0.011093401292765894f,-0.3693898635518073f,1.335218111557326f,0.6054706122895432f,0f,0f,0f,1f], start_interpolation: 0, interpolation_duration: 1 }
$data merge entity $(bone_tail_0) { transformation: [1.1864414544168336f,-0.06712445838972683f,-0.1511797691654933f,-0.04287589450373752f,0.04117892180617866f,1.1802383399739804f,-0.2008633802665915f,0.3354185234271289f,0.16020396973210943f,0.1937423758993539f,1.171239907167069f,0.2607286190313325f,0f,0f,0f,1f], start_interpolation: 0, interpolation_duration: 1 }
$data merge entity $(bone_body_1) { transformation: [1.0110544568073885f,-0.09329460851236561f,-0.10566785621410588f,-0.014506326941229015f,0.03509160293048268f,0.9077463276990423f,-0.4656886066859659f,0.48505917666710263f,0.1365216437717106f,0.4575952523965599f,0.9022577903295945f,0.012165042077394161f,0f,0f,0f,1f], start_interpolation: 0, interpolation_duration: 1 }
data modify entity @s data merge value {"locators":{"body_1":{"posx":-0.006174028598051747,"posy":0.2588171900912165,"posz":0.008610928584555089,"roty":186.6797623370501,"rotx":-27.14118955749907},"body_0":{"posx":0.033502506800964046,"posy":0.3375404572865532,"posz":-0.2818346489672909,"roty":188.23813368702258,"rotx":27.801938478037933},"neck_1":{"posx":0.10128009337885359,"posy":0.16530143645601417,"posz":-0.608296544965018,"roty":185.8670611473181,"rotx":37.79129138449025},"neck_0":{"posx":0.12281008279461039,"posy":0.021811223322703147,"posz":-0.9099023472985559,"roty":183.47691464664982,"rotx":20.41447931622301},"head_0":{"posx":0.11602548159013015,"posy":-0.09984082542032958,"posz":-1.2161546651178754,"roty":180.94939131671725,"rotx":2.3798189187237773},"arm_right_0":{"posx":0.4144741823582968,"posy":-0.07206681758909941,"posz":-0.5726236140885593,"roty":163.17503379512112,"rotx":-41.54804085727213},"arm_left_0":{"posx":-0.30778531639757906,"posy":-0.10169437865233653,"posz":-0.6762180473018846,"roty":182.7781673718026,"rotx":-49.96317989426318},"finger_right_0":{"posx":0.6243157925518671,"posy":0.7493086588493022,"posz":-0.7237653044190512,"roty":165.07686147828537,"rotx":21.998821513942964},"finger_right_1":{"posx":0.8986718830228694,"posy":0.9668187400311502,"posz":-0.23120753125635046,"roty":165.07686147828537,"rotx":21.998821513942964},"finger_right_2":{"posx":1.0785449863237517,"posy":1.2059844574714755,"posz":0.3352254124522295,"roty":165.07686147828537,"rotx":21.998821513942964},"finger_right_3":{"posx":1.2715797626260308,"posy":1.4626499443668308,"posz":0.9431042167240202,"roty":165.07686147828537,"rotx":21.998821513942964},"finger_left_0":{"posx":-0.4877801037352274,"posy":0.606575208122228,"posz":-0.760268973714965,"roty":208.0906932445928,"rotx":13.243041392475572},"finger_left_1":{"posx":-0.8803245107351535,"posy":0.7245023312210552,"posz":-0.3162001255979465,"roty":208.0906932445928,"rotx":13.243041392475572},"finger_left_2":{"posx":-1.1985091267990051,"posy":0.8677164038526046,"posz":0.221060642473562,"roty":208.0906932445928,"rotx":13.243041392475572},"finger_left_3":{"posx":-1.5399756534515932,"posy":1.0214094198523858,"posz":0.7976326724203076,"roty":208.0906932445928,"rotx":13.243041392475572},"leg_right_0":{"posx":0.3153927681092172,"posy":0.08917505319874086,"posz":-0.0880600632289083,"roty":184.16457642737967,"rotx":-39.38441058157373},"leg_left_0":{"posx":-0.2811578695385824,"posy":0.03926139686206993,"posz":-0.11133766542974471,"roty":184.8491899013706,"rotx":-32.45291054515479},"tail_0":{"posx":-0.055278572605028414,"posy":0.12344457348486909,"posz":0.4070665043782504,"roty":187.3548833570272,"rotx":-9.652797214704607},"tail_1":{"posx":-0.08902005705157649,"posy":0.14432189808247287,"posz":0.8889277525551944,"roty":180.45194628435752,"rotx":15.46437258863512},"tail_2":{"posx":-0.014347618100789689,"posy":0.39394441369312483,"posz":1.3239373999846897,"roty":157.1297620825385,"rotx":40.531779417489744},"tail_3":{"posx":0.1842865790015004,"posy":0.8648842300274154,"posz":1.5470224145887588,"roty":85.44864242450583,"rotx":65.41801816208081},"tail_4":{"posx":0.3657104102198134,"posy":1.262732281375215,"posz":1.532580409713135,"roty":85.44864242450583,"rotx":65.41801816208081},"shadow":{"posx":0.010731574681414885,"posy":0.1863926765075265,"posz":-0.06925378601886867,"roty":185.4516500453306,"rotx":-2.057693091391195}},"cameras":{}}