# This file was generated by Animated Java via MC-Build. It is not recommended to edit this file directly.
$data merge entity $(bone_head_lower) { transformation: [0.9986003454016696f,-0.039044850619909234f,-0.03567702066785472f,0.09709359206091729f,0.03673183185375577f,0.99731606532877f,-0.06333591687034579f,0.15231097487290932f,0.03805420728819571f,0.06193678613884418f,0.9973543561996697f,-1.1532909546843189f,0f,0f,0f,1f], start_interpolation: 0, interpolation_duration: 1 }
$data merge entity $(bone_head_upper) { transformation: [0.9986003454016696f,-0.03405403085268589f,-0.04046817448748927f,0.09561255395290524f,0.03673183185375577f,0.9970508841956085f,0.06738179912574539f,0.1664887382063261f,0.03805420728819571f,-0.06877395806145817f,0.9969062242759985f,-1.138294191170985f,0f,0f,0f,1f], start_interpolation: 0, interpolation_duration: 1 }
$data merge entity $(bone_neck_0) { transformation: [0.9904789881887323f,-0.12698977334317832f,0.05315046023199556f,0.10774846219838786f,0.12418042353418898f,0.9908325714898776f,0.05319809851513174f,0.15965281096392717f,-0.059418821660263334f,-0.04609135212818588f,0.9971684867120004f,-0.9502712976271648f,0f,0f,0f,1f], start_interpolation: 0, interpolation_duration: 1 }
$data merge entity $(bone_neck_1) { transformation: [0.9966784943724853f,-0.0660669219064707f,-0.04761450078704387f,0.09891455034526839f,0.07799700002849341f,0.9425523339733637f,0.32482543882510084f,0.22383517382253076f,0.023418941947711713f,-0.3274603175213272f,0.9445746628016659f,-0.7880719029680803f,0f,0f,0f,1f], start_interpolation: 0, interpolation_duration: 1 }
$data merge entity $(bone_neck_2) { transformation: [0.9966784943724853f,-0.04869118677879561f,-0.06527746307469018f,0.07718877828003795f,0.07799700002849341f,0.8012512445964726f,0.5932224802038089f,0.47238942798434125f,0.023418941947711713f,-0.5963435346867404f,0.8023876505750657f,-0.6912646421116911f,0f,0f,0f,1f], start_interpolation: 0, interpolation_duration: 1 }
$data merge entity $(bone_arm_right_2) { transformation: [0.9958852535018511f,-0.06526942839799428f,0.06286862153850958f,0.4743086231837911f,0.06968425373012609f,0.9950536827096346f,-0.07079741032035425f,0.07159232362544263f,-0.05793674688510472f,0.07488704989911349f,0.9955075404625415f,-0.5726235765798938f,0f,0f,0f,1f], start_interpolation: 0, interpolation_duration: 1 }
$data merge entity $(bone_arm_right_1) { transformation: [0.9001809123671072f,0.39242809076846524f,0.1888769932674149f,0.46397958580618015f,-0.1666653020409622f,0.7110762973141234f,-0.6830762596472159f,0.3167890134607254f,-0.40236426544303977f,0.5834129694940396f,0.7055014563561365f,-0.32969235546094444f,0f,0f,0f,1f], start_interpolation: 0, interpolation_duration: 1 }
$data merge entity $(bone_arm_right_0) { transformation: [0.6941165796580836f,-0.7198621309140013f,-0.0008284441536972609f,0.2192948630961527f,0.139442772459983f,0.1333264463242758f,0.9812134181304356f,0.3721147320179811f,-0.7062279285417961f,-0.6811920222569351f,0.19292366822417306f,-0.5296790673001773f,0f,0f,0f,1f], start_interpolation: 0, interpolation_duration: 1 }
$data merge entity $(bone_arm_left_2) { transformation: [0.9945632987881146f,-0.055112497452714154f,-0.08835415852254887f,-0.35918146655694555f,0.05631899162060868f,0.9983497901871206f,0.01121907376611364f,0.03602274598042876f,0.08759004444878947f,-0.016134096127650377f,0.9960259409551551f,-0.6554772250898906f,0f,0f,0f,1f], start_interpolation: 0, interpolation_duration: 1 }
$data merge entity $(bone_arm_left_1) { transformation: [0.9391277658871672f,-0.34343961131925765f,-0.009395356121771871f,-0.32745605409225176f,0.20387103285208374f,0.5790752547930911f,-0.7893721880394196f,0.24532714529097063f,0.27654229568657707f,0.7394058984503664f,0.6138430385963529f,-0.38266071065780904f,0f,0f,0f,1f], start_interpolation: 0, interpolation_duration: 1 }
$data merge entity $(bone_arm_left_0) { transformation: [0.7395503615697082f,0.670769812255926f,0.05597429470983242f,-0.09664210174807897f,-0.3859050423688301f,0.35439890454453704f,0.8517503828774854f,0.36413203594241605f,0.5514912156838263f,-0.6515130661957452f,0.5209492908141765f,-0.5711721186266323f,0f,0f,0f,1f], start_interpolation: 0, interpolation_duration: 1 }
$data merge entity $(bone_finger_right_1_fire) { transformation: [0.00001648681641701594f,-0.000001692918072390996f,0.000001759741631479844f,0.7804957394548563f,9.399202157116235e-7f,0.000015485213454017487f,0.000006091181498641305f,1.368690842023659f,-0.000002253710761718989f,-0.0000059262104638179616f,0.000015413584758868527f,0.22645246785889517f,0f,0f,0f,1f], start_interpolation: 0, interpolation_duration: 1 }
$data merge entity $(bone_finger_right_1_fire_s) { transformation: [0.000009892089850209563f,-0.0000010157508434345975f,0.0000010558449788879063f,0.7804957394548563f,5.639521294269741e-7f,0.000009291128072410492f,0.0000036547088991847833f,1.368690842023659f,-0.0000013522264570313935f,-0.0000035557262782907766f,0.000009248150855321116f,0.22645246785889517f,0f,0f,0f,1f], start_interpolation: 0, interpolation_duration: 1 }
$data merge entity $(bone_finger_right_1) { transformation: [1.9666529778467299f,-0.20194210235046128f,0.20991324414935722f,0.6736749641028826f,0.112119698819463f,1.8471753661613115f,0.7265951127195261f,0.9573797770009927f,-0.268837043406716f,-0.7069163118711748f,1.8386310369802943f,-0.7206913718193174f,0f,0f,0f,1f], start_interpolation: 0, interpolation_duration: 1 }
$data merge entity $(bone_finger_right_2_fire) { transformation: [-0.00001023591216016136f,0.000012054808987214288f,0.000005261697474106252f,0.9396169946121509f,-0.000013146446767403703f,-0.000009588410396163386f,-0.000003607090412554751f,0.6689499731926263f,4.1811173035364955e-7f,-0.000006365669181971456f,0.000015397441872740328f,-0.22903422195150902f,0f,0f,0f,1f], start_interpolation: 0, interpolation_duration: 1 }
$data merge entity $(bone_finger_right_2_fire_s) { transformation: [-0.000006141547296096815f,0.000007232885392328573f,0.0000031570184844637507f,0.9396169946121509f,-0.000007887868060442222f,-0.000005753046237698031f,-0.0000021642542475328506f,0.6689499731926263f,2.508670382121897e-7f,-0.000003819401509182873f,0.000009238465123644197f,-0.22903422195150902f,0f,0f,0f,1f], start_interpolation: 0, interpolation_duration: 1 }
$data merge entity $(bone_finger_right_2) { transformation: [-0.7629884749876835f,0.8985696810900984f,0.39220877131399584f,0.7711480643037089f,-0.9799407432986404f,-0.7147234668736573f,-0.2688737818334755f,0.7847482531009452f,0.031166194719666654f,-0.47449920880836594f,1.1477307062987194f,-0.7247982360503329f,0f,0f,0f,1f], start_interpolation: 0, interpolation_duration: 1 }
$data merge entity $(bone_finger_film_right) { transformation: [0.4120327336132407f,0.38035386299245905f,0.376972457606003f,0.7993627843182428f,-1.039048693409171f,0.15105507571227256f,0.14832933202892734f,0.8878487827140857f,-0.0013070961474218195f,-0.18004577779938166f,0.9208148671884822f,-0.6808687868454484f,0f,0f,0f,1f], start_interpolation: 0, interpolation_duration: 1 }
$data merge entity $(bone_finger_right_0_fire) { transformation: [0.0000074232452840000244f,0.000013849395203757151f,0.00000555584914495503f,1.046437776414882f,-0.000014916067452457725f,0.000007065142174020502f,0.0000023178601321878512f,0.9997749621685998f,-4.291141865289085e-7f,-0.000006004647893823834f,0.000015541487781544413f,-0.03390658078253905f,0f,0f,0f,1f], start_interpolation: 0, interpolation_duration: 1 }
$data merge entity $(bone_finger_right_0_fire_s) { transformation: [0.000004453947170400014f,0.00000830963712225429f,0.000003333509486973018f,1.046437776414882f,-0.000008949640471474635f,0.000004239085304412301f,0.0000013907160793127107f,0.9997749621685998f,-2.574685119173451e-7f,-0.0000036027887362943f,0.000009324892668926648f,-0.03390658078253905f,0f,0f,0f,1f], start_interpolation: 0, interpolation_duration: 1 }
$data merge entity $(bone_fire_large_right) { transformation: [0.000011877192454400037f,0.000022159032326011438f,0.000008889358631928048f,0.9587794092889054f,-0.000023865707923932358f,0.000011304227478432801f,0.0000037085762115005615f,0.9533148855718164f,-6.865826984462535e-7f,-0.000009607436630118134f,0.00002486638045047106f,0.011075601735657692f,0f,0f,0f,1f], start_interpolation: 0, interpolation_duration: 1 }
$data merge entity $(bone_finger_right_0) { transformation: [0.651419281071006f,1.2153394804756248f,0.487547846970155f,0.7527235333662506f,-1.308944210321289f,0.6199943097104407f,0.20340144009350936f,0.87258476422035f,-0.037656475596803164f,-0.5269317211584194f,1.3638273302444537f,-0.663060908796482f,0f,0f,0f,1f], start_interpolation: 0, interpolation_duration: 1 }
$data merge entity $(bone_wing_right_1_model) { transformation: [0.7972919371555738f,0.6285918541259629f,-0.01322614513137615f,0.4517959878272034f,-0.058123880650725775f,0.09495853604585766f,1.009248024011921f,0.7982613087038469f,0.6260385487225626f,-0.7917273775740935f,0.11054672385392542f,-0.26403396774286586f,0f,0f,0f,1f], start_interpolation: 0, interpolation_duration: 1 }
$data merge entity $(bone_wing_right_0) { transformation: [0.8600409079294552f,0.28617192613933773f,0.422415986176635f,0.24375204681881701f,-0.4822183665154681f,0.7264173528287614f,0.48967670610761954f,0.6389251289332228f,-0.16671857629859804f,-0.6248387457568199f,0.7627459984280562f,-0.6511712135137653f,0f,0f,0f,1f], start_interpolation: 0, interpolation_duration: 1 }
$data merge entity $(bone_finger_left_1_fire) { transformation: [0.000015698070531533218f,1.5340423676118248e-7f,-0.000005596858628277985f,-0.8964407512556585f,0.0000014744911505978207f,0.00001595903027701359f,0.0000045730740472848045f,1.127035862414575f,0.000005401317914323751f,-0.000004802457447524635f,0.000015017987382831898f,0.16782158946626813f,0f,0f,0f,1f], start_interpolation: 0, interpolation_duration: 1 }
$data merge entity $(bone_finger_left_1_fire_s) { transformation: [0.000009418842318919931f,9.204254205670948e-8f,-0.0000033581151769667908f,-0.8964407512556585f,8.846946903586924e-7f,0.000009575418166208153f,0.000002743844428370883f,1.127035862414575f,0.0000032407907485942506f,-0.000002881474468514781f,0.000009010792429699138f,0.16782158946626813f,0f,0f,0f,1f], start_interpolation: 0, interpolation_duration: 1 }
$data merge entity $(bone_finger_left_1) { transformation: [1.8725663206526841f,0.018299039147989117f,-0.667629117076219f,-0.5475998394478365f,0.17588674118667186f,1.9036952692359537f,0.5455055400340341f,0.8093627931073835f,0.6443037692551887f,-0.5728678600684026f,1.791441650143439f,-0.7568744484744707f,0f,0f,0f,1f], start_interpolation: 0, interpolation_duration: 1 }
$data merge entity $(bone_finger_left_2_fire) { transformation: [-0.000012030879510075551f,-0.000008879285556562321f,-0.000007361657693539253f,-0.848488914218161f,0.000011385089741049226f,-0.000010846483301095266f,-0.000005523704315501944f,0.44708187529784865f,-0.0000018480929576397391f,-0.000009016089273175086f,0.000013895051796083281f,-0.33990686027677747f,0f,0f,0f,1f], start_interpolation: 0, interpolation_duration: 1 }
$data merge entity $(bone_finger_left_2_fire_s) { transformation: [-0.000007218527706045331f,-0.0000053275713339373924f,-0.000004416994616123552f,-0.848488914218161f,0.000006831053844629536f,-0.000006507889980657159f,-0.000003314222589301166f,0.44708187529784865f,-0.0000011088557745838435f,-0.000005409653563905052f,0.000008337031077649968f,-0.33990686027677747f,0f,0f,0f,1f], start_interpolation: 0, interpolation_duration: 1 }
$data merge entity $(bone_finger_left_2) { transformation: [-0.8967859694888599f,-0.6618650531361001f,-0.5487405410566086f,-0.6123184340812272f,0.8486485740792186f,-0.8085006615327963f,-0.4117388529740252f,0.6244486560624344f,-0.1377574958950013f,-0.6720624500537165f,1.035742024148176f,-0.7874976434453682f,0f,0f,0f,1f], start_interpolation: 0, interpolation_duration: 1 }
$data merge entity $(bone_finger_film_left) { transformation: [0.22482202841463286f,-0.359922308986491f,-0.5614726995531908f,-0.6650732945919158f,1.0875154671135472f,0.10298062612117345f,0.018524913538684254f,0.7183179005757533f,0.12712212109926552f,-0.24444652018925317f,0.8345148766821571f,-0.7455324701888489f,0f,0f,0f,1f], start_interpolation: 0, interpolation_duration: 1 }
$data merge entity $(bone_finger_left_0_fire) { transformation: [0.00000461112509016177f,-0.000013470027196191532f,-0.000008664506363002964f,-1.0436347290898116f,0.00001581615963901312f,0.000005249913312809799f,2.5550393150085005e-7f,0.7416988204175021f,0.0000025227757438802498f,-0.000008293042585180704f,0.00001423512644848111f,-0.15538148074727065f,0f,0f,0f,1f], start_interpolation: 0, interpolation_duration: 1 }
$data merge entity $(bone_finger_left_0_fire_s) { transformation: [0.0000027666750540970616f,-0.000008082016317714918f,-0.000005198703817801778f,-1.0436347290898116f,0.000009489695783407872f,0.0000031499479876858797f,1.5330235890051004e-7f,0.7416988204175021f,0.0000015136654463281497f,-0.000004975825551108422f,0.000008541075869088666f,-0.15538148074727065f,0f,0f,0f,1f], start_interpolation: 0, interpolation_duration: 1 }
$data merge entity $(bone_fire_large_left) { transformation: [0.000007377800144258831f,-0.000021552043513906447f,-0.000013863210180804741f,-0.9593870096980814f,0.00002530585542242099f,0.000008399861300495679f,4.0880629040136006e-7f,0.7062327256556932f,0.000004036441190208399f,-0.000013268868136289124f,0.000022776202317569775f,-0.0961328293844711f,0f,0f,0f,1f], start_interpolation: 0, interpolation_duration: 1 }
$data merge entity $(bone_finger_left_0) { transformation: [0.4046445558839286f,-1.1820484298239116f,-0.760344874766303f,-0.6206883639784267f,1.3879308775579662f,0.4607007616044783f,0.02242148561732731f,0.7092189542462964f,0.2213835995590738f,-0.7277474516938828f,1.2491889304818502f,-0.7195995254914895f,0f,0f,0f,1f], start_interpolation: 0, interpolation_duration: 1 }
$data merge entity $(bone_wing_left_1_model) { transformation: [0.8270216287795783f,-0.5780701292444312f,-0.1133456406216825f,-0.34196210055257026f,0.1340585960329371f,-0.005551605172280457f,1.006466370800102f,0.683850824644721f,-0.5736206075467397f,-0.8347342022447487f,0.07180037076764649f,-0.2989191343774599f,0f,0f,0f,1f], start_interpolation: 0, interpolation_duration: 1 }
$data merge entity $(bone_wing_left_0) { transformation: [0.711998094050248f,-0.4620028157036414f,-0.5287836158115348f,-0.10213450332415824f,0.6575954327435315f,0.7027819872640212f,0.2714143054669006f,0.6301857045743847f,0.24622542700472894f,-0.5409721588576807f,0.8041903769861951f,-0.6965976433881198f,0f,0f,0f,1f], start_interpolation: 0, interpolation_duration: 1 }
$data merge entity $(bone_body_0) { transformation: [0.9911747916681778f,0.0388121170335883f,-0.12675232515782445f,0.010241457506633165f,0.025043752393929707f,0.8841337856462399f,0.4665621711464398f,0.5547380164342588f,0.13017427867123113f,-0.46561901663293265f,0.8753591197458361f,-0.19735617019632506f,0f,0f,0f,1f], start_interpolation: 0, interpolation_duration: 1 }
$data merge entity $(bone_leg_right_3) { transformation: [0.9375064658418837f,0.12214250289131914f,-0.3258263885754262f,0.17100528970303439f,0.021198156789124074f,0.9145825357023337f,0.4038433155780009f,0.05643902369675963f,0.3473215580026733f,-0.3855126384124563f,0.8548378448400971f,0.35306600466167615f,0f,0f,0f,1f], start_interpolation: 0, interpolation_duration: 1 }
$data merge entity $(bone_leg_right_2) { transformation: [0.8479182115736794f,-0.2605411709037204f,-0.4616849626593992f,0.12438354515891753f,0.4163940324340265f,0.8663285380006531f,0.27584574312282134f,0.20010557603284568f,0.32810168581557675f,-0.4261374924948156f,0.8430635333444373f,0.27217501889044593f,0f,0f,0f,1f], start_interpolation: 0, interpolation_duration: 1 }
$data merge entity $(bone_leg_right_1) { transformation: [0.8784482554005859f,-0.3119390891205309f,-0.36197053369344845f,0.2491153733192078f,0.33556921464792044f,0.9420120507338949f,0.00256874535512136f,0.18714720984342997f,0.3401793126635487f,-0.12372267759297395f,0.9321859976876826f,-0.023395653199409824f,0f,0f,0f,1f], start_interpolation: 0, interpolation_duration: 1 }
$data merge entity $(bone_leg_right_0) { transformation: [0.8784482554005859f,-0.47452936888246916f,-0.05612967710286563f,0.0684022096041872f,0.33556921464792044f,0.6962595552159078f,-0.6345202391973985f,0.4672598290196988f,0.3401793126635487f,0.5385578054754673f,0.7708654392286658f,0.09466889472667402f,0f,0f,0f,1f], start_interpolation: 0, interpolation_duration: 1 }
$data merge entity $(bone_leg_left_3) { transformation: [0.9993525544697247f,-0.02980258896541447f,-0.02015632818232181f,-0.26071863392003425f,0.03585566531005758f,0.8712738662277622f,0.4894856701617534f,0.027343390934953637f,0.002973741752075959f,-0.48989147340965833f,0.8717783555127447f,0.3002858148598675f,0f,0f,0f,1f], start_interpolation: 0, interpolation_duration: 1 }
$data merge entity $(bone_leg_left_2) { transformation: [0.9312606407318481f,0.34125055923455133f,0.1276780123819792f,-0.19741620184505548f,-0.3545058572961103f,0.929557622600589f,0.1012335093133236f,0.18344357368296593f,-0.08413807798171337f,-0.13953738598399607f,0.9866357492744199f,0.268940130261418f,0f,0f,0f,1f], start_interpolation: 0, interpolation_duration: 1 }
$data merge entity $(bone_leg_left_1) { transformation: [0.9579159420088521f,0.264011770074079f,0.1126713508734333f,-0.24186976361076776f,-0.27183282258973973f,0.9604351707179573f,0.06059042342535048f,0.1513111449268057f,-0.09221694317308411f,-0.08866830386513402f,0.9917832259528752f,-0.047413087327290104f,0f,0f,0f,1f], start_interpolation: 0, interpolation_duration: 1 }
$data merge entity $(bone_leg_left_0) { transformation: [0.9579159420088521f,0.27804459223052636f,-0.07133198985485406f,-0.11710482410496693f,-0.27183282258973973f,0.798849563570934f,-0.5366062721823361f,0.4608212646833236f,-0.09221694317308411f,0.5334140788485888f,0.8408123785232489f,0.06962007069680028f,0f,0f,0f,1f], start_interpolation: 0, interpolation_duration: 1 }
$data merge entity $(bone_tail_3) { transformation: [2.165339852328442f,-0.5001421962372962f,1.0127530954261268f,0.05006926585551967f,-1.0060619199231369f,0.141448395382238f,2.220887095184802f,0.686204066976976f,-0.5134690468108469f,-2.386285368479795f,-0.0806188748398057f,1.3227796903674993f,0f,0f,0f,1f], start_interpolation: 0, interpolation_duration: 1 }
$data merge entity $(bone_tail_2) { transformation: [1.1046348395212164f,0.006675149835558123f,0.34154264183350336f,-0.08983817547388485f,-0.23744240516046383f,0.8461178358270329f,0.7514118541964798f,0.3741991011700936f,-0.24559527285261432f,-0.7880064167061398f,0.8097177975581363f,0.9951535778493492f,0f,0f,0f,1f], start_interpolation: 0, interpolation_duration: 1 }
$data merge entity $(bone_tail_1) { transformation: [1.3853721230037634f,0.0035342071710706678f,-0.010532353084399024f,-0.0867016670936305f,-0.0005979377728123702f,1.3352595172334951f,0.3694062863373751f,0.25692393592808327f,0.011093401292765894f,-0.3693898635518073f,1.335218111557326f,0.5971372789562099f,0f,0f,0f,1f], start_interpolation: 0, interpolation_duration: 1 }
$data merge entity $(bone_tail_0) { transformation: [1.1864414544168336f,-0.06712445838972683f,-0.1511797691654933f,-0.04287589450373752f,0.04117892180617866f,1.1802383399739804f,-0.2008633802665915f,0.3354185234271289f,0.16020396973210943f,0.1937423758993539f,1.171239907167069f,0.2523952856979991f,0f,0f,0f,1f], start_interpolation: 0, interpolation_duration: 1 }
$data merge entity $(bone_body_1) { transformation: [1.0110544568073885f,-0.09329460851236561f,-0.10566785621410588f,-0.014506326941229015f,0.03509160293048268f,0.9077463276990423f,-0.4656886066859659f,0.48505917666710263f,0.1365216437717106f,0.4575952523965599f,0.9022577903295945f,0.003831708744060816f,0f,0f,0f,1f], start_interpolation: 0, interpolation_duration: 1 }
data modify entity @s data merge value {"locators":{"body_1":{"posx":-0.006174028598051743,"posy":0.2588171900912165,"posz":0.00027759525122174333,"roty":186.6797623370501,"rotx":-27.14118955749907},"body_0":{"posx":0.028008427990525636,"posy":0.3372946348643747,"posz":-0.2908045471290272,"roty":188.23918453314758,"rotx":27.811370016872388},"neck_1":{"posx":0.09983124148683664,"posy":0.16291728956642348,"posz":-0.6241974682542826,"roty":184.6509993455917,"rotx":36.38602021053821},"neck_0":{"posx":0.11763518781911138,"posy":0.027102374191106685,"posz":-0.9295765277314113,"roty":182.88574619560686,"rotx":18.954999591547608},"pos_head":{"posx":0.10072924462646381,"posy":0.16886791701956808,"posz":-1.2748768725729274,"roty":182.3245749724716,"rotx":3.8636201459460318},"head_0":{"posx":0.10856342554218178,"posy":-0.09542593487876655,"posz":-1.2253480111447566,"roty":182.3245749724716,"rotx":3.8636201459460318},"arm_right_0":{"posx":0.4215337700813756,"posy":-0.07655644435368186,"posz":-0.5903718754892714,"roty":165.01224193492396,"rotx":-43.084503049463265},"arm_left_0":{"posx":-0.29835211339341233,"posy":-0.10190286999544854,"posz":-0.7036909050912302,"roty":180.87688902271887,"rotx":-52.12688014258602},"pos_wing_r_0":{"posx":0.5889833213410542,"posy":0.6997297461275319,"posz":-1.4654942249826064,"roty":173.48684311819656,"rotx":21.43656494196426},"pos_wing_r_1":{"posx":0.6549736325215484,"posy":0.9281490523265808,"posz":-0.8874847965250368,"roty":173.48684311819656,"rotx":21.43656494196426},"pos_wing_r_2":{"posx":0.7209639437020425,"posy":1.1565683585256297,"posz":-0.309475368067467,"roty":173.48684311819656,"rotx":21.43656494196426},"pos_wing_r_3":{"posx":0.7869542548825367,"posy":1.3849876647246786,"posz":0.2685340603901025,"roty":173.48684311819656,"rotx":21.43656494196426},"pos_wing_r_4":{"posx":0.8529445660630308,"posy":1.6134069709237275,"posz":0.8465434888476723,"roty":173.48684311819656,"rotx":21.43656494196426},"pos_wing_r_5":{"posx":0.9189348772435251,"posy":1.8418262771227767,"posz":1.4245529173052423,"roty":173.48684311819656,"rotx":21.43656494196426},"finger_right_0":{"posx":0.6613553881238804,"posy":0.7413511166219119,"posz":-0.7578125028826826,"roty":173.48684311819656,"rotx":21.43656494196426},"finger_right_1":{"posx":0.8602679378860484,"posy":0.9641484178047994,"posz":-0.23246478962031372,"roty":173.48684311819656,"rotx":21.43656494196426},"finger_right_2":{"posx":0.9554858748678332,"posy":1.1996313915669479,"posz":0.35565268755008195,"roty":173.48684311819656,"rotx":21.43656494196426},"finger_right_3":{"posx":1.057671266260118,"posy":1.4523446953144468,"posz":0.9868027248654834,"roty":173.48684311819656,"rotx":21.43656494196426},"pos_wing_l_0":{"posx":-0.2836201519217245,"posy":0.6244644612951532,"posz":-1.4810393705120124,"roty":200.43926793715573,"rotx":15.925334342860463},"pos_wing_l_1":{"posx":-0.4935023504821489,"posy":0.7959547380683333,"posz":-0.9178648436558163,"roty":200.43926793715573,"rotx":15.925334342860463},"pos_wing_l_2":{"posx":-0.7033845490425733,"posy":0.9674450148415135,"posz":-0.3546903167996202,"roty":200.43926793715573,"rotx":15.925334342860463},"pos_wing_l_3":{"posx":-0.9132667476029976,"posy":1.1389352916146935,"posz":0.2084842100565759,"roty":200.43926793715573,"rotx":15.925334342860463},"pos_wing_l_4":{"posx":-1.123148946163422,"posy":1.3104255683878736,"posz":0.7716587369127721,"roty":200.43926793715573,"rotx":15.925334342860463},"pos_wing_l_5":{"posx":-1.3330311447238465,"posy":1.481915845161054,"posz":1.3348332637689682,"roty":200.43926793715573,"rotx":15.925334342860463},"finger_left_0":{"posx":-0.4926104711090086,"posy":0.6012789224123294,"posz":-0.8001803898124316,"roty":200.43926793715573,"rotx":15.925334342860463},"finger_left_1":{"posx":-0.8204157676720952,"posy":0.7504585077301997,"posz":-0.31491324836677337,"roty":200.43926793715573,"rotx":15.925334342860463},"finger_left_2":{"posx":-1.0616601635578657,"posy":0.9235966696774844,"posz":0.2527355618490398,"roty":200.43926793715573,"rotx":15.925334342860463},"finger_left_3":{"posx":-1.3205567660715907,"posy":1.1094033350186518,"posz":0.8619191713050465,"roty":200.43926793715573,"rotx":15.925334342860463},"leg_right_0":{"posx":0.3153927681092172,"posy":0.08917505319874088,"posz":-0.09639339656224165,"roty":184.16457642737967,"rotx":-39.38441058157373},"leg_left_0":{"posx":-0.2811578695385824,"posy":0.03926139686206989,"posz":-0.11967099876307806,"roty":184.8491899013706,"rotx":-32.45291054515479},"tail_0":{"posx":-0.055278572605028414,"posy":0.12344457348486909,"posz":0.39873317104491707,"roty":187.3548833570272,"rotx":-9.652797214704607},"tail_1":{"posx":-0.08902005705157649,"posy":0.14432189808247287,"posz":0.8805944192218611,"roty":180.45194628435752,"rotx":15.46437258863512},"tail_2":{"posx":-0.014347618100789689,"posy":0.39394441369312483,"posz":1.3156040666513564,"roty":157.1297620825385,"rotx":40.531779417489744},"tail_3":{"posx":0.1842865790015004,"posy":0.8648842300274154,"posz":1.5386890812554255,"roty":85.44864242450583,"rotx":65.41801816208081},"tail_4":{"posx":0.3657104102198134,"posy":1.262732281375215,"posz":1.5242470763798017,"roty":85.44864242450583,"rotx":65.41801816208081},"shadow":{"posx":0.010731574681414885,"posy":0.1863926765075265,"posz":-0.07758711935220203,"roty":185.4516500453306,"rotx":-2.057693091391195}},"cameras":{}}