# This file was generated by Animated Java via MC-Build. It is not recommended to edit this file directly.
$data merge entity $(bone_head_lower) { transformation: [0.9980280458361003f,-0.007340727080382354f,-0.062338859874928744f,0.09589149933265267f,0.005119557739572992f,0.9993488722506771f,-0.03571584606096467f,0.15877119519147798f,0.06256044959178157f,0.035326268657058735f,0.9974157833569924f,-1.1685373028243542f,0f,0f,0f,1f], start_interpolation: 0, interpolation_duration: 1 }
$data merge entity $(bone_head_upper) { transformation: [0.9980280458361003f,0.000858927864221151f,-0.06276369944082905f,0.09451400097206002f,0.005119557739572992f,0.9954611575009017f,0.09503091094752217f,0.1733817307773747f,0.06256044959178157f,-0.09516483673021653f,0.9934937563955724f,-1.1539516896713038f,0f,0f,0f,1f], start_interpolation: 0, interpolation_duration: 1 }
$data merge entity $(bone_neck_0) { transformation: [0.9926252355617118f,-0.10985806286728803f,0.051247904826468904f,0.10600175432915124f,0.10740223472749043f,0.993034670648306f,0.0484448435434677f,0.16561589340293925f,-0.056213002958362464f,-0.04258343473062037f,0.9975102753280016f,-0.9659241864716992f,0f,0f,0f,1f], start_interpolation: 0, interpolation_duration: 1 }
$data merge entity $(bone_neck_1) { transformation: [0.9982826542384118f,-0.043253346941033485f,-0.03950810328413304f,0.09876394163744404f,0.05315998097582181f,0.9522213648867307f,0.30074655222612534f,0.22567403110689094f,0.024612165068546868f,-0.30233031642832287f,0.9528854186621748f,-0.8020745862540346f,0f,0f,0f,1f], start_interpolation: 0, interpolation_duration: 1 }
$data merge entity $(bone_neck_2) { transformation: [0.9982826542384118f,-0.02937113436930499f,-0.05068608006712855f,0.08309650436922102f,0.05315998097582181f,0.8177134241217769f,0.5731655715704571f,0.47203009271441443f,0.024612165068546868f,-0.5748757191575399f,0.8178704963829783f,-0.6987010185156732f,0f,0f,0f,1f], start_interpolation: 0, interpolation_duration: 1 }
$data merge entity $(bone_arm_right_2) { transformation: [0.9974471019795029f,-0.07127061335981369f,-0.004447294009469999f,0.48116296649026513f,0.07048576547730924f,0.9926203026256744f,-0.09867467598321622f,0.06609422960626474f,0.011447079005950475f,0.09810929867566526f,0.9951098079586997f,-0.5832057782171518f,0f,0f,0f,1f], start_interpolation: 0, interpolation_duration: 1 }
$data merge entity $(bone_arm_right_1) { transformation: [0.9145327769560934f,0.3707406209722431f,0.1618060315133264f,0.4618912367494659f,-0.1579418903530911f,0.6955211589639501f,-0.7009312924282494f,0.3051121679146916f,-0.37240322117923197f,0.6154686908320839f,0.6946323714460567f,-0.3347249751090274f,0f,0f,0f,1f], start_interpolation: 0, interpolation_duration: 1 }
$data merge entity $(bone_arm_right_0) { transformation: [0.6984104000617254f,-0.7152825347642836f,0.02436818718743082f,0.21898192413453774f,0.12063880955118855f,0.1512175950811557f,0.9811113680759913f,0.36654965981396714f,-0.7054567249064199f,-0.6822786339898477f,0.1919027745637218f,-0.5350914743245839f,0f,0f,0f,1f], start_interpolation: 0, interpolation_duration: 1 }
$data merge entity $(bone_arm_left_2) { transformation: [0.994327711184886f,-0.07028996296642452f,-0.07982307859262283f,-0.35218478510915474f,0.07032893627851788f,0.997521141530926f,-0.0023265684539134357f,0.03394867502231588f,0.07978874288869012f,-0.0033005007222010607f,0.9968063318434655f,-0.6778800399126454f,0f,0f,0f,1f], start_interpolation: 0, interpolation_duration: 1 }
$data merge entity $(bone_arm_left_1) { transformation: [0.9383810778800361f,-0.3454428442446123f,0.010497334751924775f,-0.3211561049376816f,0.20979928061440214f,0.5452481625009513f,-0.811596391775503f,0.2335315553913954f,0.2746365134689498f,0.7637890301971669f,0.5841242186556643f,-0.39779509068461216f,0f,0f,0f,1f], start_interpolation: 0, interpolation_duration: 1 }
$data merge entity $(bone_arm_left_0) { transformation: [0.75722329140926f,0.6516568033637694f,0.044230052871776754f,-0.09627109039543322f,-0.40019783902832085f,0.40937884521025214f,0.8199089283154455f,0.3691109504772424f,0.5161923833072208f,-0.6385549089342542f,0.5707828410977129f,-0.5821078450895003f,0f,0f,0f,1f], start_interpolation: 0, interpolation_duration: 1 }
$data merge entity $(bone_finger_right_1_fire) { transformation: [0.000016559474004156972f,-0.000001877647769529741f,1.8983502576506212e-7f,0.6990057058055098f,0.0000016943609446183673f,0.000015530128331303794f,0.000005807067485432298f,1.3393551196216313f,-8.311073774063034e-7f,-0.000005750420040709462f,0.00001562113016591327f,0.22232618164675566f,0f,0f,0f,1f], start_interpolation: 0, interpolation_duration: 1 }
$data merge entity $(bone_finger_right_1_fire_s) { transformation: [0.000009935684402494183f,-0.0000011265886617178445f,1.1390101545903726e-7f,0.6990057058055098f,0.0000010166165667710203f,0.000009318076998782275f,0.0000034842404912593785f,1.3393551196216313f,-4.986644264437821e-7f,-0.000003450252024425677f,0.000009372678099547961f,0.22232618164675566f,0f,0f,0f,1f], start_interpolation: 0, interpolation_duration: 1 }
$data merge entity $(bone_finger_right_1) { transformation: [1.97532003984947f,-0.22397784289523245f,0.0226447368174215f,0.6902940316948329f,0.20211421738412438f,1.8525331001792364f,0.6927041748942712f,0.9456019804920006f,-0.09913980706423926f,-0.6859469051440851f,1.8633883814231962f,-0.7381692610582142f,0f,0f,0f,1f], start_interpolation: 0, interpolation_duration: 1 }
$data merge entity $(bone_finger_right_2_fire) { transformation: [-0.000009640076404629034f,0.000012960137815952716f,0.0000041087142127683584f,0.9266844521819388f,-0.000013577689594922859f,-0.000008916945736913898f,-0.0000037299064018597443f,0.6576358800913804f,-7.021751594978551e-7f,-0.000005504605734675571f,0.000015715725994332513f,-0.23137663832732724f,0f,0f,0f,1f], start_interpolation: 0, interpolation_duration: 1 }
$data merge entity $(bone_finger_right_2_fire_s) { transformation: [-0.00000578404584277742f,0.000007776082689571629f,0.000002465228527661015f,0.9266844521819388f,-0.000008146613756953715f,-0.000005350167442148339f,-0.0000022379438411158465f,0.6576358800913804f,-4.2130509569871303e-7f,-0.0000033027634408053423f,0.000009429435596599507f,-0.23137663832732724f,0f,0f,0f,1f], start_interpolation: 0, interpolation_duration: 1 }
$data merge entity $(bone_finger_right_2) { transformation: [-0.7185746692277896f,0.9660532088493508f,0.30626499546972785f,0.795350019178596f,-1.0120857345969079f,-0.6646722561605697f,-0.27802852866186595f,0.7774293768764444f,-0.05234038215027593f,-0.4103152380747241f,1.1714557161216432f,-0.7373151371787907f,0f,0f,0f,1f], start_interpolation: 0, interpolation_duration: 1 }
$data merge entity $(bone_finger_film_right) { transformation: [0.4564994259585493f,0.38700174576343144f,0.29154784018817925f,0.8151723451204421f,-1.0202039647200274f,0.171233634053812f,0.1432181279464851f,0.8806102699471918f,0.013675299393278106f,-0.1442631984946008f,0.9521020265066719f,-0.6891865091198971f,0f,0f,0f,1f], start_interpolation: 0, interpolation_duration: 1 }
$data merge entity $(bone_finger_right_0_fire) { transformation: [0.00000808916004017207f,0.000013975686935062892f,0.000004125947444572393f,1.0019654386445498f,-0.000014571756337899559f,0.000007785453970014911f,0.0000021973623932890133f,0.9881767895170162f,-8.476350125587312e-8f,-0.000004673827013451516f,0.000015997685269280783f,-0.021600258872070732f,0f,0f,0f,1f], start_interpolation: 0, interpolation_duration: 1 }
$data merge entity $(bone_finger_right_0_fire_s) { transformation: [0.000004853496024103242f,0.000008385412161037735f,0.0000024755684667434355f,1.0019654386445498f,-0.000008743053802739735f,0.000004671272382008946f,0.000001318417435973408f,0.9881767895170162f,-5.0858100753523875e-8f,-0.000002804296208070909f,0.00000959861116156847f,-0.021600258872070732f,0f,0f,0f,1f], start_interpolation: 0, interpolation_duration: 1 }
$data merge entity $(bone_fire_large_right) { transformation: [0.00001294265606427531f,0.000022361099096100627f,0.000006601515911315828f,0.9130008531237973f,-0.000023314810140639294f,0.000012456726352023855f,0.000003515779829262421f,0.9370002441079319f,-1.35621602009397e-7f,-0.000007478123221522424f,0.00002559629643084925f,0.014898898813888506f,0f,0f,0f,1f], start_interpolation: 0, interpolation_duration: 1 }
$data merge entity $(bone_finger_right_0) { transformation: [0.7098559479362588f,1.2264220819073357f,0.3620682889023196f,0.7679306113036365f,-1.2787295413821294f,0.6832045330483392f,0.1928272845266242f,0.8629656526166213f,-0.007438334170120358f,-0.4101468988927489f,1.4038604731783342f,-0.6756877471104876f,0f,0f,0f,1f], start_interpolation: 0, interpolation_duration: 1 }
$data merge entity $(bone_wing_right_1_model) { transformation: [0.8151437106023584f,0.6054065432388166f,-0.0008552840961699553f,0.4784432409357854f,-0.08731741581410353f,0.11898690283850873f,1.0045869145525868f,0.7764257217081586f,0.5990771928581534f,-0.8064131183198632f,0.14758550958908065f,-0.27070408553073905f,0f,0f,0f,1f], start_interpolation: 0, interpolation_duration: 1 }
$data merge entity $(bone_wing_right_0) { transformation: [0.847634018839728f,0.27103290196771385f,0.4561334630966806f,0.2543064234326182f,-0.4848367113619845f,0.7448648537489557f,0.45837726052373323f,0.6328518235649957f,-0.21552246616375545f,-0.6096864076724247f,0.762779490336615f,-0.655014869290525f,0f,0f,0f,1f], start_interpolation: 0, interpolation_duration: 1 }
$data merge entity $(bone_finger_left_1_fire) { transformation: [0.00001616851010743894f,6.519236752491211e-7f,-0.000003991497739580011f,-0.7805295193436108f,5.792113523298886e-7f,0.000015905911369239175f,0.000004944115239455687f,1.15343502051764f,0.0000040026957032423565f,-0.000004935053881502759f,0.000015407837228880872f,0.16239494162934076f,0f,0f,0f,1f], start_interpolation: 0, interpolation_duration: 1 }
$data merge entity $(bone_finger_left_1_fire_s) { transformation: [0.000009701106064463364f,3.911542051494727e-7f,-0.0000023948986437480063f,-0.7805295193436108f,3.4752681139793313e-7f,0.000009543546821543503f,0.0000029664691436734122f,1.15343502051764f,0.0000024016174219454137f,-0.000002961032328901655f,0.000009244702337328524f,0.16239494162934076f,0f,0f,0f,1f], start_interpolation: 0, interpolation_duration: 1 }
$data merge entity $(bone_finger_left_1) { transformation: [1.928683364080004f,0.07776562829523676f,-0.4761313959626369f,-0.5326360118714144f,0.06909203705856401f,1.8973589059556115f,0.5897657080998068f,0.8127315543323574f,0.477467160735249f,-0.5886848113304907f,1.837945434819175f,-0.7863615499846723f,0f,0f,0f,1f], start_interpolation: 0, interpolation_duration: 1 }
$data merge entity $(bone_finger_left_2_fire) { transformation: [-0.000011470862603093178f,-0.000010242295854606484f,-0.000006425921299350542f,-0.8163199127874784f,0.000012058184871905918f,-0.000010344390853293085f,-0.000005037016304025969f,0.4700353135179076f,-8.928978181603506e-7f,-0.00000811583213717453f,0.00001452975498710516f,-0.3416971830457963f,0f,0f,0f,1f], start_interpolation: 0, interpolation_duration: 1 }
$data merge entity $(bone_finger_left_2_fire_s) { transformation: [-0.000006882517561855907f,-0.00000614537751276389f,-0.000003855552779610325f,-0.8163199127874784f,0.00000723491092314355f,-0.000006206634511975851f,-0.0000030222097824155816f,0.4700353135179076f,-5.357386908962104e-7f,-0.000004869499282304718f,0.000008717852992263096f,-0.3416971830457963f,0f,0f,0f,1f], start_interpolation: 0, interpolation_duration: 1 }
$data merge entity $(bone_finger_left_2) { transformation: [-0.8550421132364765f,-0.7634643178059163f,-0.4789904227260441f,-0.610318783068715f,0.8988213207165721f,-0.7710745147412651f,-0.3754609582578021f,0.631781806693395f,-0.06655691587990888f,-0.6049569680462373f,1.0830530221530639f,-0.8096443876366562f,0f,0f,0f,1f], start_interpolation: 0, interpolation_duration: 1 }
$data merge entity $(bone_finger_film_left) { transformation: [0.29729512164189636f,-0.37336553331178823f,-0.48445512447105804f,-0.6537159911518282f,1.0730630479009815f,0.12284490623361588f,0.054094573946078854f,0.7287067789026593f,0.09770453020116095f,-0.21309736423139825f,0.8799925304298458f,-0.7640612961193245f,0f,0f,0f,1f], start_interpolation: 0, interpolation_duration: 1 }
$data merge entity $(bone_finger_left_0_fire) { transformation: [0.00000571662628502326f,-0.000013818091172030006f,-0.0000073592335237187154f,-0.97732189421089f,0.000015530439982462477f,0.00000599401710832482f,8.093025602443044e-7f,0.7761495106509793f,0.000001975701304926865f,-0.0000071351168907281135f,0.000014931995482424119f,-0.14344706477249936f,0f,0f,0f,1f], start_interpolation: 0, interpolation_duration: 1 }
$data merge entity $(bone_finger_left_0_fire_s) { transformation: [0.0000034299757710139562f,-0.000008290854703218003f,-0.000004415540114231229f,-0.97732189421089f,0.000009318263989477486f,0.000003596410264994892f,4.855815361465826e-7f,0.7761495106509793f,0.000001185420782956119f,-0.000004281070134436868f,0.00000895919728945447f,-0.14344706477249936f,0f,0f,0f,1f], start_interpolation: 0, interpolation_duration: 1 }
$data merge entity $(bone_fire_large_left) { transformation: [0.000009146602056037217f,-0.000022108945875248005f,-0.000011774773637949943f,-0.8904042158835493f,0.000024848703971939963f,0.000009590427373319712f,0.000001294884096390887f,0.7360602588493094f,0.000003161122087882984f,-0.000011416187025164982f,0.000023891192771878588f,-0.09144616215688006f,0f,0f,0f,1f], start_interpolation: 0, interpolation_duration: 1 }
$data merge entity $(bone_finger_left_0) { transformation: [0.5016566801002741f,-1.2125924272580415f,-0.645801994659574f,-0.6078337778461019f,1.3628578419600126f,0.5259988274735085f,0.07101951663911468f,0.7171370661140812f,0.17337564292001947f,-0.6261348692510326f,1.310341958264759f,-0.7420092041844419f,0f,0f,0f,1f], start_interpolation: 0, interpolation_duration: 1 }
$data merge entity $(bone_wing_left_1_model) { transformation: [0.8439156441196243f,-0.5568337571151394f,-0.09337898901271982f,-0.34041071797232375f,0.1157399029465001f,0.006250062283724817f,1.008733014543107f,0.6860995575297199f,-0.5526189858464277f,-0.8490431006140544f,0.0686669703975507f,-0.31442828377370063f,0f,0f,0f,1f], start_interpolation: 0, interpolation_duration: 1 }
$data merge entity $(bone_wing_left_0) { transformation: [0.7091041006675454f,-0.44420021647814467f,-0.5475924963850772f,-0.09083134058846257f,0.650557646194607f,0.7116709088805871f,0.2651400883133504f,0.6356559145388724f,0.27193036497273304f,-0.5442524093964566f,0.7936266070841801f,-0.706488207626031f,0f,0f,0f,1f], start_interpolation: 0, interpolation_duration: 1 }
$data merge entity $(bone_body_0) { transformation: [0.9890290651920658f,0.07595717819551903f,-0.12669654804248717f,0.010241457506633167f,-0.008035421688706697f,0.8840676341142416f,0.46728989964467643f,0.5547380164342588f,0.1475023396546399f,-0.46114523242924366f,0.8749789336916549f,-0.20568950352965842f,0f,0f,0f,1f], start_interpolation: 0, interpolation_duration: 1 }
$data merge entity $(bone_leg_right_3) { transformation: [0.9375064658418837f,0.12214250289131914f,-0.3258263885754262f,0.17100528970303439f,0.021198156789124074f,0.9145825357023337f,0.4038433155780009f,0.05643902369675963f,0.3473215580026733f,-0.3855126384124563f,0.8548378448400971f,0.34473267132834284f,0f,0f,0f,1f], start_interpolation: 0, interpolation_duration: 1 }
$data merge entity $(bone_leg_right_2) { transformation: [0.8479182115736794f,-0.2605411709037204f,-0.4616849626593992f,0.12438354515891753f,0.4163940324340265f,0.8663285380006531f,0.27584574312282134f,0.20010557603284568f,0.32810168581557675f,-0.4261374924948156f,0.8430635333444373f,0.2638416855571126f,0f,0f,0f,1f], start_interpolation: 0, interpolation_duration: 1 }
$data merge entity $(bone_leg_right_1) { transformation: [0.8784482554005859f,-0.3119390891205309f,-0.36197053369344845f,0.2491153733192078f,0.33556921464792044f,0.9420120507338949f,0.00256874535512136f,0.18714720984342997f,0.3401793126635487f,-0.12372267759297395f,0.9321859976876826f,-0.031728986532743156f,0f,0f,0f,1f], start_interpolation: 0, interpolation_duration: 1 }
$data merge entity $(bone_leg_right_0) { transformation: [0.8784482554005859f,-0.47452936888246916f,-0.05612967710286563f,0.0684022096041872f,0.33556921464792044f,0.6962595552159078f,-0.6345202391973985f,0.4672598290196988f,0.3401793126635487f,0.5385578054754673f,0.7708654392286658f,0.08633556139334068f,0f,0f,0f,1f], start_interpolation: 0, interpolation_duration: 1 }
$data merge entity $(bone_leg_left_3) { transformation: [0.9993525544697247f,-0.02980258896541447f,-0.02015632818232181f,-0.26071863392003425f,0.03585566531005758f,0.8712738662277622f,0.4894856701617534f,0.027343390934953637f,0.002973741752075959f,-0.48989147340965833f,0.8717783555127447f,0.29195248152653414f,0f,0f,0f,1f], start_interpolation: 0, interpolation_duration: 1 }
$data merge entity $(bone_leg_left_2) { transformation: [0.9312606407318481f,0.34125055923455133f,0.1276780123819792f,-0.19741620184505548f,-0.3545058572961103f,0.929557622600589f,0.1012335093133236f,0.18344357368296593f,-0.08413807798171337f,-0.13953738598399607f,0.9866357492744199f,0.26060679692808464f,0f,0f,0f,1f], start_interpolation: 0, interpolation_duration: 1 }
$data merge entity $(bone_leg_left_1) { transformation: [0.9579159420088521f,0.264011770074079f,0.1126713508734333f,-0.24186976361076776f,-0.27183282258973973f,0.9604351707179573f,0.06059042342535048f,0.1513111449268057f,-0.09221694317308411f,-0.08866830386513402f,0.9917832259528752f,-0.055746420660623436f,0f,0f,0f,1f], start_interpolation: 0, interpolation_duration: 1 }
$data merge entity $(bone_leg_left_0) { transformation: [0.9579159420088521f,0.27804459223052636f,-0.07133198985485406f,-0.11710482410496693f,-0.27183282258973973f,0.798849563570934f,-0.5366062721823361f,0.4608212646833236f,-0.09221694317308411f,0.5334140788485888f,0.8408123785232489f,0.061286737363466945f,0f,0f,0f,1f], start_interpolation: 0, interpolation_duration: 1 }
$data merge entity $(bone_tail_3) { transformation: [2.165339852328442f,-0.5001421962372962f,1.0127530954261268f,0.05006926585551967f,-1.0060619199231369f,0.141448395382238f,2.220887095184802f,0.686204066976976f,-0.5134690468108469f,-2.386285368479795f,-0.0806188748398057f,1.314446357034166f,0f,0f,0f,1f], start_interpolation: 0, interpolation_duration: 1 }
$data merge entity $(bone_tail_2) { transformation: [1.1046348395212164f,0.006675149835558123f,0.34154264183350336f,-0.08983817547388485f,-0.23744240516046383f,0.8461178358270329f,0.7514118541964798f,0.3741991011700936f,-0.24559527285261432f,-0.7880064167061398f,0.8097177975581363f,0.9868202445160159f,0f,0f,0f,1f], start_interpolation: 0, interpolation_duration: 1 }
$data merge entity $(bone_tail_1) { transformation: [1.3853721230037634f,0.0035342071710706678f,-0.010532353084399024f,-0.0867016670936305f,-0.0005979377728123702f,1.3352595172334951f,0.3694062863373751f,0.25692393592808327f,0.011093401292765894f,-0.3693898635518073f,1.335218111557326f,0.5888039456228766f,0f,0f,0f,1f], start_interpolation: 0, interpolation_duration: 1 }
$data merge entity $(bone_tail_0) { transformation: [1.1864414544168336f,-0.06712445838972683f,-0.1511797691654933f,-0.04287589450373752f,0.04117892180617866f,1.1802383399739804f,-0.2008633802665915f,0.3354185234271289f,0.16020396973210943f,0.1937423758993539f,1.171239907167069f,0.24406195236466582f,0f,0f,0f,1f], start_interpolation: 0, interpolation_duration: 1 }
$data merge entity $(bone_body_1) { transformation: [1.0110544568073885f,-0.09329460851236561f,-0.10566785621410588f,-0.014506326941229013f,0.03509160293048268f,0.9077463276990423f,-0.4656886066859659f,0.48505917666710263f,0.1365216437717106f,0.4575952523965599f,0.9022577903295945f,-0.004501624589272515f,0f,0f,0f,1f], start_interpolation: 0, interpolation_duration: 1 }
data modify entity @s data merge value {"locators":{"body_1":{"posx":-0.006174028598051743,"posy":0.2588171900912165,"posz":-0.008055738082111588,"roty":186.6797623370501,"rotx":-27.14118955749907},"body_0":{"posx":0.022498824468432224,"posy":0.33716943210924816,"posz":-0.2997296898866231,"roty":188.23913796702246,"rotx":27.858521373540036},"neck_1":{"posx":0.09823914590665886,"posy":0.1604318247855908,"posz":-0.6398715085969628,"roty":183.54626938963966,"rotx":34.97126701123589},"neck_0":{"posx":0.11267436556196737,"posy":0.0323629909121618,"posz":-0.9487550464139621,"roty":182.37421179028124,"rotx":17.502448288975224},"head_0":{"posx":0.1008813202201646,"posy":-0.09102855874169394,"posz":-1.2339019533747697,"roty":183.6148414865224,"rotx":5.453098928332467},"arm_right_0":{"posx":0.4289908569129754,"posy":-0.08147472096920089,"posz":-0.6066518972179946,"roty":166.88748003778394,"rotx":-44.5017695578637},"arm_left_0":{"posx":-0.2895281708431641,"posy":-0.1010188772310289,"posz":-0.7317887888811954,"roty":178.97044460322044,"rotx":-54.252197727862416},"finger_right_0":{"posx":0.6907477022425058,"posy":0.7301487322232896,"posz":-0.7803335163273588,"roty":179.30375009499622,"rotx":20.39095317826627},"finger_right_1":{"posx":0.8348506852475936,"posy":0.9491777419004561,"posz":-0.23585607610954734,"roty":179.30375009499622,"rotx":20.39095317826627},"finger_right_2":{"posx":0.8699045563095283,"posy":1.1750153853855947,"posz":0.3626165116644088,"roty":179.30375009499622,"rotx":20.39095317826627},"finger_right_3":{"posx":0.9075236732871679,"posy":1.4173776251792058,"posz":1.0048793741033402,"roty":179.30375009499622,"rotx":20.39095317826627},"finger_left_0":{"posx":-0.49370868392586575,"posy":0.6016510098427915,"posz":-0.8324896250140325,"roty":194.52355975341555,"rotx":17.256319874230424},"finger_left_1":{"posx":-0.7687535973384634,"posy":0.7713557015734258,"posz":-0.3218570047206043,"roty":194.52355975341555,"rotx":17.256319874230424},"finger_left_2":{"posx":-0.9491393808263515,"posy":0.9602432416429609,"posz":0.26310737003237444,"roty":194.52355975341555,"rotx":17.256319874230424},"finger_left_3":{"posx":-1.1427243508530942,"posy":1.162951687479388,"posz":0.8908735550682749,"roty":194.52355975341555,"rotx":17.256319874230424},"leg_right_0":{"posx":0.3153927681092172,"posy":0.08917505319874086,"posz":-0.10472672989557498,"roty":184.16457642737967,"rotx":-39.38441058157373},"leg_left_0":{"posx":-0.2811578695385824,"posy":0.03926139686206993,"posz":-0.12800433209641138,"roty":184.8491899013706,"rotx":-32.45291054515479},"tail_0":{"posx":-0.055278572605028414,"posy":0.12344457348486909,"posz":0.39039983771158376,"roty":187.3548833570272,"rotx":-9.652797214704607},"tail_1":{"posx":-0.08902005705157649,"posy":0.14432189808247287,"posz":0.8722610858885278,"roty":180.45194628435752,"rotx":15.46437258863512},"tail_2":{"posx":-0.014347618100789689,"posy":0.39394441369312483,"posz":1.3072707333180231,"roty":157.1297620825385,"rotx":40.531779417489744},"tail_3":{"posx":0.1842865790015004,"posy":0.8648842300274154,"posz":1.5303557479220922,"roty":85.44864242450583,"rotx":65.41801816208081},"tail_4":{"posx":0.3657104102198134,"posy":1.262732281375215,"posz":1.5159137430464684,"roty":85.44864242450583,"rotx":65.41801816208081},"shadow":{"posx":0.010731574681414887,"posy":0.1863926765075265,"posz":-0.08592045268553536,"roty":185.4516500453306,"rotx":-2.057693091391195}},"cameras":{}}