# This file was generated by Animated Java via MC-Build. It is not recommended to edit this file directly.
$data merge entity $(bone_head_lower) { transformation: [-0.9999988453295994f,0.0014758599448725903f,-0.00036218350461236114f,0.0014864372637562653f,0.0014235769583726215f,0.9931810883765257f,0.1165731492234088f,1.9510014891934173f,0.0005317594488894141f,0.11657249902375211f,-0.9931820425799317f,0.6050782280484355f,0f,0f,0f,1f], start_interpolation: 0, interpolation_duration: 1 }
$data merge entity $(bone_head_upper) { transformation: [-0.9999988453295994f,-0.00011260896292498629f,-0.001515473090939452f,0.0018482599703466766f,0.0014235769583726215f,0.27954304890909354f,-0.9601321040540471f,1.939349217241957f,0.0005317594488894141f,-0.960133152810499f,-0.2795425658214844f,0.5879843985889833f,0f,0f,0f,1f], start_interpolation: 0, interpolation_duration: 1 }
$data merge entity $(bone_neck_0) { transformation: [-0.9999988453295994f,-0.00016670404775423348f,-0.0015104798007106787f,0.0015680900842168339f,0.0014235769583726215f,0.24504675342180923f,-0.9695102176181922f,1.7531414179310723f,0.0005317594488894141f,-0.9695112484376812f,-0.24504623315753513f,0.5584345145379581f,0f,0f,0f,1f], start_interpolation: 0, interpolation_duration: 1 }
$data merge entity $(bone_neck_1) { transformation: [-0.9999988453295994f,0.0001278241968804101f,-0.0015142656446556844f,0.0013049019735135463f,0.0014235769583726215f,0.42747826800188754f,-0.9040245039902126f,1.59881378192544f,0.0005317594488894141f,-0.9040256158135569f,-0.42747795637296604f,0.4766483982012163f,0f,0f,0f,1f], start_interpolation: 0, interpolation_duration: 1 }
$data merge entity $(bone_neck_2) { transformation: [-0.9999988453295994f,0.0006354988231791608f,-0.0013803915073740925f,0.001082730831596419f,0.0014235769583726215f,0.7096040608746547f,-0.704599212473902f,1.5402973915600982f,0.0005317594488894141f,-0.7046003639875904f,-0.7096041461973313f,0.21549967642208168f,0f,0f,0f,1f], start_interpolation: 0, interpolation_duration: 1 }
$data merge entity $(bone_arm_right_2) { transformation: [-0.9389100017858001f,0.34063251327349053f,-0.04916807345803137f,-0.23700956471835302f,0.3423708527758918f,0.909881319755856f,-0.23430361313656883f,1.5102558255378737f,-0.03507431704392263f,-0.23682372106764932f,-0.9709193156094769f,0.7967367394150088f,0f,0f,0f,1f], start_interpolation: 0, interpolation_duration: 1 }
$data merge entity $(bone_arm_right_1) { transformation: [-0.8527068454890807f,-0.4659692568770724f,-0.23614336175613815f,-0.2567415902186754f,0.48962320480786137f,-0.5553241495976868f,-0.6722233305883434f,1.2632474886238017f,0.18209929425931448f,-0.688830705267292f,0.7016780647214398f,0.5562347382211087f,0f,0f,0f,1f], start_interpolation: 0, interpolation_duration: 1 }
$data merge entity $(bone_arm_right_0) { transformation: [-0.8688786579442104f,0.2710926531085052f,-0.41419639206499576f,-0.15849985101839312f,0.4937942102825052f,0.4156752695921614f,-0.7637940482492391f,1.3736932574382639f,-0.03488775803265423f,-0.8681721279101717f,-0.4950353529389384f,0.27149533735829484f,0f,0f,0f,1f], start_interpolation: 0, interpolation_duration: 1 }
$data merge entity $(bone_arm_left_2) { transformation: [-0.9807719087247003f,-0.17997647876265138f,0.0754647609729527f,0.3245181896490254f,-0.1948349675669975f,0.9252073836057291f,-0.32562345237192025f,1.2931203571661174f,-0.011215991693781097f,-0.33406550916495126f,-0.9424831229877206f,0.6377914400441147f,0f,0f,0f,1f], start_interpolation: 0, interpolation_duration: 1 }
$data merge entity $(bone_arm_left_1) { transformation: [-0.9299591196448712f,0.3213709554576373f,-0.17859659788915738f,0.28689638166949194f,-0.059699071358400385f,-0.6113045098392776f,-0.7891405560032412f,1.0920069351983868f,-0.36278376020472675f,-0.7232064056950861f,0.587673751407457f,0.3596158210864992f,0f,0f,0f,1f], start_interpolation: 0, interpolation_duration: 1 }
$data merge entity $(bone_arm_left_0) { transformation: [-0.9422601467192676f,-0.3325782652343401f,-0.039211138701920924f,0.16024978093041667f,-0.31128015829791494f,0.9130058889114729f,-0.26367576654481567f,1.3732394922827826f,0.12349282956758803f,-0.23624551700865787f,-0.9638140778898712f,0.27132583903396135f,0f,0f,0f,1f], start_interpolation: 0, interpolation_duration: 1 }
$data merge entity $(bone_finger_right_1_fire) { transformation: [0.4760863471479222f,-0.000006193228585459815f,-0.000012698336246346041f,-1.798718454900094f,0.5107936218620561f,-0.000008498687452336776f,0.000010750010233519106f,2.197689967128705f,-0.5637577989979077f,-0.000012930352240117618f,-9.835213936394938e-7f,-0.3838792591802336f,0f,0f,0f,1f], start_interpolation: 0, interpolation_duration: 1 }
$data merge entity $(bone_finger_right_1_fire_s) { transformation: [0.4243969723147192f,-0.2972749721020711f,-0.60952013982461f,-1.798718454900094f,0.4553360286313186f,-0.4079369977121652f,0.516000491208917f,2.197689967128705f,-0.5025498093924207f,-0.6206569075256456f,-0.047209026894695694f,-0.3838792591802336f,0f,0f,0f,1f], start_interpolation: 0, interpolation_duration: 1 }
$data merge entity $(bone_finger_right_1) { transformation: [1.0546830624650525f,-0.7387679423365936f,-1.5147388168161324f,-0.9958102330631937f,1.131570742619311f,-1.0137778309144254f,1.2823300207196533f,1.5456364782139844f,-1.2489032829814175f,-1.542415169455566f,-0.11732072637023809f,-0.29537186853904257f,0f,0f,0f,1f], start_interpolation: 0, interpolation_duration: 1 }
$data merge entity $(bone_finger_right_2_fire) { transformation: [0.6993733566390989f,0.000007927124629393306f,0.0000068000674022756775f,-0.3942611172275017f,-0.2930449594923572f,-0.000004124875940761633f,0.000015203451709523307f,2.206937058652416f,0.47999244759272724f,-0.000014068541906010364f,-6.260329212416275e-7f,-0.40625279113921275f,0f,0f,0f,1f], start_interpolation: 0, interpolation_duration: 1 }
$data merge entity $(bone_finger_right_2_fire_s) { transformation: [0.6234413922039969f,0.38050198221087866f,0.32640323530923254f,-0.3942611172275017f,-0.26122864960461556f,-0.19799404515655836f,0.7297656820571187f,2.206937058652416f,0.4278789818540883f,-0.6752900114884974f,-0.030049580219598117f,-0.40625279113921275f,0f,0f,0f,1f], start_interpolation: 0, interpolation_duration: 1 }
$data merge entity $(bone_finger_right_2) { transformation: [0.9681570745702748f,0.5908906443685972f,0.5068794041892197f,-0.6128797568779278f,-0.40566822857407087f,-0.3074696963309513f,1.1332706116359654f,1.7176426898013535f,0.6644635221884873f,-1.0486740376636794f,-0.04666471306087334f,-0.3870202460031067f,0f,0f,0f,1f], start_interpolation: 0, interpolation_duration: 1 }
$data merge entity $(bone_finger_film_right) { transformation: [2.201716625303594f,-0.003318815270939884f,-0.21422852452383914f,-0.8566194021783993f,0.5115957910883565f,-0.0637165307932637f,0.826946800854853f,1.67777877369835f,-0.1931738805307625f,-0.20657140409088803f,-0.25162822817203f,-0.3878303481044195f,0f,0f,0f,1f], start_interpolation: 0, interpolation_duration: 1 }
$data merge entity $(bone_finger_right_0_fire) { transformation: [0.8545925224009043f,-0.0000017739627399953017f,-0.000004768864267871261f,-1.0674732296111797f,0.2308461461064348f,-0.0000037506971395683166f,0.000015663028318301296f,2.327079440580304f,-0.1475563197251834f,-0.00001614196719554715f,-0.0000031153258693899344f,-0.5519697797143218f,0f,0f,0f,1f], start_interpolation: 0, interpolation_duration: 1 }
$data merge entity $(bone_finger_right_0_fire_s) { transformation: [0.7618081913973777f,-0.08515021151977448f,-0.22890548485782047f,-1.0674732296111797f,0.20578285024345044f,-0.1800334626992792f,0.7518253592784622f,2.327079440580304f,-0.13153591929787778f,-0.7748144253862631f,-0.14953564173071685f,-0.5519697797143218f,0f,0f,0f,1f], start_interpolation: 0, interpolation_duration: 1 }
$data merge entity $(bone_fire_large_right) { transformation: [0.000025393606379912586f,-0.0000028383403839924825f,-0.000007630182828594017f,-1.056377543153098f,0.000006859428341448348f,-0.0000060011154233093065f,0.000025060845309282072f,2.3577916958541136f,-0.0000043845306432625925f,-0.000025827147512875435f,-0.0000049845213910238945f,-0.4480488101908798f,0f,0f,0f,1f], start_interpolation: 0, interpolation_duration: 1 }
$data merge entity $(bone_finger_right_0) { transformation: [1.392743687139181f,-0.1556722819364792f,-0.41848679574116787f,-0.8596905001021755f,0.37621381449359365f,-0.32913858301824955f,1.374492995468504f,1.6829364159664135f,-0.2404749952847497f,-1.4165217857288646f,-0.27338222845929755f,-0.3515036413231252f,0f,0f,0f,1f], start_interpolation: 0, interpolation_duration: 1 }
$data merge entity $(bone_wing_right_1_model) { transformation: [-0.6636079251036501f,-0.6256633838084781f,0.44625882057702027f,-0.5696833156794615f,-0.758824126997191f,0.6267526350527916f,-0.24968812903935403f,1.3676651261092092f,-0.12160406682516424f,-0.4966926088211373f,-0.8772035033650251f,-0.08354149816543993f,0f,0f,0f,1f], start_interpolation: 0, interpolation_duration: 1 }
$data merge entity $(bone_wing_right_0) { transformation: [-0.5762152496476904f,-0.030828385712913912f,-0.8167163502145559f,-0.17343903729452134f,0.4814008126955715f,0.794744854831115f,-0.36964019431808687f,1.5730096550761563f,0.6604765276749001f,-0.6061602315838657f,-0.4431032949964392f,0.05563409100926277f,0f,0f,0f,1f], start_interpolation: 0, interpolation_duration: 1 }
$data merge entity $(bone_finger_left_1_fire) { transformation: [0.5083694467370047f,-0.11238513570028554f,-0.0436146289763586f,1.5556500475336055f,-0.16643723580768457f,0.13824798535137697f,-0.056263502718162224f,2.393745454363173f,0.5973476313820191f,0.1341643920305904f,0.021441455963338463f,-0.586907482099857f,0f,0f,0f,1f], start_interpolation: 0, interpolation_duration: 1 }
$data merge entity $(bone_finger_left_1_fire_s) { transformation: [0.5071959165099108f,0.4031186010343304f,0.46930554628705984f,1.5556500475336055f,-0.16605302875435368f,-0.49588705929302085f,0.6054109480899943f,2.393745454363173f,0.5959687021288762f,-0.48123946006727697f,-0.23071603359319975f,-0.586907482099857f,0f,0f,0f,1f], start_interpolation: 0, interpolation_duration: 1 }
$data merge entity $(bone_finger_left_1) { transformation: [1.2604494786493294f,1.0018034727171157f,1.166286856596182f,0.9301022797764801f,-0.4126639168584028f,-1.232345460617729f,1.504526927463381f,1.629814885690931f,1.4810616872838744f,-1.1959442235285256f,-0.5733601056169138f,-0.26633143839189716f,0f,0f,0f,1f], start_interpolation: 0, interpolation_duration: 1 }
$data merge entity $(bone_finger_left_2_fire) { transformation: [0.5554833758200832f,0.08460137851096344f,0.045601651622601824f,0.1909753712419464f,0.25788058464402625f,0.1335407867497276f,-0.054536005830194446f,2.063797406139302f,-0.5175914062345695f,0.15732918768408027f,0.021768488006053674f,-0.5435045981188749f,0f,0f,0f,1f], start_interpolation: 0, interpolation_duration: 1 }
$data merge entity $(bone_finger_left_2_fire_s) { transformation: [0.5542010868541409f,-0.3034599650425906f,-0.4906864629741057f,0.1909753712419464f,0.25728528793018385f,-0.47900262610473726f,0.5868226007912848f,2.063797406139302f,-0.5163965878512087f,-0.5643301638235501f,-0.23423498938995843f,-0.5435045981188749f,0f,0f,0f,1f], start_interpolation: 0, interpolation_duration: 1 }
$data merge entity $(bone_finger_left_2) { transformation: [0.8606321455101679f,-0.47125025010963467f,-0.7619987643823306f,0.519774579882479f,0.39954448775347245f,-0.7438546541826301f,0.9112908760602634f,1.6700098288115284f,-0.8019246332757257f,-0.8763618318117656f,-0.36374912690362055f,-0.38731431633394053f,0f,0f,0f,1f], start_interpolation: 0, interpolation_duration: 1 }
$data merge entity $(bone_finger_film_left) { transformation: [2.2540532298922407f,0.024112478669812077f,0.016792719425237378f,0.7658981526420122f,0.10711146316940841f,-0.12116434190785774f,0.7363449374142617f,1.6905484108062523f,0.23318162660670194f,-0.17742701722580495f,-0.5005654553556654f,-0.38770972170852763f,0f,0f,0f,1f], start_interpolation: 0, interpolation_duration: 1 }
$data merge entity $(bone_finger_left_0_fire) { transformation: [0.7868556545788712f,-0.040950219507949207f,-0.0042970296258761165f,0.81956074154839f,0.030385812052727883f,0.10675465483706757f,-0.06521660370973703f,2.289006215574553f,0.1513272012555979f,0.19149290185772797f,0.03543845044088847f,-0.7509741268315684f,0f,0f,0f,1f], start_interpolation: 0, interpolation_duration: 1 }
$data merge entity $(bone_finger_left_0_fire_s) { transformation: [0.7850392612040628f,0.1468859302187174f,0.04623723469197879f,0.81956074154839f,0.03031566883474429f,-0.3829224109012857f,0.7017488065202883f,2.289006215574553f,0.15097787450908545f,-0.6868733149084545f,-0.3813275897117725f,-0.7509741268315684f,0f,0f,0f,1f], start_interpolation: 0, interpolation_duration: 1 }
$data merge entity $(bone_fire_large_left) { transformation: [0.00002616797537346876f,0.000004896197673957247f,0.0000015412411563992928f,0.7986033347815205f,0.0000010105222944914763f,-0.00001276408036337619f,0.00002339162688400961f,2.3464974965233836f,0.000005032595816969515f,-0.00002289577716361515f,-0.000012710919657059084f,-0.6608549584757606f,0f,0f,0f,1f], start_interpolation: 0, interpolation_duration: 1 }
$data merge entity $(bone_finger_left_0) { transformation: [1.4352149104524956f,0.268538005172189f,0.08453127369227165f,0.7666527175323016f,0.05542334260484229f,-0.7000617431910657f,1.282942650492942f,1.707141227409455f,0.27601892969215464f,-1.2557471605134092f,-0.6971460786328572f,-0.3548498432730299f,0f,0f,0f,1f], start_interpolation: 0, interpolation_duration: 1 }
$data merge entity $(bone_wing_left_1_model) { transformation: [-0.8075040002259088f,0.5023367065431505f,-0.35576987775860924f,0.5375272450466858f,0.6035527092614654f,0.7614663600290426f,-0.29473749800306304f,1.328265516348567f,0.12098966817104796f,-0.44587430834859854f,-0.9041762463106175f,-0.11141899720576365f,0f,0f,0f,1f], start_interpolation: 0, interpolation_duration: 1 }
$data merge entity $(bone_wing_left_0) { transformation: [-0.6685691548848168f,0.06892556418122163f,0.7404488852978993f,0.175526809764479f,-0.41607278078906657f,0.790591637571979f,-0.44927530945702976f,1.5725128747634067f,-0.6163592509430316f,-0.6084522406923626f,-0.49988713183416544f,0.05544852490848175f,0f,0f,0f,1f], start_interpolation: 0, interpolation_duration: 1 }
$data merge entity $(bone_body_0) { transformation: [-0.9999988453295994f,0.0006461847147156266f,-0.001375421674382261f,0.0003203175392363463f,0.0014235769583726215f,0.7150469227526353f,-0.6990750114906342f,1.0910240460626706f,0.0005317594488894141f,-0.6990761623080144f,-0.7150470170027893f,-0.015501821754280318f,0f,0f,0f,1f], start_interpolation: 0, interpolation_duration: 1 }
$data merge entity $(bone_leg_right_3) { transformation: [-0.9737605130687182f,-0.22098849341904495f,-0.0543557629375895f,-0.17940439824165913f,-0.15617970109755017f,0.4752048295235267f,0.8659031533390993f,0.12010576129153502f,-0.16552451224282938f,0.8516715656718241f,-0.4972496154577465f,-0.24470746601515334f,0f,0f,0f,1f], start_interpolation: 0, interpolation_duration: 1 }
$data merge entity $(bone_leg_right_2) { transformation: [-0.8944161737432788f,0.2855238322976623f,0.344232260743367f,-0.12739092047740175f,0.14789607236646288f,0.9152136222775936f,-0.3748476722298007f,0.27839578779037855f,-0.4220739981626527f,-0.284359221386581f,-0.8608097195590965f,-0.28465596467753285f,0f,0f,0f,1f], start_interpolation: 0, interpolation_duration: 1 }
$data merge entity $(bone_leg_right_1) { transformation: [-0.9271252328499063f,0.3348152028646105f,0.168337703868553f,-0.19058322564176491f,0.09249121042580136f,0.6397377517810178f,-0.7630078537866691f,0.5142257709991938f,-0.3631586135657215f,-0.6918340761171704f,-0.6240844754647596f,-0.07613996529642972f,0f,0f,0f,1f], start_interpolation: 0, interpolation_duration: 1 }
$data merge entity $(bone_leg_right_0) { transformation: [-0.9271252328499063f,0.2722137090340388f,0.25756261224591304f,-0.09377067636154457f,0.09249121042580136f,0.8322390896613816f,-0.5466474857104576f,0.8404126457468574f,-0.3631586135657215f,-0.4829883997090682f,-0.7967672352321575f,-0.1725195143869333f,0f,0f,0f,1f], start_interpolation: 0, interpolation_duration: 1 }
$data merge entity $(bone_leg_left_3) { transformation: [-0.9660009279349236f,0.24356542199780812f,0.0867069341857728f,0.17393574051690944f,0.17710184852289246f,0.379067800354229f,0.908263473879898f,0.12799469096526403f,0.18835376948349286f,0.8927393169014323f,-0.40931573336450594f,-0.24964092472651436f,0f,0f,0f,1f], start_interpolation: 0, interpolation_duration: 1 }
$data merge entity $(bone_leg_left_2) { transformation: [-0.8948454627351985f,-0.2560587272875819f,-0.36563031329758783f,0.12711115227290737f,-0.14732052076686003f,0.9426259220038657f,-0.29958810945587067f,0.29044804246516703f,0.4213647612024641f,-0.2142202122728512f,-0.8812272344126486f,-0.2774506968533088f,0f,0f,0f,1f], start_interpolation: 0, interpolation_duration: 1 }
$data merge entity $(bone_leg_left_1) { transformation: [-0.9269980615616292f,-0.32843608959538406f,-0.1811196535781654f,0.19430935785081077f,-0.08985172017815388f,0.6633035493523275f,-0.7429367872151916f,0.5194858981298074f,0.36414456228537656f,-0.672427049179238f,-0.6443916520952876f,-0.06270891645226662f,0f,0f,0f,1f], start_interpolation: 0, interpolation_duration: 1 }
$data merge entity $(bone_leg_left_0) { transformation: [-0.9269980615616292f,-0.2815655449134656f,-0.2477810278826145f,0.09353035736724602f,-0.08985172017815388f,0.8081087884384774f,-0.582139892491077f,0.8401460080030829f,0.36414456228537656f,-0.5173790003141598f,-0.7744144289667594f,-0.1726191135964096f,0f,0f,0f,1f], start_interpolation: 0, interpolation_duration: 1 }
$data merge entity $(bone_tail_3) { transformation: [-2.442231346691163f,0.0034859298659052286f,0.0012737213453104935f,-0.0017197464114265396f,0.003476708286617027f,1.855582691294586f,1.5878628760385636f,0.08457684566858918f,0.0012986810945255641f,1.5878628558206587f,-1.8555855111976125f,-1.1575718912756536f,0f,0f,0f,1f], start_interpolation: 0, interpolation_duration: 1 }
$data merge entity $(bone_tail_2) { transformation: [-1.1562486649123493f,0.0016411676541553484f,-0.0006276600518323096f,-0.0014709903430810331f,0.0016460108581183436f,1.1562136965863752f,-0.009013377520370642f,0.08242582388958603f,0.000614846862778385f,-0.00901426063527809f,-1.1562146978691001f,-0.6840157999232406f,0f,0f,0f,1f], start_interpolation: 0, interpolation_duration: 1 }
$data merge entity $(bone_tail_1) { transformation: [-1.3854150669670493f,0.0013073645471208396f,-0.0016502413172905012f,-0.0009833056087243048f,0.0019722472444120695f,1.185907636348583f,-0.7162391559868129f,0.2910111207051466f,0.0007367084031488758f,-0.716240678212175f,-1.185908128150183f,-0.32530670836307757f,0f,0f,0f,1f], start_interpolation: 0, interpolation_duration: 1 }
$data merge entity $(bone_tail_0) { transformation: [-1.1979152834677493f,-0.000010596384447825974f,-0.0018203845407598128f,-0.00044285665927356254f,0.001705326564717203f,0.41263830722418077f,-1.12460262295188f,0.6315834482417231f,0.0006370035064821106f,-1.1246039158640067f,-0.41263781567817237f,-0.22071541734588734f,0f,0f,0f,1f], start_interpolation: 0, interpolation_duration: 1 }
$data merge entity $(bone_body_1) { transformation: [-1.0208321546072994f,0.00006181521377649103f,-0.0015500784310945777f,1.539563792586899e-17f,0.001453234811672051f,0.3950339382049742f,-0.9413005737910155f,0.9071841002590233f,0.0005428377707412768f,-0.9413016935550432f,-0.39503357006969236f,-0.12571492398124937f,0f,0f,0f,1f], start_interpolation: 0, interpolation_duration: 1 }
data modify entity @s data merge value {"locators":{"body_1":{"posx":-0.00016296102291397547,"posy":0.7369468360008625,"posz":0.023572525959478452,"roty":359.77517734459013,"rotx":-67.23361686851439},"body_0":{"posx":0.00047979698224822617,"posy":1.1148437260249286,"posz":0.22063899638794804,"roty":359.88978940136076,"rotx":-44.352839073220814},"neck_1":{"posx":0.0010802083383640423,"posy":1.4276561143507178,"posz":0.5123087633256442,"roty":359.8885427768315,"rotx":-44.79717412338694},"neck_0":{"posx":0.0015874807518334228,"posy":1.7182353673881403,"posz":0.6883468172375079,"roty":359.79704060451445,"rotx":-64.69221894678245},"head_0":{"posx":0.002036726718036619,"posy":1.9686715265661783,"posz":0.862730745753779,"roty":359.6893876923976,"rotx":-73.76684935158652},"arm_right_0":{"posx":-0.1786673051719099,"posy":1.525424037271352,"posz":0.9430731695741269,"roty":198.60019097081627,"rotx":-42.23889530808335},"arm_left_0":{"posx":0.2520465579107047,"posy":1.313461379410045,"posz":0.7770119489325249,"roty":196.9042539302052,"rotx":-52.10526750553482},"finger_right_0":{"posx":-0.8495597607644617,"posy":1.5556970144389395,"posz":-0.1319469090249879,"roty":274.4288751285528,"rotx":40.165721505788106},"finger_right_1":{"posx":-1.2244051745268945,"posy":2.0138479545909798,"posz":-0.2535351137010064,"roty":274.4288751285528,"rotx":40.165721505788106},"finger_right_2":{"posx":-1.6972091374579144,"posy":2.44256317088029,"posz":-0.3088571650633313,"roty":274.4288751285528,"rotx":40.165721505788106},"finger_right_3":{"posx":-2.2046080208134375,"posy":2.9026477186469317,"posz":-0.36822735778776383,"roty":274.4288751285528,"rotx":40.165721505788106},"finger_left_0":{"posx":0.7812936680746418,"posy":1.6545437465934825,"posz":-0.10682403119480174,"roty":63.82073505423104,"rotx":49.17971622310244},"finger_left_1":{"posx":1.0387196920988753,"posy":2.1284355262320824,"posz":-0.3795023820833547,"roty":63.82073505423104,"rotx":49.17971622310244},"finger_left_2":{"posx":1.396457100387507,"posy":2.618576289539476,"posz":-0.5848967156555879,"roty":63.82073505423104,"rotx":49.17971622310244},"finger_left_3":{"posx":1.7803699625303386,"posy":3.1445807692754406,"posz":-0.8053200340390999,"roty":63.82073505423104,"rotx":49.17971622310244},"leg_right_0":{"posx":-0.22833025147607722,"posy":0.3974218695396282,"posz":-0.010933234675151157,"roty":17.913921416915144,"rotx":-33.13731909227688},"leg_left_0":{"posx":0.23337728184467801,"posy":0.40595707633189493,"posz":0.00732543947263202,"roty":342.25744847485885,"rotx":-35.601192454337195},"tail_0":{"posx":-0.0007150422748463117,"posy":0.3988759926302569,"posz":-0.10959060200816077,"roty":359.74723675172487,"rotx":-69.8507844806464},"tail_1":{"posx":-0.0014467062242576132,"posy":0.0076949026024348,"posz":-0.43828568891436703,"roty":359.920270550994,"rotx":-31.130204519369926},"tail_2":{"posx":-0.0019007370471116718,"posy":-0.12309912725417271,"posz":-0.9419625525054434,"roty":359.96889654795723,"rotx":-0.44664538081404925},"tail_3":{"posx":-0.0019352731968883927,"posy":0.04846454193811635,"posz":-1.4662037236535468,"roty":0.03932928202959829,"rotx":40.55428104844574},"tail_4":{"posx":-0.0017070997087851123,"posy":0.3329131086433449,"posz":-1.79861192276452,"roty":0.03932928202959829,"rotx":40.55428104844574},"shadow":{"posx":-1.472387071046712e-17,"posy":0.7175028362588155,"posz":0.12022952838907065,"roty":0,"rotx":-38.828125}},"cameras":{}}