# This file was generated by Animated Java via MC-Build. It is not recommended to edit this file directly.
$data merge entity $(bone_head_lower) { transformation: [-0.9967937702514502f,0.025860573784403165f,0.07571928625813024f,0.028172049119120243f,0.04625843370293852f,0.958405948091422f,0.2816348628531875f,0.43868699494451313f,-0.065286575183954f,0.2842345323610842f,-0.95652934806739f,0.7996495628836268f,0f,0f,0f,1f], start_interpolation: 0, interpolation_duration: 1 }
$data merge entity $(bone_head_upper) { transformation: [-1.0375622201239971f,-0.025089264471457408f,0.07941732029696622f,0.03276140816474451f,0.04815038436704133f,0.6291632151825937f,0.8278327921325146f,0.5098982476336498f,-0.06795676890623807f,0.8288522908533764f,-0.6259853832881737f,0.7750863431070758f,0f,0f,0f,1f], start_interpolation: 0, interpolation_duration: 1 }
$data merge entity $(bone_neck_0) { transformation: [-0.9989753196676812f,-0.0008479408099967027f,0.04525032255395537f,0.03602393643484094f,0.007515834542081479f,0.9828334949136093f,0.18434162174353474f,0.5058624635468403f,-0.04462984344572942f,0.18449282444659768f,-0.981820031778598f,0.7086197754930612f,0f,0f,0f,1f], start_interpolation: 0, interpolation_duration: 1 }
$data merge entity $(bone_neck_1) { transformation: [-0.9999760464222898f,-0.002601901393809677f,0.006413789112793666f,0.036555281919193064f,-0.0011100773046307522f,0.974946441546009f,0.22243696600419705f,0.5291972504404718f,-0.006831859924225851f,0.22242451804131538f,-0.9749259764023445f,0.6270554313398939f,0f,0f,0f,1f], start_interpolation: 0, interpolation_duration: 1 }
$data merge entity $(bone_neck_2) { transformation: [-0.9993205434869715f,0.010849111180482653f,-0.03522425515887313f,0.0335755925645135f,0.0009622853141777559f,0.9630501802049025f,0.26932030078380464f,0.5622205918619577f,0.03684461116470076f,0.269103413567904f,-0.96240626942795f,0.545376114699448f,0f,0f,0f,1f], start_interpolation: 0, interpolation_duration: 1 }
$data merge entity $(bone_body_0) { transformation: [-0.9983372035289789f,-0.00407652325435446f,-0.057499652243250765f,0.0064373881063135305f,-0.006838195919870982f,0.9988280225819586f,0.04791471988414368f,0.5943177051132764f,0.05723693847944285f,0.04822824134437413f,-0.9971950509355376f,0.075861260959077f,0f,0f,0f,1f], start_interpolation: 0, interpolation_duration: 1 }
$data merge entity $(bone_leg_left_3) { transformation: [-0.9884742483008048f,0.041831471463702495f,-0.14549497737495987f,0.19341959695211508f,0.041304457107517394f,0.9991245259833875f,0.006642544807870132f,0.03091017461751433f,0.14564546772629727f,0.0005563934334207321f,-0.9893366909991438f,-0.14463110962688824f,0f,0f,0f,1f], start_interpolation: 0, interpolation_duration: 1 }
$data merge entity $(bone_leg_left_2) { transformation: [-1.0160532429174824f,-0.04668253712487748f,-0.13235840655260983f,0.17687121477722495f,-0.0030883363514905555f,0.9745021580417947f,-0.3199971963176546f,0.2481710748901283f,0.14031560581824667f,-0.3165888251346909f,-0.9654766936930114f,-0.2480473768489394f,0f,0f,0f,1f], start_interpolation: 0, interpolation_duration: 1 }
$data merge entity $(bone_leg_left_1) { transformation: [-0.942011876054995f,0.07082512923104245f,0.32802046649676375f,0.19747596890682953f,0.32590645228016585f,0.42608210371692307f,0.8439425485507396f,0.3126740887250088f,-0.0799913103624662f,0.9019078899541613f,-0.42445676847581104f,0.021077484457557902f,0f,0f,0f,1f], start_interpolation: 0, interpolation_duration: 1 }
$data merge entity $(bone_leg_left_0) { transformation: [-0.9596047263113787f,0.2722924652445169f,-0.07082077810873857f,0.19857345493005227f,0.2757771659951322f,0.8604467782116035f,-0.4284603792428944f,0.7174589734557308f,-0.0557290225695454f,-0.43068335843904526f,-0.9007808394982145f,-0.08117353598927199f,0f,0f,0f,1f], start_interpolation: 0, interpolation_duration: 1 }
$data merge entity $(bone_leg_right_3) { transformation: [-0.9749601578871746f,0.013162726239393546f,0.22198971410982637f,-0.20513127570424647f,0.019333838612311784f,0.9994840357025423f,0.025648880292763743f,0.0355023538992692f,-0.22153756615330214f,0.029298549686054887f,-0.9747115992790716f,-0.12475070184148719f,0f,0f,0f,1f], start_interpolation: 0, interpolation_duration: 1 }
$data merge entity $(bone_leg_right_2) { transformation: [-1.0061631905564243f,0.09549750593511729f,0.1748658337988958f,-0.17590586848996775f,0.029501895253528358f,0.9616911555562407f,-0.3554461407893559f,0.24864051950681781f,-0.19704687677418445f,-0.34364596198088665f,-0.9461195382553227f,-0.23378771390906172f,0f,0f,0f,1f], start_interpolation: 0, interpolation_duration: 1 }
$data merge entity $(bone_leg_right_1) { transformation: [-0.9532897118470135f,-0.1094277513272812f,-0.2815391491890474f,-0.2096875486246867f,-0.30080018507166145f,0.4288696866927471f,0.8518157315387636f,0.3139832754258875f,0.027531326656959444f,0.8967142014463246f,-0.4417529478984698f,0.03379873566554219f,0f,0f,0f,1f], start_interpolation: 0, interpolation_duration: 1 }
$data merge entity $(bone_leg_right_0) { transformation: [-0.9681613796759595f,-0.2248414311068003f,0.1100448715833166f,-0.19435237262837232f,-0.2503171583181467f,0.865687731358503f,-0.4335044083131061f,0.7182761658794101f,0.0022052563276263922f,-0.4472483455902485f,-0.8944070964674392f,-0.06925159024539854f,0f,0f,0f,1f], start_interpolation: 0, interpolation_duration: 1 }
$data merge entity $(bone_tail_4) { transformation: [-2.7472496109406546f,0.10498166676835735f,0.25934486003959967f,0.06263542915068139f,0.15506340002189406f,2.701918014223724f,0.5488676689211879f,0.7131360893667187f,-0.23288677240253908f,0.5606061234555559f,-2.693909029121819f,-1.8438020440312313f,0f,0f,0f,1f], start_interpolation: 0, interpolation_duration: 1 }
$data merge entity $(bone_tail_3) { transformation: [-2.065133820852463f,0.13946183891537528f,0.22741640992261716f,0.022709266422570845f,0.1411284879967743f,2.0774915592269627f,0.007556272951155075f,0.6915249388390072f,-0.22638590479862977f,0.02290726678392559f,-2.069823713575975f,-1.4930605963273098f,0f,0f,0f,1f], start_interpolation: 0, interpolation_duration: 1 }
$data merge entity $(bone_tail_2) { transformation: [-1.9394602142365676f,0.15791990832874817f,0.17980337858245038f,-0.012112335597649314f,0.1337138805247287f,1.9328060202188182f,-0.2552554825340464f,0.7395351663658027f,-0.19846548957247648f,-0.2410312547411852f,-1.9290643479908658f,-1.1346558557689415f,0f,0f,0f,1f], start_interpolation: 0, interpolation_duration: 1 }
$data merge entity $(bone_tail_1) { transformation: [-1.50953347890182f,0.06811671934414984f,0.06576502581433098f,-0.025654726067240712f,0.0623578694620483f,1.5057598724009233f,-0.12827685989027518f,0.7486729815667613f,-0.07124901536669431f,-0.12531388276222827f,-1.5056149104589565f,-0.8090644231535388f,0f,0f,0f,1f], start_interpolation: 0, interpolation_duration: 1 }
$data merge entity $(bone_tail_0) { transformation: [-1.276703982228001f,0.027509830048904296f,-0.0557303113024868f,-0.008705172608166011f,0.026216380872281928f,1.2775931321485356f,0.030070029013644334f,0.7707164183076423f,0.056350330266566634f,0.028891426437653793f,-1.276646247925115f,-0.4353015159048793f,0f,0f,0f,1f], start_interpolation: 0, interpolation_duration: 1 }
$data merge entity $(bone_body_1) { transformation: [-1.235796119646256f,0.00865122926994753f,-0.03657460807207273f,-0.000784810244790962f,0.0025701624972389037f,1.2198034945396752f,0.20168644979220712f,0.6416647222222223f,0.0374958662820945f,0.20151721017611746f,-1.2192577533363649f,-0.1654147815059088f,0f,0f,0f,1f], start_interpolation: 0, interpolation_duration: 1 }