# This file was generated by Animated Java via MC-Build. It is not recommended to edit this file directly.
$data merge entity $(bone_head_lower) { transformation: [-0.9269424060951937f,-0.37252985864142485f,0.044713311251271565f,0.01519539518615926f,-0.3675953728853806f,0.9255515662596695f,0.09070799318434072f,1.135783241005818f,-0.07517591113988019f,0.067644679132008f,-0.9948732480921457f,0.48586347765421833f,0f,0f,0f,1f], start_interpolation: 0, interpolation_duration: 1 }
$data merge entity $(bone_head_upper) { transformation: [-0.9648539642784847f,-0.35643511513323795f,0.15963326376277348f,0.01789691727444393f,-0.382629870471654f,0.9479634378195644f,-0.19603990757920947f,1.1434362554128439f,-0.07825057458220498f,-0.2403981527399388f,-1.0097314089995846f,0.41083288628850123f,0f,0f,0f,1f], start_interpolation: 0, interpolation_duration: 1 }
$data merge entity $(bone_neck_0) { transformation: [-0.9600771661621786f,-0.217325488570558f,0.17612912033950784f,0.033123581536804544f,-0.27970451011570596f,0.736458221665194f,-0.6159502210103287f,1.091744040938691f,0.004149943967524066f,-0.6406238520062362f,-0.7678436417694413f,0.371579862042f,0f,0f,0f,1f], start_interpolation: 0, interpolation_duration: 1 }
$data merge entity $(bone_neck_1) { transformation: [-0.943934131924632f,-0.30992679845759513f,0.113726576425727f,0.041329921201734864f,-0.326183882424995f,0.8224251225822415f,-0.4660697293235656f,1.0560506274363837f,0.05091590550946351f,-0.47703490159883455f,-0.8774082705461246f,0.2950542253808892f,0f,0f,0f,1f], start_interpolation: 0, interpolation_duration: 1 }
$data merge entity $(bone_neck_2) { transformation: [-0.9865101558472696f,-0.1628006018199471f,-0.017136990904438126f,0.03823467262888087f,-0.1250785259918262f,0.8171582910859886f,-0.5626790289722363f,1.0147562147993623f,0.10560811874997036f,-0.5529451070011286f,-0.8264978123973483f,0.21723314009305555f,0f,0f,0f,1f], start_interpolation: 0, interpolation_duration: 1 }
$data merge entity $(bone_body_0) { transformation: [-0.9824176847715054f,-0.14404205147795046f,0.11877449243932123f,0.0928404649182945f,-0.18139535979500285f,0.5859215532782083f,-0.7898048219964812f,0.6481057991574197f,0.04417257172767278f,-0.7974633664376534f,-0.6017482555827547f,-0.07396539160166493f,0f,0f,0f,1f], start_interpolation: 0, interpolation_duration: 1 }
$data merge entity $(bone_leg_left_3) { transformation: [-0.9707061389287547f,-0.019439555318551724f,-0.2394821403258419f,0.42768334819510373f,-0.01747224040440607f,0.9997939291589732f,-0.010335377695699463f,0.05137505631596717f,0.23963370518622773f,-0.005848325049027658f,-0.9708457572821962f,-0.23382906982080504f,0f,0f,0f,1f], start_interpolation: 0, interpolation_duration: 1 }
$data merge entity $(bone_leg_left_2) { transformation: [-0.9909263742743282f,-0.2587641359113855f,-0.05628714093167393f,0.3640889773909396f,-0.2517943025671343f,0.9881951016002465f,-0.11014658355438456f,0.27792724869850227f,0.08201676330457411f,-0.09259461453025519f,-1.0182149514703314f,-0.2867529037210892f,0f,0f,0f,1f], start_interpolation: 0, interpolation_duration: 1 }
$data merge entity $(bone_leg_left_1) { transformation: [-0.9896208979243362f,0.026647767675835255f,0.1412103922143309f,0.38354799215687124f,0.12947102959684045f,0.5917058447677926f,0.7956892897122384f,0.39389636334894723f,-0.062351671080769805f,0.805713404223566f,-0.5890145833236284f,-0.03538485314326251f,0f,0f,0f,1f], start_interpolation: 0, interpolation_duration: 1 }
$data merge entity $(bone_leg_left_0) { transformation: [-0.9988205318970654f,-0.045311530379135795f,-0.017447357265895413f,0.2510390550235483f,-0.012836432663981545f,0.5929729146452742f,-0.8051200832755021f,0.6907660438067793f,0.0468270334030057f,-0.8039465079915384f,-0.5928551604151598f,-0.2973334224638732f,0f,0f,0f,1f], start_interpolation: 0, interpolation_duration: 1 }
$data merge entity $(bone_leg_right_3) { transformation: [-0.8998559858562986f,0.003888986440290918f,0.43616978403261275f,-0.23819535551636856f,0.006075133074317618f,0.9999750028186165f,0.0036175262316863466f,0.022451410117881654f,-0.4361448125069451f,0.005905042114569992f,-0.8998571181031502f,-0.22895110187281414f,0f,0f,0f,1f], start_interpolation: 0, interpolation_duration: 1 }
$data merge entity $(bone_leg_right_2) { transformation: [-1.011923392668769f,0.16556147375914368f,0.02574189731008587f,-0.19723780046148018f,0.15292187180450126f,0.9770047161829963f,-0.2722845665488304f,0.24153773853740587f,-0.06847005180537177f,-0.2647893171251004f,-0.9885649543873619f,-0.3211179692905243f,0f,0f,0f,1f], start_interpolation: 0, interpolation_duration: 1 }
$data merge entity $(bone_leg_right_1) { transformation: [-0.9700845459992299f,0.07537596841049482f,-0.23076922888385282f,-0.1838412108643863f,-0.15803884289863832f,0.525494809117223f,0.8359897904437069f,0.3368130506077472f,0.18428157191842998f,0.8474512782319902f,-0.4978620624974741f,-0.060817120354467624f,0f,0f,0f,1f], start_interpolation: 0, interpolation_duration: 1 }
$data merge entity $(bone_leg_right_0) { transformation: [-0.9819358427691794f,-0.17539278331672636f,-0.0709885360152834f,-0.13275200352210859f,-0.10920261581982604f,0.8317019180686543f,-0.5443773582534718f,0.7203795756802449f,0.15452116160348006f,-0.5267915062349934f,-0.8358312745855937f,-0.21757774137071578f,0f,0f,0f,1f], start_interpolation: 0, interpolation_duration: 1 }
$data merge entity $(bone_tail_4) { transformation: [-2.7164441538883755f,-0.18826082379313722f,0.4595109929374887f,-0.40196246166744803f,0.38192848515389805f,0.841056062126404f,2.6023867245642944f,0.8901060617959698f,-0.3173690637628628f,2.6235174659577085f,-0.8013078776482404f,-1.8144077957159515f,0f,0f,0f,1f], start_interpolation: 0, interpolation_duration: 1 }
$data merge entity $(bone_tail_3) { transformation: [-2.049642450477178f,0.21054197890981957f,-0.3009708064963936f,-0.3529892535517573f,-0.06049368811575072f,1.4894485063692848f,1.4539013675682773f,0.6290026945658177f,0.3622869925135415f,1.4398474738789135f,-1.4599770248412982f,-1.580939682384175f,0f,0f,0f,1f], start_interpolation: 0, interpolation_duration: 1 }
$data merge entity $(bone_tail_2) { transformation: [-1.8108775389940048f,0.47473997437369625f,-0.5604626397017516f,-0.25002655154755893f,0.3095078953406414f,1.845481899017603f,0.5631831834518554f,0.5249761726441381f,0.6661090575060513f,0.43311937399846423f,-1.7853515638042705f,-1.2484511131039462f,0f,0f,0f,1f], start_interpolation: 0, interpolation_duration: 1 }
$data merge entity $(bone_tail_1) { transformation: [-1.4593092238488103f,0.1334190444676603f,-0.3745293016081914f,-0.16966875143612378f,0.15955378494802885f,1.5015551237998466f,-0.08678162189765024f,0.5251432160538521f,0.3641640137335667f,-0.12323886872154033f,-1.4628236402033206f,-0.9325092307005871f,0f,0f,0f,1f], start_interpolation: 0, interpolation_duration: 1 }
$data merge entity $(bone_tail_0) { transformation: [-1.169902192455005f,-0.0003221112522837931f,-0.5149412324890493f,-0.019198728073372195f,0.0958099826634146f,1.2557597142969956f,-0.218457555957197f,0.6192853101761293f,0.5059496258473133f,-0.23854381731056626f,-1.1493248191490055f,-0.602406292991353f,0f,0f,0f,1f], start_interpolation: 0, interpolation_duration: 1 }
$data merge entity $(bone_body_1) { transformation: [-1.2070662390731477f,0.03362898523071665f,-0.2654520312568899f,0.04025000000000004f,0.09313790341971834f,1.2026652678184049f,-0.27115711236497914f,0.6013175f,0.2508406276754941f,-0.28472783494398113f,-1.176696067203306f,-0.30966250000000006f,0f,0f,0f,1f], start_interpolation: 0, interpolation_duration: 1 }