# This file was generated by Animated Java via MC-Build. It is not recommended to edit this file directly.
$data merge entity $(bone_head_lower) { transformation: [-0.9082910008282202f,-0.404251012183237f,-0.10765025296439433f,0.02099658476701295f,-0.41505664765514627f,0.9029886338123052f,0.11108333107653126f,1.032209532768751f,0.052301405829494135f,0.14557694307346503f,-0.9879635198698601f,0.5493697538427879f,0f,0f,0f,1f], start_interpolation: 0, interpolation_duration: 1 }
$data merge entity $(bone_head_upper) { transformation: [-0.9454397243075109f,-0.4258317166812882f,-0.09101109467043991f,0.00486708950485891f,-0.43203229160397194f,0.944504043342192f,0.06879065129200689f,1.0580262524889101f,0.05444051153566802f,0.10025668936297986f,-1.0346288076045518f,0.4803133069513081f,0f,0f,0f,1f], start_interpolation: 0, interpolation_duration: 1 }
$data merge entity $(bone_neck_0) { transformation: [-0.9357816445096575f,-0.34183975608186756f,0.08636142055738874f,0.016302455520396768f,-0.3470010872672376f,0.8495184998482113f,-0.3973771053432741f,1.018653950401941f,0.062473668326390064f,-0.40182570795997363f,-0.9135825858609117f,0.4277415418415078f,0f,0f,0f,1f], start_interpolation: 0, interpolation_duration: 1 }
$data merge entity $(bone_neck_1) { transformation: [-0.9040326557319508f,-0.4178420126539276f,0.09018320149313315f,0.022017210419339673f,-0.42740711352332134f,0.8801447051755453f,-0.20656344609130378f,1.0052100320114332f,0.006936618765561009f,-0.22528504258553722f,-0.9742682037854534f,0.344170377680144f,0f,0f,0f,1f], start_interpolation: 0, interpolation_duration: 1 }
$data merge entity $(bone_neck_2) { transformation: [-0.9795471664430009f,-0.20099116737410883f,-0.00948152683278397f,0.019218728409264405f,-0.1816685355885886f,0.903670014866204f,-0.3877847952264405f,0.9800846698029322f,0.08650949017642827f,-0.3781310022588834f,-0.9217011735047898f,0.2597203032783322f,0f,0f,0f,1f], start_interpolation: 0, interpolation_duration: 1 }
$data merge entity $(bone_body_0) { transformation: [-0.9724644287237488f,-0.17644159689585015f,0.1522540566022301f,0.0892946675707541f,-0.23140557016996052f,0.6535427318808178f,-0.7206478749708994f,0.6466718402082581f,0.02764772976770835f,-0.7360368608232877f,-0.6763766277364202f,-0.06606513610690645f,0f,0f,0f,1f], start_interpolation: 0, interpolation_duration: 1 }
$data merge entity $(bone_leg_left_3) { transformation: [-0.972624196134698f,-0.014277652626626438f,-0.2319446522962022f,0.4178863346264293f,-0.011986426505224437f,0.9998644812110581f,-0.011284714979845498f,0.04878918564376289f,0.23207433867829413f,-0.008195599307853324f,-0.9726635253154181f,-0.22526523916546462f,0f,0f,0f,1f], start_interpolation: 0, interpolation_duration: 1 }
$data merge entity $(bone_leg_left_2) { transformation: [-0.9937775040436028f,-0.24797354230575394f,-0.0545673370607187f,0.35685596198653674f,-0.24036033582867583f,0.9898151077997619f,-0.12064477125995092f,0.2754122965040988f,0.0818253073192382f,-0.1041027098032334f,-1.017118205713785f,-0.28083799602919557f,0f,0f,0f,1f], start_interpolation: 0, interpolation_duration: 1 }
$data merge entity $(bone_leg_left_1) { transformation: [-0.9882078259327861f,0.02887938424715239f,0.15037045564439122f,0.37640727961090314f,0.13840752021554537f,0.5884941886289289f,0.796566348961442f,0.3902844128162852f,-0.06548779361819955f,0.8079855017978254f,-0.585551686678073f,-0.028973888755300214f,0f,0f,0f,1f], start_interpolation: 0, interpolation_duration: 1 }
$data merge entity $(bone_leg_left_0) { transformation: [-0.9992126881426884f,-0.03267925415151088f,-0.02249600415103728f,0.24922357787145927f,-0.001849258302104459f,0.604772879434503f,-0.7963958466392402f,0.6923544761264646f,0.03963059548372477f,-0.7957272338236269f,-0.60435716695759f,-0.28759573900792174f,0f,0f,0f,1f], start_interpolation: 0, interpolation_duration: 1 }
$data merge entity $(bone_leg_right_3) { transformation: [-0.9043797849122852f,0.004495611677162282f,0.42670480911006486f,-0.2380578100815821f,0.006682418058218981f,0.99997109208002f,0.0036277118390924956f,0.023195787506801208f,-0.42667616517788276f,0.006132249174687909f,-0.9043836827304854f,-0.2238880464247468f,0f,0f,0f,1f], start_interpolation: 0, interpolation_duration: 1 }
$data merge entity $(bone_leg_right_2) { transformation: [-1.012292826976761f,0.16285171296045955f,0.028368143011764706f,-0.1976501604466252f,0.1494451228754393f,0.976830768717949f,-0.2748272257898399f,0.24216838321811998f,-0.0706511656014019f,-0.26710141963763323f,-0.9877891697763336f,-0.31656650262920416f,0f,0f,0f,1f], start_interpolation: 0, interpolation_duration: 1 }
$data merge entity $(bone_leg_right_1) { transformation: [-0.9699923222716605f,0.07110202814831063f,-0.2325067661966595f,-0.18532067770165284f,-0.16235953815340876f,0.5224017442808423f,0.837099634418117f,0.3364584949217717f,0.18098142198757045f,0.8497299095392192f,-0.49518158864181017f,-0.055854507604195996f,0f,0f,0f,1f], start_interpolation: 0, interpolation_duration: 1 }
$data merge entity $(bone_leg_right_0) { transformation: [-0.9819369904379144f,-0.176933491572251f,-0.06703943891310218f,-0.1351577502335874f,-0.11340191280858744f,0.8339689990418052f,-0.5400330682546791f,0.7210497731886747f,0.15145875009746024f,-0.5226760451725921f,-0.8389696054218253f,-0.21038770129835427f,0f,0f,0f,1f], start_interpolation: 0, interpolation_duration: 1 }
$data merge entity $(bone_tail_4) { transformation: [-2.5149599793526347f,-0.4617761926217786f,1.0427849163573142f,-0.324592149836689f,0.8221886816335771f,1.0156813831083524f,2.4327059895105987f,0.9051180007919943f,-0.7903438527933498f,2.526027594373197f,-0.7875293762247376f,-1.8331270579783299f,0f,0f,0f,1f], start_interpolation: 0, interpolation_duration: 1 }
$data merge entity $(bone_tail_3) { transformation: [-2.0785966547341426f,0.12290235671994612f,-0.016627798566234656f,-0.3229753857123525f,0.07954622796490281f,1.5353382733249763f,1.404405322591907f,0.6519582663106167f,0.09515182914180864f,1.401276890275654f,-1.537307624463889f,-1.5861690891944693f,0f,0f,0f,1f], start_interpolation: 0, interpolation_duration: 1 }
$data merge entity $(bone_tail_2) { transformation: [-1.851734518936149f,0.4484312818203006f,-0.4344681022446741f,-0.24347126475125402f,0.3199574843484729f,1.8491774855563594f,0.5449254170284515f,0.5513344295614476f,0.5361719449882504f,0.4452256589632243f,-1.825669091870445f,-1.2462787801281174f,0f,0f,0f,1f], start_interpolation: 0, interpolation_duration: 1 }
$data merge entity $(bone_tail_1) { transformation: [-1.4675331174914112f,0.14127702568809478f,-0.33770342177518076f,-0.17112618193839751f,0.1573989759278825f,1.5032781248462974f,-0.05510618599988182f,0.5446662693057419f,0.33049714286631016f,-0.08861112442196577f,-1.4732874659026598f,-0.9284763231986072f,0f,0f,0f,1f], start_interpolation: 0, interpolation_duration: 1 }
$data merge entity $(bone_tail_0) { transformation: [-1.1673723976079549f,0.014550153729721408f,-0.5204475909383427f,-0.01868817841045435f,0.09219243191834804f,1.2633028063399414f,-0.17147096423195451f,0.6252598175037426f,0.5124236112671466f,-0.19413920032826168f,-1.1548020306943814f,-0.5957012544659082f,0f,0f,0f,1f], start_interpolation: 0, interpolation_duration: 1 }
$data merge entity $(bone_body_1) { transformation: [-1.2089227035249042f,0.03629666990711499f,-0.256501547192099f,0.03850000000000005f,0.09024995119798519f,1.2064915722159741f,-0.25463233796365725f,0.6031925f,0.24282800140644398f,-0.2677036290036629f,-1.1823594731753415f,-0.3027875000000001f,0f,0f,0f,1f], start_interpolation: 0, interpolation_duration: 1 }