# This file was generated by Animated Java via MC-Build. It is not recommended to edit this file directly.
$data merge entity $(bone_head_lower) { transformation: [-0.8346478125649932f,-0.4927922466156992f,-0.2460057532984203f,0.03870808746699336f,-0.5253528722021271f,0.8464405904653518f,0.08684864121931712f,0.9258592718549572f,0.16543091805780066f,0.20172785749151798f,-0.9653696094566244f,0.5906011726587451f,0f,0f,0f,1f], start_interpolation: 0, interpolation_duration: 1 }
$data merge entity $(bone_head_upper) { transformation: [-0.8687845603289797f,-0.4494022188330196f,-0.35598170743093915f,0.003806742792429798f,-0.546839585778164f,0.843696561195233f,0.26947081963880815f,0.9632111088517549f,0.17219697367681552f,0.4119292426118884f,-0.9402842357081447f,0.5350836717723684f,0f,0f,0f,1f], start_interpolation: 0, interpolation_duration: 1 }
$data merge entity $(bone_neck_0) { transformation: [-0.8896724588475938f,-0.45541512447793253f,-0.03286305470928183f,0.009361472843600425f,-0.44378277512961317f,0.8793903043958484f,-0.17242256532378802f,0.9379311862976571f,0.10742329573391031f,-0.13881555003430324f,-0.9844747221754041f,0.47364421585018157f,0f,0f,0f,1f], start_interpolation: 0, interpolation_duration: 1 }
$data merge entity $(bone_neck_1) { transformation: [-0.8585095788284572f,-0.511861351171862f,0.030971926583606958f,0.009627120269588466f,-0.509766687114606f,0.8584343596710967f,0.056818789535445585f,0.9466991833086318f,-0.0556707083481416f,0.03299101866553583f,-0.9979039858219961f,0.38926063626035945f,0f,0f,0f,1f], start_interpolation: 0, interpolation_duration: 1 }
$data merge entity $(bone_neck_2) { transformation: [-0.969000251472981f,-0.246178462011787f,-0.02084892051907153f,0.005390357460579739f,-0.23745653128000735f,0.9513123768692763f,-0.19651757521350283f,0.9387967125779006f,0.06821223055850242f,-0.18547486745335368f,-0.9802786160808542f,0.30156496252789544f,0f,0f,0f,1f], start_interpolation: 0, interpolation_duration: 1 }
$data merge entity $(bone_body_0) { transformation: [-0.9612105319705727f,-0.21371185579111623f,0.17436041960022186f,0.08552989680036069f,-0.2755930515206908f,0.7187820945165991f,-0.6382795395090182f,0.6448252570834623f,0.011080757300930888f,-0.6615735358194491f,-0.7497984219248464f,-0.0581145368768024f,0f,0f,0f,1f], start_interpolation: 0, interpolation_duration: 1 }
$data merge entity $(bone_leg_left_3) { transformation: [-0.9745660372872994f,-0.008829450138302037f,-0.22392650530114905f,0.4071780690012257f,-0.006237357106275574f,0.9999051396735215f,-0.012280351412050125f,0.045944814204186f,0.2240136923102227f,-0.010571303833013565f,-0.974528662068392f,-0.216823958475501f,0f,0f,0f,1f], start_interpolation: 0, interpolation_duration: 1 }
$data merge entity $(bone_leg_left_2) { transformation: [-0.9967512945277966f,-0.23605591108251472f,-0.053166372839040126f,0.3489643614914275f,-0.22773597162796325f,0.9913499979988593f,-0.13199889467348727f,0.2725943976357561f,0.0817641950032124f,-0.11646882763795158f,-1.0157813879495978f,-0.27523802060333946f,0f,0f,0f,1f], start_interpolation: 0, interpolation_duration: 1 }
$data merge entity $(bone_leg_left_1) { transformation: [-0.9865549803563841f,0.03139904759245077f,0.16038506958037432f,0.36863613788618715f,0.1482848366016176f,0.58456270264208f,0.7976829281825065f,0.38614251996038806f,-0.06870864551165362f,0.8107407393797808f,-0.581359248263825f,-0.02278360731295831f,0f,0f,0f,1f], start_interpolation: 0, interpolation_duration: 1 }
$data merge entity $(bone_leg_left_0) { transformation: [-0.999434906795078f,-0.018684514498815558f,-0.027942011335214456f,0.24736472617307378f,0.010438213938723996f,0.6176583682848983f,-0.7863772528356896f,0.6938850023342725f,0.03195169431005393f,-0.7862245410858022f,-0.6171143007783375f,-0.2775287501673825f,0f,0f,0f,1f], start_interpolation: 0, interpolation_duration: 1 }
$data merge entity $(bone_leg_right_3) { transformation: [-0.9092985199566788f,0.0050970797594120185f,0.41611323144370177f,-0.2375891114413726f,0.007353320661130577f,0.999965668408629f,0.003819774775884216f,0.023844853987388143f,-0.4160794759175802f,0.0065331295724242455f,-0.9093047827533638f,-0.21903982138408493f,0f,0f,0f,1f], start_interpolation: 0, interpolation_duration: 1 }
$data merge entity $(bone_leg_right_2) { transformation: [-1.0127033817366868f,0.15971356004506415f,0.03139488584952103f,-0.19781878385799465f,0.14543070875896205f,0.9766849099931297f,-0.27748638712966167f,0.24270749812048048f,-0.07310245597542352f,-0.26951876526531166f,-0.9869538315447779f,-0.3122521387729248f,0f,0f,0f,1f], start_interpolation: 0, interpolation_duration: 1 }
$data merge entity $(bone_leg_right_1) { transformation: [-0.9698385661312325f,0.06623621760633762f,-0.23457604123550366f,-0.1866983810427838f,-0.16734772986064717f,0.5187747937466267f,0.8383719047556596f,0.33584546130303106f,0.17722272132828418f,0.8523411739733985f,-0.49204332146127794f,-0.05107204359873482f,0f,0f,0f,1f], start_interpolation: 0, interpolation_duration: 1 }
$data merge entity $(bone_leg_right_0) { transformation: [-0.9818973285381253f,-0.17882094477359767f,-0.062455631611333176f,-0.1376542913191424f,-0.11826397357579767f,0.8363423237404436f,-0.5352991220565356f,0.7215485503264749f,0.14795698281512656f,-0.5182225267495738f,-0.8423503689116136f,-0.20317425576346887f,0f,0f,0f,1f], start_interpolation: 0, interpolation_duration: 1 }
$data merge entity $(bone_tail_4) { transformation: [-2.1978711981156294f,-0.6566937588212329f,1.537457913316331f,-0.2525368474995523f,1.1700667581223543f,1.2096781900105895f,2.189356935209457f,0.9146825887024603f,-1.1941387313167635f,2.3939701993420766f,-0.6845441597378843f,-1.8432887986051516f,0f,0f,0f,1f], start_interpolation: 0, interpolation_duration: 1 }
$data merge entity $(bone_tail_3) { transformation: [-2.067246143532805f,0.06027776527969836f,0.24249845176016066f,-0.2942454888545301f,0.202859930549583f,1.584760349113281f,1.3354130486483256f,0.6727377605215499f,-0.1458998172398024f,1.3493875473471963f,-1.5791808054932006f,-1.5887229077485854f,0f,0f,0f,1f], start_interpolation: 0, interpolation_duration: 1 }
$data merge entity $(bone_tail_2) { transformation: [-1.8799306258656823f,0.4260173655305249f,-0.32116027338615727f,-0.23583122872505152f,0.33065349442055453f,1.8535560601322583f,0.523232332312552f,0.5761555718460685f,0.4186919912806028f,0.44901337531992014f,-1.8552244824344228f,-1.2434242847954668f,0f,0f,0f,1f], start_interpolation: 0, interpolation_duration: 1 }
$data merge entity $(bone_tail_1) { transformation: [-1.4743411212306716f,0.147446646386678f,-0.30370050167493656f,-0.17087210801033684f,0.15602749791377965f,1.5041853667077973f,-0.027167121247857084f,0.5634654567495989f,0.29938257822233355f,-0.057811063400115915f,-1.4814466587783364f,-0.9242128335384081f,0f,0f,0f,1f], start_interpolation: 0, interpolation_duration: 1 }
$data merge entity $(bone_tail_0) { transformation: [-1.1668280467301204f,0.02717996953794786f,-0.5211614674972775f,-0.01792071320634319f,0.08709341754652225f,1.2687215115537491f,-0.1288261593189255f,0.6317279648039159f,0.5145510300913475f,-0.15311006485765163f,-1.1600130439159926f,-0.5889248795012426f,0f,0f,0f,1f], start_interpolation: 0, interpolation_duration: 1 }
$data merge entity $(bone_body_1) { transformation: [-1.2109283086924254f,0.038979677749991455f,-0.24645042297804823f,0.03675000000000006f,0.08700498380786235f,1.2105043020327926f,-0.23603826513712856f,0.6050675f,0.23385328532254077f,-0.2485246759154081f,-1.188340322239907f,-0.2959125000000001f,0f,0f,0f,1f], start_interpolation: 0, interpolation_duration: 1 }