# This file was generated by Animated Java via MC-Build. It is not recommended to edit this file directly.
$data merge entity $(bone_head_lower) { transformation: [-0.6536915734746799f,-0.6944692593405004f,-0.30066555273135914f,0.07612897236815935f,-0.7257800247838389f,0.6878419860407174f,-0.010805455304216227f,0.7552305199891891f,0.21431444746672423f,0.21115361723308873f,-0.9536684264126684f,0.632155870467948f,0f,0f,0f,1f], start_interpolation: 0, interpolation_duration: 1 }
$data merge entity $(bone_head_upper) { transformation: [-0.6804272864583054f,-0.4217307066689876f,-0.6653073436232088f,0.02058336123624789f,-0.7554641253891543f,0.5983532550121622f,0.3933437174404309f,0.7955479461025291f,0.22307981907042684f,0.7399922539137376f,-0.6972222035009208f,0.6007767894206211f,0f,0f,0f,1f], start_interpolation: 0, interpolation_duration: 1 }
$data merge entity $(bone_neck_0) { transformation: [-0.798645300452922f,-0.5613837899267728f,-0.2168269459082856f,0.015933298131121036f,-0.5938823000293776f,0.7934622193712157f,0.13312220003560993f,0.7914683958170976f,0.09731134454049026f,0.23508710478875167f,-0.9670907689486878f,0.5343955387779594f,0f,0f,0f,1f], start_interpolation: 0, interpolation_duration: 1 }
$data merge entity $(bone_neck_1) { transformation: [-0.8042186856940455f,-0.5883533074871959f,-0.08409929339428972f,0.006098514033968818f,-0.5676623922699214f,0.7184863486310701f,0.40191637840872096f,0.8288259650181327f,-0.17604463633673004f,0.3709686676791847f,-0.9118061930132955f,0.4588625930543646f,0f,0f,0f,1f], start_interpolation: 0, interpolation_duration: 1 }
$data merge entity $(bone_neck_2) { transformation: [-0.9511518572905777f,-0.3014334428760357f,-0.06669350709464963f,-0.0026955591904839066f,-0.30732803475606113f,0.9450108062361051f,0.1118215325863664f,0.8478746163589982f,0.029319335355045068f,0.12685604287098928f,-0.9914877311199831f,0.37324283159500443f,0f,0f,0f,1f], start_interpolation: 0, interpolation_duration: 1 }
$data merge entity $(bone_body_0) { transformation: [-0.9452238878798112f,-0.27517753731897465f,0.17558224493506855f,0.07743428439911051f,-0.3258518196710855f,0.8272387935528787f,-0.4577079528020244f,0.6400390581653101f,-0.019297497206021558f,-0.489850284675065f,-0.8715929699150523f,-0.04220210292670834f,0f,0f,0f,1f], start_interpolation: 0, interpolation_duration: 1 }
$data merge entity $(bone_leg_left_3) { transformation: [-0.9782547990074021f,0.0023537211651814428f,-0.20739336589115956f,0.38351103248060087f,0.005416441343332117f,0.9998844890275554f,-0.014201083243142953f,0.039886569692649254f,0.20733598429158903f,-0.015015611835054149f,-0.9781545486368994f,-0.2007368883227591f,0f,0f,0f,1f], start_interpolation: 0, interpolation_duration: 1 }
$data merge entity $(bone_leg_left_2) { transformation: [-1.0026954729175939f,-0.20965851703192437f,-0.052031666581339564f,0.3314763650333042f,-0.19968152703489236f,0.9938256611211094f,-0.15652489437433809f,0.2663987864137026f,0.08240919761938577f,-0.14288478237327615f,-1.012351155782698f,-0.26520146096370223f,0f,0f,0f,1f], start_interpolation: 0, interpolation_duration: 1 }
$data merge entity $(bone_leg_left_1) { transformation: [-0.9825496247004811f,0.03726714722549711f,0.1822289624033919f,0.3515040333982796f,0.17027251405466493f,0.5745097175496902f,0.8005909413667377f,0.37662369839149845f,-0.07485656924043226f,0.8176489125404914f,-0.5708298782149582f,-0.011306311464710589f,0f,0f,0f,1f], start_interpolation: 0, interpolation_duration: 1 }
$data merge entity $(bone_leg_left_0) { transformation: [-0.9991379734838306f,0.0125558037234553f,-0.03956844368284351f,0.2434795762942198f,0.03831161845131999f,0.6459267343775099f,-0.7624374556040949f,0.6967574084274357f,0.015985300568483823f,-0.7632961454175331f,-0.6458509615665763f,-0.2565661796259177f,0f,0f,0f,1f], start_interpolation: 0, interpolation_duration: 1 }
$data merge entity $(bone_leg_right_3) { transformation: [-0.9199045753349416f,0.006104575713747135f,0.3920947671586499f,-0.2356127086860401f,0.008650946499044646f,0.9999514030869938f,0.004727852474722655f,0.024876989262551052f,-0.3920468510299648f,0.007741163976250853f,-0.919912681170219f,-0.20990966533284694f,0f,0f,0f,1f], start_interpolation: 0, interpolation_duration: 1 }
$data merge entity $(bone_leg_right_2) { transformation: [-1.013617570221099f,0.15212700613737296f,0.038716854772169934f,-0.19738309591542616f,0.13574041675411444f,0.9764769384667096f,-0.28307159412910887f,0.24353358093022442f,-0.07884262869278838f,-0.27461311357445284f,-0.985105921845184f,-0.3042434540498324f,0f,0f,0f,1f], start_interpolation: 0, interpolation_duration: 1 }
$data merge entity $(bone_leg_right_1) { transformation: [-0.9692793621876866f,0.054758819575833464f,-0.23978946956797903f,-0.18909310589197842f,-0.1792920364743516f,0.5100966705978202f,0.8412227721013609f,0.33392489159992567f,0.16838017607162434f,0.8583722143241125f,-0.48460835525443485f,-0.041995341224229155f,0f,0f,0f,1f], start_interpolation: 0, interpolation_duration: 1 }
$data merge entity $(bone_leg_right_0) { transformation: [-0.9816330826604043f,-0.18371733124796383f,-0.051424052988439106f,-0.14290026143258927f,-0.12995104003852168f,0.8412469500497376f,-0.5248011968592686f,0.7220580205470332f,0.13967540305844262f,-0.5084796074879898f,-0.8496700951247614f,-0.18871334931775452f,0f,0f,0f,1f], start_interpolation: 0, interpolation_duration: 1 }
$data merge entity $(bone_tail_4) { transformation: [-1.5059607496126164f,-0.8085648853120487f,2.168862922931396f,-0.14316081743146908f,1.5510458704594783f,1.5681353096319042f,1.6615864979038117f,0.9222030325411542f,-1.718138603243873f,2.1243436182797657f,-0.4010302521222395f,-1.8473946632003875f,0f,0f,0f,1f], start_interpolation: 0, interpolation_duration: 1 }
$data merge entity $(bone_tail_3) { transformation: [-1.9893807522445333f,0.0015555980152644896f,0.6150669303077783f,-0.2474686622977276f,0.36524023300461395f,1.678391233388116f,1.1770930149844148f,0.7061871797820765f,-0.4948831385672316f,1.2324552624112486f,-1.603773746935992f,-1.587514444078403f,0f,0f,0f,1f], start_interpolation: 0, interpolation_duration: 1 }
$data merge entity $(bone_tail_2) { transformation: [-1.9094394865573834f,0.3835759221795094f,-0.16026301539154877f,-0.21899677025167175f,0.33499845862269234f,1.8658594017028887f,0.4744666487753764f,0.6186765656430545f,0.24615189395711173f,0.43613309895472846f,-1.8889073667335434f,-1.2360848953129788f,0f,0f,0f,1f], start_interpolation: 0, interpolation_duration: 1 }
$data merge entity $(bone_tail_1) { transformation: [-1.4835003391240564f,0.1516951450558055f,-0.25272826669232645f,-0.16504948885460158f,0.15138310734950763f,1.5048339348449689f,0.01463671234314845f,0.5969872410089815f,0.25291529931583223f,-0.010938990150226478f,-1.491164122377707f,-0.9153109234486592f,0f,0f,0f,1f], start_interpolation: 0, interpolation_duration: 1 }
$data merge entity $(bone_tail_0) { transformation: [-1.1724248034975082f,0.04271279086576557f,-0.5073769941811657f,-0.015751402886610505f,0.07338523698705413f,1.274586991987782f,-0.062276186716269055f,0.6459438447948399f,0.5038555385427564f,-0.08625157352780924f,-1.1715485388697275f,-0.5750386151824265f,0f,0f,0f,1f], start_interpolation: 0, interpolation_duration: 1 }
$data merge entity $(bone_body_1) { transformation: [-1.2152082420729715f,0.04389249814655906f,-0.22348819221744812f,0.033250000000000036f,0.0795732835287457f,1.21855924490514f,-0.19335473684634447f,0.6088175f,0.21340481719638515f,-0.2044294751715603f,-1.2005297033954252f,-0.2821625f,0f,0f,0f,1f], start_interpolation: 0, interpolation_duration: 1 }