# This file was generated by Animated Java via MC-Build. It is not recommended to edit this file directly.
$data merge entity $(bone_head_lower) { transformation: [-0.8871186567992619f,-0.45781315723712f,-0.05854572417566964f,0.10547979134607621f,-0.4611613261186946f,0.874080950315309f,0.15268504703582841f,0.282250683550579f,-0.018727521222003635f,0.1624487776391873f,-0.9865392412835963f,0.6604242847938026f,0f,0f,0f,1f], start_interpolation: 0, interpolation_duration: 1 }
$data merge entity $(bone_head_upper) { transformation: [-0.9234014402295782f,-0.3061071972863744f,-0.37027031549251804f,0.07279412486516246f,-0.4800226322063967f,0.555325378228332f,0.7380135089879516f,0.3454480623698434f,-0.01949346903684974f,0.8254599025080188f,-0.6338043046555214f,0.6352609183880585f,0f,0f,0f,1f], start_interpolation: 0, interpolation_duration: 1 }
$data merge entity $(bone_neck_0) { transformation: [-0.9230214258495814f,-0.3218379117719688f,-0.21083596934314686f,0.06468335982236331f,-0.37834159696257796f,0.6596526070313816f,0.6493967000566816f,0.3768541235820821f,-0.06992198102465481f,0.6791750853667706f,-0.7306381594104076f,0.5770147935053634f,0f,0f,0f,1f], start_interpolation: 0, interpolation_duration: 1 }
$data merge entity $(bone_neck_1) { transformation: [-0.9371840729701385f,-0.34403293338103863f,-0.05768322217369489f,0.058211917091990556f,-0.2530625361292982f,0.5567077932443112f,0.7912242322811258f,0.4464458840893445f,-0.2400944942702971f,0.7561202111372816f,-0.608799523760329f,0.5289248346467973f,0f,0f,0f,1f], start_interpolation: 0, interpolation_duration: 1 }
$data merge entity $(bone_neck_2) { transformation: [-0.9871709659502022f,-0.11811606068360624f,-0.10743407370816545f,0.047643456422972005f,-0.15966308014151517f,0.7348456505399418f,0.6591733995863713f,0.5113890158909252f,0.0010884965176700123f,0.6678700967187532f,-0.7442770647307457f,0.47025944736408554f,0f,0f,0f,1f], start_interpolation: 0, interpolation_duration: 1 }
$data merge entity $(bone_body_0) { transformation: [-0.9878521135664701f,-0.15539543688823038f,-0.0006781714929718768f,0.04584350096082096f,-0.15231720455593534f,0.9674007464562019f,0.20232465235914457f,0.6159595671912721f,-0.0307842641380823f,0.1999701326456013f,-0.9793182706001036f,0.010615384349886653f,0f,0f,0f,1f], start_interpolation: 0, interpolation_duration: 1 }
$data merge entity $(bone_leg_left_3) { transformation: [-0.9860152493743032f,0.030845591739171792f,-0.1637756925541469f,0.2908455941359669f,0.03365076801844219f,0.9993301836380063f,-0.014380885987906822f,0.023597370410964186f,0.16322240597754697f,-0.019690950720788525f,-0.9863927780791041f,-0.15983928125316674f,0f,0f,0f,1f], start_interpolation: 0, interpolation_duration: 1 }
$data merge entity $(bone_leg_left_2) { transformation: [-1.0165488140233896f,-0.11370114126292415f,-0.07591283609405282f,0.26041892477920314f,-0.09277446342379876f,0.9920435549277445f,-0.2435255295927788f,0.2471713247472436f,0.10041716558816144f,-0.23448632178130488f,-0.9934760979779074f,-0.2450447787302018f,0f,0f,0f,1f], start_interpolation: 0, interpolation_duration: 1 }
$data merge entity $(bone_leg_left_1) { transformation: [-0.963412122259035f,0.06417561571827628f,0.26022792515700915f,0.28323887533362435f,0.25507641829824174f,0.517660463642489f,0.8166784343972748f,0.3394099279199456f,-0.08229886701821724f,0.8531759107760979f,-0.5150900520869087f,0.015693932628906282f,0f,0f,0f,1f], start_interpolation: 0, interpolation_duration: 1 }
$data merge entity $(bone_leg_left_0) { transformation: [-0.9878167255570881f,0.1345895233977264f,-0.07812667215007399f,0.2275840886341952f,0.15316739405675633f,0.7520317949482663f,-0.6410834023625561f,0.7046798818471183f,-0.02752936809181443f,-0.6452393661103308f,-0.7634843117667868f,-0.17869661251137398f,0f,0f,0f,1f], start_interpolation: 0, interpolation_duration: 1 }
$data merge entity $(bone_leg_right_3) { transformation: [-0.9560296383140124f,0.00440341973047843f,0.29323700407666076f,-0.21798559476073714f,0.008073828640146087f,0.9999034703813664f,0.011307661579198713f,0.02673898554254736f,-0.2931589056403846f,0.013178004931603482f,-0.9559729055939584f,-0.18150600390482557f,0f,0f,0f,1f], start_interpolation: 0, interpolation_duration: 1 }
$data merge entity $(bone_leg_right_2) { transformation: [-1.016392427509464f,0.11326761969478134f,0.07860711883023885f,-0.18757695586210688f,0.08531443138320284f,0.976091124187185f,-0.30336407925371206f,0.24475674555747634f,-0.10830549662816605f,-0.2940727173886929f,-0.9766541638617281f,-0.2800688927850789f,0f,0f,0f,1f], start_interpolation: 0, interpolation_duration: 1 }
$data merge entity $(bone_leg_right_1) { transformation: [-0.9629983593474016f,-0.0016084121762289052f,-0.2695024543570691f,-0.1928992258429908f,-0.23868357982541416f,0.4694740310656275f,0.8500731044308574f,0.322459946380205f,0.1251571356972422f,0.8829448154699487f,-0.45248662324846745f,-0.013709602194495296f,0f,0f,0f,1f], start_interpolation: 0, interpolation_duration: 1 }
$data merge entity $(bone_leg_right_0) { transformation: [-0.9770895417467204f,-0.21278387175184982f,0.004364783096131836f,-0.16318871284495493f,-0.18860746115115234f,0.8562069338806829f,-0.4809749598188626f,0.7197194335948799f,0.09860655661415466f,-0.4707788337392966f,-0.8767234664908699f,-0.13864744193802597f,0f,0f,0f,1f], start_interpolation: 0, interpolation_duration: 1 }
$data merge entity $(bone_tail_4) { transformation: [-1.4576827199691584f,-0.5065936610248873f,2.2900186204729245f,-0.0193377767386686f,1.2376651525752647f,2.12414406644407f,1.2577194785369654f,0.8940637488264357f,-1.992236780506816f,1.69027695340138f,-0.8942134883773483f,-1.8629931268320465f,0f,0f,0f,1f], start_interpolation: 0, interpolation_duration: 1 }
$data merge entity $(bone_tail_3) { transformation: [-1.962054313545434f,-0.006806231395293898f,0.6973105993432147f,-0.13750928156495276f,0.27013324360615554f,1.9122032268214821f,0.778750522360514f,0.7433040285040083f,-0.6428969026531525f,0.8242439084349666f,-1.8009028507976987f,-1.5656924278584978f,0f,0f,0f,1f], start_interpolation: 0, interpolation_duration: 1 }
$data merge entity $(bone_tail_2) { transformation: [-1.9436427652449704f,0.201921582278175f,-0.015948376843416965f,-0.1359336822406836f,0.19862469362186527f,1.9302013465560572f,0.23161361756075494f,0.7008537318972871f,0.03968510044439367f,0.2287450794361218f,-1.9403284918897774f,-1.2049058236533092f,0f,0f,0f,1f], start_interpolation: 0, interpolation_duration: 1 }
$data merge entity $(bone_tail_1) { transformation: [-1.5038380889717098f,0.08045251633558068f,-0.1401950240671527f,-0.10531200146729448f,0.07931272584058165f,1.5103347961698512f,0.015954466406326043f,0.6788824529614197f,0.14084297525135273f,0.008511527116033629f,-1.505904067405524f,-0.8810906718037345f,0f,0f,0f,1f], start_interpolation: 0, interpolation_duration: 1 }
$data merge entity $(bone_tail_0) { transformation: [-1.2317819743585372f,0.01943733616372337f,-0.3408387803526328f,-0.005241930471758693f,0.014352859948090005f,1.27796257564613f,0.02100874206724171f,0.7035827236816452f,0.34109072054326306f,0.016418337150752783f,-1.2317561752021013f,-0.5207466850104521f,0f,0f,0f,1f], start_interpolation: 0, interpolation_duration: 1 }
$data merge entity $(bone_body_1) { transformation: [-1.2290246093823525f,0.046362409322920836f,-0.12630768618963661f,0.021000000000000046f,0.04730108938522076f,1.2354437531139508f,-0.006777528379633874f,0.6219425000000001f,0.1259591661284606f,-0.011569569989387254f,-1.2298800870713915f,-0.23403750000000006f,0f,0f,0f,1f], start_interpolation: 0, interpolation_duration: 1 }