# This file was generated by Animated Java via MC-Build. It is not recommended to edit this file directly.
$data merge entity $(bone_head_lower) { transformation: [-0.7320874666373979f,-0.5466985370905739f,0.4064094619167508f,0.4395355760347425f,-0.4462815880779033f,0.8356480639455706f,0.3201953425124796f,0.8807026685485062f,-0.514665605354682f,0.05303793705496124f,-0.8557489654670069f,0.4575283197915221f,0f,0f,0f,1f], start_interpolation: 0, interpolation_duration: 1 }
$data merge entity $(bone_head_upper) { transformation: [-0.7620295389864231f,-0.4965070087814583f,0.5062249643454333f,0.4630479020130373f,-0.4645343190796279f,0.9110134937447972f,0.19425298761056872f,0.9144063202034851f,-0.5357152141696863f,-0.08370870342619298f,-0.8885234970789123f,0.39422989260721436f,0f,0f,0f,1f], start_interpolation: 0, interpolation_duration: 1 }
$data merge entity $(bone_neck_0) { transformation: [-0.8955617914757454f,-0.2872416793214815f,0.3397959612904902f,0.4899715954249148f,-0.4225395969946841f,0.7883005052599762f,-0.44726122387083367f,0.8728265086966643f,-0.13938926293055362f,-0.5441273114515035f,-0.8273427961324348f,0.34960960280069964f,0f,0f,0f,1f], start_interpolation: 0, interpolation_duration: 1 }
$data merge entity $(bone_neck_1) { transformation: [-0.9155079752838224f,-0.3888617640793707f,-0.10311001711179918f,0.4794453861171777f,-0.3493386359329786f,0.8955414081633785f,-0.2756231189672572f,0.8536032602914339f,0.19951858218271645f,-0.21631485085826394f,-0.9557197396004572f,0.26765106155641105f,0f,0f,0f,1f], start_interpolation: 0, interpolation_duration: 1 }
$data merge entity $(bone_neck_2) { transformation: [-0.8261218788962577f,-0.2608751983630235f,-0.4994664874523317f,0.4331342445787245f,-0.17344030731897703f,0.9610671240279794f,-0.21510100629631418f,0.844168246693516f,0.5361353383298062f,-0.09107202639472456f,-0.8392048528233991f,0.19323877035426418f,0f,0f,0f,1f], start_interpolation: 0, interpolation_duration: 1 }
$data merge entity $(bone_body_0) { transformation: [-0.6670081554507317f,-0.4517433243276683f,-0.5924762353779262f,0.1495989967876141f,-0.11765446605787022f,0.8491030890820686f,-0.5149576397412956f,0.6095594104769604f,0.7357020777317744f,-0.27377347029373716f,-0.619508304855128f,-0.10134120508920008f,0f,0f,0f,1f], start_interpolation: 0, interpolation_duration: 1 }
$data merge entity $(bone_leg_left_3) { transformation: [-0.85248198091354f,0.11803842646992664f,-0.5092557334917607f,0.3463838184249186f,0.0597394410737115f,0.9897890882387533f,0.12941700036586223f,0.0332508849455842f,0.5193319472148116f,0.07990300795339766f,-0.8508289122509125f,-0.5227549404923235f,0f,0f,0f,1f], start_interpolation: 0, interpolation_duration: 1 }
$data merge entity $(bone_leg_left_2) { transformation: [-0.9188764519167687f,-0.33006788601882275f,-0.3142983554405124f,0.2583067214893007f,-0.3072075858449582f,0.9710294785700446f,-0.12160366132643328f,0.2553617535378142f,0.33667753832540964f,-0.014803441077898199f,-0.9687576027160197f,-0.5556222360095169f,0f,0f,0f,1f], start_interpolation: 0, interpolation_duration: 1 }
$data merge entity $(bone_leg_left_1) { transformation: [-0.9879186095910797f,0.15369298672953938f,-0.01988181716498243f,0.3207897766626349f,0.04156136620091863f,0.3863461371544325f,0.9214170147904592f,0.3106237019514618f,0.14929659628786346f,0.90945870062142f,-0.3880662291424708f,-0.29094248511515963f,0f,0f,0f,1f], start_interpolation: 0, interpolation_duration: 1 }
$data merge entity $(bone_leg_left_0) { transformation: [-0.9848499358736715f,-0.08360774478653926f,-0.15192218014935877f,0.18581603196059668f,-0.011723468050279903f,0.906190268136589f,-0.4227076510206685f,0.6994713435467884f,0.17301203457129605f,-0.41452254817590567f,-0.8934416001884256f,-0.3608486967941978f,0f,0f,0f,1f], start_interpolation: 0, interpolation_duration: 1 }
$data merge entity $(bone_leg_right_3) { transformation: [-0.9285869060551352f,-0.08605731488920425f,0.36099930257136453f,-0.2380843562062141f,-0.04991031968575238f,0.9928642934353826f,0.10830260758598503f,0.04731062404449368f,-0.3677435490825328f,0.08255079269830273f,-0.9262559304711976f,-0.08446623315259447f,0f,0f,0f,1f], start_interpolation: 0, interpolation_duration: 1 }
$data merge entity $(bone_leg_right_2) { transformation: [-1.0063451699289423f,0.19017101072114037f,-0.05627241902284137f,-0.19393361747822085f,0.1943000693475388f,0.8871007739929091f,-0.4768248098971118f,0.23905507115462946f,-0.039737658624079124f,-0.4784865755307825f,-0.9063849706524235f,-0.2239504664487502f,0f,0f,0f,1f], start_interpolation: 0, interpolation_duration: 1 }
$data merge entity $(bone_leg_right_1) { transformation: [-0.9712250154081726f,0.11506210598685121f,-0.20852501339471352f,-0.17095800742823852f,-0.12605179246595785f,0.4945268359396611f,0.8599733450239176f,0.32528239696645767f,0.2020715592593721f,0.8615125769838637f,-0.46579304915070163f,0.038823876450128664f,0f,0f,0f,1f], start_interpolation: 0, interpolation_duration: 1 }
$data merge entity $(bone_leg_right_0) { transformation: [-0.9816446273494253f,-0.15154226394585538f,-0.11579623411049533f,-0.10689054562095554f,-0.0752229403690419f,0.8655789938613724f,-0.49509041055969727f,0.7141868894141064f,0.17525790948839798f,-0.4772923083646946f,-0.8610904235547261f,-0.09885667648332724f,0f,0f,0f,1f], start_interpolation: 0, interpolation_duration: 1 }
$data merge entity $(bone_tail_4) { transformation: [0.2602119206159581f,-2.5263266438057816f,-1.0842623191674465f,-1.1209844290981725f,2.5263284227863054f,-0.2098015467249885f,1.0951298292046756f,0.5236754572669526f,-1.0842581741409252f,-1.0951339330825327f,2.291446532655686f,0.25998555575291404f,0f,0f,0f,1f], start_interpolation: 0, interpolation_duration: 1 }
$data merge entity $(bone_tail_3) { transformation: [0.05669698450933958f,-1.9838835101954673f,-0.6300295199167281f,-0.9947408470889074f,2.0779309841058584f,0.016942201706381166f,0.13364622380989513f,0.5008482037439811f,-0.12220394136381996f,-0.6323485635472694f,1.9801886316559074f,-0.06959323290441682f,0f,0f,0f,1f], start_interpolation: 0, interpolation_duration: 1 }
$data merge entity $(bone_tail_2) { transformation: [0.13652729456983143f,-1.817643554669645f,-0.7044899438658556f,-0.8641092643345307f,1.8937095727353317f,0.2912518207120337f,-0.38446105923132085f,0.5737882732243417f,0.4625994238764096f,-0.6558339424752267f,1.7817568543236728f,-0.4006319312773218f,0f,0f,0f,1f], start_interpolation: 0, interpolation_duration: 1 }
$data merge entity $(bone_tail_1) { transformation: [0.22869483636123547f,-0.7182800511529294f,-1.311269876851235f,-0.5733768737266971f,1.0054065673717594f,1.055682182279142f,-0.40292556918627614f,0.646628198981694f,1.1065769544444f,-0.8107189082130094f,0.6370859798790603f,-0.5288727175582301f,0f,0f,0f,1f], start_interpolation: 0, interpolation_duration: 1 }
$data merge entity $(bone_tail_0) { transformation: [-0.13903349086342306f,-0.0485961246084299f,-1.2697022570962848f,-0.203513074630284f,0.3174129197505528f,1.2354569180831352f,-0.08204241902807474f,0.7004166768716157f,1.2303472856790423f,-0.3242226654902322f,-0.12231490664939158f,-0.5009535294426195f,0f,0f,0f,1f], start_interpolation: 0, interpolation_duration: 1 }
$data merge entity $(bone_body_1) { transformation: [-0.9205952558983478f,0.03495972815100073f,-0.8245524769723962f,-0.014170959657085402f,0.046282054285688434f,1.2355007332633163f,0.000710361284419067f,0.6170317857142857f,0.8239945032127352f,-0.03033728019559334f,-0.921258543060406f,-0.28473039184817167f,0f,0f,0f,1f], start_interpolation: 0, interpolation_duration: 1 }