# This file was generated by Animated Java via MC-Build. It is not recommended to edit this file directly.
$data merge entity $(bone_head_lower) { transformation: [-0.9420933157342523f,0.3112893447997994f,-0.12473623476341743f,-0.006968730404351519f,0.28791658676562226f,0.9415147106543611f,0.17508309080738876f,0.2983193702685475f,0.17194250060434926f,0.12903097858865537f,-0.9766200812242074f,0.7167056258334987f,0f,0f,0f,1f], start_interpolation: 0, interpolation_duration: 1 }
$data merge entity $(bone_head_upper) { transformation: [-0.9806245398089017f,0.3224656961838054f,0.1336537664743532f,0.009181476209273664f,0.29969225519909176f,0.5734137544813145f,0.8153852837332987f,0.3674987709089667f,0.17897487723635858f,0.8066501618048827f,-0.6330524878411696f,0.6912333301935991f,0f,0f,0f,1f], start_interpolation: 0, interpolation_duration: 1 }
$data merge entity $(bone_neck_0) { transformation: [-0.9962637164165251f,-0.07899684921297181f,-0.03490136338822347f,0.008528873307720675f,-0.08553581173396611f,0.8467499755896377f,0.5250696180031361f,0.3877340559137258f,-0.011926116842683146f,0.5260931254572433f,-0.8503433371783917f,0.6277129113936105f,0f,0f,0f,1f], start_interpolation: 0, interpolation_duration: 1 }
$data merge entity $(bone_neck_1) { transformation: [-0.9906800635423476f,-0.10789434801311684f,0.08313736444316015f,0.015074643479461722f,-0.03283670534669921f,0.7815432827341865f,0.6229862341938587f,0.44410963885491545f,-0.1321921422842691f,0.6144500849376584f,-0.7778022439144798f,0.5646535474146499f,0f,0f,0f,1f], start_interpolation: 0, interpolation_duration: 1 }
$data merge entity $(bone_neck_2) { transformation: [-0.9987554129661241f,0.04490250453794335f,0.021711521298309767f,0.0174163591650952f,0.04929024879497881f,0.822074683548211f,0.5672421758321904f,0.5018529327227483f,0.007622102373759553f,0.5676063598615931f,-0.8232647956763823f,0.4980865978444511f,0f,0f,0f,1f], start_interpolation: 0, interpolation_duration: 1 }
$data merge entity $(bone_body_0) { transformation: [-0.9985140823901631f,0.05000523425181964f,0.021658804582689872f,0.02810043490719115f,0.0532298610455484f,0.9801208317103683f,0.19112754155392453f,0.601267502401913f,-0.01167086807405994f,0.19199643693255397f,-0.9813262245775365f,0.03742023423172905f,0f,0f,0f,1f], start_interpolation: 0, interpolation_duration: 1 }
$data merge entity $(bone_leg_left_3) { transformation: [-0.9870212976964985f,0.03203746165607719f,-0.15736123710798522f,0.2428055793843385f,0.03350726027669934f,0.9994160457925436f,-0.006695589678748337f,0.02236612483766473f,0.15705483565388784f,-0.011881433542802244f,-0.9875184100231745f,-0.1475792464673203f,0f,0f,0f,1f], start_interpolation: 0, interpolation_duration: 1 }
$data merge entity $(bone_leg_left_2) { transformation: [-1.0173706900101225f,-0.0745226692348185f,-0.10707684333757508f,0.2205469725206639f,-0.04241775181898228f,0.9850957008430321f,-0.28257635076540505f,0.24319182149548552f,0.12336860597269073f,-0.27585327884835426f,-0.9801772059733188f,-0.2419807198779198f,0f,0f,0f,1f], start_interpolation: 0, interpolation_duration: 1 }
$data merge entity $(bone_leg_left_1) { transformation: [-0.9522656040445284f,0.0807574876103616f,0.2943950535395792f,0.2458376132451722f,0.29641842161355486f,0.47516588068331367f,0.8284645467143298f,0.3224375313997451f,-0.07298176951703904f,0.8761824091074378f,-0.4764221314011857f,0.022771780796350394f,0f,0f,0f,1f], start_interpolation: 0, interpolation_duration: 1 }
$data merge entity $(bone_leg_left_0) { transformation: [-0.9760489520986194f,0.19646713434842694f,-0.09342969671418155f,0.2170920546845077f,0.21486413772812651f,0.8032811687306275f,-0.555493263938552f,0.7080359103032949f,-0.03408585374514585f,-0.5622633093877586f,-0.8262554843937742f,-0.13469206144828344f,0f,0f,0f,1f], start_interpolation: 0, interpolation_duration: 1 }
$data merge entity $(bone_leg_right_3) { transformation: [-0.9708520443623117f,-0.000695166073390957f,0.23967858623925992f,-0.20288189818851626f,0.002900399514935717f,0.9998884973960528f,0.014648565039521999f,0.02800316245752657f,-0.23966204463822333f,0.014916752970862868f,-0.9707417755719758f,-0.16530490231248307f,0f,0f,0f,1f], start_interpolation: 0, interpolation_duration: 1 }
$data merge entity $(bone_leg_right_2) { transformation: [-1.0161290268345f,0.08667113140920718f,0.10969099919917799f,-0.17771263959477204f,0.04932918987697547f,0.9753151168269337f,-0.31367061292961435f,0.2455773449508389f,-0.1308076119770843f,-0.30546806276566246f,-0.9703817963975521f,-0.2662952761122847f,0f,0f,0f,1f], start_interpolation: 0, interpolation_duration: 1 }
$data merge entity $(bone_leg_right_1) { transformation: [-0.9556182010817629f,-0.04063050518955365f,-0.2917927617493231f,-0.19230681802707808f,-0.27892343767606054f,0.4436363435088919f,0.8516974290398142f,0.31537370348709004f,0.09484497707429931f,0.8952854052011026f,-0.4352797647004438f,0.0019002942290816116f,0f,0f,0f,1f], start_interpolation: 0, interpolation_duration: 1 }
$data merge entity $(bone_leg_right_0) { transformation: [-0.9710283007456193f,-0.23497271015913046f,0.04349557025202168f,-0.17519862935257663f,-0.22866920387279635f,0.8608209715310646f,-0.45464013260214436f,0.7169591964849659f,0.06938612506298933f,-0.4514145328329463f,-0.8896125477959245f,-0.11098761592246545f,0f,0f,0f,1f], start_interpolation: 0, interpolation_duration: 1 }
$data merge entity $(bone_tail_4) { transformation: [-2.196621433319196f,-0.22463495317799095f,1.6583289022668088f,-0.002928915434198695f,0.6337629843291064f,2.42097636952911f,1.1674241857507999f,0.8108703843225299f,-1.5488253904094498f,1.3092264462622096f,-1.8742271351228068f,-1.8748953146681013f,0f,0f,0f,1f], start_interpolation: 0, interpolation_duration: 1 }
$data merge entity $(bone_tail_3) { transformation: [-2.0335863088539856f,0.0013737512310100467f,0.44773916881776027f,-0.07886237588963735f,0.10092083129475066f,2.030105109119806f,0.452143514584567f,0.7143373805630943f,-0.43621925255178745f,0.46326761680227896f,-1.9826854024201477f,-1.5432385761518925f,0f,0f,0f,1f], start_interpolation: 0, interpolation_duration: 1 }
$data merge entity $(bone_tail_2) { transformation: [-1.9516994715215126f,0.0979947773687068f,-0.006330203304912865f,-0.07910546119339548f,0.09803366922021828f,1.9516678828976324f,-0.012479966661538132f,0.7171942746245168f,0.005696276384162342f,-0.012781763458532183f,-1.9541182292689003f,-1.1799710947624933f,0f,0f,0f,1f], start_interpolation: 0, interpolation_duration: 1 }
$data merge entity $(bone_tail_1) { transformation: [-1.5100236744704507f,0.030704160984658717f,-0.08088267451677356f,-0.060633104508081855f,0.03384286080161894f,1.5109998517385677f,-0.05822678781102295f,0.7112212849682363f,0.07962043275140128f,-0.05994124243169982f,-1.5092130015820246f,-0.8545486425071446f,0f,0f,0f,1f], start_interpolation: 0, interpolation_duration: 1 }
$data merge entity $(bone_tail_0) { transformation: [-1.2614856217964574f,-0.0007323289135400483f,-0.2061291010003083f,-0.00041506271096101305f,-0.0036890542433877013f,1.2780832586044057f,0.01803584037300846f,0.7367932189549419f,0.20609738829888707f,0.018394682751645686f,-1.2613568958731989f,-0.4855069444091098f,0f,0f,0f,1f], start_interpolation: 0, interpolation_duration: 1 }
$data merge entity $(bone_body_1) { transformation: [-1.2337985215143945f,0.03424303913896502f,-0.07192508349436512f,0.014000000000000038f,0.028064743176401005f,1.2315871110387306f,0.10492927699153283f,0.6294425f,0.07455315925959635f,0.10307859743928646f,-1.2298053603113839f,-0.20653750000000004f,0f,0f,0f,1f], start_interpolation: 0, interpolation_duration: 1 }