# This file was generated by Animated Java via MC-Build. It is not recommended to edit this file directly.
$data merge entity $(bone_head_lower) { transformation: [-0.9074017351368042f,0.4073133421970267f,-0.10352744727367999f,-0.01947629715960315f,0.38723666833774373f,0.9060498436461663f,0.1706500615981204f,0.3125083264386499f,0.16330907435106326f,0.11475853823156562f,-0.9798778618468491f,0.731859814914921f,0f,0f,0f,1f], start_interpolation: 0, interpolation_duration: 1 }
$data merge entity $(bone_head_upper) { transformation: [-0.9445140880198433f,0.37818835605837187f,0.21986051818691033f,0.0038792231184692277f,0.4030744867241457f,0.5490950371214509f,0.7870816609121105f,0.37922257231962514f,0.16998834744657412f,0.7993373193677157f,-0.6446981884431846f,0.7054176977366353f,0f,0f,0f,1f], start_interpolation: 0, interpolation_duration: 1 }
$data merge entity $(bone_neck_0) { transformation: [-0.9993955734637723f,-0.03041030597671444f,-0.016843426950000948f,0.003606641530457897f,-0.034761534980940534f,0.8791048448662009f,0.4753591352004736f,0.39570189766729447f,0.0003513214856230018f,0.4756573189000414f,-0.8796305994848278f,0.6408182102025965f,0f,0f,0f,1f], start_interpolation: 0, interpolation_duration: 1 }
$data merge entity $(bone_neck_1) { transformation: [-0.9946389798036059f,-0.056505473181221094f,0.086605030776555f,0.010682910676499305f,0.0027640396396832155f,0.8226780348379383f,0.5685008452764679f,0.44765135570754955f,-0.10337146579260639f,0.565692480501336f,-0.8181114579103101f,0.5741195065508179f,0f,0f,0f,1f], start_interpolation: 0, interpolation_duration: 1 }
$data merge entity $(bone_neck_2) { transformation: [-0.9970048493607109f,0.07074762619073964f,0.031242658971369262f,0.014112665400007253f,0.07648610332653544f,0.8421425438645287f,0.5338031583002325f,0.5026616177418609f,0.011454533999620216f,0.5345939666716748f,-0.8450314103328322f,0.5053224263250291f,0f,0f,0f,1f], start_interpolation: 0, interpolation_duration: 1 }
$data merge entity $(bone_body_0) { transformation: [-0.9968096734923653f,0.07744440392270437f,0.019309042780541484f,0.023950699606434686f,0.07967093609296938f,0.979992930867759f,0.182390782089693f,0.5979573670329793f,-0.004797580026821645f,0.18334726545622898f,-0.983036501598801f,0.04376762139594756f,0f,0f,0f,1f], start_interpolation: 0, interpolation_duration: 1 }
$data merge entity $(bone_leg_left_3) { transformation: [-0.9870054396330373f,0.030574129600208895f,-0.15775133829538276f,0.23229112844679742f,0.03159757212740698f,0.9994927351173636f,-0.003983200128711506f,0.023062793799235648f,0.15754953370431768f,-0.008915999484168768f,-0.9874708346998158f,-0.14522778895991056f,0f,0f,0f,1f], start_interpolation: 0, interpolation_duration: 1 }
$data merge entity $(bone_leg_left_2) { transformation: [-1.0169158543163743f,-0.06756445887394912f,-0.11566930724165031f,0.21138963031617655f,-0.0322713329841932f,0.983155316549504f,-0.2905621863019386f,0.24320513254170367f,0.1300111757046915f,-0.28443429283089205f,-0.9768604950321048f,-0.24151667790826095f,0f,0f,0f,1f], start_interpolation: 0, interpolation_duration: 1 }
$data merge entity $(bone_leg_left_1) { transformation: [-0.9498204355731357f,0.08465812625190765f,0.3011214735404549f,0.2373345115135258f,0.30498773911437194f,0.4644022180209245f,0.8314523792058988f,0.31919756492021717f,-0.06945227971465451f,0.8815688183895583f,-0.4669184075249933f,0.02412480797189695f,0f,0f,0f,1f], start_interpolation: 0, interpolation_duration: 1 }
$data merge entity $(bone_leg_left_0) { transformation: [-0.9729943004485918f,0.20976255736784502f,-0.09634189546120031f,0.21440142084054672f,0.22836889337280789f,0.813995395859596f,-0.534096568102678f,0.7088311467396502f,-0.033611602672803664f,-0.5416744087049721f,-0.8399161238599271f,-0.12408795745401768f,0f,0f,0f,1f], start_interpolation: 0, interpolation_duration: 1 }
$data merge entity $(bone_leg_right_3) { transformation: [-0.9736990032008751f,-0.0022456009386961906f,0.22782714597265635f,-0.19903884317164713f,0.001249542349918191f,0.9998837562435979f,0.015195810084000783f,0.028501245030398553f,-0.227834786214787f,0.015080824798975323f,-0.9735830107976644f,-0.16099981453929196f,0f,0f,0f,1f], start_interpolation: 0, interpolation_duration: 1 }
$data merge entity $(bone_leg_right_2) { transformation: [-1.01574790693086f,0.08021119475182706f,0.11783273442789875f,-0.17512436160799977f,0.04034432958549505f,0.9750005256382842f,-0.3159248479877151f,0.24594636973124168f,-0.1367140231891673f,-0.30822449406601077f,-0.9686945527987023f,-0.26257140201035783f,0f,0f,0f,1f], start_interpolation: 0, interpolation_duration: 1 }
$data merge entity $(bone_leg_right_1) { transformation: [-0.953421857592753f,-0.050368433359735655f,-0.2974050813037161f,-0.19202263287762394f,-0.28876333022399403f,0.43741019421292493f,0.8516384568093202f,0.3138584381268787f,0.08719231951458081f,0.8978504011913663f,-0.4315809964516163f,0.005972421329688796f,0f,0f,0f,1f], start_interpolation: 0, interpolation_duration: 1 }
$data merge entity $(bone_leg_right_0) { transformation: [-0.9691648459850754f,-0.24058419174331286f,0.053279902307924794f,-0.17813087439459133f,-0.23849433600165063f,0.8614546052020063f,-0.44834854172996635f,0.7163229648566124f,0.061967354323522086f,-0.44723060031651735f,-0.8922694868360515f,-0.10419382728990284f,0f,0f,0f,1f], start_interpolation: 0, interpolation_duration: 1 }
$data merge entity $(bone_tail_4) { transformation: [-2.3569929962898586f,-0.16383063172385262f,1.4294771320834476f,-0.0017576607145373124f,0.4842258914589135f,2.493150534366968f,1.0841526786511777f,0.7856512732865975f,-1.3549061344172062f,1.1760192467364923f,-2.099254493820117f,-1.8737684988164478f,0f,0f,0f,1f], start_interpolation: 0, interpolation_duration: 1 }
$data merge entity $(bone_tail_3) { transformation: [-2.0481702183553985f,0.001990371401636137f,0.37542019272826205f,-0.06543452942231599f,0.06791094729473814f,2.049877645986388f,0.3596321256051535f,0.7046112926244622f,-0.36923215721815605f,0.36598251454329506f,-2.0163506488627014f,-1.535451367472765f,0f,0f,0f,1f], start_interpolation: 0, interpolation_duration: 1 }
$data merge entity $(bone_tail_2) { transformation: [-1.9526334022008656f,0.07717315548485006f,-0.006401225254522113f,-0.06567005705620842f,0.07736511661113918f,1.9511301312852662f,-0.07667936179482618f,0.7193873028036436f,0.0033630854869912217f,-0.07687255600035793f,-1.9526528556793588f,-1.1724732716886543f,0f,0f,0f,1f], start_interpolation: 0, interpolation_duration: 1 }
$data merge entity $(bone_tail_1) { transformation: [-1.5108432655922255f,0.02185835120126282f,-0.0673133664095208f,-0.050008750181771935f,0.02541019871272203f,1.5101722936460218f,-0.07993882226612091f,0.7181046730915684f,0.06605451245751598f,-0.08098213374983852f,-1.5088853320903226f,-0.8468511665931393f,0f,0f,0f,1f], start_interpolation: 0, interpolation_duration: 1 }
$data merge entity $(bone_tail_0) { transformation: [-1.2664866184103012f,-0.0033643292405829235f,-0.17273112996917725f,0.0003861133825967429f,-0.00543190957559906f,1.2781170562571778f,0.014933232968009198f,0.7445840766708866f,0.17267847674226908f,0.015530240734620955f,-1.2664030447992147f,-0.47640399058393623f,0f,0f,0f,1f], start_interpolation: 0, interpolation_duration: 1 }
$data merge entity $(bone_body_1) { transformation: [-1.2345584160290242f,0.030035487107689815f,-0.05973258727328692f,0.012250000000000042f,0.023562614388489687f,1.2291740636789528f,0.13107448050020717f,0.6313175f,0.06256928696522264f,0.129744309121532f,-1.2279479197569783f,-0.19966250000000008f,0f,0f,0f,1f], start_interpolation: 0, interpolation_duration: 1 }