# This file was generated by Animated Java via MC-Build. It is not recommended to edit this file directly.
$data merge entity $(bone_head_lower) { transformation: [-0.9015843431816255f,0.4255246307554995f,-0.07793882697444882f,-0.02383738834321086f,0.4104357662359331f,0.8983204233359898f,0.1567255525170368f,0.32258735375018854f,0.1367046229067609f,0.10931242215706205f,-0.984562156716414f,0.7447775442023545f,0f,0f,0f,1f], start_interpolation: 0, interpolation_duration: 1 }
$data merge entity $(bone_head_upper) { transformation: [-0.9384587671576111f,0.37290620279015557f,0.25240453412954295f,0.001644901045336797f,0.4272224180600802f,0.5529717094839305f,0.7714760116820385f,0.38832033314837777f,0.14229578502338788f,0.7991465416396132f,-0.6516046785694f,0.7178464313632532f,0f,0f,0f,1f], start_interpolation: 0, interpolation_duration: 1 }
$data merge entity $(bone_neck_0) { transformation: [-0.9999613151618454f,-0.002082766908247293f,-0.008545774499636796f,0.001449234954933572f,-0.005536191871137769f,0.9040083307317027f,0.4274789919367339f,0.4012899649487196f,0.006835112241849475f,0.4275097660284335f,-0.9039848899129649f,0.6524515797307163f,0f,0f,0f,1f], start_interpolation: 0, interpolation_duration: 1 }
$data merge entity $(bone_neck_1) { transformation: [-0.9966536888752406f,-0.024163499789149324f,0.07808680893284728f,0.007952894337821838f,0.019883022171147662f,0.8549473975205579f,0.5183334958327185f,0.44913825096483617f,-0.07928486539508575f,0.5181515924425637f,-0.8516060341311107f,0.5826964309280471f,0f,0f,0f,1f], start_interpolation: 0, interpolation_duration: 1 }
$data merge entity $(bone_neck_2) { transformation: [-0.9964648907953012f,0.0779195994230387f,0.0314047359177188f,0.011467066317834583f,0.08310794348094575f,0.8596548366788623f,0.504070066067215f,0.5017151274131788f,0.012279704502812683f,0.5048981063545313f,-0.8630916006177629f,0.5120264015494538f,0f,0f,0f,1f], start_interpolation: 0, interpolation_duration: 1 }
$data merge entity $(bone_body_0) { transformation: [-0.9963207783746355f,0.08413617936325309f,0.01630980996563256f,0.019955320871509023f,0.08569632789730337f,0.9803139338648548f,0.17787841481003552f,0.5948872728815731f,-0.0010227237546891824f,0.17862165152233844f,-0.9839173032544726f,0.050011460723322715f,0f,0f,0f,1f], start_interpolation: 0, interpolation_duration: 1 }
$data merge entity $(bone_leg_left_3) { transformation: [-0.9869041520994026f,0.02855614546946128f,-0.15876001110130444f,0.22248171149960497f,0.029094769073875627f,0.9995760860157706f,-0.0010689611454602899f,0.02410850443313098f,0.15866218510249117f,-0.005674048054046088f,-0.9873166240863076f,-0.14297578524207386f,0f,0f,0f,1f], start_interpolation: 0, interpolation_duration: 1 }
$data merge entity $(bone_leg_left_2) { transformation: [-1.0162744575376854f,-0.06173778416722947f,-0.1242452110276221f,0.20267436399261113f,-0.023198114433330978f,0.9812353471379022f,-0.29782753484960606f,0.24359284527507866f,0.13678550341288298f,-0.2922804116494566f,-0.9736139309412138f,-0.24098275017788118f,0f,0f,0f,1f], start_interpolation: 0, interpolation_duration: 1 }
$data merge entity $(bone_leg_left_1) { transformation: [-0.9475633630085536f,0.0883876682692126f,0.3071014379351747f,0.22927033931045063f,0.31275594266111f,0.45385672130609805f,0.8343846815800486f,0.31641016879239464f,-0.06563073528523661f,0.8866801546348098f,-0.45770176967399706f,0.025482401675851862f,0f,0f,0f,1f], start_interpolation: 0, interpolation_duration: 1 }
$data merge entity $(bone_leg_left_0) { transformation: [-0.9700082379829267f,0.22203593991875847f,-0.098914405571947f,0.21171280219258032f,0.24089413880725255f,0.8237699899215929f,-0.5131988090330013f,0.7096367464567772f,-0.032465861047726766f,-0.5216349730309234f,-0.8525508329580456f,-0.11370046391170885f,0f,0f,0f,1f], start_interpolation: 0, interpolation_duration: 1 }
$data merge entity $(bone_leg_right_3) { transformation: [-0.9762144812699022f,-0.0038359949981668154f,0.21677308804671708f,-0.1953078473031516f,-0.0004622127875251632f,0.9998780150971321f,0.015612215882397307f,0.02909673925107567f,-0.21680653338466246f,0.015140675935821746f,-0.9760971708871672f,-0.15654739761689315f,0f,0f,0f,1f], start_interpolation: 0, interpolation_duration: 1 }
$data merge entity $(bone_leg_right_2) { transformation: [-1.0152493001835337f,0.07398648780070353f,0.1259248093127634f,-0.1725950280602092f,0.031581773400073516f,0.9746416720189658f,-0.3180226442467201f,0.24640697843296605f,-0.14259610642105866f,-0.3109048251277f,-0.9669884899245507f,-0.2586819160460837f,0f,0f,0f,1f], start_interpolation: 0, interpolation_duration: 1 }
$data merge entity $(bone_leg_right_1) { transformation: [-0.9511439569252749f,-0.05988326974005559f,-0.3028847424512671f,-0.1917421965417119f,-0.2982892916623218f,0.43139982407354616f,0.8514209829860339f,0.31250803560609075f,0.07967855222154203f,0.9001711980476566f,-0.42818587379936507f,0.010162689329404367f,0f,0f,0f,1f], start_interpolation: 0, interpolation_duration: 1 }
$data merge entity $(bone_leg_right_0) { transformation: [-0.9672122668797826f,-0.24607196476800167f,0.0628412201702638f,-0.1810105044888563f,-0.24801557586115772f,0.8619040950029956f,-0.44227774661102454f,0.7157619340903991f,0.05466904908200398f,-0.44336206329847694f,-0.8946738936060373f,-0.09744029718743408f,0f,0f,0f,1f], start_interpolation: 0, interpolation_duration: 1 }
$data merge entity $(bone_tail_4) { transformation: [-2.491617349114906f,-0.11216271681320122f,1.1852948334261337f,-0.001345266431281307f,0.34956361547028353f,2.5590953962833245f,0.9769838090064954f,0.7600102982114456f,-1.13811668818665f,1.0315578555168772f,-2.2948289972005482f,-1.8705807939028611f,0f,0f,0f,1f], start_interpolation: 0, interpolation_duration: 1 }
$data merge entity $(bone_tail_3) { transformation: [-2.060075083506152f,0.002022664436706178f,0.30336790402107267f,-0.052805045616484504f,0.04122048445077719f,2.0648029965209913f,0.26614842337316963f,0.6946756425668683f,-0.3005612217555777f,0.2693139811278969f,-2.0428114101870203f,-1.5268309177824757f,0f,0f,0f,1f], start_interpolation: 0, interpolation_duration: 1 }
$data merge entity $(bone_tail_2) { transformation: [-1.9532679343527233f,0.05891361997418958f,-0.006887453357904401f,-0.05295499861879356f,0.05925544989832462f,1.9482649715871327f,-0.1397364202586873f,0.7211597493138792f,0.0026539196611199503f,-0.1398808810055974f,-1.949153706315207f,-1.1645188236246204f,0f,0f,0f,1f], start_interpolation: 0, interpolation_duration: 1 }
$data merge entity $(bone_tail_1) { transformation: [-1.5114440588052231f,0.014749822809250893f,-0.054548600618977205f,-0.039953058528648465f,0.018395569949372876f,1.50896572315778f,-0.10168726243318894f,0.7245785919348477f,0.05342948725779341f,-0.10227970992339687f,-1.5080916420527486f,-0.8387951093085555f,0f,0f,0f,1f], start_interpolation: 0, interpolation_duration: 1 }
$data merge entity $(bone_tail_0) { transformation: [-1.2704598081855984f,-0.004886123785045398f,-0.14051234167644203f,0.0009900026490757222f,-0.006185195517382323f,1.2781493292927528f,0.011478326050680528f,0.7520683784207548f,0.14046115379510354f,0.012088606490046372f,-1.2704173512872472f,-0.46725791240744075f,0f,0f,0f,1f], start_interpolation: 0, interpolation_duration: 1 }
$data merge entity $(bone_body_1) { transformation: [-1.2351591686077246f,0.025549268762134095f,-0.04830795096301345f,0.010500000000000047f,0.019264407119202544f,1.2263317391773794f,0.15602545677157958f,0.6331925f,0.05114006138899611f,0.1551202611142551f,-1.2255313108073678f,-0.19278750000000008f,0f,0f,0f,1f], start_interpolation: 0, interpolation_duration: 1 }