# This file was generated by Animated Java via MC-Build. It is not recommended to edit this file directly.
$data merge entity $(bone_head_lower) { transformation: [-0.9176615474821946f,0.3941958743334393f,-0.050068921808633565f,-0.022384540739935826f,0.38422629686348847f,0.9123830525461134f,0.1411641534710798f,0.33611953691852914f,0.10132836261952596f,0.1103031191088063f,-0.9887192649299974f,0.7578354766567476f,0f,0f,0f,1f], start_interpolation: 0, interpolation_duration: 1 }
$data merge entity $(bone_head_upper) { transformation: [-0.9551935224152384f,0.32924087282084824f,0.25035519763656305f,0.001970784400884269f,0.39994099231091484f,0.5745434960391543f,0.7703368850132871f,0.40224990775541025f,0.1054726504305135f,0.8031015884723299f,-0.6537394750111778f,0.730834575152198f,0f,0f,0f,1f], start_interpolation: 0, interpolation_duration: 1 }
$data merge entity $(bone_neck_0) { transformation: [-0.9998878447374945f,0.01353398496240665f,-0.006413204912180878f,0.0016595013541725809f,0.010162977342751726f,0.9276895502053439f,0.3732141641622642f,0.41132121065690685f,0.011000538065885038f,0.37310712897349485f,-0.9277230505228471f,0.6647864803967016f,0f,0f,0f,1f], start_interpolation: 0, interpolation_duration: 1 }
$data merge entity $(bone_neck_1) { transformation: [-0.9980201654490228f,-0.003987149056528358f,0.06276824037286885f,0.006958426849599669f,0.025599680261490582f,0.8858283393400616f,0.46330638846506134f,0.4546502430870434f,-0.05744915776244823f,0.46399596535361154f,-0.8839724760465993f,0.592039980949695f,0f,0f,0f,1f], start_interpolation: 0, interpolation_duration: 1 }
$data merge entity $(bone_neck_2) { transformation: [-0.9968856978305025f,0.07454972962425956f,0.02571465095897639f,0.009941111580090714f,0.0778904554722293f,0.8798357543011175f,0.4688519194796075f,0.5043393295548075f,0.01232811450793891f,0.4693946988051031f,-0.8829023922984612f,0.5192867770893963f,0f,0f,0f,1f], start_interpolation: 0, interpolation_duration: 1 }
$data merge entity $(bone_body_0) { transformation: [-0.9968032253698652f,0.07905871323407405f,0.011534719502709036f,0.016130514693465443f,0.07987512354292182f,0.9828257403178975f,0.16635362577226792f,0.5921038132638841f,0.0018150843607689024f,0.16674316786708f,-0.9859986924121219f,0.056177727953553636f,0f,0f,0f,1f], start_interpolation: 0, interpolation_duration: 1 }
$data merge entity $(bone_leg_left_3) { transformation: [-0.9867282640932208f,0.026096442985843703f,-0.16026948712423528f,0.2134090582228942f,0.02611863667973608f,0.9996569120324821f,0.00196851306161816f,0.025462083557007437f,0.1602658717805221f,-0.00224363302891023f,-0.9870713330115815f,-0.14072057793964382f,0f,0f,0f,1f], start_interpolation: 0, interpolation_duration: 1 }
$data merge entity $(bone_leg_left_2) { transformation: [-1.0154916642301375f,-0.05698470006997561f,-0.1326334171230416f,0.19445162898610907f,-0.015202770927864574f,0.9793785307825051f,-0.30438260249086235f,0.24432342605365281f,0.14355401469800383f,-0.2993871020951477f,-0.9704750421643251f,-0.24027659585575964f,0f,0f,0f,1f], start_interpolation: 0, interpolation_duration: 1 }
$data merge entity $(bone_leg_left_1) { transformation: [-0.9455108519396104f,0.09191132876626151f,0.31234842165257076f,0.22168571536566706f,0.319704005193828f,0.44367962240152065f,0.8372202468458754f,0.314087187076728f,-0.061632604418901706f,0.8914598702746321f,-0.448888317694367f,0.02693999765360991f,0f,0f,0f,1f], start_interpolation: 0, interpolation_duration: 1 }
$data merge entity $(bone_leg_left_0) { transformation: [-0.9671432138725908f,0.23323665881175504f,-0.10116652038359764f,0.20904241319900652f,0.2523628770347755f,0.8325820258034768f,-0.49307215354723644f,0.710468755576733f,-0.030773075162009625f,-0.5024020613963558f,-0.8640863304958398f,-0.10355551042330244f,0f,0f,0f,1f], start_interpolation: 0, interpolation_duration: 1 }
$data merge entity $(bone_leg_right_3) { transformation: [-0.9784127589319991f,-0.00542776741060997f,0.20658899414056395f,-0.19176472340140385f,-0.0021894614801951026f,0.9998711816614281f,0.015900513872400213f,0.029798259852539755f,-0.20664868598058023f,0.015104947001428448f,-0.9782986053136247f,-0.15192793919079622f,0f,0f,0f,1f], start_interpolation: 0, interpolation_duration: 1 }
$data merge entity $(bone_leg_right_2) { transformation: [-1.0146490275500237f,0.06807542333136864f,0.13384800009989056f,-0.17018583386937225f,0.023157764244792038f,0.9742460321190858f,-0.3199540378805904f,0.24696965605883472f,-0.14836869059093302f,-0.31348461706942926f,-0.965285618878609f,-0.2546022215714803f,0f,0f,0f,1f], start_interpolation: 0, interpolation_duration: 1 }
$data merge entity $(bone_leg_right_1) { transformation: [-0.9488270201336723f,-0.06905471870552968f,-0.3081537468354975f,-0.19149900694895067f,-0.3073845008149336f,0.4256717940667099f,0.8510689116603795f,0.311352122248105f,0.07240203397011616f,0.9022388650244062f,-0.42511525015748564f,0.014496333535069891f,0f,0f,0f,1f], start_interpolation: 0, interpolation_duration: 1 }
$data merge entity $(bone_leg_right_0) { transformation: [-0.9652084683968698f,-0.2513576978498125f,0.07205498085913961f,-0.18382571611739268f,-0.2571146093053072f,0.8621907057232605f,-0.43648512534358513f,0.7153049936415997f,0.047588761454232825f,-0.43982552756299664f,-0.8968215068157006f,-0.09072000010765957f,0f,0f,0f,1f], start_interpolation: 0, interpolation_duration: 1 }
$data merge entity $(bone_tail_4) { transformation: [-2.597025944805466f,-0.07112920566755007f,0.9359798126607123f,-0.00147068875650673f,0.23527238622118873f,2.6163032378876814f,0.8516252716425365f,0.7347612697739354f,-0.9087158400121935f,0.8806584667846777f,-2.4544525904142853f,-1.8653845093024233f,0f,0f,0f,1f], start_interpolation: 0, interpolation_duration: 1 }
$data merge entity $(bone_tail_3) { transformation: [-2.0691333112119117f,0.0015751381004535726f,0.233731438659071f,-0.04111831737459711f,0.021239333574597962f,2.0748986204020894f,0.17404060390396975f,0.6849459029418435f,-0.23276975144331263f,0.17532472740009042f,-2.061801398976038f,-1.5174948742065903f,0f,0f,0f,1f], start_interpolation: 0, interpolation_duration: 1 }
$data merge entity $(bone_tail_2) { transformation: [-1.953674991632719f,0.043258121304925345f,-0.007525756629093548f,-0.0411536374605351f,0.0438018905007248f,1.9433764535154365f,-0.2003577533141747f,0.7226867928045186f,0.0030490097137424415f,-0.20047585856084907f,-1.943855449532406f,-1.1561818410151408f,0f,0f,0f,1f], start_interpolation: 0, interpolation_duration: 1 }
$data merge entity $(bone_tail_1) { transformation: [-1.5118676826730602f,0.00932850735372695f,-0.042723986697676374f,-0.030629547659492117f,0.012772438682446445f,1.5074497642349307f,-0.12283453552708805f,0.7306801958680097f,0.04182373607050081f,-0.12314396963962053f,-1.50689833361196f,-0.830448781532146f,0f,0f,0f,1f], start_interpolation: 0, interpolation_duration: 1 }
$data merge entity $(bone_tail_0) { transformation: [-1.2734625812083287f,-0.005381149521724215f,-0.10999915488799648f,0.0013849052933681237f,-0.0060888383254952445f,1.2781765308644712f,0.007962322471447262f,0.7591980967416758f,0.10996225213269584f,0.008456699185745029f,-1.2734490582386149f,-0.4581132937893441f,0f,0f,0f,1f], start_interpolation: 0, interpolation_duration: 1 }
$data merge entity $(bone_body_1) { transformation: [-1.235614652156454f,0.02090449969452679f,-0.03773629983261608f,0.008750000000000023f,0.01521051510252067f,1.2231667606782113f,0.17954473219378492f,0.6350675f,0.04036913007300952f,0.17897114996765115f,-1.2226791303823972f,-0.18591249999999998f,0f,0f,0f,1f], start_interpolation: 0, interpolation_duration: 1 }