# This file was generated by Animated Java via MC-Build. It is not recommended to edit this file directly.
$data merge entity $(bone_head_lower) { transformation: [-0.9449946723053122f,0.326071195552341f,-0.025741886986835688f,-0.01746004826342264f,0.32043815850107343f,0.9387035898524716f,0.12710215173050232f,0.35209581605422163f,0.06560835229615923f,0.11186217336146181f,-0.991555544727492f,0.7706076003273248f,0f,0f,0f,1f], start_interpolation: 0, interpolation_duration: 1 }
$data merge entity $(bone_head_upper) { transformation: [-0.9836445606548194f,0.26084810667028285f,0.2188003339216456f,0.0031753942035108408f,0.333543945667868f,0.604130089107647f,0.779260684448153f,0.41948511769862f,0.0682917065682587f,0.8065091712217677f,-0.6544854025359768f,0.7436202508859471f,0f,0f,0f,1f], start_interpolation: 0, interpolation_duration: 1 }
$data merge entity $(bone_neck_0) { transformation: [-0.9998037078472648f,0.018614119029682373f,-0.00678677740979098f,0.002757467970759334f,0.015519506103159948f,0.9487124564018776f,0.3157591170468862f,0.42449829751154833f,0.012316278056913717f,0.3155918085766233f,-0.9488151135253701f,0.6771414601318719f,0f,0f,0f,1f], start_interpolation: 0, interpolation_duration: 1 }
$data merge entity $(bone_neck_1) { transformation: [-0.9989667895070476f,0.0056603668125897845f,0.045092279932701006f,0.006603452519592973f,0.023485855010666565f,0.9137488337173021f,0.4056001522370128f,0.46306748056635283f,-0.038907172557255905f,0.4062401126523782f,-0.9129376773886502f,0.601675153969013f,0f,0f,0f,1f], start_interpolation: 0, interpolation_duration: 1 }
$data merge entity $(bone_neck_2) { transformation: [-0.997861028838871f,0.06295808589034245f,0.017596776569992867f,0.008761461132618761f,0.06439643094734801f,0.9003942458001617f,0.4302828160770556f,0.5095789047886108f,0.011245746123465006f,0.4304956231496228f,-0.9025226045053634f,0.5268222261052087f,0f,0f,0f,1f], start_interpolation: 0, interpolation_duration: 1 }
$data merge entity $(bone_body_0) { transformation: [-0.9978251008182933f,0.06558725427110604f,0.00658636881293858f,0.012490392636273787f,0.06583255329739464f,0.9864976480506374f,0.14996154612735316f,0.5896528423423767f,0.0033381287135849265f,0.1500689923593074f,-0.988669891535569f,0.06229540847505122f,0f,0f,0f,1f], start_interpolation: 0, interpolation_duration: 1 }
$data merge entity $(bone_leg_left_3) { transformation: [-0.9864901912857837f,0.02332503838436585f,-0.16215130305151865f,0.20509464997836221f,0.022809230306255427f,0.9997271206271414f,0.005042151862083233f,0.0270759921175327f,0.16222466369135669f,0.0012754869391569112f,-0.9867530246334656f,-0.1383574022130855f,0f,0f,0f,1f], start_interpolation: 0, interpolation_duration: 1 }
$data merge entity $(bone_leg_left_2) { transformation: [-1.0146143999819544f,-0.0532206199759302f,-0.14066763828020393f,0.18676768989491005f,-0.008267956279032977f,0.9776218263669336f,-0.3102408822361143f,0.24535756080224594f,0.1501714345304082f,-0.30575370761619913f,-0.9674840619001018f,-0.23929476582367287f,0f,0f,0f,1f], start_interpolation: 0, interpolation_duration: 1 }
$data merge entity $(bone_leg_left_1) { transformation: [-0.9436741677994741f,0.09519515178995144f,0.31688633309699216f,0.21461663585211252f,0.3258274172682051f,0.4340256217692286f,0.8399156230266017f,0.31223372731748833f,-0.05758089252782387f,0.8958569320619902f,-0.4405959578709008f,0.02859588392182294f,0f,0f,0f,1f], start_interpolation: 0, interpolation_duration: 1 }
$data merge entity $(bone_leg_left_0) { transformation: [-0.964447596211566f,0.2433258603896858f,-0.10311818378613556f,0.20640699435115845f,0.2627141033210397f,0.8404216293731493f,-0.4739966084245781f,0.7113441056768731f,-0.02867288053115949f,-0.48423549079698813f,-0.8744677554802383f,-0.09367752380327324f,0f,0f,0f,1f], start_interpolation: 0, interpolation_duration: 1 }
$data merge entity $(bone_leg_right_3) { transformation: [-0.980310703204762f,-0.006982122334191071f,0.19733771851801551f,-0.1884873598346691f,-0.0038867550325145384f,0.9998633372994886f,0.01606859855886722f,0.03061219374202498f,-0.19742294273336722f,0.014985215782203354f,-0.9802038690958419f,-0.14712356531277943f,0f,0f,0f,1f], start_interpolation: 0, interpolation_duration: 1 }
$data merge entity $(bone_leg_right_2) { transformation: [-1.013969610807177f,0.06255369988802498f,0.14147389331800836f,-0.16796095579465747f,0.015190304311400787f,0.9738239738623634f,-0.3217115510617173f,0.24764325429637668f,-0.15393856734153197f,-0.3159368640439539f,-0.9636124817184567f,-0.25030911448443f,0f,0f,0f,1f], start_interpolation: 0, interpolation_duration: 1 }
$data merge entity $(bone_leg_right_1) { transformation: [-0.9465204491798661f,-0.0777573279285418f,-0.3131338966604503f,-0.19132829057028453f,-0.31593200759316376f,0.4202956304624659f,0.8506106921455383f,0.3104192581445503f,0.06546759398738808f,0.9040494350241982f,-0.4223844376512125f,0.018998380149684357f,0f,0f,0f,1f], start_interpolation: 0, interpolation_duration: 1 }
$data merge entity $(bone_leg_right_0) { transformation: [-0.9631982337504896f,-0.256362893028865f,0.0807912716684657f,-0.18656513199846708f,-0.26567274156535226f,0.8623399580836364f,-0.43103107902036675f,0.7149818395843002f,0.04083083257890616f,-0.4366324126426974f,-0.8987129571452336f,-0.08402447451702802f,0f,0f,0f,1f], start_interpolation: 0, interpolation_duration: 1 }
$data merge entity $(bone_tail_4) { transformation: [-2.6728398519525927f,-0.04110456931349633f,0.6927473361880201f,-0.0018826457970165002f,0.14459118995736683f,2.663127128802255f,0.7158970702720958f,0.710747952651878f,-0.6787354751305977f,0.7291952014508938f,-2.575510404673262f,-1.8583893948800223f,0f,0f,0f,1f], start_interpolation: 0, interpolation_duration: 1 }
$data merge entity $(bone_tail_3) { transformation: [-2.0754483117663884f,0.0008119039239982113f,0.168698464849307f,-0.03049561644817259f,0.007787632012249302f,2.0805104964015104f,0.08579599754782422f,0.6758406934430182f,-0.16852057446536453f,0.08614488504608196f,-2.0736743719317903f,-1.507613847556941f,0f,0f,0f,1f], start_interpolation: 0, interpolation_duration: 1 }
$data merge entity $(bone_tail_2) { transformation: [-1.9539193275926996f,0.030148525167212274f,-0.008012658279944497f,-0.03044372271995083f,0.030941086318559206f,1.936914623129609f,-0.2572513690670811f,0.7241469347423101f,0.003973089464970878f,-0.25734545680796866f,-1.93714516890789f,-1.147561089856467f,0f,0f,0f,1f], start_interpolation: 0, interpolation_duration: 1 }
$data merge entity $(bone_tail_1) { transformation: [-1.5121528231152246f,0.00544505754428346f,-0.03194434054722044f,-0.022191548924448235f,0.008437342782202897f,1.5057256973950035f,-0.1427416738416158f,0.7364493484315195f,0.03128739029438152f,-0.14288710772029098f,-1.5054104502280756f,-0.8218968006814079f,0f,0f,0f,1f], start_interpolation: 0, interpolation_duration: 1 }
$data merge entity $(bone_tail_0) { transformation: [-1.2755923009073895f,-0.005011218442036999f,-0.08169997637420419f,0.0015621534285059002f,-0.005321185617841164f,1.2781961901971757f,0.004679843274477599f,0.7659269404331731f,0.08168037361226879f,0.005010353199065052f,-1.275593559685611f,-0.4490178062407281f,0f,0f,0f,1f], start_interpolation: 0, interpolation_duration: 1 }
$data merge entity $(bone_body_1) { transformation: [-1.2359417345753279f,0.01623075818928459f,-0.028092459482588757f,0.007000000000000029f,0.0114410841227675f,1.2198001861824248f,0.20139811925553708f,0.6369425f,0.03035993058746474f,0.20106880248853315f,-1.2195303220243445f,-0.17903750000000002f,0f,0f,0f,1f], start_interpolation: 0, interpolation_duration: 1 }