# This file was generated by Animated Java via MC-Build. It is not recommended to edit this file directly.
$data merge entity $(bone_head_lower) { transformation: [-0.9903620254959017f,0.13849867074139588f,-0.001084738918744152f,-0.005325354040725822f,0.13761491255264868f,0.9848676258454772f,0.10534654908738056f,0.3868135764486264f,0.015658681259361155f,0.1041819454817361f,-0.9944349792404016f,0.7939009854904208f,0f,0f,0f,1f], start_interpolation: 0, interpolation_duration: 1 }
$data merge entity $(bone_head_upper) { transformation: [-1.0308674196878402f,0.10340298389355856f,0.10045958655872728f,0.003601941134490901f,0.14324330513650513f,0.6526374087646798f,0.7981338927761441f,0.456534091632718f,0.0162991147984185f,0.804266235886065f,-0.6605770986447799f,0.7664271860604863f,0f,0f,0f,1f], start_interpolation: 0, interpolation_duration: 1 }
$data merge entity $(bone_neck_0) { transformation: [-0.99993631188178f,0.009720456701967162f,-0.005734535880873914f,0.0033964584748263733f,0.00833062301931996f,0.9785105584725841f,0.20602836619694279f,0.45397051919032866f,0.007613993720369418f,0.2059674723813854f,-0.978529216436816f,0.6998079536459194f,0f,0f,0f,1f], start_interpolation: 0, interpolation_duration: 1 }
$data merge entity $(bone_neck_1) { transformation: [-0.9998745353243621f,0.004554790266839188f,0.015171272046742817f,0.004702647689541648f,0.008823641026099442f,0.9555662337595376f,0.29464438948952537f,0.48333294038085445f,-0.013155111893621719f,0.29474128788521925f,-0.955486533786232f,0.6202235397440959f,0f,0f,0f,1f], start_interpolation: 0, interpolation_duration: 1 }
$data merge entity $(bone_neck_2) { transformation: [-0.9996170706649239f,0.027389163845788725f,0.003942808530125401f,0.005316224320122286f,0.02701178889846408f,0.9349016316873892f,0.3538775244752937f,0.5234885368940632f,0.006006271370950734f,0.35384851670183076f,-0.9352834607391133f,0.5417500920912279f,0f,0f,0f,1f], start_interpolation: 0, interpolation_duration: 1 }
$data merge entity $(bone_body_0) { transformation: [-0.9996152388981586f,0.027733262400338864f,0.0004902236341228824f,0.005811458871486999f,0.027612582601254616f,0.9932785186432651f,0.11240698236288404f,0.585927745643732f,0.0026304837323946305f,0.11237726886908574f,-0.993662130704828f,0.07451139008059676f,0f,0f,0f,1f], start_interpolation: 0, interpolation_duration: 1 }
$data merge entity $(bone_leg_left_3) { transformation: [-0.9858897408890755f,0.01742877106343499f,-0.16648620588171803f,0.19078765651115276f,0.015830204918170512f,0.9998150173177371f,0.01092409072563616f,0.0308723580047138f,0.16664580229312773f,0.008134438219789819f,-0.9859832693777968f,-0.13288858301911993f,0f,0f,0f,1f], start_interpolation: 0, interpolation_duration: 1 }
$data merge entity $(bone_leg_left_2) { transformation: [-1.012766967866534f,-0.04821997214615605f,-0.1550487103633728f,0.17318476670017913f,0.0025784437647914907f,0.9745291017057791f,-0.31991964781328075f,0.24815072672203695f,0.1623533797827227f,-0.316275297352553f,-0.9621192835913727f,-0.2360938194359671f,0f,0f,0f,1f], start_interpolation: 0, interpolation_duration: 1 }
$data merge entity $(bone_leg_left_1) { transformation: [-0.9406709664932809f,0.10091039374090491f,0.32396793858598466f,0.20215097286401545f,0.3356416153523061f,0.41691638320440755f,0.8447043479581778f,0.30992941588155165f,-0.049828092882342245f,0.9033259776242526f,-0.4260508646968078f,0.03290011753282754f,0f,0f,0f,1f], start_interpolation: 0, interpolation_duration: 1 }
$data merge entity $(bone_leg_left_0) { transformation: [-0.9597358040263992f,0.26005782549190354f,-0.10619375626760669f,0.201309082054578f,0.2798892847035488f,0.8531943723508173f,-0.44013787759863454f,0.7132955308915557f,-0.023857384138606122f,-0.4521385743213219f,-0.8916285856973999f,-0.0748140739465414f,0f,0f,0f,1f], start_interpolation: 0, interpolation_duration: 1 }
$data merge entity $(bone_leg_right_3) { transformation: [-0.9832781894606806f,-0.00982767056249114f,0.18184449131673297f,-0.18304603017885943f,-0.007016618647635517f,0.9998458400233758f,0.016095441923207165f,0.03259270370574108f,-0.1819746388749814f,0.014550363544077849f,-0.9831955643345102f,-0.13689709891010918f,0f,0f,0f,1f], start_interpolation: 0, interpolation_duration: 1 }
$data merge entity $(bone_leg_right_2) { transformation: [-1.0124935293768955f,0.05296321151559645f,0.15528667263022547f,-0.16433056826436504f,0.0010974724439181966f,0.9729538955820307f,-0.3246870987992593f,0.24935085583661767f,-0.1640665963103016f,-0.3203401548329516f,-0.9604824499580658f,-0.24099660436594927f,0f,0f,0f,1f], start_interpolation: 0, interpolation_duration: 1 }
$data merge entity $(bone_leg_right_1) { transformation: [-0.9421648286637279f,-0.09323689697687314f,-0.3219197363803167f,-0.19135050531720646f,-0.3309217303661317f,0.41088996198478467f,0.8495058843301955f,0.3093316986524413f,0.05306829562491828f,0.9069048021607706f,-0.41798018591459596f,0.028606079516332594f,0f,0f,0f,1f], start_interpolation: 0, interpolation_duration: 1 }
$data merge entity $(bone_leg_right_0) { transformation: [-0.959366724399669f,-0.26522257019580037f,0.09629369851336941f,-0.1917734495204387f,-0.28069623219849155f,0.8623439655878463f,-0.42139353369955446f,0.7148581629078654f,0.028724786234546988f,-0.4313002124657034f,-0.9017510817197941f,-0.07066821963076902f,0f,0f,0f,1f], start_interpolation: 0, interpolation_duration: 1 }
$data merge entity $(bone_tail_4) { transformation: [-2.7482349551217307f,-0.00968306635612865f,0.26976323187751255f,-0.0023645942121741734f,0.03443743023841779f,2.724556005856842f,0.44863121374686904f,0.6697690864319766f,-0.2677312578792995f,0.44984679700466595f,-2.711386944790251f,-1.8405181213563815f,0f,0f,0f,1f], start_interpolation: 0, interpolation_duration: 1 }
$data merge entity $(bone_tail_3) { transformation: [-2.0813869202100075f,-0.0006955115985892932f,0.061429070371930954f,-0.01277388836254166f,-0.002742038347430381f,2.0811365410479525f,-0.06934482522228504f,0.6611618513328318f,-0.061371782187293895f,-0.06939553172232565f,-2.08023154734577f,-1.48710863431054f,0f,0f,0f,1f], start_interpolation: 0, interpolation_duration: 1 }
$data merge entity $(bone_tail_2) { transformation: [-1.9541249460941121f,0.010987843084227749f,-0.006988373188060208f,-0.012917118378948989f,0.012074199355920889f,1.9216437305489913f,-0.3548428688228731f,0.7275925545055524f,0.004876860196139484f,-0.35487816944536027f,-1.9216689559048703f,-1.129955410707167f,0f,0f,0f,1f], start_interpolation: 0, interpolation_duration: 1 }
$data merge entity $(bone_tail_1) { transformation: [-1.5124370070030473f,0.0013152114378243965f,-0.013741181409840486f,-0.008531306733130134f,0.002908125780545399f,1.5021863022067168f,-0.17630685258082165f,0.7471663680802414f,0.013494171041929796f,-0.17632593025810156f,-1.5021262675509364f,-0.8045720867995352f,0f,0f,0f,1f], start_interpolation: 0, interpolation_duration: 1 }
$data merge entity $(bone_tail_0) { transformation: [-1.277769847047997f,-0.0026304125430663553f,-0.03366029543571207f,0.001241537390905505f,-0.0026319683061188565f,1.2782131233603566f,0.0000244177163308159f,0.7780047922595337f,0.033660173823106224f,0.00009371895520194385f,-1.277772554290858f,-0.43117498663317533f,0f,0f,0f,1f], start_interpolation: 0, interpolation_duration: 1 }
$data merge entity $(bone_body_1) { transformation: [-1.236288971482545f,0.007344152324055286f,-0.011842190402234916f,0.003500000000000037f,0.004914654234337415f,1.2129999897886399f,0.23918918454388063f,0.6406925f,0.013039180213442128f,0.23912691871817932f,-1.212952139031034f,-0.16528750000000006f,0f,0f,0f,1f], start_interpolation: 0, interpolation_duration: 1 }