# This file was generated by Animated Java via MC-Build. It is not recommended to edit this file directly.
$data merge entity $(bone_head_lower) { transformation: [-0.5156296714260451f,-0.34486345396267526f,0.7843438277095084f,0.31807365867740467f,-0.13544135016703784f,0.9367189212287537f,0.3228208532250811f,0.5679883915793781f,-0.8460388186188614f,0.06022342345776582f,-0.5297088413997144f,0.5234599824380152f,0f,0f,0f,1f], start_interpolation: 0, interpolation_duration: 1 }
$data merge entity $(bone_head_upper) { transformation: [-0.5367187101416739f,-0.45291926312302483f,0.7682897304138989f,0.3607007334447003f,-0.1409808449549738f,0.928496854350629f,0.44887630300593395f,0.6197381282793177f,-0.8806414537841986f,0.12739574222315966f,-0.5401045244429736f,0.4888138608647832f,0f,0f,0f,1f], start_interpolation: 0, interpolation_duration: 1 }
$data merge entity $(bone_neck_0) { transformation: [-0.8475357113563837f,-0.10047690992024948f,0.5211406801896268f,0.3963034555834808f,-0.1599976977406099f,0.9846057811090021f,-0.07037181626500738f,0.5992574559853105f,-0.5060473838420008f,-0.14302393638691951f,-0.8505646353611566f,0.4362998199519838f,0f,0f,0f,1f], start_interpolation: 0, interpolation_duration: 1 }
$data merge entity $(bone_neck_1) { transformation: [-0.9555388659101579f,-0.2554413871796438f,0.14729281534028998f,0.4076043037204415f,-0.2307037570260589f,0.9587505996135748f,0.16605139034248367f,0.617741032340412f,-0.1836334725184672f,0.12468755132871134f,-0.9750547483677311f,0.35427430513469216f,0f,0f,0f,1f], start_interpolation: 0, interpolation_duration: 1 }
$data merge entity $(bone_neck_2) { transformation: [-0.9589908679845788f,-0.15279090479204452f,-0.2387288305484129f,0.38519394924594175f,-0.195770079782418f,0.9661390791725563f,0.16807544602823607f,0.6419248074003545f,0.20496485304600415f,0.20791878007633946f,-0.9564304417506779f,0.2725194800152045f,0f,0f,0f,1f], start_interpolation: 0, interpolation_duration: 1 }
$data merge entity $(bone_body_0) { transformation: [-0.8422227179883373f,-0.30001020375446985f,-0.4479450534915408f,0.1712211531258132f,-0.24063419183788798f,0.9526996832968236f,-0.18563000609992517f,0.563513736995989f,0.48244800654875164f,-0.04855091234295422f,-0.874578029616456f,-0.14012837380412724f,0f,0f,0f,1f], start_interpolation: 0, interpolation_duration: 1 }
$data merge entity $(bone_leg_left_3) { transformation: [-0.7686323934546541f,0.18401765178488533f,-0.6126514078689014f,0.29066637444696586f,0.0759163935109538f,0.9772028752534895f,0.19827062765978112f,0.02473938199115372f,0.6351700126174569f,0.1058869417250784f,-0.7650797413627219f,-0.5690558167279737f,0f,0f,0f,1f], start_interpolation: 0, interpolation_duration: 1 }
$data merge entity $(bone_leg_left_2) { transformation: [-0.8937055606053572f,-0.2863488447809208f,-0.41395278660300255f,0.20973940383260936f,-0.27323964118621347f,0.9844337809605703f,-0.09106277444049037f,0.25097132134164657f,0.4227205565479259f,0.030930074312915837f,-0.93403043905191f,-0.5900559860347594f,0f,0f,0f,1f], start_interpolation: 0, interpolation_duration: 1 }
$data merge entity $(bone_leg_left_1) { transformation: [-0.9599882003248984f,0.2800254545167448f,-0.0028982856404562787f,0.30508604823324953f,0.09030808713137718f,0.3193592215802606f,0.9433208027973952f,0.2859025019441898f,0.2650794308044944f,0.9053151011743594f,-0.3318696475274965f,-0.33178826508803316f,0f,0f,0f,1f], start_interpolation: 0, interpolation_duration: 1 }
$data merge entity $(bone_leg_left_0) { transformation: [-0.9565770555904115f,-0.09051238879069173f,-0.27707010700070456f,0.18087658613997948f,0.03718032339592531f,0.9049094458899061f,-0.42397702566459616f,0.6800369050436301f,0.2890985303839395f,-0.4158682510298495f,-0.8622503334387412f,-0.3912639776470389f,0f,0f,0f,1f], start_interpolation: 0, interpolation_duration: 1 }
$data merge entity $(bone_leg_right_3) { transformation: [-0.952638411872168f,-0.0516481099262919f,0.2996873853980438f,-0.2479958642707103f,-0.011487828464932182f,0.990880751077857f,0.13425113385198084f,0.05453979082366239f,-0.30388827885068925f,0.12445002966823226f,-0.9445443896888818f,-0.11527608670144338f,0f,0f,0f,1f], start_interpolation: 0, interpolation_duration: 1 }
$data merge entity $(bone_leg_right_2) { transformation: [-0.980126303569468f,0.20084739729018952f,-0.22599768041664212f,-0.20664242151382844f,0.2737019997611998f,0.9151436353607443f,-0.37371318077656274f,0.2558844169620837f,0.12845950287412025f,-0.41741424168465113f,-0.928076347323245f,-0.24145574577273854f,0f,0f,0f,1f], start_interpolation: 0, interpolation_duration: 1 }
$data merge entity $(bone_leg_right_1) { transformation: [-0.9437185599612957f,0.2732425926450654f,-0.1863699684744878f,-0.1413213286284085f,-0.0781255919616004f,0.3633767270043695f,0.9283607844756484f,0.30380982351839514f,0.32139021681629987f,0.890671566760832f,-0.3215781222324942f,0.0239678701517535f,0f,0f,0f,1f], start_interpolation: 0, interpolation_duration: 1 }
$data merge entity $(bone_leg_right_0) { transformation: [-0.9532592758198335f,-0.13958163667032467f,-0.26798081977611865f,-0.06346948389547152f,-0.02416387520273157f,0.919279030422506f,-0.39286406219027464f,0.6995399071850563f,0.3011857569650894f,-0.36802585633334334f,-0.8796840960660115f,-0.08393982057188804f,0f,0f,0f,1f], start_interpolation: 0, interpolation_duration: 1 }
$data merge entity $(bone_tail_4) { transformation: [-0.21391099941943187f,-2.5438826926876956f,1.0528837836016758f,-0.48474108156440393f,2.7075589213074465f,-0.3857934522817261f,-0.38203328575532247f,0.2962454509817176f,0.4990271571526344f,1.0027390436302706f,2.5241132380310547f,0.46971930557096964f,0f,0f,0f,1f], start_interpolation: 0, interpolation_duration: 1 }
$data merge entity $(bone_tail_3) { transformation: [0.1577636303630044f,-1.9157273846584155f,0.8006527028924316f,-0.6017552961255921f,1.8530203269015249f,-0.23232983822945827f,-0.9210233658287311f,0.4546905080722238f,0.9366812857471299f,0.7822767796518989f,1.687191967439688f,0.17597870417412464f,0f,0f,0f,1f], start_interpolation: 0, interpolation_duration: 1 }
$data merge entity $(bone_tail_2) { transformation: [0.34299657967649694f,-1.744743761811175f,0.8105531610906168f,-0.7525968981280786f,1.7484128751073387f,-0.06078544226095758f,-0.8707074268494593f,0.6178315080652769f,0.8026080235656078f,0.8780365656582347f,1.5503696413687866f,-0.11142921011448842f,0f,0f,0f,1f], start_interpolation: 0, interpolation_duration: 1 }
$data merge entity $(bone_tail_1) { transformation: [0.9161899442861094f,-0.9440394439805673f,-0.7463523056826967f,-0.5813256041896292f,0.8592062911587943f,1.1699260477851192f,-0.4250809828103829f,0.6941821940465365f,0.8426249374556664f,-0.16648970215227454f,1.2449580891962118f,-0.3781001564541085f,0f,0f,0f,1f], start_interpolation: 0, interpolation_duration: 1 }
$data merge entity $(bone_tail_0) { transformation: [0.27354211119963906f,-0.11123543201661855f,-1.2436386567844167f,-0.2205897929486681f,0.13191868058406162f,1.268582389601945f,-0.08445057186785222f,0.749473766802518f,1.2416150336144582f,-0.11027745027848254f,0.28296061359608393f,-0.46344901568067887f,0f,0f,0f,1f], start_interpolation: 0, interpolation_duration: 1 }
$data merge entity $(bone_body_1) { transformation: [-0.7684959959923315f,0.21371620870190314f,-0.944639551013025f,-0.015369632922444067f,0.06133914514500451f,1.214209980516139f,0.22480264131928607f,0.6154246428571428f,0.9665691948706439f,0.09286603474539067f,-0.765326391923102f,-0.29177653653705f,0f,0f,0f,1f], start_interpolation: 0, interpolation_duration: 1 }