# This file was generated by Animated Java via MC-Build. It is not recommended to edit this file directly.
$data merge entity $(bone_head_lower) { transformation: [-0.12879977163813067f,0.06287194332168011f,0.9896755718764207f,0.10670566151729233f,0.27117186997368004f,0.9621841866598074f,-0.025834238459499892f,0.277454686330102f,-0.9538744339591783f,0.2650447314789718f,-0.1409782059550228f,0.44093607350535774f,0f,0f,0f,1f], start_interpolation: 0, interpolation_duration: 1 }
$data merge entity $(bone_head_upper) { transformation: [-0.13406762863155872f,-0.3337606450024291f,0.9767812679326829f,0.16650626328891344f,0.28226268646732444f,0.9355903273100498f,0.35842775821025635f,0.3232598075977206f,-0.9928875008604279f,0.311041016386816f,-0.0299973222754479f,0.4455442602645511f,0f,0f,0f,1f], start_interpolation: 0, interpolation_duration: 1 }
$data merge entity $(bone_neck_0) { transformation: [-0.6404299738120348f,0.07502423394144446f,0.7643433868129007f,0.21491929477206567f,0.28631486629460534f,0.9467972460895454f,0.14696520722931317f,0.3173020434168904f,-0.7126522616127857f,0.31296379841565086f,-0.6278378890282342f,0.400097371670569f,0f,0f,0f,1f], start_interpolation: 0, interpolation_duration: 1 }
$data merge entity $(bone_neck_1) { transformation: [-0.8609617010338234f,-0.12535878034374748f,0.49298085717771334f,0.2561037315175723f,0.13668389773577033f,0.8764985176588737f,0.46159274327219946f,0.36044292628534086f,-0.48996169386259414f,0.4647962185006729f,-0.737497128004423f,0.3397629433578947f,0f,0f,0f,1f], start_interpolation: 0, interpolation_duration: 1 }
$data merge entity $(bone_neck_2) { transformation: [-0.9897746219833101f,-0.014658659635761073f,0.14188488776285565f,0.26839039438276036f,0.05867434352283843f,0.8648133415562599f,0.49865339232623257f,0.4125957664757356f,-0.13001353425685797f,0.5018794755356893f,-0.8551102109939176f,0.2697625892884117f,0f,0f,0f,1f], start_interpolation: 0, interpolation_duration: 1 }
$data merge entity $(bone_body_0) { transformation: [-0.9786113953638874f,-0.07568352807977338f,-0.19128967677672282f,0.17751530684480887f,-0.11541374413867872f,0.9717266303280718f,0.205978211408737f,0.5189294359065433f,0.17029211528381633f,0.22365008269314113f,-0.9596776729629144f,-0.1803993525874807f,0f,0f,0f,1f], start_interpolation: 0, interpolation_duration: 1 }
$data merge entity $(bone_leg_left_3) { transformation: [-0.6871515520745735f,0.2685470239692058f,-0.6750594347157794f,0.22838146822934968f,0.11027833134998494f,0.9569637139319519f,0.2684383352880678f,0.012201800640199711f,0.7180956998312744f,0.11001339070699018f,-0.6871940189997173f,-0.5938671316265622f,0f,0f,0f,1f], start_interpolation: 0, interpolation_duration: 1 }
$data merge entity $(bone_leg_left_2) { transformation: [-0.8759679014103108f,-0.22228639406556472f,-0.48510946621648093f,0.1602158195613364f,-0.2177081482438779f,1.0002074066791713f,-0.06519589951096627f,0.24299610189221604f,0.4871812777475466f,0.047287441653686126f,-0.9013770021332982f,-0.6099452819330551f,0f,0f,0f,1f], start_interpolation: 0, interpolation_duration: 1 }
$data merge entity $(bone_leg_left_1) { transformation: [-0.9234007400086348f,0.3805658851215137f,0.05000680386891833f,0.27934160737598324f,0.15688875777626785f,0.2553104226087596f,0.9540453373874621f,0.25863244057270574f,0.35030985003982584f,0.888811675884726f,-0.29546034213758604f,-0.3597894559965513f,0f,0f,0f,1f], start_interpolation: 0, interpolation_duration: 1 }
$data merge entity $(bone_leg_left_0) { transformation: [-0.9209033949669159f,-0.07538481485420251f,-0.38243178061950606f,0.1737967983843972f,0.1042929139718768f,0.8976966692047964f,-0.4280930718825861f,0.6580735034323509f,0.37557945262442566f,-0.43411728805475136f,-0.8188298083108141f,-0.41990941242484325f,0f,0f,0f,1f], start_interpolation: 0, interpolation_duration: 1 }
$data merge entity $(bone_leg_right_3) { transformation: [-0.9614866591866914f,0.004170893445645363f,0.2748199553414551f,-0.2744248737896464f,0.04509720108429022f,0.9887277271457642f,0.14277157990137387f,0.07153905647325218f,-0.2711266247722226f,0.14966658017418694f,-0.9508366148390508f,-0.14094332962577932f,0f,0f,0f,1f], start_interpolation: 0, interpolation_duration: 1 }
$data merge entity $(bone_leg_right_2) { transformation: [-0.9247595744276774f,0.2517561034971355f,-0.3653776037977344f,-0.22559804420695612f,0.3570225197023896f,0.9237020359785781f,-0.2671547653609809f,0.27804250404971376f,0.2634707752871111f,-0.3680429493709441f,-0.9204291050855787f,-0.2555877316607419f,0f,0f,0f,1f], start_interpolation: 0, interpolation_duration: 1 }
$data merge entity $(bone_leg_right_1) { transformation: [-0.91049683515148f,0.399004897068755f,-0.10858455366344803f,-0.12957507857473946f,-0.016762598263185095f,0.22675927148275085f,0.973806576326161f,0.2876650252296297f,0.4131761470348996f,0.8884679650453156f,-0.19977524023169294f,0.004605240606192745f,0f,0f,0f,1f], start_interpolation: 0, interpolation_duration: 1 }
$data merge entity $(bone_leg_right_0) { transformation: [-0.9164024969512237f,-0.08023501944342348f,-0.39213365736248096f,-0.02260055121713082f,0.039409689031700945f,0.9568545336188805f,-0.28788240290684586f,0.6822102535391635f,0.39831311802649266f,-0.2792700183476707f,-0.8737018466617228f,-0.0802345606621224f,0f,0f,0f,1f], start_interpolation: 0, interpolation_duration: 1 }
$data merge entity $(bone_tail_4) { transformation: [0.6104566646931594f,-1.9555116485811892f,1.8517500329134549f,-0.25544189925408395f,2.6271849358795016f,0.014767239036851698f,-0.8504954867246766f,0.34582661043385277f,0.5923709182763114f,1.9497224039628065f,1.8636900424335516f,0.5081387338433951f,0f,0f,0f,1f], start_interpolation: 0, interpolation_duration: 1 }
$data merge entity $(bone_tail_3) { transformation: [0.860672121095695f,-1.5253492515312872f,1.126276469995721f,-0.43149002807821346f,1.7106964227382286f,0.09124403059530264f,-1.1836966681358f,0.5456449284003184f,0.8177449328755937f,1.4145422276404858f,1.2908559319392023f,0.27541486403769433f,0f,0f,0f,1f], start_interpolation: 0, interpolation_duration: 1 }
$data merge entity $(bone_tail_2) { transformation: [0.8518021292072048f,-1.3494770148026f,1.1278824381114863f,-0.6408521610060247f,1.6667091647780037f,0.21927540823706623f,-0.9963798123156916f,0.7321543762545889f,0.561504735265748f,1.3962821909860148f,1.246548174124134f,0.04443173234589043f,0f,0f,0f,1f], start_interpolation: 0, interpolation_duration: 1 }
$data merge entity $(bone_tail_1) { transformation: [1.267953275234984f,-0.7394303364713044f,-0.3649568732423202f,-0.554490108658834f,0.6762688290881261f,1.3155164224327733f,-0.315805736352988f,0.7833853297689339f,0.47181692702217903f,0.10156559366050842f,1.4334327565532108f,-0.2657192991133331f,0f,0f,0f,1f], start_interpolation: 0, interpolation_duration: 1 }
$data merge entity $(bone_tail_0) { transformation: [0.5543976418844916f,0.08024324642713355f,-1.1489299337469525f,-0.21680966592476583f,-0.044027163608006174f,1.2756542630700902f,0.0678492929938619f,0.7943419991383509f,1.1508868667777803f,0.010145890693644535f,0.5560505349017155f,-0.42796535081270193f,0f,0f,0f,1f], start_interpolation: 0, interpolation_duration: 1 }
$data merge entity $(bone_body_1) { transformation: [-0.6176918530770011f,0.41950382963743144f,-0.9854328524146528f,-0.015966891386495614f,0.07591280600773226f,1.1518660197136086f,0.44277140102925694f,0.6138175f,1.0683157845799072f,0.16070409019345938f,-0.6012322137649975f,-0.29901184394434127f,0f,0f,0f,1f], start_interpolation: 0, interpolation_duration: 1 }