# This file was generated by Animated Java via MC-Build. It is not recommended to edit this file directly.
$data merge entity $(bone_head_lower) { transformation: [-0.37648715094918955f,0.07904388133358536f,0.9230436013503828f,0.21088311987847955f,0.2034705269556919f,0.9790807009652571f,-0.0008518554771107523f,0.26950549512942f,-0.903801510194874f,0.18749145532824396f,-0.3846944038433129f,0.43724824693876035f,0f,0f,0f,1f], start_interpolation: 0, interpolation_duration: 1 }
$data merge entity $(bone_head_upper) { transformation: [-0.3918853185533652f,-0.3493753834960308f,0.8987962400304287f,0.2648769804701234f,0.2117923867287935f,0.9153079374055693f,0.448137598544901f,0.3210176647465061f,-0.9407666153778819f,0.35159659229416723f,-0.2735140842097176f,0.42599587423130225f,0f,0f,0f,1f], start_interpolation: 0, interpolation_duration: 1 }
$data merge entity $(bone_neck_0) { transformation: [-0.7522122775266264f,0.20682456300674817f,0.6256199242953131f,0.3022166459509371f,0.2703196314982964f,0.9627470282891403f,0.006742132233554354f,0.305739087207487f,-0.6009192844008509f,0.17418886203628867f,-0.7800988744881459f,0.3729199785303157f,0f,0f,0f,1f], start_interpolation: 0, interpolation_duration: 1 }
$data merge entity $(bone_neck_1) { transformation: [-0.922464129358457f,0.018383961400509973f,0.38564486254865216f,0.33497052000980587f,0.1550643701542328f,0.9324026889948341f,0.3264663331246789f,0.3376905331316326f,-0.3535745623706762f,0.3609532594650272f,-0.8629587321106135f,0.3014789141343858f,0f,0f,0f,1f], start_interpolation: 0, interpolation_duration: 1 }
$data merge entity $(bone_neck_2) { transformation: [-0.9946246252177366f,0.10168363328139958f,0.019552330632714943f,0.33767899713780714f,0.09958150385936464f,0.8875795910900173f,0.44976215222002075f,0.38578302981626383f,0.028379200122351733f,0.44929156257732195f,-0.8929343272588662f,0.22765001526391326f,0f,0f,0f,1f], start_interpolation: 0, interpolation_duration: 1 }
$data merge entity $(bone_body_0) { transformation: [-0.9470116927594308f,0.004151002780270807f,-0.32117226367299495f,0.1863512571549489f,-0.06777010425591906f,0.9748241331679592f,0.2124267458736749f,0.495185376944821f,0.31396825754534413f,0.2229364899904347f,-0.9228885386029482f,-0.20518014340986507f,0f,0f,0f,1f], start_interpolation: 0, interpolation_duration: 1 }
$data merge entity $(bone_leg_left_3) { transformation: [-0.7001563483462082f,0.11773080502055039f,-0.7042162632456853f,0.34329480638042065f,0.07965282218778964f,0.9930344430115972f,0.08682178822258399f,0.030394063401945642f,0.709532603752656f,0.0046960134007542065f,-0.704656960279338f,-0.4881162204650529f,0f,0f,0f,1f], start_interpolation: 0, interpolation_duration: 1 }
$data merge entity $(bone_leg_left_2) { transformation: [-0.8620662646794378f,-0.4033198990866263f,-0.38240948445755063f,0.2361259666812512f,-0.3057893913219072f,0.9334951868122179f,-0.2951978723739287f,0.23839310456608043f,0.4641086111647937f,-0.1340969600694593f,-0.9048112520539909f,-0.5466167395939452f,0f,0f,0f,1f], start_interpolation: 0, interpolation_duration: 1 }
$data merge entity $(bone_leg_left_1) { transformation: [-0.9536597683887996f,0.292834494606658f,-0.06914481126653153f,0.33833985960927654f,0.04752005947994507f,0.3735027532896459f,0.9264111059524687f,0.289782367971185f,0.29711090539332896f,0.880195235191328f,-0.37011006179627054f,-0.2937830999038426f,0f,0f,0f,1f], start_interpolation: 0, interpolation_duration: 1 }
$data merge entity $(bone_leg_left_0) { transformation: [-0.942842365982157f,-0.2166332161464508f,-0.253215960340602f,0.16426639476107827f,0.002913195319514117f,0.7544755058323891f,-0.6563217384728247f,0.6397813971439974f,0.33322632879500785f,-0.619545608297731f,-0.7107203761232656f,-0.4404336606879218f,0f,0f,0f,1f], start_interpolation: 0, interpolation_duration: 1 }
$data merge entity $(bone_leg_right_3) { transformation: [-0.9319824540142183f,0.013458583034053465f,0.36225346368578837f,-0.19453603606018696f,0.02381415145179433f,0.9994249927067977f,0.02413648987837158f,0.05142046077302806f,-0.3617203223490025f,0.031121543916284883f,-0.931767062040723f,-0.16833054515023763f,0f,0f,0f,1f], start_interpolation: 0, interpolation_duration: 1 }
$data merge entity $(bone_leg_right_2) { transformation: [-0.9437277378976686f,0.17295229048707025f,-0.3626674253893224f,-0.16396507742321403f,0.26079310328354244f,0.9679623569620046f,-0.2170208107186851f,0.2699395768897681f,0.30565849162583925f,-0.2918879583342412f,-0.9345782502162029f,-0.2657260504140372f,0f,0f,0f,1f], start_interpolation: 0, interpolation_duration: 1 }
$data merge entity $(bone_leg_right_1) { transformation: [-0.9070085073131446f,0.3867758272113735f,-0.166553376268807f,-0.06812044671580608f,-0.12897043212146556f,0.12137101481008492f,0.9841929203171362f,0.24814586023706658f,0.40087678318902886f,0.9141518124736874f,-0.06020189740438836f,-0.006202975642663616f,0f,0f,0f,1f], start_interpolation: 0, interpolation_duration: 1 }
$data merge entity $(bone_leg_right_0) { transformation: [-0.919441848739402f,-0.19124954959074558f,-0.3435844824319155f,-0.008332635609191914f,-0.07381459916381719f,0.9421685125980472f,-0.3269096187313375f,0.6532671635614646f,0.38623579810389846f,-0.27521283336741453f,-0.8803861678905027f,-0.08750135078186336f,0f,0f,0f,1f], start_interpolation: 0, interpolation_duration: 1 }
$data merge entity $(bone_tail_4) { transformation: [0.5472252963022167f,-1.6218767827761216f,2.1669613536421735f,-0.18612595220145078f,2.640674627095342f,-0.16541212624103516f,-0.7906564828718583f,0.33956099643919113f,0.594174486579345f,2.2288597671419783f,1.5181574850831445f,0.5055933793671417f,0f,0f,0f,1f], start_interpolation: 0, interpolation_duration: 1 }
$data merge entity $(bone_tail_3) { transformation: [0.8138819752154787f,-1.3348208223615003f,1.3754253991598235f,-0.4062850025869359f,1.778938524181792f,-0.030093583609765467f,-1.0818584146975398f,0.5232986937791075f,0.7133858588770192f,1.597902773781976f,1.128597744078292f,0.2985881752191485f,0f,0f,0f,1f], start_interpolation: 0, interpolation_duration: 1 }
$data merge entity $(bone_tail_2) { transformation: [0.8103948242328838f,-1.2982223860951163f,1.2151760119837909f,-0.6318932424742896f,1.7085291986061066f,0.19828997104230825f,-0.9275682939262168f,0.6970421607278354f,0.49291183934828026f,1.4470914271836175f,1.2172666901730094f,0.07300977696987648f,0f,0f,0f,1f], start_interpolation: 0, interpolation_duration: 1 }
$data merge entity $(bone_tail_1) { transformation: [1.273112811593606f,-0.7542610641913207f,-0.3129381184854268f,-0.5565486847269265f,0.6930302386815179f,1.3045431103267076f,-0.3248578328625596f,0.7503391484412617f,0.43191330985425935f,0.1300529520775925f,1.443673568514241f,-0.23965506869934378f,0f,0f,0f,1f], start_interpolation: 0, interpolation_duration: 1 }
$data merge entity $(bone_tail_0) { transformation: [0.6118249754996189f,0.05950236840438846f,-1.1206986142996638f,-0.22761860402558828f,-0.05863250889105032f,1.2763695764583185f,0.03575821271793998f,0.7706908391196798f,1.120744460097867f,0.034291238384009846f,0.6136706630710478f,-0.41815639081523837f,0f,0f,0f,1f], start_interpolation: 0, interpolation_duration: 1 }
$data merge entity $(bone_body_1) { transformation: [-0.5428434504081326f,0.4153117804527048f,-1.0302629316938698f,-0.016071099762837857f,0.04241425897788248f,1.1536168432577487f,0.4426892867956421f,0.5900675f,1.110011988241839f,0.15902483776278942f,-0.5207581799551192f,-0.3077988599780094f,0f,0f,0f,1f], start_interpolation: 0, interpolation_duration: 1 }