# This file was generated by Animated Java via MC-Build. It is not recommended to edit this file directly.
$data merge entity $(bone_head_lower) { transformation: [-0.4052770351049747f,0.07687294568242775f,0.9109561323349369f,0.2124880600020495f,0.1914818751426834f,0.981493304093503f,0.002363368667822663f,0.26744430056540053f,-0.893915665098427f,0.17538940743877543f,-0.4124964720454132f,0.44065463178733605f,0f,0f,0f,1f], start_interpolation: 0, interpolation_duration: 1 }
$data merge entity $(bone_head_upper) { transformation: [-0.4218526969753369f,-0.3598833632181797f,0.8809064703570482f,0.2650033903650627f,0.1993134040519045f,0.9087975033045347f,0.46672605191503247f,0.3200878452761603f,-0.9304764433360924f,0.3578309732956652f,-0.29940361642839275f,0.427760688676453f,0f,0f,0f,1f], start_interpolation: 0, interpolation_duration: 1 }
$data merge entity $(bone_neck_0) { transformation: [-0.7568840239808269f,0.229567629615211f,0.6119029969492256f,0.3010884405482074f,0.26870758131923134f,0.9627900650047598f,-0.02883620068072107f,0.30250852834865566f,-0.5957539844467342f,0.14259731470467263f,-0.7904069811526573f,0.3745293724806349f,0f,0f,0f,1f], start_interpolation: 0, interpolation_duration: 1 }
$data merge entity $(bone_neck_1) { transformation: [-0.9228062265725235f,0.03901813745100077f,0.3832835153627598f,0.33373733657754184f,0.1610145967340314f,0.9428662109650141f,0.2916806607559963f,0.33156137539900044f,-0.35000423974226f,0.33087897057735804f,-0.8763652999703437f,0.3018140473361633f,0f,0f,0f,1f], start_interpolation: 0, interpolation_duration: 1 }
$data merge entity $(bone_neck_2) { transformation: [-0.9932451173951956f,0.1145517830350086f,0.018493938847744917f,0.3364790778759228f,0.11104464937165387f,0.8921381212165387f,0.43790256738017747f,0.3786595143637951f,0.03366337203148656f,0.4369982399000306f,-0.8988321955224707f,0.22734809165944964f,0f,0f,0f,1f], start_interpolation: 0, interpolation_duration: 1 }
$data merge entity $(bone_body_0) { transformation: [-0.9469827232373758f,0.017469277041468584f,-0.32080920536912905f,0.18544931912038867f,-0.05482108907196395f,0.9750915004983741f,0.21492141319280672f,0.489240135852888f,0.3165728511462842f,0.2211139751699963f,-0.9224371197548562f,-0.20528667673585183f,0f,0f,0f,1f], start_interpolation: 0, interpolation_duration: 1 }
$data merge entity $(bone_leg_left_3) { transformation: [-0.728291807798138f,0.08701289758132921f,-0.6797203824725438f,0.37110434030691586f,0.07718219562386422f,0.9960097715314195f,0.04480450527134683f,0.04115319605372872f,0.6809067126800851f,-0.019831557387953114f,-0.7321016035761494f,-0.4499907742648219f,0f,0f,0f,1f], start_interpolation: 0, interpolation_duration: 1 }
$data merge entity $(bone_leg_left_2) { transformation: [-0.8743108459589668f,-0.43233502146365044f,-0.317378596246242f,0.25916286745989636f,-0.3242673320846301f,0.9095929708762661f,-0.3457651286291026f,0.2419892443958508f,0.4271925110321181f,-0.194394588528612f,-0.9120194635914086f,-0.5228266198985241f,0f,0f,0f,1f], start_interpolation: 0, interpolation_duration: 1 }
$data merge entity $(bone_leg_left_1) { transformation: [-0.9680857131106866f,0.23788218025358893f,-0.07888041828472074f,0.34725157563108666f,0.02315866603978935f,0.3983055520321f,0.9169603935872379f,0.3011030558517315f,0.24954704618213963f,0.8858694912560223f,-0.39110294834425086f,-0.2663908141933629f,0f,0f,0f,1f], start_interpolation: 0, interpolation_duration: 1 }
$data merge entity $(bone_leg_left_0) { transformation: [-0.9572839253428791f,-0.21588136644864342f,-0.19236091572976977f,0.16684012909336962f,-0.018972527602781647f,0.7107267366120682f,-0.7032123072452032f,0.635197305646406f,0.2885264796799259f,-0.6695242650457313f,-0.6844630954540083f,-0.43999962957079486f,0f,0f,0f,1f], start_interpolation: 0, interpolation_duration: 1 }
$data merge entity $(bone_leg_right_3) { transformation: [-0.90939839748801f,0.02275083353105231f,0.4153034483602095f,-0.18029676703996506f,0.022492728756429325f,0.9997318018796083f,-0.005513752228819502f,0.04818843234358927f,-0.41531750721505656f,0.004327110374541587f,-0.9096662268747131f,-0.18177529985329602f,0f,0f,0f,1f], start_interpolation: 0, interpolation_duration: 1 }
$data merge entity $(bone_leg_right_2) { transformation: [-0.957024387960839f,0.16420006272226984f,-0.33046158589294167f,-0.1507500071584722f,0.23760519205842137f,0.9770039542598055f,-0.20265548492029156f,0.26929505779596735f,0.2823301136183599f,-0.26563849921161736f,-0.9496252388082032f,-0.2734809225139747f,0f,0f,0f,1f], start_interpolation: 0, interpolation_duration: 1 }
$data merge entity $(bone_leg_right_1) { transformation: [-0.9182135412021898f,0.3538911239830802f,-0.17789031766492047f,-0.06346100906614253f,-0.15490735394203964f,0.09249463979855041f,0.9835895756377312f,0.23917198156997121f,0.36453752131654404f,0.9307017857372619f,-0.030109493151854905f,-0.011781444580820047f,0f,0f,0f,1f], start_interpolation: 0, interpolation_duration: 1 }
$data merge entity $(bone_leg_right_0) { transformation: [-0.9315706227409315f,-0.20606365487131667f,-0.2995228622111299f,-0.011666307644688925f,-0.10007048645302427f,0.9373710646084173f,-0.333648595045652f,0.6460111653916502f,0.34951691316319394f,-0.280843830938045f,-0.8938482365798541f,-0.08992532454864435f,0f,0f,0f,1f], start_interpolation: 0, interpolation_duration: 1 }
$data merge entity $(bone_tail_4) { transformation: [0.5149826777319887f,-1.606389806160545f,2.186313327018677f,-0.19656735901740832f,2.6431063093775937f,-0.20485937582031005f,-0.7730996087612956f,0.3382607127243903f,0.6119176501493847f,2.236784692008152f,1.4993373078242456f,0.4974293399035314f,0f,0f,0f,1f], start_interpolation: 0, interpolation_duration: 1 }
$data merge entity $(bone_tail_3) { transformation: [0.777182418853665f,-1.3369103579555273f,1.3944904835316858f,-0.4199386954325961f,1.7945860968502558f,-0.056779917153714284f,-1.05460054430302f,0.5176376292604188f,0.7151180006551183f,1.5954285511559856f,1.1309993409988293f,0.29004112587755204f,0f,0f,0f,1f], start_interpolation: 0, interpolation_duration: 1 }
$data merge entity $(bone_tail_2) { transformation: [0.7830443638374499f,-1.3341523714553583f,1.1940070556764828f,-0.6416404463832217f,1.7181105571756716f,0.19329749538736277f,-0.9107722364023031f,0.688264642713969f,0.5036978385765447f,1.4147252040660736f,1.2504459042262894f,0.058295058220537654f,0f,0f,0f,1f], start_interpolation: 0, interpolation_duration: 1 }
$data merge entity $(bone_tail_1) { transformation: [1.2592609663178966f,-0.7615847895710639f,-0.3491513668913753f,-0.5584004429703224f,0.6966487420606637f,1.3019815883604664f,-0.32738467245069997f,0.7421332330581367f,0.46540154586487203f,0.11175330806895752f,1.4347713578275227f,-0.2522624305073643f,0f,0f,0f,1f], start_interpolation: 0, interpolation_duration: 1 }
$data merge entity $(bone_tail_0) { transformation: [0.5876716419754574f,0.053626681436829755f,-1.1338438767484569f,-0.22577080185026688f,-0.06262366583618456f,1.276375737003676f,0.027910052841024827f,0.7647784871257296f,1.1333825630735352f,0.04271853942287456f,0.5894529741162297f,-0.423483415253214f,0f,0f,0f,1f], start_interpolation: 0, interpolation_duration: 1 }
$data merge entity $(bone_body_1) { transformation: [-0.5614229108417967f,0.40897912498077793f,-1.0228122924408618f,-0.015528917561321128f,0.03401081062706323f,1.1538832821581608f,0.4427202626632876f,0.58413f,1.1010232399902666f,0.1728989344736328f,-0.5352180663201388f,-0.3106986822577864f,0f,0f,0f,1f], start_interpolation: 0, interpolation_duration: 1 }