# This file was generated by Animated Java via MC-Build. It is not recommended to edit this file directly.
$data merge entity $(bone_head_lower) { transformation: [-0.4115340008739853f,0.07181516328714244f,0.9085605915109298f,0.19564506802373738f,0.18164223498150997f,0.9833541647564675f,0.004548090481983458f,0.26530694367930396f,-0.8931102197352647f,0.16690467033055556f,-0.41772834046336393f,0.44861973617424195f,0f,0f,0f,1f], start_interpolation: 0, interpolation_duration: 1 }
$data merge entity $(bone_head_upper) { transformation: [-0.42836557003723097f,-0.37729596925189657f,0.8704152069997722f,0.2470441410825549f,0.18907132670798918f,0.901922994494177f,0.4840029834650248f,0.31898396982272176f,-0.9296380555931789f,0.3572878477816393f,-0.30263909530000466f,0.43549081219357827f,0f,0f,0f,1f], start_interpolation: 0, interpolation_duration: 1 }
$data merge entity $(bone_neck_0) { transformation: [-0.7464740569037488f,0.24951674826297404f,0.6168613091335275f,0.28312262970750945f,0.2680591974852472f,0.9612452232297823f,-0.06443514151060542f,0.2991280438207553f,-0.6090326337834646f,0.11725618599544355f,-0.7844298807621868f,0.38306161121320526f,0f,0f,0f,1f], start_interpolation: 0, interpolation_duration: 1 }
$data merge entity $(bone_neck_1) { transformation: [-0.9141300410573155f,0.05246707807424335f,0.4020117831045516f,0.31742001341142145f,0.16749614041299798f,0.9518839321542799f,0.25663597303039176f,0.3252536893735188f,-0.3692036172402694f,0.3019340746336158f,-0.8789337310581743f,0.30999536072743555f,0f,0f,0f,1f], start_interpolation: 0, interpolation_duration: 1 }
$data merge entity $(bone_neck_2) { transformation: [-0.9923071365193002f,0.11722001129902507f,0.039824813419810534f,0.32205662292622206f,0.1229752881144137f,0.8962215310147637f,0.4262206539560587f,0.3713683842420657f,0.014269734617126884f,0.4278392645569241f,-0.9037421857904759f,0.23500958098534902f,0f,0f,0f,1f], start_interpolation: 0, interpolation_duration: 1 }
$data merge entity $(bone_body_0) { transformation: [-0.9544445251154989f,0.025789683495779814f,-0.29727182964794513f,0.18219920335490836f,-0.04147811458303324f,0.9751185939612775f,0.21776889980348013f,0.4832912735917952f,0.2954914795517564f,0.22017860917030266f,-0.9296268958975665f,-0.20102261247470588f,0f,0f,0f,1f], start_interpolation: 0, interpolation_duration: 1 }
$data merge entity $(bone_leg_left_3) { transformation: [-0.7716552979355618f,0.06227503287144924f,-0.6329849298749847f,0.396341171168585f,0.07677668161499554f,0.9970381805660472f,0.0044952923970548175f,0.05378187761534764f,0.6313900872900753f,-0.045129666234145105f,-0.7741510646491581f,-0.4012536529420559f,0f,0f,0f,1f], start_interpolation: 0, interpolation_duration: 1 }
$data merge entity $(bone_leg_left_2) { transformation: [-0.8947380374130014f,-0.44689297235401965f,-0.2275801291141521f,0.28374974565857464f,-0.3412820904476028f,0.8836370591516377f,-0.3934136270317192f,0.24706869226949707f,0.36746779266588653f,-0.26745919026110854f,-0.9195081306866332f,-0.4914448401417587f,0f,0f,0f,1f], start_interpolation: 0, interpolation_duration: 1 }
$data merge entity $(bone_leg_left_1) { transformation: [-0.9842610240924325f,0.1603518022149552f,-0.07428011832874092f,0.35085403171021234f,0.0001993455560699933f,0.42133190160159517f,0.9069064940522438f,0.313428513676207f,0.1767206742683639f,0.8926179071804459f,-0.41473253437237734f,-0.2304720933727998f,0f,0f,0f,1f], start_interpolation: 0, interpolation_duration: 1 }
$data merge entity $(bone_leg_left_0) { transformation: [-0.9749968498063124f,-0.18893526215118084f,-0.11698123603224395f,0.1728265430551286f,-0.039323286143110536f,0.6648076575468718f,-0.7459788587044195f,0.6306086080710417f,0.218711732732092f,-0.7227269506410468f,-0.6556149272114082f,-0.4354361867338099f,0f,0f,0f,1f], start_interpolation: 0, interpolation_duration: 1 }
$data merge entity $(bone_leg_right_3) { transformation: [-0.8718847954796516f,0.03714352739701424f,0.4883003806919604f,-0.16880742020429212f,0.022783107014102688f,0.9991163457227364f,-0.035319367837346044f,0.04556943342603437f,-0.48918077787888414f,-0.019669419975002905f,-0.8719605957104121f,-0.19850681914365884f,0f,0f,0f,1f], start_interpolation: 0, interpolation_duration: 1 }
$data merge entity $(bone_leg_right_2) { transformation: [-0.9752966879875005f,0.160497795126854f,-0.2740420180569488f,-0.13835168891750366f,0.21484260994893048f,0.9852505656860042f,-0.18757978373597575f,0.26909955209658354f,0.23388292552394335f,-0.2357625501972736f,-0.9704519547991719f,-0.28381688036115404f,0f,0f,0f,1f], start_interpolation: 0, interpolation_duration: 1 }
$data merge entity $(bone_leg_right_1) { transformation: [-0.9355090771135391f,0.2975739500021023f,-0.19045343503943662f,-0.06604045785764906f,-0.17989913184183165f,0.06273254813053009f,0.9816827032028252f,0.23049445211619113f,0.3040708289210422f,0.9526354873114885f,-0.005153572942449891f,-0.018686501532401464f,0f,0f,0f,1f], start_interpolation: 0, interpolation_duration: 1 }
$data merge entity $(bone_leg_right_0) { transformation: [-0.9493069783554469f,-0.21209184954904015f,-0.23202005990973837f,-0.02004546574854434f,-0.12539534890124898f,0.9323223475951633f,-0.33919175498319176f,0.6387472576280353f,0.2882572936103876f,-0.2929028636417045f,-0.9116554421221341f,-0.09299253128130433f,0f,0f,0f,1f], start_interpolation: 0, interpolation_duration: 1 }
$data merge entity $(bone_tail_4) { transformation: [0.46813182754571225f,-1.6448968899848002f,2.168139327847047f,-0.22648749687141545f,2.6452662492900534f,-0.24201201310892806f,-0.754756906214112f,0.33704140387653575f,0.639593928993736f,2.204859573403553f,1.5346580072332257f,0.48352330054257714f,0f,0f,0f,1f], start_interpolation: 0, interpolation_duration: 1 }
$data merge entity $(bone_tail_3) { transformation: [0.7230149546695476f,-1.377311276529659f,1.3842718479088125f,-0.4477307756001769f,1.8096848782842627f,-0.08197565679802765f,-1.0267746388795593f,0.5119466352274875f,0.7336453793747414f,1.5595637740346557f,1.1685336187227633f,0.2701216250613774f,0f,0f,0f,1f], start_interpolation: 0, interpolation_duration: 1 }
$data merge entity $(bone_tail_2) { transformation: [0.7428906034738955f,-1.403006158134901f,1.1395003933779546f,-0.6593459325340995f,1.7273567708465185f,0.18841527297374394f,-0.8941544308024727f,0.6794901102430791f,0.5320958677566056f,1.3471626776854204f,1.31179288851959f,0.026976209096626458f,0f,0f,0f,1f], start_interpolation: 0, interpolation_duration: 1 }
$data merge entity $(bone_tail_1) { transformation: [1.2319077591616803f,-0.7703508991727455f,-0.4202606513355614f,-0.5606707153573642f,0.7000366721429534f,1.2994994208198924f,-0.3300093376615029f,0.733950604457915f,0.5291579920706733f,0.0742764931354948f,1.414966809503045f,-0.2789223575620424f,0f,0f,0f,1f], start_interpolation: 0, interpolation_duration: 1 }
$data merge entity $(bone_tail_0) { transformation: [0.5347976504212454f,0.04627027310249277f,-1.1600371767814013f,-0.22056430641614772f,-0.06674912258374223f,1.2763129818854442f,0.02013562735587478f,0.7588662119539371f,1.1590391470188761f,0.05215314642219418f,0.536417767770652f,-0.43441754848766373f,0f,0f,0f,1f], start_interpolation: 0, interpolation_duration: 1 }
$data merge entity $(bone_body_1) { transformation: [-0.6066042579817864f,0.39760026600027215f,-1.0012741371528224f,-0.014563294627827326f,0.025596972345112344f,1.154080928204669f,0.442771500005662f,0.5781925f,1.0770239849981893f,0.19650912112930832f,-0.5744633113679732f,-0.3140991593777472f,0f,0f,0f,1f], start_interpolation: 0, interpolation_duration: 1 }