# This file was generated by Animated Java via MC-Build. It is not recommended to edit this file directly.
$data merge entity $(bone_head_lower) { transformation: [-0.48890538713728815f,0.03170720443198072f,0.8717603888771543f,0.21098287460365256f,0.14554403183610196f,0.9882966986149468f,0.04567899192942915f,0.2651868326546266f,-0.8601095611752203f,0.14921222702548773f,-0.487798374414126f,0.45740401514344975f,0f,0f,0f,1f], start_interpolation: 0, interpolation_duration: 1 }
$data merge entity $(bone_head_upper) { transformation: [-0.5089014137606254f,-0.4219392268428838f,0.8040264812225862f,0.2567778306323653f,0.15149672209485193f,0.8693187650951738f,0.5520919945366213f,0.3228139522544987f,-0.895287683848303f,0.3869420061044533f,-0.36360389113004393f,0.4407488783758584f,0f,0f,0f,1f], start_interpolation: 0, interpolation_duration: 1 }
$data merge entity $(bone_neck_0) { transformation: [-0.7719667891078305f,0.19867224747802947f,0.6038183622552196f,0.2928464767769151f,0.2051910058612475f,0.9769355765872906f,-0.05910609369352576f,0.3030682429063629f,-0.6016343803575359f,0.07827015574334198f,-0.7949275785200286f,0.38827130238444013f,0f,0f,0f,1f], start_interpolation: 0, interpolation_duration: 1 }
$data merge entity $(bone_neck_1) { transformation: [-0.9240681560618655f,-0.0034816087801459905f,0.3822118801826106f,0.3252088002228606f,0.09709278662155646f,0.9650212316776626f,0.2435303126869184f,0.32814418891298397f,-0.3696904566505405f,0.2621486235165642f,-0.891407351018537f,0.31396508597165085f,0f,0f,0f,1f], start_interpolation: 0, interpolation_duration: 1 }
$data merge entity $(bone_neck_2) { transformation: [-0.9987415933157333f,0.04972053500813112f,0.0065649203845867254f,0.32627073159851727f,0.047803923052038025f,0.9042038568652192f,0.4244174480047884f,0.3741790613751846f,0.015166236249827214f,0.42419718720020716f,-0.9054428373174348f,0.23879465818729567f,0f,0f,0f,1f], start_interpolation: 0, interpolation_duration: 1 }
$data merge entity $(bone_body_0) { transformation: [-0.9506644767442634f,-0.04571564591524693f,-0.3068340469620474f,0.18122549722108028f,-0.1155054396177104f,0.9701282620905299f,0.21332990533895546f,0.48396233013102913f,0.2879158663138861f,0.23824616431699372f,-0.9275468824339632f,-0.1960851166801973f,0f,0f,0f,1f], start_interpolation: 0, interpolation_duration: 1 }
$data merge entity $(bone_leg_left_3) { transformation: [-0.7763895161922056f,0.05019475231708172f,-0.6282513875724107f,0.3979825677650336f,0.0480603037147764f,0.9986362088024276f,0.020394354011776528f,0.05620103327026729f,0.6284182734084649f,-0.014359989851704169f,-0.7777430580453824f,-0.41939289505863453f,0f,0f,0f,1f], start_interpolation: 0, interpolation_duration: 1 }
$data merge entity $(bone_leg_left_2) { transformation: [-0.9030291355986738f,-0.4328638559301664f,-0.22187713264298844f,0.2888246944298211f,-0.3471108009415426f,0.9012268186853273f,-0.34549459135092003f,0.2550598656359067f,0.340756029484919f,-0.2290879809424463f,-0.9399288403161598f,-0.5013123405226014f,0f,0f,0f,1f], start_interpolation: 0, interpolation_duration: 1 }
$data merge entity $(bone_leg_left_1) { transformation: [-0.9861420366293157f,0.15531065605497904f,-0.05833081268384024f,0.3537510287844063f,0.004325424464420108f,0.3755449648735453f,0.9267940818009849f,0.30784387065937996f,0.16584683987278084f,0.9136982978390077f,-0.3710124610175683f,-0.23671489990624883f,0f,0f,0f,1f], start_interpolation: 0, interpolation_duration: 1 }
$data merge entity $(bone_leg_left_0) { transformation: [-0.9770029836906331f,-0.17990765843816225f,-0.11444826034019936f,0.17882860622051072f,-0.044883120255605036f,0.6982413289600973f,-0.7144540237469155f,0.634938319263282f,0.20844825587114268f,-0.692886917878621f,-0.6902586787987122f,-0.42833600088769175f,0f,0f,0f,1f], start_interpolation: 0, interpolation_duration: 1 }
$data merge entity $(bone_leg_right_3) { transformation: [-0.882814524595102f,0.013981873733152198f,0.4695136019018343f,-0.16271508242584642f,0.019613432269649192f,0.99978238794309f,0.007105633920817214f,0.041630663516994265f,-0.46931208000490243f,0.01548173006233347f,-0.8828966460440026f,-0.2099684297956135f,0f,0f,0f,1f], start_interpolation: 0, interpolation_duration: 1 }
$data merge entity $(bone_leg_right_2) { transformation: [-0.979121317295749f,0.1539449161269801f,-0.2639784239599681f,-0.1334698741389535f,0.2035563678132136f,0.9894134035008229f,-0.17801157714121935f,0.2664443433100267f,0.22792202754543786f,-0.22231571980467255f,-0.9750330607666599f,-0.2922763834585966f,0f,0f,0f,1f], start_interpolation: 0, interpolation_duration: 1 }
$data merge entity $(bone_leg_right_1) { transformation: [-0.937579875418633f,0.2770349790323299f,-0.2102274901209099f,-0.0657309391624234f,-0.20291249031249797f,0.05515760721217294f,0.9776421429346264f,0.22553733934625225f,0.28243671589430625f,0.9592753821292321f,0.00449919500074164f,-0.026284956200651313f,0f,0f,0f,1f], start_interpolation: 0, interpolation_duration: 1 }
$data merge entity $(bone_leg_right_0) { transformation: [-0.9521290176898276f,-0.22451337318881875f,-0.2074706700533408f,-0.026283380314431695f,-0.14842732057420144f,0.9328386302469229f,-0.32830080783666665f,0.6357843199414714f,0.2672445774569938f,-0.2817904100185507f,-0.9215066470956191f,-0.09298265914380505f,0f,0f,0f,1f], start_interpolation: 0, interpolation_duration: 1 }
$data merge entity $(bone_tail_4) { transformation: [0.3994282012059995f,-1.6148104347190773f,2.204201829144446f,-0.2479372565920702f,2.647331079302582f,-0.32288118288519846f,-0.7162731531317329f,0.34347771278093453f,0.6765771206891048f,2.216708445705261f,1.5013688414573554f,0.4689944981892644f,0f,0f,0f,1f], start_interpolation: 0, interpolation_duration: 1 }
$data merge entity $(bone_tail_3) { transformation: [0.6451104672289913f,-1.382188783318171f,1.417509145785476f,-0.47476862255229013f,1.8370658179047632f,-0.13800074226124226f,-0.9706134667650618f,0.5094083341729123f,0.7382189321616848f,1.5512754392593282f,1.1766574887337784f,0.2542964224273737f,0f,0f,0f,1f], start_interpolation: 0, interpolation_duration: 1 }
$data merge entity $(bone_tail_2) { transformation: [0.6822271921564498f,-1.4729625432528974f,1.0879895585248316f,-0.6768695313736193f,1.744508332366816f,0.1697468349985293f,-0.8640894428897437f,0.6713710340291433f,0.5568039256218047f,1.2729262481325117f,1.374191409604284f,-0.00044813684330780035f,0f,0f,0f,1f], start_interpolation: 0, interpolation_duration: 1 }
$data merge entity $(bone_tail_1) { transformation: [1.1950839505425357f,-0.7845905893218496f,-0.4938098908519742f,-0.5621580925099556f,0.7069815004702948f,1.2924727426967602f,-0.3425603850107087f,0.7286116325884321f,0.5996730435399078f,0.03985055248685538f,1.3879698931598177f,-0.3001838148484969f,0f,0f,0f,1f], start_interpolation: 0, interpolation_duration: 1 }
$data merge entity $(bone_tail_0) { transformation: [0.4818310594838623f,0.02940377296720881f,-1.183558179742753f,-0.2155853185177585f,-0.0788846195380554f,1.2757792746092376f,-0.00041935890488299806f,0.7595210055048858f,1.1812924123607254f,0.07320093713093925f,0.4827272272061699f,-0.4394814612537621f,0f,0f,0f,1f], start_interpolation: 0, interpolation_duration: 1 }
$data merge entity $(bone_body_1) { transformation: [-0.64510037079486f,0.378940941913298f,-0.984303748442749f,-0.012272846494203935f,0.002660767712372252f,1.1543967292680528f,0.4426801405378981f,0.578847261904762f,1.0547241473351052f,0.2288592341447793f,-0.6031459351028989f,-0.3146737735890219f,0f,0f,0f,1f], start_interpolation: 0, interpolation_duration: 1 }