# This file was generated by Animated Java via MC-Build. It is not recommended to edit this file directly.
$data merge entity $(bone_head_lower) { transformation: [-0.5492995701551641f,-0.012904019272689249f,0.835525863462025f,0.21845778717609582f,0.09920261232953026f,0.9918027726140888f,0.0805363392637306f,0.26916860732230746f,-0.8297161104464277f,0.12712492486375696f,-0.5435167242542178f,0.46766623308599764f,0f,0f,0f,1f], start_interpolation: 0, interpolation_duration: 1 }
$data merge entity $(bone_head_upper) { transformation: [-0.5717656936996894f,-0.46703356387975176f,0.7337817007130923f,0.25837815680940396f,0.10325995783938625f,0.8354661417365222f,0.6122137287764823f,0.3301652351081772f,-0.8636511536486406f,0.40908179965035635f,-0.41259024295262337f,0.44814107037504997f,0f,0f,0f,1f], start_interpolation: 0, interpolation_duration: 1 }
$data merge entity $(bone_neck_0) { transformation: [-0.7849603465292081f,0.14252536798360066f,0.6029293274156475f,0.2953048839671221f,0.1358753248875904f,0.9890899688331604f,-0.05691159495488857f,0.3103865352169455f,-0.6044626956756202f,0.037249872949538104f,-0.7957620853633364f,0.3962762836086039f,0f,0f,0f,1f], start_interpolation: 0, interpolation_duration: 1 }
$data merge entity $(bone_neck_1) { transformation: [-0.9240190845906777f,-0.06742356512552962f,0.3763546122714185f,0.3268764473442096f,0.021182649443343665f,0.9737899202577067f,0.22646078372877138f,0.33405686433544607f,-0.38175912127251993f,0.21722627389487764f,-0.8983722609558806f,0.3211730962602653f,0f,0f,0f,1f], start_interpolation: 0, interpolation_duration: 1 }
$data merge entity $(bone_neck_2) { transformation: [-0.9995012284905693f,-0.026926999243658323f,-0.016499422946723297f,0.3251673419964346f,-0.03135291724494236f,0.9086462179981049f,0.4163880943278424f,0.37943179868736027f,0.0037800563586572467f,0.4166977168517634f,-0.9090372511313565f,0.24561434636582677f,0f,0f,0f,1f], start_interpolation: 0, interpolation_duration: 1 }
$data merge entity $(bone_body_0) { transformation: [-0.9438205945786704f,-0.12303219230721121f,-0.3067014263175941f,0.1794480744813346f,-0.19136988139469382f,0.9601367557126548f,0.20375224863681568f,0.4846059721680667f,0.26940722659970734f,0.2509989840331218f,-0.9297414997031135f,-0.19017825684198117f,0f,0f,0f,1f], start_interpolation: 0, interpolation_duration: 1 }
$data merge entity $(bone_leg_left_3) { transformation: [-0.784948680858943f,0.03757810717814877f,-0.6184201276468231f,0.4005347242989835f,0.01921472202580321f,0.9991553062623083f,0.03632448795706769f,0.05987358703301521f,0.6192627575393799f,0.016630088056881265f,-0.7850076925074958f,-0.4351537808076875f,0f,0f,0f,1f], start_interpolation: 0, interpolation_duration: 1 }
$data merge entity $(bone_leg_left_2) { transformation: [-0.9127535259344173f,-0.4181552373277583f,-0.209974755364423f,0.2951581591662768f,-0.3517468820575701f,0.9167215286922965f,-0.29657708828486834f,0.26384879144113127f,0.3085730567592727f,-0.1919115312536449f,-0.9591740365099618f,-0.5090521405561641f,0f,0f,0f,1f], start_interpolation: 0, interpolation_duration: 1 }
$data merge entity $(bone_leg_left_1) { transformation: [-0.9886955751680152f,0.14422574028102383f,-0.04098774796909561f,0.35620411250867867f,0.008799505918147685f,0.32871003247316194f,0.9443899000132779f,0.30288688858094426f,0.1496784164092606f,0.9333534434456665f,-0.32626326987470194f,-0.2411663361319927f,0f,0f,0f,1f], start_interpolation: 0, interpolation_duration: 1 }
$data merge entity $(bone_leg_left_0) { transformation: [-0.9800815412561324f,-0.16727582351321163f,-0.10704658498513939f,0.18528085503155403f,-0.05021799062193477f,0.7302457568384257f,-0.6813363985854344f,0.6392310186543433f,0.19214142163234665f,-0.6623895632386212f,-0.724100642594418f,-0.41995432449538916f,0f,0f,0f,1f], start_interpolation: 0, interpolation_duration: 1 }
$data merge entity $(bone_leg_right_3) { transformation: [-0.8904091324375921f,-0.009558825474081899f,0.45506066159061775f,-0.1564688248582236f,0.014128415957784315f,0.9987172496425208f,0.04862348330799367f,0.037890610391514035f,-0.4549417157551707f,0.0497240799013412f,-0.8891319087422894f,-0.22217959249414232f,0f,0f,0f,1f], start_interpolation: 0, interpolation_duration: 1 }
$data merge entity $(bone_leg_right_2) { transformation: [-0.984317378343028f,0.1479108034064766f,-0.24759622862283934f,-0.12811581521512672f,0.19184184762436526f,0.9932763412391776f,-0.1692956435803268f,0.2638922704017226f,0.21535599293419402f,-0.2087742888165538f,-0.9808655831137946f,-0.3014918146469997f,0f,0f,0f,1f], start_interpolation: 0, interpolation_duration: 1 }
$data merge entity $(bone_leg_right_1) { transformation: [-0.9402792065517132f,0.2502883639813152f,-0.23071789826980837f,-0.06661012417364716f,-0.22598964765696614f,0.04788128843486794f,0.9729522400250168f,0.22079765686256753f,0.25456569462196066f,0.9669866168015843f,0.011540799290564646f,-0.034334014998203f,0f,0f,0f,1f], start_interpolation: 0, interpolation_duration: 1 }
$data merge entity $(bone_leg_right_0) { transformation: [-0.9555307832009483f,-0.23599114035255675f,-0.17683072139897596f,-0.03376785065080721f,-0.17156720309810755f,0.9326006991852768f,-0.3175226459643876f,0.6327644125532035f,0.239844985723019f,-0.27306431029014566f,-0.9316170164124805f,-0.09359661568393021f,0f,0f,0f,1f], start_interpolation: 0, interpolation_duration: 1 }
$data merge entity $(bone_tail_4) { transformation: [0.33071964171318496f,-1.5954442327307208f,2.2295388649744114f,-0.27439838954457996f,2.6484366018206194f,-0.39448590585847254f,-0.6751487005215004f,0.35011039218846207f,0.7085685685393845f,2.21914395700804f,1.482899866259602f,0.4515306534022817f,0f,0f,0f,1f], start_interpolation: 0, interpolation_duration: 1 }
$data merge entity $(bone_tail_3) { transformation: [0.5646513534417664f,-1.3945636627923248f,1.4395508207493348f,-0.5048461111370776f,1.8621891473384873f,-0.18804718814419016f,-0.9125981375229001f,0.5066935014094658f,0.7411922521421712f,1.534853729674187f,1.1961620291223496f,0.23368602768414376f,0f,0f,0f,1f], start_interpolation: 0, interpolation_duration: 1 }
$data merge entity $(bone_tail_2) { transformation: [0.6183827243022124f,-1.5463951056172194f,1.0222714212040076f,-0.6947948447304917f,1.7601372429928352f,0.1516827407108778f,-0.835274270526032f,0.6633067819758713f,0.5816300947483136f,1.185085819042791f,1.440851105905645f,-0.03345296783247331f,0f,0f,0f,1f], start_interpolation: 0, interpolation_duration: 1 }
$data merge entity $(bone_tail_1) { transformation: [1.1504692714420945f,-0.7963231000958604f,-0.5744094582449145f,-0.5625532367806122f,0.7125347625838444f,1.2858949212619588f,-0.35556253118443887f,0.7234203989676687f,0.6755523055819451f,-0.00014739884468541328f,1.353249906963418f,-0.325300851459924f,0f,0f,0f,1f], start_interpolation: 0, interpolation_duration: 1 }
$data merge entity $(bone_tail_0) { transformation: [0.42051812472986877f,0.010854913966764603f,-1.2070138334751914f,-0.20957379261725614f,-0.09178289927860274f,1.2747512882952725f,-0.02051265398686893f,0.7601766925777537f,1.2035680798183859f,0.09341862992115246f,0.4201577720451763f,-0.44582635987602115f,0f,0f,0f,1f], start_interpolation: 0, interpolation_duration: 1 }
$data merge entity $(bone_body_1) { transformation: [-0.6889329270561787f,0.3570811717689215f,-0.9625326248196423f,-0.00985039122424988f,-0.020338206772323127f,1.1541968883256555f,0.4427420189917723f,0.5795020238095239f,1.0264318654539826f,0.26253985374369077f,-0.6372715636470445f,-0.3153535703429933f,0f,0f,0f,1f], start_interpolation: 0, interpolation_duration: 1 }