# This file was generated by Animated Java via MC-Build. It is not recommended to edit this file directly.
$data merge entity $(bone_head_lower) { transformation: [-0.618842423789302f,-0.10830138048196075f,0.7780134095915592f,0.2233329020044951f,-0.01757693221731004f,0.9921111021934548f,0.12412337555156983f,0.31629556397277914f,-0.7853184742334856f,0.06313772161069431f,-0.6158640451734461f,0.4949223442826541f,0f,0f,0f,1f], start_interpolation: 0, interpolation_duration: 1 }
$data merge entity $(bone_head_upper) { transformation: [-0.6441528210712746f,-0.5284419869512288f,0.6239296050969715f,0.25427897663161814f,-0.018295821421276268f,0.8034102672719867f,0.66156567923675f,0.3799368446264602f,-0.8174376726136042f,0.398438140057524f,-0.5064727460812296f,0.468700514565245f,0f,0f,0f,1f], start_interpolation: 0, interpolation_duration: 1 }
$data merge entity $(bone_neck_0) { transformation: [-0.7869230033991346f,0.05595316591925589f,0.614509096714522f,0.29336033673015327f,-0.002162647991472366f,0.995624026106297f,-0.09342441647424188f,0.35773570075333294f,-0.6170474128257492f,-0.07484678926647298f,-0.7833584418780137f,0.41946137608912804f,0f,0f,0f,1f], start_interpolation: 0, interpolation_duration: 1 }
$data merge entity $(bone_neck_1) { transformation: [-0.9079002432137f,-0.1679322817242927f,0.3840779831328232f,0.3251231398946634f,-0.11577975879024408f,0.9810638364234167f,0.15527007540617885f,0.3754087525213991f,-0.4028798776645186f,0.09650128298131777f,-0.9101512547681192f,0.34280418842308413f,0f,0f,0f,1f], start_interpolation: 0, interpolation_duration: 1 }
$data merge entity $(bone_neck_2) { transformation: [-0.9879806877668471f,-0.14898078403868278f,-0.04121755192835869f,0.32005355822537096f,-0.1538795824814401f,0.9226044616754974f,0.35372599761934853f,0.4154306771654279f,-0.014670879151750804f,0.35581699409062106f,-0.9344404914285496f,0.2644238638280259f,0f,0f,0f,1f], start_interpolation: 0, interpolation_duration: 1 }
$data merge entity $(bone_body_0) { transformation: [-0.92282922474363f,-0.24261937470561057f,-0.2992023746171296f,0.17672934825893324f,-0.29428507267231485f,0.9452315172970035f,0.14118666619286302f,0.4909759352337766f,0.24856089386973346f,0.21834197426482865f,-0.943686528627391f,-0.1782520780572408f,0f,0f,0f,1f], start_interpolation: 0, interpolation_duration: 1 }
$data merge entity $(bone_leg_left_3) { transformation: [-0.7960255862157735f,0.019446840267690273f,-0.6049504826789025f,0.40356061076155403f,0.0034929785735957203f,0.9996146673309497f,0.02753753724498073f,0.061204505995992475f,0.6052528935829374f,0.019807505154290694f,-0.7957867789483839f,-0.43781741384239603f,0f,0f,0f,1f], start_interpolation: 0, interpolation_duration: 1 }
$data merge entity $(bone_leg_left_2) { transformation: [-0.9258627611903878f,-0.3963330151658266f,-0.19432058056513205f,0.30373422066587513f,-0.34296209176720377f,0.9301746126019845f,-0.26308628467121986f,0.2693642491047734f,0.2778801010368852f,-0.17250371202094908f,-0.9721560154046357f,-0.5076406567874732f,0f,0f,0f,1f], start_interpolation: 0, interpolation_duration: 1 }
$data merge entity $(bone_leg_left_1) { transformation: [-0.9914164071076119f,0.12978009217498337f,-0.015831468437470395f,0.359575735182657f,0.023672535483832274f,0.29727555217655216f,0.9544982227023227f,0.2990302670668459f,0.12858117584467982f,0.945930427543791f,-0.29779608369691607f,-0.23742770688589698f,0f,0f,0f,1f], start_interpolation: 0, interpolation_duration: 1 }
$data merge entity $(bone_leg_left_0) { transformation: [-0.9838392253630036f,-0.14995526293244887f,-0.0978457855811129f,0.1942671630631956f,-0.0483740446156283f,0.7487410325509782f,-0.661095165601761f,0.6412028865832261f,0.17239585390794698f,-0.6456781592197112f,-0.7438947400418925f,-0.41033881989363963f,0f,0f,0f,1f], start_interpolation: 0, interpolation_duration: 1 }
$data merge entity $(bone_leg_right_3) { transformation: [-0.9021492024552633f,-0.04319851713611269f,0.4292559896222454f,-0.14647668503147854f,-0.014824236278276073f,0.9974907287057291f,0.06922779907580107f,0.03676004164341817f,-0.4311694081542641f,0.05609041150994168f,-0.9005258503832898f,-0.21620795590981515f,0f,0f,0f,1f], start_interpolation: 0, interpolation_duration: 1 }
$data merge entity $(bone_leg_right_2) { transformation: [-0.9909776087740501f,0.1388678012847683f,-0.22525832321025105f,-0.11953091218455492f,0.1839755140337654f,0.9891325588909806f,-0.19957953471858547f,0.26087208778214277f,0.19020669979044239f,-0.23322674419716405f,-0.9805554021301977f,-0.3011714078595318f,0f,0f,0f,1f], start_interpolation: 0, interpolation_duration: 1 }
$data merge entity $(bone_leg_right_1) { transformation: [-0.9418606184373194f,0.21216471328938202f,-0.26054694370056364f,-0.06683169976734687f,-0.2492357337848955f,0.0789038797330966f,0.9652231486903792f,0.2261523045289935f,0.22534445731274386f,0.974043280454159f,-0.021437428962577276f,-0.030929450863165328f,0f,0f,0f,1f], start_interpolation: 0, interpolation_duration: 1 }
$data merge entity $(bone_leg_right_0) { transformation: [-0.9581676281767291f,-0.2533444385664077f,-0.1331592721580181f,-0.04405142322264148f,-0.19560970339546388f,0.9193026884546851f,-0.34149584322144644f,0.6376449538592956f,0.20892974956123433f,-0.3011630164005197f,-0.9304027070579814f,-0.09772868073992955f,0f,0f,0f,1f], start_interpolation: 0, interpolation_duration: 1 }
$data merge entity $(bone_tail_4) { transformation: [0.21652198724927593f,-1.588341153247748f,2.24854440506236f,-0.31255274007511524f,2.685668841766649f,-0.37376123768517594f,-0.52263442401724f,0.39277051596872414f,0.6049482895268083f,2.2278097427077705f,1.515441403979359f,0.43161989475049833f,0f,0f,0f,1f], start_interpolation: 0, interpolation_duration: 1 }
$data merge entity $(bone_tail_3) { transformation: [0.45479991434786243f,-1.406780970254761f,1.4663116536680383f,-0.5474185540625063f,1.9246449065406344f,-0.18375491114470624f,-0.7732539313846633f,0.5256839938720913f,0.6518010031296466f,1.5241873114560824f,1.2601404754867263f,0.20303126807271038f,0f,0f,0f,1f], start_interpolation: 0, interpolation_duration: 1 }
$data merge entity $(bone_tail_2) { transformation: [0.5289280479210381f,-1.643751446669016f,0.9149263230986063f,-0.7175013814098876f,1.8042749356110286f,0.17421303908122146f,-0.7300792071704816f,0.6627797404665037f,0.5325419719149229f,1.0423554449372725f,1.5648220504457895f,-0.08722391633642679f,0f,0f,0f,1f], start_interpolation: 0, interpolation_duration: 1 }
$data merge entity $(bone_tail_1) { transformation: [1.078859423275664f,-0.8057232775555683f,-0.6888603594447974f,-0.5604478949580571f,0.7487896308088584f,1.2749547587610017f,-0.31852896556798377f,0.7150232426244328f,0.7503550383667964f,-0.11382711943025386f,1.308306903321914f,-0.3680824142930087f,0f,0f,0f,1f], start_interpolation: 0, interpolation_duration: 1 }
$data merge entity $(bone_tail_0) { transformation: [0.32963633726673414f,-0.016369276817850945f,-1.2348715109329638f,-0.1999847581881483f,-0.06040703339046785f,1.2763599736360973f,-0.033044282419980905f,0.7554803897677119f,1.2335017600532086f,0.06688034883393715f,0.32838414010045597f,-0.46242995043363266f,0f,0f,0f,1f], start_interpolation: 0, interpolation_duration: 1 }
$data merge entity $(bone_body_1) { transformation: [-0.7495388786267234f,0.32392989650330134f,-0.9283671076867194f,-0.005971387298906486f,-0.011190100384892545f,1.1644609313591325f,0.41534337125786397f,0.5804841666666667f,0.9831942057074075f,0.2602013769099471f,-0.7030142191832237f,-0.316515401386617f,0f,0f,0f,1f], start_interpolation: 0, interpolation_duration: 1 }