# This file was generated by Animated Java via MC-Build. It is not recommended to edit this file directly.
$data merge entity $(bone_head_lower) { transformation: [-0.97791708475501f,0.01100074477595428f,0.20870351927707642f,0.11061011543421728f,0.14124865276595458f,0.7708041176906626f,0.6212164117623764f,0.492580275177629f,-0.15403568883887103f,0.6369772333180314f,-0.7553363560682358f,0.7591960365848719f,0f,0f,0f,1f], start_interpolation: 0, interpolation_duration: 1 }
$data merge entity $(bone_head_upper) { transformation: [-1.0179134860560382f,-0.06050749642756771f,0.20895674280773816f,0.12334037348563023f,0.14702566381047683f,0.545556840936074f,0.8741985644419964f,0.5651411967387624f,-0.16033568433084386f,0.8844085700440867f,-0.5249627531037233f,0.7428158752932256f,0f,0f,0f,1f], start_interpolation: 0, interpolation_duration: 1 }
$data merge entity $(bone_neck_0) { transformation: [-0.9941390566148723f,-0.012317114453143246f,0.10740495707573244f,0.13080654043927442f,0.01955697938483928f,0.95660762186039f,0.290722173829157f,0.5684059829115828f,-0.10632525885335402f,0.2911187841589027f,-0.9507601131934434f,0.6766468963335729f,0f,0f,0f,1f], start_interpolation: 0, interpolation_duration: 1 }
$data merge entity $(bone_neck_1) { transformation: [-0.9999480458090764f,-0.006051234561543639f,-0.008202941112219905f,0.13008376638224659f,-0.007811651067425665f,0.9718931808132386f,0.23529263311103996f,0.5928157475492565f,0.006548571616020918f,0.2353444871863517f,-0.971889957022287f,0.5953992635525059f,0f,0f,0f,1f], start_interpolation: 0, interpolation_duration: 1 }
$data merge entity $(bone_neck_2) { transformation: [-0.99062101757412f,0.03465368312369076f,-0.13217080534814676f,0.1188438937690417f,0.0069030995888446104f,0.9787624194415373f,0.2048816085084624f,0.6203476088795065f,0.1364637195612129f,0.20204763927081948f,-0.9698218417362064f,0.512413769220837f,0f,0f,0f,1f], start_interpolation: 0, interpolation_duration: 1 }
$data merge entity $(bone_body_0) { transformation: [-0.9800402282307787f,-0.017512552341973686f,-0.19802641631820964f,0.025347957405582953f,-0.011572394381737225f,0.9994488326766087f,-0.03111447492145874f,0.6152044729705894f,0.19846216449902176f,-0.02820179731567085f,-0.979702724243701f,0.05041489179831832f,0f,0f,0f,1f], start_interpolation: 0, interpolation_duration: 1 }
$data merge entity $(bone_leg_left_3) { transformation: [-0.9880465026846521f,0.08207750862710117f,-0.13048904593948174f,0.23254179774433925f,0.08339138119862609f,0.9965061288890755f,-0.004627378123163717f,0.02362738578062404f,0.1296533303637567f,-0.015453726543375568f,-0.9914389523624281f,-0.19150305146012891f,0f,0f,0f,1f], start_interpolation: 0, interpolation_duration: 1 }
$data merge entity $(bone_leg_left_2) { transformation: [-1.018643516870844f,-0.07986212925166385f,-0.08971970435240866f,0.2095730092068974f,-0.05025689714825825f,0.9792371700931147f,-0.3010498438759809f,0.24250439226465947f,0.10909550552943248f,-0.2945824239837019f,-0.9764126001101473f,-0.290176061203044f,0f,0f,0f,1f], start_interpolation: 0, interpolation_duration: 1 }
$data merge entity $(bone_leg_left_1) { transformation: [-0.954144057631298f,0.020954345014289288f,0.2986135172960276f,0.21843068401507001f,0.27383494049704515f,0.46407774192178625f,0.8424050538878288f,0.3184482132892789f,-0.12092784067311625f,0.885546591026016f,-0.44853505155376566f,-0.02340375509737108f,0f,0f,0f,1f], start_interpolation: 0, interpolation_duration: 1 }
$data merge entity $(bone_leg_left_0) { transformation: [-0.969978988930353f,0.24269931940069311f,-0.015420810487488043f,0.20219276171866482f,0.22338226826517327f,0.8641202528699954f,-0.4509950673838924f,0.720417638534928f,-0.09613076124923199f,-0.4409004750987866f,-0.8923932136672194f,-0.13504689018247854f,0f,0f,0f,1f], start_interpolation: 0, interpolation_duration: 1 }
$data merge entity $(bone_leg_right_3) { transformation: [-0.9503641086820793f,0.039946478132906735f,0.3085649685458389f,-0.24597575367716923f,0.05262050790193031f,0.9980738321307357f,0.032858906920515296f,0.03885697520542453f,-0.3066580230110737f,0.04746477115340836f,-0.9506355518400804f,-0.11328156860079423f,0f,0f,0f,1f], start_interpolation: 0, interpolation_duration: 1 }
$data merge entity $(bone_leg_right_2) { transformation: [-0.9949199538030742f,0.17467105022286766f,0.17800704828524075f,-0.19821547315999438f,0.08874265232883835f,0.9321467796650138f,-0.418675676769599f,0.24306240898982293f,-0.23306914571179616f,-0.39071038490789955f,-0.9192857923099805f,-0.23240406221078405f,0f,0f,0f,1f], start_interpolation: 0, interpolation_duration: 1 }
$data merge entity $(bone_leg_right_1) { transformation: [-0.9728251308776217f,-0.1058296827518859f,-0.2059401441719748f,-0.23541821831188955f,-0.231294142767195f,0.4852372713842055f,0.8432365089233266f,0.3255577422517481f,0.010690381402315447f,0.8679544162617333f,-0.4965287977924611f,0.0299389601910566f,0f,0f,0f,1f], start_interpolation: 0, interpolation_duration: 1 }
$data merge entity $(bone_leg_right_0) { transformation: [-0.9833254613671015f,-0.14961178695737876f,0.10337964127717314f,-0.18823963457827933f,-0.1810429585978773f,0.8590163615490682f,-0.4788677664378006f,0.7228691961020571f,-0.017160541055117134f,-0.4895990234818902f,-0.8717788205940055f,-0.08932993114569397f,0f,0f,0f,1f], start_interpolation: 0, interpolation_duration: 1 }
$data merge entity $(bone_tail_4) { transformation: [-2.428203999161714f,0.03010225196615115f,1.3147549294380416f,0.3633902081354975f,0.7688057338171402f,2.2723400084596106f,1.3678705937345335f,0.9545207805778515f,-1.0669697342028737f,1.5688295229183902f,-2.006492174396578f,-1.7475415468967865f,0f,0f,0f,1f], start_interpolation: 0, interpolation_duration: 1 }
$data merge entity $(bone_tail_3) { transformation: [-1.7107861795801549f,0.3653098444377976f,1.1294710670746804f,0.16829881015805592f,0.7262280215596798f,1.8893068835019535f,0.4889354627127123f,0.8531270432034999f,-0.9390149277319814f,0.7956216082745697f,-1.6796376835459288f,-1.4705228473632816f,0f,0f,0f,1f], start_interpolation: 0, interpolation_duration: 1 }
$data merge entity $(bone_tail_2) { transformation: [-1.639058895848673f,0.5018087632145403f,0.9383217870769076f,-0.007225747696182408f,0.676138029922898f,1.8217690888537577f,0.20680576972538398f,0.8156157644049115f,-0.8216429732153074f,0.49811567638533494f,-1.7016337656816367f,-1.1546818786430895f,0f,0f,0f,1f], start_interpolation: 0, interpolation_duration: 1 }
$data merge entity $(bone_tail_1) { transformation: [-1.4381022415114202f,0.28065073165783144f,0.37517110733604564f,-0.09001512699557276f,0.3211596607883324f,1.4723088223615781f,0.12968983722168476f,0.7694036770987562f,-0.34113731141895637f,0.20297327020124525f,-1.459480536472364f,-0.8427731761981943f,0f,0f,0f,1f], start_interpolation: 0, interpolation_duration: 1 }
$data merge entity $(bone_tail_0) { transformation: [-1.258059840353672f,0.14239188861097832f,-0.1756294529147099f,-0.03525594892455454f,0.11111241638880162f,1.254082078663649f,0.2208345251153688f,0.7351339306974556f,0.1969141579408731f,0.20208514694674531f,-1.2466844526061827f,-0.47358632892522007f,0f,0f,0f,1f], start_interpolation: 0, interpolation_duration: 1 }
$data merge entity $(bone_body_1) { transformation: [-1.2279539966260173f,0.015588053206568881f,-0.1431453450995547f,-0.003026627339790591f,0.007710425520697264f,1.2344562620588573f,0.06828529459711062f,0.6361091666666667f,0.14378500118138612f,0.06692790686368119f,-1.226152977313339f,-0.19303100684798036f,0f,0f,0f,1f], start_interpolation: 0, interpolation_duration: 1 }