# This file was generated by Animated Java via MC-Build. It is not recommended to edit this file directly.
$data merge entity $(bone_head_lower) { transformation: [-0.5626502015892948f,-0.11748093586435226f,0.8183049433798885f,0.1341292820316598f,-0.1060188861504171f,0.9919315325774574f,0.06951136927123475f,0.38531652081040135f,-0.8198687373177189f,-0.04764519269530765f,-0.5705656747317317f,0.5242682993741489f,0f,0f,0f,1f], start_interpolation: 0, interpolation_duration: 1 }
$data merge entity $(bone_head_upper) { transformation: [-0.585662360396713f,-0.5561762996795744f,0.6566121121886154f,0.16672379304539728f,-0.11035501441943328f,0.8362479114681375f,0.6099042088239535f,0.4461051786112094f,-0.8534010270620398f,0.273549441277847f,-0.5294802477614632f,0.49364488633202586f,0f,0f,0f,1f], start_interpolation: 0, interpolation_duration: 1 }
$data merge entity $(bone_neck_0) { transformation: [-0.7112822043035751f,0.07494147664178687f,0.6989001365859047f,0.21092937869589873f,-0.07590731138574726f,0.9802960474981518f,-0.1823670456461055f,0.41842546814552906f,-0.6987958971825997f,-0.18276606451486005f,-0.6915785275314117f,0.4521185563698299f,0f,0f,0f,1f], start_interpolation: 0, interpolation_duration: 1 }
$data merge entity $(bone_neck_1) { transformation: [-0.8444177345669468f,-0.17973480163413072f,0.5046326293754352f,0.2528503699429804f,-0.17939062623458027f,0.9825185114553422f,0.04976321801033229f,0.4271674058207014f,-0.5047550819635108f,-0.04850541958501617f,-0.8618987942345034f,0.3788809576716424f,0f,0f,0f,1f], start_interpolation: 0, interpolation_duration: 1 }
$data merge entity $(bone_neck_2) { transformation: [-0.9749974737774265f,-0.20983598099961703f,0.07313540322966197f,0.2572031543799486f,-0.18414536005556395f,0.9471623387284892f,0.2626289977599303f,0.45944898701456816f,-0.12438011295075893f,0.2425950641960945f,-0.9621212097911827f,0.29696708108525627f,0f,0f,0f,1f], start_interpolation: 0, interpolation_duration: 1 }
$data merge entity $(bone_body_0) { transformation: [-0.9422331966789094f,-0.2852622178072693f,-0.1755621547142841f,0.17174389001880022f,-0.2996577378718232f,0.952077695972789f,0.06126418990476651f,0.49739230012723323f,0.14967245307599447f,0.11033371163349737f,-0.9825602418515571f,-0.16505880977802703f,0f,0f,0f,1f], start_interpolation: 0, interpolation_duration: 1 }
$data merge entity $(bone_leg_left_3) { transformation: [-0.8135197823256918f,0.004343227835454745f,-0.5815210229533654f,0.4061190926089915f,-0.009595203524083842f,0.9997357352899581f,0.020889989314913843f,0.062360766876708024f,0.5814580774519265f,0.022574232129025817f,-0.8132631236012695f,-0.43629791202927476f,0f,0f,0f,1f], start_interpolation: 0, interpolation_duration: 1 }
$data merge entity $(bone_leg_left_2) { transformation: [-0.9416920407153636f,-0.3702709284315644f,-0.1678622635152274f,0.3131608603972623f,-0.3303565404892094f,0.9437744378433535f,-0.22850944429094597f,0.27477874472373065f,0.2369448376944084f,-0.15572876912305908f,-0.985732161318723f,-0.5026940099377183f,0f,0f,0f,1f], start_interpolation: 0, interpolation_duration: 1 }
$data merge entity $(bone_leg_left_1) { transformation: [-0.9943681693789024f,0.10497269548269436f,0.014583447094160908f,0.3607086735905156f,0.0420976138755348f,0.264941613542499f,0.9633450743733956f,0.29482449120572846f,0.0972611671328134f,0.9585336064096002f,-0.2678686072524518f,-0.2300206537617168f,0f,0f,0f,1f], start_interpolation: 0, interpolation_duration: 1 }
$data merge entity $(bone_leg_left_0) { transformation: [-0.9889565712047579f,-0.12367545409690062f,-0.08166567409171466f,0.20380622372665272f,-0.043095840177414135f,0.7671943584448793f,-0.639965284159815f,0.6431361083099435f,0.14180144156647878f,-0.6293784222741319f,-0.7640517997789109f,-0.3984484340754696f,0f,0f,0f,1f], start_interpolation: 0, interpolation_duration: 1 }
$data merge entity $(bone_leg_right_3) { transformation: [-0.9083739252781946f,-0.07302110170090984f,0.4117338103448278f,-0.13856117258513423f,-0.041961575303359255f,0.995582651998592f,0.08399053064191933f,0.0364111145578184f,-0.41604811990050616f,0.059017808717675396f,-0.9074254019925929f,-0.2106182519486876f,0f,0f,0f,1f], start_interpolation: 0, interpolation_duration: 1 }
$data merge entity $(bone_leg_right_2) { transformation: [-0.9983216294304481f,0.1357761210577573f,-0.19230436464765682f,-0.11130624763130523f,0.17826171440195582f,0.9832812392431474f,-0.2311773458443337f,0.25819157695246825f,0.15374942240706252f,-0.2584280344770362f,-0.9806315646594932f,-0.30140188280685537f,0f,0f,0f,1f], start_interpolation: 0, interpolation_duration: 1 }
$data merge entity $(bone_leg_right_1) { transformation: [-0.944174174377071f,0.16298229569030198f,-0.2863073518631608f,-0.07064820159031633f,-0.2708932620259063f,0.11050163697309043f,0.956245903946904f,0.2321007130971628f,0.18748858372802404f,0.9804214193487345f,-0.06018198612436548f,-0.02812624215226206f,0f,0f,0f,1f], start_interpolation: 0, interpolation_duration: 1 }
$data merge entity $(bone_leg_right_0) { transformation: [-0.961160930628479f,-0.2641114704507467f,-0.08009242542051564f,-0.0560673365707722f,-0.21813301478655522f,0.904766887237662f,-0.365807145390027f,0.6424841385073519f,0.16907883750938452f,-0.33412873407508115f,-0.9272380146283148f,-0.10349282021133724f,0f,0f,0f,1f], start_interpolation: 0, interpolation_duration: 1 }
$data merge entity $(bone_tail_4) { transformation: [0.09193233282305772f,-1.6912188313094154f,2.181052186997397f,-0.376127126691616f,2.7199538422406127f,-0.31455834140353467f,-0.35856028437904863f,0.43636949866960106f,0.46803939349400653f,2.160206760029667f,1.6553269198741039f,0.403766543555098f,0f,0f,0f,1f], start_interpolation: 0, interpolation_duration: 1 }
$data merge entity $(bone_tail_3) { transformation: [0.3370956628211763f,-1.4819077474556235f,1.4234681128085016f,-0.6029930849006697f,1.978293646510211f,-0.15596405141605166f,-0.6308525888729218f,0.5448650158202986f,0.5555774368429017f,1.4544999720664604f,1.3826456773064384f,0.15508750704647656f,0f,0f,0f,1f], start_interpolation: 0, interpolation_duration: 1 }
$data merge entity $(bone_tail_2) { transformation: [0.43652928563517107f,-1.7511284622362588f,0.7495099509224015f,-0.7424192444257798f,1.8430437674676345f,0.19411294653992794f,-0.6199062107989166f,0.6615132456811634f,0.48104649357866763f,0.8453656887610472f,1.694911501608271f,-0.15943597455632202f,0f,0f,0f,1f], start_interpolation: 0, interpolation_duration: 1 }
$data merge entity $(bone_tail_1) { transformation: [0.9798361468389757f,-0.7976303613137141f,-0.8314825205969782f,-0.5546793836177587f,0.7867043540608387f,1.2605995062038768f,-0.2822080690913361f,0.7060801516219425f,0.8418275563614371f,-0.24966165438267857f,1.2315241263091175f,-0.42219862897562627f,0f,0f,0f,1f], start_interpolation: 0, interpolation_duration: 1 }
$data merge entity $(bone_tail_0) { transformation: [0.20426889249598854f,-0.04218421514220142f,-1.2610830377637021f,-0.18717958994238762f,-0.027567478450955474f,1.2770471646053638f,-0.04718357859768779f,0.7506857128783774f,1.2614872057513487f,0.03473827788282776f,0.20317233659978676f,-0.4807320113684059f,0f,0f,0f,1f], start_interpolation: 0, interpolation_duration: 1 }
$data merge entity $(bone_body_1) { transformation: [-0.8173317071310686f,0.2896368048606211f,-0.8812967700182465f,-0.0017995301277956323f,-0.0020505186873963108f,1.1739946196095217f,0.38773318604068097f,0.5814663095238095f,0.9276687290986885f,0.25778236839294333f,-0.7756181887078196f,-0.3177751190364348f,0f,0f,0f,1f], start_interpolation: 0, interpolation_duration: 1 }