# This file was generated by Animated Java via MC-Build. It is not recommended to edit this file directly.
$data merge entity $(bone_head_lower) { transformation: [-0.5171950271271704f,-0.11821399495258961f,0.8476642939939574f,0.10104545236125043f,-0.13521809953739675f,0.9892625402221651f,0.055458922372180974f,0.4030677004204613f,-0.845118553501472f,-0.08593647601884849f,-0.527626338062309f,0.5297197000767776f,0f,0f,0f,1f], start_interpolation: 0, interpolation_duration: 1 }
$data merge entity $(bone_head_upper) { transformation: [-0.5383480882387437f,-0.5720980430350942f,0.6829034394616942f,0.13510958737689616f,-0.14074846346760148f,0.8425060839329861f,0.5948489818020373f,0.4629495811463695f,-0.8796835502069517f,0.2153120300281123f,-0.5130979670627963f,0.4989097737840903f,0f,0f,0f,1f], start_interpolation: 0, interpolation_duration: 1 }
$data merge entity $(bone_neck_0) { transformation: [-0.68299101330991f,0.07594242857876599f,0.7264681846298989f,0.18107238578620047f,-0.08754598601460375f,0.9788997680812748f,-0.18463733204083388f,0.4351494946853183f,-0.7251613448541182f,-0.1897050120370713f,-0.6619312897403943f,0.4594216412701233f,0f,0f,0f,1f], start_interpolation: 0, interpolation_duration: 1 }
$data merge entity $(bone_neck_1) { transformation: [-0.8183503813750547f,-0.18772167086778702f,0.543197227155946f,0.22622351011743644f,-0.19506819335776374f,0.9797697855098071f,0.044716522027149125f,0.44345124793598995f,-0.5406024909704361f,-0.06936671888357376f,-0.8384135048219865f,0.38807744943139355f,0f,0f,0f,1f], start_interpolation: 0, interpolation_duration: 1 }
$data merge entity $(bone_neck_2) { transformation: [-0.967303210514355f,-0.2261823130561869f,0.11474345379660808f,0.23406143103715704f,-0.1934156954433042f,0.9505140778702013f,0.2431323847757514f,0.4740575952288796f,-0.16405751334457147f,0.21298955145995818f,-0.963182528539675f,0.3057807368896166f,0f,0f,0f,1f], start_interpolation: 0, interpolation_duration: 1 }
$data merge entity $(bone_body_0) { transformation: [-0.9465515832427227f,-0.2947935176569635f,-0.13090791499419957f,0.1695567448574924f,-0.30155770051399994f,0.9528122266830991f,0.03481111810763074f,0.49954067212575287f,0.1144685700155445f,0.07242680878396024f,-0.9907831770109786f,-0.1604817031115656f,0f,0f,0f,1f], start_interpolation: 0, interpolation_duration: 1 }
$data merge entity $(bone_leg_left_3) { transformation: [-0.8205161027357806f,-0.000021843849499672552f,-0.5716234115867999f,0.40682948698739263f,-0.013390849656394435f,0.9997263074145668f,0.019183206424218363f,0.0627238582624216f,0.5714665434623145f,0.02339465293781015f,-0.8202918260699381f,-0.4350217596636925f,0f,0f,0f,1f], start_interpolation: 0, interpolation_duration: 1 }
$data merge entity $(bone_leg_left_2) { transformation: [-0.9472706970703099f,-0.36077971740174075f,-0.1567750665257189f,0.31641763172777343f,-0.32530656703560734f,0.948301261308569f,-0.21670845563747262f,0.2765695699132786f,0.22116976153202145f,-0.15041579974454355f,-0.9902127161735361f,-0.5003423544487048f,0f,0f,0f,1f], start_interpolation: 0, interpolation_duration: 1 }
$data merge entity $(bone_leg_left_1) { transformation: [-0.9951912105604995f,0.094534002645036f,0.025647159044148587f,0.3605591918728108f,0.04901521489221672f,0.25392832555117106f,0.9659802866476355f,0.2933458200885548f,0.08480544282177487f,0.9625921918583626f,-0.257340842155138f,-0.22687669708423022f,0f,0f,0f,1f], start_interpolation: 0, interpolation_duration: 1 }
$data merge entity $(bone_leg_left_0) { transformation: [-0.9907589144767481f,-0.11316286266857134f,-0.07477258787490124f,0.20701361817267874f,-0.040581102385283535f,0.7733433960013016f,-0.6326872576481756f,0.6437716750439197f,0.12942158828437722f,-0.6238061865466131f,-0.7707891372561768f,-0.394007650352474f,0f,0f,0f,1f], start_interpolation: 0, interpolation_duration: 1 }
$data merge entity $(bone_leg_right_3) { transformation: [-0.9094701817237407f,-0.0820554695009291f,0.4075915706689329f,-0.13641733293139446f,-0.05047464191248238f,0.9948708768323064f,0.08765984801906274f,0.0364715665772081f,-0.41269395328644254f,0.05915097933171176f,-0.9089471175843551f,-0.20879434582799947f,0f,0f,0f,1f], start_interpolation: 0, interpolation_duration: 1 }
$data merge entity $(bone_leg_right_2) { transformation: [-1.000686667764331f,0.13617436167929983f,-0.17929008807139551f,-0.10866371015891163f,0.17683965070360025f,0.9809392767322123f,-0.24196709033215177f,0.2573748756363066f,0.1393417754962317f,-0.26697729882148097f,-0.9804943605224041f,-0.3015442058589384f,0f,0f,0f,1f], start_interpolation: 0, interpolation_duration: 1 }
$data merge entity $(bone_leg_right_1) { transformation: [-0.9449046370527413f,0.14443931524609988f,-0.2937558698774626f,-0.0726627185936627f,-0.2777488710178868f,0.12114771320600454f,0.9529841531910407f,0.2342126752942964f,0.17323623040379355f,0.9820695066013371f,-0.07435517923648854f,-0.02735298291151962f,0f,0f,0f,1f], start_interpolation: 0, interpolation_duration: 1 }
$data merge entity $(bone_leg_right_0) { transformation: [-0.9620274016495385f,-0.26612674635342237f,-0.06066162997133007f,-0.06035415512249307f,-0.22529194793238327f,0.8996581056337298f,-0.3739770463068032f,0.6440877174337503f,0.15410002164915387f,-0.3461095893541086f,-0.9254519628186331f,-0.10582735873516122f,0f,0f,0f,1f], start_interpolation: 0, interpolation_duration: 1 }
$data merge entity $(bone_tail_4) { transformation: [0.0465190524680352f,-1.7750340882221736f,2.114888010039008f,-0.4101808408028627f,2.7298597170553562f,-0.2875570500427563f,-0.3013937619944321f,0.4514671271443182f,0.41396042631624197f,2.09576388465399f,1.7498776633879565f,0.392116849730957f,0f,0f,0f,1f], start_interpolation: 0, interpolation_duration: 1 }
$data merge entity $(bone_tail_3) { transformation: [0.2898017731719224f,-1.5395006345246005f,1.3718229676635418f,-0.627726099282543f,1.9947515488939684f,-0.14166762910519937f,-0.5803809672045339f,0.5512646206788826f,0.5224238858398116f,1.3949242291990296f,1.455061924572961f,0.131741689179891f,0f,0f,0f,1f], start_interpolation: 0, interpolation_duration: 1 }
$data merge entity $(bone_tail_2) { transformation: [0.40242745931415136f,-1.7913027518201154f,0.6693731891212975f,-0.7522897858314687f,1.85500522734393f,0.19951425219347366f,-0.581311916875227f,0.6607483856924279f,0.46452300429519006f,0.7551174673493768f,1.7414907016654468f,-0.1914744570147885f,0f,0f,0f,1f], start_interpolation: 0, interpolation_duration: 1 }
$data merge entity $(bone_tail_1) { transformation: [0.9338689806203934f,-0.7878795907410059f,-0.8915103631079188f,-0.5517078804053958f,0.8003728582299701f,1.25458087507986f,-0.27034490136239187f,0.7028229833386821f,0.8803114589983574f,-0.3048423008337892f,1.1915448614208972f,-0.4449962597209461f,0f,0f,0f,1f], start_interpolation: 0, interpolation_duration: 1 }
$data merge entity $(bone_tail_0) { transformation: [0.14655739062292417f,-0.050629142772865586f,-1.2687763150925826f,-0.18216372343317075f,-0.0158585924647667f,1.2770267873374255f,-0.05279020791508187f,0.7490664402520745f,1.2696870295009175f,0.02179428614949165f,0.14579291063833627f,-0.48707440180407535f,0f,0f,0f,1f], start_interpolation: 0, interpolation_duration: 1 }
$data merge entity $(bone_body_1) { transformation: [-0.840901853690195f,0.27810563461285887f,-0.8626389299777881f,-0.00034464392620564555f,0.0009939890218548558f,1.1770096032447634f,0.37848646067155317f,0.5817936904761905f,0.9063595751700692f,0.25672990656024813f,-0.8007538139973784f,-0.3182029379130862f,0f,0f,0f,1f], start_interpolation: 0, interpolation_duration: 1 }