# This file was generated by Animated Java via MC-Build. It is not recommended to edit this file directly.
$data merge entity $(bone_head_lower) { transformation: [-0.31444673678316387f,-0.09034534026847563f,0.9449661206721609f,-0.04044376102272147f,-0.24901774953024097f,0.9684500692810494f,0.009727472869413778f,0.47314118312732756f,-0.916031336879538f,-0.23225456465116964f,-0.32702355733705457f,0.5318421704815907f,0f,0f,0f,1f], start_interpolation: 0, interpolation_duration: 1 }
$data merge entity $(bone_head_upper) { transformation: [-0.32730747729812165f,-0.5967623994668305f,0.7875381873095665f,0.0003452992840330543f,-0.2592024717286322f,0.8524226145478937f,0.5382022923033756f,0.5293038918780556f,-0.9534966368781874f,-0.026875032528938584f,-0.41664593922425464f,0.5022202327180056f,0f,0f,0f,1f], start_interpolation: 0, interpolation_duration: 1 }
$data merge entity $(bone_neck_0) { transformation: [-0.5541402458807442f,0.0869436001072306f,0.8278703994561118f,0.05264475048782396f,-0.13408792733808955f,0.9722200057562574f,-0.19185590465106367f,0.5011605029090829f,-0.8215528075768491f,-0.21732250414463933f,-0.5270881459062609f,0.4719307408863443f,0f,0f,0f,1f], start_interpolation: 0, interpolation_duration: 1 }
$data merge entity $(bone_neck_1) { transformation: [-0.6932274209115582f,-0.20508232859848347f,0.6909247291803449f,0.11023035478390748f,-0.25832549050252673f,0.9656679851851473f,0.02744600781693292f,0.5079342516992795f,-0.672832582336006f,-0.15945714435258707f,-0.7224055199553641f,0.40999891264178623f,0f,0f,0f,1f], start_interpolation: 0, interpolation_duration: 1 }
$data merge entity $(bone_neck_2) { transformation: [-0.9174840079848166f,-0.271755078353852f,0.2904690559784449f,0.13301697054153092f,-0.23132830797406365f,0.9585838621424122f,0.16614509673774205f,0.5318749433870193f,-0.32358972329475166f,0.08524175402365146f,-0.9423500062869408f,0.32827655451399085f,0f,0f,0f,1f], start_interpolation: 0, interpolation_duration: 1 }
$data merge entity $(bone_body_0) { transformation: [-0.9502137623461059f,-0.3058824017059227f,0.05941180164474774f,0.15810361763319333f,-0.30961574881378334f,0.9483221735059124f,-0.06944885401144071f,0.5081779130299905f,-0.03509834660690597f,-0.08438608631545103f,-0.9958147892564273f,-0.14185110431186618f,0f,0f,0f,1f], start_interpolation: 0, interpolation_duration: 1 }
$data merge entity $(bone_leg_left_3) { transformation: [-0.8528124346240997f,-0.01418916880907636f,-0.5220245385410757f,0.40876345284196425f,-0.025848791369023003f,0.9995524277533765f,0.015059354471271547f,0.06419307137284219f,0.5215772151228197f,0.02633650813677127f,-0.8527975123110323f,-0.42693639940045014f,0f,0f,0f,1f], start_interpolation: 0, interpolation_duration: 1 }
$data merge entity $(bone_leg_left_2) { transformation: [-0.9693298710494945f,-0.31956676265471634f,-0.10168030683592946f,0.32962673022302735f,-0.3008808778182632f,0.9660883490728484f,-0.16794701143427196f,0.28372976787457915f,0.1480962455809601f,-0.1288898191975463f,-1.0067358720402992f,-0.4878633235658243f,0f,0f,0f,1f], start_interpolation: 0, interpolation_duration: 1 }
$data merge entity $(bone_leg_left_1) { transformation: [-0.9964137695167443f,0.042530920411806936f,0.07314862080966868f,0.3571457266457676f,0.08045488538265178f,0.20850548619695397f,0.9747063525205097f,0.2870771135622831f,0.026203269557375817f,0.9770959947900189f,-0.21117955779337894f,-0.21173855869947286f,0f,0f,0f,1f], start_interpolation: 0, interpolation_duration: 1 }
$data merge entity $(bone_leg_left_0) { transformation: [-0.9971807659942852f,-0.0635809876588681f,-0.03984944089160389f,0.21947794125241488f,-0.026811847472538813f,0.7979176402252846f,-0.6021698798947208f,0.6462683389009426f,0.07008312754265383f,-0.5994037849610527f,-0.7973728474234649f,-0.3740238724806501f,0f,0f,0f,1f], start_interpolation: 0, interpolation_duration: 1 }
$data merge entity $(bone_leg_right_3) { transformation: [-0.9100253582016105f,-0.11322786699680215f,0.3987897912000572f,-0.13049948077201784f,-0.08116639723486385f,0.9920233923750615f,0.09644482848026109f,0.03761346144695296f,-0.4065290437225155f,0.055398908978690486f,-0.9119567410212106f,-0.20161647321373888f,0f,0f,0f,1f], start_interpolation: 0, interpolation_duration: 1 }
$data merge entity $(bone_leg_right_2) { transformation: [-1.008360853174229f,0.14544898668061906f,-0.1188073295719452f,-0.09870286266534374f,0.17357187531461335f,0.9695464624307234f,-0.28620737374940675f,0.2544989686740823f,0.07171745524071572f,-0.30147379481862957f,-0.9777690714847471f,-0.3022182818347809f,0f,0f,0f,1f], start_interpolation: 0, interpolation_duration: 1 }
$data merge entity $(bone_leg_right_1) { transformation: [-0.9465896722820599f,0.061215282461880766f,-0.31657650184758596f,-0.08413447784395608f,-0.3032978188423981f,0.16421600934895364f,0.9386391933852691f,0.2432890581203382f,0.10944599313993338f,0.984523128964788f,-0.13687871682258373f,-0.025314894840618885f,0f,0f,0f,1f], start_interpolation: 0, interpolation_duration: 1 }
$data merge entity $(bone_leg_right_0) { transformation: [-0.963763248127554f,-0.26568728161814353f,0.023888699106229372f,-0.07833445482744686f,-0.25212378460837265f,0.8779739492253497f,-0.40693407539353854f,0.6504529924472694f,0.08714355279294966f,-0.3982110155030928f,-0.9131451080406761f,-0.11746243349942137f,0f,0f,0f,1f], start_interpolation: 0, interpolation_duration: 1 }
$data merge entity $(bone_tail_4) { transformation: [-0.08482245775690653f,-2.1034304413590577f,1.7871896543523635f,-0.5492908282812616f,2.7543615381737907f,-0.18031281636900323f,-0.08149317076901413f,0.5079666410698638f,0.17877080099666018f,1.7800924128306141f,2.1035620585316455f,0.3190785844360311f,0f,0f,0f,1f], start_interpolation: 0, interpolation_duration: 1 }
$data merge entity $(bone_tail_3) { transformation: [0.1344291686243546f,-1.7565678232889554f,1.1101098174745194f,-0.7203350350163304f,2.0451579287316615f,-0.08500360667090773f,-0.3821635244805578f,0.5735992793266949f,0.36770011043434486f,1.114984033555316f,1.7197536915929947f,0.016560916236990686f,0f,0f,0f,1f], start_interpolation: 0, interpolation_duration: 1 }
$data merge entity $(bone_tail_2) { transformation: [0.28537642460912804f,-1.9090507061131574f,0.3047286871447167f,-0.777226676348513f,1.8937563537902293f,0.2141361748493551f,-0.4319796825115711f,0.6553546417891019f,0.3886142608798889f,0.3583922084986195f,1.8813048280730682f,-0.33279690294602315f,0f,0f,0f,1f], start_interpolation: 0, interpolation_duration: 1 }
$data merge entity $(bone_tail_1) { transformation: [0.7249486876862188f,-0.7124120995691032f,-1.1200779663084048f,-0.5281824883880218f,0.851559083977502f,1.2286058175209729f,-0.23028487064724681f,0.6890773841393444f,1.0183087825985924f,-0.5202432080682686f,0.9899749884423388f,-0.5404419031032791f,0f,0f,0f,1f], start_interpolation: 0, interpolation_duration: 1 }
$data merge entity $(bone_tail_0) { transformation: [-0.09863100543042554f,-0.07525084813590414f,-1.2721811786088637f,-0.15823751677007739f,0.025569278712219024f,1.2756118426752068f,-0.07743613753880084f,0.7424888093782847f,1.2741482854589365f,-0.031423769118587845f,-0.09692476453652853f,-0.5128765456899493f,0f,0f,0f,1f], start_interpolation: 0, interpolation_duration: 1 }
$data merge entity $(bone_body_1) { transformation: [-0.9366536319207048f,0.2323609058592755f,-0.7728473188762836f,0.005787503044673502f,0.013161208176995315f,1.1882520766754099f,0.3413039406923805f,0.5831032142857143f,0.8069147113947822f,0.25033978261771167f,-0.902675598889126f,-0.3198792743134113f,0f,0f,0f,1f], start_interpolation: 0, interpolation_duration: 1 }