# This file was generated by Animated Java via MC-Build. It is not recommended to edit this file directly.
$data merge entity $(bone_head_lower) { transformation: [-0.20409147565217656f,-0.05828267196979703f,0.9772153292464143f,-0.11423679023259461f,-0.3034722661477783f,0.9528177404979716f,-0.006552638512232034f,0.507407088570016f,-0.9307261967116047f,-0.29789508814413335f,-0.21214915322562541f,0.5199160717261556f,0f,0f,0f,1f], start_interpolation: 0, interpolation_duration: 1 }
$data merge entity $(bone_head_upper) { transformation: [-0.21243873196823573f,-0.5836465565373472f,0.8352834397887535f,-0.0698261266761526f,-0.3158841553864449f,0.8489297223490343f,0.5128425386721457f,0.5617255351295664f,-0.9687925103545275f,-0.14881856785359784f,-0.350379862900943f,0.49211938455608695f,0f,0f,0f,1f], start_interpolation: 0, interpolation_duration: 1 }
$data merge entity $(bone_neck_0) { transformation: [-0.48124408563632304f,0.09682359284208271f,0.8712228887656762f,-0.014907347606539792f,-0.15727540143563923f,0.96821619625049f,-0.19447839319958252f,0.5334850529218695f,-0.8623622082068055f,-0.23061350608189352f,-0.4507203486301661f,0.46699690210556655f,0f,0f,0f,1f], start_interpolation: 0, interpolation_duration: 1 }
$data merge entity $(bone_neck_1) { transformation: [-0.6192363647194407f,-0.20395813666241347f,0.7582528622420412f,0.04838701225334133f,-0.2900711391057505f,0.9567861297638984f,0.020470372476167606f,0.5396269562457957f,-0.7296609204739857f,-0.20727127244414986f,-0.651639133840532f,0.41083964186240074f,0f,0f,0f,1f], start_interpolation: 0, interpolation_duration: 1 }
$data merge entity $(bone_neck_2) { transformation: [-0.8808332943014846f,-0.2810606738292446f,0.3809692970262105f,0.07901102028285563f,-0.2506339480779397f,0.9595282190609663f,0.12840646750282808f,0.5602707068172935f,-0.40164079937284586f,0.01762085276997602f,-0.9156277485019773f,0.3307963030471648f,0f,0f,0f,1f], start_interpolation: 0, interpolation_duration: 1 }
$data merge entity $(bone_body_0) { transformation: [-0.9426451287494387f,-0.29394056976228233f,0.15817427949189095f,0.1507578137011378f,-0.31387392260729297f,0.9418058611096678f,-0.12035314988228704f,0.5125205966864796f,-0.11359279005317668f,-0.16309709202589118f,-0.9800489868474089f,-0.13265081294322995f,0f,0f,0f,1f], start_interpolation: 0, interpolation_duration: 1 }
$data merge entity $(bone_leg_left_3) { transformation: [-0.8706942931555139f,-0.019351619357851443f,-0.4914437533377024f,0.4091052181810828f,-0.030501408571156893f,0.9994268424822497f,0.014685046855028264f,0.06502031236245598f,0.490877899218935f,0.02777591320169079f,-0.8707854998242772f,-0.4215775857581365f,0f,0f,0f,1f], start_interpolation: 0, interpolation_duration: 1 }
$data merge entity $(bone_leg_left_2) { transformation: [-0.9792576183450751f,-0.29746485661875555f,-0.06805420994037244f,0.33614421308686f,-0.2861461266547518f,0.974608776675365f,-0.14254938136843592f,0.28735086786862013f,0.10600523861728589f,-0.11710931220370269f,-1.0134646011980692f,-0.4800317377918182f,0f,0f,0f,1f], start_interpolation: 0, interpolation_duration: 1 }
$data merge entity $(bone_leg_left_1) { transformation: [-0.9951215912639044f,0.010749129520693294f,0.09806872495827476f,0.3536816866942818f,0.09836132510575521f,0.18488093939635997f,0.9778262054022474f,0.2837580792216807f,-0.007620257465092279f,0.9827021392377582f,-0.18503631322985986f,-0.20309688164515508f,0f,0f,0f,1f], start_interpolation: 0, interpolation_duration: 1 }
$data merge entity $(bone_leg_left_0) { transformation: [-0.999225037121374f,-0.03496345488466712f,-0.01807987865877969f,0.225240197409408f,-0.017745932225069927f,0.8101585647968763f,-0.5859421317636481f,0.647488594217497f,0.0351341298348426f,-0.5851672040611923f,-0.8101511810840958f,-0.36281593140320645f,0f,0f,0f,1f], start_interpolation: 0, interpolation_duration: 1 }
$data merge entity $(bone_leg_right_3) { transformation: [-0.908480001456439f,-0.12557622813258032f,0.39861597795585524f,-0.1292140949395483f,-0.09415421458076119f,0.9907681693793787f,0.0975367542074034f,0.03873234200512932f,-0.40718432046235353f,0.0510788162806225f,-0.9119165990906087f,-0.19811668704310337f,0f,0f,0f,1f], start_interpolation: 0, interpolation_duration: 1 }
$data merge entity $(bone_leg_right_2) { transformation: [-1.0104130931255435f,0.1548955290718556f,-0.08446866765088787f,-0.09415109925595788f,0.17338666246716122f,0.9626008877923765f,-0.3088669545298143f,0.25329885066238556f,0.03262891385971931f,-0.31854215638683303f,-0.9744375034272112f,-0.30253350447374416f,0f,0f,0f,1f], start_interpolation: 0, interpolation_duration: 1 }
$data merge entity $(bone_leg_right_1) { transformation: [-0.9462116784852567f,0.015153524770519594f,-0.32319317781342877f,-0.09173780290598231f,-0.31492126729440706f,0.1859960709449237f,0.9307148097020567f,0.24819469357088342f,0.0742162711526115f,0.9824336274171808f,-0.17121948725574987f,-0.02507808599921138f,0f,0f,0f,1f], start_interpolation: 0, interpolation_duration: 1 }
$data merge entity $(bone_leg_right_0) { transformation: [-0.9630975740803884f,-0.26010357423371516f,0.06920399895466212f,-0.08751178519402344f,-0.26442824206391286f,0.8664195605228909f,-0.4235502921050926f,0.6536053717482003f,0.050207246483543855f,-0.42621975061482875f,-0.9032253077645542f,-0.12473550598668298f,0f,0f,0f,1f], start_interpolation: 0, interpolation_duration: 1 }
$data merge entity $(bone_tail_4) { transformation: [-0.11962607872108687f,-2.1993014917673577f,1.6656601937969482f,-0.6172634563670745f,2.7585154243349703f,-0.1219927028603489f,0.03703735620811209f,0.5336758682184692f,0.04408612702286612f,1.6654885350427062f,2.2022410596130086f,0.2661765545816143f,0f,0f,0f,1f], start_interpolation: 0, interpolation_duration: 1 }
$data merge entity $(bone_tail_3) { transformation: [0.08050953830139203f,-1.8516228840215552f,0.9491872500485015f,-0.7600909540261995f,2.061742566709906f,-0.057064210003549734f,-0.28619362431326895f,0.5827621489602531f,0.2805019231723567f,0.9508847970962685f,1.8311423483149099f,-0.053622673669701304f,0f,0f,0f,1f], start_interpolation: 0, interpolation_duration: 1 }
$data merge entity $(bone_tail_2) { transformation: [0.23999924493715552f,-1.9367375795159814f,0.10110284626531597f,-0.7791691383851991f,1.908164769038278f,0.21761302518883108f,-0.3610064548897119f,0.6513352249800096f,0.34652770687705187f,0.14305940850401316f,1.9178702847189095f,-0.40986029113295197f,0f,0f,0f,1f], start_interpolation: 0, interpolation_duration: 1 }
$data merge entity $(bone_tail_1) { transformation: [0.6067509979399482f,-0.6527980041077198f,-1.222032831936955f,-0.5088011988350875f,0.8748900630563624f,1.2149714481208955f,-0.21463459137857774f,0.6818345781611813f,1.0742796907994268f,-0.6207700025645504f,0.8649994218795161f,-0.5894365805416193f,0f,0f,0f,1f], start_interpolation: 0, interpolation_duration: 1 }
$data merge entity $(bone_tail_0) { transformation: [-0.22666103215350494f,-0.08189115885455094f,-1.2552905365645812f,-0.14395230792384436f,0.042933140257127696f,1.274257883765253f,-0.09088073345758614f,0.7391421533687093f,1.2572260093375405f,-0.05827864400949728f,-0.22320859679153188f,-0.5256162082029165f,0f,0f,0f,1f], start_interpolation: 0, interpolation_duration: 1 }
$data merge entity $(bone_body_1) { transformation: [-0.9836403193819707f,0.21020658473153073f,-0.7189363733167841f,0.00903142296634881f,0.019237956395367142f,1.1933815978276288f,0.3226063515437284f,0.5837579761904762f,0.7487898357857928f,0.2454753526489605f,-0.9527120384051017f,-0.32065851165899156f,0f,0f,0f,1f], start_interpolation: 0, interpolation_duration: 1 }