# This file was generated by Animated Java via MC-Build. It is not recommended to edit this file directly.
$data merge entity $(bone_head_lower) { transformation: [-0.14768295846354418f,-0.038008549367328004f,0.9883041505298085f,-0.15124372192167893f,-0.3299371408579753f,0.943913368519232f,-0.013001377355520316f,0.5242988786872321f,-0.9323793363550694f,-0.3279983275958393f,-0.15194035090262528f,0.5105187206894117f,0f,0f,0f,1f], start_interpolation: 0, interpolation_duration: 1 }
$data merge entity $(bone_head_upper) { transformation: [-0.15372312993013712f,-0.5704870042268524f,0.8569630796692821f,-0.10502479983665688f,-0.34343143244525787f,0.845247331229244f,0.5010825708822306f,0.5777153854674044f,-0.9705132627206017f,-0.2087425918245219f,-0.3130534775805895f,0.4839491038969298f,0f,0f,0f,1f], start_interpolation: 0, interpolation_duration: 1 }
$data merge entity $(bone_neck_0) { transformation: [-0.4429804437674848f,0.10288702310526941f,0.8906079872290041f,-0.048963328734727814f,-0.16883015045944477f,0.9660466639825204f,-0.1955766430432947f,0.5494428375704552f,-0.8804911735704133f,-0.2369981086101297f,-0.41056934831988834f,0.46153235240169366f,0f,0f,0f,1f], start_interpolation: 0, interpolation_duration: 1 }
$data merge entity $(bone_neck_1) { transformation: [-0.5797637158011533f,-0.2007371317709698f,0.7896699549614408f,0.017007309994737645f,-0.30592289414259954f,0.9518977846722289f,0.017372114883308365f,0.5552997578168412f,-0.7551723092644853f,-0.23150639616318877f,-0.6132858810177172f,0.4085124678734804f,0f,0f,0f,1f], start_interpolation: 0, interpolation_duration: 1 }
$data merge entity $(bone_neck_2) { transformation: [-0.8595879533816769f,-0.282043321803539f,0.42609871512024683f,0.051575372782101905f,-0.26033793527374754f,0.9592583892435123f,0.10976111389442214f,0.5743073937695341f,-0.4396961562926176f,-0.01658032846380228f,-0.8979935316301174f,0.3296791677728289f,0f,0f,0f,1f], start_interpolation: 0, interpolation_duration: 1 }
$data merge entity $(bone_body_0) { transformation: [-0.9362665810940614f,-0.283428975214706f,0.20754012897552832f,0.14668824201764566f,-0.31604889266372643f,0.9375302083297554f,-0.1454311036717991f,0.5146974071227552f,-0.15335575167716958f,-0.201755110165534f,-0.967355616590726f,-0.12815387636103243f,0f,0f,0f,1f], start_interpolation: 0, interpolation_duration: 1 }
$data merge entity $(bone_leg_left_3) { transformation: [-0.8798560220331756f,-0.021473749343248888f,-0.4747549458205775f,0.4091097769898219f,-0.032447793336210756f,0.9993618750322593f,0.014932630030125793f,0.0654804413295606f,0.4741313332817887f,0.02854331482412939f,-0.8799913397183425f,-0.4186823166237186f,0f,0f,0f,1f], start_interpolation: 0, interpolation_duration: 1 }
$data merge entity $(bone_leg_left_2) { transformation: [-0.983712492072204f,-0.2861654809123049f,-0.04981214687220173f,0.33933949022988535f,-0.2781530673556321f,0.9787248378811256f,-0.12957917400535754f,0.28918368248796467f,0.08368275546635418f,-0.11076646039973913f,-1.0162628533941231f,-0.475779068253533f,0f,0f,0f,1f], start_interpolation: 0, interpolation_duration: 1 }
$data merge entity $(bone_leg_left_1) { transformation: [-0.9938418689908242f,-0.0064970032167055635f,0.11061703480941752f,0.3515007267469664f,0.10783889791155912f,0.1728205136094053f,0.9790320945571709f,0.2820617454184121f,-0.025477667437308917f,0.9849319057807923f,-0.17105563257890843f,-0.19862429561102807f,0f,0f,0f,1f], start_interpolation: 0, interpolation_duration: 1 }
$data merge entity $(bone_leg_left_0) { transformation: [-0.9997836533134721f,-0.01987425556812622f,-0.006136817805669714f,0.2279465542682996f,-0.012680830372439972f,0.8162536456023166f,-0.5775544845137928f,0.6480915282032401f,0.01648766533601964f,-0.5773517125691587f,-0.8163290738943622f,-0.35693993963288884f,0f,0f,0f,1f], start_interpolation: 0, interpolation_duration: 1 }
$data merge entity $(bone_leg_right_3) { transformation: [-0.9073504106818474f,-0.1308751373016876f,0.3994833296543765f,-0.12900635931235632f,-0.09997864467387632f,0.990218319385347f,0.09732394650256038f,0.03943058825020662f,-0.408312996174084f,0.04836712095962431f,-0.9115597176079138f,-0.1964066419930559f,0f,0f,0f,1f], start_interpolation: 0, interpolation_duration: 1 }
$data merge entity $(bone_leg_right_2) { transformation: [-1.0108234229451747f,0.16085608473259488f,-0.06650960179248613f,-0.09199831460574828f,0.17365379007645337f,0.9588075631332267f,-0.3203039456068259f,0.25275900976902116f,0.011940197577005103f,-0.32691830230765273f,-0.9721337638405523f,-0.30267263497905444f,0f,0f,0f,1f], start_interpolation: 0, interpolation_duration: 1 }
$data merge entity $(bone_leg_right_1) { transformation: [-0.9456161652376615f,-0.008742262238660231f,-0.32516709687815915f,-0.09596020755930439f,-0.32043896869113325f,0.19693634475430513f,0.9265716073024126f,0.25073683463436036f,0.05593688751961917f,0.980377299291331f,-0.18902755261827192f,-0.025195428939143893f,0f,0f,0f,1f], start_interpolation: 0, interpolation_duration: 1 }
$data merge entity $(bone_leg_right_0) { transformation: [-0.962276417572204f,-0.25591717817035275f,0.09236067399997216f,-0.0920710532591166f,-0.2702957801333951f,0.8604737742326396f,-0.4318854884108929f,0.6551737926065795f,0.0310529777394139f,-0.4405579210219244f,-0.8971869542065105f,-0.1287468657686723f,0f,0f,0f,1f], start_interpolation: 0, interpolation_duration: 1 }
$data merge entity $(bone_tail_4) { transformation: [-0.1273971268944505f,-2.2469805011297734f,1.6001593455658183f,-0.6500021093927804f,2.7584201225037575f,-0.09015365195462595f,0.09301654909530441f,0.5458536390413489f,-0.02344635207008106f,1.602689077201761f,2.248666120613013f,0.23563299911363306f,0f,0f,0f,1f], start_interpolation: 0, interpolation_duration: 1 }
$data merge entity $(bone_tail_3) { transformation: [0.060146397283435044f,-1.8944488587625485f,0.862201518481349f,-0.7776609556759638f,2.068056596459725f,-0.043209987823972125f,-0.239207727375423f,0.5868372735448234f,0.23552038293465355f,0.8632160474238023f,1.880248316243572f,-0.09163487908906781f,0f,0f,0f,1f], start_interpolation: 0, interpolation_duration: 1 }
$data merge entity $(bone_tail_2) { transformation: [0.22084828551109298f,-1.941643507336896f,-0.004516658727705668f,-0.7771200332048337f,1.9142549553792259f,0.2184927515590175f,-0.32659264891455136f,0.6490176108894417f,0.3250044239632208f,0.032485118676420864f,1.926678674940814f,-0.449552183811444f,0f,0f,0f,1f], start_interpolation: 0, interpolation_duration: 1 }
$data merge entity $(bone_tail_1) { transformation: [0.5446707777715037f,-0.6177168020511493f,-1.2686275837713312f,-0.49709494467505005f,0.8859493339110383f,1.2081127494370194f,-0.20787884065078138f,0.6781364766774296f,1.0982184534892743f,-0.6682408152091779f,0.7968856199632421f,-0.6139137317718355f,0f,0f,0f,1f], start_interpolation: 0, interpolation_duration: 1 }
$data merge entity $(bone_tail_0) { transformation: [-0.2911732973021636f,-0.08379035624498385f,-1.2417862149833006f,-0.13623816141564715f,0.050755973523220324f,1.2734555871803093f,-0.09782849899181263f,0.7374549896093929f,1.2435745489008383f,-0.0715944150309199f,-0.2867617436941065f,-0.5318429860703494f,0f,0f,0f,1f], start_interpolation: 0, interpolation_duration: 1 }
$data merge entity $(bone_body_1) { transformation: [-1.0064915306236915f,0.1994306822940337f,-0.689787501190595f,0.010694698516162785f,0.022274521688585625f,1.1958231762126659f,0.31323373377151775f,0.5840853571428573f,0.7176929981005622f,0.24256737053576993f,-0.9770785159264526f,-0.32102455159089005f,0f,0f,0f,1f], start_interpolation: 0, interpolation_duration: 1 }