# This file was generated by Animated Java via MC-Build. It is not recommended to edit this file directly.
$data merge entity $(bone_head_lower) { transformation: [-0.03402660113137901f,0.010295446986065493f,0.9993678973165003f,-0.2244804796598166f,-0.381145331030084f,0.9242413329657602f,-0.02249877933672184f,0.5575386529536726f,-0.9238887525289036f,-0.38166996503396994f,-0.027524729636353634f,0.48478181842991563f,0f,0f,0f,1f], start_interpolation: 0, interpolation_duration: 1 }
$data merge entity $(bone_head_upper) { transformation: [-0.03541827493990194f,-0.5310812393259926f,0.8945223337735936f,-0.17475075030252077f,-0.3967340162586599f,0.8342927103157238f,0.4796141537119439f,0.6092126538497884f,-0.9616754175536889f,-0.3246233715146191f,-0.23080728004750312f,0.46128270905880997f,0f,0f,0f,1f], start_interpolation: 0, interpolation_duration: 1 }
$data merge entity $(bone_neck_0) { transformation: [-0.3633848460373912f,0.11725889615689376f,0.9242303852083895f,-0.1167741936796548f,-0.19183713319859821f,0.9613704249411245f,-0.19739660679622856f,0.5809057619430301f,-0.9116742663893308f,-0.24903264308236445f,-0.3268528333713614f,0.4444846434847147f,0f,0f,0f,1f], start_interpolation: 0, interpolation_duration: 1 }
$data merge entity $(bone_neck_1) { transformation: [-0.4965950670211887f,-0.1887959966544564f,0.8472009272052712f,-0.04587491519028631f,-0.33751671877577083f,0.9412441282409484f,0.011914512108098116f,0.5862512715398475f,-0.7996723103603487f,-0.28002778915526794f,-0.5311389962559279f,0.39820014628134714f,0f,0f,0f,1f], start_interpolation: 0, interpolation_duration: 1 }
$data merge entity $(bone_neck_2) { transformation: [-0.8114453047949683f,-0.27641978918351456f,0.5149258368677396f,-0.003469872435370641f,-0.2797987398645987f,0.9572821506989037f,0.07296265567716131f,0.6020157379537708f,-0.5130976344677329f,-0.08487039590471279f,-0.8541240152358401f,0.32254154239666866f,0f,0f,0f,1f], start_interpolation: 0, interpolation_duration: 1 }
$data merge entity $(bone_body_0) { transformation: [-0.9180896769099416f,-0.25334503709373524f,0.30484034728259435f,0.13778681192799958f,-0.320474422986942f,0.9270210621088133f,-0.19475136615139318f,0.5190611837971564f,-0.23325413042984977f,-0.27649275322623057f,-0.9322790719794116f,-0.1194720272711294f,0f,0f,0f,1f], start_interpolation: 0, interpolation_duration: 1 }
$data merge entity $(bone_leg_left_3) { transformation: [-0.8983007107155072f,-0.024843447455809197f,-0.43867828330853703f,0.4087864403190369f,-0.03559955227839317f,0.9992330387256194f,0.016309696402530924f,0.0665309158984344f,0.4379366449677312f,0.030267762349985544f,-0.8984961644641184f,-0.4126278817322082f,0f,0f,0f,1f], start_interpolation: 0, interpolation_duration: 1 }
$data merge entity $(bone_leg_left_2) { transformation: [-0.9912787104467458f,-0.2632781048613094f,-0.010646934599609009f,0.3455498101041389f,-0.2609250594333827f,0.9865876413796963f,-0.10307831361264978f,0.292912687580473f,0.03669919720398361f,-0.09691060250653319f,-1.0204526953990067f,-0.4666972271617695f,0f,0f,0f,1f], start_interpolation: 0, interpolation_duration: 1 }
$data merge entity $(bone_leg_left_1) { transformation: [-0.9898106594966889f,-0.04352733029405263f,0.1355737063895573f,0.3462471716223521f,0.12780501708318626f,0.14818104972046447f,0.9806672494338272f,0.2786126179305873f,-0.06277528140196498f,0.9880018967700487f,-0.14110817135690779f,-0.1895539296518225f,0f,0f,0f,1f], start_interpolation: 0, interpolation_duration: 1 }
$data merge entity $(bone_leg_left_0) { transformation: [-0.9997366846901664f,0.011577797804239842f,0.019812013595759792f,0.2329351617391684f,-0.0015082119883970957f,0.8283642518307146f,-0.5601878181338275f,0.6492827663158838f,-0.022897305110263277f,-0.5600701928213501f,-0.8281286690676413f,-0.3447032386309751f,0f,0f,0f,1f], start_interpolation: 0, interpolation_duration: 1 }
$data merge entity $(bone_leg_right_3) { transformation: [-0.9045080399190669f,-0.1396306838309582f,0.4029497212490248f,-0.12947313952517506f,-0.11018398323884925f,0.9893138101938302f,0.09548651631191984f,0.04110703870421811f,-0.41197657161468393f,0.04196971637579344f,-0.9102273602501447f,-0.19310277072243848f,0f,0f,0f,1f], start_interpolation: 0, interpolation_duration: 1 }
$data merge entity $(bone_leg_right_2) { transformation: [-1.0101897046114883f,0.17525895680423362f,-0.02938125690879612f,-0.08796135722786623f,0.1749015988821567f,0.950568643743931f,-0.3433524191555706f,0.25180074318244583f,-0.03143868486616438f,-0.34317014889324104f,-0.96607870150582f,-0.30290261994709666f,0f,0f,0f,1f], start_interpolation: 0, interpolation_duration: 1 }
$data merge entity $(bone_leg_right_1) { transformation: [-0.9434958574674054f,-0.05786558253779936f,-0.326293029805123f,-0.1051665786883044f,-0.3308781366365474f,0.2189011690490584f,0.917933514414242f,0.2559959539077376f,0.01830916813435101f,0.9740296979797468f,-0.22567880231805387f,-0.025955393527994725f,0f,0f,0f,1f], start_interpolation: 0, interpolation_duration: 1 }
$data merge entity $(bone_leg_right_0) { transformation: [-0.9595388185298291f,-0.2447236976010922f,0.13926797035509986f,-0.10101936326206758f,-0.2814524704732896f,0.8482588809945059f,-0.4485993509563191f,0.6582948118256765f,-0.008352400784312652f,-0.46964580552411805f,-0.8828154137500889f,-0.13751572736840337f,0f,0f,0f,1f], start_interpolation: 0, interpolation_duration: 1 }
$data merge entity $(bone_tail_4) { transformation: [-0.12342272146589778f,-2.3400405792811263f,1.461040126329048f,-0.7117523457972283f,2.754270411153009f,-0.02167478882234874f,0.19795463464274501f,0.5688117432724816f,-0.15627752772867612f,1.4660837706103815f,2.3349169243208325f,0.16662106938566523f,0f,0f,0f,1f], start_interpolation: 0, interpolation_duration: 1 }
$data merge entity $(bone_tail_3) { transformation: [0.033149505839539295f,-1.9688840082183368f,0.6770098954144871f,-0.807281130029349f,2.077002446738537f,-0.01575104633501535f,-0.1475068365396262f,0.5939775881171236f,0.14459416499005207f,0.6776379510962267f,1.963630530606351f,-0.17296932369275203f,0f,0f,0f,1f], start_interpolation: 0, interpolation_duration: 1 }
$data merge entity $(bone_tail_2) { transformation: [0.18975340413627437f,-1.9323580265916667f,-0.22081661551665635f,-0.766551301466912f,1.9243952546299101f,0.2186934669504843f,-0.26009603317589863f,0.6438038957878552f,0.2819049921149977f,-0.19219651293067866f,1.9241527878109643f,-0.5305024048171658f,0f,0f,0f,1f], start_interpolation: 0, interpolation_duration: 1 }
$data merge entity $(bone_tail_1) { transformation: [0.41543320228800706f,-0.5376255063312716f,-1.351306893114505f,-0.4695901114246674f,0.9068003198100125f,1.194477358613675f,-0.19645169826641293f,0.6706105261482734f,1.137006897265444f,-0.756200307260809f,0.6504096100685064f,-0.6623057931508575f,0f,0f,0f,1f], start_interpolation: 0, interpolation_duration: 1 }
$data merge entity $(bone_tail_0) { transformation: [-0.41983203542426745f,-0.084810683084642f,-1.2043188641926441f,-0.11970678119274032f,0.06466037143169387f,1.27164849030194f,-0.11209313120409979f,0.7340538876868301f,1.2055686687127611f,-0.09773935610357032f,-0.4133847117040341f,-0.5438637972064905f,0f,0f,0f,1f], start_interpolation: 0, interpolation_duration: 1 }
$data merge entity $(bone_body_1) { transformation: [-1.0503247106439475f,0.17866069811730434f,-0.6272981366265925f,0.014097182642884162f,0.02834390129119573f,1.2004596971193613f,0.29444478923549705f,0.5847401190476191f,0.6516281305518913f,0.2357572174856557f,-1.0239159677107874f,-0.3216975991392276f,0f,0f,0f,1f], start_interpolation: 0, interpolation_duration: 1 }