# This file was generated by Animated Java via MC-Build. It is not recommended to edit this file directly.
$data merge entity $(bone_head_lower) { transformation: [0.022552364601723662f,0.037959420335902994f,0.999024761083845f,-0.2603106023323673f,-0.4058154340752543f,0.9135977807734765f,-0.025552464305650946f,0.5738641857744585f,-0.9136767613971493f,-0.4048433985796743f,0.0360083088921887f,0.46846770712398034f,0f,0f,0f,1f], start_interpolation: 0, interpolation_duration: 1 }
$data merge entity $(bone_head_upper) { transformation: [0.02347474691711558f,-0.5050054736815113f,0.9098848006162085f,-0.20891801848055716f,-0.422413116239168f,0.8271394291538263f,0.46997815539842325f,0.6247053097684186f,-0.9510457602396422f,-0.3798444140359337f,-0.18628506552970311f,0.4468011677634294f,0f,0f,0f,1f], start_interpolation: 0, interpolation_duration: 1 }
$data merge entity $(bone_neck_0) { transformation: [-0.32230178422101696f,0.1255554846154362f,0.9382736169001729f,-0.15018134431657598f,-0.20327989715411807f,0.9588631150006446f,-0.19813836101136914f,0.5963948504279635f,-0.9245533209615115f,-0.25459251162248187f,-0.2835203867886683f,0.4328994680693767f,0f,0f,0f,1f], start_interpolation: 0, interpolation_duration: 1 }
$data merge entity $(bone_neck_1) { transformation: [-0.45322930383280574f,-0.18003737647926643f,0.8730233337189182f,-0.07705421920809652f,-0.3532330036869578f,0.9354867549498432f,0.009538155990619392f,0.6015125279728759f,-0.8184189900372056f,-0.3040576826588578f,-0.4875851539604186f,0.3901938502369845f,0f,0f,0f,1f], start_interpolation: 0, interpolation_duration: 1 }
$data merge entity $(bone_neck_2) { transformation: [-0.7846638226920963f,-0.2697684263066914f,0.5581466487637797f,-0.030797588175332624f,-0.2895363900747409f,0.9555955331892586f,0.05482568532379553f,0.6156715467170114f,-0.548152683274208f,-0.11858403398749595f,-0.8279290203287585f,0.3165000467807739f,0f,0f,0f,1f], start_interpolation: 0, interpolation_duration: 1 }
$data merge entity $(bone_body_0) { transformation: [-0.9062330204646076f,-0.23385378526937103f,0.35221317370987304f,0.13297141017280678f,-0.3227185577857169f,0.9208195570637976f,-0.21896135684074108f,0.5212478376485372f,-0.2731198364826348f,-0.31209573922759404f,-0.9099460448156693f,-0.11532721387899977f,0f,0f,0f,1f], start_interpolation: 0, interpolation_duration: 1 }
$data merge entity $(bone_leg_left_3) { transformation: [-0.9074570435016934f,-0.026112683124026745f,-0.4193326149719691f,0.40846431843351433f,-0.03681191913168958f,0.9991699757161362f,0.01744254102066059f,0.06713700605485165f,0.41852908717197596f,0.03126479501739374f,-0.9076650900984966f,-0.40953332370366996f,0f,0f,0f,1f], start_interpolation: 0, interpolation_duration: 1 }
$data merge entity $(bone_leg_left_2) { transformation: [-0.9942659474100219f,-0.2517804435454164f,0.0101996847803874f,0.3485473959565604f,-0.25169470893694096f,0.9902999882907826f,-0.08954276176843395f,0.29481674935662416f,0.012132551862426396f,-0.08930140502838299f,-1.0217339476331182f,-0.46190668484218467f,0f,0f,0f,1f], start_interpolation: 0, interpolation_duration: 1 }
$data merge entity $(bone_leg_left_1) { transformation: [-0.98698582684599f,-0.06323761692436468f,0.14785121376189245f,0.34318267728563995f,0.13827687601342864f,0.13559504607165473f,0.9810675252197439f,0.2768676730858124f,-0.08208826447857442f,0.9887441465245459f,-0.12508608854841713f,-0.18502686233001236f,0f,0f,0f,1f], start_interpolation: 0, interpolation_duration: 1 }
$data merge entity $(bone_leg_left_0) { transformation: [-0.9990415077507848f,0.027820725918398514f,0.03379457057593749f,0.2351907334791833f,0.004589769165551552f,0.8343658681147268f,-0.551191919520021f,0.6498709752751247f,-0.043531595537558865f,-0.5505084970593385f,-0.8336938256071126f,-0.3383681652892109f,0f,0f,0f,1f], start_interpolation: 0, interpolation_duration: 1 }
$data merge entity $(bone_leg_right_3) { transformation: [-0.9028420263767797f,-0.14305342195604476f,0.4054774887395553f,-0.13014981769745593f,-0.1145258584354177f,0.9889718700739766f,0.09390669812112801f,0.042086107138528395f,-0.41443950482247816f,0.03834525614789719f,-0.909268683158862f,-0.1915269747101236f,0f,0f,0f,1f], start_interpolation: 0, interpolation_duration: 1 }
$data merge entity $(bone_leg_right_2) { transformation: [-1.0090646174598785f,0.18369395114368928f,-0.010360000215411131f,-0.086085753871896f,0.17587927356581834f,0.9461187527889942f,-0.3549478641316957f,0.251382680565537f,-0.0540118359362412f,-0.35096728826902424f,-0.9622717306689303f,-0.30299165385515764f,0f,0f,0f,1f], start_interpolation: 0, interpolation_duration: 1 }
$data merge entity $(bone_leg_right_1) { transformation: [-0.9419340780725048f,-0.08293131383966075f,-0.32539605060683846f,-0.11011701982319018f,-0.33579653410347715f,0.22991920044052827f,0.9134428547823232f,0.2587113608937612f,-0.0009382162825184357f,0.9696698192960405f,-0.244416777854122f,-0.026618401963462324f,0f,0f,0f,1f], start_interpolation: 0, interpolation_duration: 1 }
$data merge entity $(bone_leg_right_0) { transformation: [-0.9575850663313678f,-0.23771453484091296f,0.1628577313624331f,-0.10536530703949172f,-0.28673822344584743f,0.8419953962922281f,-0.4569736795897693f,0.6598472980751295f,-0.02849617437954255f,-0.48428870784694344f,-0.874444060816739f,-0.14226726573522436f,0f,0f,0f,1f], start_interpolation: 0, interpolation_duration: 1 }
$data merge entity $(bone_tail_4) { transformation: [-0.11174860047278877f,-2.3846905891357344f,1.387956907104769f,-0.7402865514567898f,2.75037356734151f,0.01473519916614163f,0.2467578683135946f,0.579578783382297f,-0.220496761793701f,1.3923702810649896f,2.374520480022333f,0.12832225240965367f,0f,0f,0f,1f], start_interpolation: 0, interpolation_duration: 1 }
$data merge entity $(bone_tail_3) { transformation: [0.026606470464909666f,-1.9998212783884555f,0.5796140752937309f,-0.8189978582976362f,2.079748581261371f,-0.002151593623548227f,-0.10289186280088729f,0.5970464960670556f,0.09941559492935419f,0.580220433278669f,1.997349822723901f,-0.2160323796540583f,0f,0f,0f,1f], start_interpolation: 0, interpolation_duration: 1 }
$data merge entity $(bone_tail_2) { transformation: [0.17779346749000483f,-1.9178086514262866f,-0.3304138835387293f,-0.7578995186345643f,1.9285211714242043f,0.2180817835563227f,-0.22807959587013343f,0.6409239233075604f,0.2607095113133979f,-0.3053263617805665f,1.9124801276131858f,-0.5714381312089687f,0f,0f,0f,1f], start_interpolation: 0, interpolation_duration: 1 }
$data merge entity $(bone_tail_1) { transformation: [0.3486791368801094f,-0.49294659300010024f,-1.3867525972408117f,-0.45379318713415284f,0.9165708670965476f,1.1877645002723494f,-0.1917539764454949f,0.6667923795968344f,1.151510727303235f,-0.796162921984169f,0.572541611206736f,-0.6860105498331734f,0f,0f,0f,1f], start_interpolation: 0, interpolation_duration: 1 }
$data merge entity $(bone_tail_0) { transformation: [-0.48342252134524333f,-0.0839753227018996f,-1.1802908656841107f,-0.11091123779496351f,0.07073478009004422f,1.2706618559323484f,-0.11937652762666869f,0.7323403096070751f,1.1811583184848036f,-0.11046406492475083f,-0.47591851573402716f,-0.5496017928213471f,0f,0f,0f,1f], start_interpolation: 0, interpolation_duration: 1 }
$data merge entity $(bone_body_1) { transformation: [-1.071087222772328f,0.16873631068458295f,-0.594057921188387f,0.015833319494481694f,0.03137666231103458f,1.202654555057484f,0.28503003581720004f,0.5850675000000001f,0.616759484185149f,0.2318505417554398f,-1.0461633046573695f,-0.32200025821542233f,0f,0f,0f,1f], start_interpolation: 0, interpolation_duration: 1 }