# This file was generated by Animated Java via MC-Build. It is not recommended to edit this file directly.
$data merge entity $(bone_head_lower) { transformation: [0.1335158718526018f,0.09923139354296795f,0.9860662465062677f,-0.3294270392454375f,-0.4531191459896935f,0.8910002930095516f,-0.028311082537833265f,0.6001074625880282f,-0.8813946627368529f,-0.44302551663805273f,0.16392632523965073f,0.42915497364407695f,0f,0f,0f,1f], start_interpolation: 0, interpolation_duration: 1 }
$data merge entity $(bone_head_upper) { transformation: [0.13897661537975997f,-0.4408386534632488f,0.9326407264181649f,-0.27498901774997897f,-0.47165153026102785f,0.8097901525793151f,0.45305262980310307f,0.6493769270067388f,-0.917443337195014f,-0.48308708633308156f,-0.09163259593723502f,0.4117056704101287f,0f,0f,0f,1f], start_interpolation: 0, interpolation_duration: 1 }
$data merge entity $(bone_neck_0) { transformation: [-0.23825099609816744f,0.14430601428462492f,0.9604229469871678f,-0.21515164153726507f,-0.2260211297413861f,0.9535091045689498f,-0.19933598875904746f,0.6210832806994224f,-0.9445374062305094f,-0.2645678773876472f,-0.1945582855751366f,0.4037248032322147f,0f,0f,0f,1f], start_interpolation: 0, interpolation_duration: 1 }
$data merge entity $(bone_neck_1) { transformation: [-0.3638514367780329f,-0.15694400607811027f,0.9181398101110281f,-0.13809617045385444f,-0.38444306527091276f,0.9231326411811254f,0.005445764506883818f,0.6257973651151559f,-0.8484195079791987f,-0.350991033706153f,-0.39621917260301837f,0.36854286711769363f,0f,0f,0f,1f], start_interpolation: 0, interpolation_duration: 1 }
$data merge entity $(bone_neck_2) { transformation: [-0.7260748078873178f,-0.24881687635348837f,0.6410191380864436f,-0.08437415904399469f,-0.3089799519572552f,0.9508764887461496f,0.019112625101905784f,0.6367814495414015f,-0.6142855709194922f,-0.1841848668905418f,-0.7672868903927832f,0.2995194959052076f,0f,0f,0f,1f], start_interpolation: 0, interpolation_duration: 1 }
$data merge entity $(bone_body_0) { transformation: [-0.8769310712131944f,-0.18636244698478882f,0.44301347010527914f,0.12264109285552162f,-0.3272536426604381f,0.906604932081887f,-0.2664067388229351f,0.5198614977936679f,-0.35198998523587793f,-0.3785981186940037f,-0.8560178238886195f,-0.10752511475486787f,0f,0f,0f,1f], start_interpolation: 0, interpolation_duration: 1 }
$data merge entity $(bone_leg_left_3) { transformation: [-0.9253206994903319f,-0.02788450381371267f,-0.3781587729271739f,0.40750219778293517f,-0.038525450787870626f,0.9990452347530143f,0.020601178580012078f,0.0627836577201816f,0.377223266430259f,0.033631434170389385f,-0.9255114985235611f,-0.40336945664518886f,0f,0f,0f,1f], start_interpolation: 0, interpolation_duration: 1 }
$data merge entity $(bone_leg_left_2) { transformation: [-0.9983586395969731f,-0.22892166899137104f,0.05419497863253265f,0.3542669247920928f,-0.23201504116372706f,0.9971961715671975f,-0.06189519840999068f,0.2929558554850044f,-0.038874759376355275f,-0.07250423697014714f,-1.0223962481374336f,-0.4519270219848698f,0f,0f,0f,1f], start_interpolation: 0, interpolation_duration: 1 }
$data merge entity $(bone_leg_left_1) { transformation: [-0.9795615097355379f,-0.10483185742603542f,0.1716669167697752f,0.3361913953027794f,0.16015246951934656f,0.109878599651072f,0.9809576340727331f,0.26759058645810035f,-0.12169813125717371f,0.9884012216743393f,-0.09084376611075123f,-0.17616759055841913f,0f,0f,0f,1f], start_interpolation: 0, interpolation_duration: 1 }
$data merge entity $(bone_leg_left_0) { transformation: [-0.9961021366503019f,0.06101822535451634f,0.06369701355078333f,0.2391414001570688f,0.01778333167336374f,0.846221091380682f,-0.5325350858085154f,0.6452639414536281f,-0.08639610219968452f,-0.5293265916965377f,-0.844007744542447f,-0.32533666889938356f,0f,0f,0f,1f], start_interpolation: 0, interpolation_duration: 1 }
$data merge entity $(bone_leg_right_3) { transformation: [-0.8991317854396025f,-0.14791355260825162f,0.41192670873226783f,-0.13240984950651358f,-0.12159780552302354f,0.9885323190181274f,0.08954232490072561f,0.038559496554923606f,-0.42044738803348225f,0.030420966642236758f,-0.9068067923677972f,-0.188576577759565f,0f,0f,0f,1f], start_interpolation: 0, interpolation_duration: 1 }
$data merge entity $(bone_leg_right_2) { transformation: [-1.0050202371167556f,0.20297943969934712f,0.02821115995158639f,-0.08266461904922995f,0.17853306835669386f,0.9365478745799589f,-0.3782409570942826f,0.24490113422268328f,-0.10061046660074152f,-0.3657042865209459f,-0.9529953348948147f,-0.3031174555166099f,0f,0f,0f,1f], start_interpolation: 0, interpolation_duration: 1 }
$data merge entity $(bone_leg_right_1) { transformation: [-0.9377395235338183f,-0.13364627679042665f,-0.32059828243866845f,-0.12064447404842958f,-0.34502380549218287f,0.2520101296325705f,0.9041291214236311f,0.25854142828494237f,-0.040039476098719544f,0.9584516509780924f,-0.2824310058954371f,-0.02855442331471192f,0f,0f,0f,1f], start_interpolation: 0, interpolation_duration: 1 }
$data merge entity $(bone_leg_right_0) { transformation: [-0.9524413295955236f,-0.2209037219115997f,0.209897735394915f,-0.11371973128932751f,-0.29671655942370845f,0.8291705859579883f,-0.4737461585552366f,0.6571675499908207f,-0.06938873858248179f,-0.5134955550223284f,-0.8552821276808272f,-0.1524759371688592f,0f,0f,0f,1f], start_interpolation: 0, interpolation_duration: 1 }
$data merge entity $(bone_tail_4) { transformation: [-0.06965049822402974f,-2.4683879052174085f,1.2360709077854553f,-0.7915632558688448f,2.7393349079094858f,0.09131096810701424f,0.336701501350808f,0.5938975919962571f,-0.3418397314615029f,1.234659786370227f,2.446307859104113f,0.04473585604329894f,0f,0f,0f,1f], start_interpolation: 0, interpolation_duration: 1 }
$data merge entity $(bone_tail_3) { transformation: [0.027335919620252155f,-2.0476185056920935f,0.37743440316197857f,-0.835524628296484f,2.0820816041056545f,0.02478037228643531f,-0.01636010509180677f,0.5964291658494195f,0.011596007407052526f,0.37761079743708315f,2.0477356138709872f,-0.30617964988778695f,0f,0f,0f,1f], start_interpolation: 0, interpolation_duration: 1 }
$data merge entity $(bone_tail_2) { transformation: [0.16083875594500102f,-1.8683614320424868f,-0.5496638325785944f,-0.7336689729462582f,1.9350739411029312f,0.21561139947405136f,-0.1666566586848145f,0.6288924608008712f,0.2199854814600506f,-0.5305762515188228f,1.8678514674014632f,-0.6533727430264777f,0f,0f,0f,1f], start_interpolation: 0, interpolation_duration: 1 }
$data merge entity $(bone_tail_1) { transformation: [0.21203309411408125f,-0.39535736152731704f,-1.4444344130788935f,-0.4182125379847563f,0.9347515014293836f,1.1747018400717593f,-0.1843135033239193f,0.6533021185472129f,1.1700161740659498f,-0.8668473877322244f,0.4090159028765216f,-0.7319098886896243f,0f,0f,0f,1f], start_interpolation: 0, interpolation_duration: 1 }
$data merge entity $(bone_tail_0) { transformation: [-0.6077125456647303f,-0.07976703551462469f,-1.121676601552751f,-0.09235748548076246f,0.08111530170344292f,1.2685649539609656f,-0.13416028471794547f,0.7231196040061356f,1.1215799063175482f,-0.13496627064288821f,-0.5980621507147047f,-0.5603992045250692f,0f,0f,0f,1f], start_interpolation: 0, interpolation_duration: 1 }
$data merge entity $(bone_body_1) { transformation: [-1.1097881239446012f,0.14997901113825446f,-0.523909544888966f,0.01934199417681491f,0.03743819369538217f,1.2067973142622574f,0.2661638949941924f,0.5799538636363637f,0.543666530752629f,0.2230496213035202f,-1.0877868195708231f,-0.3225279813062176f,0f,0f,0f,1f], start_interpolation: 0, interpolation_duration: 1 }