# This file was generated by Animated Java via MC-Build. It is not recommended to edit this file directly.
$data merge entity $(bone_head_lower) { transformation: [0.15124666070123025f,0.11991580645289868f,0.9811955192465351f,-0.3619829146861514f,-0.4612907764666487f,0.8864674441973985f,-0.037232914537121464f,0.6129256391554365f,-0.8742626991777263f,-0.44698508894691685f,0.18939129622449255f,0.4075774476890484f,0f,0f,0f,1f], start_interpolation: 0, interpolation_duration: 1 }
$data merge entity $(bone_head_upper) { transformation: [0.1574325861044686f,-0.41845247938156144f,0.9399917265143295f,-0.30652972972769577f,-0.48015737701964445f,0.8111605689793745f,0.44151938486342784f,0.6614281639325369f,-0.9100196792979707f,-0.5003878459914755f,-0.07034294177767458f,0.3912096176555056f,0f,0f,0f,1f], start_interpolation: 0, interpolation_duration: 1 }
$data merge entity $(bone_neck_0) { transformation: [-0.1955803291682689f,0.15471955318063213f,0.9684060071612614f,-0.2463589730968065f,-0.2373107826392506f,0.950662226280835f,-0.19981222176311633f,0.6331535816478461f,-0.9515418683828777f,-0.26889252757626414f,-0.14921421288895423f,0.3862332437357298f,0f,0f,0f,1f], start_interpolation: 0, interpolation_duration: 1 }
$data merge entity $(bone_neck_1) { transformation: [-0.31823717318535866f,-0.14265042179331766f,0.9372171353348062f,-0.16762155342094626f,-0.3999136586942171f,0.9165453031520789f,0.0037111803605935235f,0.6376903769770893f,-0.8595313648685527f,-0.37362489803551924f,-0.34872663846507435f,0.3549702772184708f,0f,0f,0f,1f], start_interpolation: 0, interpolation_duration: 1 }
$data merge entity $(bone_neck_2) { transformation: [-0.6944661113541277f,-0.23458840717345322f,0.6802095996091927f,-0.11032685804716645f,-0.31866807260403646f,0.9478651056649139f,0.001549504975811189f,0.6471063170344082f,-0.6451104399120391f,-0.21568500337914928f,-0.7330160295885977f,0.2886408844200787f,0f,0f,0f,1f], start_interpolation: 0, interpolation_duration: 1 }
$data merge entity $(bone_body_0) { transformation: [-0.8595049122498254f,-0.15859290936062304f,0.4859008076953083f,0.11716557478880683f,-0.3295382882520508f,0.8986254376942877f,-0.28961498459965423f,0.5191723914246186f,-0.39071194298911305f,-0.4090484223527611f,-0.8246354138505023f,-0.10390339127829906f,0f,0f,0f,1f], start_interpolation: 0, interpolation_duration: 1 }
$data merge entity $(bone_leg_left_3) { transformation: [-0.9339023840730232f,-0.028416973964322915f,-0.3563969873798526f,0.4068904767679562f,-0.039032186251963f,0.9989817339995514f,0.022627053976177383f,0.060725470114412816f,0.35539108804121106f,0.03504241324394991f,-0.9340605996480763f,-0.400363357936986f,0f,0f,0f,1f], start_interpolation: 0, interpolation_duration: 1 }
$data merge entity $(bone_leg_left_2) { transformation: [-0.9993590853662858f,-0.21766502507352326f,0.0772370044492779f,0.35698966086664263f,-0.22157218113128502f,1.0003423030327696f,-0.047783311025011425f,0.2920833479113854f,-0.06518731889930982f,-0.0632409133673007f,-1.0216718650485992f,-0.44678009004599917f,0f,0f,0f,1f], start_interpolation: 0, interpolation_duration: 1 }
$data merge entity $(bone_leg_left_1) { transformation: [-0.9749128778967591f,-0.12661418724611656f,0.18306755064474006f,0.3322993257862048f,0.17153631698854757f,0.0967458088823197f,0.9804160037543809f,0.26295231963604077f,-0.14184559374567685f,0.9872229211539362f,-0.072599803603215f,-0.17190710809796853f,0f,0f,0f,1f], start_interpolation: 0, interpolation_duration: 1 }
$data merge entity $(bone_leg_left_0) { transformation: [-0.9937855056270148f,0.07783481599617748f,0.07957455764564389f,0.24082890706176108f,0.024867875534332243f,0.8520561623453589f,-0.5228593357450054f,0.6429528063687734f,-0.10849865239747292f,-0.5176311791499237f,-0.8486966506354268f,-0.31867246894893464f,0f,0f,0f,1f], start_interpolation: 0, interpolation_duration: 1 }
$data merge entity $(bone_leg_right_3) { transformation: [-0.8971310392476237f,-0.14932572334602806f,0.41576162252625565f,-0.1339749778999994f,-0.12429486258603192f,0.9884408902286377f,0.08680664524527298f,0.03693872028697126f,-0.42391825338524697f,0.02619990212204476f,-0.9053214233495182f,-0.18722197766120208f,0f,0f,0f,1f], start_interpolation: 0, interpolation_duration: 1 }
$data merge entity $(bone_leg_right_2) { transformation: [-1.002042038778084f,0.21379469822574734f,0.047600199923082336f,-0.0811141385142867f,0.18020492818304842f,0.9314230145102781f,-0.3899224940931517f,0.24172215500999894f,-0.12449954168870725f,-0.372565691592561f,-0.9475003266849853f,-0.3031553576192324f,0f,0f,0f,1f], start_interpolation: 0, interpolation_duration: 1 }
$data merge entity $(bone_leg_right_1) { transformation: [-0.9350905463406814f,-0.15911757670276605f,-0.31668164918183284f,-0.12616871722570247f,-0.3493300298942972f,0.2630764537869258f,0.8993104634534979f,0.25853862592077664f,-0.05978461640201f,0.9515631225762876f,-0.30158485272727087f,-0.02984111191841013f,0f,0f,0f,1f], start_interpolation: 0, interpolation_duration: 1 }
$data merge entity $(bone_leg_right_0) { transformation: [-0.9492367285416221f,-0.21113216466643914f,0.23317984953863943f,-0.11767527011147051f,-0.30140615535815724f,0.8226150217636798f,-0.4821398712831732f,0.6558194064431673f,-0.09002201230706464f,-0.5279467160727531f,-0.8444929261327074f,-0.15791578290409297f,0f,0f,0f,1f], start_interpolation: 0, interpolation_duration: 1 }
$data merge entity $(bone_tail_4) { transformation: [-0.03965522779305093f,-2.5067131955698008f,1.1577900283146845f,-0.8138743225906904f,2.7323535365457503f,0.1312404558960858f,0.37773194948550587f,0.6003284999137809f,-0.3979107259607543f,1.1510109597620797f,2.4784071812906294f,-0.0002445439731217358f,0f,0f,0f,1f], start_interpolation: 0, interpolation_duration: 1 }
$data merge entity $(bone_tail_3) { transformation: [0.03443836926920756f,-2.0639535184348237f,0.2735971463795521f,-0.84006888255954f,2.081788645717623f,0.03811289818996229f,0.025474842437080147f,0.5956359434071782f,-0.030258210913902267f,0.2731095142548459f,2.0640836126330293f,-0.35290943927209584f,0f,0f,0f,1f], start_interpolation: 0, interpolation_duration: 1 }
$data merge entity $(bone_tail_2) { transformation: [0.1556928756272262f,-1.8334052152090585f,-0.6581480990825139f,-0.7180417261731635f,1.9375759455967179f,0.21382668425378096f,-0.1373006888139905f,0.6226434530935997f,0.20083092024558222f,-0.6416208701001207f,1.8348742397036517f,-0.6940127249407233f,0f,0f,0f,1f], start_interpolation: 0, interpolation_duration: 1 }
$data merge entity $(bone_tail_1) { transformation: [0.14263866011337709f,-0.3429393971971048f,-1.4661865612844591f,-0.39847892957791003f,0.9431423522828697f,1.1684106610976506f,-0.18153589276968699f,0.6465242868192176f,1.1737942604951672f,-0.8971428798599689f,0.3240338518506451f,-0.7538959597532991f,0f,0f,0f,1f], start_interpolation: 0, interpolation_duration: 1 }
$data merge entity $(bone_tail_0) { transformation: [-0.6678467658956299f,-0.07647290886716185f,-1.08718365885262f,-0.08262402347749598f,0.08541839016724818f,1.2674705009515344f,-0.14162607253938062f,0.7184970378999023f,1.0865174239228799f,-0.14664971875557378f,-0.6571221074388895f,-0.5654085259680262f,0f,0f,0f,1f], start_interpolation: 0, interpolation_duration: 1 }
$data merge entity $(bone_body_1) { transformation: [-1.127536140295531f,0.14121177680160285f,-0.487161247921303f,0.021122527345947287f,0.040466910876740314f,1.208745178722354f,0.2567140765439417f,0.5773970454545455f,0.5055979395802568f,0.21817177192352158f,-1.1069672065983707f,-0.3227495736683217f,0f,0f,0f,1f], start_interpolation: 0, interpolation_duration: 1 }