# This file was generated by Animated Java via MC-Build. It is not recommended to edit this file directly.
$data merge entity $(bone_head_lower) { transformation: [0.18559418771308847f,0.16288316826830979f,0.9690324406241494f,-0.42322720210299086f,-0.4770599999209437f,0.8770810898944278f,-0.05605816822758247f,0.638035984850635f,-0.8590509612139129f,-0.451882545850667f,0.24048619667866958f,0.35875643408418917f,0f,0f,0f,1f], start_interpolation: 0, interpolation_duration: 1 }
$data merge entity $(bone_head_upper) { transformation: [0.19318491265964227f,-0.37090081624265137f,0.9531967879796531f,-0.36578483642517545f,-0.4965715551427104f,0.814045171474356f,0.41739560611719906f,0.6849351574318474f,-0.8941857875896615f,-0.5321982580705511f,-0.025859891005852505f,0.34474576927731265f,0f,0f,0f,1f], start_interpolation: 0, interpolation_duration: 1 }
$data merge entity $(bone_neck_0) { transformation: [-0.109736093712961f,0.17748355794301107f,0.9779864909069601f,-0.3053918286502661f,-0.25970688008652576f,0.9446289104990395f,-0.20057058080665924f,0.6567167069960711f,-0.9594322936884826f,-0.2759996523716787f,-0.057566185546459425f,0.3458134402005193f,0f,0f,0f,1f], start_interpolation: 0, interpolation_duration: 1 }
$data merge entity $(bone_neck_1) { transformation: [-0.22621136169527717f,-0.10878013424500775f,0.9679851766600592f,-0.22389191586266544f,-0.4305313840373345f,0.902575237488802f,0.0008173315911134092f,0.6609439970065217f,-0.873768360149797f,-0.41656310814289677f,-0.25100603525705045f,0.3226308803912086f,0f,0f,0f,1f], start_interpolation: 0, interpolation_duration: 1 }
$data merge entity $(bone_neck_2) { transformation: [-0.6272150273006264f,-0.19895697108304042f,0.7530055997041033f,-0.15987089088159806f,-0.33793434247626575f,0.9405923283637836f,-0.03296137130536686f,0.6672653204347735f,-0.7017133956989904f,-0.2751403196201141f,-0.6571880361174671f,0.26236248382526683f,0f,0f,0f,1f], start_interpolation: 0, interpolation_duration: 1 }
$data merge entity $(bone_body_0) { transformation: [-0.8192561382153538f,-0.09576266226075952f,0.565375001669862f,0.10567596818779007f,-0.3341262128752429f,0.8810074488918402f,-0.33494111253582964f,0.5178015273358149f,-0.4660247352513733f,-0.4633091705479432f,-0.7537675759941284f,-0.09729894709828818f,0f,0f,0f,1f], start_interpolation: 0, interpolation_duration: 1 }
$data merge entity $(bone_leg_left_3) { transformation: [-0.9500602908585951f,-0.02885905918378698f,-0.31072913998643326f,0.40545849819408625f,-0.03935738896056008f,0.9988448344023421f,0.02756796550282136f,0.056889755051831664f,0.3095746108257085f,0.03842071694781635f,-0.9500986311122266f,-0.39465766731986623f,0f,0f,0f,1f], start_interpolation: 0, interpolation_duration: 1 }
$data merge entity $(bone_leg_left_2) { transformation: [-0.9990426355032442f,-0.19577091803067798f,0.12509899920004086f,0.3621408078071232f,-0.1994991764624557f,1.0059332147080386f,-0.018990672411660928f,0.29047493132200536f,-0.11906338873989873f,-0.042828900304241004f,-1.017866294884154f,-0.43628236182188856f,0f,0f,0f,1f], start_interpolation: 0, interpolation_duration: 1 }
$data merge entity $(bone_leg_left_1) { transformation: [-0.9636602916715972f,-0.17185440177702638f,0.2045113856128131f,0.3237987173154753f,0.19514244295937463f,0.06993177712659365f,0.9782785766353895f,0.2537025989236242f,-0.1824233241974819f,0.9826370698980256f,-0.033854388946835734f,-0.1639019929872772f,0f,0f,0f,1f], start_interpolation: 0, interpolation_duration: 1 }
$data merge entity $(bone_leg_left_0) { transformation: [-0.9873095197178177f,0.11153842739575759f,0.11304464378577855f,0.243589756903115f,0.03998311153032179f,0.8634894220827929f,-0.5027796423319845f,0.6383150759807673f,-0.15369210476444817f,-0.49187925059429555f,-0.8569909799804594f,-0.3051359964212593f,0f,0f,0f,1f], start_interpolation: 0, interpolation_duration: 1 }
$data merge entity $(bone_leg_right_3) { transformation: [-0.8929465814128027f,-0.1500664789899794f,0.4244130707538813f,-0.13794853397651555f,-0.12793660550632324f,0.988521827649449f,0.08035434793533708f,0.03398376917330431f,-0.43160007844613324f,0.017454172685747615f,-0.9018961825737752f,-0.18480192752131386f,0f,0f,0f,1f], start_interpolation: 0, interpolation_duration: 1 }
$data merge entity $(bone_leg_right_2) { transformation: [-0.9940637762771145f,0.23764354567103824f,0.08616816926959987f,-0.07834901717760338f,0.18422639665169477f,0.9204853727901795f,-0.4133152704132184f,0.23548847510561854f,-0.17308969631699556f,-0.38509014942077713f,-0.9347768361211508f,-0.30318614585502335f,0f,0f,0f,1f], start_interpolation: 0, interpolation_duration: 1 }
$data merge entity $(bone_leg_right_1) { transformation: [-0.9286791488751985f,-0.20982613278844553f,-0.30582353153981245f,-0.1376277127892637f,-0.35732156379181096f,0.28523433913593743f,0.8893608220666459f,0.2586930863075313f,-0.0993797690368201f,0.9352081938139396f,-0.3398665851910975f,-0.033073265885715186f,0f,0f,0f,1f], start_interpolation: 0, interpolation_duration: 1 }
$data merge entity $(bone_leg_right_0) { transformation: [-0.9415588081115552f,-0.1889794935041879f,0.2788436154952234f,-0.1250464779590286f,-0.31017925883697717f,0.809232134305723f,-0.4989310375135501f,0.6531063142362168f,-0.13136147934189432f,-0.5562644189968513f,-0.820557163092983f,-0.16940813570805485f,0f,0f,0f,1f], start_interpolation: 0, interpolation_duration: 1 }
$data merge entity $(bone_tail_4) { transformation: [0.036720699347905034f,-2.574619749108561f,0.9978206599081674f,-0.8509123729300146f,2.7158665736551337f,0.21379205125800174f,0.4516891016192679f,0.6117305915273689f,-0.4983790484582256f,0.9753396525924009f,2.5349540859232156f,-0.09565031755857112f,0f,0f,0f,1f], start_interpolation: 0, interpolation_duration: 1 }
$data merge entity $(bone_tail_3) { transformation: [0.061365311889293936f,-2.0804382258780825f,0.06290161243108487f,-0.8412194406069484f,2.078587391159678f,0.06451864698555795f,0.10610055394577624f,0.593108492819549f,-0.10795499920419306f,0.0596628740579409f,2.078636953787364f,-0.44869417876771645f,0f,0f,0f,1f], start_interpolation: 0, interpolation_duration: 1 }
$data merge entity $(bone_tail_2) { transformation: [0.15152574079550243f,-1.7432976969394574f,-0.8699005487552782f,-0.6798096063449959f,1.9412159761583743f,0.20935005148301844f,-0.0814061720898653f,0.6097269603027965f,0.16581422974715196f,-0.8578225753571758f,1.7479759567636266f,-0.7737206021723033f,0f,0f,0f,1f], start_interpolation: 0, interpolation_duration: 1 }
$data merge entity $(bone_tail_1) { transformation: [0.0030397588740291737f,-0.23226248558446613f,-1.4945571744353288f,-0.35536131237249113f,0.958479649787543f,1.15644766875134f,-0.17776895224628023f,0.632928772855526f,1.170027252165152f,-0.9467519090182586f,0.14951020687948452f,-0.7954382777253477f,0f,0f,0f,1f], start_interpolation: 0, interpolation_duration: 1 }
$data merge entity $(bone_tail_0) { transformation: [-0.7827126758234744f,-0.06774267060780724f,-1.008269564287352f,-0.06235626263749838f,0.09224777619619295f,1.265225998120834f,-0.15661812810152081f,0.7092283871677226f,1.0063234725853023f,-0.16867074684748812f,-0.7698694462477366f,-0.5745348576830457f,0f,0f,0f,1f], start_interpolation: 0, interpolation_duration: 1 }
$data merge entity $(bone_body_1) { transformation: [-1.159402606426795f,0.12505511316401208f,-0.41079363424783044f,0.024724153698397228f,0.046520115397936955f,1.212393844729371f,0.2377848590258569f,0.5722834090909091f,0.42687945620557427f,0.2075258513778949f,-1.1416267104162214f,-0.3231009779505415f,0f,0f,0f,1f], start_interpolation: 0, interpolation_duration: 1 }