# This file was generated by Animated Java via MC-Build. It is not recommended to edit this file directly.
$data merge entity $(bone_head_lower) { transformation: [0.20208168005288824f,0.1850209526292484f,0.961732936773597f,-0.4515907477704499f,-0.48463575789087776f,0.8722249515266364f,-0.06596829623305334f,0.6503195603555383f,-0.8510529811712879f,-0.4527591865688895f,0.2659284531917198f,0.33174303554790924f,0f,0f,0f,1f], start_interpolation: 0, interpolation_duration: 1 }
$data merge entity $(bone_head_upper) { transformation: [0.21034673656635136f,-0.34586538418465496f,0.9589595033275359f,-0.3931836241484213f,-0.504457158457049f,0.8155575991290434f,0.40479713483153296f,0.6963817407637006f,-0.8858606934957849f,-0.5465481507691516f,-0.002809482780652568f,0.3190017664571223f,0f,0f,0f,1f], start_interpolation: 0, interpolation_duration: 1 }
$data merge entity $(bone_neck_0) { transformation: [-0.06689798736192343f,0.18976053702345827f,0.9795486704985581f,-0.3329027233649586f,-0.27080509801481617f,0.9414428198411321f,-0.20087313374058774f,0.6681990290248957f,-0.9603068562579931f,-0.2787047820869724f,-0.011592509035723647f,0.3230863734245843f,0f,0f,0f,1f], start_interpolation: 0, interpolation_duration: 1 }
$data merge entity $(bone_neck_1) { transformation: [-0.18024356681438763f,-0.08933477236325703f,0.9795568156410492f,-0.25033295852638743f,-0.44565804834619654f,0.8952032021721256f,-0.00036161448003395325f,0.6722924847842535f,-0.8768700933241403f,-0.43661255738649785f,-0.20116737848402583f,0.3040334366698348f,0f,0f,0f,1f], start_interpolation: 0, interpolation_duration: 1 }
$data merge entity $(bone_neck_2) { transformation: [-0.5918523776709558f,-0.1777486971044334f,0.7862036401104441f,-0.18319589396299973f,-0.34749618177631414f,0.9363527486921462f,-0.0498992351398872f,0.6770884161719f,-0.7272944154165624f,-0.302735743998523f,-0.6159495942116865f,0.24710766045134888f,0f,0f,0f,1f], start_interpolation: 0, interpolation_duration: 1 }
$data merge entity $(bone_body_0) { transformation: [-0.7965428426847408f,-0.06107591314448779f,0.6014891791223506f,0.09970187615534964f,-0.3364233467278315f,0.8714034455658537f,-0.35703692642695073f,0.5171194587086738f,-0.5023333868499659f,-0.4867502109804631f,-0.7146575407608295f,-0.09434466274080486f,0f,0f,0f,1f], start_interpolation: 0, interpolation_duration: 1 }
$data merge entity $(bone_leg_left_3) { transformation: [-0.9575183733308994f,-0.02880519133562514f,-0.2869300013694387f,0.4046633220829675f,-0.039179649385236756f,0.9987672101939713f,0.030479745986481115f,0.05512997585574406f,0.2856983020737045f,0.04042673364827466f,-0.9574665317381763f,-0.3920211186071625f,0f,0f,0f,1f], start_interpolation: 0, interpolation_duration: 1 }
$data merge entity $(bone_leg_left_2) { transformation: [-0.9976549760955381f,-0.1852461197232851f,0.14976856579393252f,0.36456349979082703f,-0.1878776587826903f,1.0083380179404258f,-0.004315832133212513f,0.28974725593310047f,-0.14645386134493057f,-0.031630937452650096f,-1.0146984526418275f,-0.430980176697132f,0f,0f,0f,1f], start_interpolation: 0, interpolation_duration: 1 }
$data merge entity $(bone_leg_left_1) { transformation: [-0.9570435819274761f,-0.195169925019929f,0.21442080743048558f,0.3192299757613085f,0.20734169825368448f,0.056253597499484f,0.9766498619943811f,0.24910241469630534f,-0.20267462213287635f,0.9791548565656406f,-0.013370280745536145f,-0.1602288994339096f,0f,0f,0f,1f], start_interpolation: 0, interpolation_duration: 1 }
$data merge entity $(bone_leg_left_0) { transformation: [-0.9831077058759312f,0.12826914899621575f,0.13056134214670878f,0.24465264020239458f,0.04800136420725164f,0.8690648129128459f,-0.49236391012238445f,0.6359883930347594f,-0.17662136813422702f,-0.4777796316007486f,-0.8605414086177646f,-0.29830402156126296f,0f,0f,0f,1f], start_interpolation: 0, interpolation_duration: 1 }
$data merge entity $(bone_leg_right_3) { transformation: [-0.8908101651508225f,-0.14938288999735028f,0.42911770161577295f,-0.14034040314647714f,-0.1288547758389224f,0.9886936756758806f,0.0766893892400865f,0.03265012189006414f,-0.43572204030490036f,0.013021822244062842f,-0.8999870753171837f,-0.1837523555390792f,0f,0f,0f,1f], start_interpolation: 0, interpolation_duration: 1 }
$data merge entity $(bone_leg_right_2) { transformation: [-0.9890387423196394f,0.25060765478126373f,0.10516828921550038f,-0.07713957825518335f,0.18657053654997952f,0.9146692176584166f,-0.42501041947261353f,0.23243402136804425f,-0.1976259107074097f,-0.39068942285896263f,-0.9275602264995472f,-0.3031806658697875f,0f,0f,0f,1f], start_interpolation: 0, interpolation_duration: 1 }
$data merge entity $(bone_leg_right_1) { transformation: [-0.9249269566056886f,-0.2348665924495453f,-0.29891103809541375f,-0.14351286971867308f,-0.3610046504425251f,0.2963192932413623f,0.8842344252582627f,0.2588486020857356f,-0.11910401883651535f,0.9257605307011518f,-0.35886163418915706f,-0.03501981532374526f,0f,0f,0f,1f], start_interpolation: 0, interpolation_duration: 1 }
$data merge entity $(bone_leg_right_0) { transformation: [-0.9370998952186762f,-0.17667215999609304f,0.3010493884123679f,-0.12842552734979729f,-0.31426019978746683f,0.8024106922258596f,-0.5073239673336538f,0.6517412610597733f,-0.15193522702351583f,-0.5700210775786556f,-0.8074600039044538f,-0.1754299616416236f,0f,0f,0f,1f], start_interpolation: 0, interpolation_duration: 1 }
$data merge entity $(bone_tail_4) { transformation: [0.08233038143798219f,-2.603584328625685f,0.9166415240578052f,-0.8653250989749242f,2.7065192821367465f,0.2561797126466116f,0.4845478942790816f,0.6167045271036558f,-0.5418822891682923f,0.8839581043030483f,2.5594223930650233f,-0.14563805313606132f,0f,0f,0f,1f], start_interpolation: 0, interpolation_duration: 1 }
$data merge entity $(bone_tail_3) { transformation: [0.08076069041828825f,-2.0802837570595845f,-0.042926996653207546f,-0.8376890569537322f,2.0758008503981773f,0.07759812439098618f,0.14482709215353787f,0.5913878456665924f,-0.14308761796119773f,-0.04841019778418721f,2.0768071437620614f,-0.4973140663317054f,0f,0f,0f,1f], start_interpolation: 0, interpolation_duration: 1 }
$data merge entity $(bone_tail_2) { transformation: [0.15223080773006623f,-1.6884342653691569f,-0.9720027714507521f,-0.6572850662274415f,1.9424261439427397f,0.20673725138639848f,-0.05490226971367786f,0.6030795687153814f,0.15026753311466873f,-0.961885292235664f,1.6943937641749984f,-0.8124159351159439f,0f,0f,0f,1f], start_interpolation: 0, interpolation_duration: 1 }
$data merge entity $(bone_tail_1) { transformation: [-0.0665967576541441f,-0.17463337932894452f,-1.500907826848174f,-0.3321081102286896f,0.965409002350107f,1.1508282651445902f,-0.17673712775097608f,0.6261214154440072f,1.1624141172797786f,-0.9657917668775431f,0.06079418541461864f,-0.8148028966883984f,0f,0f,0f,1f], start_interpolation: 0, interpolation_duration: 1 }
$data merge entity $(bone_tail_0) { transformation: [-0.8369099936584289f,-0.06241823233934f,-0.9641168722568381f,-0.05187701512897975f,0.09477512255481928f,1.2640892210112558f,-0.1641092137934466f,0.7045826666477701f,0.9614754574316472f,-0.1789360840602485f,-0.8230325261870373f,-0.5786117099359316f,0f,0f,0f,1f], start_interpolation: 0, interpolation_duration: 1 }
$data merge entity $(bone_body_1) { transformation: [-1.173372986577678f,0.11772436527897558f,-0.3714046354660808f,0.026539788634812635f,0.04954454966622724f,1.2140946568914883f,0.22830702302417258f,0.569726590909091f,0.38645280051307784f,0.20179131047557933f,-1.1569525033675312f,-0.3232285359975029f,0f,0f,0f,1f], start_interpolation: 0, interpolation_duration: 1 }