# This file was generated by Animated Java via MC-Build. It is not recommended to edit this file directly.
$data merge entity $(bone_head_lower) { transformation: [-0.9536008722760115f,-0.08552656195988573f,0.28867037186686034f,0.2117178166244062f,0.12565927145209171f,0.7582372465355075f,0.639754660369412f,0.660411124004209f,-0.27359664451991944f,0.6463447107895087f,-0.7123084942227398f,0.7180522974070387f,0f,0f,0f,1f], start_interpolation: 0, interpolation_duration: 1 }
$data merge entity $(bone_head_upper) { transformation: [-0.9926027506184038f,-0.09916861560357915f,0.2972832113112938f,0.22967680068070376f,0.1307986832964525f,0.766199408616324f,0.6923164834578308f,0.7253830072904004f,-0.2847866332821823f,0.6975499942647638f,-0.7181869684062325f,0.6841172747061766f,0f,0f,0f,1f], start_interpolation: 0, interpolation_duration: 1 }
$data merge entity $(bone_neck_0) { transformation: [-0.9880258500780189f,-0.05384411876502715f,0.14458814077242127f,0.240219387823898f,-0.04912028334783165f,0.9981421781408749f,0.03604705230693271f,0.7115280302045361f,-0.1462604435294677f,0.028513209054886416f,-0.9888351124267157f,0.6197617798314169f,0f,0f,0f,1f], start_interpolation: 0, interpolation_duration: 1 }
$data merge entity $(bone_neck_1) { transformation: [-0.9973493440601543f,-0.05412441281989709f,-0.04862955726388207f,0.23585048165639844f,-0.05551926180996222f,0.9980703963184461f,0.02780459603764826f,0.7184814299812875f,0.04703081405692111f,0.030430772741441993f,-0.9984298025397188f,0.5353218619313177f,0f,0f,0f,1f], start_interpolation: 0, interpolation_duration: 1 }
$data merge entity $(bone_neck_2) { transformation: [-0.9671834932966703f,0.013028402508912074f,-0.2537446571309735f,0.21374810281011047f,0.006239484867471324f,0.9996011908810679f,0.027541387360470015f,0.7306809824839399f,0.25400228172801537f,0.025054339289165672f,-0.9668790622201648f,0.45086130212846753f,0f,0f,0f,1f], start_interpolation: 0, interpolation_duration: 1 }
$data merge entity $(bone_body_0) { transformation: [-0.9339024160338074f,-0.0822984273806475f,-0.34792707019846747f,0.04898738395825112f,-0.004039171334291449f,0.9755128769739723f,-0.21990523402796924f,0.6363334498754588f,0.35750519215970733f,-0.20396469230883074f,-0.9113662501268164f,0.01939478741703002f,0f,0f,0f,1f], start_interpolation: 0, interpolation_duration: 1 }
$data merge entity $(bone_leg_left_3) { transformation: [-0.983285035221297f,0.09715646707659517f,-0.1539842862601455f,0.28433712663181127f,0.0989735905324937f,0.995081362563021f,-0.004160559677181652f,0.01990309338627197f,0.15282266810574335f,-0.019331393765467803f,-0.9880645370258594f,-0.25236746076831157f,0f,0f,0f,1f], start_interpolation: 0, interpolation_duration: 1 }
$data merge entity $(bone_leg_left_2) { transformation: [-1.012142532518752f,-0.14791895272359287f,-0.07582662324260463f,0.24594383527828592f,-0.1231277496064733f,0.981514129691423f,-0.27116742059773286f,0.2401213063151792f,0.11166579890040615f,-0.2584805527345098f,-0.9862964831705983f,-0.34292664550104524f,0f,0f,0f,1f], start_interpolation: 0, interpolation_duration: 1 }
$data merge entity $(bone_leg_left_1) { transformation: [-0.9718456445373163f,-0.013287625059862562f,0.235243453073866f,0.2492124856142041f,0.19887672880829363f,0.48913059196079944f,0.8492345440139549f,0.3240018328827968f,-0.12634907966566358f,0.8721093412114939f,-0.4727168360015257f,-0.07841434172769282f,0f,0f,0f,1f], start_interpolation: 0, interpolation_duration: 1 }
$data merge entity $(bone_leg_left_0) { transformation: [-0.9838673294351756f,0.17752742373491065f,0.02211542204301442f,0.20271539959095627f,0.1476243949918717f,0.8754691291800561f,-0.4601747948942858f,0.7223656889353749f,-0.10105501508277084f,-0.44948617072693087f,-0.8875528526526526f,-0.19439510628251308f,0f,0f,0f,1f], start_interpolation: 0, interpolation_duration: 1 }
$data merge entity $(bone_leg_right_3) { transformation: [-0.9241964527611326f,0.03311964788688572f,0.38047865331393904f,-0.2698796105457681f,0.048889960676601105f,0.9982960160069473f,0.031856493367878935f,0.04386266303891012f,-0.3787752479357389f,0.04804324456680703f,-0.9242408550820042f,-0.09129152190557899f,0f,0f,0f,1f], start_interpolation: 0, interpolation_duration: 1 }
$data merge entity $(bone_leg_right_2) { transformation: [-0.9848328367106872f,0.22624622057034588f,0.1760088944193161f,-0.21017463354321486f,0.11852931267005162f,0.894863222088441f,-0.4870655143737371f,0.23721759099831757f,-0.2609928835716422f,-0.44731941711915696f,-0.8853531799761223f,-0.2225175087410857f,0f,0f,0f,1f], start_interpolation: 0, interpolation_duration: 1 }
$data merge entity $(bone_leg_right_1) { transformation: [-0.9827462497866764f,-0.09956620726887765f,-0.1558729575658155f,-0.2485287492493996f,-0.18491458474716482f,0.5473550689531546f,0.816216285575748f,0.33894511788426285f,0.00405029357050059f,0.8309566768859726f,-0.556322385187415f,0.03281337020196648f,0f,0f,0f,1f], start_interpolation: 0, interpolation_duration: 1 }
$data merge entity $(bone_leg_right_0) { transformation: [-0.9903708381122533f,-0.10025915173047881f,0.09546572951126278f,-0.18050926950096693f,-0.13584281309638946f,0.8367219251235236f,-0.5305121583410167f,0.726451552534814f,-0.026689570002009694f,-0.5383721041360422f,-0.8422844794612083f,-0.10689844763612413f,0f,0f,0f,1f], start_interpolation: 0, interpolation_duration: 1 }
$data merge entity $(bone_tail_4) { transformation: [-1.9448298738217902f,-0.04877071262291021f,1.9598263981997406f,0.48880184490423484f,1.3603847835315923f,1.9542046678341902f,1.3986059804500928f,0.8974503799568405f,-1.4116130256646189f,1.9504786246983885f,-1.3522733199943953f,-1.6134029599618962f,0f,0f,0f,1f], start_interpolation: 0, interpolation_duration: 1 }
$data merge entity $(bone_tail_3) { transformation: [-1.1219653845326272f,0.573542616297865f,1.6577659874798965f,0.2020934299552316f,1.2614707042433835f,1.6312225979306587f,0.28939596469283957f,0.83241672498558f,-1.2189466207716808f,1.1602186127342542f,-1.2263798075713526f,-1.416807914364926f,0f,0f,0f,1f], start_interpolation: 0, interpolation_duration: 1 }
$data merge entity $(bone_tail_2) { transformation: [-1.1452658367501507f,0.799329840301127f,1.366825462368889f,-0.05265309641856403f,1.1827792443062977f,1.5533769612794293f,0.08262657204124234f,0.8183008564422496f,-1.0526981036431942f,0.8757086830523256f,-1.394178926829538f,-1.15820313187842f,0f,0f,0f,1f], start_interpolation: 0, interpolation_duration: 1 }
$data merge entity $(bone_tail_1) { transformation: [-1.3097822210421677f,0.5455536632916415f,0.5239255518782377f,-0.17081353054744802f,0.621733174117735f,1.3731792572005004f,0.1244300518193592f,0.7741452133098697f,-0.43078375508290984f,0.3231194485996663f,-1.4133914632165132f,-0.8575953010009332f,0f,0f,0f,1f], start_interpolation: 0, interpolation_duration: 1 }
$data merge entity $(bone_tail_0) { transformation: [-1.1990000394699176f,0.3066747558762369f,-0.3196642239028539f,-0.06999960648279918f,0.21328302066924645f,1.2080811810833803f,0.3590068656591609f,0.6983882139756739f,0.38825890206068064f,0.2834187195731142f,-1.1843836249079938f,-0.5046514795968078f,0f,0f,0f,1f], start_interpolation: 0, interpolation_duration: 1 }
$data merge entity $(bone_body_1) { transformation: [-1.2052848802516065f,-0.002158919899984306f,-0.27547829598352397f,-0.005809342926862097f,0.012850502632942634f,1.2345431367663968f,-0.0658991889276061f,0.6305536111111112f,0.2751868766405864f,-0.06710571945893316f,-1.2034839427250152f,-0.22033827461705732f,0f,0f,0f,1f], start_interpolation: 0, interpolation_duration: 1 }