# This file was generated by Animated Java via MC-Build. It is not recommended to edit this file directly.
$data merge entity $(bone_head_lower) { transformation: [0.21823221214796562f,0.27056593153986475f,0.9376400046238272f,-0.52615147719215f,-0.510225035306911f,0.850655238126219f,-0.12671258498857518f,0.6902859020588095f,-0.8318924900052092f,-0.45075463673532046f,0.3236898863643142f,0.24799800010917647f,0f,0f,0f,1f], start_interpolation: 0, interpolation_duration: 1 }
$data merge entity $(bone_head_upper) { transformation: [0.22715781869472904f,-0.2523461369799166f,0.9839678323708927f,-0.4639151766344423f,-0.531093026657199f,0.8299856429721311f,0.33546381634945516f,0.7318841355265416f,-0.8659165462245515f,-0.575254032749844f,0.05237628626671944f,0.23842270079001243f,0f,0f,0f,1f], start_interpolation: 0, interpolation_duration: 1 }
$data merge entity $(bone_neck_0) { transformation: [0.028756994306257555f,0.23424799389696732f,0.9717514664942454f,-0.4048914810366462f,-0.30549735485816565f,0.9276978849081241f,-0.214587978488211f,0.7030489122122298f,-0.9517585835983483f,-0.29069659731795855f,0.09823994531058554f,0.249801167676608f,0f,0f,0f,1f], start_interpolation: 0, interpolation_duration: 1 }
$data merge entity $(bone_neck_1) { transformation: [-0.07592351067012093f,-0.023839553486525805f,0.9968286192807103f,-0.3205568394509103f,-0.4905188819569408f,0.8712738944533496f,-0.016523537387805362f,0.7056630016465643f,-0.8681168394699166f,-0.49021778479942635f,-0.07784392394468986f,0.24094839355964315f,0f,0f,0f,1f], start_interpolation: 0, interpolation_duration: 1 }
$data merge entity $(bone_neck_2) { transformation: [-0.49417934686029596f,-0.10205958209097106f,0.86334848980012f,-0.24592026372665565f,-0.3739791909823551f,0.9214586049027148f,-0.10513612206528139f,0.7054739444863558f,-0.7848097462754364f,-0.3748304698849322f,-0.49353397147200156f,0.19404129158469255f,0f,0f,0f,1f], start_interpolation: 0, interpolation_duration: 1 }
$data merge entity $(bone_body_0) { transformation: [-0.719053792820205f,0.05338717548545166f,0.692900752290372f,0.08114984203044383f,-0.34329122557007297f,0.8396192647428609f,-0.42094016762392145f,0.5150848450315869f,-0.6042456267756311f,-0.540545372532541f,-0.5854040679361405f,-0.08700682072344382f,0f,0f,0f,1f], start_interpolation: 0, interpolation_duration: 1 }
$data merge entity $(bone_leg_left_3) { transformation: [-0.9767681058935138f,-0.02777562036741292f,-0.2124913697598162f,0.4021361193426862f,-0.03730086762339496f,0.998464731619107f,0.040949053558365055f,0.05058995418216078f,0.21102775311256897f,0.04792384193686096f,-0.9763045594435532f,-0.38535455889465237f,0f,0f,0f,1f], start_interpolation: 0, interpolation_duration: 1 }
$data merge entity $(bone_leg_left_2) { transformation: [-0.9883296298774289f,-0.15602849036979513f,0.22565870778669628f,0.37120669647998006f,-0.1507332367702907f,1.0137454704494238f,0.040765328119880984f,0.2879185384141417f,-0.22922965240079732f,0.006118074606676745f,-0.9997392335624377f,-0.4151804867735804f,0f,0f,0f,1f], start_interpolation: 0, interpolation_duration: 1 }
$data merge entity $(bone_leg_left_1) { transformation: [-0.933323856018802f,-0.2668847574763174f,0.24016474764836285f,0.30455273834489477f,0.24537555960190793f,0.014173553436775288f,0.969324478764993f,0.23547290694327205f,-0.2621019163154768f,0.9636242196052264f,0.052258481167871185f,-0.15094556995842212f,0f,0f,0f,1f], start_interpolation: 0, interpolation_duration: 1 }
$data merge entity $(bone_leg_left_0) { transformation: [-0.9665460038607033f,0.17700031006385483f,0.1856332746524838f,0.24655136313120676f,0.0738194364147946f,0.8850758662372595f,-0.45955565692499856f,0.6289765607965014f,-0.2456410251328295f,-0.43047834003775864f,-0.8685326047593311f,-0.27782343817006855f,0f,0f,0f,1f], start_interpolation: 0, interpolation_duration: 1 }
$data merge entity $(bone_leg_right_3) { transformation: [-0.8845415113391126f,-0.14310043675446782f,0.44396912023089974f,-0.14899671642910176f,-0.1278632666890789f,0.9897081692289195f,0.06425515382550179f,0.029226999274081816f,-0.44859480575405253f,0.00006900885433708259f,-0.893735249102475f,-0.18130597971486284f,0f,0f,0f,1f], start_interpolation: 0, interpolation_duration: 1 }
$data merge entity $(bone_leg_right_2) { transformation: [-0.9698344698773673f,0.29311254461934f,0.15990102165138156f,-0.07422636993466901f,0.19489969647102895f,0.8958131361419169f,-0.45999470967803474f,0.2235214805838965f,-0.2711040553991788f,-0.4045566224931365f,-0.9027174141688862f,-0.3030849675726547f,0f,0f,0f,1f], start_interpolation: 0, interpolation_duration: 1 }
$data merge entity $(bone_leg_right_1) { transformation: [-0.9116631781125695f,-0.3074998136757213f,-0.2726061522839978f,-0.16146279387871112f,-0.37079136249263894f,0.32955850320844726f,0.8682770056058497f,0.25961752913520064f,-0.1771553419305836f,0.8926561810419535f,-0.41446462728808786f,-0.042124688456841836f,0f,0f,0f,1f], start_interpolation: 0, interpolation_duration: 1 }
$data merge entity $(bone_leg_right_0) { transformation: [-0.9214580180307336f,-0.1354507299904723f,0.36409919081470155f,-0.1371419954161697f,-0.325266671929835f,0.7814620214771488f,-0.5324647416689083f,0.6476114597296233f,-0.21240695171900897f,-0.6090732375781228f,-0.7641420536310917f,-0.19436294629135548f,0f,0f,0f,1f], start_interpolation: 0, interpolation_duration: 1 }
$data merge entity $(bone_tail_4) { transformation: [0.1729971120284661f,-2.697107541455016f,0.5668723318846072f,-0.8833430477907781f,2.6431179308717936f,0.3232775609228483f,0.731492005224789f,0.6300581736532319f,-0.7808078728687481f,0.49675331909334586f,2.601775650826936f,-0.25934940890230823f,0f,0f,0f,1f], start_interpolation: 0, interpolation_duration: 1 }
$data merge entity $(bone_tail_3) { transformation: [0.13819586933163017f,-2.0602050853177714f,-0.26907700417336855f,-0.817556807236413f,2.0627077179725184f,0.10370289892162102f,0.26538294032643195f,0.5840442196895316f,-0.24916720883921611f,-0.28415883099156375f,2.047709693011494f,-0.6037845842678846f,0f,0f,0f,1f], start_interpolation: 0, interpolation_duration: 1 }
$data merge entity $(bone_tail_2) { transformation: [0.15788413740338486f,-1.5413994650970209f,-1.190770407407652f,-0.5964452231218763f,1.9455103701136418f,0.18245270273193373f,0.021778109396151202f,0.581477729779184f,0.09399932946275365f,-1.1872542167822393f,1.5493112746624293f,-0.8920111695598054f,0f,0f,0f,1f], start_interpolation: 0, interpolation_duration: 1 }
$data merge entity $(bone_tail_1) { transformation: [-0.22800908134397826f,-0.0459647839190069f,-1.494508396585297f,-0.27406398497537676f,0.9887950353570472f,1.129379013418937f,-0.1855900646643704f,0.6066644823443572f,1.1215848103812445f,-1.0050107127230774f,-0.14020424542046056f,-0.8506270930909644f,0f,0f,0f,1f], start_interpolation: 0, interpolation_duration: 1 }
$data merge entity $(bone_tail_0) { transformation: [-0.9310343053228397f,-0.042265510802828636f,-0.8747710931967408f,-0.019455482036536735f,0.11494418154430551f,1.2597854870265164f,-0.18320501737261563f,0.6906021144142406f,0.8682157992257196f,-0.21210815603829716f,-0.9138091555138339f,-0.5887093665917356f,0f,0f,0f,1f], start_interpolation: 0, interpolation_duration: 1 }
$data merge entity $(bone_body_1) { transformation: [-1.2067589615406054f,0.09903635785894917f,-0.25005840041823063f,0.032008791787704945f,0.05860886247832094f,1.2187032385182521f,0.19982995951651356f,0.5620561363636364f,0.2624926761581878f,0.18319064196461657f,-1.1942124512481667f,-0.3234108896760392f,0f,0f,0f,1f], start_interpolation: 0, interpolation_duration: 1 }