# This file was generated by Animated Java via MC-Build. It is not recommended to edit this file directly.
$data merge entity $(bone_head_lower) { transformation: [0.23848236951228355f,0.269275908072078f,0.9330684030465102f,-0.5462075423500599f,-0.5112797965154309f,0.8516708405719423f,-0.11510755402935674f,0.7017074563946899f,-0.8256628422709519f,-0.4496079010109133f,0.3407838115897151f,0.21755379362463995f,0f,0f,0f,1f], start_interpolation: 0, interpolation_duration: 1 }
$data merge entity $(bone_head_upper) { transformation: [0.24823619905768202f,-0.24033243815910935f,0.9818813834824451f,-0.4838387683184152f,-0.5321909271596635f,0.8285200651997094f,0.33734146082851235f,0.7434018797449136f,-0.8594321084936496f,-0.5824661048623129f,0.07471030825925178f,0.2093582107241475f,0f,0f,0f,1f], start_interpolation: 0, interpolation_duration: 1 }
$data merge entity $(bone_neck_0) { transformation: [0.05931459836105582f,0.25055313160907106f,0.96628407141076f,-0.42544314162109387f,-0.3162875093775776f,0.9228319962755424f,-0.21987113967464333f,0.7143075063870867f,-0.9468072611851877f,-0.2925820139567452f,0.13398423517720076f,0.2230769743652109f,0f,0f,0f,1f], start_interpolation: 0, interpolation_duration: 1 }
$data merge entity $(bone_neck_1) { transformation: [-0.043011063030752694f,0.0006548583821353454f,0.9990743814238581f,-0.34080541181252777f,-0.5046335622442134f,0.8630458247450873f,-0.022290631368088815f,0.7163951415795454f,-0.8622615707044359f,-0.5051252077956233f,-0.03679005484839626f,0.21763332515841838f,0f,0f,0f,1f], start_interpolation: 0, interpolation_duration: 1 }
$data merge entity $(bone_neck_2) { transformation: [-0.46102000467045573f,-0.07335508830062135f,0.8843526368559442f,-0.26404768034056386f,-0.3822161744328142f,0.9158116197903718f,-0.1232877652440838f,0.7145605768259345f,-0.8008566359190626f,-0.39485200781728813f,-0.45024497845845945f,0.1743226402690827f,0f,0f,0f,1f], start_interpolation: 0, interpolation_duration: 1 }
$data merge entity $(bone_body_0) { transformation: [-0.6905001571267804f,0.0941504883080109f,0.7171786517732212f,0.0748528299094553f,-0.34556282107166486f,0.8280914579269398f,-0.4414191590783392f,0.5144099887252364f,-0.635449344716701f,-0.5526302768214917f,-0.5392623734689054f,-0.08509418828748258f,0f,0f,0f,1f], start_interpolation: 0, interpolation_duration: 1 }
$data merge entity $(bone_leg_left_3) { transformation: [-0.9819897278103539f,-0.027207088297344657f,-0.18696510054373094f,0.40129831727350623f,-0.036228457203089925f,0.9983296375901303f,0.045004817495939244f,0.049352561558840935f,0.18542835102440708f,0.05096772562651196f,-0.9813351199161424f,-0.3836587349314802f,0f,0f,0f,1f], start_interpolation: 0, interpolation_duration: 1 }
$data merge entity $(bone_leg_left_2) { transformation: [-0.9834985169601425f,-0.14724853448433486f,0.2512185019661377f,0.3732128963893082f,-0.13761100211745575f,1.014877183911035f,0.056122305491943386f,0.28743990349217863f,-0.25662439232100354f,0.020108957449780186f,-0.9928754960199454f,-0.41005378770450956f,0f,0f,0f,1f], start_interpolation: 0, interpolation_duration: 1 }
$data merge entity $(bone_leg_left_1) { transformation: [-0.9242118209877725f,-0.29103525161865595f,0.24724682457360497f,0.2994409250237003f,0.25848810339782374f,-0.00018472696669091793f,0.9660144234315262f,0.2310079843490938f,-0.2810985776347177f,0.9567123121352695f,0.07539987705908574f,-0.14854562262657955f,0f,0f,0f,1f], start_interpolation: 0, interpolation_duration: 1 }
$data merge entity $(bone_leg_left_0) { transformation: [-0.9597353734478842f,0.1924747783210526f,0.20460076408242456f,0.24676316708949494f,0.08299001090847513f,0.8901294210388981f,-0.44808734850514065f,0.6266285503565353f,-0.2683666727488f,-0.4130654591117705f,-0.8702621762701863f,-0.2710882688173241f,0f,0f,0f,1f], start_interpolation: 0, interpolation_duration: 1 }
$data merge entity $(bone_leg_right_3) { transformation: [-0.8826085665767816f,-0.13960862740903557f,0.44890037798852894f,-0.15232344770203954f,-0.12625332447311838f,0.9901988179528469f,0.059719335095679116f,0.02827907052238221f,-0.4528379580653156f,-0.0039663683325752985f,-0.8915840126749053f,-0.180724289965411f,0f,0f,0f,1f], start_interpolation: 0, interpolation_duration: 1 }
$data merge entity $(bone_leg_right_2) { transformation: [-0.9621201755913411f,0.30828964597187813f,0.17704367090442777f,-0.07349752406100475f,0.19809698628189676f,0.8890540745223271f,-0.4715958397844203f,0.22063453729311128f,-0.2952025596887862f,-0.408169751773054f,-0.8934848079242346f,-0.3030227782290371f,0f,0f,0f,1f], start_interpolation: 0, interpolation_duration: 1 }
$data merge entity $(bone_leg_right_1) { transformation: [-0.9066633596050575f,-0.3305124237379071f,-0.26215089186299634f,-0.16744068830991798f,-0.37362988738035174f,0.3406219906512587f,0.8627730679274358f,0.2599715668661246f,-0.19586285917911f,0.8801921365472816f,-0.43231879805823403f,-0.044874244134730734f,0f,0f,0f,1f], start_interpolation: 0, interpolation_duration: 1 }
$data merge entity $(bone_leg_right_0) { transformation: [-0.9155934228783384f,-0.1205167785578362f,0.3836201116573133f,-0.13952736959056264f,-0.3285199334011195f,0.7743276757714398f,-0.5408246517056371f,0.64622314540754f,-0.23186922465056048f,-0.6212023475651401f,-0.7485614911545387f,-0.2008801519612921f,0f,0f,0f,1f], start_interpolation: 0, interpolation_duration: 1 }
$data merge entity $(bone_tail_4) { transformation: [0.2219214165148371f,-2.6974604679239396f,0.5478313978585114f,-0.8860885081826402f,2.6261580554952992f,0.37211690271615033f,0.7684297039222835f,0.63411581425542f,-0.824442893140087f,0.4592356326555049f,2.5951990060976637f,-0.2979920229456254f,0f,0f,0f,1f], start_interpolation: 0, interpolation_duration: 1 }
$data merge entity $(bone_tail_3) { transformation: [0.1632956420607986f,-2.047435612322417f,-0.34247258681875203f,-0.807982048399449f,2.056799571270245f,0.11310696188203341f,0.30451250358696014f,0.5813749062227458f,-0.280812362532232f,-0.3621598467696165f,2.0312385848248646f,-0.6388710058630112f,0f,0f,0f,1f], start_interpolation: 0, interpolation_duration: 1 }
$data merge entity $(bone_tail_2) { transformation: [0.1631631375702214f,-1.4858801602139533f,-1.258694488358305f,-0.5742264114822737f,1.9458315575417724f,0.17418649246156948f,0.04660998306450239f,0.5741904957654307f,0.07675425210096568f,-1.2572164055282087f,1.4940848601929972f,-0.9168605208181029f,0f,0f,0f,1f], start_interpolation: 0, interpolation_duration: 1 }
$data merge entity $(bone_tail_1) { transformation: [-0.27976115284772535f,-0.0019311675293945689f,-1.486400423152956f,-0.25407874175371903f,0.9961519424875277f,1.1223351998302638f,-0.1889477618292632f,0.6001788620606835f,1.103209524449294f,-1.013911347117654f,-0.20632201857879115f,-0.861122280950771f,0f,0f,0f,1f], start_interpolation: 0, interpolation_duration: 1 }
$data merge entity $(bone_tail_0) { transformation: [-0.9598986248836389f,-0.03423168621481037f,-0.843361451685704f,-0.008454995594081999f,0.12165297424399422f,1.258218275675602f,-0.18953374685668184f,0.68592807637753f,0.8352430187604786f,-0.2225998180566044f,-0.9416231396886321f,-0.5913298443122859f,0f,0f,0f,1f], start_interpolation: 0, interpolation_duration: 1 }
$data merge entity $(bone_body_1) { transformation: [-1.214927380191884f,0.09398574938432948f,-0.20909982025100163f,0.033827176401977486f,0.061627215193612396f,1.2200749231392567f,0.19032567701302752f,0.5594993181818182f,0.22081245948500133f,0.17660253649269336f,-1.2036020924278845f,-0.32340465169423965f,0f,0f,0f,1f], start_interpolation: 0, interpolation_duration: 1 }