# This file was generated by Animated Java via MC-Build. It is not recommended to edit this file directly.
$data merge entity $(bone_head_lower) { transformation: [0.2770722342193452f,0.2670740215770353f,0.9229856142017435f,-0.58019149295535f,-0.5123084015080015f,0.8537247687740489f,-0.09324227006038183f,0.7240934753498405f,-0.8128782681121554f,-0.4470184405372626f,0.37336769417106375f,0.15452090321507903f,0f,0f,0f,1f], start_interpolation: 0, interpolation_duration: 1 }
$data merge entity $(bone_head_upper) { transformation: [0.28840437315215217f,-0.21572194465247338f,0.9766058072352307f,-0.5176213117751879f,-0.5332616016678449f,0.82670609582506f,0.34008974976590933f,0.7659362939281703f,-0.8461246505786643f,-0.5945527868108509f,0.11854114037789505f,0.1490796301747393f,0f,0f,0f,1f], start_interpolation: 0, interpolation_duration: 1 }
$data merge entity $(bone_neck_0) { transformation: [0.11765803408472517f,0.2846713693987066f,0.9513773165574123f,-0.46076223899053925f,-0.33664339125711007f,0.912737571740182f,-0.23147646156088647f,0.7362619276287877f,-0.9342525430194076f,-0.2930398208068342f,0.20322364351440153f,0.1672789181030342f,0f,0f,0f,1f], start_interpolation: 0, interpolation_duration: 1 }
$data merge entity $(bone_neck_1) { transformation: [0.019127410857446348f,0.05258751349693281f,0.998433120232948f,-0.37593958517086434f,-0.531583939993684f,0.8463071290361469f,-0.034391250099203574f,0.737247368515306f,-0.8467896178477167f,-0.5300931963030695f,0.04414234178783061f,0.1685762807269807f,0f,0f,0f,1f], start_interpolation: 0, interpolation_duration: 1 }
$data merge entity $(bone_neck_2) { transformation: [-0.3947881944687174f,-0.011971024963244203f,0.918694168953662f,-0.2955722895805371f,-0.39778696898512156f,0.9035660868417317f,-0.15916612081454495f,0.7321496993050306f,-0.8281955136402034f,-0.42828147434934627f,-0.36147914174318585f,0.13271485350691292f,0f,0f,0f,1f], start_interpolation: 0, interpolation_duration: 1 }
$data merge entity $(bone_body_0) { transformation: [-0.6302493670114142f,0.17787297602903973f,0.7557426412346232f,0.062300845636332744f,-0.35006212056461483f,0.8037391399909264f,-0.4811028025198475f,0.5130643725952745f,-0.6929951277805038f,-0.5677716083472465f,-0.4442894930417153f,-0.08208585276206651f,0f,0f,0f,1f], start_interpolation: 0, interpolation_duration: 1 }
$data merge entity $(bone_leg_left_3) { transformation: [-0.990433149278753f,-0.02583588881127155f,-0.13555325027125864f,0.3997207724357775f,-0.03341495222088625f,0.9979850467119004f,0.05393781148249713f,0.04734369619112494f,0.1338865855037269f,0.05795130187301309f,-0.989300777738184f,-0.38128323473335857f,0f,0f,0f,1f], start_interpolation: 0, interpolation_duration: 1 }
$data merge entity $(bone_leg_left_2) { transformation: [-0.9714083404478969f,-0.13139003492937537f,0.30193491737494427f,0.37691806561133023f,-0.110294640063989f,1.0160116215472694f,0.08727930312930562f,0.2867007426845792f,-0.3102629980872874f,0.05019206214970198f,-0.9763605012574722f,-0.4002387859367471f,0f,0f,0f,1f], start_interpolation: 0, interpolation_duration: 1 }
$data merge entity $(bone_leg_left_1) { transformation: [-0.9044643954050026f,-0.33895028570521357f,0.2589533959325828f,0.28911492186136034f,0.2852809176384865f,-0.02935702213595537f,0.9579942396917906f,0.22223538740698412f,-0.31711032067090766f,0.9403461432215602f,0.12324842981689849f,-0.14499730894618984f,0f,0f,0f,1f], start_interpolation: 0, interpolation_duration: 1 }
$data merge entity $(bone_leg_left_0) { transformation: [-0.9443671100534753f,0.2217560225410074f,0.24288892094132122f,0.24660399121040133f,0.1021341294333441f,0.8997248707894768f,-0.42433922336705104f,0.6219161873731504f,-0.31263298139214313f,-0.375924757564132f,-0.8723194343795215f,-0.25793692767251575f,0f,0f,0f,1f], start_interpolation: 0, interpolation_duration: 1 }
$data merge entity $(bone_leg_right_3) { transformation: [-0.8792374561169458f,-0.1305852614196093f,0.45813642647248f,-0.1595172609821372f,-0.12107139589761717f,0.991372560169028f,0.05022115131404792f,0.0266734344580368f,-0.4607420241918513f,-0.01131089933994145f,-0.8874620277508873f,-0.17986379270005393f,0f,0f,0f,1f], start_interpolation: 0, interpolation_duration: 1 }
$data merge entity $(bone_leg_right_2) { transformation: [-0.9449781845111362f,0.3397150855727901f,0.2089786853557152f,-0.07240577172281668f,0.20510059563776858f,0.8748184266688697f,-0.49466015154884785f,0.21498693659424356f,-0.34207042545032107f,-0.4139427261053982f,-0.8739001333318135f,-0.3028299889420931f,0f,0f,0f,1f], start_interpolation: 0, interpolation_duration: 1 }
$data merge entity $(bone_leg_right_1) { transformation: [-0.8960540534336328f,-0.37401558817681735f,-0.2391641133738625f,-0.17917522784331716f,-0.3786669786396001f,0.3627047484165364f,0.851502545365575f,0.2608205907975142f,-0.2317292657674321f,0.8535558594941787f,-0.46663041275729183f,-0.05081224146808455f,0f,0f,0f,1f], start_interpolation: 0, interpolation_duration: 1 }
$data merge entity $(bone_leg_right_0) { transformation: [-0.9031803331430979f,-0.08943923324520749f,0.41984033796198306f,-0.14345174737876182f,-0.3343976672496781f,0.7598499296567556f,-0.5575000309763195f,0.6434286529581346f,-0.26915327596277994f,-0.6439166933362833f,-0.7161897835639452f,-0.21403657261282066f,0f,0f,0f,1f], start_interpolation: 0, interpolation_duration: 1 }
$data merge entity $(bone_tail_4) { transformation: [0.3296797297245652f,-2.7172113370941764f,0.3656981774299915f,-0.8866387643313577f,2.5894463006557245f,0.4296279230400848f,0.8578164345386774f,0.6416199290680183f,-0.900966405272207f,0.24050723255474604f,2.599245494227072f,-0.3752742403892138f,0f,0f,0f,1f], start_interpolation: 0, interpolation_duration: 1 }
$data merge entity $(bone_tail_3) { transformation: [0.22123320403233504f,-2.013162627099439f,-0.48391903488922283f,-0.7848836020523815f,2.0428078932547686f,0.13288786742815334f,0.38108037471228795f,0.5757023679013169f,-0.337546006840619f,-0.5152306062191255f,1.9891067446784925f,-0.7075113026116261f,0f,0f,0f,1f], start_interpolation: 0, interpolation_duration: 1 }
$data merge entity $(bone_tail_2) { transformation: [0.1783403076150516f,-1.3668818998388175f,-1.3851362682334074f,-0.5275831757600009f,1.9454921638511524f,0.157427805160303f,0.09513464962330462f,0.5594930891741017f,0.045042758311497726f,-1.387668632295986f,1.375180276134099f,-0.963451205483459f,0f,0f,0f,1f], start_interpolation: 0, interpolation_duration: 1 }
$data merge entity $(bone_tail_1) { transformation: [-0.378878356326582f,0.08649874304398915f,-1.4617200171575535f,-0.2137327245542093f,1.010202272068669f,1.1084370993510673f,-0.19625192047338802f,0.5872096955476283f,1.0599994389689873f,-1.025446933894682f,-0.33543408465960894f,-0.8797471971691366f,0f,0f,0f,1f], start_interpolation: 0, interpolation_duration: 1 }
$data merge entity $(bone_tail_0) { transformation: [-1.013196575313668f,-0.016457184310451366f,-0.7791004925176562f,0.013541406166322663f,0.1350478975837717f,1.25488645256897f,-0.2021330579125974f,0.6765603185635621f,0.7674832126599812f,-0.24253838629682148f,-0.9929654405072094f,-0.5954325000944474f,0f,0f,0f,1f], start_interpolation: 0, interpolation_duration: 1 }
$data merge entity $(bone_body_1) { transformation: [-1.2267693655810108f,0.08577204492433203f,-0.12761142205035128f,0.03743191833525503f,0.06765913470015943f,1.2225718062810198f,0.1713038675413968f,0.5543856818181818f,0.1380715764371516f,0.16299058209759576f,-1.2177745706754994f,-0.32329554308296077f,0f,0f,0f,1f], start_interpolation: 0, interpolation_duration: 1 }