# This file was generated by Animated Java via MC-Build. It is not recommended to edit this file directly.
$data merge entity $(bone_head_lower) { transformation: [0.29525059349761085f,0.2659624441502325f,0.9176551995934763f,-0.5939727963990407f,-0.5122429201371503f,0.8548262437420893f,-0.08294144789642477f,0.7350465535205856f,-0.806495057522781f,-0.4455738674018313f,0.38862533484051415f,0.12240388749964416f,0f,0f,0f,1f], start_interpolation: 0, interpolation_duration: 1 }
$data merge entity $(bone_head_upper) { transformation: [0.30732621975058255f,-0.20341522095816025f,0.9734704849762352f,-0.5313365379655031f,-0.5331934421362098f,0.8263718530527403f,0.3410077071396302f,0.7769451694874457f,-0.8394803693358555f,-0.5993360918117899f,0.1397887732795904f,0.11832202501965644f,0f,0f,0f,1f], start_interpolation: 0, interpolation_duration: 1 }
$data merge entity $(bone_neck_0) { transformation: [0.14514743624762652f,0.3022190979274445f,0.9421230485444366f,-0.47536957855141226f,-0.3461893642418014f,0.9075298342569464f,-0.2377867196027079f,0.7469503859577266f,-0.9268684619926383f,-0.29163884648908f,0.23635066613386202f,0.1386382419225073f,0f,0f,0f,1f], start_interpolation: 0, interpolation_duration: 1 }
$data merge entity $(bone_neck_1) { transformation: [0.04803999796030162f,0.07961011274308073f,0.9956678103388741f,-0.39065669303755574f,-0.5444147203411881f,0.8378271366187667f,-0.04072224724919438f,0.7473604420262352f,-0.8374394132543561f,-0.5400999158435711f,0.08359013119960579f,0.14323125035578405f,0f,0f,0f,1f], start_interpolation: 0, interpolation_duration: 1 }
$data merge entity $(bone_neck_2) { transformation: [-0.36210902109246046f,0.02022703607587148f,0.931916264400963f,-0.308815803578968f,-0.40511660714091546f,0.896991109723175f,-0.17688268342667207f,0.7406462959215665f,-0.8394984165929636f,-0.44158557051739417f,-0.3166142644429246f,0.11117006745725364f,0f,0f,0f,1f], start_interpolation: 0, interpolation_duration: 1 }
$data merge entity $(bone_body_0) { transformation: [-0.5989658352632116f,0.22020747007930275f,0.7699016809364143f,0.05613372292690348f,-0.35228418439081577f,0.7909484681202544f,-0.5002962864206776f,0.5123933050870058f,-0.7191215346626334f,-0.5708845688048467f,-0.3961755008641537f,-0.0809843495654709f,0f,0f,0f,1f], start_interpolation: 0, interpolation_duration: 1 }
$data merge entity $(bone_leg_left_3) { transformation: [-0.9936170493487485f,-0.025058899808216364f,-0.10998732101423547f,0.3990064707428517f,-0.03167279049966136f,0.9977669754215284f,0.05880388677748069f,0.04658896391468645f,0.10826815591599942f,0.061912149846181236f,-0.9921919633397419f,-0.3806969471644519f,0f,0f,0f,1f], start_interpolation: 0, interpolation_duration: 1 }
$data merge entity $(bone_leg_left_2) { transformation: [-0.9642732493891534f,-0.12436981405982608f,0.32675900808379f,0.37861841202882657f,-0.09611522124718086f,1.0159739640871992f,0.10305808091673963f,0.28644686506019346f,-0.3361564580039832f,0.06626653113269255f,-0.966783213597831f,-0.3956497524517957f,0f,0f,0f,1f], start_interpolation: 0, interpolation_duration: 1 }
$data merge entity $(bone_leg_left_1) { transformation: [-0.893981611869892f,-0.3623997074635975f,0.26355896810544865f,0.2839917597185391f,0.29893165290449597f,-0.044153326570439244f,0.9532525114808509f,0.21794143681055805f,-0.3338214261102724f,0.9309763347062386f,0.1478050056210582f,-0.14392333621256265f,0f,0f,0f,1f], start_interpolation: 0, interpolation_duration: 1 }
$data merge entity $(bone_leg_left_0) { transformation: [-0.9359342166976616f,0.23539171680278956f,0.2619501511264499f,0.24626348247056676f,0.11209240773557608f,0.9042364321474836f,-0.4120579654675185f,0.619551756274254f,-0.33385990196873905f,-0.35629652599741224f,-0.8726914411288789f,-0.25159416309069765f,0f,0f,0f,1f], start_interpolation: 0, interpolation_duration: 1 }
$data merge entity $(bone_leg_right_3) { transformation: [-0.8779208482122213f,-0.1250841970011078f,0.4621784589689594f,-0.16333210200797016f,-0.11748933793374741f,0.9920398630449351f,0.04531187042791934f,0.02601578853729697f,-0.46416725406498016f,-0.014520805431341544f,-0.8856285375163798f,-0.17954481053864446f,0f,0f,0f,1f], start_interpolation: 0, interpolation_duration: 1 }
$data merge entity $(bone_leg_right_2) { transformation: [-0.9357002322832627f,0.3557767806741672f,0.22349531793500313f,-0.07204241958603749f,0.20889886051228446f,0.8673399098802196f,-0.506107643003281f,0.21222638796196117f,-0.36453880572911823f,-0.4161809252750454f,-0.8636938670938274f,-0.30268245145816824f,0f,0f,0f,1f], start_interpolation: 0, interpolation_duration: 1 }
$data merge entity $(bone_leg_right_1) { transformation: [-0.8905736405012374f,-0.39422990654842854f,-0.22685098991891145f,-0.18484737035568652f,-0.3808643373558236f,0.37371741542207904f,0.8457408881807424f,0.2613136545634801f,-0.24863818567324333f,0.8395939936618525f,-0.4829709912945696f,-0.053927815322046935f,0f,0f,0f,1f], start_interpolation: 0, interpolation_duration: 1 }
$data merge entity $(bone_leg_right_0) { transformation: [-0.8967762932584278f,-0.07355805728087197f,0.4363272763176036f,-0.1449751976349414f,-0.3370205782335611f,0.7525126130826569f,-0.5658108314610354f,0.64202237949025f,-0.2867218333102497f,-0.6544570110867297f,-0.6996260507890153f,-0.22059621416121888f,0f,0f,0f,1f], start_interpolation: 0, interpolation_duration: 1 }
$data merge entity $(bone_tail_4) { transformation: [0.38764125066791455f,-2.710495997327143f,0.35861823831778233f,-0.8845133772595231f,2.569770527534879f,0.484876871076169f,0.8870373088593833f,0.6450604592670686f,-0.9336353828951253f,0.20920611838308792f,2.590409061024408f,-0.41347460950163245f,0f,0f,0f,1f], start_interpolation: 0, interpolation_duration: 1 }
$data merge entity $(bone_tail_3) { transformation: [0.25356997369402434f,-1.9919647766228117f,-0.5511117156977224f,-0.7715722569709f,2.034772116064351f,0.143237624614976f,0.4184864927642325f,0.5726989222899193f,-0.36242272303521544f,-0.5894954093401706f,1.9639476719706788f,-0.7407188833232244f,0f,0f,0f,1f], start_interpolation: 0, interpolation_duration: 1 }
$data merge entity $(bone_tail_2) { transformation: [0.18804132578695648f,-1.3042255352754228f,-1.4430558159456606f,-0.5034826306305877f,1.9448579174531302f,0.14894602108579974f,0.11881346188609952f,0.5520853168254146f,0.030692274580663634f,-1.447613453564529f,1.3123441424957174f,-0.98500256163106f,0f,0f,0f,1f], start_interpolation: 0, interpolation_duration: 1 }
$data merge entity $(bone_tail_1) { transformation: [-0.4257857943970068f,0.13036593772201083f,-1.4454644338660052f,-0.1936216166745081f,1.0168940036785565f,1.1015926787085077f,-0.2001909226174119f,0.5807268253921154f,1.0355140233585955f,-1.0281802091548327f,-0.3977592424193546f,-0.8878300705856927f,0f,0f,0f,1f], start_interpolation: 0, interpolation_duration: 1 }
$data merge entity $(bone_tail_0) { transformation: [-1.0374176812917024f,-0.006843865413915964f,-0.7466950064340673f,0.024414864348426487f,0.1417335907902907f,1.2531223756006677f,-0.2084025373997576f,0.6718669657107855f,0.7331520035907055f,-0.25193886135164445f,-1.0162926086299156f,-0.5969254830202679f,0f,0f,0f,1f], start_interpolation: 0, interpolation_duration: 1 }
$data merge entity $(bone_body_1) { transformation: [-1.230489850296285f,0.08264345105916442f,-0.08757501567860201f,0.039208205855515994f,0.07067264870042653f,1.2236971244200612f,0.16178788418169468f,0.5518288636363636f,0.09749205146955313f,0.15601282876531292f,-1.222603734746935f,-0.32319581180346957f,0f,0f,0f,1f], start_interpolation: 0, interpolation_duration: 1 }