# This file was generated by Animated Java via MC-Build. It is not recommended to edit this file directly.
$data merge entity $(bone_head_lower) { transformation: [0.3125443129336336f,0.2646840749736014f,0.9122819700663889f,-0.6055440538793968f,-0.5117651285364567f,0.8560157655846943f,-0.0730305571970648f,0.745832555572367f,-0.8002577745120046f,-0.4440488143502004f,0.40299893896544486f,0.09024382830665667f,0f,0f,0f,1f], start_interpolation: 0, interpolation_duration: 1 }
$data merge entity $(bone_head_upper) { transformation: [0.32532724510582217f,-0.19133720037907914f,0.97006401949895f,-0.5428658314088672f,-0.5326961090581276f,0.8264255344025727f,0.34165426100849494f,0.7877771030465167f,-0.8329879840488064f,-0.6032270338952204f,0.16037489389485782f,0.08749576409334782f,0f,0f,0f,1f], start_interpolation: 0, interpolation_duration: 1 }
$data merge entity $(bone_neck_0) { transformation: [0.17128816876497974f,0.3199020865151119f,0.9318385151325402f,-0.4878593639932659f,-0.3553015641072259f,0.9022286643281517f,-0.24442634024916f,0.7574419815037287f,-0.9189239151225189f,-0.289216341702742f,0.26820280742002706f,0.10982971129794086f,0f,0f,0f,1f], start_interpolation: 0, interpolation_duration: 1 }
$data merge entity $(bone_neck_1) { transformation: [0.07528940290469333f,0.10702370962676727f,0.9914017507488979f,-0.4033815787045689f,-0.5568134891895894f,0.8292932562633142f,-0.04723805005188009f,0.7572607490348755f,-0.8272183774957913f,-0.5484693434403735f,0.12202923928024748f,0.11764045979218149f,0f,0f,0f,1f], start_interpolation: 0, interpolation_duration: 1 }
$data merge entity $(bone_neck_2) { transformation: [-0.3300267503216324f,0.05307372470360461f,0.9424783943508883f,-0.3202937778355472f,-0.41214031342300583f,0.8901301327186407f,-0.19444461647955547f,0.7489408726272914f,-0.8492483182931416f,-0.45260526573647036f,-0.2718929335306265f,0.08938931118804597f,0f,0f,0f,1f], start_interpolation: 0, interpolation_duration: 1 }
$data merge entity $(bone_body_0) { transformation: [-0.5672473507262332f,0.2624185560914985f,0.7806195901416533f,0.05010917244471757f,-0.3544841692054733f,0.7777703767517525f,-0.5190512641638994f,0.5117231933206176f,-0.7433514760036298f,-0.5711477413649553f,-0.3481649618455812f,-0.0801404258823474f,0f,0f,0f,1f], start_interpolation: 0, interpolation_duration: 1 }
$data merge entity $(bone_leg_left_3) { transformation: [-0.9961047650814012f,-0.024230274201151623f,-0.08478319877347995f,0.3983536569993283f,-0.029705725064569345f,0.9975122979434197f,0.06392797001333586f,0.04601147266176284f,0.08302329119298135f,0.06619750194512442f,-0.9943465310723973f,-0.3805884747126423f,0f,0f,0f,1f], start_interpolation: 0, interpolation_duration: 1 }
$data merge entity $(bone_leg_left_2) { transformation: [-0.9565406794045981f,-0.11797185877027339f,0.35096263146262585f,0.38021694888869534f,-0.08159891417189205f,1.0155066153211172f,0.11895432293830346f,0.286274220851876f,-0.36115612323599405f,0.0830129765640811f,-0.9564189980713541f,-0.3913561911399805f,0f,0f,0f,1f], start_interpolation: 0, interpolation_duration: 1 }
$data merge entity $(bone_leg_left_1) { transformation: [-0.8832303900423487f,-0.3852592671655781f,0.2673562701129007f,0.27896455660781855f,0.31273160195669036f,-0.059076090142792026f,0.9480026164051673f,0.21371834421335906f,-0.34943243015387515f,0.9209154752942761f,0.17266054592834695f,-0.14337033774833757f,0f,0f,0f,1f], start_interpolation: 0, interpolation_duration: 1 }
$data merge entity $(bone_leg_left_0) { transformation: [-0.9271256122535096f,0.24824597772451953f,0.2807348101806263f,0.24577831729718982f,0.1222976993186844f,0.9085364076719423f,-0.39950578052879115f,0.6171817741691269f,-0.354233499043938f,-0.3360588199678136f,-0.87268728515828f,-0.24546447456920473f,0f,0f,0f,1f], start_interpolation: 0, interpolation_duration: 1 }
$data merge entity $(bone_leg_right_3) { transformation: [-0.8769564261507604f,-0.11894944628686453f,0.4656162109086557f,-0.16725017925750743f,-0.11324186770341184f,0.9927485583849676f,0.04033087184294243f,0.025454904541562934f,-0.46703715701422344f,-0.01735883212135092f,-0.8840672852874123f,-0.17925621055900318f,0f,0f,0f,1f], start_interpolation: 0, interpolation_duration: 1 }
$data merge entity $(bone_leg_right_2) { transformation: [-0.9260928967993808f,0.37192201264377206f,0.23682939536601294f,-0.07179988859920272f,0.2128891152280312f,0.8596198411176071f,-0.5174883118245867f,0.20950806311007186f,-0.3861248122250778f,-0.4180788738607112f,-0.8533345675151116f,-0.30248262371874785f,0f,0f,0f,1f], start_interpolation: 0, interpolation_duration: 1 }
$data merge entity $(bone_leg_right_1) { transformation: [-0.8850901420614129f,-0.4132097846000547f,-0.21418009790007103f,-0.19032388841250808f,-0.3828468884502228f,0.38470654733514564f,0.8398982869618526f,0.26185111935675465f,-0.26465770427042207f,0.8253838781732099f,-0.49869605294413766f,-0.05707347231893173f,0f,0f,0f,1f], start_interpolation: 0, interpolation_duration: 1 }
$data merge entity $(bone_leg_right_0) { transformation: [-0.890367611823774f,-0.05766881829891603f,0.45157482570581314f,-0.14619950332380435f,-0.33943193233514846f,0.7451137399626375f,-0.5741005816319282f,0.6406100254133361f,-0.3033669051272009f,-0.6644394794974917f,-0.6829997796182999f,-0.22707937894519742f,0f,0f,0f,1f], start_interpolation: 0, interpolation_duration: 1 }
$data merge entity $(bone_tail_4) { transformation: [0.447655274685597f,-2.7017903227073f,0.3543940444919244f,-0.8808879798715413f,2.5492659212650417f,0.5421032145818693f,0.9127040588365436f,0.6482898095989342f,-0.9625535565997663f,0.17920515747373417f,2.5820607068409442f,-0.45104606341979225f,0f,0f,0f,1f], start_interpolation: 0, interpolation_duration: 1 }
$data merge entity $(bone_tail_3) { transformation: [0.2877664021952672f,-1.9683768490645233f,-0.615328045743775f,-0.7572889694547443f,2.0260752602429917f,0.15387556886100445f,0.4552876839795262f,0.56958404991167f,-0.38490916284667753f,-0.6616346540342063f,1.9364994311855994f,-0.7729301907867763f,0f,0f,0f,1f], start_interpolation: 0, interpolation_duration: 1 }
$data merge entity $(bone_tail_2) { transformation: [0.19900182267678113f,-1.2401489528730505f,-1.4970647027640356f,-0.4791358571250868f,1.9439315558781078f,0.14040327171031786f,0.14209469503515734f,0.5446397962887773f,0.017385500723720883f,-1.5036925786156194f,1.2479504190406248f,-1.0052664003660459f,0f,0f,0f,1f], start_interpolation: 0, interpolation_duration: 1 }
$data merge entity $(bone_tail_1) { transformation: [-0.470606257855883f,0.1736002384472016f,-1.4269018737383297f,-0.17375497345700042f,1.0233624387743108f,1.0948244202799222f,-0.20431607294735263f,0.574245546388231f,1.00941335387084f,-1.0290183166347466f,-0.45810723095953765f,-0.8950725146464857f,0f,0f,0f,1f], start_interpolation: 0, interpolation_duration: 1 }
$data merge entity $(bone_tail_0) { transformation: [-1.0598816136121654f,0.003144755994628636f,-0.714476586194841f,0.03510757957403187f,0.14841114823371843f,1.2512932201255687f,-0.21465117034799083f,0.6671675417061481f,0.6988997158325716f,-0.26094272237705185f,-1.0379228292275064f,-0.5980643530948586f,0f,0f,0f,1f], start_interpolation: 0, interpolation_duration: 1 }
$data merge entity $(bone_body_1) { transformation: [-1.2328145307241074f,0.08018805027960009f,-0.048402525596347445f,0.040959254523420134f,0.07368449704005847f,1.2247404528105432f,0.15226954128002457f,0.5492720454545454f,0.057823202848876834f,0.14894728899188406f,-1.2259999092049378f,-0.32306920464509725f,0f,0f,0f,1f], start_interpolation: 0, interpolation_duration: 1 }