# This file was generated by Animated Java via MC-Build. It is not recommended to edit this file directly.
$data merge entity $(bone_head_lower) { transformation: [-0.9350085137708041f,-0.18496652069049918f,0.3025664644334576f,0.25536233834399064f,0.004567344249033732f,0.8468487004746911f,0.5318142700895099f,0.8012254945967544f,-0.35459585240470937f,0.4986327954797783f,-0.7909659390450381f,0.6748879538113729f,0f,0f,0f,1f], start_interpolation: 0, interpolation_duration: 1 }
$data merge entity $(bone_head_upper) { transformation: [-0.9732499723971493f,-0.1546672906083327f,0.3351633378344539f,0.2746924781054123f,0.004754146725759108f,0.9397891801797051f,0.4474881422893517f,0.8531783416549803f,-0.36909867501979016f,0.41993602919557005f,-0.8780044658574349f,0.6236756128070274f,0f,0f,0f,1f], start_interpolation: 0, interpolation_duration: 1 }
$data merge entity $(bone_neck_0) { transformation: [-0.9776048391152657f,-0.10454297197659061f,0.18264595683648918f,0.28851552515252044f,-0.15035106352630634f,0.9542198946724543f,-0.2585709773114516f,0.8210184615760049f,-0.14725262725983354f,-0.28024125253358473f,-0.9485681336327317f,0.5669358407072362f,0f,0f,0f,1f], start_interpolation: 0, interpolation_duration: 1 }
$data merge entity $(bone_neck_1) { transformation: [-0.9904578074114243f,-0.12405308485078993f,-0.060034688945277775f,0.28285830198829104f,-0.1113068772715635f,0.976919866581908f,-0.18231388688095182f,0.8100746301977825f,0.08126568039342721f,-0.17389193890629345f,-0.9814058705620234f,0.4829967840925329f,0f,0f,0f,1f], start_interpolation: 0, interpolation_duration: 1 }
$data merge entity $(bone_neck_2) { transformation: [-0.9488994559885828f,-0.039900002608302676f,-0.31304602252133595f,0.2550424766072162f,-0.003126345428570265f,0.9931148283006999f,-0.11710321845932661f,0.8095387248524386f,0.31556306562846137f,-0.11014049028912548f,-0.9424908614994834f,0.39934917170597983f,0f,0f,0f,1f], start_interpolation: 0, interpolation_duration: 1 }
$data merge entity $(bone_body_0) { transformation: [-0.8995926553840495f,-0.15527494730135968f,-0.4081944942299376f,0.06118275423927037f,0.004370086250805179f,0.9314138385175468f,-0.3639356588247021f,0.6468900946862548f,0.436708090977526f,-0.3291776908579458f,-0.837214483341154f,0.0016372962840709715f,0f,0f,0f,1f], start_interpolation: 0, interpolation_duration: 1 }
$data merge entity $(bone_leg_left_3) { transformation: [-0.9794953391947517f,0.09631469782160251f,-0.17695298663569164f,0.31367351038694236f,0.09772919034697511f,0.9952127809638995f,0.0007252311534026168f,0.02039927043012782f,0.1761757243489653f,-0.016583111578788473f,-0.9842190378978058f,-0.2886083695224307f,0f,0f,0f,1f], start_interpolation: 0, interpolation_duration: 1 }
$data merge entity $(bone_leg_left_2) { transformation: [-1.0045836164729622f,-0.1918597648618607f,-0.07787032581124753f,0.2649862466979773f,-0.16775446812864453f,0.9802558371784612f,-0.2510361161289819f,0.24087709175802974f,0.12137707954005947f,-0.23313198794974402f,-0.9914531155115811f,-0.3734031377749505f,0f,0f,0f,1f], start_interpolation: 0, interpolation_duration: 1 }
$data merge entity $(bone_leg_left_1) { transformation: [-0.9808732519975547f,-0.027562773102817923f,0.1926861620735232f,0.2668136549786431f,0.15400472108039323f,0.49550429608261376f,0.8548438678780025f,0.3270853111334119f,-0.11903868867175815f,0.8681680632818487f,-0.4817821130934108f,-0.10962635875362085f,0f,0f,0f,1f], start_interpolation: 0, interpolation_duration: 1 }
$data merge entity $(bone_leg_left_0) { transformation: [-0.9903372116128478f,0.1337387789175982f,0.03668986656447695f,0.20118498340095137f,0.1022446666935712f,0.8828681287894268f,-0.4583556428152452f,0.7229296082809666f,-0.09369223781941516f,-0.45017530605474787f,-0.8880112377616086f,-0.22498427329423182f,0f,0f,0f,1f], start_interpolation: 0, interpolation_duration: 1 }
$data merge entity $(bone_leg_right_3) { transformation: [-0.9103654539134329f,0.01621267925988787f,0.413487471820133f,-0.27476080098997424f,0.03230004926876401f,0.9989675750175209f,0.03194512295875196f,0.04648158754862358f,-0.4125426609918357f,0.04243740207447144f,-0.9099492402144997f,-0.07796495123799194f,0f,0f,0f,1f], start_interpolation: 0, interpolation_duration: 1 }
$data merge entity $(bone_leg_right_2) { transformation: [-0.9806064789636444f,0.2423330171776069f,0.1781792403755718f,-0.2112454983235557f,0.1213890771787062f,0.8747589236408848f,-0.5216547871466701f,0.2340768326948406f,-0.2752050596499276f,-0.4776334722325618f,-0.8649801389898158f,-0.2156054336250413f,0f,0f,0f,1f], start_interpolation: 0, interpolation_duration: 1 }
$data merge entity $(bone_leg_right_1) { transformation: [-0.9851062857864745f,-0.10031811095326706f,-0.13964914005730475f,-0.2507113347970932f,-0.17194385165478138f,0.5792524690083136f,0.7968073098471747f,0.3457575859272484f,0.0009579050554584662f,0.8089517005127935f,-0.5878743306654612f,0.03535919091126989f,0f,0f,0f,1f], start_interpolation: 0, interpolation_duration: 1 }
$data merge entity $(bone_leg_right_0) { transformation: [-0.991817614517265f,-0.08456922642381484f,0.09563401840014507f,-0.1763769553873244f,-0.12375381492229146f,0.8208608010164041f,-0.5575594485316223f,0.7278325904155728f,-0.0313498457007525f,-0.564832356807562f,-0.8246099659097954f,-0.1156387214831223f,0f,0f,0f,1f], start_interpolation: 0, interpolation_duration: 1 }
$data merge entity $(bone_tail_4) { transformation: [-2.00937101997694f,0.3294510668228581f,1.8653555774291706f,0.3479378868247167f,1.4760333553444314f,1.9766640720897672f,1.240881143228537f,0.7601453832112929f,-1.1871878409028183f,1.8999795978585614f,-1.614411313678682f,-1.690104077841563f,0f,0f,0f,1f], start_interpolation: 0, interpolation_duration: 1 }
$data merge entity $(bone_tail_3) { transformation: [-1.091932467763615f,0.8864286668253879f,1.5355367890474887f,0.07889319141651055f,1.3469069583156315f,1.587474227151834f,0.04138538164698058f,0.7375932702632403f,-1.15302673756034f,1.0149459703862556f,-1.4058305536984557f,-1.4616592102935055f,0f,0f,0f,1f], start_interpolation: 0, interpolation_duration: 1 }
$data merge entity $(bone_tail_2) { transformation: [-1.1204844928028117f,1.07662560604739f,1.1849749705349446f,-0.14196341794197703f,1.2779729358272687f,1.472672381775557f,-0.12959593454779747f,0.7629802887835346f,-0.9644032101171353f,0.7006334529276883f,-1.54848735479408f,-1.1743451985181255f,0f,0f,0f,1f], start_interpolation: 0, interpolation_duration: 1 }
$data merge entity $(bone_tail_1) { transformation: [-1.3026001796825433f,0.6827679230100554f,0.3531529204176876f,-0.22505965119032872f,0.7001738196952118f,1.3406436704940556f,-0.009349918590231876f,0.7479353766445276f,-0.31724697650950734f,0.15543089162956564f,-1.4706637426083555f,-0.8594716625747355f,0f,0f,0f,1f], start_interpolation: 0, interpolation_duration: 1 }
$data merge entity $(bone_tail_0) { transformation: [-1.1424585800145404f,0.37202001105396876f,-0.436148163942705f,-0.08862951509758774f,0.26530690545732677f,1.2052076763101998f,0.33305017559468897f,0.6796941826479003f,0.5081696128772801f,0.20715039204018185f,-1.1544211000366298f,-0.5171240779353633f,0f,0f,0f,1f], start_interpolation: 0, interpolation_duration: 1 }
$data merge entity $(bone_body_1) { transformation: [-1.1874749536826785f,-0.02221579051862828f,-0.34353207722744455f,-0.007266728114432657f,0.015420432742462797f,1.2291191663133565f,-0.13278885612672883f,0.6277758333333334f,0.3439041140879325f,-0.13182233767098175f,-1.1802361741027099f,-0.2338565300132344f,0f,0f,0f,1f], start_interpolation: 0, interpolation_duration: 1 }