# This file was generated by Animated Java via MC-Build. It is not recommended to edit this file directly.
$data merge entity $(bone_head_lower) { transformation: [0.2740213637717679f,0.29148465722989186f,0.9164873085843758f,-0.6292105087015785f,-0.5405962142080792f,0.8348434992434812f,-0.10388486393499435f,0.7812066195421384f,-0.7954043156662863f,-0.4669828972997535f,0.38634045639691295f,0.0015678076019685107f,0f,0f,0f,1f], start_interpolation: 0, interpolation_duration: 1 }
$data merge entity $(bone_head_upper) { transformation: [0.285228723374465f,-0.14520562563393571f,0.9904705165879181f,-0.5641020914942704f,-0.5627063741207672f,0.828526669332458f,0.2835084431057221f,0.8191806119015218f,-0.8279360207585726f,-0.6131319817727897f,0.14853639635233962f,-0.0022172161556150184f,0f,0f,0f,1f], start_interpolation: 0, interpolation_duration: 1 }
$data merge entity $(bone_neck_0) { transformation: [0.23926673080718774f,0.3721529215131748f,0.8968018925816613f,-0.5122312523816702f,-0.3799497724387487f,0.885862808216415f,-0.26624285050057267f,0.7877084068829115f,-0.8935264976219699f,-0.2770366185689825f,0.3533569159069627f,0.025417049083725052f,0f,0f,0f,1f], start_interpolation: 0, interpolation_duration: 1 }
$data merge entity $(bone_neck_1) { transformation: [0.1449183490450703f,0.1887063199784059f,0.9712819348213261f,-0.4290815779990589f,-0.5914082511278366f,0.8035109423585158f,-0.06787080379694801f,0.7856605334695881f,-0.7932433123625847f,-0.5645884255901261f,0.22804595388144383f,0.042134546177487506f,0f,0f,0f,1f], start_interpolation: 0, interpolation_duration: 1 }
$data merge entity $(bone_neck_2) { transformation: [-0.2404628123259415f,0.15237021736768216f,0.9586245108214292f,-0.343607081507855f,-0.43136690997767263f,0.8679441556963088f,-0.24616159645431362f,0.772592647157581f,-0.8695402376340118f,-0.4727116028319456f,-0.14298082278207574f,0.024980211709130257f,0f,0f,0f,1f], start_interpolation: 0, interpolation_duration: 1 }
$data merge entity $(bone_body_0) { transformation: [-0.47300611489785827f,0.384714732403728f,0.79262840596383f,0.03362060258593667f,-0.3609247814002036f,0.7360745384270381f,-0.5726496101898946f,0.5097170633828125f,-0.8037403296092896f,-0.5569460014677822f,-0.20931467700235412f,-0.07897461747852291f,0f,0f,0f,1f], start_interpolation: 0, interpolation_duration: 1 }
$data merge entity $(bone_leg_left_3) { transformation: [-0.9996692629350254f,-0.02134898652670158f,-0.014338253632358189f,0.39673715089188144f,-0.02243943400717252f,0.996479691344194f,0.08077559371503529f,0.04541811633006676f,0.012563301492078072f,0.08107062052840966f,-0.9966291777500581f,-0.3840119882653188f,0f,0f,0f,1f], start_interpolation: 0, interpolation_duration: 1 }
$data merge entity $(bone_leg_left_2) { transformation: [-0.9314665926762865f,-0.10222697770856787f,0.41711129361034477f,0.38435374103886644f,-0.03611674301611476f,1.0113354345472563f,0.167207712751875f,0.28627037426933855f,-0.42793430232061475f,0.13715860657785053f,-0.9220205795098526f,-0.3811989699606667f,0f,0f,0f,1f], start_interpolation: 0, interpolation_duration: 1 }
$data merge entity $(bone_leg_left_1) { transformation: [-0.8509552673366548f,-0.4476844079209171f,0.274688558000693f,0.26511073250628814f,0.35486808887953203f,-0.10448153113581143f,0.9290598738221905f,0.20154473579199295f,-0.387225738409769f,0.8880665969149014f,0.24777801951947814f,-0.1453684020512644f,0f,0f,0f,1f], start_interpolation: 0, interpolation_duration: 1 }
$data merge entity $(bone_leg_left_0) { transformation: [-0.9000189328576882f,0.2813170646255796f,0.3329063376509308f,0.24381403440363414f,0.15431433253547838f,0.9200060761646328f,-0.3602442318681669f,0.6100381489542417f,-0.4076187032900206f,-0.27285440984269127f,-0.8714341419508184f,-0.22895584499237775f,0f,0f,0f,1f], start_interpolation: 0, interpolation_duration: 1 }
$data merge entity $(bone_leg_right_3) { transformation: [-0.8774292742126307f,-0.09699579554312823f,0.4697974929708024f,-0.17918457829254125f,-0.09649329423031187f,0.9950141836571418f,0.025215441493146196f,0.024352025732918364f,-0.4699009607601138f,-0.023207541189611935f,-0.8824140168360062f,-0.1779458538368809f,0f,0f,0f,1f], start_interpolation: 0, interpolation_duration: 1 }
$data merge entity $(bone_leg_right_2) { transformation: [-0.8970440551293754f,0.41931388586094626f,0.2674883694330155f,-0.0717848769150885f,0.22596662364175224f,0.8350043100746822f,-0.551152507621389f,0.20160667715635505f,-0.4430725083523992f,-0.42309084932386765f,-0.8226439600832288f,-0.30130372654391796f,0f,0f,0f,1f], start_interpolation: 0, interpolation_duration: 1 }
$data merge entity $(bone_leg_right_1) { transformation: [-0.8699317623540747f,-0.4606388806736653f,-0.1761549047266243f,-0.2049087050179278f,-0.38750185784257885f,0.4174998986688663f,0.8219100588142452f,0.2637199837084695f,-0.3050590746332311f,0.7832660188104674f,-0.5416948446872258f,-0.06586080522290136f,0f,0f,0f,1f], start_interpolation: 0, interpolation_duration: 1 }
$data merge entity $(bone_leg_right_0) { transformation: [-0.8725676620930731f,-0.012388399269378736f,0.48833615740898273f,-0.14806805824347624f,-0.34539103478594063f,0.7225784678424814f,-0.5988199987474611f,0.6363360229458f,-0.3454427711776953f,-0.6911778970525277f,-0.6347774464071012f,-0.2453982852703813f,0f,0f,0f,1f], start_interpolation: 0, interpolation_duration: 1 }
$data merge entity $(bone_tail_4) { transformation: [0.6316962055543756f,-2.6818382040428137f,0.18537821561505322f,-0.862565762662358f,2.4679845824940476f,0.654049353502287f,1.0521087754386065f,0.6566894129157907f,-1.065679753049615f,-0.07499748075540405f,2.546441315526524f,-0.5567354549036978f,0f,0f,0f,1f], start_interpolation: 0, interpolation_duration: 1 }
$data merge entity $(bone_tail_3) { transformation: [0.3979558168738437f,-1.8874259273173353f,-0.784346902047183f,-0.7110995684818117f,1.996262772594735f,0.1873847666115573f,0.5619318624519876f,0.5595728276953148f,-0.43876148032057166f,-0.8593345356592349f,1.8452582597714262f,-0.861213802787978f,0f,0f,0f,1f], start_interpolation: 0, interpolation_duration: 1 }
$data merge entity $(bone_tail_2) { transformation: [0.23815334368770366f,-1.0467058460372352f,-1.6329310248031361f,-0.4076142228929527f,1.9395315269242779f,0.11446620307592965f,0.20949658570711233f,0.5220892844314977f,-0.016562486526002205f,-1.6462315254020718f,1.052815902147769f,-1.0573339521004366f,0f,0f,0f,1f], start_interpolation: 0, interpolation_duration: 1 }
$data merge entity $(bone_tail_1) { transformation: [-0.589785588195637f,0.29564606931458703f,-1.361029981909128f,-0.1177862590307642f,1.041421654457575f,1.0750228604543026f,-0.21776831065951122f,0.5548146063451548f,0.92479735487488f,-1.0220447647727984f,-0.6227604685727423f,-0.9117129314063979f,0f,0f,0f,1f], start_interpolation: 0, interpolation_duration: 1 }
$data merge entity $(bone_tail_0) { transformation: [-1.115606022752552f,0.03415873072642298f,-0.6229703842859791f,0.06508447745731719f,0.16839284608573363f,1.2454181098309542f,-0.2332665807102836f,0.6530346803563254f,0.6007518355938725f,-0.2856617394826975f,-1.0914807919566611f,-0.5996504022582668f,0f,0f,0f,1f], start_interpolation: 0, interpolation_duration: 1 }
$data merge entity $(bone_body_1) { transformation: [-1.2325134554310877f,0.07702293173811403f,0.059855202146817645f,0.04598094035064755f,0.08270978478471668f,1.2273793270407798f,0.12370801958660049f,0.541601590909091f,-0.05171333230837504f,0.12732655102388785f,-1.2287059354142371f,-0.32256983048664295f,0f,0f,0f,1f], start_interpolation: 0, interpolation_duration: 1 }