# This file was generated by Animated Java via MC-Build. It is not recommended to edit this file directly.
$data merge entity $(bone_head_lower) { transformation: [0.1610505820048901f,0.3105476845957056f,0.9368152676104999f,-0.6325891625809854f,-0.554667122568514f,0.8136012046191095f,-0.1743486821971958f,0.8161305026290526f,-0.8163376098021276f,-0.4915416721241244f,0.30328153815880177f,-0.06865632947186938f,0f,0f,0f,1f], start_interpolation: 0, interpolation_duration: 1 }
$data merge entity $(bone_head_upper) { transformation: [0.16763748370448098f,-0.1314834976017417f,1.0188629478488018f,-0.5652518228891974f,-0.5773527767702652f,0.8418254645129758f,0.2036310414369178f,0.8488920316245342f,-0.8497254779023639f,-0.5979246773126463f,0.06264690772634958f,-0.07802763636620635f,0f,0f,0f,1f], start_interpolation: 0, interpolation_duration: 1 }
$data merge entity $(bone_neck_0) { transformation: [0.2824383497516818f,0.41885254927683224f,0.8630128159847024f,-0.5163378211736529f,-0.40040444198962033f,0.8689991934734519f,-0.2907175340041787f,0.8161175851822037f,-0.871725221285083f,-0.26344438446622703f,0.41314911940930427f,-0.04675476712036633f,0f,0f,0f,1f], start_interpolation: 0, interpolation_duration: 1 }
$data merge entity $(bone_neck_1) { transformation: [0.18860302579084237f,0.2605159334174061f,0.9468687063675706f,-0.4349254497517864f,-0.6220995432296186f,0.7777401065988812f,-0.09006933385487365f,0.8120704818982768f,-0.7598822652069451f,-0.5720592408336909f,0.3087509805664474f,-0.02323491212488403f,0f,0f,0f,1f], start_interpolation: 0, interpolation_duration: 1 }
$data merge entity $(bone_neck_2) { transformation: [-0.17210728959395516f,0.24391869513956055f,0.9544017765228837f,-0.34892457964045703f,-0.4478227562614515f,0.8435817902748037f,-0.29635205767997164f,0.794367011970488f,-0.8774017664918498f,-0.4784071835561952f,-0.03595423311391799f,-0.031068677933916503f,0f,0f,0f,1f], start_interpolation: 0, interpolation_duration: 1 }
$data merge entity $(bone_body_0) { transformation: [-0.39265851151583653f,0.49119211916081695f,0.777527874361089f,0.022200610741551052f,-0.36707198064178925f,0.691466969117978f,-0.6221989968221668f,0.507714045228999f,-0.8432540864780207f,-0.529720428804764f,-0.09120752680023324f,-0.07910069252154228f,0f,0f,0f,1f], start_interpolation: 0, interpolation_duration: 1 }
$data merge entity $(bone_leg_left_3) { transformation: [-0.9991876039631816f,-0.016804376645679693f,0.03662983772645234f,0.39481218852387523f,-0.013079358862219198f,0.9949355586305505f,0.09966024555592559f,0.04667687849958588f,-0.038119056363837056f,0.09910018717471843f,-0.9943470673984343f,-0.3967735625904043f,0f,0f,0f,1f], start_interpolation: 0, interpolation_duration: 1 }
$data merge entity $(bone_leg_left_2) { transformation: [-0.9106601018885137f,-0.08889099834256588f,0.46352860617523717f,0.38700415770366403f,0.01205952924908461f,1.0026338676798174f,0.21596780925960854f,0.28708245884384076f,-0.4718208834752725f,0.19719512492900562f,-0.8891351618969646f,-0.3790178970137996f,0f,0f,0f,1f], start_interpolation: 0, interpolation_duration: 1 }
$data merge entity $(bone_leg_left_1) { transformation: [-0.8245669105888153f,-0.4912298959175446f,0.28068238156117864f,0.2550877703367359f,0.3977641026849234f,-0.15054193603334542f,0.9050529509982219f,0.19026258397916795f,-0.40233459778805314f,0.8579220913650438f,0.31952551787072514f,-0.15488096512837085f,0f,0f,0f,1f], start_interpolation: 0, interpolation_duration: 1 }
$data merge entity $(bone_leg_left_0) { transformation: [-0.8782866175096709f,0.3044456177287239f,0.36868073362897186f,0.24248677298755267f,0.18825518953500603f,0.9289864076654146f,-0.3186600665066886f,0.6028432505485952f,-0.4395140511025333f,-0.2104688105603391f,-0.87322979716954f,-0.21753626820309932f,0f,0f,0f,1f], start_interpolation: 0, interpolation_duration: 1 }
$data merge entity $(bone_leg_right_3) { transformation: [-0.8879524184406449f,-0.07040035713666684f,0.45451544781276676f,-0.18974842236216866f,-0.07375818033557857f,0.9972222910115794f,0.010364996054089581f,0.024115514872145416f,-0.45398263559192936f,-0.024320609051723507f,-0.8906785472640278f,-0.1730785224624149f,0f,0f,0f,1f], start_interpolation: 0, interpolation_duration: 1 }
$data merge entity $(bone_leg_right_2) { transformation: [-0.8746664365490697f,0.45946355475856354f,0.2755250734939949f,-0.07277623745794812f,0.24060298322890109f,0.8081986218059282f,-0.5839412570396494f,0.19408577352760992f,-0.478676329826951f,-0.43332485396099446f,-0.7969697244587008f,-0.2979732429166557f,0f,0f,0f,1f], start_interpolation: 0, interpolation_duration: 1 }
$data merge entity $(bone_leg_right_1) { transformation: [-0.8616383705605412f,-0.4859660238968401f,-0.1463432335151564f,-0.2141965900676494f,-0.39021282725822065f,0.449963615585251f,0.8032849395405063f,0.2659522733065659f,-0.32452005765579706f,0.7492461333015639f,-0.5773360926806272f,-0.0702697608681048f,0f,0f,0f,1f], start_interpolation: 0, interpolation_duration: 1 }
$data merge entity $(bone_leg_right_0) { transformation: [-0.8623856928422622f,0.0199284965250483f,0.5058594387843549f,-0.1472776991680252f,-0.34942897525959393f,0.6995999085617185f,-0.6232650793919592f,0.6320056797655953f,-0.3663199530874637f,-0.7142568326356327f,-0.5963613577381689f,-0.2595685834343264f,0f,0f,0f,1f], start_interpolation: 0, interpolation_duration: 1 }
$data merge entity $(bone_tail_4) { transformation: [0.8098147930486543f,-2.6270873031942132f,0.26129223860521955f,-0.8398721717908079f,2.4043711217165087f,0.8467784714084289f,1.0618978580894216f,0.6631228389977347f,-1.0903489540579485f,-0.08390383397059704f,2.5356972683326715f,-0.6408211691569674f,0f,0f,0f,1f], start_interpolation: 0, interpolation_duration: 1 }
$data merge entity $(bone_tail_3) { transformation: [0.5091361596589585f,-1.8082176986098213f,-0.8983733363175779f,-0.6698464228068173f,1.9613850623890627f,0.2230120181440218f,0.6627064228184507f,0.5485699717491448f,-0.4792645762094507f,-1.0082459621748943f,1.7577517093700243f,-0.9290044246079489f,0f,0f,0f,1f], start_interpolation: 0, interpolation_duration: 1 }
$data merge entity $(bone_tail_2) { transformation: [0.2834811862435138f,-0.8777534290774581f,-1.7227771793797109f,-0.34958515315612915f,1.9329751571316716f,0.08819007286746436f,0.273136280933524f,0.4992448475844595f,-0.04493699990582319f,-1.7437159469917034f,0.8810273759929758f,-1.0932336402092182f,0f,0f,0f,1f], start_interpolation: 0, interpolation_duration: 1 }
$data merge entity $(bone_tail_1) { transformation: [-0.6774445611984675f,0.3931707771591924f,-1.293886338319813f,-0.07531414415613802f,1.0574514511688797f,1.0560686871397806f,-0.23274794620724498f,0.5354100007104822f,0.8429244004793349f,-1.0088567381104696f,-0.747892229566304f,-0.9207686515294102f,0f,0f,0f,1f], start_interpolation: 0, interpolation_duration: 1 }
$data merge entity $(bone_tail_0) { transformation: [-1.1501044115724046f,0.062195835763972765f,-0.5542808287135155f,0.088160492988138f,0.1882935855599233f,1.2389676805539014f,-0.25167504596980045f,0.6388537957741365f,0.5250153185410006f,-0.30810141372693217f,-1.123952023326968f,-0.599758783185527f,0f,0f,0f,1f], start_interpolation: 0, interpolation_duration: 1 }
$data merge entity $(bone_body_1) { transformation: [-1.2258532997406852f,0.08068811215572773f,0.13920384738888722f,0.05036263144909997f,0.09171913460045736f,1.2292835905102928f,0.0951527693055555f,0.5339311363636364f,-0.13219638012921192f,0.10467032872365396f,-1.2248154287164517f,-0.3220566423721455f,0f,0f,0f,1f], start_interpolation: 0, interpolation_duration: 1 }