# This file was generated by Animated Java via MC-Build. It is not recommended to edit this file directly.
$data merge entity $(bone_head_lower) { transformation: [0.1639443685184845f,0.3083892283725653f,0.9370263218580623f,-0.6283011711646408f,-0.5443840973351031f,0.8204279487785276f,-0.17476823347422937f,0.8254028727934045f,-0.8226592238586528f,-0.48144996072990975f,0.30238673369287933f,-0.08743072795979319f,0f,0f,0f,1f], start_interpolation: 0, interpolation_duration: 1 }
$data merge entity $(bone_head_upper) { transformation: [0.17064962488073698f,-0.13188548304811504f,1.018310791199198f,-0.5610099871197798f,-0.5666491800894016f,0.8487650563511502f,0.20488662329382343f,0.8584101076971346f,-0.8563056433397951f,-0.5879422089473607f,0.0673538915432931f,-0.09625543677354409f,0f,0f,0f,1f], start_interpolation: 0, interpolation_duration: 1 }
$data merge entity $(bone_neck_0) { transformation: [0.2866339594703783f,0.4315428386120612f,0.8553430608363982f,-0.5127992690495091f,-0.4062593463466603f,0.8633082049652806f,-0.2994199170823637f,0.8251672161280618f,-0.8676372034348911f,-0.26166719641993674f,0.42277176056758164f,-0.0643905175429444f,0f,0f,0f,1f], start_interpolation: 0, interpolation_duration: 1 }
$data merge entity $(bone_neck_1) { transformation: [0.1935180335615325f,0.27847418824256864f,0.9407459259380933f,-0.4318228460563147f,-0.6314660779031652f,0.769211069020196f,-0.09780042819129703f,0.8204258954732313f,-0.7508670742175819f,-0.5751229936104538f,0.3247032169173552f,-0.039533413081511565f,0f,0f,0f,1f], start_interpolation: 0, interpolation_duration: 1 }
$data merge entity $(bone_neck_2) { transformation: [-0.15929693638514875f,0.2693456454891342f,0.949777557807273f,-0.3459781464503469f,-0.4526944342662922f,0.8350257797708561f,-0.3127294298629332f,0.8012038762215834f,-0.8773210559667585f,-0.47977585430502373f,-0.011085773913324312f,-0.04520191549317827f,0f,0f,0f,1f], start_interpolation: 0, interpolation_duration: 1 }
$data merge entity $(bone_body_0) { transformation: [-0.37461282685390357f,0.5198431847286833f,0.7677423351930436f,0.020808093230899147f,-0.3690442263710917f,0.6760212634291388f,-0.637810011189722f,0.5070463572961512f,-0.8505713308939411f,-0.5222626874311539f,-0.06140111056405562f,-0.07911523357399408f,0f,0f,0f,1f], start_interpolation: 0, interpolation_duration: 1 }
$data merge entity $(bone_leg_left_3) { transformation: [-0.9989522696351367f,-0.014180357482636803f,0.0435118426692539f,0.39342587223717584f,-0.009481135795153015f,0.9942821056578628f,0.10636353901878633f,0.04753588380988155f,-0.044771319556643874f,0.10583955702019757f,-0.9933748119994414f,-0.40503407248882967f,0f,0f,0f,1f], start_interpolation: 0, interpolation_duration: 1 }
$data merge entity $(bone_leg_left_2) { transformation: [-0.9079943171574844f,-0.08318761062721222f,0.46977477683305174f,0.3871444631037683f,0.028666620791740885f,0.9986496569741939f,0.23224833041036433f,0.2875416553308382f,-0.4762213186773463f,0.21872558964180341f,-0.8817225025901004f,-0.38203742921323974f,0f,0f,0f,1f], start_interpolation: 0, interpolation_duration: 1 }
$data merge entity $(bone_leg_left_1) { transformation: [-0.8196771299484913f,-0.4968648059306362f,0.28505221849148193f,0.25336810397576137f,0.4121525903684131f,-0.16596434189322057f,0.8958716869466061f,0.1867323788347564f,-0.39781860802633545f,0.8518105434000347f,0.34082129226403574f,-0.16078020069729554f,0f,0f,0f,1f], start_interpolation: 0, interpolation_duration: 1 }
$data merge entity $(bone_leg_left_0) { transformation: [-0.8752126025916586f,0.30940266246673914f,0.37185063227488074f,0.24281278693888456f,0.19995586692075468f,0.9313498240320717f,-0.3043109537289094f,0.6004333955946504f,-0.440477640236942f,-0.19198306626867412f,-0.8769959810155193f,-0.2159828508015617f,0f,0f,0f,1f], start_interpolation: 0, interpolation_duration: 1 }
$data merge entity $(bone_leg_right_3) { transformation: [-0.8960388682358476f,-0.0607075067312543f,0.43980557663255637f,-0.19214366983404652f,-0.06486588588016129f,0.997878361151065f,0.00558508687903253f,0.024228104549534557f,-0.4392115247344984f,-0.023523923417218873f,-0.8980756435665417f,-0.16916156177113856f,0f,0f,0f,1f], start_interpolation: 0, interpolation_duration: 1 }
$data merge entity $(bone_leg_right_2) { transformation: [-0.8719555146800714f,0.46847524961959847f,0.2688618984042932f,-0.07328099956294254f,0.2458043507751202f,0.7987763599639538f,-0.5946416966572826f,0.19166328684860076f,-0.4809740128735935f,-0.44107761987804933f,-0.7913132955307158f,-0.2956850671387851f,0f,0f,0f,1f], start_interpolation: 0, interpolation_duration: 1 }
$data merge entity $(bone_leg_right_1) { transformation: [-0.8625656555402941f,-0.48556272536711464f,-0.14215952172261506f,-0.21483214440967854f,-0.3906840639979209f,0.4606964692336537f,0.7969471283427239f,0.2667723163270955f,-0.321475429886035f,0.7429586818724886f,-0.5870825708619563f,-0.06911213684228512f,0f,0f,0f,1f], start_interpolation: 0, interpolation_duration: 1 }
$data merge entity $(bone_leg_right_0) { transformation: [-0.8631179456104392f,0.02327025613265514f,0.504465962325245f,-0.14640258923964347f,-0.3503467769198002f,0.6918562936053373f,-0.6313414329034589f,0.6305495115014756f,-0.36370942779521487f,-0.7216601445127796f,-0.5890009235601178f,-0.2622204660638522f,0f,0f,0f,1f], start_interpolation: 0, interpolation_duration: 1 }
$data merge entity $(bone_tail_4) { transformation: [0.858441743352236f,-2.608926071085806f,0.28678190403013804f,-0.8345207668293743f,2.3823553299559683f,0.9011522748536297f,1.0667562940786979f,0.6648254030912175f,-1.1014182614705286f,-0.08420608490427724f,2.530898749488871f,-0.6589748493083277f,0f,0f,0f,1f], start_interpolation: 0, interpolation_duration: 1 }
$data merge entity $(bone_tail_3) { transformation: [0.5424242810631072f,-1.790149280478356f,-0.9149245755582467f,-0.6618653529630507f,1.9487489172498027f,0.23529913777578457f,0.6949514366660009f,0.5446847339686651f,-0.49406384493842215f,-1.0372778776245246f,1.7366349782725985f,-0.9432933874309757f,0f,0f,0f,1f], start_interpolation: 0, interpolation_duration: 1 }
$data merge entity $(bone_tail_2) { transformation: [0.2989683206684884f,-0.8387815121572956f,-1.739493430025696f,-0.3384758434635152f,1.9303710418711513f,0.07938455152030167f,0.29349550028575255f,0.49157085449442994f,-0.05531237605389363f,-1.7632122795754959f,0.8407121226747194f,-1.1000403967229775f,0f,0f,0f,1f], start_interpolation: 0, interpolation_duration: 1 }
$data merge entity $(bone_tail_1) { transformation: [-0.6957300821153263f,0.4142863611565663f,-1.2774907881466124f,-0.06797362066310927f,1.0623421026195368f,1.0499584676353186f,-0.23806033529925968f,0.5289491932128565f,0.8216113192025192f,-1.006782139889532f,-0.7739514280352167f,-0.921972757176882f,0f,0f,0f,1f], start_interpolation: 0, interpolation_duration: 1 }
$data merge entity $(bone_tail_0) { transformation: [-1.1548452415536306f,0.06871720467817714f,-0.5435495657492349f,0.09252246427394609f,0.19490818421243578f,1.236691100640549f,-0.25776275508208396f,0.6341170204419636f,0.512034163285982f,-0.3157669773135131f,-1.127806698087194f,-0.6000214469814311f,0f,0f,0f,1f], start_interpolation: 0, interpolation_duration: 1 }
$data merge entity $(bone_body_1) { transformation: [-1.224126330857097f,0.0836975363303396f,0.1520330344721919f,0.05153929037180352f,0.09471858698557448f,1.2297556250486776f,0.08563928419155745f,0.5313743181818182f,-0.14542252383330231f,0.09643868585592436f,-1.223992019781414f,-0.3219562776483751f,0f,0f,0f,1f], start_interpolation: 0, interpolation_duration: 1 }