# This file was generated by Animated Java via MC-Build. It is not recommended to edit this file directly.
$data merge entity $(bone_head_lower) { transformation: [0.15753807908292258f,0.30064090532383747f,0.9406363801623485f,-0.6210243439039138f,-0.5335149420980845f,0.8274637026774327f,-0.1751160395550078f,0.8344660829810433f,-0.8309895066707764f,-0.4742561194095621f,0.2907534574268083f,-0.09829951364777316f,0f,0f,0f,1f], start_interpolation: 0, interpolation_duration: 1 }
$data merge entity $(bone_head_upper) { transformation: [0.16398132087654785f,-0.139064541052287f,1.0184513353170128f,-0.5538867449999355f,-0.5553354809320037f,0.8558754767741464f,0.20628042674513591f,0.8677325777295661f,-0.8649766312479835f,-0.5758560273732072f,0.06063996797777205f,-0.1073183623742964f,0f,0f,0f,1f], start_interpolation: 0, interpolation_duration: 1 }
$data merge entity $(bone_neck_0) { transformation: [0.2806390032348001f,0.44120571782242035f,0.8523961898226556f,-0.5060214866620456f,-0.4116229458371372f,0.8575958489175844f,-0.3083762480796556f,0.8340050083674949f,-0.8670687979184437f,-0.2643234277927911f,0.42228524150878644f,-0.0754419704286789f,0f,0f,0f,1f], start_interpolation: 0, interpolation_duration: 1 }
$data merge entity $(bone_neck_1) { transformation: [0.18939020824550384f,0.2897758992767572f,0.9381691090731306f,-0.42521128830801425f,-0.6404031545340954f,0.7607320681670053f,-0.10569068135427412f,0.8285562180131321f,-0.7443219388702071f,-0.5807896767855794f,0.3296486048139715f,-0.05019203240523891f,0f,0f,0f,1f], start_interpolation: 0, interpolation_duration: 1 }
$data merge entity $(bone_neck_2) { transformation: [-0.15680116360888874f,0.28915932335779293f,0.944351778102928f,-0.339647939407612f,-0.45726103731554557f,0.8262685445611284f,-0.3289264903013225f,0.8078294759831528f,-0.8754003306168041f,-0.48339133006716f,0.002661422907437705f,-0.054691575038814375f,0f,0f,0f,1f], start_interpolation: 0, interpolation_duration: 1 }
$data merge entity $(bone_body_0) { transformation: [-0.3663956371443896f,0.5420247133595246f,0.7562826503292812f,0.02194870055828056f,-0.370974087731002f,0.6603113319570252f,-0.6529679709765941f,0.5063784107178309f,-0.8533067814764557f,-0.5198058820335381f,-0.040858067619847414f,-0.07889962987401686f,0f,0f,0f,1f], start_interpolation: 0, interpolation_duration: 1 }
$data merge entity $(bone_leg_left_3) { transformation: [-0.9991743572410872f,-0.01015439837950892f,0.03933817516625254f,0.39076793093259793f,-0.005638376322767605f,0.9935501354857824f,0.11325341932421129f,0.04862289226113442f,-0.04023446960385346f,0.11293810902318566f,-0.992787072330197f,-0.41733553982691546f,0f,0f,0f,1f], start_interpolation: 0, interpolation_duration: 1 }
$data merge entity $(bone_leg_left_2) { transformation: [-0.9105119972327066f,-0.0748645644817193f,0.46628896553635585f,0.3863149787145137f,0.04552825927871461f,0.9940990165771182f,0.24850859612526574f,0.2880965899350411f,-0.4700609322237412f,0.24129782785193643f,-0.8791360974113048f,-0.3889878520032962f,0f,0f,0f,1f], start_interpolation: 0, interpolation_duration: 1 }
$data merge entity $(bone_leg_left_1) { transformation: [-0.8190361066655046f,-0.49308297548896796f,0.29334115848472075f,0.25311364406227005f,0.4265571990349016f,-0.18139052371557418f,0.8860848908866966f,0.18332868008406666f,-0.3837040681693532f,0.8508623021318644f,0.3588934812463899f,-0.1692278120231288f,0f,0f,0f,1f], start_interpolation: 0, interpolation_duration: 1 }
$data merge entity $(bone_leg_left_0) { transformation: [-0.8769449955614791f,0.3123947154370907f,0.36520818244756853f,0.24407240611921796f,0.21183520012276363f,0.9333710114471847f,-0.2897316050744343f,0.5980177075029685f,-0.43138535296023456f,-0.1767147327107686f,-0.8846912345526747f,-0.21675196503268285f,0f,0f,0f,1f], start_interpolation: 0, interpolation_duration: 1 }
$data merge entity $(bone_leg_right_3) { transformation: [-0.9085846677780327f,-0.05073127626643087f,0.4146085371613333f,-0.1930663810940595f,-0.05532651501378266f,0.998467884153678f,0.0009279278561873383f,0.024435880415198258f,-0.4140203838159559f,-0.0220957444331632f,-0.909999395528828f,-0.16256207079001728f,0f,0f,0f,1f], start_interpolation: 0, interpolation_duration: 1 }
$data merge entity $(bone_leg_right_2) { transformation: [-0.8746340063723754f,0.4723496622006778f,0.2529097685274472f,-0.07378942778674782f,0.25115805591734536f,0.7891109312795829f,-0.6052154728553977f,0.1892829826537326f,-0.4732834091171178f,-0.45414968265393374f,-0.7885512538196257f,-0.29205922658619365f,0f,0f,0f,1f], start_interpolation: 0, interpolation_duration: 1 }
$data merge entity $(bone_leg_right_1) { transformation: [-0.867209315298465f,-0.47643579436351474f,-0.14476511081325522f,-0.21281536140836244f,-0.3909391855139986f,0.47137976933614933f,0.7905489651440002f,0.2676285845954519f,-0.30840647964856194f,0.7421657812846162f,-0.595042348409738f,-0.06501926953723353f,0f,0f,0f,1f], start_interpolation: 0, interpolation_duration: 1 }
$data merge entity $(bone_leg_right_0) { transformation: [-0.868055871539933f,0.018249295983885874f,0.49613099790392035f,-0.14510451975285996f,-0.35105028619375706f,0.6840757852034034f,-0.6393778356039785f,0.6290869136925715f,-0.3510593973223457f,-0.7291826131322933f,-0.5874095813461265f,-0.2626815998206614f,0f,0f,0f,1f], start_interpolation: 0, interpolation_duration: 1 }
$data merge entity $(bone_tail_4) { transformation: [0.8944549621807423f,-2.5902293518956947f,0.341062394303811f,-0.8331114811737124f,2.359981390352912f,0.9557050669439566f,1.0690074807060923f,0.6663060851879111f,-1.1207584438308658f,-0.05478194224058873f,2.5232044667418765f,-0.6669706373994982f,0f,0f,0f,1f], start_interpolation: 0, interpolation_duration: 1 }
$data merge entity $(bone_tail_3) { transformation: [0.5701925704593361f,-1.7835620213812495f,-0.910896522401884f,-0.6612035377712024f,1.9356487666978424f,0.24777156536475886f,0.7265112727427325f,0.5406919816373406f,-0.5138966925545858f,-1.04568699586806f,1.7258025443538811f,-0.9493701052089677f,0f,0f,0f,1f], start_interpolation: 0, interpolation_duration: 1 }
$data merge entity $(bone_tail_2) { transformation: [0.3138882121583572f,-0.8199491190733121f,-1.7458326115071003f,-0.33662007461842536f,1.927578915091365f,0.07056612793897822f,0.31342275393735247f,0.48386950623952973f,-0.0684659869278479f,-1.7724214337231914f,0.8201271516755174f,-1.1023023310691684f,0f,0f,0f,1f], start_interpolation: 0, interpolation_duration: 1 }
$data merge entity $(bone_tail_1) { transformation: [-0.7042612866255076f,0.4236180116578486f,-1.2697322829477222f,-0.06789331488915981f,1.0670060949860456f,1.04395876153421f,-0.24352483955151163f,0.5224926296672214f,0.8081895095973562f,-1.0091353399891465f,-0.7849406551846929f,-0.9218283441876045f,0f,0f,0f,1f], start_interpolation: 0, interpolation_duration: 1 }
$data merge entity $(bone_tail_0) { transformation: [-1.1535519097912406f,0.07164072664566888f,-0.5459132845852802f,0.09336405342259799f,0.2015129417624578f,1.2343518226662515f,-0.2638253755171608f,0.629375644551289f,0.5123926641778248f,-0.3241587585585359f,-1.1252602248060524f,-0.6008236813005374f,0f,0f,0f,1f], start_interpolation: 0, interpolation_duration: 1 }
$data merge entity $(bone_body_1) { transformation: [-1.2240054002992726f,0.0879067072227909f,0.15062465243018455f,0.05242479108696807f,0.09771616360314683f,1.2301465126064446f,0.07612952087814456f,0.5288175f,-0.14445389044657267f,0.08727292480316752f,-1.2247943113794253f,-0.3219546113575841f,0f,0f,0f,1f], start_interpolation: 0, interpolation_duration: 1 }