# This file was generated by Animated Java via MC-Build. It is not recommended to edit this file directly.
$data merge entity $(bone_head_lower) { transformation: [0.06939197726924023f,0.3561864733669653f,0.9318347222984714f,-0.602141367289604f,-0.4407384866687375f,0.8489261738428102f,-0.29167436934629376f,0.8491654396679075f,-0.8949493504437089f,-0.39045556412351357f,0.21589375300219404f,0.06844642512736128f,0f,0f,0f,1f], start_interpolation: 0, interpolation_duration: 1 }
$data merge entity $(bone_head_upper) { transformation: [0.0722300802262283f,-0.26044905541133784f,1.0051970193098274f,-0.5386716254055368f,-0.4587645071324528f,0.8959491357523792f,0.26510793221552237f,0.8874171694728201f,-0.9315524059812941f,-0.46142537670073375f,-0.05261824047377082f,0.05416869688023784f,0f,0f,0f,1f], start_interpolation: 0, interpolation_duration: 1 }
$data merge entity $(bone_neck_0) { transformation: [0.0006345747821148735f,0.40337624350102674f,0.9150339903489084f,-0.48605156971029906f,-0.30484787614833025f,0.8715575292950384f,-0.38399901762502076f,0.8485385640941827f,-0.95240084508714f,-0.2787024924684548f,0.1235214595492325f,0.06698743460043306f,0f,0f,0f,1f], start_interpolation: 0, interpolation_duration: 1 }
$data merge entity $(bone_neck_1) { transformation: [-0.045719210727488635f,0.19104213574493753f,0.9805165251745982f,-0.40210884350950776f,-0.49708670942032296f,0.8470420406110841f,-0.18821419913249438f,0.836496567917137f,-0.8664955609165756f,-0.49600673766333425f,0.05623841306834135f,0.06946652527692032f,0f,0f,0f,1f], start_interpolation: 0, interpolation_duration: 1 }
$data merge entity $(bone_neck_2) { transformation: [-0.368640144454499f,0.2237359143238969f,0.9022453571718815f,-0.3208748689448947f,-0.32218797699615176f,0.8796861658210084f,-0.3497815849101562f,0.8144657550843618f,-0.8719514615938742f,-0.4196361403701825f,-0.25220261362548024f,0.043263184716914205f,0f,0f,0f,1f], start_interpolation: 0, interpolation_duration: 1 }
$data merge entity $(bone_body_0) { transformation: [-0.5318645006032621f,0.49746192833125846f,0.6853114495315168f,0.006848793996139101f,-0.22979295332878868f,0.694120305749204f,-0.6821965990439008f,0.4995614197548611f,-0.8150554285436518f,-0.5203158954016085f,-0.2548647040960099f,-0.08181025387946445f,0f,0f,0f,1f], start_interpolation: 0, interpolation_duration: 1 }
$data merge entity $(bone_leg_left_3) { transformation: [-0.9884637302454632f,-0.015277956399129204f,0.15068522833207854f,0.3883584790777655f,0.021049172526409102f,0.9713871431182793f,0.23656701063432353f,0.0576381135996413f,-0.14998795393356718f,0.23700970915296488f,-0.9598593706590817f,-0.4007930115438825f,0f,0f,0f,1f], start_interpolation: 0, interpolation_duration: 1 }
$data merge entity $(bone_leg_left_2) { transformation: [-0.8736646331969317f,-0.06696150635574695f,0.5331870824280485f,0.38787233389204684f,0.0510512190863486f,1.0027612253554625f,0.20958506018822615f,0.2979366161586081f,-0.5349449328962402f,0.20505677528644115f,-0.8507924759766371f,-0.3801177752261956f,0f,0f,0f,1f], start_interpolation: 0, interpolation_duration: 1 }
$data merge entity $(bone_leg_left_1) { transformation: [-0.8014129265031561f,-0.5506190269742618f,0.2335722765388996f,0.2418591927705361f,0.42824975327823506f,-0.25563288624272235f,0.8667490849653929f,0.17399116684402782f,-0.4175397825965542f,0.7946511905264676f,0.4406699619262581f,-0.17929179614529528f,0f,0f,0f,1f], start_interpolation: 0, interpolation_duration: 1 }
$data merge entity $(bone_leg_left_0) { transformation: [-0.8488555259456744f,0.33150182586618315f,0.4117655103561729f,0.239796090523471f,0.25082375104836596f,0.9382471602141909f,-0.2382849392220035f,0.5909400667283604f,-0.4653297131943328f,-0.09898891754834671f,-0.8795848180937906f,-0.2006608639493907f,0f,0f,0f,1f], start_interpolation: 0, interpolation_duration: 1 }
$data merge entity $(bone_leg_right_3) { transformation: [-0.9020824441994741f,-0.02734240321453643f,0.43069671098530216f,-0.21294905016116916f,-0.025362728527187926f,0.9996248505652919f,0.010338768494114081f,0.030910701551703362f,-0.43081782213455294f,-0.0015972222050901208f,-0.9024375064304836f,-0.19121630403141587f,0f,0f,0f,1f], start_interpolation: 0, interpolation_duration: 1 }
$data merge entity $(bone_leg_right_2) { transformation: [-0.880152415340642f,0.4496033109879115f,0.2743187708113251f,-0.09830404309117713f,0.24035502278642626f,0.8182367394871508f,-0.5698949909197906f,0.2036553080826133f,-0.4686399345895157f,-0.424744276480377f,-0.8074844337854389f,-0.3144514261939644f,0f,0f,0f,1f], start_interpolation: 0, interpolation_duration: 1 }
$data merge entity $(bone_leg_right_1) { transformation: [-0.857821790001849f,-0.4879827715454064f,-0.16129039423625863f,-0.23940353207364612f,-0.398679414273705f,0.4337638686255315f,0.8080245237054311f,0.27070085571200875f,-0.32434010117837636f,0.7574442031924709f,-0.5666407837578621f,-0.08508443987787251f,0f,0f,0f,1f], start_interpolation: 0, interpolation_duration: 1 }
$data merge entity $(bone_leg_right_0) { transformation: [-0.8648358353666991f,0.08800549631450402f,0.49428130703479156f,-0.14452797441308257f,-0.30308865918520095f,0.6933518696153039f,-0.6537587089854177f,0.6313952018392549f,-0.4002452280026598f,-0.7152050178231419f,-0.5729620754829228f,-0.27271571604175876f,0f,0f,0f,1f], start_interpolation: 0, interpolation_duration: 1 }
$data merge entity $(bone_tail_4) { transformation: [1.131286933801013f,-2.5180751574278686f,0.07175448805281552f,-0.7680824081198183f,2.342426162627694f,1.0804577678454959f,0.9855516303774365f,0.6462422421330516f,-0.9267636579238506f,-0.342884594356394f,2.578604391701964f,-0.9065571696742049f,0f,0f,0f,1f], start_interpolation: 0, interpolation_duration: 1 }
$data merge entity $(bone_tail_3) { transformation: [0.677067263915324f,-1.5343828471595766f,-1.234177752400818f,-0.5437963285266155f,1.930633663487094f,0.2604180572987545f,0.7353785548189374f,0.5190008193731507f,-0.38752948738007376f,-1.3834006071343399f,1.507305271879496f,-1.1486027816350775f,0f,0f,0f,1f], start_interpolation: 0, interpolation_duration: 1 }
$data merge entity $(bone_tail_2) { transformation: [0.2784910898075396f,-0.19170502598979955f,-1.9246988779834722f,-0.18583869883217707f,1.933728061561501f,-0.016369282946585482f,0.28142797570282857f,0.46810996379168324f,-0.043730673790668737f,-1.9446735213368955f,0.18736701573048867f,-1.1839289777346598f,0f,0f,0f,1f], start_interpolation: 0, interpolation_duration: 1 }
$data merge entity $(bone_tail_1) { transformation: [-0.9799146538458003f,0.5945974870370344f,-0.9868522430371782f,0.020188736434547647f,1.0153246161530514f,1.0579842771928072f,-0.370730957766509f,0.5339843522103405f,0.5445543545064399f,-0.9026512879412835f,-1.0845909170586012f,-0.9400233856160869f,0f,0f,0f,1f], start_interpolation: 0, interpolation_duration: 1 }
$data merge entity $(bone_tail_0) { transformation: [-1.2312656063280052f,0.11802042799284743f,-0.32232266726704595f,0.11722695444816938f,0.18471806491194287f,1.2394857703712299f,-0.25177366448152183f,0.6374694683254154f,0.2893094532726938f,-0.2891053790707669f,-1.2110135575720988f,-0.5931137053127382f,0f,0f,0f,1f], start_interpolation: 0, interpolation_duration: 1 }
$data merge entity $(bone_body_1) { transformation: [-1.2087426043905152f,0.10386287604788923f,0.23824024506062325f,0.054843532921688254f,0.12723597046410706f,1.2247273522302848f,0.11161772070465754f,0.5290258333333333f,-0.22662065044373575f,0.1336413511391847f,-1.2080511848073332f,-0.3212604203309586f,0f,0f,0f,1f], start_interpolation: 0, interpolation_duration: 1 }