# This file was generated by Animated Java via MC-Build. It is not recommended to edit this file directly.
$data merge entity $(bone_head_lower) { transformation: [-0.10603187264140568f,0.4170724663472778f,0.9026670481407613f,-0.5004524778811096f,-0.19098387169038325f,0.8823413349892612f,-0.4301150187142033f,0.8020331729379259f,-0.9758495799754738f,-0.21800074858671242f,-0.013902189659368888f,0.30395925640598825f,0f,0f,0f,1f], start_interpolation: 0, interpolation_duration: 1 }
$data merge entity $(bone_head_upper) { transformation: [-0.11036853205249225f,-0.364014332954355f,0.9689088167210993f,-0.4418665638444124f,-0.19879503246590674f,0.9637155097838782f,0.33941846421841243f,0.8470100530222097f,-1.0157614211924793f,-0.14905678176219542f,-0.17170542685436646f,0.28845998461130223f,0f,0f,0f,1f], start_interpolation: 0, interpolation_duration: 1 }
$data merge entity $(bone_neck_0) { transformation: [-0.3616616049410812f,0.33863997945426977f,0.8686333218491293f,-0.39107900447657684f,-0.0415163376807341f,0.9249266567685648f,-0.3778717683348477f,0.8075762770618906f,-0.9313846022009497f,-0.1727241845085317f,-0.32045136740048735f,0.27084358937087843f,0f,0f,0f,1f], start_interpolation: 0, interpolation_duration: 1 }
$data merge entity $(bone_neck_1) { transformation: [-0.37159043740593956f,0.10578312351799721f,0.922350517757343f,-0.3124564801448274f,-0.19631329206689008f,0.9620697363470376f,-0.18942785899387038f,0.7959613861810942f,-0.9074037900440592f,-0.25145924756094756f,-0.3367292809212761f,0.24115975838392695f,0f,0f,0f,1f], start_interpolation: 0, interpolation_duration: 1 }
$data merge entity $(bone_neck_2) { transformation: [-0.625007365024634f,0.15578135466961135f,0.7649169649068221f,-0.24391882031619075f,-0.08308881059287104f,0.9610428301933696f,-0.2636151135427944f,0.7822759350807559f,-0.7761842843160549f,-0.22831742831246843f,-0.5877151595029306f,0.18743613222620215f,0f,0f,0f,1f], start_interpolation: 0, interpolation_duration: 1 }
$data merge entity $(bone_body_0) { transformation: [-0.7241859630910242f,0.43434506598292344f,0.5356295870452038f,0.01265907513208217f,-0.00016551308226370187f,0.7766102079112137f,-0.6299813946248898f,0.4927662492173894f,-0.6896047153749353f,-0.456312336699756f,-0.5623383215718661f,-0.08193875535939849f,0f,0f,0f,1f], start_interpolation: 0, interpolation_duration: 1 }
$data merge entity $(bone_leg_left_3) { transformation: [-0.984558910719744f,-0.023070991430706962f,0.17352659933495923f,0.3779666357945255f,0.032870979814003644f,0.9492783624519734f,0.3127140695053019f,0.0593359260913037f,-0.17193966967636848f,0.3135894129828103f,-0.9338621044119295f,-0.3915949500080738f,0f,0f,0f,1f], start_interpolation: 0, interpolation_duration: 1 }
$data merge entity $(bone_leg_left_2) { transformation: [-0.8829882115940937f,-0.04278019394475801f,0.5201575460306302f,0.3826999839893695f,0.02892529160685284f,1.0166669306577687f,0.13271729018128797f,0.30046594428849194f,-0.5211116436926133f,0.12892015596350517f,-0.8740048327641116f,-0.38936295424068257f,0f,0f,0f,1f], start_interpolation: 0, interpolation_duration: 1 }
$data merge entity $(bone_leg_left_1) { transformation: [-0.8225161323721429f,-0.5300151634834025f,0.20627927298988064f,0.24415207080145232f,0.4066351133589386f,-0.29445553687480047f,0.8648374537376007f,0.16650544881985602f,-0.3976368903549253f,0.795223153134663f,0.4577172054308534f,-0.18968209119958734f,0f,0f,0f,1f], start_interpolation: 0, interpolation_duration: 1 }
$data merge entity $(bone_leg_left_0) { transformation: [-0.8632490249075591f,0.33393660753901644f,0.37853330519451195f,0.24407663908325744f,0.263712924574101f,0.9377778793288593f,-0.22589409565998403f,0.5837600983756963f,-0.43041446816844253f,-0.09517873284931067f,-0.8975992393069843f,-0.2040288782455384f,0f,0f,0f,1f], start_interpolation: 0, interpolation_duration: 1 }
$data merge entity $(bone_leg_right_3) { transformation: [-0.9286558447916786f,-0.01184982675900062f,0.3707531571545082f,-0.2274706310036932f,-0.004484200783383005f,0.9997752124146573f,0.020722369183081735f,0.03851448312965117f,-0.37091537293240934f,0.017581417662046128f,-0.9285002314891493f,-0.19646952716595437f,0f,0f,0f,1f], start_interpolation: 0, interpolation_duration: 1 }
$data merge entity $(bone_leg_right_2) { transformation: [-0.9220274797512252f,0.38446805890668095f,0.2326195128634466f,-0.1292322864032167f,0.21891007954513486f,0.848006632616308f,-0.5338776335575277f,0.21934477541333017f,-0.39243585865443165f,-0.4302688255265215f,-0.8443488817561616f,-0.3222499116015762f,0f,0f,0f,1f], start_interpolation: 0, interpolation_duration: 1 }
$data merge entity $(bone_leg_right_1) { transformation: [-0.8788592958073859f,-0.4254022933709294f,-0.21596117004614446f,-0.2508500572486346f,-0.39602674317829833f,0.39810409593207413f,0.8274514774231149f,0.27572517399848484f,-0.26602472979130365f,0.8127398215892092f,-0.5183481701931668f,-0.07926070581305528f,0f,0f,0f,1f], start_interpolation: 0, interpolation_duration: 1 }
$data merge entity $(bone_leg_right_0) { transformation: [-0.8947580476105823f,0.10436488287551021f,0.4341843012575192f,-0.1411797769375605f,-0.2440730480586657f,0.6999219826805368f,-0.6712209512313352f,0.633558618633153f,-0.3739470329437732f,-0.706553033666212f,-0.6007881716292536f,-0.2642875527348775f,0f,0f,0f,1f], start_interpolation: 0, interpolation_duration: 1 }
$data merge entity $(bone_tail_4) { transformation: [1.1016580149623305f,-2.5283022368731056f,-0.14035223080417214f,-0.690897762184141f,2.4175969510859066f,1.0046595293862333f,0.8783766525321359f,0.5694978778313508f,-0.7531506700318246f,-0.4732952150992892f,2.6142717990283133f,-1.1141128101809554f,0f,0f,0f,1f], start_interpolation: 0, interpolation_duration: 1 }
$data merge entity $(bone_tail_3) { transformation: [0.5762819482071093f,-1.2877541046746581f,-1.5315136330142909f,-0.4186079608914741f,1.9807627176236056f,0.14125291015145758f,0.6265558218471342f,0.4618748936514104f,-0.28359072390931994f,-1.6302400152467609f,1.2640566917845395f,-1.3124969346036772f,0f,0f,0f,1f], start_interpolation: 0, interpolation_duration: 1 }
$data merge entity $(bone_tail_2) { transformation: [0.13154141673735487f,0.44384556808490816f,-1.898544664309189f,-0.06546977249572136f,1.947810638945605f,-0.11446052242099075f,0.10819601942865019f,0.443174552577021f,-0.08662820265837518f,-1.8996509614929993f,-0.4501062696804839f,-1.2293392463878066f,0f,0f,0f,1f], start_interpolation: 0, interpolation_duration: 1 }
$data merge entity $(bone_tail_1) { transformation: [-1.176070774582914f,0.6916921058436377f,-0.6527448306080557f,0.06766199589631522f,0.9257329678061029f,1.0705300564602855f,-0.5335167481270318f,0.5440108610285139f,0.21801893378523318f,-0.8143609021365971f,-1.2557628420933704f,-0.9493666617629674f,0f,0f,0f,1f], start_interpolation: 0, interpolation_duration: 1 }
$data merge entity $(bone_tail_0) { transformation: [-1.2632507167126636f,0.13494350959430665f,-0.14079628023261495f,0.11206236865757338f,0.16015775741653981f,1.2443872552041975f,-0.24430630038682155f,0.6454321213576767f,0.1112781921504593f,-0.2590874850079842f,-1.2467263355075127f,-0.5912964924487856f,0f,0f,0f,1f], start_interpolation: 0, interpolation_duration: 1 }
$data merge entity $(bone_body_1) { transformation: [-1.2116749538856895f,0.1307158548094139f,0.20823488296586334f,0.05484603482834995f,0.1566219723470325f,1.2175594144830029f,0.14704837652345187f,0.5292341666666667f,-0.1895203391736305f,0.1704905644354013f,-1.2098014727773565f,-0.3215183460473394f,0f,0f,0f,1f], start_interpolation: 0, interpolation_duration: 1 }