# This file was generated by Animated Java via MC-Build. It is not recommended to edit this file directly.
$data merge entity $(bone_head_lower) { transformation: [-0.2672515912489766f,0.27958985190203706f,0.9221746589926916f,-0.37683456776976076f,0.026564922843540256f,0.9587571311789471f,-0.282982452261323f,0.6719666044884451f,-0.9632605524203754f,-0.05113001199796724f,-0.2636566517724918f,0.46503110881264115f,0f,0f,0f,1f], start_interpolation: 0, interpolation_duration: 1 }
$data merge entity $(bone_head_upper) { transformation: [-0.27818206997623013f,-0.4851132108908924f,0.8779247411631452f,-0.32729219361754464f,0.027651417119123205f,0.9070077934823094f,0.5099452953770276f,0.727496093730147f,-1.0026575076558053f,0.15960569465087396f,-0.22951228106567165f,0.4524817869299887f,0f,0f,0f,1f], start_interpolation: 0, interpolation_duration: 1 }
$data merge entity $(bone_neck_0) { transformation: [-0.6697743082214046f,0.18608294566777042f,0.7188709991216398f,-0.283612701221583f,0.09768088645305434f,0.9817583007372337f,-0.163122908738427f,0.7009809194414521f,-0.7361119619108799f,-0.039035576915748535f,-0.6757332338035256f,0.40965908581518107f,0f,0f,0f,1f], start_interpolation: 0, interpolation_duration: 1 }
$data merge entity $(bone_neck_1) { transformation: [-0.6508460741151276f,-0.0056708950111949395f,0.7591885330790356f,-0.21932559322474676f,0.0007763969720742114f,0.9999666086996719f,0.008135028790303145f,0.706276784322697f,-0.7592093156809048f,0.005884083229298412f,-0.6508199386526837f,0.35455320223553094f,0f,0f,0f,1f], start_interpolation: 0, interpolation_duration: 1 }
$data merge entity $(bone_neck_2) { transformation: [-0.814257790034389f,0.0234094129307216f,0.5800312498086218f,-0.16828131272366303f,-0.004448687407679924f,0.9989055955960424f,-0.046559856821779655f,0.7119777017630655f,-0.5804863999687346f,-0.040492103837104276f,-0.8132625215624925f,0.28290886287361466f,0f,0f,0f,1f], start_interpolation: 0, interpolation_duration: 1 }
$data merge entity $(bone_body_0) { transformation: [-0.861226837932658f,0.30065554905139297f,0.40974940445242974f,0.027696164958651216f,0.06563897147044523f,0.8652929706563824f,-0.49695029968494314f,0.486009886246891f,-0.5039641446063574f,-0.40109140573846536f,-0.7649482500103679f,-0.08142927580425019f,0f,0f,0f,1f], start_interpolation: 0, interpolation_duration: 1 }
$data merge entity $(bone_leg_left_3) { transformation: [-0.9869953735068816f,-0.030923948199157503f,0.15774613181877695f,0.36651444155725593f,0.027973246843466425f,0.9333075631538934f,0.3579867176597138f,0.05751620213591288f,-0.15829602059763104f,0.3577439055910203f,-0.9203052036555253f,-0.37855414822337813f,0f,0f,0f,1f], start_interpolation: 0, interpolation_duration: 1 }
$data merge entity $(bone_leg_left_2) { transformation: [-0.9110793930841061f,-0.02466559900545673f,0.4705190189821164f,0.3738926426589407f,-0.013148863738099132f,1.0252264732552656f,0.02828401349987957f,0.2973487083337679f,-0.47098157753843006f,0.019091523327551988f,-0.9109742405014207f,-0.40298779685338326f,0f,0f,0f,1f], start_interpolation: 0, interpolation_duration: 1 }
$data merge entity $(bone_leg_left_1) { transformation: [-0.8590082670934382f,-0.47370462890451104f,0.19418733640370994f,0.2520106166542298f,0.36863643562009113f,-0.30909968764124995f,0.8766781401594295f,0.15953863654270217f,-0.3552632480266465f,0.8246582975114732f,0.44014397297593005f,-0.19522220415407715f,0f,0f,0f,1f], start_interpolation: 0, interpolation_duration: 1 }
$data merge entity $(bone_leg_left_0) { transformation: [-0.8928316461146251f,0.3280219211174447f,0.30863128642875737f,0.251863610264777f,0.25958358260989745f,0.9347648073180288f,-0.24255127012468747f,0.5764861123932908f,-0.36805979858666915f,-0.13644183473593952f,-0.9197367071060235f,-0.21671776963622527f,0f,0f,0f,1f], start_interpolation: 0, interpolation_duration: 1 }
$data merge entity $(bone_leg_right_3) { transformation: [-0.9609399571109822f,0.0010455315770555862f,0.2767549560374032f,-0.2415897035574918f,0.011069992960545678f,0.9993377963970469f,0.034661562979022176f,0.048295206713472066f,-0.2765354481497751f,0.03637135625759158f,-0.9603151932363602f,-0.18931805459988943f,0f,0f,0f,1f], start_interpolation: 0, interpolation_duration: 1 }
$data merge entity $(bone_leg_right_2) { transformation: [-0.9672943432382763f,0.30075469854308456f,0.16109147818610484f,-0.16500513233751204f,0.1906968278594821f,0.8781757232222076f,-0.49447377937376896f,0.2374193952292413f,-0.2829108921272864f,-0.43636705873393544f,-0.8840856387637641f,-0.3179178867744272f,0f,0f,0f,1f], start_interpolation: 0, interpolation_duration: 1 }
$data merge entity $(bone_leg_right_1) { transformation: [-0.9059998220711395f,-0.3209974410355052f,-0.2759075302628059f,-0.2556205578513613f,-0.38644000367958337f,0.36131150569827075f,0.8485977370970139f,0.2828738044105157f,-0.1727091368839161f,0.87545110582985f,-0.45139441216978626f,-0.059584522679328095f,0f,0f,0f,1f], start_interpolation: 0, interpolation_duration: 1 }
$data merge entity $(bone_leg_right_0) { transformation: [-0.9339180083549246f,0.10044529908535649f,0.3430858428469825f,-0.1355199007322681f,-0.1774082770967157f,0.7029728925596093f,-0.6887346481366761f,0.6355793718978965f,-0.31036020506493117f,-0.704087959148592f,-0.6386992162935733f,-0.24795090340428583f,0f,0f,0f,1f], start_interpolation: 0, interpolation_duration: 1 }
$data merge entity $(bone_tail_4) { transformation: [1.0248467112837132f,-2.533791721619752f,-0.39401784404030554f,-0.6085885421282767f,2.487131510281122f,0.8789447451031933f,0.8168808464043145f,0.5037130608200663f,-0.6241213027430678f,-0.6580402556885828f,2.6082785420571173f,-1.268342942998762f,0f,0f,0f,1f], start_interpolation: 0, interpolation_duration: 1 }
$data merge entity $(bone_tail_3) { transformation: [0.446882081028865f,-1.01317191832711f,-1.7634411233758611f,-0.2996594114063111f,2.0211133985283944f,0.02008130662052946f,0.5006424846713078f,0.4186260848756323f,-0.22658897146321916f,-1.8190725469541396f,0.9877135379114051f,-1.418021605976381f,0f,0f,0f,1f], start_interpolation: 0, interpolation_duration: 1 }
$data merge entity $(bone_tail_2) { transformation: [0.005879327729939735f,0.9234440481017535f,-1.722205097697039f,0.020718838346148807f,1.9494839598942484f,-0.12183477408740019f,-0.058672420615566184f,0.43094570494664936f,-0.1350984775016422f,-1.7179002453144059f,-0.9215969962669255f,-1.2472074144816554f,0f,0f,0f,1f], start_interpolation: 0, interpolation_duration: 1 }
$data merge entity $(bone_tail_1) { transformation: [-1.269488386745896f,0.7473807664676104f,-0.3427498735690359f,0.08655166281999269f,0.8191040480201214f,1.09465826590308f,-0.6468756367394843f,0.5559825093187883f,-0.0715824310452885f,-0.7285612677080425f,-1.3235296312366025f,-0.9534243077974425f,0f,0f,0f,1f], start_interpolation: 0, interpolation_duration: 1 }
$data merge entity $(bone_tail_0) { transformation: [-1.2703129140790648f,0.1411251339692649f,-0.014983773561402965f,0.0943358705849739f,0.14151369879522155f,1.2494272794242447f,-0.22965422501633484f,0.6532437174412243f,-0.010709339908587773f,-0.22989320689553902f,-1.2573265844823434f,-0.5915519894242114f,0f,0f,0f,1f], start_interpolation: 0, interpolation_duration: 1 }
$data merge entity $(bone_body_1) { transformation: [-1.2183649079008647f,0.1683591851835388f,0.1258837996578683f,0.05372946463355073f,0.185854977380387f,1.2086422445536047f,0.18233608287887088f,0.5294425f,-0.09823173435760602f,0.1986043919479364f,-1.2163516830753915f,-0.3221446766748909f,0f,0f,0f,1f], start_interpolation: 0, interpolation_duration: 1 }