# This file was generated by Animated Java via MC-Build. It is not recommended to edit this file directly.
$data merge entity $(bone_head_lower) { transformation: [-0.8931286886831683f,0.44806024113014487f,0.039536891247043765f,0.13017252185892655f,0.4444882967647588f,0.8656932096287662f,0.23022906167946927f,0.22093499833107802f,0.06892967060887317f,0.22319786540431302f,-0.9723329745456082f,0.5684426830210532f,0f,0f,0f,1f], start_interpolation: 0, interpolation_duration: 1 }
$data merge entity $(bone_head_upper) { transformation: [-0.9296572799133563f,0.3074231323274482f,0.3531292995456291f,0.16113083840887446f,0.4626676828989805f,0.48290237982546624f,0.797631399421623f,0.28690867620109406f,0.07174886541608f,0.8693493267107237f,-0.5679399537298141f,0.5488336810960841f,0f,0f,0f,1f], start_interpolation: 0, interpolation_duration: 1 }
$data merge entity $(bone_neck_0) { transformation: [-0.8479242272571025f,0.3624435153215871f,-0.38685811744330223f,0.13050671485669216f,0.04907424150404169f,0.7802925823281712f,0.6234863308721669f,0.3145430026180947f,0.5278410969707155f,0.509684396626937f,-0.6794156255075289f,0.4964577007765119f,0f,0f,0f,1f], start_interpolation: 0, interpolation_duration: 1 }
$data merge entity $(bone_neck_1) { transformation: [-0.9604900631232544f,0.2680700143971656f,-0.07481514567646129f,0.12540385511668484f,0.1325791029351734f,0.6770574738951058f,0.7238894656697823f,0.3789850605596127f,0.24470721302485426f,0.6853697136756787f,-0.6858474578721764f,0.4415148319465437f,0f,0f,0f,1f], start_interpolation: 0, interpolation_duration: 1 }
$data merge entity $(bone_neck_2) { transformation: [-0.9883394261933508f,0.049718154282055095f,-0.14392110257562557f,0.11328205892705845f,-0.05175293781107216f,0.7792362724357486f,0.6245898375320906f,0.44133302488102166f,0.14320199740129763f,0.624755101503962f,-0.7675768698215527f,0.3803860842393142f,0f,0f,0f,1f], start_interpolation: 0, interpolation_duration: 1 }
$data merge entity $(bone_body_0) { transformation: [-0.9889011734908758f,0.080100216467714f,-0.1251336261369987f,0.055070104866914535f,0.08146178883652724f,0.9966596250131872f,-0.005793861244994231f,0.4480968285560174f,0.12425154336233352f,-0.015923165212939128f,-0.99212297966617f,-0.08734944366878769f,0f,0f,0f,1f], start_interpolation: 0, interpolation_duration: 1 }
$data merge entity $(bone_leg_left_3) { transformation: [-0.9933827965799589f,-0.06947385696644956f,0.09145492144868872f,0.39917915866688264f,-0.054092954361980125f,0.9854626425311046f,0.16105071395062226f,0.042172824774264706f,-0.10131422282864946f,0.15503794172336577f,-0.9826996819368619f,-0.37160416315236144f,0f,0f,0f,1f], start_interpolation: 0, interpolation_duration: 1 }
$data merge entity $(bone_leg_left_2) { transformation: [-0.9508678210710307f,-0.13787368267625477f,0.35903124373459794f,0.3766615213087238f,-0.139773749290576f,1.015936654265972f,0.01995527571377624f,0.27938604925299015f,-0.35829580706670294f,-0.030426331439150883f,-0.9606042642494722f,-0.4089393236077271f,0f,0f,0f,1f], start_interpolation: 0, interpolation_duration: 1 }
$data merge entity $(bone_leg_left_1) { transformation: [-0.9270036353661254f,-0.3469955415006114f,0.14233184533576865f,0.29330678573707897f,0.25452223200302476f,-0.30329874103802057f,0.9182746359891195f,0.14321844690890417f,-0.2754681350613645f,0.8874705447863884f,0.3694771152620479f,-0.18195087062077525f,0f,0f,0f,1f], start_interpolation: 0, interpolation_duration: 1 }
$data merge entity $(bone_leg_left_0) { transformation: [-0.9491770696794924f,0.2385703353024792f,0.20529755358580068f,0.25989859192848397f,0.16771804862576595f,0.9353312502783421f,-0.3114901417668281f,0.5553186593147624f,-0.26633352503922086f,-0.2612271949212335f,-0.9278075264157792f,-0.23995592286579048f,0f,0f,0f,1f], start_interpolation: 0, interpolation_duration: 1 }
$data merge entity $(bone_leg_right_3) { transformation: [-0.9876829788478521f,0.018548077063303692f,0.15536506084537577f,-0.2831408386123726f,0.026683481814987493f,0.998370456144724f,0.05044228479761653f,0.057714030920303694f,-0.1541762792794755f,0.05396666688455376f,-0.9865684333957316f,-0.20925062043916703f,0f,0f,0f,1f], start_interpolation: 0, interpolation_duration: 1 }
$data merge entity $(bone_leg_right_2) { transformation: [-1.0082230801036611f,0.18044268572789451f,0.05467044369936346f,-0.2378262135804467f,0.1586070907003965f,0.9725127324713847f,-0.2848244642956259f,0.2753569255253332f,-0.10194219453463381f,-0.2715172588419351f,-0.9838436698099541f,-0.302787924506451f,0f,0f,0f,1f], start_interpolation: 0, interpolation_duration: 1 }
$data merge entity $(bone_leg_right_1) { transformation: [-0.9525670153900424f,-0.0946640527424554f,-0.2892313923302246f,-0.2671746974933271f,-0.30188411443915475f,0.17369930899334574f,0.9373870766681824f,0.266817893513849f,-0.03849756667886969f,0.9802383726286211f,-0.19403780607448168f,-0.026963456621370396f,0f,0f,0f,1f], start_interpolation: 0, interpolation_duration: 1 }
$data merge entity $(bone_leg_right_0) { transformation: [-0.9825725068494333f,0.09649733620750253f,0.15886954676235657f,-0.1279704488342233f,-0.038623585144506645f,0.7300446068975885f,-0.6823071820011354f,0.6134921831687645f,-0.1818226813524798f,-0.6765523897264731f,-0.7135946864300442f,-0.21336729942501861f,0f,0f,0f,1f], start_interpolation: 0, interpolation_duration: 1 }
$data merge entity $(bone_tail_4) { transformation: [0.6938559996274886f,-1.6665379891164906f,-2.0897072316983794f,-0.2117342111761433f,2.6719063915108f,0.49038230367167884f,0.4960874548397608f,0.43268792857300925f,0.07170368459620874f,-2.14658744491745f,1.7357079980624923f,-1.622647577551314f,0f,0f,0f,1f], start_interpolation: 0, interpolation_duration: 1 }
$data merge entity $(bone_tail_3) { transformation: [0.045296324825343716f,0.47494448500559794f,-2.026899480774646f,0.12730533381384226f,2.0817988157301244f,-0.012993817750110187f,0.043478472482051764f,0.425442741056731f,-0.0027312682791217602f,-2.0273639098364877f,-0.4751143476159645f,-1.5222463941638498f,0f,0f,0f,1f], start_interpolation: 0, interpolation_duration: 1 }
$data merge entity $(bone_tail_2) { transformation: [-0.37189884684380886f,1.6980576763841504f,-0.8927851087422344f,0.2934011945533337f,1.914765319534594f,0.27217583702280346f,-0.27994277960200503f,0.4789641210172251f,-0.11890708064117055f,-0.9280594358210976f,-1.7156167010027612f,-1.2036257562549526f,0f,0f,0f,1f], start_interpolation: 0, interpolation_duration: 1 }
$data merge entity $(bone_tail_1) { transformation: [-1.1782934739063118f,0.7503255337119832f,0.5799071760287371f,0.16056539426664218f,0.4906258773598281f,1.2738595521544078f,-0.6513250646565595f,0.603081660849898f,-0.8115214031772026f,-0.31929560730583195f,-1.2357748894278866f,-0.9330224239271573f,0f,0f,0f,1f], start_interpolation: 0, interpolation_duration: 1 }
$data merge entity $(bone_tail_0) { transformation: [-1.217468207435492f,0.11645208855379927f,0.37154514064820776f,0.0548014649947248f,0.08192635166570618f,1.2690184594388194f,-0.12929013531704792f,0.6714869193561048f,-0.38065069732050333f,-0.09933165285553026f,-1.2161718570804174f,-0.5800257905516459f,0f,0f,0f,1f], start_interpolation: 0, interpolation_duration: 1 }
$data merge entity $(bone_body_1) { transformation: [-1.2198919538680553f,0.19822101939433023f,-0.03430223629009196f,0.049424662103822646f,0.18296230484934256f,1.18088497251258f,0.3172381940347496f,0.5181925000000001f,0.08362422465078517f,0.30793457782536504f,-1.1944822643670017f,-0.3230669751901597f,0f,0f,0f,1f], start_interpolation: 0, interpolation_duration: 1 }