# This file was generated by Animated Java via MC-Build. It is not recommended to edit this file directly.
$data merge entity $(bone_head_lower) { transformation: [-0.2724972932922731f,0.699494495536018f,-0.6606456507562862f,0.6009615985458271f,0.8975644251930326f,0.43214590924630264f,0.08733851240768394f,0.7931257733056063f,0.34658812411316975f,-0.5691725255460757f,-0.7455999653884219f,0.3640320398472197f,0f,0f,0f,1f], start_interpolation: 0, interpolation_duration: 1 }
$data merge entity $(bone_head_upper) { transformation: [-0.28364231904738824f,0.7778196061113526f,-0.6308848054737946f,0.5748477451018792f,0.9342744361982506f,0.44169746121426884f,0.12452539181555498f,0.8119184509936238f,0.36076343397768007f,-0.5323269255722062f,-0.818504570298164f,0.2957652220261204f,0f,0f,0f,1f], start_interpolation: 0, interpolation_duration: 1 }
$data merge entity $(bone_neck_0) { transformation: [0.01288532887950003f,0.4804257251766698f,-0.8769407567721657f,0.5103407376153257f,0.8490536002140197f,0.45797589049808163f,0.2633743869211671f,0.8212405748267743f,0.5281495548263566f,-0.7479633723057302f,-0.40200602162873295f,0.2817409485452577f,0f,0f,0f,1f], start_interpolation: 0, interpolation_duration: 1 }
$data merge entity $(bone_neck_1) { transformation: [-0.4427045134092754f,0.575624403765743f,-0.6875094614595425f,0.4547514923431191f,0.7140649589270451f,0.6900694479443548f,0.11796351743776783f,0.8344126967129182f,0.542331953917132f,-0.4387034337717297f,-0.7165300754032029f,0.21902039481990965f,0f,0f,0f,1f], start_interpolation: 0, interpolation_duration: 1 }
$data merge entity $(bone_neck_2) { transformation: [-0.7144963317312663f,0.25130660189559145f,-0.6529471523685936f,0.4000088733911716f,0.3831509575813917f,0.9214218306469457f,-0.06463090368928448f,0.837771840428637f,0.5853975876675843f,-0.29635587028254023f,-0.7546408831371723f,0.15000668445798476f,0f,0f,0f,1f], start_interpolation: 0, interpolation_duration: 1 }
$data merge entity $(bone_body_0) { transformation: [-0.7503188449475627f,0.1040625571948742f,-0.6528342937580861f,0.0933218448070649f,0.5863908598913135f,0.5607325327994989f,-0.5845723104083743f,0.5676067809699153f,0.3052333375509325f,-0.821431683617282f,-0.4817495187306325f,-0.0848652207351262f,0f,0f,0f,1f], start_interpolation: 0, interpolation_duration: 1 }
$data merge entity $(bone_leg_left_3) { transformation: [-0.9636273012005396f,-0.06966446883031241f,-0.25801024429963115f,0.4202962457310992f,-0.1001912240764169f,0.9891859417942781f,0.10711158282200436f,0.09116710781261847f,0.24775823497723348f,0.12906600768272136f,-0.9601863478834765f,-0.39064014326577823f,0f,0f,0f,1f], start_interpolation: 0, interpolation_duration: 1 }
$data merge entity $(bone_leg_left_2) { transformation: [-0.9969835435370775f,-0.23659371013281352f,-0.04592852863458033f,0.3621804995426368f,-0.24078119843575113f,0.9863049113567065f,0.14590831303999055f,0.3252090282930095f,0.010508467861232247f,0.1526048415350009f,-1.0142305132187552f,-0.3863961393986644f,0f,0f,0f,1f], start_interpolation: 0, interpolation_duration: 1 }
$data merge entity $(bone_leg_left_1) { transformation: [-0.9877651072170773f,-0.0006551233200987258f,0.15594763152376384f,0.37340360490018765f,0.1546068786753204f,0.1267985561126077f,0.9798055109224644f,0.3046119308871468f,-0.02041582794576072f,0.9919282720949092f,-0.12514590280187277f,-0.1098763622680724f,0f,0f,0f,1f], start_interpolation: 0, interpolation_duration: 1 }
$data merge entity $(bone_leg_left_0) { transformation: [-0.9990116400543547f,-0.0025961607050215274f,-0.04437344910531896f,0.259835841093808f,0.025196034054869053f,0.789340397064871f,-0.6134385848879882f,0.6674000437460087f,0.036618341084960565f,-0.6139503216963612f,-0.7884948316793966f,-0.2824869840640011f,0f,0f,0f,1f], start_interpolation: 0, interpolation_duration: 1 }
$data merge entity $(bone_leg_right_3) { transformation: [-0.972457803645644f,0.01385916005281609f,0.23266659367283565f,-0.25754847221692784f,0.06987371770335975f,0.9696532671819188f,0.2342865873620213f,0.08686413334215076f,-0.22235890740647452f,0.2440911000550026f,-0.9439152775386878f,-0.2895587915482793f,0f,0f,0f,1f], start_interpolation: 0, interpolation_duration: 1 }
$data merge entity $(bone_leg_right_2) { transformation: [-1.014751123046784f,0.1434072921744057f,-0.04215099437961002f,-0.22384883229799893f,0.14353797759201203f,1.0156076972526338f,-0.00023188508405017484f,0.32337096498702134f,0.04170379796589682f,-0.0061280774392785155f,-1.0248343472985342f,-0.3227239075688064f,0f,0f,0f,1f], start_interpolation: 0, interpolation_duration: 1 }
$data merge entity $(bone_leg_right_1) { transformation: [-0.9586629600491964f,0.12188799269417294f,-0.2571160171337024f,-0.19619157633278633f,-0.2341065341355668f,0.17575942684228546f,0.9561917979940552f,0.3157441035877256f,0.16173886269151833f,0.9768581990816563f,-0.13995927687080134f,-0.04669801596181186f,0f,0f,0f,1f], start_interpolation: 0, interpolation_duration: 1 }
$data merge entity $(bone_leg_right_0) { transformation: [-0.991626546343372f,-0.11826454961927516f,-0.051867994856813815f,-0.12310170671219683f,-0.07195193126204553f,0.8395057436307419f,-0.538565711866859f,0.6975702132329357f,0.10723671094722344f,-0.5303240544368553f,-0.8409855439369198f,-0.1989280114177083f,0f,0f,0f,1f], start_interpolation: 0, interpolation_duration: 1 }
$data merge entity $(bone_tail_4) { transformation: [-2.1580236023802293f,0.9956918143235809f,1.4061270476236767f,0.7250729526804096f,1.7222882952163914f,1.1836435652579829f,1.8050961941636203f,0.748087885887635f,0.048150714745241685f,2.2876291336036942f,-1.545993462908928f,-1.5956961287029832f,0f,0f,0f,1f], start_interpolation: 0, interpolation_duration: 1 }
$data merge entity $(bone_tail_3) { transformation: [-1.299934747454819f,0.763626192546525f,1.4363113229592388f,0.47405494814885407f,1.5916871190867758f,0.9764576337974178f,0.9214163718843027f,0.5822943148257952f,-0.3356296967451791f,1.6731261319757367f,-1.1932925790463527f,-1.4097306570951487f,0f,0f,0f,1f], start_interpolation: 0, interpolation_duration: 1 }
$data merge entity $(bone_tail_2) { transformation: [-1.2289468089870095f,0.9009837032148197f,1.2233936333922677f,0.24593439686134722f,1.340339369902895f,1.3839016517488725f,0.3272315186192027f,0.5227831008710861f,-0.7155096010339315f,1.0449011722793828f,-1.488288085687786f,-1.133341595330647f,0f,0f,0f,1f], start_interpolation: 0, interpolation_duration: 1 }
$data merge entity $(bone_tail_1) { transformation: [-0.9006391654782682f,0.2176394231846094f,1.1954657774618562f,-0.013116472369960726f,-0.2782469409766615f,1.411564121978405f,-0.4666064930757663f,0.6062025283858918f,-1.1828288056366147f,-0.49777109299275873f,-0.8004974737855555f,-0.9538686913522635f,0f,0f,0f,1f], start_interpolation: 0, interpolation_duration: 1 }
$data merge entity $(bone_tail_0) { transformation: [-1.2776840853946076f,-0.026993242730233385f,-0.02510894980439049f,-0.00643044868215064f,-0.02104492881046828f,1.2488348886520033f,-0.27166937339517777f,0.7157272439429425f,0.030268886413857776f,-0.2711429554985211f,-1.2487597882630672f,-0.595495219858942f,0f,0f,0f,1f], start_interpolation: 0, interpolation_duration: 1 }
$data merge entity $(bone_body_1) { transformation: [-1.2043818513690039f,0.12105598184391003f,-0.2518221602818703f,0.04396069666652231f,0.09488859160185983f,1.2252845278768982f,0.13519828395934655f,0.6017639285714285f,0.2628024092983863f,0.11237379615169892f,-1.20287639375859f,-0.32341248055522764f,0f,0f,0f,1f], start_interpolation: 0, interpolation_duration: 1 }