# This file was generated by Animated Java via MC-Build. It is not recommended to edit this file directly.
$data merge entity $(bone_head_lower) { transformation: [-0.8289762719708019f,-0.47901555459158873f,0.2886909055871059f,0.2955223571755744f,-0.3677581625218328f,0.8557576337020151f,0.3639131850583226f,1.0547186587187027f,-0.42136952240041736f,0.1955069584951908f,-0.8855646530728309f,0.5085434941218501f,0f,0f,0f,1f], start_interpolation: 0, interpolation_duration: 1 }
$data merge entity $(bone_head_upper) { transformation: [-0.8628810560876278f,-0.3342016154858528f,0.4766733743720673f,0.32061069190409425f,-0.3827993181364081f,0.9678480669426609f,-0.014378592878402872f,1.0753413770594984f,-0.43860336029596014f,-0.1872200366026776f,-0.9252284543911795f,0.4404205505522801f,0f,0f,0f,1f], start_interpolation: 0, interpolation_duration: 1 }
$data merge entity $(bone_neck_0) { transformation: [-0.9092467887280463f,-0.20447888089032054f,0.3625722885957742f,0.3476681719110975f,-0.4075102251171674f,0.6148917351239191f,-0.6751618846626722f,1.0218349746271027f,-0.08488635704688297f,-0.7616406904480209f,-0.6424155703601608f,0.4112710406299843f,0f,0f,0f,1f], start_interpolation: 0, interpolation_duration: 1 }
$data merge entity $(bone_neck_1) { transformation: [-0.9505418335891596f,-0.3103068061118792f,-0.013413004048418276f,0.34510236975511166f,-0.2533124913956589f,0.7994972261619022f,-0.5446438901358834f,0.97937967246531f,0.179730365547624f,-0.5143091205102907f,-0.8385601494586112f,0.3378646320393275f,0f,0f,0f,1f], start_interpolation: 0, interpolation_duration: 1 }
$data merge entity $(bone_neck_2) { transformation: [-0.896792570450421f,-0.20000114622304838f,-0.3946677426575337f,0.30856837926800174f,-0.031064207456152224f,0.9182628631147636f,-0.3947509711696705f,0.9537868941027461f,0.4413593780583432f,-0.34174969748888395f,-0.829704190459593f,0.2618303790416615f,0f,0f,0f,1f], start_interpolation: 0, interpolation_duration: 1 }
$data merge entity $(bone_body_0) { transformation: [-0.8129245188435135f,-0.34313324760052843f,-0.47054574809911554f,0.08353315963548945f,0.03035176797434979f,0.7819241754573371f,-0.6226342056265419f,0.6677905330456784f,0.5815775931411673f,-0.520436507392091f,-0.6252306333903104f,-0.03779628213886038f,0f,0f,0f,1f], start_interpolation: 0, interpolation_duration: 1 }
$data merge entity $(bone_leg_left_3) { transformation: [-0.967680404345172f,0.08109496272336182f,-0.23878492847594246f,0.3763629763338663f,0.07889518702810923f,0.9967061520068173f,0.018772213922794156f,0.028347529961872148f,0.23952073920678357f,-0.0006734780323398859f,-0.9708910144383744f,-0.3724066364174442f,0f,0f,0f,1f], start_interpolation: 0, interpolation_duration: 1 }
$data merge entity $(bone_leg_left_2) { transformation: [-0.9784865182922975f,-0.2922143941234866f,-0.09610973357550923f,0.3037600013471077f,-0.2698257393222433f,0.9692084333901821f,-0.1997280214322673f,0.2476775162950364f,0.147717309141876f,-0.16525120275836755f,-1.001465843684891f,-0.441647066688939f,0f,0f,0f,1f], start_interpolation: 0, interpolation_duration: 1 }
$data merge entity $(bone_leg_left_1) { transformation: [-0.9943238845235964f,-0.05496704574461349f,0.0910968525692041f,0.30379831890411757f,0.052186984846130456f,0.494168052594795f,0.8677986254928833f,0.3348634121620255f,-0.09271748097621882f,0.8676269703488806f,-0.4884945332802068f,-0.1781854874152221f,0f,0f,0f,1f], start_interpolation: 0, interpolation_duration: 1 }
$data merge entity $(bone_leg_left_0) { transformation: [-0.9976865664272742f,0.029369081322159027f,0.06131045777719035f,0.1943318912074804f,-0.0006127362296022565f,0.8979452540080175f,-0.44010674314169507f,0.7231820953771498f,-0.06797896531184605f,-0.43912615256526166f,-0.8958499218107693f,-0.2855772004933825f,0f,0f,0f,1f], start_interpolation: 0, interpolation_duration: 1 }
$data merge entity $(bone_leg_right_3) { transformation: [-0.8771205281511969f,-0.04569407902094087f,0.4780916546418621f,-0.2707425444064685f,-0.029775258925937464f,0.9987224649252585f,0.04082734389486126f,0.05132287577601935f,-0.47934644366226287f,0.021575198632780013f,-0.8773605289459385f,-0.050807843049526985f,0f,0f,0f,1f], start_interpolation: 0, interpolation_duration: 1 }
$data merge entity $(bone_leg_right_2) { transformation: [-0.9725142100339672f,0.25878180777796034f,0.19826821920286106f,-0.2027847672770008f,0.10217760843174425f,0.8343353939880749f,-0.587797912700128f,0.22748114026447958f,-0.30957720703868397f,-0.5375673221119648f,-0.8168509818689045f,-0.20087808808847835f,0f,0f,0f,1f], start_interpolation: 0, interpolation_duration: 1 }
$data merge entity $(bone_leg_right_1) { transformation: [-0.9856288824893076f,-0.11847471537245376f,-0.12041365296466515f,-0.24821377171962003f,-0.16853583732042618f,0.6413053900339964f,0.7485473052867445f,0.35864713538812915f,-0.011462004256741473f,0.7580838598273676f,-0.6520563502701732f,0.039423957134488624f,0f,0f,0f,1f], start_interpolation: 0, interpolation_duration: 1 }
$data merge entity $(bone_leg_right_0) { transformation: [-0.9913466929975359f,-0.06730875947175703f,0.11269988989001944f,-0.16854639731430243f,-0.12255875340489707f,0.7821203257597864f,-0.6109559296686162f,0.7297192209929695f,-0.04702218887596554f,-0.6194814984580078f,-0.7836016761222083f,-0.13454700396158062f,0f,0f,0f,1f], start_interpolation: 0, interpolation_duration: 1 }
$data merge entity $(bone_tail_4) { transformation: [-1.287213395159485f,2.439556222772878f,-0.13156155537282324f,-0.6681495679169167f,2.1089755223231728f,1.1846242973407106f,1.3321219358571228f,0.5834806759147766f,1.233274200315441f,0.5204729019652727f,-2.415326900598789f,-1.8140811343191137f,0f,0f,0f,1f], start_interpolation: 0, interpolation_duration: 1 }
$data merge entity $(bone_tail_3) { transformation: [-0.9464388763353768f,1.7802940205552151f,-0.5203385242136308f,-0.5973409575021587f,1.8363712569135617f,0.9815102159215153f,0.017995245701301694f,0.570824499231406f,0.2606522322697024f,-0.4507065813381151f,-2.016152156310573f,-1.4678057160208233f,0f,0f,0f,1f], start_interpolation: 0, interpolation_duration: 1 }
$data merge entity $(bone_tail_2) { transformation: [-0.8325704458349408f,1.548645049840406f,-0.8528181736629383f,-0.43905105717659476f,1.7231394233849446f,0.9216786284294328f,-0.008538646017771271f,0.5739052977967481f,0.39546283681476935f,-0.7556327749006272f,-1.758238359608039f,-1.1408404271838226f,0f,0f,0f,1f], start_interpolation: 0, interpolation_duration: 1 }
$data merge entity $(bone_tail_1) { transformation: [-1.2824979185130094f,0.6739108099594268f,-0.4343956252422759f,-0.3525865661759029f,0.7808334471853441f,1.2358910499804017f,-0.38798027054863726f,0.6415408456395928f,0.18208368067032063f,-0.553239353985389f,-1.3958610247568983f,-0.8338778863700977f,0f,0f,0f,1f], start_interpolation: 0, interpolation_duration: 1 }
$data merge entity $(bone_tail_0) { transformation: [-0.9722648085255325f,0.35180573272698307f,-0.7515115335823315f,-0.1244877302924127f,0.36481793015923575f,1.2209925888377628f,0.09960267276341725f,0.6418993558526832f,0.7452816491241202f,-0.1387282992316848f,-1.0291479189383532f,-0.536484705816466f,0f,0f,0f,1f], start_interpolation: 0, interpolation_duration: 1 }
$data merge entity $(bone_body_1) { transformation: [-1.1412932146650863f,-0.08336718001622755f,-0.46808578969225856f,-0.010048969837632048f,0.020559998613144895f,1.2074206247970187f,-0.26517412454471206f,0.6222202777777778f,0.475007031182393f,-0.2525667103304964f,-1.113185955811683f,-0.2606724040626713f,0f,0f,0f,1f], start_interpolation: 0, interpolation_duration: 1 }