# This file was generated by Animated Java via MC-Build. It is not recommended to edit this file directly.
$data merge entity $(bone_head_lower) { transformation: [-0.9958989581878717f,-0.08907859159901563f,0.015819911474069782f,0.2192396298040715f,-0.0901990681900726f,0.9640093538910703f,-0.2501001673493307f,1.3166352562573094f,0.007028028027424447f,-0.2505014373796211f,-0.9680907171813957f,0.2824331407314609f,0f,0f,0f,1f], start_interpolation: 0, interpolation_duration: 1 }
$data merge entity $(bone_head_upper) { transformation: [-1.0366308106198565f,-0.06441720113685487f,0.06869446305795078f,0.22220697403524792f,-0.0938881724961015f,0.6479639055886961f,-0.8091969665681479f,1.2753720618790478f,0.007315471445401096f,-0.8120745925316489f,-0.651116950037084f,0.21931420419326839f,0f,0f,0f,1f], start_interpolation: 0, interpolation_duration: 1 }
$data merge entity $(bone_neck_0) { transformation: [-0.9997130861721502f,-0.018678070388836475f,-0.014995833511494028f,0.22186352771796905f,0.009232383341980926f,0.2772095478794577f,-0.9607651272097114f,1.2087445733752011f,0.022102226900959226f,-0.9606279176929097f,-0.2769575695210412f,0.21699125895202923f,0f,0f,0f,1f], start_interpolation: 0, interpolation_duration: 1 }
$data merge entity $(bone_neck_1) { transformation: [-0.9456505113622689f,-0.2111267508844928f,-0.24732692013049518f,0.1999390568666084f,0.10271073542538652f,0.5277152206554566f,-0.843188680377612f,1.1397465433529446f,0.30853786670140704f,-0.8227649366310644f,-0.4773491844151668f,0.17276314260657694f,0f,0f,0f,1f], start_interpolation: 0, interpolation_duration: 1 }
$data merge entity $(bone_neck_2) { transformation: [-0.8617711983617135f,-0.4747704075616386f,-0.17872733920128644f,0.1796329024759985f,-0.1586652909333653f,0.5868883385004843f,-0.7939693971339017f,1.0759348730326677f,0.48184616541718645f,-0.6558621335584912f,-0.5810930516163972f,0.11543373288572223f,0f,0f,0f,1f], start_interpolation: 0, interpolation_duration: 1 }
$data merge entity $(bone_body_0) { transformation: [-0.9771606561416839f,-0.13299309346109955f,-0.16574042711541698f,0.10025313524652035f,0.09077073818596139f,0.44398767958578933f,-0.891423363764492f,0.6600399221607309f,0.19213985837907044f,-0.886108219952661f,-0.4217754110357752f,-0.09178872510797123f,0f,0f,0f,1f], start_interpolation: 0, interpolation_duration: 1 }
$data merge entity $(bone_leg_left_3) { transformation: [-0.9658191111986332f,-0.057053815497097815f,-0.25286025108882776f,0.46299240213467535f,-0.05254836955339253f,0.9983167759999606f,-0.024541467240671473f,0.08157552167361584f,0.2538348149895165f,-0.010415224158316562f,-0.9671915062721395f,-0.24405845969004936f,0f,0f,0f,1f], start_interpolation: 0, interpolation_duration: 1 }
$data merge entity $(bone_leg_left_2) { transformation: [-0.9776940312401871f,-0.30381771611481195f,-0.06222038374026369f,0.3887332717910009f,-0.29999906577197494f,0.978698060407291f,-0.06490659898379729f,0.30723730187938814f,0.07859479190091737f,-0.04367037245639977f,-1.0217523950332903f,-0.2856927554205949f,0f,0f,0f,1f], start_interpolation: 0, interpolation_duration: 1 }
$data merge entity $(bone_leg_left_1) { transformation: [-0.9944436350804953f,0.011528173819608665f,0.10463726800846553f,0.4061205145768428f,0.09059948474084473f,0.5998828513836847f,0.7949416947050105f,0.426241654442139f,-0.05360587666090348f,0.8000047911257564f,-0.5975941299605034f,-0.035594707608957f,0f,0f,0f,1f], start_interpolation: 0, interpolation_duration: 1 }
$data merge entity $(bone_leg_left_0) { transformation: [-0.9957733627060867f,-0.09170593239943278f,0.005043023672619051f,0.2539190813211714f,-0.05150210016185328f,0.5120776975366325f,-0.8573937049946772f,0.6911087684322816f,0.0760456691990436f,-0.8540295390958861f,-0.5146363789587146f,-0.3201775851787525f,0f,0f,0f,1f], start_interpolation: 0, interpolation_duration: 1 }
$data merge entity $(bone_leg_right_3) { transformation: [-0.8837664622041037f,0.012800509183063144f,0.4677531263902963f,-0.23993143382177767f,0.021018562183488965f,0.9997027505901753f,0.012354371945841741f,0.03117231466374301f,-0.46745594479798946f,0.020749877760885965f,-0.8837728114430354f,-0.2296206020616257f,0f,0f,0f,1f], start_interpolation: 0, interpolation_duration: 1 }
$data merge entity $(bone_leg_right_2) { transformation: [-1.0094093143796328f,0.1815620447803981f,0.013793456401305098f,-0.19561732952280658f,0.17265720839413007f,0.9790718432684802f,-0.25232917708640207f,0.2513265813501476f,-0.05783185915980853f,-0.2459994900700317f,-0.9940834605062587f,-0.3175946384926487f,0f,0f,0f,1f], start_interpolation: 0, interpolation_duration: 1 }
$data merge entity $(bone_leg_right_1) { transformation: [-0.9708814248786398f,0.09529622513313345f,-0.2197905555318451f,-0.17740716668769252f,-0.1379967781853935f,0.5274875516963201f,0.8382802467050464f,0.3474209323401883f,0.19582172513812973f,0.8442011089075856f,-0.498977293755066f,-0.057887781946489775f,0f,0f,0f,1f], start_interpolation: 0, interpolation_duration: 1 }
$data merge entity $(bone_leg_right_0) { transformation: [-0.980489794654893f,-0.18158508210490587f,-0.07527695885568106f,-0.12856829282578233f,-0.1034740557833563f,0.8023832788198636f,-0.5877705280549783f,0.7223423901183985f,0.16713133266191643f,-0.5685137921169895f,-0.8055179611997563f,-0.23496387706329322f,0f,0f,0f,1f], start_interpolation: 0, interpolation_duration: 1 }
$data merge entity $(bone_tail_4) { transformation: [-2.104848411083533f,1.49169481986328f,-0.9849472383595881f,-0.09713377057812544f,-0.6021143216012981f,0.8410114787636982f,2.5604334336026597f,0.49761546166919646f,1.6830724410083286f,2.1663812195873455f,-0.3157861639424922f,-1.7676632022961765f,0f,0f,0f,1f], start_interpolation: 0, interpolation_duration: 1 }
$data merge entity $(bone_tail_3) { transformation: [-1.7771459105603862f,0.9765636390886987f,-0.4733089872723492f,-0.026434498930743573f,0.39779732832472087f,1.431169096020576f,1.4592661958045234f,0.23617272760604713f,1.009680753605145f,1.1549995685929622f,-1.408000816190766f,-1.5402208728390572f,0f,0f,0f,1f], start_interpolation: 0, interpolation_duration: 1 }
$data merge entity $(bone_tail_2) { transformation: [-1.7791916859732428f,0.7552005815956546f,-0.28796336767729663f,0.02596134993639701f,0.7500435698288468f,1.802146719184778f,0.09206367846614008f,0.22004173284266734f,0.30114027117751085f,-0.026705038698753722f,-1.930641150754332f,-1.181102577567741f,0f,0f,0f,1f], start_interpolation: 0, interpolation_duration: 1 }
$data merge entity $(bone_tail_1) { transformation: [-1.4378805148321332f,-0.1787885221081487f,0.4338093353403814f,-0.06383036338284095f,-0.3784602482333952f,1.2685264901497546f,-0.7316178198318174f,0.36233286939823073f,-0.27735124945310125f,-0.8040717991266259f,-1.2506802454168993f,-0.9018762219425065f,0f,0f,0f,1f], start_interpolation: 0, interpolation_duration: 1 }
$data merge entity $(bone_tail_0) { transformation: [-1.262371550634225f,-0.1262144348136898f,-0.15596057571716926f,-0.02130083744059009f,-0.015124758591610887f,1.0506477043363969f,-0.7278367671629623f,0.6003776899338633f,0.20006255624407956f,-0.7169693399311771f,-1.0391177295050664f,-0.6155236173794134f,0f,0f,0f,1f], start_interpolation: 0, interpolation_duration: 1 }
$data merge entity $(bone_body_1) { transformation: [-1.2029660043515678f,0.018085249312205908f,-0.28486893686042564f,0.043709030118227236f,0.0982332689150171f,1.1847440878522575f,-0.33961193476325663f,0.5995317857142858f,0.26800673929762237f,-0.3530707650212459f,-1.1541741712733908f,-0.3234124683743342f,0f,0f,0f,1f], start_interpolation: 0, interpolation_duration: 1 }