# This file was generated by Animated Java via MC-Build. It is not recommended to edit this file directly.
$data merge entity $(bone_head_lower) { transformation: [-0.715188375762775f,-0.6494135363315385f,0.2583943613997197f,0.2852083379535449f,-0.577505788946748f,0.7573134536789783f,0.30489899411085686f,1.1546503498581198f,-0.39369106023225653f,0.06883597683031129f,-0.9166618555318087f,0.3980726872926186f,0f,0f,0f,1f], start_interpolation: 0, interpolation_duration: 1 }
$data merge entity $(bone_head_upper) { transformation: [-0.7444392823363161f,-0.42559743424885127f,0.5900414574069287f,0.31609646841808375f,-0.601125535087258f,0.8353570967328809f,-0.1558799364497474f,1.1624755139456424f,-0.4097928605578141f,-0.45223587593457676f,-0.8432226672338908f,0.329661089626683f,0f,0f,0f,1f], start_interpolation: 0, interpolation_duration: 1 }
$data merge entity $(bone_neck_0) { transformation: [-0.8383145225167303f,-0.21599059285611655f,0.5005764927912714f,0.352241495707396f,-0.5446413363505358f,0.3728547907668129f,-0.7512290727471473f,1.1080234884222306f,-0.024383930689067718f,-0.9024008914002132f,-0.43020699102205584f,0.3164986364757894f,0f,0f,0f,1f], start_interpolation: 0, interpolation_duration: 1 }
$data merge entity $(bone_neck_1) { transformation: [-0.9117042936887099f,-0.40730672348386393f,0.05381927047452234f,0.35492428313276325f,-0.3328267302514861f,0.6554043251993602f,-0.6779908097755278f,1.053608134005518f,0.24087683263376547f,-0.6360396241703895f,-0.7330975023729889f,0.2514655010764787f,0f,0f,0f,1f], start_interpolation: 0, interpolation_duration: 1 }
$data merge entity $(bone_neck_2) { transformation: [-0.8629006736928848f,-0.29849270122081084f,-0.40780452996290906f,0.31627511767114763f,-0.04803596070328914f,0.8517269401323274f,-0.5217794226798669f,1.0162352823063245f,0.503085453794559f,-0.43065453297362f,-0.7492941341086261f,0.1816053381856623f,0f,0f,0f,1f], start_interpolation: 0, interpolation_duration: 1 }
$data merge entity $(bone_body_0) { transformation: [-0.7642684409519668f,-0.4464815623036962f,-0.46534714427801177f,0.09270545864181616f,0.047804149839709396f,0.680374818031953f,-0.7313035417978568f,0.6780560860555533f,0.6431240264699747f,-0.5811577423650464f,-0.49864532993522537f,-0.05894058983602715f,0f,0f,0f,1f], start_interpolation: 0, interpolation_duration: 1 }
$data merge entity $(bone_leg_left_3) { transformation: [-0.9590620390755845f,0.06807333060497076f,-0.2748927552056046f,0.40876419730884955f,0.061925023889421026f,0.9975994558149672f,0.030993824771650913f,0.03666285966314531f,0.2763427158809812f,0.012702260351115019f,-0.9609752108985412f,-0.4190493253331369f,0f,0f,0f,1f], start_interpolation: 0, interpolation_duration: 1 }
$data merge entity $(bone_leg_left_2) { transformation: [-0.9593540263136966f,-0.3456755105361451f,-0.11050110004868194f,0.3232844377560566f,-0.325679960837858f,0.9578476990999643f,-0.16888619818756662f,0.254211174784774f,0.16010813472476843f,-0.12287565359001856f,-1.0056486257388688f,-0.4785221204629513f,0f,0f,0f,1f], start_interpolation: 0, interpolation_duration: 1 }
$data merge entity $(bone_leg_left_1) { transformation: [-0.9969739659127642f,-0.06960461708922483f,0.0346137049741377f,0.32239461696664506f,-0.00359577669482131f,0.4860871998959087f,0.873902914795068f,0.3399889554469335f,-0.07765295668636994f,0.871133991632296f,-0.4848665661196361f,-0.21460022629082542f,0f,0f,0f,1f], start_interpolation: 0, interpolation_duration: 1 }
$data merge entity $(bone_leg_left_0) { transformation: [-0.9969407760079028f,-0.028614029239351538f,0.07273463042767087f,0.18931885380476884f,-0.05684008579583738f,0.9041678089457036f,-0.4233790003212814f,0.7228512029367471f,-0.05364973233374215f,-0.42621803175958584f,-0.9030281809686243f,-0.3146732959468825f,0f,0f,0f,1f], start_interpolation: 0, interpolation_duration: 1 }
$data merge entity $(bone_leg_right_3) { transformation: [-0.854793578206272f,-0.09053770117930454f,0.5110096509093391f,-0.2626726154640962f,-0.074207338380127f,0.9958698466669655f,0.05231175231295904f,0.05345861872121255f,-0.5136352884954996f,0.006795083861294571f,-0.8579817114877584f,-0.038575951579928436f,0f,0f,0f,1f], start_interpolation: 0, interpolation_duration: 1 }
$data merge entity $(bone_leg_right_2) { transformation: [-0.9672640952198649f,0.2614187952210394f,0.2193686009992558f,-0.19345620899558066f,0.08018176821768637f,0.8149615634935026f,-0.6176331707206196f,0.22421295221087795f,-0.331712607002923f,-0.5652964381933615f,-0.7889669719461759f,-0.19421373213497564f,0f,0f,0f,1f], start_interpolation: 0, interpolation_duration: 1 }
$data merge entity $(bone_leg_right_1) { transformation: [-0.9836601622729949f,-0.13883542414978908f,-0.11461854194768584f,-0.24468472440396888f,-0.17852419878897646f,0.6698788798864749f,0.7206881411045947f,0.36442009274087145f,-0.023276503255842757f,0.7293743971947398f,-0.6837186505522507f,0.039732805803120025f,0f,0f,0f,1f], start_interpolation: 0, interpolation_duration: 1 }
$data merge entity $(bone_leg_right_0) { transformation: [-0.9891585234699464f,-0.06331840616599509f,0.13249979202758583f,-0.1653168741671394f,-0.1338261318437632f,0.7601686483317297f,-0.635794143201435f,0.730205343648437f,-0.06046471601265596f,-0.6466331305571261f,-0.760400955143666f,-0.1452244139308676f,0f,0f,0f,1f], start_interpolation: 0, interpolation_duration: 1 }
$data merge entity $(bone_tail_4) { transformation: [0.05242477806177871f,2.424783210522927f,-1.3203557688029761f,-1.1801451644350396f,2.3110354342573824f,0.6840137314203899f,1.3479249862047769f,0.504380296136145f,1.510638340520975f,-1.1305807926877582f,-2.0162887211293814f,-1.4536763021743968f,0f,0f,0f,1f], start_interpolation: 0, interpolation_duration: 1 }
$data merge entity $(bone_tail_3) { transformation: [-0.33951402697472866f,1.2910384692031116f,-1.5980911809310296f,-0.9218017811832475f,1.9867630545926394f,0.6186158284647062f,0.077669477422569f,0.48515678143856444f,0.522922858974029f,-1.5121109925713307f,-1.3326730866014431f,-1.2129070012918812f,0f,0f,0f,1f], start_interpolation: 0, interpolation_duration: 1 }
$data merge entity $(bone_tail_2) { transformation: [-0.21317008983231145f,0.9308473025794833f,-1.7049503473955363f,-0.6047913651955568f,1.8533298012966557f,0.6111839032803111f,0.10196449872146275f,0.46771767225761596f,0.5818084181492732f,-1.6058491244990358f,-0.9494848229008707f,-1.0363517476305222f,0f,0f,0f,1f], start_interpolation: 0, interpolation_duration: 1 }
$data merge entity $(bone_tail_1) { transformation: [-1.1323691718647024f,0.439137538800612f,-0.9014180665077602f,-0.4151024234959975f,0.8780713232786048f,1.0908161314094638f,-0.5716355208458032f,0.5765542735924603f,0.4841353734713131f,-0.9512805261714516f,-1.071603728381326f,-0.7945886888196081f,0f,0f,0f,1f], start_interpolation: 0, interpolation_duration: 1 }
$data merge entity $(bone_tail_0) { transformation: [-0.8502730986217696f,0.2556665747276017f,-0.9195139895136005f,-0.14022937438842797f,0.42593335762389284f,1.2037088092276775f,-0.05917426835163588f,0.6228940079284798f,0.8540797089308463f,-0.3457678726237735f,-0.8859052689976837f,-0.5440505735621566f,0f,0f,0f,1f], start_interpolation: 0, interpolation_duration: 1 }
$data merge entity $(bone_body_1) { transformation: [-1.1153694305077066f,-0.12230523799118753f,-0.5192273657128282f,-0.011278159359911397f,0.023129603394390654f,1.1912119398328862f,-0.33027826283702183f,0.6194425f,0.5329358779365321f,-0.3076688775546556f,-1.0723450036478588f,-0.274021699101072f,0f,0f,0f,1f], start_interpolation: 0, interpolation_duration: 1 }