# This file was generated by Animated Java via MC-Build. It is not recommended to edit this file directly.
$data merge entity $(bone_head_lower) { transformation: [-0.9775779739291109f,-0.1926701212230948f,0.08496781317965486f,0.17478263050725304f,-0.20986230161973865f,0.9245804201756407f,-0.3179761956290146f,1.3315240382108582f,-0.0172950642531498f,-0.32867806591817716f,-0.9442836489830617f,0.2615385470021572f,0f,0f,0f,1f], start_interpolation: 0, interpolation_duration: 1 }
$data merge entity $(bone_head_upper) { transformation: [-1.0175605057386559f,-0.11485842120148328f,0.18668182242387985f,0.18475698815732813f,-0.2184455823133603f,0.604236978351656f,-0.8189329301864372f,1.2885691293754273f,-0.018002425174826853f,-0.8397482715999303f,-0.6147932137038126f,0.20029440860340852f,0f,0f,0f,1f], start_interpolation: 0, interpolation_duration: 1 }
$data merge entity $(bone_neck_0) { transformation: [-0.9954954835199863f,-0.03200528417642671f,0.08924350999425759f,0.1913688160953417f,-0.09430262060196565f,0.23710604141059016f,-0.9668959307361888f,1.2222296214725157f,0.009785603655917505f,-0.9709564289459057f,-0.23905617551049296f,0.20059386947648594f,0f,0f,0f,1f], start_interpolation: 0, interpolation_duration: 1 }
$data merge entity $(bone_neck_1) { transformation: [-0.9606738891136467f,-0.2218246685086734f,-0.16703141984751918f,0.17619714402713543f,0.04500923480402742f,0.46917765173890474f,-0.8819560646036302f,1.149677809921595f,0.27400702100058855f,-0.8547901190057031f,-0.4407425607909893f,0.15931927860188438f,0f,0f,0f,1f], start_interpolation: 0, interpolation_duration: 1 }
$data merge entity $(bone_neck_2) { transformation: [-0.88374504548453f,-0.4475435339439702f,-0.13674604128269569f,0.15983543430344146f,-0.1435096758579837f,0.5373174386767714f,-0.8310805875659534f,1.0821295908944555f,0.445420775802704f,-0.7148389716004412f,-0.5390784517716702f,0.10509324283197216f,0f,0f,0f,1f], start_interpolation: 0, interpolation_duration: 1 }
$data merge entity $(bone_body_0) { transformation: [-0.9821433252971198f,-0.14457930674810648f,-0.12037986806170356f,0.10172355528955668f,0.04968211610739438f,0.417829840889259f,-0.9071658676347716f,0.6585660708719626f,0.18145571336667135f,-0.8969476284168957f,-0.4031857834347573f,-0.09347125229934747f,0f,0f,0f,1f], start_interpolation: 0, interpolation_duration: 1 }
$data merge entity $(bone_leg_left_3) { transformation: [-0.9639269211101554f,-0.05462745535637178f,-0.26050092491272425f,0.46723148831692185f,-0.04971299041436489f,0.998439944658666f,-0.025422342418864756f,0.0752130534940296f,0.2614832869289325f,-0.01155500027210523f,-0.9651388359327139f,-0.24201169417628415f,0f,0f,0f,1f], start_interpolation: 0, interpolation_duration: 1 }
$data merge entity $(bone_leg_left_2) { transformation: [-0.9756147640528172f,-0.30951209711267563f,-0.06663552658886075f,0.39151178407044324f,-0.3052365737853975f,0.976845033854409f,-0.0683126149289094f,0.30032950939589576f,0.08407535718992087f,-0.04514688334301136f,-1.0212518263085237f,-0.2839661902050131f,0f,0f,0f,1f], start_interpolation: 0, interpolation_duration: 1 }
$data merge entity $(bone_leg_left_1) { transformation: [-0.994942919330397f,0.01289861876487443f,0.09961030523126722f,0.4095478887339909f,0.08622936015079166f,0.6182583047066719f,0.781230546067688f,0.4251401200630409f,-0.05150810346239558f,0.7858691330591825f,-0.6162439622280422f,-0.03676102024850603f,0f,0f,0f,1f], start_interpolation: 0, interpolation_duration: 1 }
$data merge entity $(bone_leg_left_0) { transformation: [-0.9948857354260346f,-0.10064417063664573f,0.008551278422577191f,0.25365462820716334f,-0.058120796277076676f,0.5011760901704739f,-0.863391278437277f,0.6854455556345693f,0.0826096028674467f,-0.8594726741196015f,-0.5044624623852442f,-0.32354604443680746f,0f,0f,0f,1f], start_interpolation: 0, interpolation_duration: 1 }
$data merge entity $(bone_leg_right_3) { transformation: [-0.8758786440738455f,0.010767207451034067f,0.4824113059403441f,-0.24052455758276725f,0.012369020165112599f,0.9999234909898256f,0.00013966701704853923f,0.0216222076246346f,-0.4823728933050831f,0.006089286528568688f,-0.8759448112718383f,-0.22666327983837942f,0f,0f,0f,1f], start_interpolation: 0, interpolation_duration: 1 }
$data merge entity $(bone_leg_right_2) { transformation: [-1.009074855187508f,0.18334584276110225f,0.01464370414975281f,-0.19576889497337968f,0.17343953633883055f,0.9756874930877143f,-0.2646031794356935f,0.24060705186169407f,-0.06122796226868777f,-0.25783796709392404f,-0.9908748250218045f,-0.3172924182259925f,0f,0f,0f,1f], start_interpolation: 0, interpolation_duration: 1 }
$data merge entity $(bone_leg_right_1) { transformation: [-0.9710997060973164f,0.09662053272697957f,-0.21824260233341367f,-0.17728540398934595f,-0.13182843021008683f,0.5451238113027488f,0.827925899666818f,0.34216462569694067f,0.1989638806568923f,0.8327691775073812f,-0.5166322397872882f,-0.05969233007090813f,0f,0f,0f,1f], start_interpolation: 0, interpolation_duration: 1 }
$data merge entity $(bone_leg_right_0) { transformation: [-0.9799622756791967f,-0.18215736494838974f,-0.08057687410609532f,-0.12830111834372435f,-0.10128247697127024f,0.8040400060374832f,-0.585885252033031f,0.7173282679771492f,0.1715103440152065f,-0.5659844194731012f,-0.8063782231741394f,-0.23621445286374387f,0f,0f,0f,1f], start_interpolation: 0, interpolation_duration: 1 }
$data merge entity $(bone_tail_4) { transformation: [-1.1602920113416058f,2.0290736270159324f,-1.4704570704938176f,-0.43811186823751047f,-1.2665522692155655f,0.9233539298582438f,2.273526819978211f,0.5156488506493109f,2.1622278162491924f,1.6297052089147128f,0.5426722162360096f,-1.659094168094457f,0f,0f,0f,1f], start_interpolation: 0, interpolation_duration: 1 }
$data merge entity $(bone_tail_3) { transformation: [-1.2375218612637113f,1.2311056013864023f,-1.1352815365246938f,-0.2576574077877075f,0.0891443238294415f,1.4580493406249242f,1.4839443843610374f,0.2497585634717398f,1.672285399824993f,0.8333166532493473f,-0.9192336063231783f,-1.5113807755968065f,0f,0f,0f,1f], start_interpolation: 0, interpolation_duration: 1 }
$data merge entity $(bone_tail_2) { transformation: [-1.5325405328677333f,0.816499325412525f,-0.8963382406888336f,-0.09196902762566447f,0.8067670326949772f,1.7651297619738613f,0.2285120420315232f,0.20829525153215125f,0.9051079190222585f,-0.19083933032204586f,-1.7213755778237958f,-1.1907569486415732f,0f,0f,0f,1f], start_interpolation: 0, interpolation_duration: 1 }
$data merge entity $(bone_tail_1) { transformation: [-1.5067778574043387f,-0.12610971167689075f,-0.03705508138924595f,-0.08101409336278673f,-0.0935843401828504f,1.3287047791295232f,-0.7165485546638869f,0.34633587049884346f,0.09229685643906124f,-0.7115449392267058f,-1.3314808822331365f,-0.8956273941584333f,0f,0f,0f,1f], start_interpolation: 0, interpolation_duration: 1 }
$data merge entity $(bone_tail_0) { transformation: [-1.2544085453627636f,-0.1306479479412129f,-0.2079087097830542f,-0.02341110382889277f,0.014350777450897604f,1.041415908475219f,-0.74100113181109f,0.588004844673829f,0.24513052256187703f,-0.7295339168657697f,-1.0205523051931524f,-0.6150032437031498f,0f,0f,0f,1f], start_interpolation: 0, interpolation_duration: 1 }
$data merge entity $(bone_body_1) { transformation: [-1.201293975499716f,0.012080398834370489f,-0.2921496935619487f,0.043695906968942454f,0.10027473236255902f,1.177420694684789f,-0.3636345429601763f,0.5932371428571429f,0.2746677220460299f,-0.37701348350986286f,-1.1449991575429448f,-0.3234124448693538f,0f,0f,0f,1f], start_interpolation: 0, interpolation_duration: 1 }