# This file was generated by Animated Java via MC-Build. It is not recommended to edit this file directly.
$data merge entity $(bone_head_lower) { transformation: [-0.969412588442191f,-0.20920634906748092f,0.12834304375254038f,0.1619788786448144f,-0.24396681187421493f,0.8785085221069204f,-0.4107346726165762f,1.3337549135287217f,-0.026822156396207136f,-0.42948280535473127f,-0.902676626390031f,0.2563148735558386f,0f,0f,0f,1f], start_interpolation: 0, interpolation_duration: 1 }
$data merge entity $(bone_head_upper) { transformation: [-1.009061159387565f,-0.12584808886256782f,0.22232808578443206f,0.17416646413781117f,-0.25394495282703206f,0.593084537184852f,-0.8168443151968517f,1.290682543169844f,-0.027919171416913514f,-0.846099836228194f,-0.6056463733776698f,0.19555559308515286f,0f,0f,0f,1f], start_interpolation: 0, interpolation_duration: 1 }
$data merge entity $(bone_neck_0) { transformation: [-0.9928360804811882f,-0.03382423669665709f,0.11459685120735244f,0.18244635234651063f,-0.11930572838505779f,0.22820878058493033f,-0.9662747516304304f,1.2245357002273884f,0.006531498240248623f,-0.9730244978806175f,-0.23060933644349696f,0.19643586252937756f,0f,0f,0f,1f], start_interpolation: 0, interpolation_duration: 1 }
$data merge entity $(bone_neck_1) { transformation: [-0.9648221436903395f,-0.22007667333095043f,-0.14382103079994923f,0.16924895766227416f,0.028891546965533796f,0.4549791592181899f,-0.8900332820692984f,1.151234231663415f,0.261311135542893f,-0.8628790312278374f,-0.4326156121877627f,0.15581246626017636f,0f,0f,0f,1f], start_interpolation: 0, interpolation_duration: 1 }
$data merge entity $(bone_neck_2) { transformation: [-0.8932974664073596f,-0.43108144389161707f,-0.12723374254697778f,0.1538817708004884f,-0.13404977895916695f,0.525716585863285f,-0.8400313851929878f,1.082788276033588f,0.4290108311816737f,-0.7333422530309909f,-0.5274076664670695f,0.10242772012408097f,0f,0f,0f,1f], start_interpolation: 0, interpolation_duration: 1 }
$data merge entity $(bone_body_0) { transformation: [-0.9835180390665479f,-0.14598701449400547f,-0.1066773566874398f,0.10221442383696208f,0.03787846129788619f,0.41054687425067704f,-0.9110524058541876f,0.657323665761862f,0.17679787611958678f,-0.9000772498192173f,-0.3982504932294214f,-0.09384060479668602f,0f,0f,0f,1f], start_interpolation: 0, interpolation_duration: 1 }
$data merge entity $(bone_leg_left_3) { transformation: [-0.9632422555769411f,-0.05333470606914284f,-0.26328647173671005f,0.46798781443901627f,-0.048649192267374096f,0.998520567165534f,-0.02428853719662734f,0.07277865268200731f,0.2641923790777836f,-0.010587071169025873f,-0.9644118937265767f,-0.2426617521954189f,0f,0f,0f,1f], start_interpolation: 0, interpolation_duration: 1 }
$data merge entity $(bone_leg_left_2) { transformation: [-0.9752631158983565f,-0.3103478306192712f,-0.06788430082748041f,0.3920352547474924f,-0.306065025072544f,0.9766247010365151f,-0.06775391688584706f,0.2978597303546071f,0.08513668243634263f,-0.04416578829754394f,-1.0212067997954593f,-0.2843845183556605f,0f,0f,0f,1f], start_interpolation: 0, interpolation_duration: 1 }
$data merge entity $(bone_leg_left_1) { transformation: [-0.9950280085013242f,0.013693761826171989f,0.09864959799683513f,0.4103400218456558f,0.08579670998027233f,0.6208716802915772f,0.7792029781568305f,0.4234964645973485f,-0.05057852167126002f,0.7837925985226966f,-0.6189595912873378f,-0.03761796436167536f,0f,0f,0f,1f], start_interpolation: 0, interpolation_duration: 1 }
$data merge entity $(bone_leg_left_0) { transformation: [-0.9946722115195256f,-0.10270965080969682f,0.00882718876011554f,0.2536381534745493f,-0.05933520519521009f,0.5003857473763301f,-0.8637670040277492f,0.683380966157143f,0.0843002079196658f,-0.8596887991902544f,-0.5038140961619865f,-0.32434405118056703f,0f,0f,0f,1f], start_interpolation: 0, interpolation_duration: 1 }
$data merge entity $(bone_leg_right_3) { transformation: [-0.8742554561300712f,0.009797918553700142f,0.4853672817761992f,-0.24077867180220056f,0.010226904247106205f,0.9999461469127715f,-0.001764569018849138f,0.018898002791813945f,-0.4853584323531649f,0.003421120622956464f,-0.8743085771496018f,-0.2264181425875709f,0f,0f,0f,1f], start_interpolation: 0, interpolation_duration: 1 }
$data merge entity $(bone_leg_right_2) { transformation: [-1.0090610314162218f,0.18341961916540123f,0.01467234415981027f,-0.19600494836139476f,0.17339257736695185f,0.975208251623134f,-0.2663945937531202f,0.23771584666404533f,-0.06158773004398174f,-0.259592582274732f,-0.9903942862500067f,-0.317440870289885f,0f,0f,0f,1f], start_interpolation: 0, interpolation_duration: 1 }
$data merge entity $(bone_leg_right_1) { transformation: [-0.9710703578188169f,0.09693131874954791f,-0.21823537662603776f,-0.17743682526220625f,-0.1309456179975645f,0.5480940952679236f,0.8261029644418861f,0.3401946172365493f,0.1996887710735657f,0.8307810675369953f,-0.5195451977732247f,-0.06021196047163169f,0f,0f,0f,1f], start_interpolation: 0, interpolation_duration: 1 }
$data merge entity $(bone_leg_right_0) { transformation: [-0.9799373920595082f,-0.181636302207698f,-0.08204243636023695f,-0.1281315408812303f,-0.10025403586410725f,0.8049972101252157f,-0.5847466288774801f,0.7155218152769669f,0.17225514777958895f,-0.564790001160549f,-0.8070566390610382f,-0.23629649104627737f,0f,0f,0f,1f], start_interpolation: 0, interpolation_duration: 1 }
$data merge entity $(bone_tail_4) { transformation: [-0.8803715069636172f,2.1163689433293453f,-1.539996700333361f,-0.5234926421717079f,-1.4767987849873905f,0.9397927470745776f,2.135770650796988f,0.5317793754698572f,2.1609425466648524f,1.5044711429127011f,0.8321990277310923f,-1.607886011268706f,0f,0f,0f,1f], start_interpolation: 0, interpolation_duration: 1 }
$data merge entity $(bone_tail_3) { transformation: [-1.0501658735993935f,1.2685836151486158f,-1.2742812779555917f,-0.3198357139766911f,-0.03184724947660044f,1.4623447713098796f,1.482052309659776f,0.2661678800802105f,1.7977994650884852f,0.7669347477090662f,-0.7181042418259576f,-1.4936271273698547f,0f,0f,0f,1f], start_interpolation: 0, interpolation_duration: 1 }
$data merge entity $(bone_tail_2) { transformation: [-1.4287195777690673f,0.8310616663935467f,-1.0425309346745237f,-0.12689019627015513f,0.8062536929035908f,1.7555558546482808f,0.2945377715883732f,0.2124278714996379f,1.0618329556862875f,-0.2147883210607672f,-1.6263919042952704f,-1.1905503670534996f,0f,0f,0f,1f], start_interpolation: 0, interpolation_duration: 1 }
$data merge entity $(bone_tail_1) { transformation: [-1.4995736499525976f,-0.09402898425654477f,-0.17347526765371235f,-0.0869781964153982f,-0.005009935895369491f,1.34744091279116f,-0.687047405263167f,0.3438065208848582f,0.19725622654347064f,-0.680601048086328f,-1.336236672312814f,-0.8948759519409684f,0f,0f,0f,1f], start_interpolation: 0, interpolation_duration: 1 }
$data merge entity $(bone_tail_0) { transformation: [-1.2511869927669017f,-0.13117166748320316f,-0.22618757561948696f,-0.024046335729202763f,0.02419409793949421f,1.0429091416650127f,-0.7386412420386966f,0.5848219147962402f,0.2603487494493479f,-0.7273033978095043f,-1.0183732188048438f,-0.6148347547768798f,0f,0f,0f,1f], start_interpolation: 0, interpolation_duration: 1 }
$data merge entity $(bone_body_1) { transformation: [-1.200708820326296f,0.01105294803470048f,-0.2945857365634449f,0.04369622704560993f,0.10108660169076854f,1.1760265206005633f,-0.36789633982821157f,0.5911389285714286f,0.2769195240597836f,-0.3813712761078438f,-1.1430118643350242f,-0.32341244551985693f,0f,0f,0f,1f], start_interpolation: 0, interpolation_duration: 1 }