# This file was generated by Animated Java via MC-Build. It is not recommended to edit this file directly.
$data merge entity $(bone_head_lower) { transformation: [-0.9518246489769676f,-0.25641791964615845f,0.16816565667284245f,0.1389901427958032f,-0.3028496225788307f,0.87207229721877f,-0.3844112570248655f,1.3342184713036989f,-0.048082675713107904f,-0.4168210154345793f,-0.9077159783700818f,0.24981579590135283f,0f,0f,0f,1f], start_interpolation: 0, interpolation_duration: 1 }
$data merge entity $(bone_head_upper) { transformation: [-0.9907538805265219f,-0.1411737089089141f,0.2862667894081434f,0.1552470444244262f,-0.31523604595496213f,0.5791690234828363f,-0.8053951950143022f,1.2916038774371608f,-0.05004923711532581f,-0.8532907879113348f,-0.5940217569360022f,0.18968954513827807f,0f,0f,0f,1f], start_interpolation: 0, interpolation_duration: 1 }
$data merge entity $(bone_neck_0) { transformation: [-0.9875645314794171f,-0.03488301678120549f,0.15329537274190985f,0.1660447342119917f,-0.15721415055862464f,0.2196428471226556f,-0.9628295438819812f,1.2258310984076173f,-0.00008383298308620168f,-0.974956509208537f,-0.22239558926367015f,0.19113442862120125f,0f,0f,0f,1f], start_interpolation: 0, interpolation_duration: 1 }
$data merge entity $(bone_neck_1) { transformation: [-0.9720827887960638f,-0.211121200107459f,-0.10238598825841982f,0.1563986882116626f,-0.00013648086102524461f,0.43686567410074845f,-0.8995267445526416f,1.1516419624078593f,0.2346380896176953f,-0.8744004927135419f,-0.4246984168122993f,0.15112864478060917f,0f,0f,0f,1f], start_interpolation: 0, interpolation_duration: 1 }
$data merge entity $(bone_neck_2) { transformation: [-0.9138545942233723f,-0.3897883714759074f,-0.11373128891820071f,0.14261870254328002f,-0.11172499706870644f,0.5106734770652914f,-0.8524846771948706f,1.081957723561902f,0.39036816679492803f,-0.7663404108385549f,-0.5102304078247022f,0.09892568274224028f,0f,0f,0f,1f], start_interpolation: 0, interpolation_duration: 1 }
$data merge entity $(bone_body_0) { transformation: [-0.9860328799946614f,-0.14554661004345731f,-0.08096507811576091f,0.10307365145243835f,0.016285830675858357f,0.39954106542301104f,-0.9165706239891405f,0.653787553690146f,0.16575262075946423f,-0.9050873556433671f,-0.3915902799685741f,-0.09425143616509638f,0f,0f,0f,1f], start_interpolation: 0, interpolation_duration: 1 }
$data merge entity $(bone_leg_left_3) { transformation: [-0.962008716959927f,-0.05011112232691967f,-0.26838052073921437f,0.46838944053758536f,-0.04626454784511777f,0.998715927841233f,-0.020641877068512497f,0.06729613962569278f,0.2690702884114151f,-0.007441162231886969f,-0.9630917967664536f,-0.2451902671301791f,0f,0f,0f,1f], start_interpolation: 0, interpolation_duration: 1 }
$data merge entity $(bone_leg_left_2) { transformation: [-0.9751290317245913f,-0.3103497627314932f,-0.06977532343931818f,0.3923781974199366f,-0.30617644987370435f,0.9767433153714866f,-0.06550325885439309f,0.29247424867970484f,0.08626443375627348f,-0.04144538756383584f,-1.0212261878835103f,-0.28627776143908956f,0f,0f,0f,1f], start_interpolation: 0, interpolation_duration: 1 }
$data merge entity $(bone_leg_left_1) { transformation: [-0.9950642054082645f,0.015631434262458006f,0.09799431298865154f,0.4112448443103154f,0.08640777615006388f,0.6220649152063642f,0.7781831002341925f,0.41847706829598946f,-0.04879470602452492f,0.7828096189573792f,-0.620345208034835f,-0.03974029016215486f,0f,0f,0f,1f], start_interpolation: 0, interpolation_duration: 1 }
$data merge entity $(bone_leg_left_0) { transformation: [-0.9944303193934914f,-0.10507756335871116f,0.008188134681030274f,0.2536934056695707f,-0.060219856146628295f,0.5027083016550068f,-0.8623560357374548f,0.6790557551689418f,0.08649802770374612f,-0.858046076341903f,-0.5062361327262478f,-0.32536866881920057f,0f,0f,0f,1f], start_interpolation: 0, interpolation_duration: 1 }
$data merge entity $(bone_leg_right_3) { transformation: [-0.8725233012289064f,0.007673245296144682f,0.4885122415244433f,-0.24125076231227643f,0.007030075977918826f,0.9999703253978185f,-0.0031506119287746936f,0.013919404874013164f,-0.48852192053617766f,0.0006852958530748077f,-0.8725513529444775f,-0.22686986355897681f,0f,0f,0f,1f], start_interpolation: 0, interpolation_duration: 1 }
$data merge entity $(bone_leg_right_2) { transformation: [-1.0091570321865893f,0.1828963084271333f,0.01460220027175182f,-0.19660104067156248f,0.1728338640869097f,0.9749955694613712f,-0.2675337258294338f,0.2326533353353068f,-0.061585219930086046f,-0.26075808596305855f,-0.990088218691516f,-0.31815481351446695f,0f,0f,0f,1f], start_interpolation: 0, interpolation_duration: 1 }
$data merge entity $(bone_leg_right_1) { transformation: [-0.970919929816475f,0.0971466015841156f,-0.21880819839719987f,-0.17794105576746555f,-0.13072032079133042f,0.5505714388935739f,0.8244897139484954f,0.3358951704450647f,0.20056591838441276f,0.8291161730875336f,-0.521861747886641f,-0.061237873422315625f,0f,0f,0f,1f], start_interpolation: 0, interpolation_duration: 1 }
$data merge entity $(bone_leg_right_0) { transformation: [-0.9800636483046422f,-0.1798807216840544f,-0.0843692552901722f,-0.12774237528921195f,-0.09812221039997056f,0.8074516425923556f,-0.581716319782358f,0.7116914930031284f,0.17276364518618603f,-0.5618405208253766f,-0.8090042966886214f,-0.23606491650927924f,0f,0f,0f,1f], start_interpolation: 0, interpolation_duration: 1 }
$data merge entity $(bone_tail_4) { transformation: [-0.484986125181518f,2.1827281170310755f,-1.6205393414241434f,-0.6470349441773089f,-1.8314996394797858f,0.9541432181738904f,1.833270607793129f,0.5660477025298656f,2.008994489929435f,1.3967712833297905f,1.280090798771094f,-1.514848849663819f,0f,0f,0f,1f], start_interpolation: 0, interpolation_duration: 1 }
$data merge entity $(bone_tail_3) { transformation: [-0.7615273516651723f,1.283692789390189f,-1.4519484981148303f,-0.4134000761120127f,-0.2785467722908957f,1.4713229171655466f,1.446916063603634f,0.306306157836408f,1.917924220180922f,0.7233859425891183f,-0.36636728804889185f,-1.4598053957466282f,0f,0f,0f,1f], start_interpolation: 0, interpolation_duration: 1 }
$data merge entity $(bone_tail_2) { transformation: [-1.2523750750719929f,0.8446947463057999f,-1.239685981168045f,-0.18367022478423745f,0.7638413382927769f,1.7489656620646046f,0.420046899568127f,0.22920134673438047f,1.2910758909747704f,-0.21536892413966535f,-1.4510386436140845f,-1.1891570492100576f,0f,0f,0f,1f], start_interpolation: 0, interpolation_duration: 1 }
$data merge entity $(bone_tail_1) { transformation: [-1.4623242492141488f,-0.02866336175475131f,-0.38528230150526366f,-0.09901432862035778f,0.1333539794929348f,1.3781845278841156f,-0.608670989331869f,0.34320626792737247f,0.3626027527662671f,-0.6224484466955915f,-1.3299373763048286f,-0.895706995219096f,0f,0f,0f,1f], start_interpolation: 0, interpolation_duration: 1 }
$data merge entity $(bone_tail_0) { transformation: [-1.2439068266310342f,-0.13022695005945237f,-0.2637659279037968f,-0.025078402280218424f,0.042926210475441845f,1.0535064486078147f,-0.7225767916145629f,0.5797829879462321f,0.2910135111965699f,-0.7120399011319453f,-1.020855539281186f,-0.6145720709529621f,0f,0f,0f,1f], start_interpolation: 0, interpolation_duration: 1 }
$data merge entity $(bone_body_1) { transformation: [-1.199658624967872f,0.010389466136498705f,-0.298857554011678f,0.043701988426917075f,0.10264308260897789f,1.1748587214239148f,-0.3711818655900916f,0.5869425f,0.2808703903742277f,-0.3849722571092789f,-1.140838630185473f,-0.3234124565687605f,0f,0f,0f,1f], start_interpolation: 0, interpolation_duration: 1 }