# This file was generated by Animated Java via MC-Build. It is not recommended to edit this file directly.
$data merge entity $(bone_head_lower) { transformation: [-0.9262772906460727f,-0.3215576428156818f,0.19649698007906552f,0.1094989320688676f,-0.366880752093915f,0.8885932282811027f,-0.27531906653185423f,1.334162225821296f,-0.08607493581974757f,-0.3271127588459224f,-0.9410570378164311f,0.25305314400341056f,0f,0f,0f,1f], start_interpolation: 0, interpolation_duration: 1 }
$data merge entity $(bone_head_upper) { transformation: [-0.964161645884626f,-0.1532323777559375f,0.36108738775512084f,0.13065124939956513f,-0.38188602198757615f,0.5855490227065909f,-0.7712116122059937f,1.294026729233494f,-0.08959536483021865f,-0.8468318150601836f,-0.5985987722893543f,0.19274412413914097f,0f,0f,0f,1f], start_interpolation: 0, interpolation_duration: 1 }
$data merge entity $(bone_neck_0) { transformation: [-0.9816319392518631f,-0.03309201209602084f,0.1878926677017032f,0.14365507681612108f,-0.19036408563859047f,0.2352377616851195f,-0.9531131676649727f,1.2286398061773067f,-0.012659018113948692f,-0.9713743429866839f,-0.23721643081283186f,0.1931765823007705f,0f,0f,0f,1f], start_interpolation: 0, interpolation_duration: 1 }
$data merge entity $(bone_neck_1) { transformation: [-0.9805089376534041f,-0.18999182992518468f,-0.050053249080076946f,0.1385396410586578f,-0.03937296741138726f,0.43959735872499495f,-0.8973315617090651f,1.1546492155057777f,0.19248894154993518f,-0.8778708713493619f,-0.43850968132676155f,0.15198481548237883f,0f,0f,0f,1f], start_interpolation: 0, interpolation_duration: 1 }
$data merge entity $(bone_neck_2) { transformation: [-0.9437807895498403f,-0.31420594816485775f,-0.10272508658795249f,0.12646388042415216f,-0.07670578725162466f,0.5104205565734263f,-0.8564969805138732f,1.0846109925471104f,0.3215494417329754f,-0.8004657878792176f,-0.505826530498466f,0.09983355735727942f,0f,0f,0f,1f], start_interpolation: 0, interpolation_duration: 1 }
$data merge entity $(bone_body_0) { transformation: [-0.989359872956273f,-0.13821169219756704f,-0.04543753870790203f,0.10373269968909102f,-0.013044617236790929f,0.39532076086355905f,-0.9184505070995401f,0.6555146371386752f,0.14490300115971622f,-0.9080853617199993f,-0.3929174163673146f,-0.09399759571340965f,0f,0f,0f,1f], start_interpolation: 0, interpolation_duration: 1 }
$data merge entity $(bone_leg_left_3) { transformation: [-0.9610604231980409f,-0.04398154014149076f,-0.2728158483101468f,0.46594745219653844f,-0.04183818770769425f,0.9990308540689176f,-0.013671820202996343f,0.06675659943381065f,0.2731527576498877f,-0.0017253246389454385f,-0.9619691233314878f,-0.2501410916067995f,0f,0f,0f,1f], start_interpolation: 0, interpolation_duration: 1 }
$data merge entity $(bone_leg_left_2) { transformation: [-0.9764263003557466f,-0.30607854656571043f,-0.07049682834358989f,0.39090751307796673f,-0.30209426289161023f,0.978188566092023f,-0.06283617585037432f,0.29236035215965384f,0.08598218305124551f,-0.03905447477238505f,-1.0213442180277366f,-0.2906753531532145f,0f,0f,0f,1f], start_interpolation: 0, interpolation_duration: 1 }
$data merge entity $(bone_leg_left_1) { transformation: [-0.9947435379085735f,0.018888511928270207f,0.10064053808615026f,0.4105122740369689f,0.0908250062097517f,0.6166327552981885f,0.7819941581241905f,0.4165973275674584f,-0.047287546311188706f,0.7870243129729213f,-0.6151069978088101f,-0.043300712276210906f,0f,0f,0f,1f], start_interpolation: 0, interpolation_duration: 1 }
$data merge entity $(bone_leg_left_0) { transformation: [-0.9946468104209784f,-0.10322506847565374f,0.004723108888318339f,0.25394508721980635f,-0.05749844027954388f,0.5149028295312239f,-0.8553180727110581f,0.681707482559982f,0.08585832449328396f,-0.8510109643118213f,-0.5180817375050679f,-0.3252769529356907f,0f,0f,0f,1f], start_interpolation: 0, interpolation_duration: 1 }
$data merge entity $(bone_leg_right_3) { transformation: [-0.8736754045674255f,0.0046365879952410035f,0.4864871935680392f,-0.24160540210383796f,0.004634860474153707f,0.9999885305906266f,-0.0012069613017740566f,0.01658413587496224f,-0.4864872100295442f,0.001200307861026123f,-0.8736868739649859f,-0.2294300388666286f,0f,0f,0f,1f], start_interpolation: 0, interpolation_duration: 1 }
$data merge entity $(bone_leg_right_2) { transformation: [-1.0095534708303775f,0.18068504133361235f,0.014727690698226397f,-0.19746663036943993f,0.17078208623918423f,0.9758744493811429f,-0.26564024086259347f,0.2355846322197236f,-0.060806809280076965f,-0.2590061280819733f,-0.990596061501284f,-0.3203235122106617f,0f,0f,0f,1f], start_interpolation: 0, interpolation_duration: 1 }
$data merge entity $(bone_leg_right_1) { transformation: [-0.9705923160949214f,0.09603071230621757f,-0.22074568677882794f,-0.17900051596040453f,-0.13364360711272646f,0.5477474560665307f,0.8259007874136837f,0.3379262223256245f,0.20022472928036422f,0.8311142079561659f,-0.518805581232508f,-0.0630326510962532f,0f,0f,0f,1f], start_interpolation: 0, interpolation_duration: 1 }
$data merge entity $(bone_leg_right_0) { transformation: [-0.9805655333773869f,-0.17634029710871646f,-0.08599612995902839f,-0.12722095496355143f,-0.09562904071211034f,0.8123231913201372f,-0.5753139311853565f,0.7148241839291373f,0.1713076802855086f,-0.5559092843792746f,-0.813399376823047f,-0.2350038177682952f,0f,0f,0f,1f], start_interpolation: 0, interpolation_duration: 1 }
$data merge entity $(bone_tail_4) { transformation: [-0.38243878712055507f,2.079797596978382f,-1.775906490023814f,-0.7370323862000177f,-2.1233805492075533f,0.9042931158793345f,1.5163015318267912f,0.6228635989937433f,1.7235593836455962f,1.5755498239586674f,1.4739902085397385f,-1.4592970399772733f,0f,0f,0f,1f], start_interpolation: 0, interpolation_duration: 1 }
$data merge entity $(bone_tail_3) { transformation: [-0.6641814083504877f,1.188908535758788f,-1.5752158824890952f,-0.4815683866500054f,-0.5768731143111799f,1.4724831704106165f,1.3546055694876142f,0.3787631488597175f,1.887333037073989f,0.8684672316799503f,-0.14030039455283166f,-1.4440059114040453f,0f,0f,0f,1f], start_interpolation: 0, interpolation_duration: 1 }
$data merge entity $(bone_tail_2) { transformation: [-1.179142100950867f,0.8078811185707548f,-1.3325636491458173f,-0.23452738785512733f,0.6119739854575713f,1.776866953613451f,0.5357289849190607f,0.2800476323946547f,1.4331383819754209f,-0.09405212605835601f,-1.3251575192012277f,-1.1966246758735275f,0f,0f,0f,1f], start_interpolation: 0, interpolation_duration: 1 }
$data merge entity $(bone_tail_1) { transformation: [-1.4149244015191018f,0.03464566856990701f,-0.5333337281994788f,-0.11883164845651031f,0.21622084821784807f,1.4173953356424056f,-0.48155504077426814f,0.36614013939813916f,0.48876756519000486f,-0.5267318009656309f,-1.3309080084925997f,-0.9042563240950041f,0f,0f,0f,1f], start_interpolation: 0, interpolation_duration: 1 }
$data merge entity $(bone_tail_0) { transformation: [-1.2292612570192027f,-0.1210571305457219f,-0.3287820702526726f,-0.025675210126823243f,0.06827154226412326f,1.093733865542386f,-0.6579672822159286f,0.584807218335492f,0.3436444020968119f,-0.6503284701547161f,-1.0453789372269653f,-0.6144658862135689f,0f,0f,0f,1f], start_interpolation: 0, interpolation_duration: 1 }
$data merge entity $(bone_body_1) { transformation: [-1.198810266044613f,0.012665974911217438f,-0.302155777971964f,0.0437186324291113f,0.10415576726475366f,1.1770010175450019f,-0.36390215154594907f,0.59013f,0.2839192089799224f,-0.37830248853771603f,-1.14231418838892f,-0.3234124814616138f,0f,0f,0f,1f], start_interpolation: 0, interpolation_duration: 1 }