# This file was generated by Animated Java via MC-Build. It is not recommended to edit this file directly.
$data merge entity $(bone_head_lower) { transformation: [-0.9640550448201523f,0.26176145667486944f,-0.04559397280633044f,-0.00312742731273815f,0.25347341743533447f,0.9575022812658338f,0.13762488155990255f,0.3696600669210025f,0.07968122244586018f,0.1211211012589255f,-0.9894344756573616f,0.8024298216485753f,0f,0f,0f,1f], start_interpolation: 0, interpolation_duration: 1 }
$data merge entity $(bone_head_upper) { transformation: [-1.0034844944636945f,0.2224056158825414f,0.16439754857770125f,0.012888255606128968f,0.26384037459451576f,0.584269126373805f,0.8200547465161847f,0.43939399308118854f,0.08294015124338651f,0.8322483238636201f,-0.6196415103278878f,0.7784270315039922f,0f,0f,0f,1f], start_interpolation: 0, interpolation_duration: 1 }
$data merge entity $(bone_neck_0) { transformation: [-0.9567734510680405f,0.28996825190810854f,-0.022427131263437008f,0.007040504250199438f,0.2768761539592346f,0.9317450805808231f,0.23492701032911908f,0.43937137877011284f,0.08901774373738056f,0.21856238857312885f,-0.9717542506215832f,0.712015138390115f,0f,0f,0f,1f], start_interpolation: 0, interpolation_duration: 1 }
$data merge entity $(bone_neck_1) { transformation: [-0.996562619002421f,0.07967339022045734f,-0.022695755061550336f,0.005484921264272813f,0.07024046268372931f,0.9578864339562966f,0.27842388016200303f,0.467370398798694f,0.043922930332695134f,0.27587267087058187f,-0.9601901091230427f,0.631945344562828f,0f,0f,0f,1f], start_interpolation: 0, interpolation_duration: 1 }
$data merge entity $(bone_neck_2) { transformation: [-0.9996419416525983f,-0.018726168092542614f,-0.019113323038986857f,0.00362710992665372f,-0.02464371919560017f,0.9225971933193099f,0.3849767603161789f,0.5101300534739356f,0.010424758665371323f,0.38530993953945947f,-0.9227283321210349f,0.554879847333338f,0f,0f,0f,1f], start_interpolation: 0, interpolation_duration: 1 }
$data merge entity $(bone_body_0) { transformation: [-0.9996941768222112f,-0.023778842611551807f,-0.006791131850900331f,0.00019995175264054068f,-0.023935827598658185f,0.9994240523051279f,0.024054933613806034f,0.530987816858393f,0.0062152220337312125f,0.02421012841874956f,-0.999687571542739f,0.08396147542948748f,0f,0f,0f,1f], start_interpolation: 0, interpolation_duration: 1 }
$data merge entity $(bone_leg_left_3) { transformation: [-0.9740281773527653f,-0.008914163044514135f,-0.22625129263733804f,0.22089880893028496f,-0.0173836975341755f,0.9992195586318429f,0.03546943342691139f,0.06032853825428855f,0.22575853645630078f,0.0384813116304733f,-0.9734229665835447f,-0.11514494035877038f,0f,0f,0f,1f], start_interpolation: 0, interpolation_duration: 1 }
$data merge entity $(bone_leg_left_2) { transformation: [-1.0193468719420764f,-0.08560648645718014f,-0.07527073560857146f,0.1970364657519119f,-0.06190052143384736f,0.9844241395984453f,-0.2813176822078087f,0.28100636831151476f,0.09572084208163169f,-0.27503243872862077f,-0.9834921847878947f,-0.2095004169634021f,0f,0f,0f,1f], start_interpolation: 0, interpolation_duration: 1 }
$data merge entity $(bone_leg_left_1) { transformation: [-0.9483639724087115f,0.029781392005179014f,0.3157829072755565f,0.20726645931322793f,0.31629877471054635f,0.1631312454688263f,0.9345283740306645f,0.2694608615916954f,-0.023682503114658773f,0.9861547877701677f,-0.16412761377720947f,0.06758338654391909f,0f,0f,0f,1f], start_interpolation: 0, interpolation_duration: 1 }
$data merge entity $(bone_leg_left_0) { transformation: [-0.9635879896526893f,0.23063509462612375f,-0.1352983345200064f,0.19679362740917872f,0.26735658737297213f,0.8391924903542815f,-0.4735783138207001f,0.6685943959648486f,0.004317567065713429f,-0.49250727635211466f,-0.8702976165397989f,-0.0544412834829143f,0f,0f,0f,1f], start_interpolation: 0, interpolation_duration: 1 }
$data merge entity $(bone_leg_right_3) { transformation: [-0.9596337811134614f,0.02621652307989671f,0.28002803442420215f,-0.21236503568513515f,0.05277049041807106f,0.9947472344889077f,0.08771097318869092f,0.04130333811964196f,-0.27625763606987824f,0.09894762955357872f,-0.9559765086647326f,-0.08577903556351803f,0f,0f,0f,1f], start_interpolation: 0, interpolation_duration: 1 }
$data merge entity $(bone_leg_right_2) { transformation: [-1.0179137760954813f,0.059037204657468624f,0.1114825206118197f,-0.19357907043722045f,0.04148530090165572f,1.0126879437644283f,-0.1574938026208283f,0.27242780412340906f,-0.11913317650777122f,-0.15178911858595595f,-1.0073874871343014f,-0.15210882366956668f,0f,0f,0f,1f], start_interpolation: 0, interpolation_duration: 1 }
$data merge entity $(bone_leg_right_1) { transformation: [-0.946335233725221f,-0.04838630152917578f,-0.3195440364559459f,-0.20862355672644695f,-0.32030057824979846f,0.2722571123211492f,0.9073497695835904f,0.2918901380855214f,0.043094837081440004f,0.9610071959225268f,-0.2731446583809525f,0.1243116289905181f,0f,0f,0f,1f], start_interpolation: 0, interpolation_duration: 1 }
$data merge entity $(bone_leg_right_0) { transformation: [-0.9625955207787363f,-0.22130278428549832f,0.1563167970635258f,-0.19631299063762742f,-0.27063447093292947f,0.7578381776594265f,-0.5936651241438163f,0.6692382801419894f,0.012916908282041728f,-0.6137641030146076f,-0.7893837972311744f,-0.053913252026576555f,0f,0f,0f,1f], start_interpolation: 0, interpolation_duration: 1 }
$data merge entity $(bone_tail_4) { transformation: [-2.482176899196205f,0.09122628861454857f,1.2067049916870005f,0.009275671700686244f,-0.25028256546131006f,2.655367386806235f,-0.7155725051397193f,0.4573602853089461f,-1.1839838724082412f,-0.7525710178790062f,-2.3785458550395324f,-1.7701144667473738f,0f,0f,0f,1f], start_interpolation: 0, interpolation_duration: 1 }
$data merge entity $(bone_tail_3) { transformation: [-2.0619615182619486f,-0.015686117065549066f,0.2898519777105665f,-0.03971901152199457f,-0.12594487657916292f,1.9216896590847972f,-0.7919547135249969f,0.5728412967639969f,-0.2615303258033f,-0.8017532824643789f,-1.90387475659174f,-1.4394418787634389f,0f,0f,0f,1f], start_interpolation: 0, interpolation_duration: 1 }
$data merge entity $(bone_tail_2) { transformation: [-1.9524412581406516f,-0.07942078942123112f,0.020960599243164978f,-0.04507816246968471f,-0.08139076668021603f,1.8033721030043723f,-0.7483304592274532f,0.7123232282859832f,0.011070303163452404f,-0.7485420972237118f,-1.8050861619530998f,-1.104050235681569f,0f,0f,0f,1f], start_interpolation: 0, interpolation_duration: 1 }
$data merge entity $(bone_tail_1) { transformation: [-1.5077384669330178f,-0.07915161333455847f,-0.09008877531085464f,-0.023284065475566208f,-0.06134447352087286f,1.4853928992999217f,-0.27839008652935227f,0.7541308819911303f,0.1030428110006712f,-0.2738598305993595f,-1.4839269598889193f,-0.7814765008135398f,0f,0f,0f,1f], start_interpolation: 0, interpolation_duration: 1 }
$data merge entity $(bone_tail_0) { transformation: [-1.2748432099816147f,-0.04183446843572269f,-0.08282743385195794f,-0.00008950446027304684f,-0.04794595229621047f,1.2738092924355495f,0.09458746612147871f,0.757229513291757f,0.07944615916587447f,0.09744475532101707f,-1.2720175093284862f,-0.40741190462171645f,0f,0f,0f,1f], start_interpolation: 0, interpolation_duration: 1 }
$data merge entity $(bone_body_1) { transformation: [-1.236364726157564f,0.0023874098337646026f,-0.0010766818784012627f,1.8557991432579204e-17f,0.0020250884818558256f,1.1937913738660457f,0.32165610480124524f,0.602038653846154f,0.0016607185861212206f,0.3216536196183009f,-1.1937926059649027f,-0.1515375f,0f,0f,0f,1f], start_interpolation: 0, interpolation_duration: 1 }