# This file was generated by Animated Java via MC-Build. It is not recommended to edit this file directly.
$data merge entity $(bone_head_lower) { transformation: [-0.9524135510336451f,0.3013024619913902f,-0.046100479448794945f,-0.006501595570634323f,0.29322812537173004f,0.9469818318431961f,0.1313113728885883f,0.37653187072666705f,0.0832207564160706f,0.11154477377641553f,-0.9902686853297471f,0.8045681423689286f,0f,0f,0f,1f], start_interpolation: 0, interpolation_duration: 1 }
$data merge entity $(bone_head_upper) { transformation: [-0.9913668684319417f,0.2518044557620382f,0.19302380893904175f,0.012151411157072318f,0.30522103352104824f,0.5840047270629297f,0.8057608466834334f,0.4452873218133719f,0.08662445067817272f,0.8240175589209516f,-0.6300501644457909f,0.7796641310920934f,0f,0f,0f,1f], start_interpolation: 0, interpolation_duration: 1 }
$data merge entity $(bone_neck_0) { transformation: [-0.9456942858024607f,0.32437854912046843f,-0.02099701576589291f,0.005834010152340236f,0.3122114734197606f,0.9244041287602144f,0.21909131109227342f,0.44434848118493814f,0.09047824968264759f,0.20063789173924496f,-0.9754784071074026f,0.7133019033031117f,0f,0f,0f,1f], start_interpolation: 0, interpolation_duration: 1 }
$data merge entity $(bone_neck_1) { transformation: [-0.9950301437381219f,0.09778701820925054f,-0.018780631571804943f,0.00469353673193172f,0.08924695645352397f,0.9594692136844956f,0.2673084524579029f,0.4714131702653538f,0.04415873431468544f,0.2643038536635436f,-0.9634279833606273f,0.6329045229360313f,0f,0f,0f,1f], start_interpolation: 0, interpolation_duration: 1 }
$data merge entity $(bone_neck_2) { transformation: [-0.9997430018601094f,-0.01620157404500811f,-0.01585683544093805f,0.00314573548515533f,-0.02093063013601561f,0.9283597639805292f,0.3710930575261759f,0.5130129276168002f,0.008708556358328543f,0.3713295808584074f,-0.9284602864019944f,0.5551999870726604f,0f,0f,0f,1f], start_interpolation: 0, interpolation_duration: 1 }
$data merge entity $(bone_body_0) { transformation: [-0.9997801303218242f,-0.020111521640013116f,-0.0059344511961423735f,0.00015726350758224147f,-0.020306524176026054f,0.9991856416726981f,0.03486686895904556f,0.5389640444254242f,0.005228392636803481f,0.03497971086847443f,-0.9993743461476252f,0.08453183085774343f,0f,0f,0f,1f], start_interpolation: 0, interpolation_duration: 1 }
$data merge entity $(bone_leg_left_3) { transformation: [-0.9761959788067721f,-0.006588378528699788f,-0.2167902309373067f,0.21414076073180272f,-0.013884084494346131f,0.9993866992824271f,0.03214743372541079f,0.05468630243423342f,0.21644547387100083f,0.03439212941558545f,-0.9756887507166516f,-0.11804895878689017f,0f,0f,0f,1f], start_interpolation: 0, interpolation_duration: 1 }
$data merge entity $(bone_leg_left_2) { transformation: [-1.0185880218651604f,-0.07966269435697872f,-0.09052345740911935f,0.19119370670292357f,-0.05104228954971295f,0.982453832831106f,-0.2902436055000817f,0.2746458510597848f,0.10924891711608559f,-0.2837261372943116f,-0.97960520242887f,-0.21428981157745436f,0f,0f,0f,1f], start_interpolation: 0, interpolation_duration: 1 }
$data merge entity $(bone_leg_left_1) { transformation: [-0.9466363868256613f,0.04161400921856852f,0.31960573426397393f,0.20440109823733774f,0.3211516090638698f,0.205550242314113f,0.9244515897981337f,0.27506204780776305f,-0.02722489914296007f,0.9777614085866586f,-0.2079457447155133f,0.06290827147668465f,0f,0f,0f,1f], start_interpolation: 0, interpolation_duration: 1 }
$data merge entity $(bone_leg_left_0) { transformation: [-0.9623002049410737f,0.2382684282028416f,-0.13117344126047328f,0.19673930705914888f,0.2719895143751989f,0.8432431105586049f,-0.46364076672073584f,0.6755157053574471f,0.0001401438938477828f,-0.48183940542176057f,-0.8762595321835269f,-0.054928241011912404f,0f,0f,0f,1f], start_interpolation: 0, interpolation_duration: 1 }
$data merge entity $(bone_leg_right_3) { transformation: [-0.9650607523811563f,0.017322745834133537f,0.26145299135845224f,-0.20602046416984937f,0.038508281711468036f,0.9963543654447629f,0.07612549309393218f,0.03697494913591076f,-0.25918112673022153f,0.08353383108615384f,-0.9622095627309696f,-0.09279249603857645f,0f,0f,0f,1f], start_interpolation: 0, interpolation_duration: 1 }
$data merge entity $(bone_leg_right_2) { transformation: [-1.0170468766775547f,0.05560560622013085f,0.12077196155572412f,-0.18774865909035177f,0.0328217734216015f,1.0078578114230197f,-0.18763678382384583f,0.26605540557875373f,-0.12884324324770247f,-0.1821890447068303f,-1.0011337423935531f,-0.16600013007418252f,0f,0f,0f,1f], start_interpolation: 0, interpolation_duration: 1 }
$data merge entity $(bone_leg_right_1) { transformation: [-0.9449361074310605f,-0.05821454675986948f,-0.3220354319303678f,-0.20530317372826185f,-0.3244279650673609f,0.2957043969017549f,0.8985017557774838f,0.2922747000179091f,0.04292142070443245f,0.9535040514851068f,-0.29830818870121695f,0.10971307830493372f,0f,0f,0f,1f], start_interpolation: 0, interpolation_duration: 1 }
$data merge entity $(bone_leg_right_0) { transformation: [-0.9614314445296243f,-0.23101499011054247f,0.14927039831763755f,-0.19636766808854966f,-0.27469610169134245f,0.7791853887796524f,-0.563393451885875f,0.6760124162797448f,0.013843019369337836f,-0.5826681768009372f,-0.8125922511064282f,-0.054520902410284386f,0f,0f,0f,1f], start_interpolation: 0, interpolation_duration: 1 }
$data merge entity $(bone_tail_4) { transformation: [-2.572696219428536f,0.05866090422619423f,1.0017257071940795f,0.00578634928307202f,-0.1635076693306415f,2.695386014775747f,-0.5777722778235161f,0.48405346115728776f,-0.9900306743774036f,-0.5975905465004264f,-2.507665474923868f,-1.7822011477354627f,0f,0f,0f,1f], start_interpolation: 0, interpolation_duration: 1 }
$data merge entity $(bone_tail_3) { transformation: [-2.06893916913441f,-0.01851348889121984f,0.23472002725573904f,-0.03383232444261476f,-0.09678781619023859f,1.9592169901061607f,-0.698603199506647f,0.5833382711631807f,-0.2146354097137395f,-0.705033022242841f,-1.947512671201034f,-1.4450756657127044f,0f,0f,0f,1f], start_interpolation: 0, interpolation_duration: 1 }
$data merge entity $(bone_tail_2) { transformation: [-1.9530180785633768f,-0.06569749975565614f,0.013345348749520657f,-0.03777297798682609f,-0.0661257905741645f,1.8238526901612178f,-0.6985432122749509f,0.713581023243854f,0.011029035693681752f,-0.6985836228543589f,-1.8250022348627752f,-1.1059698109280407f,0f,0f,0f,1f], start_interpolation: 0, interpolation_duration: 1 }
$data merge entity $(bone_tail_1) { transformation: [-1.5092166961015283f,-0.06469797398208298f,-0.07573233372213782f,-0.019243495598452523f,-0.050385370448724376f,1.4878924579013557f,-0.267008610657049f,0.7528984857838427f,0.08592164251882263f,-0.26390614976327575f,-1.4868178319700072f,-0.782879309023909f,0f,0f,0f,1f], start_interpolation: 0, interpolation_duration: 1 }
$data merge entity $(bone_tail_0) { transformation: [-1.2758890057058432f,-0.03532737645433917f,-0.06851961891192736f,-0.0000729829323171325f,-0.03944085687123596f,1.2752904703177406f,0.07690482241086105f,0.761200140020373f,0.0662373045363791f,0.07887908070988657f,-1.2740590357978496f,-0.40866615414846114f,0f,0f,0f,1f], start_interpolation: 0, interpolation_duration: 1 }
$data merge entity $(bone_body_1) { transformation: [-1.2363658492802152f,0.0018348980885766566f,-0.0008455405766175698f,1.8557991432579204e-17f,0.0015622119680339924f,1.1963697749329132f,0.3119319095203113f,0.6080963461538462f,0.0012811259224215236f,0.3119304246658624f,-1.1963704961007673f,-0.1515375f,0f,0f,0f,1f], start_interpolation: 0, interpolation_duration: 1 }