# This file was generated by Animated Java via MC-Build. It is not recommended to edit this file directly.
$data merge entity $(bone_head_lower) { transformation: [-0.9498014684128657f,0.3105928296407338f,-0.03754017549941022f,-0.01021126438688642f,0.3042161980865778f,0.9449072595316377f,0.12084194514388902f,0.3887023164446088f,0.0730046260350153f,0.10335552747759952f,-0.991961672403382f,0.8079095788323419f,0f,0f,0f,1f], start_interpolation: 0, interpolation_duration: 1 }
$data merge entity $(bone_head_upper) { transformation: [-0.9886479527203402f,0.25389157904308357f,0.2039270316961368f,0.009241091623669505f,0.3166585138315697f,0.5974128915070784f,0.7913893891521675f,0.4567716644204325f,0.07599048482125326f,0.813700710172769f,-0.6446615725048833f,0.7817633323793293f,0f,0f,0f,1f], start_interpolation: 0, interpolation_duration: 1 }
$data merge entity $(bone_neck_0) { transformation: [-0.9457553017313169f,0.3244425949935454f,-0.01684968251808083f,0.0031908450941567513f,0.31562729704309295f,0.9298733198292986f,0.18898417508064141f,0.45379616096281383f,0.07698258639703534f,0.17341456577661996f,-0.9818355614705189f,0.7154362854798727f,0f,0f,0f,1f], start_interpolation: 0, interpolation_duration: 1 }
$data merge entity $(bone_neck_1) { transformation: [-0.993360880239386f,0.11461660787223996f,-0.009858742815074923f,0.0028837045671118848f,0.10865023610887711f,0.9628991233542665f,0.2470230848262372f,0.47915821432448713f,0.03780592286293071f,0.2443119142478449f,-0.9689594422642445f,0.6344782175773621f,0f,0f,0f,1f], start_interpolation: 0, interpolation_duration: 1 }
$data merge entity $(bone_neck_2) { transformation: [-0.9999116224782769f,-0.009715266749153968f,-0.009075286488742004f,0.001993522872533483f,-0.01223576890023726f,0.9394704464754579f,0.3424113989904892f,0.5183540238015703f,0.005199345370327549f,0.34249218062781633f,-0.9395062921644128f,0.5555236325925275f,0f,0f,0f,1f], start_interpolation: 0, interpolation_duration: 1 }
$data merge entity $(bone_body_0) { transformation: [-0.9999250956588395f,-0.011625770269391303f,-0.0038268181697167928f,0.0000792078256853072f,-0.01182407727354335f,0.9983220018661682f,0.05668661029340044f,0.5545804756283388f,0.003161371267347909f,0.05672761281395439f,-0.998384687220382f,0.08552907486970746f,0f,0f,0f,1f], start_interpolation: 0, interpolation_duration: 1 }
$data merge entity $(bone_leg_left_3) { transformation: [-0.9800764771015795f,0.00011279676914762587f,-0.19862045793182037f,0.20051569185454443f,-0.005130995623491685f,0.9996517285500842f,0.025886183394630502f,0.04311503937033345f,0.19855420397480592f,0.026389560127399014f,-0.9797345656861421f,-0.12298397104975158f,0f,0f,0f,1f], start_interpolation: 0, interpolation_duration: 1 }
$data merge entity $(bone_leg_left_2) { transformation: [-1.016188956439271f,-0.06734520494040011f,-0.12201158831478046f,0.17947042429799634f,-0.0281379085655168f,0.9786442974452398f,-0.3058198762019337f,0.2617407476550613f,0.13649345190564477f,-0.2996367166255546f,-0.9714162728395241f,-0.22263821559803973f,0f,0f,0f,1f], start_interpolation: 0, interpolation_duration: 1 }
$data merge entity $(bone_leg_left_1) { transformation: [-0.9434596233185402f,0.06715665618654118f,0.3246134974049617f,0.1992880945972832f,0.32977877633808556f,0.2894526020442375f,0.8985895335729075f,0.2861504046442024f,-0.03361395312356637f,0.9548335848197124f,-0.29523368279338263f,0.053087761142177586f,0f,0f,0f,1f], start_interpolation: 0, interpolation_duration: 1 }
$data merge entity $(bone_leg_left_0) { transformation: [-0.959924940963952f,0.2522017035529318f,-0.12222278200218008f,0.196644505851223f,0.28015452135739954f,0.8517088057407874f,-0.44283806790587477f,0.6891838908470922f,-0.007586295430557138f,-0.45933257118192783f,-0.8882319726135957f,-0.05583560183445782f,0f,0f,0f,1f], start_interpolation: 0, interpolation_duration: 1 }
$data merge entity $(bone_leg_right_3) { transformation: [-0.974533236862176f,0.002491569272605916f,0.2242292628839731f,-0.19460236745945086f,0.015045538585435256f,0.9984115230839398f,0.05429606193713976f,0.031191821332496206f,-0.2237377974764306f,0.056286967015174355f,-0.9730227003131162f,-0.10617846895120024f,0f,0f,0f,1f], start_interpolation: 0, interpolation_duration: 1 }
$data merge entity $(bone_leg_right_2) { transformation: [-1.0149357612591408f,0.05049517162146233f,0.13934790153045679f,-0.1769509926541897f,0.01589657672483307f,0.9958625682855312f,-0.24508619593292397f,0.2557270172412191f,-0.14735975999727435f,-0.24035428482005308f,-0.9861932459730602f,-0.19245388162324287f,0f,0f,0f,1f], start_interpolation: 0, interpolation_duration: 1 }
$data merge entity $(bone_leg_right_1) { transformation: [-0.9423591676942439f,-0.07755197424805767f,-0.32549176695093335f,-0.199524249632351f,-0.3318670205130339f,0.340772940724353f,0.8796238307173574f,0.29504308755933983f,0.042702221937665014f,0.9369415638983604f,-0.34686744742232756f,0.08133085196119957f,0f,0f,0f,1f], start_interpolation: 0, interpolation_duration: 1 }
$data merge entity $(bone_leg_right_0) { transformation: [-0.9593100799240759f,-0.2485022779286113f,0.13405516931604816f,-0.1964628697863191f,-0.28191547687352386f,0.8165107335050262f,-0.5038192989259717f,0.6894256762060864f,0.015742758819112967f,-0.5211111589050604f,-0.853343615203974f,-0.05563732058330964f,0f,0f,0f,1f], start_interpolation: 0, interpolation_duration: 1 }
$data merge entity $(bone_tail_4) { transformation: [-2.6964936783471023f,0.017241974943981622f,0.5952191936876251f,0.002307802483006296f,-0.03748801538142024f,2.7499112123503924f,-0.24948808487051605f,0.5477784498103087f,-0.5942876600913716f,-0.2516989672001584f,-2.684982521092734f,-1.803098791509643f,0f,0f,0f,1f], start_interpolation: 0, interpolation_duration: 1 }
$data merge entity $(bone_tail_3) { transformation: [-2.0778378586489135f,-0.01517337346779884f,0.1352964446958946f,-0.02048499140389956f,-0.04656626923192705f,2.023721036463755f,-0.4881908184187104f,0.6107538728562385f,-0.12793334897344882f,-0.49017186920111716f,-2.019730210426324f,-1.4558304686326768f,0f,0f,0f,1f], start_interpolation: 0, interpolation_duration: 1 }
$data merge entity $(bone_tail_2) { transformation: [-1.9538107148774237f,-0.03703170921771206f,0.0051203462150555094f,-0.02289039994475784f,-0.03686914307895888f,1.864472457221501f,-0.5840864641076853f,0.7197506647141311f,0.006183180538401953f,-0.5840761797724761f,-1.8648299277691773f,-1.1092970685922487f,0f,0f,0f,1f], start_interpolation: 0, interpolation_duration: 1 }
$data merge entity $(bone_tail_1) { transformation: [-1.5113702094656378f,-0.03655655701484682f,-0.04560655741245619f,-0.011185590848751146f,-0.02900049401235566f,1.4936603918441826f,-0.23620722931977142f,0.7523490760982213f,0.05074752493309139f,-0.23515633517960763f,-1.49324560496191f,-0.7851412140745682f,0f,0f,0f,1f], start_interpolation: 0, interpolation_duration: 1 }
$data merge entity $(bone_tail_0) { transformation: [-1.2774154083984983f,-0.02129286837558438f,-0.03990244010666283f,-0.00003900527440940936f,-0.0227503691390418f,1.2771562511215722f,0.046797943428713684f,0.7694936847366994f,0.03908978989663554f,0.047478843303726266f,-1.2767354715634733f,-0.4109036861254746f,0f,0f,0f,1f], start_interpolation: 0, interpolation_duration: 1 }
$data merge entity $(bone_body_1) { transformation: [-1.2363671088660197f,0.0008869898469245678f,-0.00042475821519609967f,1.8557991432579204e-17f,0.0007604422704635555f,1.2008556815390703f,0.29419321694957307f,0.6202117307692308f,0.0006236169362806602f,0.2941928626268774f,-1.2008558471929802f,-0.1515375f,0f,0f,0f,1f], start_interpolation: 0, interpolation_duration: 1 }