# This file was generated by Animated Java via MC-Build. It is not recommended to edit this file directly.
$data merge entity $(bone_head_lower) { transformation: [-0.9884302104058337f,0.1507901929781392f,-0.016371831256606337f,-0.005358158897768906f,0.14834246070481494f,0.9835628900582866f,0.10294928679807108f,0.39967903640583574f,0.03162646848953722f,0.09932954747609873f,-0.9945518626442129f,0.8104167678868938f,0f,0f,0f,1f], start_interpolation: 0, interpolation_duration: 1 }
$data merge entity $(bone_head_upper) { transformation: [-1.0288565941655115f,0.12271911197045995f,0.09932809664356292f,0.003925497111468184f,0.15440960553828326f,0.6455975712223944f,0.8017689145463078f,0.4694955290620537f,0.03291997787306409f,0.8072271911750953f,-0.6563325982060542f,0.7833072201945532f,0f,0f,0f,1f], start_interpolation: 0, interpolation_duration: 1 }
$data merge entity $(bone_neck_0) { transformation: [-0.987576675035302f,0.1568771133505333f,-0.009048880208145595f,0.001113080569413192f,0.15358452094166178f,0.9758198436746897f,0.15552307744455385f,0.46366293013201243f,0.03322808831903665f,0.1522011957821236f,-0.9877908129503704f,0.7169535665105838f,0f,0f,0f,1f], start_interpolation: 0, interpolation_duration: 1 }
$data merge entity $(bone_neck_1) { transformation: [-0.9983244338714242f,0.05778439039443514f,-0.003047779854868472f,0.0011210990770936014f,0.05555192534566952f,0.9718344007684121f,0.22902375657012247f,0.48754136785534674f,0.01619593546817817f,0.2284707020820066f,-0.9734160621052363f,0.6355449859301093f,0f,0f,0f,1f], start_interpolation: 0, interpolation_duration: 1 }
$data merge entity $(bone_neck_2) { transformation: [-0.9999887068149474f,-0.0034060396359585094f,-0.0033143832861211187f,0.0007973869865439389f,-0.00428116520247447f,0.9483981626249618f,0.31705298729724307f,0.52460299820094f,0.0020634599773586932f,0.3170635961815782f,-0.9484020340073753f,0.5555621055071734f,0f,0f,0f,1f], start_interpolation: 0, interpolation_duration: 1 }
$data merge entity $(bone_body_0) { transformation: [-0.9999907922760215f,-0.003996086376221184f,-0.0015641792891193218f,0.000022127435412859796f,-0.004102692724869424f,0.9971426168287932f,0.07543056155320543f,0.5696521688499252f,0.0012582827901683647f,0.07543628435640495f,-0.9971498301293139f,0.08632775478294102f,0f,0f,0f,1f], start_interpolation: 0, interpolation_duration: 1 }
$data merge entity $(bone_leg_left_3) { transformation: [-0.9831636937682644f,0.007485242731857682f,-0.1825736081617143f,0.1882939197546705f,0.0038513841528138703f,0.9997875300743833f,0.020249976490662458f,0.03512712391426881f,0.18268639275011556f,0.01920588058408429f,-0.982983629596618f,-0.12563106443621141f,0f,0f,0f,1f], start_interpolation: 0, interpolation_duration: 1 }
$data merge entity $(bone_leg_left_2) { transformation: [-1.013262609632421f,-0.05531057786156622f,-0.14933795029465755f,0.1692139391840287f,-0.0063579918573060815f,0.9751325363317077f,-0.31802250239177743f,0.25259091886566726f,0.15912466609904452f,-0.3132402848686694f,-0.9636503847739373f,-0.22818117069054794f,0f,0f,0f,1f], start_interpolation: 0, interpolation_duration: 1 }
$data merge entity $(bone_leg_left_1) { transformation: [-0.940740172805572f,0.09034144602516063f,0.3268736000349763f,0.19515616543305253f,0.3368758460797871f,0.35984549794981524f,0.8700723429309069f,0.29749522816696905f,-0.03902039976435717f,0.9286278268150986f,-0.3689549669904135f,0.044443093752628726f,0f,0f,0f,1f], start_interpolation: 0, interpolation_duration: 1 }
$data merge entity $(bone_leg_left_0) { transformation: [-0.9578644028304427f,0.2636738429890531f,-0.11389420667296359f,0.19657850374806135f,0.28687088090920043f,0.8586976263389039f,-0.42466867580069034f,0.7025745993018965f,-0.014173336821613904f,-0.43944793894535056f,-0.8981562366760165f,-0.05663093159069332f,0f,0f,0f,1f], start_interpolation: 0, interpolation_duration: 1 }
$data merge entity $(bone_leg_right_3) { transformation: [-0.9813797966667333f,-0.007201446360912807f,0.19194226700930728f,-0.18560557947956421f,-0.000674279261466992f,0.9994199190177476f,0.034049534769754586f,0.030366043239467927f,-0.19207613084878325f,0.03328610281889538f,-0.9808153726962539f,-0.11759810041775005f,0f,0f,0f,1f], start_interpolation: 0, interpolation_duration: 1 }
$data merge entity $(bone_leg_right_2) { transformation: [-1.012735119889889f,0.04747489429150079f,0.155486047137089f,-0.16816289997776898f,0.0010163993492062274f,0.9828216221906042f,-0.29346690680157916f,0.2503893176626599f,-0.1625691956511725f,-0.28960316446360623f,-0.9704449820874396f,-0.21484306794774632f,0f,0f,0f,1f], start_interpolation: 0, interpolation_duration: 1 }
$data merge entity $(bone_leg_right_1) { transformation: [-0.9401932972165139f,-0.0941641527487718f,-0.3273677995867125f,-0.19510653432388378f,-0.3379423264734941f,0.3785798527531484f,0.8616683115138255f,0.300807644403093f,0.0427965868594956f,0.920766206714012f,-0.38776029287005026f,0.05671800908039383f,0f,0f,0f,1f], start_interpolation: 0, interpolation_duration: 1 }
$data merge entity $(bone_leg_right_0) { transformation: [-0.9575312146276111f,-0.2624242757426669f,0.1194465257540312f,-0.1965289870687459f,-0.28779232919017567f,0.8445975960415658f,-0.45147588642152514f,0.7026403018566787f,0.017593984002075444f,-0.4666780477607072f,-0.884252255561268f,-0.05657705081380887f,0f,0f,0f,1f], start_interpolation: 0, interpolation_duration: 1 }
$data merge entity $(bone_tail_4) { transformation: [-2.750643638561546f,0.0020737756420320147f,0.24416511768777557f,0.0016664859144598686f,0.007356672646215533f,2.7608106608638323f,0.05942815686344547f,0.6080088122541776f,-0.24406307506149968f,0.05984585127806592f,-2.750002367467405f,-1.8159191212436832f,0f,0f,0f,1f], start_interpolation: 0, interpolation_duration: 1 }
$data merge entity $(bone_tail_3) { transformation: [-2.0815235272549577f,-0.00648132800563271f,0.05624343442401279f,-0.007806897254014153f,-0.014391289301029939f,2.061229317999101f,-0.2950798459021892f,0.6378727026275842f,-0.054756025428978033f,-0.295359470903997f,-2.0605120933085974f,-1.4636420903463023f,0f,0f,0f,1f], start_interpolation: 0, interpolation_duration: 1 }
$data merge entity $(bone_tail_2) { transformation: [-1.9541205237690114f,-0.013325071946250912f,0.0030489416408883783f,-0.00982182423257544f,-0.013665800737832818f,1.8943270293073897f,-0.4797001427229414f,0.7274885669109379f,0.0003154008499580008f,-0.4797097283731525f,-1.8943738680707243f,-1.1115960409335028f,0f,0f,0f,1f], start_interpolation: 0, interpolation_duration: 1 }
$data merge entity $(bone_tail_1) { transformation: [-1.512328540677642f,-0.013782999657545108f,-0.018129091876722892f,-0.004307326802673461f,-0.0111621667854923f,1.4981127080441186f,-0.2078219671482571f,0.7539073193681577f,0.019850468117588584f,-0.20766461643033587f,-1.498044597466429f,-0.7867140364526022f,0f,0f,0f,1f], start_interpolation: 0, interpolation_duration: 1 }
$data merge entity $(bone_tail_0) { transformation: [-1.278094740108252f,-0.00850285755262264f,-0.015403029088060394f,-0.000011392802694613188f,-0.008765300249682514f,1.277999361094441f,0.021829318307308155f,0.7783686863374648f,0.015255209050705995f,0.02193287577288193f,-1.277936596291529f,-0.41274198164390125f,0f,0f,0f,1f], start_interpolation: 0, interpolation_duration: 1 }
$data merge entity $(bone_body_1) { transformation: [-1.2363674711178214f,0.0002395743234101752f,-0.00011841502040586338f,1.8557991432579204e-17f,0.0002066419577335954f,1.2044252384367284f,0.27922105467170844f,0.6323271153846155f,0.00016946113064414276f,0.27922102835750656f,-1.2044252503423165f,-0.1515375f,0f,0f,0f,1f], start_interpolation: 0, interpolation_duration: 1 }