# This file was generated by Animated Java via MC-Build. It is not recommended to edit this file directly.
$data merge entity $(bone_head_lower) { transformation: [-0.967105886654526f,0.04922691977050088f,-0.24956545107059971f,0.5359051382366358f,0.06865421030706496f,0.99519978377299f,-0.0697423098650134f,0.44270805265392676f,0.24493428385033506f,-0.0845819173825168f,-0.9658432045868627f,0.6458962891976483f,0f,0f,0f,1f], start_interpolation: 0, interpolation_duration: 1 }
$data merge entity $(bone_head_upper) { transformation: [-1.0066601144579101f,0.21394001694348813f,-0.15600328744393377f,0.529642153034174f,0.07146213890270296f,0.8100504786333328f,0.6497563599941649f,0.5057121975797823f,0.2549519940038622f,0.6176729181368047f,-0.7980924692899474f,0.6048267234547237f,0f,0f,0f,1f], start_interpolation: 0, interpolation_duration: 1 }
$data merge entity $(bone_neck_0) { transformation: [-0.9351084131196058f,0.12180095779468637f,-0.3327713665465071f,0.5064496315111502f,0.0404398392321664f,0.9696173677596893f,0.24126081227926f,0.505560799031426f,0.3520466945105567f,0.21214779475419693f,-0.9116229692505129f,0.5423221613957786f,0f,0f,0f,1f], start_interpolation: 0, interpolation_duration: 1 }
$data merge entity $(bone_neck_1) { transformation: [-0.8760241403328105f,0.16056222091496936f,-0.454754305937847f,0.4686656632294268f,-0.03603477311095858f,0.9185224592530422f,0.39372323651847807f,0.5431458429364918f,0.4809191207271779f,0.3612980280358533f,-0.7988620245426625f,0.4763125177058507f,0f,0f,0f,1f], start_interpolation: 0, interpolation_duration: 1 }
$data merge entity $(bone_neck_2) { transformation: [-0.8438740586351452f,0.14652326312759525f,-0.5161467877698058f,0.4248818878429422f,-0.08269198850994236f,0.9149777200373865f,0.394940257344649f,0.5867037752720543f,0.5301307463248278f,0.37596104212754206f,-0.7600096621776946f,0.41341086480469824f,0f,0f,0f,1f], start_interpolation: 0, interpolation_duration: 1 }
$data merge entity $(bone_body_0) { transformation: [-0.7314407614352663f,-0.11319240454469666f,-0.6724447130169049f,0.10688291712195479f,-0.07693081954678196f,0.9935287379780768f,-0.08356013293162223f,0.5567868011120428f,0.6775515194543204f,-0.009387564384846754f,-0.7354154010625982f,0.06672291580642861f,0f,0f,0f,1f], start_interpolation: 0, interpolation_duration: 1 }
$data merge entity $(bone_leg_left_3) { transformation: [-0.5487272821878422f,0.05036693135020456f,-0.8344827991091894f,0.3215003241542229f,0.0014019815988243617f,0.998237511385863f,0.05932878988952356f,-0.010340124103995124f,0.8360002417645229f,0.031385396102685204f,-0.5478307701116623f,-0.3324772297434113f,0f,0f,0f,1f], start_interpolation: 0, interpolation_duration: 1 }
$data merge entity $(bone_leg_left_2) { transformation: [-0.5245394664281191f,-0.42330755373353096f,-0.7731308185631537f,0.19812098360660252f,-0.29621279552332214f,0.9320069484432278f,-0.3093270555940667f,0.19689021273193377f,0.8301677706513648f,0.0650842723426339f,-0.5988720310434169f,-0.33452610429236607f,0f,0f,0f,1f], start_interpolation: 0, interpolation_duration: 1 }
$data merge entity $(bone_leg_left_1) { transformation: [-0.7403425394684666f,0.5641550245826921f,-0.36554347551486105f,0.3855157134820785f,0.0051323308181389525f,0.5485053160200185f,0.8361313159295927f,0.3014544832230263f,0.6722102226489531f,0.617147491719671f,-0.4089772487930881f,-0.15856328375538833f,0f,0f,0f,1f], start_interpolation: 0, interpolation_duration: 1 }
$data merge entity $(bone_leg_left_0) { transformation: [-0.7179634829632666f,-0.4127035478438828f,-0.560539221400543f,0.18562463101667248f,-0.0439058045872052f,0.8305254110557745f,-0.5552475321099473f,0.6676411962207028f,0.6946946936999053f,-0.3740365265421396f,-0.6144069981351824f,-0.17462955087686266f,0f,0f,0f,1f], start_interpolation: 0, interpolation_duration: 1 }
$data merge entity $(bone_leg_right_3) { transformation: [-0.887374366905741f,-0.0674627068858841f,-0.4560871804142984f,-0.21620030810831045f,-0.029654499991984863f,0.9955398615402655f,-0.08956000622272711f,0.0789442841568139f,0.4600949288884422f,-0.0659482165340265f,-0.8854171272045288f,0.04899564969658705f,0f,0f,0f,1f], start_interpolation: 0, interpolation_duration: 1 }
$data merge entity $(bone_leg_right_2) { transformation: [-0.8934297422123106f,0.18501770307551937f,-0.4686298590356759f,-0.18616966435291094f,0.11591218096741299f,1.0039277291951865f,0.17537297499064475f,0.3181983670007881f,0.49031608329170273f,0.09979861523263006f,-0.8953728689008998f,0.04382686413896392f,0f,0f,0f,1f], start_interpolation: 0, interpolation_duration: 1 }
$data merge entity $(bone_leg_right_1) { transformation: [-0.7737155591680688f,0.5361724770140747f,-0.3374660107237975f,-0.038019454959900126f,-0.25858414483594955f,0.2190129771760937f,0.9408334368356204f,0.32264920652012435f,0.5783584299901776f,0.8152008284595005f,-0.0308080466476075f,0.2784437670768082f,0f,0f,0f,1f], start_interpolation: 0, interpolation_duration: 1 }
$data merge entity $(bone_leg_right_0) { transformation: [-0.8083305627692136f,-0.5714821382006638f,-0.14145623708696514f,-0.15689735239401942f,-0.22761607433267295f,0.5249536757893762f,-0.8201308194310257f,0.6219930564518815f,0.5429480859148409f,-0.6307390934394504f,-0.554414621027071f,0.012796287182626404f,0f,0f,0f,1f], start_interpolation: 0, interpolation_duration: 1 }
$data merge entity $(bone_tail_4) { transformation: [0.37648203492858845f,0.19004654962308612f,2.7290666752485895f,0.5250988999945251f,0.4335071925323975f,2.7158363997545485f,-0.2489286953947478f,0.11573731444581464f,-2.7011097946952667f,0.46235948172889424f,0.34042755214095144f,-1.2441807475215971f,0f,0f,0f,1f], start_interpolation: 0, interpolation_duration: 1 }
$data merge entity $(bone_tail_3) { transformation: [-0.34638571467068463f,0.16971025632444212f,2.0462553339245853f,0.1764688648498926f,0.08292446573768042f,2.0746317037119137f,-0.15802643127011123f,0.12223085752105041f,-2.051605711558301f,0.055201892142742806f,-0.35186969384938693f,-1.185056844333901f,0f,0f,0f,1f], start_interpolation: 0, interpolation_duration: 1 }
$data merge entity $(bone_tail_2) { transformation: [-1.2742933880533283f,0.3353235387609643f,1.4430898657114775f,-0.09266086795087242f,-0.14489084227380938f,1.8661256271711693f,-0.5615653679163028f,0.22696154405745356f,-1.4744344271589471f,-0.4731882743376156f,-1.1920192330833561f,-0.964665932113494f,0f,0f,0f,1f], start_interpolation: 0, interpolation_duration: 1 }
$data merge entity $(bone_tail_1) { transformation: [-1.486495763703984f,-0.022084652880161367f,0.27838617529840104f,-0.15087634856355212f,-0.15315024616273576f,1.3252720554064266f,-0.7126396222910419f,0.36425987348369804f,-0.23352001325454488f,-0.7285756633775168f,-1.3047230189368197f,-0.6747749119824364f,0f,0f,0f,1f], start_interpolation: 0, interpolation_duration: 1 }
$data merge entity $(bone_tail_0) { transformation: [-1.2778874270490697f,0.016331593981273252f,0.02393155682287696f,-0.1574755952333778f,-0.0020311428473488912f,1.0027011565111081f,-0.7927307120164121f,0.6201111773728116f,-0.028901813657094672f,-0.7925650675833151f,-1.0024175853395696f,-0.400971202105429f,0f,0f,0f,1f], start_interpolation: 0, interpolation_duration: 1 }
$data merge entity $(bone_body_1) { transformation: [-1.0772703352760216f,-0.15555004139724074f,-0.5864276634094394f,-0.010661978885669781f,-0.14356855680857827f,1.2264584361538784f,-0.06158221284701754f,0.5518175000000001f,0.5894754356938379f,0.01443897726814559f,-1.0866990483594159f,-0.14930146317593923f,0f,0f,0f,1f], start_interpolation: 0, interpolation_duration: 1 }