# This file was generated by Animated Java via MC-Build. It is not recommended to edit this file directly.
$data merge entity $(bone_head_lower) { transformation: [-0.9649397103389007f,0.030203680661337773f,-0.2607280059479342f,0.5609005505482998f,0.04615871869885685f,0.9974029301396607f,-0.05528804244047136f,0.4445132157871099f,0.25838097472367794f,-0.06538449834117777f,-0.9638278576994519f,0.6239162425347651f,0f,0f,0f,1f], start_interpolation: 0, interpolation_duration: 1 }
$data merge entity $(bone_head_upper) { transformation: [-1.0044053424335493f,0.20919338436076507f,-0.175727000242253f,0.5531719801138848f,0.04804659106084064f,0.7943241390796921f,0.6709788593884652f,0.5086199842566053f,0.2689486489311369f,0.6393428130498556f,-0.7761310032611252f,0.5848515791260568f,0f,0f,0f,1f], start_interpolation: 0, interpolation_duration: 1 }
$data merge entity $(bone_neck_0) { transformation: [-0.929273517899813f,0.11079661833478867f,-0.35238450348402195f,0.5288879720439023f,0.014313593885673458f,0.9640411889542194f,0.26536711746147357f,0.5101262984810289f,0.3691149549397607f,0.24155474610388156f,-0.897443844858556f,0.5227810206960635f,0f,0f,0f,1f], start_interpolation: 0, interpolation_duration: 1 }
$data merge entity $(bone_neck_1) { transformation: [-0.8619904631289871f,0.14950371300449072f,-0.48437700324493627f,0.48854362733873613f,-0.06889890645819777f,0.9121016268771628f,0.4041331005212241f,0.5485636145244406f,0.5022204517575312f,0.38173192432111847f,-0.7759222614350985f,0.4588088124316862f,0f,0f,0f,1f], start_interpolation: 0, interpolation_duration: 1 }
$data merge entity $(bone_neck_2) { transformation: [-0.8244236979954371f,0.12301118353693144f,-0.5524434947651854f,0.4413497902399114f,-0.11781827094077486f,0.9174108034206477f,0.3801003456978277f,0.5908452807074034f,0.5535742237641257f,0.3784516699552603f,-0.7418422421863158f,0.39752314658050425f,0f,0f,0f,1f], start_interpolation: 0, interpolation_duration: 1 }
$data merge entity $(bone_body_0) { transformation: [-0.7004304546074935f,-0.15956322154913394f,-0.695655630744984f,0.11196986103913328f,-0.10499978514466894f,0.9871207759848574f,-0.12069639074399251f,0.5433650836534507f,0.7059548309756886f,-0.01149573607539586f,-0.7081635578552258f,0.06365880612089009f,0f,0f,0f,1f], start_interpolation: 0, interpolation_duration: 1 }
$data merge entity $(bone_leg_left_3) { transformation: [-0.490543117666864f,0.036256664757515905f,-0.8706623363683159f,0.33838594693330115f,-0.0018780633865912062f,0.9990877646639086f,0.04266276335155078f,-0.009453214930935067f,0.871414896927743f,0.022563083998770495f,-0.49002753458645093f,-0.3625710454250467f,0f,0f,0f,1f], start_interpolation: 0, interpolation_duration: 1 }
$data merge entity $(bone_leg_left_2) { transformation: [-0.45128577893923233f,-0.46291711113884854f,-0.796310927617327f,0.2051709510484975f,-0.34018879852398537f,0.9078228206956558f,-0.3349500068423422f,0.19127974946249973f,0.8559643255339044f,0.11673762863678826f,-0.552955331807409f,-0.35112054573064827f,0f,0f,0f,1f], start_interpolation: 0, interpolation_duration: 1 }
$data merge entity $(bone_leg_left_1) { transformation: [-0.6917613676836533f,0.5780479836003407f,-0.43281259089358953f,0.3989401409552775f,-0.04661801817311546f,0.5623607694396878f,0.8255768440168446f,0.3011985238199085f,0.7206198516291737f,0.591279031972877f,-0.3620720035948168f,-0.18563716364531344f,0f,0f,0f,1f], start_interpolation: 0, interpolation_duration: 1 }
$data merge entity $(bone_leg_left_0) { transformation: [-0.6654244201682777f,-0.4791479656497733f,-0.5723876029906613f,0.1800343652929223f,-0.09484256290437343f,0.8148520587558051f,-0.5718575090030347f,0.6566608218433176f,0.7404155787835918f,-0.32624124410489475f,-0.5876660797931501f,-0.1797981029303685f,0f,0f,0f,1f], start_interpolation: 0, interpolation_duration: 1 }
$data merge entity $(bone_leg_right_3) { transformation: [-0.871767838613447f,-0.046692352099494905f,-0.48768910159512063f,-0.21695639550178852f,-0.05153253905247341f,0.998665192145586f,-0.0034973440816186974f,0.04120781507711721f,0.4872014295730713f,0.022082985582495718f,-0.8730103715132591f,0.029773614616298776f,0f,0f,0f,1f], start_interpolation: 0, interpolation_duration: 1 }
$data merge entity $(bone_leg_right_2) { transformation: [-0.8774341929233676f,0.1823749777606915f,-0.4989096151372514f,-0.18850236241862015f,0.10087496398074546f,1.0030315747274356f,0.18924613930640327f,0.28070507694481855f,0.5215320490933384f,0.11282387640602717f,-0.8759779073594923f,0.028191961939109222f,0f,0f,0f,1f], start_interpolation: 0, interpolation_duration: 1 }
$data merge entity $(bone_leg_right_1) { transformation: [-0.7533773240323478f,0.5615667327500808f,-0.3421482314761516f,-0.032799951218126344f,-0.2748734496240113f,0.20374186538342354f,0.9396455922218118f,0.28074581975055923f,0.5973836240856081f,0.8019551464754635f,0.0008652836891773208f,0.25790949097453514f,0f,0f,0f,1f], start_interpolation: 0, interpolation_duration: 1 }
$data merge entity $(bone_leg_right_0) { transformation: [-0.7887046157252513f,-0.5849673826004054f,-0.1890983617785058f,-0.15537624641961004f,-0.24091961758046745f,0.5770843697629169f,-0.7803405461977602f,0.5988655752593389f,0.5655994757764234f,-0.5699006856189666f,-0.5960792242080466f,0.01690710182835653f,0f,0f,0f,1f], start_interpolation: 0, interpolation_duration: 1 }
$data merge entity $(bone_tail_4) { transformation: [0.4118658671517587f,0.14467790521964424f,2.7267372705885293f,0.514215119647375f,0.5894773323045723f,2.6878457154407505f,-0.23165322420783047f,0.1302578798974537f,-2.6661853487284812f,0.6166158004203708f,0.37000266552760375f,-1.250297701630885f,0f,0f,0f,1f], start_interpolation: 0, interpolation_duration: 1 }
$data merge entity $(bone_tail_3) { transformation: [-0.34705660982633396f,0.1263510271148768f,2.0492761291654453f,0.16549717335832648f,0.18455048365861046f,2.0718534302940146f,-0.09648838481775857f,0.1263440319657015f,-2.04485656088677f,0.16554246394923144f,-0.3565148861862465f,-1.1914659146014137f,0f,0f,0f,1f], start_interpolation: 0, interpolation_duration: 1 }
$data merge entity $(bone_tail_2) { transformation: [-1.3033115052217878f,0.25980624257353363f,1.432708522930996f,-0.10174211735417604f,-0.12836979117518763f,1.8948203803414347f,-0.46038114422634085f,0.21228383672611517f,-1.4504048373033422f,-0.40116121144165745f,-1.2466632926995584f,-0.9608818834406216f,0f,0f,0f,1f], start_interpolation: 0, interpolation_duration: 1 }
$data merge entity $(bone_tail_1) { transformation: [-1.4804893426602024f,-0.12689212888523033f,0.2823224112544666f,-0.15952920727183265f,-0.23766727728487114f,1.3498331265673158f,-0.6396257075270672f,0.33365089778795043f,-0.19829730602698126f,-0.6704514658410997f,-1.3412044066338147f,-0.6638846347548981f,0f,0f,0f,1f], start_interpolation: 0, interpolation_duration: 1 }
$data merge entity $(bone_tail_0) { transformation: [-1.2767149753070315f,-0.058166817913432985f,0.02124169731021514f,-0.16714019386019963f,-0.05827797853469952f,0.9804063404553199f,-0.8180726137678392f,0.5963696807432721f,0.020934794689758833f,-0.8180805250541421f,-0.9819071776305868f,-0.39669027615725194f,0f,0f,0f,1f], start_interpolation: 0, interpolation_duration: 1 }
$data merge entity $(bone_body_1) { transformation: [-1.0549042678567424f,-0.19959500832124713f,-0.6131422456225972f,-0.011149070272430088f,-0.18177258009810862f,1.2200155727435085f,-0.08441164874622344f,0.5338175000000001f,0.6186600923272463f,0.018122637027220792f,-1.0702970873757776f,-0.1490818840274264f,0f,0f,0f,1f], start_interpolation: 0, interpolation_duration: 1 }