# This file was generated by Animated Java via MC-Build. It is not recommended to edit this file directly.
$data merge entity $(bone_head_lower) { transformation: [-0.9305163285276732f,0.05749752183324294f,-0.3617089953628677f,0.732880532374595f,-0.033956221706568826f,0.9698028518269821f,0.24151481030294386f,0.5721631245704285f,0.3646729183128269f,0.23701574540795445f,-0.9004649904787629f,0.4443329114880343f,0f,0f,0f,1f], start_interpolation: 0, interpolation_duration: 1 }
$data merge entity $(bone_head_upper) { transformation: [-0.9685740586493182f,0.29871985772370746f,-0.23686004748927605f,0.7229590270692966f,-0.03534501702594178f,0.5735665221833981f,0.867896374566333f,0.6448619266782759f,0.3795878887247722f,0.8156346202899168f,-0.5235696166714612f,0.4266720962079334f,0f,0f,0f,1f], start_interpolation: 0, interpolation_duration: 1 }
$data merge entity $(bone_neck_0) { transformation: [-0.8554374266703502f,0.1364786584418363f,-0.4996002250214925f,0.6887150484634822f,-0.08615758103370032f,0.9137108293467668f,0.397126417611401f,0.6557374651533306f,0.5106894166536359f,0.38276114761605595f,-0.7698637695031566f,0.3705133137565748f,0f,0f,0f,1f], start_interpolation: 0, interpolation_duration: 1 }
$data merge entity $(bone_neck_1) { transformation: [-0.7285053887695571f,0.1379736181873367f,-0.6710016238564639f,0.6325080312388134f,-0.19562979703734928f,0.8968153771381846f,0.39680116159056456f,0.6934832478958508f,0.6565126663247574f,0.420339695975518f,-0.6263430840540729f,0.3193902862211139f,0f,0f,0f,1f], start_interpolation: 0, interpolation_duration: 1 }
$data merge entity $(bone_neck_2) { transformation: [-0.6521844694949128f,0.00794870385716856f,-0.7580186250064243f,0.5661777373272646f,-0.24768667717765613f,0.9428287882543693f,0.22299144823846767f,0.7222498543024054f,0.716454274673779f,0.3331826738379244f,-0.6129295050459562f,0.2689551312238447f,0f,0f,0f,1f], start_interpolation: 0, interpolation_duration: 1 }
$data merge entity $(bone_body_0) { transformation: [-0.46204097683305223f,-0.4141269674082194f,-0.7842301897991624f,0.1926279127148586f,-0.16578173240019042f,0.9090228076211769f,-0.38235317760796034f,0.5507078140412909f,0.8712258908742041f,-0.04665179621176827f,-0.4886604720873843f,0.038206866532168454f,0f,0f,0f,1f], start_interpolation: 0, interpolation_duration: 1 }
$data merge entity $(bone_leg_left_3) { transformation: [-0.2969390454351589f,0.06387017545653854f,-0.95275799864562f,0.23499598366235896f,0.009878882889179924f,0.9979126353548656f,0.06381833492006111f,0.04147272151558595f,0.9548453335325668f,0.009537970762074598f,-0.2969501913534041f,-0.4710933443957957f,0f,0f,0f,1f], start_interpolation: 0, interpolation_duration: 1 }
$data merge entity $(bone_leg_left_2) { transformation: [-0.36854281068766603f,-0.1953931626848788f,-0.9370485089722569f,0.15991937573308904f,-0.38970654604274213f,0.9477467670024934f,-0.044351697920733756f,0.26041586844199616f,0.8742809640856685f,0.3400878961577674f,-0.41477128423398885f,-0.40328129958212955f,0f,0f,0f,1f], start_interpolation: 0, interpolation_duration: 1 }
$data merge entity $(bone_leg_left_1) { transformation: [-0.5321438451367533f,0.8152900785365294f,-0.22830903600815086f,0.4041148446332988f,-0.022575554987893418f,0.25590082638576267f,0.9664393987064438f,0.2791294107978445f,0.8463529242579954f,0.5194389809159337f,-0.11777042372750718f,-0.27277550675718165f,0f,0f,0f,1f], start_interpolation: 0, interpolation_duration: 1 }
$data merge entity $(bone_leg_left_0) { transformation: [-0.5046125821705183f,-0.49689939867417665f,-0.706014964085354f,0.20781587877869262f,-0.07215283480466309f,0.8391774521232822f,-0.5390502502341757f,0.6441101952393309f,0.8603255839185843f,-0.22107055761706074f,-0.4593122012422801f,-0.22214921361475953f,0f,0f,0f,1f], start_interpolation: 0, interpolation_duration: 1 }
$data merge entity $(bone_leg_right_3) { transformation: [-0.9069360987861877f,0.11568399222551455f,-0.4050729893010117f,-0.2774930618255522f,0.075105746153797f,0.9905531699872037f,0.1147324902675067f,0.04366162515143948f,0.4145190461404299f,0.07363172801903514f,-0.9070569601826333f,0.021956697264196457f,0f,0f,0f,1f], start_interpolation: 0, interpolation_duration: 1 }
$data merge entity $(bone_leg_right_2) { transformation: [-0.7987725934806034f,0.41756814828093297f,-0.48955222902791273f,-0.19404869093260363f,0.26998702717202105f,0.9258649659780291f,0.34920376491958344f,0.2698525128807307f,0.5840646784079478f,0.14308426124640686f,-0.8309377504485429f,0.02872362718335844f,0f,0f,0f,1f], start_interpolation: 0, interpolation_duration: 1 }
$data merge entity $(bone_leg_right_1) { transformation: [-0.7550188323684458f,0.6430493890102521f,-0.1281953433730348f,-0.02758993888534443f,-0.1261037542887393f,0.049456725698951376f,0.990783465464288f,0.22822948507872065f,0.6434628240413537f,0.7642260893064827f,0.04375018285728377f,0.24683459225212295f,0f,0f,0f,1f], start_interpolation: 0, interpolation_duration: 1 }
$data merge entity $(bone_leg_right_0) { transformation: [-0.7827474702302776f,-0.4584202999206081f,-0.42090049473575164f,-0.08230226507614585f,-0.08209583365084569f,0.7464687076708678f,-0.6603368402303154f,0.5846186502109498f,0.6169008607104333f,-0.48232281419074957f,-0.6219308892198894f,0.03635750821778655f,0f,0f,0f,1f], start_interpolation: 0, interpolation_duration: 1 }
$data merge entity $(bone_tail_4) { transformation: [0.10219932144804722f,0.68434209022632f,2.673367265049871f,0.40313135705727415f,0.6727105244769321f,2.588316554451341f,-0.688287218979916f,0.10468779967373465f,-2.6763178399722127f,0.6767234657508241f,-0.07091898158224692f,-1.3625473243709663f,0f,0f,0f,1f], start_interpolation: 0, interpolation_duration: 1 }
$data merge entity $(bone_tail_3) { transformation: [-0.7611541647878743f,0.421161425652714f,1.8918807882667161f,0.07821689298245954f,0.3327056583341686f,2.030760299039468f,-0.31822174470327974f,0.1387738641657743f,-1.9094231611622778f,0.1859601770050382f,-0.8096094924281418f,-1.227087239190179f,0f,0f,0f,1f], start_interpolation: 0, interpolation_duration: 1 }
$data merge entity $(bone_tail_2) { transformation: [-1.6444057374587342f,-0.1841801092117615f,1.039606335583963f,-0.11630342794927628f,-0.31892652569987506f,1.9209679731477187f,-0.164139551444885f,0.16950831953062476f,-1.0064738033454121f,-0.30778825272298005f,-1.6465268748696245f,-0.92181896051193f,0f,0f,0f,1f], start_interpolation: 0, interpolation_duration: 1 }
$data merge entity $(bone_tail_1) { transformation: [-1.3042375639724892f,-0.7104147786500846f,0.2862367359348875f,-0.16796826128205028f,-0.7659038219429959f,1.21227458097419f,-0.48107995786247815f,0.2589442776291968f,-0.0034586494790221993f,-0.5597833800671504f,-1.4050931837940066f,-0.6126125061897162f,0f,0f,0f,1f], start_interpolation: 0, interpolation_duration: 1 }
$data merge entity $(bone_tail_0) { transformation: [-1.1414420388486257f,-0.572786998505425f,-0.053486847694233085f,-0.16616053184021654f,-0.3735307519793229f,0.8283156883748124f,-0.899001454004358f,0.5416421303024572f,0.43751636067566846f,-0.7871746256831038f,-0.9070673951839586f,-0.3665422570555026f,0f,0f,0f,1f], start_interpolation: 0, interpolation_duration: 1 }
$data merge entity $(bone_body_1) { transformation: [-0.9124543393917618f,-0.28881053607121343f,-0.7827005479975416f,0.0352598208276928f,-0.1871076303501635f,1.201215705527392f,-0.22511365688319906f,0.5130675f,0.8130328457363456f,-0.047685407671933064f,-0.9302194841569765f,-0.14706730668247217f,0f,0f,0f,1f], start_interpolation: 0, interpolation_duration: 1 }