# This file was generated by Animated Java via MC-Build. It is not recommended to edit this file directly.
$data merge entity $(bone_head_lower) { transformation: [-0.9165529791066135f,0.13010039916255306f,-0.3781593878624941f,0.772975463254897f,-0.06905311796148829f,0.8799143628660903f,0.47008763110909313f,0.6631559980398982f,0.3939064652815293f,0.4569733035525233f,-0.7975042924334044f,0.38479187787483743f,0f,0f,0f,1f], start_interpolation: 0, interpolation_duration: 1 }
$data merge entity $(bone_head_upper) { transformation: [-0.9540396140549995f,0.3364060398790272f,-0.2451761279778384f,0.763331414435522f,-0.07187736171398068f,0.47073557899200813f,0.9255882465370892f,0.7375115434783958f,0.41001707558385f,0.8652808408762305f,-0.408224211341878f,0.3762069098079247f,0f,0f,0f,1f], start_interpolation: 0, interpolation_duration: 1 }
$data merge entity $(bone_neck_0) { transformation: [-0.8270266930619956f,0.14236107769659753f,-0.5438383698489866f,0.7261222515263022f,-0.12765039570140443f,0.8945773966552385f,0.4282950593583945f,0.7507264836235237f,0.5474780593231244f,0.4236326297047942f,-0.721666938143342f,0.32248931672285885f,0f,0f,0f,1f], start_interpolation: 0, interpolation_duration: 1 }
$data merge entity $(bone_neck_1) { transformation: [-0.6778403096618696f,0.11825358725710852f,-0.7256366885007444f,0.6651960795235476f,-0.24026900870995155f,0.8971569528179563f,0.37064835823720627f,0.7862583542629301f,0.6948404982807479f,0.42558840575281737f,-0.5797164745267616f,0.27534035513846655f,0f,0f,0f,1f], start_interpolation: 0, interpolation_duration: 1 }
$data merge entity $(bone_neck_2) { transformation: [-0.5882109904420558f,-0.05013629081250637f,-0.8071518959072943f,0.5939926541806131f,-0.2885868441915673f,0.9453780136666009f,0.15158510690481447f,0.8087941881311482f,0.7554637410774444f,0.3220974442918724f,-0.5705504117060266f,0.2285093952354509f,0f,0f,0f,1f], start_interpolation: 0, interpolation_duration: 1 }
$data merge entity $(bone_body_0) { transformation: [-0.38637354975039195f,-0.504135877678467f,-0.772374583275915f,0.22517288508262717f,-0.17658295462038365f,0.8623468473935038f,-0.47452752810350274f,0.5933660752691801f,0.9052811387579094f,-0.04695669949908057f,-0.42220981535409163f,0.029076171287271996f,0f,0f,0f,1f], start_interpolation: 0, interpolation_duration: 1 }
$data merge entity $(bone_leg_left_3) { transformation: [-0.24426742208360813f,0.07849833462901451f,-0.9665254461053263f,0.22063415001761197f,0.0014990092958007423f,0.9967474991738946f,0.08057403962640688f,0.04016231143645821f,0.969706749218422f,0.018232782318065056f,-0.24359061182480427f,-0.4819745314440352f,0f,0f,0f,1f], start_interpolation: 0, interpolation_duration: 1 }
$data merge entity $(bone_leg_left_2) { transformation: [-0.2933697703172803f,-0.21109413799590201f,-0.9599143931978767f,0.14130763112069267f,-0.35940902817039455f,0.9554237448764699f,-0.10026374068689428f,0.2592140211112251f,0.9147794968375128f,0.30767991830908203f,-0.3472372957153621f,-0.4195668079294416f,0f,0f,0f,1f], start_interpolation: 0, interpolation_duration: 1 }
$data merge entity $(bone_leg_left_1) { transformation: [-0.48492214591794597f,0.8196573299400243f,-0.3049793007302708f,0.3898153994244896f,-0.007247295303066586f,0.3449460203234642f,0.9385945449307673f,0.30328987475191094f,0.8745272946621648f,0.45735555592842053f,-0.16133166568371127f,-0.304177926843451f,0f,0f,0f,1f], start_interpolation: 0, interpolation_duration: 1 }
$data merge entity $(bone_leg_left_0) { transformation: [-0.46036333677862007f,-0.4456051109298614f,-0.7677901296990219f,0.22383023124211232f,-0.059032201019700734f,0.8783431358529951f,-0.47437172654227266f,0.6799087533348525f,0.8857656560246762f,-0.1730590096271009f,-0.43066202734169906f,-0.23407498251977424f,0f,0f,0f,1f], start_interpolation: 0, interpolation_duration: 1 }
$data merge entity $(bone_leg_right_3) { transformation: [-0.9511303369370845f,0.1099943231420903f,-0.2885348003871664f,-0.28614149458042204f,0.07193423008744845f,0.9876236311118783f,0.1393737055944f,0.04777064045447582f,0.30029410367117504f,0.11180703084288526f,-0.9472711539756841f,0.007898984990239579f,0f,0f,0f,1f], start_interpolation: 0, interpolation_duration: 1 }
$data merge entity $(bone_leg_right_2) { transformation: [-0.8075449301071373f,0.4269626677923098f,-0.4665150219131505f,-0.19978171273049064f,0.3101170224513363f,0.926782547510169f,0.31139001512118697f,0.2729445440618088f,0.551145006096282f,0.10411142801311292f,-0.8587561890972866f,0.004772760576767149f,0f,0f,0f,1f], start_interpolation: 0, interpolation_duration: 1 }
$data merge entity $(bone_leg_right_1) { transformation: [-0.7651546987952424f,0.6310353835814887f,-0.1277991845816145f,-0.03680966341206444f,-0.0808548158567622f,0.10274500245739548f,0.9914161402876185f,0.24666588198577982f,0.6387493919091675f,0.7689198977385054f,-0.027593571669422334f,0.2278488209692082f,0f,0f,0f,1f], start_interpolation: 0, interpolation_duration: 1 }
$data merge entity $(bone_leg_right_0) { transformation: [-0.7876567901352717f,-0.3698108992530246f,-0.49278461801021145f,-0.050308407944661265f,-0.032344655313638664f,0.8235434540045077f,-0.5663302946505395f,0.619879527751103f,0.6152646619353681f,-0.43013495342740327f,-0.6606309995856712f,0.04120306807069571f,0f,0f,0f,1f], start_interpolation: 0, interpolation_duration: 1 }
$data merge entity $(bone_tail_4) { transformation: [-0.10733487162573517f,0.7274439414246497f,2.661759919492676f,0.3155305910137439f,0.6075563959779929f,2.6046327044424378f,-0.6873318210697824f,0.11577341931040744f,-2.6916566985110344f,0.5589052859236905f,-0.26128610817882786f,-1.3873472953371884f,0f,0f,0f,1f], start_interpolation: 0, interpolation_duration: 1 }
$data merge entity $(bone_tail_3) { transformation: [-0.9343892564297306f,0.40035057538842356f,1.8173006521484822f,0.0034658124884061337f,0.2735658983947723f,2.040990836749513f,-0.30897189125295466f,0.14819093663441707f,-1.8406585622403198f,0.10010667877382086f,-0.9684524955622339f,-1.2241131628487745f,0f,0f,0f,1f], start_interpolation: 0, interpolation_duration: 1 }
$data merge entity $(bone_tail_2) { transformation: [-1.7426641034176298f,-0.23785320284908826f,0.8516581189402452f,-0.15620077379839717f,-0.34317437905042525f,1.9165421560983043f,-0.1669472505439798f,0.17942835403956398f,-0.8149399016036466f,-0.29843909394593365f,-1.7508800469997212f,-0.89930200394792f,0f,0f,0f,1f], start_interpolation: 0, interpolation_duration: 1 }
$data merge entity $(bone_tail_1) { transformation: [-1.2703611968654887f,-0.805910745681216f,0.15603380881728948f,-0.17871241487788914f,-0.8095418222162403f,1.1823663732754996f,-0.4840537650201178f,0.2699115297210969f,0.13594380302644782f,-0.4900753812862755f,-1.4244302907042588f,-0.5869197094219321f,0f,0f,0f,1f], start_interpolation: 0, interpolation_duration: 1 }
$data merge entity $(bone_tail_0) { transformation: [-1.0731289991555477f,-0.68021966416408f,-0.13975362692948837f,-0.15428806911386062f,-0.3728178540050944f,0.7813688768985145f,-0.9403750541849872f,0.5635667997897443f,0.5858640759514759f,-0.7487319969674648f,-0.8544000221270266f,-0.35531240168815137f,0f,0f,0f,1f], start_interpolation: 0, interpolation_duration: 1 }
$data merge entity $(bone_body_1) { transformation: [-0.8621969918781843f,-0.3245526547371937f,-0.8245523128070775f,0.05926971795832116f,-0.18879869644287228f,1.1913219555020436f,-0.2714988869526154f,0.5464424999999999f,0.8657805694712333f,-0.06342056210785914f,-0.8803444967081017f,-0.1463728129440005f,0f,0f,0f,1f], start_interpolation: 0, interpolation_duration: 1 }