# This file was generated by Animated Java via MC-Build. It is not recommended to edit this file directly.
$data merge entity $(bone_head_lower) { transformation: [-0.8870870888495029f,0.12977207754233014f,-0.44298499374906747f,0.8138817667572393f,-0.09360609855483186f,0.8891569966732475f,0.4479260358366697f,0.8873365760211005f,0.4520114988690634f,0.4388155001334361f,-0.776612233828946f,0.2484841549781424f,0f,0f,0f,1f], start_interpolation: 0, interpolation_duration: 1 }
$data merge entity $(bone_head_upper) { transformation: [-0.9233685811638274f,0.41360428659268605f,-0.24452791254816406f,0.8060253915915739f,-0.09743454898318343f,0.357547964813982f,0.9726962033982297f,0.9623900882595198f,0.4704985808346836f,0.8857555472888904f,-0.2784602996174041f,0.24932329842870765f,0f,0f,0f,1f], start_interpolation: 0, interpolation_duration: 1 }
$data merge entity $(bone_neck_0) { transformation: [-0.7856545863776565f,0.17202846169475305f,-0.5942668418065156f,0.7650605035015879f,-0.12263525315690153f,0.8981968638840391f,0.4221409579654879f,0.975146721412083f,0.6063888732380373f,0.40453504431113735f,-0.6845757316303946f,0.19829504636494658f,0f,0f,0f,1f], start_interpolation: 0, interpolation_duration: 1 }
$data merge entity $(bone_neck_1) { transformation: [-0.5891903220561127f,0.08199501284415939f,-0.8038231038382141f,0.6973438772030498f,-0.24087923154249788f,0.9317759144185614f,0.27160788118342516f,1.0024480489674967f,0.7712534993158283f,0.353653026536095f,-0.5292424554161826f,0.15509049937059208f,0f,0f,0f,1f], start_interpolation: 0, interpolation_duration: 1 }
$data merge entity $(bone_neck_2) { transformation: [-0.4698065279840625f,-0.18184213934589427f,-0.8638375209619391f,0.6198848833898433f,-0.2825866657117026f,0.9580408281237223f,-0.047984872720003346f,1.007624032713528f,0.8363172858583655f,0.22156535831695537f,-0.5014799989714209f,0.11332635369697523f,0f,0f,0f,1f], start_interpolation: 0, interpolation_duration: 1 }
$data merge entity $(bone_body_0) { transformation: [-0.25130245809707574f,-0.6790795770192922f,-0.6897086360410942f,0.28835870781048073f,-0.07617714581069757f,0.7242421639121104f,-0.685324981645963f,0.6915322507464345f,0.9649062736921672f,-0.11968381714836397f,-0.2337341800043239f,0.0020281732010028197f,0f,0f,0f,1f], start_interpolation: 0, interpolation_duration: 1 }
$data merge entity $(bone_leg_left_3) { transformation: [-0.08971257699800757f,0.09866162854945415f,-0.9910688858905551f,0.19484962428853198f,0.0051156801447521175f,0.995113876168111f,0.09860123363494824f,0.05252316533140375f,0.9959545588755712f,0.003775779342941904f,-0.08977895157173686f,-0.4795685975475104f,0f,0f,0f,1f], start_interpolation: 0, interpolation_duration: 1 }
$data merge entity $(bone_leg_left_2) { transformation: [-0.0982588908148017f,-0.25799258518962576f,-0.9878497941811362f,0.1040305072091397f,-0.2792175376305632f,0.9613713979753965f,-0.22330427970607977f,0.2692831678744384f,0.9820615849100628f,0.24752183871872765f,-0.16232739233391977f,-0.4253647108189844f,0f,0f,0f,1f], start_interpolation: 0, interpolation_duration: 1 }
$data merge entity $(bone_leg_left_1) { transformation: [-0.34913284810892925f,0.8074152085436977f,-0.4755911430879307f,0.3555567572859121f,0.03273909859697145f,0.5177285145685092f,0.8549183216107504f,0.3639401448215986f,0.9365011509840259f,0.2829096431990648f,-0.20719007695971528f,-0.35616942270406005f,0f,0f,0f,1f], start_interpolation: 0, interpolation_duration: 1 }
$data merge entity $(bone_leg_left_0) { transformation: [-0.32875462884409123f,-0.37163732377481007f,-0.8682200720964017f,0.24209225606250695f,-0.021455035719048623f,0.9220218447143272f,-0.3865428815951517f,0.7549281955336222f,0.9441716345325559f,-0.10845006891231633f,-0.31109244140132314f,-0.2636414284159041f,0f,0f,0f,1f], start_interpolation: 0, interpolation_duration: 1 }
$data merge entity $(bone_leg_right_3) { transformation: [-0.9961874933657311f,0.025033307468204556f,-0.08356920233497278f,-0.28414546989901224f,0.009788926478083729f,0.9839707177859617f,0.17806123513607963f,0.07355157089228703f,0.08668710965367321f,0.17656432271832795f,-0.9804643721027861f,-0.015671848879049356f,0f,0f,0f,1f], start_interpolation: 0, interpolation_duration: 1 }
$data merge entity $(bone_leg_right_2) { transformation: [-0.8180591286755644f,0.42945208422232073f,-0.44543503325218514f,-0.19653763112468056f,0.3526781625883585f,0.9303494109757316f,0.24925947651213434f,0.29757076483204964f,0.5083891965065447f,0.04564077513483422f,-0.8896738413717783f,-0.03331666108789355f,0f,0f,0f,1f], start_interpolation: 0, interpolation_duration: 1 }
$data merge entity $(bone_leg_right_1) { transformation: [-0.7675917012172746f,0.623228783466454f,-0.14962908701617478f,-0.034577149364622035f,-0.024600203723368855f,0.20463361390840257f,0.9785294650829661f,0.3007758611557433f,0.6404668689316718f,0.7547920028178032f,-0.1417435087866476f,0.19200958098206872f,0f,0f,0f,1f], start_interpolation: 0, interpolation_duration: 1 }
$data merge entity $(bone_leg_right_0) { transformation: [-0.783908470024521f,-0.2240253585672524f,-0.5790510766267761f,0.01575103803926471f,0.026885621702661136f,0.9195120024418766f,-0.39214135297235836f,0.6906027720029189f,0.6202940221938917f,-0.32297107623461335f,-0.714790185961153f,0.05126395335392339f,0f,0f,0f,1f], start_interpolation: 0, interpolation_duration: 1 }
$data merge entity $(bone_tail_4) { transformation: [-0.6765612997978167f,0.5421641752111407f,2.621828397575537f,-0.0350550884805248f,0.5794416560179707f,2.669804077418488f,-0.4025604141874462f,0.1255346154191204f,-2.613842670568955f,0.4515147028804713f,-0.7678686724927118f,-1.3195344472735246f,0f,0f,0f,1f], start_interpolation: 0, interpolation_duration: 1 }
$data merge entity $(bone_tail_3) { transformation: [-1.2529361196375488f,0.08993222785839634f,1.6607253838442015f,-0.31753280037506393f,0.11819833912826122f,2.078804282235695f,-0.023397325280908043f,0.1091592052631393f,-1.6589532117511236f,0.0801902524962078f,-1.2559415952462414f,-1.107357889520754f,0f,0f,0f,1f], start_interpolation: 0, interpolation_duration: 1 }
$data merge entity $(bone_tail_2) { transformation: [-1.9257747942149541f,-0.021181783932086723f,0.331235035886274f,-0.3805377148906094f,-0.08057949334970327f,1.9216775072902912f,-0.3455956860680618f,0.17380237308645638f,-0.32198177311865356f,-0.35423264249191333f,-1.8946294750624308f,-0.755472786724691f,0f,0f,0f,1f], start_interpolation: 0, interpolation_duration: 1 }
$data merge entity $(bone_tail_1) { transformation: [-1.2472982081558361f,-0.7299812232267126f,-0.4461287299285638f,-0.2744208896781475f,-0.5663970247698149f,1.2957288748650102f,-0.5365979343726147f,0.2739744345968245f,0.6411691198608545f,-0.2754457234692301f,-1.341897187998906f,-0.4639569989902717f,0f,0f,0f,1f], start_interpolation: 0, interpolation_duration: 1 }
$data merge entity $(bone_tail_0) { transformation: [-0.8307083190573157f,-0.80120247059955f,-0.5493942176053315f,-0.13320957301674002f,-0.06532775722302439f,0.7673004196880844f,-1.020204914057331f,0.5906183482054949f,0.969273794842926f,-0.6349491189344975f,-0.539614347084218f,-0.3215915982704415f,0f,0f,0f,1f], start_interpolation: 0, interpolation_duration: 1 }
$data merge entity $(bone_body_1) { transformation: [-0.7118687022617248f,-0.46286277302713563f,-0.8986687927941464f,0.10689542542972781f,-0.20231072436190353f,1.1421408294182442f,-0.42800618177804034f,0.6131925f,0.990413003047022f,-0.09938296724130026f,-0.7333551010758328f,-0.14440266182459127f,0f,0f,0f,1f], start_interpolation: 0, interpolation_duration: 1 }