# This file was generated by Animated Java via MC-Build. It is not recommended to edit this file directly.
$data merge entity $(bone_head_lower) { transformation: [-0.9235171254795527f,-0.34609792610910883f,-0.16532496632075322f,0.1247192775754625f,-0.3827610456223072f,0.8038367306953165f,0.45534656289378417f,0.45877421549131153f,-0.024700220648861987f,0.483800305837066f,-0.8748297909718548f,0.8029273637375205f,0f,0f,0f,1f], start_interpolation: 0, interpolation_duration: 1 }
$data merge entity $(bone_head_upper) { transformation: [-0.9612885911128641f,-0.2768720464959373f,-0.28764223794308014f,0.09837447940315029f,-0.39841581290449063f,0.616966186370049f,0.7376242319007414f,0.5233542197175227f,-0.02571044938164184f,0.7913068540892696f,-0.6757546729749228f,0.7741032218561125f,0f,0f,0f,1f], start_interpolation: 0, interpolation_duration: 1 }
$data merge entity $(bone_neck_0) { transformation: [-0.9224413145085045f,-0.38155570195755917f,-0.05930655605830311f,0.10103103459809072f,-0.3860536935151644f,0.9081028299896714f,0.16220911160612794f,0.5192274969922377f,-0.008035360049302063f,0.17252390115118532f,-0.9849725562270526f,0.7076152595746458f,0f,0f,0f,1f], start_interpolation: 0, interpolation_duration: 1 }
$data merge entity $(bone_neck_1) { transformation: [-0.9193499984795549f,-0.3754662556463805f,-0.1175613506494775f,0.08934231909887179f,-0.3932408583553286f,0.8864259552220604f,0.2441529300021239f,0.5439941082430875f,0.012538246113668378f,0.2706919222650437f,-0.9625843732394832f,0.6273187730907476f,0f,0f,0f,1f], start_interpolation: 0, interpolation_duration: 1 }
$data merge entity $(bone_neck_2) { transformation: [-0.9170657517693883f,-0.3579006715551309f,-0.17577689333934932f,0.07043887365320026f,-0.3982623888172854f,0.8436495785883477f,0.3600589648949914f,0.5837978306654921f,0.019428756655948266f,0.4002030707629435f,-0.9162205114309079f,0.5509692228252527f,0f,0f,0f,1f], start_interpolation: 0, interpolation_duration: 1 }
$data merge entity $(bone_body_0) { transformation: [-0.9142849524287262f,-0.3916071218563084f,-0.10357069022566301f,0.01789584839534999f,-0.40265291134885156f,0.9065160457137794f,0.12688298485512906f,0.652233004097002f,0.044200212043560144f,0.15771024372205972f,-0.9864957274516868f,0.087539873045508f,0f,0f,0f,1f], start_interpolation: 0, interpolation_duration: 1 }
$data merge entity $(bone_leg_left_3) { transformation: [-0.7998011658705227f,-0.39651230959066974f,-0.4506618282207015f,0.5133500160074913f,-0.4532105752520486f,0.8911738990124323f,0.02023008152940864f,0.27941453985200837f,0.3935965822410803f,0.2204247492049206f,-0.8924654953476284f,-0.019108501404862067f,0f,0f,0f,1f], start_interpolation: 0, interpolation_duration: 1 }
$data merge entity $(bone_leg_left_2) { transformation: [-0.8134638166252448f,-0.5378130433047412f,-0.31795589158478693f,0.3768983251647358f,-0.4795570910133903f,0.8720664944380256f,-0.24816773609404227f,0.4742785044434145f,0.4004545105264257f,-0.04815972623011774f,-0.9430689398284596f,-0.05885826160398655f,0f,0f,0f,1f], start_interpolation: 0, interpolation_duration: 1 }
$data merge entity $(bone_leg_left_1) { transformation: [-0.9675678469823201f,0.025324911398119793f,-0.2513386368003829f,0.4163780893666854f,-0.1974829253842491f,0.5445981536386003f,0.815115541033973f,0.5829311283674137f,0.15752128639544716f,0.8383146783374991f,-0.5219344253986498f,0.19342994896629373f,0f,0f,0f,1f], start_interpolation: 0, interpolation_duration: 1 }
$data merge entity $(bone_leg_left_0) { transformation: [-0.9520474815775365f,-0.29235481791402723f,0.09019009515643236f,0.1835481329381237f,-0.22630985800987533f,0.4745564824425694f,-0.8506350528512713f,0.8121901160474602f,0.2058869616790252f,-0.8302558674373769f,-0.5179630813063691f,-0.06645042066913581f,0f,0f,0f,1f], start_interpolation: 0, interpolation_duration: 1 }
$data merge entity $(bone_leg_right_3) { transformation: [-0.9436706317666813f,-0.008115556791839007f,0.3307867537841127f,-0.19212618966880138f,-0.03574433170757855f,0.9963492797271277f,-0.07752712775546039f,0.007610674375228221f,-0.32894996806786797f,-0.084983825079784f,-0.9405156394143359f,-0.07193488993694211f,0f,0f,0f,1f], start_interpolation: 0, interpolation_duration: 1 }
$data merge entity $(bone_leg_right_2) { transformation: [-0.9678916447821035f,0.07016228394217658f,0.3321524008248418f,-0.16400490013257674f,-0.01951330315673806f,0.9903983310387905f,-0.2660687437039252f,0.23027864392444297f,-0.33892063150773544f,-0.257391917682528f,-0.9332440226172375f,-0.16024819854705685f,0f,0f,0f,1f], start_interpolation: 0, interpolation_duration: 1 }
$data merge entity $(bone_leg_right_1) { transformation: [-0.9545092928041528f,-0.2234819297987304f,-0.19740272795468636f,-0.23325810535260158f,-0.2947655604612436f,0.6072786088958856f,0.737784491259776f,0.35025750141528983f,-0.04500304785773442f,0.7624096787363819f,-0.6455278518023846f,0.08021479856832014f,0f,0f,0f,1f], start_interpolation: 0, interpolation_duration: 1 }
$data merge entity $(bone_leg_right_0) { transformation: [-0.9662795590539026f,-0.17053154322843422f,0.19293212930645973f,-0.2035654529968768f,-0.24623964652202096f,0.8310703382285045f,-0.4986864038626569f,0.7457905848533646f,-0.07529840792012796f,-0.5293780177537482f,-0.8450379068916414f,-0.05008947943706282f,0f,0f,0f,1f], start_interpolation: 0, interpolation_duration: 1 }
$data merge entity $(bone_tail_4) { transformation: [-1.999661937543709f,-1.3655335896614562f,1.3275283359104768f,0.474871855979562f,1.1350669654890366f,0.6911249570715579f,2.4206673892066104f,1.404224313061711f,-1.529260099196487f,2.2985485944002004f,0.060821376064783675f,-1.355000549011976f,0f,0f,0f,1f], start_interpolation: 0, interpolation_duration: 1 }
$data merge entity $(bone_tail_3) { transformation: [-1.5467472537495157f,-0.7358520891836992f,1.1840777685214612f,0.28129691338272683f,0.7194913695110342f,1.0934992781037127f,1.6194249053383856f,1.118928944647693f,-1.1940898744491193f,1.6120566235945593f,-0.5580038889716112f,-1.2761589496185886f,0f,0f,0f,1f], start_interpolation: 0, interpolation_duration: 1 }
$data merge entity $(bone_tail_2) { transformation: [-1.6752265901032173f,-0.4101981155788847f,0.9187639810035313f,0.10916435026867101f,0.329909959893973f,1.4618222175598758f,1.2541965944834403f,0.8863683321566345f,-0.9505520318092441f,1.2302793118745985f,-1.1839077348338678f,-1.056483219956184f,0f,0f,0f,1f], start_interpolation: 0, interpolation_duration: 1 }
$data merge entity $(bone_tail_1) { transformation: [-1.4539796552926763f,-0.21886138857839885f,0.35454069524460297f,0.03693559395729462f,-0.07245948244588656f,1.4002374800002584f,0.5672220667482887f,0.7472612409898612f,-0.4103035893075584f,0.5282905849928248f,-1.3565457133503738f,-0.7706355315841089f,0f,0f,0f,1f], start_interpolation: 0, interpolation_duration: 1 }
$data merge entity $(bone_tail_0) { transformation: [-1.2536375360747083f,-0.007658450947536779f,0.24933911216984542f,-0.03611190186257281f,-0.05225499129116356f,1.2573302791258734f,-0.2241109137512974f,0.8430932781828713f,-0.24392224296632514f,-0.22999485626066785f,-1.233466668404112f,-0.4157380882252348f,0f,0f,0f,1f], start_interpolation: 0, interpolation_duration: 1 }
$data merge entity $(bone_body_1) { transformation: [-1.2175159630851402f,-0.19432141542698875f,-0.09218818902422206f,-0.001590512935434513f,-0.20883402729181205f,1.194845262034892f,0.2394530097829284f,0.7069425f,0.051457008601324045f,0.2513733922981352f,-1.2094495396528875f,-0.1514897937865174f,0f,0f,0f,1f], start_interpolation: 0, interpolation_duration: 1 }