# This file was generated by Animated Java via MC-Build. It is not recommended to edit this file directly.
$data merge entity $(bone_head_lower) { transformation: [-0.8087808487833537f,-0.13305950853118118f,-0.6826027275132267f,0.48599992795298497f,-0.6862782705434517f,0.3221793863550464f,0.750333496630367f,0.48600567417929597f,0.11257642647972468f,1.008103857732478f,-0.3298953440164455f,0.7077493938557589f,0f,0f,0f,1f], start_interpolation: 0, interpolation_duration: 1 }
$data merge entity $(bone_head_upper) { transformation: [-0.8418596485065726f,-0.3745937811144159f,-0.6194369463343546f,0.4346248351449168f,-0.7143467658593995f,0.5836864720256959f,0.6178746633401049f,0.541485097440067f,0.11718075541590108f,0.867029353967809f,-0.6835781367448474f,0.6801306092286024f,0f,0f,0f,1f], start_interpolation: 0, interpolation_duration: 1 }
$data merge entity $(bone_neck_0) { transformation: [-0.8589951524129391f,-0.3317284884122409f,-0.38997889443763634f,0.415070206786622f,-0.4895605982883203f,0.7551434155496934f,0.43599179184421f,0.5575779399253696f,0.14985909626930585f,0.5654331365667145f,-0.8110657305901131f,0.6184591151263099f,0f,0f,0f,1f], start_interpolation: 0, interpolation_duration: 1 }
$data merge entity $(bone_neck_1) { transformation: [-0.8987488456055786f,-0.18147988923348618f,-0.3991435359948117f,0.380421455364239f,-0.37853440416548484f,0.7805488242635159f,0.4974487288192867f,0.6033142671357079f,0.22127407752766998f,0.5981710313485971f,-0.7702137364846424f,0.5559676017608135f,0f,0f,0f,1f], start_interpolation: 0, interpolation_duration: 1 }
$data merge entity $(bone_neck_2) { transformation: [-0.8893247914855671f,-0.060322868520420264f,-0.45327978863238616f,0.3401201476970194f,-0.28396313999337397f,0.8498226776026256f,0.44403417859147626f,0.6505352865895639f,0.35842202830498016f,0.5236053553639148f,-0.7728978467171275f,0.4933823773369026f,0f,0f,0f,1f], start_interpolation: 0, interpolation_duration: 1 }
$data merge entity $(bone_body_0) { transformation: [-0.8406538067997266f,-0.2996168207799532f,-0.45114403223232524f,0.1246434323570904f,-0.27659791798894423f,0.95371597622176f,-0.11798062749263796f,0.6040167960981193f,0.4656122516400413f,0.025604636398291664f,-0.8846183548387417f,0.07670898018772349f,0f,0f,0f,1f], start_interpolation: 0, interpolation_duration: 1 }
$data merge entity $(bone_leg_left_3) { transformation: [-0.710645197240738f,-0.0013780359446467494f,-0.7035492197818203f,0.34838515293308414f,-0.03405844348832114f,0.9988930454921624f,0.03244543256831911f,0.03983351652320302f,0.7027257118291782f,0.04701898217026573f,-0.7099054790955246f,-0.41688919711852623f,0f,0f,0f,1f], start_interpolation: 0, interpolation_duration: 1 }
$data merge entity $(bone_leg_left_2) { transformation: [-0.7023174511116982f,-0.36130520281432454f,-0.6544241344754652f,0.2428512376976533f,-0.3355805278384707f,0.9547595009645571f,-0.1669796519168051f,0.256705538438112f,0.6679806185064916f,0.09977497300377394f,-0.771951454148818f,-0.41645226275760117f,0f,0f,0f,1f], start_interpolation: 0, interpolation_duration: 1 }
$data merge entity $(bone_leg_left_1) { transformation: [-0.8748947668922764f,0.4095128301107683f,-0.258569891594475f,0.3852407298677746f,-0.0215138184741512f,0.500501384492178f,0.8654683817078901f,0.3472033876180656f,0.48383499509561184f,0.7627565837776044f,-0.42907585742470655f,-0.1961144369693291f,0f,0f,0f,1f], start_interpolation: 0, interpolation_duration: 1 }
$data merge entity $(bone_leg_left_0) { transformation: [-0.8666039168823144f,-0.17431523540070648f,-0.46755946140723864f,0.2540962535465505f,-0.07863371604508429f,0.9729976248384563f,-0.2170077435476985f,0.7377564796964159f,0.49276200132028414f,-0.15129382262973892f,-0.856910607525026f,-0.12846321995939902f,0f,0f,0f,1f], start_interpolation: 0, interpolation_duration: 1 }
$data merge entity $(bone_leg_right_3) { transformation: [-0.9987950490248085f,0.04308103444990297f,0.023504776413660083f,-0.28250380803344666f,0.0456731592971011f,0.9912284816670353f,0.12401636848370057f,0.03384986979511487f,-0.017955850393437195f,0.12494047223694044f,-0.9920017468905276f,0.05479844058337249f,0f,0f,0f,1f], start_interpolation: 0, interpolation_duration: 1 }
$data merge entity $(bone_leg_right_2) { transformation: [-0.9966850748428139f,0.20642852163400746f,-0.12676090305084847f,-0.23675686346197783f,0.23502892905516934f,0.9540449949521741f,-0.2943157311707616f,0.24677607975872698f,0.05867251139544517f,-0.31503589091307976f,-0.974357287315001f,-0.04883899589072366f,0f,0f,0f,1f], start_interpolation: 0, interpolation_duration: 1 }
$data merge entity $(bone_leg_right_1) { transformation: [-0.9438970344781905f,0.23383768889266288f,-0.2331916026717421f,-0.17966116205769977f,-0.06346877287956057f,0.5645122981091969f,0.8229809111714778f,0.35522458851568206f,0.32408348179510815f,0.7916096263543106f,-0.5180000929447293f,0.20014370931048459f,0f,0f,0f,1f], start_interpolation: 0, interpolation_duration: 1 }
$data merge entity $(bone_leg_right_0) { transformation: [-0.9445778596576679f,-0.17687646859427086f,-0.2765635223635953f,-0.11676323187777074f,0.023894073920108692f,0.8031671506978513f,-0.5952743915803832f,0.7162548723727898f,0.32741676847107165f,-0.5688912399549801f,-0.7544276087382048f,0.00012305267325121716f,0f,0f,0f,1f], start_interpolation: 0, interpolation_duration: 1 }
$data merge entity $(bone_tail_4) { transformation: [-0.9443632024759108f,1.6358504889575043f,2.014406277588247f,-0.5841854790381871f,1.8119922704726734f,1.9501916661260992f,-0.734232802808205f,0.3357759930159344f,-1.8575584742227433f,1.070703962236901f,-1.7403249327908483f,-1.3648164626762014f,0f,0f,0f,1f], start_interpolation: 0, interpolation_duration: 1 }
$data merge entity $(bone_tail_3) { transformation: [-1.453693541792097f,1.3893028865693104f,0.5408864039394735f,-0.6894952445978159f,1.406631379378711f,1.5284552926342303f,-0.14545826552656388f,0.3454832045924445f,-0.49407365356142807f,0.2638322077249726f,-2.0055496296696003f,-1.0273311640986922f,0f,0f,0f,1f], start_interpolation: 0, interpolation_duration: 1 }
$data merge entity $(bone_tail_2) { transformation: [-1.5726234847177485f,0.9439269463095414f,-0.6742634280069822f,-0.5650894044398139f,1.1389189662923083f,1.472035481662978f,-0.5956080959386636f,0.45739789176752255f,0.2202108955902122f,-0.8722885622079223f,-1.7347604159385719f,-0.7048877214638223f,0f,0f,0f,1f], start_interpolation: 0, interpolation_duration: 1 }
$data merge entity $(bone_tail_1) { transformation: [-0.9375088154323022f,0.027812069145440828f,-1.1865748858780771f,-0.3091960318790582f,0.5699481309172371f,1.3368889723272965f,-0.4189788225359525f,0.5306708607878896f,1.04110162762848f,-0.7068313904174844f,-0.8391382701735246f,-0.5166688836997698f,0f,0f,0f,1f], start_interpolation: 0, interpolation_duration: 1 }
$data merge entity $(bone_tail_0) { transformation: [-0.8570174622843892f,-0.2877492230925604f,-0.9036355296983852f,-0.05207662899092144f,0.5299521015904539f,0.8647242941907562f,-0.7779706817356211f,0.7788793133019365f,0.7864525134701489f,-0.8962633520511445f,-0.46047819102597964f,-0.4037348850111051f,0f,0f,0f,1f], start_interpolation: 0, interpolation_duration: 1 }
$data merge entity $(bone_body_1) { transformation: [-1.1663949806232508f,0.0020122063673992936f,-0.41002840786788414f,0.043113695876797725f,-0.06762498424144373f,1.2184779857918537f,0.19835033325714796f,0.6506925f,0.4044183548498775f,0.20955176979069434f,-1.1494078671621994f,-0.15062845531382582f,0f,0f,0f,1f], start_interpolation: 0, interpolation_duration: 1 }