# This file was generated by Animated Java via MC-Build. It is not recommended to edit this file directly.
$data merge entity $(bone_head_lower) { transformation: [-1.1086554210063893f,0.26339788135653425f,0.3761711227221401f,-0.00857684849347269f,0.4592201623112232f,0.6358986640672804f,0.9081573275398386f,0.40919695068711087f,1.3439231370389746e-9f,0.9829824236141443f,-0.6882917657982426f,0.8438146429547171f,0f,0f,0f,1f], start_interpolation: 0, interpolation_duration: 1 }
$data merge entity $(bone_head_upper) { transformation: [-1.1539989657857919f,0.47800207560801755f,-2.1802117683823046e-8f,0.0017983259768545648f,0.478002075608018f,1.1539989657857905f,-4.897948950077838e-8f,0.43525807456265064f,1.398889033375895e-9f,-5.3594457144456764e-8f,-1.249079499999999f,0.7577063917517021f,0f,0f,0f,1f], start_interpolation: 0, interpolation_duration: 1 }
$data merge entity $(bone_neck_0) { transformation: [-0.9914448562555555f,0.13052623109705103f,-1.7454547675967018e-8f,-8.487347499198712e-17f,0.13052623109705158f,0.9914448562555546f,-3.921246766180886e-8f,0.4191228867625426f,1.218696589477819e-8f,-4.115527568737676e-8f,-0.999999999999999f,0.6930445174157914f,0f,0f,0f,1f], start_interpolation: 0, interpolation_duration: 1 }
$data merge entity $(bone_neck_1) { transformation: [-1f,-1.5984848350717824e-17f,1.2141697760125285e-16f,-7.466150358957571e-17f,0f,0.9914448613738103f,0.13052619222005155f,0.4347476309455953f,-1.2246467991473532e-16f,0.13052619222005155f,-0.9914448613738103f,0.609657442795408f,0f,0f,0f,1f], start_interpolation: 0, interpolation_duration: 1 }
$data merge entity $(bone_neck_2) { transformation: [-1f,-4.188538737676991e-17f,1.1507915602278505e-16f,-6.498979054909525e-17f,0f,0.9396926207859083f,0.34202014332566866f,0.47391133871738095f,-1.2246467991473532e-16f,0.34202014332566866f,-0.9396926207859083f,0.5306819124856544f,0f,0f,0f,1f], start_interpolation: 0, interpolation_duration: 1 }
$data merge entity $(bone_body_0) { transformation: [-1f,-2.1265768495757713e-17f,1.2060416625018979e-16f,-8.352082288136958e-18f,0f,0.984807753012208f,0.17364817766693036f,0.5651325985282715f,-1.2246467991473532e-16f,0.17364817766693036f,-0.984807753012208f,0.06819992747257417f,0f,0f,0f,1f], start_interpolation: 0, interpolation_duration: 1 }
$data merge entity $(bone_leg_left_3) { transformation: [-0.9345110802214548f,0.004725744237899204f,-0.35590266686936717f,0.37715282790314625f,0.004275320806090591f,0.9999887551461594f,0.0020521240799555585f,0.014539508926494665f,0.35590836260944303f,0.00039613461409834794f,-0.9345207758536098f,-0.30250013498675565f,0f,0f,0f,1f], start_interpolation: 0, interpolation_duration: 1 }
$data merge entity $(bone_leg_left_2) { transformation: [-0.9215995067463885f,-0.3374176589644195f,-0.2981037941463987f,0.28785876955873824f,-0.30344709979613055f,0.9671875535300055f,-0.15662149731966632f,0.23467845632479128f,0.3326205139356634f,-0.05253341047664572f,-0.9688477868032531f,-0.3441713126611514f,0f,0f,0f,1f], start_interpolation: 0, interpolation_duration: 1 }
$data merge entity $(bone_leg_left_1) { transformation: [-0.9963664172060389f,0.07525190845814282f,-0.039888757030131755f,0.3302611714823847f,0.005457474126652008f,0.5237888418515751f,0.8518306551938257f,0.33168892365987923f,0.08499516833419721f,0.8485177661223088f,-0.5222962970715457f,-0.08764764669970643f,0f,0f,0f,1f], start_interpolation: 0, interpolation_duration: 1 }
$data merge entity $(bone_leg_left_0) { transformation: [-0.9944294127549623f,-0.06349137037613477f,-0.08413672762581852f,0.19655375000000003f,-0.0525669582058628f,0.9906068209230383f,-0.12623328105430243f,0.7247972783920352f,0.09136114027749309f,-0.12110727570427748f,-0.9884261074145524f,-0.04411116263447207f,0f,0f,0f,1f], start_interpolation: 0, interpolation_duration: 1 }
$data merge entity $(bone_leg_right_3) { transformation: [-0.9597262488738816f,0.019992516253986875f,0.2802246001269382f,-0.29677461064490984f,0.05231743652013439f,0.9927348760955157f,0.10835290314330909f,0.03675217563229044f,-0.27602248650867206f,0.11864975801684424f,-0.9537996759614228f,0.10946548133826509f,0f,0f,0f,1f], start_interpolation: 0, interpolation_duration: 1 }
$data merge entity $(bone_leg_right_2) { transformation: [-0.9851814613603451f,0.19767079268804133f,0.20592703904701412f,-0.2428053788670413f,0.0544560066069619f,0.8565250006783178f,-0.5616597422444708f,0.21896462602261868f,-0.28020390974611975f,-0.5285389109912194f,-0.833183405998883f,-0.039050568333393404f,0f,0f,0f,1f], start_interpolation: 0, interpolation_duration: 1 }
$data merge entity $(bone_leg_right_1) { transformation: [-0.9838951114744819f,-0.09237282176486929f,-0.15302833533634333f,-0.279379024919353f,-0.17034741132367942f,0.7439172832580204f,0.6461956631898174f,0.3833993345632269f,0.05414950666384533f,0.6618567348521901f,-0.7476720494032528f,0.18148736650179795f,0f,0f,0f,1f], start_interpolation: 0, interpolation_duration: 1 }
$data merge entity $(bone_leg_right_0) { transformation: [-0.9963393395124297f,-0.08529531775413364f,-0.005712207030270134f,-0.19655374999999997f,-0.056441412112149814f,0.7065371799790567f,-0.7054215621215647f,0.7247972783920352f,0.06420504293839978f,-0.7025168482509607f,-0.7087649754219059f,-0.044111162634472095f,0f,0f,0f,1f], start_interpolation: 0, interpolation_duration: 1 }
$data merge entity $(bone_tail_4) { transformation: [-1.8997752750105952f,1.763372921362439f,0.9523818437287185f,-0.7949092863814525f,1.5025733328019029f,2.1216103212271142f,-0.9309695784584835f,0.6146762234822133f,-1.3261932798845733f,-0.12225758327514516f,-2.41907540174355f,-1.400302563227641f,0f,0f,0f,1f], start_interpolation: 0, interpolation_duration: 1 }
$data merge entity $(bone_tail_3) { transformation: [-1.6879878517506821f,1.1783198902627257f,-0.3133764104041632f,-0.753303012911366f,1.2086290242359776f,1.687616807927427f,-0.16465393229339192f,0.6260807904041558f,0.16080553523106839f,-0.31536846997841256f,-2.0519819282895666f,-1.049276129328396f,0f,0f,0f,1f], start_interpolation: 0, interpolation_duration: 1 }
$data merge entity $(bone_tail_2) { transformation: [-1.1844615948290975f,0.6695293861564939f,-1.4026956214555586f,-0.4932614883093063f,1.1694846239527148f,1.5455310003362475f,-0.2498269728043654f,0.6737556121147378f,1.0237823595451643f,-0.9908774914566f,-1.3374622806687253f,-0.8001235639660439f,0f,0f,0f,1f], start_interpolation: 0, interpolation_duration: 1 }
$data merge entity $(bone_tail_1) { transformation: [-0.8331245925038532f,0.08299546363318736f,-1.259631460539789f,-0.22242144171881426f,0.41167167221341633f,1.4445824583998037f,-0.17709942173985127f,0.6938136040058285f,1.1933507856712957f,-0.4403970071422973f,-0.8183035063091257f,-0.6197904745925593f,0f,0f,0f,1f], start_interpolation: 0, interpolation_duration: 1 }
$data merge entity $(bone_tail_0) { transformation: [-1.0275434919887383f,0.011738885281973626f,-0.7601659603191623f,4.615082130633948e-17f,0.3982419100777768f,1.0969980441292395f,-0.5213773957684152f,0.8726447139228174f,0.6476059524998371f,-0.6559673820648307f,-0.8855219029125246f,-0.3768500545501893f,0f,0f,0f,1f], start_interpolation: 0, interpolation_duration: 1 }
$data merge entity $(bone_body_1) { transformation: [-1.2363675f,-6.398920160587319e-17f,1.372252856816764e-16f,1.8557991432579204e-17f,0f,1.1205294928890353f,0.5225114837226943f,0.6756925f,-1.5141135014448153e-16f,0.5225114837226943f,-1.1205294928890353f,-0.1515375f,0f,0f,0f,1f], start_interpolation: 0, interpolation_duration: 1 }