# This file was generated by Animated Java via MC-Build. It is not recommended to edit this file directly.
$data merge entity $(bone_head_lower) { transformation: [-1.074277315424812f,0.22732094073119952f,0.41638016298354535f,-0.10697085215478608f,0.47378976146643526f,0.56602180303382f,0.9133792098999104f,0.4038864818393506f,-0.023885396180504212f,1.0035255398109648f,-0.6094956763209024f,0.8305451514448169f,0f,0f,0f,1f], start_interpolation: 0, interpolation_duration: 1 }
$data merge entity $(bone_head_upper) { transformation: [-1.1182148100101388f,0.4904638148512361f,0.05725056935723273f,-0.09235803927196537f,0.49316756529801187f,1.1164008167533708f,0.06834992016530671f,0.43381992382171675f,-0.024862298932038427f,0.08562245832808744f,-1.2191338742803575f,0.7484161856897622f,0f,0f,0f,1f], start_interpolation: 0, interpolation_duration: 1 }
$data merge entity $(bone_neck_0) { transformation: [-0.9605328106965711f,0.22007385904777677f,0.17012999776395854f,-0.0846189538291768f,0.2342472075991423f,0.9697930140575904f,0.06804230755271867f,0.4224024168983907f,-0.1500165501114779f,0.10520934582494901f,-0.9830696965341454f,0.6831897850036757f,0f,0f,0f,1f], start_interpolation: 0, interpolation_duration: 1 }
$data merge entity $(bone_neck_1) { transformation: [-0.9748739232914753f,0.1581965018925395f,0.15682697623575664f,-0.07060485907828892f,0.16553938811721428f,0.9855876602903089f,0.0348378366902021f,0.4298941180651573f,-0.14905550868070966f,0.059923540219505106f,-0.9870114612604538f,0.599853019968835f,0f,0f,0f,1f], start_interpolation: 0, interpolation_duration: 1 }
$data merge entity $(bone_neck_2) { transformation: [-0.9788270162183702f,0.09947159088669746f,0.17889403267720272f,-0.0539585110659958f,0.14846164829404815f,0.9466814440133656f,0.2859254842552224f,0.4642119379398401f,-0.14091419838631208f,0.3064304915755587f,-0.9414050894943709f,0.5203790196225389f,0f,0f,0f,1f], start_interpolation: 0, interpolation_duration: 1 }
$data merge entity $(bone_body_0) { transformation: [-0.990079191370892f,0.10949351044663816f,0.08805887794216335f,-0.01141362955875421f,0.12343098537766625f,0.977208717468196f,0.17270759784347056f,0.5549175156947572f,-0.06714154200686202f,0.1818633928921254f,-0.981028908678386f,0.05975624996736176f,0f,0f,0f,1f], start_interpolation: 0, interpolation_duration: 1 }
$data merge entity $(bone_leg_left_3) { transformation: [-0.9635343416870052f,0.010370358304002576f,-0.26738367201165497f,0.3967873334403808f,0.013619620386946004f,0.9998541944941262f,-0.010300276356362159f,0.006300537554127739f,0.2672378684436491f,-0.013566334108687877f,-0.9635350934182658f,-0.25948573334437836f,0f,0f,0f,1f], start_interpolation: 0, interpolation_duration: 1 }
$data merge entity $(bone_leg_left_2) { transformation: [-0.9459968685170275f,-0.33603284578032727f,-0.210318926427098f,0.3104911691138445f,-0.2990767525681355f,0.9621522512955432f,-0.1920373424647154f,0.2241780351270395f,0.26020226811073427f,-0.1157893405473358f,-0.9853678540455523f,-0.3165246686421982f,0f,0f,0f,1f], start_interpolation: 0, interpolation_duration: 1 }
$data merge entity $(bone_leg_left_1) { transformation: [-0.9999894362946767f,-0.003952610592156876f,0.0023460964518781787f,0.3292083547942968f,-0.0002451163799790449f,0.5555464702573033f,0.8314854534522004f,0.331008661534004f,-0.004589903813263648f,0.83147609481822f,-0.5555415704776978f,-0.061083344887672f,0f,0f,0f,1f], start_interpolation: 0, interpolation_duration: 1 }
$data merge entity $(bone_leg_left_0) { transformation: [-0.9982990423237492f,-0.05804545608653906f,0.00545409233429673f,0.18989597997021448f,-0.058272835504190615f,0.9905242802245212f,-0.12436207994399101f,0.7232688261909268f,0.0018162427665122244f,-0.12446837073489675f,-0.992221913660857f,-0.028969422538459272f,0f,0f,0f,1f], start_interpolation: 0, interpolation_duration: 1 }
$data merge entity $(bone_leg_right_3) { transformation: [-0.9418391286741321f,0.0019369917133121861f,0.3360584826506453f,-0.2778455162954886f,0.03133316086390975f,0.9961336617630334f,0.08207290011232143f,0.03460907177993022f,-0.33460019236191096f,0.08782924322612212f,-0.938258352110813f,0.13533938549801475f,0f,0f,0f,1f], start_interpolation: 0, interpolation_duration: 1 }
$data merge entity $(bone_leg_right_2) { transformation: [-0.964876971249907f,0.18154568915377975f,0.2968430437149901f,-0.22485681091484222f,-0.018113546347748748f,0.8476332304330936f,-0.5772798330142503f,0.2143787154957421f,-0.3474860130868698f,-0.5482894025201761f,-0.7941627045472195f,-0.016470180624771874f,0f,0f,0f,1f], start_interpolation: 0, interpolation_duration: 1 }
$data merge entity $(bone_leg_right_1) { transformation: [-0.9755500375091071f,-0.17504302492631155f,-0.13289869728716813f,-0.2847907708745629f,-0.21977441629885777f,0.7801451936356486f,0.5857240671064257f,0.3908782321555716f,0.0011533674505725122f,0.6006108692588262f,-0.799540651544173f,0.18912463137727933f,0f,0f,0f,1f], start_interpolation: 0, interpolation_duration: 1 }
$data merge entity $(bone_leg_right_0) { transformation: [-0.9950810421882285f,-0.07051773444128794f,0.06957706954778262f,-0.20243866345436842f,-0.09879879070470743f,0.6550598817556068f,-0.7490896810593629f,0.7205445041661527f,0.007246960250781087f,-0.7522790708530966f,-0.6588047367191019f,-0.053456402643419415f,0f,0f,0f,1f], start_interpolation: 0, interpolation_duration: 1 }
$data merge entity $(bone_tail_4) { transformation: [0.21540445818136733f,1.91755478600038f,-1.9754103102096612f,-0.757403378509858f,-1.341761197541699f,1.8033100697456366f,1.6041854670596696f,1.6161687943977692f,2.40394241606721f,0.8346962121880173f,1.0723825927307473f,-0.8150160960769842f,0f,0f,0f,1f], start_interpolation: 0, interpolation_duration: 1 }
$data merge entity $(bone_tail_3) { transformation: [-0.2834580819113949f,1.7027496048695046f,-1.1645775306781014f,-0.5765968069043049f,-0.9965537123735566f,0.9162300589147625f,1.5821974287490095f,1.338920548781822f,1.8062330248885492f,0.7727300876129011f,0.6901854805370532f,-0.9396078189236132f,0f,0f,0f,1f], start_interpolation: 0, interpolation_duration: 1 }
$data merge entity $(bone_tail_2) { transformation: [-0.7424601657649701f,1.0394823652795757f,-1.478851983644005f,-0.30198311378109716f,-0.4014697645701584f,1.4639827855083452f,1.2305894144165161f,1.1102081585381873f,1.7624837035816843f,0.7713654717517382f,-0.34266657059156413f,-0.8744200434790053f,0f,0f,0f,1f], start_interpolation: 0, interpolation_duration: 1 }
$data merge entity $(bone_tail_1) { transformation: [-1.0534193895918529f,0.33984289529283224f,-1.0307621675977994f,-0.0833224165860926f,-0.40318186024731406f,1.2111193985973696f,0.8113509967385638f,0.9211949814319891f,1.0076746633707945f,0.8398528792950173f,-0.7529244078527572f,-0.7236281491967078f,0f,0f,0f,1f], start_interpolation: 0, interpolation_duration: 1 }
$data merge entity $(bone_tail_0) { transformation: [-1.2355969247720031f,0.03802374457513346f,-0.32510021674320944f,0.012597003468266126f,-0.014666928690240546f,1.261854677687314f,0.2033306916957386f,0.8922278286429546f,0.3269875185397634f,0.20028151145614292f,-1.2193449862414156f,-0.362474054361119f,0f,0f,0f,1f], start_interpolation: 0, interpolation_duration: 1 }
$data merge entity $(bone_body_1) { transformation: [-1.2339367787545215f,-0.04474436297265975f,0.06326581284814302f,0.0009024385682759464f,-0.00856830055637443f,1.0820191143195885f,0.5981352819629341f,0.6802880882352942f,-0.07701431892019182f,0.5965208909044795f,-1.0802019331828816f,-0.15152215132451527f,0f,0f,0f,1f], start_interpolation: 0, interpolation_duration: 1 }