# This file was generated by Animated Java via MC-Build. It is not recommended to edit this file directly.
$data merge entity $(bone_head_lower) { transformation: [-1.1180050385975644f,0.08019418912524422f,0.07025240813617659f,-0.10109301870891604f,0.10239856145943611f,0.6016706046512256f,0.9427665635021192f,0.45392317442670976f,0.02968237573755611f,0.944914361557227f,-0.6062652728314574f,0.8336661445957547f,0f,0f,0f,1f], start_interpolation: 0, interpolation_duration: 1 }
$data merge entity $(bone_head_upper) { transformation: [-1.1637309788407721f,0.10791226166052655f,-0.0258889392050114f,-0.10081584803992051f,0.10658661995705979f,1.1628061405981112f,0.055733798874715426f,0.4839089077437666f,0.0308963725375656f,0.05312163094435233f,-1.167393931367379f,0.7543915057934254f,0f,0f,0f,1f], start_interpolation: 0, interpolation_duration: 1 }
$data merge entity $(bone_neck_0) { transformation: [-0.9658747058257342f,0.09181634101311043f,0.24218962027513694f,-0.08633366619335436f,0.11783923897739136f,0.9884568502122896f,0.09522063340278993f,0.47398346759864446f,-0.23065117906327742f,0.12051064181790533f,-0.9655450371709008f,0.690075968781087f,0f,0f,0f,1f], start_interpolation: 0, interpolation_duration: 1 }
$data merge entity $(bone_neck_1) { transformation: [-0.9645149061994104f,0.12734748272364918f,0.23128686595458003f,-0.06615395907241328f,0.12166544786643615f,0.9918153739586785f,-0.038727028993537804f,0.47527194940154216f,-0.23432565910416536f,-0.009213176605095602f,-0.9721145009011241f,0.6076826675989649f,0f,0f,0f,1f], start_interpolation: 0, interpolation_duration: 1 }
$data merge entity $(bone_neck_2) { transformation: [-0.9727487103568707f,0.06231878042176814f,0.223330060909381f,-0.045978430951727794f,0.1096212755092444f,0.9723625997546531f,0.2061410938025185f,0.5028514928550692f,-0.20431133706862847f,0.2250052092843982f,-0.9526959291086077f,0.5264223006167326f,0f,0f,0f,1f], start_interpolation: 0, interpolation_duration: 1 }
$data merge entity $(bone_body_0) { transformation: [-0.9954925190271343f,0.06541341941471952f,0.0686711665947534f,-0.012990823065795786f,0.07287551739030088f,0.9909786739436338f,0.11247411592901252f,0.5653004325071336f,-0.060694345091666824f,0.1169715877869108f,-0.9912788932104337f,0.060350576130659694f,0f,0f,0f,1f], start_interpolation: 0, interpolation_duration: 1 }
$data merge entity $(bone_leg_left_3) { transformation: [-0.9788716929125527f,-0.013895461686946893f,-0.20400275723386657f,0.43837116544580057f,-0.01231198372511167f,0.9998834371569735f,-0.009029238944078921f,0.024955170979198416f,0.20410444353630783f,-0.006326787783961285f,-0.978928673543211f,-0.19413848380143112f,0f,0f,0f,1f], start_interpolation: 0, interpolation_duration: 1 }
$data merge entity $(bone_leg_left_2) { transformation: [-0.9432587019735647f,-0.3770711337881778f,-0.14192455994484576f,0.3446269759733758f,-0.33044502772879497f,0.9307608101330781f,-0.27668140065863867f,0.2328508246043635f,0.2305022869759775f,-0.20871960589462699f,-0.9774287806867207f,-0.27264005200193986f,0f,0f,0f,1f], start_interpolation: 0, interpolation_duration: 1 }
$data merge entity $(bone_leg_left_1) { transformation: [-0.9967949472069922f,-0.07966766345615853f,-0.007273006396647692f,0.34322128878279407f,-0.054719767431147925f,0.612670737971257f,0.7884416997381837f,0.3585681054210991f,-0.05835734979323942f,0.7863126796848638f,-0.6150664919274321f,-0.025240425875840217f,0f,0f,0f,1f], start_interpolation: 0, interpolation_duration: 1 }
$data merge entity $(bone_leg_left_0) { transformation: [-0.9924901615459748f,-0.10173278978045117f,0.06792436026884006f,0.1823458079060766f,-0.11217412991249676f,0.9783926680867872f,-0.17368002652116377f,0.7438123872682663f,-0.04878774244437786f,-0.17999507359231914f,-0.9824568843820458f,-0.0216070361089096f,0f,0f,0f,1f], start_interpolation: 0, interpolation_duration: 1 }
$data merge entity $(bone_leg_right_3) { transformation: [-0.9354882512182018f,-0.025029713540017012f,0.3524702048015049f,-0.25353333917887044f,-0.020180803565513973f,0.9996444832858475f,0.017425332238455105f,0.027904820705648675f,-0.35278104682672556f,0.009188061616853038f,-0.9356607892412531f,0.1224825894105536f,0f,0f,0f,1f], start_interpolation: 0, interpolation_duration: 1 }
$data merge entity $(bone_leg_right_2) { transformation: [-0.9511514441155827f,0.11508032553066987f,0.3662371479428193f,-0.2139143183941623f,-0.06167356404240666f,0.9200123620503723f,-0.4492614213055641f,0.22856985531051152f,-0.37890566287117255f,-0.43862965227050427f,-0.8462249856237455f,-0.005325662064480902f,0f,0f,0f,1f], start_interpolation: 0, interpolation_duration: 1 }
$data merge entity $(bone_leg_right_1) { transformation: [-0.9643490369315734f,-0.229168374778954f,-0.13233590204596646f,-0.2883592181136473f,-0.26291500448052985f,0.7727882580670677f,0.5776452272915182f,0.4026400220722219f,-0.030110386715380244f,0.5918447129060459f,-0.8054894167008095f,0.19758052219088326f,0f,0f,0f,1f], start_interpolation: 0, interpolation_duration: 1 }
$data merge entity $(bone_leg_right_0) { transformation: [-0.9891565806851571f,-0.06012869789042027f,0.1339917854842252f,-0.20786066823315333f,-0.14305807624149638f,0.6008544370796278f,-0.7864530070282685f,0.7192113591685615f,-0.03322116357580307f,-0.7970937743651786f,-0.6029410163182993f,-0.06243842050488743f,0f,0f,0f,1f], start_interpolation: 0, interpolation_duration: 1 }
$data merge entity $(bone_tail_4) { transformation: [-1.0217702678454983f,1.4557049821094614f,-2.112479551713728f,-0.4394237227693787f,-2.537860278028833f,-0.2408210118723822f,1.0615704315042764f,1.830326687754176f,0.3753825522721497f,2.3342214070011558f,1.4269406764638788f,-0.839200453536015f,0f,0f,0f,1f], start_interpolation: 0, interpolation_duration: 1 }
$data merge entity $(bone_tail_3) { transformation: [-1.268668445398446f,0.7707297818316535f,-1.4602744622475827f,-0.19935733312820625f,-1.5625922046056655f,0.03470910308123071f,1.3758802296396833f,1.5966885894382032f,0.5336023836156861f,1.9340931744891388f,0.5572231282337714f,-0.95261152448905f,0f,0f,0f,1f], start_interpolation: 0, interpolation_duration: 1 }
$data merge entity $(bone_tail_2) { transformation: [-1.5937708440842344f,0.38396841472408527f,-1.0635960831274611f,-0.0027242837975061385f,-0.8758809654127343f,0.7433417854080822f,1.5808381952295933f,1.3023434362345594f,0.7151929152176081f,1.7660082450439962f,-0.43415187142512923f,-0.8709545672497888f,0f,0f,0f,1f], start_interpolation: 0, interpolation_duration: 1 }
$data merge entity $(bone_tail_1) { transformation: [-1.483892924241824f,-0.047289246198823374f,-0.2889321141358235f,0.061446415327671436f,-0.26899335346832143f,0.8095028414720502f,1.249001191127752f,1.0239339677588064f,0.1155881273094955f,1.2767635359934997f,-0.8026023348972144f,-0.713961044339884f,0f,0f,0f,1f], start_interpolation: 0, interpolation_duration: 1 }
$data merge entity $(bone_tail_0) { transformation: [-1.266029461956714f,-0.038387871311836595f,0.171847285046249f,0.010302276817902144f,0.03523481796250273f,1.167009543861802f,0.5202719949436504f,0.9000604177284989f,-0.1725213773558807f,0.5200488558353362f,-1.1548252155558498f,-0.3639445704422064f,0f,0f,0f,1f], start_interpolation: 0, interpolation_duration: 1 }
$data merge entity $(bone_body_1) { transformation: [-1.227243452205998f,-0.12925889206474875f,0.07596211487279517f,0.0013486528352746447f,-0.07737301274857832f,1.0825919397614783f,0.5921255812054891f,0.6894792647058824f,-0.12841931697358633f,0.5830020804782119f,-1.0826918528567415f,-0.15150320814127802f,0f,0f,0f,1f], start_interpolation: 0, interpolation_duration: 1 }