# This file was generated by Animated Java via MC-Build. It is not recommended to edit this file directly.
$data merge entity $(bone_head_lower) { transformation: [-0.9206683246903574f,-0.33731933834862404f,-0.19643192176399593f,0.18718624914530974f,-0.39034570604709423f,0.795930532781536f,0.46273622805729825f,0.4446661210816679f,0.0002562858666923899f,0.5027029450502025f,-0.8644591854769125f,0.7948013016754382f,0f,0f,0f,1f], start_interpolation: 0, interpolation_duration: 1 }
$data merge entity $(bone_head_upper) { transformation: [-0.9583232755583911f,-0.2694682532935508f,-0.30409752148523866f,0.15987423781549187f,-0.40631068278037624f,0.6360783097898738f,0.7167900358242357f,0.5082365776045898f,0.0002667678518543309f,0.7786290431683673f,-0.6908029274352654f,0.764663159954621f,0f,0f,0f,1f], start_interpolation: 0, interpolation_duration: 1 }
$data merge entity $(bone_neck_0) { transformation: [-0.9177715119267993f,-0.3841105989350632f,-0.10076953746714995f,0.15988968072786364f,-0.39611696444530275f,0.9034377311472104f,0.16398663487680853f,0.504303767862536f,0.028049997758199302f,0.19041878511672128f,-0.9813021369081169f,0.6981104062674433f,0f,0f,0f,1f], start_interpolation: 0, interpolation_duration: 1 }
$data merge entity $(bone_neck_1) { transformation: [-0.910618253177549f,-0.37379311028417084f,-0.1762189197673012f,0.1432396072153109f,-0.4084962537635617f,0.8786874737780994f,0.24706099264472722f,0.5292810799708343f,0.062491660571668224f,0.296963018117657f,-0.9528419376945197f,0.618760259598376f,0f,0f,0f,1f], start_interpolation: 0, interpolation_duration: 1 }
$data merge entity $(bone_neck_2) { transformation: [-0.9056483009052895f,-0.34281243532904426f,-0.24956119339979896f,0.11801982696489455f,-0.41754169850393735f,0.823541982853219f,0.38397595300830456f,0.5709832439998817f,0.07389238849711854f,0.45194937400328195f,-0.888977884010751f,0.545303996464755f,0f,0f,0f,1f], start_interpolation: 0, interpolation_duration: 1 }
$data merge entity $(bone_body_0) { transformation: [-0.897912479439392f,-0.39972827487238555f,-0.18431083943856896f,0.027346908024641854f,-0.4249773897086407f,0.8963299659442736f,0.12643895913351882f,0.6391121146314889f,0.11466210142603145f,0.19185905873292528f,-0.9747013409648528f,0.08775860695630303f,0f,0f,0f,1f], start_interpolation: 0, interpolation_duration: 1 }
$data merge entity $(bone_leg_left_3) { transformation: [-0.7353232614130638f,-0.3762598275530166f,-0.5636738803551478f,0.5297194026197094f,-0.4281413858687936f,0.9026397234618738f,-0.04400549210065996f,0.2943245462151606f,0.5253519343556315f,0.20897385434174948f,-0.8248243893522728f,-0.02385805004029533f,0f,0f,0f,1f], start_interpolation: 0, interpolation_duration: 1 }
$data merge entity $(bone_leg_left_2) { transformation: [-0.7423801040989481f,-0.5462693238830336f,-0.45002645069273717f,0.38732527094218716f,-0.4636154912609725f,0.8681123712177901f,-0.28897021767332337f,0.48703056243622056f,0.5347846826542214f,-0.005739008947026246f,-0.8752340295460548f,-0.05141480315144131f,0f,0f,0f,1f], start_interpolation: 0, interpolation_duration: 1 }
$data merge entity $(bone_leg_left_1) { transformation: [-0.9341315360192052f,0.10948671974596716f,-0.33972184447525355f,0.4536907772832576f,-0.20599812228122663f,0.6119007366215621f,0.7636375201223409f,0.6168669816057482f,0.29148421403398345f,0.7833199516935963f,-0.5490417163091826f,0.18470277240170072f,0f,0f,0f,1f], start_interpolation: 0, interpolation_duration: 1 }
$data merge entity $(bone_leg_left_0) { transformation: [-0.912104121108577f,-0.40287372002718647f,0.07588700790126345f,0.18327630792074556f,-0.2271778268066697f,0.34261779360253003f,-0.9115938144340016f,0.7991840526105742f,0.34125695196457023f,-0.8487083204602098f,-0.4040270777032905f,-0.07595750256183367f,0f,0f,0f,1f], start_interpolation: 0, interpolation_duration: 1 }
$data merge entity $(bone_leg_right_3) { transformation: [-0.97160829541835f,0.022129890363319162f,0.23555803579321094f,-0.22077056936416758f,-0.004789473703206949f,0.9935722960786912f,-0.11309798144336801f,0.003970212734948547f,-0.2365467844125015f,-0.11101513598345755f,-0.9652570944399634f,-0.041706478781695505f,0f,0f,0f,1f], start_interpolation: 0, interpolation_duration: 1 }
$data merge entity $(bone_leg_right_2) { transformation: [-0.99571778957826f,0.06983598404669547f,0.23607460335730338f,-0.1956514052699525f,0.024275513034693285f,1.006625459115802f,-0.1953921288780543f,0.23253699322766413f,-0.24498771904930428f,-0.1840932369556942f,-0.9788528475327067f,-0.11448921379775753f,0f,0f,0f,1f], start_interpolation: 0, interpolation_duration: 1 }
$data merge entity $(bone_leg_right_1) { transformation: [-0.9650678814688605f,-0.1266830867734176f,-0.22933682583214657f,-0.23712400589766652f,-0.25893861121021383f,0.5946006156798752f,0.76118388281521f,0.3485441362548046f,0.039934693960656416f,0.7939782763770508f,-0.6066330990471889f,0.13417874116150208f,0f,0f,0f,1f], start_interpolation: 0, interpolation_duration: 1 }
$data merge entity $(bone_leg_right_0) { transformation: [-0.976869190101456f,-0.17172960990495223f,0.1274187055044057f,-0.20133723533135006f,-0.2137833623317078f,0.770869243650654f,-0.6000477340875626f,0.7249178844852564f,0.004822802160080963f,-0.6134081433070167f,-0.7897513471365296f,-0.04293531039807175f,0f,0f,0f,1f], start_interpolation: 0, interpolation_duration: 1 }
$data merge entity $(bone_tail_4) { transformation: [-1.4699906342355173f,-1.7842216134195317f,1.510411235745572f,0.5924951145864346f,1.3848945717562913f,0.7727446462713597f,2.2606623074618883f,1.2512186676825152f,-1.8833098236827155f,1.9608876248947955f,0.48345130277477205f,-1.2778333529376824f,0f,0f,0f,1f], start_interpolation: 0, interpolation_duration: 1 }
$data merge entity $(bone_tail_3) { transformation: [-1.1783703053777197f,-0.9567790144105848f,1.4254693497343163f,0.3601510236362683f,0.8396536098010436f,1.1868654280670048f,1.4907306253149317f,0.9868314322998574f,-1.4974547622537857f,1.418403997205055f,-0.2858406230062892f,-1.243245542917074f,0f,0f,0f,1f], start_interpolation: 0, interpolation_duration: 1 }
$data merge entity $(bone_tail_2) { transformation: [-1.4690882489671833f,-0.5207549504702628f,1.1787145003392578f,0.13982034739171093f,0.35568792837115615f,1.5541815218071287f,1.1299467995826573f,0.7774096238556839f,-1.2385635588698494f,1.0640056173896677f,-1.073604318082626f,-1.0443275115002901f,0f,0f,0f,1f], start_interpolation: 0, interpolation_duration: 1 }
$data merge entity $(bone_tail_1) { transformation: [-1.4138170113092423f,-0.2218377639004522f,0.48945450763094395f,0.03855765674356327f,-0.09271979675613051f,1.4576498265877156f,0.392831098995874f,0.675147072773117f,-0.5293210252976017f,0.3371961440414929f,-1.3761447099129671f,-0.7518126996913648f,0f,0f,0f,1f], start_interpolation: 0, interpolation_duration: 1 }
$data merge entity $(bone_tail_0) { transformation: [-1.239287868393383f,0.05081252565145422f,0.3089002801454433f,-0.05048398786687667f,-0.046729722316911707f,1.2171082915594074f,-0.38768473822624566f,0.817808555077941f,-0.30954422767869105f,-0.3871707768392244f,-1.1781837196534934f,-0.4168631538005848f,0f,0f,0f,1f], start_interpolation: 0, interpolation_duration: 1 }
$data merge entity $(bone_body_1) { transformation: [-1.2096530463975765f,-0.21078220254606586f,-0.14462007290532639f,-0.002664169564731965f,-0.2335754891974304f,1.1956059084931425f,0.21112460178463036f,0.6881925f,0.10385852513633022f,0.2338845221949647f,-1.2095933333523252f,-0.15140342982986027f,0f,0f,0f,1f], start_interpolation: 0, interpolation_duration: 1 }