# This file was generated by Animated Java via MC-Build. It is not recommended to edit this file directly.
$data merge entity $(bone_head_lower) { transformation: [-1.0728720469987914f,0.040591555265649185f,-0.08403100629652294f,-0.044887833926810984f,-0.03935868947423765f,0.6824316228749395f,0.8321666223014565f,0.44998274953659767f,0.08461547104969089f,0.8321073965245471f,-0.6783810259121688f,0.834314966915763f,0f,0f,0f,1f], start_interpolation: 0, interpolation_duration: 1 }
$data merge entity $(bone_head_upper) { transformation: [-1.1167520666910224f,-0.04698514498291522f,-0.08501898626659425f,-0.052150529646534556f,-0.040968443474280025f,1.1174030822518028f,-0.07939111251897916f,0.4695880084666405f,0.08807620855917699f,-0.07598525027030524f,-1.1149169626302824f,0.7557766414522444f,0f,0f,0f,1f], start_interpolation: 0, interpolation_duration: 1 }
$data merge entity $(bone_neck_0) { transformation: [-0.9863369480985876f,-0.021745993271456918f,0.1632989179149751f,-0.04091962705779367f,-0.02707206240927326f,0.9991692706185011f,-0.03046099290241833f,0.4514087005068537f,-0.1625008561591983f,-0.034465641272585036f,-0.9861062779027409f,0.6926251106438599f,0f,0f,0f,1f], start_interpolation: 0, interpolation_duration: 1 }
$data merge entity $(bone_neck_1) { transformation: [-0.9842762678489179f,-0.07927687431824126f,0.1578461458121011f,-0.027913205427219784f,-0.08452588905006347f,0.9960604692604641f,-0.026812602576410216f,0.4537260472275473f,-0.15509868674396204f,-0.03973309420311913f,-0.9870996295183911f,0.6088217709426578f,0f,0f,0f,1f], start_interpolation: 0, interpolation_duration: 1 }
$data merge entity $(bone_neck_2) { transformation: [-0.985542078153663f,-0.1264592686679216f,0.11276021264849466f,-0.01927268037491866f,-0.10132017205556022f,0.9732955647726025f,0.2059853546459377f,0.4813010810735431f,-0.1357977721584231f,0.19158235034040966f,-0.972036608423188f,0.5255397847190248f,0f,0f,0f,1f], start_interpolation: 0, interpolation_duration: 1 }
$data merge entity $(bone_body_0) { transformation: [-0.9905238127024251f,-0.1350090792279687f,0.025201686361578428f,-0.008681350340026033f,-0.12953662947497208f,0.9793494152728757f,0.15522559205537168f,0.5637878478805127f,-0.04563812105811425f,0.15049010376331373f,-0.9875575378556899f,0.06154122681938046f,0f,0f,0f,1f], start_interpolation: 0, interpolation_duration: 1 }
$data merge entity $(bone_leg_left_3) { transformation: [-0.9718314481168766f,-0.01319984624481281f,-0.23530703455308782f,0.43283957213422874f,-0.012245117313486854f,0.9999097993523474f,-0.005518175525316443f,0.026501086846551836f,0.23535864877465984f,-0.002481374268940295f,-0.9719054219566348f,-0.22621257146606016f,0f,0f,0f,1f], start_interpolation: 0, interpolation_duration: 1 }
$data merge entity $(bone_leg_left_2) { transformation: [-0.9343514855537738f,-0.3832921058018854f,-0.17926701474087983f,0.33650505246498313f,-0.3360643487440469f,0.9362337346852002f,-0.2501786302651307f,0.23648280786047116f,0.2571191444591208f,-0.16916191997034555f,-0.9784355829001984f,-0.2954831223960474f,0f,0f,0f,1f], start_interpolation: 0, interpolation_duration: 1 }
$data merge entity $(bone_leg_left_1) { transformation: [-0.9985012262439134f,-0.046218321414661034f,-0.029311566915004344f,0.3453893304338738f,-0.05087998941419552f,0.5866080122974848f,0.8082711590707697f,0.35399150883022346f,-0.020162536214798056f,0.8085511156841015f,-0.588080407307863f,-0.04423392247465764f,0f,0f,0f,1f], start_interpolation: 0, interpolation_duration: 1 }
$data merge entity $(bone_leg_left_0) { transformation: [-0.9940251395713107f,-0.10529555537869249f,0.02875531112210704f,0.1861251168712489f,-0.10851068055976522f,0.9817842371517547f,-0.15596520087764398f,0.7395513032563934f,-0.011809068747918372f,-0.15815358895023524f,-0.9873439057377461f,-0.027327303511029646f,0f,0f,0f,1f], start_interpolation: 0, interpolation_duration: 1 }
$data merge entity $(bone_leg_right_3) { transformation: [-0.9457486498304131f,-0.02054098845208263f,0.3242492238037927f,-0.2593400560592616f,-0.00644383845159548f,0.9989890305634891f,0.04449037828374103f,0.0211801597562796f,-0.32483529409526973f,0.03998730557604563f,-0.9449248896620345f,0.11850863790484056f,0f,0f,0f,1f], start_interpolation: 0, interpolation_duration: 1 }
$data merge entity $(bone_leg_right_2) { transformation: [-0.9617264595651248f,0.12960858145753643f,0.3321837324216671f,-0.21737051713210204f,-0.04017062886307678f,0.9100784116797072f,-0.47138710702773884f,0.21881246297378054f,-0.3543031710975355f,-0.45499571394442945f,-0.8482395668342312f,-0.013214946138424222f,0f,0f,0f,1f], start_interpolation: 0, interpolation_duration: 1 }
$data merge entity $(bone_leg_right_1) { transformation: [-0.9699543907250896f,-0.1979566540906075f,-0.1414271650510319f,-0.2829656353334264f,-0.2432027851173859f,0.7736775519355487f,0.5850431188742956f,0.39312444783042083f,-0.006394155477221962f,0.6018606223472909f,-0.7985755481126787f,0.19251788561980138f,0f,0f,0f,1f], start_interpolation: 0, interpolation_duration: 1 }
$data merge entity $(bone_leg_right_0) { transformation: [-0.9923492564406488f,-0.07602745540906061f,0.09727681771992136f,-0.205349396150915f,-0.12340197948315462f,0.6354223046098736f,-0.7622404123791366f,0.7190116717060371f,-0.0038606607375682167f,-0.7684128583179102f,-0.639942789997957f,-0.05664173248526051f,0f,0f,0f,1f], start_interpolation: 0, interpolation_duration: 1 }
$data merge entity $(bone_tail_4) { transformation: [-2.197764538113867f,-0.1773597506892961f,-1.6625389876464765f,0.189985275854388f,-1.6208081991004168f,-0.44808903017907475f,2.190401409413818f,1.9683985839830282f,-0.41045480669375173f,2.719084601749017f,0.2525215075857658f,-1.103308812012962f,0f,0f,0f,1f], start_interpolation: 0, interpolation_duration: 1 }
$data merge entity $(bone_tail_3) { transformation: [-2.0000732798389764f,-0.39707651911145336f,-0.4218798872770957f,0.26540622000338693f,-0.5003936340526407f,0.41976850885450845f,1.9772066498012035f,1.6290296377191298f,-0.2919907743717178f,2.000517473802426f,-0.49861483204715307f,-1.0383387963890562f,0f,0f,0f,1f], start_interpolation: 0, interpolation_duration: 1 }
$data merge entity $(bone_tail_2) { transformation: [-1.92330530058863f,-0.29253786923612346f,0.18464070730270996f,0.2295901270801164f,0.0077965281410434725f,1.0061065058303862f,1.6752500673265154f,1.3178494802279428f,-0.3458465120243403f,1.6495287717985818f,-0.9890494912450228f,-0.8543398805210208f,0f,0f,0f,1f], start_interpolation: 0, interpolation_duration: 1 }
$data merge entity $(bone_tail_1) { transformation: [-1.3579431393604577f,-0.12740721739626604f,0.6537691344956609f,0.09176106578700105f,0.4130361055962131f,1.0035931161055796f,1.053498117121909f,1.0784859471639645f,-0.5225398125863512f,1.1243773869394715f,-0.8662470121168604f,-0.6811783204073034f,0f,0f,0f,1f], start_interpolation: 0, interpolation_duration: 1 }
$data merge entity $(bone_tail_0) { transformation: [-1.2427068173632685f,-0.08545672189316571f,0.2867274513299312f,0.005910417415330877f,0.09208319652128591f,1.0562627660868245f,0.713908516885084f,0.8953547878650971f,-0.284668522287425f,0.71473200169428f,-1.0207633000636387f,-0.3656398029981003f,0f,0f,0f,1f], start_interpolation: 0, interpolation_duration: 1 }
$data merge entity $(bone_body_1) { transformation: [-1.2312315714630993f,-0.10041744241479325f,0.05088958388146953f,0.0008431293708615979f,-0.06459946175240919f,1.0879292073378841f,0.5838163618970545f,0.6863459090909091f,-0.09219719100957723f,0.5787322110754551f,-1.0886566496788181f,-0.15152410298415367f,0f,0f,0f,1f], start_interpolation: 0, interpolation_duration: 1 }