# This file was generated by Animated Java via MC-Build. It is not recommended to edit this file directly.
$data merge entity $(bone_head_lower) { transformation: [-1.0475036892711413f,0.05743643681083505f,-0.124256615673401f,-0.015794071201388926f,-0.049324064587764185f,0.7361423710531498f,0.756084767761904f,0.4570650802588819f,0.12769411679742482f,0.7555118100436982f,-0.7272542521488643f,0.8339519278045695f,0f,0f,0f,1f], start_interpolation: 0, interpolation_duration: 1 }
$data merge entity $(bone_head_upper) { transformation: [-1.0903461537024606f,-0.07103215778193521f,-0.12352018036603286f,-0.026242709975405985f,-0.051341398277710164f,1.085060854581878f,-0.17077628631486994f,0.4696410298288206f,0.1329167529685575f,-0.16356928717045618f,-1.0792292445840264f,0.7559210629931431f,0f,0f,0f,1f], start_interpolation: 0, interpolation_duration: 1 }
$data merge entity $(bone_neck_0) { transformation: [-0.991075637345121f,-0.043222113343866914f,0.12609888968207708f,-0.017067102076794093f,-0.05731051443348492f,0.9922414842779351f,-0.1103283364022559f,0.4464195714487824f,-0.12035192560292518f,-0.11657051855426374f,-0.9858634429816626f,0.6941043310778116f,0f,0f,0f,1f], start_interpolation: 0, interpolation_duration: 1 }
$data merge entity $(bone_neck_1) { transformation: [-0.9837169691606392f,-0.14023178558476485f,0.1124098345213394f,-0.008190544020974373f,-0.1449403851337983f,0.9888271344674773f,-0.03483077515794958f,0.44802435064408f,-0.10626951276199861f,-0.0505563492802433f,-0.9930512807528025f,0.6097469470183989f,0f,0f,0f,1f], start_interpolation: 0, interpolation_duration: 1 }
$data merge entity $(bone_neck_2) { transformation: [-0.9824609086636287f,-0.17614613039514054f,0.06118090956054601f,-0.0045552181945487675f,-0.16163044788726522f,0.9680637239273368f,0.1916460923987209f,0.4742919345809771f,-0.09298473672382801f,0.1783960962654597f,-0.9795553438033224f,0.5256771615161483f,0f,0f,0f,1f], start_interpolation: 0, interpolation_duration: 1 }
$data merge entity $(bone_body_0) { transformation: [-0.9828751922646135f,-0.1842690486016384f,0.001128786182749631f,-0.005778618523808401f,-0.18146377399135624f,0.9689412222747463f,0.16799942412262797f,0.562699809490826f,-0.03205082151230007f,0.16491763248412122f,-0.9857864471254507f,0.06265075228155195f,0f,0f,0f,1f], start_interpolation: 0, interpolation_duration: 1 }
$data merge entity $(bone_leg_left_3) { transformation: [-0.9639003257588298f,-0.008331376352936161f,-0.2661329558136071f,0.42176521974469167f,-0.008961588588704534f,0.9999591786012417f,0.0011537162112468524f,0.026872135966482774f,0.26611247985013486f,0.0034970414917514236f,-0.9639356403665219f,-0.2592027872458714f,0f,0f,0f,1f], start_interpolation: 0, interpolation_duration: 1 }
$data merge entity $(bone_leg_left_2) { transformation: [-0.9280301420205945f,-0.3796417953233476f,-0.21608878324798503f,0.3251534313666222f,-0.3368448679395558f,0.9449781683836505f,-0.2135743330125562f,0.2400221976392426f,0.27813268406412145f,-0.12227251540162502f,-0.9796702718432061f,-0.31754904352084945f,0f,0f,0f,1f], start_interpolation: 0, interpolation_duration: 1 }
$data merge entity $(bone_leg_left_1) { transformation: [-0.9990600839815619f,-0.011248048859860655f,-0.04186203520614516f,0.3442147993426722f,-0.04103313020977959f,0.5567082715240894f,0.8296940295324824f,0.3480757783388946f,0.013972502279177604f,0.8306319171651826f,-0.5566465551555597f,-0.06264813412931544f,0f,0f,0f,1f], start_interpolation: 0, interpolation_duration: 1 }
$data merge entity $(bone_leg_left_0) { transformation: [-0.9948796729951682f,-0.10079398016665161f,-0.0074168607369849565f,0.1895633299669507f,-0.09886521034403215f,0.9858194660031607f,-0.13559369687737471f,0.7346831000872955f,0.02097871408493538f,-0.1341661433127142f,-0.9907367660200841f,-0.03223464444280005f,0f,0f,0f,1f], start_interpolation: 0, interpolation_duration: 1 }
$data merge entity $(bone_leg_right_3) { transformation: [-0.9526685515045932f,-0.011220273753038773f,0.30380377948776033f,-0.2702085576770428f,0.012253017705843678f,0.9970895519112413f,0.07524818287866625f,0.018258069040914454f,-0.30376387956970957f,0.07540909047553762f,-0.9497583769266853f,0.11385679141189961f,0f,0f,0f,1f], start_interpolation: 0, interpolation_duration: 1 }
$data merge entity $(bone_leg_right_2) { transformation: [-0.9695273148733815f,0.15246532318043876f,0.298049174537676f,-0.22395395409505042f,-0.014385467441621719f,0.8933430874880827f,-0.5037791042356174f,0.21094833214665146f,-0.3344727844557635f,-0.4803692879082084f,-0.8422799434829635f,-0.02362792125729221f,0f,0f,0f,1f], start_interpolation: 0, interpolation_duration: 1 }
$data merge entity $(bone_leg_right_1) { transformation: [-0.9754701663377481f,-0.16674339709439068f,-0.14371706269760992f,-0.2810578083194113f,-0.21979987726502803f,0.7736089673803439f,0.5943207715897173f,0.3852157163507788f,0.012081744049805263f,0.6113311746624253f,-0.7912826463069782f,0.18465893453332094f,0f,0f,0f,1f], start_interpolation: 0, interpolation_duration: 1 }
$data merge entity $(bone_leg_right_0) { transformation: [-0.9947397867640014f,-0.08267573114062587f,0.060477104006988344f,-0.20277821115620098f,-0.10043091744194177f,0.6709735090409864f,-0.734648338313642f,0.720144356625044f,0.020159053809120572f,-0.7368577024402937f,-0.675747244836361f,-0.051989304751171805f,0f,0f,0f,1f], start_interpolation: 0, interpolation_duration: 1 }
$data merge entity $(bone_tail_4) { transformation: [-2.6207769764027478f,-0.47237401595210426f,-0.7307887250160265f,0.263626125528571f,-0.5774077936339423f,-0.7909587679838628f,2.5819848564234906f,2.0247629213172003f,-0.6509912529428115f,2.6032495746667728f,0.6518921476664814f,-1.0228694901612954f,0f,0f,0f,1f], start_interpolation: 0, interpolation_duration: 1 }
$data merge entity $(bone_tail_3) { transformation: [-2.0377041274068834f,-0.42554152262628103f,0.051203786132489056f,0.2591081134679293f,-0.0043834334669542955f,0.26943753439549256f,2.064783215404068f,1.6720153324471307f,-0.4285886147629637f,2.0204611735008f,-0.2645637384748329f,-0.9977810556119291f,0f,0f,0f,1f], start_interpolation: 0, interpolation_duration: 1 }
$data merge entity $(bone_tail_2) { transformation: [-1.9014099869020658f,-0.2681146072853643f,0.36266857331739877f,0.19021903105527588f,0.20393909133789206f,0.8904459034989969f,1.7275094254356202f,1.3512377892878127f,-0.40227202703660303f,1.7187188616247997f,-0.8384250508911292f,-0.8418081538047395f,0f,0f,0f,1f], start_interpolation: 0, interpolation_duration: 1 }
$data merge entity $(bone_tail_1) { transformation: [-1.4110933157676673f,-0.10394841504531926f,0.5344779052546298f,0.0778241299202512f,0.35678375283959507f,0.945013878047937f,1.125748805909424f,1.0970965266861792f,-0.4113116311332634f,1.176350180561199f,-0.8571343213220022f,-0.6713491210698219f,0f,0f,0f,1f], start_interpolation: 0, interpolation_duration: 1 }
$data merge entity $(bone_tail_0) { transformation: [-1.2518322307854088f,-0.07417660190022596f,0.24748659414479401f,0.0037127814496539582f,0.09657537955458229f,1.001303688313757f,0.7886062619692943f,0.8908106896889136f,-0.23963509470597785f,0.7910274787160243f,-0.9750314178966003f,-0.36733337676866146f,0f,0f,0f,1f], start_interpolation: 0, interpolation_duration: 1 }
$data merge entity $(bone_body_1) { transformation: [-1.2339584727958084f,-0.06935071061278943f,0.03378700059472356f,0.000529039598569615f,-0.045725990746972305f,1.0936556755449638f,0.5748312727877172f,0.683505f,-0.06213063851188492f,0.5724616470489882f,-1.0940895948103682f,-0.15153222612886347f,0f,0f,0f,1f], start_interpolation: 0, interpolation_duration: 1 }