# This file was generated by Animated Java via MC-Build. It is not recommended to edit this file directly.
$data merge entity $(bone_head_lower) { transformation: [-1.012312212179348f,0.019035449794353218f,-0.16371056838718967f,0.023871968580482697f,-0.0895647656093897f,0.791679197862229f,0.6458805724834342f,0.47065133293022404f,0.13835335670617144f,0.6517831025742538f,-0.7797285741620543f,0.832329411017472f,0f,0f,0f,1f], start_interpolation: 0, interpolation_duration: 1 }
$data merge entity $(bone_head_upper) { transformation: [-1.0537153598607283f,-0.12764529691219392f,-0.11461922490622992f,0.01277707639764978f,-0.09322792720416141f,1.024825627664482f,-0.28423218434872505f,0.47404036291719204f,0.1440119513482219f,-0.2705292206151304f,-1.0226541188547469f,0.7558003735596905f,0f,0f,0f,1f], start_interpolation: 0, interpolation_duration: 1 }
$data merge entity $(bone_neck_0) { transformation: [-0.9988037134239387f,-0.01249332275999432f,0.04727640994159113f,0.0163595862110167f,-0.022459111730720106f,0.9760087203260422f,-0.21657000288079722f,0.44420134601539996f,-0.04343650942257904f,-0.21737270926667887f,-0.9751217231275521f,0.6962895766563674f,0f,0f,0f,1f], start_interpolation: 0, interpolation_duration: 1 }
$data merge entity $(bone_neck_1) { transformation: [-0.9893233104724191f,-0.14283734900636857f,0.02892886248587214f,0.01815220674268648f,-0.14409962659643177f,0.9884151965283157f,-0.047651829835382326f,0.4447181158565829f,-0.021787266250325343f,-0.051311704324882496f,-0.9984450030064818f,0.6114717937031923f,0f,0f,0f,1f], start_interpolation: 0, interpolation_duration: 1 }
$data merge entity $(bone_neck_2) { transformation: [-0.9876659607037676f,-0.15623765857252386f,-0.010283195557781656f,0.0157216573618965f,-0.1556477606868627f,0.9725533208438115f,0.17295610052507432f,0.46939227229021985f,-0.017021300193264793f,0.17242340954594873f,-0.9848758516586144f,0.526877415473096f,0f,0f,0f,1f], start_interpolation: 0, interpolation_duration: 1 }
$data merge entity $(bone_body_0) { transformation: [-0.9866491397609474f,-0.15930038656333087f,-0.033865348806058265f,-0.0017564898428396587f,-0.16280135536105883f,0.9703268349851677f,0.17877794047440393f,0.562893221230307f,0.004381061696082544f,0.1819044258627058f,-0.9833064558671293f,0.06518163725900211f,0f,0f,0f,1f], start_interpolation: 0, interpolation_duration: 1 }
$data merge entity $(bone_leg_left_3) { transformation: [-0.9481441341203063f,0.0005372564886934189f,-0.3178402307586635f,0.3977769954853706f,-0.0020856900202432787f,0.9999665239846302f,0.0079120671910263f,0.02454877943760414f,0.31783384154365096f,0.008164696293262497f,-0.9481112734822027f,-0.29927254332077313f,0f,0f,0f,1f], start_interpolation: 0, interpolation_duration: 1 }
$data merge entity $(bone_leg_left_2) { transformation: [-0.9210665529741605f,-0.36124784841707663f,-0.27055239142728965f,0.30378044314272723f,-0.32739608014309984f,0.958012866445728f,-0.16457628605624405f,0.24226612806701886f,0.31066124830742164f,-0.061429139983940596f,-0.9755912305169632f,-0.3432597723706942f,0f,0f,0f,1f], start_interpolation: 0, interpolation_duration: 1 }
$data merge entity $(bone_leg_left_1) { transformation: [-0.997828996423856f,0.04401197186166143f,-0.0489922466172851f,0.33820787366997984f,-0.018952149399909718f,0.5205414170751328f,0.8536260593155156f,0.3387852829790689f,0.06307225958283136f,0.85270134246538f,-0.5185771983310248f,-0.08536019807457301f,0f,0f,0f,1f], start_interpolation: 0, interpolation_duration: 1 }
$data merge entity $(bone_leg_left_0) { transformation: [-0.9946591378748436f,-0.08425312000971592f,-0.05962056030180784f,0.19432623384647552f,-0.07699486971295996f,0.9903731709100967f,-0.11503378799015862f,0.7280498197123333f,0.06873855890224512f,-0.10982893111611736f,-0.9915707823498703f,-0.03976992797239495f,0f,0f,0f,1f], start_interpolation: 0, interpolation_duration: 1 }
$data merge entity $(bone_leg_right_3) { transformation: [-0.9596262533730358f,0.007637473978174186f,0.2811745415724243f,-0.2882278378200518f,0.04048490889301454f,0.992973090686337f,0.11119988005725784f,0.022676756558521666f,-0.2783494673771706f,0.11809364997347216f,-0.9531922491537526f,0.10813425682903807f,0f,0f,0f,1f], start_interpolation: 0, interpolation_duration: 1 }
$data merge entity $(bone_leg_right_2) { transformation: [-0.9796400729580234f,0.18435572817612397f,0.24162055468056576f,-0.23626783552788785f,0.028073167134993516f,0.8668494895021136f,-0.5475820115175724f,0.2077718250029429f,-0.30262092499115767f,-0.5163788604690078f,-0.8329679752060821f,-0.03750586767437275f,0f,0f,0f,1f], start_interpolation: 0, interpolation_duration: 1 }
$data merge entity $(bone_leg_right_1) { transformation: [-0.981945653284426f,-0.11872240034455316f,-0.147267530882574f,-0.28026654544291396f,-0.1850358714004734f,0.7645822974664438f,0.6173942311813434f,0.37905556220792824f,0.039299622019679833f,0.6334973575772533f,-0.7727461663779047f,0.17636180298828855f,0f,0f,0f,1f], start_interpolation: 0, interpolation_duration: 1 }
$data merge entity $(bone_leg_right_0) { transformation: [-0.996312175001579f,-0.08519854389656398f,0.010161597390600678f,-0.1986986594235422f,-0.06789193877645147f,0.7103754195396978f,-0.7005408253363775f,0.7228946182965817f,0.05246650924921505f,-0.6986472439162011f,-0.7135399736353238f,-0.04596377368440946f,0f,0f,0f,1f], start_interpolation: 0, interpolation_duration: 1 }
$data merge entity $(bone_tail_4) { transformation: [-2.331063903219058f,-0.9223783624266191f,1.1580244242831508f,0.36297053898386145f,1.4179201557777992f,-0.769716338209592f,2.2411382202203134f,2.02368407429841f,-0.4257990635830408f,2.48644650994555f,1.123361136158537f,-0.9560052440454704f,0f,0f,0f,1f], start_interpolation: 0, interpolation_duration: 1 }
$data merge entity $(bone_tail_3) { transformation: [-1.872564632242367f,-0.4024623198100342f,0.816989170829443f,0.22837777649115432f,0.793067536343245f,0.19778648054996262f,1.9151683782254127f,1.6970067947406058f,-0.4477623330718096f,2.033433086012232f,-0.024582592160001315f,-0.9717356839649256f,0f,0f,0f,1f], start_interpolation: 0, interpolation_duration: 1 }
$data merge entity $(bone_tail_2) { transformation: [-1.8446396918009882f,-0.15700340084023895f,0.6256422416682974f,0.11067088124526797f,0.5098126080534489f,0.8063512094837141f,1.7054801982540482f,1.3805306028662367f,-0.395182726222786f,1.773110694257842f,-0.7201964688932991f,-0.8377230324822689f,0f,0f,0f,1f], start_interpolation: 0, interpolation_duration: 1 }
$data merge entity $(bone_tail_1) { transformation: [-1.4840051494586393f,-0.05214791313830186f,0.28751619351884083f,0.0508558354120922f,0.20064627703232316f,0.9000532269275339f,1.1988751020062103f,1.111352144086519f,-0.21242890079579946f,1.2144303330585304f,-0.8761787364767737f,-0.6638213515824598f,0f,0f,0f,1f], start_interpolation: 0, interpolation_duration: 1 }
$data merge entity $(bone_tail_0) { transformation: [-1.2667187481580457f,-0.030646739403819227f,0.1682857896937707f,0.0009392559237271791f,0.09180532956415853f,0.9392628435797735f,0.8620863116405929f,0.8820965726405551f,-0.14432986909353815f,0.8664189544431606f,-0.9286133753360923f,-0.37155070756574105f,0f,0f,0f,1f], start_interpolation: 0, interpolation_duration: 1 }
$data merge entity $(bone_body_1) { transformation: [-1.2361076925014625f,-0.02320528461414177f,0.010192269665633935f,0.00013273659235756545f,-0.016213690876895462f,1.1061527616074807f,0.5520577680574223f,0.6792436363636364f,-0.01948034453260012f,0.5518080987176348f,-1.1062246306346513f,-0.15153716803366646f,0f,0f,0f,1f], start_interpolation: 0, interpolation_duration: 1 }