# This file was generated by Animated Java via MC-Build. It is not recommended to edit this file directly.
$data merge entity $(bone_head_lower) { transformation: [-0.9755368489723166f,-0.17947036310498124f,-0.12695765067190806f,0.23061051667476115f,-0.21163638667783088f,0.9229616305974386f,0.32148385383852335f,0.37240787272991366f,0.059480216300175866f,0.3404882042184185f,-0.9383655399986729f,0.7839193499882846f,0f,0f,0f,1f], start_interpolation: 0, interpolation_duration: 1 }
$data merge entity $(bone_head_upper) { transformation: [-1.0154358996215973f,-0.10861739056408734f,-0.20140540908881624f,0.21397196324125736f,-0.22029222671112642f,0.7119017469036792f,0.7267318488890183f,0.4384240323401772f,0.0619129323634296f,0.7515784109499457f,-0.717473779021661f,0.7513543119605237f,0f,0f,0f,1f], start_interpolation: 0, interpolation_duration: 1 }
$data merge entity $(bone_neck_0) { transformation: [-0.9703228823253883f,-0.19815717879164657f,-0.13859017472059998f,0.2085404608250958f,-0.2203343564368133f,0.9606563367506901f,0.16909220571723596f,0.43383579337256795f,0.09963069511614553f,0.1946102133858348f,-0.9758076600624702f,0.6850656771957601f,0f,0f,0f,1f], start_interpolation: 0, interpolation_duration: 1 }
$data merge entity $(bone_neck_1) { transformation: [-0.9593679412827582f,-0.18498290340025283f,-0.21305980073325723f,0.18963930618000227f,-0.23967042690074858f,0.9327370472464144f,0.26936905383368215f,0.46095189068564574f,0.1489000997585143f,0.3094881680188323f,-0.9391729522022296f,0.6069311748032754f,0f,0f,0f,1f], start_interpolation: 0, interpolation_duration: 1 }
$data merge entity $(bone_neck_2) { transformation: [-0.9525293101077908f,-0.14941280416916675f,-0.26526162054824753f,0.1649375540220029f,-0.2551494472935395f,0.867112171239014f,0.4278028074182827f,0.50692019523808f,0.16609236265216276f,0.4751760688833868f,-0.8640723526587071f,0.5358842268671391f,0f,0f,0f,1f], start_interpolation: 0, interpolation_duration: 1 }
$data merge entity $(bone_body_0) { transformation: [-0.9373801919940074f,-0.2245092772729543f,-0.26629675190594027f,0.03729416195893145f,-0.26646734541138417f,0.9545987105259279f,0.1331782853608116f,0.578780367676208f,0.22430677539184646f,0.19579807527300014f,-0.9546463136851784f,0.08782822056556028f,0f,0f,0f,1f], start_interpolation: 0, interpolation_duration: 1 }
$data merge entity $(bone_leg_left_3) { transformation: [-0.7361475484262223f,-0.1095741537932072f,-0.6678924252950961f,0.39109835368547596f,-0.19298026412312957f,0.979826317956738f,0.051951942199572526f,0.13718726008129323f,0.6487259857636579f,0.1671343515254816f,-0.7424423909874267f,-0.06606503350464714f,0f,0f,0f,1f], start_interpolation: 0, interpolation_duration: 1 }
$data merge entity $(bone_leg_left_2) { transformation: [-0.7478099352401588f,-0.301896019138745f,-0.6337990958379341f,0.2999794629307667f,-0.2374656850974408f,0.9802084284187239f,-0.18671819611058854f,0.35953359384494893f,0.6606455544828914f,0.01060330070156127f,-0.784536309457325f,-0.08681419434329268f,0f,0f,0f,1f], start_interpolation: 0, interpolation_duration: 1 }
$data merge entity $(bone_leg_left_1) { transformation: [-0.8985575773356499f,0.3891637497222443f,-0.20284441356569408f,0.4343565351432206f,0.060127834680001f,0.5670251031971283f,0.8215029980718148f,0.4688096730600986f,0.4347170616727418f,0.7259711483567431f,-0.5329042766240567f,0.1300150625265747f,0f,0f,0f,1f], start_interpolation: 0, interpolation_duration: 1 }
$data merge entity $(bone_leg_left_0) { transformation: [-0.8761025274970938f,-0.41395862498383806f,-0.24714897959468596f,0.19007302799057943f,0.032518439837399764f,0.4607203486622816f,-0.8869494412868454f,0.7256877852271176f,0.4810269351956767f,-0.7850955464973649f,-0.3901769732906575f,-0.09054441286989745f,0f,0f,0f,1f], start_interpolation: 0, interpolation_duration: 1 }
$data merge entity $(bone_leg_right_3) { transformation: [-0.9952528889821387f,0.0869327277853511f,-0.04375371769924077f,-0.2711037981895858f,0.08887065550224911f,0.9950492422970397f,-0.044486087653195075f,0.024356144408477248f,0.039669806696117874f,-0.04816332882894685f,-0.9980514015784994f,-0.021519681587615427f,0f,0f,0f,1f], start_interpolation: 0, interpolation_duration: 1 }
$data merge entity $(bone_leg_right_2) { transformation: [-1.0161952579303888f,0.13186540876139594f,-0.04495454629595443f,-0.2401789564483719f,0.13247459683130516f,1.0170475167523683f,-0.011270730363137513f,0.26087460961331144f,0.043126308152544965f,-0.01697239348840975f,-1.0246532383714504f,-0.05720920170831928f,0f,0f,0f,1f], start_interpolation: 0, interpolation_duration: 1 }
$data merge entity $(bone_leg_right_1) { transformation: [-0.9451721362842231f,0.14778760752033218f,-0.2912189139725206f,-0.2034082165483431f,-0.20151958347912238f,0.4377761381811428f,0.8762088280276601f,0.3293204869426014f,0.25698149790659874f,0.8868544840629836f,-0.38399171062805443f,0.2092048749160097f,0f,0f,0f,1f], start_interpolation: 0, interpolation_duration: 1 }
$data merge entity $(bone_leg_right_0) { transformation: [-0.9625137363362182f,-0.2694237799032285f,-0.03127513687819547f,-0.19472987093612784f,-0.16236225348915787f,0.6646914514042782f,-0.729262485715532f,0.668545249964732f,0.2172689715675381f,-0.6968472581941687f,-0.6835189044505307f,-0.03402038083360895f,0f,0f,0f,1f], start_interpolation: 0, interpolation_duration: 1 }
$data merge entity $(bone_tail_4) { transformation: [-0.923810473712117f,-1.1581245312342374f,2.3304469765290254f,0.7076517155634177f,0.571858255315353f,2.322141819507606f,1.3806870889240555f,0.5960155904468896f,-2.538742538361753f,0.9444926002078479f,-0.5370115302906856f,-1.394160023554615f,0f,0f,0f,1f], start_interpolation: 0, interpolation_duration: 1 }
$data merge entity $(bone_tail_3) { transformation: [-0.8765190914269122f,-0.5184084159757117f,1.8162908695069027f,0.40474893687347374f,0.18008140663954897f,1.9702724810780796f,0.6492630925392201f,0.46664389988618615f,-1.8802208634602764f,0.4303772654270021f,-0.7845319879117191f,-1.2653439695157562f,0f,0f,0f,1f], start_interpolation: 0, interpolation_duration: 1 }
$data merge entity $(bone_tail_2) { transformation: [-1.3449838328310944f,-0.034849016923703936f,1.4172430668185358f,0.14028371220924019f,-0.032080004666061535f,1.9538257418493403f,0.017598829230237464f,0.4638135130508664f,-1.4173084483366287f,-0.011153094149202765f,-1.345320127615466f,-1.0163025717064773f,0f,0f,0f,1f], start_interpolation: 0, interpolation_duration: 1 }
$data merge entity $(bone_tail_1) { transformation: [-1.4025350739128837f,0.05673329133955577f,0.5633231311582767f,0.019709296115805963f,-0.10637727143853293f,1.4516798670569087f,-0.41105436343983615f,0.5346241690699273f,-0.5560894645337893f,-0.42078872042322785f,-1.3421466425838522f,-0.7218126089289563f,0f,0f,0f,1f], start_interpolation: 0, interpolation_duration: 1 }
$data merge entity $(bone_tail_0) { transformation: [-1.238238732105316f,0.1336245524562443f,0.28765437225795076f,-0.06112539868558864f,-0.020721524505181298f,1.122686767737199f,-0.6107215049054758f,0.7401836188881656f,-0.3164983053989838f,-0.5962840070911648f,-1.0854077216193474f,-0.41902064072707385f,0f,0f,0f,1f], start_interpolation: 0, interpolation_duration: 1 }
$data merge entity $(bone_body_1) { transformation: [-1.210248591387256f,-0.15139601942799033f,-0.202440577461073f,-0.0038632038772046613f,-0.1797197292496777f,1.2116001561205778f,0.1683165935469946f,0.6194425f,0.17777446672634312f,0.19418780097163982f,-1.208011561198904f,-0.15125480074297176f,0f,0f,0f,1f], start_interpolation: 0, interpolation_duration: 1 }