# This file was generated by Animated Java via MC-Build. It is not recommended to edit this file directly.
$data merge entity $(bone_head_lower) { transformation: [-0.9812222321788406f,-0.10282361004829865f,-0.19212741875863495f,0.035355997451546814f,-0.19714191168629577f,0.7964572535383264f,0.5805804153492481f,0.4811106487973418f,0.0928477596869908f,0.6044550084556076f,-0.7976817316563578f,0.8326990915387436f,0f,0f,0f,1f], start_interpolation: 0, interpolation_duration: 1 }
$data merge entity $(bone_head_upper) { transformation: [-1.0213538126323585f,-0.22506803653636578f,-0.02817334471920343f,0.028042900588594218f,-0.2052049337318021f,0.9722184142252603f,-0.3275595506394268f,0.48029676236191843f,0.0966451943716222f,-0.3142430635235114f,-0.9932391315458161f,0.7572015590279995f,0f,0f,0f,1f], start_interpolation: 0, interpolation_duration: 1 }
$data merge entity $(bone_neck_0) { transformation: [-0.9997329237072414f,0.022822444954407394f,-0.003635555263518095f,0.0277604063958676f,0.022992749814264014f,0.9664275717078101f,-0.2559083470677026f,0.44805488773957153f,-0.0023269533191946773f,-0.2559235914276917f,-0.9666942125817255f,0.698848170333213f,0f,0f,0f,1f], start_interpolation: 0, interpolation_duration: 1 }
$data merge entity $(bone_neck_1) { transformation: [-0.9941031477003751f,-0.10728071995861115f,-0.015804393609638808f,0.02592733795770574f,-0.10643192759436353f,0.9931971877156512f,-0.047239719540545705f,0.4486285987673259f,0.02076479040959708f,-0.04527906181540542f,-0.9987585444141954f,0.6140316179375345f,0f,0f,0f,1f], start_interpolation: 0, interpolation_duration: 1 }
$data merge entity $(bone_neck_2) { transformation: [-0.9937643776618815f,-0.10408787292355058f,-0.03997594777543356f,0.0214060597821273f,-0.10941720976658864f,0.9793469473569921f,0.17002185421126056f,0.47311220706660606f,0.02145310926620526f,0.17333571880253537f,-0.984629114281119f,0.5294677878300523f,0f,0f,0f,1f], start_interpolation: 0, interpolation_duration: 1 }
$data merge entity $(bone_body_0) { transformation: [-0.9935806693627538f,-0.10436365027807067f,-0.04365411743809083f,-0.0001621562869659794f,-0.1104318137444929f,0.9785076532904555f,0.1741481753137461f,0.5645090975684753f,0.024541148745804264f,0.17785106396263758f,-0.9837513563221116f,0.06752371636110141f,0f,0f,0f,1f], start_interpolation: 0, interpolation_duration: 1 }
$data merge entity $(bone_leg_left_3) { transformation: [-0.937080844638848f,0.004332497153679435f,-0.3490855483679559f,0.380975631994268f,0.0029413632911484133f,0.9999854812428354f,0.004515050999146397f,0.01738499612242339f,0.3491000415252519f,0.003204180386427835f,-0.9370799828377079f,-0.3050771317746255f,0f,0f,0f,1f], start_interpolation: 0, interpolation_duration: 1 }
$data merge entity $(bone_leg_left_2) { transformation: [-0.9208375847037821f,-0.3425030515631318f,-0.29463876487580826f,0.2906044429728536f,-0.30971792778828977f,0.96554938489652f,-0.1544389524478012f,0.23719981077683827f,0.328930307670374f,-0.049681430098066824f,-0.9702570833031722f,-0.34613279544380343f,0f,0f,0f,1f], start_interpolation: 0, interpolation_duration: 1 }
$data merge entity $(bone_leg_left_1) { transformation: [-0.9965619007843971f,0.07089387233183453f,-0.04287699582278637f,0.33198528082691825f,0.00018754607070176375f,0.5194449220606446f,0.8545039132572083f,0.3329933451801991f,0.0828513290868714f,0.8515580026112191f,-0.5176723147487515f,-0.08898573501966905f,0f,0f,0f,1f], start_interpolation: 0, interpolation_duration: 1 }
$data merge entity $(bone_leg_left_0) { transformation: [-0.9943594567054796f,-0.06799583182072721f,-0.08139924886257102f,0.19629454768919516f,-0.057862535205289986f,0.9909700925117482f,-0.12095537510534293f,0.7251989310879077f,0.08888868251920469f,-0.11556315417236163f,-0.9893148940139006f,-0.04348758244408263f,0f,0f,0f,1f], start_interpolation: 0, interpolation_duration: 1 }
$data merge entity $(bone_leg_right_3) { transformation: [-0.9602273094526655f,0.018091412451362504f,0.2786327600566916f,-0.2959018742660682f,0.05133190819316532f,0.9923284004984438f,0.11246946592496943f,0.03307911513519676f,-0.2744604696172903f,0.12229900391955012f,-0.9537894968271263f,0.10853422489458794f,0f,0f,0f,1f], start_interpolation: 0, interpolation_duration: 1 }
$data merge entity $(bone_leg_right_2) { transformation: [-0.9842763297389558f,0.1963807246692683f,0.21141645440853926f,-0.24206511214933438f,0.050438281395736945f,0.8570330227293186f,-0.5612598125841414f,0.21542857735748971f,-0.28410963726376703f,-0.5281961836576579f,-0.832077343210372f,-0.03986169397800901f,0f,0f,0f,1f], start_interpolation: 0, interpolation_duration: 1 }
$data merge entity $(bone_leg_right_1) { transformation: [-0.9837916282012014f,-0.09596310341960415f,-0.1514764505238612f,-0.27969437074775744f,-0.17157907117987653f,0.7492268324375742f,0.6397028809444347f,0.38162554803330895f,0.05210234749298995f,0.6553245274958334f,-0.7535483455280638f,0.17917253050592755f,0f,0f,0f,1f], start_interpolation: 0, interpolation_duration: 1 }
$data merge entity $(bone_leg_right_0) { transformation: [-0.9963576586375834f,-0.08509877538456391f,-0.005441920826390202f,-0.19681179982504218f,-0.05691201079952388f,0.7111506298446291f,-0.70073233456031f,0.7245078689418019f,0.06350148896670091f,-0.6978703175373164f,-0.7134035189143499f,-0.04414220705095526f,0f,0f,0f,1f], start_interpolation: 0, interpolation_duration: 1 }
$data merge entity $(bone_tail_4) { transformation: [-1.6564967012632243f,-0.9464718003437077f,1.9964646607085734f,0.39749686801677475f,2.182062164998411f,-0.3091187559683624f,1.6639446007577958f,1.9643190140162246f,-0.3468208736314812f,2.5757131162966727f,0.9333158927987799f,-1.01890017703564f,0f,0f,0f,1f], start_interpolation: 0, interpolation_duration: 1 }
$data merge entity $(bone_tail_3) { transformation: [-1.6991863478860498f,-0.31994762842079394f,1.1603209884639778f,0.2038802457464649f,1.1003459227287793f,0.4006229524574974f,1.7218262474311494f,1.6684405009341672f,-0.48780132383611274f,2.0181873775932186f,-0.15784518818002838f,-1.0118850140473277f,0f,0f,0f,1f], start_interpolation: 0, interpolation_duration: 1 }
$data merge entity $(bone_tail_2) { transformation: [-1.8111588551689037f,-0.07000474879202621f,0.7304634224193629f,0.06673278076028218f,0.6137551625330957f,0.9217331181560375f,1.6101200372522224f,1.3697958699711121f,-0.4022214275868661f,1.7217088223749366f,-0.832292333948277f,-0.8570514220398274f,0f,0f,0f,1f], start_interpolation: 0, interpolation_duration: 1 }
$data merge entity $(bone_tail_1) { transformation: [-1.504567100865641f,-0.02208596224972591f,0.15312184450386063f,0.03549006741076805f,0.10560862239173867f,0.9473217253623643f,1.1743443351645177f,1.1054091462678444f,-0.11305267740871923f,1.1788765876579188f,-0.9408109975987435f,-0.6689019330932979f,0f,0f,0f,1f], start_interpolation: 0, interpolation_duration: 1 }
$data merge entity $(bone_tail_0) { transformation: [-1.2724671952072004f,-0.003785200474512485f,0.1210315081411299f,0.000030504067767482813f,0.07965473956705364f,0.9360951209556814f,0.8667276178659019f,0.8747208344791302f,-0.09120348770772693f,0.8703719396696818f,-0.9316492510862715f,-0.3756487430469184f,0f,0f,0f,1f], start_interpolation: 0, interpolation_duration: 1 }
$data merge entity $(bone_body_1) { transformation: [-1.236363875302071f,-0.002845653026190518f,0.0009301414678374055f,0.000005934131176453471f,-0.0021734685243234367f,1.11733032775817f,0.5293135269031427f,0.6764027272727273f,-0.0020588683467947333f,0.5293103399584452f,-1.1173320545524756f,-0.1515374993365254f,0f,0f,0f,1f], start_interpolation: 0, interpolation_duration: 1 }