# This file was generated by Animated Java via MC-Build. It is not recommended to edit this file directly.
$data merge entity $(bone_head_lower) { transformation: [-0.9721319475976273f,-0.12429061852104542f,-0.1987745421519057f,0.03799821569470628f,-0.22088638486697354f,0.7696753649694538f,0.599006709093928f,0.4909836924786949f,0.07854095390586383f,0.6262201487550477f,-0.7756801169636632f,0.8327675389656788f,0f,0f,0f,1f], start_interpolation: 0, interpolation_duration: 1 }
$data merge entity $(bone_head_upper) { transformation: [-1.0118917391993922f,-0.22481289448717554f,-0.09490107057264552f,0.02609375165269436f,-0.2299205459720391f,1.0139807907695328f,0.04951202958695635f,0.5170942180731719f,0.0817532461952162f,0.06909458015067647f,-1.0353812284921207f,0.7629679638892539f,0f,0f,0f,1f], start_interpolation: 0, interpolation_duration: 1 }
$data merge entity $(bone_neck_0) { transformation: [-0.9990946057658514f,-0.00005790396667798396f,-0.04254368785975739f,0.023666569360704916f,0.008567606544632152f,0.97923771334147f,-0.20253418696078318f,0.48810034522657775f,0.04167211114971501f,-0.20271531125423087f,-0.9783506210635459f,0.7029829626158199f,0f,0f,0f,1f], start_interpolation: 0, interpolation_duration: 1 }
$data merge entity $(bone_neck_1) { transformation: [-0.9976188326873189f,-0.047392220588488715f,-0.050106307939051506f,0.01920357739675196f,-0.04800606072999742f,0.9987851613848894f,0.01111843201842505f,0.4936435007383136f,0.04951850967849121f,0.013497363633412668f,-0.9986820006259092f,0.618443670128636f,0f,0f,0f,1f], start_interpolation: 0, interpolation_duration: 1 }
$data merge entity $(bone_neck_2) { transformation: [-0.998406346099466f,0.03641865321106645f,-0.04310974097121677f,0.015783402141210684f,0.026491114242721166f,0.9769547515450432f,0.21179620936112648f,0.5217634347642642f,0.04982959897984754f,0.21031665443291725f,-0.9763625944973784f,0.5349661156260141f,0f,0f,0f,1f], start_interpolation: 0, interpolation_duration: 1 }
$data merge entity $(bone_body_0) { transformation: [-0.9988156247674413f,0.03506010182430192f,-0.03373628581357941f,0.00021760844334626562f,0.029863578144667995f,0.9891544727151231f,0.14381097248841662f,0.5989639396026105f,0.038412425344193604f,0.14263316012672658f,-0.9890299627470546f,0.07019876218734489f,0f,0f,0f,1f], start_interpolation: 0, interpolation_duration: 1 }
$data merge entity $(bone_leg_left_3) { transformation: [-0.9102681898419228f,0.045213718858383996f,-0.4115428801338985f,0.3394494395546789f,0.045165872140132804f,0.9989309721189957f,0.009846671276080937f,0.007999196424479937f,0.4115481339475743f,-0.009624581465863091f,-0.9113372048127284f,-0.26709448005160186f,0f,0f,0f,1f], start_interpolation: 0, interpolation_duration: 1 }
$data merge entity $(bone_leg_left_2) { transformation: [-0.9329687511746059f,-0.26913887145579574f,-0.330447842637672f,0.2650538534716455f,-0.22600459856796543f,0.9867008806797807f,-0.16554604493183228f,0.23253100616863775f,0.3613217821534203f,-0.07776785607138825f,-0.9567972250190898f,-0.3142308274959139f,0f,0f,0f,1f], start_interpolation: 0, interpolation_duration: 1 }
$data merge entity $(bone_leg_left_1) { transformation: [-0.995109007710238f,0.0986592346424281f,-0.004941476876007496f,0.31193677965755506f,0.056600912820965216f,0.6104642718820621f,0.7900188032087194f,0.35534819452441924f,0.08095924556083324f,0.7858751352315927f,-0.6130626985740909f,-0.06983091927908852f,0f,0f,0f,1f], start_interpolation: 0, interpolation_duration: 1 }
$data merge entity $(bone_leg_left_0) { transformation: [-0.995933967567337f,-0.016286325636517218f,-0.08860185010960041f,0.19695213872993803f,-0.0010813896860279032f,0.98561292695195f,-0.16901475918261366f,0.7559649805439789f,0.09007975822530681f,-0.16823172656330698f,-0.981623004689478f,-0.04549983474595687f,0f,0f,0f,1f], start_interpolation: 0, interpolation_duration: 1 }
$data merge entity $(bone_leg_right_3) { transformation: [-0.958221528527319f,0.020045651113365176f,0.28532380576848093f,-0.2920723732005479f,0.0744272424565596f,0.9806522421961688f,0.18105735405097056f,0.11235650453815982f,-0.2761740173279902f,0.19472891862039227f,-0.9411740330065695f,0.0936194284777843f,0f,0f,0f,1f], start_interpolation: 0, interpolation_duration: 1 }
$data merge entity $(bone_leg_right_2) { transformation: [-0.9951657883959343f,0.1780127627872447f,0.17325908170091756f,-0.24367949638834133f,0.08953555296241271f,0.9243563659653482f,-0.43544332921259005f,0.3142265785464816f,-0.23171240334239346f,-0.4073560659728553f,-0.9123774422644966f,-0.02917175508084449f,0f,0f,0f,1f], start_interpolation: 0, interpolation_duration: 1 }
$data merge entity $(bone_leg_right_1) { transformation: [-0.9805237412108626f,-0.07042871792278375f,-0.18333845372317964f,-0.2726169372178032f,-0.18657699225321367f,0.6255606258263303f,0.7575374112065448f,0.44027911087749244f,0.06133692919928237f,0.7769901538034588f,-0.626517423547725f,0.21636188675046641f,0f,0f,0f,1f], start_interpolation: 0, interpolation_duration: 1 }
$data merge entity $(bone_leg_right_0) { transformation: [-0.9951114168187973f,-0.0931401871407274f,0.03283555475816198f,-0.19615261918962526f,-0.08380045781905866f,0.6204238156554509f,-0.7797767451244281f,0.7571003159438139f,0.05225659179665418f,-0.7787163761645965f,-0.6251960125487658f,-0.044568775788957335f,0f,0f,0f,1f], start_interpolation: 0, interpolation_duration: 1 }
$data merge entity $(bone_tail_4) { transformation: [-1.2266068838916677f,-0.563035546648092f,2.409167461427341f,0.36552340181766624f,2.2980776201376005f,0.736807839220335f,1.3422424488467666f,1.8409391421833279f,-0.9164802975581506f,2.6011087083922777f,0.14127520275539462f,-1.2720241136233008f,0f,0f,0f,1f], start_interpolation: 0, interpolation_duration: 1 }
$data merge entity $(bone_tail_3) { transformation: [-1.6554838012788144f,-0.09291692141035364f,1.2596369935277045f,0.15284478152315198f,1.0554480997975768f,1.0389273628704918f,1.4637639049235691f,1.5825721561562045f,-0.693792633559608f,1.8022047348842005f,-0.7788808645895953f,-1.1575906900284099f,0f,0f,0f,1f], start_interpolation: 0, interpolation_duration: 1 }
$data merge entity $(bone_tail_2) { transformation: [-1.8320241976576772f,0.034220878487729096f,0.679183440371634f,0.025239525213208925f,0.5183122563367019f,1.3337376961362524f,1.3308906934226779f,1.3358631132364815f,-0.44024268208645784f,1.427846828053859f,-1.2594497574292638f,-0.9234475059020113f,0f,0f,0f,1f], start_interpolation: 0, interpolation_duration: 1 }
$data merge entity $(bone_tail_1) { transformation: [-1.5118507606157894f,-0.003464998965544833f,0.04417602752204352f,0.01722007273124431f,0.02648922869250066f,1.138112255246458f,0.9958187913576941f,1.1076364660618963f,-0.03552250538371374f,0.9961650155671955f,-1.1375630370978451f,-0.6907997831532919f,0f,0f,0f,1f], start_interpolation: 0, interpolation_duration: 1 }
$data merge entity $(bone_tail_0) { transformation: [-1.2768039923335595f,0.007939782305905153f,0.05953353342484034f,0.00001459166697529055f,0.04345027182088886f,0.9968274925833529f,0.7989259918745318f,0.8982269455568643f,-0.04146511333401389f,0.8000672637165881f,-0.995996352648581f,-0.38043945153215686f,0f,0f,0f,1f], start_interpolation: 0, interpolation_duration: 1 }
$data merge entity $(bone_body_1) { transformation: [-1.236358875847232f,0.004451907097874669f,-0.001227066913848482f,1.8557991432579204e-17f,0.003570758100406325f,1.12995695519243f,0.5017859345927217f,0.7054581249999999f,0.00292828560894444f,0.5017788905401409f,-1.1299619308666764f,-0.1515375f,0f,0f,0f,1f], start_interpolation: 0, interpolation_duration: 1 }