# This file was generated by Animated Java via MC-Build. It is not recommended to edit this file directly.
$data merge entity $(bone_head_lower) { transformation: [-0.972997712916242f,-0.19701136845376058f,-0.12025793678480767f,0.025922291225714985f,-0.23038404743522653f,0.8607643137280042f,0.4538810272524301f,0.5045355720531852f,0.014094018132720897f,0.46933071166538265f,-0.8829099850723969f,0.8131011720498047f,0f,0f,0f,1f], start_interpolation: 0, interpolation_duration: 1 }
$data merge entity $(bone_head_upper) { transformation: [-1.0127929139588028f,-0.17950676699718243f,-0.15968649479703537f,0.010568748082912981f,-0.23980665898197423f,0.7975423274182851f,0.624412479750073f,0.5654150826778213f,0.014670457601841628f,0.6443411357052655f,-0.8173623560547113f,0.7712274285956566f,0f,0f,0f,1f], start_interpolation: 0, interpolation_duration: 1 }
$data merge entity $(bone_neck_0) { transformation: [-0.99799663061183f,-0.055163399573538933f,-0.03097942276616492f,0.009783443588154254f,-0.055038075416586056f,0.9984723099553966f,-0.004884312313156947f,0.5489099603375287f,0.031201531082190155f,-0.0031694794248201263f,-0.9995080884406603f,0.7066387261185254f,0f,0f,0f,1f], start_interpolation: 0, interpolation_duration: 1 }
$data merge entity $(bone_neck_1) { transformation: [-0.9990342482580128f,0.032722263015622574f,-0.029322760966245504f,0.007450168248505676f,0.02868717975489679f,0.9912560393248189f,0.1287963905541738f,0.5643872977362577f,0.03328087326464546f,0.1278308179008858f,-0.9912374415192019f,0.6232568054296462f,0f,0f,0f,1f], start_interpolation: 0, interpolation_duration: 1 }
$data merge entity $(bone_neck_2) { transformation: [-0.9781144498161f,0.20789254035465277f,0.00853315450680964f,0.010233134484870786f,0.20088820642571484f,0.9328897513654035f,0.2989325012715325f,0.5997096005633655f,0.05418534469768915f,0.29410440911738206f,-0.9542361054569819f,0.5425380318013385f,0f,0f,0f,1f], start_interpolation: 0, interpolation_duration: 1 }
$data merge entity $(bone_body_0) { transformation: [-0.9781461278885575f,0.20640552371105905f,-0.02503821635390714f,0.0003989876308381464f,0.2039226537484243f,0.9758616562178699f,0.07816379732277617f,0.6458442072298954f,0.04056727480151787f,0.07134975616832351f,-0.9966260625279167f,0.07351160149436436f,0f,0f,0f,1f], start_interpolation: 0, interpolation_duration: 1 }
$data merge entity $(bone_leg_left_3) { transformation: [-0.8673287286056662f,0.10736365333349146f,-0.48601843841377496f,0.2722510299785966f,0.10913837379592657f,0.9937183240681604f,0.02475293470170578f,0.0064391808296556385f,0.4856229935870614f,-0.03157433061922549f,-0.873597945135798f,-0.18140500696733697f,0f,0f,0f,1f], start_interpolation: 0, interpolation_duration: 1 }
$data merge entity $(bone_leg_left_2) { transformation: [-0.9479337017140738f,-0.15939750432901162f,-0.3578775380895404f,0.22256508048557364f,-0.09164632453524725f,1.0011903524740149f,-0.20317733341303632f,0.2333939305504713f,0.3809000496908971f,-0.15579638387117567f,-0.9395237295666522f,-0.24616548927062365f,0f,0f,0f,1f], start_interpolation: 0, interpolation_duration: 1 }
$data merge entity $(bone_leg_left_1) { transformation: [-0.9875693644734403f,0.14632157661907585f,0.05741730200238491f,0.2789389430447246f,0.14608001853751001f,0.7195233037816986f,0.6789306617756706f,0.38994871590492963f,0.05802911801506112f,0.6788786427122134f,-0.7319538304644746f,-0.024070976815797188f,0f,0f,0f,1f], start_interpolation: 0, interpolation_duration: 1 }
$data merge entity $(bone_leg_left_0) { transformation: [-0.9932057980697232f,0.06611253893837529f,-0.09576729543955016f,0.19720730595964123f,0.09008943025283334f,0.9577450198445827f,-0.2731453304005395f,0.7987014792705187f,0.07366231897927289f,-0.27991714695248987f,-0.9571939477475679f,-0.04748884402953088f,0f,0f,0f,1f], start_interpolation: 0, interpolation_duration: 1 }
$data merge entity $(bone_leg_right_3) { transformation: [-0.9505386211238797f,0.04214577767023293f,0.3077337537165604f,-0.290306985142226f,0.11933988793173919f,0.9642598501162727f,0.23656063197874574f,0.25320897373721996f,-0.28676527143354247f,0.2615849286146182f,-0.9215959007186024f,0.07508407056768522f,0f,0f,0f,1f], start_interpolation: 0, interpolation_duration: 1 }
$data merge entity $(bone_leg_right_2) { transformation: [-1.0084821331537717f,0.14796350248923876f,0.11459837931414942f,-0.25071076704065637f,0.12212356552922737f,0.9961943493964386f,-0.21152979098398794f,0.4786937523139402f,-0.1418161533561714f,-0.19433429872880964f,-0.9970880394857493f,-0.0008094483142063735f,0f,0f,0f,1f], start_interpolation: 0, interpolation_duration: 1 }
$data merge entity $(bone_leg_right_1) { transformation: [-0.9731796856226652f,-0.026289873415828682f,-0.22853914773436557f,-0.265113526391645f,-0.21950747976800233f,0.4033673625467717f,0.8883193328741422f,0.5367913046179176f,0.06883143044620346f,0.9146603814464912f,-0.39831974693063926f,0.2701714008230154f,0f,0f,0f,1f], start_interpolation: 0, interpolation_duration: 1 }
$data merge entity $(bone_leg_right_0) { transformation: [-0.989316616127222f,-0.09348910149818067f,0.11185893328494462f,-0.19589299446027905f,-0.14208068435643914f,0.44650587947514875f,-0.8834283098966946f,0.8005411305674444f,0.03264524754675208f,-0.8898832999304949f,-0.4550186812839935f,-0.04598018597544781f,0f,0f,0f,1f], start_interpolation: 0, interpolation_duration: 1 }
$data merge entity $(bone_tail_4) { transformation: [-1.2747289642530695f,0.071089648285906f,2.448606473323323f,0.23661639564409015f,1.5384403282056207f,2.1712712453698235f,0.7378643962007909f,1.4865270308686596f,-1.9062866405252066f,1.7047547543669623f,-1.0418943339985876f,-1.624451001034711f,0f,0f,0f,1f], start_interpolation: 0, interpolation_duration: 1 }
$data merge entity $(bone_tail_3) { transformation: [-1.7931150705156642f,0.15981595306276564f,1.0464906741489328f,0.057606324891776486f,0.5921348596252559f,1.8577182080340187f,0.7308932162771093f,1.3444153198160438f,-0.8775307276389965f,0.9269775869620356f,-1.6451741249374972f,-1.3545614688447516f,0f,0f,0f,1f], start_interpolation: 0, interpolation_duration: 1 }
$data merge entity $(bone_tail_2) { transformation: [-1.903081501992375f,0.089481014556498f,0.43479629691518973f,-0.024607288883305f,0.23005902608265613f,1.835757835338732f,0.6291580799076884f,1.2280631468032395f,-0.3796412995119496f,0.6638977278385346f,-1.7983009107706325f,-1.0203840047416484f,0f,0f,0f,1f], start_interpolation: 0, interpolation_duration: 1 }
$data merge entity $(bone_tail_1) { transformation: [-1.5110017803751796f,-0.017392577799834334f,-0.06501821237556878f,-0.008959920050756992f,-0.04117650729820927f,1.3946602155198373f,0.5838524030034318f,1.0854156822406393f,0.0532387542093011f,0.5850441278088668f,-1.3937522210086715f,-0.7276664997965083f,0f,0f,0f,1f], start_interpolation: 0, interpolation_duration: 1 }
$data merge entity $(bone_tail_0) { transformation: [-1.277853345227921f,0.0023829954133151084f,-0.030345774115997093f,-0.0000346736283949645f,-0.012701012192086221f,1.1163195530660335f,0.622499041216752f,0.9304457735375233f,0.02766277215203634f,0.6226240385331578f,-1.115979298312273f,-0.3865263839003721f,0f,0f,0f,1f], start_interpolation: 0, interpolation_duration: 1 }
$data merge entity $(bone_body_1) { transformation: [-1.2363448565072552f,0.007145952290780789f,-0.0022195067386078762f,1.8557991432579204e-17f,0.0057859111689594f,1.1455145448924402f,0.46515324972320765f,0.745145625f,0.004744900025264163f,0.4651343438856926f,-1.1455270067170074f,-0.1515375f,0f,0f,0f,1f], start_interpolation: 0, interpolation_duration: 1 }