# This file was generated by Animated Java via MC-Build. It is not recommended to edit this file directly.
$data merge entity $(bone_head_lower) { transformation: [-0.9946961457049789f,-0.10248106084449612f,-0.008786915718619129f,0.018910485003045877f,-0.10243035230864547f,0.9791746558746548f,0.17528552769318356f,0.32814556894940883f,-0.009359521653706286f,0.17525588566703765f,-0.9844784273377837f,0.7953795960883016f,0f,0f,0f,1f], start_interpolation: 0, interpolation_duration: 1 }
$data merge entity $(bone_head_upper) { transformation: [-1.0353788036075853f,-0.06998510164027905f,-0.08102321378489259f,0.011432049952256117f,-0.10661971103875562f,0.6023150507312194f,0.8422118257684156f,0.3996971608356053f,-0.009742322189542185f,0.8460440932921615f,-0.6062890580798127f,0.7725782978897523f,0f,0f,0f,1f], start_interpolation: 0, interpolation_duration: 1 }
$data merge entity $(bone_neck_0) { transformation: [-0.9988078308871721f,-0.04141718170332438f,-0.02583667970572274f,0.010756420095325701f,-0.04672861867770723f,0.9643033831570396f,0.26064424303705847f,0.4009135535057653f,0.014119247675981966f,0.2615408233749401f,-0.9650891381387642f,0.7059239644412413f,0f,0f,0f,1f], start_interpolation: 0, interpolation_duration: 1 }
$data merge entity $(bone_neck_1) { transformation: [-0.9973001589872699f,-0.06674947560020411f,-0.030608828645733846f,0.007855944077750381f,-0.07277098480374425f,0.9542007876846954f,0.29018139249889907f,0.42989160983496355f,0.009837512625626578f,0.2916253834785386f,-0.9564820223382852f,0.626240865011158f,0f,0f,0f,1f], start_interpolation: 0, interpolation_duration: 1 }
$data merge entity $(bone_neck_2) { transformation: [-0.9997185561003022f,-0.006268314429158728f,-0.022880490006640546f,0.005790070833535636f,-0.0153439624080124f,0.9064178450304835f,0.42210336770501594f,0.47574542783518237f,0.01809340781467879f,0.42233564666567247f,-0.9062589200383849f,0.5509807166145313f,0f,0f,0f,1f], start_interpolation: 0, interpolation_duration: 1 }
$data merge entity $(bone_body_0) { transformation: [-0.9998332715417277f,-0.014493958192351997f,-0.01110649783163286f,0.0004175469856240455f,-0.014409935882827431f,0.9998672257234061f,-0.0076081976861751555f,0.4816846979554769f,0.011215296073600346f,-0.007446885261468028f,-0.9999093764106245f,0.07965623628164353f,0f,0f,0f,1f], start_interpolation: 0, interpolation_duration: 1 }
$data merge entity $(bone_leg_left_3) { transformation: [-0.9590993725823618f,-0.00200783220955939f,-0.28306247035228455f,0.25095820605632635f,-0.018946234790471563f,0.9981878133912314f,0.05711505392185062f,0.05311959695086982f,0.2824348308891523f,0.06014198040512006f,-0.9573993464033519f,-0.11639372034647302f,0f,0f,0f,1f], start_interpolation: 0, interpolation_duration: 1 }
$data merge entity $(bone_leg_left_2) { transformation: [-1.0172502276522388f,-0.12429989016672138f,-0.042587687736050234f,0.21908979191291886f,-0.11235961201166186f,0.9952733461579127f,-0.22106217115760457f,0.27811024535123186f,0.06811381233458523f,-0.2145756352265239f,-1.000689764530984f,-0.19723111502483037f,0f,0f,0f,1f], start_interpolation: 0, interpolation_duration: 1 }
$data merge entity $(bone_leg_left_1) { transformation: [-0.959742060967978f,0.01062451415223209f,0.2806818414289869f,0.2262036910624904f,0.2808766397481629f,0.029655933712579186f,0.9592855877367362f,0.22969609171192407f,0.0018680612191985958f,0.9995036994902338f,-0.031446224775276144f,0.07593339186807617f,0f,0f,0f,1f], start_interpolation: 0, interpolation_duration: 1 }
$data merge entity $(bone_leg_left_0) { transformation: [-0.9722600683616887f,0.18388692263506967f,-0.14455434671129225f,0.1971211533896724f,0.2318370956684675f,0.8395583125388849f,-0.49131802421534443f,0.626287331965664f,0.031014843886991147f,-0.5112019557187393f,-0.858900832417807f,-0.051254943764412295f,0f,0f,0f,1f], start_interpolation: 0, interpolation_duration: 1 }
$data merge entity $(bone_leg_right_3) { transformation: [-0.9350679486632302f,0.06587176150672303f,0.3482941894702528f,-0.24906877172073638f,0.13745046969512079f,0.97308294856258f,0.18497822465724384f,0.06410079735252786f,-0.3267342953583684f,0.2208404090123829f,-0.9189527811503232f,-0.048687017764182834f,0f,0f,0f,1f], start_interpolation: 0, interpolation_duration: 1 }
$data merge entity $(bone_leg_right_2) { transformation: [-1.0191893872633404f,0.08674734376858609f,0.0760926457653165f,-0.2249153399725471f,0.08612031655870521f,1.0220129777407372f,-0.011617396697792225f,0.301837903785567f,-0.07680158505069778f,-0.00515472397905432f,-1.0228084595148275f,-0.08137879082174265f,0f,0f,0f,1f], start_interpolation: 0, interpolation_duration: 1 }
$data merge entity $(bone_leg_right_1) { transformation: [-0.9551204859408174f,-0.007007653781211376f,-0.2961346824076159f,-0.23013504889369577f,-0.29298726646708595f,0.16958817033593132f,0.9409560638894123f,0.29216990446332813f,0.04362704464345123f,0.9854901040957204f,-0.16403028898677352f,0.1959164851705636f,0f,0f,0f,1f], start_interpolation: 0, interpolation_duration: 1 }
$data merge entity $(bone_leg_right_0) { transformation: [-0.970406013918686f,-0.1635592253196765f,0.17765288616646352f,-0.19598120592135837f,-0.241324184377204f,0.6305059422015555f,-0.7377159987984578f,0.627841842208042f,0.008649056892195361f,-0.7587559796544315f,-0.6513175547714951f,-0.04998012681378851f,0f,0f,0f,1f], start_interpolation: 0, interpolation_duration: 1 }
$data merge entity $(bone_tail_4) { transformation: [-1.8248538956896085f,0.33504478085748807f,2.0453152778499986f,0.051941378725528585f,-0.40041000260964166f,2.6168064589671487f,-0.7859116475265905f,0.5124334952973761f,-2.0335293016813423f,-0.8159229637214352f,-1.6806812987819628f,-1.7477922998146953f,0f,0f,0f,1f], start_interpolation: 0, interpolation_duration: 1 }
$data merge entity $(bone_tail_3) { transformation: [-1.9952571114179662f,0.08274459951143306f,0.5899558599015443f,-0.048903054675724596f,-0.16861323626665983f,1.8993495571681738f,-0.8366518764009262f,0.6357121092671905f,-0.5713704244499898f,-0.8494528338767253f,-1.8132598399366495f,-1.4320178755425144f,0f,0f,0f,1f], start_interpolation: 0, interpolation_duration: 1 }
$data merge entity $(bone_tail_2) { transformation: [-1.9498277024842339f,-0.07991090372533474f,0.10276211896234513f,-0.06946711351713741f,-0.11098678504472693f,1.8266486146638268f,-0.6854273463285039f,0.763484143575566f,-0.06802748836511952f,-0.6897412275740079f,-1.8271297640874364f,-1.0925728715995975f,0f,0f,0f,1f], start_interpolation: 0, interpolation_duration: 1 }
$data merge entity $(bone_tail_1) { transformation: [-1.5017009969055515f,-0.11439930928344245f,-0.1395104437966739f,-0.036612926222801497f,-0.09923056781087466f,1.5004909361368877f,-0.16228522724813593f,0.7801589643549194f,0.15067733839169398f,-0.15197367734748993f,-1.4972830697929755f,-0.7686604918916997f,0f,0f,0f,1f], start_interpolation: 0, interpolation_duration: 1 }
$data merge entity $(bone_tail_0) { transformation: [-1.2706808972566694f,-0.05059641492259953f,-0.12901851312115323f,-0.0001316996412490922f,-0.07597803853941051f,1.2495441383569919f,0.258268272425039f,0.7348406983652674f,0.11590130107430587f,0.26441476070501535f,-1.2451857047503478f,-0.3984074889658925f,0f,0f,0f,1f], start_interpolation: 0, interpolation_duration: 1 }
$data merge entity $(bone_body_1) { transformation: [-1.236351331952407f,0.005899197935303155f,-0.002275631665973253f,1.8557991432579204e-17f,0.00488911033774022f,1.1740971407802616f,0.38739720658255955f,0.5656925f,0.004009443335984053f,0.3873831417751489f,-1.1741051149231914f,-0.1515375f,0f,0f,0f,1f], start_interpolation: 0, interpolation_duration: 1 }