# This file was generated by Animated Java via MC-Build. It is not recommended to edit this file directly.
$data merge entity $(bone_head_lower) { transformation: [-0.999772159175987f,0.010720450300166984f,-0.01845810613107622f,0.009680014084267944f,-0.004137684586642736f,0.7509964945710064f,0.6602932263080713f,1.363947512320913f,0.020940613717030442f,0.6602191583765367f,-0.7507810290688839f,1.0325398907775871f,0f,0f,0f,1f], start_interpolation: 0, interpolation_duration: 1 }
$data merge entity $(bone_head_upper) { transformation: [-0.999772159175987f,-0.00179095499369132f,-0.021270219011448755f,0.009704273442601967f,-0.004137684586642736f,0.993833637526512f,0.11080424399400501f,1.3787920561833684f,0.020940613717030442f,0.11086700772110777f,-0.9936146120584793f,1.0181265534856967f,0f,0f,0f,1f], start_interpolation: 0, interpolation_duration: 1 }
$data merge entity $(bone_neck_0) { transformation: [-0.999772159175987f,0.0014002473782893168f,-0.02129950806624458f,0.005681672658387119f,-0.004137684586642736f,0.9662062712227296f,0.25773692210494525f,1.4107810175255144f,0.020940613717030442f,0.2577663297584634f,-0.9659803362077334f,0.8323655680717018f,0f,0f,0f,1f], start_interpolation: 0, interpolation_duration: 1 }
$data merge entity $(bone_neck_1) { transformation: [-0.9999534808971668f,-0.00606423503323402f,-0.0075007396369225175f,0.004324656038383989f,-0.0060758849348025775f,0.9999803690927132f,0.0015313560854232078f,1.41901304930383f,0.007491305887376546f,0.001576858479072074f,-0.9999706964973719f,0.6579051155696822f,0f,0f,0f,1f], start_interpolation: 0, interpolation_duration: 1 }
$data merge entity $(bone_neck_2) { transformation: [-0.9999534808971668f,-0.0030838880366178133f,-0.009139238273335962f,0.0018148262900754815f,-0.0060758849348025775f,0.9372852194098455f,0.348510403141853f,1.6315118405978963f,0.007491305887376546f,0.3485497197107116f,-0.9372603550912022f,0.49523724338381825f,0f,0f,0f,1f], start_interpolation: 0, interpolation_duration: 1 }
$data merge entity $(bone_arm_right_2) { transformation: [-0.8304163100167099f,0.3986124950571052f,0.38925162920992507f,-0.4201728449183177f,0.2318435984044346f,-0.3880580102704387f,0.8919974924537802f,1.0753131891478709f,0.5066135587774125f,0.8309747646284438f,0.22983394573819527f,0.8170652059249961f,0f,0f,0f,1f], start_interpolation: 0, interpolation_duration: 1 }
$data merge entity $(bone_arm_right_1) { transformation: [-0.7768323066621132f,-0.36857893400514097f,-0.5105694240097567f,-0.42127383860645223f,-0.009554595052502281f,0.8176098294907552f,-0.5756933875193297f,1.33072245706627f,0.6296350347934931f,-0.44233893806416374f,-0.6386673522522226f,0.5846677498546724f,0f,0f,0f,1f], start_interpolation: 0, interpolation_duration: 1 }
$data merge entity $(bone_arm_right_0) { transformation: [-0.3991580313420062f,0.8213020569703862f,-0.4075975922786918f,-0.15681230402393892f,0.8877843087039251f,0.45730586574264237f,0.052061179168997135f,1.4592271472991059f,0.22915472335142512f,-0.34107810890408213f,-0.9116763879755507f,0.456321051851751f,0f,0f,0f,1f], start_interpolation: 0, interpolation_duration: 1 }
$data merge entity $(bone_arm_left_2) { transformation: [-0.9804016909040034f,-0.14897723146803493f,-0.12891202029558907f,0.4187909112763889f,-0.10321261171031298f,-0.16895446426652005f,0.9802048488904499f,1.0448964274301011f,-0.16780846598579846f,0.9742998375800607f,0.1502669133074891f,0.5881918593253943f,0f,0f,0f,1f], start_interpolation: 0, interpolation_duration: 1 }
$data merge entity $(bone_arm_left_1) { transformation: [-0.9514008927953558f,0.27190822552586924f,-0.14457613246858236f,0.3626301311674349f,0.27466089093062884f,0.5368943928240464f,-0.7976877872622172f,1.2514935206743047f,-0.13927575589955765f,-0.7986302823243506f,-0.5854843601439199f,0.317254058798647f,0f,0f,0f,1f], start_interpolation: 0, interpolation_duration: 1 }
$data merge entity $(bone_arm_left_0) { transformation: [-0.8165475343343678f,-0.5697398547097461f,-0.09298721486194761f,0.16192286801203298f,-0.5237242877640882f,0.6633678264813475f,0.5344679571269093f,1.4611638356220742f,-0.24282296962697575f,0.4851181554474444f,-0.8400579626887696f,0.45393319810014965f,0f,0f,0f,1f], start_interpolation: 0, interpolation_duration: 1 }
$data merge entity $(bone_finger_right_1_fire) { transformation: [0.7359811367921693f,-6.40282821141412e-7f,-0.000014202581696497915f,-1.9761143724912467f,1.184611172279023f,-0.000002512543544602745f,0.000008687133969967935f,2.40266643313738f,-0.2094069709133938f,-0.000016463746251178807f,-7.734043702420019e-7f,0.14261082814766657f,0f,0f,0f,1f], start_interpolation: 0, interpolation_duration: 1 }
$data merge entity $(bone_finger_right_1_fire_s) { transformation: [0.20875101334468799f,-0.015366787707393883f,-0.3408619607159499f,-1.9761143724912467f,0.33599880522823183f,-0.06030104507046585f,0.20849121527923037f,2.40266643313738f,-0.05939543174998077f,-0.39512991002829123f,-0.01856170488580804f,0.14261082814766657f,0f,0f,0f,1f], start_interpolation: 0, interpolation_duration: 1 }
$data merge entity $(bone_finger_right_1) { transformation: [1.0375482032599914f,-0.07637703271580291f,-1.6941748412811288f,-1.091060162686155f,1.670003661665707f,-0.2997122742789008f,1.0362569375951831f,1.866417032589555f,-0.2952111345792045f,-1.9639010208166154f,-0.09225662307043553f,0.2249792044558641f,0f,0f,0f,1f], start_interpolation: 0, interpolation_duration: 1 }
$data merge entity $(bone_finger_right_2_fire) { transformation: [1.0760481177749759f,0.000006118794149673685f,0.000008866666159502402f,-0.3033316697537398f,-0.8296215908677423f,8.896208503398059e-7f,0.000013448263928265074f,2.589856030664485f,0.3777189522228196f,-0.000015477296620351295f,0.000004278341537259193f,0.3815261344172104f,0f,0f,0f,1f], start_interpolation: 0, interpolation_duration: 1 }
$data merge entity $(bone_finger_right_2_fire_s) { transformation: [0.3052063752234476f,0.14685105959216838f,0.21279998782805756f,-0.3033316697537398f,-0.2353108512279414f,0.02135090040815533f,0.3227583342783617f,2.589856030664485f,0.1071348300850179f,-0.3714551188884309f,0.10268019689422062f,0.3815261344172104f,0f,0f,0f,1f], start_interpolation: 0, interpolation_duration: 1 }
$data merge entity $(bone_finger_right_2) { transformation: [0.9479245846411298f,0.45609705749462875f,0.6609243988624647f,-0.5885346009055581f,-0.7308397170553619f,0.06631264955162673f,1.0024383001052533f,2.157382227012362f,0.3327444888219902f,-1.1536831071348024f,0.31890907560683823f,0.24296684385374312f,0f,0f,0f,1f], start_interpolation: 0, interpolation_duration: 1 }
$data merge entity $(bone_finger_film_right) { transformation: [2.8238158437634606f,0.009130405792213702f,-0.19889752701034352f,-0.9198784623503039f,0.7097669853496192f,0.0023116995994732895f,0.7912010285612917f,2.0586421928363765f,0.41487619638956597f,-0.06610008679804921f,0.00019673148381042248f,0.19770527747210787f,0f,0f,0f,1f], start_interpolation: 0, interpolation_duration: 1 }
$data merge entity $(bone_finger_right_0_fire) { transformation: [1.3326816157441626f,1.4276826655403262e-8f,-0.000005451518527413043f,-1.1556172431401268f,0.45921993662799054f,0.0000015338078395528294f,0.000015683472562973543f,2.7195301647303927f,0.043587882836976954f,-0.00001659593346158404f,0.0000014447878354645655f,0.2231367816188855f,0f,0f,0f,1f], start_interpolation: 0, interpolation_duration: 1 }
$data merge entity $(bone_finger_right_0_fire_s) { transformation: [0.3779969673747078f,0.0003426438397296782f,-0.130836444657913f,-1.1556172431401268f,0.13025147293448455f,0.03681138814926789f,0.3764033415113649f,2.7195301647303927f,0.012363108586488005f,-0.39830240307801684f,0.03467490805114956f,0.2231367816188855f,0f,0f,0f,1f], start_interpolation: 0, interpolation_duration: 1 }
$data merge entity $(bone_fire_large_right) { transformation: [0.000025199797824980526f,2.2842922648645218e-8f,-0.000008722429643860869f,-1.1564555060755393f,0.000008683431528965638f,0.0000024540925432845265f,0.000025093556100757665f,2.715865633318088f,8.242072390992006e-7f,-0.000026553493538534464f,0.0000023116605367433047f,0.3320027235541447f,0f,0f,0f,1f], start_interpolation: 0, interpolation_duration: 1 }
$data merge entity $(bone_finger_right_0) { transformation: [1.3821140177114972f,0.0012528482893975914f,-0.478392420566641f,-0.9267153503770376f,0.476253520816914f,0.13459773480692297f,1.3762870592043661f,2.0518608165127405f,0.04520466340920642f,-1.4563591300895093f,0.12678587559366158f,0.23324303822126036f,0f,0f,0f,1f], start_interpolation: 0, interpolation_duration: 1 }
$data merge entity $(bone_wing_right_1_model) { transformation: [-0.6611396679161218f,-0.6671408592277934f,0.38573889679212015f,-0.6144899786679763f,-0.5732315216361815f,0.7654280599553882f,0.3413247583716119f,1.6548266730403418f,-0.5150505267954483f,0.004476831867794617f,-0.875031425644816f,0.24677335857787128f,0f,0f,0f,1f], start_interpolation: 0, interpolation_duration: 1 }
$data merge entity $(bone_wing_right_0) { transformation: [-0.39461966000990245f,0.02820790137658544f,-0.9184114754474694f,-0.17423042520937848f,0.22619968304541663f,0.9717500451518682f,-0.0673465154072233f,1.7421293755834553f,0.8905666888694086f,-0.23432064366434102f,-0.3898522907831977f,0.3775224375529186f,0f,0f,0f,1f], start_interpolation: 0, interpolation_duration: 1 }
$data merge entity $(bone_finger_left_1_fire) { transformation: [0.8282199706646917f,-0.028280606981067064f,-0.048305709480440794f,1.9111141879454192f,-0.9999341943630765f,0.06273212134051813f,-0.03714335530041306f,2.4904303291416685f,0.5061741099723354f,0.17019945311360407f,0.005663747264206014f,0.12239986891532811f,0f,0f,0f,1f], start_interpolation: 0, interpolation_duration: 1 }
$data merge entity $(bone_finger_left_1_fire_s) { transformation: [0.2377266337137063f,0.06161900185527697f,0.31573588049746376f,1.9111141879454192f,-0.28701431791168364f,-0.13668344190259654f,0.24277647749184952f,2.4904303291416685f,0.14528877773882032f,-0.3708378828005829f,-0.037019396850040215f,0.12239986891532811f,0f,0f,0f,1f], start_interpolation: 0, interpolation_duration: 1 }
$data merge entity $(bone_finger_left_1) { transformation: [1.181564763326111f,0.3062628709545547f,1.5692915223071946f,1.0872977885187356f,-1.4265376971725112f,-0.6793531551737457f,1.2066638335284903f,1.8719401031708591f,0.7221239690360007f,-1.8431631676209776f,-0.18399627418385991f,0.25071706850875f,0f,0f,0f,1f], start_interpolation: 0, interpolation_duration: 1 }
$data merge entity $(bone_finger_left_2_fire) { transformation: [0.9978328432270638f,0.05058389832493731f,0.039251676865134116f,0.21239817445031833f,0.8578103549683608f,0.03380512259629006f,-0.04689472615153308f,2.5037596459003617f,-0.4588245354785332f,0.17320926226899985f,-0.002310620458250409f,0.1895465321242139f,0f,0f,0f,1f], start_interpolation: 0, interpolation_duration: 1 }
$data merge entity $(bone_finger_left_2_fire_s) { transformation: [0.286411160357521f,-0.11021437152385502f,-0.2565568933633631f,0.21239817445031833f,0.24622005659647095f,-0.0736560538949248f,0.3065134082781022f,2.5037596459003617f,-0.13169787755423024f,-0.37739578433552956f,0.015102682327366349f,0.1895465321242139f,0f,0f,0f,1f], start_interpolation: 0, interpolation_duration: 1 }
$data merge entity $(bone_finger_left_2) { transformation: [0.8895495057064893f,-0.3423090761840912f,-0.7968266927590737f,0.5563296177042174f,0.7647220498216981f,-0.22876450153943995f,0.9519840305309432f,2.0928636772889275f,-0.40903357863122775f,-1.1721339105372872f,0.046906634442529266f,0.16836528795545871f,0f,0f,0f,1f], start_interpolation: 0, interpolation_duration: 1 }
$data merge entity $(bone_finger_film_left) { transformation: [2.912473745356166f,-0.002637587092297915f,0.10879370893197113f,0.8994486826414914f,-0.40704161476145934f,-0.012347297347986326f,0.7937566243645023f,2.030793260813595f,-0.040511205559917426f,-0.06556307743089311f,-0.1538625449056678f,0.17024383331246448f,0f,0f,0f,1f], start_interpolation: 0, interpolation_duration: 1 }
$data merge entity $(bone_finger_left_0_fire) { transformation: [1.356763897262951f,-0.016350080161064047f,-0.01286450410038188f,1.0565981336985377f,-0.27848806565126644f,0.020701887319461102f,-0.05956476468436668f,2.707962264147963f,0.15383454372899746f,0.18167848623160665f,0.005629545878803453f,0.07155930300891225f,0f,0f,0f,1f], start_interpolation: 0, interpolation_duration: 1 }
$data merge entity $(bone_finger_left_0_fire_s) { transformation: [0.38943629164333615f,0.03562425730299935f,0.08408499891595511f,1.0565981336985377f,-0.0799353224042459f,-0.04510616175952661f,0.38932734094005356f,2.707962264147963f,0.044155622328484356f,-0.3958488934719068f,-0.03679584968241848f,0.07155930300891225f,0f,0f,0f,1f], start_interpolation: 0, interpolation_duration: 1 }
$data merge entity $(bone_fire_large_left) { transformation: [0.000025962419442889085f,0.000002374950486866624f,0.0000056056665943970095f,1.0468871527971362f,-0.000005329021493616395f,-0.0000030070774506351084f,0.00002595515606267024f,2.72659625212634f,0.0000029437081552322915f,-0.000026389926231460464f,-0.000002453056645494566f,0.1784442698219594f,0f,0f,0f,1f], start_interpolation: 0, interpolation_duration: 1 }
$data merge entity $(bone_finger_left_0) { transformation: [1.4239409417067517f,0.1302570910317072f,0.30744970386440645f,0.9033879419726194f,-0.29227676182829737f,-0.16492687464131064f,1.4235425726529143f,2.0323058416914273f,0.16145130741346914f,-1.447388079229641f,-0.13454091971394627f,0.20682055920212014f,0f,0f,0f,1f], start_interpolation: 0, interpolation_duration: 1 }
$data merge entity $(bone_wing_left_1_model) { transformation: [-0.7130399320329525f,0.6736649460161492f,-0.26215773663453346f,0.5854097246775467f,0.5827553035858442f,0.7535741696963564f,0.3514246860293934f,1.640765246391501f,0.4277235024064649f,0.09632546037962196f,-0.9158335515876457f,0.17699307273909085f,0f,0f,0f,1f], start_interpolation: 0, interpolation_duration: 1 }
$data merge entity $(bone_wing_left_0) { transformation: [-0.5365034402133132f,-0.022250161099854882f,0.8436047587409108f,0.17471959119375252f,-0.1969571204656937f,0.9753466384168322f,-0.09953304791297907f,1.7442496543645847f,-0.8205924392395668f,-0.2195537867129957f,-0.5276591545712462f,0.3749082246297979f,0f,0f,0f,1f], start_interpolation: 0, interpolation_duration: 1 }
$data merge entity $(bone_body_0) { transformation: [-0.9999534808971668f,-0.007568846147051313f,-0.0059790141027990466f,0.0001585933341609644f,-0.0060758849348025775f,0.9757070586190132f,-0.21899502136645183f,1.370674426973339f,0.007491305887376546f,-0.21894850611282063f,-0.9757076570402972f,0.06260586107984048f,0f,0f,0f,1f], start_interpolation: 0, interpolation_duration: 1 }
$data merge entity $(bone_leg_right_3) { transformation: [-0.9923503134125786f,-0.11871547307246623f,0.033874650155206576f,-0.2062435740678185f,-0.014199950903142465f,0.3823314696149357f,0.923916126461938f,0.72131222719867f,-0.12263448480874142f,0.916367439292375f,-0.38109250758894564f,-0.47419839700943256f,0f,0f,0f,1f], start_interpolation: 0, interpolation_duration: 1 }
$data merge entity $(bone_leg_right_2) { transformation: [-0.8961269962461815f,0.3628963800420653f,0.25546550442508104f,-0.1403574237926567f,0.35030549331658134f,0.9318187431764635f,-0.0948677564679502f,0.8792064153306485f,-0.27247471066325174f,0.004477411908758798f,-0.9621525268020538f,-0.4649540766137626f,0f,0f,0f,1f], start_interpolation: 0, interpolation_duration: 1 }
$data merge entity $(bone_leg_right_1) { transformation: [-0.9251917075677479f,0.29308542094828305f,0.2410834715932275f,-0.2262639015058872f,0.2681444346063043f,0.9543998664529452f,-0.13122292903401267f,0.9086608785612929f,-0.26854956048658907f,-0.05676117460172864f,-0.9615920666375593f,-0.15699225740096284f,0f,0f,0f,1f], start_interpolation: 0, interpolation_duration: 1 }
$data merge entity $(bone_leg_right_0) { transformation: [-0.9259815027094039f,0.350193914628342f,0.14114701129429444f,-0.09371015331265671f,0.26695215016491963f,0.8715958478758732f,-0.4111656934714567f,1.2337361165415357f,-0.2670108727418424f,-0.3430523285488897f,-0.9005666514560844f,-0.1995969276929156f,0f,0f,0f,1f], start_interpolation: 0, interpolation_duration: 1 }
$data merge entity $(bone_leg_left_3) { transformation: [-0.9599368440189773f,0.2585962647432297f,0.10793158645982595f,0.1620282919617645f,0.056226158286400936f,-0.19958610237754143f,0.9782658160551734f,0.7861397228225546f,0.2745175306227966f,0.945141978540045f,0.1770501787126209f,-0.5501820404652459f,0f,0f,0f,1f], start_interpolation: 0, interpolation_duration: 1 }
$data merge entity $(bone_leg_left_2) { transformation: [-0.9026932560032316f,-0.21884476873350572f,-0.3704751715894905f,0.12155533592575288f,-0.34505391253583095f,0.8825611843663453f,0.31941126043643014f,0.9327224491210142f,0.2570655227952576f,0.41616429814179445f,-0.87219527282722f,-0.47123610273483724f,0f,0f,0f,1f], start_interpolation: 0, interpolation_duration: 1 }
$data merge entity $(bone_leg_left_1) { transformation: [-0.9270271182543932f,-0.2387248795447105f,-0.2891905148986022f,0.22210799797477804f,-0.26202850020056184f,0.9640501846260385f,0.044139626246096964f,0.9057675228838505f,0.26825694232134856f,0.11669478741085426f,-0.9562533866541526f,-0.16750832245032016f,0f,0f,0f,1f], start_interpolation: 0, interpolation_duration: 1 }
$data merge entity $(bone_leg_left_0) { transformation: [-0.9270271182543932f,-0.3414722263944215f,-0.15497561299182572f,0.09359104393552999f,-0.26202850020056184f,0.8854986363777788f,-0.38370982533124987f,1.2336488907555394f,0.26825694232134856f,-0.31510138618281436f,-0.9103567044417642f,-0.1997071666180212f,0f,0f,0f,1f], start_interpolation: 0, interpolation_duration: 1 }
$data merge entity $(bone_tail_3) { transformation: [-2.4422334788320645f,0.0014191104079027332f,-0.0011600997840688378f,-0.0011470697090224765f,0.0011373431558755669f,2.3854267644095657f,0.5236846216217204f,0.36972320456682717f,0.001437413094624308f,0.5236839338744214f,-2.3854267534509277f,-1.3637822674510942f,0f,0f,0f,1f], start_interpolation: 0, interpolation_duration: 1 }
$data merge entity $(bone_tail_2) { transformation: [-1.1562496743519646f,-0.000031465219350159724f,-0.0008672202234454266f,-0.0007917535647188666f,0.0005384631178819356f,0.8801295619080766f,-0.7498571376022017f,0.6723687778577545f,0.0006805280645662995f,-0.7498573302738573f,-0.8801292993737435f,-0.9995493870722169f,0f,0f,0f,1f], start_interpolation: 0, interpolation_duration: 1 }
$data merge entity $(bone_tail_1) { transformation: [-1.3854162764757774f,0.000021304077125689473f,-0.0010395671727309198f,-0.0004805419629011851f,0.0006451855376423193f,1.1038392920221902f,-0.8372083022768879f,0.9175892324544832f,0.0008154075007866473f,-0.8372085506084271f,-1.1038389910564503f,-0.6648150027513562f,0f,0f,0f,1f], start_interpolation: 0, interpolation_duration: 1 }
$data merge entity $(bone_tail_0) { transformation: [-1.1979163292835668f,0.0002278387306633882f,-0.0008697143643849512f,-0.00021861666371865158f,0.0005578671942020054f,1.0971167865997353f,-0.48097690757773626f,1.0779449737080329f,0.0007050515984245446f,-0.480977177138751f,-1.0971165837100723f,-0.3466717831669166f,0f,0f,0f,1f], start_interpolation: 0, interpolation_duration: 1 }
$data merge entity $(bone_body_1) { transformation: [-1.020833045824257f,0.000019744809605555037f,-0.0007659032297916444f,1.53580913193594e-17f,0.0004753998698417089f,0.8166033697828908f,-0.6125842022927421f,1.2677434113620267f,0.0006008265795270032f,-0.6125843864430549f,-0.8166031489885719f,-0.1254083326723452f,0f,0f,0f,1f], start_interpolation: 0, interpolation_duration: 1 }