# This file was generated by Animated Java via MC-Build. It is not recommended to edit this file directly.
$data merge entity $(bone_head_lower) { transformation: [-0.9830102721667633f,-0.1816580154236309f,0.026290116906802937f,-0.11869722602525336f,-0.021377091572217226f,-0.028951026778709463f,-0.9993522191921983f,1.8382168752925936f,0.18230146672624037f,-0.9829355032151429f,0.02457583668270817f,-0.6641011613866491f,0f,0f,0f,1f], start_interpolation: 0, interpolation_duration: 1 }
$data merge entity $(bone_head_upper) { transformation: [-0.9830102721667633f,-0.18335756372028403f,0.008414787055384738f,-0.12059403096094792f,-0.021377091572217226f,0.06883271591411082f,-0.9973991563941693f,1.8232065523871221f,0.18230146672624037f,-0.9806334998593762f,-0.07158291823481482f,-0.6782149029245982f,0f,0f,0f,1f], start_interpolation: 0, interpolation_duration: 1 }
$data merge entity $(bone_neck_0) { transformation: [-0.9850188674080319f,-0.15675286210376588f,0.07187747263555867f,-0.104435085948055f,-0.05712051934590534f,-0.09669953950897836f,-0.9936732085189808f,1.6382647252046463f,0.1627116379361101f,-0.9828925369952858f,0.08629706599368786f,-0.6453207131447228f,0f,0f,0f,1f], start_interpolation: 0, interpolation_duration: 1 }
$data merge entity $(bone_neck_1) { transformation: [-0.9889833503347988f,-0.08331214902584815f,0.1223561138041374f,-0.08375020189621339f,-0.0394154101146986f,-0.6485277624089455f,-0.7601698276242859f,1.5004661953716005f,0.14268271866643933f,-0.7566180193529238f,0.6380993767309386f,-0.5400127928531862f,0f,0f,0f,1f], start_interpolation: 0, interpolation_duration: 1 }
$data merge entity $(bone_neck_2) { transformation: [-0.9889833503347988f,-0.08864127257507684f,0.1185523410010409f,-0.06952275880865498f,-0.0394154101146986f,-0.6142784700059085f,-0.7881042993999526f,1.2344030363810266f,0.14268271866643933f,-0.7840948195744385f,0.6040173471933422f,-0.5148961155365491f,0f,0f,0f,1f], start_interpolation: 0, interpolation_duration: 1 }
$data merge entity $(bone_arm_right_2) { transformation: [-0.9032036072040791f,0.23575147399904395f,-0.3586704426640396f,-0.30108064505371146f,0.18926350743734452f,0.9687756136357206f,0.1601659613564888f,1.6853999324518871f,0.3852305396591161f,0.07677924805578862f,-0.9196207796597112f,0.08149741986457248f,0f,0f,0f,1f], start_interpolation: 0, interpolation_duration: 1 }
$data merge entity $(bone_arm_right_1) { transformation: [-0.7603552146360049f,-0.6037218628449995f,0.23954093574752217f,-0.3765280304606289f,0.3769308669739679f,-0.7105001103756835f,-0.5942328791630387f,1.4067925642392016f,0.5289452420601661f,-0.36153769579271444f,0.7677938690969127f,-0.10805286456289304f,0f,0f,0f,1f], start_interpolation: 0, interpolation_duration: 1 }
$data merge entity $(bone_arm_right_0) { transformation: [-0.2500092481993575f,0.43876019717245934f,0.8631250576781886f,-0.21728464813054177f,-0.9653417058010417f,-0.18191526951921091f,-0.18714226074536955f,1.365813999394939f,0.07490505227237404f,-0.8799979114139631f,0.46903401694454494f,-0.38353160418032045f,0f,0f,0f,1f], start_interpolation: 0, interpolation_duration: 1 }
$data merge entity $(bone_arm_left_2) { transformation: [-0.9363974371337005f,0.2365721970683367f,-0.25921696569417907f,0.46464910163101325f,0.28082055598824046f,0.9480979314839433f,-0.14916476678600218f,1.4750160085677086f,0.2104748323764453f,-0.21247095775688288f,-0.9542308091054174f,-0.1450397510992552f,0f,0f,0f,1f], start_interpolation: 0, interpolation_duration: 1 }
$data merge entity $(bone_arm_left_1) { transformation: [-0.973214383717163f,-0.13766440952372533f,-0.184125700749533f,0.2773860841750872f,0.17251714238999238f,-0.966684632721162f,-0.18909959397720155f,1.1985304991307284f,-0.1519592014575408f,-0.21579928454755215f,0.9645408596224166f,-0.23297159560593442f,0f,0f,0f,1f], start_interpolation: 0, interpolation_duration: 1 }
$data merge entity $(bone_arm_left_0) { transformation: [-0.7057474384073784f,-0.48943734946351364f,-0.5122222507189178f,0.09800090175243938f,0.1619681046093225f,0.5923907562368103f,-0.789201827807338f,1.3787740579041223f,0.6897005772584848f,-0.6399408354491141f,-0.3388050189327226f,-0.4285718241889387f,0f,0f,0f,1f], start_interpolation: 0, interpolation_duration: 1 }
$data merge entity $(bone_finger_right_1_fire) { transformation: [1.145213514362282f,0.000003641806779677975f,-0.000011548316838806781f,-1.776560679703632f,-1.2085322972008299f,0.0000024453399259743505f,-0.000011213521261693929f,0.09293198409930303f,-0.07558750506698365f,0.000016079033982292132f,0.0000043210064663047686f,0.30359929030264354f,0f,0f,0f,1f], start_interpolation: 0, interpolation_duration: 1 }
$data merge entity $(bone_finger_right_1_fire_s) { transformation: [0.000006871281086173691f,0.000002185084067806785f,-0.000006928990103284069f,-1.776560679703632f,-0.0000072511937832049796f,0.0000014672039555846102f,-0.000006728112757016357f,0.09293198409930303f,-4.535250304019019e-7f,0.000009647420389375279f,0.000002592603879782861f,0.30359929030264354f,0f,0f,0f,1f], start_interpolation: 0, interpolation_duration: 1 }
$data merge entity $(bone_finger_right_1) { transformation: [1.366083973596249f,0.4344180202433788f,-1.3775571417606411f,-1.0657406827538405f,-1.4416146701681707f,0.29169579654574673f,-1.3376205826309264f,0.7865027145730521f,-0.09016561364422238f,1.918010079225292f,0.5154373057422171f,0.0013353376657579755f,0f,0f,0f,1f], start_interpolation: 0, interpolation_duration: 1 }
$data merge entity $(bone_finger_right_2_fire) { transformation: [0.8909805100782768f,0.000009124468039517285f,0.000010730201947758042f,-0.1634071663803392f,1.2570293422146492f,5.771604784514648e-7f,-0.000010928512563063275f,0.2451112376756992f,-0.6354594725470979f,0.000013935162236433387f,-0.000006573291192171183f,-0.3653380702705261f,0f,0f,0f,1f], start_interpolation: 0, interpolation_duration: 1 }
$data merge entity $(bone_finger_right_2_fire_s) { transformation: [0.000005345883060469661f,0.000005474680823710371f,0.000006438121168654825f,-0.1634071663803392f,0.000007542176053287896f,3.4629628707087887e-7f,-0.000006557107537837965f,0.2451112376756992f,-0.000003812756835282588f,0.000008361097341860031f,-0.00000394397471530271f,-0.3653380702705261f,0f,0f,0f,1f], start_interpolation: 0, interpolation_duration: 1 }
$data merge entity $(bone_finger_right_2) { transformation: [0.6641399906441328f,0.6801410412294321f,0.799833008756566f,-0.5083401770029984f,0.9369940712894972f,0.04302174406993964f,-0.8146151514301334f,0.596536814353553f,-0.4736737149447606f,1.038731870410527f,-0.48997542611635714f,-0.15298397442163228f,0f,0f,0f,1f], start_interpolation: 0, interpolation_duration: 1 }
$data merge entity $(bone_finger_film_right) { transformation: [2.8349425534945967f,0.014961267142828633f,-0.019435468718700527f,-0.8501304395963145f,-0.09616056914123147f,0.0004944388325896611f,-0.8016490618329183f,0.6303341647975157f,-1.1643594662519792f,0.03638634681627567f,0.018884711600629187f,-0.021877607485037573f,0f,0f,0f,1f], start_interpolation: 0, interpolation_duration: 1 }
$data merge entity $(bone_finger_right_0_fire) { transformation: [1.594135503328071f,0.0000043098038548263895f,-0.000002253124100797999f,-0.9422203557404489f,-0.200476317500216f,-0.0000012113605552643405f,-0.000016501251709948627f,-0.06568789131548691f,-0.4430790233449161f,0.00001605415753366869f,-6.402355575085534e-7f,-0.012772646506582552f,0f,0f,0f,1f], start_interpolation: 0, interpolation_duration: 1 }
$data merge entity $(bone_finger_right_0_fire_s) { transformation: [0.000009564813019968428f,0.0000025858823128958334f,-0.0000013518744604787992f,-0.9422203557404489f,-0.000001202857905001296f,-7.268163331586042e-7f,-0.000009900751025969176f,-0.06568789131548691f,-0.0000026584741400694968f,0.000009632494520201214f,-3.8414133450513203e-7f,-0.012772646506582552f,0f,0f,0f,1f], start_interpolation: 0, interpolation_duration: 1 }
$data merge entity $(bone_fire_large_right) { transformation: [0.000025506168053249142f,0.000006895686167722222f,-0.0000036049985612767976f,-0.9698670743408986f,-0.0000032076210800034557f,-0.0000019381768884229442f,-0.0000264020027359178f,-0.06415123756988128f,-0.000007089264373518658f,0.0000256866520538699f,-0.0000010243768920136854f,-0.11812549380823616f,0f,0f,0f,1f], start_interpolation: 0, interpolation_duration: 1 }
$data merge entity $(bone_finger_right_0) { transformation: [1.3989172710566398f,0.37820241973133856f,-0.19772059601332506f,-0.8664766036603627f,-0.17592593754006017f,-0.10630170388265305f,-1.448050430023539f,0.6348982094911515f,-0.3888194553763419f,1.408816138855624f,-0.05618321510771665f,-0.05427651210730193f,0f,0f,0f,1f], start_interpolation: 0, interpolation_duration: 1 }
$data merge entity $(bone_wing_right_1_model) { transformation: [-0.5225154199792116f,-0.5439660003759703f,0.679746797977569f,-0.6212060178086716f,0.5391464216184858f,-0.8246434165257532f,-0.24548208626813348f,1.0583756764311392f,0.6835757858363406f,0.23460884266698712f,0.7132039813423134f,-0.180026415092295f,0f,0f,0f,1f], start_interpolation: 0, interpolation_duration: 1 }
$data merge entity $(bone_wing_right_0) { transformation: [-0.595791212463541f,0.2125860945477238f,-0.7744933721835001f,-0.22748420910827905f,-0.12999045390874367f,-0.9771422329987173f,-0.1682127771094673f,1.0757389428891573f,-0.7925498804768205f,0.0004570505735377872f,0.6098069186725835f,-0.4314765087930714f,0f,0f,0f,1f], start_interpolation: 0, interpolation_duration: 1 }
$data merge entity $(bone_finger_left_1_fire) { transformation: [1.0214404191980606f,0.0000025860308972792126f,0.000012913410431754423f,1.8511739752461251f,1.3089650006721836f,-1.9323974967158052e-7f,-0.000010315110221342843f,0.26168508117939604f,-0.14507885725196804f,0.000016463683681826553f,-0.00000214944409566338f,-0.42182860630707525f,0f,0f,0f,1f], start_interpolation: 0, interpolation_duration: 1 }
$data merge entity $(bone_finger_left_1_fire_s) { transformation: [0.0000061286425151883634f,0.0000015516185383675276f,0.000007748046259052654f,1.8511739752461251f,0.000007853790004033102f,-1.1594384980294831e-7f,-0.0000061890661328057055f,0.26168508117939604f,-8.704731435118083e-7f,0.000009878210209095931f,-0.000001289666457398028f,-0.42182860630707525f,0f,0f,0f,1f], start_interpolation: 0, interpolation_duration: 1 }
$data merge entity $(bone_finger_left_1) { transformation: [1.2184395042062752f,0.30847831602520703f,1.5403942421264307f,1.042414362911801f,1.5614172265618236f,-0.02305087407522402f,-1.2304523639071907f,0.9048413516306895f,-0.1730593459770116f,1.9638935571438345f,-0.2563994481729402f,-0.3221951554319723f,0f,0f,0f,1f], start_interpolation: 0, interpolation_duration: 1 }
$data merge entity $(bone_finger_left_2_fire) { transformation: [1.1318109786475843f,-0.0000031903823414188343f,-0.00001181099611187051f,0.09916322869628891f,-1.2226137637953765f,-0.000002361739962073717f,-0.000011077974570612268f,0.3196014073124302f,0.044690837636798916f,0.000016187075790422575f,-0.000003944189148104486f,-0.4198240419931949f,0f,0f,0f,1f], start_interpolation: 0, interpolation_duration: 1 }
$data merge entity $(bone_finger_left_2_fire_s) { transformation: [0.000006790865871885506f,-0.0000019142294048513005f,-0.000007086597667122305f,0.09916322869628891f,-0.000007335682582772259f,-0.0000014170439772442302f,-0.00000664678474236736f,0.3196014073124302f,2.681450258207935e-7f,0.000009712245474253545f,-0.0000023665134888626915f,-0.4198240419931949f,0f,0f,0f,1f], start_interpolation: 0, interpolation_duration: 1 }
$data merge entity $(bone_finger_left_2) { transformation: [0.8436558648223345f,-0.23781221636317934f,-0.8803957840274667f,0.4792300177779328f,-0.9113405786812467f,-0.17604492338196157f,-0.825756101784538f,0.6756870240895533f,0.033312706792401635f,1.2065902948946252f,-0.2940012395659102f,-0.2920537436214692f,0f,0f,0f,1f], start_interpolation: 0, interpolation_duration: 1 }
$data merge entity $(bone_finger_film_left) { transformation: [3.055039403819687f,-0.00008485502008166722f,0.06850003761550062f,0.8428454983132317f,0.2575994374712607f,-0.006158668537560279f,-0.7893485867483139f,0.7298584855983283f,0.04749604453180856f,0.03886018296897973f,-0.12494855565098553f,-0.2910744453829671f,0f,0f,0f,1f], start_interpolation: 0, interpolation_duration: 1 }
$data merge entity $(bone_finger_left_0_fire) { transformation: [1.6298904433730719f,0.0000021572852359817607f,0.0000027330591739854103f,0.9690654776192169f,0.317733815248073f,-0.000003864496883964043f,-0.000015898049058812225f,0.054033616661867456f,-0.1424083671236003f,0.00001606827812873007f,-0.000004190489404934896f,-0.4336907800597387f,0f,0f,0f,1f], start_interpolation: 0, interpolation_duration: 1 }
$data merge entity $(bone_finger_left_0_fire_s) { transformation: [0.000009779342660238433f,0.0000012943711415890564f,0.0000016398355043912462f,0.9690654776192169f,0.000001906402891488438f,-0.0000023186981303784257f,-0.000009538829435287335f,0.054033616661867456f,-8.544502027416018e-7f,0.000009640966877238042f,-0.0000025142936429609375f,-0.4336907800597387f,0f,0f,0f,1f], start_interpolation: 0, interpolation_duration: 1 }
$data merge entity $(bone_fire_large_left) { transformation: [0.000026078247093969153f,0.000003451656377570817f,0.0000043728946783766566f,0.9546683545271359f,0.0000050837410439691675f,-0.000006183195014342468f,-0.00002543687849409956f,0.07301032232796878f,-0.0000022785338739776046f,0.00002570924500596811f,-0.000006704783047895833f,-0.539985334376531f,0f,0f,0f,1f], start_interpolation: 0, interpolation_duration: 1 }
$data merge entity $(bone_finger_left_0) { transformation: [1.4302936522049947f,0.18931035466621252f,0.23983680642743632f,0.8454449708419676f,0.27882405279934014f,-0.3391249629429585f,-1.3951169996557815f,0.740610299514582f,-0.12496900288355242f,1.4100552772016253f,-0.36773210247842175f,-0.3259364281776888f,0f,0f,0f,1f], start_interpolation: 0, interpolation_duration: 1 }
$data merge entity $(bone_wing_left_1_model) { transformation: [-0.7241666909645197f,0.6587742060297916f,-0.2693997628231237f,0.5352060798409062f,-0.5456701156005198f,-0.7606471202923284f,-0.3932393245510215f,1.1362454454239967f,-0.45695055715017235f,-0.13568193285270494f,0.8965286857983638f,-0.2756519850332812f,0f,0f,0f,1f], start_interpolation: 0, interpolation_duration: 1 }
$data merge entity $(bone_wing_left_0) { transformation: [-0.5178277986557416f,-0.0771234567223329f,0.8520013752116524f,0.11768917448968765f,0.0888195973010697f,-0.9953925740205185f,-0.036120668876450615f,1.0899275641212525f,0.8508615927838232f,0.056970132595991124f,0.5222920197718615f,-0.48078636503019284f,0f,0f,0f,1f], start_interpolation: 0, interpolation_duration: 1 }
$data merge entity $(bone_body_0) { transformation: [-0.989131136887784f,0.008648479899173125f,0.14678146284362123f,-0.0005589112961553095f,-0.0406590070876344f,-0.9754311979254557f,-0.2165197987629725f,1.2864742665666884f,0.14130265100742967f,-0.2201344632472254f,0.9651810083653369f,-0.017159852912026652f,0f,0f,0f,1f], start_interpolation: 0, interpolation_duration: 1 }
$data merge entity $(bone_leg_right_3) { transformation: [-0.9996901915153245f,0.024513458423496046f,0.004314086713736176f,-0.23510488951783942f,-0.024251710923966427f,-0.9983099807465277f,0.05281133267707083f,1.9227387941354748f,0.005601384231997519f,0.05269034729423777f,0.9985951891515892f,0.0405287260612921f,0f,0f,0f,1f], start_interpolation: 0, interpolation_duration: 1 }
$data merge entity $(bone_leg_right_2) { transformation: [-0.911588280442316f,0.39326737734563644f,0.1197813711555605f,-0.16297076529178953f,-0.17864964822767684f,-0.6413680155924533f,0.746144337084405f,1.8088758591756346f,0.37025816688946733f,0.6587775333833746f,0.6549206450868441f,0.14630640361183975f,0f,0f,0f,1f], start_interpolation: 0, interpolation_duration: 1 }
$data merge entity $(bone_leg_right_1) { transformation: [-0.9391695807576719f,0.27545490131422523f,0.20514652305469155f,-0.23716080429168024f,-0.10887926013009665f,-0.8052791972311935f,0.58281276686446f,1.6331676262536272f,0.3257388605815729f,0.525023820267857f,0.7862850519107962f,-0.11197721067055441f,0f,0f,0f,1f], start_interpolation: 0, interpolation_duration: 1 }
$data merge entity $(bone_leg_right_0) { transformation: [-0.9330079286511829f,0.35760809268036353f,-0.04015790237974907f,-0.08799641214433769f,-0.10164313116611619f,-0.15483647853855498f,0.9826974808151934f,1.50708895623409f,0.345202663606144f,0.9209463160050602f,0.18081206839127545f,0.1828341146208772f,0f,0f,0f,1f], start_interpolation: 0, interpolation_duration: 1 }
$data merge entity $(bone_leg_left_3) { transformation: [-0.9855735240649638f,-0.15917878594528626f,0.05750602374667198f,0.28835257884136717f,0.16896337864544364f,-0.9450719393395f,0.27980422825574547f,1.9205356578773833f,0.00980843202986345f,0.2854840513549952f,0.9583332672317358f,-0.025751185503447155f,0f,0f,0f,1f], start_interpolation: 0, interpolation_duration: 1 }
$data merge entity $(bone_leg_left_2) { transformation: [-0.8969239969727114f,-0.4417229890973715f,0.020202587888160928f,0.20703457078692444f,0.2217306423080635f,-0.40975808777967027f,0.8848354828784851f,1.845589159868468f,-0.3825740005752468f,0.798109710755377f,0.46546538397803483f,0.10512058725818713f,0f,0f,0f,1f], start_interpolation: 0, interpolation_duration: 1 }
$data merge entity $(bone_leg_left_1) { transformation: [-0.9309269963939026f,-0.34949551440987925f,-0.10596137405866628f,0.25045352810474325f,0.16476039040534923f,-0.6608539278643931f,0.7322063232311509f,1.6196068322307149f,-0.3259278158404151f,0.6641723958684052f,0.6727897795210023f,-0.1187873227204756f,0f,0f,0f,1f], start_interpolation: 0, interpolation_duration: 1 }
$data merge entity $(bone_leg_left_0) { transformation: [-0.9309269963939026f,-0.347801924539648f,0.11139456302505839f,0.09926180653150053f,0.16476039040534923f,-0.1277544175983114f,0.9780249600790326f,1.5047640811730905f,-0.3259278158404151f,0.9288232501776822f,0.1762340171217326f,0.17956108149162575f,0f,0f,0f,1f], start_interpolation: 0, interpolation_duration: 1 }
$data merge entity $(bone_tail_3) { transformation: [-2.441673078205673f,0.04950803545414972f,0.017007599040773192f,0.027831867383978727f,0.03031420936701807f,0.6903569023920052f,2.3424338028777245f,2.7861992290292896f,0.042677309077701335f,2.3421067496122405f,-0.6908128151277304f,0.5418731316678274f,0f,0f,0f,1f], start_interpolation: 0, interpolation_duration: 1 }
$data merge entity $(bone_tail_2) { transformation: [-1.1559843585877723f,0.023435883986677744f,0.008061299037963262f,0.024412061304719294f,0.014351942601988266f,0.32640539345917413f,1.109129209499196f,2.330322530703329f,0.02020512172608025f,1.108974454603227f,-0.32662130149993196f,0.6700324125687882f,0f,0f,0f,1f], start_interpolation: 0, interpolation_duration: 1 }
$data merge entity $(bone_tail_1) { transformation: [-1.3850983756051687f,0.017481411961823415f,0.024004799718426926f,0.01713632079404313f,0.0171964717663463f,-0.44084283143260883f,1.3132940339509078f,1.9392276397909196f,0.024209740446564626f,1.3132902719841029f,0.440524562603731f,0.5315689655721718f,0f,0f,0f,1f], start_interpolation: 0, interpolation_duration: 1 }
$data merge entity $(bone_tail_0) { transformation: [-1.1976414525909354f,0.0013799534593797068f,0.025639560099621185f,0.009543910313596861f,0.014869129722780636f,-0.9379320931237894f,0.7450279444071158f,1.7029953108816893f,0.020933234220713776f,0.745175029570003f,0.9376994802644308f,0.2649873033997554f,0f,0f,0f,1f], start_interpolation: 0, interpolation_duration: 1 }
$data merge entity $(bone_body_1) { transformation: [-1.0205988030774926f,0.008125146211434724f,0.020316485923418653f,0.003906249999999985f,0.012671084459413062f,-0.5532759248113095f,0.8578029430395172f,1.4482346656770606f,0.0178387561185213f,0.8578580462219126f,0.5530479597258369f,0.12340255953582055f,0f,0f,0f,1f], start_interpolation: 0, interpolation_duration: 1 }