# This file was generated by Animated Java via MC-Build. It is not recommended to edit this file directly.
$data merge entity $(bone_head_lower) { transformation: [-0.9893616245889032f,0.07952933034381802f,-0.12181404437038416f,-0.046246875849767666f,0.10062582577998269f,0.9788323711082908f,-0.1782179352832308f,0.10267004928530943f,0.1050619768370204f,-0.1885796247890666f,-0.9764218894194825f,0.9140616647355586f,0f,0f,0f,1f], start_interpolation: 0, interpolation_duration: 1 }
$data merge entity $(bone_head_upper) { transformation: [-0.9893616245889032f,0.0947488692684693f,-0.11039124767458955f,-0.04637954210866739f,0.10062582577998269f,0.9937204329594973f,-0.04892999391871984f,0.1149222511392432f,0.1050619768370204f,-0.05951766873068798f,-0.9926830451518558f,0.8973891930446294f,0f,0f,0f,1f], start_interpolation: 0, interpolation_duration: 1 }
$data merge entity $(bone_neck_0) { transformation: [-0.9903346926493096f,0.11749332574782521f,-0.07370559639479767f,-0.062213871287055536f,0.11046937702997688f,0.9895126393541583f,0.09306585462443473f,0.11559478905555695f,0.08386723599717699f,0.08402413321827867f,-0.9929281100679499f,0.709518385362812f,0f,0f,0f,1f], start_interpolation: 0, interpolation_duration: 1 }
$data merge entity $(bone_neck_1) { transformation: [-0.9938808949315596f,0.09535522010926771f,0.05575077298078697f,-0.05172707662189685f,0.11040212163987406f,0.8734890162531573f,0.47416063736091163f,0.2052827880255501f,-0.0034839959036403467f,0.47741420222172337f,-0.878671463796076f,0.5600120399893633f,0f,0f,0f,1f], start_interpolation: 0, interpolation_duration: 1 }
$data merge entity $(bone_neck_2) { transformation: [-0.9938808949315596f,0.07417730899836804f,0.08184432490895607f,-0.02261688542496475f,0.11040212163987406f,0.6904784275419611f,0.7148782502192911f,0.4656142018279905f,-0.0034839959036403467f,0.7195396222091883f,-0.6944426497872968f,0.5052121864824253f,0f,0f,0f,1f], start_interpolation: 0, interpolation_duration: 1 }
$data merge entity $(bone_arm_right_2) { transformation: [-0.9012021137410412f,-0.04102877451593401f,-0.4314526507629778f,-0.3786389954001781f,-0.08136526050989058f,0.9938247737752434f,0.07544543334585413f,0.05787319161012522f,0.4256928993662414f,0.10309684133040509f,-0.898975303741352f,0.3502632942686319f,0f,0f,0f,1f], start_interpolation: 0, interpolation_duration: 1 }
$data merge entity $(bone_arm_right_1) { transformation: [-0.775653246492511f,-0.5574478767873874f,-0.2959964625985619f,-0.4384287596215153f,-0.3239075726490086f,0.754078846200941f,-0.5713571370805521f,0.3399635248845774f,0.5417064939487575f,-0.3472995225702036f,-0.765465293815633f,0.1602793163096016f,0f,0f,0f,1f], start_interpolation: 0, interpolation_duration: 1 }
$data merge entity $(bone_arm_right_0) { transformation: [-0.6758995272895849f,0.7362159611342651f,0.03385096129899566f,-0.18837022786795637f,0.15435907120210068f,0.09650141935615611f,0.9832907775423669f,0.38323608665505793f,0.720647699050889f,0.6698309746745053f,-0.17886687569044685f,0.35655577865010357f,0f,0f,0f,1f], start_interpolation: 0, interpolation_duration: 1 }
$data merge entity $(bone_arm_left_2) { transformation: [-0.9827292796598165f,-0.015615047971871326f,0.18438908095691173f,0.3779431390639141f,-0.015176398587563027f,0.9998776486899787f,0.0037900628111120493f,0.044372262722848055f,-0.18442570272391437f,0.0009262435084330112f,-0.9828460216370385f,0.42556542880260606f,0f,0f,0f,1f], start_interpolation: 0, interpolation_duration: 1 }
$data merge entity $(bone_arm_left_1) { transformation: [-0.9161828933591735f,0.3860181044265727f,0.10769832390027793f,0.3630888869759117f,0.17687018901173007f,0.6306178332724248f,-0.7556706191177133f,0.2658314458901475f,-0.35961902362773884f,-0.6732838713452958f,-0.6460363661833005f,0.16103024154115578f,0f,0f,0f,1f], start_interpolation: 0, interpolation_duration: 1 }
$data merge entity $(bone_arm_left_0) { transformation: [-0.7269088555053542f,-0.6816425202998184f,-0.08346849889154372f,0.12862515898890337f,-0.33067186379555746f,0.24089564030100397f,0.9124831006533445f,0.35046405512503775f,-0.6018800829748967f,0.6908927304605837f,-0.4005091768172744f,0.36299636564704796f,0f,0f,0f,1f], start_interpolation: 0, interpolation_duration: 1 }
$data merge entity $(bone_finger_right_1_fire) { transformation: [-0.8406469309786304f,-0.14822688377444448f,-0.8298042470688067f,-1.3745903091453209f,-0.3069429917248108f,1.145296827200926f,0.10637075502795117f,1.0221052684682836f,0.7850683392915132f,0.28906319139715975f,-0.8469614714448683f,-0.3069592541881492f,0f,0f,0f,1f], start_interpolation: 0, interpolation_duration: 1 }
$data merge entity $(bone_finger_right_1_fire_s) { transformation: [-0.000007061434220220499f,-0.0000012451058237053343f,-0.00000697035567537798f,-1.3745903091453209f,-0.000002578321130488412f,0.000009620493348487784f,8.935143422347903e-7f,1.0221052684682836f,0.000006594574050048715f,0.0000024281308077361434f,-0.0000071144763601368975f,-0.3069592541881492f,0f,0f,0f,1f], start_interpolation: 0, interpolation_duration: 1 }
$data merge entity $(bone_finger_right_1) { transformation: [-1.4038884449448508f,-0.24754031888140662f,-1.3857810587256796f,-0.6465366065748744f,-0.5125977428331548f,1.9126566962750884f,0.1776401820559268f,0.8963881503631981f,1.311071663272885f,0.4827383046398944f,-1.4144337881430564f,0.42228825913368717f,0f,0f,0f,1f], start_interpolation: 0, interpolation_duration: 1 }
$data merge entity $(bone_finger_right_2_fire) { transformation: [0.9254413619375431f,-0.14341280613395274f,-0.7349997365595942f,-0.9784057268273323f,-0.6120479455094533f,-0.8181116111231723f,-0.611002671216588f,0.4316257455858223f,-0.43149641725458676f,0.8528538672439344f,-0.7097074630537736f,0.15865506232252574f,0f,0f,0f,1f], start_interpolation: 0, interpolation_duration: 1 }
$data merge entity $(bone_finger_right_2_fire_s) { transformation: [0.000007773707440275367f,-0.0000012046675715252035f,-0.000006173997787100594f,-0.9784057268273323f,-0.00000514120274227941f,-0.000006872137533434651f,-0.000005132422438219342f,0.4316257455858223f,-0.0000036245699049385304f,0.000007163972484849052f,-0.000005961542689651702f,0.15865506232252574f,0f,0f,0f,1f], start_interpolation: 0, interpolation_duration: 1 }
$data merge entity $(bone_finger_right_2) { transformation: [0.9657581223262164f,-0.1496605706918978f,-0.7670199265828395f,-0.6476685829695418f,-0.6387117530507782f,-0.8537525616505924f,-0.6376209414878717f,0.7064101609673827f,-0.4502945155226412f,0.8900083606850299f,-0.7406257977109653f,0.479091400025634f,0f,0f,0f,1f], start_interpolation: 0, interpolation_duration: 1 }
$data merge entity $(bone_finger_film_right) { transformation: [0.11400599161393586f,-0.2599394736107448f,-0.8120445152712935f,-0.733572912509523f,-1.088750443305727f,0.04760281915811377f,-0.20095342226196114f,0.7808816545339371f,0.22587601781098915f,0.3606502748678836f,-0.5587586880470102f,0.4583542605964333f,0f,0f,0f,1f], start_interpolation: 0, interpolation_duration: 1 }
$data merge entity $(bone_finger_right_0_fire) { transformation: [0.04987633771051653f,-0.7417977299111288f,-0.9297752625909042f,-1.2937694029024085f,-1.1468043524882547f,0.2169076519627769f,-0.2345728196630872f,0.6528300838984661f,0.3155720015167424f,0.9054947589629619f,-0.7054977770624274f,0.05596600921487532f,0f,0f,0f,1f], start_interpolation: 0, interpolation_duration: 1 }
$data merge entity $(bone_finger_right_0_fire_s) { transformation: [4.1896123676833906e-7f,-0.000006231100931253485f,-0.000007810112205763598f,-1.2937694029024085f,-0.000009633156560901344f,0.000001822024276487327f,-0.0000019704116851699336f,0.6528300838984661f,0.0000026508048127406378f,0.000007606155975288885f,-0.000005926181327324393f,0.05596600921487532f,0f,0f,0f,1f], start_interpolation: 0, interpolation_duration: 1 }
$data merge entity $(bone_fire_large_right) { transformation: [0.0000011172299647155708f,-0.00001661626915000929f,-0.00002082696588203626f,-1.2308450234798092f,-0.000025688417495736918f,0.000004858731403966205f,-0.000005254431160453156f,0.6304541832847037f,0.0000070688128339750334f,0.00002028308260077036f,-0.00001580315020619838f,-0.030090753068373832f,0f,0f,0f,1f], start_interpolation: 0, interpolation_duration: 1 }
$data merge entity $(bone_finger_right_0) { transformation: [0.06127585649556318f,-0.9113397922394918f,-1.1422806520862894f,-0.7008802299925153f,-1.4089129666940376f,0.2664831213471033f,-0.288185762933517f,0.7789750068232324f,0.3876977654452027f,1.1124507021693357f,-0.8667432800724859f,0.4176985879922778f,0f,0f,0f,1f], start_interpolation: 0, interpolation_duration: 1 }
$data merge entity $(bone_wing_right_1_model) { transformation: [-0.5869961419041769f,-0.7965524723987331f,-0.2278525206068992f,-0.3073270594793339f,0.08221920531821914f,-0.33387315170475745f,0.9553773096998969f,0.921013558257272f,-0.8244104649434602f,0.5338632412219799f,0.2575160344629242f,0.13442342975171173f,0f,0f,0f,1f], start_interpolation: 0, interpolation_duration: 1 }
$data merge entity $(bone_wing_right_0) { transformation: [-0.7256090450036659f,-0.6154611700062044f,-0.3077321270577095f,-0.17915843272061815f,-0.6104795038497549f,0.3694375113526844f,0.700593106292727f,0.6454394677563497f,-0.3175000617137344f,0.6962208510380374f,-0.6437936295053295f,0.4896377575146783f,0f,0f,0f,1f], start_interpolation: 0, interpolation_duration: 1 }
$data merge entity $(bone_finger_left_1_fire) { transformation: [-0.5441563171842797f,-0.11095315128353579f,1.053003732557201f,1.5239227622400526f,-0.11408510734614649f,1.1831736412702778f,0.06571364375647358f,0.9801007956059087f,-1.0526690129575211f,-0.07087378157109497f,-0.5514511912540878f,-0.0890327660195121f,0f,0f,0f,1f], start_interpolation: 0, interpolation_duration: 1 }
$data merge entity $(bone_finger_left_1_fire_s) { transformation: [-0.0000045709130643479515f,-9.320064707817012e-7f,0.000008845231353480492f,1.5239227622400526f,-9.58314901707631e-7f,0.000009938658586670337f,5.519946075543783e-7f,0.9801007956059087f,-0.000008842419708843183f,-5.953397651971981e-7f,-0.00000463219000653434f,-0.0890327660195121f,0f,0f,0f,1f], start_interpolation: 0, interpolation_duration: 1 }
$data merge entity $(bone_finger_left_1) { transformation: [-0.9087462735983924f,-0.1852928277937572f,1.7585263422063588f,0.6090574364834613f,-0.19052322448509523f,1.9759113393883208f,0.10974241592429099f,0.8884400650658284f,-1.7579673572615857f,-0.11835989561203174f,-0.9209287833257631f,0.39293058269324127f,0f,0f,0f,1f], start_interpolation: 0, interpolation_duration: 1 }
$data merge entity $(bone_finger_left_2_fire) { transformation: [0.6286697770467352f,-0.06075755184667554f,1.009116639151446f,1.069051157047272f,0.9003113520293231f,-0.50686833709555f,-0.5914030084027527f,0.45961586762339746f,0.4598340362846613f,1.0754657450771237f,-0.22171975629286286f,0.4055501334847719f,0f,0f,0f,1f], start_interpolation: 0, interpolation_duration: 1 }
$data merge entity $(bone_finger_left_2_fire_s) { transformation: [0.000005280826127192578f,-5.103634355120749e-7f,0.000008476579768872149f,1.069051157047272f,0.000007562615357046318f,-0.000004257694031602622f,-0.000004967785270583126f,0.45961586762339746f,0.000003862605904791157f,0.000009033912258647844f,-0.0000018624459528600489f,0.4055501334847719f,0f,0f,0f,1f], start_interpolation: 0, interpolation_duration: 1 }
$data merge entity $(bone_finger_left_2) { transformation: [0.6560577130167986f,-0.0634044485171208f,1.053078704624415f,0.6146075994421307f,0.9395333260493457f,-0.5289500055142842f,-0.617167421323518f,0.7258772557138236f,0.4798666600919991f,1.1223183027148345f,-0.23137895530378585f,0.5063415316679366f,0f,0f,0f,1f], start_interpolation: 0, interpolation_duration: 1 }
$data merge entity $(bone_finger_film_left) { transformation: [0.04504601410348583f,0.10862841182123746f,0.9750015746197019f,0.6920018824362633f,0.9857709898484344f,0.1999944346733124f,-0.14969339936371664f,0.8098586056991224f,-0.5249964585890755f,0.3848444794199457f,-0.1974174760375512f,0.4886541363276372f,0f,0f,0f,1f], start_interpolation: 0, interpolation_duration: 1 }
$data merge entity $(bone_finger_left_0_fire) { transformation: [0.009530789651456723f,0.34293859265219057f,1.1399718618496937f,1.369188191054858f,1.0015962717228286f,0.6138222045059262f,-0.19303048934589803f,0.7120072780117332f,-0.6433876223632621f,0.9606502917378009f,-0.2836140766332455f,0.333807636431896f,0f,0f,0f,1f], start_interpolation: 0, interpolation_duration: 1 }
$data merge entity $(bone_finger_left_0_fire_s) { transformation: [8.005863307223651e-8f,0.000002880684178278402f,0.000009575763639537432f,1.369188191054858f,0.000008413408682471764f,0.000005156106517849783f,-0.0000016214561105055443f,0.7120072780117332f,-0.000005404456027851403f,0.000008069462450597532f,-0.000002382358243719263f,0.333807636431896f,0f,0f,0f,1f], start_interpolation: 0, interpolation_duration: 1 }
$data merge entity $(bone_fire_large_left) { transformation: [2.134896881926307e-7f,0.000007681824475409072f,0.00002553536970543315f,1.3438494685487636f,0.00002243575648659137f,0.000013749617380932754f,-0.0000043238829613481176f,0.6537627461763132f,-0.000014411882740937074f,0.000021518566534926752f,-0.000006352955316584702f,0.24531216512571125f,0f,0f,0f,1f], start_interpolation: 0, interpolation_duration: 1 }
$data merge entity $(bone_finger_left_0) { transformation: [0.011709105475258694f,0.4213191456058974f,1.4005188717164614f,0.6761668782578671f,1.2305167586440169f,0.7541147374412115f,-0.23714869830816795f,0.7897735648164097f,-0.7904374985944522f,1.1802123435886243f,-0.34843567626730687f,0.44314398047252274f,0f,0f,0f,1f], start_interpolation: 0, interpolation_duration: 1 }
$data merge entity $(bone_wing_left_1_model) { transformation: [-0.7138747779620574f,0.7199288572502504f,0.055338277257357946f,0.3269284649649526f,0.10244270301450292f,0.023953533413248625f,1.009905344018905f,0.7500943658505426f,0.7147484711634896f,0.7156156452853789f,-0.0894759980893483f,0.0801536841273589f,0f,0f,0f,1f], start_interpolation: 0, interpolation_duration: 1 }
$data merge entity $(bone_wing_left_0) { transformation: [-0.8360943128751612f,0.4312513571355312f,0.33907015048006606f,0.16788687369110777f,0.5467680669260332f,0.7053612727484474f,0.4511209991750102f,0.6095607761550543f,-0.04462040976706699f,0.5625724325590911f,-0.8255430195675849f,0.4966888869017291f,0f,0f,0f,1f], start_interpolation: 0, interpolation_duration: 1 }
$data merge entity $(bone_body_0) { transformation: [-0.9944953313156384f,0.07908022136619469f,0.06874121456646187f,-0.0023066027058650175f,0.10281421656476913f,0.8629886642137502f,0.4946511925698148f,0.5648027962388518f,-0.020205763127668586f,0.49899587576175497f,-0.8663687685444275f,0.010279941055971853f,0f,0f,0f,1f], start_interpolation: 0, interpolation_duration: 1 }
$data merge entity $(bone_leg_right_3) { transformation: [-0.968558958704632f,-0.15121003474120623f,0.1975577609373069f,-0.20102220783790553f,-0.02439327783203335f,0.8479874415909823f,0.529454688241203f,0.06709541433034169f,-0.24758536206651666f,0.5079890001737672f,-0.8250143418104006f,-0.508386813298999f,0f,0f,0f,1f], start_interpolation: 0, interpolation_duration: 1 }
$data merge entity $(bone_leg_right_2) { transformation: [-0.8993452969610451f,0.25578932496623813f,0.354612264406303f,-0.15413799725609112f,0.3747164986714476f,0.8688202273653994f,0.3236339879310367f,0.21111221062255583f,-0.22531218887903182f,0.4239377710868092f,-0.8772178656345799f,-0.42827407968340825f,0f,0f,0f,1f], start_interpolation: 0, interpolation_duration: 1 }
$data merge entity $(bone_leg_right_1) { transformation: [-0.9264784760105479f,0.27086739201034915f,0.2612823940388723f,-0.24620527151530147f,0.2925907168466441f,0.9550624573180422f,0.04739593903268002f,0.18338657605530662f,-0.2367029909070429f,0.12036012033532734f,-0.9640980943495978f,-0.12193623251385105f,0f,0f,0f,1f], start_interpolation: 0, interpolation_duration: 1 }
$data merge entity $(bone_leg_right_0) { transformation: [-0.9264784760105479f,0.37604932333522845f,-0.01498465576146118f,-0.09277863755487185f,0.2925907168466441f,0.6946752766281119f,-0.6571277900506285f,0.4657416537910963f,-0.2367029909070429f,-0.6131991246412316f,-0.7536302326969689f,-0.26956902869092125f,0f,0f,0f,1f], start_interpolation: 0, interpolation_duration: 1 }
$data merge entity $(bone_leg_left_3) { transformation: [-0.9884663811909852f,0.0970866067160506f,-0.11622566003925675f,0.21248028857599724f,0.008920979067625314f,0.8034642396782844f,0.595286176297309f,0.06367912193841438f,0.15117747645622662f,0.5873835257772888f,-0.795063496997421f,-0.5123565584944242f,0f,0f,0f,1f], start_interpolation: 0, interpolation_duration: 1 }
$data merge entity $(bone_leg_left_2) { transformation: [-0.900989640253396f,-0.3320685441255774f,-0.2791919593368969f,0.15200485167406524f,-0.3839928040831086f,0.9098947289660239f,0.15697486618002493f,0.21583855975862085f,0.20190887689363082f,0.24864043155159798f,-0.9473176559261353f,-0.4618863304656668f,0f,0f,0f,1f], start_interpolation: 0, interpolation_duration: 1 }
$data merge entity $(bone_leg_left_1) { transformation: [-0.9275366357124489f,-0.26409548933387905f,-0.26444160399742445f,0.2449917510594362f,-0.30270775483864804f,0.9458578521930672f,0.1171364102457576f,0.16592769764921f,0.2191889700048262f,0.18869683611077454f,-0.9572615627246331f,-0.15865323069529785f,0f,0f,0f,1f], start_interpolation: 0, interpolation_duration: 1 }
$data merge entity $(bone_leg_left_0) { transformation: [-0.9275366357124489f,-0.3735240542535727f,-0.012472782576705458f,0.09451146770467621f,-0.30270775483864804f,0.7704212125254525f,-0.5610874891238945f,0.4667636633197437f,0.2191889700048262f,-0.5166535939919373f,-0.8276625273886923f,-0.2677997859282527f,0f,0f,0f,1f], start_interpolation: 0, interpolation_duration: 1 }
$data merge entity $(bone_tail_3) { transformation: [-2.0432947269343242f,0.7866457342055247f,-1.081962509781492f,-0.2357899306332313f,-1.0653562235551608f,0.23766451355223858f,2.184728683558737f,0.6446764823862461f,0.8089935108817002f,2.299828644201184f,0.1443101919376177f,-1.4959698195005187f,0f,0f,0f,1f], start_interpolation: 0, interpolation_duration: 1 }
$data merge entity $(bone_tail_2) { transformation: [-1.0553154577758301f,0.05777495934175763f,-0.46891939728747456f,-0.04404289720568774f,-0.2685544316499628f,0.8708067666848516f,0.7116798120201527f,0.3488184313408846f,0.38871823255483606f,0.7584666714292282f,-0.7813709148096771f,-1.179803487904906f,0f,0f,0f,1f], start_interpolation: 0, interpolation_duration: 1 }
$data merge entity $(bone_tail_1) { transformation: [-1.3749072849536812f,-0.010452509049070323f,-0.1700001268048182f,0.00691885140629152f,-0.050466611851379455f,1.3457104080774067f,0.32541659293613084f,0.2446647513029231f,0.16267273633684715f,0.32914067345816805f,-1.335882980730709f,-0.7813876406235605f,0f,0f,0f,1f], start_interpolation: 0, interpolation_duration: 1 }
$data merge entity $(bone_tail_0) { transformation: [-1.197845388603477f,-0.00420233877161815f,0.012373585899482079f,0.0031770526544191353f,-0.006536433941892716f,1.1748694921904612f,-0.23375904609068918f,0.33284298733852785f,-0.011315489847398554f,-0.23381265352147698f,-1.174822515540342f,-0.43622139349452804f,0f,0f,0f,1f], start_interpolation: 0, interpolation_duration: 1 }
$data merge entity $(bone_body_1) { transformation: [-1.0207725920273107f,-0.0002446017609281311f,0.011133282546872082f,2.33146981947924e-17f,-0.0055701784896129225f,0.894953255476077f,-0.49104820340655947f,0.48947125f,-0.009642765261261375f,-0.491079733981351f,-0.894901338916959f,-0.19037895833333335f,0f,0f,0f,1f], start_interpolation: 0, interpolation_duration: 1 }