# This file was generated by Animated Java via MC-Build. It is not recommended to edit this file directly.
$data merge entity $(bone_head_lower) { transformation: [-0.9897467540128067f,0.07347070493477896f,-0.12248844205678944f,-0.03619276281707869f,0.09323489649060106f,0.9819847524207117f,-0.16435692893705492f,0.10147496295439554f,0.10820636301761427f,-0.17409193413142343f,-0.9787662547681547f,0.9145122842977939f,0f,0f,0f,1f], start_interpolation: 0, interpolation_duration: 1 }
$data merge entity $(bone_head_upper) { transformation: [-0.9897467540128067f,0.0888301028017372f,-0.11185068510002796f,-0.03642644204184203f,0.09323489649060106f,0.9950366208340835f,-0.03477610207419804f,0.11397331897439932f,0.10820636301761427f,-0.044847921192859505f,-0.9931163310343755f,0.8980246570061616f,0f,0f,0f,1f], start_interpolation: 0, interpolation_duration: 1 }
$data merge entity $(bone_neck_0) { transformation: [-0.9891129692984661f,0.11802169805149798f,-0.08790001566901268f,-0.05493505679741182f,0.10973702135432475f,0.9895266586086262f,0.09378047796384748f,0.11477980545709277f,0.09804754004997836f,0.08311360112453459f,-0.9917050010957187f,0.7103989673307337f,0f,0f,0f,1f], start_interpolation: 0, interpolation_duration: 1 }
$data merge entity $(bone_neck_1) { transformation: [-0.9943256728262199f,0.09854823595254616f,0.040058726256915075f,-0.04716074865085498f,0.1058465330487547f,0.8788997657455837f,0.46511473123726893f,0.2029325883074139f,0.010628631155706352f,0.4667155953715273f,-0.8843435900354321f,0.5598177456027171f,0f,0f,0f,1f], start_interpolation: 0, interpolation_duration: 1 }
$data merge entity $(bone_neck_2) { transformation: [-0.9943256728262199f,0.08194123178807065f,0.06783871233844913f,-0.020117214416752748f,0.1058465330487547f,0.698358907482291f,0.7078780599663332f,0.46280098269215275f,0.010628631155706352f,0.71104182076246f,-0.7030693858550244f,0.5018527816649383f,0f,0f,0f,1f], start_interpolation: 0, interpolation_duration: 1 }
$data merge entity $(bone_arm_right_2) { transformation: [-0.9098045916376478f,-0.034007395778779925f,-0.4136412722001974f,-0.38104559936727217f,-0.06810337453369449f,0.995360912401843f,0.06796016803756294f,0.05537078356286845f,0.40941120577260187f,0.09000083941228465f,-0.9078999468514732f,0.35505447585474803f,0f,0f,0f,1f], start_interpolation: 0, interpolation_duration: 1 }
$data merge entity $(bone_arm_right_1) { transformation: [-0.779602582679269f,-0.5521045337399109f,-0.2956355812544369f,-0.43858323132030597f,-0.3129147003403198f,0.7523004809244961f,-0.5797657947065342f,0.3352638603909068f,0.542498113720906f,-0.35947819158414474f,-0.7592570226113496f,0.1611654086883838f,0f,0f,0f,1f], start_interpolation: 0, interpolation_duration: 1 }
$data merge entity $(bone_arm_right_0) { transformation: [-0.66649649041691f,0.7450365075982244f,0.02651472435803441f,-0.18601748822809278f,0.14879357830713014f,0.09808933911829473f,0.9839913376681197f,0.37917155147779247f,0.7305086579339778f,0.6597719938715016f,-0.1762328482046449f,0.35406147825312345f,0f,0f,0f,1f], start_interpolation: 0, interpolation_duration: 1 }
$data merge entity $(bone_arm_left_2) { transformation: [-0.9874411188011133f,-0.020952511116463512f,0.15659191926380095f,0.38974249469702965f,-0.018275431613298684f,0.9996615199167787f,0.018516322448693112f,0.0450370159154625f,-0.1569268794698789f,0.015421993243119103f,-0.9874898058330804f,0.4148584465878177f,0f,0f,0f,1f], start_interpolation: 0, interpolation_duration: 1 }
$data merge entity $(bone_arm_left_1) { transformation: [-0.9277949199653448f,0.36010061346035543f,0.09759167316925951f,0.3650639803361661f,0.1712951903733349f,0.6435195870663665f,-0.7460164199378567f,0.26971614337703653f,-0.33144312369011775f,-0.6754332603946958f,-0.6587377069146172f,0.1537953420982742f,0f,0f,0f,1f], start_interpolation: 0, interpolation_duration: 1 }
$data merge entity $(bone_arm_left_0) { transformation: [-0.7275248509972239f,-0.6786371265551001f,-0.1007930634642307f,0.13127276491314477f,-0.33620600234142706f,0.22458392427491697f,0.9146188194799375f,0.34905153434702535f,-0.5980577858125948f,0.699295153292453f,-0.391552261404044f,0.35867041843625524f,0f,0f,0f,1f], start_interpolation: 0, interpolation_duration: 1 }
$data merge entity $(bone_finger_right_1_fire) { transformation: [-0.6764168012890243f,-0.10886607223486475f,-0.661542113329247f,-1.3633540099993273f,-0.25971629412107505f,0.9089143286859525f,0.11598132666695705f,1.0587212790618765f,0.6180916080646848f,0.2627782332758279f,-0.6752331764764632f,-0.2865624326323311f,0f,0f,0f,1f], start_interpolation: 0, interpolation_duration: 1 }
$data merge entity $(bone_finger_right_1_fire_s) { transformation: [-0.000007102376413534761f,-0.0000011430937584660809f,-0.0000069461921899571f,-1.3633540099993273f,-0.0000027270210882712904f,0.00000954360045120251f,0.00000121780393000305f,1.0587212790618765f,0.000006489961884679196f,0.0000027591714493961953f,-0.00000708994835300287f,-0.2865624326323311f,0f,0f,0f,1f], start_interpolation: 0, interpolation_duration: 1 }
$data merge entity $(bone_finger_right_1) { transformation: [-1.412028189692455f,-0.22725923218314717f,-1.380977100080164f,-0.6381563243085556f,-0.542160880573274f,1.8973695681038718f,0.24211241119319302f,0.899635227991329f,1.2902736489343272f,0.5485527153020905f,-1.409557358692736f,0.43900552994649794f,0f,0f,0f,1f], start_interpolation: 0, interpolation_duration: 1 }
$data merge entity $(bone_finger_right_2_fire) { transformation: [0.73554867226272f,-0.1233034281485206f,-0.5922785609807442f,-0.9746445941018127f,-0.4855707819756735f,-0.67648032847435f,-0.4621956937670629f,0.4480413246071127f,-0.36085820606178703f,0.6589386225226945f,-0.5853295869198915f,0.1588586772955901f,0f,0f,0f,1f], start_interpolation: 0, interpolation_duration: 1 }
$data merge entity $(bone_finger_right_2_fire_s) { transformation: [0.000007723261058758567f,-0.0000012946859955594674f,-0.0000062189248902978195f,-0.9746445941018127f,-0.000005098493210744576f,-0.000007103043448980681f,-0.000004853054784554164f,0.4480413246071127f,-0.000003789011163648767f,0.000006918855536488299f,-0.000006145960662658866f,0.1588586772955901f,0f,0f,0f,1f], start_interpolation: 0, interpolation_duration: 1 }
$data merge entity $(bone_finger_right_2) { transformation: [0.9594909707687234f,-0.1608439120818352f,-0.7726013965775183f,-0.6415045633697368f,-0.6334057806692074f,-0.8824389079203784f,-0.6029140036830699f,0.7078227621171612f,-0.4707236971538105f,0.8595565221487925f,-0.7635367648013729f,0.48916808441779036f,0f,0f,0f,1f], start_interpolation: 0, interpolation_duration: 1 }
$data merge entity $(bone_finger_film_right) { transformation: [0.1014906610980858f,-0.26009571808545223f,-0.8131356178102539f,-0.7265376187011017f,-1.0971441498063164f,0.03793782150450596f,-0.17235433430800703f,0.7839226909107645f,0.18806708803002103f,0.36168234436894525f,-0.5666694756757067f,0.47089880752803104f,0f,0f,0f,1f], start_interpolation: 0, interpolation_duration: 1 }
$data merge entity $(bone_finger_right_0_fire) { transformation: [0.029237847946758343f,-0.5928837966790153f,-0.7447572962656807f,-1.2873366861920554f,-0.926048835240738f,0.15485634571484735f,-0.1596325323960128f,0.6761814205475862f,0.22047263198583764f,0.7290663853760972f,-0.5717372672110131f,0.06343121126738338f,0f,0f,0f,1f], start_interpolation: 0, interpolation_duration: 1 }
$data merge entity $(bone_finger_right_0_fire_s) { transformation: [3.069974034409629e-7f,-0.000006225279865129665f,-0.000007819951610789655f,-1.2873366861920554f,-0.000009723512770027758f,0.0000016259916300058986f,-0.000001676141590158136f,0.6761814205475862f,0.0000023149626358512973f,0.000007655197046449028f,-0.0000060032413057156435f,0.06343121126738338f,0f,0f,0f,1f], start_interpolation: 0, interpolation_duration: 1 }
$data merge entity $(bone_fire_large_right) { transformation: [8.186597425092344e-7f,-0.00001660074630701244f,-0.000020853204295439078f,-1.2244972126875564f,-0.000025929367386740687f,0.000004335977680015729f,-0.000004469710907088362f,0.6561090572170698f,0.000006173233695603459f,0.00002041385879053074f,-0.000016008643481908383f,-0.023253421676852903f,0f,0f,0f,1f], start_interpolation: 0, interpolation_duration: 1 }
$data merge entity $(bone_finger_right_0) { transformation: [0.044900404111038614f,-0.91048842275432f,-1.1437197302574085f,-0.6937891863597665f,-1.422128160888661f,0.23781204808291145f,-0.24514681199866217f,0.783065476466945f,0.3385786221207147f,1.119623283723603f,-0.8780138124345632f,0.43025233322669504f,0f,0f,0f,1f], start_interpolation: 0, interpolation_duration: 1 }
$data merge entity $(bone_wing_right_1_model) { transformation: [-0.6161867057604562f,-0.7809799981887493f,-0.20337470126595933f,-0.3090128167958334f,0.07139518751488194f,-0.30762814918019193f,0.9650102238181334f,0.9116662030184912f,-0.8038617753604359f,0.5713249927168517f,0.24160107999199312f,0.12906657336031394f,0f,0f,0f,1f], start_interpolation: 0, interpolation_duration: 1 }
$data merge entity $(bone_wing_right_0) { transformation: [-0.748868443151055f,-0.5871231887642974f,-0.3073799213802985f,-0.17824544841743878f,-0.5990268499137318f,0.4012827758594142f,0.6929206064773901f,0.6413220402996934f,-0.2834834879405614f,0.7030352018311787f,-0.6522105618979557f,0.48733938316206504f,0f,0f,0f,1f], start_interpolation: 0, interpolation_duration: 1 }
$data merge entity $(bone_finger_left_1_fire) { transformation: [-0.4894247084818971f,-0.09255118894494745f,0.8117433157164493f,1.4831852268960515f,-0.06038249296192128f,0.9477601572253457f,0.07165275555022232f,0.992359418968616f,-0.8147679962597708f,-0.014643778853595024f,-0.4929179956846508f,-0.1446284518367253f,0f,0f,0f,1f], start_interpolation: 0, interpolation_duration: 1 }
$data merge entity $(bone_finger_left_1_fire_s) { transformation: [-0.000005138959439059924f,-9.71787483921949e-7f,0.000008523304815022726f,1.4831852268960515f,-6.340161761001739e-7f,0.000009951481650866138f,7.52353933277335e-7f,0.992359418968616f,-0.0000085550639607276f,-1.5375967796274788e-7f,-0.000005175638954688837f,-0.1446284518367253f,0f,0f,0f,1f], start_interpolation: 0, interpolation_duration: 1 }
$data merge entity $(bone_finger_left_1) { transformation: [-1.0216799520524629f,-0.19320171753684529f,1.6945239124778781f,0.6018134077828956f,-0.1260491786479263f,1.9784607013297975f,0.1495759870441558f,0.8798920388034595f,-1.700837969408228f,-0.03056906408222588f,-1.0289722310076574f,0.39221764172195744f,0f,0f,0f,1f], start_interpolation: 0, interpolation_duration: 1 }
$data merge entity $(bone_finger_left_2_fire) { transformation: [0.5257035281167521f,0.007863892379323383f,0.7941054326601059f,1.0617711148189f,0.7071318248362117f,-0.43805754894366206f,-0.4637883618368713f,0.45217827188749266f,0.361427532553148f,0.8456200219177439f,-0.24764166794468534f,0.3584018220335744f,0f,0f,0f,1f], start_interpolation: 0, interpolation_duration: 1 }
$data merge entity $(bone_finger_left_2_fire_s) { transformation: [0.000005519887045225903f,8.25708699828956e-8f,0.00000833810704293112f,1.0617711148189f,0.00000742488416078023f,-0.000004599604263908456f,-0.0000048697777992871535f,0.45217827188749266f,0.000003794989091808058f,0.000008879010230136319f,-0.000002600237513419198f,0.3584018220335744f,0f,0f,0f,1f], start_interpolation: 0, interpolation_duration: 1 }
$data merge entity $(bone_finger_left_2) { transformation: [0.6857571871860075f,0.010258102580549218f,1.035875695529251f,0.6148129541036363f,0.9224224400900243f,-0.5714268528220476f,-0.6049915693018235f,0.7131495181013631f,0.47146635858259117f,1.1030742170132362f,-0.32303769055566117f,0.4987420906808272f,0f,0f,0f,1f], start_interpolation: 0, interpolation_duration: 1 }
$data merge entity $(bone_finger_film_left) { transformation: [0.010343395788934251f,0.1334990072834006f,0.9600517625910114f,0.6908611785845542f,1.0051464532141556f,0.18551399931570023f,-0.13936624900169509f,0.7979575930869572f,-0.4888440355563321f,0.3842730151953843f,-0.26624707689304283f,0.4792525008957417f,0f,0f,0f,1f], start_interpolation: 0, interpolation_duration: 1 }
$data merge entity $(bone_finger_left_0_fire) { transformation: [-0.026272463596582144f,0.32386736371096564f,0.895236933352017f,1.356503174562988f,0.8202914503087647f,0.46223378340983845f,-0.1431479810651139f,0.7079488707619115f,-0.48317819969961173f,0.7671240699232322f,-0.29170013222058455f,0.2768845673294658f,0f,0f,0f,1f], start_interpolation: 0, interpolation_duration: 1 }
$data merge entity $(bone_finger_left_0_fire_s) { transformation: [-2.758608677641127e-7f,0.000003400607318965142f,0.000009399987800196187f,1.356503174562988f,0.000008613060228242038f,0.0000048534547258033084f,-0.0000015030538011836974f,0.7079488707619115f,-0.000005073371096845927f,0.000008054802734193945f,-0.0000030628513883161404f,0.2768845673294658f,0f,0f,0f,1f], start_interpolation: 0, interpolation_duration: 1 }
$data merge entity $(bone_fire_large_left) { transformation: [-7.356289807043006e-7f,0.000009068286183907046f,0.000025066634133856496f,1.3254497143802464f,0.000022968160608645433f,0.00001294254593547549f,-0.000004008143469823193f,0.6530420486716783f,-0.000013528989591589139f,0.00002147947395785052f,-0.000008167603702176374f,0.18807663813785463f,0f,0f,0f,1f], start_interpolation: 0, interpolation_duration: 1 }
$data merge entity $(bone_finger_left_0) { transformation: [-0.04034647948875043f,0.49736134942214016f,1.3748104906978686f,0.6720904496558608f,1.25971711990441f,0.7098499077862922f,-0.21983157615454857f,0.7795740490581549f,-0.7420141339972334f,1.1780682629439785f,-0.4479623069316831f,0.4341411325394895f,0f,0f,0f,1f], start_interpolation: 0, interpolation_duration: 1 }
$data merge entity $(bone_wing_left_1_model) { transformation: [-0.7139408553092909f,0.7196028038761794f,0.05862885650956589f,0.3229289942830669f,0.10647600237231383f,0.02339021221229868f,1.0095012837700181f,0.7401296821950006f,0.7140927104241364f,0.7159621398286675f,-0.09190700894331219f,0.07105122164221245f,0f,0f,0f,1f], start_interpolation: 0, interpolation_duration: 1 }
$data merge entity $(bone_wing_left_0) { transformation: [-0.833724983740173f,0.44301214860880767f,0.32961020565579585f,0.16912267644608564f,0.550499403981302f,0.7133945839827586f,0.4336110858364878f,0.6083467636626437f,-0.04304715674326737f,0.5429626172482546f,-0.8386528116969774f,0.49238523280028257f,0f,0f,0f,1f], start_interpolation: 0, interpolation_duration: 1 }
$data merge entity $(bone_body_0) { transformation: [-0.9954204020117257f,0.07468587003820451f,0.05966778088257451f,-0.003453348022585579f,0.0944941713906421f,0.8631678976382587f,0.495996000044299f,0.5626054460121428f,-0.014459420182374318f,0.49936279527352123f,-0.8662723150745408f,0.006908141259155953f,0f,0f,0f,1f], start_interpolation: 0, interpolation_duration: 1 }
$data merge entity $(bone_leg_right_3) { transformation: [-0.968190494449474f,-0.1489082148896125f,0.2010808543747317f,-0.1998591262090539f,-0.024458741429587066f,0.8561095174744937f,0.5162153272204049f,0.0659869706720882f,-0.24901593608715825f,0.4948765882803288f,-0.8325192045512573f,-0.5170618334100151f,0f,0f,0f,1f], start_interpolation: 0, interpolation_duration: 1 }
$data merge entity $(bone_leg_right_2) { transformation: [-0.8991167189959031f,0.2549374958091304f,0.35580331484207933f,-0.15313046240000705f,0.37465198893889184f,0.8685563630384768f,0.3244159851325234f,0.20995352151453767f,-0.22632943424613303f,0.424990255718814f,-0.876446387258161f,-0.4367681155943286f,0f,0f,0f,1f], start_interpolation: 0, interpolation_duration: 1 }
$data merge entity $(bone_leg_right_1) { transformation: [-0.9262111775201725f,0.27043479431122797f,0.2626744689963974f,-0.24563664558370152f,0.29252789073149604f,0.9550403969272647f,0.04822108855256341f,0.18196328095814385f,-0.23782406896880195f,0.12150251957410624f,-0.9636788105776044f,-0.1305865960401004f,0f,0f,0f,1f], start_interpolation: 0, interpolation_duration: 1 }
$data merge entity $(bone_leg_right_0) { transformation: [-0.9262111775201725f,0.37688289082672f,-0.009599022803920422f,-0.09234197041172744f,0.29252789073149604f,0.7023763276507203f,-0.6489182749006763f,0.4663432094562479f,-0.23782406896880195f,-0.6038433414040287f,-0.7607975626019974f,-0.2744210956220992f,0f,0f,0f,1f], start_interpolation: 0, interpolation_duration: 1 }
$data merge entity $(bone_leg_left_3) { transformation: [-0.9899168508422682f,0.08506794982065076f,-0.11326108039321137f,0.21732993602014297f,0.003237322085620869f,0.8129639450969561f,0.5823050263548368f,0.062336017655358456f,0.14161266950467466f,0.5760668953218061f,-0.8050421007314186f,-0.5187547962121939f,0f,0f,0f,1f], start_interpolation: 0, interpolation_duration: 1 }
$data merge entity $(bone_leg_left_2) { transformation: [-0.9004370004219795f,-0.3402339881766141f,-0.2710240608516218f,0.15540349162875997f,-0.3888888229222042f,0.908801235460255f,0.15114826440319004f,0.21431881069024086f,0.1948812245375385f,0.2414977178263799f,-0.9506314536177519f,-0.46952713112565275f,0f,0f,0f,1f], start_interpolation: 0, interpolation_duration: 1 }
$data merge entity $(bone_leg_left_1) { transformation: [-0.9276660350986943f,-0.27191536204041666f,-0.25592530787457707f,0.24577349466016624f,-0.30770250725412895f,0.9449430870499573f,0.11136305161955462f,0.166296176259224f,0.2115535259781568f,0.18205657945519588f,-0.9602606456183047f,-0.16519990667051992f,0f,0f,0f,1f], start_interpolation: 0, interpolation_duration: 1 }
$data merge entity $(bone_leg_left_0) { transformation: [-0.9276660350986943f,-0.37334492578030026f,-0.0070209485377713855f,0.09493420446636665f,-0.30770250725412895f,0.7749434983002575f,-0.5520704135087131f,0.46787612874467593f,0.2115535259781568f,-0.50997660812655f,-0.8337679322269168f,-0.27176728081183543f,0f,0f,0f,1f], start_interpolation: 0, interpolation_duration: 1 }
$data merge entity $(bone_tail_3) { transformation: [-2.043942407354201f,0.7752935864729558f,-1.088910930713364f,-0.2301846390279413f,-1.079887089805475f,0.2148214531964207f,2.179954894338887f,0.6582226472065964f,0.7878140856348055f,2.3059226619413122f,0.16302566808609045f,-1.4994559859856742f,0f,0f,0f,1f], start_interpolation: 0, interpolation_duration: 1 }
$data merge entity $(bone_tail_2) { transformation: [-1.0563268386167195f,0.05175050520851837f,-0.46734308353571524f,-0.03905272006182769f,-0.27576002110068404f,0.8626521708904731f,0.7188196611950066f,0.3594817820167212f,0.3808465350775266f,0.7681583038466858f,-0.7757594984599449f,-1.185636698099818f,0f,0f,0f,1f], start_interpolation: 0, interpolation_duration: 1 }
$data merge entity $(bone_tail_1) { transformation: [-1.3754950783462419f,-0.015855367500783f,-0.16474597732405893f,0.010362482146165947f,-0.056128217425744746f,1.3420097881297341f,0.3394682489576489f,0.2511385017111294f,0.15569923869965627f,0.3437116177308808f,-1.333041413903914f,-0.7881443740791899f,0f,0f,0f,1f], start_interpolation: 0, interpolation_duration: 1 }
$data merge entity $(bone_tail_0) { transformation: [-1.1977562945044429f,-0.00650469492736972f,0.01849021894587559f,0.004767408233103866f,-0.009804043295294263f,1.1773303988206205f,-0.22091028275234403f,0.3355401974013238f,-0.016972919248867048f,-0.22103203667015875f,-1.177226018679247f,-0.4420602955116866f,0f,0f,0f,1f], start_interpolation: 0, interpolation_duration: 1 }
$data merge entity $(bone_body_1) { transformation: [-1.0206966683603076f,-0.0005483924397729858f,0.016694457413900684f,2.3824967694437133e-17f,-0.008354749938598588f,0.9002458571276388f,-0.48123620948805457f,0.48947125f,-0.014463879012078002f,-0.4813084150881836f,-0.9001298240885417f,-0.19454562500000003f,0f,0f,0f,1f], start_interpolation: 0, interpolation_duration: 1 }