# This file was generated by Animated Java via MC-Build. It is not recommended to edit this file directly.
$data merge entity $(bone_head_lower) { transformation: [-0.9907468141513078f,0.05440340884505716f,-0.12434234739247899f,-0.005530064172539288f,0.06978739895838333f,0.9899594824553831f,-0.12292250421828259f,0.09914093556172857f,0.11640648261870044f,-0.1304626084466649f,-0.9845958757793136f,0.915116626662609f,0f,0f,0f,1f], start_interpolation: 0, interpolation_duration: 1 }
$data merge entity $(bone_head_upper) { transformation: [-0.9907468141513078f,0.07016791327749358f,-0.11617751157309451f,-0.006077937466099435f,0.06978739895838333f,0.9975348482624321f,0.007344756542617306f,0.1123537275022001f,0.11640648261870044f,-0.0008309322048286744f,-0.9932013090788858f,0.899203508587177f,0f,0f,0f,1f], start_interpolation: 0, interpolation_duration: 1 }
$data merge entity $(bone_neck_0) { transformation: [-0.9845440297804366f,0.1180753718809445f,-0.12934937177611552f,-0.03237048980619997f,0.10630980164314244f,0.989842732795535f,0.0943906266875223f,0.11326941775953907f,0.1391807439924604f,0.07918062191625003f,-0.9870963223589988f,0.7125099578962317f,0f,0f,0f,1f], start_interpolation: 0, interpolation_duration: 1 }
$data merge entity $(bone_neck_1) { transformation: [-0.9945023267521687f,0.10445559969889712f,-0.0073586531421821234f,-0.032822424957371546f,0.09079349150208368f,0.8951698826572079f,0.43637990682929256f,0.19653819380615334f,0.05216956953420486f,0.4333127148780943f,-0.8997324197446654f,0.5589776680714736f,0f,0f,0f,1f], start_interpolation: 0, interpolation_duration: 1 }
$data merge entity $(bone_neck_2) { transformation: [-0.9945023267521687f,0.10183386570980407f,0.024392332383779365f,-0.012787029628280388f,0.09079349150208368f,0.7225167221187778f,0.6853656893656103f,0.4547486161291554f,0.05216956953420486f,0.6838124377732059f,-0.7277904134854217f,0.49153263173769124f,0f,0f,0f,1f], start_interpolation: 0, interpolation_duration: 1 }
$data merge entity $(bone_arm_right_2) { transformation: [-0.9332319049910807f,-0.013959711805033553f,-0.359003256187237f,-0.38748345054189326f,-0.031018332971989814f,0.9986443723607434f,0.04180048530645181f,0.04782289153363173f,0.3579330587223783f,0.05014522907053626f,-0.9323997970158006f,0.3690293771378999f,0f,0f,0f,1f], start_interpolation: 0, interpolation_duration: 1 }
$data merge entity $(bone_arm_right_1) { transformation: [-0.7911215299866744f,-0.5363857787685988f,-0.2939677212320208f,-0.43840934322523883f,-0.2804164550450782f,0.7451819644772466f,-0.6050375621048522f,0.32063868219911296f,0.5435929879344428f,-0.3962248555462349f,-0.7399408944745993f,0.16354998223017564f,0f,0f,0f,1f], start_interpolation: 0, interpolation_duration: 1 }
$data merge entity $(bone_arm_right_0) { transformation: [-0.6380370339868381f,0.7699971752263699f,0.003618480992000718f,-0.17882124161396093f,0.1320242280340479f,0.10476613763005824f,0.9856945062330891f,0.36705862908112624f,0.7586028911580105f,0.6293873263337058f,-0.16850295836339807f,0.3462668112502527f,0f,0f,0f,1f], start_interpolation: 0, interpolation_duration: 1 }
$data merge entity $(bone_arm_left_2) { transformation: [-0.9968046994350684f,-0.03546600757737532f,0.07157201611443478f,0.42442817792571136f,-0.03124204584325796f,0.9977513447827819f,0.05929745825647548f,0.04922252188956083f,-0.07351411943083551f,0.0568719288460679f,-0.9956712599817454f,0.38170441854775816f,0f,0f,0f,1f], start_interpolation: 0, interpolation_duration: 1 }
$data merge entity $(bone_arm_left_1) { transformation: [-0.9576049019385082f,0.2805766470482455f,0.06534215266200478f,0.370463770553828f,0.150105677770339f,0.6795466112020626f,-0.7181118914938676f,0.282063381512887f,-0.24588846513093593f,-0.6778592393225582f,-0.6928533137545025f,0.13247227627765726f,0f,0f,0f,1f], start_interpolation: 0, interpolation_duration: 1 }
$data merge entity $(bone_arm_left_0) { transformation: [-0.7280981092634671f,-0.6681322811632067f,-0.15320704342364455f,0.13918570964456176f,-0.3541216251125457f,0.17525651733166903f,0.9186310618308224f,0.34531616802219206f,-0.5869165340272962f,0.7231074664255821f,-0.3642040281009551f,0.34562897243024393f,0f,0f,0f,1f], start_interpolation: 0, interpolation_duration: 1 }
$data merge entity $(bone_finger_right_1_fire) { transformation: [-0.18354293307434477f,-0.012432222704519833f,-0.15115149341213788f,-1.2791389000296065f,-0.06351623058586177f,0.22178248465746328f,0.05888599455688464f,1.1972107191776709f,0.137720813874512f,0.08571646132111983f,-0.1742842737826758f,-0.25288776622212705f,0f,0f,0f,1f], start_interpolation: 0, interpolation_duration: 1 }
$data merge entity $(bone_finger_right_1_fire_s) { transformation: [-0.000007708803189122507f,-5.221533535898349e-7f,-0.000006348362723309815f,-1.2791389000296065f,-0.0000026676816846062036f,0.00000931486435561349f,0.000002473211771389164f,1.1972107191776709f,0.000005784274182729524f,0.000003600091375487046f,-0.000007319939498872411f,-0.25288776622212705f,0f,0f,0f,1f], start_interpolation: 0, interpolation_duration: 1 }
$data merge entity $(bone_finger_right_1) { transformation: [-1.5325923012315719f,-0.10380965632943079f,-1.2621222252630397f,-0.6180640428226265f,-0.5303635741710158f,1.8518943924490885f,0.49170088107772725f,0.9086569128324123f,1.1499754064512449f,0.7157365664214965f,-1.4552820517304896f,0.4936948864759514f,0f,0f,0f,1f], start_interpolation: 0, interpolation_duration: 1 }
$data merge entity $(bone_finger_right_2_fire) { transformation: [0.17860963716427006f,-0.055348277456058484f,-0.14739236105824052f,-0.9721007922403784f,-0.1284801739484875f,-0.1800706605242609f,-0.08807238230086954f,0.5162533354615301f,-0.09099881767276947f,0.14560380422444766f,-0.16494874895298384f,0.1526361219489154f,0f,0f,0f,1f], start_interpolation: 0, interpolation_duration: 1 }
$data merge entity $(bone_finger_right_2_fire_s) { transformation: [0.00000750160476089937f,-0.0000023246276531544645f,-0.0000061904791644461234f,-0.9721007922403784f,-0.0000053961673058364946f,-0.000007562967742018985f,-0.0000036990400566365344f,0.5162533354615301f,-0.000003821950342256332f,0.000006115359777426823f,-0.000006927847456025346f,0.1526361219489154f,0f,0f,0f,1f], start_interpolation: 0, interpolation_duration: 1 }
$data merge entity $(bone_finger_right_2) { transformation: [0.9319537407318421f,-0.2887975981430206f,-0.7690674726425359f,-0.6405700494476989f,-0.6703869993926822f,-0.9395771042146746f,-0.45954623414284507f,0.7141186019538355f,-0.4748158603240112f,0.7597350969755291f,-0.8606736235312313f,0.524805011948655f,0f,0f,0f,1f], start_interpolation: 0, interpolation_duration: 1 }
$data merge entity $(bone_finger_film_right) { transformation: [-0.0023723402803273405f,-0.2788677017169671f,-0.7863261794538375f,-0.7176282713100403f,-1.1144068174982795f,0.027643200165156288f,-0.04690717404356773f,0.7988198295113785f,0.08652564047376472f,0.3483846114839703f,-0.6257001683696256f,0.5092063378667782f,0f,0f,0f,1f], start_interpolation: 0, interpolation_duration: 1 }
$data merge entity $(bone_finger_right_0_fire) { transformation: [-0.015525844257620974f,-0.15595772461302446f,-0.17923581867819802f,-1.257937373628029f,-0.23531383883270918f,0.034889108196340654f,-0.00997445671230006f,0.7790284405472978f,0.0327976800632241f,0.17649158808968712f,-0.15641091368468604f,0.06220746503170421f,0f,0f,0f,1f], start_interpolation: 0, interpolation_duration: 1 }
$data merge entity $(bone_finger_right_0_fire_s) { transformation: [-6.520854588200833e-7f,-0.000006550224433747051f,-0.000007527904384484344f,-1.257937373628029f,-0.000009883181230973821f,0.0000014653425442463127f,-4.189271819166041e-7f,0.7790284405472978f,0.0000013775025626554173f,0.000007412646699766886f,-0.000006569258374756837f,0.06220746503170421f,0f,0f,0f,1f], start_interpolation: 0, interpolation_duration: 1 }
$data merge entity $(bone_fire_large_right) { transformation: [-0.0000017388945568535552f,-0.000017467265156658803f,-0.00002007441169195825f,-1.1915137726211658f,-0.000026355149949263524f,0.0000039075801179901665f,-0.0000011171391517776109f,0.7614683903277647f,0.0000036733401670811125f,0.000019767057866045027f,-0.0000175180223326849f,-0.022323444428920702f,0f,0f,0f,1f], start_interpolation: 0, interpolation_duration: 1 }
$data merge entity $(bone_finger_right_0) { transformation: [-0.09537181841860186f,-0.9580137186723797f,-1.1010058885973824f,-0.6825067633964976f,-1.4454807311055764f,0.21431605499037884f,-0.06127087574788354f,0.798779301313763f,0.20146887574283237f,1.084148688625293f,-0.9607975586449202f,0.47058240034234866f,0f,0f,0f,1f], start_interpolation: 0, interpolation_duration: 1 }
$data merge entity $(bone_wing_right_1_model) { transformation: [-0.7094627239099027f,-0.7165466017432575f,-0.1191666646104146f,-0.333221117656493f,0.033315674730670236f,-0.19849851361960166f,0.9952213266152857f,0.8718564988090107f,-0.7256237263495602f,0.691474070853592f,0.1622063504847451f,0.1128630630443717f,0f,0f,0f,1f], start_interpolation: 0, interpolation_duration: 1 }
$data merge entity $(bone_wing_right_0) { transformation: [-0.8115930513397084f,-0.4725348697617891f,-0.34355132931821236f,-0.17578299703685468f,-0.5693961105823659f,0.5081361956933392f,0.646208693751465f,0.6290611902387013f,-0.13078527543563828f,0.7200752762631901f,-0.6814593225158158f,0.4800267093739343f,0f,0f,0f,1f], start_interpolation: 0, interpolation_duration: 1 }
$data merge entity $(bone_finger_left_1_fire) { transformation: [-0.1681822401997939f,-0.01743897199787522f,0.16763042307607506f,1.3237046139094497f,0.009096328262494369f,0.23553273877879574f,0.03362927562598183f,1.033177041274818f,-0.16828943311196787f,0.030158806717850036f,-0.16570593074430245f,-0.31324908205188884f,0f,0f,0f,1f], start_interpolation: 0, interpolation_duration: 1 }
$data merge entity $(bone_finger_left_1_fire_s) { transformation: [-0.000007063654088391368f,-7.324368239107618e-7f,0.0000070404777691951775f,1.3237046139094497f,3.8204578702476483e-7f,0.000009892375028709457f,0.0000014124295762912418f,1.033177041274818f,-0.0000070681561907026766f,0.0000012666698821497062f,-0.0000069596490912607275f,-0.31324908205188884f,0f,0f,0f,1f], start_interpolation: 0, interpolation_duration: 1 }
$data merge entity $(bone_finger_left_1) { transformation: [-1.4043297784158135f,-0.1456162532529145f,1.3997220789455393f,0.5952029219386106f,0.07595477761558485f,1.966709674374413f,0.2808060656821793f,0.8525087965861748f,-1.4052248443777262f,0.25182748371677116f,-1.383652475599606f,0.40390724222756336f,0f,0f,0f,1f], start_interpolation: 0, interpolation_duration: 1 }
$data merge entity $(bone_finger_left_2_fire) { transformation: [0.15368420219888057f,0.050140574987606074f,0.17480397918249344f,1.0226664518279691f,0.1651564370908434f,-0.13427888339715904f,-0.10668587143899708f,0.4341585455797529f,0.0761174072442016f,0.19011692880212466f,-0.12145384349989068f,0.20922373899769137f,0f,0f,0f,1f], start_interpolation: 0, interpolation_duration: 1 }
$data merge entity $(bone_finger_left_2_fire_s) { transformation: [0.000006454736492353006f,0.0000021059041494794627f,0.000007341767125664751f,1.0226664518279691f,0.000006936570357815448f,-0.000005639713102680699f,-0.000004480806600437893f,0.4341585455797529f,0.0000031969311042564786f,0.000007984911009689265f,-0.000005101061426995427f,0.20922373899769137f,0f,0f,0f,1f], start_interpolation: 0, interpolation_duration: 1 }
$data merge entity $(bone_finger_left_2) { transformation: [0.8018971954962756f,0.26162472061441905f,0.9120964852759075f,0.6293451698653499f,0.8617573037853143f,-0.700643647622342f,-0.5566681537982511f,0.6741640611683986f,0.39716727239527394f,0.9919967689684851f,-0.6337248402328975f,0.4835751585797402f,0f,0f,0f,1f], start_interpolation: 0, interpolation_duration: 1 }
$data merge entity $(bone_finger_film_left) { transformation: [-0.08280049701898898f,0.2267571939525427f,0.8637990191540096f,0.7005380696585944f,1.0569471543388151f,0.13826984488442845f,-0.10169062026226065f,0.761057625938775f,-0.35412096799389536f,0.3596745808109271f,-0.5054899765853405f,0.45643357498595194f,0f,0f,0f,1f], start_interpolation: 0, interpolation_duration: 1 }
$data merge entity $(bone_finger_left_0_fire) { transformation: [-0.030388996431027684f,0.12765350895161176f,0.1986716712364486f,1.295326011989728f,0.2181493976555735f,0.09187729058953388f,-0.02566605111941774f,0.6992721145523342f,-0.0904250606969837f,0.178752587477482f,-0.12868629791737607f,0.0896318960355455f,0f,0f,0f,1f], start_interpolation: 0, interpolation_duration: 1 }
$data merge entity $(bone_finger_left_0_fire_s) { transformation: [-0.0000012763378501031674f,0.000005361447375967714f,0.000008344210191930872f,1.295326011989728f,0.00000916227470153412f,0.000003858846204760437f,-0.0000010779741470155488f,0.6992721145523342f,-0.0000037978525492733293f,0.000007507608674054271f,-0.0000054048245125298135f,0.0896318960355455f,0f,0f,0f,1f], start_interpolation: 0, interpolation_duration: 1 }
$data merge entity $(bone_fire_large_left) { transformation: [-0.000003403567600275113f,0.000014297193002580569f,0.000022251227178482326f,1.2424267659501047f,0.000024432732537424317f,0.000010290256546027831f,-0.0000028745977253747965f,0.6553713274385102f,-0.000010127606798062211f,0.000020020289797478056f,-0.000014412865366746169f,0.005131508770764515f,0f,0f,0f,1f], start_interpolation: 0, interpolation_duration: 1 }
$data merge entity $(bone_finger_left_0) { transformation: [-0.18667286631584515f,0.7841471983241438f,1.2203960209624114f,0.6709961457417668f,1.3400433751692626f,0.5643818223023204f,-0.15766086057974799f,0.7481809720682319f,-0.5554610961043633f,1.0980375064879027f,-0.7904913919198807f,0.4153629403799775f,0f,0f,0f,1f], start_interpolation: 0, interpolation_duration: 1 }
$data merge entity $(bone_wing_left_1_model) { transformation: [-0.7156382609587221f,0.7168778590859357f,0.0701790399348835f,0.32291010288958033f,0.10939363406505792f,0.010388193577920942f,1.0094068561794438f,0.7151576523465347f,0.711949433119977f,0.7189960386736449f,-0.08455639593543555f,0.050603525810949755f,0f,0f,0f,1f], start_interpolation: 0, interpolation_duration: 1 }
$data merge entity $(bone_wing_left_0) { transformation: [-0.8152366082404495f,0.4766725560461503f,0.3288959514755965f,0.17236976611489263f,0.5768962239616702f,0.7182349792533377f,0.38901061856422914f,0.6052576291359334f,-0.05079389100447665f,0.5068745297303737f,-0.8605220460553221f,0.4793284059351174f,0f,0f,0f,1f], start_interpolation: 0, interpolation_duration: 1 }
$data merge entity $(bone_body_0) { transformation: [-0.9976688666934046f,0.06006602493850546f,0.03238680408414421f,-0.006861943253473698f,0.06821164253783274f,0.8638582390238818f,0.4990952962038902f,0.5559281367959794f,0.0020010629647333675f,0.5001409956388746f,-0.8659416725324901f,-0.0033778756848991953f,0f,0f,0f,1f], start_interpolation: 0, interpolation_duration: 1 }
$data merge entity $(bone_leg_right_3) { transformation: [-0.9671100976829021f,-0.1416867783681445f,0.21124136857023068f,-0.19615499582529305f,-0.02485517459345781f,0.879155247534326f,0.4758868258617661f,0.06293225307054748f,-0.2531408288990469f,0.45498451354800484f,-0.8537615669352826f,-0.5431493018468003f,0f,0f,0f,1f], start_interpolation: 0, interpolation_duration: 1 }
$data merge entity $(bone_leg_right_2) { transformation: [-0.8985500466019949f,0.2522411480581677f,0.3591409430541863f,-0.14991466805260895f,0.37427044649653146f,0.8677814283039984f,0.32692051873499683f,0.2067509761063252f,-0.2291930335565195f,0.4281702884565556f,-0.8741514499514316f,-0.46230980719629783f,0f,0f,0f,1f], start_interpolation: 0, interpolation_duration: 1 }
$data merge entity $(bone_leg_right_1) { transformation: [-0.9255100092650591f,0.2689222410341867f,0.2666684290037741f,-0.24367647076899956f,0.29214657481697504f,0.955021149199419f,0.050842732071855856f,0.17791844723777694f,-0.24100124807332393f,0.12496172557616064f,-0.9624463442541245f,-0.15658872509600624f,0f,0f,0f,1f], start_interpolation: 0, interpolation_duration: 1 }
$data merge entity $(bone_leg_right_0) { transformation: [-0.9255100092650591f,0.3786644357405007f,0.006668422266050453f,-0.09103131706969268f,0.29214657481697504f,0.7250312742058815f,-0.6236826358382165f,0.46817682833223967f,-0.24100124807332393f,-0.5752763653486243f,-0.781649219214333f,-0.28891065712244113f,0f,0f,0f,1f], start_interpolation: 0, interpolation_duration: 1 }
$data merge entity $(bone_leg_left_3) { transformation: [-0.9935369692886612f,0.04975494856740814f,-0.10202321181846949f,0.2321555124831272f,-0.013677245028824444f,0.8397872324016392f,0.5427433438224889f,0.05874495397857388f,0.11268195785094975f,0.5406309733896585f,-0.8336791511046842f,-0.5377001520487774f,0f,0f,0f,1f], start_interpolation: 0, interpolation_duration: 1 }
$data merge entity $(bone_leg_left_2) { transformation: [-0.8984184061296925f,-0.3639335245628175f,-0.24575751713155777f,0.1660092437785606f,-0.4033459895851724f,0.9051708486385173f,0.13408112268542535f,0.21013648782293365f,0.17365592478502073f,0.21958625748054278f,-0.9600132787168872f,-0.4922876920820354f,0f,0f,0f,1f], start_interpolation: 0, interpolation_duration: 1 }
$data merge entity $(bone_leg_left_1) { transformation: [-0.9276226516005018f,-0.2945802584560478f,-0.22964905304751815f,0.24828170614423217f,-0.32248565175490296f,0.941848356842587f,0.09447050928799966f,0.16764557993925727f,0.1884654362207277f,0.16169150887070932f,-0.9686777768222228f,-0.18485682978342632f,0f,0f,0f,1f], start_interpolation: 0, interpolation_duration: 1 }
$data merge entity $(bone_leg_left_0) { transformation: [-0.9276226516005018f,-0.373401436108708f,0.009358619001122441f,0.09616964419478731f,-0.32248565175490296f,0.7879900819656634f,-0.5244755810673767f,0.47124164095283444f,0.1884654362207277f,-0.48953344955753675f,-0.8513740547576191f,-0.2836035602872786f,0f,0f,0f,1f], start_interpolation: 0, interpolation_duration: 1 }
$data merge entity $(bone_tail_3) { transformation: [-2.04457049526356f,0.7418309366652691f,-1.1108222522699474f,-0.2139181042895933f,-1.1227757978334165f,0.14579568250662006f,2.163937580337287f,0.6989208205123565f,0.7236115826403583f,2.3222700543224484f,0.2189881209106047f,-1.5088224777596047f,0f,0f,0f,1f], start_interpolation: 0, interpolation_duration: 1 }
$data merge entity $(bone_tail_2) { transformation: [-1.0588624274021363f,0.03343222228030943f,-0.4632566338968668f,-0.024367168240000896f,-0.2972252245163949f,0.8374168389114797f,0.739800152959354f,0.39171522024302163f,0.3569055732924807f,0.7965735288853786f,-0.7582895801287662f,-1.202301316602449f,0f,0f,0f,1f], start_interpolation: 0, interpolation_duration: 1 }
$data merge entity $(bone_tail_1) { transformation: [-1.376920233212284f,-0.03274620935100114f,-0.1496586028985561f,0.020613955894593534f,-0.07309802852347863f,1.3298310314262212f,0.38155660963955507f,0.27082844889863245f,0.13463539606800287f,0.38711297305410935f,-1.3234032629915184f,-0.8079114546162784f,0f,0f,0f,1f], start_interpolation: 0, interpolation_duration: 1 }
$data merge entity $(bone_tail_0) { transformation: [-1.197275253180327f,-0.014207129968742896f,0.036530341605482096f,0.00953835618545271f,-0.019601524914653907f,1.1838443616717071f,-0.18202375624326078f,0.3437856106176923f,-0.03394243097926504f,-0.18252403971514838f,-1.1834429545115634f,-0.45936630091252584f,0f,0f,0f,1f], start_interpolation: 0, interpolation_duration: 1 }
$data merge entity $(bone_body_1) { transformation: [-1.0202867374928002f,-0.002185566254045106f,0.033330032116565f,2.535577619337132e-17f,-0.016703908188139847f,0.9155047816622944f,-0.45130108425436016f,0.48947125f,-0.028924854225808466f,-0.45160481894912063f,-0.9150503454752597f,-0.207045625f,0f,0f,0f,1f], start_interpolation: 0, interpolation_duration: 1 }