# This file was generated by Animated Java via MC-Build. It is not recommended to edit this file directly.
$data merge entity $(bone_head_lower) { transformation: [-0.9912530495992082f,0.04092289520009616f,-0.1254699498234981f,0.015211817448018831f,0.05311857089982014f,0.9940160889357836f,-0.09544858491548606f,0.09870432206378803f,0.12081311636502876f,-0.10127848530290114f,-0.9874952452183859f,0.9148995446252685f,0f,0f,0f,1f], start_interpolation: 0, interpolation_duration: 1 }
$data merge entity $(bone_head_upper) { transformation: [-0.9912530495992082f,0.056949908947176456f,-0.11905502732424825f,0.01444431613631491f,0.05311857089982014f,0.9979706838400859f,0.03511312605439554f,0.11237264596664279f,0.12081311636502876f,0.028481960372477702f,-0.9922665815432418f,0.8993852535904255f,0f,0f,0f,1f], start_interpolation: 0, interpolation_duration: 1 }
$data merge entity $(bone_neck_0) { transformation: [-0.9808312858763667f,0.11681892315898554f,-0.15595937880771257f,-0.016823514153757414f,0.10308088460550721f,0.9902715386403982f,0.09346983998982916f,0.11310815900610457f,0.16536118007276884f,0.07560171261785781f,-0.9833311045493214f,0.7134594606613193f,0f,0f,0f,1f], start_interpolation: 0, interpolation_duration: 1 }
$data merge entity $(bone_neck_1) { transformation: [-0.9936733988572543f,0.10531311655004634f,-0.0390169692055641f,-0.022792302810605854f,0.0796906629316227f,0.905960525669316f,0.41579432917067916f,0.19287114953239354f,0.07913643058029646f,0.41005447615102675f,-0.9086213468456029f,0.5581909956312668f,0f,0f,0f,1f], start_interpolation: 0, interpolation_duration: 1 }
$data merge entity $(bone_neck_2) { transformation: [-0.9936733988572543f,0.11217153330909559f,-0.005542879987699692f,-0.008065593777014414f,0.0796906629316227f,0.7389981438569889f,0.6689776839457678f,0.4497172857669936f,0.07913643058029646f,0.6643036131852752f,-0.7432618212070351f,0.48446136433774656f,0f,0f,0f,1f], start_interpolation: 0, interpolation_duration: 1 }
$data merge entity $(bone_arm_right_2) { transformation: [-0.9468751676432805f,-0.0013494592118447613f,-0.3215985010231618f,-0.3911688280978623f,-0.008725711062876836f,0.9997308569772141f,0.021495943199862255f,0.042773973007493415f,0.32148293713190507f,0.02316015041920222f,-0.9466320977896341f,0.3779644518988886f,0f,0f,0f,1f], start_interpolation: 0, interpolation_duration: 1 }
$data merge entity $(bone_arm_right_1) { transformation: [-0.7986078936234262f,-0.5260786795070965f,-0.2923468063968265f,-0.4377681305452322f,-0.25916955437489597f,0.7390017849899672f,-0.6218581058945517f,0.31048593422518145f,0.5431911029531616f,-0.4208534005443122f,-0.7265162358287778f,0.16488584024096198f,0f,0f,0f,1f], start_interpolation: 0, interpolation_duration: 1 }
$data merge entity $(bone_arm_right_0) { transformation: [-0.6189190619131714f,0.7853576297329924f,-0.012352660470348978f,-0.1739220018977371f,0.12088846511980511f,0.11078473852899551f,0.9864647589802888f,0.3590751631333684f,0.7760961111882326f,0.6090485490740765f,-0.16350746487321177f,0.3408134981167643f,0f,0f,0f,1f], start_interpolation: 0, interpolation_duration: 1 }
$data merge entity $(bone_arm_left_2) { transformation: [-0.998936395074199f,-0.04397499714895968f,0.013866442294731485f,0.44682178403940975f,-0.04267230922424047f,0.995610602640882f,0.08329827089760972f,0.053864588037257244f,-0.017468618194777796f,0.08261796133293153f,-0.9964281809762088f,0.3588428673052234f,0f,0f,0f,1f], start_interpolation: 0, interpolation_duration: 1 }
$data merge entity $(bone_arm_left_1) { transformation: [-0.9731258036765281f,0.22633304632437395f,0.042420777461526074f,0.37359139120349166f,0.13250863636725657f,0.7010526908107162f,-0.7006900784192289f,0.29084714849435345f,-0.18832852016357354f,-0.676238476314816f,-0.7122035464980606f,0.11859245727858511f,0f,0f,0f,1f], start_interpolation: 0, interpolation_duration: 1 }
$data merge entity $(bone_arm_left_0) { transformation: [-0.7273699954227932f,-0.6598664004706613f,-0.18843891129100399f,0.14441108478607012f,-0.3671150826967636f,0.14215965007939513f,0.919248143835957f,0.34325577594328827f,-0.5797925541218982f,0.7378122846762565f,-0.34564957220515813f,0.33689489998861f,0f,0f,0f,1f], start_interpolation: 0, interpolation_duration: 1 }
$data merge entity $(bone_finger_right_1_fire) { transformation: [-0.000013940918603942777f,8.498907666290625e-8f,-0.000009133528513825754f,-1.1769608220388896f,-0.0000035008516659529728f,0.000015343484638325743f,0.00000548628239741943f,1.2846220460295121f,0.000008436385711251851f,0.000006507536691259448f,-0.000012816284177587338f,-0.25271210872706495f,0f,0f,0f,1f], start_interpolation: 0, interpolation_duration: 1 }
$data merge entity $(bone_finger_right_1_fire_s) { transformation: [-0.000008364551162365666f,5.099344599774375e-8f,-0.000005480117108295452f,-1.1769608220388896f,-0.0000021005109995717835f,0.000009206090782995445f,0.000003291769438451658f,1.2846220460295121f,0.0000050618314267511105f,0.000003904522014755669f,-0.000007689770506552403f,-0.25271210872706495f,0f,0f,0f,1f], start_interpolation: 0, interpolation_duration: 1 }
$data merge entity $(bone_finger_right_1) { transformation: [-1.6629619929573596f,0.010138040994442099f,-1.0895057357116242f,-0.6078964807444619f,-0.4176039921655326f,1.8302690459611795f,0.654438876571533f,0.9114709310644235f,1.0063460805066726f,0.7762606247682509f,-1.5288084009213543f,0.5312476760608515f,0f,0f,0f,1f], start_interpolation: 0, interpolation_duration: 1 }
$data merge entity $(bone_finger_right_2_fire) { transformation: [0.000012092547639837138f,-0.000005833267980414228f,-0.00000987527488350179f,-0.9679212747654585f,-0.000009940087320170659f,-0.000012489407303602772f,-0.000004794491323370408f,0.5652940885604505f,-0.0000057221266521661094f,0.000009368322563360304f,-0.00001254071675396516f,0.14890305436913648f,0f,0f,0f,1f], start_interpolation: 0, interpolation_duration: 1 }
$data merge entity $(bone_finger_right_2_fire_s) { transformation: [0.000007255528583902283f,-0.000003499960788248537f,-0.000005925164930101074f,-0.9679212747654585f,-0.000005964052392102396f,-0.000007493644382161663f,-0.0000028766947940222447f,0.5652940885604505f,-0.0000034332759912996655f,0.000005620993538016182f,-0.000007524430052379096f,0.14890305436913648f,0f,0f,0f,1f], start_interpolation: 0, interpolation_duration: 1 }
$data merge entity $(bone_finger_right_2) { transformation: [0.901382733465134f,-0.43481383690386965f,-0.7361064461624325f,-0.6507141238867292f,-0.7409375878760828f,-0.9309647917031068f,-0.3573830613159933f,0.7190842581305151f,-0.42652932339678995f,0.698318042785774f,-0.9347894160914267f,0.5530084700212716f,0f,0f,0f,1f], start_interpolation: 0, interpolation_duration: 1 }
$data merge entity $(bone_finger_film_right) { transformation: [-0.11227080148710587f,-0.3023734114457676f,-0.7341234608725545f,-0.7181059194793653f,-1.1112739880463594f,0.04322075551720003f,0.04753654965436653f,0.8111741683732245f,0.04313073114876619f,0.32650492406437326f,-0.6861580465260616f,0.5347497609282603f,0f,0f,0f,1f], start_interpolation: 0, interpolation_duration: 1 }
$data merge entity $(bone_finger_right_0_fire) { transformation: [-0.0000027854760369754674f,-0.000011607809327491747f,-0.000011630892641659495f,-1.2200166261914542f,-0.000016357173434682305f,0.0000030850799242902464f,8.384133027586857e-7f,0.8567449208057465f,0.0000015690054980582062f,0.000011555034498222616f,-0.000011907861994066198f,0.04675122973054208f,0f,0f,0f,1f], start_interpolation: 0, interpolation_duration: 1 }
$data merge entity $(bone_finger_right_0_fire_s) { transformation: [-0.0000016712856221852803f,-0.000006964685596495048f,-0.000006978535584995696f,-1.2200166261914542f,-0.000009814304060809382f,0.0000018510479545741478f,5.030479816552114e-7f,0.8567449208057465f,9.414032988349237e-7f,0.00000693302069893357f,-0.000007144717196439719f,0.04675122973054208f,0f,0f,0f,1f], start_interpolation: 0, interpolation_duration: 1 }
$data merge entity $(bone_fire_large_right) { transformation: [-0.0000044567616591607476f,-0.000018572494923986794f,-0.00001860942822665519f,-1.1488826061657056f,-0.000026171477495491684f,0.0000049361278788643935f,0.000001341461284413897f,0.8355775829488382f,0.0000025104087968931296f,0.000018488055197156185f,-0.000019052579190505916f,-0.03298470816260474f,0f,0f,0f,1f], start_interpolation: 0, interpolation_duration: 1 }
$data merge entity $(bone_finger_right_0) { transformation: [-0.2444365945118442f,-1.0186314095294775f,-1.020657062103871f,-0.680130931627842f,-1.435406988657775f,0.27072802654916817f,0.07357410000995313f,0.8089915080628013f,0.13768646925146236f,1.014000208481165f,-1.0449622237307352f,0.4989941067992582f,0f,0f,0f,1f], start_interpolation: 0, interpolation_duration: 1 }
$data merge entity $(bone_wing_right_1_model) { transformation: [-0.7707804063341879f,-0.6571179429731347f,-0.07120854777272495f,-0.3624632442419304f,0.005702371912463559f,-0.11599716187791298f,1.0087067088270414f,0.840353667196922f,-0.6609403386143992f,0.7653219913871975f,0.09174530687320387f,0.10732138786671848f,0f,0f,0f,1f], start_interpolation: 0, interpolation_duration: 1 }
$data merge entity $(bone_wing_right_0) { transformation: [-0.8346067261358399f,-0.38365278164545f,-0.3952747852121656f,-0.17438549056160474f,-0.5508327506822717f,0.5762443592542388f,0.6037596535074816f,0.6209756474475947f,-0.0038592051794971993f,0.7216321650005497f,-0.6922659351520933f,0.4748067995296672f,0f,0f,0f,1f], start_interpolation: 0, interpolation_duration: 1 }
$data merge entity $(bone_finger_left_1_fire) { transformation: [-0.000013736506506181722f,-6.757842835340908e-7f,0.000009414323256906642f,1.1855908481599413f,0.0000014328539102630598f,0.00001628191407237755f,0.0000032594449817930305f,1.0696238925647201f,-0.000009329153040616756f,0.000003495764225404826f,-0.000013361299106108989f,-0.40675747833628384f,0f,0f,0f,1f], start_interpolation: 0, interpolation_duration: 1 }
$data merge entity $(bone_finger_left_1_fire_s) { transformation: [-0.000008241903903709033f,-4.054705701204545e-7f,0.000005648593954143985f,1.1855908481599413f,8.597123461578358e-7f,0.000009769148443426531f,0.000001955666989075818f,1.0696238925647201f,-0.000005597491824370054f,0.0000020974585352428955f,-0.000008016779463665393f,-0.40675747833628384f,0f,0f,0f,1f], start_interpolation: 0, interpolation_duration: 1 }
$data merge entity $(bone_finger_left_1) { transformation: [-1.638578409698995f,-0.08061187435936096f,1.1230007297526683f,0.6002799937277543f,0.17091998468120342f,1.9422109148032574f,0.3888074578761561f,0.8330560563106113f,-1.1128410812642267f,0.41699712969733016f,-1.5938212696909593f,0.4173273387979588f,0f,0f,0f,1f], start_interpolation: 0, interpolation_duration: 1 }
$data merge entity $(bone_finger_left_2_fire) { transformation: [0.000011649824234158212f,0.0000058252742432423385f,0.000010398343766293514f,0.9811047227822212f,0.000011198352369871509f,-0.000010328467550848429f,-0.000006759988167818215f,0.432381300915944f,0.0000040812102728469076f,0.000011711819492284985f,-0.000011133498312153302f,0.11720080804388244f,0f,0f,0f,1f], start_interpolation: 0, interpolation_duration: 1 }
$data merge entity $(bone_finger_left_2_fire_s) { transformation: [0.000006989894540494926f,0.000003495164545945403f,0.000006239006259776108f,0.9811047227822212f,0.000006719011421922905f,-0.0000061970805305090565f,-0.000004055992900690929f,0.432381300915944f,0.0000024487261637081446f,0.000007027091695370991f,-0.000006680098987291981f,0.11720080804388244f,0f,0f,0f,1f], start_interpolation: 0, interpolation_duration: 1 }
$data merge entity $(bone_finger_left_2) { transformation: [0.8683819758526348f,0.434217980937269f,0.7750961837598366f,0.6470589046902169f,0.8347291050735516f,-0.7698875862038844f,-0.5038918840250284f,0.6495499737189269f,0.30421484216160394f,0.873003124091745f,-0.8298948609123162f,0.4761216053691553f,0f,0f,0f,1f], start_interpolation: 0, interpolation_duration: 1 }
$data merge entity $(bone_finger_film_left) { transformation: [-0.13799126524387798f,0.2902823103741836f,0.754983820711509f,0.7127390908301863f,1.0795507840239251f,0.11282078033995448f,-0.059778370456487664f,0.7385795104092376f,-0.2548006765575149f,0.3207971803218055f,-0.6621448641033312f,0.44272338857872284f,0f,0f,0f,1f], start_interpolation: 0, interpolation_duration: 1 }
$data merge entity $(bone_finger_left_0_fire) { transformation: [-0.0000031322744060729763f,0.000011141010388569381f,0.000011993520014767434f,1.2292145358571123f,0.000015680738758471412f,0.0000055473640611321105f,-0.0000010578098787638288f,0.707001560144037f,-0.000004699049564689721f,0.000011085234200179393f,-0.000011524508392705545f,-0.030974368627190108f,0f,0f,0f,1f], start_interpolation: 0, interpolation_duration: 1 }
$data merge entity $(bone_finger_left_0_fire_s) { transformation: [-0.0000018793646436437856f,0.0000066846062331416285f,0.00000719611200886046f,1.2292145358571123f,0.000009408443255082846f,0.000003328418436679266f,-6.346859272582972e-7f,0.707001560144037f,-0.0000028194297388138324f,0.000006651140520107635f,-0.000006914705035623326f,-0.030974368627190108f,0f,0f,0f,1f], start_interpolation: 0, interpolation_duration: 1 }
$data merge entity $(bone_fire_large_left) { transformation: [-0.000005011639049716761f,0.000017825616621711007f,0.000019189632023627894f,1.1612911240773438f,0.000025089182013554256f,0.000008875782497811375f,-0.000001692495806022126f,0.6691124251138159f,-0.000007518479303503553f,0.000017736374720287027f,-0.000018439213428328868f,-0.1072419788397142f,0f,0f,0f,1f], start_interpolation: 0, interpolation_duration: 1 }
$data merge entity $(bone_finger_left_0) { transformation: [-0.2748695299236678f,0.9776679471132577f,1.0524790555379009f,0.6760297982111025f,1.376047156992431f,0.48680324713648565f,-0.09282702165579405f,0.7285812674789528f,-0.41236027802354264f,0.9727733648716873f,-1.0113214213807724f,0.40697715123462797f,0f,0f,0f,1f], start_interpolation: 0, interpolation_duration: 1 }
$data merge entity $(bone_wing_left_1_model) { transformation: [-0.7177618668061968f,0.7140755566797518f,0.07675340352861129f,0.3291933874854269f,0.1061227855446465f,-0.0018699524135819597f,1.0098076751085112f,0.7016817749430508f,0.7103048218821049f,0.7218515676178268f,-0.07331069076579673f,0.04052826682246759f,0f,0f,0f,1f], start_interpolation: 0, interpolation_duration: 1 }
$data merge entity $(bone_wing_left_0) { transformation: [-0.7972810136032236f,0.496640336925055f,0.34306174529781636f,0.17412432437478165f,0.600273881582782f,0.7120250806395214f,0.3642685158366329f,0.6036566443887075f,-0.06335812842371755f,0.4963553770024567f,-0.8658043007997784f,0.4705167336660153f,0f,0f,0f,1f], start_interpolation: 0, interpolation_duration: 1 }
$data merge entity $(bone_body_0) { transformation: [-0.9986920366550815f,0.04911576794796057f,0.014207647961825672f,-0.009103475181480558f,0.04962945000809452f,0.8644031767173419f,0.5003439474729976f,0.55140816560697f,0.012293641186366555f,0.5003946336841052f,-0.8657101575969472f,-0.010378711007576397f,0f,0f,0f,1f], start_interpolation: 0, interpolation_duration: 1 }
$data merge entity $(bone_leg_right_3) { transformation: [-0.966410674134292f,-0.13663634434991717f,0.2176715836345984f,-0.19350721065137094f,-0.02529017567748887f,0.893411070779074f,0.4485276642790165f,0.0611239408382242f,-0.2557553830000552f,0.42795696981364784f,-0.8668575523431837f,-0.5605860426278957f,0f,0f,0f,1f], start_interpolation: 0, interpolation_duration: 1 }
$data merge entity $(bone_leg_right_2) { transformation: [-0.89827269517028f,0.25032269853549705f,0.3611713052132295f,-0.14761112222600226f,0.3738554004105764f,0.8672805542265792f,0.32871960672324496f,0.20484689942214704f,-0.2309508707395767f,0.4303056900139064f,-0.8726389336067278f,-0.47938088794760236f,0f,0f,0f,1f], start_interpolation: 0, interpolation_duration: 1 }
$data merge entity $(bone_leg_right_1) { transformation: [-0.9251274602655004f,0.26773193675663426f,0.2691817087085346f,-0.24215985368159634f,0.2917275907913462f,0.955048038752393f,0.05270916852203689f,0.17541343697689826f,-0.24296953519686718f,0.12729043057413725f,-0.9616459594104626f,-0.17395957389310104f,0f,0f,0f,1f], start_interpolation: 0, interpolation_duration: 1 }
$data merge entity $(bone_leg_right_0) { transformation: [-0.9251274602655004f,0.3792492157836849f,0.017584498575869682f,-0.09015869892018824f,0.2917275907913462f,0.7397450726421483f,-0.6063598273902547f,0.46942248799938857f,-0.24296953519686718f,-0.5558302437157612f,-0.7949959403274307f,-0.2985143462092391f,0f,0f,0f,1f], start_interpolation: 0, interpolation_duration: 1 }
$data merge entity $(bone_leg_left_3) { transformation: [-0.9953367153641933f,0.02694784485864299f,-0.09262093016966043f,0.2422550615762969f,-0.02482613480652846f,0.8562758903530436f,0.5159217601833351f,0.05671854870875767f,0.09321204899897156f,0.515815289864092f,-0.8516138213203425f,-0.5501129755991969f,0f,0f,0f,1f], start_interpolation: 0, interpolation_duration: 1 }
$data merge entity $(bone_leg_left_2) { transformation: [-0.8967731702020504f,-0.37904666894424865f,-0.22830134464788696f,0.17341059467089437f,-0.41278546468247684f,0.9024773241820746f,0.12305624520533065f,0.20766791347885621f,0.15939272678712735f,0.20459301576405758f,-0.9657824064187193f,-0.5073140789366626f,0f,0f,0f,1f], start_interpolation: 0, interpolation_duration: 1 }
$data merge entity $(bone_leg_left_1) { transformation: [-0.9272332571524822f,-0.3090064248040168f,-0.21155026887299877f,0.25008664249524454f,-0.3321656525457694f,0.9395112719683251f,0.08357361493499676f,0.1687509930578f,0.1729290782351013f,0.14776196829461702f,-0.9737874175745231f,-0.19796924318675801f,0f,0f,0f,1f], start_interpolation: 0, interpolation_duration: 1 }
$data merge entity $(bone_leg_left_0) { transformation: [-0.9272332571524822f,-0.37393492327602496f,0.020277080286666572f,0.09696428165867749f,-0.3321656525457694f,0.7962407991125909f,-0.5056348179243452f,0.47350748644119717f,0.1729290782351013f,-0.47557676875883653f,-0.8625092874384961f,-0.2914389537413724f,0f,0f,0f,1f], start_interpolation: 0, interpolation_duration: 1 }
$data merge entity $(bone_tail_3) { transformation: [-2.043890045119316f,0.7200618604168324f,-1.1262913146558657f,-0.20355364873276416f,-1.150756128834236f,0.09939781272149971f,2.1518336672732525f,0.7260811464857608f,0.6802804864514567f,2.331552855251894f,0.2561005032289813f,-1.5141609728700072f,0f,0f,0f,1f], start_interpolation: 0, interpolation_duration: 1 }
$data merge entity $(bone_tail_2) { transformation: [-1.0601330425884787f,0.021039376688170724f,-0.4610741145853539f,-0.014833910310511927f,-0.3113985114310449f,0.8199555130948069f,0.7534042647370411f,0.4133924160685811f,0.340680145577379f,0.814950528359854f,-0.7461278290181718f,-1.2127133345790775f,0f,0f,0f,1f], start_interpolation: 0, interpolation_duration: 1 }
$data merge entity $(bone_tail_1) { transformation: [-1.377585845501994f,-0.04455448956465845f,-0.14018372234309842f,0.02736859011514725f,-0.08439280773988518f,1.3208092283907715f,0.4095365386352376f,0.28417146393829856f,0.12047585879383864f,0.41576101300529045f,-1.3160576308773408f,-0.8206659257873365f,0f,0f,0f,1f], start_interpolation: 0, interpolation_duration: 1 }
$data merge entity $(bone_tail_0) { transformation: [-1.1967765145815432f,-0.019996227858477093f,0.048274893011406216f,0.012712670301034155f,-0.026126295028729846f,1.187450164080512f,-0.15583281044444813f,0.3494079995571184f,-0.04525186329757724f,-0.15673735666514033f,-1.1867560870589624f,-0.47072516085668803f,0f,0f,0f,1f], start_interpolation: 0, interpolation_duration: 1 }
$data merge entity $(bone_body_1) { transformation: [-1.019861725469489f,-0.003880971423879881f,0.044358690553802115f,2.6376315192660782e-17f,-0.022264147067961083f,0.9251468603501554f,-0.4309388459909719f,0.48947125f,-0.038562457418804943f,-0.4314961405267739f,-0.9243509679947145f,-0.21537895833333334f,0f,0f,0f,1f], start_interpolation: 0, interpolation_duration: 1 }