# This file was generated by Animated Java via MC-Build. It is not recommended to edit this file directly.
$data merge entity $(bone_head_lower) { transformation: [-0.9925996520215186f,-0.0024685875169202925f,0.12140772991218973f,-0.03278529737974881f,0.012212095359315975f,0.9926954429515495f,0.12002758962072801f,0.39168333452139725f,-0.12081719883234701f,0.12062198646556216f,-0.9853190046108959f,0.8079904228767993f,0f,0f,0f,1f], start_interpolation: 0, interpolation_duration: 1 }
$data merge entity $(bone_head_upper) { transformation: [-1.0331965642060104f,-0.09007791668908625f,0.08867226861514357f,-0.029015874361924297f,0.012711564971138933f,0.6524671657212101f,0.8109235206572951f,0.46224118940918707f,-0.1257585719240905f,0.8060052786205512f,-0.6465386415419638f,0.7814793486710424f,0f,0f,0f,1f], start_interpolation: 0, interpolation_duration: 1 }
$data merge entity $(bone_neck_0) { transformation: [-0.9944949694666269f,-0.006250641524556906f,0.10459773031048121f,-0.021829583180398918f,0.009678034821728257f,0.98847310581618f,0.1510869111475392f,0.4559628532624736f,-0.10433643346196039f,0.15126747356469764f,-0.982971037260911f,0.7154969573186514f,0f,0f,0f,1f], start_interpolation: 0, interpolation_duration: 1 }
$data merge entity $(bone_neck_1) { transformation: [-0.9972567361674175f,-0.00454505894272265f,0.0738806105004344f,-0.015591864306416067f,0.012177737308510555f,0.9744384761003017f,0.22432422742398272f,0.47945517583535446f,-0.07301167634532596f,0.22460854555098525f,-0.9717099857378827f,0.6342151113263752f,0f,0f,0f,1f], start_interpolation: 0, interpolation_duration: 1 }
$data merge entity $(bone_neck_2) { transformation: [-0.9987563457519999f,0.0011765674900628634f,0.049843530262742616f,-0.011213677897840443f,0.016536441677278666f,0.9509484431846738f,0.3089071130636186f,0.5158281353446305f,-0.04703517743950343f,0.30934717405139917f,-0.9497852483533568f,0.5540355023572054f,0f,0f,0f,1f], start_interpolation: 0, interpolation_duration: 1 }
$data merge entity $(bone_body_0) { transformation: [-0.9998182687760608f,0.011936792590035654f,0.01486413146816832f,-0.004094555606974893f,0.01331357787202061f,0.9952669043523372f,0.09626285755763281f,0.5706776204734134f,-0.013644708347420438f,0.09644325836251039f,-0.9952449546973527f,0.08589902996689908f,0f,0f,0f,1f], start_interpolation: 0, interpolation_duration: 1 }
$data merge entity $(bone_leg_left_3) { transformation: [-0.9882421913542637f,0.006396819158078798f,-0.15276273083439515f,0.20251086349252195f,0.004022920795852793f,0.9998663858967384f,0.01584381463112694f,0.02803445979138175f,0.15284366959607215f,0.015042973723770836f,-0.9881358821568786f,-0.10895756000566241f,0f,0f,0f,1f], start_interpolation: 0, interpolation_duration: 1 }
$data merge entity $(bone_leg_left_2) { transformation: [-1.0151015866941564f,-0.0673414035394417f,-0.1307520690506996f,0.1811980489543167f,-0.023788854019913708f,0.9750371300242179f,-0.3174884013617674f,0.24546547992411227f,0.1451380674258826f,-0.3111750792466669f,-0.9665232593892426f,-0.21113675302711785f,0f,0f,0f,1f], start_interpolation: 0, interpolation_duration: 1 }
$data merge entity $(bone_leg_left_1) { transformation: [-0.947268771489153f,0.06874536785977349f,0.3129791509977228f,0.20214022623915728f,0.31405630622158015f,0.39316171018337953f,0.8641715721823634f,0.30018818310874223f,-0.0636436256343715f,0.9168958196237481f,-0.39401972650186823f,0.060120019471750524f,0f,0f,0f,1f], start_interpolation: 0, interpolation_duration: 1 }
$data merge entity $(bone_leg_left_0) { transformation: [-0.9636657626665608f,0.2513978698594903f,-0.09026299847881421f,0.19614433375152354f,0.2644638173484494f,0.850531084311748f,-0.4545940649997189f,0.7018918228257347f,-0.03751249362228054f,-0.4619480334946705f,-0.8861133263712069f,-0.05348241745567879f,0f,0f,0f,1f], start_interpolation: 0, interpolation_duration: 1 }
$data merge entity $(bone_leg_right_3) { transformation: [-0.9860677010203686f,-0.003662732136245246f,0.16630415929165215f,-0.2052049793517849f,-0.0017925064510130612f,0.9999334737260769f,0.01139451809973041f,0.030810476181515417f,-0.16633483076321742f,0.010937664988475482f,-0.986008667081366f,-0.12723930764521485f,0f,0f,0f,1f], start_interpolation: 0, interpolation_duration: 1 }
$data merge entity $(bone_leg_right_2) { transformation: [-1.0096878428951532f,0.08360379125991077f,0.16000957939259888f,-0.17920563649459315f,0.030886766815921254f,0.9756819412088977f,-0.3148856248468499f,0.2484612267698811f,-0.1778726146602845f,-0.30515136438577734f,-0.9629673812067091f,-0.22785370524978676f,0f,0f,0f,1f], start_interpolation: 0, interpolation_duration: 1 }
$data merge entity $(bone_leg_right_1) { transformation: [-0.9508144103980505f,-0.09594541093831502f,-0.29452747766428455f,-0.20858643665725282f,-0.3081324510591699f,0.3903315510388877f,0.8675803552800425f,0.3023522523628305f,0.03172301347091848f,0.9156613775754955f,-0.4006967582010988f,0.04278611370172593f,0f,0f,0f,1f], start_interpolation: 0, interpolation_duration: 1 }
$data merge entity $(bone_leg_right_0) { transformation: [-0.9662096423175702f,-0.23389340633529956f,0.1083180574300673f,-0.1968917263413618f,-0.2576712400911122f,0.8655904461929103f,-0.4293701334390494f,0.70712549013906f,0.006667767427060101f,-0.442772011234257f,-0.8966094394691089f,-0.05884625464236237f,0f,0f,0f,1f], start_interpolation: 0, interpolation_duration: 1 }
$data merge entity $(bone_tail_4) { transformation: [-2.735113368112296f,0.18352410415088902f,-0.3333693122784841f,-0.031154781873632104f,0.1374245583100826f,2.73220306664314f,0.3766194697557433f,0.709370054017467f,0.35486713844295953f,0.35643602149815357f,-2.7152686806708237f,-1.8221387197117656f,0f,0f,0f,1f], start_interpolation: 0, interpolation_duration: 1 }
$data merge entity $(bone_tail_3) { transformation: [-2.070148784437327f,0.10197305582219598f,-0.20007756551743738f,0.001773093139673684f,0.10843502481951472f,2.078525865136033f,-0.06259072932424078f,0.6996431213590804f,0.19665040485463633f,-0.07264468247044975f,-2.071713516493948f,-1.4701417804311334f,0f,0f,0f,1f], start_interpolation: 0, interpolation_duration: 1 }
$data merge entity $(bone_tail_2) { transformation: [-1.9512575948339765f,0.0777416625530687f,-0.07296511158756588f,0.01391279920238228f,0.0885222895965843f,1.9266613417349012f,-0.31450556992146317f,0.7586329318811563f,0.059426238734077805f,-0.31734237531494397f,-1.9273132111782365f,-1.111890034084488f,0f,0f,0f,1f], start_interpolation: 0, interpolation_duration: 1 }
$data merge entity $(bone_tail_1) { transformation: [-1.5117433891342988f,0.041401195721438015f,0.023960726232308764f,0.009694908554980836f,0.03979955495694976f,1.5089150471746693f,-0.09616457682064677f,0.7608435248707465f,-0.026536217401378098f,-0.09548597490050846f,-1.5092496505758504f,-0.7859237786592537f,0f,0f,0f,1f], start_interpolation: 0, interpolation_duration: 1 }
$data merge entity $(bone_tail_0) { transformation: [-1.2778866853085773f,0.024008049364309326f,0.01627727436660795f,0.005517667663750717f,0.024403359649666154f,1.2775954718845697f,0.031464310605515244f,0.7824795765863619f,-0.01567839701289617f,0.03176696979241453f,-1.2777248389545153f,-0.41177629005953437f,0f,0f,0f,1f], start_interpolation: 0, interpolation_duration: 1 }
$data merge entity $(bone_body_1) { transformation: [-1.2361428134209864f,0.012097739425566433f,0.020228311464119603f,1.8557991432579204e-17f,0.016460474989685444f,1.2025562868303539f,0.28669151508922547f,0.6348271153846154f,-0.01686987394772934f,0.28690872548919233f,-1.2024988090004103f,-0.1515375f,0f,0f,0f,1f], start_interpolation: 0, interpolation_duration: 1 }