# This file was generated by Animated Java via MC-Build. It is not recommended to edit this file directly.
$data merge entity $(bone_head_lower) { transformation: [-0.3424767058627358f,-0.2230419563588803f,0.9126675142925887f,-0.3003364405555682f,0.13777487065156147f,0.9489883731815701f,0.2836179694292005f,0.24151621150518654f,-0.9293695664042129f,0.22287519662313426f,-0.2942768352620448f,0.6879354216460142f,0f,0f,0f,1f], start_interpolation: 0, interpolation_duration: 1 }
$data merge entity $(bone_head_upper) { transformation: [-0.3564838604338943f,-0.7663108935555616f,0.6075844091578814f,-0.27576914342334974f,0.14340980545501425f,0.5987385412116327f,0.839295972557136f,0.3128640988896778f,-0.967380394432826f,0.3711491833068616f,-0.09947561902871982f,0.6891115888042486f,0f,0f,0f,1f], start_interpolation: 0, interpolation_duration: 1 }
$data merge entity $(bone_neck_0) { transformation: [-0.49262676006502437f,-0.14843466182149628f,0.8574882077543545f,-0.21775379522136376f,0.10145179491681247f,0.9688316852155086f,0.22599269685243195f,0.3117184739827727f,-0.8643068949024957f,0.1983237678454507f,-0.4622134512663927f,0.6562841129513615f,0f,0f,0f,1f], start_interpolation: 0, interpolation_duration: 1 }
$data merge entity $(bone_neck_1) { transformation: [-0.7336317313835327f,-0.04342797902383479f,0.6781581624850546f,-0.1605049653038625f,0.1343005827321904f,0.9690064861613845f,0.2073397773100011f,0.33374696621144173f,-0.6661440055911291f,0.2431880762189465f,-0.7050615032746673f,0.5976764867603979f,0f,0f,0f,1f], start_interpolation: 0, interpolation_duration: 1 }
$data merge entity $(bone_neck_2) { transformation: [-0.8756026822348199f,0.0018766592507399177f,0.4830283853079917f,-0.1181696823710158f,0.17698120495916236f,0.9316982544587049f,0.317200277001464f,0.37065799770140734f,-0.4494414266112905f,0.36322835900939665f,-0.8161296240530354f,0.529733643373598f,0f,0f,0f,1f], start_interpolation: 0, interpolation_duration: 1 }
$data merge entity $(bone_body_0) { transformation: [-0.981935578449594f,0.106378652170429f,0.15648035703328428f,-0.04340768726732926f,0.13152500303935366f,0.9782679911639014f,0.16029008403405082f,0.45552133866966543f,-0.13602828143573392f,0.1779756158201116f,-0.9745875983322858f,0.0721096031932918f,0f,0f,0f,1f], start_interpolation: 0, interpolation_duration: 1 }
$data merge entity $(bone_leg_left_3) { transformation: [-0.9984549101020972f,-0.044781622530359895f,0.03289982943058867f,0.34617228471663497f,-0.04419367824168586f,0.9988537790990477f,0.018386048597298865f,0.029497782806189865f,-0.03368547604656652f,0.01690367602328685f,-0.999289524832727f,0.07967899310833826f,0f,0f,0f,1f], start_interpolation: 0, interpolation_duration: 1 }
$data merge entity $(bone_leg_left_2) { transformation: [-0.9673166262850185f,-0.2661001986339032f,0.21342780582731435f,0.2892399159375352f,-0.3102569835613476f,0.9530572437910396f,-0.21790982930913438f,0.24443832683777542f,-0.14177922331808115f,-0.2700643883319674f,-0.9792987682474117f,-0.013757295252353252f,0f,0f,0f,1f], start_interpolation: 0, interpolation_duration: 1 }
$data merge entity $(bone_leg_left_1) { transformation: [-0.949973168042073f,-0.2801459673422392f,0.1380913356514039f,0.22472847394647438f,0.05674076634789879f,0.27997768257728617f,0.9583282228406436f,0.26854335085801406f,-0.3071342791587432f,0.9182215060869214f,-0.2500755892227506f,0.255074636126684f,0f,0f,0f,1f], start_interpolation: 0, interpolation_duration: 1 }
$data merge entity $(bone_leg_left_0) { transformation: [-0.964249145364143f,0.2186201864987639f,0.14976247767637169f,0.1862555905906766f,0.019737916639009256f,0.6228285716690684f,-0.782109317780718f,0.5790497152678548f,-0.26426123497643683f,-0.7511922419513626f,-0.6048770249569861f,-0.02135422175853674f,0f,0f,0f,1f], start_interpolation: 0, interpolation_duration: 1 }
$data merge entity $(bone_leg_right_3) { transformation: [-0.988852067413869f,0.046781446752003825f,0.14136154007050977f,-0.4140490807943398f,0.04660724196275519f,0.9989029532091352f,-0.00454478455966939f,0.04042351306296965f,-0.14141907144350108f,0.002094351894514429f,-0.9899476046348109f,-0.15315492357292007f,0f,0f,0f,1f], start_interpolation: 0, interpolation_duration: 1 }
$data merge entity $(bone_leg_right_2) { transformation: [-0.934658108541809f,0.40141589162075964f,0.13168789462988909f,-0.3149598652016272f,0.37692764651099697f,0.9367572170844265f,-0.18020450892421144f,0.2526263764040669f,-0.19079300022124263f,-0.1158162237998019f,-1.0011227861116865f,-0.21079470331812894f,0f,0f,0f,1f], start_interpolation: 0, interpolation_duration: 1 }
$data merge entity $(bone_leg_right_1) { transformation: [-0.9988796642428587f,-0.04411775122369418f,0.01711842250436752f,-0.3477464892781132f,0.006106171204277378f,0.23855556534488093f,0.9711096523648646f,0.26605206256250813f,-0.046926869012303155f,0.970126211515774f,-0.23801891247284024f,0.06444732452756159f,0f,0f,0f,1f], start_interpolation: 0, interpolation_duration: 1 }
$data merge entity $(bone_leg_right_0) { transformation: [-0.9953909639367169f,0.08936682724579256f,0.03479079046463772f,-0.1997506498146972f,0.055142059046662945f,0.8301655192562004f,-0.5547833486706119f,0.6307531804001475f,-0.07846134231089848f,-0.5503078963871988f,-0.8312671273042549f,-0.07482795940303454f,0f,0f,0f,1f], start_interpolation: 0, interpolation_duration: 1 }
$data merge entity $(bone_tail_4) { transformation: [-2.2790177540950816f,1.5539385008800513f,0.13043980834878235f,0.12226590574827804f,1.3530260446412858f,2.0853131345874925f,-1.2026849067146583f,0.21378914899137585f,-0.7752805496346252f,-0.9286579552233142f,-2.482377046936804f,-1.6877789640648004f,0f,0f,0f,1f], start_interpolation: 0, interpolation_duration: 1 }
$data merge entity $(bone_tail_3) { transformation: [-1.7277821327759466f,1.1617830172578703f,0.031219361233748123f,0.10560329686951063f,1.0192305087913331f,1.54156503714813f,-0.9595269314802429f,0.36140403397429843f,-0.558465395215858f,-0.7808860243967295f,-1.8477767574284267f,-1.3668227261886727f,0f,0f,0f,1f], start_interpolation: 0, interpolation_duration: 1 }
$data merge entity $(bone_tail_2) { transformation: [-1.6852505177885504f,0.9892116649535654f,-0.012839361977692249f,0.10697934192518885f,0.8401253185049771f,1.4176293263545485f,-1.0503763217386601f,0.5576252534803666f,-0.522392588484092f,-0.9113513318046568f,-1.6478223837894503f,-1.0610992833768778f,0f,0f,0f,1f], start_interpolation: 0, interpolation_duration: 1 }
$data merge entity $(bone_tail_1) { transformation: [-1.3897197990470405f,0.588898809785168f,0.09763873191652003f,0.08009759583745363f,0.51031286522124f,1.3004015403759588f,-0.5798214064498857f,0.6660127470534369f,-0.3097029378716678f,-0.4998102396124427f,-1.3935315083098092f,-0.7548213051233794f,0f,0f,0f,1f], start_interpolation: 0, interpolation_duration: 1 }
$data merge entity $(bone_tail_0) { transformation: [-1.2396616123409305f,0.2930367113074959f,0.10585031553282777f,0.0562371712914728f,0.28477060652542996f,1.2418396764222845f,-0.10283791278785473f,0.7260321788808195f,-0.12641402268518565f,-0.07615392618579135f,-1.2696675907413981f,-0.385632655183562f,0f,0f,0f,1f], start_interpolation: 0, interpolation_duration: 1 }
$data merge entity $(bone_body_1) { transformation: [-1.2140332362887785f,0.09089071735526852f,0.2155615312180952f,1.8557991432579204e-17f,0.1626132391952581f,1.146872270861958f,0.4322563172732255f,0.5482886538461539f,-0.16818094624799476f,0.45279958798880365f,-1.138109088573037f,-0.1515375f,0f,0f,0f,1f], start_interpolation: 0, interpolation_duration: 1 }