# This file was generated by Animated Java via MC-Build. It is not recommended to edit this file directly.
$data merge entity $(bone_head_lower) { transformation: [0.016104692744986687f,-0.31032476687125204f,0.9504941756464858f,-0.3673343937141955f,0.1480610352817716f,0.9408773897152498f,0.30467633211968986f,0.20497051621417894f,-0.9888470906580448f,0.1358244329600558f,0.0610995475286009f,0.6254104415695868f,0f,0f,0f,1f], start_interpolation: 0, interpolation_duration: 1 }
$data merge entity $(bone_head_upper) { transformation: [0.016763367967968002f,-0.8398076025010187f,0.6147472024006033f,-0.3438077950437399f,0.15411666993269804f,0.610051708599839f,0.8291905133723972f,0.27587911776575846f,-1.0292905246463377f,0.07766624877908622f,0.13416747838935777f,0.6360840479327385f,0f,0f,0f,1f], start_interpolation: 0, interpolation_duration: 1 }
$data merge entity $(bone_neck_0) { transformation: [-0.19649670375754708f,-0.19584398511435974f,0.9607466778016696f,-0.2784417053737832f,0.10313104511841953f,0.9702859971188211f,0.21888140927889974f,0.27424951485393756f,-0.9750656557100148f,0.14209228441284608f,-0.17046040527095346f,0.6230704024056063f,0f,0f,0f,1f], start_interpolation: 0, interpolation_duration: 1 }
$data merge entity $(bone_neck_1) { transformation: [-0.5630797315194437f,-0.0494201400931498f,0.8249235514307762f,-0.2087875258538756f,0.16260882330535237f,0.9720697928559385f,0.16922969124908638f,0.29306369486939604f,-0.8102466208107502f,0.2294296571286848f,-0.5393166471513507f,0.5784401576125777f,0f,0f,0f,1f], start_interpolation: 0, interpolation_duration: 1 }
$data merge entity $(bone_neck_2) { transformation: [-0.7918114845061232f,0.000310786680661132f,0.6107654839755179f,-0.15527684592064506f,0.22730846624483145f,0.9283145138872352f,0.2942159487174826f,0.3279279978841902f,-0.5668910249577354f,0.3717957325171245f,-0.7351207377733424f,0.517678180171775f,0f,0f,0f,1f], start_interpolation: 0, interpolation_duration: 1 }
$data merge entity $(bone_body_0) { transformation: [-0.9695986433871211f,0.13249726535377515f,0.20572541266364183f,-0.05705702832849175f,0.16953194556357903f,0.9699897396144342f,0.17429522218394142f,0.41931304724940055f,-0.17645789915807708f,0.20387344043914382f,-0.9629632548068617f,0.06577935865549009f,0f,0f,0f,1f], start_interpolation: 0, interpolation_duration: 1 }
$data merge entity $(bone_leg_left_3) { transformation: [-0.9929395107465152f,-0.06205262642980777f,0.10109698092244707f,0.35863463283806984f,-0.06046019921944148f,0.9979946202437676f,0.01874305937789353f,0.05300461477397239f,-0.10205729914521716f,0.012498380601523307f,-0.9947000041085369f,0.14930547180601822f,0f,0f,0f,1f], start_interpolation: 0, interpolation_duration: 1 }
$data merge entity $(bone_leg_left_2) { transformation: [-0.9142520008448096f,-0.32688966962450566f,0.33067903221211065f,0.29123823802006465f,-0.39733168367761373f,0.9281233252070081f,-0.18104371254835885f,0.26313734092320307f,-0.24152227971321652f,-0.28946923256222196f,-0.9539060495157076f,0.05197595196417576f,0f,0f,0f,1f], start_interpolation: 0, interpolation_duration: 1 }
$data merge entity $(bone_leg_left_1) { transformation: [-0.9152923203455559f,-0.3965017173509702f,0.0708968014382853f,0.197989630226574f,-0.027698577186872898f,0.23755655106722778f,0.97097871957467f,0.2767285965661932f,-0.40183672945398f,0.8867656247187159f,-0.22841622026238395f,0.3129996301514012f,0f,0f,0f,1f], start_interpolation: 0, interpolation_duration: 1 }
$data merge entity $(bone_leg_left_0) { transformation: [-0.9329817807249156f,0.27916353448835285f,0.22718432570786184f,0.18062104299951404f,-0.058090432276761195f,0.506133514296318f,-0.8604965818548946f,0.5387483621652667f,-0.35520486836931814f,-0.8160248689335569f,-0.45599661705840133f,-0.011578947665428246f,0f,0f,0f,1f], start_interpolation: 0, interpolation_duration: 1 }
$data merge entity $(bone_leg_right_3) { transformation: [-0.9884158247333115f,0.05403548132619655f,0.14182497725934667f,-0.47066902923517523f,0.05418383955367483f,0.998526999150153f,-0.002818421439879759f,0.059778913777557396f,-0.14176836370639798f,0.0048988494605789745f,-0.9898877372338611f,-0.1644682607103567f,0f,0f,0f,1f], start_interpolation: 0, interpolation_duration: 1 }
$data merge entity $(bone_leg_right_2) { transformation: [-0.8889315819171459f,0.4936746297876231f,0.13471526296239794f,-0.35005181562838034f,0.4793095576321537f,0.8978283596552958f,-0.1273922449046434f,0.26438081941167907f,-0.17923501369276026f,-0.04745309266453282f,-1.0088038527701122f,-0.2064280040202772f,0f,0f,0f,1f], start_interpolation: 0, interpolation_duration: 1 }
$data merge entity $(bone_leg_right_1) { transformation: [-0.9922425944055555f,-0.041206548197264596f,0.11728876430843165f,-0.3872280347142072f,0.10818010033260346f,0.17864674963324606f,0.9779480583024357f,0.26320133517964994f,-0.0612511203110618f,0.9830500288546575f,-0.17280318581987164f,0.06858094712712573f,0f,0f,0f,1f], start_interpolation: 0, interpolation_duration: 1 }
$data merge entity $(bone_leg_right_0) { transformation: [-0.9833255536344168f,0.1812734066832072f,-0.014519214821481996f,-0.20053545570578868f,0.1554407505825146f,0.7963809497051721f,-0.5844788755849372f,0.6053926414559012f,-0.09438765082314672f,-0.5769898915718997f,-0.8112790126682283f,-0.08094587125871203f,0f,0f,0f,1f], start_interpolation: 0, interpolation_duration: 1 }
$data merge entity $(bone_tail_4) { transformation: [-1.911171814471017f,1.7710365210519985f,0.9146109928661454f,0.297128775810233f,1.578188760861373f,2.1184746027716232f,-0.804392270041463f,0.3560794217002432f,-1.21754008651149f,-0.034004854236523434f,-2.4783262777983746f,-1.7208650776335188f,0f,0f,0f,1f], start_interpolation: 0, interpolation_duration: 1 }
$data merge entity $(bone_tail_3) { transformation: [-1.4980384064029404f,1.3624996347279008f,0.485202230366392f,0.20152327919008256f,1.2118680105787047f,1.5637553574939167f,-0.6496080609794883f,0.45092636932229f,-0.7894316841387838f,-0.18495797717280293f,-1.9179503874715824f,-1.393841609091029f,0f,0f,0f,1f], start_interpolation: 0, interpolation_duration: 1 }
$data merge entity $(bone_tail_2) { transformation: [-1.534399104017647f,1.185809122150421f,0.2413503478710312f,0.15580433962568718f,1.0423264701690103f,1.4930892481424989f,-0.7092347295987818f,0.5838975844853392f,-0.6147754014090279f,-0.4281531243712853f,-1.8048573303494801f,-1.058879046298842f,0f,0f,0f,1f], start_interpolation: 0, interpolation_duration: 1 }
$data merge entity $(bone_tail_1) { transformation: [-1.319000089597122f,0.7164663580500289f,0.18593270671216877f,0.10829577014387055f,0.6432743575728841f,1.2974875786249926f,-0.4363259494953838f,0.6613150492026015f,-0.3661872670260106f,-0.30142692496919166f,-1.4362120123337079f,-0.7457877673060043f,0f,0f,0f,1f], start_interpolation: 0, interpolation_duration: 1 }
$data merge entity $(bone_tail_0) { transformation: [-1.2169886754854589f,0.3607518661873582f,0.15044059082081204f,0.07303911809553303f,0.35777979842067026f,1.2262504203146174f,-0.046251909196451065f,0.7044225390797896f,-0.15737819469749023f,-0.0019272531205327115f,-1.2684889065786882f,-0.3751523344294215f,0f,0f,0f,1f], start_interpolation: 0, interpolation_duration: 1 }
$data merge entity $(bone_body_1) { transformation: [-1.1987802507279266f,0.10488034068279914f,0.28377917411113857f,1.8557991432579204e-17f,0.2096037877065783f,1.1241952385715912f,0.46995309639183f,0.5194425f,-0.21816681163732388f,0.5037755202145824f,-1.1077987464286019f,-0.1515375f,0f,0f,0f,1f], start_interpolation: 0, interpolation_duration: 1 }