# This file was generated by Animated Java via MC-Build. It is not recommended to edit this file directly.
$data merge entity $(bone_head_lower) { transformation: [0.06260677453430852f,-0.3209337226189243f,0.9450301251644677f,-0.37802953267319817f,0.14687288873025606f,0.9395410638489112f,0.3093395285082168f,0.200047107473319f,-0.9871720956036187f,0.11943255430415753f,0.10595809848210933f,0.6161468993760327f,0f,0f,0f,1f], start_interpolation: 0, interpolation_duration: 1 }
$data merge entity $(bone_head_upper) { transformation: [0.06516736552660568f,-0.8378622585386928f,0.6141758646920845f,-0.35448361234953063f,0.1528799286822866f,0.6164177341695609f,0.8246992463867483f,0.27078865641282407f,-1.0275470229921004f,0.03857402365857994f,0.16165117637173748f,0.6278378951226736f,0f,0f,0f,1f], start_interpolation: 0, interpolation_duration: 1 }
$data merge entity $(bone_neck_0) { transformation: [-0.1559892222558406f,-0.19446340151717836f,0.9684272548882475f,-0.28865638060441046f,0.10249142322229306f,0.9719502302857961f,0.2116796117089622f,0.2686665648198486f,-0.9824270307284337f,0.13227522563865415f,-0.1316829297075226f,0.6174934017884327f,0f,0f,0f,1f], start_interpolation: 0, interpolation_duration: 1 }
$data merge entity $(bone_neck_1) { transformation: [-0.5371126632931186f,-0.04735120422945135f,0.8421804143936108f,-0.21753078696631728f,0.16713726118545277f,0.9726528300984889f,0.16128114590622794f,0.28681008469980607f,-0.8267860199916294f,0.2273858737024379f,-0.5145100014450449f,0.5749551900191814f,0f,0f,0f,1f], start_interpolation: 0, interpolation_duration: 1 }
$data merge entity $(bone_neck_2) { transformation: [-0.7775943245218305f,-0.0008501168507054208f,0.6287657304376396f,-0.16245451641229317f,0.23460139300826538f,0.9273924636181743f,0.2913853201909714f,0.3214173759775484f,-0.5833603113599859f,0.3740888874660054f,-0.7209356777164151f,0.5154583816474874f,0f,0f,0f,1f], start_interpolation: 0, interpolation_duration: 1 }
$data merge entity $(bone_body_0) { transformation: [-0.966721147361153f,0.1345522653257387f,0.21759115593343403f,-0.058622842070141144f,0.17483986260878623f,0.9683797430826122f,0.17796543380722843f,0.414516845088059f,-0.18676521541142702f,0.21008655616903776f,-0.9596782758973743f,0.06516694606629475f,0f,0f,0f,1f], start_interpolation: 0, interpolation_duration: 1 }
$data merge entity $(bone_leg_left_3) { transformation: [-0.9919840384930736f,-0.06464914734947445f,0.10857327075278786f,0.35882680780572224f,-0.0630480880771058f,0.997846007473876f,0.018118608066510555f,0.05577909107220774f,-0.10951075730170848f,0.011128032864448939f,-0.9939233174243245f,0.15683622493177501f,0f,0f,0f,1f], start_interpolation: 0, interpolation_duration: 1 }
$data merge entity $(bone_leg_left_2) { transformation: [-0.9070586997659191f,-0.3338969342163322f,0.34324852803848815f,0.2901966430380148f,-0.40695600812197585f,0.9249898397226353f,-0.17562119281002275f,0.26533405548479155f,-0.2523757558345905f,-0.2914941392747427f,-0.9504734841835889f,0.059123946071778455f,0f,0f,0f,1f], start_interpolation: 0, interpolation_duration: 1 }
$data merge entity $(bone_leg_left_1) { transformation: [-0.9104048606435312f,-0.40894162087486896f,0.06268764178741765f,0.19390654843297117f,-0.0370617730485692f,0.23152757373854227f,0.9721221155684303f,0.2774132588549284f,-0.41205511123529204f,0.8827013839996961f,-0.22593993004755097f,0.3191156693759257f,0f,0f,0f,1f], start_interpolation: 0, interpolation_duration: 1 }
$data merge entity $(bone_leg_left_0) { transformation: [-0.928596532129522f,0.28799692605237265f,0.23402190303774953f,0.17995951381086978f,-0.06659551321755752f,0.4910642571939442f,-0.8685740802751658f,0.5331849696184626f,-0.3650664571503601f,-0.8221396875780563f,-0.4368212631875195f,-0.010571441022400263f,0f,0f,0f,1f], start_interpolation: 0, interpolation_duration: 1 }
$data merge entity $(bone_leg_right_3) { transformation: [-0.9882444436961201f,0.05502226804753618f,0.14263754597808836f,-0.47640136890175494f,0.055182888656818516f,0.9984722457837699f,-0.002832525199216507f,0.061782633990269786f,-0.1425754828265902f,0.005071924528235516f,-0.9897709367719099f,-0.16559010864104068f,0f,0f,0f,1f], start_interpolation: 0, interpolation_duration: 1 }
$data merge entity $(bone_leg_right_2) { transformation: [-0.8831450207738568f,0.5036430528505501f,0.1358703319287052f,-0.35343381069302304f,0.4905102056618804f,0.8926853321457267f,-0.12072628302945457f,0.265374339016784f,-0.17752974377432695f,-0.03897143297270848f,-1.009468482414468f,-0.20559597494330456f,0f,0f,0f,1f], start_interpolation: 0, interpolation_duration: 1 }
$data merge entity $(bone_leg_right_1) { transformation: [-0.990833194938638f,-0.04173811017623487f,0.12848155496649152f,-0.3913199931295045f,0.11960233968169104f,0.1711529804419601f,0.9779580449224287f,0.26238598325843177f,-0.06280812169104014f,0.9843599887463679f,-0.16459207880360777f,0.06930235639033f,0f,0f,0f,1f], start_interpolation: 0, interpolation_duration: 1 }
$data merge entity $(bone_leg_right_0) { transformation: [-0.9813711993942384f,0.19103319989188755f,-0.020417775064389104f,-0.20054246620505284f,0.16627965125952598f,0.7913244754720896f,-0.588350790001877f,0.6016468514978338f,-0.09623744892984365f,-0.5807855809658917f,-0.8083479834610754f,-0.08173829067690913f,0f,0f,0f,1f], start_interpolation: 0, interpolation_duration: 1 }
$data merge entity $(bone_tail_4) { transformation: [-1.7976606418211412f,1.7485837038237206f,1.156085022465614f,0.35590137437345637f,1.7210951258851046f,2.1006054270951f,-0.5009488386184248f,0.4398269176847622f,-1.1966240496086225f,0.3944276891658712f,-2.4572706431155553f,-1.729922298216443f,0f,0f,0f,1f], start_interpolation: 0, interpolation_duration: 1 }
$data merge entity $(bone_tail_3) { transformation: [-1.4274703946247391f,1.377712264572429f,0.6325999640855541f,0.23515380154326593f,1.3072764017558354f,1.558627910549573f,-0.4445817944007958f,0.49995916315558275f,-0.7676602164542924f,0.0923768290591566f,-1.9334192094759919f,-1.4029898279033515f,0f,0f,0f,1f], start_interpolation: 0, interpolation_duration: 1 }
$data merge entity $(bone_tail_2) { transformation: [-1.4879585866015563f,1.2152315629139814f,0.3577224735169937f,0.16784287935676911f,1.1114019274816616f,1.5171200980964188f,-0.5309484330372739f,0.5998441409006996f,-0.6078970925670909f,-0.20083010594114248f,-1.8463212798424127f,-1.0602600291632922f,0f,0f,0f,1f], start_interpolation: 0, interpolation_duration: 1 }
$data merge entity $(bone_tail_1) { transformation: [-1.298748189908326f,0.7409838631347824f,0.22771100935989347f,0.11102503599915958f,0.6790498990939537f,1.3017942199949604f,-0.36315188740829163f,0.6614285406728003f,-0.3738992160333295f,-0.20959716925943334f,-1.450491176425453f,-0.7452111894896183f,0f,0f,0f,1f], start_interpolation: 0, interpolation_duration: 1 }
$data merge entity $(bone_tail_0) { transformation: [-1.2123736710394808f,0.37443545661849176f,0.15422025541796494f,0.0749940875202358f,0.3732910765098916f,1.2220606469336852f,-0.03251559622914917f,0.7004208539442177f,-0.156969967039453f,0.014197909245815873f,-1.2684614954363842f,-0.3741946378935553f,0f,0f,0f,1f], start_interpolation: 0, interpolation_duration: 1 }
$data merge entity $(bone_body_1) { transformation: [-1.196721715503612f,0.10694029717400855f,0.29159132966992773f,1.8557991432579204e-17f,0.21532035319726378f,1.1221992180099496f,0.4721341500602489f,0.5150681965877915f,-0.2238277824519273f,0.5077768043091795f,-1.1048386469817482f,-0.1515375f,0f,0f,0f,1f], start_interpolation: 0, interpolation_duration: 1 }