# This file was generated by Animated Java via MC-Build. It is not recommended to edit this file directly.
$data merge entity $(bone_head_lower) { transformation: [0.14146426247767463f,-0.3142149914476643f,0.9387527904572066f,-0.3999750600634077f,0.14651090026567942f,0.9444917532608157f,0.29405762041758293f,0.18967998834949512f,-0.9790415816220407f,0.0959388720584908f,0.17964775056525717f,0.5977826483706117f,0f,0f,0f,1f], start_interpolation: 0, interpolation_duration: 1 }
$data merge entity $(bone_head_upper) { transformation: [0.14725009186956883f,-0.8283857071668812f,0.612834784578631f,-0.3762833159877701f,0.15250313504033727f,0.6297628055914588f,0.814624787911558f,0.2600265737468418f,-1.01908397437639f,-0.025453318815201624f,0.2104564665531082f,0.6114030623652439f,0f,0f,0f,1f], start_interpolation: 0, interpolation_duration: 1 }
$data merge entity $(bone_neck_0) { transformation: [-0.08469908498405715f,-0.18604970846102414f,0.9788828178001857f,-0.30993961358016536f,0.10481270011796927f,0.9752990863269801f,0.19443762522654634f,0.25673447470393823f,-0.9908785813089531f,0.11906804017588515f,-0.06310656789772112f,0.605709953457118f,0f,0f,0f,1f], start_interpolation: 0, interpolation_duration: 1 }
$data merge entity $(bone_neck_1) { transformation: [-0.4891908532156302f,-0.042035028681239664f,0.8711632255174293f,-0.23633430448426013f,0.17943746829089935f,0.9726198948842252f,0.14769135062268096f,0.273726608828901f,-0.8535188949891596f,0.22856858147865938f,-0.4682540971068134f,0.5670956724809458f,0f,0f,0f,1f], start_interpolation: 0, interpolation_duration: 1 }
$data merge entity $(bone_neck_2) { transformation: [-0.7499537426971953f,-0.005480000064487796f,0.6614675754817938f,-0.1784384364908702f,0.24956390155042568f,0.9237254411540536f,0.29060139092523074f,0.3082293195816821f,-0.6126069236120325f,0.3830160296437246f,-0.6913837416215098f,0.51027523765207f,0f,0f,0f,1f], start_interpolation: 0, interpolation_duration: 1 }
$data merge entity $(bone_body_0) { transformation: [-0.9598072529919666f,0.1357258885203555f,0.24565935823692f,-0.06136714343088616f,0.18474445088157104f,0.9644512825310186f,0.18895293459679366f,0.40646973311385726f,-0.211280678180666f,0.2267426003415181f,-0.9507619408757823f,0.06434470697109548f,0f,0f,0f,1f], start_interpolation: 0, interpolation_duration: 1 }
$data merge entity $(bone_leg_left_3) { transformation: [-0.9903683477016537f,-0.06911052058569397f,0.1199761301887618f,0.35823359484729644f,-0.06788674688346383f,0.9975910845878585f,0.01426245239786636f,0.059154124146030496f,-0.12067280334970595f,0.005980292233266349f,-0.9926743225431636f,0.16811753802405796f,0f,0f,0f,1f], start_interpolation: 0, interpolation_duration: 1 }
$data merge entity $(bone_leg_left_2) { transformation: [-0.896137392654428f,-0.34421501121557474f,0.3612699808191647f,0.2877721880023314f,-0.4207291361198388f,0.9204863952377266f,-0.1665952871566448f,0.267916915769108f,-0.2683038706524228f,-0.29373971766993395f,-0.9454058444693532f,0.07001372033492065f,0f,0f,0f,1f], start_interpolation: 0, interpolation_duration: 1 }
$data merge entity $(bone_leg_left_1) { transformation: [-0.9029520634041923f,-0.42677020051668224f,0.05044568509855196f,0.18713946581214105f,-0.05036524750817332f,0.22167063938827714f,0.9738200395743728f,0.2774931935919506f,-0.4267797008264942f,0.8767721047023245f,-0.22165234800990707f,0.3284604958756834f,0f,0f,0f,1f], start_interpolation: 0, interpolation_duration: 1 }
$data merge entity $(bone_leg_left_0) { transformation: [-0.9219609695138311f,0.3023107445580115f,0.2420664875977206f,0.17892917626298585f,-0.07848064183877232f,0.46623150294250065f,-0.8811747695664872f,0.5231585820758394f,-0.3792476229980763f,-0.8314062781749717f,-0.40612170720308854f,-0.009013038806715418f,0f,0f,0f,1f], start_interpolation: 0, interpolation_duration: 1 }
$data merge entity $(bone_leg_right_3) { transformation: [-0.9875521617536217f,0.05774538858222367f,0.14630857088098587f,-0.4845973620116686f,0.05767487605673764f,0.9983242256611696f,-0.0047274866331027815f,0.06406614898060697f,-0.1463363812849982f,0.00376968904741716f,-0.9892277053120266f,-0.16712871365357232f,0f,0f,0f,1f], start_interpolation: 0, interpolation_duration: 1 }
$data merge entity $(bone_leg_right_2) { transformation: [-0.8731958334948627f,0.519665977440253f,0.13978021232983043f,-0.3577894854811405f,0.5079230710815046f,0.8838975882902969f,-0.11314330196005441f,0.2658167778125711f,-0.17777904750290122f,-0.027102118115706494f,-1.009812995045765f,-0.2043781201151657f,0f,0f,0f,1f], start_interpolation: 0, interpolation_duration: 1 }
$data merge entity $(bone_leg_right_1) { transformation: [-0.9881529294697238f,-0.04461646472501061f,0.14684399564110526f,-0.3973781227321943f,0.13787960230405544f,0.16212804091144323f,0.9770894092245053f,0.2607867003015853f,-0.06740180449274749f,0.9857605537987707f,-0.15405559816333259f,0.07025039949014322f,0f,0f,0f,1f], start_interpolation: 0, interpolation_duration: 1 }
$data merge entity $(bone_leg_right_0) { transformation: [-0.9780430396670062f,0.2066090916614257f,-0.027285450367614303f,-0.20031290664227f,0.181927784295799f,0.7825799891698636f,-0.5953745391365989f,0.5953664796520513f,-0.10165674527617014f,-0.5872659055263953f,-0.8029848456515969f,-0.08314109447767137f,0f,0f,0f,1f], start_interpolation: 0, interpolation_duration: 1 }
$data merge entity $(bone_tail_4) { transformation: [-1.583838984160445f,1.5466666638123847f,1.6507385119712557f,0.48799160564895394f,2.0140175197539656f,1.881679044790303f,0.1693479675730937f,0.6248130556623561f,-1.029975161825612f,1.3010640011346548f,-2.207270930940238f,-1.7095537813439374f,0f,0f,0f,1f], start_interpolation: 0, interpolation_duration: 1 }
$data merge entity $(bone_tail_3) { transformation: [-1.2933860329314042f,1.3267037359523202f,0.9502395976134462f,0.31388324756545194f,1.4958291657127427f,1.448535864018387f,0.013582477685201539f,0.6083349087529178f,-0.6523750477030289f,0.691047446784303f,-1.8527832440606242f,-1.402152652922678f,0f,0f,0f,1f], start_interpolation: 0, interpolation_duration: 1 }
$data merge entity $(bone_tail_2) { transformation: [-1.3910310440513112f,1.2197781855881449f,0.6292437424810745f,0.1961698689860697f,1.2491392913579493f,1.496341625556836f,-0.13923593435051904f,0.6354982934522263f,-0.5687332769181492f,0.30311184832004623f,-1.8448413325098518f,-1.0595490992279666f,0f,0f,0f,1f], start_interpolation: 0, interpolation_duration: 1 }
$data merge entity $(bone_tail_1) { transformation: [-1.2549353920300867f,0.7758514627030496f,0.3329383120817292f,0.11624020620588249f,0.7497368808086056f,1.2983491160272753f,-0.19960068253033558f,0.6618628791603676f,-0.38818555020205897f,-0.000575093671961623f,-1.461837165310006f,-0.7446001595137459f,0f,0f,0f,1f], start_interpolation: 0, interpolation_duration: 1 }
$data merge entity $(bone_tail_0) { transformation: [-1.2026367246429588f,0.40154116173647797f,0.16206579082398417f,0.07857071888318462f,0.4042353733789862f,1.212603552880325f,-0.004701386518062168f,0.6924990173659836f,-0.15522367098234535f,0.0468298575415323f,-1.2678912780650524f,-0.3729627716455811f,0f,0f,0f,1f], start_interpolation: 0, interpolation_duration: 1 }
$data merge entity $(bone_body_1) { transformation: [-1.1927591967499067f,0.11303792306477914f,0.3052089801659981f,1.8557991432579204e-17f,0.22710199578119755f,1.1195627961123917f,0.47287252418537734f,0.5071522800925926f,-0.2331411099247932f,0.5122559600106712f,-1.1008377034571588f,-0.1515375f,0f,0f,0f,1f], start_interpolation: 0, interpolation_duration: 1 }