# This file was generated by Animated Java via MC-Build. It is not recommended to edit this file directly.
$data merge entity $(bone_head_lower) { transformation: [-0.970467033213324f,-0.010763652400437987f,0.24099352944245514f,-0.0654397181288332f,0.02628805634911805f,0.9883359665329787f,0.15000318446855682f,0.3715740776207976f,-0.23979715498628118f,0.15190839688550745f,-0.958864517758458f,0.8015972162323725f,0f,0f,0f,1f], start_interpolation: 0, interpolation_duration: 1 }
$data merge entity $(bone_head_upper) { transformation: [-1.010158730510485f,-0.18101788604835833f,0.174022431564254f,-0.05782136110546169f,0.02736322690044017f,0.637732049124928f,0.8222049804738609f,0.4425833217737619f,-0.24960475870973886f,0.8024975395806586f,-0.6141393213106853f,0.777202455055308f,0f,0f,0f,1f], start_interpolation: 0, interpolation_duration: 1 }
$data merge entity $(bone_neck_0) { transformation: [-0.9779994737005757f,-0.01526807631103304f,0.2080478677784446f,-0.04380475029904471f,0.02062019297983833f,0.9853582772641027f,0.16924500899167935f,0.4375261461029329f,-0.20758573429518448f,0.16981151690294694f,-0.9633650458908342f,0.7122201817030107f,0f,0f,0f,1f], start_interpolation: 0, interpolation_duration: 1 }
$data merge entity $(bone_neck_1) { transformation: [-0.989014482388939f,-0.009263274266599007f,0.1475281172346502f,-0.03134985720936808f,0.025245676159542763f,0.9727860543227395f,0.23032574400280054f,0.4615192633993682f,-0.14564686560371434f,0.23151994355791003f,-0.961865638368871f,0.6318041210866422f,0f,0f,0f,1f], start_interpolation: 0, interpolation_duration: 1 }
$data merge entity $(bone_neck_2) { transformation: [-0.9950143076031981f,0.0020611472225890637f,0.09971097901963956f,-0.022594247695378843f,0.033599243959455426f,0.9482691682589804f,0.31568445532647654f,0.49845973714486813f,-0.09390217500293156f,0.3174607632472838f,-0.9436106428650383f,0.5522448909770112f,0f,0f,0f,1f], start_interpolation: 0, interpolation_duration: 1 }
$data merge entity $(bone_body_0) { transformation: [-0.9992732071696383f,0.023593695607901102f,0.029939855718871585f,-0.008258946526748842f,0.026617359344032514f,0.9941180242833058f,0.10498033137977383f,0.5574067904767417f,-0.027286876231180885f,0.1057009523259757f,-0.9940235083049727f,0.0847722727981291f,0f,0f,0f,1f], start_interpolation: 0, interpolation_duration: 1 }
$data merge entity $(bone_leg_left_3) { transformation: [-0.9909539426730809f,0.0007161955767529572f,-0.13420048645430527f,0.22447513610945857f,-0.0014384401362595653f,0.9998716330563052f,0.015957703446703775f,0.022496501547251885f,0.13419468838464033f,0.016006388512540104f,-0.9908257067396544f,-0.09118331697325778f,0f,0f,0f,1f], start_interpolation: 0, interpolation_duration: 1 }
$data merge entity $(bone_leg_left_2) { transformation: [-1.0174332984691465f,-0.0892373838362469f,-0.09449006293229535f,0.19917544139996396f,-0.057101874462927124f,0.9768062032349843f,-0.30765437873557094f,0.24059212432734328f,0.11675212460468082f,-0.2999142046459494f,-0.973900719145733f,-0.19100965036172865f,0f,0f,0f,1f], start_interpolation: 0, interpolation_duration: 1 }
$data merge entity $(bone_leg_left_1) { transformation: [-0.9545232944660148f,0.03152449671391094f,0.29646498347811717f,0.21102619902296973f,0.2855937895419749f,0.38207632763067934f,0.8788935471598983f,0.2920893259539543f,-0.08556557541908932f,0.923592922218002f,-0.3737039554674419f,0.08142563264719913f,0f,0f,0f,1f], start_interpolation: 0, interpolation_duration: 1 }
$data merge entity $(bone_leg_left_0) { transformation: [-0.9698675440523066f,0.23349029772965735f,-0.06956455893674127f,0.1955931133703565f,0.2367674760271629f,0.8359942090341f,-0.49503014530145184f,0.6881566562532128f,-0.057429167586464505f,-0.49658429629577056f,-0.8660865588281348f,-0.04972225449289305f,0f,0f,0f,1f], start_interpolation: 0, interpolation_duration: 1 }
$data merge entity $(bone_leg_right_3) { transformation: [-0.986758668605626f,0.004188990865416561f,0.1621412417837671f,-0.23049496365364477f,0.005490243246185202f,0.9999562131490083f,0.007578193306718439f,0.02770272389144046f,-0.16210239714683514f,0.008368042795404707f,-0.9867384601296458f,-0.12907920910376136f,0f,0f,0f,1f], start_interpolation: 0, interpolation_duration: 1 }
$data merge entity $(bone_leg_right_2) { transformation: [-1.0067632879178603f,0.1211249765488517f,0.15433282754344388f,-0.19592946113403742f,0.07129167730454293f,0.9775830263412992f,-0.3021773036764789f,0.2461266754095886f,-0.1827768539739625f,-0.28587124053692803f,-0.9679527131972685f,-0.22534589859072968f,0f,0f,0f,1f], start_interpolation: 0, interpolation_duration: 1 }
$data merge entity $(bone_leg_right_1) { transformation: [-0.9616280218325316f,-0.0872603762273525f,-0.2601099274674329f,-0.2249915463999159f,-0.273583593241968f,0.3761075406428891f,0.8852655733622377f,0.2959035863272239f,0.020580698123864694f,0.9224579907032182f,-0.3855485575806451f,0.04611503782418479f,0f,0f,0f,1f], start_interpolation: 0, interpolation_duration: 1 }
$data merge entity $(bone_leg_right_0) { transformation: [-0.9748170304234217f,-0.19587229968687836f,0.10661050329041462f,-0.19722867891708207f,-0.22294191442954647f,0.8674375068191837f,-0.4448022870375188f,0.698620139841547f,-0.005353502306953861f,-0.457368794277323f,-0.8892609999512838f,-0.060448930190941996f,0f,0f,0f,1f], start_interpolation: 0, interpolation_duration: 1 }
$data merge entity $(bone_tail_4) { transformation: [-2.595229058395027f,0.4072615071882896f,-0.8512258988216851f,-0.08633239932774577f,0.21936100170065775f,2.6831665702490497f,0.614946533310692f,0.8118230933488535f,0.9177844065982744f,0.5103102513772155f,-2.5540001100126006f,-1.8097662739582383f,0f,0f,0f,1f], start_interpolation: 0, interpolation_duration: 1 }
$data merge entity $(bone_tail_3) { transformation: [-2.0067179918964855f,0.22304559395962859f,-0.5091945503032989f,-0.002174496678580412f,0.19536288684149553f,2.068628570889037f,0.13621565325242072f,0.7684827977160901f,0.520443819723454f,0.08349865125391681f,-2.014475547579291f,-1.469002764129319f,0f,0f,0f,1f], start_interpolation: 0, interpolation_duration: 1 }
$data merge entity $(bone_tail_2) { transformation: [-1.937942616985712f,0.16627845188015247f,-0.1884244270621157f,0.03145975723071446f,0.18055284897398127f,1.9404277656732458f,-0.144618912782841f,0.7959623770285916f,0.17479404166253895f,-0.1608273535424f,-1.9396792209936673f,-1.1083296522206079f,0f,0f,0f,1f], start_interpolation: 0, interpolation_duration: 1 }
$data merge entity $(bone_tail_1) { transformation: [-1.508982573841905f,0.0858557957772418f,0.057066839521014295f,0.01957175120244805f,0.08775071084050261f,1.5091280013526094f,0.04988725569186877f,0.7666958308336302f,-0.05410780524515059f,0.05308208610196045f,-1.5105995126262346f,-0.7838626714886415f,0f,0f,0f,1f], start_interpolation: 0, interpolation_duration: 1 }
$data merge entity $(bone_tail_0) { transformation: [-1.276808922387746f,0.049930643525832034f,0.0331907085216199f,0.011077570120506029f,0.05170339754686207f,1.2752174437795223f,0.07058998758010698f,0.7768410643176711f,-0.030355411003344723f,0.07185484327131195f,-1.2758335107314358f,-0.40930048115693873f,0f,0f,0f,1f], start_interpolation: 0, interpolation_duration: 1 }
$data merge entity $(bone_body_1) { transformation: [-1.235468916965308f,0.023543284260447373f,0.04082724623399435f,1.8557991432579204e-17f,0.032908838028783124f,1.1976488889568022f,0.3052191707877846f,0.6252117307692309f,-0.033736606948754536f,0.3060840531668046f,-1.1974051063883169f,-0.1515375f,0f,0f,0f,1f], start_interpolation: 0, interpolation_duration: 1 }