# This file was generated by Animated Java via MC-Build. It is not recommended to edit this file directly.
$data merge entity $(bone_head_lower) { transformation: [0.24430329318510283f,-0.289023730530325f,0.9256247534121199f,-0.44191417109739545f,0.14997279855491158f,0.9543250566631152f,0.2584024882205083f,0.17029242867198507f,-0.9580313463726132f,0.07568995584142073f,0.27649045182827225f,0.5644069849377004f,0f,0f,0f,1f], start_interpolation: 0, interpolation_duration: 1 }
$data merge entity $(bone_head_upper) { transformation: [0.25429519608333473f,-0.7990683482308503f,0.6166811742611138f,-0.41726572364328307f,0.1561066235271414f,0.6594345998540413f,0.7900940913522913f,0.23961532339807312f,-0.9972144292595255f,-0.10053718692338773f,0.28094056080537405f,0.5812071872190552f,0f,0f,0f,1f], start_interpolation: 0, interpolation_duration: 1 }
$data merge entity $(bone_neck_0) { transformation: [0.015651862385775317f,-0.1541622651515948f,0.9879215632868766f,-0.35088757789859826f,0.11811464048163872f,0.9814096353097445f,0.15127478119332194f,0.23342875007289907f,-0.9928766040690808f,0.11432026821401187f,0.033569709080157606f,0.5818430585004563f,0f,0f,0f,1f], start_interpolation: 0, interpolation_duration: 1 }
$data merge entity $(bone_neck_1) { transformation: [-0.4141832285122393f,-0.029918491406346462f,0.9097016747764877f,-0.27396173696064596f,0.20968455713464862f,0.969440015498866f,0.12735165035760063f,0.24868319532000013f,-0.8857113749514706f,0.24349731050162893f,-0.3952523498475992f,0.54948175845359f,0f,0f,0f,1f], start_interpolation: 0, interpolation_duration: 1 }
$data merge entity $(bone_neck_2) { transformation: [-0.701781143593029f,-0.022447968547978647f,0.7120388438879788f,-0.21180157358679486f,0.276683174275811f,0.9124506559290604f,0.3014634663890279f,0.2840271181548824f,-0.6564675525644217f,0.40857054372861534f,-0.6341296895962072f,0.4979274026519833f,0f,0f,0f,1f], start_interpolation: 0, interpolation_duration: 1 }
$data merge entity $(bone_body_0) { transformation: [-0.94255857728824f,0.1267677604996574f,0.3090522015425073f,-0.06493880856710711f,0.19990780757857068f,0.9552913461811074f,0.2178424026231275f,0.3957957697887103f,-0.26761950012937813f,0.26711117312720023f,-0.925759917225364f,0.06416479307636183f,0f,0f,0f,1f], start_interpolation: 0, interpolation_duration: 1 }
$data merge entity $(bone_leg_left_3) { transformation: [-0.9886448555040612f,-0.07542236866209845f,0.12997236625818676f,0.35621396603929645f,-0.0759146072836674f,0.9971136360342258f,0.001170143398542406f,0.058726394660842896f,-0.12968547369046482f,-0.008709944891048427f,-0.9915169261155732f,0.17783747910224598f,0f,0f,0f,1f], start_interpolation: 0, interpolation_duration: 1 }
$data merge entity $(bone_leg_left_2) { transformation: [-0.8872261284587523f,-0.3538335411698942f,0.3737563666667912f,0.2839102038200874f,-0.4311308741590825f,0.9177659041944407f,-0.15457721030501675f,0.2672103191464558f,-0.28110170015069885f,-0.29080881991787794f,-0.9425891278447108f,0.08048404430900918f,0f,0f,0f,1f], start_interpolation: 0, interpolation_duration: 1 }
$data merge entity $(bone_leg_left_1) { transformation: [-0.8974959826197279f,-0.4392732741444856f,0.039242219659860994f,0.18036631578127343f,-0.05973659745562631f,0.20924382772345596f,0.9760371711589992f,0.2734796685241232f,-0.43695823611172907f,0.873645243323639f,-0.2140361855203604f,0.33788012852155497f,0f,0f,0f,1f], start_interpolation: 0, interpolation_duration: 1 }
$data merge entity $(bone_leg_left_0) { transformation: [-0.9172907342673439f,0.31591511040012904f,0.24243628409986717f,0.17801047317930294f,-0.08616635008053682f,0.4369187098902362f,-0.8953643956857175f,0.5078973655118085f,-0.38878409039089495f,-0.8421993136833619f,-0.3735602322118862f,-0.007590668954986501f,0f,0f,0f,1f], start_interpolation: 0, interpolation_duration: 1 }
$data merge entity $(bone_leg_right_3) { transformation: [-0.985474317264559f,0.06475010719461342f,0.1569961580110712f,-0.4906926200442341f,0.06353320290927691f,0.9978981158542386f,-0.012762542953903916f,0.0627838704323819f,-0.15749254629994316f,-0.0026026895411639384f,-0.9875167461198385f,-0.16780107319499082f,0f,0f,0f,1f], start_interpolation: 0, interpolation_duration: 1 }
$data merge entity $(bone_leg_right_2) { transformation: [-0.8607893571220467f,0.5372636043695884f,0.14983891879583985f,-0.3594911502810342f,0.5255001901166677f,0.8735413443273167f,-0.11330167447511899f,0.2620883106522835f,-0.1869583706429165f,-0.01831771468600693f,-1.008351738470224f,-0.20294344799555714f,0f,0f,0f,1f], start_interpolation: 0, interpolation_duration: 1 }
$data merge entity $(bone_leg_right_1) { transformation: [-0.9843498631740067f,-0.05344252244501356f,0.1679263042647833f,-0.4025199377488559f,0.15751586253224178f,0.16046096210149796f,0.9743926481107018f,0.2571394344165773f,-0.07901961731138832f,0.9855943265036465f,-0.14953168107055415f,0.07116860524694146f,0f,0f,0f,1f], start_interpolation: 0, interpolation_duration: 1 }
$data merge entity $(bone_leg_right_0) { transformation: [-0.9743063869950234f,0.2236389067326523f,-0.02669651018631007f,-0.1992506878294553f,0.19352368563857655f,0.770623127130715f,-0.6071973147405538f,0.5866386882828969f,-0.11521999547632837f,-0.5967626289628918f,-0.7941024602126183f,-0.0850976172811404f,0f,0f,0f,1f], start_interpolation: 0, interpolation_duration: 1 }
$data merge entity $(bone_tail_4) { transformation: [-1.2115128003592344f,0.7530441690212791f,2.3644920269835503f,0.7216353188613948f,2.369096601844429f,1.133978586232032f,0.8527222224712934f,0.8467012547437545f,-0.7384303334065473f,2.4026398766919383f,-1.1435486859923554f,-1.547926061947701f,0f,0f,0f,1f], start_interpolation: 0, interpolation_duration: 1 }
$data merge entity $(bone_tail_3) { transformation: [-1.0654663137057492f,0.9875882135001809f,1.491776317333885f,0.4590208567448431f,1.7235905965368898f,1.0320310576009712f,0.5478073363154914f,0.7437141401378425f,-0.4795440708968615f,1.5150996477944898f,-1.345531890133089f,-1.3346000158418665f,0f,0f,0f,1f], start_interpolation: 0, interpolation_duration: 1 }
$data merge entity $(bone_tail_2) { transformation: [-1.2073417150369246f,1.0495248084505802f,1.1223179293681658f,0.2497413796362222f,1.44001410277003f,1.2708401632660624f,0.3606917496368481f,0.6780295429934914f,-0.5361522563208142f,1.0498746738918117f,-1.558549903649363f,-1.0450156272290356f,0f,0f,0f,1f], start_interpolation: 0, interpolation_duration: 1 }
$data merge entity $(bone_tail_1) { transformation: [-1.1719578331890392f,0.7873890664095855f,0.5423924274227048f,0.12451921840499877f,0.8524063323149123f,1.2490986758574247f,0.028498992976402876f,0.6558135716897976f,-0.43309875531602743f,0.32776089771336503f,-1.4116141512728744f,-0.7448447792866628f,0f,0f,0f,1f], start_interpolation: 0, interpolation_duration: 1 }
$data merge entity $(bone_tail_0) { transformation: [-1.184908883738966f,0.4457395514529951f,0.17647352801762697f,0.08370604128373131f,0.45305706307756266f,1.1949960212436932f,0.023654246792156875f,0.6777386336924762f,-0.15673529090807473f,0.08447767791703097f,-1.2657540389434812f,-0.3729234333945131f,0f,0f,0f,1f], start_interpolation: 0, interpolation_duration: 1 }
$data merge entity $(bone_body_1) { transformation: [-1.1865289735848232f,0.12892473619386505f,0.3226949059054673f,1.8557991432579204e-17f,0.24765035615241027f,1.119137253552298f,0.46347136250825044f,0.4946061981310014f,-0.24376810906593263f,0.5094259663238733f,-1.0998485754383f,-0.1515375f,0f,0f,0f,1f], start_interpolation: 0, interpolation_duration: 1 }