# This file was generated by Animated Java via MC-Build. It is not recommended to edit this file directly.
$data merge entity $(bone_head_lower) { transformation: [0.26961121948526984f,-0.261394785040211f,0.9268131185311563f,-0.45947450666470624f,0.1514789266144997f,0.9619834613903593f,0.22724866292927404f,0.162913770704602f,-0.9509805072236679f,0.0791238672285781f,0.29895733561063453f,0.5513573018907083f,0f,0f,0f,1f], start_interpolation: 0, interpolation_duration: 1 }
$data merge entity $(bone_head_upper) { transformation: [0.2806382060242093f,-0.7838549707879665f,0.6247283607088897f,-0.43392151738461726f,0.1576743515968133f,0.6751977220941895f,0.7763496490054271f,0.23164360319618518f,-0.989875213727238f,-0.11467939410949561f,0.3007783908438918f,0.569209790689961f,0f,0f,0f,1f], start_interpolation: 0, interpolation_duration: 1 }
$data merge entity $(bone_neck_0) { transformation: [0.04333324270693639f,-0.13414982872416903f,0.9900131582609283f,-0.3677419090997214f,0.12547051160112632f,0.9838288531200775f,0.12781994557574067f,0.22389875091521097f,-0.9911505338721527f,0.1186786047344246f,0.05946434211556395f,0.5714487557858288f,0f,0f,0f,1f], start_interpolation: 0, interpolation_duration: 1 }
$data merge entity $(bone_neck_1) { transformation: [-0.3896042907660806f,-0.023987013753076922f,0.9206699298814255f,-0.2898595874199187f,0.22304074821667907f,0.9674455215188007f,0.11959091741499567f,0.2384865718379991f,-0.8935666294415896f,0.2519400445828849f,-0.3715708447711834f,0.5411324846592597f,0f,0f,0f,1f], start_interpolation: 0, interpolation_duration: 1 }
$data merge entity $(bone_neck_2) { transformation: [-0.6835100934010611f,-0.03283145014506943f,0.7292023368724516f,-0.22629743410894193f,0.2862944850700759f,0.9068843329119072f,0.3091864721125192f,0.2744525901155123f,-0.6714532150770689f,0.4200986819787671f,-0.6104651319791902f,0.49176418926764115f,0f,0f,0f,1f], start_interpolation: 0, interpolation_duration: 1 }
$data merge entity $(bone_body_0) { transformation: [-0.9334863851891211f,0.11792440304715696f,0.3386694610272965f,-0.06556040979272798f,0.20422395273786714f,0.9510995091432543f,0.2317375688911544f,0.3927300490170059f,-0.29478084366978324f,0.28548828149931615f,-0.9119214304598274f,0.06469867153892156f,0f,0f,0f,1f], start_interpolation: 0, interpolation_duration: 1 }
$data merge entity $(bone_leg_left_3) { transformation: [-0.9885499921864589f,-0.0776252287498298f,0.12939565993374408f,0.35577864014822613f,-0.07892244876260723f,0.9968686173718186f,-0.004920038669948612f,0.05600203422970074f,-0.12860855348485223f,-0.01507592652995951f,-0.9915808370525312f,0.17740902912391998f,0f,0f,0f,1f], start_interpolation: 0, interpolation_duration: 1 }
$data merge entity $(bone_leg_left_2) { transformation: [-0.8879616864621593f,-0.354926311846438f,0.37096301168048756f,0.2831326863613477f,-0.4301832937575679f,0.91887758026236f,-0.15056070458049794f,0.2648706868656729f,-0.2802295070970625f,-0.2859256986543371f,-0.9443411024104914f,0.08114105204719935f,0f,0f,0f,1f], start_interpolation: 0, interpolation_duration: 1 }
$data merge entity $(bone_leg_left_1) { transformation: [-0.8987889290146666f,-0.43669974054554994f,0.03836401553693586f,0.18036027346740077f,-0.05814663556295139f,0.20549695230342552f,0.9769288466243147f,0.2700431710738587f,-0.4345082621232628f,0.8758220933508437f,-0.21009100634051142f,0.33887048811308196f,0f,0f,0f,1f], start_interpolation: 0, interpolation_duration: 1 }
$data merge entity $(bone_leg_left_0) { transformation: [-0.9185716116643575f,0.31560411760416074f,0.2379500687027511f,0.1780985961387526f,-0.0842758097138589f,0.4317849957080487f,-0.8980307931126161f,0.502882090206163f,-0.386165485435219f,-0.8449590276650696f,-0.37002764683991135f,-0.007666957363470339f,0f,0f,0f,1f], start_interpolation: 0, interpolation_duration: 1 }
$data merge entity $(bone_leg_right_3) { transformation: [-0.9845266077206944f,0.0679273157466857f,0.1615340164344088f,-0.4898542949101612f,0.06608131580744987f,0.99767314845329f,-0.016779408703978843f,0.060018316639506214f,-0.16229793095149983f,-0.005845393977239655f,-0.9867244868645516f,-0.1671226288324553f,0f,0f,0f,1f], start_interpolation: 0, interpolation_duration: 1 }
$data merge entity $(bone_leg_right_2) { transformation: [-0.8588144888292271f,0.5392737607012165f,0.15389504311983132f,-0.35806197198292916f,0.5268924004909269f,0.8723007840081961f,-0.11635265370540264f,0.25893713528133333f,-0.1920527833242631f,-0.0183671646845048f,-1.007392959663482f,-0.20223899643503765f,0f,0f,0f,1f], start_interpolation: 0, interpolation_duration: 1 }
$data merge entity $(bone_leg_right_1) { transformation: [-0.9836512811530636f,-0.057297878297495594f,0.17072524777706988f,-0.40227267192629257f,0.1594742894305474f,0.16323748417163386f,0.9736125896741152f,0.25482292799572237f,-0.08365469560376468f,0.9849215587567978f,-0.15143122201025971f,0.07169872088168103f,0f,0f,0f,1f], start_interpolation: 0, interpolation_duration: 1 }
$data merge entity $(bone_leg_right_0) { transformation: [-0.9739860791826948f,0.22548287882708873f,-0.022551915975588366f,-0.19865405849706055f,0.19181307637112613f,0.7673509980629025f,-0.611866153259773f,0.5836164124432328f,-0.12066010646177176f,-0.6002748679794249f,-0.7906397546170556f,-0.08559585440454673f,0f,0f,0f,1f], start_interpolation: 0, interpolation_duration: 1 }
$data merge entity $(bone_tail_4) { transformation: [-0.9754102576327013f,0.37245916472121837f,2.5564644201553213f,0.8196299906300845f,2.4208105634850554f,1.0860305364970086f,0.7654248631415028f,0.8214605545187541f,-0.9021709242843491f,2.5114683306805183f,-0.7101237772140376f,-1.4691435294286017f,0f,0f,0f,1f], start_interpolation: 0, interpolation_duration: 1 }
$data merge entity $(bone_tail_3) { transformation: [-0.9303517289128325f,0.7942197871578874f,1.685113087077609f,0.5261250188149679f,1.7586651389173789f,0.9956671299367308f,0.5016865770226606f,0.7266496659166884f,-0.6144006149981174f,1.647363779526209f,-1.115638825175739f,-1.2960931600066903f,0f,0f,0f,1f], start_interpolation: 0, interpolation_duration: 1 }
$data merge entity $(bone_tail_2) { transformation: [-1.1135988597899538f,0.9350108668941555f,1.3055367222974361f,0.28282763703754843f,1.4625684917923478f,1.2465058413314747f,0.3548104696109544f,0.662069273191597f,-0.6629968787962347f,1.1793013784945425f,-1.4101266866456001f,-1.034163320421991f,0f,0f,0f,1f], start_interpolation: 0, interpolation_duration: 1 }
$data merge entity $(bone_tail_1) { transformation: [-1.1310516719032289f,0.7702835157381214f,0.6442372783897492f,0.13585961725261647f,0.8609517679178784f,1.2432999371902533f,0.02497137364648151f,0.6406751257306843f,-0.5168562844776016f,0.38538918195096195f,-1.368207224667074f,-0.7439575854446396f,0f,0f,0f,1f], start_interpolation: 0, interpolation_duration: 1 }
$data merge entity $(bone_tail_0) { transformation: [-1.17505728292885f,0.4561376191326456f,0.21216637535645988f,0.08486708445562899f,0.461528225281666f,1.1919669364280105f,-0.006498947207544942f,0.6713385546330646f,-0.20016941746493755f,0.07063293465836037f,-1.2604677343896284f,-0.3739151189253521f,0f,0f,0f,1f], start_interpolation: 0, interpolation_duration: 1 }
$data merge entity $(bone_body_1) { transformation: [-1.184929663591877f,0.13611376750295576f,0.32560609590798983f,1.8557991432579204e-17f,0.25391856463802f,1.1210369506464175f,0.45541861278805834f,0.4899503125f,-0.24509518544528663f,0.5033426195324443f,-1.1023516464767527f,-0.1515375f,0f,0f,0f,1f], start_interpolation: 0, interpolation_duration: 1 }