# This file was generated by Animated Java via MC-Build. It is not recommended to edit this file directly.
$data merge entity $(bone_head_lower) { transformation: [0.2760467809654528f,-0.24137240331048992f,0.9303426990301634f,-0.46691190321638953f,0.15157019220283044f,0.9667739118446056f,0.205851111758658f,0.1601615444614386f,-0.9491178280667834f,0.08418768494736469f,0.3034596878483119f,0.5462715702713083f,0f,0f,0f,1f], start_interpolation: 0, interpolation_duration: 1 }
$data merge entity $(bone_head_upper) { transformation: [0.2873369792874478f,-0.776549791300175f,0.6307771591847048f,-0.44077581033987884f,0.15776934990967947f,0.6832369535969934f,0.7692646099048649f,0.2285835013316923f,-0.9879363517689532f,-0.11674600402010163f,0.30630716279952785f,0.5644593947424322f,0f,0f,0f,1f], start_interpolation: 0, interpolation_duration: 1 }
$data merge entity $(bone_neck_0) { transformation: [0.05134012979083474f,-0.12353945086439447f,0.9910106937632832f,-0.37470651309153324f,0.1284687433534961f,0.9848916909297303f,0.11612122596127873f,0.22006396725124117f,-0.9903837503989216f,0.12135221966532253f,0.06643542524937673f,0.5671054775942469f,0f,0f,0f,1f], start_interpolation: 0, interpolation_duration: 1 }
$data merge entity $(bone_neck_1) { transformation: [-0.38098745084012636f,-0.02094145758195355f,0.9243430194774478f,-0.2964990020170607f,0.22828489527184917f,0.9666600865797214f,0.1159926015071937f,0.23434334518815722f,-0.8959545573817139f,0.25520527496121437f,-0.3635047437639678f,0.5374875535987639f,0f,0f,0f,1f], start_interpolation: 0, interpolation_duration: 1 }
$data merge entity $(bone_neck_2) { transformation: [-0.6762611831453985f,-0.03778650914779083f,0.7356921855621478f,-0.23241680241154988f,0.28963752380247937f,0.9046143982668766f,0.31270256675285707f,0.27059517564798985f,-0.67733368215109f,0.4245526706719447f,-0.6008112123196149f,0.4890086213067707f,0f,0f,0f,1f], start_interpolation: 0, interpolation_duration: 1 }
$data merge entity $(bone_body_0) { transformation: [-0.9292321080716164f,0.11298414657652617f,0.3517986241461926f,-0.06553911486996523f,0.20542687907848928f,0.94936490896757f,0.23771004811128474f,0.39167091737421017f,-0.30712780186894806f,0.29315670253871323f,-0.9053903363057155f,0.06509423505720752f,0f,0f,0f,1f], start_interpolation: 0, interpolation_duration: 1 }
$data merge entity $(bone_leg_left_3) { transformation: [-0.9886694656563664f,-0.07857608843328868f,0.12790029712740658f,0.35581557284882925f,-0.08014641744754018f,0.9967573150734146f,-0.007169840860355048f,0.05428719601358567f,-0.12692217871230976f,-0.017339353337486346f,-0.9917611140676763f,0.17609658159358776f,0f,0f,0f,1f], start_interpolation: 0, interpolation_duration: 1 }
$data merge entity $(bone_leg_left_2) { transformation: [-0.8892487937164392f,-0.3548949923001134f,0.3678971688051631f,0.28308017453531586f,-0.42868181310630665f,0.9198624399521949f,-0.14881933401873235f,0.2634415635279732f,-0.27844332544782197f,-0.28278054301205385f,-0.945815351169593f,0.08051894588393699f,0f,0f,0f,1f], start_interpolation: 0, interpolation_duration: 1 }
$data merge entity $(bone_leg_left_1) { transformation: [-0.9001829137807267f,-0.4337905006138828f,0.03868492360594644f,0.1811088535343365f,-0.056291445747641264f,0.2039730463933523f,0.9773567769656358f,0.2681404070372214f,-0.4318587672756931f,0.8776222410138499f,-0.208031745666248f,0.3385754440054849f,0f,0f,0f,1f], start_interpolation: 0, interpolation_duration: 1 }
$data merge entity $(bone_leg_left_0) { transformation: [-0.9198727501544762f,0.3139333479880231f,0.23511694227399146f,0.17827052126157125f,-0.08239558649265424f,0.4314057704516333f,-0.8983874601459907f,0.5010780890649069f,-0.383464588782031f,-0.8457747420218125f,-0.3709716901707788f,-0.00789137796442807f,0f,0f,0f,1f], start_interpolation: 0, interpolation_duration: 1 }
$data merge entity $(bone_leg_right_3) { transformation: [-0.98418005880114f,0.06916996837829685f,0.163110782392612f,-0.4887005475410953f,0.06707798079566549f,0.9975798059779283f,-0.018305059339327467f,0.058308471341221746f,-0.16398218302779385f,-0.00707433244804008f,-0.9864379339167034f,-0.16657979667202127f,0f,0f,0f,1f], start_interpolation: 0, interpolation_duration: 1 }
$data merge entity $(bone_leg_right_2) { transformation: [-0.8589668032069004f,0.5386336152777952f,0.1552805814710408f,-0.35701438594433343f,0.5259815481942111f,0.8726862164995314f,-0.11757711508473624f,0.2572807054724845f,-0.19385985001653455f,-0.01883601670206676f,-1.007038113741015f,-0.20179168322672253f,0f,0f,0f,1f], start_interpolation: 0, interpolation_duration: 1 }
$data merge entity $(bone_leg_right_1) { transformation: [-0.9836637020702972f,-0.058690233253686414f,0.1701798394345979f,-0.4015746661753279f,0.15861313273684216f,0.16450556477699974f,0.9735398262427716f,0.25349770468559f,-0.0851328100837892f,0.9846285470562128f,-0.15250911110228543f,0.07209416158922866f,0f,0f,0f,1f], start_interpolation: 0, interpolation_duration: 1 }
$data merge entity $(bone_leg_right_0) { transformation: [-0.9742000654466859f,0.22477459504807654f,-0.020263610355662848f,-0.198395548969744f,0.18958611743817405f,0.7663537916258502f,-0.6138069485883992f,0.5823165873882039f,-0.12243911367856192f,-0.6018124686990592f,-0.7891960567311218f,-0.08571479656656594f,0f,0f,0f,1f], start_interpolation: 0, interpolation_duration: 1 }
$data merge entity $(bone_tail_4) { transformation: [-0.8473759059658964f,0.18616111046075917f,2.6216329732707617f,0.8611320993172269f,2.428406159163173f,1.1089749277268526f,0.7061724062943733f,0.8056499360648024f,-1.0052158632487052f,2.5221379784272786f,-0.5040063666739945f,-1.431055309296954f,0f,0f,0f,1f], start_interpolation: 0, interpolation_duration: 1 }
$data merge entity $(bone_tail_3) { transformation: [-0.8602386874712498f,0.6951850240243432f,1.7642711551783816f,0.55517397727544f,1.7631509508723697f,1.0063446997808618f,0.46315720409518657f,0.7172677168883772f,-0.6980212396912037f,1.6852102698594276f,-1.0043795205721362f,-1.2772407640651096f,0f,0f,0f,1f], start_interpolation: 0, interpolation_duration: 1 }
$data merge entity $(bone_tail_2) { transformation: [-1.0707126442065185f,0.8724357239028666f,1.3824630975896408f,0.2975929724103304f,1.4606157479792345f,1.2527214515404592f,0.34068236908916f,0.6553137422683731f,-0.734132103435154f,1.2199666993452003f,-1.3384712108212973f,-1.0286744450864416f,0f,0f,0f,1f], start_interpolation: 0, interpolation_duration: 1 }
$data merge entity $(bone_tail_1) { transformation: [-1.114598527334742f,0.7533980590282663f,0.6911712794348929f,0.1407159676369202f,0.8566431115978267f,1.246311892834554f,0.022923680575884432f,0.6343275338330419f,-0.5581119531198189f,0.4083555808747968f,-1.345144236635309f,-0.7436729338138512f,0f,0f,0f,1f], start_interpolation: 0, interpolation_duration: 1 }
$data merge entity $(bone_tail_0) { transformation: [-1.1722778615181753f,0.4555284209302942f,0.2282415161690685f,0.08501120403564079f,0.45980913597402295f,1.1925070955185006f,-0.018387555489502334f,0.6684781253934372f,-0.21949006914488167f,0.06524110243404625f,-1.2575386374517457f,-0.37461653201463857f,0f,0f,0f,1f], start_interpolation: 0, interpolation_duration: 1 }
$data merge entity $(bone_body_1) { transformation: [-1.184657345857598f,0.13891107630878616f,0.32541555101226566f,1.8557991432579204e-17f,0.2555042553900113f,1.1224618623613243f,0.45100059653862284f,0.4880210322359397f,-0.24476344383808166f,0.4993873000781381f,-1.104222702237841f,-0.1515375f,0f,0f,0f,1f], start_interpolation: 0, interpolation_duration: 1 }