# This file was generated by Animated Java via MC-Build. It is not recommended to edit this file directly.
$data merge entity $(bone_head_lower) { transformation: [0.2784505694759437f,-0.21981607373410056f,0.9349578461549202f,-0.4732897027786334f,0.15093199785962175f,0.9713772615915375f,0.1834277723929209f,0.1581918819554945f,-0.9485171650426922f,0.09003948795417845f,0.3036578308364921f,0.5423732678247115f,0f,0f,0f,1f], start_interpolation: 0, interpolation_duration: 1 }
$data merge entity $(bone_head_upper) { transformation: [0.28983908174643924f,-0.7694063196045421f,0.6383409470091052f,-0.44647100080365454f,0.15710505368374786f,0.6914225130037359f,0.7620530514354843f,0.22630029134011403f,-0.987311121877453f,-0.11584803169540397f,0.30865502547811063f,0.5607433055838236f,0f,0f,0f,1f], start_interpolation: 0, interpolation_duration: 1 }
$data merge entity $(bone_neck_0) { transformation: [0.05540401392043942f,-0.11255294566069245f,0.9920999091143013f,-0.380510917570146f,0.13066364541220649f,0.985898470820346f,0.10455246052435471f,0.21701564804201148f,-0.9898774707048833f,0.12383876475968593f,0.06932931078337845f,0.5635359876195224f,0f,0f,0f,1f], start_interpolation: 0, interpolation_duration: 1 }
$data merge entity $(bone_neck_1) { transformation: [-0.37493526167306745f,-0.017700046900759256f,0.9268820086148287f,-0.3020733880176729f,0.23221687931711993f,0.9661495953743481f,0.11238451992246001f,0.23098702234345803f,-0.8974958888565265f,0.2573745669208491f,-0.35813330170194857f,0.5343830889237661f,0f,0f,0f,1f], start_interpolation: 0, interpolation_duration: 1 }
$data merge entity $(bone_neck_2) { transformation: [-0.6703979779110655f,-0.04222714850779492f,0.7407991759860801f,-0.23758725438333145f,0.2918663691099338f,0.9028916148201082f,0.315595872073957f,0.2674754609225254f,-0.6821880780219914f,0.4277892002101482f,-0.5929720283354211f,0.4866226155896781f,0f,0f,0f,1f], start_interpolation: 0, interpolation_duration: 1 }
$data merge entity $(bone_body_0) { transformation: [-0.9253455465065205f,0.10800848446048536f,0.3634140707857886f,-0.06528264979966306f,0.2059701700118509f,0.9479815847995335f,0.24270806320815572f,0.39089357052948864f,-0.3182953166885091f,0.2994412833353377f,-0.8994570635714904f,0.06556442701779644f,0f,0f,0f,1f], start_interpolation: 0, interpolation_duration: 1 }
$data merge entity $(bone_leg_left_3) { transformation: [-0.9888849443184501f,-0.07945598796009772f,0.1256714481399043f,0.35604598774172425f,-0.08117989078020219f,0.9966619470422984f,-0.008648043175788767f,0.05245424796129733f,-0.12456481137628819f,-0.018753914128540772f,-0.9920342224296751f,0.174134632961097f,0f,0f,0f,1f], start_interpolation: 0, interpolation_duration: 1 }
$data merge entity $(bone_leg_left_2) { transformation: [-0.8909883719645817f,-0.3546105043634076f,0.3639413561547083f,0.2832519520797713f,-0.4266936979314363f,0.9210496445671952f,-0.14718097665437332f,0.261939068047388f,-0.2759246431006026f,-0.27925103748861624f,-0.9476004690226952f,0.07932845915601072f,0f,0f,0f,1f], start_interpolation: 0, interpolation_duration: 1 }
$data merge entity $(bone_leg_left_1) { transformation: [-0.901961925549133f,-0.43001912350147276f,0.03934765917720304f,0.18230547750650813f,-0.05393261987196132f,0.2025919301230953f,0.9777769594149506f,0.26619344303288295f,-0.4284343092860874f,0.8797954667262299f,-0.2059222653200214f,0.33779527564214695f,0f,0f,0f,1f], start_interpolation: 0, interpolation_duration: 1 }
$data merge entity $(bone_leg_left_0) { transformation: [-0.9215082615114183f,0.31138209492030283f,0.23208557673678723f,0.1785220423591712f,-0.08008995243874395f,0.43238830136684625f,-0.8981235752163804f,0.4997635057882244f,-0.380010688645153f,-0.8462160172226341f,-0.37351081471799424f,-0.008236500308277772f,0f,0f,0f,1f], start_interpolation: 0, interpolation_duration: 1 }
$data merge entity $(bone_leg_right_3) { transformation: [-0.9839591460544306f,0.07008489225516287f,0.16405031780956153f,-0.48714324326917335f,0.06782711039825703f,0.9975097967034933f,-0.019331026242244503f,0.056465085249888525f,-0.1649966120587285f,-0.007893881056736149f,-0.9862625434695383f,-0.16592650576670248f,0f,0f,0f,1f], start_interpolation: 0, interpolation_duration: 1 }
$data merge entity $(bone_leg_right_2) { transformation: [-0.8598978617008429f,0.5369086204216992f,0.15609932818522973f,-0.3558324281041153f,0.524090977591237f,0.8737375192026617f,-0.1182099583188079f,0.25566575181448736f,-0.19484997857447608f,-0.019341157026933023f,-1.0068374272915561f,-0.20124840162356572f,0f,0f,0f,1f], start_interpolation: 0, interpolation_duration: 1 }
$data merge entity $(bone_leg_right_1) { transformation: [-0.9839274105739615f,-0.05958944907127654f,0.16833284967765774f,-0.40054429168142647f,0.15657719301532755f,0.1653093965804019f,0.9737332211800437f,0.2520503230545752f,-0.08585122799739142f,0.9844398920003214f,-0.1533220978519883f,0.07261500153591355f,0f,0f,0f,1f], start_interpolation: 0, interpolation_duration: 1 }
$data merge entity $(bone_leg_right_0) { transformation: [-0.974650977550008f,0.22299600774084458f,-0.01811773971717201f,-0.19818576285178016f,0.18664249279007955f,0.7657567027490402f,-0.6154520713102065f,0.5811109643260597f,-0.12336957423092264f,-0.6032325030422047f,-0.7879660496668099f,-0.08574344863443167f,0f,0f,0f,1f], start_interpolation: 0, interpolation_duration: 1 }
$data merge entity $(bone_tail_4) { transformation: [-0.7105867357741322f,0.01587274004965547f,2.6684219828702465f,0.8963756743243594f,2.4766385328964615f,1.0319986728493982f,0.6533771102583448f,0.8361312055591684f,-0.9934734017145738f,2.56132546291181f,-0.2797924315010595f,-1.3885177524374972f,0f,0f,0f,1f], start_interpolation: 0, interpolation_duration: 1 }
$data merge entity $(bone_tail_3) { transformation: [-0.7851946641217954f,0.6037573132227453f,1.8316364192189334f,0.5798895848526406f,1.7972152195460938f,0.9464543841882285f,0.45846164433593783f,0.7491312535533967f,-0.6995943968550569f,1.753752186434953f,-0.8779900195947988f,-1.2568049324211514f,0f,0f,0f,1f], start_interpolation: 0, interpolation_duration: 1 }
$data merge entity $(bone_tail_2) { transformation: [-1.0277151422313753f,0.8144486750425839f,1.4488784687310734f,0.3099801036544395f,1.490612840473379f,1.2052285401199674f,0.3798307529663102f,0.6799105600005125f,-0.7352882572481391f,1.3049411468738539f,-1.2550910950808798f,-1.0237194298421275f,0f,0f,0f,1f], start_interpolation: 0, interpolation_duration: 1 }
$data merge entity $(bone_tail_1) { transformation: [-1.1000195011190648f,0.7353150841166312f,0.7327517139033632f,0.1443625705929004f,0.8770501564956911f,1.2294591215408068f,0.08288269693362905f,0.6462083516111308f,-0.555334466919395f,0.4851785707661248f,-1.3205535333036267f,-0.7449512987885278f,0f,0f,0f,1f], start_interpolation: 0, interpolation_duration: 1 }
$data merge entity $(bone_tail_0) { transformation: [-1.1703438689912287f,0.453827451315667f,0.24118787144256612f,0.08483353365260063f,0.46752380337133015f,1.1892445648932555f,0.030896192922187954f,0.6658783557490697f,-0.2134301716718509f,0.11650633411194916f,-1.2548743174182613f,-0.3754363518662752f,0f,0f,0f,1f], start_interpolation: 0, interpolation_duration: 1 }
$data merge entity $(bone_body_1) { transformation: [-1.1847886070836882f,0.14093272624206613f,0.32406560794833367f,1.8557991432579204e-17f,0.25584694757484183f,1.1241888198947876f,0.44648228598282735f,0.4863553836591221f,-0.24376810906593258f,0.4949162140744572f,-1.106453634412611f,-0.1515375f,0f,0f,0f,1f], start_interpolation: 0, interpolation_duration: 1 }