# This file was generated by Animated Java via MC-Build. It is not recommended to edit this file directly.
$data merge entity $(bone_head_lower) { transformation: [0.27690394621105635f,-0.19864379247020414f,0.9401408661928268f,-0.47849349917714123f,0.14931646462438394f,0.9754090102416961f,0.1621167978075987f,0.15714112510703687f,-0.9492253673205431f,0.09548772932879457f,0.2997553929169772f,0.5398388475822444f,0f,0f,0f,1f], start_interpolation: 0, interpolation_duration: 1 }
$data merge entity $(bone_head_upper) { transformation: [0.2882292022344443f,-0.7623013434768087f,0.6475280158388943f,-0.450882424272362f,0.15542344581232767f,0.699828261258867f,0.7546892736873372f,0.2249301218897274f,-0.9880482893333836f,-0.1122898439768742f,0.30760934879897756f,0.5582164684727707f,0f,0f,0f,1f], start_interpolation: 0, interpolation_duration: 1 }
$data merge entity $(bone_neck_0) { transformation: [0.055495251653715216f,-0.10115896451047898f,0.9933212677392236f,-0.38502834085909377f,0.13178116347567959f,0.9868932585190515f,0.09314194137253354f,0.2148911446609435f,-0.9897242050171793f,0.1257320968918273f,0.06809873577605585f,0.5608987973666902f,0f,0f,0f,1f], start_interpolation: 0, interpolation_duration: 1 }
$data merge entity $(bone_neck_1) { transformation: [-0.37150802777164615f,-0.01412200983342135f,0.9283223331039098f,-0.30645231334862205f,0.2345818731626017f,0.9660140590471378f,0.10857339686496773f,0.2285390424195129f,-0.8983056996839924f,0.2581034803359641f,-0.35556921035674005f,0.5319664688745612f,0f,0f,0f,1f], start_interpolation: 0, interpolation_duration: 1 }
$data merge entity $(bone_neck_2) { transformation: [-0.6659963443500396f,-0.045859840126654214f,0.7445439841781956f,-0.24167367275197074f,0.2928952318173674f,0.901874119472107f,0.31754599006295464f,0.26518836404490986f,-0.6860475584761119f,0.42955785138904057f,-0.5872127381273304f,0.484727868757827f,0f,0f,0f,1f], start_interpolation: 0, interpolation_duration: 1 }
$data merge entity $(bone_body_0) { transformation: [-0.9219687360237004f,0.1032602330024215f,0.3732438533655254f,-0.06478156153060943f,0.20584990248568966f,0.9470347099708853f,0.2464773331505214f,0.3903738962746114f,-0.32802357756949774f,0.30407660612195514f,-0.8943925034166269f,0.0661007456385278f,0f,0f,0f,1f], start_interpolation: 0, interpolation_duration: 1 }
$data merge entity $(bone_leg_left_3) { transformation: [-0.9891836468648538f,-0.0802829839666697f,0.12276137527966985f,0.3564847824327284f,-0.08202397332886308f,0.9965880197721338f,-0.009186220441730175f,0.050596253179991973f,-0.12160501870603185f,-0.019156234809209416f,-0.992393701155666f,0.1715862115688992f,0f,0f,0f,1f], start_interpolation: 0, interpolation_duration: 1 }
$data merge entity $(bone_leg_left_2) { transformation: [-0.8930582908487541f,-0.3541751110025839f,0.35926185351816026f,0.28364440751222986f,-0.42437299019916436f,0.9223721467822295f,-0.14560009454137318f,0.26044180324607563f,-0.2727941601948558f,-0.2754120786881798f,-0.9496282075512159f,0.07761708384644089f,0f,0f,0f,1f], start_interpolation: 0, interpolation_duration: 1 }
$data merge entity $(bone_leg_left_1) { transformation: [-0.9040406297546622f,-0.42554964098643655f,0.040224902847729116f,0.18390702464579575f,-0.05122963897065887f,0.20129560237479038f,0.9781899634301647f,0.2642682707543839f,-0.4243654838034429f,0.8822627633085771f,-0.2037801576095783f,0.3365595451484219f,0f,0f,0f,1f], start_interpolation: 0, interpolation_duration: 1 }
$data merge entity $(bone_leg_left_0) { transformation: [-0.9233984448568184f,0.308051301366406f,0.22899717850330203f,0.17884744436725208f,-0.07751369662834642f,0.4346473952680247f,-0.897258752323838f,0.4989544809617977f,-0.3759347534759432f,-0.8462777543532535f,-0.3774745337314779f,-0.008699867395739996f,0f,0f,0f,1f], start_interpolation: 0, interpolation_duration: 1 }
$data merge entity $(bone_leg_right_3) { transformation: [-0.9838932227886781f,0.07060521519681613f,0.1642225007041371f,-0.4852482738445661f,0.06828626111596127f,0.9974706423899411f,-0.019730790987730812f,0.054554006988121184f,-0.1652002200159302f,-0.008198850968889448f,-0.9862259711392104f,-0.16518427601232172f,0f,0f,0f,1f], start_interpolation: 0, interpolation_duration: 1 }
$data merge entity $(bone_leg_right_2) { transformation: [-0.8616129858241923f,0.5341080781938228f,0.15624923349545122f,-0.35458296745477025f,0.5212898703027309f,0.8754446494278546f,-0.11796497958545793f,0.25416451964674674f,-0.19478740534125077f,-0.019683142455837754f,-1.0068429073714436f,-0.20058615460989215f,0f,0f,0f,1f], start_interpolation: 0, interpolation_duration: 1 }
$data merge entity $(bone_leg_right_1) { transformation: [-0.984442323458763f,-0.05989548596781351f,0.1651842684513019f,-0.3992212375640725f,0.15340902055897596f,0.16536705557760878f,0.9742275962734415f,0.2504754390989088f,-0.08566787142358573f,0.9844116352879376f,-0.15360582057812944f,0.07328827133405426f,0f,0f,0f,1f], start_interpolation: 0, interpolation_duration: 1 }
$data merge entity $(bone_leg_right_0) { transformation: [-0.9753258268482596f,0.2201656121661297f,-0.016328952883521014f,-0.19804116392915727f,0.18313429728397013f,0.7655337535374498f,-0.6167818912331728f,0.5799647165422726f,-0.12329379806407675f,-0.6045536993637345f,-0.7869647158193043f,-0.08567924920568763f,0f,0f,0f,1f], start_interpolation: 0, interpolation_duration: 1 }
$data merge entity $(bone_tail_4) { transformation: [-0.5666145132294219f,-0.13554424789002595f,2.6993030733620325f,0.9262019692715446f,2.422868854587373f,1.1966512435196535f,0.5686771021004229f,0.7735306796871835f,-1.1976292575201455f,2.4850180864224702f,-0.1266120187223629f,-1.3617066608598325f,0f,0f,0f,1f], start_interpolation: 0, interpolation_duration: 1 }
$data merge entity $(bone_tail_3) { transformation: [-0.704927634828695f,0.5218674031602679f,1.8885647908446312f,0.6008642887691849f,1.7607157396294757f,1.0492578542304627f,0.3672649800908827f,0.7009882991825582f,-0.8595944624765184f,1.7212373151018103f,-0.796482888218738f,-1.2434962547576949f,0f,0f,0f,1f], start_interpolation: 0, interpolation_duration: 1 }
$data merge entity $(bone_tail_2) { transformation: [-0.983507325141557f,0.7629963280239447f,1.5064275023437586f,0.32027701393185004f,1.4490190983219984f,1.2764878038720533f,0.29949359637024187f,0.646688307636783f,-0.8670818122263779f,1.2677497249026153f,-1.2082026489452593f,-1.0192335157959418f,0f,0f,0f,1f], start_interpolation: 0, interpolation_duration: 1 }
$data merge entity $(bone_tail_1) { transformation: [-1.0868301683698849f,0.7172054224843231f,0.769462680758575f,0.1469684615754644f,0.844317651582051f,1.2546917261146993f,0.023078683807513257f,0.6255780848285467f,-0.6273628442520799f,0.4461180386157914f,-1.3019411688987876f,-0.7439242693621384f,0f,0f,0f,1f], start_interpolation: 0, interpolation_duration: 1 }
$data merge entity $(bone_tail_0) { transformation: [-1.1689589595255148f,0.45167571710457577f,0.25171355566818654f,0.08431164988528433f,0.4546750977930323f,1.1942035843606245f,-0.03136990805153139f,0.6635633608433038f,-0.24625438671412642f,0.06084868332455763f,-1.2527936507445052f,-0.37636045986005306f,0f,0f,0f,1f], start_interpolation: 0, interpolation_duration: 1 }
$data merge entity $(bone_body_1) { transformation: [-1.185357253214225f,0.1419904961543988f,0.3215143485297444f,1.8557991432579204e-17f,0.25478634327516736f,1.1262081188410096f,0.44197713446886966f,0.48495175925925926f,-0.24210885276905283f,0.4899985378699332f,-1.109003756239099f,-0.1515375f,0f,0f,0f,1f], start_interpolation: 0, interpolation_duration: 1 }