# This file was generated by Animated Java via MC-Build. It is not recommended to edit this file directly.
$data merge entity $(bone_head_lower) { transformation: [0.2714845367073322f,-0.17978429201738433f,0.9455018533417122f,-0.4824123092778995f,0.14645107229763546f,0.9786747365824522f,0.14404111704003192f,0.15716353459920046f,-0.9512351075058564f,0.09936482435487576f,0.29202465979647474f,0.5388440106281183f,0f,0f,0f,1f], start_interpolation: 0, interpolation_duration: 1 }
$data merge entity $(bone_head_upper) { transformation: [0.28258814114010516f,-0.7550434617292846f,0.6584263481744523f,-0.4538887093843761f,0.15244086013332864f,0.708561927886305f,0.747110246948441f,0.22462523954127006f,-0.9901402270548846f,-0.10640163454293329f,0.3029405313222402f,0.557031344331006f,0f,0f,0f,1f], start_interpolation: 0, interpolation_duration: 1 }
$data merge entity $(bone_neck_0) { transformation: [0.05159160661551365f,-0.08929727854562491f,0.9946679356303666f,-0.3881388239388321f,0.13153923691306854f,0.9879245244893652f,0.0818691826317386f,0.21384068338808238f,-0.9899675425382177f,0.1266140985704453f,0.06271470931157896f,0.5593512940661222f,0f,0f,0f,1f], start_interpolation: 0, interpolation_duration: 1 }
$data merge entity $(bone_neck_1) { transformation: [-0.37074607622905975f,-0.010051698444438609f,0.9286798750479834f,-0.30951375651717916f,0.23513366729345242f,0.9663475571282589f,0.10432908193489568f,0.2271305683494137f,-0.8984762130773905f,0.25704350252560015f,-0.3559060723610704f,0.5303855457556375f,0f,0f,0f,1f], start_interpolation: 0, interpolation_duration: 1 }
$data merge entity $(bone_neck_2) { transformation: [-0.6631168077614588f,-0.04838143514615073f,0.746950691811348f,-0.24454895827279427f,0.2926492124124954f,0.9017199606687754f,0.31820991657371117f,0.2638365456055679f,-0.6889358008832164f,0.429604875745959f,-0.5837868729225593f,0.48344753752267466f,0f,0f,0f,1f], start_interpolation: 0, interpolation_duration: 1 }
$data merge entity $(bone_body_0) { transformation: [-0.9192448244463062f,0.09901492886927132f,0.38103149028616123f,-0.06402700480287415f,0.2050706583527187f,0.946609389475906f,0.24875025394727723f,0.39008924517396215f,-0.3360579976900749f,0.30680076208683954f,-0.8904708386979734f,0.06669463126979466f,0f,0f,0f,1f], start_interpolation: 0, interpolation_duration: 1 }
$data merge entity $(bone_leg_left_3) { transformation: [-0.9895523573393837f,-0.08107132320010169f,0.11922068880296482f,0.357146841480122f,-0.08268306362832521f,0.9965385517830905f,-0.008627038837051904f,0.04881015043242573f,-0.1181086071084704f,-0.018394438416171527f,-0.992830298471119f,0.1685162111313834f,0f,0f,0f,1f], start_interpolation: 0, interpolation_duration: 1 }
$data merge entity $(bone_leg_left_2) { transformation: [-0.8953372363912977f,-0.3536953579970039f,0.35402404771887924f,0.2842528891220022f,-0.4218786384793669f,0.9237601435443822f,-0.14404100490608093f,0.2590312930646809f,-0.26916880767779133f,-0.27134662413770516f,-0.9518305322078515f,0.07543229755864594f,0f,0f,0f,1f], start_interpolation: 0, interpolation_duration: 1 }
$data merge entity $(bone_leg_left_1) { transformation: [-0.9063360846099113f,-0.4205456411702073f,0.04118574300307007f,0.18586969269005618f,-0.04834821422503094f,0.20003512077146623f,0.9785951157854795f,0.26243645397511195f,-0.41978250548971924f,0.8849448085336645f,-0.20163167889518163f,0.33489816660267424f,0f,0f,0f,1f], start_interpolation: 0, interpolation_duration: 1 }
$data merge entity $(bone_leg_left_0) { transformation: [-0.9254659080475657f,0.304040386007169f,0.22599180675039188f,0.1792395571563186f,-0.07482723755358851f,0.43808740257613726f,-0.8958126546461553f,0.49866797117080874f,-0.3713673889314914f,-0.8459544144814806f,-0.38268445363968107f,-0.009279098989747603f,0f,0f,0f,1f], start_interpolation: 0, interpolation_duration: 1 }
$data merge entity $(bone_leg_right_3) { transformation: [-0.9840094384580105f,0.07067066877788632f,0.16349642687238475f,-0.48308388084877724f,0.06841641456539828f,0.9974685048994231f,-0.019384941365026415f,0.0526428834992117f,-0.16445248323928194f,-0.007889125946278996f,-0.9863534571583544f,-0.1643756206080353f,0f,0f,0f,1f], start_interpolation: 0, interpolation_duration: 1 }
$data merge entity $(bone_leg_right_2) { transformation: [-0.8641086255299609f,0.5302442028209312f,0.1556263736010424f,-0.353334615677672f,0.5176470422029543f,0.8777908861783819f,-0.1165628557534462f,0.2528492838489226f,-0.1934425560313681f,-0.019658204843296206f,-1.0071026422361746f,-0.19978179962505344f,0f,0f,0f,1f], start_interpolation: 0, interpolation_duration: 1 }
$data merge entity $(bone_leg_right_1) { transformation: [-0.985201316328045f,-0.05950668352267944f,0.16073991701384957f,-0.39764666439614543f,0.14915387187528922f,0.16440271470191647f,0.975051213989937f,0.24876979648019137f,-0.0844481427273413f,0.9845967204976723f,-0.15309411868236728f,0.07414006109611206f,0f,0f,0f,1f], start_interpolation: 0, interpolation_duration: 1 }
$data merge entity $(bone_leg_right_0) { transformation: [-0.9762081946312803f,0.21630812171091382f,-0.015111492865794718f,-0.1979776778715052f,0.17921651366001898f,0.7656531529045951f,-0.6177836924675181f,0.5788430496167989f,-0.12206146798349067f,-0.6057937321639679f,-0.7862028695601193f,-0.08551964561943072f,0f,0f,0f,1f], start_interpolation: 0, interpolation_duration: 1 }
$data merge entity $(bone_tail_4) { transformation: [-0.4222255499208245f,-0.2669798847867138f,2.7158992355596205f,0.9507973685311686f,2.4613008045190057f,1.1497699841711597f,0.49566991513823727f,0.7965425616391777f,-1.1787218782512505f,2.496479933069425f,0.06216115437732378f,-1.326144721319322f,0f,0f,0f,1f], start_interpolation: 0, interpolation_duration: 1 }
$data merge entity $(bone_tail_3) { transformation: [-0.6228105211333216f,0.4499670305224421f,1.9353506793997053f,0.6182301318542074f,1.7916232526546478f,1.0041504630681368f,0.3430940018590685f,0.7285400970599647f,-0.8591499876955513f,1.7678113714441666f,-0.6874952942965304f,-1.2268703473098697f,0f,0f,0f,1f], start_interpolation: 0, interpolation_duration: 1 }
$data merge entity $(bone_tail_2) { transformation: [-0.9397521123680547f,0.7181565378092051f,1.5555998937723197f,0.3285235016650492f,1.477687069350403f,1.2377398670709325f,0.3212706359763106f,0.670203779619702f,-0.8672259033130714f,1.3307986638360825f,-1.1382741427080305f,-1.01559226879463f,0f,0f,0f,1f], start_interpolation: 0, interpolation_duration: 1 }
$data merge entity $(bone_tail_1) { transformation: [-1.0760181232226698f,0.6984928500019525f,0.8012171908992678f,0.14860014535554633f,0.8622618023989164f,1.240270566991127f,0.07674473779537176f,0.6377043611816929f,-0.6215672390177396f,0.5113637737967545f,-1.2805535944380486f,-0.7456884884314363f,0f,0f,0f,1f], start_interpolation: 0, interpolation_duration: 1 }
$data merge entity $(bone_tail_0) { transformation: [-1.1685549358610758f,0.44799375822597637f,0.26003205773386895f,0.08342362179522311f,0.4607854403831878f,1.192153221134254f,0.016828305147029366f,0.6615555201520774f,-0.23662598418097808f,0.10912381277161838f,-1.2513735867759859f,-0.37737468975815636f,0f,0f,0f,1f], start_interpolation: 0, interpolation_duration: 1 }
$data merge entity $(bone_body_1) { transformation: [-1.1863908214121148f,0.14189255597255102f,0.3177230185002561f,1.8557991432579204e-17f,0.2521596797328282f,1.1285096307499052f,0.43759125251540426f,0.4838085515260631f,-0.23978513265499826f,0.4847031162686487f,-1.111832080079243f,-0.1515375f,0f,0f,0f,1f], start_interpolation: 0, interpolation_duration: 1 }