# This file was generated by Animated Java via MC-Build. It is not recommended to edit this file directly.
$data merge entity $(bone_head_lower) { transformation: [-0.9338812856658416f,-0.02460399919522452f,0.35673573903761857f,-0.09776646381556862f,0.041657697697276085f,0.9833513035470679f,0.17687523861424037f,0.3523350377247749f,-0.3551483922329889f,0.1800412648141631f,-0.9173084336570988f,0.7932342756850073f,0f,0f,0f,1f], start_interpolation: 0, interpolation_duration: 1 }
$data merge entity $(bone_head_upper) { transformation: [-0.9720766411323722f,-0.27133955074731536f,0.25478185678842424f,-0.08659709211606532f,0.04336148017572064f,0.6251037077697653f,0.8311660960078733f,0.423683437822693f,-0.3696738134968214f,0.7868240879105344f,-0.5724692733081668f,0.7713229217537093f,0f,0f,0f,1f], start_interpolation: 0, interpolation_duration: 1 }
$data merge entity $(bone_neck_0) { transformation: [-0.9506425475335166f,-0.026827154385457012f,0.30912626968047285f,-0.06586577651700806f,0.032395414913319376f,0.982229687311032f,0.18486583907652065f,0.4196833123266635f,-0.3085924236133796f,0.1857556059785304f,-0.9328802554111486f,0.7080856874384328f,0f,0f,0f,1f], start_interpolation: 0, interpolation_duration: 1 }
$data merge entity $(bone_neck_1) { transformation: [-0.9752816139885162f,-0.014072488497258303f,0.22051698003430348f,-0.04724992421818543f,0.03897817495891168f,0.9713639468763005f,0.23437744043693304f,0.4440131100183432f,-0.217500517913929f,0.2371793578210174f,-0.9468048779610204f,0.6289715431151729f,0f,0f,0f,1f], start_interpolation: 0, interpolation_duration: 1 }
$data merge entity $(bone_neck_2) { transformation: [-0.9887634025883921f,0.0026800933539614f,0.14946488149876275f,-0.034129439823288935f,0.05108899184249691f,0.9456953495978354f,0.3210143620798687f,0.4813953242764117f,-0.14048789490323507f,0.32504326304146325f,-0.9352058749478726f,0.5502228711228925f,0f,0f,0f,1f], start_interpolation: 0, interpolation_duration: 1 }
$data merge entity $(bone_body_0) { transformation: [-0.9983652112809296f,0.03496668568907769f,0.04521322589581557f,-0.012487514618642594f,0.0399015551362208f,0.9927588183614094f,0.11330399138322211f,0.5442523392187719f,-0.040923963660622245f,0.11492284132225153f,-0.9925310925813482f,0.08354147289804631f,0f,0f,0f,1f], start_interpolation: 0, interpolation_duration: 1 }
$data merge entity $(bone_leg_left_3) { transformation: [-0.9933511034110588f,-0.004956348730432724f,-0.11501747675590063f,0.245320157180556f,-0.006858618586870131f,0.9998460708598476f,0.016149115678745163f,0.01843743887139712f,0.11491973156560914f,0.016830602882487278f,-0.9932321914353668f,-0.072452335606738f,0f,0f,0f,1f], start_interpolation: 0, interpolation_duration: 1 }
$data merge entity $(bone_leg_left_2) { transformation: [-1.0180125648223413f,-0.11137003295510614f,-0.057526803527669576f,0.2160028057143029f,-0.09012676166074524f,0.9774771012777784f,-0.2974523202310485f,0.23695350222245465f,0.08711936751997121f,-0.29016793712928635f,-0.9799362140291326f,-0.17023932362956484f,0f,0f,0f,1f], start_interpolation: 0, interpolation_duration: 1 }
$data merge entity $(bone_leg_left_1) { transformation: [-0.9602345247721882f,-0.0063074282594895795f,0.2791234024303249f,0.21860928671860352f,0.2570131169084641f,0.3705513965632182f,0.8925446320728422f,0.285164939838335f,-0.10905922781922597f,0.9287905462771465f,-0.3541951523859045f,0.10304120842412894f,0f,0f,0f,1f], start_interpolation: 0, interpolation_duration: 1 }
$data merge entity $(bone_leg_left_0) { transformation: [-0.9746997521176505f,0.21863444585924918f,-0.046469046747373524f,0.19490132375438862f,0.20912111602130387f,0.8185859104447568f,-0.5349630511122548f,0.6744333966667175f,-0.07892244329590226f,-0.5311460122274737f,-0.8435965633162914f,-0.04600670191006585f,0f,0f,0f,1f], start_interpolation: 0, interpolation_duration: 1 }
$data merge entity $(bone_leg_right_3) { transformation: [-0.9873368100698569f,0.0114673755065125f,0.15822301596187627f,-0.2554116870412691f,0.01230945382957347f,0.9999148037860953f,0.004343099795434957f,0.02571064591520189f,-0.15815973200374714f,0.006235741207598344f,-0.987393849841134f,-0.1312476498102458f,0f,0f,0f,1f], start_interpolation: 0, interpolation_duration: 1 }
$data merge entity $(bone_leg_right_2) { transformation: [-1.0023725987264227f,0.15824109904886902f,0.1492351412869586f,-0.2123588232154778f,0.11137110321427073f,0.9778719574186038f,-0.2888340557549265f,0.2445521346238712f,-0.18683642629843036f,-0.26606087455093747f,-0.9728134252475739f,-0.22304049159100175f,0f,0f,0f,1f], start_interpolation: 0, interpolation_duration: 1 }
$data merge entity $(bone_leg_right_1) { transformation: [-0.9710219502786008f,-0.07924789909028943f,-0.2254687174907367f,-0.2412684946619621f,-0.23878141580461146f,0.3611415046286023f,0.9014212384345817f,0.290099512468383f,0.009990372539978466f,0.9291375485493873f,-0.3695992536953341f,0.049178267733390305f,0f,0f,0f,1f], start_interpolation: 0, interpolation_duration: 1 }
$data merge entity $(bone_leg_right_0) { transformation: [-0.9820162045220929f,-0.1581146313433687f,0.10316945968247318f,-0.19756352853922943f,-0.1880496815979145f,0.867733196932654f,-0.4600830535805018f,0.6901189972524294f,-0.016777702671874603f,-0.4712099980859772f,-0.881861466669719f,-0.06209421895478391f,0f,0f,0f,1f], start_interpolation: 0, interpolation_duration: 1 }
$data merge entity $(bone_tail_4) { transformation: [-2.3302554317651305f,0.6070401829542476f,-1.351692705687199f,-0.1375352242146844f,0.16765800915269033f,2.610926900728974f,0.8835229723197644f,0.9279593459744564f,1.472230194737244f,0.6634939840938033f,-2.240083774856483f,-1.775904964234169f,0f,0f,0f,1f], start_interpolation: 0, interpolation_duration: 1 }
$data merge entity $(bone_tail_3) { transformation: [-1.8866199010367828f,0.3398869446199315f,-0.8130730225098678f,-0.0029941465872294695f,0.2084993418438169f,2.038797578150052f,0.3684806451153468f,0.8455274105550504f,0.8562353061554395f,0.2524417284262936f,-1.8812442160140959f,-1.4593858054323365f,0f,0f,0f,1f], start_interpolation: 0, interpolation_duration: 1 }
$data merge entity $(bone_tail_2) { transformation: [-1.9142929669836313f,0.2527715908201058f,-0.30060411579693375f,0.051532135350002214f,0.24724759896191204f,1.9376877960923298f,0.054849837604098214f,0.8359748499528362f,0.30516378613353334f,0.015697221152148604f,-1.930130186252607f,-1.1003494324376453f,0f,0f,0f,1f], start_interpolation: 0, interpolation_duration: 1 }
$data merge entity $(bone_tail_1) { transformation: [-1.503692151878597f,0.12829109126143204f,0.10053635303543343f,0.029766193034206526f,0.14117425597112407f,1.4914130053425443f,0.20835864979913915f,0.7727725359870103f,-0.08146159726959645f,0.21652919756483577f,-1.4947024335205368f,-0.7812751648081501f,0f,0f,0f,1f], start_interpolation: 0, interpolation_duration: 1 }
$data merge entity $(bone_tail_0) { transformation: [-1.274900263560652f,0.07649444471829568f,0.05112371743377027f,0.016672601788261337f,0.08069639900513852f,1.270839635407506f,0.11086220658524079f,0.7710436467498982f,-0.044194182248479943f,0.11380218622058509f,-1.272372450680551f,-0.40671211255783646f,0f,0f,0f,1f], start_interpolation: 0, interpolation_duration: 1 }
$data merge entity $(bone_body_1) { transformation: [-1.2343463003583748f,0.03432850871428828f,0.06176859507303039f,1.8557991432579204e-17f,0.04933298596988147f,1.1923632515145381f,0.32317290726362513f,0.6155963461538462f,-0.05059705864117438f,0.32510925084251485f,-1.1917837504051356f,-0.1515375f,0f,0f,0f,1f], start_interpolation: 0, interpolation_duration: 1 }