# This file was generated by Animated Java via MC-Build. It is not recommended to edit this file directly.
$data merge entity $(bone_head_lower) { transformation: [0.21248434036466948f,-0.16761052132281162f,0.9626822519615116f,-0.48283536135223554f,0.11630268307427852f,0.9825144088807707f,0.14539299244253295f,0.17182884675000687f,-0.9702185789859498f,0.08106879475831535f,0.2282624794111352f,0.5534368816914081f,0f,0f,0f,1f], start_interpolation: 0, interpolation_duration: 1 }
$data merge entity $(bone_head_upper) { transformation: [0.22117486135044268f,-0.7188498610964541f,0.7195891192143812f,-0.44930170786139506f,0.12105941435256524f,0.7497753630021368f,0.711795943944004f,0.23777177177253314f,-1.0099001146087339f,-0.06755534634749957f,0.24291969100227961f,0.5683526858878499f,0f,0f,0f,1f], start_interpolation: 0, interpolation_duration: 1 }
$data merge entity $(bone_neck_0) { transformation: [-0.004225359896951109f,-0.03578814101620718f,0.9993504667014199f,-0.38409955895148196f,0.11113383816362575f,0.9931518883526281f,0.03603604690626188f,0.22394530270386953f,-0.993796466258943f,0.11121391830258177f,-0.00021915068875427712f,0.5668544252564197f,0f,0f,0f,1f], start_interpolation: 0, interpolation_duration: 1 }
$data merge entity $(bone_neck_1) { transformation: [-0.39465682170745275f,0.014013973163812962f,0.9187217215435457f,-0.30620721029152936f,0.21440497615237747f,0.9736852441643618f,0.07724992878757736f,0.23497503178670237f,-0.8934632053312943f,0.2274657201706473f,-0.38727618938733943f,0.5350949551549375f,0f,0f,0f,1f], start_interpolation: 0, interpolation_duration: 1 }
$data merge entity $(bone_neck_2) { transformation: [-0.667617930998204f,-0.04163293253146631f,0.7433390862442981f,-0.24149274372344787f,0.2774611426558251f,0.9125948288741514f,0.30030982772510484f,0.27021929876557554f,-0.6908701850027988f,0.4067399380943413f,-0.5977131504603275f,0.48671303853238934f,0f,0f,0f,1f], start_interpolation: 0, interpolation_duration: 1 }
$data merge entity $(bone_body_0) { transformation: [-0.9175264071259269f,0.09231434434511544f,0.38681178117363424f,-0.05831039227767581f,0.19560281316806122f,0.9516498288837381f,0.23685890877544058f,0.39091566843293646f,-0.34624389049819865f,0.2929857761286089f,-0.891220793787369f,0.06947507624822427f,0f,0f,0f,1f], start_interpolation: 0, interpolation_duration: 1 }
$data merge entity $(bone_leg_left_3) { transformation: [-0.9914698745943671f,-0.08397918751187425f,0.09967438907099052f,0.36239547254469795f,-0.08366377493832161f,0.9964669511863768f,0.0073476497192837276f,0.04443400994375343f,-0.09993928424248189f,-0.0010541623086087193f,-0.9949929789736847f,0.15241687191548536f,0f,0f,0f,1f], start_interpolation: 0, interpolation_duration: 1 }
$data merge entity $(bone_leg_left_2) { transformation: [-0.9042101389075772f,-0.35365559681527375f,0.3307475518256587f,0.2887776752504067f,-0.4135133287551775f,0.9285024902023163f,-0.13766645245158626f,0.2559705666795632f,-0.2519383875856294f,-0.2547018728435755f,-0.9611015577614171f,0.06295304038614702f,0f,0f,0f,1f], start_interpolation: 0, interpolation_duration: 1 }
$data merge entity $(bone_leg_left_1) { transformation: [-0.9161854026210245f,-0.39842959064943473f,0.04310648813200871f,0.19649700482354623f,-0.038559090041257446f,0.1947046762337884f,0.9801037116692732f,0.25765264559073464f,-0.3988953554496985f,0.8962945667288289f,-0.19374866464840268f,0.32466821788999634f,0f,0f,0f,1f], start_interpolation: 0, interpolation_duration: 1 }
$data merge entity $(bone_leg_left_0) { transformation: [-0.9341070045407112f,0.28296560941682936f,0.21765699610934225f,0.18126598385352427f,-0.06637498469314523f,0.46140187289190826f,-0.8847048508394332f,0.5031167278830535f,-0.3507683929246827f,-0.8408559779053731f,-0.41221688338280565f,-0.012707950309616578f,0f,0f,0f,1f], start_interpolation: 0, interpolation_duration: 1 }
$data merge entity $(bone_leg_right_3) { transformation: [-0.9866887052909896f,0.06547528736934673f,0.14885692995320182f,-0.47322264423825366f,0.06493980143170067f,0.9978533192091301f,-0.008460232463288711f,0.046413866932339065f,-0.14909131779282872f,0.0013191236572304282f,-0.9888225517612219f,-0.16087254364091244f,0f,0f,0f,1f], start_interpolation: 0, interpolation_duration: 1 }
$data merge entity $(bone_leg_right_2) { transformation: [-0.8814278042488845f,0.5046525750843271f,0.14308390495944165f,-0.3497995001978164f,0.4959445625281116f,0.8928897806821458f,-0.09406928272759472f,0.25086861858217563f,-0.17083973863385807f,-0.011654077176753517f,-1.0113061681258388f,-0.1945779454185616f,0f,0f,0f,1f], start_interpolation: 0, interpolation_duration: 1 }
$data merge entity $(bone_leg_right_1) { transformation: [-0.9902523422990677f,-0.04873035863596152f,0.13048237704157956f,-0.38967980608947117f,0.12223675847169696f,0.1450475394893233f,0.9818448890565276f,0.24063455277152934f,-0.06677180130520984f,0.9882239439698388f,-0.1376770246451956f,0.07986368910276422f,0f,0f,0f,1f], start_interpolation: 0, interpolation_duration: 1 }
$data merge entity $(bone_leg_right_0) { transformation: [-0.981319019585695f,0.19132184468142735f,-0.020222105406368734f,-0.19881094381263953f,0.16261627976625379f,0.7687006645218581f,-0.61859133029702f,0.5739003073514035f,-0.10280528855245737f,-0.6103238813215071f,-0.7854526290835727f,-0.08387479996412546f,0f,0f,0f,1f], start_interpolation: 0, interpolation_duration: 1 }
$data merge entity $(bone_tail_4) { transformation: [0.04921548351654526f,-0.5924075009036112f,2.6967188434568725f,1.005363949083597f,2.3958607274204025f,1.3496744498162307f,0.2527678498500816f,0.7267106311106247f,-1.3722574622084633f,2.335185980599059f,0.5380308773916197f,-1.2376083187897144f,0f,0f,0f,1f], start_interpolation: 0, interpolation_duration: 1 }
$data merge entity $(bone_tail_3) { transformation: [-0.32634315409354503f,0.26530538781065466f,2.0393770428783786f,0.6569647445092772f,1.7630453381028939f,1.0992090046268133f,0.13912665447507394f,0.6923632687561947f,-1.0588280349586392f,1.7485131230249351f,-0.3969012182390706f,-1.1874191129179292f,0f,0f,0f,1f], start_interpolation: 0, interpolation_duration: 1 }
$data merge entity $(bone_tail_2) { transformation: [-0.7820587523386459f,0.6110463802293079f,1.6833835879269934f,0.3435945230684885f,1.4451201466138714f,1.3002474724093172f,0.19939445164462544f,0.6566742602063309f,-1.0577266871663966f,1.3246707918213558f,-0.9722321860307639f,-1.007150194487659f,0f,0f,0f,1f], start_interpolation: 0, interpolation_duration: 1 }
$data merge entity $(bone_tail_1) { transformation: [-1.0588905201016492f,0.6237856333949768f,0.8816453935732252f,0.14726077019839462f,0.8068982741814251f,1.27762469526719f,0.06516565941090259f,0.6262628073785851f,-0.7178595207712283f,0.515967897851647f,-1.2272371762722376f,-0.7486837981811396f,0f,0f,0f,1f], start_interpolation: 0, interpolation_duration: 1 }
$data merge entity $(bone_tail_0) { transformation: [-1.1756529307596344f,0.4169110525311196f,0.27903597842877625f,0.07578077826141064f,0.4260472075544379f,1.2051095553000502f,-0.0055184457602601815f,0.6569568657739979f,-0.2648767258846579f,0.08793094214175803f,-1.247374918010906f,-0.3820499251788092f,0f,0f,0f,1f], start_interpolation: 0, interpolation_duration: 1 }
$data merge entity $(bone_body_1) { transformation: [-1.1953848778420555f,0.12600604335018228f,0.2894513187429215f,1.8557991432579204e-17f,0.22262235441535755f,1.1402164084280155f,0.4230253235000596f,0.4818077370541838f,-0.2238277824519273f,0.4611221248725755f,-1.1251098190007514f,-0.1515375f,0f,0f,0f,1f], start_interpolation: 0, interpolation_duration: 1 }