# This file was generated by Animated Java via MC-Build. It is not recommended to edit this file directly.
$data merge entity $(bone_head_lower) { transformation: [0.18871819895936445f,-0.19093682654860433f,0.9632904907913717f,-0.4783839116973892f,0.10239620434331341f,0.9793952974331737f,0.1740685747108523f,0.18031601660694033f,-0.9766782780002922f,0.06578738202218826f,0.20438092290879412f,0.5623354711514897f,0f,0f,0f,1f], start_interpolation: 0, interpolation_duration: 1 }
$data merge entity $(bone_head_upper) { transformation: [0.1964366946642196f,-0.7063649595397637f,0.7388728655914298f,-0.44324822180496215f,0.10658416643586979f,0.7624450372353998f,0.7005635754475018f,0.2457646123922222f,-1.0166240126212218f,-0.0565513192861558f,0.21621634497056f,0.5756554222518072f,0f,0f,0f,1f], start_interpolation: 0, interpolation_duration: 1 }
$data merge entity $(bone_neck_0) { transformation: [-0.028258137580517873f,-0.020762428830808262f,0.9993850104987196f,-0.3782799691190364f,0.09967597362673414f,0.9947427729635063f,0.023484376049546625f,0.2311044080339158f,-0.9946186092880239f,0.10027829867882437f,-0.02604006282706217f,0.5726653042930504f,0f,0f,0f,1f], start_interpolation: 0, interpolation_duration: 1 }
$data merge entity $(bone_neck_1) { transformation: [-0.40739130883018326f,0.022388758363587252f,0.9129792248395179f,-0.300835503711617f,0.20224196522132562f,0.9770898817610987f,0.06628386276838488f,0.241220852135135f,-0.8905787494618576f,0.21164618224531906f,-0.40258587226570053f,0.5395360244784035f,0f,0f,0f,1f], start_interpolation: 0, interpolation_duration: 1 }
$data merge entity $(bone_neck_2) { transformation: [-0.6728892630893694f,-0.03460127738940117f,0.7389335499367093f,-0.23643815086697728f,0.2696401838987035f,0.9187096479551207f,0.2885597927315088f,0.27549559582387134f,-0.6888499189563129f,0.39341496458218206f,-0.6088599632072071f,0.4900471036393405f,0f,0f,0f,1f], start_interpolation: 0, interpolation_duration: 1 }
$data merge entity $(bone_body_0) { transformation: [-0.9199265331543668f,0.09423885812625696f,0.38059717710152163f,-0.05616638561621903f,0.1917003093611124f,0.9548602662290928f,0.22692038993391417f,0.3915385622594277f,-0.3420324034202631f,0.28171068420627043f,-0.8964669126156266f,0.070229255879938f,0f,0f,0f,1f], start_interpolation: 0, interpolation_duration: 1 }
$data merge entity $(bone_leg_left_3) { transformation: [-0.9920011011367694f,-0.08464334199373066f,0.0936446474688733f,0.3644757268921798f,-0.08356512166881819f,0.9963835763856641f,0.015383079970814506f,0.044564883908632336f,-0.09460806405329733f,0.007434605910552866f,-0.9954868361013328f,0.14781534330244875f,0f,0f,0f,1f], start_interpolation: 0, interpolation_duration: 1 }
$data merge entity $(bone_leg_left_2) { transformation: [-0.905813957390955f,-0.3547457920438585f,0.32514411746732724f,0.29042814732363076f,-0.412696486042374f,0.9291068469369606f,-0.13603042631642995f,0.2562941430894029f,-0.2474770383383233f,-0.25095435740932825f,-0.963244115213406f,0.05916575879796793f,0f,0f,0f,1f], start_interpolation: 0, interpolation_duration: 1 }
$data merge entity $(bone_leg_left_1) { transformation: [-0.9184859894656068f,-0.3931758667926564f,0.04238189386080854f,0.19965899687757901f,-0.03746834105299307f,0.19321402248997915f,0.9804409543322725f,0.25753164892730596f,-0.39367449825220086f,0.8989333007988327f,-0.19219602009613201f,0.3214114748094383f,0f,0f,0f,1f], start_interpolation: 0, interpolation_duration: 1 }
$data merge entity $(bone_leg_left_0) { transformation: [-0.9360511818550782f,0.27679685212605476f,0.21723647852241212f,0.1818140936380592f,-0.06572229064419827f,0.46898409030985694f,-0.8807579142697015f,0.5057273433033229f,-0.34567147041691326f,-0.83871176556034f,-0.42080138884094254f,-0.013831325688994478f,0f,0f,0f,1f], start_interpolation: 0, interpolation_duration: 1 }
$data merge entity $(bone_leg_right_3) { transformation: [-0.9879503047472179f,0.0626717400059053f,0.14151483439735868f,-0.4708665211806002f,0.06289372952710057f,0.998015993133469f,-0.0029079607954916042f,0.04558220239355243f,-0.14141631495712065f,0.006027474964561047f,-0.9899318640237319f,-0.15998397437356027f,0f,0f,0f,1f], start_interpolation: 0, interpolation_duration: 1 }
$data merge entity $(bone_leg_right_2) { transformation: [-0.8873512996228261f,0.4959538374914886f,0.13674670612428746f,-0.34965769849012396f,0.4890089102001358f,0.8978021246684349f,-0.08296885069961174f,0.25153582718458023f,-0.15981287902810457f,-0.006582971897637463f,-1.0131528550413498f,-0.19258148660134977f,0f,0f,0f,1f], start_interpolation: 0, interpolation_duration: 1 }
$data merge entity $(bone_leg_right_1) { transformation: [-0.9918332287122906f,-0.04305478193857333f,0.12005470492394313f,-0.3874745672704945f,0.1132838427218842f,0.1350769690658632f,0.9843378400763345f,0.23828254928395148f,-0.05859707672159565f,0.9898992363772192f,-0.12909641520771087f,0.08202299391618029f,0f,0f,0f,1f], start_interpolation: 0, interpolation_duration: 1 }
$data merge entity $(bone_leg_right_0) { transformation: [-0.982810762292791f,0.1829074838974618f,-0.02505709192549864f,-0.19934240506724352f,0.15903026500963968f,0.7698347599246189f,-0.6181131103792963f,0.5723716225939575f,-0.09376769343663582f,-0.6114730531643273f,-0.7856897128774621f,-0.08319824928227826f,0f,0f,0f,1f], start_interpolation: 0, interpolation_duration: 1 }
$data merge entity $(bone_tail_4) { transformation: [0.12844246323173789f,-0.6485109378281804f,2.6811559873972604f,1.0177522053627133f,2.312412496526541f,1.4887093535879994f,0.24930751702965948f,0.665283021990309f,-1.5039655285766549f,2.2335709873780187f,0.6122986728683386f,-1.217655837231461f,0f,0f,0f,1f], start_interpolation: 0, interpolation_duration: 1 }
$data merge entity $(bone_tail_3) { transformation: [-0.2617552561328209f,0.2282196990893406f,2.053130653630902f,0.6673838092362243f,1.7016654966893086f,1.1971823684953353f,0.0838715683976053f,0.6393461340503166f,-1.1712233985488918f,1.688376637944246f,-0.3369949631376017f,-1.1770360357239975f,0f,0f,0f,1f], start_interpolation: 0, interpolation_duration: 1 }
$data merge entity $(bone_tail_2) { transformation: [-0.7389470193303037f,0.5915905706135125f,1.70960573653308f,0.34916619683150807f,1.3804434160077452f,1.3779650303624507f,0.11984250206773517f,0.6184163274070964f,-1.1692335749654577f,1.252999140806635f,-0.938967451679826f,-1.003050466441773f,0f,0f,0f,1f], start_interpolation: 0, interpolation_duration: 1 }
$data merge entity $(bone_tail_1) { transformation: [-1.0536434660916427f,0.6034026154648088f,0.9018852366086373f,0.14872120400602046f,0.746730037952652f,1.3152918265764038f,-0.007609951415015388f,0.6032624153440796f,-0.787328360204064f,0.4399647083477673f,-1.2141669401803212f,-0.7464012100641153f,0f,0f,0f,1f], start_interpolation: 0, interpolation_duration: 1 }
$data merge entity $(bone_tail_0) { transformation: [-1.1760054491695031f,0.40582069926280717f,0.29352420710651655f,0.0727397849315419f,0.39755398896339306f,1.2119896211447019f,-0.08287159151871124f,0.656726889029082f,-0.30462719177210246f,0.015047753034790577f,-1.2412943066596551f,-0.38330303420833467f,0f,0f,0f,1f], start_interpolation: 0, interpolation_duration: 1 }
$data merge entity $(bone_body_1) { transformation: [-1.1987802507279266f,0.11715879155981873f,0.27893426301044993f,1.8557991432579204e-17f,0.20960378770657828f,1.143624319960795f,0.4204690975916246f,0.48194250000000005f,-0.21816681163732388f,0.4549745349035508f,-1.1287187470515196f,-0.1515375f,0f,0f,0f,1f], start_interpolation: 0, interpolation_duration: 1 }