# This file was generated by Animated Java via MC-Build. It is not recommended to edit this file directly.
$data merge entity $(bone_head_lower) { transformation: [0.0828060075625481f,-0.25686481519527016f,0.9628933647223097f,-0.4492753473979261f,0.021179879685640696f,0.9664470088144026f,0.2559913901876314f,0.23065710359954386f,-0.9963405932752377f,-0.0008036593769040618f,0.08546798420199743f,0.6076305576278567f,0f,0f,0f,1f], start_interpolation: 0, interpolation_duration: 1 }
$data merge entity $(bone_head_upper) { transformation: [0.08619273876935318f,-0.6507380422070781f,0.8078259433760742f,-0.40817134913371866f,0.022046127939833533f,0.8115758998556525f,0.6514065317448512f,0.29379391980572095f,-1.037090508398281f,-0.036830717906312996f,0.08098591354184405f,0.6120645465588664f,0f,0f,0f,1f], start_interpolation: 0, interpolation_duration: 1 }
$data merge entity $(bone_neck_0) { transformation: [-0.13597434167562694f,0.03214361459346492f,0.9901907727537894f,-0.344621571584735f,0.030600808091387374f,0.9991329034928956f,-0.028231749892813414f,0.2757407136391223f,-0.990239652281221f,0.026461844204874886f,-0.13684005938044236f,0.603106657584456f,0f,0f,0f,1f], start_interpolation: 0, interpolation_duration: 1 }
$data merge entity $(bone_neck_1) { transformation: [-0.4747021380844143f,0.05927986363675104f,0.8781479248197845f,-0.26995782173919447f,0.13606818049306696f,0.99067696483617f,0.006678442954767411f,0.2808703903543345f,-0.8695650236499808f,0.12265826148369335f,-0.4783425765436379f,0.5631498343832655f,0f,0f,0f,1f], start_interpolation: 0, interpolation_duration: 1 }
$data merge entity $(bone_neck_2) { transformation: [-0.7038283021022669f,0.0063435204259085914f,0.7103418056882519f,-0.20766444496769101f,0.22879023852021219f,0.9487017274875003f,0.21822020763462097f,0.3092765000453669f,-0.6725182138185586f,0.31610882937817264f,-0.6691744616103164f,0.5076200357453704f,0f,0f,0f,1f], start_interpolation: 0, interpolation_duration: 1 }
$data merge entity $(bone_body_0) { transformation: [-0.934175121471713f,0.1128920091200793f,0.3384852089828183f,-0.04706219779174229f,0.17678695109300646f,0.9704485344623407f,0.16424376969350804f,0.39592870813920267f,-0.3099406658483994f,0.21327221159055643f,-0.9265267116585055f,0.07298315542155001f,0f,0f,0f,1f], start_interpolation: 0, interpolation_duration: 1 }
$data merge entity $(bone_leg_left_3) { transformation: [-0.9938419008138235f,-0.08536617029068178f,0.07064625366336857f,0.3718174005341824f,-0.08153037960116075f,0.9951238083176188f,0.055510389311653655f,0.04786263937678811f,-0.07504047833574451f,0.04940873494983486f,-0.9959556734723689f,0.1304164545504487f,0f,0f,0f,1f], start_interpolation: 0, interpolation_duration: 1 }
$data merge entity $(bone_leg_left_2) { transformation: [-0.9114562916428413f,-0.35779185304014655f,0.3054416766315178f,0.29644214150357107f,-0.410092104364674f,0.9306064848249893f,-0.13363471046149034f,0.26001954070371064f,-0.23050833794708586f,-0.24087083634278159f,-0.9700048174298392f,0.04393471305871871f,0f,0f,0f,1f], start_interpolation: 0, interpolation_duration: 1 }
$data merge entity $(bone_leg_left_1) { transformation: [-0.9262862621360459f,-0.37463332487998874f,0.040541737350506396f,0.21096336254687803f,-0.03437861218138999f,0.19115795307727318f,0.9809570571639666f,0.26060957069398466f,-0.37524907941594504f,0.9072532771308528f,-0.18994635961979872f,0.3079544393528898f,0f,0f,0f,1f], start_interpolation: 0, interpolation_duration: 1 }
$data merge entity $(bone_leg_left_0) { transformation: [-0.9425228918859103f,0.2538486908034995f,0.21728193769471488f,0.18335206256748096f,-0.06442635517998066f,0.5000068282993618f,-0.8636216859321193f,0.5197414898616212f,-0.32787168683685336f,-0.8279818922122403f,-0.4549133358557369f,-0.018228857500885903f,0f,0f,0f,1f], start_interpolation: 0, interpolation_duration: 1 }
$data merge entity $(bone_leg_right_3) { transformation: [-0.9929908795600189f,0.04950699491277766f,0.10732274020600932f,-0.4612738262028002f,0.052560382818242414f,0.9982841694551816f,0.025809362122667268f,0.04460348369809769f,-0.10586084861090117f,0.03126938550540098f,-0.9938891820829397f,-0.15767356711877512f,0f,0f,0f,1f], start_interpolation: 0, interpolation_duration: 1 }
$data merge entity $(bone_leg_right_2) { transformation: [-0.9104777416350412f,0.4598315585452831f,0.107923209985922f,-0.34933995156249914f,0.4593412141650089f,0.9165994830442991f,-0.030219797369175582f,0.2566149532713293f,-0.10999150175020299f,0.021506393222354137f,-1.0195594853141212f,-0.18399877449542645f,0f,0f,0f,1f], start_interpolation: 0, interpolation_duration: 1 }
$data merge entity $(bone_leg_right_1) { transformation: [-0.9968723415151601f,-0.01713056081200385f,0.07714971554288638f,-0.37793885693254453f,0.07537927658405427f,0.08712469858680721f,0.993341457686038f,0.2291021307505522f,-0.023738141960707098f,0.9960501145938513f,-0.08556091300254509f,0.09066198511238692f,0f,0f,0f,1f], start_interpolation: 0, interpolation_duration: 1 }
$data merge entity $(bone_leg_right_0) { transformation: [-0.9881888938786423f,0.14599254934284064f,-0.046571295357590414f,-0.20192396153619f,0.1434836035773867f,0.77479446755965f,-0.6157158342477527f,0.5667510909831847f,-0.05380674232243585f,-0.6151257664700259f,-0.7865908249562221f,-0.08056656045430784f,0f,0f,0f,1f], start_interpolation: 0, interpolation_duration: 1 }
$data merge entity $(bone_tail_4) { transformation: [0.6025425625638066f,-0.9697932840832233f,2.5143796010241006f,1.1060293900946614f,2.213653334058957f,1.6475376171387546f,0.10497641793480048f,0.41102074267059713f,-1.536991447116316f,1.9926821417024416f,1.1368977549592847f,-1.0131312769319096f,0f,0f,0f,1f], start_interpolation: 0, interpolation_duration: 1 }
$data merge entity $(bone_tail_3) { transformation: [0.2812655149376747f,0.011028242684011116f,2.0631804608454853f,0.7560823069565353f,1.6199681426176888f,1.2883274245095713f,-0.22773052102161181f,0.4370281281849694f,-1.2777082816727314f,1.6358595144951416f,0.16544099197320536f,-1.0571921250466456f,0f,0f,0f,1f], start_interpolation: 0, interpolation_duration: 1 }
$data merge entity $(bone_tail_2) { transformation: [-0.25097762755402553f,0.6200452380375165f,1.8361176455383048f,0.4147140043831894f,1.2720299441577576f,1.4495164584098315f,-0.31561960168501585f,0.4969866355910238f,-1.4620957310094786f,1.1546513822746651f,-0.5897712554693044f,-0.9483613235381974f,0f,0f,0f,1f], start_interpolation: 0, interpolation_duration: 1 }
$data merge entity $(bone_tail_1) { transformation: [-0.9322248072966581f,0.585144573083234f,1.0374097489670844f,0.1852128342801604f,0.5465593966747372f,1.3806559474752886f,-0.2876077721614296f,0.541477359162984f,-1.0582466558261625f,0.1976138489386647f,-1.0624118938247964f,-0.7211467433805585f,0f,0f,0f,1f], start_interpolation: 0, interpolation_duration: 1 }
$data merge entity $(bone_tail_0) { transformation: [-1.1230426602864214f,0.39784018493621065f,0.46296229545260686f,0.05952508365664624f,0.3030920221843213f,1.204926814064856f,-0.30020378981579f,0.6582809143445204f,-0.5298548158213191f,-0.15398141635101895f,-1.1529871266208993f,-0.3879329529382415f,0f,0f,0f,1f], start_interpolation: 0, interpolation_duration: 1 }
$data merge entity $(bone_body_1) { transformation: [-1.211736623521544f,0.07125980167928063f,0.23499146992494746f,0.00009300526737838501f,0.14785050657813625f,1.156385106983334f,0.4117260097540377f,0.4846696412037037f,-0.19605911857765349f,0.4316249761865304f,-1.1418692118674452f,-0.15153736138927057f,0f,0f,0f,1f], start_interpolation: 0, interpolation_duration: 1 }