# This file was generated by Animated Java via MC-Build. It is not recommended to edit this file directly.
$data merge entity $(bone_head_lower) { transformation: [-0.07958684210017927f,-0.3692023674012325f,0.9259349580126276f,-0.39644865444441113f,-0.10585099830780932f,0.9267597309897395f,0.360433027306136f,0.32041911987244376f,-0.9911919595727972f,-0.06932541324183315f,-0.11283831954211211f,0.6685200629490804f,0f,0f,0f,1f], start_interpolation: 0, interpolation_duration: 1 }
$data merge entity $(bone_head_upper) { transformation: [-0.08284191078089241f,-0.5624810257448769f,0.8719083989036169f,-0.3489976657370061f,-0.11018026003401611f,0.8745063098340451f,0.5536885107556275f,0.37819155202115234f,-1.031731297722675f,-0.04822605437872001f,-0.12913837370066847f,0.6582144214790192f,0f,0f,0f,1f], start_interpolation: 0, interpolation_duration: 1 }
$data merge entity $(bone_neck_0) { transformation: [-0.2958495307048339f,0.092563561389888f,0.9507392083450382f,-0.28892796966782663f,-0.07331405032426813f,0.99015797149298f,-0.11921510606444764f,0.3544344489136847f,-0.9524169807425634f,-0.1049722753479569f,-0.2861515615919168f,0.6417229715611239f,0f,0f,0f,1f], start_interpolation: 0, interpolation_duration: 1 }
$data merge entity $(bone_neck_1) { transformation: [-0.576140307733358f,0.09701049338017737f,0.811573354650734f,-0.2197301394119389f,0.03509417103293183f,0.9949518696825507f,-0.09401689302837031f,0.35105360299710453f,-0.8165970517730412f,-0.02568542756761645f,-0.5766363792254579f,0.5927559723341248f,0f,0f,0f,1f], start_interpolation: 0, interpolation_duration: 1 }
$data merge entity $(bone_neck_2) { transformation: [-0.7527247561094108f,0.058844189255940996f,0.6557002386234422f,-0.1617097593663017f,0.162745079355347f,0.9817165757812728f,0.09872489038694454f,0.36931426268143736f,-0.6379024068661678f,0.1810246564065332f,-0.7485389723235838f,0.5289506888429166f,0f,0f,0f,1f], start_interpolation: 0, interpolation_duration: 1 }
$data merge entity $(bone_body_0) { transformation: [-0.9540877880284417f,0.13625545091439098f,0.2667413444352247f,-0.0346975605247487f,0.1564635954743683f,0.9860989086819535f,0.05592929096183419f,0.4050673525057401f,-0.2554126778886052f,0.09509676331177763f,-0.9621439443146724f,0.0764017714687015f,0f,0f,0f,1f], start_interpolation: 0, interpolation_duration: 1 }
$data merge entity $(bone_leg_left_3) { transformation: [-0.9957160512253649f,-0.08226725082900031f,0.04220953415052772f,0.3788646786641209f,-0.0771798501979572f,0.9908679672144746f,0.11056193862119065f,0.05514581400977317f,-0.05091970203749327f,0.10683057141704971f,-0.9929725136956813f,0.1088406088541279f,0f,0f,0f,1f], start_interpolation: 0, interpolation_duration: 1 }
$data merge entity $(bone_leg_left_2) { transformation: [-0.918870598384284f,-0.35872307209337767f,0.28117037623741875f,0.3025107595332417f,-0.406222969326069f,0.9314993960990382f,-0.13911856008359608f,0.2673473786340973f,-0.20669282067240213f,-0.2359848133158381f,-0.9765507899067359f,0.023332439242332526f,0f,0f,0f,1f], start_interpolation: 0, interpolation_duration: 1 }
$data merge entity $(bone_leg_left_1) { transformation: [-0.9352663708687605f,-0.35156419466422784f,0.04098088032327871f,0.22345469632734197f,-0.031019373875256665f,0.19675239922808363f,0.9799623930755605f,0.26944309673997247f,-0.3525827760489231f,0.9152546697111605f,-0.19492120358121456f,0.28933832732710996f,0f,0f,0f,1f], start_interpolation: 0, interpolation_duration: 1 }
$data merge entity $(bone_leg_left_0) { transformation: [-0.9498626363278209f,0.22552231462344152f,0.21656559679516796f,0.18392642170645862f,-0.06334773847236011f,0.5394653467974846f,-0.8396214644916523f,0.5422393614769991f,-0.30618301085919064f,-0.8112439985673577f,-0.4981316479101138f,-0.02423302342973957f,0f,0f,0f,1f], start_interpolation: 0, interpolation_duration: 1 }
$data merge entity $(bone_leg_right_3) { transformation: [-0.9978863418684744f,0.03323997799711286f,0.05583862977460841f,-0.44841604753854925f,0.03686437115826317f,0.9971920605974305f,0.06518444922339355f,0.04578673426563054f,-0.05351510862793913f,0.06710512755522358f,-0.9963097083760342f,-0.15421040761430996f,0f,0f,0f,1f], start_interpolation: 0, interpolation_duration: 1 }
$data merge entity $(bone_leg_right_2) { transformation: [-0.9369639358306594f,0.4124444451596614f,0.06364245525082564f,-0.3488554237796222f,0.41525375220841065f,0.936974767649571f,0.04128929117293668f,0.2648260005625504f,-0.041534368061284424f,0.0634827846401419f,-1.0228915054025909f,-0.17096015635439749f,0f,0f,0f,1f], start_interpolation: 0, interpolation_duration: 1 }
$data merge entity $(bone_leg_right_1) { transformation: [-0.9994964535344268f,0.02295221437655321f,0.02190970623527516f,-0.3636876296049542f,0.022412060460124835f,0.021863268214720843f,0.9995097283413019f,0.21820166967121812f,0.022461943772412535f,0.9994974704110984f,-0.022366665459586432f,0.10220565977027109f,0f,0f,0f,1f], start_interpolation: 0, interpolation_duration: 1 }
$data merge entity $(bone_leg_right_0) { transformation: [-0.9927313582207572f,0.09418215057277671f,-0.07492778469071014f,-0.2051786072634929f,0.1203504625319385f,0.7792733227528039f,-0.6150193936894615f,0.5602422998345509f,0.0004653746007977355f,-0.619566631573466f,-0.78494392950528f,-0.07721110566227547f,0f,0f,0f,1f], start_interpolation: 0, interpolation_duration: 1 }
$data merge entity $(bone_tail_4) { transformation: [0.6367671985541294f,-0.6505583881689818f,2.607098511761399f,1.1132083442154137f,2.2493628763363307f,1.5947062007446775f,-0.15145994673980534f,0.22353253871622475f,-1.4698828242433049f,2.1585521185483225f,0.8976405550692736f,-0.9361727723388806f,0f,0f,0f,1f], start_interpolation: 0, interpolation_duration: 1 }
$data merge entity $(bone_tail_3) { transformation: [0.5144737102322896f,0.133302584412457f,2.0133287730803495f,0.770517714669644f,1.6112704832852787f,1.223502327130702f,-0.49274233758002267f,0.29511049950814155f,-1.2145244984016959f,1.6796481782025545f,0.19914257778635264f,-0.9863766704461037f,0f,0f,0f,1f], start_interpolation: 0, interpolation_duration: 1 }
$data merge entity $(bone_tail_2) { transformation: [-0.0005681752659548167f,0.7892436786365579f,1.7876990708483007f,0.43837574465322826f,1.1845010297135714f,1.4219988207613925f,-0.6274157627629973f,0.41295996153444414f,-1.5542621602506872f,1.0834148072129246f,-0.4788061901515326f,-0.8982591351715281f,0f,0f,0f,1f], start_interpolation: 0, interpolation_duration: 1 }
$data merge entity $(bone_tail_1) { transformation: [-0.8866290892036409f,0.5997102876729083f,1.0685937857938348f,0.20194250606465758f,0.3586975628338965f,1.3882266724665493f,-0.48147587091096816f,0.49925587059138865f,-1.1717001180314637f,-0.028818860347521427f,-0.9560044752475404f,-0.6910659480987296f,0f,0f,0f,1f], start_interpolation: 0, interpolation_duration: 1 }
$data merge entity $(bone_tail_0) { transformation: [-1.0673399409296684f,0.3939175324318896f,0.5826235016913159f,0.04119230920048099f,0.18533276174597504f,1.1790125698317089f,-0.45762085200137814f,0.6614349931809598f,-0.6784341784608802f,-0.29764753384771864f,-1.0416183214952155f,-0.39386363029991656f,0f,0f,0f,1f], start_interpolation: 0, interpolation_duration: 1 }
$data merge entity $(bone_body_1) { transformation: [-1.2237792764193167f,-0.0002685073832362953f,0.1759795600819834f,0.00029761244012003384f,0.05662127507050981f,1.170021609997934f,0.3955351544470889f,0.49066935185185184f,-0.16662205397921645f,0.39956720973808396f,-1.1580965983397582f,-0.15153608063754767f,0f,0f,0f,1f], start_interpolation: 0, interpolation_duration: 1 }