# This file was generated by Animated Java via MC-Build. It is not recommended to edit this file directly.
$data merge entity $(bone_head_lower) { transformation: [-0.7669466633763252f,-0.39029247158568214f,0.5093766800310567f,-0.09981400467167055f,-0.10797764648021002f,0.8609505240938953f,0.49709659315171495f,0.719363052837088f,-0.6325611775919519f,0.32624527841178974f,-0.7024459943066775f,0.7825114956412788f,0f,0f,0f,1f], start_interpolation: 0, interpolation_duration: 1 }
$data merge entity $(bone_head_upper) { transformation: [-0.7983144623473073f,-0.10041040584280238f,0.660366346953811f,-0.05679259722576113f,-0.1123938872305646f,1.0345916551841505f,0.02143976958900915f,0.744037645932748f,-0.6584326661883054f,-0.054861644208958664f,-0.8043186972055022f,0.7256275836033965f,0f,0f,0f,1f], start_interpolation: 0, interpolation_duration: 1 }
$data merge entity $(bone_neck_0) { transformation: [-0.8533599244904421f,0.030093617331089617f,0.5204528926517723f,-0.02335187124693887f,-0.2552679497115655f,0.8463416869325724f,-0.4674869226087305f,0.7001538359655595f,-0.45454935169211386f,-0.5317895478063269f,-0.7145521420583815f,0.6882021200381995f,0f,0f,0f,1f], start_interpolation: 0, interpolation_duration: 1 }
$data merge entity $(bone_neck_1) { transformation: [-0.8724560834111987f,-0.10505625790761489f,0.4772667652301389f,0.016594906846199367f,-0.3023293301308642f,0.8833291843544918f,-0.35822692278812757f,0.6738767010132166f,-0.3839496824603645f,-0.4568289994539281f,-0.802427508623993f,0.6181214240998373f,0f,0f,0f,1f], start_interpolation: 0, interpolation_duration: 1 }
$data merge entity $(bone_neck_2) { transformation: [-0.919332034922591f,-0.08849478560482625f,0.3834022463234195f,0.04931739988066611f,-0.19309463293745047f,0.9504521138307354f,-0.24362931277955446f,0.6618384662208558f,-0.3428455516640685f,-0.298009147905635f,-0.8908689440477303f,0.537156927270462f,0f,0f,0f,1f], start_interpolation: 0, interpolation_duration: 1 }
$data merge entity $(bone_body_0) { transformation: [-0.9943436024519944f,-0.09708797701812161f,-0.0430665181007123f,0.028095427058174402f,-0.07904432484367083f,0.9472801594715907f,-0.31050329174017766f,0.5245234568302204f,0.07094219458685032f,-0.30534279783549245f,-0.9495962198941165f,0.08670701799230926f,0f,0f,0f,1f], start_interpolation: 0, interpolation_duration: 1 }
$data merge entity $(bone_leg_left_3) { transformation: [-0.9937943887681399f,-0.04114262318437937f,-0.10334407293341685f,0.4053418537672789f,-0.06132711468587825f,0.9777767895892024f,0.20047826501877616f,0.14470450142676758f,0.09279923414158324f,0.20557196865852503f,-0.974232245331982f,-0.01088145090222517f,0f,0f,0f,1f], start_interpolation: 0, interpolation_duration: 1 }
$data merge entity $(bone_leg_left_2) { transformation: [-0.9394425319359563f,-0.3848652989771451f,0.14624852250086695f,0.3186926150422583f,-0.40964301793654545f,0.9102688131428158f,-0.23593534109180017f,0.34895987001190476f,-0.04126168375494539f,-0.2745024389026401f,-0.9874249763860062f,-0.10544743790886424f,0f,0f,0f,1f], start_interpolation: 0, interpolation_duration: 1 }
$data merge entity $(bone_leg_left_1) { transformation: [-0.9744140712039092f,-0.22412802689742484f,0.016847711977895724f,0.27631655990750126f,-0.049840357907379756f,0.28855971042405465f,0.9561638103607826f,0.3776337848338718f,-0.21916467909653506f,0.9308597751965941f,-0.2923472632973669f,0.16730787774926242f,0f,0f,0f,1f], start_interpolation: 0, interpolation_duration: 1 }
$data merge entity $(bone_leg_left_0) { transformation: [-0.9793304618414255f,0.05849270015160671f,0.19362450913671694f,0.1696481882707157f,-0.09268683872537685f,0.7210735519151603f,-0.6866309654068556f,0.7058695281317854f,-0.17978041171539336f,-0.690385064118155f,-0.7007477911531472f,-0.06761856579951284f,0f,0f,0f,1f], start_interpolation: 0, interpolation_duration: 1 }
$data merge entity $(bone_leg_right_3) { transformation: [-0.9888864710347146f,-0.009099789151767674f,-0.14839387198230997f,-0.3877053664763146f,-0.0021005449275145675f,0.9988806338430483f,-0.047255338791698076f,0.05598244564117055f,0.14865777852341372f,-0.0464184572202055f,-0.9877986595019154f,-0.08657110940444922f,0f,0f,0f,1f], start_interpolation: 0, interpolation_duration: 1 }
$data merge entity $(bone_leg_right_2) { transformation: [-1.0076042801799694f,0.0022878359802203916f,-0.19180870645053527f,-0.3915366479966563f,-0.009568074054698684f,1.023751767988624f,0.06247374648398604f,0.2965630586361006f,0.19158357451144872f,0.06316076984481081f,-1.005668260725535f,-0.10322529803407748f,0f,0f,0f,1f], start_interpolation: 0, interpolation_duration: 1 }
$data merge entity $(bone_leg_right_1) { transformation: [-0.890168065627273f,0.237829592123244f,-0.3886359479614445f,-0.3240422400784628f,-0.39300157917554523f,0.030809216547361018f,0.9190215182144899f,0.24836463291333027f,0.2305440819082697f,0.9708181484120648f,0.06604202458165459f,0.1616044629773783f,0f,0f,0f,1f], start_interpolation: 0, interpolation_duration: 1 }
$data merge entity $(bone_leg_right_0) { transformation: [-0.9685452903030205f,-0.0356668906976972f,-0.24626793039248182f,-0.20538026286102323f,0.12701477315289203f,0.7801771842465802f,-0.6125282104376886f,0.589782453705383f,0.21397959723477644f,-0.624540978710794f,-0.7511067153728601f,-0.04734645320368751f,0f,0f,0f,1f], start_interpolation: 0, interpolation_duration: 1 }
$data merge entity $(bone_tail_4) { transformation: [-0.5623802738268117f,2.225585507535066f,-1.5349784714647836f,-0.5964537415434303f,2.6643858519471535f,0.19021225588583565f,-0.7003775133845068f,0.2480811444238741f,-0.45873499011338104f,-1.6236532197365012f,-2.18608640325239f,-1.6324352495225176f,0f,0f,0f,1f], start_interpolation: 0, interpolation_duration: 1 }
$data merge entity $(bone_tail_3) { transformation: [-0.5378778588856732f,1.7544525073173398f,-0.9841388796978345f,-0.44674885068175085f,1.9632128920418326f,0.2356782250326959f,-0.652837223824307f,0.356471916100058f,-0.43866624612084526f,-1.0964933651681545f,-1.7149984695914187f,-1.3309048369563892f,0f,0f,0f,1f], start_interpolation: 0, interpolation_duration: 1 }
$data merge entity $(bone_tail_2) { transformation: [-1.1350513696496478f,1.4139519114348045f,-0.728815652554951f,-0.3117664668195506f,1.5895574331802749f,0.9737469525401561f,-0.5864280979309175f,0.4668947148613172f,-0.061150878003284635f,-0.9334509840218717f,-1.7157225024900749f,-1.0122231061813904f,0f,0f,0f,1f], start_interpolation: 0, interpolation_duration: 1 }
$data merge entity $(bone_tail_1) { transformation: [-1.284488555468735f,0.5386113054907403f,-0.5896128072450628f,-0.19024517154528045f,0.7170554639448313f,1.2694452628831268f,-0.4024878087227653f,0.5373028891620577f,0.35153500892045697f,-0.6213395497963663f,-1.3334228704211368f,-0.718025994051906f,0f,0f,0f,1f], start_interpolation: 0, interpolation_duration: 1 }
$data merge entity $(bone_tail_0) { transformation: [-1.1747539807056537f,0.2520337697597792f,-0.4361969512742188f,-0.05669626039950664f,0.4222898808348097f,1.0961500830931104f,-0.5039463944344847f,0.7110197925447962f,0.2746999416541088f,-0.6072641030224573f,-1.0906905921569086f,-0.4139552175677595f,0f,0f,0f,1f], start_interpolation: 0, interpolation_duration: 1 }
$data merge entity $(bone_body_1) { transformation: [-1.1795068487744962f,-0.34392889577398467f,-0.13813436720090888f,-0.001415903159714594f,-0.36510696435678547f,1.1574774031080275f,0.23568530062080642f,0.5782619444444445f,0.06375808441665211f,0.26563804509564226f,-1.2058092430917648f,-0.15151406668201112f,0f,0f,0f,1f], start_interpolation: 0, interpolation_duration: 1 }