# This file was generated by Animated Java via MC-Build. It is not recommended to edit this file directly.
$data merge entity $(bone_head_lower) { transformation: [-0.80028119886847f,-0.3594197893857782f,0.4799660589411786f,-0.07011221877387437f,-0.05207960779919445f,0.8390822874888014f,0.5415058903410399f,0.6583824638282992f,-0.5973589517108842f,0.40836053900988384f,-0.6902202206473166f,0.8029869602300588f,0f,0f,0f,1f], start_interpolation: 0, interpolation_duration: 1 }
$data merge entity $(bone_head_upper) { transformation: [-0.833012366451691f,-0.13833113400210453f,0.608627009988673f,-0.03151985605872459f,-0.05420964205834492f,1.0272123505589839f,0.1592734885362295f,0.6924113121009131f,-0.6217906839362962f,0.09576652237753058f,-0.82926296260309f,0.7477771466359285f,0f,0f,0f,1f], start_interpolation: 0, interpolation_duration: 1 }
$data merge entity $(bone_neck_0) { transformation: [-0.8675923319630534f,-0.0418490929787065f,0.495512057306147f,0.0014805126701576757f,-0.2408021386846583f,0.9071864427846915f,-0.3450030261208621f,0.6554552418013508f,-0.4350837569064207f,-0.41864234310986426f,-0.7971453525121232f,0.7031681701169754f,0f,0f,0f,1f], start_interpolation: 0, interpolation_duration: 1 }
$data merge entity $(bone_neck_1) { transformation: [-0.8730944405157983f,-0.16921068330100827f,0.45724593229159605f,0.039435712021484826f,-0.30190314573903676f,0.9240434379523947f,-0.23451698311634628f,0.6398455279092099f,-0.38283232430566644f,-0.34279945950063084f,-0.8578624260525671f,0.6289167289259942f,0f,0f,0f,1f], start_interpolation: 0, interpolation_duration: 1 }
$data merge entity $(bone_neck_2) { transformation: [-0.9215470285658598f,-0.15708457680706508f,0.3550711335363373f,0.06900465016796783f,-0.21437655059701088f,0.968327937532803f,-0.12799882791492642f,0.6381124063060601f,-0.3237186566998595f,-0.19407586434900398f,-0.926034983238552f,0.5458889951225306f,0f,0f,0f,1f], start_interpolation: 0, interpolation_duration: 1 }
$data merge entity $(bone_body_0) { transformation: [-0.9830550552058326f,-0.1696852177568407f,-0.06935189477635592f,0.03470289842382061f,-0.1501746272706267f,0.9624486281374405f,-0.22614203395319304f,0.5407010399803418f,0.10512059626155829f,-0.2118951747236646f,-0.9716224035963982f,0.08594843348335043f,0f,0f,0f,1f], start_interpolation: 0, interpolation_duration: 1 }
$data merge entity $(bone_leg_left_3) { transformation: [-0.9906624203851185f,-0.04128150103511211f,-0.12993770241537472f,0.4123577298387123f,-0.06372719975188049f,0.9827443178084566f,0.17364460782580268f,0.15610664849665004f,0.12052722866009338f,0.18030375339265933f,-0.97619861896237f,-0.033959813008795636f,0f,0f,0f,1f], start_interpolation: 0, interpolation_duration: 1 }
$data merge entity $(bone_leg_left_2) { transformation: [-0.9379677087996957f,-0.3970077745094682f,0.12109336781501533f,0.3221029787527042f,-0.4147727758911664f,0.9077540021111639f,-0.23666097171142822f,0.3597454348502074f,-0.015566667250242906f,-0.2653859418486597f,-0.9906513918833992f,-0.1264606057884722f,0f,0f,0f,1f], start_interpolation: 0, interpolation_duration: 1 }
$data merge entity $(bone_leg_left_1) { transformation: [-0.979636750646329f,-0.20074155584563916f,0.003829430737600517f,0.286874750719198f,-0.05543830956297209f,0.28877696335573605f,0.9557899660845164f,0.38860968450899613f,-0.19297261623324172f,0.9361146795087198f,-0.2940252985584505f,0.14728966855115314f,0f,0f,0f,1f], start_interpolation: 0, interpolation_duration: 1 }
$data merge entity $(bone_leg_left_0) { transformation: [-0.9828819878663603f,0.02958479939903895f,0.1818453672007906f,0.16940213760514836f,-0.09965739398015722f,0.7447833546066932f,-0.6598228235866691f,0.7231618109482968f,-0.1549561284782098f,-0.6666502038890557f,-0.7290858000960692f,-0.07312434739962997f,0f,0f,0f,1f], start_interpolation: 0, interpolation_duration: 1 }
$data merge entity $(bone_leg_right_3) { transformation: [-0.9969483613074448f,-0.027959334135165378f,-0.07288511865338779f,-0.3703815058551484f,-0.01998343573976517f,0.9939555606729178f,-0.10794908847887852f,0.04772414816644727f,0.07546275361020778f,-0.10616317177865521f,-0.9914810909823045f,-0.08713081878036177f,0f,0f,0f,1f], start_interpolation: 0, interpolation_duration: 1 }
$data merge entity $(bone_leg_right_2) { transformation: [-1.0107607687411586f,-0.06205852608035725f,-0.16301413194937955f,-0.3883170527105211f,-0.06374710835314243f,1.0237029751992581f,0.0055429455612254494f,0.28661802306122924f,0.16236124553319015f,0.015593505366517834f,-1.0126489362261681f,-0.11504326694906664f,0f,0f,0f,1f], start_interpolation: 0, interpolation_duration: 1 }
$data merge entity $(bone_leg_right_1) { transformation: [-0.871505763518058f,0.20436129144303708f,-0.44577367207422713f,-0.32651289417182316f,-0.43700671731868784f,0.08877924870687798f,0.8950661282929807f,0.2545623577320873f,0.22249232160492882f,0.9748613786373814f,0.011935630191682034f,0.15359415778433705f,0f,0f,0f,1f], start_interpolation: 0, interpolation_duration: 1 }
$data merge entity $(bone_leg_right_0) { transformation: [-0.9663450958461393f,-0.02574533338804451f,-0.25595767920274304f,-0.20342241397551145f,0.13149257433046133f,0.8057434473671162f,-0.5774835061894872f,0.6026448072430611f,0.22110372821384983f,-0.5917048882962636f,-0.7752409087091846f,-0.04132793073293409f,0f,0f,0f,1f], start_interpolation: 0, interpolation_duration: 1 }
$data merge entity $(bone_tail_4) { transformation: [0.008020830252126687f,1.6106875408477979f,-2.243052082239674f,-0.8317611957934884f,2.7108662115858553f,-0.4319472737681789f,-0.3004783971708984f,0.34170361519000725f,-0.5261191697364966f,-2.201083490020747f,-1.5824321220178348f,-1.5264999771218477f,0f,0f,0f,1f], start_interpolation: 0, interpolation_duration: 1 }
$data merge entity $(bone_tail_3) { transformation: [-0.13266713706300223f,1.4509192427493338f,-1.487675471266381f,-0.5937047954703817f,2.022310634514886f,-0.2528410836764181f,-0.4269386489623279f,0.4165708814089314f,-0.47812619078643825f,-1.4720225077998905f,-1.3930149346862781f,-1.2758912259800028f,0f,0f,0f,1f], start_interpolation: 0, interpolation_duration: 1 }
$data merge entity $(bone_tail_2) { transformation: [-0.7564242205223155f,1.421687601161441f,-1.106978156204453f,-0.3881410134561716f,1.8017665613750748f,0.5866328506649457f,-0.47777927103855705f,0.5068609026141956f,-0.015281751228915052f,-1.2055870512855233f,-1.5378882289863691f,-0.9902993361023176f,0f,0f,0f,1f], start_interpolation: 0, interpolation_duration: 1 }
$data merge entity $(bone_tail_1) { transformation: [-1.0521272434748312f,0.7339289438130118f,-0.8012695045810553f,-0.2236831061966038f,1.0134689672659098f,1.0650661239517656f,-0.3552056502919578f,0.5693096226547035f,0.39187391585435083f,-0.7839889712514326f,-1.232660690145142f,-0.7158354384692522f,0f,0f,0f,1f], start_interpolation: 0, interpolation_duration: 1 }
$data merge entity $(bone_tail_0) { transformation: [-1.0685879110677405f,0.49737661016067514f,-0.4945423142350774f,-0.06716376414247896f,0.6693991335331085f,0.9922967430677352f,-0.44842802132150056f,0.7242966009534824f,0.2094287299513457f,-0.6338764847714958f,-1.0900348277503455f,-0.412598495763488f,0f,0f,0f,1f], start_interpolation: 0, interpolation_duration: 1 }
$data merge entity $(bone_body_1) { transformation: [-1.172575335694184f,-0.34992692327464503f,-0.17669981761581527f,-0.002513470179993544f,-0.37903959242327595f,1.1542348483807463f,0.2295114315569544f,0.5931925f,0.10000332271239071f,0.2718412371353293f,-1.2019593471891905f,-0.15147022075142696f,0f,0f,0f,1f], start_interpolation: 0, interpolation_duration: 1 }