# This file was generated by Animated Java via MC-Build. It is not recommended to edit this file directly.
$data merge entity $(bone_head_lower) { transformation: [-0.903295681740844f,-0.23248570443944516f,0.3605652625803534f,0.07945062448830169f,0.06307410563599486f,0.759343913906742f,0.6476252601705784f,0.3990409773241297f,-0.4243566525301137f,0.6077394323590375f,-0.6712482505074789f,0.7982688327320306f,0f,0f,0f,1f], start_interpolation: 0, interpolation_duration: 1 }
$data merge entity $(bone_head_upper) { transformation: [-0.9402400987508438f,-0.21862031108530178f,0.3893913954692332f,0.10109330271685332f,0.0656538102756297f,0.8300966824326652f,0.6245806734074322f,0.4607579058787738f,-0.4417126628033235f,0.5887415391992957f,-0.7360334680732586f,0.7606115399367009f,0f,0f,0f,1f], start_interpolation: 0, interpolation_duration: 1 }
$data merge entity $(bone_neck_0) { transformation: [-0.9073701968609678f,-0.2451493091980576f,0.3414398073573202f,0.1274438677983164f,-0.2092210472000753f,0.9679432178153661f,0.13896935091500678f,0.45409999590867084f,-0.36456258620021975f,0.05466025324630006f,-0.9295732232901599f,0.6997341532564691f,0f,0f,0f,1f], start_interpolation: 0, interpolation_duration: 1 }
$data merge entity $(bone_neck_1) { transformation: [-0.906197278818264f,-0.2960077279872957f,0.30197005949956857f,0.1516610245930893f,-0.25178637822287525f,0.9514475082418467f,0.17706286680664585f,0.47348274441685223f,-0.3397206375888592f,0.0844219404668006f,-0.9367298566630824f,0.6207697611447254f,0f,0f,0f,1f], start_interpolation: 0, interpolation_duration: 1 }
$data merge entity $(bone_neck_2) { transformation: [-0.9390125515764051f,-0.2942902858217518f,0.17790069042283418f,0.16436517349968416f,-0.24837677723326684f,0.9382030968421688f,0.2410060696475921f,0.5037822783585241f,-0.23783272380642997f,0.18212132425038952f,-0.9540793566261137f,0.538968335499342f,0f,0f,0f,1f], start_interpolation: 0, interpolation_duration: 1 }
$data merge entity $(bone_body_0) { transformation: [-0.9176551232512741f,-0.326331979971102f,-0.2267520972754818f,0.05438904034991467f,-0.3447228956383029f,0.9375895271498087f,0.04573842806373854f,0.5342703402188697f,0.19767447987394077f,0.12013874240701167f,-0.9728779381707804f,0.08159908322657605f,0f,0f,0f,1f], start_interpolation: 0, interpolation_duration: 1 }
$data merge entity $(bone_leg_left_3) { transformation: [-0.9743897407367904f,-0.054167983969689436f,-0.21824404381231072f,0.4305844882870279f,-0.07190481593685352f,0.9946506486304484f,0.07416053279282789f,0.13713398165929225f,0.2130594531861412f,0.08795406012054494f,-0.9730723265597139f,-0.11456557539951648f,0f,0f,0f,1f], start_interpolation: 0, interpolation_duration: 1 }
$data merge entity $(bone_leg_left_2) { transformation: [-0.9286447204858401f,-0.4341517869017766f,0.034545745678223286f,0.3290112761423549f,-0.4304864115794377f,0.9026725644893295f,-0.227872530736838f,0.33983551667863027f,0.06605022376895477f,-0.22080911835553016f,-0.9994713105896632f,-0.19682153166672545f,0f,0f,0f,1f], start_interpolation: 0, interpolation_duration: 1 }
$data merge entity $(bone_leg_left_1) { transformation: [-0.9920732313528884f,-0.11965003993653156f,-0.03840015073179898f,0.3183004577977591f,-0.07071806380180469f,0.27899945397591835f,0.9576837996610694f,0.366247386610579f,-0.10387328378925137f,0.9528080460535195f,-0.28524930900970064f,0.07922389422700764f,0f,0f,0f,1f], start_interpolation: 0, interpolation_duration: 1 }
$data merge entity $(bone_leg_left_0) { transformation: [-0.9903586956886742f,-0.056424084552453735f,0.12651472861388713f,0.17069286247810816f,-0.11895480275960892f,0.8144144885262142f,-0.5679602061579732f,0.71841694977177f,-0.07098879330042515f,-0.5775338635621312f,-0.8132743864556089f,-0.08958331874465165f,0f,0f,0f,1f], start_interpolation: 0, interpolation_duration: 1 }
$data merge entity $(bone_leg_right_3) { transformation: [-0.9968059390064603f,-0.033358578280653445f,-0.07256118257403515f,-0.39327045904047997f,-0.027945632161544012f,0.9968386918152977f,-0.07437515810442205f,0.031545585866323445f,0.07481284384743442f,-0.07210983119561182f,-0.9945869547909828f,-0.1141130093957757f,0f,0f,0f,1f], start_interpolation: 0, interpolation_duration: 1 }
$data merge entity $(bone_leg_right_2) { transformation: [-0.9916557989691752f,0.08645078295898681f,-0.24740096603950276f,-0.37922627177295487f,0.06918320785699913f,1.0202940535656682f,0.0792207517626995f,0.2717155950961111f,0.252773929870381f,0.05990413913086595f,-0.9922595597894579f,-0.13120685438670845f,0f,0f,0f,1f], start_interpolation: 0, interpolation_duration: 1 }
$data merge entity $(bone_leg_right_1) { transformation: [-0.9025023103858706f,0.2983827327481924f,-0.3105757951706581f,-0.29966712980432825f,-0.3223568135786472f,0.010227742137724538f,0.9465629815443795f,0.2178720646726287f,0.285614538298713f,0.9543915014754089f,0.086955146046269f,0.12914790900454795f,0f,0f,0f,1f], start_interpolation: 0, interpolation_duration: 1 }
$data merge entity $(bone_leg_right_0) { transformation: [-0.9416445321002437f,-0.0816891953434915f,-0.32654624562203455f,-0.1956677509895745f,0.08282409784211915f,0.8840522251931683f,-0.45999112159654393f,0.5927954284816004f,0.3262602396590064f,-0.46019402266341997f,-0.825697110036427f,-0.022258428513945133f,0f,0f,0f,1f], start_interpolation: 0, interpolation_duration: 1 }
$data merge entity $(bone_tail_4) { transformation: [0.550408396871425f,0.05227870184619257f,-2.7055459459389533f,-1.176246428503832f,2.6134986705449235f,0.7056309540838756f,0.5453173271578646f,0.7956045038955718f,0.7016670345066433f,-2.6692720403832877f,0.09116731165663183f,-1.2276006002523896f,0f,0f,0f,1f], start_interpolation: 0, interpolation_duration: 1 }
$data merge entity $(bone_tail_3) { transformation: [0.20843474066090373f,0.610738812307298f,-1.9797723576390134f,-0.8465267561558045f,2.0156357377572065f,0.4005225340622247f,0.3357674767287322f,0.7347513204049413f,0.4792839008416909f,-1.9500064945774647f,-0.5510963069592529f,-1.115072687446141f,0f,0f,0f,1f], start_interpolation: 0, interpolation_duration: 1 }
$data merge entity $(bone_tail_2) { transformation: [-0.36863192962242974f,1.078000386900534f,-1.5877025985076423f,-0.551392380579873f,1.6529012429079044f,0.9998120914958297f,0.29507141151764493f,0.681358327211678f,0.9750906915047058f,-1.2872702989441693f,-1.1004122844642554f,-0.9100937309642384f,0f,0f,0f,1f], start_interpolation: 0, interpolation_duration: 1 }
$data merge entity $(bone_tail_1) { transformation: [-0.7031866178424908f,0.6083925152481215f,-1.1929138182942234f,-0.3014558015105231f,0.8160553185073899f,1.2629778491086385f,0.16308562106059468f,0.6300458853127636f,1.0617149088258309f,-0.567804323733962f,-0.9154321123524001f,-0.7071764651924237f,0f,0f,0f,1f], start_interpolation: 0, interpolation_duration: 1 }
$data merge entity $(bone_tail_0) { transformation: [-1.0295230490524663f,0.35483670281242935f,-0.6693346863796503f,-0.09729780763992465f,0.525213866340618f,1.1481823398247755f,-0.19915678673364617f,0.7159518123980181f,0.5459564109498859f,-0.43543535161460584f,-1.07059019633612f,-0.404832957686248f,0f,0f,0f,1f], start_interpolation: 0, interpolation_duration: 1 }
$data merge entity $(bone_body_1) { transformation: [-1.1522455200460566f,-0.3382142045392647f,-0.29418702969015365f,-0.006122317329920934f,-0.39509387692609216f,1.1495603261973089f,0.22586827998835193f,0.586009555393586f,0.21174438600716863f,0.30451076062638416f,-1.179424481140458f,-0.15114424761353745f,0f,0f,0f,1f], start_interpolation: 0, interpolation_duration: 1 }