# This file was generated by Animated Java via MC-Build. It is not recommended to edit this file directly.
$data merge entity $(bone_head_lower) { transformation: [-0.9449392665811194f,-0.12872624804547514f,0.3008643141638279f,0.1711098408422157f,0.09774851078400901f,0.7663825149953107f,0.6349039843543043f,0.2979330727389349f,-0.31230595753626655f,0.6293547439827534f,-0.7116021325950047f,0.758584886202742f,0f,0f,0f,1f], start_interpolation: 0, interpolation_duration: 1 }
$data merge entity $(bone_head_upper) { transformation: [-0.9835868888595929f,-0.18928565896186936f,0.28319554014564646f,0.18607690235626925f,0.10174638414652883f,0.662621742745349f,0.7962738485833443f,0.36773667512598496f,-0.3250791410720176f,0.7801123687879808f,-0.6076349123342009f,0.7341124393446525f,0f,0f,0f,1f], start_interpolation: 0, interpolation_duration: 1 }
$data merge entity $(bone_neck_0) { transformation: [-0.9312789736313757f,-0.28093423654533506f,0.23193841425857128f,0.20593548403593417f,-0.18619049306625482f,0.9142618831718847f,0.3598031535030561f,0.3762221998605668f,-0.3131334756359274f,0.2918923837918498f,-0.9037401522121697f,0.6710381271569817f,0f,0f,0f,1f], start_interpolation: 0, interpolation_duration: 1 }
$data merge entity $(bone_neck_1) { transformation: [-0.9402427026734668f,-0.2790037728982939f,0.1951936340606722f,0.22118561125104932f,-0.2042987823888309f,0.9208446858447844f,0.33212508496929477f,0.4085997700613075f,-0.2724071724161014f,0.2724003657485382f,-0.9228176272462112f,0.5941182765828279f,0f,0f,0f,1f], start_interpolation: 0, interpolation_duration: 1 }
$data merge entity $(bone_neck_2) { transformation: [-0.9545365240261603f,-0.2911377347302044f,0.06402221267825942f,0.223944016864167f,-0.24848234619885917f,0.8957486361600115f,0.36863383518742476f,0.44966479776839396f,-0.1646710294118716f,0.33596607006310075f,-0.9273673769541337f,0.5161632569110302f,0f,0f,0f,1f], start_interpolation: 0, interpolation_duration: 1 }
$data merge entity $(bone_body_0) { transformation: [-0.8795121505978444f,-0.34304567106764683f,-0.32981516719596504f,0.06523542654757752f,-0.4026333368583588f,0.9058682634367409f,0.1314879665536236f,0.5202641108698064f,0.253662715039199f,0.24843984555592388f,-0.9348437677703644f,0.07794159490371372f,0f,0f,0f,1f], start_interpolation: 0, interpolation_duration: 1 }
$data merge entity $(bone_leg_left_3) { transformation: [-0.9600152379819028f,-0.067959546867032f,-0.2715736416373622f,0.43481322767271047f,-0.0741176801673142f,0.997171522476372f,0.01247093616254022f,0.1162750115444246f,0.2699579825253671f,0.03210069706068894f,-0.9623368604179368f,-0.1670003642408301f,0f,0f,0f,1f], start_interpolation: 0, interpolation_duration: 1 }
$data merge entity $(bone_leg_left_2) { transformation: [-0.9211694136768678f,-0.4505974250359054f,-0.021704178351680616f,0.3276797835822234f,-0.43613437369208374f,0.9021519566567213f,-0.21902249812600877f,0.31911993715623627f,0.11530793073819225f,-0.1874726837492741f,-1.0018085013900686f,-0.2414814583309729f,0f,0f,0f,1f], start_interpolation: 0, interpolation_duration: 1 }
$data merge entity $(bone_leg_left_1) { transformation: [-0.996033041632406f,-0.06619040388065436f,-0.059472770329064686f,0.33268875255809616f,-0.07526285347972705f,0.27008321775307187f,0.9598909096216276f,0.34308299983010326f,-0.04747296981006091f,0.9605591527450364f,-0.2739934875414932f,0.03494948696432626f,0f,0f,0f,1f], start_interpolation: 0, interpolation_duration: 1 }
$data merge entity $(bone_leg_left_0) { transformation: [-0.9919072677697489f,-0.09846699478751184f,0.08015125128822267f,0.17216795992503658f,-0.1256492460902277f,0.8519325525792869f,-0.5083534132989547f,0.7043526082121381f,-0.018227427204877272f,-0.5143103895443456f,-0.8574103942128496f,-0.09930632764494329f,0f,0f,0f,1f], start_interpolation: 0, interpolation_duration: 1 }
$data merge entity $(bone_leg_right_3) { transformation: [-0.9955929780742934f,-0.008348508698803832f,-0.09340730384539017f,-0.43290028649383266f,-0.0075000898305850605f,0.9999274057078615f,-0.00943037469452776f,0.03590226507658967f,0.09347925257345704f,-0.008688251656808171f,-0.9955833182719847f,-0.13996773130041668f,0f,0f,0f,1f], start_interpolation: 0, interpolation_duration: 1 }
$data merge entity $(bone_leg_right_2) { transformation: [-0.9369255664841747f,0.26423907515686945f,-0.32312597161052325f,-0.3798390556005691f,0.2166599353820874f,0.986533811020922f,0.17852650115167829f,0.2710430110539161f,0.3567788597566174f,0.09482062208967404f,-0.9569639984649316f,-0.147993154861442f,0f,0f,0f,1f], start_interpolation: 0, interpolation_duration: 1 }
$data merge entity $(bone_leg_right_1) { transformation: [-0.9130572568566719f,0.38477907404697265f,-0.1351721490430758f,-0.2863216875694709f,-0.1854835322051771f,-0.0966114380752165f,0.9778865421477736f,0.18923924684426102f,0.36321110250384714f,0.9179386113507769f,0.15958195640280531f,0.10015202783899434f,0f,0f,0f,1f], start_interpolation: 0, interpolation_duration: 1 }
$data merge entity $(bone_leg_right_0) { transformation: [-0.9162632194101736f,-0.10653529906999629f,-0.38615015577903167f,-0.19017679376125435f,0.041382769939408565f,0.9336530565226753f,-0.35578003934735836f,0.5799726919485853f,0.398433406114806f,-0.34196812731295934f,-0.8510632296097755f,-0.011162000189668259f,0f,0f,0f,1f], start_interpolation: 0, interpolation_duration: 1 }
$data merge entity $(bone_tail_4) { transformation: [1.4213772363576476f,-0.03720457121000006f,-2.3672692925489853f,-1.2906608790828518f,2.0427914728885104f,1.4150250298800826f,1.204312457258024f,1.059547835563824f,1.1968087072954832f,-2.37107176531921f,0.7558630388157404f,-0.9186110771976419f,0f,0f,0f,1f], start_interpolation: 0, interpolation_duration: 1 }
$data merge entity $(bone_tail_3) { transformation: [0.6496798806397005f,0.40324125576289743f,-1.9368164777250294f,-0.966194410081544f,1.7477039579257656f,0.8382739203182044f,0.7607714742348101f,0.9223459387707477f,0.9270342249275603f,-1.8629650695087001f,-0.07690397680125069f,-0.8873404288997409f,0f,0f,0f,1f], start_interpolation: 0, interpolation_duration: 1 }
$data merge entity $(bone_tail_2) { transformation: [0.08250110486967883f,0.9649669312556024f,-1.6972938061164318f,-0.65038057694444f,1.3215250050100646f,1.222908826462843f,0.7594995314647649f,0.7824248244637109f,1.4371983522921281f,-1.1798757132618654f,-0.6009393250789752f,-0.7748451466010281f,0f,0f,0f,1f], start_interpolation: 0, interpolation_duration: 1 }
$data merge entity $(bone_tail_1) { transformation: [-0.28504371569879194f,0.5445585807238695f,-1.3819776706953812f,-0.35937874430227595f,0.4763776440110304f,1.3663764767273876f,0.4401544207804253f,0.6705508452282336f,1.4069366263009602f,-0.3523173654619607f,-0.4290198754915871f,-0.6795622878710859f,0f,0f,0f,1f], start_interpolation: 0, interpolation_duration: 1 }
$data merge entity $(bone_tail_0) { transformation: [-0.9486980649864108f,0.24521374158666567f,-0.820778849028248f,-0.11361064354647642f,0.3288973908683245f,1.235126645122846f,-0.011153177646741372f,0.7036158690924066f,0.7909704193932137f,-0.2194723400082098f,-0.9798129434745555f,-0.39853443133631083f,0f,0f,0f,1f], start_interpolation: 0, interpolation_duration: 1 }
$data merge entity $(bone_body_1) { transformation: [-1.1396151873297644f,-0.31552762544165064f,-0.3610043454679592f,-0.00842916537704429f,-0.39118888884332675f,1.1501482755688028f,0.2296405724341464f,0.5727570043731779f,0.2772238682168611f,0.32589240071764863f,-1.1599765795487502f,-0.15080729115679972f,0f,0f,0f,1f], start_interpolation: 0, interpolation_duration: 1 }