# This file was generated by Animated Java via MC-Build. It is not recommended to edit this file directly.
$data merge entity $(bone_head_lower) { transformation: [-0.9574882921574013f,-0.014746068497129602f,0.28809499101057057f,0.20932228720519241f,0.12802369835682592f,0.8732330656007021f,0.47018501230966514f,0.32532874013982394f,-0.25850745258220936f,0.48707963066163756f,-0.8342225904121628f,0.7564003601771205f,0f,0f,0f,1f], start_interpolation: 0, interpolation_duration: 1 }
$data merge entity $(bone_head_upper) { transformation: [-0.9966491643531841f,-0.12844223759661455f,0.27141292780334125f,0.22483925450590758f,0.13325981427641245f,0.6539313415790269f,0.7988038338560831f,0.3951213950552211f,-0.2690802996813832f,0.7995926054468835f,-0.6096879531543563f,0.7322411893005012f,0f,0f,0f,1f], start_interpolation: 0, interpolation_duration: 1 }
$data merge entity $(bone_neck_0) { transformation: [-0.9517387739440826f,-0.24029558832094294f,0.1909223308178127f,0.24139262893996535f,-0.15816203777438684f,0.9171278921586402f,0.3658704678321317f,0.40394366631629725f,-0.2630172541459358f,0.3180164455781199f,-0.9108718155500206f,0.6682654940800602f,0f,0f,0f,1f], start_interpolation: 0, interpolation_duration: 1 }
$data merge entity $(bone_neck_1) { transformation: [-0.9673975704757376f,-0.19850190166522227f,0.15728615855481565f,0.2538023575021553f,-0.14817672448037358f,0.9472683151623228f,0.28412391207323917f,0.43237663751466f,-0.2053913312676745f,0.25155463447296034f,-0.9457984282685542f,0.5893028343580303f,0f,0f,0f,1f], start_interpolation: 0, interpolation_duration: 1 }
$data merge entity $(bone_neck_2) { transformation: [-0.9725312400999699f,-0.23147835588598997f,0.024510360787501684f,0.25368333115675007f,-0.2131803092141691f,0.9280069041091454f,0.30554433669945613f,0.46823038058760125f,-0.09347268474247306f,0.29192628638421436f,-0.9518623327587639f,0.5087706958384973f,0f,0f,0f,1f], start_interpolation: 0, interpolation_duration: 1 }
$data merge entity $(bone_body_0) { transformation: [-0.8773133491147874f,-0.3005597153740629f,-0.37414588726759673f,0.07448657054602682f,-0.34653128117904936f,0.936079692502032f,0.060587791259524904f,0.5057025085746956f,0.332020117808246f,0.1828077317280739f,-0.9253885533066826f,0.07438001302650724f,0f,0f,0f,1f], start_interpolation: 0, interpolation_duration: 1 }
$data merge entity $(bone_leg_left_3) { transformation: [-0.9449296159274809f,-0.07333956427358225f,-0.3189503554713559f,0.4292462448984411f,-0.06671738244535481f,0.9972696764363369f,-0.03165412043012436f,0.09226113722749427f,0.3204010171999824f,-0.008631383013495364f,-0.947242676089127f,-0.21508432899033517f,0f,0f,0f,1f], start_interpolation: 0, interpolation_duration: 1 }
$data merge entity $(bone_leg_left_2) { transformation: [-0.9169729219285639f,-0.4533257579484231f,-0.0756215388032643f,0.31981705277261957f,-0.4304507145581032f,0.9062670440652928f,-0.213200437800371f,0.2962540289866117f,0.1610436036820599f,-0.15886472711819657f,-1.0004444790649059f,-0.2827838421972902f,0f,0f,0f,1f], start_interpolation: 0, interpolation_duration: 1 }
$data merge entity $(bone_leg_left_1) { transformation: [-0.9976651093968363f,-0.013942553034810021f,-0.06685757030486533f,0.33944429582525687f,-0.06815954007303623f,0.26509525631322994f,0.9618101591152253f,0.3186187616890487f,0.004313535583564988f,0.96412141885506f,-0.2654266058926174f,-0.006870856419043739f,0f,0f,0f,1f], start_interpolation: 0, interpolation_duration: 1 }
$data merge entity $(bone_leg_left_0) { transformation: [-0.992279311229991f,-0.12084146109379754f,0.027912538144187093f,0.17434785870620945f,-0.12034525697197487f,0.8837478668534313f,-0.45222419987917406f,0.6884275523225906f,0.02997978701198256f,-0.4520918591533429f,-0.8914674213104985f,-0.10831987506982568f,0f,0f,0f,1f], start_interpolation: 0, interpolation_duration: 1 }
$data merge entity $(bone_leg_right_3) { transformation: [-0.9927233182794599f,0.01854054717696854f,-0.11898176942118696f,-0.4686040948355876f,0.011919069321637915f,0.9983526903906008f,0.056123447652073444f,0.048835496129257416f,0.11982632903800375f,0.054296903228707755f,-0.991308981684847f,-0.15175199686218377f,0f,0f,0f,1f], start_interpolation: 0, interpolation_duration: 1 }
$data merge entity $(bone_leg_right_2) { transformation: [-0.8562285503165161f,0.4083179989579513f,-0.3901426416716655f,-0.3841545828773977f,0.3244038252859155f,0.9356264076216699f,0.2672593927283532f,0.2746848925533498f,0.46227375792211756f,0.0997087588361095f,-0.9101776396114223f,-0.15735575728820958f,0f,0f,0f,1f], start_interpolation: 0, interpolation_duration: 1 }
$data merge entity $(bone_leg_right_1) { transformation: [-0.8885102352154404f,0.45840827872713025f,0.020283291444735535f,-0.278390365175045f,-0.07708039512852331f,-0.19268503390071912f,0.9782285471184681f,0.1689217122234905f,0.4523363511859657f,0.8676026323756214f,0.20653691604809668f,0.07639938297631718f,0f,0f,0f,1f], start_interpolation: 0, interpolation_duration: 1 }
$data merge entity $(bone_leg_right_0) { transformation: [-0.887890427461786f,-0.11593333068269923f,-0.4452078746591781f,-0.18442684070320986f,0.007861915113662108f,0.9637625793509451f,-0.2666456092523536f,0.5681186931951618f,0.4599878032214247f,-0.24025227049838493f,-0.8548041105469127f,-0.0018304388078785039f,0f,0f,0f,1f], start_interpolation: 0, interpolation_duration: 1 }
$data merge entity $(bone_tail_4) { transformation: [1.5990666207588167f,0.02659921303718058f,-2.251208510076484f,-1.3583384656944313f,1.81717560305283f,1.6148790174737147f,1.3098472881190055f,1.0717686926280854f,1.329105000233076f,-2.239892759126858f,0.917617380811035f,-0.6841687207431321f,0f,0f,0f,1f], start_interpolation: 0, interpolation_duration: 1 }
$data merge entity $(bone_tail_3) { transformation: [0.7058669276160814f,0.2210920840031461f,-1.9464880418161894f,-1.0304495841830663f,1.5937426185889825f,1.1383044976453904f,0.7072431423335637f,0.9407071880903357f,1.1391584052428407f,-1.7295452255075214f,0.21664940972263716f,-0.7039794967070637f,0f,0f,0f,1f], start_interpolation: 0, interpolation_duration: 1 }
$data merge entity $(bone_tail_2) { transformation: [0.3156447650440451f,0.7704773188687194f,-1.7679103366437836f,-0.7013821747086215f,1.0592396182872104f,1.4277578331684502f,0.8113524979191679f,0.7910015193688342f,1.6115687041990578f,-1.0893328903222272f,-0.1870134773516808f,-0.6682816432202404f,0f,0f,0f,1f], start_interpolation: 0, interpolation_duration: 1 }
$data merge entity $(bone_tail_1) { transformation: [-0.0006754408751621006f,0.4370997408440614f,-1.447963953395829f,-0.39513893439283393f,0.21696591654440614f,1.4330169284797853f,0.43248644342731457f,0.6802108273038683f,1.4968572359572805f,-0.20751517834707012f,-0.06334126552188342f,-0.6535447062426746f,0f,0f,0f,1f], start_interpolation: 0, interpolation_duration: 1 }
$data merge entity $(bone_tail_0) { transformation: [-0.8865966080091805f,0.15384891814268392f,-0.9078065221383734f,-0.1261441207847947f,0.1489131328127275f,1.2676139971988087f,0.0693927198313001f,0.690522445540858f,0.9086292148762013f,-0.05762795394608486f,-0.8971664758457448f,-0.3927624750955121f,0f,0f,0f,1f], start_interpolation: 0, interpolation_duration: 1 }
$data merge entity $(bone_body_1) { transformation: [-1.128386963291403f,-0.2861371542803027f,-0.4165008824367914f,-0.010040131954793868f,-0.3783849542103146f,1.1538691780353523f,0.2324120080020149f,0.5587686316872429f,0.3349213080075883f,0.33958216086337745f,-1.1406648361907608f,-0.15044714722741945f,0f,0f,0f,1f], start_interpolation: 0, interpolation_duration: 1 }