# This file was generated by Animated Java via MC-Build. It is not recommended to edit this file directly.
$data merge entity $(bone_head_lower) { transformation: [-0.9592390128984812f,0.004752613015324134f,0.28255606311504566f,0.21664188936518586f,0.135545522509504f,0.8850767289642495f,0.4452713725062167f,0.3289825651907026f,-0.24796759357055642f,0.4654208810479723f,-0.849644323245531f,0.7552030780885357f,0f,0f,0f,1f], start_interpolation: 0, interpolation_duration: 1 }
$data merge entity $(bone_head_upper) { transformation: [-0.9984714888431072f,-0.11488041160091018f,0.27079349988753654f,0.2324201164535438f,0.14108927790284168f,0.6537798699479169f,0.7975823718558771f,0.3986900449677683f,-0.25810936482776153f,0.8017769735186943f,-0.6115596316851852f,0.730967333724579f,0f,0f,0f,1f], start_interpolation: 0, interpolation_duration: 1 }
$data merge entity $(bone_neck_0) { transformation: [-0.9554706073609432f,-0.23092370794805434f,0.1837121650213498f,0.24835635070608653f,-0.1517684399206216f,0.9184808525851734f,0.36518387707903216f,0.40744389296756145f,-0.25306572093701407f,0.32104075215139677f,-0.9126283889649142f,0.6668257494181286f,0f,0f,0f,1f], start_interpolation: 0, interpolation_duration: 1 }
$data merge entity $(bone_neck_1) { transformation: [-0.971206593907233f,-0.18513678078328666f,0.1499404026682342f,0.26020536877289996f,-0.1384376356898122f,0.9507715293161901f,0.27725172689519545f,0.43531083875361853f,-0.1938885581351459f,0.24851131049301228f,-0.9490254767820091f,0.5875756961188372f,0f,0f,0f,1f], start_interpolation: 0, interpolation_duration: 1 }
$data merge entity $(bone_neck_2) { transformation: [-0.9750752747219715f,-0.22125171409334343f,0.016609865641499133f,0.25949432501379244f,-0.20650967058855632f,0.9323788263107051f,0.2966875127147722f,0.47043146147012627f,-0.08112930777023347f,0.2858625600847887f,-0.9548301588044301f,0.5067241861087082f,0f,0f,0f,1f], start_interpolation: 0, interpolation_duration: 1 }
$data merge entity $(bone_body_0) { transformation: [-0.8757910229490276f,-0.29329781056759885f,-0.3833620722478274f,0.07602318970324273f,-0.337291800283828f,0.9399968495419826f,0.05138252925306244f,0.5036024998105592f,0.34528875681549487f,0.1743052413652565f,-0.9221677489748867f,0.07377045945145852f,0f,0f,0f,1f], start_interpolation: 0, interpolation_duration: 1 }
$data merge entity $(bone_leg_left_3) { transformation: [-0.9423501323912263f,-0.07038641644462751f,-0.3271421409148034f,0.42656943420364335f,-0.06193211129188163f,0.9974235801058425f,-0.03620242312020722f,0.08724901990839376f,0.32884744422477685f,-0.013854754740810216f,-0.9442814221395576f,-0.2231396056851337f,0f,0f,0f,1f], start_interpolation: 0, interpolation_duration: 1 }
$data merge entity $(bone_leg_left_2) { transformation: [-0.9172486599469806f,-0.45110368424562847f,-0.08498565400220447f,0.31736838335490397f,-0.42673772405500077f,0.9079374251118403f,-0.2135573610305545f,0.291626004790499f,0.169150850410278f,-0.15561907865681734f,-0.9996163722469628f,-0.2900443933318068f,0f,0f,0f,1f], start_interpolation: 0, interpolation_duration: 1 }
$data merge entity $(bone_leg_left_1) { transformation: [-0.9978518731084415f,-0.004680550100523227f,-0.06534318468463837f,0.3394352253488885f,-0.06423502215429024f,0.26577997236909046f,0.961891297505245f,0.31409429094482333f,0.01286472941076098f,0.9640223538581679f,-0.26550969850260797f,-0.01432421586656285f,0f,0f,0f,1f], start_interpolation: 0, interpolation_duration: 1 }
$data merge entity $(bone_leg_left_0) { transformation: [-0.9924409788123111f,-0.12142689274343396f,0.01778800980255696f,0.17491433062379946f,-0.1167244862533093f,0.8892039327279466f,-0.44237061422528323f,0.6856641742839983f,0.037898520854543594f,-0.44110302168521576f,-0.8966559130330931f,-0.11011552840909548f,0f,0f,0f,1f], start_interpolation: 0, interpolation_duration: 1 }
$data merge entity $(bone_leg_right_3) { transformation: [-0.992099805625485f,0.021428758705835105f,-0.12360737833237134f,-0.47366830275326927f,0.013697979976050212f,0.997915905356114f,0.06305720563000258f,0.0510349889088868f,0.12470100650135307f,0.0608658700555228f,-0.9903257064420445f,-0.15084611319120414f,0f,0f,0f,1f], start_interpolation: 0, interpolation_duration: 1 }
$data merge entity $(bone_leg_right_2) { transformation: [-0.8447449047455317f,0.42302506994454303f,-0.3993970901315776f,-0.3860944132894895f,0.3343922431636446f,0.9292612964837138f,0.2769791870702363f,0.27568557653525544f,0.4760778015399825f,0.0979052223148345f,-0.9032312515768236f,-0.15667701615117852f,0f,0f,0f,1f], start_interpolation: 0, interpolation_duration: 1 }
$data merge entity $(bone_leg_right_1) { transformation: [-0.8828924404206943f,0.46809774274614624f,0.03722152447110974f,-0.2784843294758067f,-0.06654271162198412f,-0.20318595425409117f,0.9768764177335066f,0.16735120072432402f,0.46483653705145f,0.8599999832731497f,0.21053983611706048f,0.07504937107961084f,0f,0f,0f,1f], start_interpolation: 0, interpolation_duration: 1 }
$data merge entity $(bone_leg_right_0) { transformation: [-0.8829762055415171f,-0.11357527847626889f,-0.45547082954514456f,-0.1833308926250125f,0.007709592648625394f,0.966649338869489f,-0.2559875345487983f,0.5668316947986474f,0.46935443177698494f,-0.2295423964809505f,-0.8526527461921914f,-0.00023965118837668276f,0f,0f,0f,1f], start_interpolation: 0, interpolation_duration: 1 }
$data merge entity $(bone_tail_4) { transformation: [1.5463837167278522f,-0.0166809494709643f,-2.2878112855224093f,-1.3678608401515113f,1.848361532745861f,1.6364651506801395f,1.2374177897843557f,1.0557890674340407f,1.3483020345991932f,-2.224267269941761f,0.9275656671963981f,-0.669263051334479f,0f,0f,0f,1f], start_interpolation: 0, interpolation_duration: 1 }
$data merge entity $(bone_tail_3) { transformation: [0.6778776917030043f,0.18437196201353737f,-1.960212830475081f,-1.0372854064498778f,1.5949186276343335f,1.1641293418471537f,0.6610468763408321f,0.9323080260912875f,1.1544097766221768f,-1.7166115987952066f,0.23775662465080413f,-0.6927793966426198f,0f,0f,0f,1f], start_interpolation: 0, interpolation_duration: 1 }
$data merge entity $(bone_tail_2) { transformation: [0.319973335016032f,0.7387068982941928f,-1.7806468089697256f,-0.7058546737121465f,1.0486853850919868f,1.4478788293171516f,0.7891005852947026f,0.7867359228997122f,1.6176062261798962f,-1.084773197046527f,-0.15934579692061812f,-0.6622193551103751f,0f,0f,0f,1f], start_interpolation: 0, interpolation_duration: 1 }
$data merge entity $(bone_tail_1) { transformation: [0.012480045692553211f,0.4234447151588116f,-1.4519624897577705f,-0.3985966427826761f,0.20922995271219325f,1.4375674551444273f,0.4210449961674272f,0.6783590678675164f,1.4979063139420856f,-0.20432972156210713f,-0.04671498195211674f,-0.6511001500352286f,0f,0f,0f,1f], start_interpolation: 0, interpolation_duration: 1 }
$data merge entity $(bone_tail_0) { transformation: [-0.8815781980480889f,0.15014173277529724f,-0.9132979017766016f,-0.12808658139949536f,0.14302529578410925f,1.2682344333614817f,0.07043368076550655f,0.6883814653551632f,0.9144393703664447f,-0.05361528419714343f,-0.891494114286969f,-0.39187868190450326f,0f,0f,0f,1f], start_interpolation: 0, interpolation_duration: 1 }
$data merge entity $(bone_body_1) { transformation: [-1.1267217009471342f,-0.27893714359429245f,-0.42578970583435133f,-0.010308043059789787f,-0.3737415734375575f,1.1554547737172982f,0.23204761846348798f,0.5566055658436214f,0.34557204741625913f,0.3401807326607647f,-1.1373045433071873f,-0.15038489311995132f,0f,0f,0f,1f], start_interpolation: 0, interpolation_duration: 1 }