# This file was generated by Animated Java via MC-Build. It is not recommended to edit this file directly.
$data merge entity $(bone_head_lower) { transformation: [-0.8196188657573173f,-0.06702272842693702f,0.568975279576273f,-0.1606858346091917f,0.07392326620884417f,0.9724592901653146f,0.22103909085089096f,0.31649430550763824f,-0.5681199394561902f,0.22322831998960413f,-0.7920914414049134f,0.7709196198470161f,0f,0f,0f,1f], start_interpolation: 0, interpolation_duration: 1 }
$data merge entity $(bone_head_upper) { transformation: [-0.853140935858931f,-0.44418856097322557f,0.3978932123645616f,-0.1434951008771317f,0.07694669699542497f,0.6067125339343606f,0.8422891721801655f,0.3882069580376014f,-0.591355808263307f,0.7197696618022945f,-0.4644371696642812f,0.7548812086829684f,0f,0f,0f,1f], start_interpolation: 0, interpolation_duration: 1 }
$data merge entity $(bone_neck_0) { transformation: [-0.8645185755665603f,-0.0563718174789916f,0.49942952525304435f,-0.11000668348433819f,0.05666478988084924f,0.9764224467064597f,0.20829860094472463f,0.3858084592222004f,-0.49939636971860846f,0.2083780788899968f,-0.8409410455852354f,0.6972833844336492f,0f,0f,0f,1f], start_interpolation: 0, interpolation_duration: 1 }
$data merge entity $(bone_neck_1) { transformation: [-0.9315583483219962f,-0.02363425385871736f,0.36282291233622005f,-0.07937970081198134f,0.06751200167555634f,0.9692884507729724f,0.23647838976931973f,0.41030667334618226f,-0.3572690488992215f,0.24478831925292588f,-0.9013531524635464f,0.6220546513481191f,0f,0f,0f,1f], start_interpolation: 0, interpolation_duration: 1 }
$data merge entity $(bone_neck_2) { transformation: [-0.9687341517952011f,0.0032291354005843896f,0.2480800593159338f,-0.05761441176167931f,0.08694614609856507f,0.9409220221760579f,0.3272707073092925f,0.44819025651014865f,-0.23236718964655811f,0.33860791613410685f,-0.9117840579364601f,0.5454907126213511f,0f,0f,0f,1f], start_interpolation: 0, interpolation_duration: 1 }
$data merge entity $(bone_body_0) { transformation: [-0.995463319312408f,0.056846944262122535f,0.07629682058632702f,-0.021114468129643547f,0.06637211084260168f,0.989452758804972f,0.12875550860265048f,0.5182980192249864f,-0.06817274239621314f,0.13323536700624555f,-0.9887369792684456f,0.08077191547074819f,0f,0f,0f,1f], start_interpolation: 0, interpolation_duration: 1 }
$data merge entity $(bone_leg_left_3) { transformation: [-0.9970531137603164f,-0.016293432355807838f,-0.07496407408168487f,0.2829443544142857f,-0.01759335507841105f,0.9997055312894778f,0.01671300590284458f,0.014702240352075596f,0.07466968727631437f,0.017982624149169013f,-0.9970461689564669f,-0.03229700138309621f,0f,0f,0f,1f], start_interpolation: 0, interpolation_duration: 1 }
$data merge entity $(bone_leg_left_2) { transformation: [-1.0135972422332116f,-0.1560532732979549f,0.018171569302519744f,0.24555767312032073f,-0.15515174779089347f,0.9755982480240825f,-0.27604020198236856f,0.23334119774778667f,0.024713664142605757f,-0.27553154782352907f,-0.9876911462898267f,-0.12700874530514422f,0f,0f,0f,1f], start_interpolation: 0, interpolation_duration: 1 }
$data merge entity $(bone_leg_left_1) { transformation: [-0.9666616474456895f,-0.08344048660743554f,0.2420804505785212f,0.22930213199970248f,0.1996608975542317f,0.34629084968450285f,0.9166341546182007f,0.2748263902722904f,-0.16031464482518137f,0.9344090820510573f,-0.31808628080298684f,0.14690387186289794f,0f,0f,0f,1f], start_interpolation: 0, interpolation_duration: 1 }
$data merge entity $(bone_leg_left_0) { transformation: [-0.9799533235672065f,0.1991508950502673f,0.005514039378087109f,0.19310168336379996f,0.1541300310957314f,0.7753770653226777f,-0.6124004736167508f,0.6470394176248858f,-0.12623556212103842f,-0.5992740004140586f,-0.7905284658275855f,-0.03871473806624809f,0f,0f,0f,1f], start_interpolation: 0, interpolation_duration: 1 }
$data merge entity $(bone_leg_right_3) { transformation: [-0.9881873355658423f,0.024316539966588314f,0.15130927172957845f,-0.30385586859807945f,0.024523921628707042f,0.9996991205405079f,-0.0004956394702827771f,0.02497126335011854f,-0.15127579811467237f,0.0032209120740528396f,-0.9884863472148621f,-0.1364558620301237f,0f,0f,0f,1f], start_interpolation: 0, interpolation_duration: 1 }
$data merge entity $(bone_leg_right_2) { transformation: [-0.989371698602246f,0.2309943314826761f,0.14088101479075504f,-0.24412268116697974f,0.19026046925885187f,0.9736929162139968f,-0.2603560221173669f,0.24359633516855567f,-0.1923715034588098f,-0.22500205163119946f,-0.9820537057205391f,-0.2189549308595351f,0f,0f,0f,1f], start_interpolation: 0, interpolation_duration: 1 }
$data merge entity $(bone_leg_right_1) { transformation: [-0.9856221321132557f,-0.06535574830679598f,-0.1558128327570592f,-0.27324334803835815f,-0.16870053437431728f,0.32911523585580904f,0.9290981063533577f,0.2803710038764767f,-0.009441524788949556f,0.9420253646748765f,-0.3354088101389493f,0.05456471406958967f,0f,0f,0f,1f], start_interpolation: 0, interpolation_duration: 1 }
$data merge entity $(bone_leg_right_0) { transformation: [-0.9922895356757384f,-0.08386815637234007f,0.09125573809428378f,-0.19822241343280245f,-0.11805232643930053f,0.8638147899176183f,-0.4897832754819725f,0.6731307921879439f,-0.03775083589401196f,-0.4967797711927145f,-0.8670552077711187f,-0.06551395439776744f,0f,0f,0f,1f], start_interpolation: 0, interpolation_duration: 1 }
$data merge entity $(bone_tail_4) { transformation: [-1.9703515246467713f,0.8486489515735797f,-1.7387268784703398f,-0.14357562974353943f,-0.02300220493349431f,2.471187459435431f,1.232219449001376f,1.0966744681479978f,1.934643920593747f,0.8936939235119159f,-1.7561678174899844f,-1.7036317260645484f,0f,0f,0f,1f], start_interpolation: 0, interpolation_duration: 1 }
$data merge entity $(bone_tail_3) { transformation: [-1.718487181649568f,0.5268967119952989f,-1.0512502972361597f,0.029521474655730656f,0.1623166427906854f,1.9500278905374606f,0.712032344520687f,0.9568575412459158f,1.1646461436950417f,0.5056842958398141f,-1.6504024596933027f,-1.4287329759127667f,0f,0f,0f,1f], start_interpolation: 0, interpolation_duration: 1 }
$data merge entity $(bone_tail_2) { transformation: [-1.877138457041139f,0.4055028744960183f,-0.36151418627137893f,0.0954346222250638f,0.3376181081333105f,1.8895789471370625f,0.3664413876729127f,0.8894361684252154f,0.42560439513763837f,0.28953876478743257f,-1.8851530647477062f,-1.077903530977459f,0f,0f,0f,1f], start_interpolation: 0, interpolation_duration: 1 }
$data merge entity $(bone_tail_1) { transformation: [-1.4853550672222755f,0.20056540368432207f,0.2028548572799165f,0.05074988182469636f,0.2521028308688868f,1.4262412406133123f,0.4358168608965159f,0.7779780646422904f,-0.13349433300707492f,0.4618069861086389f,-1.4340745519798654f,-0.7748242639938947f,0f,0f,0f,1f], start_interpolation: 0, interpolation_duration: 1 }
$data merge entity $(bone_tail_0) { transformation: [-1.2686810946316927f,0.12816709238386587f,0.08864080966475829f,0.027939877285418847f,0.13903352916966852f,1.2593379525439987f,0.16903643285677653f,0.7589717582978739f,-0.07038234490825979f,0.17741711951269587f,-1.2638849662105567f,-0.4012063103128094f,0f,0f,0f,1f], start_interpolation: 0, interpolation_duration: 1 }
$data merge entity $(bone_body_1) { transformation: [-1.2307584954399835f,0.05389115832551389f,0.10456511852856379f,1.8557991432579204e-17f,0.08206032075219034f,1.180757051431665f,0.3573282584804874f,0.5963655769230769f,-0.08428656308455006f,0.3626473819083557f,-1.178977203653514f,-0.1515375f,0f,0f,0f,1f], start_interpolation: 0, interpolation_duration: 1 }