# This file was generated by Animated Java via MC-Build. It is not recommended to edit this file directly.
$data merge entity $(bone_head_lower) { transformation: [-0.9603327270477436f,0.023942815536584575f,0.27782691544417537f,0.22372286460497517f,0.14381368704481823f,0.8961137209971678f,0.41987834245074473f,0.33397129412160126f,-0.23891144129074038f,0.4431782267043258f,-0.8640106380106615f,0.7542638235717183f,0f,0f,0f,1f], start_interpolation: 0, interpolation_duration: 1 }
$data merge entity $(bone_head_upper) { transformation: [-0.9996099354453601f,-0.10114447115849501f,0.27206932112330917f,0.2398971269535379f,0.14969560692258171f,0.6562605655672021f,0.7939680333193538f,0.4034879859370885f,-0.2486828196930978f,0.8016007788288326f,-0.6156825392635447f,0.7297428266852273f,0f,0f,0f,1f], start_interpolation: 0, interpolation_duration: 1 }
$data merge entity $(bone_neck_0) { transformation: [-0.9589588168708011f,-0.2208299019330928f,0.17785427168885803f,0.2552918645698405f,-0.1450945113797874f,0.9210825234636181f,0.3613233562023825f,0.41194781890887106f,-0.24360946269226533f,0.3206885395241209f,-0.9153214136600717f,0.6654297678704607f,0f,0f,0f,1f], start_interpolation: 0, interpolation_duration: 1 }
$data merge entity $(bone_neck_1) { transformation: [-0.9747276741885093f,-0.17140091805491914f,0.14327486332567332f,0.2666395033717419f,-0.1285789699776244f,0.9549079627482222f,0.2676158275579615f,0.4390175335816528f,-0.18268390638081017f,0.24243041882150493f,-0.9528137710903831f,0.585830782414068f,0f,0f,0f,1f], start_interpolation: 0, interpolation_duration: 1 }
$data merge entity $(bone_neck_2) { transformation: [-0.9775968818369682f,-0.21029477454831533f,0.008969081352623864f,0.2653663448892798f,-0.19904679470070047f,0.9374844834421815f,0.2854876824392307f,0.47320695474164887f,-0.06844494241369448f,0.277306601260805f,-0.9583404085997662f,0.5045879800106331f,0f,0f,0f,1f], start_interpolation: 0, interpolation_duration: 1 }
$data merge entity $(bone_body_0) { transformation: [-0.8742679410552497f,-0.2851522491894603f,-0.3928660866315725f,0.07749359989380349f,-0.3262862329251087f,0.9443971548780112f,0.04063628996179544f,0.5013552492112123f,0.3594340849815944f,0.16371380100806818f,-0.9186974093317857f,0.07316891470470069f,0f,0f,0f,1f], start_interpolation: 0, interpolation_duration: 1 }
$data merge entity $(bone_leg_left_3) { transformation: [-0.9398404155929531f,-0.06596283323307493f,-0.33518487115311546f,0.4234436547568523f,-0.055827563582418326f,0.997647059033944f,-0.03979483314922161f,0.08168595725262004f,0.3370211808811371f,-0.01868823781925144f,-0.9413115708439452f,-0.23087835217188596f,0f,0f,0f,1f], start_interpolation: 0, interpolation_duration: 1 }
$data merge entity $(bone_leg_left_2) { transformation: [-0.9178436614577893f,-0.44808920952603015f,-0.094028043310444f,0.31466490018432414f,-0.4222168415250868f,0.9098439353049029f,-0.2144274973555463f,0.2864874693816899f,0.17708232931332554f,-0.15317399647433783f,-0.9986199351854246f,-0.29717009561940594f,0f,0f,0f,1f], start_interpolation: 0, interpolation_duration: 1 }
$data merge entity $(bone_leg_left_1) { transformation: [-0.998005573103828f,0.004323508385075906f,-0.06297764150032915f,0.33905546498378003f,-0.05953922570637665f,0.2670246528690563f,0.9618486967098545f,0.30920263599689085f,0.020975143765536625f,0.9636799998108316f,-0.2662346733778508f,-0.021665999072416522f,0f,0f,0f,1f], start_interpolation: 0, interpolation_duration: 1 }
$data merge entity $(bone_leg_left_0) { transformation: [-0.9926344880553518f,-0.12090020960861653f,0.007740312634646085f,0.17553680811401967f,-0.11232189045728008f,0.8944989946962313f,-0.4327301022710746f,0.6825786494058617f,0.045393458198205505f,-0.43041223008184193f,-0.9014902917662416f,-0.11199473221302197f,0f,0f,0f,1f], start_interpolation: 0, interpolation_duration: 1 }
$data merge entity $(bone_leg_right_3) { transformation: [-0.9915177099261939f,0.024520952865948645f,-0.12763758761925023f,-0.4792043279371584f,0.015693075429179762f,0.9974434790149276f,0.06971537530682259f,0.05358741845034953f,0.12902076687994854f,0.06712100298075827f,-0.9893676832566176f,-0.14968547192191659f,0f,0f,0f,1f], start_interpolation: 0, interpolation_duration: 1 }
$data merge entity $(bone_leg_right_2) { transformation: [-0.8333124459867661f,0.4373925618055712f,-0.4078483955361438f,-0.38856031624100784f,0.3439263946456857f,0.9227524020657035f,0.28688819956332773f,0.2770122340326051f,0.48925167544962717f,0.09632212030384006f,-0.896335342776686f,-0.1556927168543962f,0f,0f,0f,1f], start_interpolation: 0, interpolation_duration: 1 }
$data merge entity $(bone_leg_right_1) { transformation: [-0.8772601893195591f,0.47698100560102674f,0.053885810106599014f,-0.27930856892981737f,-0.05637514037742078f,-0.2138598033064311f,0.9752362934577238f,0.1660675865691248f,0.4766931967024886f,0.8524981553209174f,0.21450056268456452f,0.0740217288568421f,0f,0f,0f,1f], start_interpolation: 0, interpolation_duration: 1 }
$data merge entity $(bone_leg_right_0) { transformation: [-0.8780330484187926f,-0.10938023176506545f,-0.4659333973685753f,-0.1822310706732284f,0.009366679537379432f,0.9694203155818077f,-0.2452274802131932f,0.5655674416705206f,0.4785083397380303f,-0.2196820808265632f,-0.8501585453107351f,0.0013367670651567576f,0f,0f,0f,1f], start_interpolation: 0, interpolation_duration: 1 }
$data merge entity $(bone_tail_4) { transformation: [1.477087169460512f,-0.06476094251997615f,-2.332312338804358f,-1.377735557839134f,1.8863638957923643f,1.6576897689843102f,1.1486327585681155f,1.0364921519687431f,1.3731373121673531f,-2.2076077508761984f,0.9309260291801632f,-0.6565382801024834f,0f,0f,0f,1f], start_interpolation: 0, interpolation_duration: 1 }
$data merge entity $(bone_tail_3) { transformation: [0.640943916533989f,0.14478972826813935f,-1.9758978608446722f,-1.044113179381648f,1.597859062189101f,1.190017127929759f,0.6055172818825395f,0.922173545488018f,1.1713167117746939f,-1.702598219153976f,0.2551901073620842f,-0.6831478317605022f,0f,0f,0f,1f], start_interpolation: 0, interpolation_duration: 1 }
$data merge entity $(bone_tail_2) { transformation: [0.3194493998184436f,0.7041997504241445f,-1.7946667287998024f,-0.7100847726656767f,1.039714093828122f,1.4689868292378663f,0.7614763119254755f,0.7817351233137537f,1.6234902399009299f,-1.0793304785982047f,-0.13453265000797132f,-0.6571948540289724f,0f,0f,0f,1f], start_interpolation: 0, interpolation_duration: 1 }
$data merge entity $(bone_tail_1) { transformation: [0.022201357234525165f,0.40856968907647506f,-1.4561023861339204f,-0.4017633378657778f,0.2030950812621629f,1.4422626876171465f,0.40778300341539614f,0.6761605678746794f,1.498637960851139f,-0.20150781393116757f,-0.033691441355655195f,-0.6489133634867117f,0f,0f,0f,1f], start_interpolation: 0, interpolation_duration: 1 }
$data merge entity $(bone_tail_0) { transformation: [-0.877218933810815f,0.1469084739301776f,-0.9180090190381305f,-0.12995460281770357f,0.13814369873189003f,1.2687421694743692f,0.07103057427735679f,0.6860207917819241f,0.9193687928402385f,-0.050467061228138f,-0.8865945043065097f,-0.3910477030414984f,0f,0f,0f,1f], start_interpolation: 0, interpolation_duration: 1 }
$data merge entity $(bone_body_1) { transformation: [-1.1252203986860922f,-0.2708071797759209f,-0.43491047448730624f,-0.010603224285213642f,-0.36801346802013235f,1.1574111322441443f,0.2314522701754581f,0.5542515277777778f,0.35644036919624694f,0.34009930519686493f,-1.1339697177914863f,-0.15032372975833924f,0f,0f,0f,1f], start_interpolation: 0, interpolation_duration: 1 }