# This file was generated by Animated Java via MC-Build. It is not recommended to edit this file directly.
$data merge entity $(bone_head_lower) { transformation: [-0.9587972926690701f,0.1260117863930227f,0.2546149666859759f,0.25994820578708555f,0.1934815576380601f,0.945901648877101f,0.26045144942106074f,0.3829095426134484f,-0.2080207644068529f,0.2989834449290137f,-0.9313088967866505f,0.7520289944325377f,0f,0f,0f,1f], start_interpolation: 0, interpolation_duration: 1 }
$data merge entity $(bone_head_upper) { transformation: [-0.9980117024403632f,-0.021550760128735393f,0.2949239717511424f,0.279485759417994f,0.2013948727281411f,0.7106186974034209f,0.7334392372398604f,0.4494901851042236f,-0.21652872699577472f,0.7602819044420602f,-0.6771696085524292f,0.7223514181259756f,0f,0f,0f,1f], start_interpolation: 0, interpolation_duration: 1 }
$data merge entity $(bone_neck_0) { transformation: [-0.9757106744986315f,-0.15372643477752712f,0.15606685400819864f,0.2923878796087172f,-0.10392077978377891f,0.9519752457518407f,0.2879993107714906f,0.45269399674724536f,-0.1928448889614579f,0.26478541260105887f,-0.9448277801139898f,0.6570214315972991f,0f,0f,0f,1f], start_interpolation: 0, interpolation_duration: 1 }
$data merge entity $(bone_neck_1) { transformation: [-0.990013842032916f,-0.08842206765969354f,0.10979130445535759f,0.3012812946940072f,-0.06922853829270956f,0.9833969311702014f,0.1677435103092958f,0.4714344604413003f,-0.122800659888615f,0.15846770559269974f,-0.9796979045680898f,0.5747582014565868f,0f,0f,0f,1f], start_interpolation: 0, interpolation_duration: 1 }
$data merge entity $(bone_neck_2) { transformation: [-0.9899801772851381f,-0.13745933947110828f,-0.03231375209803178f,0.29710455481156955f,-0.14107177013748917f,0.9727817994108513f,0.1838323323174177f,0.4970636932996554f,0.006164758937854009f,0.18654892314659094f,-0.9824263305816295f,0.4905167172508388f,0f,0f,0f,1f], start_interpolation: 0, interpolation_duration: 1 }
$data merge entity $(bone_body_0) { transformation: [-0.8647959996891046f,-0.2255885401122856f,-0.4485952401572377f,0.08353428752736938f,-0.23148330977302173f,0.971910031064457f,-0.042501397774820676f,0.4862916018420518f,0.44558204207334173f,0.0670872721631606f,-0.8927238888343118f,0.07041838628425512f,0f,0f,0f,1f], start_interpolation: 0, interpolation_duration: 1 }
$data merge entity $(bone_leg_left_3) { transformation: [-0.9269633708640462f,-0.020184292863177078f,-0.37460846679964177f,0.39836414339342696f,-0.005167073296292436f,0.9991437717358331f,-0.0410490530346905f,0.042823058407389786f,0.37511626255057984f,-0.03611533916644835f,-0.9262739723467227f,-0.26606610285905224f,0f,0f,0f,1f], start_interpolation: 0, interpolation_duration: 1 }
$data merge entity $(bone_leg_left_2) { transformation: [-0.9267705809724984f,-0.4168246041999816f,-0.1393403713147084f,0.2954589200039098f,-0.3825861906207002f,0.9251856996020096f,-0.22298302065174452f,0.25099779165895275f,0.21630140196247796f,-0.149502073852384f,-0.9914257576458247f,-0.3312187505474602f,0f,0f,0f,1f], start_interpolation: 0, interpolation_duration: 1 }
$data merge entity $(bone_leg_left_1) { transformation: [-0.9981281443313441f,0.05057352129386114f,-0.03438788213320228f,0.3309003154551474f,-0.018958767088660056f,0.2787135027717998f,0.9601871424483625f,0.2761683909272123f,0.05814441197695261f,0.9590417625508356f,-0.2772329797106418f,-0.05713165840207776f,0f,0f,0f,1f], start_interpolation: 0, interpolation_duration: 1 }
$data merge entity $(bone_leg_left_0) { transformation: [-0.994136181639469f,-0.09811065567206934f,-0.04547033757179958f,0.18048664725469515f,-0.07309886425711792f,0.9195951795143774f,-0.38600681581837304f,0.660155096469819f,0.07968568503574674f,-0.3804195119306007f,-0.9213746179176345f,-0.12222556709922727f,0f,0f,0f,1f], start_interpolation: 0, interpolation_duration: 1 }
$data merge entity $(bone_leg_right_3) { transformation: [-0.9893588036783315f,0.04295226091269673f,-0.13901172924134392f,-0.5128078041779333f,0.028727757520816244f,0.9942911445826965f,0.1027610614593753f,0.07152563136197418f,0.142631951301264f,0.09767406557996833f,-0.9849446194487659f,-0.14078145625328015f,0f,0f,0f,1f], start_interpolation: 0, interpolation_duration: 1 }
$data merge entity $(bone_leg_right_2) { transformation: [-0.7762966448287643f,0.5068969142863057f,-0.43872683644304206f,-0.407005164042748f,0.3881697584514734f,0.887150353619299f,0.3381577859484727f,0.28816748281190024f,0.5465802387134232f,0.08989976563300851f,-0.8632672090887051f,-0.14735272757535428f,0f,0f,0f,1f], start_interpolation: 0, interpolation_duration: 1 }
$data merge entity $(bone_leg_right_1) { transformation: [-0.849292462879381f,0.5101662120042486f,0.13576725903365522f,-0.2925237234332747f,-0.007622972863140193f,-0.2689967678405504f,0.9631109121882407f,0.16385785975314665f,0.527867599669655f,0.8169278885070415f,0.23234591065569343f,0.07277110809615102f,0f,0f,0f,1f], start_interpolation: 0, interpolation_duration: 1 }
$data merge entity $(bone_leg_right_0) { transformation: [-0.85231590395302f,-0.06410955526547912f,-0.5190833890545996f,-0.17633502182124455f,0.04093296614199151f,0.9812392303563806f,-0.18839868654647304f,0.5597015962214581f,0.5214231411738117f,-0.18182281961646102f,-0.8337016073603042f,0.008621279717817454f,0f,0f,0f,1f], start_interpolation: 0, interpolation_duration: 1 }
$data merge entity $(bone_tail_4) { transformation: [0.7242306609591992f,-0.4005328813867185f,-2.6345255155823892f,-1.4270520325212406f,2.1096015197614686f,1.7541734834961495f,0.3132381669258814f,0.8675273774692539f,1.6281070938813276f,-2.0947816431139157f,0.7660407888136636f,-0.6392458586634674f,0f,0f,0f,1f], start_interpolation: 0, interpolation_duration: 1 }
$data merge entity $(bone_tail_3) { transformation: [0.24824868096085215f,-0.12326404609337266f,-2.0637645440762693f,-1.0759075950028212f,1.6018438489384195f,1.3255780300678666f,0.11351077421984845f,0.8353083231655135f,1.3070632739327472f,-1.6011228519968508f,0.2528571470101701f,-0.6664528425905962f,0f,0f,0f,1f], start_interpolation: 0, interpolation_duration: 1 }
$data merge entity $(bone_tail_2) { transformation: [0.2092355624742957f,0.45972925124744024f,-1.8877614706170665f,-0.7247127486467297f,1.0020449111045169f,1.6011507634774333f,0.5009951134970774f,0.7432963813542739f,1.6646021598353107f,-1.0216355138530944f,-0.06429931032691906f,-0.6535119606196124f,0f,0f,0f,1f], start_interpolation: 0, interpolation_duration: 1 }
$data merge entity $(bone_tail_1) { transformation: [-0.00025787046533813017f,0.3002999050444492f,-1.4823886637900054f,-0.40938985699599306f,0.18721615239698805f,1.4709951211114014f,0.2979592521606292f,0.6610186178441615f,1.5008685138227433f,-0.18343819312441031f,-0.03742169850181389f,-0.6446507738131011f,0f,0f,0f,1f], start_interpolation: 0, interpolation_duration: 1 }
$data merge entity $(bone_tail_0) { transformation: [-0.8743955819377606f,0.13518777793853554f,-0.9224924647756175f,-0.136553796171317f,0.1221484509862597f,1.2704172629461197f,0.07039496085782226f,0.671105005755015f,0.924309384780556f,-0.039999491103740556f,-0.8819795453989051f,-0.38788111050887303f,0f,0f,0f,1f], start_interpolation: 0, interpolation_duration: 1 }
$data merge entity $(bone_body_1) { transformation: [-1.1222444622431444f,-0.2095318105884336f,-0.4746244645742343f,-0.012096802203094174f,-0.3159376073168668f,1.1731547260411401f,0.22912008228542638f,0.5388175000000001f,0.41152811605495326f,0.32925522649628525f,-1.1184096747513368f,-0.15004420361563692f,0f,0f,0f,1f], start_interpolation: 0, interpolation_duration: 1 }