# This file was generated by Animated Java via MC-Build. It is not recommended to edit this file directly.
$data merge entity $(bone_head_lower) { transformation: [-0.7436251413367977f,-0.09429266415121695f,0.6619143015973392f,-0.1909280631376671f,0.08965301556150895f,0.9670017814404899f,0.23847408977003476f,0.2998793808667209f,-0.662558666061018f,0.23667794189189795f,-0.7106332147101342f,0.7571708700933086f,0f,0f,0f,1f], start_interpolation: 0, interpolation_duration: 1 }
$data merge entity $(bone_head_upper) { transformation: [-0.7740390997736639f,-0.5238114178861984f,0.45821066453884873f,-0.17134255789334724f,0.09331978654255153f,0.6010220394236935f,0.8447105232860213f,0.37163625908802006f,-0.6896570394368028f,0.6692279501055987f,-0.3999738258139269f,0.7444109757342151f,0f,0f,0f,1f], start_interpolation: 0, interpolation_duration: 1 }
$data merge entity $(bone_neck_0) { transformation: [-0.8066585631120348f,-0.07362059742300889f,0.5864145037369954f,-0.13196824467151735f,0.0682677127840792f,0.9739633895768135f,0.2161824117620923f,0.3697837081756985f,-0.5870617360629612f,0.21441857055563912f,-0.7806299985598929f,0.6906432552346126f,0f,0f,0f,1f], start_interpolation: 0, interpolation_duration: 1 }
$data merge entity $(bone_neck_1) { transformation: [-0.9017649080816541f,-0.028222721667872774f,0.4313044499354761f,-0.09556111544196084f,0.08184659390497473f,0.9686623630315684f,0.23450876638678625f,0.3941121850399092f,-0.42440686330293953f,0.24677257632839977f,-0.8711957931220766f,0.6179783875249609f,0f,0f,0f,1f], start_interpolation: 0, interpolation_duration: 1 }
$data merge entity $(bone_neck_2) { transformation: [-0.9549759734478671f,0.003214249824245296f,0.2966657356948491f,-0.06953950248738883f,0.10511052184231488f,0.9387479393624806f,0.3281830046494375f,0.43205440666355566f,-0.2774394858979792f,0.34458957462576223f,-0.8968195786912222f,0.54278401358884f,0f,0f,0f,1f], start_interpolation: 0, interpolation_duration: 1 }
$data merge entity $(bone_body_0) { transformation: [-0.9934715320578451f,0.06734827657175303f,0.09207890438885939f,-0.02550148362511919f,0.07953899177640612f,0.987527667719026f,0.13587735012360883f,0.5055003276813579f,-0.08177936034129178f,0.1423141424182278f,-0.9864374390147271f,0.07923546782080704f,0f,0f,0f,1f], start_interpolation: 0, interpolation_duration: 1 }
$data merge entity $(bone_leg_left_3) { transformation: [-0.9982893486214047f,-0.021966851713326636f,-0.054183335582595055f,0.2993922903181641f,-0.022921179514684125f,0.9995917937536803f,0.017054776162580332f,0.014978841836559842f,0.053786577867596476f,0.018267547347819046f,-0.9983853468251568f,-0.0110107087361523f,0f,0f,0f,1f], start_interpolation: 0, interpolation_duration: 1 }
$data merge entity $(bone_leg_left_2) { transformation: [-1.0084656804375889f,-0.17844049378331772f,0.056728837980439366f,0.257986733732634f,-0.18708100439909597f,0.9730878941377422f,-0.264882705317456f,0.23332792165371946f,-0.007737484944774117f,-0.2707787657140691f,-0.9892831702125481f,-0.10471413072733549f,0f,0f,0f,1f], start_interpolation: 0, interpolation_duration: 1 }
$data merge entity $(bone_leg_left_1) { transformation: [-0.9672084715350177f,-0.12254766592105765f,0.22246312541227106f,0.2321583137972107f,0.17096329269301613f,0.33361332563291113f,0.9270780449949783f,0.2713866530218511f,-0.18782791364027102f,0.9347107673165266f,-0.30172248229141463f,0.16896051433510628f,0f,0f,0f,1f], start_interpolation: 0, interpolation_duration: 1 }
$data merge entity $(bone_leg_left_0) { transformation: [-0.9802322981429267f,0.1949727562636523f,0.03361942879334803f,0.19199699978393547f,0.12685054290063358f,0.7497340720952125f,-0.6494672900965417f,0.6333769388255567f,-0.1518340589039596f,-0.6323641715455466f,-0.7596459524688219f,-0.03514088302643016f,0f,0f,0f,1f], start_interpolation: 0, interpolation_duration: 1 }
$data merge entity $(bone_leg_right_3) { transformation: [-0.9884750263799869f,0.029897533573112575f,0.14840235749248978f,-0.3272559822097738f,0.029908275079973096f,0.9995503142582404f,-0.002159710164381684f,0.026161999562046734f,-0.14840019307542962f,0.0023036389686915404f,-0.9889247069128559f,-0.1394364231834439f,0f,0f,0f,1f], start_interpolation: 0, interpolation_duration: 1 }
$data merge entity $(bone_leg_right_2) { transformation: [-0.9808588609995403f,0.2665050247601887f,0.13767049820840302f,-0.2593577297089986f,0.22892993402139167f,0.9692728643157226f,-0.2452822849511378f,0.2441626187283886f,-0.19382770598740529f,-0.20383175851535268f,-0.986380065751987f,-0.2171321722077516f,0f,0f,0f,1f], start_interpolation: 0, interpolation_duration: 1 }
$data merge entity $(bone_leg_right_1) { transformation: [-0.9908727364657823f,-0.059526830317798894f,-0.12094534551245945f,-0.28884867155413835f,-0.13356077730175206f,0.3121256486590718f,0.9406057081560295f,0.2764112576978974f,-0.018241131964985068f,0.9481741063335731f,-0.3172272453355266f,0.05691836198889344f,0f,0f,0f,1f], start_interpolation: 0, interpolation_duration: 1 }
$data merge entity $(bone_leg_right_0) { transformation: [-0.9954214076671871f,-0.04760507999915782f,0.08288532750824651f,-0.1985441105044939f,-0.08308120176994346f,0.8596922548448385f,-0.5040106555146026f,0.6646443130353002f,-0.04726240652291673f,-0.508589208810088f,-0.8597111617349117f,-0.06728896292179452f,0f,0f,0f,1f], start_interpolation: 0, interpolation_duration: 1 }
$data merge entity $(bone_tail_4) { transformation: [-2.114345847326944f,0.9100631580528953f,-1.5254468256370317f,-0.07984593482327054f,0.14844103763997976f,2.453725685050774f,1.2581163906676043f,1.0994578604021978f,1.770075768953316f,0.8812925975389245f,-1.927645315219432f,-1.713259297130313f,0f,0f,0f,1f], start_interpolation: 0, interpolation_duration: 1 }
$data merge entity $(bone_tail_3) { transformation: [-1.777321946862527f,0.6035294328122986f,-0.9015677717035505f,0.06712063329802484f,0.28038912028386065f,1.9271024208718188f,0.7372948709579253f,0.95558168628962f,1.0480716409061375f,0.5079114186978732f,-1.7261278493579424f,-1.4255421134027133f,0f,0f,0f,1f], start_interpolation: 0, interpolation_duration: 1 }
$data merge entity $(bone_tail_2) { transformation: [-1.8753566730194595f,0.48053940337665285f,-0.2662575928805964f,0.11534496089932389f,0.42688325479885664f,1.8707952149795608f,0.3696888223691527f,0.8876181594746229f,0.34580617509884554f,0.296615947674374f,-1.9003186427153518f,-1.071950743005456f,0f,0f,0f,1f], start_interpolation: 0, interpolation_duration: 1 }
$data merge entity $(bone_tail_1) { transformation: [-1.4733254453581655f,0.23771123556730248f,0.24588971215817318f,0.06093403768641579f,0.3028401554518207f,1.4120646450482888f,0.44946360080719305f,0.773348250741245f,-0.15892206362264466f,0.4870554965193567f,-1.4230871269898424f,-0.771520191310039f,0f,0f,0f,1f], start_interpolation: 0, interpolation_duration: 1 }
$data merge entity $(bone_tail_0) { transformation: [-1.264631027393342f,0.15257002151860322f,0.10614362756143443f,0.03359818910441746f,0.16608042049074048f,1.255333146797633f,0.1743321572883184f,0.7526977675372495f,-0.08343485523272859f,0.18627075902833778f,-1.261815178957413f,-0.3982934234777668f,0f,0f,0f,1f], start_interpolation: 0, interpolation_duration: 1 }
$data merge entity $(bone_body_1) { transformation: [-1.228295914411528f,0.06265798999558178f,0.12636343611152845f,1.8557991432579204e-17f,0.0983394244151158f,1.1744865606622539f,0.37351743130100884f,0.5867501923076923f,-0.10110934329676208f,0.3811297550306374f,-1.1718027161534632f,-0.1515375f,0f,0f,0f,1f], start_interpolation: 0, interpolation_duration: 1 }