# This file was generated by Animated Java via MC-Build. It is not recommended to edit this file directly.
$data merge entity $(bone_head_lower) { transformation: [-0.9580405985147309f,0.18197023654341576f,0.22146115824195842f,0.2755396889506055f,0.2133358057794241f,0.9686983968477244f,0.1269300985467705f,0.430066633823727f,-0.19143156889599036f,0.16884978222367425f,-0.9668731589371157f,0.7545877625323558f,0f,0f,0f,1f], start_interpolation: 0, interpolation_duration: 1 }
$data merge entity $(bone_head_upper) { transformation: [-0.9972240598104007f,0.034108545549927156f,0.29639960229264506f,0.2964290281667019f,0.2220611513458835f,0.7754732363945914f,0.6578769241143412f,0.4929009164521661f,-0.19926104030068267f,0.6935054501153354f,-0.7502114175764872f,0.7183807890951689f,0f,0f,0f,1f], start_interpolation: 0, interpolation_duration: 1 }
$data merge entity $(bone_neck_0) { transformation: [-0.9864792674302362f,-0.0962209146929728f,0.1326657096085965f,0.3068880436711697f,-0.06885374005179401f,0.9779237620999134f,0.19729236680934356f,0.48980692291206473f,-0.14872060183842978f,0.1854902991964815f,-0.9713266862867583f,0.6526101843165294f,0f,0f,0f,1f], start_interpolation: 0, interpolation_duration: 1 }
$data merge entity $(bone_neck_1) { transformation: [-0.9963832466556843f,-0.02385321495254069f,0.0815564216987597f,0.3136870542374549f,-0.018593095841660415f,0.9977342177883423f,0.06465854499838389f,0.49988078714140466f,-0.08291394678159317f,0.06290830462437443f,-0.9945691643311619f,0.5686469330732646f,0f,0f,0f,1f], start_interpolation: 0, interpolation_duration: 1 }
$data merge entity $(bone_neck_2) { transformation: [-0.9955181345005263f,-0.07603176971707161f,-0.05623890000953485f,0.3080157062594834f,-0.08069331137994529f,0.9930325904038164f,0.08587702774564161f,0.5171266685550534f,0.04931767816038635f,0.090030241527926f,-0.9947172071655801f,0.48238369767996536f,0f,0f,0f,1f], start_interpolation: 0, interpolation_duration: 1 }
$data merge entity $(bone_body_0) { transformation: [-0.8628148110727913f,-0.1698996519943235f,-0.47611417753059093f,0.08200637325767073f,-0.13347350200666133f,0.9849730701879734f,-0.10960326302877801f,0.4748541614117048f,0.48758119944835954f,-0.03101869205310734f,-0.8725264550074189f,0.07086975959400418f,0f,0f,0f,1f], start_interpolation: 0, interpolation_duration: 1 }
$data merge entity $(bone_leg_left_3) { transformation: [-0.9232887750327672f,0.020643980695038967f,-0.3835513837278583f,0.37589477404728766f,0.028682180623121487f,0.9994722580446077f,-0.01524919387760626f,0.014779847574500182f,0.3830341635065918f,-0.02508049960182282f,-0.923393631192315f,-0.2727602415348192f,0f,0f,0f,1f], start_interpolation: 0, interpolation_duration: 1 }
$data merge entity $(bone_leg_left_2) { transformation: [-0.9397506434767886f,-0.3784939595846119f,-0.16022874318803768f,0.2812586870242609f,-0.34194539198935936f,0.9418340756298994f,-0.21928092114981526f,0.22701275381511576f,0.22804446163610123f,-0.14748930822615686f,-0.9890929314158328f,-0.33735340377083184f,0f,0f,0f,1f], start_interpolation: 0, interpolation_duration: 1 }
$data merge entity $(bone_leg_left_1) { transformation: [-0.997284109454599f,0.07356310606691621f,0.003588099097707881f,0.3209147211171634f,0.02401108287910041f,0.27868591753287564f,0.9600820940252103f,0.2513256589921665f,0.06962666822647985f,0.9575607702880518f,-0.27969536692092845f,-0.06376673146817756f,0f,0f,0f,1f], start_interpolation: 0, interpolation_duration: 1 }
$data merge entity $(bone_leg_left_0) { transformation: [-0.9954196974572008f,-0.0621060994392717f,-0.07268052233338698f,0.1867034493411289f,-0.030458490467771313f,0.9266540397194423f,-0.3746792909009827f,0.6421198072515218f,0.09061956892768436f,-0.3707494073954506f,-0.9243013419027816f,-0.1235542450388014f,0f,0f,0f,1f], start_interpolation: 0, interpolation_duration: 1 }
$data merge entity $(bone_leg_right_3) { transformation: [-0.9894332633387245f,0.047444204670890416f,-0.13700680582375796f,-0.5246560392528282f,0.030902058082925593f,0.9922400397812808f,0.12043573498377469f,0.07906059328785311f,0.14165761612113076f,0.11492933001627223f,-0.9832214241445765f,-0.1389284773249851f,0f,0f,0f,1f], start_interpolation: 0, interpolation_duration: 1 }
$data merge entity $(bone_leg_right_2) { transformation: [-0.7641380207436335f,0.5243066090650887f,-0.43961103767463006f,-0.4148414129463327f,0.4021322433928961f,0.877322898701843f,0.3473562864522345f,0.29367429303626f,0.5535746955727773f,0.08642517344361259f,-0.8591553673913949f,-0.1461934477640864f,0f,0f,0f,1f], start_interpolation: 0, interpolation_duration: 1 }
$data merge entity $(bone_leg_right_1) { transformation: [-0.8447513669424482f,0.5119457392524924f,0.15590602332842804f,-0.30085417616779775f,0.00780916999027792f,-0.2795034168070897f,0.9601129396363872f,0.16697668377784625f,0.5351019948691352f,0.8122742148156503f,0.2321130221092527f,0.07282255922983658f,0f,0f,0f,1f], start_interpolation: 0, interpolation_duration: 1 }
$data merge entity $(bone_leg_right_0) { transformation: [-0.8471670317941435f,-0.03831403245212278f,-0.5299434452452058f,-0.17425192582380436f,0.06347695684762705f,0.9829550094647059f,-0.17254021362454752f,0.5595817954663148f,0.527521275580867f,-0.17980957784694798f,-0.8302950195707771f,0.008476813073815787f,0f,0f,0f,1f], start_interpolation: 0, interpolation_duration: 1 }
$data merge entity $(bone_tail_4) { transformation: [-0.25779575428456897f,-0.6305469309210879f,-2.676119064723924f,-1.4178642393372811f,2.0377555451858713f,1.760604546224891f,-0.6111344381365533f,0.6939520242197069f,1.8457396941977173f,-2.031832554941042f,0.30093650749729944f,-0.7295732245039738f,0f,0f,0f,1f], start_interpolation: 0, interpolation_duration: 1 }
$data merge entity $(bone_tail_3) { transformation: [-0.26138544105011935f,-0.31834016173818663f,-2.041147402486157f,-1.0686458602970093f,1.50599974683086f,1.378953385771398f,-0.40791892388001394f,0.7496258579755329f,1.4140678695864866f,-1.5274464400883414f,0.05713981894468541f,-0.7243147636855082f,0f,0f,0f,1f], start_interpolation: 0, interpolation_duration: 1 }
$data merge entity $(bone_tail_2) { transformation: [-0.03457482447764313f,0.24965435534183472f,-1.9378470423059635f,-0.7083704878570894f,0.9614053065975511f,1.689459386356132f,0.20050110548824274f,0.7134660584734037f,1.7009639305291528f,-0.9498281737844962f,-0.15271549471746315f,-0.6948935318556971f,0f,0f,0f,1f], start_interpolation: 0, interpolation_duration: 1 }
$data merge entity $(bone_tail_1) { transformation: [-0.14194358289964104f,0.19935778427972947f,-1.492569845307311f,-0.3894874438398166f,0.17900699301019846f,1.4907896035429349f,0.18209641518093064f,0.6558865604981052f,1.495147071604349f,-0.15955902298327057f,-0.1635004662304196f,-0.659188032979211f,0f,0f,0f,1f], start_interpolation: 0, interpolation_duration: 1 }
$data merge entity $(bone_tail_0) { transformation: [-0.9195896663940412f,0.13216076574382352f,-0.8779089326594929f,-0.12975277451357398f,0.11246830694175652f,1.2711322416342796f,0.07354876474485178f,0.6650685873213146f,0.8806483077704621f,-0.024332547335716447f,-0.9261221311172755f,-0.389140808897595f,0f,0f,0f,1f], start_interpolation: 0, interpolation_duration: 1 }
$data merge entity $(bone_body_1) { transformation: [-1.1352454349108847f,-0.15474855136708915f,-0.46462380849460727f,-0.011310834274635029f,-0.25959137204415317f,1.1848121261059916f,0.2396604690988565f,0.5295453806584363f,0.415252594369355f,0.31761251036166266f,-1.1203982199144786f,-0.15005737355487284f,0f,0f,0f,1f], start_interpolation: 0, interpolation_duration: 1 }