# This file was generated by Animated Java via MC-Build. It is not recommended to edit this file directly.
$data merge entity $(bone_head_lower) { transformation: [-0.9589390460726549f,0.1890214038753831f,0.21143986093980904f,0.27582054897598063f,0.21384828059295946f,0.9716028705883692f,0.10127573624454922f,0.43819771348519954f,-0.18629229400246633f,0.1423333086154464f,-0.972129832097482f,0.7561651811959582f,0f,0f,0f,1f], start_interpolation: 0, interpolation_duration: 1 }
$data merge entity $(bone_head_upper) { transformation: [-0.9981592534990907f,0.04358072503262804f,0.29197734097576034f,0.2966174341230554f,0.22259458616576128f,0.7873364112997416f,0.6434477198924903f,0.5003038348387647f,-0.19391157120537805f,0.6794659950511001f,-0.7643272903052638f,0.7186715050572748f,0f,0f,0f,1f], start_interpolation: 0, interpolation_duration: 1 }
$data merge entity $(bone_neck_0) { transformation: [-0.9884420779114557f,-0.08441959016398495f,0.1259189874904824f,0.3064492705338097f,-0.060870813522029533f,0.9817179604350537f,0.1803457518778991f,0.49604987496605707f,-0.1388416460405514f,0.17059653852227852f,-0.9755100298658989f,0.6528689589629902f,0f,0f,0f,1f], start_interpolation: 0, interpolation_duration: 1 }
$data merge entity $(bone_neck_1) { transformation: [-0.9970633167487427f,-0.011111663924584519f,0.07577119055962694f,0.31281689482434366f,-0.007631763855372141f,0.998909416493808f,0.04606228197186576f,0.5045538056346349f,-0.07620038434582894f,0.04534874380649287f,-0.9960607375359802f,0.5686984571906362f,0f,0f,0f,1f], start_interpolation: 0, interpolation_duration: 1 }
$data merge entity $(bone_neck_2) { transformation: [-0.9962426294199218f,-0.06378677548175657f,-0.05858216964333207f,0.3070601449986144f,-0.06775870936312825f,0.9953458642387806f,0.0685227542368093f,0.5203019709284991f,0.053938674732730285f,0.07223474106269806f,-0.9959280905525667f,0.48215491025926904f,0f,0f,0f,1f], start_interpolation: 0, interpolation_duration: 1 }
$data merge entity $(bone_body_0) { transformation: [-0.8644247024401774f,-0.15812882741999146f,-0.4772475329951838f,0.08062879763402332f,-0.11406623629572657f,0.9861807871482455f,-0.12015135786579437f,0.4730696912575131f,0.4896517410859865f,-0.049423971900741326f,-0.8705161936764971f,0.07141306750294282f,0f,0f,0f,1f], start_interpolation: 0, interpolation_duration: 1 }
$data merge entity $(bone_leg_left_3) { transformation: [-0.9240405013425732f,0.026490082355878724f,-0.3813757037559484f,0.37198953296121007f,0.03158762476347042f,0.9994756887155954f,-0.007111232543589002f,0.010921223977466282f,0.3809873670351398f,-0.0186178195088888f,-0.924392775261883f,-0.27090922192952455f,0f,0f,0f,1f], start_interpolation: 0, interpolation_duration: 1 }
$data merge entity $(bone_leg_left_2) { transformation: [-0.9428613619480862f,-0.3699847098793554f,-0.16182078389868104f,0.27928291259960075f,-0.33402026704473736f,0.9455161872863679f,-0.21561957305288293f,0.22413787202162694f,0.22694737903191722f,-0.14550825933820513f,-0.9896385365958641f,-0.3350591681801382f,0f,0f,0f,1f], start_interpolation: 0, interpolation_duration: 1 }
$data merge entity $(bone_leg_left_1) { transformation: [-0.997054642317362f,0.07570261695978002f,0.012294471067858873f,0.319053861640522f,0.03279111902766734f,0.2758693300976103f,0.960635651651764f,0.24748137988278085f,0.06933096527750755f,0.9582093855191236f,-0.2775391697702369f,-0.0614047548905179f,0f,0f,0f,1f], start_interpolation: 0, interpolation_duration: 1 }
$data merge entity $(bone_leg_left_0) { transformation: [-0.9956629532979303f,-0.05406013396748016f,-0.07571515928439757f,0.18822045109196817f,-0.02163050201820347f,0.9260595577793074f,-0.3767569731644449f,0.6392377314080024f,0.09048427936655129f,-0.37348520367079047f,-0.9232125420652083f,-0.12237079698227331f,0f,0f,0f,1f], start_interpolation: 0, interpolation_duration: 1 }
$data merge entity $(bone_leg_right_3) { transformation: [-0.9896130052618174f,0.045994065828636105f,-0.13620075523001024f,-0.5235557526993684f,0.029205651921176606f,0.9920029673656238f,0.12278901674684523f,0.07846993195856156f,0.14075911946489666f,0.11753577602734f,-0.9830423244403663f,-0.13996379584956312f,0f,0f,0f,1f], start_interpolation: 0, interpolation_duration: 1 }
$data merge entity $(bone_leg_right_2) { transformation: [-0.767493227397002f,0.5212724984072016f,-0.4373686406279516f,-0.41437386787441705f,0.40170342191143676f,0.8792330824057077f,0.34299525817231824f,0.2933947827117399f,0.5492273720646763f,0.08536022907869233f,-0.8620470547291822f,-0.14755962502159742f,0f,0f,0f,1f], start_interpolation: 0, interpolation_duration: 1 }
$data merge entity $(bone_leg_right_1) { transformation: [-0.8468230848235169f,0.5096743046487242f,0.1520617183607435f,-0.3008410809324773f,0.007071362672615753f,-0.2750836619524285f,0.9613942868338644f,0.16781523098583534f,0.5318276589647579f,0.8152061592675081f,0.22934310334602065f,0.07233459531464208f,0f,0f,0f,1f], start_interpolation: 0, interpolation_duration: 1 }
$data merge entity $(bone_leg_right_0) { transformation: [-0.8493306629908477f,-0.03855728722869747f,-0.5264510998232321f,-0.1743670614943887f,0.06409384426195061f,0.9824165957544981f,-0.1753556714619406f,0.5603664108481509f,0.5239555363112902f,-0.182677223505578f,-0.83192525384258f,0.0074102380954052804f,0f,0f,0f,1f], start_interpolation: 0, interpolation_duration: 1 }
$data merge entity $(bone_tail_4) { transformation: [-0.4748128183510067f,-0.6575795573269306f,-2.6396596835416672f,-1.4061059851710445f,1.9795889008158725f,1.7543783486449533f,-0.7931240288709016f,0.6603270387199257f,1.8658622411357653f,-2.0286466097355453f,0.16974204403240067f,-0.7616025096022542f,0f,0f,0f,1f], start_interpolation: 0, interpolation_duration: 1 }
$data merge entity $(bone_tail_3) { transformation: [-0.3773738682694516f,-0.3452150956151355f,-2.0185046513078015f,-1.0604639876609812f,1.4709926758614738f,1.3822393328776692f,-0.5114103051877628f,0.7335170307397326f,1.4246806790132647f,-1.5186133446173098f,-0.006633132063789466f,-0.7456169517402423f,0f,0f,0f,1f], start_interpolation: 0, interpolation_duration: 1 }
$data merge entity $(bone_tail_2) { transformation: [-0.1013352877036042f,0.21235216801707377f,-1.9399514404250573f,-0.69985565406086f,0.9494027068110795f,1.7025573160004501f,0.13677339301163535f,0.7091983152249193f,1.705033587577852f,-0.935403130994636f,-0.1914557984486453f,-0.7089875402926905f,0f,0f,0f,1f], start_interpolation: 0, interpolation_duration: 1 }
$data merge entity $(bone_tail_1) { transformation: [-0.18553784561222997f,0.17965842224302483f,-1.4902868211061657f,-0.3811814382959651f,0.17576530750811145f,1.4938982482987873f,0.15821134727444253f,0.6567237144213117f,1.4907509901127525f,-0.15377621742962144f,-0.2041338052133606f,-0.6646046891454358f,0f,0f,0f,1f], start_interpolation: 0, interpolation_duration: 1 }
$data merge entity $(bone_tail_0) { transformation: [-0.9352535150959459f,0.13184604158114901f,-0.8612509508871892f,-0.12632221326578474f,0.10966388900071442f,1.271261303707012f,0.07552645715519307f,0.6653309280540901f,0.8643554885195932f,-0.01862889155473717f,-0.9414766436027635f,-0.38993288026932127f,0f,0f,0f,1f], start_interpolation: 0, interpolation_duration: 1 }
$data merge entity $(bone_body_1) { transformation: [-1.1403786914968872f,-0.14477404804465643f,-0.45517195657120724f,-0.010749549782453032f,-0.2480592138849609f,1.1863668068913322f,0.24414139544430002f,0.52866125f,0.40817601772136575f,0.3165104572924541f,-1.1233067542029198f,-0.15009902035168757f,0f,0f,0f,1f], start_interpolation: 0, interpolation_duration: 1 }