# This file was generated by Animated Java via MC-Build. It is not recommended to edit this file directly.
$data merge entity $(bone_head_lower) { transformation: [-0.9602925040094785f,0.1944989075959513f,0.20002120309403967f,0.2747968483161313f,0.21315874787441758f,0.9740402130768966f,0.07621687158184981f,0.44553726086368495f,-0.18000459701856486f,0.11582675965896327f,-0.976822658827634f,0.758295591639385f,0f,0f,0f,1f], start_interpolation: 0, interpolation_duration: 1 }
$data merge entity $(bone_head_upper) { transformation: [-0.9995680673015896f,0.0523750889429843f,0.2856439592791807f,0.29535416459536407f,0.22187685184633632f,0.7982975735236648f,0.6300504656807223f,0.5069657180023649f,-0.18736671003470876f,0.6659202480387199f,-0.7777633842026287f,0.7195735321286382f,0f,0f,0f,1f], start_interpolation: 0, interpolation_duration: 1 }
$data merge entity $(bone_neck_0) { transformation: [-0.9903256693494205f,-0.07238997816254579f,0.11838395030259852f,0.30450411685053264f,-0.05230256060405385f,0.9849476340808873f,0.16475011463644518f,0.5016481227081708f,-0.12852824896450282f,0.15696448381748235f,-0.9792051062152555f,0.6537499967608673f,0f,0f,0f,1f], start_interpolation: 0, interpolation_duration: 1 }
$data merge entity $(bone_neck_1) { transformation: [-0.9975393789071174f,0.0017535405599031718f,0.07008646534893073f,0.31044943869261166f,0.0037940377239637528f,0.9995724579436748f,0.028991491824143838f,0.5087089879461952f,-0.07000566268060904f,0.02918606544132032f,-0.997119541868829f,0.5694153409258205f,0f,0f,0f,1f], start_interpolation: 0, interpolation_duration: 1 }
$data merge entity $(bone_neck_2) { transformation: [-0.9968879336924202f,-0.05147369547944097f,-0.05970683656120401f,0.30471471235877257f,-0.054637484968554945f,0.9971185241352111f,0.05262503266250003f,0.5230817490455366f,0.056825987846824966f,0.05572349145654852f,-0.9968278184346202f,0.48263131563085115f,0f,0f,0f,1f], start_interpolation: 0, interpolation_duration: 1 }
$data merge entity $(bone_body_0) { transformation: [-0.8670355252312205f,-0.1460322517943538f,-0.47636538436676085f,0.07881435333825364f,-0.0951879861135063f,0.9870229797555169f,-0.12932472591966027f,0.4715341183482189f,0.48906916206879814f,-0.06678487007107797f,-0.869684503623534f,0.0721160610214536f,0f,0f,0f,1f], start_interpolation: 0, interpolation_duration: 1 }
$data merge entity $(bone_leg_left_3) { transformation: [-0.9254429425006522f,0.03096795192690529f,-0.37761931376610913f,0.36842857477460533f,0.032606326610423536f,0.9994661590877997f,0.002055310987596065f,0.007917014023961f,0.37748137389904257f,-0.010410705630946843f,-0.9259586543510229f,-0.2678822141856534f,0f,0f,0f,1f], start_interpolation: 0, interpolation_duration: 1 }
$data merge entity $(bone_leg_left_2) { transformation: [-0.9461182611646217f,-0.36133474687581096f,-0.16235650923729664f,0.27771663923467627f,-0.32640349802810703f,0.9492941054020171f,-0.2106268202881448f,0.22218040420927945f,0.22446200539633068f,-0.14261872825780078f,-0.9906255124840465f,-0.33139297266726314f,0f,0f,0f,1f], start_interpolation: 0, interpolation_duration: 1 }
$data merge entity $(bone_leg_left_1) { transformation: [-0.9968183166179396f,0.0768229880298476f,0.021247874367631786f,0.3173123965739738f,0.04143812227513075f,0.271754591671754f,0.9614740370533307f,0.2441893909338999f,0.06808910101688889f,0.9592954031034884f,-0.274073354974955f,-0.05760260365504134f,0f,0f,0f,1f], start_interpolation: 0, interpolation_duration: 1 }
$data merge entity $(bone_leg_left_0) { transformation: [-0.9959031714798338f,-0.045935811142781946f,-0.07788950051876808f,0.18981793265376154f,-0.012891860773175917f,0.9246892124353702f,-0.3805044813552918f,0.6367288619019456f,0.08950236288620303f,-0.3779414791476443f,-0.9214931173793308f,-0.12057246919624756f,0f,0f,0f,1f], start_interpolation: 0, interpolation_duration: 1 }
$data merge entity $(bone_leg_right_3) { transformation: [-0.9898395525249628f,0.04360054180402491f,-0.13533902989003588f,-0.5209302637929115f,0.026645440097935874f,0.9918427796838352f,0.12465119698996524f,0.07694421157361231f,0.13966989933112928f,0.11977851703640044f,-0.9829269688422394f,-0.1415499231756021f,0f,0f,0f,1f], start_interpolation: 0, interpolation_duration: 1 }
$data merge entity $(bone_leg_right_2) { transformation: [-0.773079681334964f,0.5156227205775636f,-0.43421563287370957f,-0.41295922521126716f,0.4000169780934909f,0.8826981665451263f,0.3359948861448919f,0.2924630418696921f,0.5425831024319465f,0.08390087188318555f,-0.8663869921422294f,-0.14960974212060713f,0f,0f,0f,1f], start_interpolation: 0, interpolation_duration: 1 }
$data merge entity $(bone_leg_right_1) { transformation: [-0.8500036885080157f,0.5064021759259048f,0.14508813094211642f,-0.30000886417381784f,0.004842851752092382f,-0.26790243936035874f,0.9634338741043292f,0.16868184966067212f,0.5267544744087845f,0.8196249869313881f,0.22526563095165372f,0.07160015380764721f,0f,0f,0f,1f], start_interpolation: 0, interpolation_duration: 1 }
$data merge entity $(bone_leg_right_0) { transformation: [-0.8528231524009758f,-0.04132931303693217f,-0.5205617721392504f,-0.17469656885168652f,0.06273842642358718f,0.9815333273262576f,-0.1807103129257921f,0.5614797329697951f,0.5184173613786036f,-0.1867731651810314f,-0.834481410331893f,0.005919638634388574f,0f,0f,0f,1f], start_interpolation: 0, interpolation_duration: 1 }
$data merge entity $(bone_tail_4) { transformation: [-0.6937937935936334f,-0.6754957245520469f,-2.5861200725571223f,-1.3900634531311993f,1.9071440801927289f,1.746877733551373f,-0.9679261196022391f,0.6280678111276066f,1.8727287472981198f,-2.0292326238591576f,0.027628407643087355f,-0.798533850012186f,0f,0f,0f,1f], start_interpolation: 0, interpolation_duration: 1 }
$data merge entity $(bone_tail_3) { transformation: [-0.4966288908164433f,-0.36602276121114957f,-1.9888018023740417f,-1.0492543418142308f,1.4307083680965231f,1.383680502099466f,-0.6119210403416421f,0.7182866065707442f,1.4291182023574733f,-1.5124156612616717f,-0.0785210628137931f,-0.7704194048479446f,0f,0f,0f,1f], start_interpolation: 0, interpolation_duration: 1 }
$data merge entity $(bone_tail_2) { transformation: [-0.1743240585885489f,0.17784630949073185f,-1.938235199298712f,-0.6890272356412765f,0.9356533233838026f,1.7140535686648577f,0.07312384830469287f,0.7057927710515043f,1.706733094552525f,-0.9215014535802806f,-0.23805690498569704f,-0.7251223848420129f,0f,0f,0f,1f], start_interpolation: 0, interpolation_duration: 1 }
$data merge entity $(bone_tail_1) { transformation: [-0.23450185141503033f,0.16044846963946377f,-1.485571075470062f,-0.37108619506269797f,0.17162999981750476f,1.4966942469859628f,0.13455751261734197f,0.6583779841209316f,1.4843208126431318f,-0.14771211740909046f,-0.2502580778415688f,-0.6708820889821341f,0f,0f,0f,1f], start_interpolation: 0, interpolation_duration: 1 }
$data merge entity $(bone_tail_0) { transformation: [-0.9532439074765984f,0.1314608167817605f,-0.8413559431618974f,-0.12205004985347559f,0.106372437693916f,1.2713834007530658f,0.07813366350460464f,0.6662262578805166f,0.844894475033319f,-0.011748128560294472f,-0.9590886424713466f,-0.39089759962762194f,0f,0f,0f,1f], start_interpolation: 0, interpolation_duration: 1 }
$data merge entity $(bone_body_1) { transformation: [-1.1464392893547874f,-0.13544670237145817f,-0.4426462941182695f,-0.010017690356415065f,-0.23666701198786713f,1.187563186719329f,0.24957363250555317f,0.5282130761316872f,0.39783196995298753f,0.31615259515300487f,-1.1271121751261475f,-0.15015492809613545f,0f,0f,0f,1f], start_interpolation: 0, interpolation_duration: 1 }