# This file was generated by Animated Java via MC-Build. It is not recommended to edit this file directly.
$data merge entity $(bone_head_lower) { transformation: [-0.9644129610340391f,0.20016529968970603f,0.17274690558642944f,0.26806576694767675f,0.2080057990007182f,0.977716456398267f,0.028356982739504488f,0.4572802046765361f,-0.1632214084353811f,0.06328019981120375f,-0.9845579658609362f,0.7645256421577258f,0f,0f,0f,1f], start_interpolation: 0, interpolation_duration: 1 }
$data merge entity $(bone_head_upper) { transformation: [-1.0038570493015977f,0.06753591733686153f,0.26679930101195004f,0.28766308310407873f,0.21651314951076467f,0.8167247216163248f,0.6079101313296014f,0.5175944771872123f,-0.16989709603146802f,0.6417722115779965f,-0.8017077695706013f,0.7236161050939703f,0f,0f,0f,1f], start_interpolation: 0, interpolation_duration: 1 }
$data merge entity $(bone_neck_0) { transformation: [-0.9937558779659434f,-0.04746160920388188f,0.10097846631789573f,0.29528403834678224f,-0.0331069742276123f,0.9896887355160111f,0.13935614464461604f,0.5105517006399477f,-0.10655131752178684f,0.13514289638932916f,-0.9850803085484321f,0.6577597721107948f,0f,0f,0f,1f], start_interpolation: 0, interpolation_duration: 1 }
$data merge entity $(bone_neck_1) { transformation: [-0.9978341250859909f,0.028145551240923668f,0.059454913667577255f,0.30045031291654095f,0.028249151096889788f,0.9996005056550051f,0.0009025278738238919f,0.5152331911760284f,-0.059405759621265895f,0.002580123950990821f,-0.9982305839254865f,0.5732084261844189f,0f,0f,0f,1f], start_interpolation: 0, interpolation_duration: 1 }
$data merge entity $(bone_neck_2) { transformation: [-0.9979961388216583f,-0.026531723641344f,-0.05744366403425444f,0.29515805496288394f,-0.02808218754064f,0.999258152040865f,0.026354057046454382f,0.5273253660735508f,0.05670183101094062f,0.027914390921078752f,-0.9980008462619216f,0.4860493663791392f,0f,0f,0f,1f], start_interpolation: 0, interpolation_duration: 1 }
$data merge entity $(bone_body_0) { transformation: [-0.8757742887852873f,-0.12065508148422502f,-0.46739891571831765f,0.07372530826078569f,-0.05980259502568651f,0.9879186927949978f,-0.14296959835719078f,0.469355490951039f,0.47900213436979344f,-0.09725743024703931f,-0.8724092775360223f,0.07395964681631187f,0f,0f,0f,1f], start_interpolation: 0, interpolation_duration: 1 }
$data merge entity $(bone_leg_left_3) { transformation: [-0.9303966232630188f,0.03459069017836476f,-0.3649186314423484f,0.36259350192019885f,0.027893814535040577f,0.9993320578140442f,0.02360875549098354f,0.004994690345270697f,0.36549153004065205f,0.011786533762419504f,-0.930740038405145f,-0.2581329695498575f,0f,0f,0f,1f], start_interpolation: 0, interpolation_duration: 1 }
$data merge entity $(bone_leg_left_2) { transformation: [-0.9529762739228754f,-0.3440118426408356f,-0.15985703914317922f,0.2759861156550204f,-0.3125993464084386f,0.9570396252615472f,-0.19600766261794286f,0.22153676287808485f,0.21489548498231412f,-0.13339118150308615f,-0.9940266207361457f,-0.3196127510517732f,0f,0f,0f,1f], start_interpolation: 0, interpolation_duration: 1 }
$data merge entity $(bone_leg_left_1) { transformation: [-0.9963555410395841f,0.07558597955038171f,0.03952714934227722f,0.3142671357847103f,0.05789594854252995f,0.2589761685671962f,0.9641469821850899f,0.23960472048841802f,0.06263940438795818f,0.9629216498810608f,-0.262408462531713f,-0.045347372147714185f,0f,0f,0f,1f], start_interpolation: 0, interpolation_duration: 1 }
$data merge entity $(bone_leg_left_0) { transformation: [-0.9963833460729317f,-0.02982104670801969f,-0.07956715931680877f,0.19318059142203634f,0.0038927360213935475f,0.9193907321806696f,-0.3933262363313186f,0.6330592463815387f,0.08488270892694269f,-0.39221344540126435f,-0.9159495286159021f,-0.11490931140316449f,0f,0f,0f,1f], start_interpolation: 0, interpolation_duration: 1 }
$data merge entity $(bone_leg_right_3) { transformation: [-0.9904388784756348f,0.03590844660273802f,-0.13319688985297296f,-0.5103211194024554f,0.01894420297797529f,0.9917847685643779f,0.12650727258633593f,0.07078898297720079f,0.13664532621885012f,0.12277441226201205f,-0.982982450767185f,-0.14632234411032305f,0f,0f,0f,1f], start_interpolation: 0, interpolation_duration: 1 }
$data merge entity $(bone_leg_right_2) { transformation: [-0.7913477869597616f,0.4956689735410756f,-0.42443273700707695f,-0.40667059423994556f,0.39247213135155856f,0.8945029649395827f,0.3128774062270334f,0.2883567658749214f,0.5213410646466927f,0.07898679562893673f,-0.879787917585835f,-0.155908821279853f,0f,0f,0f,1f], start_interpolation: 0, interpolation_duration: 1 }
$data merge entity $(bone_leg_right_1) { transformation: [-0.8598136867156234f,0.49608240389441943f,0.12092424356935957f,-0.2954376030444548f,-0.004424890812861442f,-0.24405430219681018f,0.969751472244576f,0.17053473267906538f,0.5105887234142387f,0.83327051197409f,0.21203633980206274f,0.06938781833792763f,0f,0f,0f,1f], start_interpolation: 0, interpolation_duration: 1 }
$data merge entity $(bone_leg_right_0) { transformation: [-0.8640930933263296f,-0.05551418190097651f,-0.5002612334306948f,-0.17603691955102016f,0.0529493723769078f,0.978358522391735f,-0.20002741219231068f,0.5647968453793358f,0.5005391992947469f,-0.1993308236859675f,-0.8424534009059772f,0.0015045226395529743f,0f,0f,0f,1f], start_interpolation: 0, interpolation_duration: 1 }
$data merge entity $(bone_tail_4) { transformation: [-1.128472220221852f,-0.6793911084791401f,-2.4270639673290537f,-1.3432062075316593f,1.7242382400453078f,1.7314532189660778f,-1.2863644793360334f,0.5693931682664898f,1.8382639286438227f,-2.0411170480527296f,-0.28335182440825524f,-0.8870010532988566f,0f,0f,0f,1f], start_interpolation: 0, interpolation_duration: 1 }
$data merge entity $(bone_tail_3) { transformation: [-0.7420870841791003f,-0.3859124219068821f,-1.906914756394991f,-1.0160874772038377f,1.3355108687339248f,1.3830958041061192f,-0.7996263141005601f,0.691445563383411f,1.414801401268942f,-1.5079997099888494f,-0.2453964052007013f,-0.8306339303484833f,0f,0f,0f,1f], start_interpolation: 0, interpolation_duration: 1 }
$data merge entity $(bone_tail_2) { transformation: [-0.3390987293721324f,0.11946987605513944f,-1.9208104735908615f,-0.659235322129161f,0.9022583887893382f,1.7326423698501887f,-0.051517890697947565f,0.7021020844520119f,1.699916388120383f,-0.8957964288375273f,-0.35581864268818103f,-0.7634441845057292f,0f,0f,0f,1f], start_interpolation: 0, interpolation_duration: 1 }
$data merge entity $(bone_tail_1) { transformation: [-0.34873840038485465f,0.12400672175533653f,-1.4665129085884334f,-0.34484078532068574f,0.16012400504464144f,1.5013718682805388f,0.08887669066897283f,0.6644711141586895f,1.463009938826622f,-0.1347631110330241f,-0.3593008110194359f,-0.6858770374742994f,0f,0f,0f,1f], start_interpolation: 0, interpolation_duration: 1 }
$data merge entity $(bone_tail_0) { transformation: [-0.9960488746897809f,0.12998476915592302f,-0.7904595597503581f,-0.11071336594488432f,0.09804209160854749f,1.2715750771570897f,0.08555868167515383f,0.6701542505284324f,0.7950535227808689f,0.006041483629914981f,-1.000844200149707f,-0.39326130864515435f,0f,0f,0f,1f], start_interpolation: 0, interpolation_duration: 1 }
$data merge entity $(bone_body_1) { transformation: [-1.1612307854670298f,-0.11943423350607539f,-0.40728751737156293f,-0.007979980154344625f,-0.2146929633016185f,1.188722690004378f,0.26353347573652863f,0.5288175f,0.366134660266745f,0.3182427142792461f,-1.1372209901403434f,-0.15030926358048108f,0f,0f,0f,1f], start_interpolation: 0, interpolation_duration: 1 }