# This file was generated by Animated Java via MC-Build. It is not recommended to edit this file directly.
$data merge entity $(bone_head_lower) { transformation: [-0.9694717219071691f,0.19391067365324888f,0.15007741690771287f,0.24859910842750624f,0.1964431815244828f,0.9805129748985869f,0.00209343929020378f,0.45445189594973145f,-0.1467469142942614f,0.031511215445709395f,-0.9886720317912541f,0.7747692243865356f,0f,0f,0f,1f], start_interpolation: 0, interpolation_duration: 1 }
$data merge entity $(bone_head_upper) { transformation: [-1.0091227113866217f,0.07034303476088058f,0.24534700611144517f,0.26677895835769094f,0.20447762579750856f,0.8216352285247018f,0.6054555263426717f,0.5147034824231729f,-0.1527488019443491f,0.6351687581196805f,-0.810370529323948f,0.7331195440066547f,0f,0f,0f,1f], start_interpolation: 0, interpolation_duration: 1 }
$data merge entity $(bone_neck_0) { transformation: [-0.9957395035221644f,-0.025178080700196906f,0.08870685079342847f,0.27324534544108037f,-0.012776023306473113f,0.9903921315873512f,0.1376960381359423f,0.5075353734007358f,-0.09132148900398886f,0.13597606385727162f,-0.9864942451448855f,0.6671533382234878f,0f,0f,0f,1f], start_interpolation: 0, interpolation_duration: 1 }
$data merge entity $(bone_neck_1) { transformation: [-0.9968605131481546f,0.05273906841863283f,0.059056819998476534f,0.2784911955115349f,0.052623246671402536f,0.9986082480392147f,-0.0035158011620044297f,0.5118380022701094f,-0.05916004763147514f,-0.00039700174407412275f,-0.998248431580965f,0.5825867651205059f,0f,0f,0f,1f], start_interpolation: 0, interpolation_duration: 1 }
$data merge entity $(bone_neck_2) { transformation: [-0.9992099070427328f,-0.0037872320042345586f,-0.03956284293878776f,0.2749881143804336f,-0.00468164618397842f,0.9997349959072886f,0.02253930227982648f,0.5236006446388942f,0.03946699705654244f,0.02270671336850523f,-0.9989628428081493f,0.49529244078476437f,0f,0f,0f,1f], start_interpolation: 0, interpolation_duration: 1 }
$data merge entity $(bone_body_0) { transformation: [-0.8926147366619241f,-0.09485819773207455f,-0.440727641766416f,0.0663711866384332f,-0.03716731857671438f,0.9897689976993291f,-0.13775311837879553f,0.46810690343549505f,0.44928556879092024f,-0.10657979881895094f,-0.8870080180922442f,0.07623358232945854f,0f,0f,0f,1f], start_interpolation: 0, interpolation_duration: 1 }
$data merge entity $(bone_leg_left_3) { transformation: [-0.9355204109180546f,0.04390996033111137f,-0.35053313130064423f,0.35938077489150877f,0.028373594087208083f,0.9983790221434519f,0.04933829448267621f,0.007040415873033834f,0.35213136741035833f,0.036211096746786714f,-0.9352498364384281f,-0.24266423846894244f,0f,0f,0f,1f], start_interpolation: 0, interpolation_duration: 1 }
$data merge entity $(bone_leg_left_2) { transformation: [-0.9601301348608171f,-0.3278536191610267f,-0.1507459055359714f,0.2768103235527215f,-0.30224376844218986f,0.9647437898945836f,-0.1731482711389113f,0.2261008410016044f,0.19713200671303344f,-0.11765892980792611f,-0.9996787222235155f,-0.3006790880698379f,0f,0f,0f,1f], start_interpolation: 0, interpolation_duration: 1 }
$data merge entity $(bone_leg_left_1) { transformation: [-0.9960516721946483f,0.0678201442540301f,0.05728432902293058f,0.31203378295594275f,0.07191219643587836f,0.23802804498214672f,0.968592425019804f,0.2379629361082481f,0.052054801142761696f,0.9688875465374398f,-0.24196532776959565f,-0.02566638969553342f,0f,0f,0f,1f], start_interpolation: 0, interpolation_duration: 1 }
$data merge entity $(bone_leg_left_0) { transformation: [-0.9969647567759843f,-0.014626060806688213f,-0.07646798082780451f,0.19659338750342362f,0.01848396493136549f,0.9096445707830544f,-0.41497602085581864f,0.6310498343188922f,0.07562814811310975f,-0.41512989917638043f,-0.9066132306682876f,-0.10606218633536889f,0f,0f,0f,1f], start_interpolation: 0, interpolation_duration: 1 }
$data merge entity $(bone_leg_right_3) { transformation: [-0.9913900347841571f,0.025134571169611722f,-0.12850701250432672f,-0.4919158632578525f,0.008999980003654179f,0.9921631754879428f,0.12462436987048595f,0.060644330271339614f,0.13063230569273954f,0.12239479783798643f,-0.9838468956964781f,-0.15237682955535337f,0f,0f,0f,1f], start_interpolation: 0, interpolation_duration: 1 }
$data merge entity $(bone_leg_right_2) { transformation: [-0.8195048091555462f,0.4634643321965635f,-0.40703179243545495f,-0.3951907439125195f,0.3784437179108949f,0.9122640388606827f,0.2767975348085097f,0.2812589274547892f,0.48708769194612694f,0.07097419026577506f,-0.8998724599471897f,-0.16439859578295063f,0f,0f,0f,1f], start_interpolation: 0, interpolation_duration: 1 }
$data merge entity $(bone_leg_right_1) { transformation: [-0.8745860664218599f,0.4777960169920521f,0.0825238060638776f,-0.2871831785597482f,-0.02066707920797559f,-0.20677741758593476f,0.9781697048127705f,0.17279391408476263f,0.4844296484090845f,0.853788068388767f,0.19071929639978288f,0.06708162445405441f,0f,0f,0f,1f], start_interpolation: 0, interpolation_duration: 1 }
$data merge entity $(bone_leg_right_0) { transformation: [-0.8808831334595936f,-0.08028000141770154f,-0.4664761800550823f,-0.1783044027888022f,0.03468550921170431f,0.9719143642169963f,-0.23276465384460018f,0.5693144990331952f,0.4720612467012437f,-0.22121842147761026f,-0.853358417877167f,-0.005196425209906569f,0f,0f,0f,1f], start_interpolation: 0, interpolation_duration: 1 }
$data merge entity $(bone_tail_4) { transformation: [-1.3622616829477951f,-0.60043420166375f,-2.3258080763993942f,-1.2918708451138428f,1.6211158380115678f,1.7432444222106276f,-1.3995512337101432f,0.5627763839438347f,1.7725371303643511f,-2.05578184287729f,-0.5074785390297418f,-0.9667678730650343f,0f,0f,0f,1f], start_interpolation: 0, interpolation_duration: 1 }
$data merge entity $(bone_tail_3) { transformation: [-0.8841678422206998f,-0.3359711455114008f,-1.8550784733296297f,-0.974030347425916f,1.2827626932070044f,1.3943165271293245f,-0.8639136653247101f,0.6956197345616313f,1.3815616619404096f,-1.509619269088143f,-0.38507474949505116f,-0.8867006159564395f,0f,0f,0f,1f], start_interpolation: 0, interpolation_duration: 1 }
$data merge entity $(bone_tail_2) { transformation: [-0.45892187314459904f,0.13376570626900683f,-1.8948011307729844f,-0.6220984732634289f,0.8775601754232822f,1.7437493711121854f,-0.08944352553254972f,0.7133109282839876f,1.6846521088531266f,-0.8719052365796341f,-0.4695768366992796f,-0.7983690724269736f,0f,0f,0f,1f], start_interpolation: 0, interpolation_duration: 1 }
$data merge entity $(bone_tail_1) { transformation: [-0.4441449698407631f,0.12499438344532332f,-1.4404054637053658f,-0.313242891700616f,0.14892160376602812f,1.5027775953171152f,0.08448730641145406f,0.6766180234089928f,1.4381285935885224f,-0.11701347409607271f,-0.45359700746705345f,-0.7007036360220754f,0f,0f,0f,1f], start_interpolation: 0, interpolation_duration: 1 }
$data merge entity $(bone_tail_0) { transformation: [-1.0362143318418469f,0.1410206322954133f,-0.7349889498057666f,-0.0950589587713291f,0.09920266231981635f,1.2701230751778771f,0.10383603552418937f,0.6769250527845478f,0.7417913499483817f,0.027134327920957196f,-1.04059840379181f,-0.395961797008703f,0f,0f,0f,1f], start_interpolation: 0, interpolation_duration: 1 }
$data merge entity $(bone_body_1) { transformation: [-1.1790959056724268f,-0.10816470547773209f,-0.35586210359026f,-0.005040344016490552f,-0.19416460420836276f,1.1879548586011615f,0.2822551247626061f,0.5312875f,0.3172342143517614f,0.3250665246854249f,-1.149912519642173f,-0.15051878117085263f,0f,0f,0f,1f], start_interpolation: 0, interpolation_duration: 1 }