# This file was generated by Animated Java via MC-Build. It is not recommended to edit this file directly.
$data merge entity $(bone_head_lower) { transformation: [-0.9759241611749816f,0.17665833835488548f,0.12792131614629113f,0.21689083422039238f,0.17571456885343797f,0.984263222349217f,-0.018716287649705177f,0.44670193251447765f,-0.12921463511367037f,0.0042119615889617545f,-0.9916077034049373f,0.7881065591639794f,0f,0f,0f,1f], start_interpolation: 0, interpolation_duration: 1 }
$data merge entity $(bone_head_upper) { transformation: [-1.0158390527319714f,0.06449002446013553f,0.21767865828612953f,0.23302978840082808f,0.1829012215051399f,0.8237252104164655f,0.6095046049701224f,0.5072728838590602f,-0.13449945985038822f,0.6330795819270971f,-0.8152251718577346f,0.7460809657360351f,0f,0f,0f,1f], start_interpolation: 0, interpolation_duration: 1 }
$data merge entity $(bone_neck_0) { transformation: [-0.997043503125189f,-0.0009005813986762996f,0.07683385861061413f,0.23833479756871326f,0.010232957373308049f,0.989468401615082f,0.1443868719402538f,0.5005449757882848f,-0.076154707400446f,0.14474623020458788f,-0.9865338257669186f,0.6799649435854495f,0f,0f,0f,1f], start_interpolation: 0, interpolation_duration: 1 }
$data merge entity $(bone_neck_1) { transformation: [-0.9946862925225441f,0.07992918197332728f,0.06488840679836837f,0.24419992103507765f,0.0800614014393091f,0.9967897740407655f,-0.0005642404928268147f,0.50508926310317f,-0.06472519963143872f,0.004633814501540372f,-0.9978923670896755f,0.5954517101598177f,0f,0f,0f,1f], start_interpolation: 0, interpolation_duration: 1 }
$data merge entity $(bone_neck_2) { transformation: [-0.9997355404217191f,0.021451945646923494f,-0.008286328840608481f,0.24368400443652347f,0.02124003878345572f,0.9994651224173642f,0.024866238632341928f,0.5170531203183205f,0.008815325868653745f,0.024683660571412802f,-0.9996564444501044f,0.5081159766669371f,0f,0f,0f,1f], start_interpolation: 0, interpolation_duration: 1 }
$data merge entity $(bone_body_0) { transformation: [-0.9154159356357472f,-0.06387084768116279f,-0.3974093350697983f,0.05577802544041138f,-0.014627244134612805f,0.9919564000134843f,-0.12573203331416688f,0.467245709168107f,0.40224334489604163f,-0.10928410355023294f,-0.9089869505103282f,0.07867276790103844f,0f,0f,0f,1f], start_interpolation: 0, interpolation_duration: 1 }
$data merge entity $(bone_leg_left_3) { transformation: [-0.9433625868110428f,0.05069298778908294f,-0.3278677336887441f,0.3581126616545686f,0.02377351163220498f,0.9960459064985714f,0.08560007179969245f,0.014124196041487042f,0.3309106374081237f,0.07295733778349478f,-0.9408375932719174f,-0.2199364629398468f,0f,0f,0f,1f], start_interpolation: 0, interpolation_duration: 1 }
$data merge entity $(bone_leg_left_2) { transformation: [-0.9680705144528989f,-0.3117445051531146f,-0.13310537950974569f,0.279830074137643f,-0.2941459487420595f,0.9727460503914733f,-0.1389441678773074f,0.2361195592502647f,0.16846316922766044f,-0.09296603925801852f,-1.0074917744870888f,-0.2724813701285877f,0f,0f,0f,1f], start_interpolation: 0, interpolation_duration: 1 }
$data merge entity $(bone_leg_left_1) { transformation: [-0.9957778970109527f,0.05174005559752486f,0.0758244450768316f,0.30969632532170577f,0.08493489429737758f,0.20599150308010708f,0.9748607923131852f,0.23868652120209716f,0.034820160182539826f,0.9771849708758126f,-0.20951632189235042f,0.003407744202358523f,0f,0f,0f,1f], start_interpolation: 0, interpolation_duration: 1 }
$data merge entity $(bone_leg_left_0) { transformation: [-0.9976512648355769f,0.0019236957750181916f,-0.06847081981792541f,0.20002305912809634f,0.032431067371828874f,0.8937327308289061f,-0.44742600697124213f,0.6297892536473568f,0.06033390125872465f,-0.4485957035457109f,-0.8916959768436947f,-0.09312052067757426f,0f,0f,0f,1f], start_interpolation: 0, interpolation_duration: 1 }
$data merge entity $(bone_leg_right_3) { transformation: [-0.9930122512837266f,0.011944455646177451f,-0.11740527577473375f,-0.46384439852694653f,-0.0019715248929567802f,0.9930466863555856f,0.1177046804837764f,0.04675021364529633f,0.1179948384041491f,0.11711365717758107f,-0.9860839768561654f,-0.15849412347987019f,0f,0f,0f,1f], start_interpolation: 0, interpolation_duration: 1 }
$data merge entity $(bone_leg_right_2) { transformation: [-0.8588254353125898f,0.4163769702371374f,-0.3756478268497994f,-0.3770643686114885f,0.3558325865477269f,0.9356581010152768f,0.22358284338458376f,0.27120843884789103f,0.43343308769819294f,0.056888805237259865f,-0.9278801764386294f,-0.17458149780848997f,0f,0f,0f,1f], start_interpolation: 0, interpolation_duration: 1 }
$data merge entity $(bone_leg_right_1) { transformation: [-0.8950087374945167f,0.4452036333981291f,0.027442387242647193f,-0.27539655372882266f,-0.045309465888024085f,-0.15194753502732922f,0.9873494816426758f,0.17666136166408775f,0.44374137975786426f,0.88244301312222f,0.15616631033089093f,0.06570560395261064f,0f,0f,0f,1f], start_interpolation: 0, interpolation_duration: 1 }
$data merge entity $(bone_leg_right_0) { transformation: [-0.9034525654823863f,-0.11385424670749345f,-0.41329247807087366f,-0.18140532874692764f,0.00826455343293949f,0.9592817017318686f,-0.2823301504957707f,0.575329007117361f,0.42860839828431785f,-0.2584875765468809f,-0.8657245599444847f,-0.015146338878709864f,0f,0f,0f,1f], start_interpolation: 0, interpolation_duration: 1 }
$data merge entity $(bone_tail_4) { transformation: [-1.6075280008988944f,-0.47255505069472353f,-2.195041407807359f,-1.2171675575453809f,1.512511023235892f,1.7673078347978213f,-1.488151455078464f,0.5676129620772971f,1.6594654146790517f,-2.0685686047905545f,-0.7699738932969984f,-1.066710161349883f,0f,0f,0f,1f], start_interpolation: 0, interpolation_duration: 1 }
$data merge entity $(bone_tail_3) { transformation: [-1.0415192394856718f,-0.25054261506100045f,-1.785612387351753f,-0.9119419262180167f,1.226504316459838f,1.4130931398260134f,-0.9136741574141674f,0.7087101094018184f,1.3216922340435453f,-1.508755017310464f,-0.5592257703771593f,-0.95712178408085f,0f,0f,0f,1f], start_interpolation: 0, interpolation_duration: 1 }
$data merge entity $(bone_tail_2) { transformation: [-0.605970694608131f,0.16961356121842708f,-1.850082331176026f,-0.5684233836436297f,0.8471726478201105f,1.7571357853842344f,-0.11638819317426169f,0.731390973418636f,1.6534424383885817f,-0.838140171197938f,-0.6184036152568064f,-0.8411387108151349f,0f,0f,0f,1f], start_interpolation: 0, interpolation_duration: 1 }
$data merge entity $(bone_tail_1) { transformation: [-0.5637664251364587f,0.13193725668541628f,-1.3972888850152587f,-0.26881659523803514f,0.13352259774658118f,1.5040142746071354f,0.08814208795449169f,0.6939111949829602f,1.3971382836998856f,-0.09049791199966555f,-0.5722508140176282f,-0.7182252634282598f,0f,0f,0f,1f], start_interpolation: 0, interpolation_duration: 1 }
$data merge entity $(bone_tail_0) { transformation: [-1.0857023404341521f,0.15325929829910123f,-0.6569609821326526f,-0.07313890718959067f,0.1007641487228512f,1.2676704855999663f,0.12920465492749464f,0.6867457387918772f,0.6670327809725631f,0.05795553474553497f,-1.0888269567219555f,-0.39864614968900014f,0f,0f,0f,1f], start_interpolation: 0, interpolation_duration: 1 }
$data merge entity $(bone_body_1) { transformation: [-1.199635372884195f,-0.1002513123939175f,-0.2818319384749457f,-0.0008642920081753831f,-0.171283628146689f,1.1852085401516583f,0.3074853332058818f,0.5354275000000001f,0.24523761112471143f,0.3373944068462347f,-1.1638849270331548f,-0.15078511520327464f,0f,0f,0f,1f], start_interpolation: 0, interpolation_duration: 1 }