# This file was generated by Animated Java via MC-Build. It is not recommended to edit this file directly.
$data merge entity $(bone_head_lower) { transformation: [-0.9893737357440362f,0.113821608494837f,0.09046685834899981f,0.12644909505886293f,0.11032771334504379f,0.9929757774478483f,-0.042742263275300674f,0.42236672018127636f,-0.09469639215906694f,-0.0323070710756842f,-0.9949818322314065f,0.8120556117543024f,0f,0f,0f,1f], start_interpolation: 0, interpolation_duration: 1 }
$data merge entity $(bone_head_upper) { transformation: [-1.0298387092969108f,0.029605098293969796f,0.14841736277196232f,0.1370256803074829f,0.11484007085097553f,0.8177134100769676f,0.6337416505885873f,0.48445238808252156f,-0.09856943514154272f,0.6433818925947548f,-0.8122904340939734f,0.7704748207862143f,0f,0f,0f,1f], start_interpolation: 0, interpolation_duration: 1 }
$data merge entity $(bone_neck_0) { transformation: [-0.9974549607322197f,0.04537822732901472f,0.05499470697405362f,0.14016747009596126f,0.05458518364081282f,0.9822334696782272f,0.17954907064858258f,0.4801012389070692f,-0.04587002330045735f,0.1820940073927399f,-0.982210625799817f,0.7040223346621056f,0f,0f,0f,1f], start_interpolation: 0, interpolation_duration: 1 }
$data merge entity $(bone_neck_1) { transformation: [-0.987113025098048f,0.13245247194860854f,0.08980099307069724f,0.14838498482879162f,0.13515066393053937f,0.9905187389158949f,0.024635866041191497f,0.4867514161218431f,-0.08568648505403142f,0.03645504808895731f,-0.9956549883106682f,0.6198452330301353f,0f,0f,0f,1f], start_interpolation: 0, interpolation_duration: 1 }
$data merge entity $(bone_neck_2) { transformation: [-0.9942446330588803f,0.0706696930858078f,0.08051958837928841f,0.15613100513159836f,0.07432347443886231f,0.9962928847181896f,0.043318691199573656f,0.5003007883855538f,-0.07715977437076968f,0.04905387180504682f,-0.995811270713475f,0.5330849651947458f,0f,0f,0f,1f], start_interpolation: 0, interpolation_duration: 1 }
$data merge entity $(bone_body_0) { transformation: [-0.9622573669460172f,0.0033600460561294364f,-0.2721203223734289f,0.027913726286952417f,0.028810875685330396f,0.9955622377928594f,-0.08958662915367821f,0.4675629207830588f,0.27061170189103545f,-0.09404541866234056f,-0.9580839034386615f,0.08064771414921051f,0f,0f,0f,1f], start_interpolation: 0, interpolation_duration: 1 }
$data merge entity $(bone_leg_left_3) { transformation: [-0.9632617853157158f,0.047292622927899146f,-0.2643674351484674f,0.3589715794138595f,-0.00010238606922110226f,0.9843085654265099f,0.17645576653965972f,0.04206584567340596f,0.2685641868668873f,0.17000016424876058f,-0.9481419839285262f,-0.16132988129047632f,0f,0f,0f,1f], start_interpolation: 0, interpolation_duration: 1 }
$data merge entity $(bone_leg_left_2) { transformation: [-0.9810362979794177f,-0.289211414600131f,-0.07737402156101438f,0.2876436563420136f,-0.2861426855420574f,0.9837561600637376f,-0.049075253928264596f,0.2694174175253786f,0.08804740233710742f,-0.02535300184071899f,-1.0216002543754803f,-0.19867505812376723f,0f,0f,0f,1f], start_interpolation: 0, interpolation_duration: 1 }
$data merge entity $(bone_leg_left_1) { transformation: [-0.9945358228911902f,-0.000957864539705644f,0.1043914722650585f,0.3016537047566922f,0.10351949018524977f,0.12024801655943079f,0.9873318234845407f,0.24765901310405586f,-0.013498597628230836f,0.9927434195244235f,-0.11949180245115021f,0.07762853584529812f,0f,0f,0f,1f], start_interpolation: 0, interpolation_duration: 1 }
$data merge entity $(bone_leg_left_0) { transformation: [-0.9984151848747015f,0.036649970392312874f,-0.042707122144417686f,0.20342895128802446f,0.053720680481500346f,0.8467970363586905f,-0.5291964358371504f,0.6294653535354391f,0.016769230758152467f,-0.5306520129843862f,-0.8474238809565131f,-0.05978723754650432f,0f,0f,0f,1f], start_interpolation: 0, interpolation_duration: 1 }
$data merge entity $(bone_leg_right_3) { transformation: [-0.9978751218186529f,-0.009323925520344983f,-0.06448492589977717f,-0.38688574912069906f,-0.014978453453418096f,0.9960282984188761f,0.08776830111687375f,0.017952672291009997f,0.06341046591496152f,0.08854768862985357f,-0.9940515176039711f,-0.15965509899772706f,0f,0f,0f,1f], start_interpolation: 0, interpolation_duration: 1 }
$data merge entity $(bone_leg_right_2) { transformation: [-0.9463231768036255f,0.2977259517273525f,-0.26056458357388246f,-0.3240707695599281f,0.2878764067109468f,0.9815357443716183f,0.076006292375971f,0.24864955884930046f,0.27140710934716167f,-0.003006607654853293f,-0.9891366643729885f,-0.1913457433759475f,0f,0f,0f,1f], start_interpolation: 0, interpolation_duration: 1 }
$data merge entity $(bone_leg_right_1) { transformation: [-0.9389988073684093f,0.32757825521688966f,-0.10475555579425527f,-0.24822290071497813f,-0.11132411762099285f,-0.001309283609425449f,0.9937832895618327f,0.19337023903671302f,0.3254046413261686f,0.9448231434959075f,0.0376967759616022f,0.06981452016447431f,0f,0f,0f,1f], start_interpolation: 0, interpolation_duration: 1 }
$data merge entity $(bone_leg_right_0) { transformation: [-0.9509604604581212f,-0.1790035125463897f,-0.2522537316697867f,-0.18739694512104904f,-0.06127532570486012f,0.908389984703017f,-0.4136096833380667f,0.590828909783271f,0.3031823495935104f,-0.37786952534877305f,-0.8748114566623206f,-0.042586933291064666f,0f,0f,0f,1f], start_interpolation: 0, interpolation_duration: 1 }
$data merge entity $(bone_tail_4) { transformation: [-2.074309872588125f,-0.1185596251415036f,-1.8190226769806215f,-1.0000016361777158f,1.2994668529831765f,1.8363441381440255f,-1.6015265954401363f,0.5997053994237579f,1.2783918734415667f,-2.058991295073969f,-1.3236050756657665f,-1.2873952022835082f,0f,0f,0f,1f], start_interpolation: 0, interpolation_duration: 1 }
$data merge entity $(bone_tail_3) { transformation: [-1.3653060598685756f,-0.009976236853978216f,-1.5721912617836369f,-0.7333184718259543f,1.1147952853485368f,1.4621597580795538f,-0.9773770202239558f,0.7511240428170632f,1.1086552037018835f,-1.4825433695495782f,-0.953359492926861f,-1.11123281208904f,0f,0f,0f,1f], start_interpolation: 0, interpolation_duration: 1 }
$data merge entity $(bone_tail_2) { transformation: [-0.9445168379720835f,0.27506980721185087f,-1.6884899818922319f,-0.4200648366780322f,0.7814884822141543f,1.7851144168962503f,-0.14634256304491325f,0.779331446536923f,1.5218204788859333f,-0.7459738566145412f,-0.9728100072952544f,-0.9294417605734665f,0f,0f,0f,1f], start_interpolation: 0, interpolation_duration: 1 }
$data merge entity $(bone_tail_1) { transformation: [-0.8383731466051749f,0.14818810835023152f,-1.250130793795161f,-0.15206112598459368f,0.10038496572052691f,1.5050710070261504f,0.11108722908858101f,0.7369328710290406f,1.2548743266592983f,-0.021396222864567712f,-0.8440905614556431f,-0.7487402142373096f,0f,0f,0f,1f], start_interpolation: 0, interpolation_duration: 1 }
$data merge entity $(bone_tail_0) { transformation: [-1.1856955786236565f,0.16773911698873753f,-0.4470182323442512f,-0.01738416512929449f,0.10661163564845327f,1.2595349974862038f,0.18984537349068553f,0.7118504636320782f,0.46539839982610787f,0.13881965034999574f,-1.182357454706499f,-0.39987791997962663f,0f,0f,0f,1f], start_interpolation: 0, interpolation_duration: 1 }
$data merge entity $(bone_body_1) { transformation: [-1.2291915989355207f,-0.09967411180309807f,-0.08807769069890316f,0.009806422952990945f,-0.12151598066879603f,1.1744409121554356f,0.36677923244624927f,0.5474725f,0.05409690013936974f,0.3733071260343451f,-1.17742087211988f,-0.15128894436135443f,0f,0f,0f,1f], start_interpolation: 0, interpolation_duration: 1 }