# This file was generated by Animated Java via MC-Build. It is not recommended to edit this file directly.
$data merge entity $(bone_head_lower) { transformation: [-0.9969768594579466f,-0.06288483647161826f,0.04563594030265956f,-0.06880263582929974f,-0.06506897545761227f,0.9967224775032916f,-0.04806590551105294f,0.380163441491046f,-0.042463750873736314f,-0.050890079402950594f,-0.9978010972534026f,0.8082227363537434f,0f,0f,0f,1f], start_interpolation: 0, interpolation_duration: 1 }
$data merge entity $(bone_head_upper) { transformation: [-1.0377527976027519f,-0.08002233273795821f,-0.011726035747204875f,-0.07173002631801627f,-0.0677302694417555f,0.7774040378007729f,0.6888595758178216f,0.4450869825936463f,-0.0442005005912426f,0.6875400576386348f,-0.7802608073415281f,0.7698584210669772f,0f,0f,0f,1f], start_interpolation: 0, interpolation_duration: 1 }
$data merge entity $(bone_neck_0) { transformation: [-0.9955350159651226f,0.09340470591310845f,0.013623248533623872f,-0.07204357278300076f,0.09358402568480649f,0.9578154304043192f,0.271719766332916f,0.44707951248160105f,0.012331347207366616f,0.27178146035496004f,-0.9622799881964585f,0.7032200854968507f,0f,0f,0f,1f], start_interpolation: 0, interpolation_duration: 1 }
$data merge entity $(bone_neck_1) { transformation: [-0.9718478582209322f,0.18585532701229493f,0.14480862506266645f,-0.05892016936735921f,0.20199738293460595f,0.9736275448322776f,0.1060493339509565f,0.4605486633603544f,-0.12127983244941064f,0.13231478135501068f,-0.9837601338110923f,0.6204922479696497f,0f,0f,0f,1f], start_interpolation: 0, interpolation_duration: 1 }
$data merge entity $(bone_neck_2) { transformation: [-0.9583904789497407f,0.1234605090096107f,0.2573814145846092f,-0.03516287154311581f,0.15340598406721717f,0.9831268843390575f,0.0996400187783312f,0.4789033029574592f,-0.2407369807712461f,0.13497789450449038f,-0.9611590264281342f,0.53760902651023f,0f,0f,0f,1f], start_interpolation: 0, interpolation_duration: 1 }
$data merge entity $(bone_body_0) { transformation: [-0.9947950672576001f,0.10096664374531318f,0.013729931199897127f,-0.02773017296586751f,0.10069658052875033f,0.9947335427270668f,-0.019114854000901682f,0.4793706243589404f,-0.015587585758025269f,-0.017632805348721525f,-0.9997230173131806f,0.06627534289988965f,0f,0f,0f,1f], start_interpolation: 0, interpolation_duration: 1 }
$data merge entity $(bone_leg_left_3) { transformation: [-0.9911145626586269f,-0.02984095236065846f,-0.12962037358458656f,0.3550126933439791f,-0.07265946814151845f,0.9377252803068268f,0.3396938332717804f,0.12099747415857828f,0.1114115136572093f,0.34609365240595397f,-0.9315614088126002f,-0.04687492261329983f,0f,0f,0f,1f], start_interpolation: 0, interpolation_duration: 1 }
$data merge entity $(bone_leg_left_2) { transformation: [-0.980580302258328f,-0.29668713016556736f,0.050012169696787546f,0.2858797031394392f,-0.2895516219700989f,0.9768843277926279f,0.11797909911643749f,0.3519046711033259f,-0.08175774298588231f,0.09867095017258554f,-1.0176649323596585f,-0.055452109244953196f,0f,0f,0f,1f], start_interpolation: 0, interpolation_duration: 1 }
$data merge entity $(bone_leg_left_1) { transformation: [-0.9865241428878166f,-0.12510390516000916f,0.10544727788413658f,0.26594759829601866f,0.11151366059855361f,-0.04250234949751536f,0.9928535913150047f,0.2854800154140343f,-0.11972810446745358f,0.991232850142138f,0.05588038832832165f,0.2132556538971555f,0f,0f,0f,1f], start_interpolation: 0, interpolation_duration: 1 }
$data merge entity $(bone_leg_left_0) { transformation: [-0.994346779462688f,0.10517475788832627f,0.014586036998180701f,0.19043693859946256f,0.068045181708289f,0.7366303800120044f,-0.672863683437928f,0.6373923483553363f,-0.08151279297427044f,-0.6680673271059602f,-0.739622681530949f,0.0016826670570245505f,0f,0f,0f,1f], start_interpolation: 0, interpolation_duration: 1 }
$data merge entity $(bone_leg_right_3) { transformation: [-0.9854608403193447f,0.017068381176229233f,0.16904319732279635f,-0.248524734436744f,0.01797604278887887f,0.9998310424380769f,0.003840372747716092f,0.0070007118714635885f,-0.16894908725039998f,0.006823264703347459f,-0.9856011612087545f,-0.08750942311397092f,0f,0f,0f,1f], start_interpolation: 0, interpolation_duration: 1 }
$data merge entity $(bone_leg_right_2) { transformation: [-1.0099829046334121f,0.13835869492892083f,0.1133737332300401f,-0.21120290181700346f,0.10621989313761167f,0.9869665798757412f,-0.2582179389796753f,0.22891631048755584f,-0.14392382065101253f,-0.24252018729714578f,-0.9861704173738265f,-0.17429432944439882f,0f,0f,0f,1f], start_interpolation: 0, interpolation_duration: 1 }
$data merge entity $(bone_leg_right_1) { transformation: [-0.9675700661115537f,-0.04585389561762984f,-0.24840609376899597f,-0.2297552072293225f,-0.24927034049551763f,0.33252955655305466f,0.9095539518730472f,0.26605049404942055f,0.04089577623829134f,0.9419774489207883f,-0.333175661191737f,0.10009635923662658f,0f,0f,0f,1f], start_interpolation: 0, interpolation_duration: 1 }
$data merge entity $(bone_leg_right_0) { transformation: [-0.9782232287559025f,-0.15516405375260828f,0.1378529330316732f,-0.18815623058084255f,-0.20754351218063752f,0.7240968915888195f,-0.6577304783443858f,0.6280300901823891f,0.002237246991920794f,-0.6720177140630048f,-0.7405316919021292f,-0.10373586512857341f,0f,0f,0f,1f], start_interpolation: 0, interpolation_duration: 1 }
$data merge entity $(bone_tail_4) { transformation: [-2.577847442858274f,0.6101590222925494f,-0.7797883433753405f,-0.44078286660740884f,0.9719907748431428f,1.97388229431729f,-1.668737233179789f,0.675127085653151f,0.18867386297228364f,-1.8322543456888598f,-2.0574031004485738f,-1.5950310401559264f,0f,0f,0f,1f], start_interpolation: 0, interpolation_duration: 1 }
$data merge entity $(bone_tail_3) { transformation: [-1.8031714242375467f,0.48528392386687f,-0.92142164837492f,-0.2892926895500272f,0.9409580023197694f,1.5486535591965451f,-1.0257756662656343f,0.8339059411382974f,0.44622458328510933f,-1.3046521348116866f,-1.560356354954785f,-1.3176852185888515f,0f,0f,0f,1f], start_interpolation: 0, interpolation_duration: 1 }
$data merge entity $(bone_tail_2) { transformation: [-1.5165577369452055f,0.46150414024207476f,-1.1427337546663427f,-0.07787257523182747f,0.6875174915626634f,1.8206354226546617f,-0.1771446628415355f,0.8677783538813222f,1.0228128882204197f,-0.5395131706615526f,-1.5752946420830922f,-1.0242134501241726f,0f,0f,0f,1f], start_interpolation: 0, interpolation_duration: 1 }
$data merge entity $(bone_tail_1) { transformation: [-1.2822348120120035f,0.1423663878260661f,-0.7894694094655604f,0.09149716264658489f,0.06997830218187212f,1.5026673467465546f,0.15732174752847314f,0.8154890577805841f,0.7991452772107743f,0.09684475535117135f,-1.280485911391721f,-0.7506144764361938f,0f,0f,0f,1f], start_interpolation: 0, interpolation_duration: 1 }
$data merge entity $(bone_tail_0) { transformation: [-1.271723328457795f,0.12745682311636616f,0.017613934294716038f,0.08942572184594849f,0.1281757916167054f,1.2396373627366308f,0.2840878243340065f,0.7623866504778217f,0.011245393887548727f,0.2844111174558439f,-1.246121813454792f,-0.37960537308097664f,0f,0f,0f,1f], start_interpolation: 0, interpolation_duration: 1 }
$data merge entity $(bone_body_1) { transformation: [-1.1907182897719604f,-0.15008531094286412f,0.29710090692889485f,0.030463233477338564f,-0.029445359683143556f,1.1467192030623392f,0.461272842445178f,0.5779075f,-0.3315531936988669f,0.4371659454068987f,-1.1079544264006638f,-0.1514677176810099f,0f,0f,0f,1f], start_interpolation: 0, interpolation_duration: 1 }