# This file was generated by Animated Java via MC-Build. It is not recommended to edit this file directly.
$data merge entity $(bone_head_lower) { transformation: [-0.9949872671954391f,-0.09499648266725211f,0.031241101129798977f,-0.09895113181600394f,-0.0964822849073893f,0.9940729654117306f,-0.050100979397385725f,0.37832291368616605f,-0.026296517221890983f,-0.05286404939444561f,-0.9982554209537858f,0.8015220037871417f,0f,0f,0f,1f], start_interpolation: 0, interpolation_duration: 1 }
$data merge entity $(bone_head_upper) { transformation: [-1.0356818318457046f,-0.09307645511664123f,-0.04660321095324372f,-0.10457534685905011f,-0.10042837015914949f,0.7709450761359932f,0.6921197689940314f,0.4433160192147928f,-0.02737203381938415f,0.6931467418000998f,-0.7760607635230653f,0.7635783491042935f,0f,0f,0f,1f], start_interpolation: 0, interpolation_duration: 1 }
$data merge entity $(bone_neck_0) { transformation: [-0.9951145947864329f,0.09870970966277438f,0.0018265982930048552f,-0.10573793285364469f,0.09522281819492945f,0.9547485983879057f,0.2817582807502642f,0.4460069091662944f,0.026068335927876884f,0.28055571121369116f,-0.9594836813449883f,0.6969739666706205f,0f,0f,0f,1f], start_interpolation: 0, interpolation_duration: 1 }
$data merge entity $(bone_neck_1) { transformation: [-0.9707362165511946f,0.18933004665383238f,0.14773398833690832f,-0.09235070517423327f,0.20762761341661648f,0.9708014958010494f,0.12014670156673059f,0.46065727285542296f,-0.1206729962451922f,0.1473044099289041f,-0.981702316790943f,0.614489508599011f,0f,0f,0f,1f], start_interpolation: 0, interpolation_duration: 1 }
$data merge entity $(bone_neck_2) { transformation: [-0.9516850844395379f,0.12820038483426324f,0.27903433728424243f,-0.06665004257783602f,0.1644007007479727f,0.9801999432501469f,0.11036521574293304f,0.4799228635630055f,-0.25936057844029636f,0.1509063702457767f,-0.953917898862559f,0.5323966139555969f,0f,0f,0f,1f], start_interpolation: 0, interpolation_duration: 1 }
$data merge entity $(bone_body_0) { transformation: [-0.9915161891174217f,0.11444416384834447f,0.06162937675426117f,-0.036514124707855276f,0.11402778737528818f,0.9934247556408723f,-0.010242977407434739f,0.48455899930047064f,-0.062396397527112596f,-0.003128616455629063f,-0.9980465426695851f,0.061991217087445954f,0f,0f,0f,1f], start_interpolation: 0, interpolation_duration: 1 }
$data merge entity $(bone_leg_left_3) { transformation: [-0.9932110826775652f,-0.04763330983890372f,-0.10612640124045342f,0.34998353943974086f,-0.08307746906403154f,0.9290474197387063f,0.3605121717928084f,0.13388868124117898f,0.08142407125889486f,0.36688139728070646f,-0.9266974484420377f,-0.03046838117399779f,0f,0f,0f,1f], start_interpolation: 0, interpolation_duration: 1 }
$data merge entity $(bone_leg_left_2) { transformation: [-0.9791793613713691f,-0.2972648605215957f,0.07002557007356862f,0.28133655823162396f,-0.28629200205291533f,0.9753414270188889f,0.13714295389113404f,0.3650335361093f,-0.10633375440369633f,0.11137729993373162f,-1.0140761456787062f,-0.03601095323246936f,0f,0f,0f,1f], start_interpolation: 0, interpolation_duration: 1 }
$data merge entity $(bone_leg_left_1) { transformation: [-0.9838504734380422f,-0.1444871162070177f,0.10564903769519145f,0.25607469229016167f,0.11542983740347099f,-0.061052286440868964f,0.9914376283747508f,0.2935665464938383f,-0.1367998485114237f,0.9876214313037773f,0.07674444524999646f,0.23094914338165892f,0f,0f,0f,1f], start_interpolation: 0, interpolation_duration: 1 }
$data merge entity $(bone_leg_left_0) { transformation: [-0.99254034723369f,0.12017302005809133f,0.02054517859118249f,0.18617777043111738f,0.07291507970113839f,0.7201799789047323f,-0.6899450624049398f,0.6409766987617274f,-0.09770900810776167f,-0.6833002584771184f,-0.7235701116683168f,0.010205208062280618f,0f,0f,0f,1f], start_interpolation: 0, interpolation_duration: 1 }
$data merge entity $(bone_leg_right_3) { transformation: [-0.9730864800583409f,0.031092639894044566f,0.22833298069286345f,-0.2325429354794779f,0.029438316474712393f,0.999509878811015f,-0.010648365241900548f,0.013475991545953442f,-0.22855215564680834f,-0.003640041704365715f,-0.9735248647289845f,-0.06541901756912158f,0f,0f,0f,1f], start_interpolation: 0, interpolation_duration: 1 }
$data merge entity $(bone_leg_right_2) { transformation: [-0.9989698295721656f,0.13216949401449615f,0.1914489591436964f,-0.19426800786206333f,0.0675971475438691f,0.9725803843362393f,-0.3187165216128589f,0.23022843017388975f,-0.2226030205302367f,-0.29779325102664717f,-0.9559441795389988f,-0.1640318074634351f,0f,0f,0f,1f], start_interpolation: 0, interpolation_duration: 1 }
$data merge entity $(bone_leg_right_1) { transformation: [-0.9617429537641604f,-0.12266490490852447f,-0.2449567553442254f,-0.23375435354536528f,-0.27370143819282444f,0.39188822072988916f,0.8783570715741639f,0.2846565127970186f,-0.011747919652759575f,0.9117987407081366f,-0.410469295839394f,0.10521120170544608f,0f,0f,0f,1f], start_interpolation: 0, interpolation_duration: 1 }
$data merge entity $(bone_leg_right_0) { transformation: [-0.9708475283067435f,-0.12560371312776303f,0.20415382442953592f,-0.1868039475763968f,-0.2337334652796097f,0.6848907581685354f,-0.6901400702637941f,0.6369261032573404f,-0.05313891219316308f,-0.7177383622350472f,-0.6942822908493921f,-0.11389852783826758f,0f,0f,0f,1f], start_interpolation: 0, interpolation_duration: 1 }
$data merge entity $(bone_tail_4) { transformation: [-2.604998222348915f,0.7285860337940875f,-0.5557049437599026f,-0.3286743066801695f,0.9154801285600093f,1.9976230722148884f,-1.6724411879544523f,0.6822207258880184f,-0.03926483631374292f,-1.7619096981159248f,-2.12598067251664f,-1.6279964679087124f,0f,0f,0f,1f], start_interpolation: 0, interpolation_duration: 1 }
$data merge entity $(bone_tail_3) { transformation: [-1.8486169592021169f,0.565537485241241f,-0.7737753013516114f,-0.2030048380382305f,0.9105937796360647f,1.5608015778947666f,-1.0347284324757668f,0.8423987617808062f,0.2989646010531513f,-1.2569850091678354f,-1.632958780890966f,-1.3388064181083308f,0f,0f,0f,1f], start_interpolation: 0, interpolation_duration: 1 }
$data merge entity $(bone_tail_2) { transformation: [-1.5973165538306695f,0.48641634487144025f,-1.0152599870492287f,-0.015335607472347634f,0.677245208151958f,1.8229650240263626f,-0.19212320061499788f,0.8790486105275614f,0.8992733899635316f,-0.508892459780303f,-1.6586469514290938f,-1.029923701766367f,0f,0f,0f,1f], start_interpolation: 0, interpolation_duration: 1 }
$data merge entity $(bone_tail_1) { transformation: [-1.3409380410549323f,0.13728663488388587f,-0.6860712790476082f,0.13190218450318095f,0.07359489430620633f,1.5025464578330219f,0.1568253282652324f,0.8268641608653011f,0.6957910689163954f,0.10565401996941819f,-1.338793586211288f,-0.7437865094504323f,0f,0f,0f,1f], start_interpolation: 0, interpolation_duration: 1 }
$data merge entity $(bone_tail_0) { transformation: [-1.2692664751787046f,0.11325008656066453f,0.09986365437663908f,0.10545262997308477f,0.13334064852372188f,1.237362165935238f,0.2915319165157697f,0.771531512258503f,-0.07084209922587069f,0.2999083273103408f,-1.2405128410343897f,-0.3740425029214592f,0f,0f,0f,1f], start_interpolation: 0, interpolation_duration: 1 }
$data merge entity $(bone_body_1) { transformation: [-1.17306964186299f,-0.15990853157133256f,0.3562884672935497f,0.03339152652510682f,-0.012739580489484675f,1.1430375120119372f,0.4710706361882075f,0.5850225000000001f,-0.3903202703993717f,0.4432821931010885f,-1.0861655393406202f,-0.1513824312353828f,0f,0f,0f,1f], start_interpolation: 0, interpolation_duration: 1 }