# This file was generated by Animated Java via MC-Build. It is not recommended to edit this file directly.
$data merge entity $(bone_head_lower) { transformation: [-0.989047159295697f,0.013426107094377734f,-0.1469879462316646f,-0.12397329193797535f,0.013844831031775931f,0.9999024885225806f,-0.0018259518208718628f,0.3870310970128494f,0.14694909779516846f,-0.0038409757407291134f,-0.9891365980300926f,0.7948682011432334f,0f,0f,0f,1f], start_interpolation: 0, interpolation_duration: 1 }
$data merge entity $(bone_head_upper) { transformation: [-1.029498776007908f,0.11562514850299936f,-0.10116836370815692f,-0.12867082611874203f,0.01441107885229597f,0.755076237662362f,0.7163268379081383f,0.45337229297437376f,0.1529592546662001f,0.7070803652590127f,-0.7484068185556896f,0.7591997923924633f,0f,0f,0f,1f], start_interpolation: 0, interpolation_duration: 1 }
$data merge entity $(bone_neck_0) { transformation: [-0.9937426804235049f,0.1099884427262162f,-0.019442931141417874f,-0.13139225805200677f,0.10066479550174172f,0.9573676247101184f,0.27076526753536634f,0.4553080839326991f,0.04839508292482379f,0.2671137840388772f,-0.9624490336247066f,0.6926146380718855f,0f,0f,0f,1f], start_interpolation: 0, interpolation_duration: 1 }
$data merge entity $(bone_neck_1) { transformation: [-0.9724525067818943f,0.1918229585050156f,0.13243894685474084f,-0.11928923660026998f,0.20896848352731637f,0.9691525704228148f,0.13067313471079206f,0.4708425782754629f,-0.1032874384710141f,0.15474898330274806f,-0.982539799306299f,0.610093530458229f,0f,0f,0f,1f], start_interpolation: 0, interpolation_duration: 1 }
$data merge entity $(bone_neck_2) { transformation: [-0.9512669860097571f,0.13547825943923095f,0.2770140114637324f,-0.0936943147571388f,0.17531491084006776f,0.9766214894958575f,0.12439914908081927f,0.4913026114991562f,-0.25368445629374203f,0.16690149032950327f,-0.9527791397594403f,0.5282570018755111f,0f,0f,0f,1f], start_interpolation: 0, interpolation_duration: 1 }
$data merge entity $(bone_body_0) { transformation: [-0.9858580980286799f,0.13275319798137397f,0.10227609191297798f,-0.04422733602162689f,0.13277856776882474f,0.9911238166379623f,-0.006590298495392f,0.49763832179014467f,-0.10224315376852086f,0.007082973861089581f,-0.9947342202763256f,0.05950996829234903f,0f,0f,0f,1f], start_interpolation: 0, interpolation_duration: 1 }
$data merge entity $(bone_leg_left_3) { transformation: [-0.9951125848141958f,-0.06475398043085594f,-0.07455109363899756f,0.33328697433258f,-0.08767903699541758f,0.9267020004200269f,0.3654254902015983f,0.13578079949987945f,0.045423892567309526f,0.37017607220872945f,-0.9278503896362561f,-0.024445669143782926f,0f,0f,0f,1f], start_interpolation: 0, interpolation_duration: 1 }
$data merge entity $(bone_leg_left_2) { transformation: [-0.9857553129369484f,-0.27157796677068796f,0.08120388218535324f,0.27096282888705525f,-0.2606397643916751f,0.9839171288972884f,0.1266341035466551f,0.3686396638027992f,-0.11142520242353554f,0.10106775414498845f,-1.014609251306954f,-0.03241575547049172f,0f,0f,0f,1f], start_interpolation: 0, interpolation_duration: 1 }
$data merge entity $(bone_leg_left_1) { transformation: [-0.9793286915253667f,-0.15338156802962435f,0.13186890666107406f,0.24180396069866378f,0.14079015271630763f,-0.04878699206401199f,0.9888366711967482f,0.30013764986455993f,-0.14523583185058753f,0.9869619668427556f,0.06937311548826486f,0.23492414082660604f,0f,0f,0f,1f], start_interpolation: 0, interpolation_duration: 1 }
$data merge entity $(bone_leg_left_0) { transformation: [-0.9894461572554158f,0.1445613492212135f,0.009915553632218008f,0.18270778627016734f,0.09832596650233333f,0.7201019432633042f,-0.6868662137707714f,0.6502211920264539f,-0.10643451603626097f,-0.678642179369773f,-0.7267162349750909f,0.015250668964955888f,0f,0f,0f,1f], start_interpolation: 0, interpolation_duration: 1 }
$data merge entity $(bone_leg_right_3) { transformation: [-0.9537103934394929f,0.047918563742845574f,0.29688431533900733f,-0.2168503251908502f,0.042529497838089445f,0.9987925995747511f,-0.024588307146914345f,0.023750752657166224f,-0.2977040934537653f,-0.010823783235722084f,-0.954596835557995f,-0.04016089891522584f,0f,0f,0f,1f], start_interpolation: 0, interpolation_duration: 1 }
$data merge entity $(bone_leg_right_2) { transformation: [-0.9787090673888041f,0.13325850785141383f,0.2764650628865189f,-0.17572560373166873f,0.020132822169908988f,0.9498544813714798f,-0.3865660786860208f,0.23318259620351853f,-0.30624406995582293f,-0.3634292693281964f,-0.9089532085388997f,-0.15249135898593233f,0f,0f,0f,1f], start_interpolation: 0, interpolation_duration: 1 }
$data merge entity $(bone_leg_right_1) { transformation: [-0.9508722896348186f,-0.2060333293863545f,-0.2310674273596604f,-0.23838068688335262f,-0.30238466284963356f,0.45808684281384315f,0.8358947063561049f,0.30727557601115807f,-0.0663732210906736f,0.8647003594441365f,-0.49788340392026453f,0.10750471128868913f,0f,0f,0f,1f], start_interpolation: 0, interpolation_duration: 1 }
$data merge entity $(bone_leg_right_0) { transformation: [-0.9582729323719931f,-0.09476585784456143f,0.26968948676239884f,-0.18611946821312267f,-0.2639561734535697f,0.6554970960112987f,-0.7075667428705953f,0.6529370637635459f,-0.1097275060271159f,-0.7492282624859652f,-0.6531591575667683f,-0.12073678246816763f,0f,0f,0f,1f], start_interpolation: 0, interpolation_duration: 1 }
$data merge entity $(bone_tail_4) { transformation: [-2.6250227562044257f,0.8512381223841127f,-0.10154073078765467f,-0.15255622593560947f,0.7418604115197441f,2.0917197822123885f,-1.6431715717237556f,0.6555894494357757f,-0.42960445857634766f,-1.5892650324289304f,-2.2170561556870845f,-1.6774764036025087f,0f,0f,0f,1f], start_interpolation: 0, interpolation_duration: 1 }
$data merge entity $(bone_tail_3) { transformation: [-1.9221835553322757f,0.6443364022363779f,-0.4753803807559776f,-0.07825461816773165f,0.7998129425330671f,1.603908170838132f,-1.0600581882706819f,0.819640644018975f,0.03814659370395006f,-1.1611437061433023f,-1.728072815918654f,-1.3730964107092514f,0f,0f,0f,1f], start_interpolation: 0, interpolation_duration: 1 }
$data merge entity $(bone_tail_2) { transformation: [-1.7269620235012084f,0.486715652590552f,-0.774263468020248f,0.06451809140652977f,0.6414726904571448f,1.8238640967692121f,-0.2842646986818376f,0.8733931581345907f,0.6518349728152522f,-0.5053726397841071f,-1.7715765685330567f,-1.0434024547497665f,0f,0f,0f,1f], start_interpolation: 0, interpolation_duration: 1 }
$data merge entity $(bone_tail_1) { transformation: [-1.4218330395737349f,0.12370248941924805f,-0.5007441978575445f,0.17211890016239573f,0.09403672526921651f,1.5059173484895998f,0.10500611324440152f,0.8322988901896914f,0.5071529866590125f,0.06757872172167088f,-1.4233359457602794f,-0.7384270391897831f,0f,0f,0f,1f], start_interpolation: 0, interpolation_duration: 1 }
$data merge entity $(bone_tail_0) { transformation: [-1.2597176265696997f,0.08958727141876922f,0.1972849175516727f,0.11662956237075373f,0.13089035034134586f,1.2421236880891195f,0.2717207689143981f,0.7828704233774046f,-0.17267001500304063f,0.28799059163738633f,-1.2333216132182334f,-0.371072072759747f,0f,0f,0f,1f], start_interpolation: 0, interpolation_duration: 1 }
$data merge entity $(bone_body_1) { transformation: [-1.1600033847163156f,-0.15404088118595444f,0.3990841382796319f,0.03422383699717019f,0.008541723446917233f,1.1448571143486006f,0.46672670990870213f,0.5972487500000001f,-0.42769589834776073f,0.44065654392633286f,-1.0730809027690558f,-0.15127713968517204f,0f,0f,0f,1f], start_interpolation: 0, interpolation_duration: 1 }