# This file was generated by Animated Java via MC-Build. It is not recommended to edit this file directly.
$data merge entity $(bone_head_lower) { transformation: [-0.5596160093165886f,-0.15674824752250072f,0.8137935297206538f,-0.2481996073529156f,0.11758838929524328f,0.9569983123837241f,0.26519276158608623f,0.26915249376009015f,-0.8203675352057311f,0.24409878531719337f,-0.5171198025478666f,0.7251105685507138f,0f,0f,0f,1f], start_interpolation: 0, interpolation_duration: 1 }
$data merge entity $(bone_head_upper) { transformation: [-0.5825040709242999f,-0.6626440346267692f,0.5523258398026317f,-0.22518404163473588f,0.12239770542225653f,0.5962252340360877f,0.8443969532095f,0.3407890709070332f,-0.8539202255758392f,0.5374851591027204f,-0.25573794141726125f,0.7192846745301278f,0f,0f,0f,1f], start_interpolation: 0, interpolation_duration: 1 }
$data merge entity $(bone_neck_0) { transformation: [-0.6645140059493095f,-0.11087188636334488f,0.7390051154839421f,-0.1753842055443162f,0.08827166098266262f,0.9703622537569049f,0.22495601870406218f,0.33955582728081757f,-0.742043967541387f,0.21471963416989606f,-0.6350324629004278f,0.6749767554882384f,0f,0f,0f,1f], start_interpolation: 0, interpolation_duration: 1 }
$data merge entity $(bone_neck_1) { transformation: [-0.8270702808482724f,-0.03661120086096938f,0.5609049567521023f,-0.12803685705582216f,0.10949524361973659f,0.9682671417124317f,0.22465425414332252f,0.3630476768823191f,-0.5513307012694055f,0.2472212819551661f,-0.7968162244747719f,0.6086148806055862f,0f,0f,0f,1f], start_interpolation: 0, interpolation_duration: 1 }
$data merge entity $(bone_neck_2) { transformation: [-0.9200844057679016f,0.0027450537084027435f,0.39171054484512596f,-0.09369319970683893f,0.14140357806343576f,0.9348777161529009f,0.3255897479215122f,0.4007248178630625f,-0.36530769821287f,0.3549593223467641f,-0.8605545683485394f,0.5366991198743428f,0f,0f,0f,1f], start_interpolation: 0, interpolation_duration: 1 }
$data merge entity $(bone_body_0) { transformation: [-0.9884135111831613f,0.08746166407660635f,0.1240531669387179f,-0.03439422565058743f,0.1056875179573219f,0.9831879007678159f,0.14890164650465115f,0.4802676992192196f,-0.10894438699903411f,0.16028727055111447f,-0.9810398113433922f,0.07586567229858213f,0f,0f,0f,1f], start_interpolation: 0, interpolation_duration: 1 }
$data merge entity $(bone_leg_left_3) { transformation: [-0.9993795672350874f,-0.03334426217833684f,-0.011341991570777088f,0.3268238512295225f,-0.033542570935007295f,0.9992793319131145f,0.017768307357491825f,0.019647349810452575f,0.010741346660416762f,0.01813772287423726f,-0.9997777985536878f,0.03348681407160445f,0f,0f,0f,1f], start_interpolation: 0, interpolation_duration: 1 }
$data merge entity $(bone_leg_left_2) { transformation: [-0.9920852452076642f,-0.22284997037071652f,0.13478485244163615f,0.27750420285270805f,-0.24962405443648378f,0.9650284521900585f,-0.24180594990828125f,0.23673393258765413f,-0.07427581833029044f,-0.2666836640481106f,-0.9876361301825358f,-0.05931437087837477f,0f,0f,0f,1f], start_interpolation: 0, interpolation_duration: 1 }
$data merge entity $(bone_leg_left_1) { transformation: [-0.9625962267483339f,-0.20132878081428646f,0.181315267602326f,0.2323638882468278f,0.11368562055188422f,0.30731738462753305f,0.9447918314557054f,0.26785012636483896f,-0.2459351213828621f,0.9300659907348111f,-0.2729343674748032f,0.21272886124083906f,0f,0f,0f,1f], start_interpolation: 0, interpolation_duration: 1 }
$data merge entity $(bone_leg_left_0) { transformation: [-0.9757712803540874f,0.19856159629853243f,0.09188961264214464f,0.18938681994613998f,0.07285502397066405f,0.6908898021210041f,-0.7192797973024364f,0.6061410510418445f,-0.2063069410329636f,-0.6951579488149284f,-0.6886166366571773f,-0.028143512529810927f,0f,0f,0f,1f], start_interpolation: 0, interpolation_duration: 1 }
$data merge entity $(bone_leg_right_3) { transformation: [-0.9888084126725359f,0.03940859439030148f,0.1438919237351437f,-0.3721186895001102f,0.03922137858016741f,0.9992219752571333f,-0.0041385535521531736f,0.03147946709886518f,-0.14394306683647828f,0.0015514030467798923f,-0.9895847546614164f,-0.14599822449505168f,0f,0f,0f,1f], start_interpolation: 0, interpolation_duration: 1 }
$data merge entity $(bone_leg_right_2) { transformation: [-0.9600734740416167f,0.3354966902292479f,0.1332782607463624f,-0.28830656575881586f,0.30438716576095937f,0.9559147523252911f,-0.21362967749725698f,0.24722747439109904f,-0.19408652004290639f,-0.16040934085268171f,-0.9943145707498896f,-0.21381708123430826f,0f,0f,0f,1f], start_interpolation: 0, interpolation_duration: 1 }
$data merge entity $(bone_leg_right_1) { transformation: [-0.9974104508718089f,-0.05020895173684288f,-0.05149226793589528f,-0.3190798646313031f,-0.06341976536414524f,0.2763825555329916f,0.9589528749413129f,0.27018966909636594f,-0.033916454013522813f,0.9597352469105945f,-0.2788510892655942f,0.06102674232843362f,0f,0f,0f,1f], start_interpolation: 0, interpolation_duration: 1 }
$data merge entity $(bone_leg_right_0) { transformation: [-0.997841895425954f,0.022681594781164674f,0.061620589017975555f,-0.1991659444012946f,-0.013515685800366686f,0.8474021360296048f,-0.530779564499057f,0.6476876070072524f,-0.06425634575732554f,-0.5304669312131021f,-0.8452667962952696f,-0.07097036814203374f,0f,0f,0f,1f], start_interpolation: 0, interpolation_duration: 1 }
$data merge entity $(bone_tail_4) { transformation: [-2.379554702260043f,1.2135747710393305f,-0.7004405939470896f,0.03533270592976203f,1.2559532948220518f,2.4593107134353653f,-0.005785119503249406f,0.5686539183221919f,0.6212584581136488f,-0.3235559016288687f,-2.671144106622363f,-1.783521714643125f,0f,0f,0f,1f], start_interpolation: 0, interpolation_duration: 1 }
$data merge entity $(bone_tail_3) { transformation: [-1.8357157154619657f,0.8911764369589108f,-0.4146057118029477f,0.09691365219311f,0.9418256885966081f,1.8461166245155696f,-0.20189924970442322f,0.5848228695710371f,0.28117202981437167f,-0.36551811574928006f,-2.030587186690984f,-1.4356322846404461f,0f,0f,0f,1f], start_interpolation: 0, interpolation_duration: 1 }
$data merge entity $(bone_tail_2) { transformation: [-1.8010033498595819f,0.750999387966572f,-0.10564434708575189f,0.11539966512963667f,0.750787003378226f,1.727098517592015f,-0.5217503819764622f,0.6827812597832671f,-0.10714328889708583f,-0.5214446325431635f,-1.8802631958954623f,-1.0862987690970909f,0f,0f,0f,1f], start_interpolation: 0, interpolation_duration: 1 }
$data merge entity $(bone_tail_1) { transformation: [-1.4382595702768652f,0.4242678057842582f,0.19764232209225446f,0.06905707966268382f,0.40461974480428897f,1.4481042279248404f,-0.16411354965606786f,0.7000085241046659f,-0.23526266304180013f,-0.10318538676195196f,-1.490523567521583f,-0.7640686290805695f,0f,0f,0f,1f], start_interpolation: 0, interpolation_duration: 1 }
$data merge entity $(bone_tail_0) { transformation: [-1.253411918258607f,0.22911815008581035f,0.10148474295460795f,0.04492990814620286f,0.22727178998585246f,1.257443917560577f,-0.031906805709181835f,0.7396767959865322f,-0.10555478780203828f,-0.013243265276849513f,-1.273781189718588f,-0.39215974359744216f,0f,0f,0f,1f], start_interpolation: 0, interpolation_duration: 1 }
$data merge entity $(bone_body_1) { transformation: [-1.2220423417877473f,0.0781446086450041f,0.17061808249387833f,1.8557991432579204e-17f,0.13066861235809918f,1.161136022478785f,0.40409583776971175f,0.5675194230769232f,-0.13469529939302832f,0.4174459875218775f,-1.155941442668943f,-0.1515375f,0f,0f,0f,1f], start_interpolation: 0, interpolation_duration: 1 }