# This file was generated by Animated Java via MC-Build. It is not recommended to edit this file directly.
$data merge entity $(bone_head_lower) { transformation: [-0.9818537163709017f,0.11924278788091133f,-0.14745995112923754f,-0.1212360442403027f,0.08362430300058696f,0.9701365232875994f,0.22768860782023065f,0.3965448314659799f,0.17020650867788567f,0.21122567012992732f,-0.9625037458014634f,0.793643517822048f,0f,0f,0f,1f], start_interpolation: 0, interpolation_duration: 1 }
$data merge entity $(bone_head_upper) { transformation: [-1.0220111242647565f,0.19164049615895937f,-0.0473193902596354f,-0.12051214313842364f,0.08704450214985139f,0.6614820059270764f,0.798959794397492f,0.46650343950764384f,0.1771678839634326f,0.7805045923312344f,-0.6655043687499583f,0.7653464222137634f,0f,0f,0f,1f], start_interpolation: 0, interpolation_duration: 1 }
$data merge entity $(bone_neck_0) { transformation: [-0.9945656255198635f,0.10141675200311745f,-0.023534208026210215f,-0.12335872417971294f,0.0930992961165978f,0.9675290369016355f,0.23498953979866322f,0.4659634106604971f,0.046601905506929636f,0.2315215004385806f,-0.971712950020628f,0.6987405546079998f,0f,0f,0f,1f], start_interpolation: 0, interpolation_duration: 1 }
$data merge entity $(bone_neck_1) { transformation: [-0.9797472698987193f,0.16824254587322585f,0.10858053639627033f,-0.11338545524888893f,0.1827388563679802f,0.9729493474720617f,0.1413367525699242f,0.4824187446731825f,-0.0818645069570994f,0.15831618051161034f,-0.9839889173608035f,0.6161131213070938f,0f,0f,0f,1f], start_interpolation: 0, interpolation_duration: 1 }
$data merge entity $(bone_neck_2) { transformation: [-0.96380919823456f,0.12119783306028344f,0.23745086788627712f,-0.09139637580623605f,0.1607314975422545f,0.9747719566547339f,0.15487097280422044f,0.5055302301112511f,-0.21269042079106149f,0.1874319017163114f,-0.958974487211588f,0.5339348393814458f,0f,0f,0f,1f], start_interpolation: 0, interpolation_duration: 1 }
$data merge entity $(bone_body_0) { transformation: [-0.9865482174663707f,0.1258955429017498f,0.10427332780438275f,-0.041053435021441945f,0.1269308709579546f,0.9919059871493852f,0.0033266582419508306f,0.5165472160757959f,-0.1030105267037387f,0.01651741307461102f,-0.9945431144266904f,0.06536774809512771f,0f,0f,0f,1f], start_interpolation: 0, interpolation_duration: 1 }
$data merge entity $(bone_leg_left_3) { transformation: [-0.9965584026662744f,-0.052126690632141766f,-0.06445275943654227f,0.30400133712855226f,-0.07007226246151732f,0.9451422645558635f,0.31905481940215036f,0.11146895331409393f,0.04428575514505799f,0.3224731118619902f,-0.9455421006054026f,-0.04659309192642159f,0f,0f,0f,1f], start_interpolation: 0, interpolation_duration: 1 }
$data merge entity $(bone_leg_left_2) { transformation: [-1.0028719816044762f,-0.20842754101832442f,0.05355322733934911f,0.2555163807218713f,-0.20587300351759047f,1.0035575009139577f,0.05050592324344309f,0.3466382220215671f,-0.06266015030345476f,0.038632913494597465f,-1.0230559139458422f,-0.06930203562378828f,0f,0f,0f,1f], start_interpolation: 0, interpolation_duration: 1 }
$data merge entity $(bone_leg_left_1) { transformation: [-0.973554123477205f,-0.12184426643955093f,0.19325202041980996f,0.23155467753595715f,0.19105529285787384f,0.029573773447154117f,0.9811336641839827f,0.29883185622283825f,-0.12526070306174647f,0.9921085458052987f,-0.0055126770785963175f,0.20300986978857877f,0f,0f,0f,1f], start_interpolation: 0, interpolation_duration: 1 }
$data merge entity $(bone_leg_left_0) { transformation: [-0.9851634278854746f,0.16971611967552985f,-0.025484487030786096f,0.18571484511228353f,0.1466549565505125f,0.7554006299974187f,-0.6386409099945523f,0.6644684523918024f,-0.08913665955210798f,-0.6329030944163441f,-0.7690827842320407f,0.006755270174209543f,0f,0f,0f,1f], start_interpolation: 0, interpolation_duration: 1 }
$data merge entity $(bone_leg_right_3) { transformation: [-0.951595064639904f,0.04811823397591465f,0.3035646035229011f,-0.20599148905744163f,0.04286441303409079f,0.9987937720855193f,-0.023950844211064026f,0.0266207958381261f,-0.30435090774995205f,-0.009779386597272177f,-0.9525097839652679f,-0.04016865562126412f,0f,0f,0f,1f], start_interpolation: 0, interpolation_duration: 1 }
$data merge entity $(bone_leg_right_2) { transformation: [-0.976006410912468f,0.12487671016690537f,0.2896195653203489f,-0.16641821226530573f,0.001109438177265173f,0.9432311874670538f,-0.4029589254962806f,0.23403165926461017f,-0.315392540345183f,-0.38312260928856307f,-0.8976674279749878f,-0.15672663073506315f,0f,0f,0f,1f], start_interpolation: 0, interpolation_duration: 1 }
$data merge entity $(bone_leg_right_1) { transformation: [-0.9464104458356047f,-0.21966982462178747f,-0.23675395701843094f,-0.23238745241545197f,-0.31568091235661144f,0.4743676509839861f,0.8217791024804856f,0.31303146145378313f,-0.06821165286774153f,0.8524790319125557f,-0.5182920707115655f,0.1009950724019631f,0f,0f,0f,1f], start_interpolation: 0, interpolation_duration: 1 }
$data merge entity $(bone_leg_right_0) { transformation: [-0.9550261763347997f,-0.11562649275463932f,0.27304856104472225f,-0.18896776520979575f,-0.27548398570579563f,0.686647377370594f,-0.6727733294132088f,0.6694315643122193f,-0.1096976578372621f,-0.7177366462173617f,-0.687619466377787f,-0.11207997543309463f,0f,0f,0f,1f], start_interpolation: 0, interpolation_duration: 1 }
$data merge entity $(bone_tail_4) { transformation: [-2.626028721358947f,0.8171522720722524f,0.2487903745024035f,-0.029107625839217617f,0.597566037670325f,2.332173540870038f,-1.3526059062005824f,0.625780523580756f,-0.6103681813634113f,-1.2324325827861196f,-2.3946235494679025f,-1.7301274286787753f,0f,0f,0f,1f], start_interpolation: 0, interpolation_duration: 1 }
$data merge entity $(bone_tail_3) { transformation: [-1.9771961063554349f,0.6226542280605248f,-0.1973392898935817f,-0.0017393352194770145f,0.6418150677294906f,1.7351795288439482f,-0.9555997841987665f,0.7708348397080492f,-0.12130334658508349f,-0.9681938034317773f,-1.8395194435362765f,-1.4087383724304918f,0f,0f,0f,1f], start_interpolation: 0, interpolation_duration: 1 }
$data merge entity $(bone_tail_2) { transformation: [-1.8308240787830512f,0.4426321289222127f,-0.5205130795635762f,0.09377444128659343f,0.5519844992902375f,1.8355428231709636f,-0.3806173036682016f,0.8424357000348871f,0.402703588380181f,-0.5036201125393381f,-1.844714199314996f,-1.065632092588304f,0f,0f,0f,1f], start_interpolation: 0, interpolation_duration: 1 }
$data merge entity $(bone_tail_1) { transformation: [-1.4726158305648722f,0.11685702047807693f,-0.32465874750993295f,0.1636158209549875f,0.11639048809007839f,1.5079421517872333f,0.014831424255362612f,0.8206999117937367f,0.3248262918113087f,-0.010542942107189281f,-1.477170598312815f,-0.7479429139964305f,0f,0f,0f,1f], start_interpolation: 0, interpolation_duration: 1 }
$data merge entity $(bone_tail_0) { transformation: [-1.2583027843654615f,0.07573853784687774f,0.21159747949106508f,0.10360982529932242f,0.11158238168782428f,1.2551786260777578f,0.21427016898871526f,0.7883748844649057f,-0.19508765091370417f,0.2294035900032887f,-1.2422360958926462f,-0.3793967372500913f,0f,0f,0f,1f], start_interpolation: 0, interpolation_duration: 1 }
$data merge entity $(bone_body_1) { transformation: [-1.1784191403557127f,-0.11711818066367148f,0.35526927316837376f,0.028903436413697105f,0.015609547712180644f,1.157790376290032f,0.4334540133009006f,0.6096175f,-0.3737502732036113f,0.417623480403662f,-1.1020462589891626f,-0.1513163243120951f,0f,0f,0f,1f], start_interpolation: 0, interpolation_duration: 1 }