# This file was generated by Animated Java via MC-Build. It is not recommended to edit this file directly.
$data merge entity $(bone_head_lower) { transformation: [-0.9947063960643865f,0.0382296155669102f,-0.09538177038724951f,-0.11268164685644833f,0.01138894001019973f,0.9635151731180136f,0.2674112997178853f,0.3986663114992615f,0.10212481419343596f,0.26490943294826425f,-0.9588501002038773f,0.7939223070670307f,0f,0f,0f,1f], start_interpolation: 0, interpolation_duration: 1 }
$data merge entity $(bone_head_upper) { transformation: [-1.0353894732024216f,0.09065394056899516f,-0.05676657841046875f,-0.11488078945069749f,0.011854742911225229f,0.6462868832801874f,0.8158704996223344f,0.46942615549333117f,0.10630167654194159f,0.8109050931784817f,-0.6438981487821485f,0.7677753236543701f,0f,0f,0f,1f], start_interpolation: 0, interpolation_duration: 1 }
$data merge entity $(bone_neck_0) { transformation: [-0.9951249493890382f,0.09601280561855019f,-0.022536110150570582f,-0.1175749346981682f,0.0885595192624597f,0.9705053043236191f,0.22422458791961614f,0.46814320118803626f,0.04339984621477577f,0.2211356946243056f,-0.9742768897554535f,0.701173282665126f,0f,0f,0f,1f], start_interpolation: 0, interpolation_duration: 1 }
$data merge entity $(bone_neck_1) { transformation: [-0.982148128548196f,0.1582345951301075f,0.10171954823576101f,-0.10822898689308863f,0.17199442592864544f,0.9743756665390825f,0.14494819041986856f,0.4849110422603856f,-0.07617723438634431f,0.15985578926185232f,-0.9841967057457155f,0.6185353397458567f,0f,0f,0f,1f], start_interpolation: 0, interpolation_duration: 1 }
$data merge entity $(bone_neck_2) { transformation: [-0.9680582831604071f,0.1141630042913728f,0.22322627277203105f,-0.08755496403732269f,0.1529651422488685f,0.9743504665082262f,0.1650540325832282f,0.508910513456078f,-0.1986575587822135f,0.19392776197948025f,-0.9606909999954832f,0.5362702769583827f,0f,0f,0f,1f], start_interpolation: 0, interpolation_duration: 1 }
$data merge entity $(bone_body_0) { transformation: [-0.9876392465451074f,0.12012010390913178f,0.10069696778290851f,-0.038952566595002736f,0.12148437006451014f,0.9925649720748784f,0.007504934378462891f,0.5219029829503719f,-0.09904678951809531f,0.019645275433428477f,-0.9948888363225828f,0.06757004503778336f,0f,0f,0f,1f], start_interpolation: 0, interpolation_duration: 1 }
$data merge entity $(bone_leg_left_3) { transformation: [-0.9967882853478548f,-0.04500042080280492f,-0.06624255672038964f,0.29479028111542827f,-0.06293667472876585f,0.9516932746532417f,0.30053100664303306f,0.10346890758276833f,0.0495185739634038f,0.30373487305108654f,-0.951468884265414f,-0.05436729219277145f,0f,0f,0f,1f], start_interpolation: 0, interpolation_duration: 1 }
$data merge entity $(bone_leg_left_2) { transformation: [-1.0071345310553672f,-0.18986392501989918f,0.04115733024162492f,0.2502427750749895f,-0.18902034430426337f,1.0078493768786145f,0.023940394006375095f,0.33884375735168193f,-0.04487254501003673f,0.015922405663745226f,-1.0245951059823077f,-0.08238999491492249f,0f,0f,0f,1f], start_interpolation: 0, interpolation_duration: 1 }
$data merge entity $(bone_leg_left_1) { transformation: [-0.971513443374867f,-0.10839643144720372f,0.21074117535835454f,0.22896622779838005f,0.20561801572187824f,0.05657514188637408f,0.9769956422272995f,0.2983022590045871f,-0.11782555305410838f,0.992496582850565f,-0.032675251757946555f,0.1913198534784526f,0f,0f,0f,1f], start_interpolation: 0, interpolation_duration: 1 }
$data merge entity $(bone_leg_left_0) { transformation: [-0.9835553620697208f,0.17702043472699508f,-0.03581362077430825f,0.18702214175572737f,0.16060497437786697f,0.7665557902998831f,-0.6217702651002267f,0.6685674047567167f,-0.08261290425221088f,-0.6172973238616765f,-0.7823804202587306f,0.0030336509790292454f,0f,0f,0f,1f], start_interpolation: 0, interpolation_duration: 1 }
$data merge entity $(bone_leg_right_3) { transformation: [-0.9534251259786688f,0.04589254518560677f,0.2981181031888977f,-0.20325280657926412f,0.041139460572042166f,0.998906698621311f,-0.022202527633473357f,0.026594559631051617f,-0.29881110075832296f,-0.008904029754037701f,-0.9542707395271739f,-0.04346424929825146f,0f,0f,0f,1f], start_interpolation: 0, interpolation_duration: 1 }
$data merge entity $(bone_leg_right_2) { transformation: [-0.9778006524419617f,0.12046945484894192f,0.28540356345562146f,-0.16483436439700522f,-0.0009132794652541635f,0.9438419975578068f,-0.4015266480165446f,0.2341952037925466f,-0.30978581230486746f,-0.3830294944194019f,-0.8996573549969599f,-0.1600707152855046f,0f,0f,0f,1f], start_interpolation: 0, interpolation_duration: 1 }
$data merge entity $(bone_leg_right_1) { transformation: [-0.9460456120410796f,-0.21588153825656226f,-0.241646149106083f,-0.22950771611002085f,-0.317840469179872f,0.4731369383792303f,0.8216561772984168f,0.31282417039360555f,-0.0630486803140057f,0.8541291465470013f,-0.51622501385496f,0.09809246731267257f,0f,0f,0f,1f], start_interpolation: 0, interpolation_duration: 1 }
$data merge entity $(bone_leg_right_0) { transformation: [-0.955308785266364f,-0.12679922183209053f,0.2670338595303605f,-0.18995231062856524f,-0.27685591090644823f,0.7004024823364335f,-0.6578656149496818f,0.6735709148321544f,-0.10361433003723361f,-0.7023947039092325f,-0.7042057586609166f,-0.10831595024494328f,0f,0f,0f,1f], start_interpolation: 0, interpolation_duration: 1 }
$data merge entity $(bone_tail_4) { transformation: [-2.631910200158017f,0.7812690192937903f,0.2972015299353431f,-0.010818719047776343f,0.5714962881692575f,2.3983658861954225f,-1.243742095509678f,0.6218600664732682f,-0.6100016577952473f,-1.123886616623654f,-2.4475371666353274f,-1.7422997594265808f,0f,0f,0f,1f], start_interpolation: 0, interpolation_duration: 1 }
$data merge entity $(bone_tail_3) { transformation: [-1.9889222979130239f,0.5990502148682041f,-0.14585081067714786f,0.008050012008428448f,0.601130259447067f,1.7746654474537555f,-0.9083779427283042f,0.7585209026165551f,-0.1370256548458145f,-0.909751018534502f,-1.8680263863858981f,-1.4166488876517427f,0f,0f,0f,1f], start_interpolation: 0, interpolation_duration: 1 }
$data merge entity $(bone_tail_2) { transformation: [-1.8500403232675016f,0.424424118592275f,-0.4647460003531244f,0.09317826828755589f,0.5220451079521679f,1.8408183499309831f,-0.39702718146665733f,0.8331514401783979f,0.3515587896074639f,-0.500025844449384f,-1.8561127248459866f,-1.0714606103084263f,0f,0f,0f,1f], start_interpolation: 0, interpolation_duration: 1 }
$data merge entity $(bone_tail_1) { transformation: [-1.4802684316292651f,0.11493024785931287f,-0.28853536776075317f,0.15527716354819193f,0.11859629706547359f,1.5078228752986236f,-0.007832307996322709f,0.8162919849219277f,0.287047972722669f,-0.030289682289324906f,-1.4847027468495566f,-0.7518731215440948f,0f,0f,0f,1f], start_interpolation: 0, interpolation_duration: 1 }
$data merge entity $(bone_tail_0) { transformation: [-1.2597574492960548f,0.07341291331814663f,0.20361097633788883f,0.0975488882748736f,0.10518239699320134f,1.2585571463778793f,0.1969931197985384f,0.7890972426355973f,-0.18916540087947004f,0.21090322435500844f,-1.246423683043129f,-0.38254968128240585f,0f,0f,0f,1f], start_interpolation: 0, interpolation_duration: 1 }
$data merge entity $(bone_body_1) { transformation: [-1.1856272425691112f,-0.1053658920751772f,0.33435111114129423f,0.026914079007283574f,0.015736604473823877f,1.1620143520860609f,0.42199478655772116f,0.612719453125f,-0.35020707590488576f,0.4089318639938252f,-1.1129844247126441f,-0.15134085598778646f,0f,0f,0f,1f], start_interpolation: 0, interpolation_duration: 1 }