# This file was generated by Animated Java via MC-Build. It is not recommended to edit this file directly.
$data merge entity $(bone_head_lower) { transformation: [-0.9914159573257653f,-0.12956259069421452f,-0.017548066914613705f,-0.09113315209021675f,-0.1282135951136815f,0.9371345330704783f,0.32456145944150755f,0.40294977902245027f,-0.02560612403042096f,0.32402531076966795f,-0.9457018157922499f,0.7951861576812882f,0f,0f,0f,1f], start_interpolation: 0, interpolation_duration: 1 }
$data merge entity $(bone_head_upper) { transformation: [-1.031964456890407f,-0.09860934580954235f,-0.09379498503336205f,-0.10013372932896564f,-0.1334574777314998f,0.5927557810173625f,0.8451636695288967f,0.47448188115586204f,-0.02665340383404683f,0.8499345407577091f,-0.6003105988357597f,0.7728791079987029f,0f,0f,0f,1f], start_interpolation: 0, interpolation_duration: 1 }
$data merge entity $(bone_neck_0) { transformation: [-0.996432313762224f,0.08223292043186456f,-0.018983963961918038f,-0.10237409032762625f,0.0767152570650639f,0.9762960903806859f,0.202387532325558f,0.4716967337531686f,0.03517688763807743f,0.20020911743633013f,-0.9791214918851816f,0.7063061405807047f,0f,0f,0f,1f], start_interpolation: 0, interpolation_duration: 1 }
$data merge entity $(bone_neck_1) { transformation: [-0.9871094004390476f,0.13439954939251375f,0.08690105113261472f,-0.09439326879629004f,0.14657064172477977f,0.9772076085126393f,0.15356541553811695f,0.48920761329679274f,-0.06428124570393998f,0.16432300809106898f,-0.9843098447453689f,0.6236791932219593f,0f,0f,0f,1f], start_interpolation: 0, interpolation_duration: 1 }
$data merge entity $(bone_neck_2) { transformation: [-0.9768747148845909f,0.09692595835337359f,0.19058108514863054f,-0.07674797066812787f,0.13314389229426002f,0.9731960622467835f,0.18751567500368937f,0.5151635904916134f,-0.16729762509935386f,0.20855402902997305f,-0.9635957251936526f,0.541302855017528f,0f,0f,0f,1f], start_interpolation: 0, interpolation_duration: 1 }
$data merge entity $(bone_body_0) { transformation: [-0.9904810222506165f,0.1045098849643494f,0.08958252344130765f,-0.033532476013060857f,0.10650327883037328f,0.9941538091721429f,0.017755430349562284f,0.5330022159571244f,-0.08720318893110354f,0.02712724927553206f,-0.9958211266020568f,0.07223451333761446f,0f,0f,0f,1f], start_interpolation: 0, interpolation_duration: 1 }
$data merge entity $(bone_leg_left_3) { transformation: [-0.9967624266688352f,-0.029051181130772864f,-0.0749712855442804f,0.2746933504844896f,-0.047473124445899406f,0.9652038507643408f,0.2571533179351044f,0.08710539266696918f,0.06489196588638037f,0.2598798863794497f,-0.9634580828550899f,-0.0706386569165405f,0f,0f,0f,1f], start_interpolation: 0, interpolation_duration: 1 }
$data merge entity $(bone_leg_left_2) { transformation: [-1.0141726559936768f,-0.1529619119674314f,0.010893889236322856f,0.23780145543206455f,-0.15324978454505211f,1.0135788363609022f,-0.03513752294726431f,0.32204549254037945f,-0.005525112878544407f,-0.036370255281509126f,-1.0250409148707829f,-0.11080343771923526f,0f,0f,0f,1f], start_interpolation: 0, interpolation_duration: 1 }
$data merge entity $(bone_leg_left_1) { transformation: [-0.9666255809910408f,-0.07613955002982643f,0.2446175690644245f,0.22339407308903078f,0.23505649035343937f,0.1161960633348601f,0.9650113580721238f,0.29775045126623384f,-0.10189912912511262f,0.9903036119224935f,-0.09442099182282976f,0.1652682268232795f,0f,0f,0f,1f], start_interpolation: 0, interpolation_duration: 1 }
$data merge entity $(bone_leg_left_0) { transformation: [-0.97960885815243f,0.1929621410916309f,-0.055965142138886884f,0.18980856106622412f,0.18881505952245048f,0.7889758928252086f,-0.5846930082001995f,0.6770802827601101f,-0.06866846675749905f,-0.5833375117768432f,-0.8093219316360922f,-0.005869644162211168f,0f,0f,0f,1f], start_interpolation: 0, interpolation_duration: 1 }
$data merge entity $(bone_leg_right_3) { transformation: [-0.9588355976731703f,0.03917613935370316f,0.281246380847956f,-0.1978974058688044f,0.035737109733807816f,0.999210632767824f,-0.017348497099149374f,0.02632800841279387f,-0.28170402131068f,-0.006583423810194444f,-0.9594787662623534f,-0.05329014474583928f,0f,0f,0f,1f], start_interpolation: 0, interpolation_duration: 1 }
$data merge entity $(bone_leg_right_2) { transformation: [-0.9832527646628656f,0.1094937030841776f,0.2707163261948558f,-0.162482838615776f,-0.002990031140987618f,0.9470454799182828f,-0.39390115280463456f,0.2349142634463761f,-0.2920055821338036f,-0.3783889367462507f,-0.9075333338513992f,-0.16908589036441443f,0f,0f,0f,1f], start_interpolation: 0, interpolation_duration: 1 }
$data merge entity $(bone_leg_right_1) { transformation: [-0.9456795853764365f,-0.20233660700221592f,-0.25446025086264845f,-0.22278955423200775f,-0.32151345936528036f,0.4661346167891979f,0.824225463376228f,0.3114315029000673f,-0.04815825214043143f,0.8612655899881398f,-0.5058679336083284f,0.09076329238922645f,0f,0f,0f,1f], start_interpolation: 0, interpolation_duration: 1 }
$data merge entity $(bone_leg_right_0) { transformation: [-0.956465558981397f,-0.1531295179824107f,0.2484451352006687f,-0.1919245358271297f,-0.278748551406662f,0.7314871937122027f,-0.6222746423595725f,0.681705855622512f,-0.08644581870218762f,-0.6644379851856161f,-0.7423269389368727f,-0.09963506085810162f,0f,0f,0f,1f], start_interpolation: 0, interpolation_duration: 1 }
$data merge entity $(bone_tail_4) { transformation: [-2.6530182324519394f,0.6817515292179421f,0.3498148685899192f,0.012984830150009723f,0.5171473105314262f,2.523303742118252f,-0.99556929232582f,0.6177291343175257f,-0.5654327980297021f,-0.89096263054127f,-2.5518880605330794f,-1.7648057678399576f,0f,0f,0f,1f], start_interpolation: 0, interpolation_duration: 1 }
$data merge entity $(bone_tail_3) { transformation: [-2.012312556406989f,0.5313968846947654f,-0.0645062191413387f,0.018722565448082956f,0.51508831656674f,1.8539322253712682f,-0.7959678736675374f,0.7345536891127221f,-0.1456973833246634f,-0.7851739811730122f,-1.9230755621726652f,-1.4310396742574623f,0f,0f,0f,1f], start_interpolation: 0, interpolation_duration: 1 }
$data merge entity $(bone_tail_2) { transformation: [-1.88283378469513f,0.3772484156320922f,-0.3624837197950626f,0.08480501257022308f,0.4525775759463461f,1.8536991405290357f,-0.42160041408330995f,0.8137040345489963f,0.26245828614070904f,-0.490160182295304f,-1.8734013234571745f,-1.0827010215517818f,0f,0f,0f,1f], start_interpolation: 0, interpolation_duration: 1 }
$data merge entity $(bone_tail_1) { transformation: [-1.4918295171349178f,0.10793847469890012f,-0.22461128084910065f,0.1332446698703091f,0.11684367992101449f,1.5070896346226836f,-0.05181348931871937f,0.8063194763249314f,0.22011019119412467f,-0.06845705874882774f,-1.494831557346829f,-0.7604034185521416f,0f,0f,0f,1f], start_interpolation: 0, interpolation_duration: 1 }
$data merge entity $(bone_tail_0) { transformation: [-1.2639784469413653f,0.06798991454970393f,0.1776839153419524f,0.08296201780045902f,0.09062070127421484f,1.2648369062604985f,0.16065866190768432f,0.7898940489180581f,-0.16727848263387518f,0.17146629017075646f,-1.255568770385284f,-0.38935925469006816f,0f,0f,0f,1f], start_interpolation: 0, interpolation_duration: 1 }
$data merge entity $(bone_body_1) { transformation: [-1.2005937171722587f,-0.08122880770725648f,0.28386828308426165f,0.02243795498348631f,0.014547949240234597f,1.1709424470758407f,0.39659392061048526f,0.618820234375f,-0.2949028289380292f,0.38845882856584674f,-1.136105917179313f,-0.15139600205461243f,0f,0f,0f,1f], start_interpolation: 0, interpolation_duration: 1 }