# This file was generated by Animated Java via MC-Build. It is not recommended to edit this file directly.
$data merge entity $(bone_head_lower) { transformation: [-0.9875720298030385f,-0.15708224100607238f,0.0051628975601512445f,-0.07187718676858793f,-0.14781771511646657f,0.9394842765296334f,0.30906183402571463f,0.4068434878576294f,-0.0533985865773014f,0.30445765504270283f,-0.9510279318913011f,0.7999792278570032f,0f,0f,0f,1f], start_interpolation: 0, interpolation_duration: 1 }
$data merge entity $(bone_head_upper) { transformation: [-1.027963314333637f,-0.13392297758549757f,-0.09395745336238852f,-0.08168068034381544f,-0.15386339807401544f,0.5883438319475134f,0.8447778008008617f,0.47824358548609375f,-0.055582566518901956f,0.8481675035436441f,-0.6008281008867857f,0.777587844153375f,0f,0f,0f,1f], start_interpolation: 0, interpolation_duration: 1 }
$data merge entity $(bone_neck_0) { transformation: [-0.9977429059132885f,0.06563087169003047f,-0.014201492207284006f,-0.08334189188667669f,0.061965629300471885f,0.9813720153446303f,0.18184946599815824f,0.4740527823997436f,0.025871885998189022f,0.18055901024215196f,-0.983223824637743f,0.7110715769700897f,0f,0f,0f,1f], start_interpolation: 0, interpolation_duration: 1 }
$data merge entity $(bone_neck_1) { transformation: [-0.9917512964838124f,0.10692263771830045f,0.07068886380497619f,-0.07686103810441927f,0.11729493979894323f,0.9794373840865442f,0.1641472136567341f,0.49247035142746187f,-0.05168426279090846f,0.1710846579827317f,-0.9838997798468563f,0.6285105175661947f,0f,0f,0f,1f], start_interpolation: 0, interpolation_duration: 1 }
$data merge entity $(bone_neck_2) { transformation: [-0.9851568151369746f,0.07673310798223962f,0.153551553976373f,-0.06265750525409555f,0.10865290028803047f,0.9712695616019953f,0.21173092821897138f,0.520528904772965f,-0.13289317833573078f,0.22527198859346412f,-0.9651901026776922f,0.5461581792091816f,0f,0f,0f,1f], start_interpolation: 0, interpolation_duration: 1 }
$data merge entity $(bone_body_0) { transformation: [-0.9936471637037975f,0.08466586037822837f,0.0741417975895739f,-0.02690820592944225f,0.08709948233494583f,0.995741016557614f,0.0302242968784035f,0.5442591804096252f,-0.07126706280171417f,0.03648999905760131f,-0.9967895894963956f,0.07672259649401353f,0f,0f,0f,1f], start_interpolation: 0, interpolation_duration: 1 }
$data merge entity $(bone_leg_left_3) { transformation: [-0.995868624901339f,-0.013504256852786401f,-0.0897959742080377f,0.2533844416648309f,-0.03199483068999527f,0.9776463835353811f,0.2078073135606864f,0.07170414234542657f,0.08498242610231345f,0.20982179059155126f,-0.9740394260227462f,-0.08633311599324153f,0f,0f,0f,1f], start_interpolation: 0, interpolation_duration: 1 }
$data merge entity $(bone_leg_left_2) { transformation: [-1.0184310116737114f,-0.11936067841332904f,-0.02476898081603446f,0.22321619662321757f,-0.11646932786537491f,1.0142651701755072f,-0.09880920876179512f,0.30489354575073424f,0.03599124377599505f,-0.09529634052918318f,-1.0206299218393993f,-0.14003275469408852f,0f,0f,0f,1f], start_interpolation: 0, interpolation_duration: 1 }
$data merge entity $(bone_leg_left_1) { transformation: [-0.9609038261930847f,-0.03879824250602877f,0.27415056663434734f,0.21727300885327366f,0.26315934272022595f,0.17987486356381133f,0.947835530984653f,0.2982493001264881f,-0.08608714855626787f,0.9829240712467794f,-0.1626323246378391f,0.13733688708197453f,0f,0f,0f,1f], start_interpolation: 0, interpolation_duration: 1 }
$data merge entity $(bone_leg_left_0) { transformation: [-0.9748950051016082f,0.21010168139765353f,-0.07373610039739355f,0.19241181067004548f,0.21578394730902395f,0.8097717704666711f,-0.5456252998523888f,0.6856997376986756f,-0.05492738034598015f,-0.5478384462860852f,-0.8347790244484922f,-0.016192777199778324f,0f,0f,0f,1f], start_interpolation: 0, interpolation_duration: 1 }
$data merge entity $(bone_leg_right_3) { transformation: [-0.9654237459905888f,0.030061222903997556f,0.25894654574837617f,-0.19303239562548052f,0.02812100560639621f,0.9995418417390174f,-0.011194447581689027f,0.02636381407291874f,-0.25916442603332884f,-0.003525548253862587f,-0.9658267809438326f,-0.0664970585305945f,0f,0f,0f,1f], start_interpolation: 0, interpolation_duration: 1 }
$data merge entity $(bone_leg_right_2) { transformation: [-0.9900217893732921f,0.09662177650860124f,0.25016652128356726f,-0.16124283546714105f,-0.0035294032027711414f,0.9520376200702491f,-0.3816727823472662f,0.23649247791739514f,-0.2681540590403805f,-0.3692570944152506f,-0.9185884815002145f,-0.18054284127546422f,0f,0f,0f,1f], start_interpolation: 0, interpolation_duration: 1 }
$data merge entity $(bone_leg_right_1) { transformation: [-0.945316373180836f,-0.18320851947912056f,-0.26983623364274045f,-0.21553032939147923f,-0.32484322752268985f,0.45474960931433983f,0.8292645358153801f,0.30958319870204015f,-0.02922040603538686f,0.8715718164435586f,-0.4893962981596849f,0.08160978640230993f,0f,0f,0f,1f], start_interpolation: 0, interpolation_duration: 1 }
$data merge entity $(bone_leg_right_0) { transformation: [-0.9577510409059753f,-0.1817160932774723f,0.22291748492994917f,-0.19366174901708216f,-0.28020870927819763f,0.7641735495106975f,-0.5809663204290488f,0.689498302204492f,-0.06477671563276186f,-0.6188845188499991f,-0.7828064444290412f,-0.090127099232614f,0f,0f,0f,1f], start_interpolation: 0, interpolation_duration: 1 }
$data merge entity $(bone_tail_4) { transformation: [-2.6829138524251737f,0.55492242314416f,0.34597065823120154f,0.022243552684760384f,0.4501747313336537f,2.6269620503836055f,-0.7225471809598563f,0.6180066046155108f,-0.4743177240350498f,-0.6455949362690019f,-2.6427052818144583f,-1.7840127798681094f,0f,0f,0f,1f], start_interpolation: 0, interpolation_duration: 1 }
$data merge entity $(bone_tail_3) { transformation: [-2.034968740688682f,0.4412502489001495f,-0.0120817345576604f,0.019974188300649363f,0.4217570943308443f,1.9267936025310486f,-0.6674825036444558f,0.7123317829431927f,-0.13026397754547858f,-0.6547596178258276f,-1.9723758934500928f,-1.4431633788806515f,0f,0f,0f,1f], start_interpolation: 0, interpolation_duration: 1 }
$data merge entity $(bone_tail_2) { transformation: [-1.9090546319420292f,0.3162361741039845f,-0.2725416838788804f,0.06930270047801457f,0.3717082266723994f,1.8683355335516356f,-0.4358086773977329f,0.7940670978330193f,0.1900454721573793f,-0.47758862136694114f,-1.885355590400941f,-1.09265300791373f,0f,0f,0f,1f], start_interpolation: 0, interpolation_duration: 1 }
$data merge entity $(bone_tail_1) { transformation: [-1.499841103276863f,0.09544271205961155f,-0.1703631522247392f,0.10622916757955472f,0.10632139593213187f,1.5059286334497382f,-0.09236320546217393f,0.7954326308432508f,0.16379461434456996f,-0.10356587116859967f,-1.5000338944973222f,-0.7687529487198097f,0f,0f,0f,1f], start_interpolation: 0, interpolation_duration: 1 }
$data merge entity $(bone_tail_0) { transformation: [-1.268831462325801f,0.06018858364170798f,0.14240706160651775f,0.06606697206990139f,0.07411549036469234f,1.2700686877063858f,0.12356431191815936f,0.7899732868621139f,-0.13568098939865755f,0.13091439756960313f,-1.2642340788828694f,-0.3961551697195568f,0f,0f,0f,1f], start_interpolation: 0, interpolation_duration: 1 }
$data merge entity $(bone_body_1) { transformation: [-1.2142449630354923f,-0.05823794869202336f,0.2254375881066228f,0.01757862984239051f,0.01194691452502178f,1.1799087687112033f,0.36915736997653725f,0.624674140625f,-0.23253179574526556f,0.3647303578080764f,-1.1582337091955686f,-0.15144923450681966f,0f,0f,0f,1f], start_interpolation: 0, interpolation_duration: 1 }