# This file was generated by Animated Java via MC-Build. It is not recommended to edit this file directly.
$data merge entity $(bone_head_lower) { transformation: [-0.992033131099852f,-0.1255527885383868f,0.01033267102249106f,-0.053120204770090954f,-0.11883112598251795f,0.9598385061470247f,0.25414406468610423f,0.4095539773040391f,-0.041826191530557014f,0.25089148930898963f,-0.967111177835499f,0.8054021093423938f,0f,0f,0f,1f], start_interpolation: 0, interpolation_duration: 1 }
$data merge entity $(bone_head_upper) { transformation: [-1.0326068728146982f,-0.10868242127048117f,-0.07336974925773421f,-0.06093910773635156f,-0.12369126952223379f,0.6139270674591585f,0.8314240604339539f,0.48061733433490245f,-0.043536865336576996f,0.8335188238613994f,-0.6219508454925369f,0.7812293863740332f,0f,0f,0f,1f], start_interpolation: 0, interpolation_duration: 1 }
$data merge entity $(bone_neck_0) { transformation: [-0.9988152525603851f,0.0477910859887283f,-0.009170788011522303f,-0.06198510483980383f,0.04563982717539424f,0.9853674092737381f,0.16421959358298735f,0.4752269731821552f,0.016884828341870953f,0.16360648166004724f,-0.9863811746635711f,0.7147870342859304f,0f,0f,0f,1f], start_interpolation: 0, interpolation_duration: 1 }
$data merge entity $(bone_neck_1) { transformation: [-0.9955266545098352f,0.07793341423897533f,0.05341407216746735f,-0.05710120236979997f,0.08622600660514891f,0.9805271353854152f,0.17644152730522494f,0.4946910522867823f,-0.03862325653520102f,0.18025792553429631f,-0.9828607858372864f,0.632356251408394f,0f,0f,0f,1f], start_interpolation: 0, interpolation_duration: 1 }
$data merge entity $(bone_neck_2) { transformation: [-0.9919269922305274f,0.055404800312619865f,0.11406642883345665f,-0.04656568008271217f,0.0812546201197485f,0.968282715800467f,0.23627583243164632f,0.5248706802409218f,-0.0973577361779467f,0.24363680014396594f,-0.9649676579149763f,0.5502032038640172f,0f,0f,0f,1f], start_interpolation: 0, interpolation_duration: 1 }
$data merge entity $(bone_body_0) { transformation: [-0.9964884703337761f,0.06244429645438257f,0.05578026830491435f,-0.01968178882751362f,0.06494736947139063f,0.9969072182568515f,0.04424745626737142f,0.5552211278396922f,-0.05284475083296091f,0.04771486170684622f,-0.9974621417786738f,0.08055758062809476f,0f,0f,0f,1f], start_interpolation: 0, interpolation_duration: 1 }
$data merge entity $(bone_leg_left_3) { transformation: [-0.9940444701219247f,-0.0008449306177186269f,-0.10897191157483263f,0.23234222745005348f,-0.017942926295874934f,0.9875911693746108f,0.1560183757421857f,0.05849671283461777f,0.10748787287858445f,0.15704447862163218f,-0.9817247011858762f,-0.10008532653150913f,0f,0f,0f,1f], start_interpolation: 0, interpolation_duration: 1 }
$data merge entity $(bone_leg_left_2) { transformation: [-1.0196584413600156f,-0.0917024544775568f,-0.06284522501152584f,0.20744244354800281f,-0.0807529584109383f,1.0094746447337666f,-0.1627946585371019f,0.28864742431761414f,0.07640564227751115f,-0.15688786117199102f,-1.0107475334353948f,-0.16777375118090826f,0f,0f,0f,1f], start_interpolation: 0, interpolation_duration: 1 }
$data merge entity $(bone_leg_left_1) { transformation: [-0.95485848411219f,0.0005106963727182917f,0.2970606242977775f,0.2108428057554426f,0.28825168999721257f,0.24331707425543592f,0.9261251344119353f,0.29989015301068983f,-0.07180695323380097f,0.9699466689282407f,-0.23248058177467024f,0.1094904265416345f,0f,0f,0f,1f], start_interpolation: 0, interpolation_duration: 1 }
$data merge entity $(bone_leg_left_0) { transformation: [-0.9698574539852491f,0.22730393985203856f,-0.08780340470045044f,0.19446668421025054f,0.23990812529678363f,0.8276315021606575f,-0.5074152028150875f,0.6940474148484117f,-0.04266861101363657f,-0.5131851669320093f,-0.8572166436059981f,-0.02718127553373932f,0f,0f,0f,1f], start_interpolation: 0, interpolation_duration: 1 }
$data merge entity $(bone_leg_right_3) { transformation: [-0.9719808062236017f,0.019470431483575565f,0.23425245917761583f,-0.18897336037262366f,0.018979545248707f,0.999810409428215f,-0.00434994955578899f,0.02717930709445665f,-0.23429274251472124f,0.0002179376723143167f,-0.97216606776214f,-0.0817069098988859f,0f,0f,0f,1f], start_interpolation: 0, interpolation_duration: 1 }
$data merge entity $(bone_leg_right_2) { transformation: [-0.9968731616393776f,0.08309710640150565f,0.22671782023366122f,-0.16105042200144334f,-0.0036126879995649203f,0.9578107403428053f,-0.36694377453511784f,0.23910899841307492f,-0.2414395319520473f,-0.3574292322857192f,-0.9305984611093618f,-0.19340824165607706f,0f,0f,0f,1f], start_interpolation: 0, interpolation_duration: 1 }
$data merge entity $(bone_leg_right_1) { transformation: [-0.9445492283984886f,-0.16132357165973918f,-0.2860095459224478f,-0.20851940950667439f,-0.3282563567825098f,0.4409860914511041f,0.8353316894375262f,0.30807084782550437f,-0.00863245988658037f,0.882896354264544f,-0.469488560310774f,0.07117509910938243f,0f,0f,0f,1f], start_interpolation: 0, interpolation_duration: 1 }
$data merge entity $(bone_leg_right_0) { transformation: [-0.9585728407975452f,-0.2093557332330944f,0.19315352921382928f,-0.1949845227511205f,-0.2818513544391036f,0.79520899081182f,-0.5368449263361716f,0.6967707165894834f,-0.041205859852294746f,-0.5690455499294238f,-0.8212729383215747f,-0.08060269053005335f,0f,0f,0f,1f], start_interpolation: 0, interpolation_duration: 1 }
$data merge entity $(bone_tail_4) { transformation: [-2.7143469364074817f,0.4150183727326339f,0.2928169918390635f,0.020508302530415808f,0.3647467751390896f,2.7005997854467174f,-0.44652202685957043f,0.6218134061664128f,-0.353471116841187f,-0.4002272863505198f,-2.709342654670971f,-1.7991290177369137f,0f,0f,0f,1f], start_interpolation: 0, interpolation_duration: 1 }
$data merge entity $(bone_tail_3) { transformation: [-2.054828692417497f,0.33682682642570455f,0.013124780464131347f,0.014986709851351011f,0.3222722247054541f,1.9868255336885356f,-0.5334889295112947f,0.692830766361455f,-0.09881894578288432f,-0.5244211225033734f,-2.0127500660218858f,-1.4527091135743788f,0f,0f,0f,1f], start_interpolation: 0, interpolation_duration: 1 }
$data merge entity $(bone_tail_2) { transformation: [-1.9290310368167622f,0.24434283033819973f,-0.19470417371680057f,0.04981352021568486f,0.2829557324603276f,1.8826752128950972f,-0.44073117795433675f,0.7754189479335386f,0.13247334625600682f,-0.4632542487829933f,-1.8938374239936802f,-1.10066114878321f,0f,0f,0f,1f], start_interpolation: 0, interpolation_duration: 1 }
$data merge entity $(bone_tail_1) { transformation: [-1.5054222309340286f,0.07730550137623812f,-0.12403231863744918f,0.07699714955985416f,0.08777863019315565f,1.5045442106160642f,-0.12766315201771414f,0.7844152739764468f,0.11685490443719733f,-0.13426402257735764f,-1.5019901309763395f,-0.7759200312569001f,0f,0f,0f,1f], start_interpolation: 0, interpolation_duration: 1 }
$data merge entity $(bone_tail_0) { transformation: [-1.2731325240269773f,0.04929307988153557f,0.10266199454773023f,0.048186458491712866f,0.056393748913954184f,1.273958857037047f,0.08766009493674094f,0.7895418534046001f,-0.09893956707079082f,0.09184083752166625f,-1.2710672441752213f,-0.40226835714807946f,0f,0f,0f,1f], start_interpolation: 0, interpolation_duration: 1 }
$data merge entity $(bone_body_1) { transformation: [-1.2248680453128291f,-0.03823017292872941f,0.163833209410116f,0.01267260568852469f,0.008565091648860488f,1.1882893691239818f,0.34132039125757857f,0.6301499218750001f,-0.16801638560814863f,0.33928074534376307f,-1.176972244813957f,-0.15149176288663724f,0f,0f,0f,1f], start_interpolation: 0, interpolation_duration: 1 }