# This file was generated by Animated Java via MC-Build. It is not recommended to edit this file directly.
$data merge entity $(bone_head_lower) { transformation: [-0.9955663353020066f,-0.09316373880124679f,0.012968800480598314f,-0.03390372931794898f,-0.08880686618209807f,0.9764074470512536f,0.1968294639066212f,0.4110461812219591f,-0.031000202132363965f,0.19480506953215077f,-0.9803519635071514f,0.8091171587160245f,0f,0f,0f,1f], start_interpolation: 0, interpolation_duration: 1 }
$data merge entity $(bone_head_upper) { transformation: [-1.0362845835965524f,-0.08219018360892576f,-0.0532069365962575f,-0.03973892657142363f,-0.09243903000608499f,0.6348862488845581f,0.8196623812841087f,0.48177905354631817f,-0.03226809748282677f,0.8207534144181998f,-0.6393704287728774f,0.7834604298217204f,0f,0f,0f,1f], start_interpolation: 0, interpolation_duration: 1 }
$data merge entity $(bone_neck_0) { transformation: [-0.9995253507820753f,0.0304376854295569f,-0.004756096052518782f,-0.04021755373607003f,0.02937725650320424f,0.9881960143435841f,0.1503516346296228f,0.47545130544445363f,0.009276310921610468f,0.15014054929014348f,-0.9886211435704478f,0.7170942729773354f,0f,0f,0f,1f], start_interpolation: 0, interpolation_duration: 1 }
$data merge entity $(bone_neck_1) { transformation: [-0.9981123609091348f,0.049875865437321656f,0.03583452312046899f,-0.03695212742206379f,0.055792476501015084f,0.9802685420718643f,0.1896332908278103f,0.4960317087542686f,-0.02566933123937829f,0.1912746284042382f,-0.9812008469026838f,0.6348548612872923f,0f,0f,0f,1f], start_interpolation: 0, interpolation_duration: 1 }
$data merge entity $(bone_neck_2) { transformation: [-0.9965905040388275f,0.034954473489450084f,0.07473655091527326f,-0.030062418895746335f,0.05328371901377707f,0.9642626145516475f,0.2595350755988127f,0.5282096615503864f,-0.06299375006853258f,0.2626324331858043f,-0.9628374694055105f,0.5530744133525087f,0f,0f,0f,1f], start_interpolation: 0, interpolation_duration: 1 }
$data merge entity $(bone_body_0) { transformation: [-0.9985335474541133f,0.040113802542765954f,0.036354331987596356f,-0.012546624447264107f,0.04220685658333448f,0.997379318721178f,0.05876287811733372f,0.5654056703812604f,-0.03390185638070901f,0.06021110722149839f,-0.9976097867909592f,0.08347824793479894f,0f,0f,0f,1f], start_interpolation: 0, interpolation_duration: 1 }
$data merge entity $(bone_leg_left_3) { transformation: [-0.9914895609854367f,0.007583685133959375f,-0.1299651421600991f,0.21305554065930804f,-0.006265144694771276f,0.9943656704910008f,0.10581900259847712f,0.04813662158247292f,0.13003537372138163f,0.10573268685119055f,-0.9858556692094282f,-0.11112353536845422f,0f,0f,0f,1f], start_interpolation: 0, interpolation_duration: 1 }
$data merge entity $(bone_leg_left_2) { transformation: [-1.0183425342496013f,-0.07116466476582523f,-0.09988129418245272f,0.19180054676241665f,-0.048046474464199566f,1.0000812023377925f,-0.22269109664028097f,0.2742974071891345f,0.11283713365003112f,-0.2164148301758861f,-0.9962402331015762f,-0.19218275047837505f,0f,0f,0f,1f], start_interpolation: 0, interpolation_duration: 1 }
$data merge entity $(bone_leg_left_1) { transformation: [-0.9490825280090995f,0.03830938874148708f,0.3126895357413012f,0.2045257018470022f,0.30926829196708217f,0.30223186469260727f,0.9016701301186555f,0.30242388631463174f,-0.059962309925656335f,0.9524643251579996f,-0.2986908614097465f,0.08360767223394808f,0f,0f,0f,1f], start_interpolation: 0, interpolation_duration: 1 }
$data merge entity $(bone_leg_left_0) { transformation: [-0.9650150684557754f,0.2432903370470013f,-0.0977534119754988f,0.19579940358212627f,0.2601507809698952f,0.8419998987802777f,-0.4726073863311444f,0.7017428012675114f,-0.03267244732260972f,-0.48150387574095227f,-0.8758347611464121f,-0.037946983966052256f,0f,0f,0f,1f], start_interpolation: 0, interpolation_duration: 1 }
$data merge entity $(bone_leg_right_3) { transformation: [-0.9776396726388038f,0.00851475557005385f,0.2101146577949154f,-0.18580019116765395f,0.009260070569412627f,0.9999538384597287f,0.0025635995599920247f,0.028906613392877756f,-0.2100831301550451f,0.004451953193456537f,-0.977673390523145f,-0.09728383837033977f,0f,0f,0f,1f], start_interpolation: 0, interpolation_duration: 1 }
$data merge entity $(bone_leg_right_2) { transformation: [-1.0028878851090424f,0.07006989354459975f,0.20339198465243105f,-0.16162541888635107f,-0.004042753104243917f,0.9634556386583224f,-0.3518509456936508f,0.24261922552046988f,-0.215085437790531f,-0.34482697379530314f,-0.9417509289054742f,-0.2064331483487548f,0f,0f,0f,1f], start_interpolation: 0, interpolation_duration: 1 }
$data merge entity $(bone_leg_right_1) { transformation: [-0.9432250047128274f,-0.13955647765853704f,-0.30141429964092403f,-0.20233758406140173f,-0.3319630464878451f,0.4268762314514959f,0.8411760926157359f,0.30736408063390763f,0.011275027760286204f,0.8934767330855969f,-0.4489679289032721f,0.06033268342672754f,0f,0f,0f,1f], start_interpolation: 0, interpolation_duration: 1 }
$data merge entity $(bone_leg_right_0) { transformation: [-0.9586409518816839f,-0.2336623519756921f,0.16250978630398455f,-0.19584375393416864f,-0.2840281682411453f,0.8221282373427556f,-0.49338946179389875f,0.703348884436391f,-0.018317342082259436f,-0.5191407002276753f,-0.854492485833644f,-0.07180793823156656f,0f,0f,0f,1f], start_interpolation: 0, interpolation_duration: 1 }
$data merge entity $(bone_tail_4) { transformation: [-2.739915052543341f,0.27650973697655074f,0.2051077809435342f,0.01220513813517107f,0.2625060340784299f,2.742355887261767f,-0.19035782430238496f,0.6279392837308224f,-0.2227496768097234f,-0.1693749820896881f,-2.7472451708071643f,-1.8098653924366628f,0f,0f,0f,1f], start_interpolation: 0, interpolation_duration: 1 }
$data merge entity $(bone_tail_3) { transformation: [-2.0697035826894905f,0.22804525104481665f,0.01636976855793355f,0.007197828506691404f,0.22052147320836826f,2.0305169008720467f,-0.40536023629783036f,0.6768031981125207f,-0.06035632279011573f,-0.40117577792450093f,-2.0423909115422476f,-1.4596255486776348f,0f,0f,0f,1f], start_interpolation: 0, interpolation_duration: 1 }
$data merge entity $(bone_tail_2) { transformation: [-1.9427920868405342f,0.16695994715060827f,-0.12828545654144322f,0.029648955395338957f,0.19176903220780997f,1.8946991905579853f,-0.4383075296954986f,0.7588762623576623f,0.08693342624480155f,-0.44834498809416456f,-1.9000534797881246f,-1.1064521592554086f,0f,0f,0f,1f], start_interpolation: 0, interpolation_duration: 1 }
$data merge entity $(bone_tail_1) { transformation: [-1.5091707529465408f,0.054942203853019976f,-0.08391211287141787f,0.04847611352303041f,0.06341492409651767f,1.5030562334494177f,-0.15638656109359947f,0.7740950109498143f,0.07770737321905355f,-0.15956053185115174f,-1.502051347598601f,-0.7813512444505561f,0f,0f,0f,1f], start_interpolation: 0, interpolation_duration: 1 }
$data merge entity $(bone_tail_0) { transformation: [-1.2761419786809045f,0.03567638716880331f,0.06343943750535448f,0.030798570188545007f,0.03841539439698657f,1.276457499349192f,0.05492018219706666f,0.7888492505168024f,-0.06181928748973173f,0.056737680053176996f,-1.27545871275415f,-0.4072633828762482f,0f,0f,0f,1f], start_interpolation: 0, interpolation_duration: 1 }
$data merge entity $(bone_body_1) { transformation: [-1.2317619774502593f,-0.02225511442436535f,0.10426761647815508f,0.008056849803806328f,0.005051313018193997f,1.1955919656626728f,0.31486335279912836f,0.6351163281250001f,-0.10649652670800797f,0.3141164697704891f,-1.1910474080716964f,-0.15151951778101333f,0f,0f,0f,1f], start_interpolation: 0, interpolation_duration: 1 }