# This file was generated by Animated Java via MC-Build. It is not recommended to edit this file directly.
$data merge entity $(bone_head_lower) { transformation: [-0.9970096731904082f,-0.07621175873943914f,0.012785906092134234f,-0.024839913074398527f,-0.07295566418624537f,0.9828381461856819f,0.16943036760107644f,0.4114541083874528f,-0.025479062539645145f,0.16799091115930548f,-0.9854592184052913f,0.8103347213927772f,0f,0f,0f,1f], start_interpolation: 0, interpolation_duration: 1 }
$data merge entity $(bone_head_upper) { transformation: [-1.037786953403199f,-0.06793341231029022f,-0.04307242065979095f,-0.029656797846413816f,-0.0759395204532694f,0.6436784218468318f,0.8144834074832996f,0.48203250374156953f,-0.026521145581240576f,0.8151902129712792f,-0.6467097402207629f,0.7840489035031245f,0f,0f,0f,1f], start_interpolation: 0, interpolation_duration: 1 }
$data merge entity $(bone_neck_0) { transformation: [-0.9997427981691622f,0.02248080804263406f,-0.0029917851934620626f,-0.02989211606100893f,0.021810499062666175f,0.9892117467587593f,0.14486000899185963f,0.4753356145960706f,0.006216079112351839f,0.14475749840417407f,-0.9894476373291488f,0.7177176698691292f,0f,0f,0f,1f], start_interpolation: 0, interpolation_duration: 1 }
$data merge entity $(bone_neck_1) { transformation: [-0.998942487485829f,0.03698886874219998f,0.027308062633523728f,-0.027408361642940686f,0.04163814138061031f,0.9796891896677915f,0.19615136204073208f,0.4964655150831982f,-0.019497996768705776f,0.19708098649346753f,-0.9801933038359164f,0.6355903594667665f,0f,0f,0f,1f], start_interpolation: 0, interpolation_duration: 1 }
$data merge entity $(bone_neck_2) { transformation: [-0.99809261372961f,0.025682220754104527f,0.056138738456904966f,-0.022238742121006724f,0.03994776562700559f,0.9619910503498343f,0.27014328618019084f,0.5295505866545607f,-0.047067084462553754f,0.2718706357515649f,-0.961182109163625f,0.5540453812813693f,0f,0f,0f,1f], start_interpolation: 0, interpolation_duration: 1 }
$data merge entity $(bone_body_0) { transformation: [-0.9991955184908613f,0.02968016413744646f,0.026970422402194973f,-0.009244942518321895f,0.03140028609682647f,0.997340768395818f,0.065767877635491f,0.570047658249557f,-0.024946700399372048f,0.06656184757361908f,-0.99747039183465f,0.08457541092411633f,0f,0f,0f,1f], start_interpolation: 0, interpolation_duration: 1 }
$data merge entity $(bone_leg_left_3) { transformation: [-0.99006887533096f,0.010141342213280537f,-0.14021688656863457f,0.20446812347700274f,-0.0014988615651886387f,0.9965765185288783f,0.08266193882839276f,0.04409142494557228f,0.14057515966520034f,0.08205117851057162f,-0.9866641924130671f,-0.11552578341938323f,0f,0f,0f,1f], start_interpolation: 0, interpolation_duration: 1 }
$data merge entity $(bone_leg_left_2) { transformation: [-1.0170343469524596f,-0.06350547480930652f,-0.1169204485491019f,0.18447391894114215f,-0.03337182308119551f,0.99426949013956f,-0.24975328206562458f,0.2680839320677891f,0.12880084644099205f,-0.2438389533022945f,-0.9879347682459708f,-0.20269607998935857f,0f,0f,0f,1f], start_interpolation: 0, interpolation_duration: 1 }
$data merge entity $(bone_leg_left_1) { transformation: [-0.9464571067991016f,0.05557655154112162f,0.31800973555580225f,0.20155557220785372f,0.31809089599320833f,0.3287060890665178f,0.8892527699686025f,0.3038854931801166f,-0.05511013405638012f,0.9427956055950788f,-0.3287846091210722f,0.07196707917721361f,0f,0f,0f,1f], start_interpolation: 0, interpolation_duration: 1 }
$data merge entity $(bone_leg_left_0) { transformation: [-0.9628088058783022f,0.2504829398039143f,-0.10127931768325933f,0.1961968888665636f,0.26866088857938986f,0.847831897050451f,-0.4571678043033719f,0.705226879800473f,-0.028644899562236134f,-0.46737497923083365f,-0.8835949855663777f,-0.04294007666153493f,0f,0f,0f,1f], start_interpolation: 0, interpolation_duration: 1 }
$data merge entity $(bone_leg_right_3) { transformation: [-0.9799643052812422f,0.003287868076110187f,0.19914605268035435f,-0.18448667351564213f,0.004542818584214807f,0.9999725986185588f,0.005845067267209014f,0.030053697744785862f,-0.19912137799333163f,0.006632641672921991f,-0.9799523890937131f,-0.1046483723433286f,0f,0f,0f,1f], start_interpolation: 0, interpolation_duration: 1 }
$data merge entity $(bone_leg_right_2) { transformation: [-1.0053899492198406f,0.06405541660779836f,0.19274374986396386f,-0.16203906357757256f,-0.004566333394892342f,0.9659819438809275f,-0.3448481291757955f,0.24457241861977727f,-0.2030576226290152f,-0.3388775401231556f,-0.9465684413675678f,-0.21257842037556782f,0f,0f,0f,1f], start_interpolation: 0, interpolation_duration: 1 }
$data merge entity $(bone_leg_right_1) { transformation: [-0.9423766365301879f,-0.1296382981331275f,-0.30841560689951575f,-0.19966855045399876f,-0.33393951215666173f,0.4203378677941934f,0.8436826886447308f,0.3073687016486619f,0.020265170678310383f,0.8980590117332924f,-0.4394079360935592f,0.05510429145868337f,0f,0f,0f,1f], start_interpolation: 0, interpolation_duration: 1 }
$data merge entity $(bone_leg_right_0) { transformation: [-0.9583874132439858f,-0.2440750897231284f,0.1480571400242099f,-0.19611604420773304f,-0.2853606675837267f,0.8335008482453681f,-0.473123266570586f,0.7063239043403382f,-0.007928148060646761f,-0.4956850679119744f,-0.8684661524304962f,-0.06789735287612557f,0f,0f,0f,1f], start_interpolation: 0, interpolation_duration: 1 }
$data merge entity $(bone_tail_4) { transformation: [-2.7489659654721232f,0.21156193167120632f,0.15520631863254414f,0.007238996425803394f,0.207533108701633f,2.7525932157312663f,-0.07630156684397629f,0.6314158466859877f,-0.16055360808326663f,-0.06429206310080161f,-2.756038896886923f,-1.8136696232989715f,0f,0f,0f,1f], start_interpolation: 0, interpolation_duration: 1 }
$data merge entity $(bone_tail_3) { transformation: [-2.074871783397209f,0.17519791122537634f,0.01258174903560813f,0.00339114763402585f,0.17066127923100188f,2.046066427894075f,-0.34703375406502396f,0.6702375807559801f,-0.041561235277213365f,-0.3447657039084525f,-2.053132922919309f,-1.4621603482318117f,0f,0f,0f,1f], start_interpolation: 0, interpolation_duration: 1 }
$data merge entity $(bone_tail_2) { transformation: [-1.9474319093134298f,0.12843642602466993f,-0.09892885352937185f,0.02037234846484454f,0.14737767759749026f,1.8993687605604346f,-0.43526084886636146f,0.7517125598618811f,0.06754741843028962f,-0.4412213400096429f,-1.90250754279353f,-1.108543393650761f,0f,0f,0f,1f], start_interpolation: 0, interpolation_duration: 1 }
$data merge entity $(bone_tail_1) { transformation: [-1.5104625566830607f,0.04297512622766628f,-0.06566774995527419f,0.03542104256006898f,0.05004960767920487f,1.5022999153585572f,-0.16806621041967243f,0.7694666527339581f,0.0604495792345153f,-0.17001280198675667f,-1.5016982871172833f,-0.7833741977063324f,0f,0f,0f,1f], start_interpolation: 0, interpolation_duration: 1 }
$data merge entity $(bone_tail_0) { transformation: [-1.2770907782908238f,0.028235231489590416f,0.045581051888857034f,0.02278256622842822f,0.02967887251569193f,1.2772337292314042f,0.04035941059858078f,0.7884946199956322f,-0.0446545083363678f,0.041382232907333144f,-1.276765131991342f,-0.4092751243598664f,0f,0f,0f,1f], start_interpolation: 0, interpolation_duration: 1 }
$data merge entity $(bone_body_1) { transformation: [-1.233868497250079f,-0.01588227016999232f,0.07694725494992631f,0.005963190916311561f,0.0034502661175168712f,1.1987228373588974f,0.302747832220485f,0.6373675000000001f,-0.07849345331809465f,0.30235063708339033f,-1.1962556019086048f,-0.1515279148250836f,0f,0f,0f,1f], start_interpolation: 0, interpolation_duration: 1 }