# This file was generated by Animated Java via MC-Build. It is not recommended to edit this file directly.
$data merge entity $(bone_head_lower) { transformation: [-0.9982186444400366f,-0.058558989205918385f,0.011418523349207541f,-0.016569134286234737f,-0.05631134438764948f,0.9879780800535063f,0.1439734205575552f,0.41173101930591577f,-0.019712188755965226f,0.14307396030364256f,-0.9895156752156485f,0.8111847914794525f,0f,0f,0f,1f], start_interpolation: 0, interpolation_duration: 1 }
$data merge entity $(bone_head_upper) { transformation: [-1.039045371073199f,-0.052746195551600206f,-0.032779540718214796f,-0.02033582074291363f,-0.05861445491004419f,0.6514221116314249f,0.8097441081828015f,0.48216196055509214f,-0.020518409062672223f,0.8101475260197952f,-0.6532319064138319f,0.7843379838537962f,0f,0f,0f,1f], start_interpolation: 0, interpolation_duration: 1 }
$data merge entity $(bone_neck_0) { transformation: [-0.9998820483005578f,0.015274928232555794f,-0.0016018906862518105f,-0.02036425583707941f,0.014899339317251521f,0.9900042704348454f,0.14024818789802154f,0.475156231433749f,0.0037281596250473767f,0.1402077782730317f,-0.9901150840874764f,0.7180382462583828f,0f,0f,0f,1f], start_interpolation: 0, interpolation_duration: 1 }
$data merge entity $(bone_neck_1) { transformation: [-0.9994957344451927f,0.025274081104675574f,0.019222321664638754f,-0.018619438366723556f,0.028644516112086148f,0.9788974775692141f,0.20233442639683025f,0.4968062713058837f,-0.013702865487517441f,0.20278301021768108f,-0.9791278171130093f,0.6360274650765079f,0f,0f,0f,1f], start_interpolation: 0, interpolation_duration: 1 }
$data merge entity $(bone_neck_2) { transformation: [-0.9990937372572302f,0.017352462379185533f,0.03886638937127434f,-0.015044559707898423f,0.02755155755392669f,0.9596692886972914f,0.27977806920412346f,0.5307126906333359f,-0.0324440418217771f,0.2805953463274357f,-0.9592776635415072f,0.5547347509804322f,0f,0f,0f,1f], start_interpolation: 0, interpolation_duration: 1 }
$data merge entity $(bone_body_0) { transformation: [-0.999630161428214f,0.020151644515325445f,0.018260656788040872f,-0.006246411037593597f,0.021422980056770683f,0.997150489192793f,0.07233227376531634f,0.5743017248605757f,-0.0167510085812728f,0.07269672018668671f,-0.9972134127585772f,0.08544433622829106f,0f,0f,0f,1f], start_interpolation: 0, interpolation_duration: 1 }
$data merge entity $(bone_leg_left_3) { transformation: [-0.9886487212635822f,0.011704318561530588f,-0.14978890102705794f,0.1967483505549068f,0.002493128430932424f,0.9981018070327399f,0.061535088434210794f,0.040791028283629294f,0.1502247990663005f,0.06046314352553539f,-0.9868012555831591f,-0.11917715255945874f,0f,0f,0f,1f], start_interpolation: 0, interpolation_duration: 1 }
$data merge entity $(bone_leg_left_2) { transformation: [-1.0154957456231106f,-0.05738120350361916f,-0.13243106737670368f,0.17770474412516496f,-0.02007869585024382f,0.9881671286705093f,-0.2741984159121439f,0.2626262423477138f,0.14292458184304802f,-0.2688778957077948f,-0.9794587488023331f,-0.21190013202682978f,0f,0f,0f,1f], start_interpolation: 0, interpolation_duration: 1 }
$data merge entity $(bone_leg_left_1) { transformation: [-0.944069011969741f,0.07123728393055852f,0.3219611001606778f,0.19878380302208803f,0.3257781358552556f,0.35254634724773015f,0.8772569060662658f,0.30538757605032124f,-0.05101281052002164f,0.9330789475818642f,-0.35603563128199445f,0.06148700606814329f,0f,0f,0f,1f], start_interpolation: 0, interpolation_duration: 1 }
$data merge entity $(bone_leg_left_0) { transformation: [-0.9608005396469685f,0.2570084867029021f,-0.10396615207257745f,0.19643949899683494f,0.27608479673403374f,0.8527656125119687f,-0.4433598934606221f,0.7084052690252033f,-0.02528849593039039f,-0.45468389885696514f,-0.8902937965041694f,-0.04750162614776261f,0f,0f,0f,1f], start_interpolation: 0, interpolation_duration: 1 }
$data merge entity $(bone_leg_right_3) { transformation: [-0.981903813238469f,-0.0015530152535806127f,0.18937394142641809f,-0.1832859103610596f,0.00013456150718415383f,0.9999604015094993f,0.008898163078020382f,0.03131809072380412f,-0.18938026148718629f,0.00876262270010586f,-0.9818647223535741f,-0.11141715646585754f,0f,0f,0f,1f], start_interpolation: 0, interpolation_duration: 1 }
$data merge entity $(bone_leg_right_2) { transformation: [-1.0074913953089113f,0.05851854056525183f,0.1832999407782523f,-0.16241753405231962f,-0.005363425229090636f,0.9681941445102474f,-0.3385757399852763f,0.24654755386533314f,-0.19233959953428664f,-0.333523430131795f,-0.950699636848993f,-0.2182434693857636f,0f,0f,0f,1f], start_interpolation: 0, interpolation_duration: 1 }
$data merge entity $(bone_leg_right_1) { transformation: [-0.9414434980935844f,-0.12086599310729082f,-0.3147626909395452f,-0.19730865021666358f,-0.3359857654853905f,0.414493817766691f,0.8457590912454858f,0.3076053141069245f,0.028243676965143634f,0.9019901810681655f,-0.4308317629517431f,0.05021126718420692f,0f,0f,0f,1f], start_interpolation: 0, interpolation_duration: 1 }
$data merge entity $(bone_leg_right_0) { transformation: [-0.9579732336538402f,-0.25317390628151626f,0.1348712600258593f,-0.1963033810098498f,-0.2868544882866533f,0.843285402047725f,-0.4545153828452995f,0.7090611475207638f,0.0013364702043933002f,-0.4741019973290186f,-0.8804689148266552f,-0.06441631159278126f,0f,0f,0f,1f], start_interpolation: 0, interpolation_duration: 1 }
$data merge entity $(bone_tail_4) { transformation: [-2.755300363811673f,0.15091641169825007f,0.10585590894885788f,0.0027216480324507245f,0.15199602551179092f,2.7571562479643004f,0.02545513975686548f,0.6349034402887743f,-0.10429978431369644f,0.031224871361574286f,-2.759312938758591f,-1.8165462063379383f,0f,0f,0f,1f], start_interpolation: 0, interpolation_duration: 1 }
$data merge entity $(bone_tail_3) { transformation: [-2.078527932410228f,0.12496059652086726f,0.00721176483649587f,0.0002759616816478735f,0.1226894216578694f,2.0577355995112123f,-0.29430772052722703f,0.6646705955100032f,-0.02478842568953131f,-0.29335060570215954f,-2.0613773264811215f,-1.464142122191522f,0f,0f,0f,1f], start_interpolation: 0, interpolation_duration: 1 }
$data merge entity $(bone_tail_2) { transformation: [-1.9507097612794575f,0.09138742528297042f,-0.07178886231142745f,0.01220065771445152f,0.10503716025441652f,1.9030079044408448f,-0.4316271372424693f,0.7454396330225603f,0.04972421158256407f,-0.43472189861863525f,-1.9045519810828684f,-1.1101567437181155f,0f,0f,0f,1f], start_interpolation: 0, interpolation_duration: 1 }
$data merge entity $(bone_tail_1) { transformation: [-1.5114080237656187f,0.03103233861846016f,-0.04836351576112857f,0.023672565188481626f,0.03652398539664634f,1.5015519790007674f,-0.17794353837558924f,0.7653412814179401f,0.04436253134857463f,-0.17898295538611628f,-1.5012172785754896f,-0.7849660354731194f,0f,0f,0f,1f], start_interpolation: 0, interpolation_duration: 1 }
$data merge entity $(bone_tail_0) { transformation: [-1.2777032501502064f,0.02067582720205291f,0.029709111550803358f,0.01548981683048018f,0.0213121770064273f,1.2777457262347163f,0.027338009879871648f,0.788186760014864f,-0.029255978036530243f,0.027822398215396418f,-1.277578067474038f,-0.410956626450073f,0f,0f,0f,1f], start_interpolation: 0, interpolation_duration: 1 }
$data merge entity $(bone_body_1) { transformation: [-1.2352207289269852f,-0.010548920892606103f,0.052183006365477375f,0.004068543500465991f,0.002062811968379698f,1.2014605501696412f,0.29170684984946205f,0.639442109375f,-0.05319859671195307f,0.2915233467671415f,-1.2003285561269523f,-0.15153321727392113f,0f,0f,0f,1f], start_interpolation: 0, interpolation_duration: 1 }