# This file was generated by Animated Java via MC-Build. It is not recommended to edit this file directly.
$data merge entity $(bone_head_lower) { transformation: [-0.8140500738354085f,-0.5705831418258374f,-0.108431340269881f,0.3112898222601122f,-0.5659038892560743f,0.7372289564738954f,0.3691155020603445f,0.8138250088310051f,-0.13067235902598207f,0.3618402188819917f,-0.9230365055543668f,-0.002876955991143869f,0f,0f,0f,1f], start_interpolation: 0, interpolation_duration: 1 }
$data merge entity $(bone_head_upper) { transformation: [-0.847344382667746f,-0.40737634490482744f,-0.4466810420836181f,0.27108623993874637f,-0.5890491225333606f,0.38330937132427034f,0.7678326638540313f,0.8751816227211592f,-0.13601680406332847f,0.877832775675688f,-0.5425688800008918f,-0.020610945735715397f,0f,0f,0f,1f], start_interpolation: 0, interpolation_duration: 1 }
$data merge entity $(bone_neck_0) { transformation: [-0.8545571531533939f,-0.5185978919082226f,-0.02807665405127055f,0.27796469578089533f,-0.5190512417866573f,0.8509486884592177f,0.08044959918648707f,0.8667388703375742f,-0.017829200601721495f,0.0833220026036624f,-0.9963631684722286f,-0.08638436766063856f,0f,0f,0f,1f], start_interpolation: 0, interpolation_duration: 1 }
$data merge entity $(bone_neck_1) { transformation: [-0.8339375355439589f,-0.5229090564513312f,-0.17639247572401456f,0.2606129612763882f,-0.5148659997168458f,0.8522772705572893f,-0.09239294576421932f,0.8628383100247303f,0.19864840584923327f,0.013768542863914567f,-0.9799741007194848f,-0.16933760619574462f,0f,0f,0f,1f], start_interpolation: 0, interpolation_duration: 1 }
$data merge entity $(bone_neck_2) { transformation: [-0.7912837517529989f,-0.5350440628204969f,-0.29596938195062505f,0.22944540786959688f,-0.49025602135203017f,0.8444338204048604f,-0.21582529157753894f,0.8521979306657524f,0.36540259678849674f,-0.025678274805527035f,-0.9304953350034783f,-0.25110738261632976f,0f,0f,0f,1f], start_interpolation: 0, interpolation_duration: 1 }
$data merge entity $(bone_body_0) { transformation: [-0.6698563492172491f,-0.6339317950477907f,-0.3865526492482298f,0.04122560108876688f,-0.3130089725402009f,0.7131944414607769f,-0.6271993875784464f,0.5633952798456998f,0.6732888343962545f,-0.2991390444207114f,-0.6761641646674251f,-0.5726306911303825f,0f,0f,0f,1f], start_interpolation: 0, interpolation_duration: 1 }
$data merge entity $(bone_leg_left_3) { transformation: [-0.3672079154458904f,0.030614154677562816f,-0.9296349392999712f,0.16257889076963866f,-0.08075486275159834f,0.9946349257575462f,0.06465304791926205f,0.029393635429026926f,0.9266266772416247f,0.09881365288591511f,-0.3627655758578635f,-1.0659498364979434f,0f,0f,0f,1f], start_interpolation: 0, interpolation_duration: 1 }
$data merge entity $(bone_leg_left_2) { transformation: [-0.5413522898435206f,-0.3627492970251736f,-0.7920939624120441f,0.05270346280161314f,-0.47062351874631775f,0.9065482419193778f,-0.09351998811170423f,0.23708841274355436f,0.7331530545423005f,0.3140787036418125f,-0.6449057032114596f,-1.0115316238193952f,0f,0f,0f,1f], start_interpolation: 0, interpolation_duration: 1 }
$data merge entity $(bone_leg_left_1) { transformation: [-0.6985906886854749f,0.6849893408458353f,-0.20678649039417824f,0.2636737109780451f,-0.1004948218769061f,0.19220632005630112f,0.9761954319224933f,0.23953253566599253f,0.7084291358053273f,0.7027420105970628f,-0.06543566370195075f,-0.8312569270167649f,0f,0f,0f,1f], start_interpolation: 0, interpolation_duration: 1 }
$data merge entity $(bone_leg_left_0) { transformation: [-0.6776754683903995f,-0.5266874891092497f,-0.5131824708207079f,0.019858207291344465f,-0.10769997459667949f,0.7614261790844045f,-0.6392424338831073f,0.5780086474499336f,0.7274315603640851f,-0.37792917672590226f,-0.5727240717531911f,-0.8484383262053803f,0f,0f,0f,1f], start_interpolation: 0, interpolation_duration: 1 }
$data merge entity $(bone_leg_right_3) { transformation: [-0.992875616180554f,-0.028520536263285476f,-0.11569178797711005f,-0.21278796705653952f,-0.01881038381423857f,0.9962737657662568f,-0.08417097544095703f,0.05648969101077295f,0.11766129463356664f,-0.08139510216945356f,-0.9897124113033934f,-0.2775437977585644f,0f,0f,0f,1f], start_interpolation: 0, interpolation_duration: 1 }
$data merge entity $(bone_leg_right_2) { transformation: [-1.0122700785476915f,0.035037272334818056f,-0.16169068348263396f,-0.20804738228205083f,0.10667172383707123f,0.9044664444387289f,-0.4718302594351969f,0.25257234938094497f,0.12646197417157884f,-0.4824676568770114f,-0.8962669963001694f,-0.4179011631103617f,0f,0f,0f,1f], start_interpolation: 0, interpolation_duration: 1 }
$data merge entity $(bone_leg_right_1) { transformation: [-0.7765055508844408f,0.35416928610270093f,-0.5211556832916193f,-0.09965510529199553f,-0.18788122320261588f,0.6593255251176826f,0.7280044628271044f,0.3893380919553008f,0.6014480654333674f,0.6632148737097165f,-0.44542817139990676f,-0.20212435340468038f,0f,0f,0f,1f], start_interpolation: 0, interpolation_duration: 1 }
$data merge entity $(bone_leg_right_0) { transformation: [-0.8130015209240371f,-0.5822231429876017f,0.006688702777177202f,-0.23426707572013655f,-0.17565781020211257f,0.23429947256108874f,-0.9561632135114768f,0.5795940628829431f,0.5551331918469669f,-0.7785370697193772f,-0.29275786989005836f,-0.5485194479257871f,0f,0f,0f,1f], start_interpolation: 0, interpolation_duration: 1 }
$data merge entity $(bone_tail_4) { transformation: [-2.075417507156193f,1.8207611797941763f,0.055966317942970224f,-1.0950729973941784f,1.1447032737984353f,1.237575392498317f,2.1871723513335155f,0.8779854545447533f,1.4170243179087356f,1.6670024611970902f,-1.6848757249180504f,-1.8175442246436107f,0f,0f,0f,1f], start_interpolation: 0, interpolation_duration: 1 }
$data merge entity $(bone_tail_3) { transformation: [-1.6197660022979328f,1.2868713314888618f,-0.23720413157511114f,-1.0674449886056112f,0.824284472065528f,1.2965817127641375f,1.4054808775937557f,0.6269797660655041f,1.0162965772626962f,0.9993915971040302f,-1.5179931583266206f,-1.569928512468065f,0f,0f,0f,1f], start_interpolation: 0, interpolation_duration: 1 }
$data merge entity $(bone_tail_2) { transformation: [-1.3514509472390523f,0.9045152895409331f,-1.0836080025526422f,-0.8667887192941877f,0.3565787367030359f,1.670325394517885f,0.949546500158215f,0.4511222747395855f,1.3657253811585663f,0.4589542922973157f,-1.3202003695818052f,-1.3233870589562537f,0f,0f,0f,1f], start_interpolation: 0, interpolation_duration: 1 }
$data merge entity $(bone_tail_1) { transformation: [-0.5805413967104824f,0.5459104559881838f,-1.2855386850453845f,-0.5962736954890919f,0.29514347508615657f,1.408685742278689f,0.46492048633589667f,0.333574873481193f,1.3651074191504162f,-0.07240513478692558f,-0.6472213536626998f,-1.1845313520085192f,0f,0f,0f,1f], start_interpolation: 0, interpolation_duration: 1 }
$data merge entity $(bone_tail_0) { transformation: [-0.9806043661055704f,0.009387426106497504f,-0.8198552738074052f,-0.3564663939589555f,0.16392788754892643f,1.2545704115638137f,-0.18170428364894808f,0.41694810721596715f,0.8033544930119373f,-0.24454176584732099f,-0.9636683038773429f,-0.9088263043031457f,0f,0f,0f,1f], start_interpolation: 0, interpolation_duration: 1 }
$data merge entity $(bone_body_1) { transformation: [-0.7992527256378911f,-0.40095425690060915f,-0.8538356747582831f,-0.13095444533843476f,0.004986310653883291f,1.117306206919361f,-0.5293454181739781f,0.46475500000000003f,0.943278756425011f,-0.3456401581254716f,-0.7206682064754445f,-0.7179997237679833f,0f,0f,0f,1f], start_interpolation: 0, interpolation_duration: 1 }