# This file was generated by Animated Java via MC-Build. It is not recommended to edit this file directly.
$data merge entity $(bone_head_lower) { transformation: [-0.6187369657730537f,-0.7459152364179176f,-0.2465259160120039f,-0.4546750642625512f,-0.7797841283264798f,0.5450270757179323f,0.30802954394744586f,0.1994131837520664f,-0.09540063100455526f,0.38282626191780766f,-0.9188812615294597f,0.5880634081978124f,0f,0f,0f,1f], start_interpolation: 0, interpolation_duration: 1 }
$data merge entity $(bone_head_upper) { transformation: [-0.6440430498661026f,-0.42982950863859487f,-0.6956486800146899f,-0.5124828889401467f,-0.8116769742649794f,0.22849555815776096f,0.6102804371219255f,0.2463631489018844f,-0.09930247706237866f,0.9200588655021943f,-0.4765528770698991f,0.5758399606369919f,0f,0f,0f,1f], start_interpolation: 0, interpolation_duration: 1 }
$data merge entity $(bone_neck_0) { transformation: [-0.7157976947157744f,-0.6656293437783027f,0.21111901132027278f,-0.4877958333853852f,-0.4325527202986731f,0.6599819384108474f,0.6142654028460975f,0.2755097258687474f,-0.5482078113286979f,0.3483696566475427f,-0.7603333334304582f,0.521197828600918f,0f,0f,0f,1f], start_interpolation: 0, interpolation_duration: 1 }
$data merge entity $(bone_neck_1) { transformation: [-0.6147064935452884f,-0.5893549880680045f,0.5242104776066756f,-0.446103410430237f,-0.1803050470360204f,0.7520013330286759f,0.6340221487743414f,0.3326840995517332f,-0.7678710938735712f,0.2952197370814782f,-0.5685237814119548f,0.4743964428669617f,0f,0f,0f,1f], start_interpolation: 0, interpolation_duration: 1 }
$data merge entity $(bone_neck_2) { transformation: [-0.34739878706092003f,-0.44627614773555857f,0.8247130911480136f,-0.3782216807064108f,0.12283460519850074f,0.8502540889302896f,0.5118394709506602f,0.3858495949424764f,-0.9296374252978039f,0.2791157183313637f,-0.24055908477136514f,0.4560543801776423f,0f,0f,0f,1f], start_interpolation: 0, interpolation_duration: 1 }
$data merge entity $(bone_body_0) { transformation: [-0.4852270416071063f,-0.3384447595939374f,0.8062318914534563f,-0.0014717230250715918f,0.03957195017767002f,0.9126079759004637f,0.40691613765245876f,0.5863213764129858f,-0.8734922889484209f,0.22935088189553737f,-0.4294291491286865f,0.25585088639125897f,0f,0f,0f,1f], start_interpolation: 0, interpolation_duration: 1 }
$data merge entity $(bone_leg_left_3) { transformation: [-0.6722542521733188f,-0.4227155808833433f,0.6077711395857407f,0.40210374243289465f,-0.29044058817159357f,0.9057319958901857f,0.3086969652641892f,0.3792275338786222f,-0.6809687842900221f,0.031001440276848303f,-0.7316559475076592f,0.528774562811744f,0f,0f,0f,1f], start_interpolation: 0, interpolation_duration: 1 }
$data merge entity $(bone_leg_left_2) { transformation: [-0.2830036939341022f,-0.5646751150290521f,0.8081541456846426f,0.2950153301364559f,-0.5527820500410129f,0.7870784792193006f,0.3563729397737474f,0.5728503306103057f,-0.816335172507471f,-0.33721162719789877f,-0.5214857659710735f,0.43278833148847146f,0f,0f,0f,1f], start_interpolation: 0, interpolation_duration: 1 }
$data merge entity $(bone_leg_left_1) { transformation: [-0.4145285646811491f,-0.8235832722772873f,-0.3871390740914984f,0.10006149220023888f,-0.17957327697757675f,-0.34301984483660153f,0.9220037007755496f,0.4343392534074015f,-0.8921432100615466f,0.45171670289387145f,-0.005702023129481287f,0.5735756470598539f,0f,0f,0f,1f], start_interpolation: 0, interpolation_duration: 1 }
$data merge entity $(bone_leg_left_0) { transformation: [-0.44061001871298755f,0.5819862985071644f,0.6834872052640566f,0.22169589193821165f,-0.18606540683524553f,0.6856361982529061f,-0.7037632187209959f,0.7391981610712942f,-0.8782041196606717f,-0.43725844988431195f,-0.1938106607382405f,0.31555743494525484f,0f,0f,0f,1f], start_interpolation: 0, interpolation_duration: 1 }
$data merge entity $(bone_leg_right_3) { transformation: [0.4684433784449388f,0.0014895021642485906f,0.8834922651468973f,0.006296940011015273f,0.06434746566361224f,0.9972852138342133f,-0.03579952416329585f,0.027438527736883933f,-0.8811470960366166f,0.07362053824138233f,0.4670758091523119f,-0.15072388897443545f,0f,0f,0f,1f], start_interpolation: 0, interpolation_duration: 1 }
$data merge entity $(bone_leg_right_2) { transformation: [0.3503619599212255f,0.2044932092769608f,0.9420675261893182f,0.08253457245079432f,0.258652501036573f,0.945662670251488f,-0.3014684018285268f,0.23815313132567195f,-0.9286590225956877f,0.34053904468229407f,0.27145492866991217f,-0.061514857478668666f,0f,0f,0f,1f], start_interpolation: 0, interpolation_duration: 1 }
$data merge entity $(bone_leg_right_1) { transformation: [-0.05656044596471524f,-0.9030995455451494f,0.4256901769931015f,-0.18651279949424093f,-0.11476431416854876f,0.42942744292427176f,0.8957796735006576f,0.30502075020754293f,-0.9917812602311535f,0.0018116566084227653f,-0.12793220765170132f,-0.07398958610515279f,0f,0f,0f,1f], start_interpolation: 0, interpolation_duration: 1 }
$data merge entity $(bone_leg_right_0) { transformation: [-0.15093477892826274f,0.6207730001408914f,0.7693241025770307f,0.012145101012286746f,-0.06129735949719709f,0.7708650196978543f,-0.6340423922143521f,0.6664298123316466f,-0.9866414375184878f,-0.14285658438554294f,-0.07829859557583663f,-0.008983379129453392f,0f,0f,0f,1f], start_interpolation: 0, interpolation_duration: 1 }
$data merge entity $(bone_tail_4) { transformation: [0.7637811370061398f,-1.9139650018179015f,-1.8382158954186554f,0.10499340980564553f,-2.421733472567365f,-1.2848791572466276f,0.3315929292370595f,1.6503333479022777f,-1.0851298052308889f,1.5203568182138683f,-2.03388047404713f,-0.7246889653831667f,0f,0f,0f,1f], start_interpolation: 0, interpolation_duration: 1 }
$data merge entity $(bone_tail_3) { transformation: [-0.38861458259388376f,-1.4974021513992968f,-1.393811690733215f,0.35598562106688864f,-1.7389172530206631f,-0.5054982242226854f,1.0279026503026585f,1.4809857406289724f,-1.0775393354244196f,1.3558037720617662f,-1.156136081229468f,-0.5419186143090291f,0f,0f,0f,1f], start_interpolation: 0, interpolation_duration: 1 }
$data merge entity $(bone_tail_2) { transformation: [-0.7142044599193611f,-1.4273832036795608f,-1.127503017418376f,0.5647182045142812f,-1.5856879010284752f,-0.10491822967821574f,1.137259829861178f,1.2683741276031415f,-0.8912237345167485f,1.3305424570217366f,-1.1198887891658518f,-0.3340761389025998f,0f,0f,0f,1f], start_interpolation: 0, interpolation_duration: 1 }
$data merge entity $(bone_tail_1) { transformation: [-1.1265108910918886f,-0.9347016157117003f,-0.3807392176244734f,0.6591510347327341f,-0.722586344149464f,0.34858263123473593f,1.2821916293792366f,0.9888900705328294f,-0.7046264524555346f,1.136872591272833f,-0.7061717381151152f,-0.19533977229571653f,0f,0f,0f,1f], start_interpolation: 0, interpolation_duration: 1 }
$data merge entity $(bone_tail_0) { transformation: [-0.6549791321640905f,-0.7876282735085925f,0.7645127571097007f,0.41673576489921904f,-0.006005142188878355f,0.8928337692424789f,0.9146843801834527f,0.7431437046958941f,-1.0976347257994774f,0.46510781530110806f,-0.46120325828094966f,-0.04934158076491542f,0f,0f,0f,1f], start_interpolation: 0, interpolation_duration: 1 }
$data merge entity $(bone_body_1) { transformation: [-0.6590609120917521f,-0.2589105370495484f,1.0135130206434215f,0.19854764668307226f,-0.22886467800885615f,1.2045658602980012f,0.15889192056454332f,0.6250675000000001f,-1.0207175262377641f,-0.10291266717708267f,-0.6900357306848744f,0.11801395921192946f,0f,0f,0f,1f], start_interpolation: 0, interpolation_duration: 1 }