# This file was generated by Animated Java via MC-Build. It is not recommended to edit this file directly.
$data merge entity $(bone_head_lower) { transformation: [-0.6620547262581044f,-0.7044171301733785f,-0.25589069181509516f,-0.6428214503014008f,-0.7483484958105809f,0.6399004135955454f,0.17464818778988542f,0.2064458065576072f,0.040719384294797045f,0.30712207247046197f,-0.9507985929439006f,0.5225028565660158f,0f,0f,0f,1f], start_interpolation: 0, interpolation_duration: 1 }
$data merge entity $(bone_head_upper) { transformation: [-0.6891324887059249f,-0.4215444363529964f,-0.6564058529395665f,-0.6977519358098083f,-0.7789556374773605f,0.41942059825329464f,0.5484399868596332f,0.25342998293287633f,0.04238479014604413f,0.8543176180579388f,-0.5931415342256794f,0.5008098755826399f,0f,0f,0f,1f], start_interpolation: 0, interpolation_duration: 1 }
$data merge entity $(bone_neck_0) { transformation: [-0.6912373729958904f,-0.6765215516466312f,0.2539871735568054f,-0.6701240796043914f,-0.4934043530941148f,0.698651587061086f,0.5181101275258031f,0.2757509612870503f,-0.527961209296212f,0.23281870641050362f,-0.8167327662239476f,0.4443899168702995f,0f,0f,0f,1f], start_interpolation: 0, interpolation_duration: 1 }
$data merge entity $(bone_neck_1) { transformation: [-0.540240714143134f,-0.6134913470089292f,0.5759933488568131f,-0.6241561609927674f,-0.27027005101465046f,0.7747078326192232f,0.571648382839455f,0.32774606434497455f,-0.7969278952996031f,0.1531539788043246f,-0.5843370503996386f,0.39559446051376784f,0f,0f,0f,1f], start_interpolation: 0, interpolation_duration: 1 }
$data merge entity $(bone_neck_2) { transformation: [-0.21768289572551422f,-0.45646034632807087f,0.8627039521983266f,-0.5530458565788208f,0.020285100858446897f,0.8815934955289771f,0.4715733488272658f,0.3776907778195227f,-0.9758087269499683f,0.12015348880102106f,-0.18264848079637935f,0.3807694614836915f,0f,0f,0f,1f], start_interpolation: 0, interpolation_duration: 1 }
$data merge entity $(bone_body_0) { transformation: [-0.3028136052876818f,-0.3462315826042034f,0.8879344636064448f,-0.1378639622491252f,-0.020609859220172326f,0.9338379592917077f,0.3571020855285273f,0.5548876254559995f,-0.9528269277028232f,0.0898351656829754f,-0.2899146233826635f,0.24498957891036732f,0f,0f,0f,1f], start_interpolation: 0, interpolation_duration: 1 }
$data merge entity $(bone_leg_left_3) { transformation: [-0.3958824989321126f,-0.3263537989217893f,0.8583532169034974f,0.11421413017015664f,-0.22187650835666944f,0.9410181816410655f,0.25545175055261443f,0.30000771932187653f,-0.8910936326103551f,-0.0893195373379112f,-0.4449428706823188f,0.6450093406484182f,0f,0f,0f,1f], start_interpolation: 0, interpolation_duration: 1 }
$data merge entity $(bone_leg_left_2) { transformation: [-0.016593232113557805f,-0.3052815118014187f,0.9790761271223808f,0.07328554837773685f,-0.5285000254445229f,0.841718406340286f,0.2534956548617783f,0.5032253054327938f,-0.8789053346372738f,-0.5003753815695805f,-0.170915446247355f,0.5217269982236867f,0f,0f,0f,1f], start_interpolation: 0, interpolation_duration: 1 }
$data merge entity $(bone_leg_left_1) { transformation: [-0.05583489637747654f,-0.9729514824006016f,-0.2241603828534129f,-0.17803435169340462f,-0.14269282104524955f,-0.21443000318801436f,0.9662600750082435f,0.3965663803151832f,-0.9881908839736707f,0.08593710855771466f,-0.12686051475567456f,0.5714820701335243f,0f,0f,0f,1f], start_interpolation: 0, interpolation_duration: 1 }
$data merge entity $(bone_leg_left_0) { transformation: [-0.08567627427993946f,0.7555701526911597f,0.649440775119461f,0.055796445843967084f,-0.14699524721089402f,0.6351181117333825f,-0.7582990053043923f,0.6905727064794249f,-0.9854196939999305f,-0.16043294085218418f,0.056650667838983496f,0.3892988742484611f,0f,0f,0f,1f], start_interpolation: 0, interpolation_duration: 1 }
$data merge entity $(bone_leg_right_3) { transformation: [0.7554943606704041f,-0.003494712581823489f,0.6551458295518546f,-0.012588312734224297f,0.04058155866937412f,0.9983151791186986f,-0.04147216219543284f,0.008513907557680916f,-0.6538970928909086f,0.05791882358241218f,0.754363308879513f,-0.1272828595507015f,0f,0f,0f,1f], start_interpolation: 0, interpolation_duration: 1 }
$data merge entity $(bone_leg_right_2) { transformation: [0.667122128675296f,0.0907814132095092f,0.7738016541389148f,0.03145168116532207f,0.23312663207215356f,0.9487808118345867f,-0.312296564204429f,0.21966030698278682f,-0.7434125626804613f,0.37899327911043573f,0.5964596009275754f,-0.019353489066309515f,0f,0f,0f,1f], start_interpolation: 0, interpolation_duration: 1 }
$data merge entity $(bone_leg_right_1) { transformation: [0.30160785672089707f,-0.8328321392645386f,0.4641371872326966f,-0.213412171993364f,-0.13373376924700753f,0.44504013506253437f,0.8854685523193407f,0.29093848106895015f,-0.9440063451731746f,-0.32913508775512446f,0.02284982015709406f,-0.12878155208028072f,0f,0f,0f,1f], start_interpolation: 0, interpolation_duration: 1 }
$data merge entity $(bone_leg_right_0) { transformation: [0.21174133649012591f,0.6982798753347205f,0.683791504863802f,-0.019530057272548f,-0.07110713637711212f,0.7088084050923855f,-0.7018079652060352f,0.634639278573149f,-0.9747355444312176f,0.0999793007222805f,0.19973672133451512f,0.007551737877877329f,0f,0f,0f,1f], start_interpolation: 0, interpolation_duration: 1 }
$data merge entity $(bone_tail_4) { transformation: [1.393406350309572f,-1.9593986580936382f,-1.3582477583923378f,0.4697088993149818f,-1.8781787641721193f,-1.8711715826018256f,0.7725430537363377f,1.696391940669436f,-1.4685110160737125f,0.5339804666129913f,-2.276840264170046f,-0.4714712368527196f,0f,0f,0f,1f], start_interpolation: 0, interpolation_duration: 1 }
$data merge entity $(bone_tail_3) { transformation: [0.4102637465043293f,-1.8309740019343443f,-0.9028639922985123f,0.6407187858982479f,-1.2984058571782602f,-0.9446778942525487f,1.3257720136585323f,1.480834414728755f,-1.5753638990385244f,0.3017671393567338f,-1.3278217897199291f,-0.24927475817702888f,0f,0f,0f,1f], start_interpolation: 0, interpolation_duration: 1 }
$data merge entity $(bone_tail_2) { transformation: [0.09296677220652343f,-1.929493994327954f,-0.29526933488026635f,0.6952183254894837f,-1.1975518450133469f,-0.2898138351671484f,1.51678983199836f,1.1979120120720854f,-1.5414281146953968f,0.10878759948102278f,-1.1962184166900824f,-0.028014282202531257f,0f,0f,0f,1f], start_interpolation: 0, interpolation_duration: 1 }
$data merge entity $(bone_tail_1) { transformation: [-0.39814642367578457f,-1.4491343725443764f,0.17071978685729378f,0.676575880652997f,-0.5826644744158538f,0.32013458393661404f,1.3585551915256986f,0.9022094389850972f,-1.3377734432884665f,0.29185556098547827f,-0.6425253270914482f,0.10796043794456452f,0f,0f,0f,1f], start_interpolation: 0, interpolation_duration: 1 }
$data merge entity $(bone_tail_0) { transformation: [-0.025478913238850903f,-0.8378088007342385f,0.9650196655905268f,0.37435688643653364f,-0.06591156583613257f,0.9647883287993176f,0.8358677303770473f,0.681231521788874f,-1.2762610262219967f,-0.03310000919795154f,-0.06243315562983544f,0.12540609491670768f,0f,0f,0f,1f], start_interpolation: 0, interpolation_duration: 1 }
$data merge entity $(bone_body_1) { transformation: [-0.2369103625392748f,-0.11869335566238695f,1.2076381753237855f,0.10159276680060955f,-0.17591695001217886f,1.2207995949011925f,0.08547614195637733f,0.5791299999999999f,-1.200637872914299f,-0.1554504148175113f,-0.25081559304226225f,0.19418789552316607f,0f,0f,0f,1f], start_interpolation: 0, interpolation_duration: 1 }