# This file was generated by Animated Java via MC-Build. It is not recommended to edit this file directly.
$data merge entity $(bone_head_lower) { transformation: [-0.9336061726797857f,-0.33632600651787875f,0.12354890397708139f,-0.9882905259571424f,-0.24583463151307328f,0.852126953515211f,0.46200107039022853f,0.3929030298879539f,-0.2606623261674643f,0.40095445181793576f,-0.878231563589208f,0.25044493668923734f,0f,0f,0f,1f], start_interpolation: 0, interpolation_duration: 1 }
$data merge entity $(bone_head_upper) { transformation: [-0.9717902761398172f,-0.3662600074652156f,-0.07035061275629088f,-1.0016662550078774f,-0.25588916551086155f,0.5119475639879656f,0.8694264599633773f,0.46425521142248233f,-0.2713233066984111f,0.8289965266766053f,-0.5679967998007308f,0.22981940507373988f,0f,0f,0f,1f], start_interpolation: 0, interpolation_duration: 1 }
$data merge entity $(bone_neck_0) { transformation: [-0.5859116571301057f,-0.43502122133488047f,0.6837134392619195f,-0.9502055292712377f,-0.11254294313708335f,0.8792049275849143f,0.46296088523810386f,0.47995635126819675f,-0.8025220345816658f,0.19430705673936433f,-0.5640949846543478f,0.19044931276370639f,0f,0f,0f,1f], start_interpolation: 0, interpolation_duration: 1 }
$data merge entity $(bone_neck_1) { transformation: [-0.2968758799641208f,-0.35703946316791707f,0.8856565551252329f,-0.8768236309867262f,-0.033377835410260244f,0.9307837068231496f,0.36404341941021645f,0.5150836111514927f,-0.9543325583877218f,0.07851441175556745f,-0.2882444364559752f,0.16639293186831325f,0f,0f,0f,1f], start_interpolation: 0, interpolation_duration: 1 }
$data merge entity $(bone_neck_2) { transformation: [0.09917865718849202f,-0.1213176828602886f,0.9876465024408774f,-0.791486165962891f,0.07240927948645207f,0.9907886402510606f,0.11443236689725203f,0.5348091847654018f,-0.9924316047983057f,0.060165523141288084f,0.10704961290259135f,0.1763603389056822f,0f,0f,0f,1f], start_interpolation: 0, interpolation_duration: 1 }
$data merge entity $(bone_body_0) { transformation: [0.17192143329621415f,0.01528546528010194f,0.984992068660731f,-0.32711748455972145f,0.0866941786762172f,0.9957653930508934f,-0.030584332359163524f,0.5298808136913254f,-0.9812885101523565f,0.09065118065072542f,0.16986825274193526f,0.25728217522668245f,0f,0f,0f,1f], start_interpolation: 0, interpolation_duration: 1 }
$data merge entity $(bone_leg_left_3) { transformation: [0.06972699892517836f,-0.0557980114017507f,0.9960043812878026f,-0.37705943610169174f,-0.0244404914389098f,0.9980392035020201f,0.05762300453185225f,0.11003424990801094f,-0.997266668448872f,-0.028360715729039046f,0.0682265476498986f,0.6891827619849799f,0f,0f,0f,1f], start_interpolation: 0, interpolation_duration: 1 }
$data merge entity $(bone_leg_left_2) { transformation: [0.2803800834979866f,0.2545577804669968f,0.9532311076974317f,-0.2878283006264533f,-0.44511882914376993f,0.9170297155229127f,-0.11396459226592907f,0.31957998108027735f,-0.880521684128242f,-0.3825167143438001f,0.3611436369760405f,0.6098136050328268f,0f,0f,0f,1f], start_interpolation: 0, interpolation_duration: 1 }
$data merge entity $(bone_leg_left_1) { transformation: [0.45357972810087194f,-0.8529329244532224f,0.2584005739924214f,-0.5422814432613692f,-0.08141047080512483f,0.2490758013965702f,0.9650562576357631f,0.3376844681645254f,-0.8874895861356498f,-0.4587664673255119f,0.04353806332903429f,0.5005469064902375f,0f,0f,0f,1f], start_interpolation: 0, interpolation_duration: 1 }
$data merge entity $(bone_leg_left_0) { transformation: [0.42642860593878174f,0.7922235461440463f,0.43650944660116964f,-0.21718007624393287f,-0.08104021524753927f,0.5141077804943932f,-0.8538885603799605f,0.5996287552298792f,-0.90088352607301f,0.3287476889197567f,0.2834322308421876f,0.501799983371684f,0f,0f,0f,1f], start_interpolation: 0, interpolation_duration: 1 }
$data merge entity $(bone_leg_right_3) { transformation: [0.9561229881600138f,0.02517242323951334f,0.291882134808242f,-0.1307897901667131f,-0.0238846241692319f,0.9996829106018931f,-0.007975147573673014f,0.03824163812023626f,-0.29199033586791967f,0.0006537268375495786f,0.9564210455656865f,-0.0297887255195049f,0f,0f,0f,1f], start_interpolation: 0, interpolation_duration: 1 }
$data merge entity $(bone_leg_right_2) { transformation: [0.9256764537884795f,0.007007508970296194f,0.44174222938305363f,-0.116940610839817f,0.13431698380525403f,0.9725620096502655f,-0.2968910317729221f,0.25556079132569554f,-0.420885079640201f,0.32578556091969824f,0.8768019830800985f,0.07390147627434451f,0f,0f,0f,1f], start_interpolation: 0, interpolation_duration: 1 }
$data merge entity $(bone_leg_right_1) { transformation: [0.64357241937227f,-0.5923895703223696f,0.4846536268270376f,-0.2907614088735768f,-0.2292632902936227f,0.45493690082387084f,0.8605061068885645f,0.3289489917741679f,-0.7302416618812332f,-0.6649112822339907f,0.15697165989720918f,-0.12960254792568776f,0f,0f,0f,1f], start_interpolation: 0, interpolation_duration: 1 }
$data merge entity $(bone_leg_right_0) { transformation: [0.60515099243954f,0.7543053597534324f,0.2545892782437724f,-0.08568607800749724f,-0.14068590253765634f,0.4160828804579657f,-0.8983777119992278f,0.5818085551992723f,-0.7835813634694263f,0.50783704161576f,0.3579130983721435f,0.13176582892791455f,0f,0f,0f,1f], start_interpolation: 0, interpolation_duration: 1 }
$data merge entity $(bone_tail_4) { transformation: [2.4022074193062357f,-0.9790124413873958f,0.9468872614196308f,0.8005367864528357f,-1.2306474470259905f,-0.7375935631815921f,2.3594753502169703f,1.4434831680933349f,-0.5835817914898396f,-2.4745002943547556f,-1.0779340970021025f,1.0617252760417657f,0f,0f,0f,1f], start_interpolation: 0, interpolation_duration: 1 }
$data merge entity $(bone_tail_3) { transformation: [1.8709262044557395f,-0.6553377796377989f,0.6372700040835797f,0.6988923381730352f,-0.580666554387022f,0.26912322032520924f,1.9815005856528372f,1.1048603114020898f,-0.7059794728896798f,-1.9580731888531728f,0.05905842020593933f,1.0708724337927387f,0f,0f,0f,1f], start_interpolation: 0, interpolation_duration: 1 }
$data merge entity $(bone_tail_2) { transformation: [1.756991360470577f,-0.4253719813242384f,0.7421683850305271f,0.5621228363733909f,-0.39722202290112946f,1.095860647363359f,1.5684635734008843f,0.8132533982110524f,-0.75760801128081f,-1.5610643785787404f,0.8988225532208701f,0.9028516150653787f,0f,0f,0f,1f], start_interpolation: 0, interpolation_duration: 1 }
$data merge entity $(bone_tail_1) { transformation: [1.2401429716998384f,-0.4800624344428192f,0.7205842898511796f,0.4117446063548317f,-0.14521427904521647f,1.1255946919610735f,0.9998028068526488f,0.5844864903380752f,-0.8535891710330404f,-0.8889504476999216f,0.876817471671976f,0.725852273830587f,0f,0f,0f,1f], start_interpolation: 0, interpolation_duration: 1 }
$data merge entity $(bone_tail_0) { transformation: [1.0054750136803998f,-0.15839025149693423f,0.77315473333555f,0.1819885845702089f,-0.07945472595544616f,1.2255313311142741f,0.35439472282279855f,0.5104983695417968f,-0.7852023051238275f,-0.3268351285771486f,0.9541864887642322f,0.4391296905980825f,0f,0f,0f,1f], start_interpolation: 0, interpolation_duration: 1 }
$data merge entity $(bone_body_1) { transformation: [0.41356348038281215f,0.2545919981618888f,1.1369928571551549f,-0.09949490577226294f,-0.05604654238685695f,1.2094415966283527f,-0.2504284418507397f,0.4872550000000001f,-1.16379922144517f,0.03222629164591969f,0.4160978651070184f,0.3402220961273126f,0f,0f,0f,1f], start_interpolation: 0, interpolation_duration: 1 }