# This file was generated by Animated Java via MC-Build. It is not recommended to edit this file directly.
$data merge entity $(bone_head_lower) { transformation: [-0.8963042189245254f,-0.0919627776921727f,0.4337990256527048f,-1.0685950682994947f,0.14008869788382136f,0.8694385823376386f,0.47376334626892874f,0.5103525479906234f,-0.42073020317456594f,0.48540642667959966f,-0.7663985236643079f,0.1276845912350233f,0f,0f,0f,1f], start_interpolation: 0, interpolation_duration: 1 }
$data merge entity $(bone_head_upper) { transformation: [-0.9329626880184474f,-0.30867004298482237f,0.34318416326026446f,-1.0521575787356607f,0.14581826725697888f,0.537181447020922f,0.8795709570547382f,0.5830953860778857f,-0.4379378931801544f,0.8364393822171237f,-0.4382368128953466f,0.11611977668198965f,0f,0f,0f,1f], start_interpolation: 0, interpolation_duration: 1 }
$data merge entity $(bone_neck_0) { transformation: [-0.431055974765447f,-0.18800570911518213f,0.882521727754681f,-0.9919010989593133f,0.13232725233358766f,0.9543071035998396f,0.26793180160019814f,0.5848874068808276f,-0.8925694622318494f,0.23227527926790337f,-0.3864814998575795f,0.08764730645720326f,0f,0f,0f,1f], start_interpolation: 0, interpolation_duration: 1 }
$data merge entity $(bone_neck_1) { transformation: [-0.12307007773215625f,-0.1192207212519701f,0.985210726490105f,-0.908990054495034f,0.11090953214983199f,0.9848860367343617f,0.13303597379651366f,0.600694546819029f,-0.9861809325094995f,0.1256420083803238f,-0.10798728668159172f,0.07907818296949184f,0f,0f,0f,1f], start_interpolation: 0, interpolation_duration: 1 }
$data merge entity $(bone_neck_2) { transformation: [0.2671226623907122f,0.03391972009365764f,0.9630653850212171f,-0.8242862085172458f,0.13692206637185153f,0.9879051294222521f,-0.07277226808108592f,0.6039913590008651f,-0.9538856487953676f,0.15130402456633824f,0.25924749019473464f,0.10327156843224689f,0f,0f,0f,1f], start_interpolation: 0, interpolation_duration: 1 }
$data merge entity $(bone_body_0) { transformation: [0.39434582763231085f,0.15389816838410356f,0.9059838420176187f,-0.3958333487871807f,0.13220529336683134f,0.9661207818529122f,-0.22165828492909423f,0.5087281486304778f,-0.9094026218539165f,0.20718587944147054f,0.3606395468127234f,0.2752133389308122f,0f,0f,0f,1f], start_interpolation: 0, interpolation_duration: 1 }
$data merge entity $(bone_leg_left_3) { transformation: [0.32484168044679396f,-0.0034508640393330625f,0.9457621128919709f,-0.5832311227891487f,0.048599676952871346f,0.998733102452192f,-0.013048427732701595f,0.03576975279024333f,-0.9445189008403057f,0.05020240635269414f,0.32459785019593f,0.6469097770142285f,0f,0f,0f,1f], start_interpolation: 0, interpolation_duration: 1 }
$data merge entity $(bone_leg_left_2) { transformation: [0.4651193948828573f,0.4146007261934421f,0.8147590968159664f,-0.46068701385149835f,-0.3980065120895338f,0.9148036726772392f,-0.23830076854943769f,0.24102714086752064f,-0.8229926879011881f,-0.2080929547024585f,0.5757104805065407f,0.6149188709566172f,0f,0f,0f,1f], start_interpolation: 0, interpolation_duration: 1 }
$data merge entity $(bone_leg_left_1) { transformation: [0.670801321682464f,-0.6609316631819296f,0.33644453247545536f,-0.6714446765311879f,-0.06188280689110205f,0.40218788198253363f,0.913463423349661f,0.3030747803202252f,-0.7390508135712577f,-0.6335726037242864f,0.22888785631765218f,0.4453762989579981f,0f,0f,0f,1f], start_interpolation: 0, interpolation_duration: 1 }
$data merge entity $(bone_leg_left_0) { transformation: [0.6481977466837494f,0.6887864173265423f,0.324673609184017f,-0.35206560640861606f,-0.05998987936328713f,0.4712425595935903f,-0.8799611720988941f,0.5527589030493903f,-0.7591053257408276f,0.5509117182763019f,0.3467785793525377f,0.5451867542673573f,0f,0f,0f,1f], start_interpolation: 0, interpolation_duration: 1 }
$data merge entity $(bone_leg_right_3) { transformation: [0.995715118110308f,0.03755097973569703f,0.08450637542496003f,-0.15586650741516644f,-0.03714349763051609f,0.999289514686695f,-0.006389555618495857f,0.042647579792708695f,-0.08468626895989012f,0.003223314771982344f,0.9964024518694912f,0.03202412068002049f,0f,0f,0f,1f], start_interpolation: 0, interpolation_duration: 1 }
$data merge entity $(bone_leg_right_2) { transformation: [0.996298804054258f,-0.03819150068670983f,0.24081590856097188f,-0.15887223688301985f,0.10971253743150414f,0.9749115290650684f,-0.29928726856825383f,0.2604785189161981f,-0.21774767891091312f,0.3164666163626145f,0.951050486860504f,0.13552155841139799f,0f,0f,0f,1f], start_interpolation: 0, interpolation_duration: 1 }
$data merge entity $(bone_leg_right_1) { transformation: [0.776884168537013f,-0.4288066498766802f,0.4610594817353741f,-0.28434633561587297f,-0.24967456969984397f,0.46242619505333926f,0.8507788334071843f,0.33601072128812476f,-0.5780256031714783f,-0.7760714343087428f,0.25218947426135613f,-0.10019972321542117f,0f,0f,0f,1f], start_interpolation: 0, interpolation_duration: 1 }
$data merge entity $(bone_leg_right_0) { transformation: [0.7614008016819933f,0.6435918179554426f,0.07783566700957634f,-0.12651993501105585f,-0.15527429058645112f,0.2976188505393038f,-0.9419728841567245f,0.5476026499077525f,-0.6294114027255082f,0.7051330311823942f,0.32654049435657506f,0.22326118876562043f,0f,0f,0f,1f], start_interpolation: 0, interpolation_duration: 1 }
$data merge entity $(bone_tail_4) { transformation: [2.663062414583921f,0.5160468507460022f,0.5171610537014433f,0.12479851490843774f,-0.7123675494665238f,1.4002798476922993f,2.270993208755563f,0.8450366983401946f,0.16214925870170874f,-2.3234830164178004f,1.4835078772694543f,1.8740134934310142f,0f,0f,0f,1f], start_interpolation: 0, interpolation_duration: 1 }
$data merge entity $(bone_tail_3) { transformation: [2.0597876554936674f,0.3021982184717172f,0.04354970806864662f,0.11445684694880096f,-0.264141953042536f,1.6148020952799795f,1.2878620841404975f,0.610860774464475f,0.15313186788914582f,-1.2794670593166326f,1.6356834049426778f,1.6091826228446504f,0f,0f,0f,1f], start_interpolation: 0, interpolation_duration: 1 }
$data merge entity $(bone_tail_2) { transformation: [1.9423880564758207f,0.18203880574501627f,-0.11297958340243286f,0.13693911053358462f,-0.14193514417065184f,1.865255901416304f,0.5651979406222961f,0.5061306015687014f,0.1604896504828749f,-0.55358483580871f,1.8672334553165288f,1.2620549479489915f,0f,0f,0f,1f], start_interpolation: 0, interpolation_duration: 1 }
$data merge entity $(bone_tail_1) { transformation: [1.5110600668953285f,0.0018519840965605964f,0.06595676151230678f,0.12127968841661323f,-0.016576005625950196f,1.4740730737454784f,0.33836379725976345f,0.41531530325790217f,-0.06386673838371348f,-0.33876451026260695f,1.472690020443801f,0.9493505490504293f,0f,0f,0f,1f], start_interpolation: 0, interpolation_duration: 1 }
$data merge entity $(bone_tail_0) { transformation: [1.2465126925937182f,0.06473193833514787f,0.2754116917383144f,0.042360087909262184f,-0.07559027585138159f,1.275274623199249f,0.04238469304776741f,0.4337041591975833f,-0.27263149851676677f,-0.057620553341807074f,1.2474725064838559f,0.5834196021030974f,0f,0f,0f,1f], start_interpolation: 0, interpolation_duration: 1 }
$data merge entity $(bone_body_1) { transformation: [0.7093666182446864f,0.31530475230913246f,0.9622819280998806f,-0.20259499357768115f,-0.016216998673629735f,1.1782909606548193f,-0.37412834168158476f,0.44131750000000003f,-1.0124922740102102f,0.20203445316744792f,0.6801809096550808f,0.41167861426797864f,0f,0f,0f,1f], start_interpolation: 0, interpolation_duration: 1 }