# This file was generated by Animated Java via MC-Build. It is not recommended to edit this file directly.
$data merge entity $(bone_head_lower) { transformation: [-0.552735486214807f,0.77311157634783f,0.31109801155882416f,-1.0290456057039103f,0.7350827221307639f,0.6281762440389095f,-0.2550450902291488f,0.8608047118026916f,-0.3926026921758272f,0.08771030123162027f,-0.9155162637300068f,0.29981185758924445f,0f,0f,0f,1f], start_interpolation: 0, interpolation_duration: 1 }
$data merge entity $(bone_head_upper) { transformation: [-0.57534213729454f,0.3761773433724205f,0.7816290513857106f,-0.9668937979664354f,0.7651472991814446f,0.6619493599316347f,0.24463155566064484f,0.8927703882692382f,-0.4086599787013635f,0.7097785526506659f,-0.6424043668815106f,0.2713372230034086f,0f,0f,0f,1f], start_interpolation: 0, interpolation_duration: 1 }
$data merge entity $(bone_neck_0) { transformation: [-0.4489013316153488f,0.6492071250828264f,0.6140176733740308f,-0.9375830615836085f,0.5044978663773179f,0.7512829888622865f,-0.42550649051087747f,0.8528985933302229f,-0.7375428782753588f,0.11876017593385652f,-0.6647755435614782f,0.22666220811438556f,0f,0f,0f,1f], start_interpolation: 0, interpolation_duration: 1 }
$data merge entity $(bone_neck_1) { transformation: [-0.24598172289483783f,0.5309144680677716f,0.8109394672834725f,-0.8664399885341106f,0.3371913881298315f,0.8312597776489292f,-0.4419379479453309f,0.8192901585918431f,-0.9087326118131585f,0.16473314681437834f,-0.38349449874524655f,0.19493409572109766f,0f,0f,0f,1f], start_interpolation: 0, interpolation_duration: 1 }
$data merge entity $(bone_neck_2) { transformation: [0.12979961506805804f,0.46182187527552726f,0.8774238516504889f,-0.7850495536530209f,0.20689169825305812f,0.8528176307231584f,-0.47947670842461604f,0.7856340204743324f,-0.9697153629401514f,0.2437676029433235f,0.015148288124953252f,0.1986478365605715f,0f,0f,0f,1f], start_interpolation: 0, interpolation_duration: 1 }
$data merge entity $(bone_body_0) { transformation: [0.2812453669069857f,0.4939440760733896f,0.8227516595579496f,-0.39258434706738843f,0.14362125908599144f,0.8260363775835678f,-0.5450108593846291f,0.5366414752790348f,-0.9488276859008222f,0.27144640837672324f,0.16137803396828082f,0.2772905651499936f,0f,0f,0f,1f], start_interpolation: 0, interpolation_duration: 1 }
$data merge entity $(bone_leg_left_3) { transformation: [0.3225455804900446f,0.004182744031992841f,0.9465446915802247f,-0.5798299474752826f,0.04397304535880814f,0.9988443736727193f,-0.01939815620685334f,0.05475871579234595f,-0.9455319771367925f,0.04787924221117239f,0.3219889103324391f,0.6527716120521115f,0f,0f,0f,1f], start_interpolation: 0, interpolation_duration: 1 }
$data merge entity $(bone_leg_left_2) { transformation: [0.4617604853271993f,0.4168839845569793f,0.8155042594070123f,-0.45673579640583384f,-0.4025992307217301f,0.9127102127602479f,-0.23861292179198645f,0.2595113494252116f,-0.8226501766324217f,-0.21267348317017254f,0.5745249132488561f,0.6196768834852711f,0f,0f,0f,1f], start_interpolation: 0, interpolation_duration: 1 }
$data merge entity $(bone_leg_left_1) { transformation: [0.668695340642412f,-0.6613216032394037f,0.3398533190833848f,-0.6677382409435964f,-0.06679464777473182f,0.40179965133212875f,0.9132882979749765f,0.32156062911666017f,-0.7405302265483684f,-0.6334120122623537f,0.22450881116334326f,0.45043965073601333f,0f,0f,0f,1f], start_interpolation: 0, interpolation_duration: 1 }
$data merge entity $(bone_leg_left_0) { transformation: [0.6460457604995126f,0.6916629827205107f,0.3228423666044663f,-0.3473308867062992f,-0.06491739673654934f,0.4712129447303248f,-0.8796272462353161f,0.5706329902734179f,-0.7605331070647455f,0.5473213672539581f,0.34932608549277f,0.548467018460062f,0f,0f,0f,1f], start_interpolation: 0, interpolation_duration: 1 }
$data merge entity $(bone_leg_right_3) { transformation: [0.9937022601078751f,0.03490662957351988f,0.10647697153994096f,-0.1556889824336844f,-0.037510519023012785f,0.9990417592745726f,0.02255048088601333f,0.06326303555750087f,-0.10558777968649868f,-0.026402470289412394f,0.9940594199259374f,0.04599212193926834f,0f,0f,0f,1f], start_interpolation: 0, interpolation_duration: 1 }
$data merge entity $(bone_leg_right_2) { transformation: [0.991136572618698f,-0.03211277403641939f,0.26206728842425164f,-0.15661299814599008f,0.10344097354004402f,0.9839272506291362f,-0.27064613421065303f,0.2840903951944642f,-0.24292068440427633f,0.28795509148783743f,0.9540092273534269f,0.14297405580710923f,0f,0f,0f,1f], start_interpolation: 0, interpolation_duration: 1 }
$data merge entity $(bone_leg_right_1) { transformation: [0.7644828756503304f,-0.4464742885057166f,0.46500176616945776f,-0.28734290566210874f,-0.2659010648763416f,0.43871357342222456f,0.8583862907763204f,0.35245398748474965f,-0.5872499949212676f,-0.7798660847853405f,0.2166710254430775f,-0.09207805796717755f,0f,0f,0f,1f], start_interpolation: 0, interpolation_duration: 1 }
$data merge entity $(bone_leg_right_0) { transformation: [0.7493974240950092f,0.658307250539716f,0.07095818942591631f,-0.1217831780825645f,-0.17186657541103478f,0.2968956265649244f,-0.9393161699785136f,0.5654749600168434f,-0.639425821355572f,0.6917257771786882f,0.3356338304913431f,0.2265429087467553f,0f,0f,0f,1f], start_interpolation: 0, interpolation_duration: 1 }
$data merge entity $(bone_tail_4) { transformation: [2.70278472152467f,0.5307386531668827f,-0.19731336175588932f,0.12354382115645639f,-0.5182446091012697f,2.7063639838009825f,0.18077014112498577f,0.0019869540544701393f,0.2281197181970029f,-0.1398992523907035f,2.7484633752244614f,1.896358989876036f,0f,0f,0f,1f], start_interpolation: 0, interpolation_duration: 1 }
$data merge entity $(bone_tail_3) { transformation: [2.0491209144653153f,0.3682899469214379f,-0.03757018687570822f,0.12631033021533072f,-0.3701122002360718f,2.03341444780299f,-0.253353840995003f,0.025047846285042946f,-0.008121772077902191f,0.25599555563937326f,2.0664815117381634f,1.543454973021704f,0f,0f,0f,1f], start_interpolation: 0, interpolation_duration: 1 }
$data merge entity $(bone_tail_2) { transformation: [1.9230370371541445f,0.3298046912136387f,-0.10923046456762933f,0.14811649310215877f,-0.3473389315058032f,1.8116010210900841f,-0.6451598887473926f,0.14515589814772986f,-0.007622033625675853f,0.6542969364452328f,1.8413612623720983f,1.20129999189905f,0f,0f,0f,1f], start_interpolation: 0, interpolation_duration: 1 }
$data merge entity $(bone_tail_1) { transformation: [1.485242506594103f,0.25870914884205864f,0.12157517391096997f,0.11737346105395782f,-0.20940328723037818f,1.4226014038563437f,-0.46905411099687855f,0.22890133506987856f,-0.19457957216310473f,0.44376916527782506f,1.4327818982823048f,0.8877425892212789f,0f,0f,0f,1f], start_interpolation: 0, interpolation_duration: 1 }
$data merge entity $(bone_tail_0) { transformation: [1.2137710110960003f,0.28391843570495584f,0.28281791151529195f,0.041578951619221205f,-0.11967051497174756f,1.117711379822595f,-0.6084701766278241f,0.43368282946639447f,-0.38245864750769776f,0.5513141662119243f,1.0879401590458273f,0.5831253815769001f,0f,0f,0f,1f], start_interpolation: 0, interpolation_duration: 1 }
$data merge entity $(bone_body_1) { transformation: [0.7093730255511669f,0.3652398035230338f,0.9444545471324118f,-0.20259499357768115f,-0.016222587900880266f,1.15709400126724f,-0.43528714078113645f,0.45694250000000003f,-1.012487695391125f,0.23735617373490467f,0.6686817692503241f,0.41167861426797864f,0f,0f,0f,1f], start_interpolation: 0, interpolation_duration: 1 }