# This file was generated by Animated Java via MC-Build. It is not recommended to edit this file directly.
$data merge entity $(bone_head_lower) { transformation: [-0.5565734539064083f,0.5071392730474416f,0.6580545176044332f,-1.0108543732892508f,0.6854162996967331f,0.7279102055345932f,0.01874109891719758f,0.8825694616143921f,-0.46950025188143296f,0.4614720906094959f,-0.7527370211911808f,0.3317688290883299f,0f,0f,0f,1f], start_interpolation: 0, interpolation_duration: 1 }
$data merge entity $(bone_head_upper) { transformation: [-0.5793370762655747f,0.3511960768267786f,0.7902542693772947f,-0.9486701536270085f,0.7134495407642047f,0.7316450718792131f,0.19788174287112348f,0.9128612794769172f,-0.4887026165582787f,0.6517888822309319f,-0.6479297401360363f,0.3015862995823644f,0f,0f,0f,1f], start_interpolation: 0, interpolation_duration: 1 }
$data merge entity $(bone_neck_0) { transformation: [-0.4391104787487289f,0.6098899986452531f,0.6597091609228684f,-0.9157698929753733f,0.5204000020399075f,0.7712251540182666f,-0.36660005412760793f,0.8764696480543851f,-0.7323700057552373f,0.1823347234127225f,-0.6560398031431323f,0.2564425484560133f,0f,0f,0f,1f], start_interpolation: 0, interpolation_duration: 1 }
$data merge entity $(bone_neck_1) { transformation: [-0.2560394539918581f,0.5340710261045273f,0.8057368907250109f,-0.8450530045758888f,0.359428123476661f,0.8263584630837157f,-0.4335240645500147f,0.8435513999282704f,-0.8973601406646036f,0.17860523386949329f,-0.40354051640551075f,0.22308018223397122f,0f,0f,0f,1f], start_interpolation: 0, interpolation_duration: 1 }
$data merge entity $(bone_neck_2) { transformation: [0.11016263043800668f,0.48193169004900716f,0.869256027290859f,-0.7641812447121188f,0.22444953976325366f,0.8399244536286782f,-0.4941146792968513f,0.8084866335155798f,-0.9682389162572649f,0.24953708807124078f,-0.015641058847885927f,0.22415303222385255f,0f,0f,0f,1f], start_interpolation: 0, interpolation_duration: 1 }
$data merge entity $(bone_body_0) { transformation: [0.25245220142850766f,0.5733980714673497f,0.779411661210829f,-0.3913851181988688f,0.15023576222411952f,0.7725061372610698f,-0.6169793218924919f,0.5250656793701887f,-0.9558750450465991f,0.2728532930560036f,0.10887597864385257f,0.2780651413567551f,0f,0f,0f,1f], start_interpolation: 0, interpolation_duration: 1 }
$data merge entity $(bone_leg_left_3) { transformation: [0.3217219741994327f,0.006712447582307879f,0.9468103898694151f,-0.5786590908322773f,0.04246149006706587f,0.9988665343656999f,-0.021509727695622788f,0.04018405829703381f,-0.9458815957499668f,0.0471231320235628f,0.32107229287153705f,0.6547404672117336f,0f,0f,0f,1f], start_interpolation: 0, interpolation_duration: 1 }
$data merge entity $(bone_leg_left_2) { transformation: [0.4605980351897818f,0.417613274306286f,0.8157884545660039f,-0.4553879638776861f,-0.404098414656115f,0.9120195774324967f,-0.23871941930425022f,0.24477008878621082f,-0.8225667880193199f,-0.21420000701149972f,0.5740770294520995f,0.6212761959057247f,0f,0f,0f,1f], start_interpolation: 0, interpolation_duration: 1 }
$data merge entity $(bone_leg_left_1) { transformation: [0.6679481755229328f,-0.6614946058264408f,0.34098404842177954f,-0.6664824971955565f,-0.0684011909006676f,0.4016757324257177f,0.9132238953639098f,0.30682111456667693f,-0.7410576980903412f,-0.6333099497424501f,0.22305155381269964f,0.45215448274426207f,0f,0f,0f,1f], start_interpolation: 0, interpolation_duration: 1 }
$data merge entity $(bone_leg_left_0) { transformation: [0.6452821056800984f,0.6926427554469402f,0.3222685485987245f,-0.3457325344126312f,-0.06652895912637925f,0.47119572866891235f,-0.8795160503832395f,0.555690278676765f,-0.7610419841813056f,0.5460957778732982f,0.3501349735492563f,0.5495756256976843f,0f,0f,0f,1f], start_interpolation: 0, interpolation_duration: 1 }
$data merge entity $(bone_leg_right_3) { transformation: [0.9938899817291471f,0.029749661235254785f,0.1062904599426637f,-0.15189047811298204f,-0.03336635248729524f,0.9989175068978257f,0.03241143216097364f,0.04859185820739784f,-0.10521117212601064f,-0.035759922670769134f,0.9938067403627583f,0.05076826915743424f,0f,0f,0f,1f], start_interpolation: 0, interpolation_duration: 1 }
$data merge entity $(bone_leg_right_2) { transformation: [0.9906412718674981f,-0.0368577051723331f,0.2633127029652564f,-0.15388127309721802f,0.10576046341698285f,0.9866025366702179f,-0.2597929146732258f,0.2703746378266859f,-0.24394014501771744f,0.27806320092024833f,0.9566798113493428f,0.14552853227277507f,0f,0f,0f,1f], start_interpolation: 0, interpolation_duration: 1 }
$data merge entity $(bone_leg_right_1) { transformation: [0.7658457317335127f,-0.44856905237813804f,0.460723475019604f,-0.2849262158464245f,-0.26796673020626355f,0.42867908068429317f,0.8628024555402196f,0.3357368161834279f,-0.5845289955922838f,-0.7842321410349413f,0.20810046198802018f,-0.09020096159696589f,0f,0f,0f,1f], start_interpolation: 0, interpolation_duration: 1 }
$data merge entity $(bone_leg_right_0) { transformation: [0.7507498107258861f,0.6567167206550432f,0.07139937329649554f,-0.12018414671703531f,-0.17420958457871133f,0.3010860256951783f,-0.9375490524617873f,0.5505316560470374f,-0.6372014927289161f,0.6914263185207578f,0.340446623894073f,0.22765200125124635f,0f,0f,0f,1f], start_interpolation: 0, interpolation_duration: 1 }
$data merge entity $(bone_tail_4) { transformation: [2.7014149358001562f,0.54622205020935f,-0.1722212184979964f,0.12751635590980276f,-0.52414818698511f,2.692536343665396f,0.31808496934184904f,0.02735399045907372f,0.23084053871896698f,-0.2784795172110092f,2.737667462599842f,1.904068663197932f,0f,0f,0f,1f], start_interpolation: 0, interpolation_duration: 1 }
$data merge entity $(bone_tail_3) { transformation: [2.0466446416933f,0.383073481867609f,-0.02111739004650622f,0.12734841012972825f,-0.38359195150181824f,2.041126097019197f,-0.1503562331752606f,0.032874830048431794f,-0.006960705106270883f,0.1516723099364323f,2.0767504869452695f,1.5504442924891118f,0f,0f,0f,1f], start_interpolation: 0, interpolation_duration: 1 }
$data merge entity $(bone_tail_2) { transformation: [1.9207131312191328f,0.3466916418334372f,-0.0971588804382132f,0.14691279179092412f,-0.35998926402286685f,1.839587690585643f,-0.5523574326799934f,0.1357284133049898f,-0.006532407936287967f,0.5607993483692669f,1.8719602809669695f,1.2025795783391393f,0f,0f,0f,1f], start_interpolation: 0, interpolation_duration: 1 }
$data merge entity $(bone_tail_1) { transformation: [1.4821664300192392f,0.27135943486651365f,0.13116013431279783f,0.11395548532284341f,-0.2286005302585134f,1.441109005848069f,-0.3982497719134533f,0.20402965061378914f,-0.19641975788996194f,0.3704391183076072f,1.4532206949868045f,0.8855221167784875f,0f,0f,0f,1f], start_interpolation: 0, interpolation_duration: 1 }
$data merge entity $(bone_tail_0) { transformation: [1.2120526801050417f,0.29964353861034215f,0.2738206840311475f,0.04116964961891556f,-0.13317193654336681f,1.1080817659803894f,-0.623101718664857f,0.41285444192653853f,-0.3834439366472006f,0.5623204302307372f,1.0819437128509244f,0.5829228108393483f,0f,0f,0f,1f], start_interpolation: 0, interpolation_duration: 1 }
$data merge entity $(bone_body_1) { transformation: [0.7093751613088904f,0.3816688805114121f,0.9379340814915519f,-0.20259499357768115f,-0.016224450981372006f,1.149320339777291f,-0.45541642352995476f,0.44131750000000003f,-1.0124861691719984f,0.24899039595861405f,0.6644397151074234f,0.41167861426797864f,0f,0f,0f,1f], start_interpolation: 0, interpolation_duration: 1 }