# This file was generated by Animated Java via MC-Build. It is not recommended to edit this file directly.
$data merge entity $(bone_head_lower) { transformation: [-0.5340733093756289f,0.1334901527050199f,0.8348329649357132f,-0.9929018451490413f,0.6683239933800427f,0.6714328268888862f,0.32018900488391544f,0.917205587718306f,-0.517792178470394f,0.7289433023951792f,-0.4478090238127119f,0.3581593161243571f,0f,0f,0f,1f], start_interpolation: 0, interpolation_duration: 1 }
$data merge entity $(bone_head_upper) { transformation: [-0.5559166851985466f,0.3938253311847003f,0.7869753428276058f,-0.9299791670472191f,0.6956581662409559f,0.7667678100287284f,0.10769765006501202f,0.9420635006645226f,-0.5389696628230922f,0.583472944192373f,-0.6727131398563234f,0.32471866367483626f,0f,0f,0f,1f], start_interpolation: 0, interpolation_duration: 1 }
$data merge entity $(bone_neck_0) { transformation: [-0.4189017134822678f,0.6111761238823038f,0.6715542420667315f,-0.8963403874206534f,0.546623396901674f,0.7602844766089247f,-0.350956374193672f,0.9068525331920778f,-0.7250684218756841f,0.2200710344949927f,-0.6525676389271912f,0.2791845387882562f,0f,0f,0f,1f], start_interpolation: 0, interpolation_duration: 1 }
$data merge entity $(bone_neck_1) { transformation: [-0.25693208649749394f,0.5652003740371907f,0.783922470730533f,-0.8273280576942064f,0.38455645730166743f,0.8039619103224563f,-0.453609499347465f,0.8721296069982855f,-0.8866240658112294f,0.18491561302087603f,-0.4239150645889793f,0.24412525204708252f,0f,0f,0f,1f], start_interpolation: 0, interpolation_duration: 1 }
$data merge entity $(bone_neck_2) { transformation: [0.09762887029033412f,0.5206059173414186f,0.8481969597416231f,-0.7479225852341712f,0.2367345922136101f,0.8156573863876905f,-0.527882336208229f,0.833868950827525f,-0.9666567832148539f,0.25233411751148876f,-0.04361372036881635f,0.24277487175913237f,0f,0f,0f,1f], start_interpolation: 0, interpolation_duration: 1 }
$data merge entity $(bone_body_0) { transformation: [0.2310394353881291f,0.6239149307081531f,0.7465594005402214f,-0.3901283697486584f,0.15748805493428497f,0.7332188089185996f,-0.6615041124596324f,0.5290893689441827f,-0.9601136869394948f,0.27040772453358414f,0.07114331074682356f,0.27888041891253307f,0f,0f,0f,1f], start_interpolation: 0, interpolation_duration: 1 }
$data merge entity $(bone_leg_left_3) { transformation: [0.3208696912046506f,0.009234172384197742f,0.9470783343138048f,-0.5774702135341837f,0.040966077355785405f,0.9988813466546088f,-0.02361854804079294f,0.04119831053182177f,-0.9462369797108503f,0.046376560522039215f,0.3201324614309421f,0.6567158121208732f,0f,0f,0f,1f], start_interpolation: 0, interpolation_duration: 1 }
$data merge entity $(bone_leg_left_2) { transformation: [0.4594148049760959f,0.41832621257200997f,0.816090323643546f,-0.45402540823604387f,-0.4055810008385335f,0.9113329920353385f,-0.23882719461448607f,0.2456186681699623f,-0.8224988074327425f,-0.215725652169068f,0.573602958734211f,0.6228813696987687f,0f,0f,0f,1f], start_interpolation: 0, interpolation_duration: 1 }
$data merge entity $(bone_leg_left_1) { transformation: [0.6671787961792351f,-0.6616889665072203f,0.3421113349940824f,-0.6652172076590893f,-0.06999154768954924f,0.40155474696515653f,0.913156595793827f,0.307672068247837f,-0.7416020746875296f,-0.6331836201232275f,0.22159617782533186f,0.4538820056319267f,0f,0f,0f,1f], start_interpolation: 0, interpolation_duration: 1 }
$data merge entity $(bone_leg_left_0) { transformation: [0.6444956707474289f,0.6936323691774884f,0.3217133301823942f,-0.3441249353272181f,-0.06812422830463727f,0.47117483814525846f,-0.8794051179159054f,0.5563385085424825f,-0.7615670816846796f,0.5448563189759426f,0.35092331322707315f,0.5506912649225448f,0f,0f,0f,1f], start_interpolation: 0, interpolation_duration: 1 }
$data merge entity $(bone_leg_right_3) { transformation: [0.9937146958038257f,0.033883921448648394f,0.10669106434360728f,-0.15273537432242634f,-0.03748467498847052f,0.9987870699985443f,0.03192628924149185f,0.05121737748453298f,-0.10547986767397269f,-0.035724902672848224f,0.9937795172192354f,0.05105579588472581f,0f,0f,0f,1f], start_interpolation: 0, interpolation_duration: 1 }
$data merge entity $(bone_leg_right_2) { transformation: [0.9910268193158525f,-0.03243135800256163f,0.2624428507609004f,-0.15372187466739015f,0.10121451477494338f,0.9869618231142703f,-0.2602387004550296f,0.2730771819608872f,-0.24430240460599553f,0.277338721122312f,0.9567976632343241f,0.1456513879638436f,0f,0f,0f,1f], start_interpolation: 0, interpolation_duration: 1 }
$data merge entity $(bone_leg_right_1) { transformation: [0.7645292995698897f,-0.4469269916308058f,0.46449027358063266f,-0.28454671526543585f,-0.2716800769568304f,0.4300467812917922f,0.860958594640474f,0.33883475967830756f,-0.5845381817160491f,-0.7844208245912437f,0.20736220500295718f,-0.09009039389715567f,0f,0f,0f,1f], start_interpolation: 0, interpolation_duration: 1 }
$data merge entity $(bone_leg_right_0) { transformation: [0.7502227242561537f,0.6581045548941404f,0.06375153988148202f,-0.11857586856152615f,-0.17761399674181405f,0.29346916226364866f,-0.9393237561999968f,0.551179293538848f,-0.6368823534775274f,0.6933788615380896f,0.3370558146673467f,0.228768125745005f,0f,0f,0f,1f], start_interpolation: 0, interpolation_duration: 1 }
$data merge entity $(bone_tail_4) { transformation: [2.6934594238078615f,0.5851230450201909f,-0.1690227383724459f,0.12089705152626423f,-0.5656052412574194f,2.6873329142156708f,0.289816926412594f,0.0065917517590114265f,0.22589461030037292f,-0.24806080294840216f,2.7410032460173834f,1.899714094587853f,0f,0f,0f,1f], start_interpolation: 0, interpolation_duration: 1 }
$data merge entity $(bone_tail_3) { transformation: [2.040905508482986f,0.41238014839038395f,-0.0243484024480701f,0.12099017731071934f,-0.4129637263942707f,2.033560606831811f,-0.1733140071339796f,0.016079415688139073f,-0.010544769831832782f,0.17469801830531423f,2.0749252845039585f,1.5461738861312733f,0f,0f,0f,1f], start_interpolation: 0, interpolation_duration: 1 }
$data merge entity $(bone_tail_2) { transformation: [1.915327130985235f,0.3728868181562003f,-0.10607203759704387f,0.14221374598714992f,-0.38755377257207496f,1.8279927809631527f,-0.571855174947755f,0.1225344451663627f,-0.009895942592617248f,0.5815253120842803f,1.8656109607118683f,1.1994919414030139f,0f,0f,0f,1f], start_interpolation: 0, interpolation_duration: 1 }
$data merge entity $(bone_tail_1) { transformation: [1.4788175677785989f,0.2919157673791854f,0.12465968067025839f,0.11040718409701895f,-0.24773357927615405f,1.432801503086443f,-0.4163702396332564f,0.19485483477449458f,-0.19845131626778154f,0.38667982557750674f,1.4487070226802015f,0.883209186788594f,0f,0f,0f,1f], start_interpolation: 0, interpolation_duration: 1 }
$data merge entity $(bone_tail_0) { transformation: [1.2101418984409014f,0.31522778057311585f,0.26462000789212076f,0.04068607532397617f,-0.14663684500897772f,1.0981213971147752f,-0.6375443117686291f,0.40765972602569367f,-0.3845646082359785f,0.5732334255237297f,1.0758016631975742f,0.5826680805288942f,0f,0f,0f,1f], start_interpolation: 0, interpolation_duration: 1 }
$data merge entity $(bone_body_1) { transformation: [0.7093772970610626f,0.3979816169253688f,0.9311278526926685f,-0.20259499357768115f,-0.01622631406423451f,1.1411965316695423f,-0.4754069602914394f,0.44131750000000003f,-1.0124846429464893f,0.26054885098792196f,0.6599952568788989f,0.41167861426797864f,0f,0f,0f,1f], start_interpolation: 0, interpolation_duration: 1 }