# This file was generated by Animated Java via MC-Build. It is not recommended to edit this file directly.
$data merge entity $(bone_head_lower) { transformation: [-0.5295792090301175f,0.052824367315560894f,0.8466141078323377f,-0.9903253757494311f,0.6692046054161103f,0.6393283991197519f,0.3787141325179763f,0.9213324093847212f,-0.5212591077889221f,0.7671171907190488f,-0.3739253378020947f,0.36386434582548277f,0f,0f,0f,1f], start_interpolation: 0, interpolation_duration: 1 }
$data merge entity $(bone_head_upper) { transformation: [-0.5512387780214456f,0.4172451150542839f,0.7781479718872673f,-0.9274838961319627f,0.696574794942377f,0.7692172242211116f,0.08099604679279582f,0.9444048696433615f,-0.5425783881061942f,0.5636340288772606f,-0.68658380175706f,0.329020888636254f,0f,0f,0f,1f], start_interpolation: 0, interpolation_duration: 1 }
$data merge entity $(bone_neck_0) { transformation: [-0.418722540800455f,0.6217019384157966f,0.6619351430432228f,-0.8946380170850214f,0.5507556452380682f,0.7534100335284705f,-0.359223524587447f,0.908769582593581f,-0.7220385398744378f,0.21414952988197278f,-0.6578756157415468f,0.28323867810847f,0f,0f,0f,1f], start_interpolation: 0, interpolation_duration: 1 }
$data merge entity $(bone_neck_1) { transformation: [-0.26103757169245545f,0.576135724309131f,0.7745495551220068f,-0.8263693185383498f,0.3869290025839861f,0.7975400413315894f,-0.4628345594617672f,0.8732355879814858f,-0.8843898083561724f,0.17887847731798137f,-0.4311115368766331f,0.24754194338129196f,0f,0f,0f,1f], start_interpolation: 0, interpolation_duration: 1 }
$data merge entity $(bone_neck_2) { transformation: [0.09099862750485271f,0.5309535115692877f,0.842500812073481f,-0.7473615619204141f,0.23559945019285128f,0.8105158580722056f,-0.536243361620731f,0.8341921045012358f,-0.9675805645325142f,0.24729013802761793f,-0.05133652474819912f,0.24546560379704077f,0f,0f,0f,1f], start_interpolation: 0, interpolation_duration: 1 }
$data merge entity $(bone_body_0) { transformation: [0.22357833750720418f,0.6290091615852098f,0.7445536929190439f,-0.3904640999984661f,0.1563172209336827f,0.7308628826558551f,-0.66438270085512f,0.5280334115592463f,-0.9620694639354711f,0.2649281438387495f,0.06508014416909325f,0.27866140342363765f,0f,0f,0f,1f], start_interpolation: 0, interpolation_duration: 1 }
$data merge entity $(bone_leg_left_3) { transformation: [0.3210213895411151f,0.00982706691320015f,0.9470209586978398f,-0.5774662251447855f,0.04106890087388351f,0.998861105928901f,-0.024286548612442033f,0.040848713061497566f,-0.9461810676810767f,0.04668961146097572f,0.3202521933469317f,0.6564721320462563f,0f,0f,0f,1f], start_interpolation: 0, interpolation_duration: 1 }
$data merge entity $(bone_leg_left_2) { transformation: [0.45993269617471577f,0.4175733890294966f,0.8161841576902678f,-0.45419319858385687f,-0.405334779739727f,0.9116572048782825f,-0.2380064213998422f,0.2453703917933433f,-0.822330730803305f,-0.21581428374561515f,0.5738105642183347f,0.622623706422131f,0f,0f,0f,1f], start_interpolation: 0, interpolation_duration: 1 }
$data merge entity $(bone_leg_left_1) { transformation: [0.6673874815945353f,-0.6619130579917187f,0.34126976583189383f,-0.6654053990883776f,-0.06954880789707518f,0.4008574862378988f,0.9134967099268225f,0.3072075121031542f,-0.7414559411934057f,-0.6333911740678779f,0.2214920041037958f,0.45357057107825827f,0f,0f,0f,1f], start_interpolation: 0, interpolation_duration: 1 }
$data merge entity $(bone_leg_left_0) { transformation: [0.6447066396698965f,0.6931133900776936f,0.3224084013492161f,-0.3445489474117652f,-0.06770796827073461f,0.4718816953238536f,-0.8790581872953207f,0.556171646073747f,-0.7614256232871331f,0.5449050321967057f,0.35115456153737734f,0.5503965798683532f,0f,0f,0f,1f], start_interpolation: 0, interpolation_duration: 1 }
$data merge entity $(bone_leg_right_3) { transformation: [0.9937983424418148f,0.027501695707461304f,0.10774280158375252f,-0.15047812653790216f,-0.031720887020708334f,0.9987876429743107f,0.03764345319496423f,0.0515083474590991f,-0.10657692004613856f,-0.04082769862527447f,0.9934658822216511f,0.05272814336462908f,0f,0f,0f,1f], start_interpolation: 0, interpolation_duration: 1 }
$data merge entity $(bone_leg_right_2) { transformation: [0.9900672842340418f,-0.038174939838715394f,0.2652765465668499f,-0.15271438497477835f,0.10587396257742553f,0.9883771565397317f,-0.2529100630249501f,0.2739173232583435f,-0.24621063388545475f,0.27150592976846877f,0.9579807165924464f,0.14600364228128085f,0f,0f,0f,1f], start_interpolation: 0, interpolation_duration: 1 }
$data merge entity $(bone_leg_right_1) { transformation: [0.7654622736843001f,-0.4505983330467892f,0.45937854741108286f,-0.2842469267564704f,-0.2703819093327455f,0.4225897955753641f,0.8650499914924871f,0.33745793246070976f,-0.5839187706108105f,-0.7863707820939354f,0.2016429081255587f,-0.08995221607872111f,0f,0f,0f,1f], start_interpolation: 0, interpolation_duration: 1 }
$data merge entity $(bone_leg_right_0) { transformation: [0.7508499618911044f,0.6570842474211813f,0.06681786077888452f,-0.11899923606001891f,-0.17647128009707627f,0.2970785084751887f,-0.9384040958473361f,0.5510118767550041f,-0.636460699516495f,0.6928092461804307f,0.3390178850413014f,0.228473901192291f,0f,0f,0f,1f], start_interpolation: 0, interpolation_duration: 1 }
$data merge entity $(bone_tail_4) { transformation: [2.6954631054173235f,0.5753896427663245f,-0.17048970036702474f,0.12239572086510968f,-0.5554873415997889f,2.6890837107020458f,0.2931278590637809f,0.01056815602373885f,0.22709863992634569f,-0.2518270982919784f,2.740560280656027f,1.9006490818011788f,0f,0f,0f,1f], start_interpolation: 0, interpolation_duration: 1 }
$data merge entity $(bone_tail_3) { transformation: [2.0423945105747436f,0.4049600449702791f,-0.024032294860581813f,0.12250785802142794f,-0.4055576127980445f,2.0352942818673947f,-0.17042809317680885f,0.019549510220893795f,-0.009654632056571572f,0.17184316751038217f,2.075168002814301f,1.547095654244877f,0f,0f,0f,1f], start_interpolation: 0, interpolation_duration: 1 }
$data merge entity $(bone_tail_2) { transformation: [1.9167245137119628f,0.36615255107867994f,-0.1042752265736695f,0.14339683430245376f,-0.3806033624491905f,1.8301674077289383f,-0.5695631792715242f,0.12558411961365581f,-0.009060575632125334f,0.5789589312102293f,1.8664132278099348f,1.2002645768455245f,0f,0f,0f,1f], start_interpolation: 0, interpolation_duration: 1 }
$data merge entity $(bone_tail_1) { transformation: [1.4797381950617097f,0.286647834337567f,0.12595294020028366f,0.11137549288830678f,-0.24264099044822643f,1.4344056533275231f,-0.4138381585310206f,0.1973351592232923f,-0.1978799480235859f,0.3846682866725892f,1.4493205599171488f,0.8838738389788747f,0f,0f,0f,1f], start_interpolation: 0, interpolation_duration: 1 }
$data merge entity $(bone_tail_0) { transformation: [1.2106645315266227f,0.31107464008639446f,0.2671323211117866f,0.0408200051227707f,-0.14309701397523447f,1.100926466583896f,-0.6334981265564226f,0.40902535243647337f,-0.3842529808327086f,0.5701133221160911f,1.0775695630681852f,0.5827408176339638f,0f,0f,0f,1f], start_interpolation: 0, interpolation_duration: 1 }
$data merge entity $(bone_body_1) { transformation: [0.7093793243570277f,0.3937023636399641f,0.9329437379045545f,-0.20259499357768115f,-0.016228057447876063f,1.143367408409101f,-0.4701619025352594f,0.44131750000000003f,-1.0124831946173156f,0.2575150739440545f,0.6611870857520986f,0.41167861426797864f,0f,0f,0f,1f], start_interpolation: 0, interpolation_duration: 1 }