# This file was generated by Animated Java via MC-Build. It is not recommended to edit this file directly.
$data merge entity $(bone_head_lower) { transformation: [-0.5254884879096045f,0.1296193387425364f,0.8408690005574142f,-0.9893147435207865f,0.6715103574297835f,0.6700673242087298f,0.31635995462807504f,0.9233803328500129f,-0.5224324730900658f,0.730895757308592f,-0.439153393484893f,0.3672088051127518f,0f,0f,0f,1f], start_interpolation: 0, interpolation_duration: 1 }
$data merge entity $(bone_head_upper) { transformation: [-0.5469807481115707f,0.43949035657438984f,0.7688512406551276f,-0.9266133232295474f,0.6989748512526794f,0.7691470974328363f,0.057609395157779186f,0.9448397493252572f,-0.5437997435592524f,0.5465646453735052f,-0.6993002716402539f,0.33110504035337723f,0f,0f,0f,1f], start_interpolation: 0, interpolation_duration: 1 }
$data merge entity $(bone_neck_0) { transformation: [-0.4175665164185731f,0.6308481871984627f,0.6539638897328128f,-0.8944317146750946f,0.553293500263148f,0.7474272681839232f,-0.367721064587918f,0.9087512868609808f,-0.7207666105839058f,0.2082859656422652f,-0.6611448022815104f,0.2852062037438358f,0f,0f,0f,1f], start_interpolation: 0, interpolation_duration: 1 }
$data merge entity $(bone_neck_1) { transformation: [-0.2632948342435152f,0.5849176771162488f,0.7671682613727f,-0.8267478512296316f,0.38788436212852884f,0.7923030768039684f,-0.4709581256365681f,0.8725049935311159f,-0.8833015067783051f,0.17357173008268534f,-0.43548972736366476f,0.24911413129748647f,0f,0f,0f,1f], start_interpolation: 0, interpolation_duration: 1 }
$data merge entity $(bone_neck_2) { transformation: [0.08673022555529032f,0.5387022911788144f,0.8380201127979114f,-0.7480567720781159f,0.23371331292078446f,0.8067122066179966f,-0.5427646847917746f,0.8328529531061398f,-0.9684296336537414f,0.24293056039168587f,-0.05593556551123292f,0.246592198259796f,0f,0f,0f,1f], start_interpolation: 0, interpolation_duration: 1 }
$data merge entity $(bone_body_0) { transformation: [0.21880017972130567f,0.6297944267666009f,0.7453089704060007f,-0.39079587007642147f,0.15523680155854402f,0.7316213039173763f,-0.6638010267362588f,0.5269756259056342f,-0.9633421078701985f,0.2609391646877996f,0.06231160033441413f,0.27844519354651126f,0f,0f,0f,1f], start_interpolation: 0, interpolation_duration: 1 }
$data merge entity $(bone_leg_left_3) { transformation: [0.32117145974057776f,0.01041937363929446f,0.9469637427594952f,-0.5774610305273952f,0.041172782405110436f,0.9988403701764831f,-0.0249542961176627f,0.04049692447954936f,-0.9461256234967572f,0.04700373983707383f,0.3203700251337518f,0.6562290022915452f,0f,0f,0f,1f], start_interpolation: 0, interpolation_duration: 1 }
$data merge entity $(bone_leg_left_2) { transformation: [0.46044924577626273f,0.4168194742762657f,0.8162782720548324f,-0.4543600304815593f,-0.4050871828471386f,0.9119811344832018f,-0.23718554791638413f,0.24511986351586f,-0.8221636490734273f,-0.21590307017614166f,0.5740165484822509f,0.6223665057227297f,0f,0f,0f,1f], start_interpolation: 0, interpolation_duration: 1 }
$data merge entity $(bone_leg_left_1) { transformation: [0.6675946090354443f,-0.6621377186085853f,0.340427789086952f,-0.6655927340383399f,-0.06910492058681793f,0.40016014005321976f,0.9138360751596959f,0.30674069770681656f,-0.741310965747507f,-0.6335972726491219f,0.2213877777884146f,0.4532600203312179f,0f,0f,0f,1f], start_interpolation: 0, interpolation_duration: 1 }
$data merge entity $(bone_leg_left_0) { transformation: [0.6449160444356202f,0.6925944019392022f,0.32310414734570014f,-0.34497234337452737f,-0.0672905558800779f,0.4725880462674337f,-0.8787107144074664f,0.556002416436094f,-0.7612852794576177f,0.5449527804568102f,0.3513846757522703f,0.550102362471234f,0f,0f,0f,1f], start_interpolation: 0, interpolation_duration: 1 }
$data merge entity $(bone_leg_right_3) { transformation: [0.9938569599832293f,0.022468133054155945f,0.10836755090872344f,-0.14875599242943527f,-0.027112038779830663f,0.998767597767326f,0.041571901607784234f,0.0518886090239406f,-0.10729995548039561f,-0.044254588995347094f,0.9932412853414614f,0.05374079368795351f,0f,0f,0f,1f], start_interpolation: 0, interpolation_duration: 1 }
$data merge entity $(bone_leg_right_2) { transformation: [0.989326143056051f,-0.04281646911493903f,0.2673251431105241f,-0.15200972400193977f,0.1096715618718148f,0.9893533364130143f,-0.24741528599852072f,0.2746890526431683f,-0.24752400021640175f,0.2672244846597377f,0.9588457350459996f,0.14604706443888968f,0f,0f,0f,1f], start_interpolation: 0, interpolation_duration: 1 }
$data merge entity $(bone_leg_right_1) { transformation: [0.7662964591239373f,-0.45334058105101166f,0.4552714073016746f,-0.28405280823710505f,-0.26914596195602564f,0.4169283499439034f,0.8681769417439172f,0.33655039693684474f,-0.5833953958482029f,-0.7878153772206951f,0.19747593148972065f,-0.0900698211233461f,0f,0f,0f,1f], start_interpolation: 0, interpolation_duration: 1 }
$data merge entity $(bone_leg_right_0) { transformation: [0.7514727037571692f,0.6561474443375308f,0.06898772932353031f,-0.11942198743829788f,-0.17532526329741394f,0.2994057249679883f,-0.9378791307551768f,0.5508420928015734f,-0.636042315854521f,0.6926952743780773f,0.3400344531024724f,0.22818014429846295f,0f,0f,0f,1f], start_interpolation: 0, interpolation_duration: 1 }
$data merge entity $(bone_tail_4) { transformation: [2.697431046208069f,0.5656481554003425f,-0.17195710757346153f,0.12388380614973697f,-0.5453594115557566f,2.6907941796014994f,0.2964306442496362f,0.014551641204433651f,0.2282765751898346f,-0.2555976895726664f,2.7401133111433027f,1.9015750460766192f,0f,0f,0f,1f], start_interpolation: 0, interpolation_duration: 1 }
$data merge entity $(bone_tail_3) { transformation: [2.043856601216488f,0.3975338792543543f,-0.02371781088578731f,0.12401528930695596f,-0.39814389742568596f,2.0369969428282864f,-0.16754228688706066f,0.02302700742310089f,-0.008783885866431473f,0.16898460225016243f,2.075406604402107f,1.5480091338135666f,0f,0f,0f,1f], start_interpolation: 0, interpolation_duration: 1 }
$data merge entity $(bone_tail_2) { transformation: [1.9180966408694684f,0.3594123997900148f,-0.10247867175768682f,0.14456970074570216f,-0.37364581829290316f,1.8323135967912871f,-0.5672649826040571f,0.1286400424880659f,-0.008243407078635068f,0.5763883108579985f,1.8672124775581316f,1.2010294701963542f,0f,0f,0f,1f], start_interpolation: 0, interpolation_duration: 1 }
$data merge entity $(bone_tail_1) { transformation: [1.4806394938939682f,0.2813753599801407f,0.12724325489966018f,0.11233428748099238f,-0.23754342775935441f,1.435987604767205f,-0.4113015546813339f,0.19982102545994346f,-0.19732222137851096f,0.38265357145986756f,1.4499298035419708f,0.8845317248747819f,0f,0f,0f,1f], start_interpolation: 0, interpolation_duration: 1 }
$data merge entity $(bone_tail_0) { transformation: [1.2111738566156411f,0.3069103510577073f,0.269628711469044f,0.04094880471926349f,-0.1395544412406738f,1.1037068937360424f,-0.6294373417851593f,0.4103916596416197f,-0.3839507306475995f,0.566985754421748f,1.0793260430944873f,0.5828099454620541f,0f,0f,0f,1f], start_interpolation: 0, interpolation_duration: 1 }
$data merge entity $(bone_body_1) { transformation: [0.709381351648051f,0.38941482531834115f,0.9347399567861215f,-0.20259499357768115f,-0.01622980083362241f,1.1455141784682763f,-0.46490693213728407f,0.44131750000000003f,-1.0124817462824378f,0.25447584523228534f,0.6623649694046543f,0.41167861426797864f,0f,0f,0f,1f], start_interpolation: 0, interpolation_duration: 1 }