# This file was generated by Animated Java via MC-Build. It is not recommended to edit this file directly.
$data merge entity $(bone_head_lower) { transformation: [-0.514017973062216f,-0.02260362559018081f,0.857481544687225f,-0.9948559754487084f,0.6808819774551946f,0.5972514696006387f,0.42389906208504546f,0.917994311135413f,-0.5217137684072702f,0.8017354664539021f,-0.29160758852305063f,0.3651750954190083f,0f,0f,0f,1f], start_interpolation: 0, interpolation_duration: 1 }
$data merge entity $(bone_head_upper) { transformation: [-0.5350410939863052f,0.4858301794907183f,0.7491141481946934f,-0.9324709234292787f,0.7087297666322883f,0.7622557139520901f,0.01184428217490128f,0.9361470853011873f,-0.5430516441543908f,0.5161464964783863f,-0.7226061503597979f,0.3267818855191274f,0f,0f,0f,1f], start_interpolation: 0, interpolation_duration: 1 }
$data merge entity $(bone_neck_0) { transformation: [-0.4102570226635587f,0.651445840258914f,0.638206465467555f,-0.9016449198829283f,0.552900956806494f,0.7342029188636319f,-0.39401345902720974f,0.8985732901399545f,-0.7252514786732225f,0.19121817680722872f,-0.6613969319106517f,0.2811452371229207f,0f,0f,0f,1f], start_interpolation: 0, interpolation_duration: 1 }
$data merge entity $(bone_neck_1) { transformation: [-0.261763729112847f,0.6006305208966267f,0.7554619298736255f,-0.834880349253847f,0.3835843358904957f,0.7830219858834768f,-0.4896321342421713f,0.8607023063590976f,-0.8856313044266125f,0.16161542930841402f,-0.4353592144759008f,0.24500913964801718f,0f,0f,0f,1f], start_interpolation: 0, interpolation_duration: 1 }
$data merge entity $(bone_neck_2) { transformation: [0.08511091910384426f,0.5489514279535934f,0.8315097481070257f,-0.7566592814222526f,0.2243875644876755f,0.8025395490032478f,-0.5527933548704732f,0.8201308262942426f,-0.9707761597570204f,0.2336291977330196f,-0.05487299530768726f,0.24248922957565383f,0f,0f,0f,1f], start_interpolation: 0, interpolation_duration: 1 }
$data merge entity $(bone_body_0) { transformation: [0.21718837461028806f,0.6101989325192086f,0.7618966286095242f,-0.39176734989003f,0.15250318445322075f,0.7497318918006896f,-0.6439292423462271f,0.5237915225453909f,-0.9641431370215565f,0.25604560759633666f,0.06977577061455298f,0.27781344307651745f,0f,0f,0f,1f], start_interpolation: 0, interpolation_duration: 1 }
$data merge entity $(bone_leg_left_3) { transformation: [0.3216118546503596f,0.012192826459063832f,0.946793087179715f,-0.5774381356742049f,0.04149069071490877f,0.9987751972228637f,-0.026956038218366785f,0.039428473222540616f,-0.9459621226731837f,0.047952480596622035f,0.3207120547660705f,0.6555030020151114f,0f,0f,0f,1f], start_interpolation: 0, interpolation_duration: 1 }
$data merge entity $(bone_leg_left_2) { transformation: [0.46199078486963374f,0.4145512086759274f,0.8165623121241649f,-0.45485469542576495f,-0.40433621668019964f,0.9129511769987642f,-0.2347223291423473f,0.24435481728659655f,-0.82166838692807f,-0.2161704033918462f,0.5746247628854191f,0.621597755350134f,0f,0f,0f,1f], start_interpolation: 0, interpolation_duration: 1 }
$data merge entity $(bone_leg_left_1) { transformation: [0.6682066007023749f,-0.6628151270837337f,0.33789946150704514f,-0.6661495248791603f,-0.06776646189016332f,0.39806757775668944f,0.9148496653449742f,0.30532675443021307f,-0.7408830173655392f,-0.6342068360147943f,0.22107474693288212f,0.45233374976424134f,0f,0f,0f,1f], start_interpolation: 0, interpolation_duration: 1 }
$data merge entity $(bone_leg_left_0) { transformation: [0.6455348302144512f,0.6910374273856735f,0.32519541345503244f,-0.34623874545527444f,-0.06603149299062516f,0.47470405669529747f,-0.8776650274965141f,0.5554805604980995f,-0.7608709646933759f,0.5450902058459844f,0.3520682356835868f,0.5492225782358726f,0f,0f,0f,1f], start_interpolation: 0, interpolation_duration: 1 }
$data merge entity $(bone_leg_right_3) { transformation: [0.9940302144910333f,0.01429780125050352f,0.10816425268225743f,-0.14629973192489765f,-0.01918247856505071f,0.998836088691143f,0.044254948246279124f,0.05325786380961611f,-0.10740561063096934f,-0.04606561415612059f,0.9931475187490566f,0.05348953513879558f,0f,0f,0f,1f], start_interpolation: 0, interpolation_duration: 1 }
$data merge entity $(bone_leg_right_2) { transformation: [0.9883252854113673f,-0.051029045818869f,0.2695762715819954f,-0.1513966805412803f,0.11672722218565176f,0.9902510022747372f,-0.24049928813906007f,0.27647034135118925f,-0.24829435216705026f,0.26241415449130945f,0.9599744401312205f,0.1447106020617947f,0f,0f,0f,1f], start_interpolation: 0, interpolation_duration: 1 }
$data merge entity $(bone_leg_right_1) { transformation: [0.7683196998345377f,-0.4569337839833405f,0.448214631511324f,-0.28400136669727966f,-0.26574134120467574f,0.40933557960317996f,0.8728263990311416f,0.3360901825884659f,-0.5822940652461656f,-0.7897188742366459f,0.19307439305485133f,-0.09166802937530566f,0f,0f,0f,1f], start_interpolation: 0, interpolation_duration: 1 }
$data merge entity $(bone_leg_right_0) { transformation: [0.7533140502694685f,0.6537969956065789f,0.07118588485380833f,-0.12068645577502385f,-0.17186755383436542f,0.3001876146353121f,-0.9382691191542822f,0.5503185739122304f,-0.6348066521434694f,0.6945767664955202f,0.33850203816081753f,0.22730174158385713f,0f,0f,0f,1f], start_interpolation: 0, interpolation_duration: 1 }
$data merge entity $(bone_tail_4) { transformation: [2.7031200558278035f,0.5363766156036712f,-0.17636162171812092f,0.1282843176128765f,-0.5149173834766412f,2.6956831324528965f,0.30629049806108544f,0.026544124342808433f,0.2316535852842864f,-0.2669342751362017f,2.7387486267969985f,1.9042986402207913f,0f,0f,0f,1f], start_interpolation: 0, interpolation_duration: 1 }
$data merge entity $(bone_tail_3) { transformation: [2.0480811199655724f,0.37522012205040456f,-0.02278403154602405f,0.1284758239330384f,-0.37585863160031197f,2.0419185287887682f,-0.1588852947415119f,0.03350342302279931f,-0.006288174341714478f,0.16038736808750084f,2.0760977522905457f,1.5506996655022867f,0f,0f,0f,1f], start_interpolation: 0, interpolation_duration: 1 }
$data merge entity $(bone_tail_2) { transformation: [1.9220612219546025f,0.3391576751067947f,-0.09709070747147265f,0.14802673649842152f,-0.35273178083298967f,1.8385812960023045f,-0.5603329222735809f,0.13784475941040947f,-0.005901258471296524f,0.5686517074707652f,1.8695920105043813f,1.2032775428505347f,0f,0f,0f,1f], start_interpolation: 0, interpolation_duration: 1 }
$data merge entity $(bone_tail_1) { transformation: [1.483227226705294f,0.2655314944013042f,0.13109641276988934f,0.11515336929167307f,-0.2222219958497804f,1.4406000704148116f,-0.4036645534120879f,0.2073113246222328f,-0.19573101062596915f,0.3765909088146582f,1.4517316931435666f,0.8864646405801411f,0f,0f,0f,1f], start_interpolation: 0, interpolation_duration: 1 }
$data merge entity $(bone_tail_0) { transformation: [1.2126218785079834f,0.29435154773586025f,0.27702177295891534f,0.041304395836167074f,-0.12891102141326186f,1.1118996831659291f,-0.6171683398536608f,0.4144943778845063f,-0.38310030658560784f,0.5575589453188226f,1.0845265760565777f,0.5829956588682185f,0f,0f,0f,1f], start_interpolation: 0, interpolation_duration: 1 }
$data merge entity $(bone_body_1) { transformation: [0.7093874334914679f,0.3765034048027127f,0.9400102395360398f,-0.20259499357768115f,-0.01623503100349027f,1.1518093984964053f,-0.44908365407785106f,0.44131750000000003f,-1.0124774012435802f,0.24532609067028294f,0.6658147011471979f,0.41167861426797864f,0f,0f,0f,1f], start_interpolation: 0, interpolation_duration: 1 }