# This file was generated by Animated Java via MC-Build. It is not recommended to edit this file directly.
$data merge entity $(bone_head_lower) { transformation: [-0.49699107223299915f,0.05023413831493434f,0.8663004129448685f,-1.0162735053782015f,0.6810102042157371f,0.6412953196311231f,0.3535044763128977f,0.8889057240914329f,-0.5377964074580024f,0.7656479898536742f,-0.3529280093139311f,0.3425603071051153f,0f,0f,0f,1f], start_interpolation: 0, interpolation_duration: 1 }
$data merge entity $(bone_head_upper) { transformation: [-0.5173178000077154f,0.4818294649776871f,0.7639990857703955f,-0.9529466581465692f,0.708863237813909f,0.7622232787852143f,-0.0007252154206733286f,0.9061913033177856f,-0.5597920564411983f,0.5199307478316131f,-0.7069489469460302f,0.3053262412203927f,0f,0f,0f,1f], start_interpolation: 0, interpolation_duration: 1 }
$data merge entity $(bone_neck_0) { transformation: [-0.3972085645293104f,0.6683535341958001f,0.6289108916154562f,-0.9230003836922529f,0.5389757790258488f,0.7245459368299078f,-0.42957920695344515f,0.8664790107081841f,-0.7427856123324171f,0.16833519760066412f,-0.648022218261613f,0.2609315262613681f,0f,0f,0f,1f], start_interpolation: 0, interpolation_duration: 1 }
$data merge entity $(bone_neck_1) { transformation: [-0.24924410872231015f,0.6047749506673076f,0.7563892075595585f,-0.8561381676027536f,0.3656885342867111f,0.7819891208844396f,-0.5047424201606384f,0.8273232291075879f,-0.8967437037183245f,0.15079878601546176f,-0.4160654467482309f,0.22638003322012937f,0f,0f,0f,1f], start_interpolation: 0, interpolation_duration: 1 }
$data merge entity $(bone_neck_2) { transformation: [0.09843985066132362f,0.5414725641515714f,0.8349353616136393f,-0.7776902130867902f,0.2060444392145961f,0.8097392191566635f,-0.5494252324277614f,0.7871173111002285f,-0.9735785971715478f,0.22611912619387017f,-0.031856803022301414f,0.22580298591924497f,0f,0f,0f,1f], start_interpolation: 0, interpolation_duration: 1 }
$data merge entity $(bone_body_0) { transformation: [0.2319678403691804f,0.5457613511448113f,0.8051928145674478f,-0.3930067999828635f,0.1495368364964608f,0.7979239153201882f,-0.5839145141976965f,0.5195218129366014f,-0.9611605774089412f,0.2558553750787563f,0.1034812614835155f,0.27701065866853924f,0f,0f,0f,1f], start_interpolation: 0, interpolation_duration: 1 }
$data merge entity $(bone_leg_left_3) { transformation: [0.3221759728431111f,0.014549563877974958f,0.9465679863134796f,-0.5773902775650067f,0.04192886667333877f,0.9986813963089882f,-0.029621593573257637f,0.03797357114967134f,-0.9457508195407943f,0.049231888622016176f,0.3211411036921704f,0.6545432330833187f,0f,0f,0f,1f], start_interpolation: 0, interpolation_duration: 1 }
$data merge entity $(bone_leg_left_2) { transformation: [0.4640270256112078f,0.41151173695592885f,0.8169450467140519f,-0.4555003465685693f,-0.40331615057025166f,0.9142403173459867f,-0.23143665295064758f,0.24330353657663323f,-0.8210220470196301f,-0.21652928667346305f,0.5754129524272736f,0.6205796925514189f,0f,0f,0f,1f], start_interpolation: 0, interpolation_duration: 1 }
$data merge entity $(bone_leg_left_1) { transformation: [0.6690005209870006f,-0.6637263761347547f,0.3345229447170226f,-0.6668794675426579f,-0.06596632295338557f,0.3952762308042124f,0.9161905618359234f,0.30341018496932315f,-0.7403288101614927f,-0.6349992117981262f,0.22065641586101056f,0.4511115725554007f,0f,0f,0f,1f], start_interpolation: 0, interpolation_duration: 1 }
$data merge entity $(bone_leg_left_0) { transformation: [0.6463377181411054f,0.688961601736905f,0.3279930874885434f,-0.34791811658912597f,-0.0643371479131358f,0.47751828755396986f,-0.8762630977337384f,0.554751834722927f,-0.7603343248246474f,0.5452597512962445f,0.3529639048256993f,0.5480564551510674f,0f,0f,0f,1f], start_interpolation: 0, interpolation_duration: 1 }
$data merge entity $(bone_leg_right_3) { transformation: [0.9944272512171396f,0.015149652098526645f,0.10433086828938723f,-0.14749437100228519f,-0.018663327267453213f,0.999288169452706f,0.032784670307447056f,0.054765293895541994f,-0.10375992604099044f,-0.03454913071487725f,0.9940021304377644f,0.047889185122360595f,0f,0f,0f,1f], start_interpolation: 0, interpolation_duration: 1 }
$data merge entity $(bone_leg_right_2) { transformation: [0.9892316525442153f,-0.05223161717399931f,0.26599773546540567f,-0.152983636168523f,0.11883989400669658f,0.9881670344224793f,-0.24792174405213888f,0.2772593368694727f,-0.2436391115929712f,0.2699258597258993f,0.959084049004109f,0.14082648051589486f,0f,0f,0f,1f], start_interpolation: 0, interpolation_duration: 1 }
$data merge entity $(bone_leg_right_1) { transformation: [0.7703121469438612f,-0.45391033330042246f,0.4478667274913804f,-0.284708812902768f,-0.2616207665025096f,0.4155491164081635f,0.8711334607205914f,0.3387390528036639f,-0.5815271023824929f,-0.7882159229395802f,0.20135016269953068f,-0.09556748726405659f,0f,0f,0f,1f], start_interpolation: 0, interpolation_duration: 1 }
$data merge entity $(bone_leg_right_0) { transformation: [0.755706810177732f,0.6513722541630697f,0.0679809058303758f,-0.12236324860551279f,-0.1672118925480317f,0.29226658312820963f,-0.9416052396716295f,0.5495876308592245f,-0.6332040745616714f,0.7002102761978594f,0.32978503462924874f,0.22613746055211706f,0f,0f,0f,1f], start_interpolation: 0, interpolation_duration: 1 }
$data merge entity $(bone_tail_4) { transformation: [2.71020285760965f,0.4972434164651751f,-0.18223826981873636f,0.13400204202269225f,-0.4741993988063344f,2.7016342547170944f,0.3193252503497286f,0.04263044676117329f,0.23578959344338504f,-0.2821040058582056f,2.736874481795348f,1.9078028075165046f,0f,0f,0f,1f], start_interpolation: 0, interpolation_duration: 1 }
$data merge entity $(bone_tail_3) { transformation: [2.053335371548404f,0.34539034056783696f,-0.021561322664791903f,0.13427812993082872f,-0.34604757642530926f,2.0480446033557116f,-0.14734280966561583f,0.04757261806575981f,-0.0032330856455340677f,0.1488769335807995f,2.0769618994698074f,1.554169944008277f,0f,0f,0f,1f], start_interpolation: 0, interpolation_duration: 1 }
$data merge entity $(bone_tail_2) { transformation: [1.9269921756747967f,0.31207527791401635f,-0.08991134970502283f,0.15249161740253192f,-0.3247550212316f,1.8465386832505786f,-0.5510017626531314f,0.15020189301867656f,-0.003034151570443437f,0.5582811005012477f,1.8727217843956798f,1.2061656555779514f,0f,0f,0f,1f], start_interpolation: 0, interpolation_duration: 1 }
$data merge entity $(bone_tail_1) { transformation: [1.486405803143617f,0.24434765294214636f,0.13619200741102266f,0.11877764893577797f,-0.20173046373586345f,1.4464380915826764f,-0.3934182471868559f,0.21737262663737253f,-0.19380107941364305f,0.3684661744588355f,1.4540736122692612f,0.8889462711226866f,0f,0f,0f,1f], start_interpolation: 0, interpolation_duration: 1 }
$data merge entity $(bone_tail_0) { transformation: [1.2143656466567958f,0.27745621191675796f,0.2866528270794698f,0.04170654307000762f,-0.11468595710263679f,1.1224745855854052f,-0.6006110659506303f,0.4199724508712486f,-0.38209805553980725f,0.5448895041819978f,1.0912984105042132f,0.5831926658098286f,0f,0f,0f,1f], start_interpolation: 0, interpolation_duration: 1 }
$data merge entity $(bone_body_1) { transformation: [0.7093955425468347f,0.3591776895123749f,0.9467597090220327f,-0.20259499357768115f,-0.01624200459278016f,1.15986284415251f,-0.42785391794105176f,0.44131750000000003f,-1.012471607778579f,0.23305399624819176f,0.6702176313193032f,0.41167861426797864f,0f,0f,0f,1f], start_interpolation: 0, interpolation_duration: 1 }