# This file was generated by Animated Java via MC-Build. It is not recommended to edit this file directly.
$data merge entity $(bone_head_lower) { transformation: [-0.47849304006945814f,0.1868936790010197f,0.8579715399443919f,-1.0413187171383296f,0.681440798460027f,0.6952583794981829f,0.22859182822603452f,0.8458091975850219f,-0.5537895347505658f,0.6940364100585963f,-0.46003327348543754f,0.31459831621578604f,0f,0f,0f,1f], start_interpolation: 0, interpolation_duration: 1 }
$data merge entity $(bone_head_upper) { transformation: [-0.498063206036199f,0.4562553831572601f,0.7919823298006535f,-0.9766310608563511f,0.7093114431833761f,0.7617723221287851f,0.007221384295342099f,0.8636326074835363f,-0.5764392959762246f,0.543144453310578f,-0.6754137868565421f,0.28005429102862794f,0f,0f,0f,1f], start_interpolation: 0, interpolation_duration: 1 }
$data merge entity $(bone_neck_0) { transformation: [-0.3892552772895256f,0.6806039597458511f,0.6206920162854699f,-0.9474176515734275f,0.5168951712779977f,0.7191382451190454f,-0.46439160879217956f,0.8217641914700565f,-0.7624301351676385f,0.14006582161743497f,-0.6317292573586322f,0.23717832208462072f,0f,0f,0f,1f], start_interpolation: 0, interpolation_duration: 1 }
$data merge entity $(bone_neck_1) { transformation: [-0.23881744011291517f,0.6011960448371283f,0.7625808455305624f,-0.8800474100543323f,0.3400198297200092f,0.7873602428516764f,-0.5142473756605132f,0.7818279594735928f,-0.9095893280459537f,0.13648136740501407f,-0.39245393443838417f,0.20456107547926408f,0f,0f,0f,1f], start_interpolation: 0, interpolation_duration: 1 }
$data merge entity $(bone_neck_2) { transformation: [0.11219765639292553f,0.5234590946222634f,0.8446314356908432f,-0.8009263698537605f,0.18411018230471712f,0.8243305195464146f,-0.5353341342713557f,0.7429993852983492f,-0.976480991454344f,0.2155684828577179f,-0.0038861969536967966f,0.20633116565712195f,0f,0f,0f,1f], start_interpolation: 0, interpolation_duration: 1 }
$data merge entity $(bone_body_0) { transformation: [0.24615531644575223f,0.4588053021352746f,0.8537594830618578f,-0.39418203307530236f,0.14540107013913914f,0.8534145377679112f,-0.5005418619144412f,0.5152257230504668f,-0.9582620147892145f,0.2473485828925276f,0.14336174368768545f,0.2762533222883692f,0f,0f,0f,1f], start_interpolation: 0, interpolation_duration: 1 }
$data merge entity $(bone_leg_left_3) { transformation: [0.3227134564982888f,0.016897667910866665f,0.946345863738042f,-0.5773221882448997f,0.04238288064933175f,0.9985797304753358f,-0.03228332869561962f,0.03648441394345564f,-0.9455473105153394f,0.05052712838643214f,0.3215389445685065f,0.6535933776331535f,0f,0f,0f,1f], start_interpolation: 0, interpolation_duration: 1 }
$data merge entity $(bone_leg_left_2) { transformation: [0.466041042872466f,0.4084551477246358f,0.8173324526508682f,-0.4561296466789752f,-0.40227509745021783f,0.9155243260540615f,-0.22814941129743826f,0.2422168854942533f,-0.8203917916644805f,-0.21689121743675074f,0.5761750666846334f,0.6195700020744662f,0f,0f,0f,1f], start_interpolation: 0, interpolation_duration: 1 }
$data merge entity $(bone_leg_left_1) { transformation: [0.6697689789743934f,-0.6646468736939937f,0.331140526200582f,-0.6675947516014229f,-0.0641489639007253f,0.39248337212277656f,0.9175193257025145f,0.30145813496602825f,-0.7397935017517132f,-0.6357683036263553f,0.22023677910377304f,0.4499045388212553f,0f,0f,0f,1f], start_interpolation: 0, interpolation_duration: 1 }
$data merge entity $(bone_leg_left_0) { transformation: [0.6471150352149859f,0.6868861932140018f,0.330801282903625f,-0.34958649511418016f,-0.06262550649104853f,0.4803243605211594f,-0.8748523044644044f,0.5539857149504696f,-0.7598158837083148f,0.5454134819216664f,0.3538417112250007f,0.5468986041943421f,0f,0f,0f,1f], start_interpolation: 0, interpolation_duration: 1 }
$data merge entity $(bone_leg_right_3) { transformation: [0.9949295622183769f,0.022469942949860156f,0.09803197380333908f,-0.15095626705023923f,-0.023951153342399382f,0.9996156739898402f,0.013958745194565053f,0.05478850960616638f,-0.09768064535780566f,-0.01623594708256834f,0.9950853659585266f,0.03993855444717412f,0f,0f,0f,1f], start_interpolation: 0, interpolation_duration: 1 }
$data merge entity $(bone_leg_right_2) { transformation: [0.9914777331047671f,-0.04808043213237817f,0.25830674846796065f,-0.1557190674783021f,0.11679118996992746f,0.9839317401572627f,-0.2651421282203266f,0.2757663029480183f,-0.2353591345232534f,0.28570754672874776f,0.9565769571965447f,0.13646421242402446f,0f,0f,0f,1f], start_interpolation: 0, interpolation_duration: 1 }
$data merge entity $(bone_leg_right_1) { transformation: [0.772136730210419f,-0.4461496314556558f,0.452499034487307f,-0.28554524651905133f,-0.2575193190584856f,0.43130069942622484f,0.8646753766507427f,0.3419494272017494f,-0.5809377506855761f,-0.7841748612563603f,0.21813096250177721f,-0.09971017856589673f,0f,0f,0f,1f], start_interpolation: 0, interpolation_duration: 1 }
$data merge entity $(bone_leg_right_0) { transformation: [0.7580288220486889f,0.6490891288189542f,0.06384048709500617f,-0.12402904885234631f,-0.16250505098889695f,0.28275560462896315f,-0.9453260688534963f,0.5488192937982266f,-0.6316521300103191f,0.7062100048144038f,0.3198171598796205f,0.22498145167747538f,0f,0f,0f,1f], start_interpolation: 0, interpolation_duration: 1 }
$data merge entity $(bone_tail_4) { transformation: [2.716709380318029f,0.45799928645302207f,-0.18811732535987685f,0.13954739195025695f,-0.4333458895002349f,2.706934208834199f,0.3322346470439504f,0.05882415473895416f,0.2395053538969039f,-0.297330076264899f,2.7349393672992144f,1.911160578336204f,0f,0f,0f,1f], start_interpolation: 0, interpolation_duration: 1 }
$data merge entity $(bone_tail_3) { transformation: [2.0581556203147464f,0.3154778666508321f,-0.020363797894933738f,0.13991314095138993f,-0.31613403508751486f,2.0536707067275164f,-0.13579921293230254f,0.06175390278277246f,-0.0004903779682979007f,0.13731667789160507f,2.077760673308335f,1.5575053984804106f,0f,0f,0f,1f], start_interpolation: 0, interpolation_duration: 1 }
$data merge entity $(bone_tail_2) { transformation: [1.9315158310826046f,0.2849120004982208f,-0.08273826957432708f,0.1567900499078061f,-0.296682081514409f,1.8540382107852305f,-0.5415680293918352f,0.1626520102560611f,-0.00046020466073244307f,0.547851567418749f,1.8758017814500727f,1.2089279668794446f,0f,0f,0f,1f], start_interpolation: 0, interpolation_duration: 1 }
$data merge entity $(bone_tail_1) { transformation: [1.4892728231290886f,0.22310148279812655f,0.14123893465468976f,0.12224701241806193f,-0.18117346142390167f,1.4519186098104229f,-0.38309891328722334f,0.22751550509660443f,-0.19209082530094077f,0.3602975559998246f,1.4563457817344605f,0.8913178558992034f,0f,0f,0f,1f], start_interpolation: 0, interpolation_duration: 1 }
$data merge entity $(bone_tail_0) { transformation: [1.2158952515966772f,0.2603948241211723f,0.29602194057127634f,0.04202631215182584f,-0.10042662855200003f,1.1326472691928648f,-0.583832486636066f,0.4254577234607927f,-0.38124656851748745f,0.5321094020451784f,1.0978826689736891f,0.5833317705988446f,0f,0f,0f,1f], start_interpolation: 0, interpolation_duration: 1 }
$data merge entity $(bone_body_1) { transformation: [0.7094036515231275f,0.3417310610830161f,0.9531898741347281f,-0.20259499357768115f,-0.01624897821574416f,1.1675250287363925f,-0.40647985563528266f,0.44131750000000003f,-1.012465814222311f,0.22070293206346825f,0.6743943845154633f,0.41167861426797864f,0f,0f,0f,1f], start_interpolation: 0, interpolation_duration: 1 }