# This file was generated by Animated Java via MC-Build. It is not recommended to edit this file directly.
$data merge entity $(bone_head_lower) { transformation: [-0.475372284026469f,0.22866743088058716f,0.8495483492032277f,-1.046938934457726f,0.6812828583636297f,0.7066601581103226f,0.19101070085044017f,0.8341491537460979f,-0.5566640445361463f,0.6695839208000485f,-0.49171385431640424f,0.3089555531349695f,0f,0f,0f,1f], start_interpolation: 0, interpolation_duration: 1 }
$data merge entity $(bone_head_upper) { transformation: [-0.49481481237136665f,0.44813667096249216f,0.7986261754914191f,-0.9819745640991939f,0.7091470434028445f,0.7618672005728685f,0.011865163621789044f,0.8522947729932179f,-0.5794313720143228f,0.5497306935340454f,-0.6674783833920649f,0.2751055372139262f,0f,0f,0f,1f], start_interpolation: 0, interpolation_duration: 1 }
$data merge entity $(bone_neck_0) { transformation: [-0.38945972967298875f,0.6836728936259997f,0.6171810864601203f,-0.9530379266092203f,0.5108917817321894f,0.7179070801851789f,-0.47286257155594386f,0.8099005326049358f,-0.7663619943091851f,0.13115181562236702f,-0.6288787601258332f,0.2325598482787204f,0f,0f,0f,1f], start_interpolation: 0, interpolation_duration: 1 }
$data merge entity $(bone_neck_1) { transformation: [-0.23857939303940173f,0.6004419992962458f,0.7632491589894334f,-0.8856145439620957f,0.3330385671555016f,0.7888708892501405f,-0.5164959175837724f,0.7697807789545862f,-0.9122308841537656f,0.1309661237680172f,-0.3881786810493581f,0.20027936371008478f,0f,0f,0f,1f], start_interpolation: 0, interpolation_duration: 1 }
$data merge entity $(bone_neck_2) { transformation: [0.11329584463330426f,0.5189940047656982f,0.8472362566640359f,-0.806309017928492f,0.1783355102180223f,0.828255616418365f,-0.5312147208678539f,0.7313515254406517f,-0.9774254433889593f,0.2112767305897566f,0.0012828589944112456f,0.20246028301986801f,0f,0f,0f,1f], start_interpolation: 0, interpolation_duration: 1 }
$data merge entity $(bone_body_0) { transformation: [0.2471011021426492f,0.4366588713970113f,0.8650260547233106f,-0.3944657606114552f,0.14377421696689704f,0.8663060477663894f,-0.47837517299597987f,0.5141477483020797f,-0.9582640658270786f,0.24257547615879532f,0.15128489187916305f,0.27607111987393074f,0f,0f,0f,1f], start_interpolation: 0, interpolation_duration: 1 }
$data merge entity $(bone_leg_left_3) { transformation: [0.3228436330085416f,0.017483391111792035f,0.9462908219258377f,-0.5773019512541289f,0.04249879399813067f,0.9985530882329162f,-0.0329481788451135f,0.03610682116486058f,-0.9454976684976809f,0.05085332846271977f,0.3216334837197643f,0.6533575271014427f,0f,0f,0f,1f], start_interpolation: 0, interpolation_duration: 1 }
$data merge entity $(bone_leg_left_2) { transformation: [0.46654103148183973f,0.40768834677819177f,0.8174300443131629f,-0.45628435818451374f,-0.40201161607176644f,0.9158444912937175f,-0.22732735825459321f,0.24193973664856078f,-0.8202367499618155f,-0.2169822093373335f,0.5763615135866218f,0.6193189440355665f,0f,0f,0f,1f], start_interpolation: 0, interpolation_duration: 1 }
$data merge entity $(bone_leg_left_1) { transformation: [0.6699570849191905f,-0.6648784506450619f,0.33029403602608687f,-0.6677712269107268f,-0.0636920011710097f,0.39178491244997526f,0.9178496126073141f,0.3009646185768817f,-0.7396626483427513f,-0.6359569389859554f,0.22013163880324135f,0.44960520466984844f,0f,0f,0f,1f], start_interpolation: 0, interpolation_duration: 1 }
$data merge entity $(bone_leg_left_0) { transformation: [0.6473053384239014f,0.6863674389080101f,0.3315049587182331f,-0.35000180620825805f,-0.06219496134150147f,0.4810246012320909f,-0.874498210285897f,0.553788372249393f,-0.7596891374974685f,0.5454494218682121f,0.35405838861970984f,0.5466104798347169f,0f,0f,0f,1f], start_interpolation: 0, interpolation_duration: 1 }
$data merge entity $(bone_leg_right_3) { transformation: [0.995054173767268f,0.024435090957072886f,0.09628144991772503f,-0.151821502956081f,-0.025453769665911917f,0.9996321235941575f,0.009366060454134462f,0.05441397983027205f,-0.09601716970487353f,-0.011770463395948838f,0.9953100819911908f,0.038046696882477915f,0f,0f,0f,1f], start_interpolation: 0, interpolation_duration: 1 }
$data merge entity $(bone_leg_right_2) { transformation: [0.99208822908925f,-0.046941540000976695f,0.25616330148088556f,-0.15638601850480785f,0.11616182849486276f,0.9827408792158409f,-0.26979435394296397f,0.2749713869806909f,-0.23308705413209974f,0.2899638867878342f,0.9558522736571833f,0.135538580723675f,0f,0f,0f,1f], start_interpolation: 0, interpolation_duration: 1 }
$data merge entity $(bone_leg_right_1) { transformation: [0.7726474541006669f,-0.4439910555629151f,0.45374866859516655f,-0.28568188445247233f,-0.25644062003748413f,0.4355573208470213f,0.862860376104591f,0.342428646042939f,-0.5807358436213048f,-0.7830464627572836f,0.22267491348770732f,-0.10056623267160081f,0f,0f,0f,1f], start_interpolation: 0, interpolation_duration: 1 }
$data merge entity $(bone_leg_right_0) { transformation: [0.7585983358801222f,0.6484639926749228f,0.06342724181301462f,-0.1244437153807976f,-0.16132042066503965f,0.28124651262174233f,-0.9459789220773169f,0.5486213967733422f,-0.6312719593617033f,0.7073859267346257f,0.31796362053139127f,0.22469378784290517f,0f,0f,0f,1f], start_interpolation: 0, interpolation_duration: 1 }
$data merge entity $(bone_tail_4) { transformation: [2.7182457348278413f,0.44817200899530774f,-0.18958720168660523f,0.14090662253290834f,-0.4231128056032002f,2.7081571358417236f,0.3354427118363705f,0.06288900997916869f,0.2403684888350309f,-0.30114466547269236f,2.734446234913479f,1.911977030736402f,0f,0f,0f,1f], start_interpolation: 0, interpolation_duration: 1 }
$data merge entity $(bone_tail_3) { transformation: [2.0592926902168416f,0.3079876699543992f,-0.02006831383017487f,0.1412955658109717f,-0.3086407630834429f,2.0549989166397666f,-0.13291297159080354f,0.06531636057327825f,0.00014638031441105884f,0.13441939521470692f,2.077950175246596f,1.5583180705403037f,0f,0f,0f,1f], start_interpolation: 0, interpolation_duration: 1 }
$data merge entity $(bone_tail_2) { transformation: [1.9325829362593299f,0.2781093232019526f,-0.08094611683208702f,0.15783848783578006f,-0.2896498759029306f,1.855841407247947f,-0.5391933749000928f,0.165778653968191f,0.00013737342883750038f,0.5452355000317629f,1.8765639092864466f,1.2095987804144832f,0f,0f,0f,1f], start_interpolation: 0, interpolation_duration: 1 }
$data merge entity $(bone_tail_1) { transformation: [1.489940778603844f,0.21778080883025053f,0.14249296669875386f,0.12308999823822157f,-0.17602481153252064f,1.4532327609837978f,-0.3805076321551885f,0.23006355100417453f,-0.19169765772776395f,0.3582489521389411f,1.4569028609735928f,0.8918934586419489f,0f,0f,0f,1f], start_interpolation: 0, interpolation_duration: 1 }
$data merge entity $(bone_tail_0) { transformation: [1.2162441282323428f,0.2561042629740907f,0.2983228848259441f,0.042093369698408545f,-0.09685700713240443f,1.1351271496133402f,-0.5796039949517898f,0.42682994975099214f,-0.38105728872930533f,0.5288976056678822f,1.099499150526766f,0.583357493493357f,0f,0f,0f,1f], start_interpolation: 0, interpolation_duration: 1 }
$data merge entity $(bone_body_1) { transformation: [0.709405678754845f,0.3373511999649721f,0.9547472680708863f,-0.20259499357768115f,-0.016250721626746543f,1.1693791345378106f,-0.40111463300465744f,0.44131750000000003f,-1.012464365818984f,0.21760331487834547f,0.675403065107768f,0.41167861426797864f,0f,0f,0f,1f], start_interpolation: 0, interpolation_duration: 1 }