# This file was generated by Animated Java via MC-Build. It is not recommended to edit this file directly.
$data merge entity $(bone_head_lower) { transformation: [-0.47302764076845233f,0.31790232980396227f,0.8216951744864058f,-1.0566925792369646f,0.6794480057108768f,0.7253535658439013f,0.11051068750600322f,0.8112634037031619f,-0.5608879198240451f,0.6105737573977035f,-0.5591103899702685f,0.3015358174271858f,0f,0f,0f,1f], start_interpolation: 0, interpolation_duration: 1 }
$data merge entity $(bone_head_upper) { transformation: [-0.49237427418103175f,0.4319987555369704f,0.808960191803477f,-0.9913774240313432f,0.7072371460411161f,0.7633923745494745f,0.022795708430301848f,0.8301962004043254f,-0.5838280020415486f,0.5604293891987918f,-0.6546263868329397f,0.2688106558334693f,0f,0f,0f,1f], start_interpolation: 0, interpolation_duration: 1 }
$data merge entity $(bone_neck_0) { transformation: [-0.3940526915491019f,0.6902909202425822f,0.6068120975339545f,-0.9632172036871706f,0.49898586283326973f,0.7151353927713653f,-0.4894838901315165f,0.7867760311756588f,-0.7718390926711639f,0.10990821368939749f,-0.6262464367867973f,0.22678177113950576f,0f,0f,0f,1f], start_interpolation: 0, interpolation_duration: 1 }
$data merge entity $(bone_neck_1) { transformation: [-0.2430979245918769f,0.600250786688747f,0.7619726977646001f,-0.8959028349519241f,0.3189216588517224f,0.7913253054030922f,-0.5216255712136517f,0.7462330357245692f,-0.9160744372453516f,0.1162035029947173f,-0.3838025160383514f,0.1948039956358932f,0f,0f,0f,1f], start_interpolation: 0, interpolation_duration: 1 }
$data merge entity $(bone_neck_2) { transformation: [0.11023319848575203f,0.5116503756340941f,0.8520930319308399f,-0.8162437176981004f,0.1665743758730228f,0.8356811662119034f,-0.5233449777548516f,0.7085659315038545f,-0.9798477530994872f,0.19962685578900333f,0.006891965879394585f,0.19736225522163148f,0f,0f,0f,1f], start_interpolation: 0, interpolation_duration: 1 }
$data merge entity $(bone_body_0) { transformation: [0.243553770169471f,0.39509177264844747f,0.8857674933196318f,-0.3950210767254657f,0.13930649723311278f,0.8895486859121422f,-0.43508256138418333f,0.5119872150522646f,-0.9598308501318746f,0.22935916501742065f,0.16161408526992427f,0.2757153003022742f,0f,0f,0f,1f], start_interpolation: 0, interpolation_duration: 1 }
$data merge entity $(bone_leg_left_3) { transformation: [0.323098922926948f,0.018653317689224097f,0.9461813461185073f,-0.577257570254776f,0.042733451542694034f,0.998498335646232f,-0.034277191118185335f,0.03534531798617907f,-0.9453998826542629f,0.05150851823620317f,0.32181661614406454f,0.6528878217832804f,0f,0f,0f,1f], start_interpolation: 0, interpolation_duration: 1 }
$data merge entity $(bone_leg_left_2) { transformation: [0.467536750028368f,0.40615158056197515f,0.8176261251211427f,-0.4565905906475078f,-0.40148084914678717f,0.9164837846967798f,-0.22568296270860932f,0.24137889444203972f,-0.8199297010366071f,-0.21716483485032803f,0.5767295027681031f,0.6188185178385006f,0f,0f,0f,1f], start_interpolation: 0, interpolation_duration: 1 }
$data merge entity $(bone_leg_left_1) { transformation: [0.6703284591254992f,-0.6653433541649201f,0.32860002732046045f,-0.668121311412045f,-0.06277499173993034f,0.39038769073311f,0.918507893997717f,0.29997101930072445f,-0.7394045288598694f,-0.6363298452788796f,0.21992105562876707f,0.44900949941737767f,0f,0f,0f,1f], start_interpolation: 0, interpolation_duration: 1 }
$data merge entity $(bone_leg_left_0) { transformation: [0.6476810856499281f,0.6853300780131517f,0.33291424640861755f,-0.35083022689362375f,-0.06133077296201955f,0.48242354722178515f,-0.8737883367119473f,0.553386740532847f,-0.7594391006388935f,0.5455182904875301f,0.3544884302263629f,0.5460358797578827f,0f,0f,0f,1f], start_interpolation: 0, interpolation_duration: 1 }
$data merge entity $(bone_leg_right_3) { transformation: [0.9952994519084561f,0.027727786338507365f,0.09279100654423561f,-0.15322302170519178f,-0.027986984799014958f,0.9996071726669797f,0.001492995173130951f,0.05305263624263365f,-0.09271315824944157f,-0.0040829177671579675f,0.9956844882139727f,0.034814338279562526f,0f,0f,0f,1f], start_interpolation: 0, interpolation_duration: 1 }
$data merge entity $(bone_leg_right_2) { transformation: [0.9932288696490787f,-0.04521282278183357f,0.2520206591777861f,-0.15751437154772543f,0.11527753680294035f,0.9804351389528406f,-0.2784245451030952f,0.2728072389938404f,-0.22862567988953927f,0.29793445330024737f,0.9544776369996434f,0.13411474589304584f,0f,0f,0f,1f], start_interpolation: 0, interpolation_duration: 1 }
$data merge entity $(bone_leg_right_1) { transformation: [0.7738091246950842f,-0.4399123054275097f,0.4557374266747034f,-0.2857845094193059f,-0.2541685197546537f,0.4433788816572146f,0.8595426288824342f,0.34261058287274904f,-0.580187730053261f,-0.7809560364283323f,0.23127876483108742f,-0.10186756398100846f,0f,0f,0f,1f], start_interpolation: 0, interpolation_duration: 1 }
$data merge entity $(bone_leg_right_0) { transformation: [0.759724235007505f,0.6470825901499049f,0.06405628983285772f,-0.12527084693962404f,-0.15894171904036558f,0.28032146711848166f,-0.94665590634667f,0.5482186564071728f,-0.6305209090036226f,0.709016217443178f,0.31581543140228807f,0.22412010882162195f,0f,0f,0f,1f], start_interpolation: 0, interpolation_duration: 1 }
$data merge entity $(bone_tail_4) { transformation: [2.7212099089286568f,0.42849897939588355f,-0.19252684956954316f,0.14359239570521012f,-0.40262436414419367f,2.710480236247099f,0.34183598685824884f,0.07103810473597022f,0.24201567004219138f,-0.30878284468304845f,2.7334489023728743f,1.913582240603305f,0f,0f,0f,1f], start_interpolation: 0, interpolation_duration: 1 }
$data merge entity $(bone_tail_3) { transformation: [2.0614850825119415f,0.2929935709904353f,-0.01948199125981243f,0.14402864937206727f,-0.29363740911440134f,2.0575611871201613f,-0.12713992004755653f,0.07246148529823117f,0.0013611002006596808f,0.1286166966586774f,2.0783169678351032f,1.559917869899556f,0f,0f,0f,1f], start_interpolation: 0, interpolation_duration: 1 }
$data merge entity $(bone_tail_2) { transformation: [1.934640429086467f,0.2644904676238436f,-0.0773632838174911f,0.1599038113216058f,-0.2755696890480085f,1.8593616538501685f,-0.5344244209168653f,0.17204848974029296f,0.0012773507305836483f,0.539993433043832f,1.8780786287180375f,1.210916592325285f,0f,0f,0f,1f], start_interpolation: 0, interpolation_duration: 1 }
$data merge entity $(bone_tail_1) { transformation: [1.491218027319815f,0.20712907097077304f,0.14499169960788527f,0.12474660852436434f,-0.1657170092209703f,1.4557937874649214f,-0.37531129910168726f,0.23517404019104876f,-0.1909526586650618f,0.35414438628520406f,1.4580038017136379f,0.8930238227148534f,0f,0f,0f,1f], start_interpolation: 0, interpolation_duration: 1 }
$data merge entity $(bone_tail_0) { transformation: [1.2169015999396522f,0.24749357080293508f,0.30287480096494385f,0.042212012951669514f,-0.08971254482397689f,1.1400105586358447f,-0.5711070846032495f,0.4295752896061953f,-0.3807070684260377f,0.522454376184208f,1.1026963632117637f,0.5833980711045215f,0f,0f,0f,1f], start_interpolation: 0, interpolation_duration: 1 }
$data merge entity $(bone_body_1) { transformation: [0.709409733203454f,0.3285702786435708f,0.9578016482991352f,-0.20259499357768115f,-0.016254208455064815f,1.173013342276698f,-0.3903589304788604f,0.44131750000000003f,-1.0124614689952172f,0.211390316450841f,0.677377666421849f,0.41167861426797864f,0f,0f,0f,1f], start_interpolation: 0, interpolation_duration: 1 }