# This file was generated by Animated Java via MC-Build. It is not recommended to edit this file directly.
$data merge entity $(bone_head_lower) { transformation: [-0.4779955806355899f,0.4105041109364231f,0.7765349958611921f,-1.0639822915640686f,0.6744678008270028f,0.7378774863185177f,0.02509981736690551f,0.7905843579338451f,-0.5626841125715492f,0.5357454526998452f,-0.6295739824444828f,0.30144289234865596f,0f,0f,0f,1f], start_interpolation: 0, interpolation_duration: 1 }
$data merge entity $(bone_head_upper) { transformation: [-0.4975454007187603f,0.4184423134179842f,0.8129123858993172f,-0.9987006940995715f,0.7020532528525769f,0.7677253070865374f,0.03451123877093445f,0.8104204780579263f,-0.585697658324012f,0.5647794487973106f,-0.6491951708334575f,0.2691892435209149f,0f,0f,0f,1f], start_interpolation: 0, interpolation_duration: 1 }
$data merge entity $(bone_neck_0) { transformation: [-0.4057489835615715f,0.6978186279604641f,0.59026851924368f,-0.971728621993214f,0.4879000642504494f,0.711473334357781f,-0.5057264298039291f,0.7660130599323587f,-0.7728656349218529f,0.08279406361084232f,-0.6291453356639027f,0.22741335578639338f,0f,0f,0f,1f], start_interpolation: 0, interpolation_duration: 1 }
$data merge entity $(bone_neck_1) { transformation: [-0.25641917444073437f,0.6027850046359078f,0.7555788808358931f,-0.9049442186453709f,0.30510002741246345f,0.7922262666583919f,-0.5284803834480714f,0.7248935225314862f,-0.9171494863172774f,0.09501463362343222f,-0.38705172670504734f,0.19506271502083683f,0f,0f,0f,1f], start_interpolation: 0, interpolation_duration: 1 }
$data merge entity $(bone_neck_2) { transformation: [0.09769723187347824f,0.5078602070386304f,0.8558815694889913f,-0.8249903052068264f,0.15460122777176943f,0.841810911240289f,-0.5171584380905487f,0.6878284196193304f,-0.9831346353657372f,0.18284528931168526f,0.0037267842444692056f,0.1971793789322014f,0f,0f,0f,1f], start_interpolation: 0, interpolation_duration: 1 }
$data merge entity $(bone_body_0) { transformation: [0.2305245736339951f,0.3603488269714746f,0.9038844748368825f,-0.3955601687700473f,0.1326868532851537f,0.9085857804670888f,-0.3960632253798567f,0.5098207220260736f,-0.9639774996939238f,0.211235892862206f,0.16163779771624498f,0.27537095277850476f,0f,0f,0f,1f], start_interpolation: 0, interpolation_duration: 1 }
$data merge entity $(bone_leg_left_3) { transformation: [0.32334743423735723f,0.019821259655250417f,0.9460727003977003f,-0.5772079332533462f,0.04297182512017313f,0.9984416282488431f,-0.03560529771874332f,0.0345754363587055f,-0.9453041092780453f,0.05216735229507276f,0.3219917830264661f,0.6524208341136883f,0f,0f,0f,1f], start_interpolation: 0, interpolation_duration: 1 }
$data merge entity $(bone_leg_left_2) { transformation: [0.46852675287075984f,0.404610614698779f,0.8178234111458f,-0.456892517660664f,-0.40094506519296175f,0.9171216641659509f,-0.22403818271799775f,0.24080936386516f,-0.8196267053009482f,-0.21734834503912714f,0.5770909463567759f,0.6183203944971927f,0f,0f,0f,1f], start_interpolation: 0, interpolation_duration: 1 }
$data merge entity $(bone_leg_left_1) { transformation: [0.6706933574763756f,-0.6658105963967689f,0.326904680240044f,-0.6684675258654003f,-0.061853931229410276f,0.38899005776421597f,0.9191631118316593f,0.29896870172965123f,-0.739151210124514f,-0.6366969331529492f,0.21971004502547298f,0.4484177959823512f,0f,0f,0f,1f], start_interpolation: 0, interpolation_duration: 1 }
$data merge entity $(bone_leg_left_0) { transformation: [0.6480503278745173f,0.6842929428396257f,0.33432609967158594f,-0.35165565413224653f,-0.06046251477666078f,0.4838204439010142f,-0.8730762065079472f,0.5529758754109257f,-0.7591936886253812f,0.5455831251452985f,0.35491406947045245f,0.545463518257162f,0f,0f,0f,1f], start_interpolation: 0, interpolation_duration: 1 }
$data merge entity $(bone_leg_right_3) { transformation: [0.9955486116861642f,0.029421567514426705f,0.08953956184137354f,-0.1538673939208006f,-0.029224062520804478f,0.9995667011713688f,-0.003516259257861698f,0.05071683860763582f,-0.0896042183132646f,0.0008838972691549429f,0.9959770593673766f,0.0327433817519029f,0f,0f,0f,1f], start_interpolation: 0, interpolation_duration: 1 }
$data merge entity $(bone_leg_right_2) { transformation: [0.9941389340052819f,-0.04484078896953664f,0.24847390816768994f,-0.1581830455685167f,0.11540040722838178f,0.978491192142103f,-0.2851314300678637f,0.26981084677479417f,-0.22457231665336602f,0.30431314471381404f,0.9534269683872091f,0.13349189440653408f,0f,0f,0f,1f], start_interpolation: 0, interpolation_duration: 1 }
$data merge entity $(bone_leg_right_1) { transformation: [0.7752278872082149f,-0.4366402776205929f,0.45647233306532253f,-0.2855749968727107f,-0.25169401504382194f,0.4492735718126442f,0.8572067314608709f,0.3413887623073717f,-0.5793719407132238f,-0.7794219175967023f,0.23838965725062827f,-0.1024345314356905f,0f,0f,0f,1f], start_interpolation: 0, interpolation_duration: 1 }
$data merge entity $(bone_leg_right_0) { transformation: [0.76083268296001f,0.6454495535090241f,0.06729414844452691f,-0.12609498505799316f,-0.156550482557071f,0.28318642564434615f,-0.9462015613715332f,0.5478066826329518f,-0.6297821646815832f,0.7093661411469965f,0.31650292706892713f,0.2235486683837067f,0f,0f,0f,1f], start_interpolation: 0, interpolation_duration: 1 }
$data merge entity $(bone_tail_4) { transformation: [2.7240291865507977f,0.4088022904419583f,-0.19546613453180176f,0.14623443444116277f,-0.38210753544366804f,2.7126394109311995f,0.34819906550707375f,0.07921272952586908f,0.2435572905428241f,-0.31643237064535984f,2.7324369585831607f,1.915150423628785f,0f,0f,0f,1f], start_interpolation: 0, interpolation_duration: 1 }
$data merge entity $(bone_tail_3) { transformation: [2.0635683371335545f,0.277981950124281f,-0.018901836667438877f,0.14671921582351713f,-0.2786126474416496f,2.0599977725309633f,-0.1213659585611591f,0.07963321569062602f,0.002497340556630572f,0.12280365880956368f,2.0786674940253365f,1.5614835017755218f,0f,0f,0f,1f], start_interpolation: 0, interpolation_duration: 1 }
$data merge entity $(bone_tail_2) { transformation: [1.9365954995593233f,0.2508543052100796f,-0.07378254296863543f,0.16192692677291826f,-0.2614694117207162f,1.8627669296278928f,-0.5296291038282093f,0.17834001783427778f,0.0023436774037518746f,0.5347385888871475f,1.8795805446253122f,1.212202559399053f,0f,0f,0f,1f], start_interpolation: 0, interpolation_duration: 1 }
$data merge entity $(bone_tail_1) { transformation: [1.4924169681339687f,0.1964640212358789f,0.14747790202481398f,0.12636394473520687f,-0.1553959443572195f,1.458265022729422f,-0.37009657383078587f,0.24030334883401777f,-0.19026282795948452f,0.35003037274468984f,1.459087058558561f,0.8941263155221639f,0f,0f,0f,1f], start_interpolation: 0, interpolation_duration: 1 }
$data merge entity $(bone_tail_0) { transformation: [1.2175053175786548f,0.2388441099876639f,0.30735973935427435f,0.04231001902834855f,-0.08256162632437967f,1.144791789791212f,-0.5625575992459212f,0.4323216195440205f,-0.3803946583620756f,0.5159854317079714f,1.1058456740154865f,0.5834241549445662f,0f,0f,0f,1f], start_interpolation: 0, interpolation_duration: 1 }
$data merge entity $(bone_body_1) { transformation: [0.7094137876322939f,0.3197617090933042f,0.9607752715235657f,-0.20259499357768115f,-0.016257695291800895f,1.1765486236604834f,-0.37957030779905737f,0.44131750000000003f,-1.0124585721486343f,0.20515940294464025f,0.6792951156326662f,0.41167861426797864f,0f,0f,0f,1f], start_interpolation: 0, interpolation_duration: 1 }