# This file was generated by Animated Java via MC-Build. It is not recommended to edit this file directly.
$data merge entity $(bone_head_lower) { transformation: [-0.8683067756154622f,-0.49601867890622753f,0.002968770183145897f,0.2921142157947069f,-0.4924990839579196f,0.8628272680995226f,0.11390240438429994f,0.8411629757304865f,-0.05905925601368246f,0.09744011289009907f,-0.9934875080639287f,0.2236129032318819f,0f,0f,0f,1f], start_interpolation: 0, interpolation_duration: 1 }
$data merge entity $(bone_head_upper) { transformation: [-0.9038201609436448f,-0.4444387916779363f,-0.2627835986266403f,0.2637382796007872f,-0.5126420912838469f,0.7093877371810873f,0.5634173117368048f,0.8957734562227099f,-0.061474754976618744f,0.6186397508829025f,-0.8348518765096069f,0.17993272285995637f,0f,0f,0f,1f], start_interpolation: 0, interpolation_duration: 1 }
$data merge entity $(bone_neck_0) { transformation: [-0.9044151121224488f,-0.4073917012595277f,0.12674899096011058f,0.2788390773146126f,-0.42615756054042536f,0.8769012356429561f,-0.22233748339425569f,0.8673006485811036f,-0.020567901175671033f,-0.25510042076156f,-0.9666957829475117f,0.12157176512529358f,0f,0f,0f,1f], start_interpolation: 0, interpolation_duration: 1 }
$data merge entity $(bone_neck_1) { transformation: [-0.9120308838531465f,-0.4096165561135314f,-0.02034561023264697f,0.2752284848198276f,-0.38957476798477675f,0.8807774575801429f,-0.2691887263023234f,0.8485544620111536f,0.12818411386617298f,-0.23758229558691854f,-0.962872517925397f,0.03890931321723275f,0f,0f,0f,1f], start_interpolation: 0, interpolation_duration: 1 }
$data merge entity $(bone_neck_2) { transformation: [-0.898855122730738f,-0.40539006106363934f,-0.1664883381247137f,0.2566738356709655f,-0.36657599539758645f,0.9036834603829631f,-0.22131028676621095f,0.8380136469425947f,0.24016974817611578f,-0.13789525670266048f,-0.9608867728509578f,-0.0466216554829621f,0f,0f,0f,1f], start_interpolation: 0, interpolation_duration: 1 }
$data merge entity $(bone_body_0) { transformation: [-0.8307270389099981f,-0.4674472077697377f,-0.302300669486692f,0.10974764480638172f,-0.23574910222349f,0.7873550758545022f,-0.5696440514277049f,0.5770430829612692f,0.5042964878170826f,-0.40195160464218427f,-0.7642774103039602f,-0.41065182439265246f,0f,0f,0f,1f], start_interpolation: 0, interpolation_duration: 1 }
$data merge entity $(bone_leg_left_3) { transformation: [-0.6113295524829118f,0.010938902878493806f,-0.7913005236096194f,0.2880970491910172f,-0.10853278517465229f,0.9892975391865074f,0.09752442515469613f,0.04290774418266513f,0.7838984709790393f,0.1455016129234864f,-0.6035995923071756f,-0.868361824044055f,0f,0f,0f,1f], start_interpolation: 0, interpolation_duration: 1 }
$data merge entity $(bone_leg_left_2) { transformation: [-0.7169828798452381f,-0.39626581044527237f,-0.617228609983104f,0.1755406237601279f,-0.4015659742301119f,0.9343514199755927f,-0.13339562148327644f,0.2559582006292804f,0.6137935466019044f,0.14840158679218976f,-0.8082676850450665f,-0.8577964954582888f,0f,0f,0f,1f], start_interpolation: 0, interpolation_duration: 1 }
$data merge entity $(bone_leg_left_1) { transformation: [-0.8484015269219487f,0.5092257335545092f,-0.14458216142518407f,0.3384458845812059f,-0.03037689147463638f,0.22584545763327685f,0.9736894133812662f,0.266277493426523f,0.5284809301960136f,0.8304715416871842f,-0.1761389362601809f,-0.6333666091847646f,0f,0f,0f,1f], start_interpolation: 0, interpolation_duration: 1 }
$data merge entity $(bone_leg_left_0) { transformation: [-0.8328391494791635f,-0.3316013195354684f,-0.4431924141692403f,0.14748816932450265f,-0.04782520993612638f,0.8408025424684525f,-0.5392252162808704f,0.634739294269053f,0.5514451018817635f,-0.4278921002553355f,-0.7161121770712248f,-0.6789553234490725f,0f,0f,0f,1f], start_interpolation: 0, interpolation_duration: 1 }
$data merge entity $(bone_leg_right_3) { transformation: [-0.9955493413116975f,0.005612680608604429f,-0.09407447491339196f,-0.2141101591010604f,0.008278802672906673f,0.9995743601904605f,-0.027974271681932394f,0.04002457987380009f,0.09387742241959818f,-0.028628591760987365f,-0.9951720621548995f,-0.24993477160223782f,0f,0f,0f,1f], start_interpolation: 0, interpolation_duration: 1 }
$data merge entity $(bone_leg_right_2) { transformation: [-1.0124744807402037f,0.13815752786996008f,-0.08871371282620205f,-0.18307676011321178f,0.16089965331436357f,0.9452534924302904f,-0.36423802123385013f,0.2488555939587736f,0.03269444775288811f,-0.3734575371335999f,-0.9547370007205828f,-0.36654355244449777f,0f,0f,0f,1f], start_interpolation: 0, interpolation_duration: 1 }
$data merge entity $(bone_leg_right_1) { transformation: [-0.867024687178144f,0.2946977485290299f,-0.401772857265846f,-0.09897540397693243f,-0.17834973315637556f,0.569366156415586f,0.8025045499008663f,0.35742080762542805f,0.4652521515336504f,0.7674473382196743f,-0.4410952488441085f,-0.12539226810763593f,0f,0f,0f,1f], start_interpolation: 0, interpolation_duration: 1 }
$data merge entity $(bone_leg_right_0) { transformation: [-0.8941614759837291f,-0.4399929727900269f,-0.08295443786798573f,-0.1610087506872913f,-0.15043108894213603f,0.4697171392942387f,-0.8699059124600315f,0.6301542693917501f,0.421717609718022f,-0.7653574282311706f,-0.48619159258988265f,-0.43535291285680994f,0f,0f,0f,1f], start_interpolation: 0, interpolation_duration: 1 }
$data merge entity $(bone_tail_4) { transformation: [-0.01839507615937093f,-0.2087271729884697f,2.7534988505589277f,-0.1425614493594763f,2.552537603722369f,1.0492300658001097f,0.09658872710809645f,0.9737708662719762f,-1.0535059251643322f,2.5458221791549653f,0.1859463077512033f,-1.821285964643102f,0f,0f,0f,1f], start_interpolation: 0, interpolation_duration: 1 }
$data merge entity $(bone_tail_3) { transformation: [-0.9643678401260101f,0.19373012088566874f,1.8353225425621418f,-0.45566013115816456f,1.56391242029011f,1.1852462631292278f,0.6966453641882464f,0.8440469912484825f,-0.9798561816090502f,1.7010600994804002f,-0.6944220095609773f,-1.720183862095339f,0f,0f,0f,1f], start_interpolation: 0, interpolation_duration: 1 }
$data merge entity $(bone_tail_2) { transformation: [-1.7940785103676447f,0.5474408231393091f,0.5480553975651968f,-0.5587387897946221f,0.7560244339080996f,1.5386591290036669f,0.9379387053909176f,0.6706114013714968f,-0.16876975135884853f,1.0731311685423217f,-1.6244014716602664f,-1.4180806177121128f,0f,0f,0f,1f], start_interpolation: 0, interpolation_duration: 1 }
$data merge entity $(bone_tail_1) { transformation: [-1.2081439246932353f,0.5361298639718639f,-0.7352613658994587f,-0.40591815415843224f,0.28801899242441875f,1.3845756261179096f,0.5363316563126045f,0.5379986408637744f,0.863185708425278f,0.2883944425915832f,-1.2080543564975215f,-1.1624707859898167f,0f,0f,0f,1f], start_interpolation: 0, interpolation_duration: 1 }
$data merge entity $(bone_tail_0) { transformation: [-1.111697102746579f,0.1729073300870866f,-0.6066863469133328f,-0.22445774100536928f,0.14684464157866617f,1.26642603549754f,0.09185567177721818f,0.5417173948225698f,0.6135160304087599f,0.010191584772067443f,-1.121307240953762f,-0.8345528074828508f,0f,0f,0f,1f], start_interpolation: 0, interpolation_duration: 1 }
$data merge entity $(bone_body_1) { transformation: [-0.9702576668027999f,-0.18841365114393166f,-0.7427684370847011f,-0.03908348743070181f,-0.014420421246067868f,1.202689529224879f,-0.2862421052189478f,0.527255f,0.7661571030263458f,-0.2159694131392268f,-0.9460259516138154f,-0.6000679528447266f,0f,0f,0f,1f], start_interpolation: 0, interpolation_duration: 1 }