# This file was generated by Animated Java via MC-Build. It is not recommended to edit this file directly.
$data merge entity $(bone_head_lower) { transformation: [-0.7334953382226455f,0.482839376649694f,0.47838344992503856f,-1.0806120307815523f,0.5064614709511435f,0.8576478362350302f,-0.08908965957603993f,0.6338613252487864f,-0.45330052641448704f,0.17693593574484995f,-0.8736202306462707f,0.4092860840437727f,0f,0f,0f,1f], start_interpolation: 0, interpolation_duration: 1 }
$data merge entity $(bone_head_upper) { transformation: [-0.7634949919328942f,0.24963976983334674f,0.6619874056161876f,-1.0296077786976208f,0.5271755340874323f,0.8502820442000512f,0.28736447963191186f,0.6729279843139772f,-0.47184032906962026f,0.5460516213802893f,-0.7501108406328607f,0.3696903909618254f,0f,0f,0f,1f], start_interpolation: 0, interpolation_duration: 1 }
$data merge entity $(bone_neck_0) { transformation: [-0.6391779468486277f,0.5657150714566761f,0.5209779363746039f,-1.0048964504494335f,0.41110357493431593f,0.8238473393691644f,-0.39021713454251816f,0.6341903878629571f,-0.6499580009035955f,-0.0352422947765392f,-0.7591525391647487f,0.32138423057098964f,0f,0f,0f,1f], start_interpolation: 0, interpolation_duration: 1 }
$data merge entity $(bone_neck_1) { transformation: [-0.48791671036417117f,0.46840023732175545f,0.736572129138979f,-0.9403412622588554f,0.24868122544152682f,0.8834531927049706f,-0.3970744318289637f,0.6046229303122689f,-0.8367167572484169f,-0.0105675908473544f,-0.5475339205596096f,0.2749522375467985f,0f,0f,0f,1f], start_interpolation: 0, interpolation_duration: 1 }
$data merge entity $(bone_neck_2) { transformation: [-0.12045738497071228f,0.35417573885389547f,0.9273885725052444f,-0.8556274660498857f,0.17857450586950968f,0.9266828580905044f,-0.3307113943828883f,0.5847229361863624f,-0.9765250453825947f,0.12577132633677343f,-0.1748725513395706f,0.260863470397233f,0f,0f,0f,1f], start_interpolation: 0, interpolation_duration: 1 }
$data merge entity $(bone_body_0) { transformation: [0.02048412800461158f,0.13456317742921384f,0.9906932682622027f,-0.3874355613486806f,0.17214914531323405f,0.9756269452947887f,-0.1360762116708214f,0.5298847940993124f,-0.9848578944537197f,0.17333440193716046f,-0.0031800687529054406f,0.2610159427657004f,0f,0f,0f,1f], start_interpolation: 0, interpolation_duration: 1 }
$data merge entity $(bone_leg_left_3) { transformation: [0.3933370863612138f,-0.0608423392215081f,0.917378954549823f,-0.5804520922718528f,0.10550015576991689f,0.9942037518263559f,0.020703067089698032f,0.035261099586229f,-0.9133212214907712f,0.0886403385172474f,0.3974760832580415f,0.5967380308281615f,0f,0f,0f,1f], start_interpolation: 0, interpolation_duration: 1 }
$data merge entity $(bone_leg_left_2) { transformation: [0.5893003467345536f,0.2862453939816932f,0.7892090187418632f,-0.48842438513181097f,-0.3154786609152903f,0.9690713661191734f,-0.11591419833526861f,0.2570785333332372f,-0.7779849068885106f,-0.17614329760986666f,0.6448063452397874f,0.5743997392539627f,0f,0f,0f,1f], start_interpolation: 0, interpolation_duration: 1 }
$data merge entity $(bone_leg_left_1) { transformation: [0.7332436899851783f,-0.6578423958825881f,0.17203799951282928f,-0.6908668632332622f,0.047393384278920606f,0.30183841250320526f,0.9521803609947723f,0.2876346530203785f,-0.6783122866523283f,-0.690026778405738f,0.2524984888261481f,0.3870584670538033f,0f,0f,0f,1f], start_interpolation: 0, interpolation_duration: 1 }
$data merge entity $(bone_leg_left_0) { transformation: [0.7123374727663789f,0.6081951015919524f,0.3502485450253339f,-0.3977546357690973f,0.049853576686849047f,0.45393648438885453f,-0.8896382911229797f,0.5440837426516643f,-0.7000642440407432f,0.6511838346736213f,0.29303526694823123f,0.5374790943052995f,0f,0f,0f,1f], start_interpolation: 0, interpolation_duration: 1 }
$data merge entity $(bone_leg_right_3) { transformation: [0.9895485396292211f,-0.08143572474832547f,-0.11900382536872955f,-0.03519368422812922f,0.07659948134759896f,0.9960607501512174f,-0.04467103609133033f,0.05811484456656113f,0.1221728577669978f,0.03508852722627537f,0.9918883949730114f,0.05684384928888658f,0f,0f,0f,1f], start_interpolation: 0, interpolation_duration: 1 }
$data merge entity $(bone_leg_right_2) { transformation: [0.9973482453584047f,-0.2232033769944863f,0.08682700892846124f,-0.08608598825406595f,0.23932090057419197f,0.9145688220032269f,-0.3979341350885623f,0.2586302846595322f,0.009175158285479162f,0.40719322418058695f,0.9413669285419739f,0.18083821908554062f,0f,0f,0f,1f], start_interpolation: 0, interpolation_duration: 1 }
$data merge entity $(bone_leg_right_1) { transformation: [0.8995620422443037f,-0.3243185427335224f,0.29258437243376856f,-0.1717954389852223f,-0.09070895925896386f,0.5165352513565811f,0.851447719367519f,0.351992651003463f,-0.4272704259171388f,-0.7924700732174046f,0.43523690812175947f,-0.06604382616236887f,0f,0f,0f,1f], start_interpolation: 0, interpolation_duration: 1 }
$data merge entity $(bone_leg_right_0) { transformation: [0.8738878252790505f,0.43629893454630414f,0.2143905514308218f,-0.1195548814585983f,-0.0030703108632002124f,0.4459618198230783f,-0.8950467185858464f,0.6003111544745897f,-0.486117930157133f,0.7815121847891102f,0.3910601782410178f,0.2654921802496355f,0f,0f,0f,1f], start_interpolation: 0, interpolation_duration: 1 }
$data merge entity $(bone_tail_4) { transformation: [2.6261373022751955f,-0.46635562935268127f,-0.7152458515572314f,-0.041474036579672004f,0.4768316239585864f,2.7198859120752417f,-0.022661846518857838f,-0.024766881805374133f,0.7083048803952875f,-0.10195285118961309f,2.6671278829749667f,1.9318609951652614f,0f,0f,0f,1f], start_interpolation: 0, interpolation_duration: 1 }
$data merge entity $(bone_tail_3) { transformation: [2.013686946130997f,-0.4399699412044856f,-0.2956972435830068f,0.012970739977570596f,0.3906957504533214f,2.016818375440334f,-0.34021463388333456f,0.013184796631290463f,0.35828374175195693f,0.27352443650828845f,2.0329197399487975f,1.584476280699818f,0f,0f,0f,1f], start_interpolation: 0, interpolation_duration: 1 }
$data merge entity $(bone_tail_2) { transformation: [1.8952680013090368f,-0.4173743166144333f,-0.22919807601169398f,0.05688029272845688f,0.30517055316331f,1.7867431322266598f,-0.7302011968804489f,0.14957842180259495f,0.365518825368581f,0.6723998321492025f,1.7980679433852536f,1.2506496577965698f,0f,0f,0f,1f], start_interpolation: 0, interpolation_duration: 1 }
$data merge entity $(bone_tail_1) { transformation: [1.4931339181078052f,-0.24067639922256334f,0.01679950753137897f,0.05478074829854707f,0.23152115383542f,1.399747449711361f,-0.5241767663234007f,0.24504375830476285f,0.06786241907529847f,0.5200367274374019f,1.4186658324614179f,0.9389468531275342f,0f,0f,0f,1f], start_interpolation: 0, interpolation_duration: 1 }
$data merge entity $(bone_tail_0) { transformation: [1.2608665753124237f,-0.0625917361158899f,0.20033339814905418f,-0.005271776911852044f,0.15640383916286485f,1.0937964076565785f,-0.6426375139039957f,0.45923263189702845f,-0.1399608335894915f,0.6584279837245609f,1.0866090704082f,0.6373034677435478f,0f,0f,0f,1f], start_interpolation: 0, interpolation_duration: 1 }
$data merge entity $(bone_body_1) { transformation: [0.8749696577589742f,0.13518214628013095f,0.8629939051838613f,-0.21501124811937075f,0.1768415626437571f,1.168766878349459f,-0.3623750003121426f,0.46475500000000003f,-0.855429573243238f,0.37988730757503414f,0.8077935836713077f,0.4239146688923499f,0f,0f,0f,1f], start_interpolation: 0, interpolation_duration: 1 }