# This file was generated by Animated Java via MC-Build. It is not recommended to edit this file directly.
$data merge entity $(bone_head_lower) { transformation: [-0.820201482930609f,0.394032271564982f,0.414738587984974f,-1.069417940170593f,0.4110794921042613f,0.9101307826587137f,-0.0517262953278137f,0.5853441319874922f,-0.3978481853291941f,0.12806454397052214f,-0.9084692036650938f,0.4322556832227913f,0f,0f,0f,1f], start_interpolation: 0, interpolation_duration: 1 }
$data merge entity $(bone_head_upper) { transformation: [-0.8537473818318532f,0.14607554993695002f,0.5772774760107834f,-1.0266068915686872f,0.4278924720482039f,0.8522663286716546f,0.4171595377796408f,0.6333722566945672f,-0.4141200103390809f,0.5794618031472515f,-0.7590787695052489f,0.3928098995884942f,0f,0f,0f,1f], start_interpolation: 0, interpolation_duration: 1 }
$data merge entity $(bone_neck_0) { transformation: [-0.7053106097944956f,0.5066638600206372f,0.49581113002866795f,-1.0025430152072474f,0.40580406464757235f,0.8620462588181682f,-0.3036433907943806f,0.5996143531587014f,-0.5812572621712575f,-0.012960733258113373f,-0.8136166262845088f,0.34059811875675666f,0f,0f,0f,1f], start_interpolation: 0, interpolation_duration: 1 }
$data merge entity $(bone_neck_1) { transformation: [-0.5503337280449488f,0.42209529658220507f,0.7203945782550896f,-0.9395715989807597f,0.24919122864295642f,0.9065159190615996f,-0.34078236464834505f,0.5749218196290775f,-0.7968917864701345f,-0.008028019125786691f,-0.6040687308289958f,0.2893885847728385f,0f,0f,0f,1f], start_interpolation: 0, interpolation_duration: 1 }
$data merge entity $(bone_neck_2) { transformation: [-0.17337270942420518f,0.2963046647058464f,0.9392259841488979f,-0.8543873507165494f,0.2136905908927353f,0.9422663978514506f,-0.257818476537206f,0.5615603643973086f,-0.9613939020977947f,0.15600506771771255f,-0.22668079728015803f,0.2710570339412408f,0f,0f,0f,1f], start_interpolation: 0, interpolation_duration: 1 }
$data merge entity $(bone_body_0) { transformation: [-0.018399001082443744f,0.07254561394546413f,0.9971953723601228f,-0.38372182355102197f,0.19767590868340354f,0.9779408525191179f,-0.06749758588551058f,0.5390651143317248f,-0.9800947463818787f,0.19587961321040231f,-0.032333654961730074f,0.2576843017743291f,0f,0f,0f,1f], start_interpolation: 0, interpolation_duration: 1 }
$data merge entity $(bone_leg_left_3) { transformation: [0.35668819694486276f,-0.07521751637613892f,0.9311905580440707f,-0.5772148267889439f,0.06813284564068116f,0.9961936534115745f,0.054370214708080636f,0.06441607711174799f,-0.9317357165554648f,0.044051448701545995f,0.3604553014760208f,0.6118445978987751f,0f,0f,0f,1f], start_interpolation: 0, interpolation_duration: 1 }
$data merge entity $(bone_leg_left_2) { transformation: [0.5889692037025073f,0.20405252990862713f,0.8145796717501717f,-0.5035626038373475f,-0.3257061120262487f,0.9725798434121125f,-0.00813488032545817f,0.2903663288604513f,-0.7740109851801029f,-0.25399451318296956f,0.6232623697883314f,0.5706996607253932f,0f,0f,0f,1f], start_interpolation: 0, interpolation_duration: 1 }
$data merge entity $(bone_leg_left_1) { transformation: [0.7069012112981126f,-0.6995889595861857f,0.10423993999604603f,-0.7132259369558015f,0.053372628028766425f,0.19971368979634008f,0.9783996140050516f,0.2916687015519499f,-0.7052957110620793f,-0.6860683127306267f,0.1785167505428734f,0.3888948856758961f,0f,0f,0f,1f], start_interpolation: 0, interpolation_duration: 1 }
$data merge entity $(bone_leg_left_0) { transformation: [0.6852007285981868f,0.6391667796599475f,0.3492360080341743f,-0.4110261371517896f,0.056589917069945435f,0.43131886410623727f,-0.900423022113563f,0.5408985950830804f,-0.7261525616663006f,0.6367337475312872f,0.2593696048889156f,0.5333490989523857f,0f,0f,0f,1f], start_interpolation: 0, interpolation_duration: 1 }
$data merge entity $(bone_leg_right_3) { transformation: [0.9723601525449354f,-0.11703967838240886f,-0.2020332829682587f,0.024945965464709313f,0.11770588660914794f,0.9930098957815794f,-0.008756205651498927f,0.031084075078605694f,0.2016458727580223f,-0.015266321233329494f,0.9793395128532578f,0.10624685745141033f,0f,0f,0f,1f], start_interpolation: 0, interpolation_duration: 1 }
$data merge entity $(bone_leg_right_2) { transformation: [0.9804084350597311f,-0.299320864442415f,0.03561628944554906f,-0.045245574925534576f,0.2855758987787992f,0.8835389943671802f,-0.43573782366235725f,0.22312644509841692f,0.09647748960822293f,0.4264130216618295f,0.9278611040758298f,0.23416850472361483f,0f,0f,0f,1f], start_interpolation: 0, interpolation_duration: 1 }
$data merge entity $(bone_leg_right_1) { transformation: [0.9326660718865505f,-0.28935829615730224f,0.21541999627856026f,-0.11670562258443185f,-0.02854917122105012f,0.5360810029067126f,0.8436836511069323f,0.32344850942771064f,-0.3596094314312448f,-0.7930251791509999f,0.4917236236527799f,-0.014512678032666038f,0f,0f,0f,1f], start_interpolation: 0, interpolation_duration: 1 }
$data merge entity $(bone_leg_right_0) { transformation: [0.9009302536309189f,0.32094810020499676f,0.29209073088225757f,-0.11922520701392089f,0.04649441639110706f,0.5978148306763462f,-0.8002847602371683f,0.6179120548714119f,-0.4314660442456375f,0.7345813400830536f,0.5236671724146994f,0.2814470331840485f,0f,0f,0f,1f], start_interpolation: 0, interpolation_duration: 1 }
$data merge entity $(bone_tail_4) { transformation: [2.364361216386308f,-1.105557124752229f,-0.9017764767157336f,-0.07932448127140712f,1.1204179966986478f,2.5194211013928123f,-0.15113622375333713f,-0.04146926088185082f,0.8832445203464585f,-0.23647851776898252f,2.6056896130413807f,1.9368015039707545f,0f,0f,0f,1f], start_interpolation: 0, interpolation_duration: 1 }
$data merge entity $(bone_tail_3) { transformation: [1.8218223670401141f,-0.9390649854349983f,-0.3675129142312785f,-0.007818384028367903f,0.8801760528471744f,1.8511308460837843f,-0.36681089503441294f,0.0026135431544635213f,0.49213707947193785f,0.16558100691669164f,2.0165142080336875f,1.5932548726670395f,0f,0f,0f,1f], start_interpolation: 0, interpolation_duration: 1 }
$data merge entity $(bone_tail_2) { transformation: [1.7434644949877183f,-0.8515848709376241f,-0.2321823363439774f,0.036430364201061285f,0.7096308744272297f,1.6580016708747203f,-0.7524814658442154f,0.1434174634219827f,0.524908993807158f,0.5870328286983304f,1.7884733381444549f,1.261309412859909f,0f,0f,0f,1f], start_interpolation: 0, interpolation_duration: 1 }
$data merge entity $(bone_tail_1) { transformation: [1.422927657094129f,-0.5120962462050875f,0.02627864721160703f,0.035675914996954834f,0.4861040436262873f,1.3224863262262652f,-0.5498991050317598f,0.24511917630947644f,0.1632053658639517f,0.5257790425332831f,1.4087500335354026f,0.95157909564673f,0f,0f,0f,1f], start_interpolation: 0, interpolation_duration: 1 }
$data merge entity $(bone_tail_0) { transformation: [1.2478412132784003f,-0.20906963148497174f,0.18170831631671527f,-0.02246870095758363f,0.27383279927565946f,1.0574698757868826f,-0.6637836819538123f,0.46461082776451784f,-0.04175668891056553f,0.6869374553611423f,1.0771299958395053f,0.6533937005016641f,0f,0f,0f,1f], start_interpolation: 0, interpolation_duration: 1 }
$data merge entity $(bone_body_1) { transformation: [0.9177468923697243f,0.07112749895713523f,0.8254005788064764f,-0.21915371532033417f,0.24221603186113203f,1.1549427016149374f,-0.3688405413618287f,0.47256750000000003f,-0.7922604562335612f,0.43549148089801076f,0.8433712910753465f,0.42798824737531904f,0f,0f,0f,1f], start_interpolation: 0, interpolation_duration: 1 }