# This file was generated by Animated Java via MC-Build. It is not recommended to edit this file directly.
$data merge entity $(bone_head_lower) { transformation: [-0.9144850554034405f,0.2526316547965351f,0.3160606436089916f,-1.0564384471041017f,0.2700342072078812f,0.9627790290908165f,0.011750237468045488f,0.5431816948109478f,-0.30132807765187886f,0.09609260188853619f,-0.9486662223779838f,0.475162422582008f,0f,0f,0f,1f], start_interpolation: 0, interpolation_duration: 1 }
$data merge entity $(bone_head_upper) { transformation: [-0.9518871131340015f,0.032533627023906386f,0.4199100255359382f,-1.0270559151951264f,0.2810784937684305f,0.8219338196681587f,0.573490731407307f,0.6012601964189396f,-0.313652270474475f,0.6378387741286095f,-0.7604313867981951f,0.436965420587278f,0f,0f,0f,1f], start_interpolation: 0, interpolation_duration: 1 }
$data merge entity $(bone_neck_0) { transformation: [-0.787468467250966f,0.46283634439351223f,0.4070330839057974f,-1.0079946437419172f,0.4183879621558174f,0.8863322999151756f,-0.19841009865976403f,0.573908600709707f,-0.4525979741542332f,0.014056046226627233f,-0.8916038926316768f,0.3792307308674688f,0f,0f,0f,1f], start_interpolation: 0, interpolation_duration: 1 }
$data merge entity $(bone_neck_1) { transformation: [-0.6468810067111974f,0.3984641710824837f,0.6502086338398286f,-0.951077763839209f,0.261636942512252f,0.9168442221130967f,-0.3015672109011041f,0.5525856866024876f,-0.7163037578214619f,-0.024959502025872937f,-0.6973420608205649f,0.32004172039552325f,0f,0f,0f,1f], start_interpolation: 0, interpolation_duration: 1 }
$data merge entity $(bone_neck_2) { transformation: [-0.2673897481208316f,0.2678652336302759f,0.9256084156986016f,-0.8673649565078823f,0.2615701836116672f,0.9446935626638565f,-0.1978259631768005f,0.5445037889454319f,-0.9274070097024479f,0.18921492878118218f,-0.3226669321159133f,0.29362620955227664f,0f,0f,0f,1f], start_interpolation: 0, interpolation_duration: 1 }
$data merge entity $(bone_body_0) { transformation: [-0.0893756285286692f,0.05795347529719776f,0.994310510718901f,-0.39819806217642945f,0.218081748749021f,0.9752198103742384f,-0.037238049307168425f,0.5362438236682259f,-0.9718293820870378f,0.21351280091510055f,-0.09979947874470335f,0.24862506578766072f,0f,0f,0f,1f], start_interpolation: 0, interpolation_duration: 1 }
$data merge entity $(bone_leg_left_3) { transformation: [0.3527729430919762f,-0.056333345571472876f,0.9340116727316364f,-0.598583007004023f,0.08164441412347286f,0.9962322370605082f,0.029249264671944754f,0.057717271047604934f,-0.9321402471005424f,0.06593848662306104f,0.356043081265737f,0.593616338880623f,0f,0f,0f,1f], start_interpolation: 0, interpolation_duration: 1 }
$data merge entity $(bone_leg_left_2) { transformation: [0.5785124378527241f,0.22080381873066127f,0.8176987418263213f,-0.5209459121131697f,-0.3197627041075835f,0.9738908045520137f,-0.036752052616569f,0.28309792760467195f,-0.7843069372459981f,-0.23418918408774242f,0.6181264059598278f,0.5569132979598816f,0f,0f,0f,1f], start_interpolation: 0, interpolation_duration: 1 }
$data merge entity $(bone_leg_left_1) { transformation: [0.7038881168559765f,-0.6994927837321021f,0.12349641474820672f,-0.7315444008076396f,0.055483961648051826f,0.22747614909078834f,0.972201692857332f,0.2922291588764784f,-0.708140557339279f,-0.6774691484499789f,0.19892838899884524f,0.3764187472531315f,0f,0f,0f,1f], start_interpolation: 0, interpolation_duration: 1 }
$data merge entity $(bone_leg_left_0) { transformation: [0.6821372712447774f,0.6506105277722282f,0.33375842211196877f,-0.4239476467623817f,0.059554441543219f,0.4054898103724793f,-0.912157487595517f,0.5326176872340871f,-0.7287949037083096f,0.6420934159731223f,0.23785296612143134f,0.5244216894513771f,0f,0f,0f,1f], start_interpolation: 0, interpolation_duration: 1 }
$data merge entity $(bone_leg_right_3) { transformation: [0.9731819876644471f,-0.10029529836059195f,-0.20702094582972946f,0.004463171144452022f,0.10140211091246089f,0.9948314808210323f,-0.005285515105295235f,0.01672818222014666f,0.20648106641523528f,-0.015848592814227347f,0.9783222328649366f,0.09338401349756953f,0f,0f,0f,1f], start_interpolation: 0, interpolation_duration: 1 }
$data merge entity $(bone_leg_right_2) { transformation: [0.9848233878500644f,-0.2853133662982231f,0.0279531260468588f,-0.06270691710157827f,0.2689530003824809f,0.8849027444215629f,-0.44347899161193793f,0.20887499203780985f,0.09924403170708407f,0.4331346389143402f,0.9244496775075217f,0.22276273967745913f,0f,0f,0f,1f], start_interpolation: 0, interpolation_duration: 1 }
$data merge entity $(bone_leg_right_1) { transformation: [0.9306946997615729f,-0.2837519131404329f,0.23085109405168422f,-0.1335015543615078f,-0.03626241391842905f,0.5564136503127328f,0.8301137796004039f,0.3152868823206809f,-0.3639950730058361f,-0.7809537127991669f,0.507561705896605f,-0.023566338186740254f,0f,0f,0f,1f], start_interpolation: 0, interpolation_duration: 1 }
$data merge entity $(bone_leg_right_0) { transformation: [0.8992568594900242f,0.329425968935675f,0.2877770519880457f,-0.13214671662451302f,0.039077932529077875f,0.5947617468849457f,-0.8029516670582486f,0.6096311470224185f,-0.435671913082989f,0.733305526662086f,0.5219702948611626f,0.27251962368303995f,0f,0f,0f,1f], start_interpolation: 0, interpolation_duration: 1 }
$data merge entity $(bone_tail_4) { transformation: [1.87739928674314f,-1.7614781242837452f,-0.9991136408868446f,-0.068362605147546f,1.8349529358793264f,2.0560441355806782f,-0.17689422616960082f,-0.0223025803030312f,0.8567268951329768f,-0.5436346767951049f,2.5682954847411326f,1.9323537561961608f,0f,0f,0f,1f], start_interpolation: 0, interpolation_duration: 1 }
$data merge entity $(bone_tail_3) { transformation: [1.4548378084555806f,-1.438896903992196f,-0.38596395792130667f,0.011163354986180402f,1.4133035165234575f,1.5036546149885675f,-0.2784627354790163f,0.010199968414153687f,0.47113230340854034f,-0.06740938027975081f,2.0271743521906807f,1.5892795522308063f,0f,0f,0f,1f], start_interpolation: 0, interpolation_duration: 1 }
$data merge entity $(bone_tail_2) { transformation: [1.4679558528288583f,-1.277013476680945f,-0.18197821167249964f,0.04577431063861434f,1.1553603302817996f,1.424274256734046f,-0.6748031000362906f,0.1368376264413585f,0.5736043901151797f,0.3993160364707406f,1.8249105681267415f,1.25055183076805f,0f,0f,0f,1f], start_interpolation: 0, interpolation_duration: 1 }
$data merge entity $(bone_tail_1) { transformation: [1.3016480986224888f,-0.762376851465473f,0.11022710057899406f,0.030130379812094155f,0.7528515447928757f,1.2132549076611017f,-0.49888208079588586f,0.22864144309385082f,0.16304302761983008f,0.4842006974239543f,1.423595063829148f,0.9381354360715509f,0f,0f,0f,1f], start_interpolation: 0, interpolation_duration: 1 }
$data merge entity $(bone_tail_0) { transformation: [1.2276651626574921f,-0.29238186111510467f,0.20294534306568338f,-0.036230661461604585f,0.35566297165391797f,1.035124352297182f,-0.660194776152971f,0.44654509557309185f,-0.013334750672012896f,0.6905549501352044f,1.0755425430229657f,0.6405012281282134f,0f,0f,0f,1f], start_interpolation: 0, interpolation_duration: 1 }
$data merge entity $(bone_body_1) { transformation: [0.9177468923697243f,0.09510395215953579f,0.8229826698573914f,-0.23396853013514898f,0.24221603186113203f,1.1437264797933904f,-0.40227568704200406f,0.463030462962963f,-0.7922604562335612f,0.45983646305975573f,0.8303483556830431f,0.4164836177456894f,0f,0f,0f,1f], start_interpolation: 0, interpolation_duration: 1 }