# This file was generated by Animated Java via MC-Build. It is not recommended to edit this file directly.
$data merge entity $(bone_head_lower) { transformation: [-0.9335612299126862f,0.18142627178486997f,0.30910829479351515f,-1.0552700491284477f,0.21746695931120846f,0.9722596093714673f,0.08613578578488257f,0.5258881110352094f,-0.28490621546721207f,0.14763387108344905f,-0.9471180963834794f,0.47974823828118435f,0f,0f,0f,1f], start_interpolation: 0, interpolation_duration: 1 }
$data merge entity $(bone_head_upper) { transformation: [-0.9717434952322693f,-0.016070903394142882f,0.3727307984610009f,-1.0302374947108706f,0.22636126733580386f,0.8012445791459702f,0.6246916388289769f,0.5870147110917678f,-0.29655876096889794f,0.664244528044304f,-0.7445159842738762f,0.4432466427454622f,0f,0f,0f,1f], start_interpolation: 0, interpolation_duration: 1 }
$data merge entity $(bone_neck_0) { transformation: [-0.8061093223292853f,0.4459443849084338f,0.38900047046560066f,-1.0120620343526907f,0.4176847040498911f,0.8944276568432725f,-0.15980818088135543f,0.5620280121832212f,-0.4191983402359497f,0.033656681988747564f,-0.9072706207636908f,0.3841699656832006f,0f,0f,0f,1f], start_interpolation: 0, interpolation_duration: 1 }
$data merge entity $(bone_neck_1) { transformation: [-0.6684720770613051f,0.38656351017331425f,0.6353847140054836f,-0.9564557598811252f,0.2642833098723223f,0.9220192800675723f,-0.282904187502776f,0.5423099419551364f,-0.6951973923370789f,-0.021191974569673477f,-0.7185064271818058f,0.32320541212619924f,0f,0f,0f,1f], start_interpolation: 0, interpolation_duration: 1 }
$data merge entity $(bone_neck_2) { transformation: [-0.2888759615807119f,0.2544660245567771f,0.9229288819660421f,-0.8731088864326089f,0.27931917369974957f,0.9444879543919656f,-0.17298353451172552f,0.5364024143338693f,-0.91571364411835f,0.20782094782468366f,-0.3439171057402378f,0.2951103912523574f,0f,0f,0f,1f], start_interpolation: 0, interpolation_duration: 1 }
$data merge entity $(bone_body_0) { transformation: [-0.10454211187607149f,0.05222773171237127f,0.9931481313906154f,-0.4045443619844797f,0.22772308358927174f,0.9733455276928419f,-0.027215453715427496f,0.5328482058889236f,-0.9680976934406385f,0.22331759393411793f,-0.11364905716455331f,0.24367539602388266f,0f,0f,0f,1f], start_interpolation: 0, interpolation_duration: 1 }
$data merge entity $(bone_leg_left_3) { transformation: [0.3515235169397651f,-0.050011731758386906f,0.9348422560650674f,-0.6072539329797941f,0.08616572292154351f,0.9960618585142595f,0.020886412007009317f,0.05310189226462869f,-0.9322052806285247f,0.07320929380649628f,0.3544484646160111f,0.5856009296969792f,0f,0f,0f,1f], start_interpolation: 0, interpolation_duration: 1 }
$data merge entity $(bone_leg_left_2) { transformation: [0.5750389752661663f,0.22641721741837675f,0.8186132298479243f,-0.52828548988357f,-0.31768916392395147f,0.9741633083701677f,-0.04627789160370289f,0.2782548948190663f,-0.7876966240570237f,-0.22760336505092127f,0.616273426465363f,0.5503705095789134f,0f,0f,0f,1f], start_interpolation: 0, interpolation_duration: 1 }
$data merge entity $(bone_leg_left_1) { transformation: [0.7028890521886739f,-0.6993348457141528f,0.12991440983689578f,-0.739161561148884f,0.05621375982220065f,0.23668719351131645f,0.9699583422159883f,0.289992923533482f,-0.709074744663748f,-0.6744701223906795f,0.20567707816463757f,0.37035138029157527f,0f,0f,0f,1f], start_interpolation: 0, interpolation_duration: 1 }
$data merge entity $(bone_leg_left_0) { transformation: [0.6811252120133899f,0.6543243135114636f,0.3285241822263103f,-0.42979823210334045f,0.0605678290640251f,0.3968083571817198f,-0.9159010130757665f,0.5273954098596454f,-0.7296574426689455f,0.6437412682269921f,0.2306451732408861f,0.5194877899723355f,0f,0f,0f,1f], start_interpolation: 0, interpolation_duration: 1 }
$data merge entity $(bone_leg_right_3) { transformation: [0.9734267292128671f,-0.09529136368689747f,-0.20823054257392337f,-0.005738128752561286f,0.09585653600043724f,0.9953676628707943f,-0.007398663198843303f,0.012671164334809831f,0.20797097720580127f,-0.012758201982430217f,0.978051788466357f,0.08426354022400151f,0f,0f,0f,1f], start_interpolation: 0, interpolation_duration: 1 }
$data merge entity $(bone_leg_right_2) { transformation: [0.9864805390581869f,-0.2797781029185656f,0.02534874133860544f,-0.07170101316290002f,0.2628614248971648f,0.8866354643594779f,-0.4436706257369082f,0.2052253966393206f,0.09910709793549177f,0.43320199210995775f,0.9244328080890808f,0.21365765743148674f,0f,0f,0f,1f], start_interpolation: 0, interpolation_duration: 1 }
$data merge entity $(bone_leg_right_1) { transformation: [0.9296176554974885f,-0.28213106671606236f,0.2370929686452326f,-0.1424078127318628f,-0.039788739931776645f,0.5627561768664191f,0.8256647876549739f,0.3135260820454297f,-0.36637121988768995f,-0.7769861945957266f,0.5119224381150503f,-0.031872169056146205f,0f,0f,0f,1f], start_interpolation: 0, interpolation_duration: 1 }
$data merge entity $(bone_leg_right_0) { transformation: [0.8986631029220224f,0.33586304481421625f,0.2821358583638137f,-0.13799730196547177f,0.036633270441001606f,0.5834924875435775f,-0.8112918836503941f,0.6044088696479768f,-0.4371071160978265f,0.7394136407372612f,0.5120594076357835f,0.2675857242039983f,0f,0f,0f,1f], start_interpolation: 0, interpolation_duration: 1 }
$data merge entity $(bone_tail_4) { transformation: [1.6683811175630405f,-1.9349224799928593f,-1.0479698347649986f,-0.07517743587403174f,2.034573020196821f,1.8574013136174974f,-0.19035313829611414f,-0.0171938056886488f,0.8382591506487009f,-0.6571123862706256f,2.54778064985262f,1.9278747467059165f,0f,0f,0f,1f], start_interpolation: 0, interpolation_duration: 1 }
$data merge entity $(bone_tail_3) { transformation: [1.2990090041460278f,-1.5740938288979434f,-0.41321876895586473f,0.010292941081822132f,1.5618594254826748f,1.3543802546637445f,-0.24938882663893303f,0.011839649295882632f,0.45729232250598395f,-0.15436408146595273f,2.025586578790129f,1.5859206904506191f,0f,0f,0f,1f], start_interpolation: 0, interpolation_duration: 1 }
$data merge entity $(bone_tail_2) { transformation: [1.3488628153508369f,-1.4022236812958213f,-0.18196628253548683f,0.044783822252952084f,1.285882774264323f,1.3210581278778477f,-0.6481394823808688f,0.13359255263022266f,0.5880888293590327f,0.3276401156510723f,1.8345509964026756f,1.2453944893811002f,0f,0f,0f,1f], start_interpolation: 0, interpolation_duration: 1 }
$data merge entity $(bone_tail_1) { transformation: [1.2499125962731743f,-0.8417819991498204f,0.12952921517937127f,0.026006364264151455f,0.835630340893114f,1.1676204236838033f,-0.4754374086831137f,0.22083008730461653f,0.16461070759981078f,0.46445867642212035f,1.42997821761022f,0.9318443393026147f,0f,0f,0f,1f], start_interpolation: 0, interpolation_duration: 1 }
$data merge entity $(bone_tail_0) { transformation: [1.2197184876734126f,-0.32096996410086176f,0.2076073446600619f,-0.04240690408070516f,0.38225742650688604f,1.0265759647986068f,-0.6586780434796423f,0.43808422742660735f,-0.0013368964218952188f,0.6906198572492168f,1.075582698849817f,0.634199963217646f,0f,0f,0f,1f], start_interpolation: 0, interpolation_duration: 1 }
$data merge entity $(bone_body_1) { transformation: [0.9177468923697243f,0.10307922157847672f,0.8220218431895461f,-0.24045858500483347f,0.24221603186113203f,1.13977220092256f,-0.41334648779182925f,0.4574097496570645f,-0.7922604562335612f,0.46786600553915975f,0.8258506919568879f,0.41068714998162903f,0f,0f,0f,1f], start_interpolation: 0, interpolation_duration: 1 }