# This file was generated by Animated Java via MC-Build. It is not recommended to edit this file directly.
$data merge entity $(bone_head_lower) { transformation: [-0.9443417143416093f,0.10046574703326439f,0.31324967713853796f,-1.0549374780057499f,0.16647266728560078f,0.967243311043919f,0.19164349268267306f,0.5101380848581434f,-0.28373504824248974f,0.2331244537019746f,-0.9301330074161371f,0.4778877536789097f,0f,0f,0f,1f], start_interpolation: 0, interpolation_duration: 1 }
$data merge entity $(bone_head_upper) { transformation: [-0.9829648969824669f,-0.0699525159222125f,0.33519934277964764f,-1.0337056240760014f,0.1732813300139705f,0.7772293513776691f,0.6703432393998943f,0.5738560528656815f,-0.2953396934926708f,0.6888346125571123f,-0.7223249162076961f,0.44346849419394946f,0f,0f,0f,1f], start_interpolation: 0, interpolation_duration: 1 }
$data merge entity $(bone_neck_0) { transformation: [-0.8181906376577053f,0.42937766836429525f,0.38235964530703115f,-1.0156867592770014f,0.41499016155486934f,0.9013176053939846f,-0.12413597391375569f,0.5510650196354601f,-0.3979286949466464f,0.057108599325271306f,-0.9156371342519725f,0.3834632813374719f,0f,0f,0f,1f], start_interpolation: 0, interpolation_duration: 1 }
$data merge entity $(bone_neck_1) { transformation: [-0.6810996841214996f,0.37492128125930096f,0.628917524917598f,-0.9606819748963648f,0.26626764877823833f,0.9269721701028372f,-0.2642425686163097f,0.532950650806088f,-0.682059205277447f,-0.01251513938078437f,-0.7311898602843021f,0.3214642476217404f,0f,0f,0f,1f], start_interpolation: 0, interpolation_duration: 1 }
$data merge entity $(bone_neck_2) { transformation: [-0.301215748740752f,0.2401798207325716f,0.9228124004495268f,-0.877485176966623f,0.2964348549500035f,0.9433937512163033f,-0.14877703766644154f,0.5291530809242274f,-0.90630869436485f,0.22873977327719175f,-0.3553627254507431f,0.2925713129945564f,0f,0f,0f,1f], start_interpolation: 0, interpolation_duration: 1 }
$data merge entity $(bone_body_0) { transformation: [-0.11196925794393897f,0.047011825307237326f,0.9925989993732441f,-0.40922914440742764f,0.23741292025488095f,0.9712187044706528f,-0.019218048350339106f,0.5293477589878575f,-0.9649341897619409f,0.2335039964703563f,-0.11990785237355611f,0.23828360927172157f,0f,0f,0f,1f], start_interpolation: 0, interpolation_duration: 1 }
$data merge entity $(bone_leg_left_3) { transformation: [0.35030211798383915f,-0.043677662372938214f,0.9356178108317904f,-0.6142766345274681f,0.09069505023999408f,0.9957998796061637f,0.012530268884371969f,0.04841825040926975f,-0.9322353962374531f,0.08046652462971994f,0.35279215469736996f,0.5771391843485774f,0f,0f,0f,1f], start_interpolation: 0, interpolation_duration: 1 }
$data merge entity $(bone_leg_left_2) { transformation: [0.5715721204557539f,0.23204455552995434f,0.8194649686638917f,-0.5339755229467658f,-0.3155697429353703f,0.974353521429358f,-0.05579562816751465f,0.2733247386843013f,-0.7910646294469951f,-0.22102655729076828f,0.6143502360305342f,0.5433771483212242f,0f,0f,0f,1f], start_interpolation: 0, interpolation_duration: 1 }
$data merge entity $(bone_leg_left_1) { transformation: [0.7018927943542302f,-0.6991139878134189f,0.1363309842890778f,-0.7451120639716151f,0.05695645480803353f,0.24587523854815702f,0.9676266476924801f,0.28766774520766436f,-0.7100017376664023f,-0.6714052420948956f,0.21239711249963783f,0.3638527074567601f,0f,0f,0f,1f], start_interpolation: 0, interpolation_duration: 1 }
$data merge entity $(bone_leg_left_0) { transformation: [0.6801178583361898f,0.6579871148751067f,0.32325323730865774f,-0.43399864288837076f,0.06159366512453971f,0.38809237724287f,-0.9195599638645126f,0.5220651957322175f,-0.7305107248964389f,0.6453195048844492f,0.22342071843714215f,0.5140976839914935f,0f,0f,0f,1f], start_interpolation: 0, interpolation_duration: 1 }
$data merge entity $(bone_leg_right_3) { transformation: [0.973903151307695f,-0.09011476980757482f,-0.20830741737986286f,-0.014763854072625912f,0.0896224957079749f,0.9959056669865676f,-0.011819929234717697f,0.009419635902653656f,0.20851968764607015f,-0.007157564290140361f,0.9779919780537147f,0.07367343597498696f,0f,0f,0f,1f], start_interpolation: 0, interpolation_duration: 1 }
$data merge entity $(bone_leg_right_2) { transformation: [0.9882393375657028f,-0.2736835699310751f,0.023291945779118896f,-0.07937240444970159f,0.256345936490715f,0.8877402108877077f,-0.44527101670605157f,0.2021920317567974f,0.09865075789416664f,0.4348296459804977f,0.9237171679924953f,0.20342554840804838f,0f,0f,0f,1f], start_interpolation: 0, interpolation_duration: 1 }
$data merge entity $(bone_leg_right_1) { transformation: [0.9284277440329326f,-0.2804589084291649f,0.24364877342732605f,-0.14999632399894638f,-0.043484385982192286f,0.5692848117186722f,0.8209895927002897f,0.31244069693996707f,-0.3689593911064887f,-0.7728244327330478f,0.5163442300299017f,-0.04125971774542636f,0f,0f,0f,1f], start_interpolation: 0, interpolation_duration: 1 }
$data merge entity $(bone_leg_right_0) { transformation: [0.8980514587255007f,0.3429348801987212f,0.2754981768071956f,-0.1421977127505021f,0.03420274210454044f,0.569956390595308f,-0.8209627794559866f,0.599078655520549f,-0.43855871888896514f,0.7466896147413981f,0.5001208547179494f,0.26219561822315623f,0f,0f,0f,1f], start_interpolation: 0, interpolation_duration: 1 }
$data merge entity $(bone_tail_4) { transformation: [1.4726502747477608f,-2.0384533346770035f,-1.140907753602171f,-0.11922549460370514f,2.196439212148288f,1.6674902291343379f,-0.14419588995154162f,0.0015450645749138098f,0.7953724204564488f,-0.8305694851640771f,2.5106171302473683f,1.9252249871627978f,0f,0f,0f,1f], start_interpolation: 0, interpolation_duration: 1 }
$data merge entity $(bone_tail_3) { transformation: [1.1568123665939374f,-1.6631451028345885f,-0.48133049088656876f,-0.021334449991249543f,1.6782963289031603f,1.2193962364449056f,-0.17983263602199012f,0.020105284608499877f,0.4255021820507528f,-0.2880394269987551f,2.0179015604356723f,1.5858821442269952f,0f,0f,0f,1f], start_interpolation: 0, interpolation_duration: 1 }
$data merge entity $(bone_tail_2) { transformation: [1.2369432041500181f,-1.4958516644624098f,-0.2262149036533666f,0.021277115754969895f,1.391659897203587f,1.2396527253149385f,-0.5876374104303803f,0.1306698306257102f,0.5933195725957165f,0.21086202490505832f,1.8499413412945154f,1.2424709918195576f,0f,0f,0f,1f], start_interpolation: 0, interpolation_duration: 1 }
$data merge entity $(bone_tail_1) { transformation: [1.230974731130021f,-0.8746930350229191f,0.08526169011793831f,0.012445931384279026f,0.857149118826892f,1.1625321683172718f,-0.4488547601639366f,0.2122287161516614f,0.19404342146451325f,0.41362700843868677f,1.441844685975715f,0.9269605555845515f,0f,0f,0f,1f], start_interpolation: 0, interpolation_duration: 1 }
$data merge entity $(bone_tail_0) { transformation: [1.221142082730201f,-0.3343498674271971f,0.1756641583271607f,-0.04695567638684944f,0.37642062233806917f,1.0287476533434736f,-0.6586512714653668f,0.42952743958195266f,0.030907045280885077f,0.6809729425430494f,1.081275322320959f,0.6274198653761057f,0f,0f,0f,1f], start_interpolation: 0, interpolation_duration: 1 }
$data merge entity $(bone_body_1) { transformation: [0.9177468923697243f,0.11104479979973213f,0.8209837325059499f,-0.24530254933953854f,0.24221603186113203f,1.1357107641051876f,-0.42437842695088546f,0.4516912997256516f,-0.7922604562335612f,0.4758515606670827f,0.8212753842381624f,0.4044328632875275f,0f,0f,0f,1f], start_interpolation: 0, interpolation_duration: 1 }