# This file was generated by Animated Java via MC-Build. It is not recommended to edit this file directly.
$data merge entity $(bone_head_lower) { transformation: [-0.9371716696298119f,-0.06876716593955312f,0.342023885908444f,-1.054727312755975f,0.08130588018847608f,0.9103314766493853f,0.40581517525608435f,0.4910591357493904f,-0.339261868606019f,0.4081270384451281f,-0.8475456949332947f,0.4518858009624171f,0f,0f,0f,1f], start_interpolation: 0, interpolation_duration: 1 }
$data merge entity $(bone_head_upper) { transformation: [-0.9755016004294756f,-0.1954923608721879f,0.306025010389113f,-1.038323307654123f,0.08463125681073468f,0.730647555522008f,0.736521311683414f,0.5582657442815007f,-0.3531375376728933f,0.7151285402176586f,-0.6688475110486649f,0.4217256139930537f,0f,0f,0f,1f], start_interpolation: 0, interpolation_duration: 1 }
$data merge entity $(bone_neck_0) { transformation: [-0.816669135959714f,0.3990301775921123f,0.41692498095175484f,-1.017577278400789f,0.4074371227121289f,0.9102993653180571f,-0.07314408067372188f,0.5386285922492882f,-0.4087132410466727f,0.11013620146141585f,-0.9059931035724141f,0.3614867495899088f,0f,0f,0f,1f], start_interpolation: 0, interpolation_duration: 1 }
$data merge entity $(bone_neck_1) { transformation: [-0.6704105472772474f,0.35744954566081727f,0.6502149801460257f,-0.9608488101351401f,0.27043232796560784f,0.9337464777431962f,-0.23448639895157392f,0.5230661699287569f,-0.6909530042560953f,0.018636995708805337f,-0.7226593999253221f,0.30035387182121603f,0f,0f,0f,1f], start_interpolation: 0, interpolation_duration: 1 }
$data merge entity $(bone_neck_2) { transformation: [-0.2882737198397223f,0.21050935329670292f,0.9341220876439936f,-0.8769516912047484f,0.3260395878514999f,0.9388226344560591f,-0.1109515578376834f,0.5225376416809634f,-0.9003312999132006f,0.27257636215854913f,-0.3392722758921189f,0.2732997688567558f,0f,0f,0f,1f], start_interpolation: 0, interpolation_duration: 1 }
$data merge entity $(bone_body_0) { transformation: [-0.09529519289943533f,0.04034850034329983f,0.9946309992807916f,-0.40780146120856337f,0.25393460105019683f,0.9671065773435348f,-0.014902565160096054f,0.5247270176380483f,-0.9625154775897045f,0.2511510831728986f,-0.10240648817991449f,0.22742850300796857f,0f,0f,0f,1f], start_interpolation: 0, interpolation_duration: 1 }
$data merge entity $(bone_leg_left_3) { transformation: [0.347943858344005f,-0.030974540040439598f,0.9370035481843011f,-0.6175637880035375f,0.09977605638938963f,0.995001227835973f,-0.004158746961132095f,0.04154125881242113f,-0.9321908656557776f,0.09493752932422761f,0.34929508372398116f,0.5601326582457682f,0f,0f,0f,1f], start_interpolation: 0, interpolation_duration: 1 }
$data merge entity $(bone_leg_left_2) { transformation: [0.5646595372844316f,0.2433389325024301f,0.8209798842742758f,-0.5345938799028003f,-0.31119405988449167f,0.9744870114762249f,-0.07480321555546242f,0.2658982321754357f,-0.7977343314331111f,-0.20790244802168006f,0.6102939521740762f,0.5292941284630699f,0f,0f,0f,1f], start_interpolation: 0, interpolation_duration: 1 }
$data merge entity $(bone_leg_left_1) { transformation: [0.6999090735718563f,-0.6984836013347577f,0.14915745840625197f,-0.7461999256696654f,0.0584802547050219f,0.26417887738513335f,0.9626991121597473f,0.28544475596116603f,-0.7118337927784979f,-0.6650790775614261f,0.22574869224121916f,0.3508166776112302f,0f,0f,0f,1f], start_interpolation: 0, interpolation_duration: 1 }
$data merge entity $(bone_leg_left_0) { transformation: [0.678117646026469f,0.6651583918392177f,0.31260321801508395f,-0.4316364259871377f,0.06368229591933142f,0.37056011809059775f,-0.9266227733372003f,0.5137762854288093f,-0.7321891991377387f,0.6482665444449124f,0.2089245414485549f,0.5032036714227107f,0f,0f,0f,1f], start_interpolation: 0, interpolation_duration: 1 }
$data merge entity $(bone_leg_right_3) { transformation: [0.976067841462492f,-0.07795146814915575f,-0.2030151163734929f,-0.022484314330229578f,0.07351914353138518f,0.9968634545872697f,-0.02929485351979988f,0.00625223359709326f,0.20466192708259928f,0.013668266961327169f,0.9787372855271789f,0.050226269858092254f,0f,0f,0f,1f], start_interpolation: 0, interpolation_duration: 1 }
$data merge entity $(bone_leg_right_2) { transformation: [0.9920704405056642f,-0.25957648541519707f,0.021874386736223016f,-0.08385427620298089f,0.24165293073985497f,0.8848938090177871f,-0.4589433596071802f,0.19796139508233224f,0.09727436270894127f,0.44904921164854583f,0.9170358244791109f,0.18308859427091909f,0f,0f,0f,1f], start_interpolation: 0, interpolation_duration: 1 }
$data merge entity $(bone_leg_right_1) { transformation: [0.9259819432747413f,-0.27648018630109916f,0.25713060360844514f,-0.15416103665176498f,-0.050687281559743676f,0.5838256014610069f,0.8102952959056204f,0.31258407366995444f,-0.3741500236766226f,-0.7633520640317959f,0.5265979359256734f,-0.059670518119041616f,0f,0f,0f,1f], start_interpolation: 0, interpolation_duration: 1 }
$data merge entity $(bone_leg_right_0) { transformation: [0.8967747391430063f,0.3564258344647278f,0.26221306558048385f,-0.13983549584926905f,0.029384999379956686f,0.5433099392692291f,-0.8390177779419854f,0.5907897452171407f,-0.44151057636984503f,0.7601150797197677f,0.476753056137219f,0.25130160565437354f,0f,0f,0f,1f], start_interpolation: 0, interpolation_duration: 1 }
$data merge entity $(bone_tail_4) { transformation: [0.7948561449154303f,-2.2319975330898965f,-1.4184682064716136f,-0.2333492440213201f,2.577875637550138f,0.9845168246156891f,-0.10461907557473075f,0.03530660857869982f,0.5902730197253226f,-1.2940536951491837f,2.3669947460556586f,1.9126323497061104f,0f,0f,0f,1f], start_interpolation: 0, interpolation_duration: 1 }
$data merge entity $(bone_tail_3) { transformation: [0.7882804253175297f,-1.8251800410631578f,-0.6190939466755818f,-0.11051296915701028f,1.8994035450954938f,0.849122852918849f,-0.08486506686540521f,0.041387254073058544f,0.3268419648459013f,-0.5325915173940422f,1.9863197455747212f,1.5810377496858488f,0f,0f,0f,1f], start_interpolation: 0, interpolation_duration: 1 }
$data merge entity $(bone_tail_2) { transformation: [1.1300011918080481f,-1.5547862616805368f,-0.3528609669609675f,-0.04445127824774993f,1.4930584814001389f,1.1836677240426077f,-0.4341439452320875f,0.12347935704343826f,0.5591489538882094f,-0.01855463694152229f,1.872373372972513f,1.233376673933543f,0f,0f,0f,1f], start_interpolation: 0, interpolation_duration: 1 }
$data merge entity $(bone_tail_1) { transformation: [1.2668221091312453f,-0.8226528501328623f,-0.07784781297212347f,-0.01885350244764955f,0.7754257040593125f,1.2327362077745845f,-0.40832911912531583f,0.19553748116003716f,0.2855397893470959f,0.30209266824902453f,1.4542569575181001f,0.9164712343751272f,0f,0f,0f,1f], start_interpolation: 0, interpolation_duration: 1 }
$data merge entity $(bone_tail_0) { transformation: [1.2368481593863616f,-0.3160202305758552f,0.06460310420854533f,-0.04535816211765556f,0.30283671727242545f,1.0495658171229152f,-0.6637297904891691f,0.41482264526114937f,0.11105075361409296f,0.6575549604237798f,1.0904700457728542f,0.61367851464477f,0f,0f,0f,1f], start_interpolation: 0, interpolation_duration: 1 }
$data merge entity $(bone_body_1) { transformation: [0.9177468923697243f,0.12694388803212314f,0.8186760567484865f,-0.24423944920236434f,0.24221603186113203f,1.1272679540457713f,-0.44632157548919604f,0.4426566632373114f,-0.7922604562335612f,0.49168770996334527f,0.8118935647089713f,0.39180597714212284f,0f,0f,0f,1f], start_interpolation: 0, interpolation_duration: 1 }