# This file was generated by Animated Java via MC-Build. It is not recommended to edit this file directly.
$data merge entity $(bone_head_lower) { transformation: [-0.9645241907047242f,-0.10539331639936428f,0.24204407533286265f,-0.8201783190528191f,-0.002304864249902937f,0.9201797215094292f,0.3914894222372022f,0.5786644885765202f,-0.2639844183776506f,0.3770431394166621f,-0.8877785184789282f,0.7322865777332137f,0f,0f,0f,1f], start_interpolation: 0, interpolation_duration: 1 }
$data merge entity $(bone_head_upper) { transformation: [-1.003972828219468f,-0.18908126956244514f,0.19939602874973159f,-0.8109899139512408f,-0.0023991322373638634f,0.7613063810524348f,0.7098441948180313f,0.6446934660547976f,-0.27478127109578887f,0.6842023167550705f,-0.7347342277214827f,0.6969142179496302f,0f,0f,0f,1f], start_interpolation: 0, interpolation_duration: 1 }
$data merge entity $(bone_neck_0) { transformation: [-0.8754496640455197f,0.3910668550985185f,0.28399753619695567f,-0.7986909694012728f,0.35525146515452954f,0.9190902525343437f,-0.1704978128948168f,0.6186354090670856f,-0.3276954107523429f,-0.04837171218501818f,-0.9435443260558259f,0.6367939228465715f,0f,0f,0f,1f], start_interpolation: 0, interpolation_duration: 1 }
$data merge entity $(bone_neck_1) { transformation: [-0.7994803341260204f,0.3542211136805292f,0.48513771031396086f,-0.7559615855121455f,0.245070893668881f,0.9296995940713702f,-0.27495258111148063f,0.5996263265117536f,-0.5484263418382479f,-0.10092604919670112f,-0.830085826991078f,0.566009804731055f,0f,0f,0f,1f], start_interpolation: 0, interpolation_duration: 1 }
$data merge entity $(bone_neck_2) { transformation: [-0.527710326418669f,0.2862951283641096f,0.7997230213430648f,-0.6830968426786931f,0.3069167731747866f,0.9421477318837287f,-0.134758100499829f,0.597044721359689f,-0.7920378183742731f,0.17433516794187992f,-0.5850498641001449f,0.5164618990155325f,0f,0f,0f,1f], start_interpolation: 0, interpolation_duration: 1 }
$data merge entity $(bone_body_0) { transformation: [-0.415341741951832f,0.18177453583601236f,0.8913188293276543f,-0.2612899911901718f,0.21729831626463328f,0.9712909722694825f,-0.09682607570462981f,0.560663715602463f,-0.8833304473077859f,0.15346616991834242f,-0.4429169849414461f,0.3091787420525071f,0f,0f,0f,1f], start_interpolation: 0, interpolation_duration: 1 }
$data merge entity $(bone_leg_left_3) { transformation: [-0.22024275512165653f,0.18307527677281143f,0.9581109392189301f,-0.32237192235192f,0.11550382326650908f,0.9802137914499627f,-0.1607475967537568f,0.10379087337985413f,-0.9685824671277306f,0.07526198300502002f,-0.23703088045001874f,0.7036006949033771f,0f,0f,0f,1f], start_interpolation: 0, interpolation_duration: 1 }
$data merge entity $(bone_leg_left_2) { transformation: [0.024002876622212697f,0.25692594601158336f,0.9927109950436763f,-0.23176640360359196f,-0.31095786303573125f,0.9480483779810048f,-0.23784801854237023f,0.3169465913813669f,-0.9771342122916404f,-0.2953904717053907f,0.10007696985598868f,0.636322526664181f,0f,0f,0f,1f], start_interpolation: 0, interpolation_duration: 1 }
$data merge entity $(bone_leg_left_1) { transformation: [0.21444192194214476f,-0.9172537135016943f,0.3356490535978175f,-0.5030278854040117f,0.024197595623911917f,0.3485268782357474f,0.9369863881152521f,0.36145429816604957f,-0.9764369608324854f,-0.19280726183055433f,0.09693410806121516f,0.5982481496111695f,0f,0f,0f,1f], start_interpolation: 0, interpolation_duration: 1 }
$data merge entity $(bone_leg_left_0) { transformation: [0.1857829448711932f,0.9406966668801069f,0.2838564396233499f,-0.1351854616040579f,0.03215134933800067f,0.2829111989813508f,-0.9586070854248264f,0.5543094557868289f,-0.9820646557792073f,0.1872192148567872f,0.022315408525840283f,0.5557497026219831f,0f,0f,0f,1f], start_interpolation: 0, interpolation_duration: 1 }
$data merge entity $(bone_leg_right_3) { transformation: [0.9135226384739014f,-0.0765444699985493f,0.3995213800390701f,0.0005670858550846057f,0.06924625598084518f,0.9970637395774434f,0.03269335180857813f,0.01666998267560707f,-0.4008507765095599f,-0.002200757252721841f,0.9161407160688784f,-0.008625871854234274f,0f,0f,0f,1f], start_interpolation: 0, interpolation_duration: 1 }
$data merge entity $(bone_leg_right_2) { transformation: [0.8800749356941188f,0.01635356804601279f,0.5265575636868695f,0.019286736916728164f,0.24686877569686053f,0.8928707695719829f,-0.4403405454083948f,0.21080538061861587f,-0.4653881333356281f,0.504555793898746f,0.7621676558961815f,0.13326173858323678f,0f,0f,0f,1f], start_interpolation: 0, interpolation_duration: 1 }
$data merge entity $(bone_leg_right_1) { transformation: [0.5919239590297294f,-0.6651373288896395f,0.4552124344129088f,-0.17376451467913923f,-0.07934115815045076f,0.5139556248812025f,0.8541396819468807f,0.3035505683261157f,-0.8020791777311741f,-0.5417028238531978f,0.25144988224207865f,-0.04321185738549557f,0f,0f,0f,1f], start_interpolation: 0, interpolation_duration: 1 }
$data merge entity $(bone_leg_right_0) { transformation: [0.5254801240001701f,0.6585088472223375f,0.5387362410407099f,-0.02016956668753244f,-0.00850934415114761f,0.6372430731349771f,-0.7706158944659833f,0.6174752887071708f,-0.850763322165973f,0.400359043698776f,0.34046204749680764f,0.18518941329745198f,0f,0f,0f,1f], start_interpolation: 0, interpolation_duration: 1 }
$data merge entity $(bone_tail_4) { transformation: [-0.12420943796301372f,-2.324611768076319f,-1.4854001059788573f,0.5303624355910357f,2.7213585752771827f,0.14045638276065434f,-0.4473710327090239f,0.21765909863031108f,0.45215135948734914f,-1.4839519749179493f,2.284536499128622f,1.6511109430557411f,0f,0f,0f,1f], start_interpolation: 0, interpolation_duration: 1 }
$data merge entity $(bone_tail_3) { transformation: [0.2182251653046853f,-2.0024855436299833f,-0.5276125006338624f,0.6394219113624573f,2.0534584436829357f,0.27782155395966907f,-0.20510760655601218f,0.24971906711639769f,0.26764103448358556f,-0.49881094389839686f,2.0038716138895203f,1.3162096253517053f,0f,0f,0f,1f], start_interpolation: 0, interpolation_duration: 1 }
$data merge entity $(bone_tail_2) { transformation: [0.9942693665051813f,-1.6803919451859013f,-0.08053081637798996f,0.6547277676294779f,1.6812792982152545f,0.9958055269324241f,-0.021098552709501624f,0.25512141035265123f,0.05917958452864899f,-0.05855030391003673f,1.9523943028214958f,0.953293616582966f,0f,0f,0f,1f], start_interpolation: 0, interpolation_duration: 1 }
$data merge entity $(bone_tail_1) { transformation: [1.1777486856900223f,-0.6328766508935555f,0.7071290038664673f,0.5091725707116795f,0.801041465563612f,1.2672838722928697f,-0.19995101268583518f,0.2818921087554144f,-0.5088190776721386f,0.5302027742101573f,1.3219850280607295f,0.6628221182288634f,0f,0f,0f,1f], start_interpolation: 0, interpolation_duration: 1 }
$data merge entity $(bone_tail_0) { transformation: [0.9117394786402563f,0.03317925738769822f,0.895246321719348f,0.24836146262929984f,0.4104248764017883f,1.1199346333452758f,-0.45949271424951577f,0.4431925771544927f,-0.7963154277692966f,0.6152083147170648f,0.7881853751393884f,0.44734210501218363f,0f,0f,0f,1f], start_interpolation: 0, interpolation_duration: 1 }
$data merge entity $(bone_body_1) { transformation: [0.3617379837785015f,0.39460169600748857f,1.114468360993765f,-0.037316044601514976f,0.19866368088408604f,1.1286083034087506f,-0.4640911919339323f,0.47506750000000003f,-1.1654539750868331f,0.314860912215355f,0.26680373492412723f,0.3641058571209438f,0f,0f,0f,1f], start_interpolation: 0, interpolation_duration: 1 }