# This file was generated by Animated Java via MC-Build. It is not recommended to edit this file directly.
$data merge entity $(bone_head_lower) { transformation: [-0.9789104992476207f,-0.08029006891013526f,0.18785031087858234f,-0.6456119996354397f,-0.019632681853927962f,0.9522471063544874f,0.3046965806219816f,0.6284761541387245f,-0.20334402441674262f,0.2945826764660661f,-0.9337409996675161f,0.8730506133291324f,0f,0f,0f,1f], start_interpolation: 0, interpolation_duration: 1 }
$data merge entity $(bone_head_upper) { transformation: [-1.0189475307874738f,-0.15102232932918644f,0.14970012735333385f,-0.6389995441843117f,-0.02043565036146951f,0.7989380976532588f,0.6668974755507795f,0.6923839091327996f,-0.21166071028871059f,0.6498939257645708f,-0.785053865386255f,0.8334585588696707f,0f,0f,0f,1f], start_interpolation: 0, interpolation_duration: 1 }
$data merge entity $(bone_neck_0) { transformation: [-0.9096681988893083f,0.35803659531086607f,0.2105078724126141f,-0.6309053791755967f,0.30810560216974314f,0.9215998767101001f,-0.2360605963720933f,0.6620609377362869f,-0.2785223614740876f,-0.14987816273937812f,-0.9486631807405441f,0.7746390200003896f,0f,0f,0f,1f], start_interpolation: 0, interpolation_duration: 1 }
$data merge entity $(bone_neck_1) { transformation: [-0.8602806412784547f,0.3253652865516311f,0.39249795992935566f,-0.5961567332293737f,0.21518267000042732f,0.9296687114842574f,-0.2990192392116062f,0.6410129510927683f,-0.46218355311825887f,-0.1727817038762367f,-0.8697889663778255f,0.7001604948559593f,0f,0f,0f,1f], start_interpolation: 0, interpolation_duration: 1 }
$data merge entity $(bone_neck_2) { transformation: [-0.6456579500211306f,0.3020127527566458f,0.701365887926455f,-0.5317549275953987f,0.2769839891362147f,0.948540298488845f,-0.15346391075716198f,0.6368551638910027f,-0.7116218668202243f,0.09518192746023786f,-0.6960852816632839f,0.6401100941011836f,0f,0f,0f,1f], start_interpolation: 0, interpolation_duration: 1 }
$data merge entity $(bone_body_0) { transformation: [-0.5729296370449399f,0.22180046988316543f,0.7890222953473246f,-0.15777875190558763f,0.19048976713709748f,0.9723598324483194f,-0.13501853523546586f,0.5824843774078956f,-0.797160761460076f,0.07294455291989513f,-0.5993444857406371f,0.35833617356069597f,0f,0f,0f,1f], start_interpolation: 0, interpolation_duration: 1 }
$data merge entity $(bone_leg_left_3) { transformation: [-0.48629702189781115f,0.26113556081697775f,0.8338605551110582f,-0.1320452831917058f,0.12309623429711804f,0.9652559370341988f,-0.2304957551064648f,0.14214827261551982f,-0.8650794897552414f,-0.009444305005285366f,-0.5015458917265482f,0.7625520676925406f,0f,0f,0f,1f], start_interpolation: 0, interpolation_duration: 1 }
$data merge entity $(bone_leg_left_2) { transformation: [-0.25632637662569147f,0.23528458499169408f,0.9648834915221239f,-0.047779225493387534f,-0.3122705443002897f,0.9268689949832986f,-0.30897115205427295f,0.3481670473306651f,-0.9427863465860329f,-0.3709679631782645f,-0.15999648273329317f,0.6696727478690755f,0f,0f,0f,1f], start_interpolation: 0, interpolation_duration: 1 }
$data merge entity $(bone_leg_left_1) { transformation: [-0.06295782105427485f,-0.9222869271585806f,0.38134385632979684f,-0.3173069658812373f,0.006387926650615451f,0.38172165519247026f,0.9242552528118121f,0.40272264004109287f,-0.9979957450616733f,0.06062509339789722f,-0.018140862418638635f,0.70698052353581f,0f,0f,0f,1f], start_interpolation: 0, interpolation_duration: 1 }
$data merge entity $(bone_leg_left_0) { transformation: [-0.0917466252862176f,0.9654600762557535f,0.24386348210592207f,0.031244129722268754f,0.015445039180515405f,0.24624660085694466f,-0.9690841358370865f,0.5800924455689089f,-0.9956625972252362f,-0.08514371804564033f,-0.0375038633218204f,0.5608320907523094f,0f,0f,0f,1f], start_interpolation: 0, interpolation_duration: 1 }
$data merge entity $(bone_leg_right_3) { transformation: [0.7448681723764857f,-0.09792688868925864f,0.6599861591368075f,0.025160033262257346f,0.06384776983822749f,0.9950927878848913f,0.07558972010901127f,0.02917546004712493f,-0.6641497331680556f,-0.014165732283066723f,0.7474653597068465f,-0.006186400138227091f,0f,0f,0f,1f], start_interpolation: 0, interpolation_duration: 1 }
$data merge entity $(bone_leg_right_2) { transformation: [0.7098358905877771f,0.15260434429614236f,0.7245047425904791f,0.08202110205831625f,0.2490301232195587f,0.8959939193924765f,-0.43271363930624285f,0.22427121217154944f,-0.6972655202026011f,0.4753619778803795f,0.583021426555615f,0.12371948280935362f,0f,0f,0f,1f], start_interpolation: 0, interpolation_duration: 1 }
$data merge entity $(bone_leg_right_1) { transformation: [0.3521507271349082f,-0.8034375519282964f,0.4800812072241758f,-0.15469617847865114f,-0.09121875290033502f,0.4810341388630973f,0.8719434020437027f,0.3068918686514424f,-0.9314875224594604f,-0.3508479120640521f,0.09610795025715674f,0.0047567076324948054f,0f,0f,0f,1f], start_interpolation: 0, interpolation_duration: 1 }
$data merge entity $(bone_leg_right_0) { transformation: [0.2714537646082029f,0.710555002571211f,0.6491721204742706f,0.03988068449760955f,-0.025251216273481036f,0.6795243283669317f,-0.7332182916663907f,0.636319857019148f,-0.9621201742800869f,0.1826424799396269f,0.20240181512219374f,0.17186243296462533f,0f,0f,0f,1f], start_interpolation: 0, interpolation_duration: 1 }
$data merge entity $(bone_tail_4) { transformation: [0.10865440111717804f,-2.524067182877517f,-1.1148723734305301f,0.9276164893810641f,2.655299622967935f,0.399106916643516f,-0.6447936979791657f,0.24282299098668178f,0.7504928147452239f,-1.0466421819361487f,2.442736582115995f,1.3698222573327756f,0f,0f,0f,1f], start_interpolation: 0, interpolation_duration: 1 }
$data merge entity $(bone_tail_3) { transformation: [0.23905571316744598f,-2.0536710349988816f,-0.2474533734930095f,0.9896722204424281f,2.0246291195579356f,0.2833478678331991f,-0.3956468628422125f,0.3071372968071753f,0.42388066750502806f,-0.19517887141144916f,2.029328931916778f,1.0276330410444283f,0f,0f,0f,1f], start_interpolation: 0, interpolation_duration: 1 }
$data merge entity $(bone_tail_2) { transformation: [0.9499424618231198f,-1.6901961221328234f,0.24417260893755643f,0.9445813088990885f,1.704724150216366f,0.955124635127394f,-0.02064892357070639f,0.3124637110114049f,-0.10148283548116185f,0.2230423168430272f,1.938743725715902f,0.6672028494995795f,0f,0f,0f,1f], start_interpolation: 0, interpolation_duration: 1 }
$data merge entity $(bone_tail_1) { transformation: [0.8987046329327579f,-0.4781918296330556f,1.1186236216071017f,0.7088527900047146f,0.8610299072679056f,1.2325179212166337f,-0.1648736566891451f,0.33205382032770053f,-0.8594263968109309f,0.7347709833356372f,1.0045666331869492f,0.4428705736325779f,0f,0f,0f,1f], start_interpolation: 0, interpolation_duration: 1 }
$data merge entity $(bone_tail_0) { transformation: [0.4760617596256378f,0.17809287565640713f,1.1728102341157332f,0.3704280792843573f,0.47596662239231935f,1.1288675994128528f,-0.3646223168544931f,0.4658465219986616f,-1.0865802740592232f,0.5725177614889537f,0.35412206566251797f,0.3532037489190365f,0f,0f,0f,1f], start_interpolation: 0, interpolation_duration: 1 }
$data merge entity $(bone_body_1) { transformation: [0.027162940509151225f,0.4639202882163835f,1.145707089923238f,0.07281890605806182f,0.17684156147161648f,1.1327363082864152f,-0.4628607923363074f,0.4971573437500001f,-1.22335351875712f,0.17404314731451348f,-0.041469821240050546f,0.3511218603898361f,0f,0f,0f,1f], start_interpolation: 0, interpolation_duration: 1 }