# This file was generated by Animated Java via MC-Build. It is not recommended to edit this file directly.
$data merge entity $(bone_head_lower) { transformation: [-0.9849042066415941f,-0.07979160137858045f,0.15361316378857026f,-0.4703822983427078f,-0.047836017455382455f,0.9783260745052061f,0.2014691226397784f,0.6716252531371457f,-0.16635930744536273f,0.19107954441194247f,-0.9673743786836739f,0.9795350682599814f,0f,0f,0f,1f], start_interpolation: 0, interpolation_duration: 1 }
$data merge entity $(bone_head_upper) { transformation: [-1.0251863783164825f,-0.14226677055697057f,0.11056671421875347f,-0.4662729302540109f,-0.04979249063763366f,0.8375648046209443f,0.6160177339329507f,0.7328837320798346f,-0.1731633338035f,0.6014293862450328f,-0.8317265751257971f,0.9356492124139731f,0f,0f,0f,1f], start_interpolation: 0, interpolation_duration: 1 }
$data merge entity $(bone_neck_0) { transformation: [-0.9386534328115206f,0.30148839682644496f,0.16743500126965213f,-0.46003668871204784f,0.2423515943469655f,0.9220873870191787f,-0.3016961309291636f,0.698329977509614f,-0.24534758565886117f,-0.24260996945542704f,-0.9385866848257569f,0.8789757301596759f,0f,0f,0f,1f], start_interpolation: 0, interpolation_duration: 1 }
$data merge entity $(bone_neck_1) { transformation: [-0.9061153009060534f,0.27859639262729463f,0.3183380459181572f,-0.4317858192796424f,0.17417093260232674f,0.9314681771341514f,-0.3194237330299936f,0.6755617523440125f,-0.385512059085534f,-0.23398949763063975f,-0.8925409611318647f,0.802287835784795f,0f,0f,0f,1f], start_interpolation: 0, interpolation_duration: 1 }
$data merge entity $(bone_neck_2) { transformation: [-0.7438689321627785f,0.2935637571086965f,0.6003993106885068f,-0.37631216400905665f,0.2394871720989542f,0.9557906073495358f,-0.17061714246361975f,0.6699721984507125f,-0.6239430311839806f,0.01687114147387446f,-0.7812876924810187f,0.7340063532852568f,0f,0f,0f,1f], start_interpolation: 0, interpolation_duration: 1 }
$data merge entity $(bone_body_0) { transformation: [-0.7055322632352312f,0.23792328136817076f,0.667545307613779f,-0.05943404716645265f,0.16138846562560416f,0.9711500179329993f,-0.1755602626785123f,0.596482722859649f,-0.6900565112345407f,-0.016129316530382742f,-0.7235757434098223f,0.39283416692364775f,0f,0f,0f,1f], start_interpolation: 0, interpolation_duration: 1 }
$data merge entity $(bone_leg_left_3) { transformation: [-0.7106455724862133f,0.301868477404563f,0.6354984599943531f,0.055825841273549726f,0.13359158327421364f,0.9447379499277185f,-0.29937183375304516f,0.17422075436233223f,-0.6907504319101303f,-0.12785002274471008f,-0.7117009291128864f,0.7882035935701985f,0f,0f,0f,1f], start_interpolation: 0, interpolation_duration: 1 }
$data merge entity $(bone_leg_left_2) { transformation: [-0.5145862956586714f,0.18617724015544462f,0.8675258953305567f,0.12523560356092828f,-0.31303442668640324f,0.9002859579105873f,-0.37888895629039643f,0.37188110334009006f,-0.8302244223883658f,-0.4548465991274563f,-0.3948470327010017f,0.6686889776974265f,0f,0f,0f,1f], start_interpolation: 0, interpolation_duration: 1 }
$data merge entity $(bone_leg_left_1) { transformation: [-0.3356330555244758f,-0.8586564975187071f,0.3873751041409497f,-0.12189511459492278f,-0.011311348750826192f,0.4148734135268459f,0.9098088283469338f,0.43656166910871197f,-0.9419248937302492f,0.300980182100899f,-0.14895779453848168f,0.7771150733358383f,0f,0f,0f,1f], start_interpolation: 0, interpolation_duration: 1 }
$data merge entity $(bone_leg_left_0) { transformation: [-0.3623748449626485f,0.9114503610058917f,0.19478888869883343f,0.1779775247197735f,-0.001149056457199201f,0.20855663173501005f,-0.9780096170430053f,0.5979302689480943f,-0.9320317330475153f,-0.3546299067782883f,-0.07452836916817614f,0.5355703492353758f,0f,0f,0f,1f], start_interpolation: 0, interpolation_duration: 1 }
$data merge entity $(bone_leg_right_3) { transformation: [0.4995014568947383f,-0.0766547477607657f,0.8629150272221289f,-0.004050757453573292f,0.01938661766668432f,0.996817237285244f,0.07732757920987854f,0.03923035329597052f,-0.8660960995267671f,-0.021896234761885763f,0.49939773856894143f,-0.00041042987464404157f,0f,0f,0f,1f], start_interpolation: 0, interpolation_duration: 1 }
$data merge entity $(bone_leg_right_2) { transformation: [0.49872144214120023f,0.33876765554262983f,0.8298045542219241f,0.09978646309943492f,0.21609569503772166f,0.8761534232101834f,-0.4875654100568824f,0.22805724291956664f,-0.8698515811536242f,0.41189058505375176f,0.35463583040819857f,0.10790997193831f,0f,0f,0f,1f], start_interpolation: 0, interpolation_duration: 1 }
$data merge entity $(bone_leg_right_1) { transformation: [0.0819856631253724f,-0.8520804957655146f,0.516949881301745f,-0.15748146750457118f,-0.10884259414278133f,0.5079385538232674f,0.8544891545480247f,0.3185617062016689f,-0.990672317541054f,-0.12632202609174356f,-0.05109897241544255f,0.05657246451423856f,0f,0f,0f,1f], start_interpolation: 0, interpolation_duration: 1 }
$data merge entity $(bone_leg_right_0) { transformation: [-0.0033029796308652326f,0.7406866706241088f,0.6718425011007648f,0.07902806911495616f,-0.042083691611288845f,0.671148005800149f,-0.7401279059803441f,0.6472205704796181f,-0.9991086293421374f,-0.030718240025369534f,0.028954041234683675f,0.15832642553786708f,0f,0f,0f,1f], start_interpolation: 0, interpolation_duration: 1 }
$data merge entity $(bone_tail_4) { transformation: [0.6286808208516821f,-2.6888109394755393f,-0.026785982340118735f,1.335726143338157f,2.5734291584228846f,0.6096194183080829f,-0.794662106181363f,0.20732447325718556f,0.7796692399166081f,0.15595264723108965f,2.6445143183105424f,0.9735239620473446f,0f,0f,0f,1f], start_interpolation: 0, interpolation_duration: 1 }
$data merge entity $(bone_tail_3) { transformation: [0.46240058301766884f,-1.9638877423157701f,0.5150496698875099f,1.267610935872343f,1.9807855902903277f,0.32041322213368467f,-0.5565692575273568f,0.29856255687908667f,0.445667670094616f,0.6135355154416272f,1.9393040053505426f,0.6386857413441851f,0f,0f,0f,1f], start_interpolation: 0, interpolation_duration: 1 }
$data merge entity $(bone_tail_2) { transformation: [0.9012118063520006f,-1.4820892193780022f,0.900001500497664f,1.1006163518057748f,1.6998727844913377f,0.9552769485866951f,-0.12904395781025765f,0.3240358201244115f,-0.34208722811617326f,0.8423962086246445f,1.7297742138953844f,0.31707198896221855f,0f,0f,0f,1f], start_interpolation: 0, interpolation_duration: 1 }
$data merge entity $(bone_tail_1) { transformation: [0.524198250450279f,-0.14634199246801824f,1.411189734041939f,0.7982321411180351f,0.917436128334955f,1.1825284392918096f,-0.21815978248028586f,0.35564969005219893f,-1.0822122687581375f,0.9315936675968598f,0.49860414543282466f,0.19942408479996945f,0f,0f,0f,1f], start_interpolation: 0, interpolation_duration: 1 }
$data merge entity $(bone_tail_0) { transformation: [0.02977659119102733f,0.35166664334796616f,1.2285274287363084f,0.44771421535038636f,0.5085878460788175f,1.1240793800555535f,-0.33409529589453846f,0.48040613842212626f,-1.1723000784875772f,0.49660027776303606f,-0.11373832550079141f,0.24464491635411162f,0f,0f,0f,1f], start_interpolation: 0, interpolation_duration: 1 }
$data merge entity $(bone_body_1) { transformation: [-0.3112072169889636f,0.4870182377748803f,1.0929628992902205f,0.16081151680060965f,0.15502356703643738f,1.1362168611988661f,-0.4621509851195234f,0.5113175000000001f,-1.1864747602935066f,0.02071413667756689f,-0.34706362930220697f,0.323937104476834f,0f,0f,0f,1f], start_interpolation: 0, interpolation_duration: 1 }