# This file was generated by Animated Java via MC-Build. It is not recommended to edit this file directly.
$data merge entity $(bone_head_lower) { transformation: [-0.9618523358006524f,-0.2642512750922034f,0.0707908731897945f,0.3445246061182067f,-0.2643035793974934f,0.9643994129571696f,0.008797170314352343f,0.35020436992358517f,-0.07059534001973429f,-0.010248702357440742f,-0.9974523858648523f,0.4017595518529371f,0f,0f,0f,1f], start_interpolation: 0, interpolation_duration: 1 }
$data merge entity $(bone_head_upper) { transformation: [-1.0011916955630926f,-0.2558969778020715f,-0.12491544368400932f,0.3298563669927497f,-0.27511348566835947f,0.7514147255312151f,0.6657029539079433f,0.41288359369980904f,-0.07348266001181643f,0.6733235400534588f,-0.7903844960972936f,0.3623690179702219f,0f,0f,0f,1f], start_interpolation: 0, interpolation_duration: 1 }
$data merge entity $(bone_neck_0) { transformation: [-0.9839603577138296f,-0.1776457546676772f,-0.016248085924928296f,0.33200720116631544f,-0.1782248492370358f,0.982863996370337f,0.047056006559909935f,0.40003018668731105f,0.007610358868561151f,0.04919705771163399f,-0.9987600972958469f,0.2969862978155375f,0f,0f,0f,1f], start_interpolation: 0, interpolation_duration: 1 }
$data merge entity $(bone_neck_1) { transformation: [-0.9785944351184994f,-0.09356590399970799f,-0.18329853562923598f,0.3160483629812504f,-0.12730844558764406f,0.9750289148491789f,0.1819647627704077f,0.41993682671357174f,0.16169567476331176f,0.20140515588422825f,-0.9660695999492411f,0.21607537141385164f,0f,0f,0f,1f], start_interpolation: 0, interpolation_duration: 1 }
$data merge entity $(bone_neck_2) { transformation: [-0.9830501035755325f,0.05713109908543654f,-0.1742082988190426f,0.30134575860944446f,0.009281241119767396f,0.9644970913904323f,0.2639303303197137f,0.4525021324624506f,0.18310202736018927f,0.25783986933111497f,-0.9486792130957133f,0.13548837072323883f,0f,0f,0f,1f], start_interpolation: 0, interpolation_duration: 1 }
$data merge entity $(bone_body_0) { transformation: [-0.9565329111096291f,0.016630084521247788f,-0.2911498415815375f,0.16428635242664233f,-0.0038700635711322404f,0.9975609174675325f,0.06969389176456182f,0.49485161698901947f,0.29159871839926454f,0.06779126957176136f,-0.9541354889101207f,-0.3135463106102596f,0f,0f,0f,1f], start_interpolation: 0, interpolation_duration: 1 }
$data merge entity $(bone_leg_left_3) { transformation: [-0.4199837111306185f,-0.094696985714752f,-0.9025775109548724f,0.5476493579227766f,-0.017858186150245897f,0.995210870942195f,-0.09610623052591682f,0.06027185657144521f,0.9073559211094486f,-0.024244654153391665f,-0.41966347133459964f,-0.577955523812529f,0f,0f,0f,1f], start_interpolation: 0, interpolation_duration: 1 }
$data merge entity $(bone_leg_left_2) { transformation: [-0.7935107605617217f,-0.4518771045604321f,-0.46712948392017856f,0.42665003219444414f,-0.37638041372149444f,0.9205146829773453f,-0.2511029710908418f,0.26649837771577806f,0.5298496546571382f,-0.022847325836773676f,-0.8779519022489296f,-0.6095918512860294f,0f,0f,0f,1f], start_interpolation: 0, interpolation_duration: 1 }
$data merge entity $(bone_leg_left_1) { transformation: [-0.9113376378149564f,0.3124844146917795f,-0.26798731402174825f,0.543905183354636f,-0.14544305799933122f,0.36459489344048673f,0.9197373976070142f,0.3196645835212712f,0.38511040856052986f,0.877168201801602f,-0.28682036009754547f,-0.36375050052010527f,0f,0f,0f,1f], start_interpolation: 0, interpolation_duration: 1 }
$data merge entity $(bone_leg_left_0) { transformation: [-0.8987988104197061f,-0.41421257534795564f,-0.14348742388005697f,0.28844424403375785f,-0.148305117445308f,0.595352644199449f,-0.7896586738485545f,0.6004582617912436f,0.4125121701570201f,-0.688464357442227f,-0.5965320930209935f,-0.5375374312409363f,0f,0f,0f,1f], start_interpolation: 0, interpolation_duration: 1 }
$data merge entity $(bone_leg_right_3) { transformation: [-0.9789338874083949f,-0.05795447254542105f,0.1957797823971364f,-0.2334216003971366f,-0.06306196583484223f,0.9978101825051997f,-0.01995064294665011f,0.045659348925740056f,-0.19419483141559987f,-0.031876618404742096f,-0.9804449238231308f,-0.14480499355920914f,0f,0f,0f,1f], start_interpolation: 0, interpolation_duration: 1 }
$data merge entity $(bone_leg_right_2) { transformation: [-0.9045313442729422f,0.429744995957234f,0.2218208402702403f,-0.1249901379857773f,0.06828886028416765f,0.5792413062897454f,-0.8437288309341651f,0.15449871449756994f,-0.47877121706465176f,-0.729287972640548f,-0.5394250403651704f,-0.3307288557374437f,0f,0f,0f,1f], start_interpolation: 0, interpolation_duration: 1 }
$data merge entity $(bone_leg_right_1) { transformation: [-0.9936492772887091f,-0.08413135637781644f,-0.07471966687328685f,-0.16367229386453785f,-0.11248118783854137f,0.7248765040154257f,0.6796337515962589f,0.3131396495331666f,-0.0030159784576318446f,0.6837221429794441f,-0.7297362092383383f,-0.10634050887565033f,0f,0f,0f,1f], start_interpolation: 0, interpolation_duration: 1 }
$data merge entity $(bone_leg_right_0) { transformation: [-0.9968342399082237f,-0.07861062776689498f,-0.011910808061937894f,-0.07766024268570242f,-0.03389238982366995f,0.5556466263959083f,-0.8307274718503572f,0.602871840636367f,0.07192220838262714f,-0.8276939022228811f,-0.5565518845214932f,-0.3943760328219181f,0f,0f,0f,1f], start_interpolation: 0, interpolation_duration: 1 }
$data merge entity $(bone_tail_4) { transformation: [0.9233628084801763f,2.34632032335985f,-1.125985521978026f,-0.42167829284146674f,2.6024840926616837f,-0.827046167925439f,0.4107706357113899f,0.46398428149279125f,0.011789951589966128f,-1.1985144587815253f,-2.4877872539132304f,-2.151670223266245f,0f,0f,0f,1f], start_interpolation: 0, interpolation_duration: 1 }
$data merge entity $(bone_tail_3) { transformation: [0.38723912527493737f,1.916106559790037f,-0.7173054003911677f,-0.31880041128398906f,2.037835326295623f,-0.4262518680550155f,-0.038497453495861235f,0.47468323612975827f,-0.1822596192313529f,-0.6948312907128188f,-1.9544657670802126f,-1.8134655850800019f,0f,0f,0f,1f], start_interpolation: 0, interpolation_duration: 1 }
$data merge entity $(bone_tail_2) { transformation: [-0.3680084359164292f,1.8769877842292633f,-0.4003255224829403f,-0.24420625835113413f,1.9181946139625836f,0.3465063137983079f,-0.13869633183909608f,0.5019674328786636f,-0.06223414707421825f,-0.4190753003396934f,-1.9076888316981666f,-1.458976136823587f,0f,0f,0f,1f], start_interpolation: 0, interpolation_duration: 1 }
$data merge entity $(bone_tail_1) { transformation: [-0.8766625480869568f,1.1163943434182462f,-0.5222860296479575f,-0.144625360712473f,1.220408039702729f,0.8759068720580157f,-0.17620334307409175f,0.528011426206028f,0.17240430218131672f,-0.5235523579025181f,-1.408483558698534f,-1.149651012988049f,0f,0f,0f,1f], start_interpolation: 0, interpolation_duration: 1 }
$data merge entity $(bone_tail_0) { transformation: [-1.124744998189657f,0.48745584676019754f,-0.3621756522609916f,-0.027026039467774432f,0.5572273130678957f,1.1314703838000235f,-0.20762516403025114f,0.6159887206921368f,0.2414169157339836f,-0.34058374099001565f,-1.2081209810092548f,-0.8048288753598627f,0f,0f,0f,1f], start_interpolation: 0, interpolation_duration: 1 }
$data merge entity $(bone_body_1) { transformation: [-1.1514399724862088f,0.03295641100664023f,-0.4491151965707351f,0.0751671044768344f,0.007590978149229167f,1.2342973964643145f,0.07111194828158514f,0.5163175f,0.4502587721165979f,0.06346973382035187f,-1.1497144106590458f,-0.5418115168006089f,0f,0f,0f,1f], start_interpolation: 0, interpolation_duration: 1 }