# This file was generated by Animated Java via MC-Build. It is not recommended to edit this file directly.
$data merge entity $(bone_head_lower) { transformation: [-0.9768106411284299f,-0.20569929337901777f,-0.059403468599386444f,0.48725255500909825f,-0.2057449184031832f,0.9785906813362661f,-0.005413589667639274f,0.28753302409942144f,0.05924525237968854f,0.006933909805793836f,-0.998219375170244f,0.19635350296607007f,0f,0f,0f,1f], start_interpolation: 0, interpolation_duration: 1 }
$data merge entity $(bone_head_upper) { transformation: [-1.016761789346149f,-0.11608635259714825f,-0.19024028240573776f,0.4712155708320787f,-0.21415979983882408f,0.7548084364552285f,0.6840115108479644f,0.35156951820582044f,0.061668358516495984f,0.7072906938311933f,-0.7611890898858032f,0.159780301672445f,0f,0f,0f,1f], start_interpolation: 0, interpolation_duration: 1 }
$data merge entity $(bone_neck_0) { transformation: [-0.9781083754432038f,-0.12392076739289684f,-0.16717550447542223f,0.46273320693366765f,-0.14607143859108676f,0.9810322881292008f,0.12743148934197807f,0.34393268310243286f,0.1482131597253994f,0.14906137345650577f,-0.977657182363774f,0.09409571819507576f,0f,0f,0f,1f], start_interpolation: 0, interpolation_duration: 1 }
$data merge entity $(bone_neck_1) { transformation: [-0.9373329340138167f,-0.007202181702467524f,-0.34836058817233406f,0.4331893133319207f,-0.10838178584903069f,0.9562160696411433f,0.2718532998810551f,0.37136739358274723f,0.3311500555778676f,0.29257299386438373f,-0.8970733994228157f,0.019449674386704877f,0f,0f,0f,1f], start_interpolation: 0, interpolation_duration: 1 }
$data merge entity $(bone_neck_2) { transformation: [-0.9229778154156986f,0.14822613383580643f,-0.3551632941318039f,0.40352557153285484f,0.02055147450112963f,0.9405204608863729f,0.3391148766272484f,0.4102846832742346f,0.3843040321754303f,0.30569637862129495f,-0.8711257859525982f,-0.05387451929919829f,0f,0f,0f,1f], start_interpolation: 0, interpolation_duration: 1 }
$data merge entity $(bone_body_0) { transformation: [-0.8656348299864447f,0.06784117634785018f,-0.49605837953418236f,0.17038138948350168f,0.0037321788028167498f,0.9916242635558344f,0.12910224927836364f,0.4805765498663913f,0.5006619737464819f,0.10990402503588682f,-0.8586376961939117f,-0.45750027240553004f,0f,0f,0f,1f], start_interpolation: 0, interpolation_duration: 1 }
$data merge entity $(bone_leg_left_3) { transformation: [-0.10238752413073221f,-0.050230050206605814f,-0.9934755844803741f,0.45504989092237f,-0.04429769735526731f,0.9979637618939275f,-0.04589165453044683f,0.037505915000675044f,0.9937577717489308f,0.03930994788552385f,-0.10440411431470309f,-0.8427449938640814f,0f,0f,0f,1f], start_interpolation: 0, interpolation_duration: 1 }
$data merge entity $(bone_leg_left_2) { transformation: [-0.6215945496246922f,-0.4195777323815162f,-0.6997406247082953f,0.3346574828824269f,-0.37881668947121766f,0.9275302417063348f,-0.21965374114489816f,0.246335895183911f,0.7226204613458143f,0.12531710462050907f,-0.7170617069922153f,-0.8345731195975035f,0f,0f,0f,1f], start_interpolation: 0, interpolation_duration: 1 }
$data merge entity $(bone_leg_left_1) { transformation: [-0.7719612936492998f,0.5290548422068304f,-0.35238719477984076f,0.5124485375441805f,-0.16399094488068883f,0.3698410319180045f,0.9145078354541116f,0.30157406199732173f,0.6141520423351522f,0.7637529607453784f,-0.19874275797681257f,-0.6287759586133908f,0f,0f,0f,1f], start_interpolation: 0, interpolation_duration: 1 }
$data merge entity $(bone_leg_left_0) { transformation: [-0.7523699616028444f,-0.565251977104322f,-0.3382745087312811f,0.2305676123535769f,-0.16954130207078968f,0.6623752315223959f,-0.7297361163857752f,0.6013356649509735f,0.6365494385904961f,-0.4916800331977162f,-0.5941847837035351f,-0.699439980384018f,0f,0f,0f,1f], start_interpolation: 0, interpolation_duration: 1 }
$data merge entity $(bone_leg_right_3) { transformation: [-0.9927664530331329f,-0.05195472009475833f,-0.10823805611654516f,-0.1634433731168729f,-0.05137634173393415f,0.998646293221757f,-0.00812727165056698f,0.04188315797992334f,0.10851378365005572f,-0.0025076072897096124f,-0.9940917818107285f,-0.17454996509418402f,0f,0f,0f,1f], start_interpolation: 0, interpolation_duration: 1 }
$data merge entity $(bone_leg_right_2) { transformation: [-1.0016595241844282f,0.21248714665679552f,0.05991335090756972f,-0.1105073840105824f,0.06654369935982211f,0.5559934827943133f,-0.8593633589270915f,0.1448230201099328f,-0.21050494812908696f,-0.8353338608583978f,-0.5567469867159295f,-0.38614447803818486f,0f,0f,0f,1f], start_interpolation: 0, interpolation_duration: 1 }
$data merge entity $(bone_leg_right_1) { transformation: [-0.9564425837885644f,0.10766985508193158f,-0.27133887709373933f,-0.08591420438029423f,-0.10929307556410378f,0.7298198125928215f,0.6748466972436908f,0.30512427826753685f,0.2706891345244479f,0.6751075791706198f,-0.6862631776489182f,-0.16095107713903062f,0f,0f,0f,1f], start_interpolation: 0, interpolation_duration: 1 }
$data merge entity $(bone_leg_right_0) { transformation: [-0.9384741090377179f,-0.3013039101873015f,-0.1687670002450257f,-0.08135555970853445f,-0.031109298915045686f,0.5604540945836095f,-0.8276010025280786f,0.596165917845846f,0.34394557445455864f,-0.7714318904286424f,-0.5353450104771826f,-0.4602523657342842f,0f,0f,0f,1f], start_interpolation: 0, interpolation_duration: 1 }
$data merge entity $(bone_tail_4) { transformation: [1.1868309358752447f,1.0294893657258142f,-2.270956914410081f,-1.0829748444614615f,2.4851366567642823f,-0.693114380293792f,0.9845555264363702f,0.5961724885537234f,-0.20295186241061677f,-2.4668614540114358f,-1.2243636877401445f,-1.9079709431682403f,0f,0f,0f,1f], start_interpolation: 0, interpolation_duration: 1 }
$data merge entity $(bone_tail_3) { transformation: [0.42877322218002306f,1.175740794627465f,-1.6642513733912268f,-0.8122848591988425f,2.033559574129734f,-0.354873308095005f,0.2732140547472777f,0.5533181951735334f,-0.12936192813614666f,-1.6815600034179368f,-1.2212972498529633f,-1.6844286768019594f,0f,0f,0f,1f], start_interpolation: 0, interpolation_duration: 1 }
$data merge entity $(bone_tail_2) { transformation: [-0.24123673473256887f,1.4325756572827149f,-1.3070216903247411f,-0.5691498774596928f,1.923931104676007f,0.34187453786160654f,0.019615805485585395f,0.5511756510436988f,0.24303871559589782f,-1.2843763706662037f,-1.4526126105051491f,-1.41451707251549f,0f,0f,0f,1f], start_interpolation: 0, interpolation_duration: 1 }
$data merge entity $(bone_tail_1) { transformation: [-0.692025986292994f,0.8719492496069833f,-1.0239437437696608f,-0.35880614458667925f,1.2414377536564833f,0.8570707306830637f,-0.10917104196051132f,0.5630052022241574f,0.517289655890734f,-0.8903878473542972f,-1.1078254118732913f,-1.1657355363060211f,0f,0f,0f,1f], start_interpolation: 0, interpolation_duration: 1 }
$data merge entity $(bone_tail_0) { transformation: [-0.9994854675158444f,0.3875983678880577f,-0.6961551709347391f,-0.1460199844249666f,0.5570276373684213f,1.138435976902738f,-0.16588988602470828f,0.6389545706286203f,0.5697233785061103f,-0.43308976931815224f,-1.0590959542362348f,-0.866694310413372f,0f,0f,0f,1f], start_interpolation: 0, interpolation_duration: 1 }
$data merge entity $(bone_body_1) { transformation: [-0.9810336165921598f,0.08387662559825067f,-0.7477582161705805f,0.022173640446495148f,-0.016259438713325546f,1.2260120116718682f,0.15885456539009696f,0.5194425f,0.752272071012267f,0.1358817646735568f,-0.9717136781276494f,-0.6499370929241061f,0f,0f,0f,1f], start_interpolation: 0, interpolation_duration: 1 }