# This file was generated by Animated Java via MC-Build. It is not recommended to edit this file directly.
$data merge entity $(bone_head_lower) { transformation: [-0.9791919540280051f,-0.16536303034590094f,0.11763581666158553f,0.42234244091934925f,-0.17164895284776352f,0.984111120244612f,-0.04540858946455972f,0.2838782821158207f,-0.10825781335813014f,-0.06465579019481033f,-0.9920180818116177f,0.2192284714227397f,0f,0f,0f,1f], start_interpolation: 0, interpolation_duration: 1 }
$data merge entity $(bone_head_upper) { transformation: [-1.019240496951103f,-0.20892743127828964f,-0.031146114008516596f,0.4151874982316322f,-0.17866932349884004f,0.7708047618747921f,0.676320363803367f,0.34775477932529236f,-0.11268551281705545f,0.6675936564363892f,-0.7906279957543604f,0.17968031860644867f,0f,0f,0f,1f], start_interpolation: 0, interpolation_duration: 1 }
$data merge entity $(bone_neck_0) { transformation: [-0.9930268306029668f,-0.11781831267163531f,-0.004069263058065459f,0.41715765597106497f,-0.1171813917795103f,0.98270664323118f,0.14337424723402475f,0.3411123198207786f,-0.012893220049462473f,0.14285131622955075f,-0.9896601771963148f,0.11337245734920758f,0f,0f,0f,1f], start_interpolation: 0, interpolation_duration: 1 }
$data merge entity $(bone_neck_1) { transformation: [-0.972309151848861f,-0.011054786191809787f,-0.23343672575925606f,0.39733157342409303f,-0.08363415818245946f,0.9491851379653051f,0.3034022106888742f,0.37118724650260543f,0.21822062417668062f,0.3145240301917136f,-0.923825954179629f,0.03656124670613389f,0f,0f,0f,1f], start_interpolation: 0, interpolation_duration: 1 }
$data merge entity $(bone_neck_2) { transformation: [-0.952110596990015f,0.1487498559048351f,-0.2671308508345831f,0.37538526146757056f,0.045752352518048774f,0.933155406505064f,0.35654972941994045f,0.4115598515745766f,0.3023113185747131f,0.3272529108788176f,-0.8952728070163636f,-0.03866735520397929f,0f,0f,0f,1f], start_interpolation: 0, interpolation_duration: 1 }
$data merge entity $(bone_body_0) { transformation: [-0.8956466963699993f,0.08440032176522144f,-0.4366847615470839f,0.17038138948350168f,0.03180217553776748f,0.9914694818461868f,0.12639971597562583f,0.4805765498663913f,0.4436277909605884f,0.099321962594287f,-0.8906904798154337f,-0.45750027240553004f,0f,0f,0f,1f], start_interpolation: 0, interpolation_duration: 1 }
$data merge entity $(bone_leg_right_3) { transformation: [-0.9924862401285387f,-0.056329983665147354f,-0.10861858080365763f,-0.16592505363279755f,-0.04973773400264374f,0.9968063457914126f,-0.062476129891763266f,0.07241325242394933f,0.11179096999220806f,-0.05660425717430151f,-0.9921183080146978f,-0.13181202969943961f,0f,0f,0f,1f], start_interpolation: 0, interpolation_duration: 1 }
$data merge entity $(bone_leg_right_2) { transformation: [-0.9935784216507274f,0.23918463736665554f,0.0874918783575078f,-0.10592615502594374f,0.029286179898308073f,0.45732082816699177f,-0.9176394604049646f,0.15060946997112568f,-0.2529949390752853f,-0.8864031638442704f,-0.4498279575902929f,-0.3519405280664043f,0f,0f,0f,1f], start_interpolation: 0, interpolation_duration: 1 }
$data merge entity $(bone_leg_right_1) { transformation: [-0.9631722748273087f,0.07704027180461566f,-0.25761204460245657f,-0.09051612172043419f,-0.10147750230722108f,0.7830755246374259f,0.6135919158849048f,0.32878301677423133f,0.24900097495687679f,0.6171365482890243f,-0.746418780066816f,-0.13973755034721613f,0f,0f,0f,1f], start_interpolation: 0, interpolation_duration: 1 }
$data merge entity $(bone_leg_right_0) { transformation: [-0.9460385787967391f,-0.2877371056788687f,-0.14905826191054766f,-0.08135555970853445f,-0.014390322406431517f,0.4968286230147956f,-0.8677293575615964f,0.596165917845846f,0.32373434487135433f,-0.8187604517615452f,-0.4741596741414704f,-0.4602523657342842f,0f,0f,0f,1f], start_interpolation: 0, interpolation_duration: 1 }
$data merge entity $(bone_tail_4) { transformation: [1.562100171531822f,-1.7056024751343248f,-1.5087824834998307f,-1.303549263410862f,2.1174268453223126f,0.4147359023375437f,1.7234149290349845f,0.7041818177163288f,-0.8378591411500205f,-2.1318010366185502f,1.542425924141391f,-1.3578399478017265f,0f,0f,0f,1f], start_interpolation: 0, interpolation_duration: 1 }
$data merge entity $(bone_tail_3) { transformation: [0.7305577838592893f,-0.44793157826986724f,-1.897785064667681f,-0.9773716852861873f,1.947739723426558f,0.2636833175272291f,0.6875511645605095f,0.585018199790006f,0.09241655843668824f,-2.01637643690134f,0.5114985537420592f,-1.4248393741141716f,0f,0f,0f,1f], start_interpolation: 0, interpolation_duration: 1 }
$data merge entity $(bone_tail_2) { transformation: [0.04264274271812545f,0.40077865203729574f,-1.9121537447515617f,-0.6217795821372062f,1.8542115029702246f,0.5942633735274684f,0.1659054554239521f,0.5556892320946794f,0.615512123153681f,-1.8179662785535098f,-0.36731091910794966f,-1.356534529475219f,0f,0f,0f,1f], start_interpolation: 0, interpolation_duration: 1 }
$data merge entity $(bone_tail_1) { transformation: [-0.5043362289603557f,0.6598601376148161f,-1.2640750835868115f,-0.3573490073133004f,1.2631909479103924f,0.8288036919372702f,-0.07133946557407654f,0.5597026030812505f,0.6615510919613787f,-1.0795023339567669f,-0.8274545991814903f,-1.1659117581428018f,0f,0f,0f,1f], start_interpolation: 0, interpolation_duration: 1 }
$data merge entity $(bone_tail_0) { transformation: [-1.002957980128781f,0.3875442364705509f,-0.6911732571927834f,-0.1460199844249666f,0.5608115350659926f,1.1348231076941842f,-0.17748986721575546f,0.6389545706286203f,0.5598226762260967f,-0.4425174523177579f,-1.06047753024818f,-0.866694310413372f,0f,0f,0f,1f], start_interpolation: 0, interpolation_duration: 1 }