# This file was generated by Animated Java via MC-Build. It is not recommended to edit this file directly.
$data merge entity $(bone_head_lower) { transformation: [-0.9817690658195968f,-0.17603487333689882f,0.07170233447369938f,0.4259270022813587f,-0.17806545477296204f,0.9837512883073714f,-0.022936795113648656f,0.2796378289653704f,-0.06649958809056214f,-0.03528634470796477f,-0.9971623130969888f,0.21906812739195664f,0f,0f,0f,1f], start_interpolation: 0, interpolation_duration: 1 }
$data merge entity $(bone_head_upper) { transformation: [-1.0219230115411744f,-0.18502035732197375f,-0.07009114382411857f,0.41662328613679334f,-0.1853482576792367f,0.7662455692393568f,0.679695294657711f,0.3436425362189342f,-0.06921939353530443f,0.6797846258786753f,-0.785221930769322f,0.18017989257622063f,0f,0f,0f,1f], start_interpolation: 0, interpolation_duration: 1 }
$data merge entity $(bone_neck_0) { transformation: [-0.9926368299476819f,-0.11246263036730435f,-0.044992005981997735f,0.41586024380395625f,-0.11763812083504051f,0.9835886862365246f,0.1368012018730383f,0.3365608816456877f,0.028868605054928637f,0.14108668639660663f,-0.9895762479788045f,0.11389260730068379f,0f,0f,0f,1f], start_interpolation: 0, interpolation_duration: 1 }
$data merge entity $(bone_neck_1) { transformation: [-0.9672295489988638f,-0.004357423944540407f,-0.25386613086432425f,0.39433437641934593f,-0.08119842963084806f,0.9526538941580805f,0.2930142879979213f,0.3657717950602911f,0.2405697706881289f,0.30402560879309504f,-0.9217888123800642f,0.037205604390438615f,0f,0f,0f,1f], start_interpolation: 0, interpolation_duration: 1 }
$data merge entity $(bone_neck_2) { transformation: [-0.9496147331472239f,0.1573267108965947f,-0.2710722498305318f,0.3721267411211896f,0.05351045122228125f,0.9335709483765628f,0.3543753884756571f,0.4059579799726216f,0.3088178916444364f,0.3220148915589841f,-0.8949513503060046f,-0.03804611898382504f,0f,0f,0f,1f], start_interpolation: 0, interpolation_duration: 1 }
$data merge entity $(bone_body_0) { transformation: [-0.8980754649528336f,0.09279856437385582f,-0.42994056065914876f,0.17038138948350168f,0.036050246231722254f,0.9897311227140272f,0.13832094735745346f,0.4805765498663913f,0.43836153913908105f,0.10872318603399439f,-0.8921986493053178f,-0.45750027240553004f,0f,0f,0f,1f], start_interpolation: 0, interpolation_duration: 1 }
$data merge entity $(bone_leg_right_3) { transformation: [-0.9939334026009676f,-0.052158878959161936f,-0.09682893441418254f,-0.17248035942234563f,-0.04932456266421434f,0.9982878595801923f,-0.0314394168645411f,0.06416470599150172f,0.09830299442054932f,-0.026472641736742353f,-0.994804362941494f,-0.1462694440409537f,0f,0f,0f,1f], start_interpolation: 0, interpolation_duration: 1 }
$data merge entity $(bone_leg_right_2) { transformation: [-0.9918444292051762f,0.24804843533185547f,0.08233347730280156f,-0.11057743015543346f,0.04821543375344545f,0.49123574583482144f,-0.8991245261156924f,0.15080926957182086f,-0.2568698108056292f,-0.8655758864734044f,-0.48668109122212155f,-0.3626760498000371f,0f,0f,0f,1f], start_interpolation: 0, interpolation_duration: 1 }
$data merge entity $(bone_leg_right_1) { transformation: [-0.9648655212289078f,0.08409978989709195f,-0.24892117483840806f,-0.09374419959602885f,-0.09810774458112168f,0.7635484032549397f,0.6382544213243163f,0.3224370117449511f,0.24374042831847526f,0.6402507799496203f,-0.7284706873835278f,-0.1452503242631239f,0f,0f,0f,1f], start_interpolation: 0, interpolation_duration: 1 }
$data merge entity $(bone_leg_right_0) { transformation: [-0.9469364964339133f,-0.2811675137996152f,-0.1557437026181435f,-0.08135555970853445f,-0.012313324489515255f,0.5159253106862329f,-0.8565450693532303f,0.596165917845846f,0.32118476576805677f,-0.8091760642635555f,-0.4920106129561244f,-0.4602523657342842f,0f,0f,0f,1f], start_interpolation: 0, interpolation_duration: 1 }
$data merge entity $(bone_tail_4) { transformation: [1.5541788101508571f,-1.820267674291232f,-1.3772491247441225f,-1.3006891497438282f,2.1558157796376483f,0.6230215503827292f,1.6093364482369792f,0.6828119607746322f,-0.7500985814833822f,-1.9809419661587993f,1.7716891308487308f,-1.3650690816363122f,0f,0f,0f,1f], start_interpolation: 0, interpolation_duration: 1 }
$data merge entity $(bone_tail_3) { transformation: [0.6711457504725529f,-0.44785567538771487f,-1.919618243737564f,-0.9708102140442749f,1.9519803571235683f,0.4332644723852667f,0.581377767391311f,0.57999194273062f,0.274374913340892f,-1.9868700805629378f,0.559474052961751f,-1.4404921225848486f,0f,0f,0f,1f], start_interpolation: 0, interpolation_duration: 1 }
$data merge entity $(bone_tail_2) { transformation: [-0.07403116266875495f,0.3965426071259274f,-1.9120792929924377f,-0.6153192332296011f,1.816062473595534f,0.7173122118163697f,0.07844844026463184f,0.5669221138530827f,0.7177815503025685f,-1.7739760501527797f,-0.3956924241533586f,-1.3668251279286687f,0f,0f,0f,1f], start_interpolation: 0, interpolation_duration: 1 }
$data merge entity $(bone_tail_1) { transformation: [-0.5392160880844632f,0.6763430816590684f,-1.2407506986670627f,-0.35607596953547876f,1.2380397200221946f,0.866364503873283f,-0.06577574078462375f,0.5693031199925486f,0.6812928239738438f,-1.0390518910623838f,-0.8624775392330111f,-1.1691791362217494f,0f,0f,0f,1f], start_interpolation: 0, interpolation_duration: 1 }
$data merge entity $(bone_tail_0) { transformation: [-1.0025153769713449f,0.39779857062708535f,-0.6859700669322811f,-0.1460199844249666f,0.5522938844756109f,1.1437217741812715f,-0.14390165050656117f,0.6389545706286203f,0.5690079970359565f,-0.4092584966188483f,-1.0689121099690269f,-0.866694310413372f,0f,0f,0f,1f], start_interpolation: 0, interpolation_duration: 1 }