# This file was generated by Animated Java via MC-Build. It is not recommended to edit this file directly.
$data merge entity $(bone_head_lower) { transformation: [-0.9861314155455608f,-0.16589578086112428f,0.004839541981066314f,0.43640017595437f,-0.16587788449025398f,0.9861386152059518f,0.0038934607646173847f,0.270197325028002f,-0.005418367941238081f,0.003036690989462243f,-0.9999807097122864f,0.21344867121891048f,0f,0f,0f,1f], start_interpolation: 0, interpolation_duration: 1 }
$data merge entity $(bone_head_upper) { transformation: [-1.0264637795532845f,-0.13071694688669677f,-0.11294747294788829f,0.42536001652894656f,-0.17266222085012017f,0.7540560413939764f,0.6964619060019415f,0.3350881037785658f,-0.0056399769323814105f,0.7055384531103698f,-0.765281402117114f,0.17653311616682604f,0f,0f,0f,1f], start_interpolation: 0, interpolation_duration: 1 }
$data merge entity $(bone_neck_0) { transformation: [-0.9907373061599885f,-0.0934091045088119f,-0.09856129756507517f,0.42082319512625777f,-0.10681460343231623f,0.9842439617870495f,0.14090586992503157f,0.3282577310379264f,0.0838464708645896f,0.1501284879048435f,-0.9851046677602127f,0.11037044153768998f,0f,0f,0f,1f], start_interpolation: 0, interpolation_duration: 1 }
$data merge entity $(bone_neck_1) { transformation: [-0.9603348684500349f,0.012722666112332033f,-0.2785589241184857f,0.39728420989998925f,-0.07208927165495228f,0.953671363648186f,0.29208571870200667f,0.35739466980045104f,0.2693697780956741f,0.30058121019851425f,-0.9149266958200991f,0.03424888205157828f,0f,0f,0f,1f], start_interpolation: 0, interpolation_duration: 1 }
$data merge entity $(bone_neck_2) { transformation: [-0.9442202024862145f,0.16621915159138773f,-0.2842875355359976f,0.37400587901156873f,0.055777522750056624f,0.931519091388299f,0.35938983059483565f,0.39800006848841174f,0.32455673952755754f,0.32348628413482544f,-0.8888304375998182f,-0.04045219760984031f,0f,0f,0f,1f], start_interpolation: 0, interpolation_duration: 1 }
$data merge entity $(bone_body_0) { transformation: [-0.8952190179157417f,0.10074800956670872f,-0.434088410960626f,0.17038138948350168f,0.0358188832932541f,0.987224565665611f,0.1552567697267007f,0.4805765498663913f,0.44418455349280134f,0.12344025078835469f,-0.8873908873341605f,-0.45750027240553004f,0f,0f,0f,1f], start_interpolation: 0, interpolation_duration: 1 }
$data merge entity $(bone_leg_right_3) { transformation: [-0.9927664530331329f,-0.05195472009475833f,-0.10823805611654516f,-0.1634433731168729f,-0.05137634173393415f,0.998646293221757f,-0.00812727165056698f,0.04188315797992334f,0.10851378365005572f,-0.0025076072897096124f,-0.9940917818107285f,-0.17454996509418402f,0f,0f,0f,1f], start_interpolation: 0, interpolation_duration: 1 }
$data merge entity $(bone_leg_right_2) { transformation: [-1.0016595241844282f,0.21248714665679552f,0.05991335090756972f,-0.1105073840105824f,0.06654369935982211f,0.5559934827943133f,-0.8593633589270915f,0.1448230201099328f,-0.21050494812908696f,-0.8353338608583978f,-0.5567469867159295f,-0.38614447803818486f,0f,0f,0f,1f], start_interpolation: 0, interpolation_duration: 1 }
$data merge entity $(bone_leg_right_1) { transformation: [-0.9564425837885644f,0.10766985508193158f,-0.27133887709373933f,-0.08591420438029423f,-0.10929307556410378f,0.7298198125928215f,0.6748466972436908f,0.30512427826753685f,0.2706891345244479f,0.6751075791706198f,-0.6862631776489182f,-0.16095107713903062f,0f,0f,0f,1f], start_interpolation: 0, interpolation_duration: 1 }
$data merge entity $(bone_leg_right_0) { transformation: [-0.9384741090377179f,-0.3013039101873015f,-0.1687670002450257f,-0.08135555970853445f,-0.031109298915045686f,0.5604540945836095f,-0.8276010025280786f,0.596165917845846f,0.34394557445455864f,-0.7714318904286424f,-0.5353450104771826f,-0.4602523657342842f,0f,0f,0f,1f], start_interpolation: 0, interpolation_duration: 1 }
$data merge entity $(bone_tail_4) { transformation: [1.392625441188652f,-0.9505822958653468f,-2.1869268416985235f,-1.2617016510374945f,2.3812378867497443f,0.42019083149074f,1.3337192820975237f,0.6130343310171359f,-0.1263401712113978f,-2.55841636476913f,1.0316032169491276f,-1.6231529869348866f,0f,0f,0f,1f], start_interpolation: 0, interpolation_duration: 1 }
$data merge entity $(bone_tail_3) { transformation: [0.2547734673596962f,0.33221328118208165f,-2.0397721299645695f,-0.9190826435598882f,2.0122364820302066f,0.4286222804299814f,0.321142969952865f,0.5543859453614993f,0.4711054518477388f,-2.010438460279171f,-0.26859332961579685f,-1.557935765207698f,0f,0f,0f,1f], start_interpolation: 0, interpolation_duration: 1 }
$data merge entity $(bone_tail_2) { transformation: [-0.42125217458545755f,0.7963395624053745f,-1.7341175801420783f,-0.5968359744719248f,1.7891479483951072f,0.7823328214129136f,-0.0753581468486817f,0.5699039951248775f,0.6635285217406865f,-1.6039241044671986f,-0.8977367336521839f,-1.3909394827269357f,0f,0f,0f,1f], start_interpolation: 0, interpolation_duration: 1 }
$data merge entity $(bone_tail_1) { transformation: [-0.635149100381789f,0.7473556182054408f,-1.1513910935129594f,-0.3575983040145456f,1.212416349565211f,0.9003195262541206f,-0.08442509077593816f,0.57590754808825f,0.6436524416105123f,-0.9584052277519777f,-0.9771526000715072f,-1.1695665589427235f,0f,0f,0f,1f], start_interpolation: 0, interpolation_duration: 1 }
$data merge entity $(bone_tail_0) { transformation: [-0.9958386270842188f,0.40673242375332697f,-0.6904418012104934f,-0.1460199844249666f,0.552180494494553f,1.1464172148640246f,-0.1210784355167845f,0.6389545706286203f,0.5807218326279783f,-0.39259651235738857f,-1.0688619406537239f,-0.866694310413372f,0f,0f,0f,1f], start_interpolation: 0, interpolation_duration: 1 }