# This file was generated by Animated Java via MC-Build. It is not recommended to edit this file directly.
$data merge entity $(bone_head_lower) { transformation: [-0.9883424863328212f,-0.15095411363688166f,0.019798618274029803f,0.393892308405697f,-0.15074945837414508f,0.9885055758165412f,0.011459815858473221f,0.27126309245626457f,-0.02130095090269974f,0.008341591917113145f,-0.9997383094264867f,0.2748244277333818f,0f,0f,0f,1f], start_interpolation: 0, interpolation_duration: 1 }
$data merge entity $(bone_head_upper) { transformation: [-1.0287652822144644f,-0.12943558852841425f,-0.09143503221415658f,0.38436321808039653f,-0.15691504840937331f,0.7479670946834768f,0.7066787356620758f,0.3367263552109264f,-0.022172150919223952f,0.7122244002254972f,-0.7587600029196014f,0.2385034398767274f,0f,0f,0f,1f], start_interpolation: 0, interpolation_duration: 1 }
$data merge entity $(bone_neck_0) { transformation: [-0.9934982843390627f,-0.08671536697548396f,-0.073767229483329f,0.38132186783890143f,-0.09653181449071277f,0.9851444507521693f,0.14202823642972273f,0.32995061754242005f,0.060355346129978865f,0.14822569373261082f,-0.9871101133668001f,0.17224956586129317f,0f,0f,0f,1f], start_interpolation: 0, interpolation_duration: 1 }
$data merge entity $(bone_neck_1) { transformation: [-0.9708566228007143f,0.007758441681631437f,-0.2395354348455867f,0.36106581477592f,-0.06389170387662402f,0.9549255834090021f,0.28988787543931305f,0.35890714816756236f,0.2309875930428586f,0.2967438908109982f,-0.9266001268759989f,0.09512143550021078f,0f,0f,0f,1f], start_interpolation: 0, interpolation_duration: 1 }
$data merge entity $(bone_neck_2) { transformation: [-0.9579505150875486f,0.149109534920569f,-0.2451472154426232f,0.34104895563936205f,0.05330101060589411f,0.9319736504203225f,0.3585862757979018f,0.3994465998456736f,0.28193937807956254f,0.33044131327361315f,-0.9007323273704122f,0.019445755112876828f,0f,0f,0f,1f], start_interpolation: 0, interpolation_duration: 1 }
$data merge entity $(bone_body_0) { transformation: [-0.9179808374630901f,0.10323668634080409f,-0.38295348104428284f,0.16154787458199954f,0.03493084414400822f,0.9828226680821234f,0.18121655341420503f,0.4942158963495304f,0.3950835584758625f,0.15297643510458353f,-0.9058185205242509f,-0.4060058250258356f,0f,0f,0f,1f], start_interpolation: 0, interpolation_duration: 1 }
$data merge entity $(bone_leg_left_3) { transformation: [-0.24225775146206796f,0.0341196191191758f,-0.9696117952292584f,0.4388285876636728f,-0.03735599456704582f,0.998312363077639f,0.04446296657047327f,0.062386924221554646f,0.9694925020475658f,0.04699231125942367f,-0.24057433602952744f,-0.7238223768461505f,0f,0f,0f,1f], start_interpolation: 0, interpolation_duration: 1 }
$data merge entity $(bone_leg_left_2) { transformation: [-0.7149741473514406f,-0.33929236581995087f,-0.6524989338045507f,0.338465694770693f,-0.3047026190168833f,0.9649044676672613f,-0.16786268716038563f,0.28164433671802236f,0.6693507915017555f,0.07682615617583621f,-0.7733882977805612f,-0.7287770576150504f,0f,0f,0f,1f], start_interpolation: 0, interpolation_duration: 1 }
$data merge entity $(bone_leg_left_1) { transformation: [-0.8346414153837343f,0.49970107326947777f,-0.2316733586314333f,0.5031283523244385f,-0.0664827948432557f,0.3261429677765013f,0.9429797466328562f,0.32155912591884817f,0.5467666282026236f,0.802452242780384f,-0.23899090430530145f,-0.5089898776655428f,0f,0f,0f,1f], start_interpolation: 0, interpolation_duration: 1 }
$data merge entity $(bone_leg_left_0) { transformation: [-0.8153374278023384f,-0.49402162485211454f,-0.3019395850218102f,0.2389353070442632f,-0.07647256290583647f,0.6088150452159994f,-0.7896177479269658f,0.6159876239045706f,0.5739136049505006f,-0.6207148096325051f,-0.5341687927571243f,-0.6424858437615701f,0f,0f,0f,1f], start_interpolation: 0, interpolation_duration: 1 }
$data merge entity $(bone_leg_right_3) { transformation: [-0.9969247679241905f,-0.0484599259716494f,-0.06158443532355443f,-0.17790694689782457f,-0.04868972726723664f,0.9988114503880674f,0.0022354042870907365f,0.03752663544375659f,0.061402911640580274f,0.005227059259935607f,-0.9980993739570985f,-0.1713692761921936f,0f,0f,0f,1f], start_interpolation: 0, interpolation_duration: 1 }
$data merge entity $(bone_leg_right_2) { transformation: [-0.9979681858665217f,0.22567195436008275f,0.07206849876526282f,-0.12152767640815818f,0.07798908760259046f,0.6076059190694415f,-0.822675482087189f,0.15361334512907365f,-0.223694885310088f,-0.7949524612376351f,-0.6083365698024629f,-0.37512483012755393f,0f,0f,0f,1f], start_interpolation: 0, interpolation_duration: 1 }
$data merge entity $(bone_leg_right_1) { transformation: [-0.9637210976494328f,0.08604530365604442f,-0.2526615357827772f,-0.10394474392876538f,-0.12166273535417373f,0.7009418357047479f,0.7027650544705526f,0.3043423249237361f,0.2375706732143359f,0.7080090032461436f,-0.6650439282866131f,-0.14277810474660302f,0f,0f,0f,1f], start_interpolation: 0, interpolation_duration: 1 }
$data merge entity $(bone_leg_right_0) { transformation: [-0.9509051591796525f,-0.2731799488792528f,-0.1454375940939912f,-0.08879744936354601f,-0.0507446441192312f,0.6012051439692945f,-0.7974818844074596f,0.611215378476171f,0.30529389011038577f,-0.7509494592815077f,-0.5855514924121352f,-0.42545595502004063f,0f,0f,0f,1f], start_interpolation: 0, interpolation_duration: 1 }
$data merge entity $(bone_tail_4) { transformation: [0.3426437518565949f,1.3445315388484764f,-2.3875702150838167f,-0.9127899825416297f,2.6736209443230297f,0.3628305757421032f,0.5880190056315224f,0.581319880023715f,0.6000063641253042f,-2.384585969502546f,-1.2567431912131988f,-2.0070382672742646f,0f,0f,0f,1f], start_interpolation: 0, interpolation_duration: 1 }
$data merge entity $(bone_tail_3) { transformation: [-0.46691916159744884f,1.5690083090694984f,-1.2869129530191439f,-0.7099310805309641f,1.9886871145770606f,0.6165694641071404f,0.030185796167119028f,0.570167868230813f,0.4038014151693196f,-1.2222931514354278f,-1.6367313142680902f,-1.7175480222870392f,0f,0f,0f,1f], start_interpolation: 0, interpolation_duration: 1 }
$data merge entity $(bone_tail_2) { transformation: [-0.8618047167973434f,1.3724692781469077f,-1.0919682164108684f,-0.5072472482636861f,1.7048851345913303f,0.9411032752419266f,-0.1626812164363064f,0.6018945580771149f,0.411622622019404f,-1.0244152385017513f,-1.6124249164441886f,-1.4177411423493247f,0f,0f,0f,1f], start_interpolation: 0, interpolation_duration: 1 }
$data merge entity $(bone_tail_1) { transformation: [-0.7885316934574059f,0.8969968033356961f,-0.9280467408588525f,-0.31775346211970656f,1.173082525877742f,0.9516381250129781f,-0.07693189521960608f,0.6056959205336906f,0.538285617394235f,-0.759893323978653f,-1.1918334532472155f,-1.1524972326075142f,0f,0f,0f,1f], start_interpolation: 0, interpolation_duration: 1 }
$data merge entity $(bone_tail_0) { transformation: [-1.0204615534142203f,0.4531425450292185f,-0.6222184250501637f,-0.12499163980420276f,0.5579571936528772f,1.147252993366637f,-0.0795616480870297f,0.6566309416712469f,0.5302619207886508f,-0.3351240362608466f,-1.113709967750041f,-0.8351324349690488f,0f,0f,0f,1f], start_interpolation: 0, interpolation_duration: 1 }
$data merge entity $(bone_body_1) { transformation: [-1.0307565454946346f,0.08060336333300862f,-0.677973920439145f,0.027198591274226844f,-0.015009251031071487f,1.2247494911494692f,0.16842803023503145f,0.5349782142857142f,0.6825835196953581f,0.14864850084939768f,-1.0200921315703662f,-0.6079878350090526f,0f,0f,0f,1f], start_interpolation: 0, interpolation_duration: 1 }