# This file was generated by Animated Java via MC-Build. It is not recommended to edit this file directly.
$data merge entity $(bone_head_lower) { transformation: [-0.9914772688058644f,-0.1291080594658891f,0.01743371510079806f,0.34727750554419445f,-0.12850379832014072f,0.9911858895949162f,0.03220723653515295f,0.2684970850945443f,-0.021438266220941367f,0.029692444306374355f,-0.9993291547295876f,0.3332894058074174f,0f,0f,0f,1f], start_interpolation: 0, interpolation_duration: 1 }
$data merge entity $(bone_head_upper) { transformation: [-1.0320282759844956f,-0.11065090839462367f,-0.07839615184064183f,0.3390680733810133f,-0.1337595501281852f,0.7315929361319282f,0.7282527728302015f,0.33508711586111134f,-0.022315082376766944f,0.7321202734911908f,-0.7395768282100301f,0.29873756768174536f,0f,0f,0f,1f], start_interpolation: 0, interpolation_duration: 1 }
$data merge entity $(bone_neck_0) { transformation: [-0.9953840887040383f,-0.07312076105526816f,-0.062160037464027346f,0.3365572093455355f,-0.08190335458217657f,0.9848154041545517f,0.1530701154637742f,0.3290259810166037f,0.05002355907986919f,0.15745467297798849f,-0.9862584192261057f,0.23239230062757696f,0f,0f,0f,1f], start_interpolation: 0, interpolation_duration: 1 }
$data merge entity $(bone_neck_1) { transformation: [-0.9785256710726621f,0.008451036833390727f,-0.2059516715839826f,0.3191493325169945f,-0.05386594582778988f,0.9539546182523728f,0.29507464512398773f,0.3584174259952841f,0.1989622349388786f,0.29983189672116334f,-0.933013859906012f,0.15473506895583383f,0f,0f,0f,1f], start_interpolation: 0, interpolation_duration: 1 }
$data merge entity $(bone_neck_2) { transformation: [-0.9685094099604672f,0.13261345624703746f,-0.2107206540428404f,0.301986991438005f,0.0477616718600625f,0.9295859491876263f,0.36549799694946555f,0.39953901919679957f,0.24435291182868893f,0.3439238786347277f,-0.9066465795367484f,0.07867325846332623f,0f,0f,0f,1f], start_interpolation: 0, interpolation_duration: 1 }
$data merge entity $(bone_body_0) { transformation: [-0.9402800291539923f,0.10115720744450982f,-0.32502413165209043f,0.1497679858782867f,0.033107145878759875f,0.9774742844379855f,0.20844169485544572f,0.5070884727279428f,0.33878811027828215f,0.18523294157486314f,-0.9224485750921801f,-0.3543087204857841f,0f,0f,0f,1f], start_interpolation: 0, interpolation_duration: 1 }
$data merge entity $(bone_leg_left_3) { transformation: [-0.4122164724096023f,0.10213719391152115f,-0.9053427933628583f,0.41829198628177666f,-0.03031084245049536f,0.9916088980836298f,0.12567038661240365f,0.09471068624456563f,0.9105815903608665f,0.07924510622902907f,-0.40566165758501954f,-0.6084713502629326f,0f,0f,0f,1f], start_interpolation: 0, interpolation_duration: 1 }
$data merge entity $(bone_leg_left_2) { transformation: [-0.8038712134905114f,-0.25883589523145795f,-0.5821144655149159f,0.33872066221896513f,-0.23192738177004735f,0.9918148177848191f,-0.12072802619297426f,0.3218104363504381f,0.5933489371417776f,0.037007378492544034f,-0.835840709842807f,-0.6247556971874163f,0f,0f,0f,1f], start_interpolation: 0, interpolation_duration: 1 }
$data merge entity $(bone_leg_left_1) { transformation: [-0.887417439994046f,0.44963005334601536f,-0.10160266887475333f,0.4839331942744005f,0.031912969241172456f,0.2798088007395705f,0.9595251937405789f,0.3463005587017888f,0.45986068497820654f,0.8482569481924349f,-0.26265623970245194f,-0.3895389033545127f,0f,0f,0f,1f], start_interpolation: 0, interpolation_duration: 1 }
$data merge entity $(bone_leg_left_0) { transformation: [-0.8697075321392003f,-0.40533878500856974f,-0.28161902973364233f,0.24658377604208448f,0.018169829663172807f,0.5438983207580922f,-0.8389543932577854f,0.630261555503211f,0.49323287180636377f,-0.734761924737737f,-0.46566752960169255f,-0.5827711069976346f,0f,0f,0f,1f], start_interpolation: 0, interpolation_duration: 1 }
$data merge entity $(bone_leg_right_3) { transformation: [-0.9989207418362028f,-0.04368472869074755f,-0.015779607366003694f,-0.1872776125576599f,-0.0439196387479443f,0.9989245392131205f,0.01486035968959426f,0.027602821613879336f,0.015113466235762263f,0.015537356180181705f,-0.9997650592520577f,-0.1829598584875328f,0f,0f,0f,1f], start_interpolation: 0, interpolation_duration: 1 }
$data merge entity $(bone_leg_right_2) { transformation: [-0.99740531976877f,0.22430117204441546f,0.08326951313147503f,-0.13087258113898742f,0.08821175272894081f,0.6765693373986958f,-0.7658556116351642f,0.1615049332614129f,-0.2224039439356677f,-0.737567024352421f,-0.6771953704880664f,-0.3754689985121187f,0f,0f,0f,1f], start_interpolation: 0, interpolation_duration: 1 }
$data merge entity $(bone_leg_right_1) { transformation: [-0.9677371809196552f,0.06439275502654673f,-0.24359458484492028f,-0.1197328293651409f,-0.1419365381234894f,0.659475294874282f,0.7382048188653318f,0.29868539208417844f,0.2081796527309937f,0.7489632224285578f,-0.6290590780190944f,-0.13449013365596946f,0f,0f,0f,1f], start_interpolation: 0, interpolation_duration: 1 }
$data merge entity $(bone_leg_right_0) { transformation: [-0.9605442260079008f,-0.25207144393712566f,-0.11753627965158203f,-0.09744820259218782f,-0.07968380471299424f,0.6542992232439935f,-0.7520259421913368f,0.6260694279064205f,0.26646816160536657f,-0.7129884386255916f,-0.6485693526808809f,-0.3926187199512191f,0f,0f,0f,1f], start_interpolation: 0, interpolation_duration: 1 }
$data merge entity $(bone_tail_4) { transformation: [-0.971625630675397f,2.58396238434217f,-0.06887206777326009f,-0.345080827664918f,2.5824143389406626f,0.9735671355189909f,0.0946812878609345f,0.6494678116243449f,0.11287669134190222f,-0.031092773148667815f,-2.758976879861379f,-2.140621825709284f,0f,0f,0f,1f], start_interpolation: 0, interpolation_duration: 1 }
$data merge entity $(bone_tail_3) { transformation: [-1.015278565417166f,1.7804612326717542f,0.36757687577142784f,-0.42483149325055786f,1.8151220972751803f,1.016446136221157f,0.09008079811410759f,0.6242467137033952f,-0.1024047490708065f,0.3643358027404162f,-2.0476128091642924f,-1.7969876728765437f,0f,0f,0f,1f], start_interpolation: 0, interpolation_duration: 1 }
$data merge entity $(bone_tail_2) { transformation: [-1.180376899252922f,1.5508793105392065f,-0.14232924806331962f,-0.39887658448410257f,1.557293636993487f,1.1774133980164299f,-0.0854873871034569f,0.64157033416009f,0.017910301293669773f,-0.16506038081749425f,-1.9471025054667075f,-1.435051602755952f,0f,0f,0f,1f], start_interpolation: 0, interpolation_duration: 1 }
$data merge entity $(bone_tail_1) { transformation: [-0.937512187242287f,0.9931278510189173f,-0.6499417053111229f,-0.27026067013667815f,1.1140503963316062f,1.0220050022532232f,-0.04531820608519624f,0.6377650186862616f,0.4094128273583698f,-0.5068126842334714f,-1.364982889964006f,-1.1355183939968083f,0f,0f,0f,1f], start_interpolation: 0, interpolation_duration: 1 }
$data merge entity $(bone_tail_0) { transformation: [-1.0491580839312378f,0.4911424960561517f,-0.5402611221191975f,-0.1005316700932969f,0.5556331266366835f,1.1506611195581269f,-0.03296260161469153f,0.6751649595380388f,0.47368223535372794f,-0.26190409139415655f,-1.1579581613362913f,-0.8034563180692211f,0f,0f,0f,1f], start_interpolation: 0, interpolation_duration: 1 }
$data merge entity $(bone_body_1) { transformation: [-1.0820194408504256f,0.07657264056617592f,-0.5932749408113454f,0.0322387324477348f,-0.013184714910106851f,1.2228457679449345f,0.1818762935848233f,0.5505139285714287f,0.5980507402977788f,0.16549759391645807f,-1.0693691848437525f,-0.5659903994722889f,0f,0f,0f,1f], start_interpolation: 0, interpolation_duration: 1 }