# This file was generated by Animated Java via MC-Build. It is not recommended to edit this file directly.
$data merge entity $(bone_head_lower) { transformation: [-0.9975508554949016f,-0.06314774917673727f,0.030077441302436413f,0.2216321842606938f,-0.0589646573676631f,0.9905293490879754f,0.12399507158296985f,0.25776748402931243f,-0.03762259803500716f,0.12191788371384882f,-0.9918268849692637f,0.4561452570184855f,0f,0f,0f,1f], start_interpolation: 0, interpolation_duration: 1 }
$data merge entity $(bone_head_upper) { transformation: [-1.0383502698384535f,-0.06913093116976955f,-0.022837996092442837f,0.21818314257129465f,-0.06137628728539329f,0.6555361723001915f,0.8062116476140626f,0.3280464295463122f,-0.03916134661855644f,0.8055837534019176f,-0.6580069511558426f,0.42886100477950656f,0f,0f,0f,1f], start_interpolation: 0, interpolation_duration: 1 }
$data merge entity $(bone_neck_0) { transformation: [-0.9994331778596776f,-0.02972078232702855f,-0.01581132793839092f,0.21796611832978885f,-0.03245799631730009f,0.9753401975607802f,0.21830707156930174f,0.3263414619405206f,0.008933166760566158f,0.21869653431174318f,-0.9757520301857746f,0.36221430763524676f,0f,0f,0f,1f], start_interpolation: 0, interpolation_duration: 1 }
$data merge entity $(bone_neck_1) { transformation: [-0.9944356823313482f,0.017738179011210956f,-0.10384137283160312f,0.20925110870636593f,-0.018973809634236807f,0.9394435044740896f,0.3421781647759022f,0.3596563423801263f,0.10362272074284434f,0.34224444320807745f,-0.9338795815516281f,0.28467912727762024f,0f,0f,0f,1f], start_interpolation: 0, interpolation_duration: 1 }
$data merge entity $(bone_neck_2) { transformation: [-0.9897824483504234f,0.09545680299792045f,-0.10591838225189013f,0.200906445795085f,0.043121918526261696f,0.9084517084981982f,0.41575953803769655f,0.404974306117279f,0.13590881163506563f,0.4069440896340929f,-0.9032858367271259f,0.20952875031412233f,0f,0f,0f,1f], start_interpolation: 0, interpolation_duration: 1 }
$data merge entity $(bone_body_0) { transformation: [-0.9789494789055715f,0.07964568222051957f,-0.1879214810875487f,0.11309848114433059f,0.030867711745592736f,0.9679033077358691f,0.2494200698531585f,0.5317455385991294f,0.2017550547622064f,0.23836894130232544f,-0.9499869186995723f,-0.23592575989095965f,0f,0f,0f,1f], start_interpolation: 0, interpolation_duration: 1 }
$data merge entity $(bone_leg_left_3) { transformation: [-0.7397086446835011f,0.09117115481746164f,-0.6667225371245138f,0.398149449044431f,-0.11032853195270165f,0.9609411627821574f,0.2538103557935288f,0.17993563858224715f,0.6638213133198271f,0.26130423303139644f,-0.7007577054747338f,-0.42012448690952214f,0f,0f,0f,1f], start_interpolation: 0, interpolation_duration: 1 }
$data merge entity $(bone_leg_left_2) { transformation: [-0.9276745523692452f,-0.1876165456754037f,-0.39532538013141083f,0.3407598055371809f,-0.20083671291230387f,1.0058280134003046f,-0.006068089194498907f,0.41389358325870296f,0.38877594978830177f,0.0719182782658258f,-0.9464371197381143f,-0.43200644831725443f,0f,0f,0f,1f], start_interpolation: 0, interpolation_duration: 1 }
$data merge entity $(bone_leg_left_1) { transformation: [-0.953443571139839f,0.2919476085883983f,0.07557744697743055f,0.43505292767710546f,0.12142697861803127f,0.14225134253159344f,0.9823543375033551f,0.3980201432666307f,0.276045006322895f,0.9457965687120432f,-0.17107894404840773f,-0.17148729992372663f,0f,0f,0f,1f], start_interpolation: 0, interpolation_duration: 1 }
$data merge entity $(bone_leg_left_0) { transformation: [-0.9421876191862567f,-0.24002944106993834f,-0.23381265507193233f,0.25028992532001837f,0.10650493606136141f,0.44706939574816645f,-0.8881360560071496f,0.6582378716081745f,0.31770928353873884f,-0.8616929980016215f,-0.3956589293170052f,-0.44066502073511665f,0f,0f,0f,1f], start_interpolation: 0, interpolation_duration: 1 }
$data merge entity $(bone_leg_right_3) { transformation: [-0.997515837928985f,-0.031518522486647355f,0.06299790330712603f,-0.190820384390266f,-0.02941818414368402f,0.9989889774620002f,0.03399401934334606f,0.009798122057479791f,-0.06400565227012053f,0.032056288769696795f,-0.997434544633276f,-0.21485732885954836f,0f,0f,0f,1f], start_interpolation: 0, interpolation_duration: 1 }
$data merge entity $(bone_leg_right_2) { transformation: [-1.0039314845968939f,0.18091729383518854f,0.10701731881860684f,-0.14378403387593044f,0.08353362837385771f,0.8225873080224732f,-0.6069880172719508f,0.18265378844432562f,-0.19288832693159405f,-0.5853898299188226f,-0.8198628177090587f,-0.37634903884575066f,0f,0f,0f,1f], start_interpolation: 0, interpolation_duration: 1 }
$data merge entity $(bone_leg_right_1) { transformation: [-0.9662423697554049f,0.015693804976613455f,-0.2571563481130025f,-0.1451252298227419f,-0.2051570973325058f,0.5568960684790982f,0.8048461556885418f,0.2871731935067575f,0.1558404578521265f,0.8304339067005151f,-0.5348768814396078f,-0.11927457333314243f,0f,0f,0f,1f], start_interpolation: 0, interpolation_duration: 1 }
$data merge entity $(bone_leg_right_0) { transformation: [-0.9700676630086943f,-0.238146509119864f,-0.04748651786426178f,-0.12196836591123401f,-0.15617792947516426f,0.7615907466343953f,-0.6289578594673214f,0.655559259442879f,0.18594941121095532f,-0.6027153348263895f,-0.7759877844627532f,-0.3143713304623796f,0f,0f,0f,1f], start_interpolation: 0, interpolation_duration: 1 }
$data merge entity $(bone_tail_4) { transformation: [-1.3792100908259897f,0.23083864495425663f,2.381208595851999f,0.22840985447385598f,2.0625112602233155f,1.507444615351953f,1.0484843178123522f,0.9464353326724313f,-1.2122244670092233f,2.3021697555224043f,-0.9253040526995003f,-1.8687972759629063f,0f,0f,0f,1f], start_interpolation: 0, interpolation_duration: 1 }
$data merge entity $(bone_tail_3) { transformation: [-1.2828975431724334f,0.3173139446661692f,1.609170991624872f,-0.04755124625601043f,1.4147156026570435f,1.2477641818886929f,0.8818218845315666f,0.7847005759198307f,-0.8298790173063159f,1.6365640632008516f,-0.9843294213415893f,-1.7179064453041042f,0f,0f,0f,1f], start_interpolation: 0, interpolation_duration: 1 }
$data merge entity $(bone_tail_2) { transformation: [-1.4660368528683492f,0.9791410904094335f,0.8430851357404351f,-0.20512999574603435f,1.203692633451408f,1.4984766954815238f,0.35279670105652117f,0.7203630711046485f,-0.4697167925563833f,0.7839797147716108f,-1.7272856789251585f,-1.3969685897113784f,0f,0f,0f,1f], start_interpolation: 0, interpolation_duration: 1 }
$data merge entity $(bone_tail_1) { transformation: [-1.2014088009885702f,0.8913488442591035f,-0.22309276264631944f,-0.16687094887230616f,0.895580630451643f,1.2180629774307257f,0.043751198525686416f,0.6952031271763011f,0.20544701815077224f,-0.09734511210408703f,-1.495316589181836f,-1.0741994778796164f,0f,0f,0f,1f], start_interpolation: 0, interpolation_duration: 1 }
$data merge entity $(bone_tail_0) { transformation: [-1.1393929882786404f,0.4568881373913415f,-0.3561917527913413f,-0.05175791541006845f,0.4660195144066305f,1.1897113295900994f,0.035333850925060306f,0.7135876083686359f,0.34415860738576f,-0.09836614631089631f,-1.2270756581426696f,-0.7179932010129787f,0f,0f,0f,1f], start_interpolation: 0, interpolation_duration: 1 }
$data merge entity $(bone_body_1) { transformation: [-1.1707943829203344f,0.06111917681013098f,-0.39256789757250293f,0.035391811485163835f,-0.008424537884105398f,1.2175561137968174f,0.21468752169998395f,0.5816647222222224f,0.39720792431657564f,0.20597609336593836f,-1.1525642319966702f,-0.46391211352333867f,0f,0f,0f,1f], start_interpolation: 0, interpolation_duration: 1 }