# This file was generated by Animated Java via MC-Build. It is not recommended to edit this file directly.
$data merge entity $(bone_head_lower) { transformation: [-0.9982127819924616f,-0.04810869513196191f,0.035451309137614684f,0.1816913685349471f,-0.042468102626294f,0.9884377209165126f,0.14555868963649465f,0.2587505196745212f,-0.04204404983102059f,0.1437929946905298f,-0.9887142522244414f,0.49865550052832464f,0f,0f,0f,1f], start_interpolation: 0, interpolation_duration: 1 }
$data merge entity $(bone_head_upper) { transformation: [-1.039039268853961f,-0.06166358005893476f,-0.008181885922534913f,0.17942014397911601f,-0.04420503032866667f,0.6356487352699999f,0.8230847728070292f,0.3297514172973066f,-0.04376363395075524f,0.8219612100503724f,-0.6371314276501038f,0.47317667466109514f,0f,0f,0f,1f], start_interpolation: 0, interpolation_duration: 1 }
$data merge entity $(bone_neck_0) { transformation: [-0.999784457570333f,-0.020620515349785238f,-0.0024151081765601268f,0.1799217435365375f,-0.020617583212560416f,0.9724438895632794f,0.23222359249980123f,0.3289895046042503f,-0.00244001296479425f,0.23222333215624544f,-0.972659431835718f,0.40651406039170845f,0f,0f,0f,1f], start_interpolation: 0, interpolation_duration: 1 }
$data merge entity $(bone_neck_1) { transformation: [-0.9969308764985763f,0.01801214574348331f,-0.07618654795629008f,0.1735507226801198f,-0.009862589973776741f,0.9365220626546262f,0.3504699066683668f,0.362993345693978f,0.07766309807617597f,0.3501456679252795f,-0.9334701143745151f,0.3290499672328592f,0f,0f,0f,1f], start_interpolation: 0, interpolation_duration: 1 }
$data merge entity $(bone_neck_2) { transformation: [-0.9935169873858299f,0.08297252177409854f,-0.07771458297019566f,0.16755469519855293f,0.04228019526903775f,0.9042480274629476f,0.4249092725716639f,0.40907173813467956f,0.10552905222637374f,0.41886879265447224f,-0.9018938705171402f,0.25413828724461146f,0f,0f,0f,1f], start_interpolation: 0, interpolation_duration: 1 }
$data merge entity $(bone_body_0) { transformation: [-0.9862771971044636f,0.07133737525260878f,-0.1488901251387461f,0.09806291522963133f,0.031600208152488006f,0.9667249733662934f,0.25385872589820235f,0.5379236674578108f,0.16204541744980763f,0.245670113693155f,-0.9557130730096297f,-0.1939453852202338f,0f,0f,0f,1f], start_interpolation: 0, interpolation_duration: 1 }
$data merge entity $(bone_leg_left_3) { transformation: [-0.8006530178069766f,0.06630669256881101f,-0.5954478714355829f,0.37569908537185553f,-0.09576856741486525f,0.9669138921584295f,0.23644429924686583f,0.15729342542012373f,0.5914246584070413f,0.2463350313528757f,-0.7678124287588033f,-0.3700747980314664f,0f,0f,0f,1f], start_interpolation: 0, interpolation_duration: 1 }
$data merge entity $(bone_leg_left_2) { transformation: [-0.946289751716259f,-0.1833160827425456f,-0.35070374834809454f,0.3206620026025316f,-0.18052918364323556f,1.0088866029462025f,-0.04023972849650951f,0.39093977082505876f,0.35214644560265307f,0.024601538657044338f,-0.9630419744984214f,-0.393556213346051f,0f,0f,0f,1f], start_interpolation: 0, interpolation_duration: 1 }
$data merge entity $(bone_leg_left_1) { transformation: [-0.9620354755514174f,0.25272474826624514f,0.10304341509442128f,0.4030139205020643f,0.1485336687715998f,0.1680754853690969f,0.9745195639181345f,0.38195762377194203f,0.22896613946565733f,0.9528278085948718f,-0.1992327135449588f,-0.12869612138738978f,0f,0f,0f,1f], start_interpolation: 0, interpolation_duration: 1 }
$data merge entity $(bone_leg_left_0) { transformation: [-0.9538089141351709f,-0.1716078587811588f,-0.24657513686670068f,0.2448031275030875f,0.12926193974367747f,0.5064801933330927f,-0.8525075745675077f,0.6652476658553421f,0.27118242245762947f,-0.8450021044741952f,-0.4609029585326968f,-0.39141912304402693f,0f,0f,0f,1f], start_interpolation: 0, interpolation_duration: 1 }
$data merge entity $(bone_leg_right_3) { transformation: [-0.9964813908358273f,-0.02829614131060458f,0.0788933844173608f,-0.1921847986788869f,-0.025542959502915817f,0.9990363873393757f,0.035691091209449244f,0.008222581233415793f,-0.07982728191368894f,0.03355033768561977f,-0.9962439359431268f,-0.21094947860218063f,0f,0f,0f,1f], start_interpolation: 0, interpolation_duration: 1 }
$data merge entity $(bone_leg_right_2) { transformation: [-1.0062876143817816f,0.16339557171396416f,0.11291290354420999f,-0.14904688092691104f,0.07551434321264495f,0.8540800576696455f,-0.5629449693894353f,0.18979273023670284f,-0.18369817803037705f,-0.5439773356822654f,-0.8499446082851739f,-0.36373191577662656f,0f,0f,0f,1f], start_interpolation: 0, interpolation_duration: 1 }
$data merge entity $(bone_leg_right_1) { transformation: [-0.9639287823539318f,0.002273755619928274f,-0.2661505825374937f,-0.15351078790280306f,-0.224383943016708f,0.5308881043406696f,0.8171962229390475f,0.2862086682888089f,0.14315428273698674f,0.8474388772678247f,-0.5112281297318325f,-0.10354462538024953f,0f,0f,0f,1f], start_interpolation: 0, interpolation_duration: 1 }
$data merge entity $(bone_leg_right_0) { transformation: [-0.9702479887305078f,-0.24047625507902426f,-0.028107136239262948f,-0.13282529327100775f,-0.1770068723055242f,0.7837500154154573f,-0.5953188057611536f,0.6629786524545324f,0.165189005448366f,-0.5726317176680298f,-0.8029978258996354f,-0.28221686135453716f,0f,0f,0f,1f], start_interpolation: 0, interpolation_duration: 1 }
$data merge entity $(bone_tail_4) { transformation: [-1.6441119353933724f,0.11719856969852999f,2.2155861009578657f,0.21652759713765443f,1.8674285459642417f,1.5621270354650167f,1.3031235867664896f,0.992686356791382f,-1.1980266696592945f,2.2741338905020307f,-1.0093108928646124f,-1.85933724504513f,0f,0f,0f,1f], start_interpolation: 0, interpolation_duration: 1 }
$data merge entity $(bone_tail_3) { transformation: [-1.45420820854491f,0.27749884902291777f,1.4643149937892475f,-0.034481657418039685f,1.2649481899476769f,1.3116802525937499f,1.007644043176031f,0.808991342650724f,-0.7881180679271003f,1.593246631815363f,-1.0846108091201663f,-1.6910185017572124f,0f,0f,0f,1f], start_interpolation: 0, interpolation_duration: 1 }
$data merge entity $(bone_tail_2) { transformation: [-1.5801580466227991f,0.8616086306180358f,0.7612522514518499f,-0.17696020598710388f,1.0649142555278017f,1.5845555606335877f,0.4170313880772327f,0.7326306135527828f,-0.4333959518381156f,0.7520559273833749f,-1.75081515472669f,-1.3656873070979478f,0f,0f,0f,1f], start_interpolation: 0, interpolation_duration: 1 }
$data merge entity $(bone_tail_1) { transformation: [-1.2806275049336118f,0.7827938583598818f,-0.18677049799569997f,-0.14511464933497525f,0.7833402649578051f,1.2929567634730457f,0.0479279363747726f,0.7057636143658574f,0.1844653704719367f,-0.05615009441984184f,-1.500158639608923f,-1.0423597612948814f,0f,0f,0f,1f], start_interpolation: 0, interpolation_duration: 1 }
$data merge entity $(bone_tail_0) { transformation: [-1.171916104474479f,0.4037118494320708f,-0.31219401545437536f,-0.044142015878856536f,0.4065717118634899f,1.2111701363553098f,0.04002574793154637f,0.7232948534358187f,0.30846037633670415f,-0.06260479225446947f,-1.2388577613273533f,-0.6818474948594806f,0f,0f,0f,1f], start_interpolation: 0, interpolation_duration: 1 }
$data merge entity $(bone_body_1) { transformation: [-1.1876840470390828f,0.055241779756206484f,-0.33905684661201396f,0.03096302563898509f,-0.007136303494147722f,1.2160463264189396f,0.22312552572866087f,0.5895119444444445f,0.3434534504668069f,0.2162967240357992f,-1.167844188918229f,-0.42490919913959335f,0f,0f,0f,1f], start_interpolation: 0, interpolation_duration: 1 }