# This file was generated by Animated Java via MC-Build. It is not recommended to edit this file directly.
$data merge entity $(bone_head_lower) { transformation: [-0.9998820958004466f,-0.014707700304320219f,0.004413394324606748f,0.07215151916230164f,-0.014028956538968202f,0.9918168162985344f,0.12689598609044767f,0.34062586976297204f,-0.006243626841341001f,0.126819109203612f,-0.9919062106190629f,0.6819542965741212f,0f,0f,0f,1f], start_interpolation: 0, interpolation_duration: 1 }
$data merge entity $(bone_head_upper) { transformation: [-1.040776856901145f,-0.014119631457577227f,-0.0074908430755425805f,0.07099498068117432f,-0.014602735016013444f,0.6416193496710212f,0.8195018687234917f,0.41152302938471147f,-0.006498988577640664f,0.8195103347235748f,-0.641741783751245f,0.6561141791574349f,0f,0f,0f,1f], start_interpolation: 0, interpolation_duration: 1 }
$data merge entity $(bone_neck_0) { transformation: [-0.9999598422988287f,-0.0048354028807699075f,-0.007545373992181203f,0.07090868233044176f,-0.006147848690290631f,0.9827231508931317f,0.18497949252594606f,0.40753469738669224f,0.006520563333220063f,0.18501845199237799f,-0.9827134143157719f,0.5895647838576643f,0f,0f,0f,1f], start_interpolation: 0, interpolation_duration: 1 }
$data merge entity $(bone_neck_1) { transformation: [-0.9994631115545486f,0.008622630653894573f,-0.031609158203062766f,0.06827069514203458f,-0.0006456530055783218f,0.9593780411498366f,0.28212294712004343f,0.435853948584763f,0.032757774251254f,0.28199188711753564f,-0.958857394937326f,0.5096360788781289f,0f,0f,0f,1f], start_interpolation: 0, interpolation_duration: 1 }
$data merge entity $(bone_neck_2) { transformation: [-0.9990164864381748f,0.030863951550652108f,-0.03183514283622916f,0.06578387524166024f,0.017228724180380763f,0.93175557179448f,0.3626771642839648f,0.4767496576498709f,0.04085622214351783f,0.36177198747915884f,-0.9313709240616969f,0.43158297451330685f,0f,0f,0f,1f], start_interpolation: 0, interpolation_duration: 1 }
$data merge entity $(bone_body_0) { transformation: [-0.9980633950401885f,0.025036750392889027f,-0.05694401294795513f,0.0391848818227678f,0.015392460098257569f,0.9863585062853593f,0.16389011334012338f,0.5633867511996469f,0.060270487412798134f,0.16269621448662874f,-0.9848336966913473f,-0.031015568797709253f,0f,0f,0f,1f], start_interpolation: 0, interpolation_duration: 1 }
$data merge entity $(bone_leg_left_3) { transformation: [-0.9478370542684302f,0.015831048967215794f,-0.3183618954026112f,0.25107715083056514f,-0.017477512174374713f,0.9946823341497963f,0.10149675215743409f,0.05602142861613549f,0.3182757532768402f,0.1017665564854714f,-0.9425200861823316f,-0.2176113728942366f,0f,0f,0f,1f], start_interpolation: 0, interpolation_duration: 1 }
$data merge entity $(bone_leg_left_2) { transformation: [-0.9955328962444823f,-0.11144358360154807f,-0.22035602934753676f,0.21674537687358744f,-0.06099207066544089f,0.9979169215831285f,-0.22913747933214387f,0.28145841790506043f,0.2392831362877659f,-0.20929487521865311f,-0.9751930246859818f,-0.296164318245304f,0f,0f,0f,1f], start_interpolation: 0, interpolation_duration: 1 }
$data merge entity $(bone_leg_left_1) { transformation: [-0.9595811435664919f,0.14663097175877127f,0.24021529308664397f,0.2629509695569531f,0.27602714917357496f,0.32387884996076555f,0.9049372925607614f,0.3159544465500035f,0.05489118172104538f,0.9346667045900215f,-0.3512621663374763f,-0.024708147064260805f,0f,0f,0f,1f], start_interpolation: 0, interpolation_duration: 1 }
$data merge entity $(bone_leg_left_0) { transformation: [-0.9677354994987166f,0.12874908408949187f,-0.216591034800812f,0.2186098582035736f,0.23535335099083166f,0.7688572402055042f,-0.5945311971301102f,0.6935972001636674f,0.08998223817707574f,-0.62632437085722f,-0.7743519737709407f,-0.19712361925712923f,0f,0f,0f,1f], start_interpolation: 0, interpolation_duration: 1 }
$data merge entity $(bone_leg_right_3) { transformation: [-0.9912453983442813f,-0.01713529229271142f,0.1309157821629258f,-0.18559836929376478f,-0.013541938514616601f,0.9995080527876825f,0.028289014013237523f,0.01677400853443889f,-0.1313361190326319f,0.02626850149167509f,-0.9909898030085009f,-0.18035843891393705f,0f,0f,0f,1f], start_interpolation: 0, interpolation_duration: 1 }
$data merge entity $(bone_leg_right_2) { transformation: [-1.0128202077295894f,0.0860962879692854f,0.13727656578307876f,-0.1597157215344887f,0.025519597533048537f,0.9428486166383129f,-0.4030476842082889f,0.2240550828232839f,-0.16001930026417843f,-0.3945707982122137f,-0.9331505281795821f,-0.30092259964442597f,0f,0f,0f,1f], start_interpolation: 0, interpolation_duration: 1 }
$data merge entity $(bone_leg_right_1) { transformation: [-0.9493252995585157f,-0.05581952867641742f,-0.30929865152709135f,-0.1773825091775666f,-0.3011909373818468f,0.44277431648184795f,0.8445323699557503f,0.2935537922456509f,0.08980810017575744f,0.8948938958794916f,-0.4371491967972106f,-0.032834555034515434f,0f,0f,0f,1f], start_interpolation: 0, interpolation_duration: 1 }
$data merge entity $(bone_leg_right_0) { transformation: [-0.963810202651564f,-0.2618056653108879f,0.05027610641124075f,-0.17220107765559656f,-0.2538527559017765f,0.843699031299388f,-0.4730018212497151f,0.6928396445138689f,0.08141665422887459f,-0.46864670936175135f,-0.8796258239834583f,-0.15470021677021112f,0f,0f,0f,1f], start_interpolation: 0, interpolation_duration: 1 }
$data merge entity $(bone_tail_4) { transformation: [-2.7105966842186198f,0.3054654090887742f,0.4301369909148169f,-0.040662506753172276f,0.43956643316496724f,2.5526838784176116f,0.9572082841792816f,0.8051895167181009f,-0.2917332650515772f,1.0080462451281906f,-2.5542896862621713f,-1.93118632716146f,0f,0f,0f,1f], start_interpolation: 0, interpolation_duration: 1 }
$data merge entity $(bone_tail_3) { transformation: [-2.0536153087573914f,0.27625587198529167f,0.20565111931466346f,-0.07823671751714485f,0.31218942029349966f,2.0182638770903725f,0.4063178735096334f,0.7165427239899228f,-0.14542164742065206f,0.431554332234341f,-2.031885559975187f,-1.5908767206863597f,0f,0f,0f,1f], start_interpolation: 0, interpolation_duration: 1 }
$data merge entity $(bone_tail_2) { transformation: [-1.9337869363223785f,0.2805381650188298f,0.023244308541091045f,-0.08392095791738832f,0.279677823855796f,1.9330393953508722f,-0.0625530644141164f,0.728837980716363f,-0.03197303168252854f,-0.058573961725139186f,-1.953028594582175f,-1.2278505507726138f,0f,0f,0f,1f], start_interpolation: 0, interpolation_duration: 1 }
$data merge entity $(bone_tail_1) { transformation: [-1.493965551769944f,0.19700315371920726f,-0.13004975028585958f,-0.0569165699537586f,0.2066253646856655f,1.4942710502857548f,-0.11007377955908884f,0.7340613059928697f,0.1141452530473509f,-0.126491247533549f,-1.5028729405722105f,-0.9030118878911864f,0f,0f,0f,1f], start_interpolation: 0, interpolation_duration: 1 }
$data merge entity $(bone_tail_0) { transformation: [-1.266910224760807f,0.10537072643995882f,-0.13293309967823913f,-0.015527645244612694f,0.10467626544484737f,1.2738647622523398f,0.012131097573473627f,0.7612569432330234f,0.1334806294301505f,0.001137578714924125f,-1.271226708367011f,-0.5315024458479136f,0f,0f,0f,1f], start_interpolation: 0, interpolation_duration: 1 }
$data merge entity $(bone_body_1) { transformation: [-1.2291445463158617f,0.024995443106292977f,-0.13108587697438998f,0.01326436445805506f,-0.002382598105740365f,1.2101819095027755f,0.2530981315512482f,0.6209008333333335f,0.13342639373261705f,0.2518721278593296f,-1.2030637654419538f,-0.2687723478421106f,0f,0f,0f,1f], start_interpolation: 0, interpolation_duration: 1 }