# This file was generated by Animated Java via MC-Build. It is not recommended to edit this file directly.
$data merge entity $(bone_head_lower) { transformation: [-0.9999523269422435f,-0.009358620758919271f,-0.0027856884756080704f,0.04925488001633711f,-0.009608658614825651f,0.9938610247658795f,0.11021768066394722f,0.368421461097768f,0.00173710172878479f,0.11023919297966045f,-0.9939035681638219f,0.727262887674576f,0f,0f,0f,1f], start_interpolation: 0, interpolation_duration: 1 }
$data merge entity $(bone_head_upper) { transformation: [-1.0408499604673784f,-0.004870579456321476f,-0.008920753013245493f,0.048207429635660735f,-0.010001648748564265f,0.6533590195509106f,0.8102431123911455f,0.4389453859431134f,0.001808148465699701f,0.8102902020947431f,-0.6533746716638881f,0.7004163727442361f,0f,0f,0f,1f], start_interpolation: 0, interpolation_duration: 1 }
$data merge entity $(bone_neck_0) { transformation: [-0.9999457874708811f,-0.0031306542717156978f,-0.009930816838016044f,0.04793920827001628f,-0.004703007982155574f,0.986697561830196f,0.16249862520731212f,0.4334384199069622f,0.009289985745899492f,0.16253652045671976f,-0.986658793951923f,0.6339758908324334f,0f,0f,0f,1f], start_interpolation: 0, interpolation_duration: 1 }
$data merge entity $(bone_neck_1) { transformation: [-0.999688380127309f,0.0054391875018185f,-0.024363043277815324f,0.04590039639636474f,-0.0009610774178682213f,0.9668631144125203f,0.2552935453918074f,0.45951935143964073f,0.0249443173615456f,0.2552374056204184f,-0.966556593171618f,0.5532717081585297f,0f,0f,0f,1f], start_interpolation: 0, interpolation_duration: 1 }
$data merge entity $(bone_neck_2) { transformation: [-0.9995152370550535f,0.01927323100345301f,-0.024450633150645742f,0.04394703452991273f,0.009897726303081587f,0.9413150500910138f,0.337384071180282f,0.4982927891178647f,0.029518230109700113f,0.3369785142094965f,-0.9410494966006577f,0.4741279446507698f,0f,0f,0f,1f], start_interpolation: 0, interpolation_duration: 1 }
$data merge entity $(bone_body_0) { transformation: [-0.9991119163462197f,0.014506880599926348f,-0.03955918389254358f,0.025441135679611586f,0.009153573523832545f,0.9911686651696976f,0.13229092666340997f,0.5700831272599276f,0.04112895217153473f,0.13181133335559347f,-0.9904212142781941f,0.008601808155389218f,0f,0f,0f,1f], start_interpolation: 0, interpolation_duration: 1 }
$data merge entity $(bone_leg_left_3) { transformation: [-0.9647830416257613f,0.013750713778458289f,-0.26268726741493814f,0.22192192212988535f,-0.0037433356503165597f,0.9978139103773511f,0.06598020684772657f,0.0425758222686555f,0.26302028444504694f,0.06463991126264515f,-0.9626224658932518f,-0.18818961407362653f,0f,0f,0f,1f], start_interpolation: 0, interpolation_duration: 1 }
$data merge entity $(bone_leg_left_2) { transformation: [-1.0020036270877237f,-0.08732171365303135f,-0.20106180425042922f,0.19379916046011428f,-0.03182320362900397f,0.9887849046652673f,-0.27083924294234f,0.2646406323367571f,0.21688295118456608f,-0.2583438215469667f,-0.9686498102279674f,-0.27800833412406406f,0f,0f,0f,1f], start_interpolation: 0, interpolation_duration: 1 }
$data merge entity $(bone_leg_left_1) { transformation: [-0.9526262330380578f,0.1324251308544455f,0.2738007393085392f,0.234225712590124f,0.3035642721789432f,0.3584547214322389f,0.8828130862982292f,0.30915481068355344f,0.018761470736276334f,0.9241070270272375f,-0.38167290945873134f,-0.007088479796709735f,0f,0f,0f,1f], start_interpolation: 0, interpolation_duration: 1 }
$data merge entity $(bone_leg_left_0) { transformation: [-0.9646704030820592f,0.18939200655561847f,-0.18314388133468634f,0.2113285721566063f,0.25867508302705955f,0.81275409010105f,-0.522032556882191f,0.700842800749743f,0.04998214519646947f,-0.5509641157796493f,-0.8330308087248084f,-0.14978927854124868f,0f,0f,0f,1f], start_interpolation: 0, interpolation_duration: 1 }
$data merge entity $(bone_leg_right_3) { transformation: [-0.9895866117923441f,-0.015080499171591537f,0.14314648548282255f,-0.18293108078035633f,-0.011753983507655531f,0.9996415160640857f,0.02405583573270531f,0.02207050490453033f,-0.14345794377813337f,0.022122791547017073f,-0.9894091168273709f,-0.1659586970901486f,0f,0f,0f,1f], start_interpolation: 0, interpolation_duration: 1 }
$data merge entity $(bone_leg_right_2) { transformation: [-1.0130172193886937f,0.06937963756995859f,0.1450681860828029f,-0.16070395835111734f,0.012152495122500828f,0.9557060765344847f,-0.3722101713253607f,0.23332238913279574f,-0.16034534475622034f,-0.365888727164992f,-0.9447100133105851f,-0.28019384275267595f,0f,0f,0f,1f], start_interpolation: 0, interpolation_duration: 1 }
$data merge entity $(bone_leg_right_1) { transformation: [-0.9452870102500431f,-0.07160701157818664f,-0.3182843133825104f,-0.18210272087567672f,-0.3174558331046432f,0.42676506110635104f,0.8468136611124846f,0.29802696746688007f,0.07519482881403164f,0.9015231658208981f,-0.42614753220908663f,-0.01117935213034621f,0f,0f,0f,1f], start_interpolation: 0, interpolation_duration: 1 }
$data merge entity $(bone_leg_right_0) { transformation: [-0.9611817618501232f,-0.2669864750260306f,0.06962645215625828f,-0.18083630630445582f,-0.26917777590618375f,0.8519336098676741f,-0.4491686201595501f,0.7003877376577143f,0.060604831860944286f,-0.45047457922840506f,-0.8907298736564855f,-0.12258619828454587f,0f,0f,0f,1f], start_interpolation: 0, interpolation_duration: 1 }
$data merge entity $(bone_tail_4) { transformation: [-2.7557222072732594f,0.1625022539427244f,0.07245319457781262f,-0.0640868158049083f,0.17356193170992848f,2.7026375655671044f,0.539710826875501f,0.7015107105879395f,-0.039149761201240946f,0.5431432023408312f,-2.7072355068498997f,-1.9019612593022188f,0f,0f,0f,1f], start_interpolation: 0, interpolation_duration: 1 }
$data merge entity $(bone_tail_3) { transformation: [-2.0784497748528246f,0.1263872813911875f,0.004279551522247154f,-0.06604926836649412f,0.12645812338392046f,2.077586662547304f,0.05989598217091698f,0.6710237488841925f,-0.0006344201320343069f,0.06004532248682193f,-2.0814273186453076f,-1.5496156940104395f,0f,0f,0f,1f], start_interpolation: 0, interpolation_duration: 1 }
$data merge entity $(bone_tail_2) { transformation: [-1.9503011086196338f,0.10908929746291846f,-0.056559578312179046f,-0.056951148578557986f,0.11604903822673232f,1.9308917042348186f,-0.2774233628348294f,0.7231414192449671f,0.040399027790963514f,-0.280233164880572f,-1.9335488529792415f,-1.1902099948046108f,0f,0f,0f,1f], start_interpolation: 0, interpolation_duration: 1 }
$data merge entity $(bone_tail_1) { transformation: [-1.507573184292294f,0.07618954170121883f,-0.09526015818878256f,-0.03594327073665957f,0.08627873036535674f,1.5010037342536449f,-0.16492428700211714f,0.7402006374412752f,0.08622832880982739f,-0.16982106315758622f,-1.500460506584126f,-0.8653341275230615f,0f,0f,0f,1f], start_interpolation: 0, interpolation_duration: 1 }
$data merge entity $(bone_tail_0) { transformation: [-1.2745421549139941f,0.04311991729070984f,-0.08671034923272918f,-0.009563930939220188f,0.0430674360682894f,1.2774881255897819f,0.0022364059643746412f,0.7703751717554248f,0.0867364276513814f,-0.0006915880103266943f,-1.275269395229231f,-0.49268745946931825f,0f,0f,0f,1f], start_interpolation: 0, interpolation_duration: 1 }
$data merge entity $(bone_body_1) { transformation: [-1.233402848764542f,0.01652130926522635f,-0.08395864491477079f,0.008842450507792388f,-0.0014312248365491544f,1.2089507962247872f,0.25892183947896424f,0.6287480555555556f,0.08555676075699141f,0.25839816892514167f,-1.2060327615952873f,-0.22970668662467267f,0f,0f,0f,1f], start_interpolation: 0, interpolation_duration: 1 }