# This file was generated by Animated Java via MC-Build. It is not recommended to edit this file directly.
$data merge entity $(bone_head_lower) { transformation: [-0.999140903008293f,0.030572994537144543f,-0.027977632866356097f,0.025767099968841668f,0.026464480987725955f,0.9902207652040607f,0.13697615633654753f,0.47990971452982834f,0.03189180430491773f,0.13611806699962986f,-0.9901791679562144f,0.8257010010461902f,0f,0f,0f,1f], start_interpolation: 0, interpolation_duration: 1 }
$data merge entity $(bone_head_upper) { transformation: [-1.0400053496326227f,0.04257720576110617f,-0.0069279772379709625f,0.025922715966513958f,0.02754686723325687f,0.7841606309540997f,0.6839628773192359f,0.5446769843997898f,0.03319616581273708f,0.6831919415469941f,-0.7846137445674076f,0.7869629960762681f,0f,0f,0f,1f], start_interpolation: 0, interpolation_duration: 1 }
$data merge entity $(bone_neck_0) { transformation: [-0.999140903008293f,0.02735087603375223f,-0.031134956495219267f,0.023788362704853842f,0.026464480987725955f,0.9992424290259524f,0.028534177408225628f,0.5302939282745236f,0.03189180430491773f,0.027685693318031987f,-0.9991078095999834f,0.7218991160278974f,0f,0f,0f,1f], start_interpolation: 0, interpolation_duration: 1 }
$data merge entity $(bone_neck_1) { transformation: [-0.999140903008293f,0.030893238241299546f,-0.027623608865229504f,0.021590601761025438f,0.026464480987725955f,0.988577251910356f,0.14837334077056546f,0.5474173494652826f,0.03189180430491773f,0.14751482920823375f,-0.9885455416832561f,0.6388359163658996f,0f,0f,0f,1f], start_interpolation: 0, interpolation_duration: 1 }
$data merge entity $(bone_neck_2) { transformation: [-0.999140903008293f,0.03367059181011306f,-0.024160860558548537f,0.019803585307583284f,0.026464480987725955f,0.9670365447848751f,0.25325866677486114f,0.5790726002860458f,0.03189180430491773f,0.25240168838121235f,-0.967096841335184f,0.5565821501189347f,0f,0f,0f,1f], start_interpolation: 0, interpolation_duration: 1 }
$data merge entity $(bone_body_0) { transformation: [-0.999140903008293f,0.027518748343575632f,-0.030986681419213513f,0.005461829031171263f,0.026464480987725955f,0.9990736195561735f,0.03393425928138441f,0.6045831145001869f,0.03189180430491773f,0.03308506002002845f,-0.9989435878074636f,0.08609895977674725f,0f,0f,0f,1f], start_interpolation: 0, interpolation_duration: 1 }
$data merge entity $(bone_leg_left_3) { transformation: [-0.9835710724599819f,0.0005146741955402642f,-0.1805205820132251f,0.20348638870460756f,-0.002704649791288045f,0.9998416793451023f,0.017586958630554927f,0.03355947318453947f,0.18050105343024336f,0.017786268716029285f,-0.9834139608301959f,-0.12656633288365f,0f,0f,0f,1f], start_interpolation: 0, interpolation_duration: 1 }
$data merge entity $(bone_leg_left_2) { transformation: [-1.008888474352048f,-0.06565596419139602f,-0.1729032682929656f,0.18127342566146132f,-0.007311999596187793f,0.9723051548140155f,-0.3265446678246236f,0.2500993564986618f,0.18480470903685456f,-0.31995965337661963f,-0.9568360566103327f,-0.23043228145759692f,0f,0f,0f,1f], start_interpolation: 0, interpolation_duration: 1 }
$data merge entity $(bone_leg_left_1) { transformation: [-0.9483033403497253f,0.1044889321368749f,0.29967121607262964f,0.21265241942314148f,0.31310577525074856f,0.46221268597521536f,0.8296530638937006f,0.3254307146165306f,-0.051822275000050086f,0.8805915602505355f,-0.4710339221641545f,0.03481087282614226f,0f,0f,0f,1f], start_interpolation: 0, interpolation_duration: 1 }
$data merge entity $(bone_leg_left_0) { transformation: [-0.9646255318776261f,0.250195631422792f,-0.08306460899057488f,0.2054868973933614f,0.2620697264150333f,0.8759287149838688f,-0.4050535085188842f,0.7327950042127869f,-0.02858394211014776f,-0.4124936754468591f,-0.9105119032554077f,-0.05634980630818236f,0f,0f,0f,1f], start_interpolation: 0, interpolation_duration: 1 }
$data merge entity $(bone_leg_right_3) { transformation: [-0.9882225753944255f,0.024296820940249472f,0.15108211665517018f,-0.20206636906076414f,0.03428060488437688f,0.9973716901693777f,0.0638322158274327f,0.07779920298713902f,-0.1491341061245557f,0.06825962306426961f,-0.9864581300032726f,-0.12909015165206605f,0f,0f,0f,1f], start_interpolation: 0, interpolation_duration: 1 }
$data merge entity $(bone_leg_right_2) { transformation: [-1.0146693945565568f,0.07505418408864836f,0.1299041519802651f,-0.1789825915038945f,0.04090079608478236f,0.9928673898070681f,-0.25417252140627783f,0.3013166279823962f,-0.1443445327352428f,-0.24625883782959127f,-0.9851819325185363f,-0.2167153307001579f,0f,0f,0f,1f], start_interpolation: 0, interpolation_duration: 1 }
$data merge entity $(bone_leg_right_1) { transformation: [-0.9515453157455309f,-0.06582130354517099f,-0.3003815375191229f,-0.19988369212102775f,-0.30421667811121367f,0.3440424014755273f,0.8883057124357191f,0.34161112801707333f,0.04487454558784939f,0.9366442131282116f,-0.3473958738553431f,0.05705991091185039f,0f,0f,0f,1f], start_interpolation: 0, interpolation_duration: 1 }
$data merge entity $(bone_leg_right_0) { transformation: [-0.9668959252369386f,-0.23334630183622304f,0.10325586268857936f,-0.1874822785318524f,-0.2545194158008306f,0.8530385488727976f,-0.4555711811752314f,0.7432225316717946f,0.018224619079925605f,-0.4667705405832183f,-0.8841906613977788f,-0.0563498063081824f,0f,0f,0f,1f], start_interpolation: 0, interpolation_duration: 1 }
$data merge entity $(bone_tail_4) { transformation: [-2.7604815355081915f,0.06866501861294053f,0.026232402429452413f,0.013035280315397378f,0.07318313427776166f,2.6595679825491993f,0.7395969893505973f,0.8440028500444403f,-0.006874050888618321f,0.7400301298042321f,-2.660445354824322f,-1.8253997310503052f,0f,0f,0f,1f], start_interpolation: 0, interpolation_duration: 1 }
$data merge entity $(bone_tail_3) { transformation: [-2.0815555170737476f,0.05466331228657096f,0.009169387882996425f,0.010945567552252674f,0.05518412456418751f,2.0760925436163213f,0.15079784077115263f,0.7981169134476847f,-0.005183413968829534f,0.15098741230651802f,-2.076805590224818f,-1.4747277798509375f,0f,0f,0f,1f], start_interpolation: 0, interpolation_duration: 1 }
$data merge entity $(bone_tail_2) { transformation: [-1.9534947199772044f,0.05126542225708165f,-0.0020274379800852135f,0.009890160699898606f,0.05127266808880442f,1.9479577464136515f,-0.14698845769951255f,0.8259431821823197f,-0.0018350833810133048f,-0.14699098499781957f,-1.9486313550287373f,-1.1125178008969825f,0f,0f,0f,1f], start_interpolation: 0, interpolation_duration: 1 }
$data merge entity $(bone_tail_1) { transformation: [-1.5119677914740521f,0.04011993399510845f,-0.00019606454509844736f,0.010886418398558336f,0.04012041307212206f,1.511949737098268f,-0.0073888391105605185f,0.8090128244016728f,-1.8516265162425906e-16f,-0.007391439961712032f,-1.5124819392691249f,-0.786958209647016f,0f,0f,0f,1f], start_interpolation: 0, interpolation_duration: 1 }
$data merge entity $(bone_tail_0) { transformation: [-1.277766063174985f,0.03383127333719893f,0.002247070695729424f,0.011046181005234898f,0.03390581634952731f,1.2749568539697524f,0.08468254080535928f,0.8150335977955743f,-1.56481211932636e-16f,0.08471234882803655f,-1.2754056352941463f,-0.41221077995012f,0f,0f,0f,1f], start_interpolation: 0, interpolation_duration: 1 }
$data merge entity $(bone_body_1) { transformation: [-1.2359324551572197f,0.03192139228866452f,0.007522370613713283f,0.007147202908552249f,0.03279575193979958f,1.202981557361024f,0.2834861660825763f,0.6680976903499156f,-1.513580725170619e-16f,0.28358595243743673f,-1.2034050035779318f,-0.1515375f,0f,0f,0f,1f], start_interpolation: 0, interpolation_duration: 1 }