# This file was generated by Animated Java via MC-Build. It is not recommended to edit this file directly.
$data merge entity $(bone_head_lower) { transformation: [-0.9999247041922508f,-0.00788728702066982f,0.009400885569622932f,0.1574613777953657f,-0.0027350399788085844f,0.8900573238708293f,0.4558404104291459f,0.4966633027708202f,-0.011962671204789097f,0.45578037575936875f,-0.8900118783310114f,0.8156360857031926f,0f,0f,0f,1f], start_interpolation: 0, interpolation_duration: 1 }
$data merge entity $(bone_head_upper) { transformation: [-1.0408212079584205f,-0.009287919879866956f,0.008768705251429176f,0.15753421077819021f,-0.0028469019743418648f,0.8652736905803473f,0.578589040789852f,0.5559783151782187f,-0.012451939472618636f,0.5785214927012459f,-0.8652339419310825f,0.7689758189844559f,0f,0f,0f,1f], start_interpolation: 0, interpolation_duration: 1 }
$data merge entity $(bone_neck_0) { transformation: [-0.9953675517422808f,-0.0026757283440984117f,-0.09610555351490567f,0.15168490571817564f,-0.0021855409228156326f,0.9999840634114927f,-0.005205413904241063f,0.5394108132386427f,0.09611795019377238f,-0.004971257473553092f,-0.9953575368929897f,0.7046637690708206f,0f,0f,0f,1f], start_interpolation: 0, interpolation_duration: 1 }
$data merge entity $(bone_neck_1) { transformation: [-0.9802798010903736f,0.016192344134968135f,-0.19695004332477897f,0.135075248184635f,-0.01947743367834015f,0.9838676826297723f,0.17783422801594562f,0.5590082618562511f,0.19665233573879412f,0.17816338307333585f,-0.9641502309185744f,0.6238083664756326f,0f,0f,0f,1f], start_interpolation: 0, interpolation_duration: 1 }
$data merge entity $(bone_neck_2) { transformation: [-0.9802798010903736f,0.04317569597736468f,-0.19284027289725486f,0.11860371102521713f,-0.01947743367834015f,0.9499791576623494f,0.3117053570031143f,0.5956168786103894f,0.19665233573879412f,0.30931449898768604f,-0.9304044279583333f,0.5453263428199242f,0f,0f,0f,1f], start_interpolation: 0, interpolation_duration: 1 }
$data merge entity $(bone_body_0) { transformation: [-0.9802798010903736f,-0.01968627864525719f,-0.19663153868929278f,0.02574446779727916f,-0.01947743367834015f,0.9998058077299946f,-0.0029960651993665155f,0.6037292443930602f,0.19665233573879412f,0.000892895556201867f,-0.9804728765172458f,0.08324165883692541f,0f,0f,0f,1f], start_interpolation: 0, interpolation_duration: 1 }
$data merge entity $(bone_leg_left_3) { transformation: [-0.9865078236664001f,-0.06011768448582342f,-0.1522766490866069f,0.31237427569564097f,-0.04696236786100406f,0.9949628542303056f,-0.08856328080401638f,0.029675830277316656f,0.15683382878024235f,-0.08021709739168027f,-0.9843619087694238f,-0.31749024315996255f,0f,0f,0f,1f], start_interpolation: 0, interpolation_duration: 1 }
$data merge entity $(bone_leg_left_2) { transformation: [-0.9972880077847944f,-0.1617279732288933f,-0.1769827440871127f,0.2676589894734578f,-0.14815897881497694f,1.011032398974211f,-0.08902024894173982f,0.2623650394775108f,0.1884880527403084f,-0.060989756520423224f,-1.0063869549405142f,-0.36251631522795613f,0f,0f,0f,1f], start_interpolation: 0, interpolation_duration: 1 }
$data merge entity $(bone_leg_left_1) { transformation: [-0.9840064562296682f,0.032290923546071555f,0.1751815925115187f,0.28673755315357463f,0.16687224911981766f,0.5112061109047195f,0.8431025825173143f,0.35320540014094653f,-0.06232933957634673f,0.8588513308077326f,-0.5084185726325929f,-0.10098730547529737f,0f,0f,0f,1f], start_interpolation: 0, interpolation_duration: 1 }
$data merge entity $(bone_leg_left_0) { transformation: [-0.9922255392861318f,0.11260048415985853f,0.053005755869626796f,0.21126151821525144f,0.10910066391833617f,0.9919130591434706f,-0.06485004420368534f,0.7606276511310709f,-0.05987924783197668f,-0.058562906925861635f,-0.9964862576129535f,-0.049823293586254216f,0f,0f,0f,1f], start_interpolation: 0, interpolation_duration: 1 }
$data merge entity $(bone_leg_right_3) { transformation: [-0.9813673382016971f,0.06814777044267717f,0.17964973947826274f,-0.30034968826172065f,0.09651877556232719f,0.9833068613126333f,0.154245721040961f,0.19026647293219995f,-0.16613931947273813f,0.16871128557150228f,-0.9715627764822737f,0.0808166511637683f,0f,0f,0f,1f], start_interpolation: 0, interpolation_duration: 1 }
$data merge entity $(bone_leg_right_2) { transformation: [-0.9991502592756646f,0.1790213915146914f,0.147350942549445f,-0.2525161976817778f,0.14108321910963648f,0.986683301075082f,-0.24210284625740183f,0.4125599820110507f,-0.18400131569021042f,-0.21556809657371945f,-0.9857667630147344f,0.00038888813156040536f,0f,0f,0f,1f], start_interpolation: 0, interpolation_duration: 1 }
$data merge entity $(bone_leg_right_1) { transformation: [-0.9886752210198482f,-0.0451138149985163f,-0.14312949045404297f,-0.2768712449206862f,-0.14834729342402042f,0.437937065468263f,0.8866815703637992f,0.48155310266367707f,0.022680120703424962f,0.8978729700716714f,-0.43967003734568033f,0.2680830543667778f,0f,0f,0f,1f], start_interpolation: 0, interpolation_duration: 1 }
$data merge entity $(bone_leg_right_0) { transformation: [-0.9925862126071376f,-0.022770798885017516f,0.11939054091659139f,-0.1801173545981213f,-0.11863938795032039f,0.39493210176891697f,-0.9110177444041138f,0.7245736883503997f,-0.02640655541700895f,-0.9184280732373785f,-0.39470567277464425f,-0.05731970868907646f,0f,0f,0f,1f], start_interpolation: 0, interpolation_duration: 1 }
$data merge entity $(bone_tail_4) { transformation: [-2.7478467595365843f,0.12997596095644703f,-0.24105137891690867f,-0.0791659944463782f,-0.2488398860494321f,-0.1700004091367473f,2.744966284602462f,1.8744670971325585f,0.11436008401186386f,2.75315590587725f,0.18087471000118474f,-1.2918923442643822f,0f,0f,0f,1f], start_interpolation: 0, interpolation_duration: 1 }
$data merge entity $(bone_tail_3) { transformation: [-2.0720166566103666f,0.010953294686379312f,-0.20633110795310286f,-0.04428704991114507f,-0.18783892712688968f,0.7663799214693257f,1.9269986713718652f,1.5402197038336949f,0.08607577028096043f,1.9361010736396556f,-0.7616095590697086f,-1.1816977766315422f,0f,0f,0f,1f], start_interpolation: 0, interpolation_duration: 1 }
$data merge entity $(bone_tail_2) { transformation: [-1.9480824940471655f,-0.04213737285534829f,-0.1482326320302019f,-0.018181453942924627f,-0.14091064001822362f,1.248076065069439f,1.4970718761412949f,1.2621100995025833f,0.062391208670825295f,1.5030982844153642f,-1.2472276293728255f,-0.9494370829981224f,0f,0f,0f,1f], start_interpolation: 0, interpolation_duration: 1 }
$data merge entity $(bone_tail_1) { transformation: [-1.508949276669184f,-0.050390650719742885f,-0.09049371668567785f,0.0033493656344861667f,-0.09937159747613276f,1.0770411831351134f,1.0572435033831882f,1.0215323142804937f,0.02921670848313166f,1.0607069916574308f,-1.0778234140129148f,-0.730495469628742f,0f,0f,0f,1f], start_interpolation: 0, interpolation_duration: 1 }
$data merge entity $(bone_tail_0) { transformation: [-1.272623868616067f,-0.11059167514886681f,-0.04509641893178818f,0.013858813261526657f,-0.1165726143985155f,1.04520186882065f,0.7264981731361364f,0.8344552456599417f,-0.025981362262184088f,0.7274326438823158f,-1.050715201190795f,-0.4058978214430274f,0f,0f,0f,1f], start_interpolation: 0, interpolation_duration: 1 }
$data merge entity $(bone_body_1) { transformation: [-1.2309307722012113f,-0.11554771935119543f,-0.00792172059073808f,0.023483461215285887f,-0.11339378624989715f,1.1851190659781408f,0.3335254769148258f,0.6770890649405851f,-0.023577072428377963f,0.3327853949080199f,-1.1905051858970923f,-0.1515375f,0f,0f,0f,1f], start_interpolation: 0, interpolation_duration: 1 }