# This file was generated by Animated Java via MC-Build. It is not recommended to edit this file directly.
$data merge entity $(bone_head_lower) { transformation: [-0.9831735589686547f,-0.01682857756138803f,0.1818970915714974f,0.17242406552063483f,0.0589555557186801f,0.9132325643599954f,0.4031507482845198f,0.19024914570214535f,-0.17289880102190117f,0.4070910001089769f,-0.8968739723258012f,0.7325372101486523f,0f,0f,0f,1f], start_interpolation: 0, interpolation_duration: 1 }
$data merge entity $(bone_head_upper) { transformation: [-1.0233849478748231f,-0.14626748866058933f,0.12149490856689026f,0.1771975186851343f,0.06136681338275924f,0.37543406734689483f,0.9688938630593756f,0.2654914588039939f,-0.17997028994252984f,0.9597536274585259f,-0.36049356707396335f,0.7291808794488274f,0f,0f,0f,1f], start_interpolation: 0, interpolation_duration: 1 }
$data merge entity $(bone_neck_0) { transformation: [-0.9992381562031906f,-0.01682857756138805f,-0.03521230132934447f,0.17551666345474132f,-0.029699718671874667f,0.9132325643599956f,0.4063547835368476f,0.27695324091368057f,0.025318647247823234f,0.40709100010897714f,-0.9130366278150145f,0.6635261878353454f,0f,0f,0f,1f], start_interpolation: 0, interpolation_duration: 1 }
$data merge entity $(bone_neck_1) { transformation: [-0.9676424331102381f,-0.01369558546686712f,-0.2519534730525023f,0.1541098035475629f,-0.13383948636186055f,0.8743412857619385f,0.4664914874920589f,0.3204991736158758f,0.2139044495443973f,0.48511828140246394f,-0.8478827392477266f,0.5939342706427464f,0f,0f,0f,1f], start_interpolation: 0, interpolation_duration: 1 }
$data merge entity $(bone_neck_2) { transformation: [-0.9676424331102381f,0.008315722452387528f,-0.2521883629444331f,0.13209762766104388f,-0.13383948636186055f,0.8303567411209326f,0.540920210720045f,0.37601755244506935f,0.2139044495443973f,0.5571701097825685f,-0.8023754453059919f,0.5290952074241917f,0f,0f,0f,1f], start_interpolation: 0, interpolation_duration: 1 }
$data merge entity $(bone_body_0) { transformation: [-0.9676424331102381f,-0.07728150060503099f,-0.2401992741636262f,0.01815640759986632f,-0.13383948636186055f,0.9641924990252063f,0.22895374361193802f,0.493107732026676f,0.2139044495443973f,0.2536935050169048f,-0.9433368920896427f,0.08692081544785574f,0f,0f,0f,1f], start_interpolation: 0, interpolation_duration: 1 }
$data merge entity $(bone_leg_left_3) { transformation: [-0.9903426203062531f,-0.024579464503582067f,-0.1364453895507722f,0.23238656580022501f,-0.024491023187387436f,0.9996973414073875f,-0.0023270939466340512f,0.04216366579067707f,0.13646129190425998f,0.0010370668824916662f,-0.9906448608376776f,-0.47493897360277676f,0f,0f,0f,1f], start_interpolation: 0, interpolation_duration: 1 }
$data merge entity $(bone_leg_left_2) { transformation: [-1.0044231552882108f,-0.12107010139879842f,-0.16893299017318653f,0.19738627460804337f,-0.1571402708525294f,0.9880267398232158f,0.22621294430557157f,0.27921847350663626f,0.13602668818273467f,0.24740127615331045f,-0.9860788752226897f,-0.44753332051390216f,0f,0f,0f,1f], start_interpolation: 0, interpolation_duration: 1 }
$data merge entity $(bone_leg_left_1) { transformation: [-0.9751965095580357f,0.047034673294877455f,0.216285707465538f,0.21811479064181877f,0.22133854509052484f,0.2027756259872897f,0.9538822222699576f,0.27930784287613725f,0.001008068962830844f,0.9780949775014218f,-0.20815666884214687f,-0.1707957077903713f,0f,0f,0f,1f], start_interpolation: 0, interpolation_duration: 1 }
$data merge entity $(bone_leg_left_0) { transformation: [-0.9863973568451884f,0.1633373620755071f,0.01847053218076812f,0.16604876153106732f,0.16430932644484875f,0.9829954635136904f,0.08199002350740647f,0.6776944784787302f,-0.004764415186170101f,0.08390962317708053f,-0.9964619789466199f,-0.057285815048204375f,0f,0f,0f,1f], start_interpolation: 0, interpolation_duration: 1 }
$data merge entity $(bone_leg_right_3) { transformation: [-0.9821648085151562f,-0.005746462155161003f,0.1879342094646031f,-0.3135408871066774f,0.004785409058902637f,0.9984450776215084f,0.055538516666537974f,0.04212988521056471f,-0.18796113634080053f,0.05544731865545566f,-0.9806101193029753f,0.2607198506114847f,0f,0f,0f,1f], start_interpolation: 0, interpolation_duration: 1 }
$data merge entity $(bone_leg_right_2) { transformation: [-0.9871777826892787f,0.15990015910390168f,0.22797842876886426f,-0.2676913514137385f,-0.004781279766940421f,0.8298840863269513f,-0.6027700574230327f,0.21695378370862997f,-0.27842299515155616f,-0.581194065593002f,-0.7979701080811288f,0.1010154466124224f,0f,0f,0f,1f], start_interpolation: 0, interpolation_duration: 1 }
$data merge entity $(bone_leg_right_1) { transformation: [-0.9855429807791192f,-0.11772594969104246f,-0.12184266004298541f,-0.3128394396567413f,-0.16780973582123263f,0.7773621215171538f,0.6062573913726397f,0.39264312521539135f,0.02334364154575051f,0.617939101206334f,-0.7858793429017533f,0.31103518632440336f,0f,0f,0f,1f], start_interpolation: 0, interpolation_duration: 1 }
$data merge entity $(bone_leg_right_0) { transformation: [-0.9870286480724472f,0.005777362161871122f,0.1604402380038358f,-0.20886452468519132f,-0.15689967964425497f,0.17701537535331668f,-0.9716213498148619f,0.559484773400104f,-0.03401379737411096f,-0.9841911292909394f,-0.17381278035063466f,-0.057285815048204416f,0f,0f,0f,1f], start_interpolation: 0, interpolation_duration: 1 }
$data merge entity $(bone_tail_4) { transformation: [-2.4460293870262544f,0.1062542885221564f,-1.2772280906614202f,-0.49399942673300484f,-1.0778437265760497f,1.3184136901791725f,2.1738674233330766f,1.6482216243452095f,0.693436709790173f,2.424078525815281f,-1.1263437138798227f,-1.334654224428398f,0f,0f,0f,1f], start_interpolation: 0, interpolation_duration: 1 }
$data merge entity $(bone_tail_3) { transformation: [-1.8435713609993618f,-0.12759318008269308f,-0.9596406323951646f,-0.3300312387251598f,-0.8154571467138558f,1.317128701954613f,1.3914550479282817f,1.3993931298449986f,0.5217468781130394f,1.6077429797477536f,-1.2160954865040638f,-1.1441823969027818f,0f,0f,0f,1f], start_interpolation: 0, interpolation_duration: 1 }
$data merge entity $(bone_tail_2) { transformation: [-1.8276290025427997f,-0.18653522503619682f,-0.6661461655581931f,-0.20759193922118158f,-0.5908691429420633f,1.3995426563115105f,1.2291980654419403f,1.170784004198925f,0.3597495795495803f,1.3510214054514431f,-1.3653187455787328f,-0.8897851296661752f,0f,0f,0f,1f], start_interpolation: 0, interpolation_duration: 1 }
$data merge entity $(bone_tail_1) { transformation: [-1.451563522138278f,-0.14049025703086712f,-0.4011010831161121f,-0.11817532997036836f,-0.39308732380001377f,0.9864708178471676f,1.0770394288992784f,0.9273340935723835f,0.16156097011735387f,1.1378901806480894f,-0.9832396654526292f,-0.6922668064532529f,0f,0f,0f,1f], start_interpolation: 0, interpolation_duration: 1 }
$data merge entity $(bone_tail_0) { transformation: [-1.2192567306042172f,-0.2639650893805412f,-0.27851601937530635f,-0.04315642361363633f,-0.38372517457067645f,0.8340366468388631f,0.8893669539141406f,0.6875671888215942f,-0.0019318025383225936f,0.9319554817168769f,-0.8748091019307266f,-0.4141375085070512f,0f,0f,0f,1f], start_interpolation: 0, interpolation_duration: 1 }
$data merge entity $(bone_body_1) { transformation: [-1.1791446421042084f,-0.3629701388857826f,-0.08046854248974446f,1.8557991432579204e-17f,-0.3717828775685994f,1.1511942059032017f,0.25521361111421736f,0.5506925f,-1.4440357116846702e-16f,0.2675989043856174f,-1.2070606535828543f,-0.1515375f,0f,0f,0f,1f], start_interpolation: 0, interpolation_duration: 1 }