# This file was generated by Animated Java via MC-Build. It is not recommended to edit this file directly.
$data merge entity $(bone_head_lower) { transformation: [-0.9948539095891131f,0.07886360165483602f,-0.06360999064049747f,0.06924038964926599f,0.06368824897835758f,0.975026798310452f,0.2127593699899955f,0.5791221714474641f,0.07880041571798697f,0.2076132821148408f,-0.9750319069508319f,0.8371641639796055f,0f,0f,0f,1f], start_interpolation: 0, interpolation_duration: 1 }
$data merge entity $(bone_head_upper) { transformation: [-1.0355430199688456f,0.0970589714439909f,-0.04125715016266654f,0.06825420178838991f,0.066293071824802f,0.9157473126891004f,0.49039171130253595f,0.6335119271858638f,0.0820233198873461f,0.48524051556772624f,-0.9172163101633836f,0.784855097881871f,0f,0f,0f,1f], start_interpolation: 0, interpolation_duration: 1 }
$data merge entity $(bone_neck_0) { transformation: [-0.9948539095891131f,0.0536777542652372f,-0.085932515803377f,0.06214781576509835f,0.06368824897835758f,0.9909279364610509f,-0.11834539147391443f,0.6097542946114566f,0.07880041571798697f,-0.12320926685149991f,-0.9892471738875922f,0.7228629758138945f,0f,0f,0f,1f], start_interpolation: 0, interpolation_duration: 1 }
$data merge entity $(bone_neck_1) { transformation: [-0.9948539095891131f,0.06738906486431409f,-0.07565984742232897f,0.05604888665112646f,0.06368824897835758f,0.9967010461705342f,0.05030737028143495f,0.6186076662906059f,0.07880041571798697f,0.04522984080533493f,-0.9958638240158121f,0.6387086074299251f,0f,0f,0f,1f], start_interpolation: 0, interpolation_duration: 1 }
$data merge entity $(bone_neck_2) { transformation: [-0.9948539095891131f,0.07705675874481376f,-0.06578719105570932f,0.051039869139299344f,0.06368824897835758f,0.9805872402904541f,0.1854520723033904f,0.644455220664394f,0.07880041571798697f,0.18030784816888806f,-0.9804486597325622f,0.5545792779983831f,0f,0f,0f,1f], start_interpolation: 0, interpolation_duration: 1 }
$data merge entity $(bone_body_0) { transformation: [-0.9948539095891131f,0.06018463756424494f,-0.08150771728196851f,0.013198921541843779f,0.06368824897835758f,0.9971236608494829f,-0.041087856067164336f,0.6345895174535671f,0.07880041571798697f,-0.04606749803696475f,-0.9958254265217809f,0.0848116383208426f,0f,0f,0f,1f], start_interpolation: 0, interpolation_duration: 1 }
$data merge entity $(bone_leg_left_3) { transformation: [-0.9814731265937523f,-0.013359307863091356f,-0.1911335414512679f,0.23950070745452032f,-0.01796850706333345f,0.9995875523735673f,0.022402185021466015f,0.03213894894574315f,0.19075543118925697f,0.025421526965156982f,-0.9813083671499805f,-0.12472074545550196f,0f,0f,0f,1f], start_interpolation: 0, interpolation_duration: 1 }
$data merge entity $(bone_leg_left_2) { transformation: [-1.005806207158824f,-0.09058515317154839f,-0.17947256939811737f,0.21127854758911296f,-0.029002792951165653f,0.9714787328733813f,-0.3277958344403661f,0.24841387722704536f,0.19893443930729235f,-0.31636308428815024f,-0.955197198099888f,-0.22767577037155262f,0f,0f,0f,1f], start_interpolation: 0, interpolation_duration: 1 }
$data merge entity $(bone_leg_left_1) { transformation: [-0.9605091104229212f,0.09521958662949061f,0.2614488078318154f,0.24240960858215982f,0.26998503443290045f,0.5462275037897922f,0.7929335377481761f,0.34937567835446404f,-0.06730772598174868f,0.8322071523519139f,-0.5503643571285157f,0.028938643514963877f,0f,0f,0f,1f], start_interpolation: 0, interpolation_duration: 1 }
$data merge entity $(bone_leg_left_0) { transformation: [-0.974934715867575f,0.21797677163622f,-0.044591779772308285f,0.21826327952200772f,0.2178175788427044f,0.8942266678833181f,-0.39104241303648923f,0.7576383020843348f,-0.04536300412575322f,-0.3909536973521917f,-0.9192917950157816f,-0.05500099802926657f,0f,0f,0f,1f], start_interpolation: 0, interpolation_duration: 1 }
$data merge entity $(bone_leg_right_3) { transformation: [-0.9879398525828963f,0.08274435418501042f,0.13087482389287355f,-0.2344999008013304f,0.09966920859364421f,0.9866808337898871f,0.12855730663797424f,0.14758098681498527f,-0.11849428904720163f,0.14005107669060965f,-0.9830283817779626f,-0.13202853568346512f,0f,0f,0f,1f], start_interpolation: 0, interpolation_duration: 1 }
$data merge entity $(bone_leg_right_2) { transformation: [-1.0140992618270281f,0.1276930517064152f,0.08578677758532392f,-0.2005103885988335f,0.11471953511508687f,1.0088250831089742f,-0.14551144097233154f,0.3780617202534139f,-0.1024905601777521f,-0.13427075532955343f,-1.0116962235959848f,-0.19443379699960706f,0f,0f,0f,1f], start_interpolation: 0, interpolation_duration: 1 }
$data merge entity $(bone_leg_right_1) { transformation: [-0.9678478212553386f,-0.015799846332733736f,-0.25103975730381095f,-0.2107638000391235f,-0.24699791246101074f,0.24842946300024754f,0.9366295068773521f,0.3909578074453821f,0.04756706981933192f,0.9685211235534675f,-0.24434444356181356f,0.08258956690448493f,0f,0f,0f,1f], start_interpolation: 0, interpolation_duration: 1 }
$data merge entity $(bone_leg_right_0) { transformation: [-0.9799654334174468f,-0.17807801119589084f,0.08919625124113571f,-0.17399805384858327f,-0.1984179287404922f,0.834078376453991f,-0.5147267114559021f,0.7834172256184169f,0.01726484466447948f,-0.522112520306103f,-0.8527018478215703f,-0.05500099802926661f,0f,0f,0f,1f], start_interpolation: 0, interpolation_duration: 1 }
$data merge entity $(bone_tail_4) { transformation: [-2.755102906851381f,0.14596452664118037f,0.11731863117803507f,0.050567179757449274f,0.18573447615334981f,2.3508001970345624f,1.4369768507496228f,1.1375953820377838f,-0.02391670184436759f,1.4415596145094651f,-2.355205978420616f,-1.7893997760673104f,0f,0f,0f,1f], start_interpolation: 0, interpolation_duration: 1 }
$data merge entity $(bone_tail_3) { transformation: [-2.0774997340479016f,0.12778802339741469f,0.06008828630877244f,0.039127920778966783f,0.14005405164814239f,1.977795490579968f,0.6361252911989336f,1.0103777585343878f,-0.01803451391866899f,0.638702391229413f,-1.9818374145701234f,-1.459603591949093f,0f,0f,0f,1f], start_interpolation: 0, interpolation_duration: 1 }
$data merge entity $(bone_tail_2) { transformation: [-1.9500002194585087f,0.1252675679444998f,0.024105093565771132f,0.03323472640447379f,0.127385307359931f,1.931794561122398f,0.26592598987221117f,0.9614965683599584f,-0.006782520428303747f,0.2669301126549224f,-1.9358399178076289f,-1.099676677873004f,0f,0f,0f,1f], start_interpolation: 0, interpolation_duration: 1 }
$data merge entity $(bone_tail_1) { transformation: [-1.5092443332244208f,0.09756864920592553f,0.01783679685664242f,0.02964566041146992f,0.0991856472982562f,1.4846395111139574f,0.2714110893263864f,0.884848986591914f,-1.8482912418145684e-16f,0.2719965638228557f,-1.487842101591617f,-0.7828345345062528f,0f,0f,0f,1f], start_interpolation: 0, interpolation_duration: 1 }
$data merge entity $(bone_tail_0) { transformation: [-1.2754644648569016f,0.08269637985952777f,0.013690296908901573f,0.027640648419266715f,0.0838219271511052f,1.25833773414675f,0.2083164610277493f,0.8543400060114865f,-1.5619934743131965e-16f,0.2087658309316438f,-1.2610521576919205f,-0.40928789306554136f,0f,0f,0f,1f], start_interpolation: 0, interpolation_duration: 1 }
$data merge entity $(bone_body_1) { transformation: [-1.2337062103522936f,0.07853745771864894f,0.020135772384592347f,0.017669308279114327f,0.08107762696596811f,1.1950540853082423f,0.3063931243515396f,0.7026125231436833f,-1.5108543615961475e-16f,0.30705406035325783f,-1.197631996515135f,-0.1515375f,0f,0f,0f,1f], start_interpolation: 0, interpolation_duration: 1 }