# This file was generated by Animated Java via MC-Build. It is not recommended to edit this file directly.
$data merge entity $(bone_head_lower) { transformation: [-0.9758127345583115f,0.12385378456060737f,0.18013813345276164f,0.23409988471307053f,0.11019616085571689f,0.9903553669808822f,-0.0839824578398558f,0.4706854606404949f,-0.18880231250302854f,-0.06210062110942868f,-0.9800495904041449f,0.773170211940916f,0f,0f,0f,1f], start_interpolation: 0, interpolation_duration: 1 }
$data merge entity $(bone_head_upper) { transformation: [-1.0157230688131071f,0.07794959047987515f,0.21378131678987045f,0.25027243344029004f,0.1147031379196487f,1.0199810192339607f,0.17307181497096477f,0.5055555869098166f,-0.1965242484167722f,0.19244356141471075f,-1.0039002131874226f,0.7082242385982664f,0f,0f,0f,1f], start_interpolation: 0, interpolation_duration: 1 }
$data merge entity $(bone_neck_0) { transformation: [-0.9782087340554898f,0.1730970483498265f,-0.1146520146797867f,0.24036521324407586f,0.2056476517927239f,0.8837835246982906f,-0.42028053105515706f,0.4639675461483468f,0.028578242242916885f,-0.43470000382383706f,-0.9001217643996068f,0.6570674393639229f,0f,0f,0f,1f], start_interpolation: 0, interpolation_duration: 1 }
$data merge entity $(bone_neck_1) { transformation: [-0.9198902430860533f,0.17921390852398814f,-0.34883279041202175f,0.21164011354063494f,0.22861235599066157f,0.9677655723414705f,-0.10567018349082732f,0.45947426970659605f,0.3186507984667243f,-0.17695245684121386f,-0.9312086214454725f,0.5773666491647246f,0f,0f,0f,1f], start_interpolation: 0, interpolation_duration: 1 }
$data merge entity $(bone_neck_2) { transformation: [-0.9187613436091704f,0.28880073002795537f,-0.2692057425553774f,0.19088321109714468f,0.21826502058289293f,0.9397223730700126f,0.2632152015777459f,0.4917343648376571f,0.3289954016083226f,0.18307375532004605f,-0.9264156873853089f,0.49799809331779643f,0f,0f,0f,1f], start_interpolation: 0, interpolation_duration: 1 }
$data merge entity $(bone_body_0) { transformation: [-0.9180867771777443f,0.22671383057785338f,-0.32514228976880144f,0.03980460184123748f,0.20857933104460896f,0.9738476062813733f,0.09008608328161888f,0.5434687138248097f,0.33706280161472324f,0.014888880574298368f,-0.9413644294336163f,0.054478403040914364f,0f,0f,0f,1f], start_interpolation: 0, interpolation_duration: 1 }
$data merge entity $(bone_leg_left_3) { transformation: [-0.9703733124848526f,0.05822982842135884f,-0.2344886383157918f,0.23272468354108622f,0.02780121445252614f,0.9909871538555773f,0.13104027384047537f,0.051115511023111765f,0.24000568095805508f,0.12063891567500604f,-0.9632463470642487f,-0.14794513658591368f,0f,0f,0f,1f], start_interpolation: 0, interpolation_duration: 1 }
$data merge entity $(bone_leg_left_2) { transformation: [-0.9886886131532935f,0.023491178467389177f,-0.2720389498875579f,0.22825939103882453f,-0.051737803535145795f,0.9872687896006119f,0.2732869119928642f,0.28961195719376287f,0.2681048776264067f,0.2771474357006576f,-0.9504584541042147f,-0.11229996309980786f,0f,0f,0f,1f], start_interpolation: 0, interpolation_duration: 1 }
$data merge entity $(bone_leg_left_1) { transformation: [-0.9601058663062441f,0.16164119062966908f,0.2281860008330047f,0.27919122985267436f,0.2771582792626008f,0.44165728491810746f,0.8533007271267028f,0.35882078867134615f,0.03714853591369676f,0.8825026731804207f,-0.46883794439964016f,0.1515740051128848f,0f,0f,0f,1f], start_interpolation: 0, interpolation_duration: 1 }
$data merge entity $(bone_leg_left_0) { transformation: [-0.9647990357679984f,0.04835975489956623f,-0.2585036840882441f,0.20704004596776554f,0.24799379869463528f,0.4944588461590921f,-0.8330723409548683f,0.649614330781106f,0.08753225913996228f,-0.8678547018718475f,-0.489046337322734f,-0.1391846595829734f,0f,0f,0f,1f], start_interpolation: 0, interpolation_duration: 1 }
$data merge entity $(bone_leg_right_3) { transformation: [-0.9534945763177723f,0.26217702327565967f,-0.14869869333288038f,-0.42888546352618706f,0.16669548705772733f,0.869719084621393f,0.46454421580718513f,0.10269796484207716f,0.25111891113012375f,0.4181529891219717f,-0.8729761566968367f,-0.12779257560436988f,0f,0f,0f,1f], start_interpolation: 0, interpolation_duration: 1 }
$data merge entity $(bone_leg_right_2) { transformation: [-0.9333674190336223f,0.32280224481536474f,-0.27692268113928525f,-0.36075087422185687f,0.30760543020004677f,0.9735617617165384f,0.09807443568804253f,0.3321875249170177f,0.29371135473224935f,0.006197287006845381f,-0.9827295829656267f,-0.15717440030870172f,0f,0f,0f,1f], start_interpolation: 0, interpolation_duration: 1 }
$data merge entity $(bone_leg_right_1) { transformation: [-0.9277278429818079f,0.3706617558289357f,0.043942145169899f,-0.28086046476265636f,0.0554456354399406f,0.020431288071917464f,0.9982526453650815f,0.2858987250289702f,0.3691162836654369f,0.9285431735969696f,-0.039506251397519176f,0.10452820789597617f,0f,0f,0f,1f], start_interpolation: 0, interpolation_duration: 1 }
$data merge entity $(bone_leg_right_0) { transformation: [-0.9344696612182778f,-0.09330858794112425f,-0.34359854434940607f,-0.18086933601481242f,0.10563153135388856f,0.8489416811200075f,-0.517822364948607f,0.6490924242100385f,0.3400123995480602f,-0.5201841303553667f,-0.7834539161175985f,-0.07547009657202947f,0f,0f,0f,1f], start_interpolation: 0, interpolation_duration: 1 }
$data merge entity $(bone_tail_4) { transformation: [-1.919747166187872f,-1.4919673248727459f,-1.3092996796095602f,-0.6002690033141417f,0.5414236881655043f,1.3588173832765933f,-2.342250422221889f,0.5818833983491705f,1.9097362486497704f,-1.8850225866066996f,-0.6521185783089508f,-1.6367759427438449f,0f,0f,0f,1f], start_interpolation: 0, interpolation_duration: 1 }
$data merge entity $(bone_tail_3) { transformation: [-1.4459260204168325f,-0.49104302864988175f,-1.415669528364702f,-0.3554185246002417f,0.40678160864277374f,1.7647892705022534f,-1.0276152391019544f,0.738859119792076f,1.442141529946345f,-0.9901217605824654f,-1.1295274378559992f,-1.4355607112482671f,0f,0f,0f,1f], start_interpolation: 0, interpolation_duration: 1 }
$data merge entity $(bone_tail_2) { transformation: [-1.7481449535691074f,0.12344457016109138f,-0.8645950117895569f,-0.19595548335066432f,0.4014394218739891f,1.8316501877457692f,-0.5501616628765986f,0.8418656601196894f,0.7756348927679301f,-0.6697707837995103f,-1.663902486713764f,-1.125830707705969f,0f,0f,0f,1f], start_interpolation: 0, interpolation_duration: 1 }
$data merge entity $(bone_tail_1) { transformation: [-1.4496464412753427f,0.3325271480319916f,-0.27496752739086366f,-0.1394653886644535f,0.28674764363456073f,1.462649397345235f,0.25707738001552843f,0.7683921476365918f,0.32242399750602074f,0.194264475052263f,-1.464909666008422f,-0.8132812089628625f,0f,0f,0f,1f], start_interpolation: 0, interpolation_duration: 1 }
$data merge entity $(bone_tail_0) { transformation: [-1.2344058115162946f,0.11694041607921901f,-0.3104882415906366f,-0.045911527502470455f,-0.003815388613498819f,1.191104524516129f,0.463779226648804f,0.6616085523207642f,0.33175812256605625f,0.448810279905055f,-1.149931127218939f,-0.4664140151640093f,0f,0f,0f,1f], start_interpolation: 0, interpolation_duration: 1 }
$data merge entity $(bone_body_1) { transformation: [-1.220018831562219f,0.008770812190171872f,-0.20020419212227658f,0.000042366308910295625f,-0.001641455129968605f,1.234703936905649f,0.0640943747219545f,0.5635414357969583f,0.20038949901345882f,0.06351264519343179f,-1.218365621495419f,-0.18743910212108023f,0f,0f,0f,1f], start_interpolation: 0, interpolation_duration: 1 }