# This file was generated by Animated Java via MC-Build. It is not recommended to edit this file directly.
$data merge entity $(bone_head_lower) { transformation: [-0.993740659820932f,0.035475162980852265f,0.10592928693303366f,0.2990994832894316f,0.023228865561804618f,0.9931308236722389f,-0.1146803683147718f,0.6696881497782702f,-0.10926994473948735f,-0.1115019277124034f,-0.9877385277962217f,0.7263197959018453f,0f,0f,0f,1f], start_interpolation: 0, interpolation_duration: 1 }
$data merge entity $(bone_head_upper) { transformation: [-1.0343842387489999f,0.04017969143892353f,0.10911820016400668f,0.307202926433966f,0.024178916484588444f,1.029754820485591f,-0.14997443871482338f,0.6824796852079014f,-0.11373903995018876f,-0.14650100568278654f,-1.0242425634138863f,0.6523862627632709f,0f,0f,0f,1f], start_interpolation: 0, interpolation_duration: 1 }
$data merge entity $(bone_neck_0) { transformation: [-0.9816164590850902f,0.07419328790352338f,-0.17585358478949f,0.294944792559259f,0.17399839054679625f,0.7265368203363436f,-0.6647321331052682f,0.6276475810280226f,0.07844544180750135f,-0.6831102434641281f,-0.7260900136580903f,0.6164987334611084f,0f,0f,0f,1f], start_interpolation: 0, interpolation_duration: 1 }
$data merge entity $(bone_neck_1) { transformation: [-0.9033449518650415f,0.09878646053015258f,-0.4173836761971776f,0.26004201389996284f,0.27799893832307443f,0.875894467191071f,-0.39436717996723963f,0.5982746411391013f,0.32662591481875614f,-0.4722818200608555f,-0.8186973764516511f,0.5449685769627948f,0f,0f,0f,1f], start_interpolation: 0, interpolation_duration: 1 }
$data merge entity $(bone_neck_2) { transformation: [-0.898981148432658f,0.24442395785320173f,-0.3634416371167116f,0.230594863988617f,0.26608836495758126f,0.9638974985369063f,-0.009929468691514634f,0.6068419041573224f,0.34789348484399696f,-0.10563399614551633f,-0.9315640515076936f,0.46232235647682224f,0f,0f,0f,1f], start_interpolation: 0, interpolation_duration: 1 }
$data merge entity $(bone_body_0) { transformation: [-0.8966002238904864f,0.20504521677443954f,-0.3925105063529546f,0.047559446255165824f,0.2522908464745813f,0.9649530389556358f,-0.07221468960968094f,0.5819997756367169f,0.363946929241983f,-0.16377451477017532f,-0.9169081420770157f,0.028626830550128213f,0f,0f,0f,1f], start_interpolation: 0, interpolation_duration: 1 }
$data merge entity $(bone_leg_left_3) { transformation: [-0.9502939006223664f,0.05248228160989046f,-0.3068991895671086f,0.2268889704808409f,0.036606883943252885f,0.9976878315274367f,0.0572619146557803f,0.02792569784988788f,0.30919482286722244f,0.043181025220585076f,-0.9500178738176488f,-0.09936423233716f,0f,0f,0f,1f], start_interpolation: 0, interpolation_duration: 1 }
$data merge entity $(bone_leg_left_2) { transformation: [-0.9582792605460282f,0.03609041298845391f,-0.3639512884966538f,0.22256721471091523f,0.008705981213009695f,1.022656464543318f,0.0784866926273094f,0.26874453152984823f,0.36563269027696405f,0.07023843049768312f,-0.9557413343487587f,-0.11196120967715353f,0f,0f,0f,1f], start_interpolation: 0, interpolation_duration: 1 }
$data merge entity $(bone_leg_left_1) { transformation: [-0.9585635685172227f,0.232487943681897f,0.1646366944338074f,0.29608560344513246f,0.27729087116156914f,0.6289470986208114f,0.7263162671363769f,0.395566291499402f,0.06531200411858341f,0.7418725653230656f,-0.6673525597006338f,0.12367553061585562f,0f,0f,0f,1f], start_interpolation: 0, interpolation_duration: 1 }
$data merge entity $(bone_leg_left_0) { transformation: [-0.9613725655077271f,0.015939382950943687f,-0.27478851206015537f,0.21292922961925148f,0.24936572538147106f,0.4730903182270784f,-0.8449865595409041f,0.679099268555631f,0.11653122025476144f,-0.8808697332017627f,-0.45879078874252854f,-0.17128437679227887f,0f,0f,0f,1f], start_interpolation: 0, interpolation_duration: 1 }
$data merge entity $(bone_leg_right_3) { transformation: [-0.9102306041028216f,0.40906777428111407f,-0.06437238071803783f,-0.499989788468614f,0.2510604121320318f,0.6687661575842069f,0.6998003257573907f,0.19338699369983245f,0.3293158314061242f,0.6208183168325104f,-0.7114321476223446f,-0.25290118090022057f,0f,0f,0f,1f], start_interpolation: 0, interpolation_duration: 1 }
$data merge entity $(bone_leg_right_2) { transformation: [-0.8697280128807541f,0.4620865974986394f,-0.28655079745713463f,-0.3997844994981344f,0.37560878658853997f,0.9014518965745192f,0.3136314988970037f,0.4126240287403312f,0.3931328306675416f,0.16100513679702008f,-0.9335877692413247f,-0.24483305875133132f,0f,0f,0f,1f], start_interpolation: 0, interpolation_duration: 1 }
$data merge entity $(bone_leg_right_1) { transformation: [-0.9026742801768214f,0.40499422711020583f,0.14546071605304461f,-0.3154522374248035f,0.08111151233231839f,-0.17183752698890808f,0.9817804168374414f,0.3154865774104619f,0.4226110108296063f,0.8980264697244414f,0.12226362173531063f,0.0010648281499145706f,0f,0f,0f,1f], start_interpolation: 0, interpolation_duration: 1 }
$data merge entity $(bone_leg_right_0) { transformation: [-0.9033886382188026f,0.00777215790921347f,-0.42875233165384874f,-0.17245543760902793f,0.13718416706022632f,0.9525307102318504f,-0.27178254243640865f,0.6956547143257505f,0.4062874261470192f,-0.3043432923963343f,-0.8615716381869761f,-0.0955342478356166f,0f,0f,0f,1f], start_interpolation: 0, interpolation_duration: 1 }
$data merge entity $(bone_tail_4) { transformation: [-2.028206897465025f,-1.337822838136918f,-1.3123521503143043f,-0.5940274810240762f,0.7150534735599512f,1.2350445858946726f,-2.3641118273893267f,0.49825284590716895f,1.7322634449254952f,-2.0761879144748767f,-0.5606856808973424f,-1.676670687463486f,0f,0f,0f,1f], start_interpolation: 0, interpolation_duration: 1 }
$data merge entity $(bone_tail_3) { transformation: [-1.529380002321998f,-0.33901066181805123f,-1.3718651922531222f,-0.3580923550282514f,0.539189805744327f,1.7285582752814088f,-1.028253941583498f,0.6556914164201338f,1.3062222965190124f,-1.1104519738261047f,-1.1817890048340898f,-1.4654162998855376f,0f,0f,0f,1f], start_interpolation: 0, interpolation_duration: 1 }
$data merge entity $(bone_tail_2) { transformation: [-1.7813941482559787f,0.17996240725179058f,-0.7829574033996188f,-0.21381670423894755f,0.5030977810870216f,1.734720684440997f,-0.7459293831460521f,0.7951428544727319f,0.6263396732025266f,-0.8815506530832335f,-1.6276796167624183f,-1.162580837986628f,0f,0f,0f,1f], start_interpolation: 0, interpolation_duration: 1 }
$data merge entity $(bone_tail_1) { transformation: [-1.4481814721911879f,0.3497168317012437f,-0.26100730109904746f,-0.1605422202113622f,0.34537728462820133f,1.4714993709014164f,0.05532072576879293f,0.7649209280837876f,0.26672308648674414f,-0.006632425015001015f,-1.4887817355386268f,-0.8423853640714525f,0f,0f,0f,1f], start_interpolation: 0, interpolation_duration: 1 }
$data merge entity $(bone_tail_0) { transformation: [-1.2152004126792586f,0.14768959902983764f,-0.36784705510115645f,-0.0494847480392853f,0.05055930838970816f,1.2342423470127994f,0.32851986509116654f,0.6987042544352823f,0.3931506453553673f,0.2977739541376473f,-1.1792366000417034f,-0.4905992055795969f,0f,0f,0f,1f], start_interpolation: 0, interpolation_duration: 1 }
$data merge entity $(bone_body_1) { transformation: [-1.212078318422721f,0.06279000515829206f,-0.2356441391548299f,0.0010698610292808849f,0.052068747348214664f,1.2337671849122414f,0.06092597179824785f,0.6014368441033939f,0.23824271366693875f,0.04980505739575815f,-1.212173444973395f,-0.21214058352546883f,0f,0f,0f,1f], start_interpolation: 0, interpolation_duration: 1 }