# This file was generated by Animated Java via MC-Build. It is not recommended to edit this file directly.
$data merge entity $(bone_head_lower) { transformation: [-0.9802643072731357f,-0.1152523870753204f,-0.16061997123570723f,0.41168049595047035f,-0.09227344432873548f,0.9852887783942053f,-0.14384587113353858f,1.0013201067866808f,0.17483563526361162f,-0.12618601524691792f,-0.9764781565391383f,0.5291966092039048f,0f,0f,0f,1f], start_interpolation: 0, interpolation_duration: 1 }
$data merge entity $(bone_head_upper) { transformation: [-1.0203567089971457f,-0.18447662072290372f,-0.09117294222892393f,0.400936151851093f,-0.0960473897545123f,0.8348272686475713f,-0.61425586934704f,0.9776909352144394f,0.18198633989771199f,-0.5937202628448864f,-0.8353736673857635f,0.4583328115884748f,0f,0f,0f,1f], start_interpolation: 0, interpolation_duration: 1 }
$data merge entity $(bone_neck_0) { transformation: [-0.955242600862377f,-0.21266941321781507f,-0.20562902076134887f,0.3914004799113288f,0.11988955392521355f,0.35714988075492776f,-0.9263209257791568f,0.9119573357690323f,0.2704405079815048f,-0.9095139819476834f,-0.31566793990580416f,0.4525968618933637f,0f,0f,0f,1f], start_interpolation: 0, interpolation_duration: 1 }
$data merge entity $(bone_neck_1) { transformation: [-0.8682066398703044f,-0.1745937582720141f,-0.46447201213589673f,0.3512492726681197f,0.3077785998558312f,0.5447469020991428f,-0.7800789358290423f,0.8483839922528876f,0.38921660287801096f,-0.8202242572771427f,-0.41921665498672644f,0.4133050383721476f,0f,0f,0f,1f], start_interpolation: 0, interpolation_duration: 1 }
$data merge entity $(bone_neck_2) { transformation: [-0.8585715501629237f,0.019924589595054693f,-0.512306455142137f,0.306562459084259f,0.3077922637171463f,0.8191694835651487f,-0.48396826300025325f,0.814004923877123f,0.4100229452685648f,-0.57320534533889f,-0.7094482478857883f,0.3455400124112848f,0f,0f,0f,1f], start_interpolation: 0, interpolation_duration: 1 }
$data merge entity $(bone_body_0) { transformation: [-0.85278054793247f,0.07405426057018483f,-0.5169925565802655f,0.06361126528982373f,0.3002781173888026f,0.8794446532728439f,-0.36933745280873403f,0.6483153770120551f,0.42731532769774644f,-0.47020534697216115f,-0.7722101672429319f,-0.022879037308775385f,0f,0f,0f,1f], start_interpolation: 0, interpolation_duration: 1 }
$data merge entity $(bone_leg_left_3) { transformation: [-0.8928021274074234f,0.04702193284205558f,-0.4479880569039493f,0.24840139616666318f,0.04858141114642746f,0.9987870552350522f,0.008016532037955076f,0.02504556987600387f,0.44782162496668326f,-0.014606715123223951f,-0.8940035995931499f,-0.03893192038242815f,0f,0f,0f,1f], start_interpolation: 0, interpolation_duration: 1 }
$data merge entity $(bone_leg_left_2) { transformation: [-0.8844682027267372f,-0.02120963470393499f,-0.5189685436148853f,0.22604686382185818f,0.10663175831811514f,0.9956010371155831f,-0.22241951918178812f,0.25041039288571176f,0.508338338101718f,-0.24574565263865072f,-0.8563080098456876f,-0.12189000316803608f,0f,0f,0f,1f], start_interpolation: 0, interpolation_duration: 1 }
$data merge entity $(bone_leg_left_1) { transformation: [-0.9526900188061098f,0.3039384957435471f,0.0017660329452893278f,0.3274972084283788f,0.2670682146221706f,0.834318508679262f,0.4822729463838285f,0.44617188027598703f,0.1451078798885168f,0.45992827362574984f,-0.876019227137109f,0.0466289966323751f,0f,0f,0f,1f], start_interpolation: 0, interpolation_duration: 1 }
$data merge entity $(bone_leg_left_0) { transformation: [-0.9513662184685998f,-0.05498949826982688f,-0.3031146209551578f,0.2199612672047588f,0.23791602215109856f,0.4939053181980931f,-0.836333368376175f,0.7358417575659056f,0.19569947562667167f,-0.8677751389246372f,-0.45680195216720837f,-0.2341461128421771f,0f,0f,0f,1f], start_interpolation: 0, interpolation_duration: 1 }
$data merge entity $(bone_leg_right_3) { transformation: [-0.7937987064267783f,0.5868375539693859f,0.15970378494701135f,-0.6144507182513611f,0.36356743012920534f,0.24736915277056698f,0.8981242820494374f,0.40203016935313707f,0.4875472668618073f,0.7709929879764147f,-0.4097163348791227f,-0.4063122492935181f,0f,0f,0f,1f], start_interpolation: 0, interpolation_duration: 1 }
$data merge entity $(bone_leg_right_2) { transformation: [-0.7257714490541067f,0.6798966340845576f,-0.2511146554844723f,-0.4626024215755277f,0.45302562248644734f,0.7029410307949847f,0.5938887876499653f,0.5835357125390073f,0.5657612470020926f,0.30931646203535235f,-0.7976839832949284f,-0.35974074882954454f,0f,0f,0f,1f], start_interpolation: 0, interpolation_duration: 1 }
$data merge entity $(bone_leg_right_1) { transformation: [-0.8476987797402806f,0.43147397625130934f,0.3086049037924117f,-0.3786341236288302f,0.10924585390783952f,-0.42728615175853146f,0.8974919988051887f,0.42203150723605837f,0.5191070431334812f,0.7945166784487725f,0.3150732064710422f,-0.15026735608200914f,0f,0f,0f,1f], start_interpolation: 0, interpolation_duration: 1 }
$data merge entity $(bone_leg_right_0) { transformation: [-0.8363667681212963f,0.21103228067567606f,-0.5059209480691231f,-0.15734179581515192f,0.16645234353032895f,0.977118979226456f,0.13240890366100838f,0.7755469122568321f,0.5222875132679308f,0.02653067937825027f,-0.8523566604046274f,-0.13119269675988854f,0f,0f,0f,1f], start_interpolation: 0, interpolation_duration: 1 }
$data merge entity $(bone_tail_4) { transformation: [-2.356530660481165f,-0.6715082897137115f,-1.273381794536883f,-0.519136736357229f,0.6040085792462642f,1.75603435527274f,-2.043814646903863f,0.3894325177328275f,1.3067510145429828f,-2.022642156078929f,-1.351658916311089f,-1.7654747073146089f,0f,0f,0f,1f], start_interpolation: 0, interpolation_duration: 1 }
$data merge entity $(bone_tail_3) { transformation: [-1.8077243493145352f,-0.08019494711868853f,-1.030362544639709f,-0.34364055441946595f,0.45812430344896826f,1.7987196908936993f,-0.9437558594388264f,0.5318567515339961f,0.926391021938999f,-1.0460027581667035f,-1.5438987759639267f,-1.4934505701756715f,0f,0f,0f,1f], start_interpolation: 0, interpolation_duration: 1 }
$data merge entity $(bone_tail_2) { transformation: [-1.8827283887273782f,0.22003993206532393f,-0.4750685398755376f,-0.2566661654230441f,0.4470763736352162f,1.5984516541449993f,-1.0314305117171383f,0.7243083754561217f,0.2724525746253322f,-1.10241036490981f,-1.590356833205122f,-1.1978675664735363f,0f,0f,0f,1f], start_interpolation: 0, interpolation_duration: 1 }
$data merge entity $(bone_tail_1) { transformation: [-1.4657078347964283f,0.3013231602831555f,-0.22036593678093322f,-0.21152894272602696f,0.34037579418014424f,1.4453778245248348f,-0.287547410191942f,0.7681919337404552f,0.15330072326183772f,-0.3282431224699591f,-1.468472536617069f,-0.8780026865033628f,0f,0f,0f,1f], start_interpolation: 0, interpolation_duration: 1 }
$data merge entity $(bone_tail_0) { transformation: [-1.1689863297888767f,0.14149759381568575f,-0.4972776973634856f,-0.06279825275279519f,0.11525020391578304f,1.2697965847529313f,0.09038661643844073f,0.7724213171709032f,0.5040080037540372f,0.037825664279568086f,-1.17404466178153f,-0.5340067483345148f,0f,0f,0f,1f], start_interpolation: 0, interpolation_duration: 1 }
$data merge entity $(bone_body_1) { transformation: [-1.1866607601439034f,0.14116587081668225f,-0.31703790358175005f,0.0014000956540203354f,0.12487719731201795f,1.2274956306882059f,0.07915021976665076f,0.6713394581504499f,0.3238001250500663f,0.04394620136236522f,-1.1924037929575828f,-0.25974965791416205f,0f,0f,0f,1f], start_interpolation: 0, interpolation_duration: 1 }