# This file was generated by Animated Java via MC-Build. It is not recommended to edit this file directly.
$data merge entity $(bone_head_lower) { transformation: [-0.937671328758726f,-0.14097001824307948f,-0.3176474983065205f,0.447634085122164f,-0.10055411775037355f,0.9849891604898622f,-0.1403040381490152f,1.0873688202065277f,0.33265800550608876f,-0.09961830993357657f,-0.9377712107431581f,0.44084140761280366f,0f,0f,0f,1f], start_interpolation: 0, interpolation_duration: 1 }
$data merge entity $(bone_head_upper) { transformation: [-0.9760216954085711f,-0.3014078629456791f,-0.200017231332214f,0.4267744052057204f,-0.10466673926881478f,0.7862394693128993f,-0.6740506755199575f,1.0585238503442636f,0.34626357932378554f,-0.6119254363340323f,-0.7675420096547102f,0.37429594977212566f,0f,0f,0f,1f], start_interpolation: 0, interpolation_duration: 1 }
$data merge entity $(bone_neck_0) { transformation: [-0.9140419407459884f,-0.3474629053153555f,-0.2092769934491587f,0.41917748666325433f,0.10787958142788417f,0.28911576451251686f,-0.951196126264866f,0.992289975787395f,0.39101064751263653f,-0.8920098677369858f,-0.2267797817081441f,0.3739845912311821f,0f,0f,0f,1f], start_interpolation: 0, interpolation_duration: 1 }
$data merge entity $(bone_neck_1) { transformation: [-0.8347086453378185f,-0.3058435944986483f,-0.45795324335836973f,0.3789738531050754f,0.2972049734654774f,0.44989692033971584f,-0.8421769201398386f,0.9230191559543639f,0.4636061703058842f,-0.8390783376854545f,-0.2846346115308638f,0.34600677478831693f,0f,0f,0f,1f], start_interpolation: 0, interpolation_duration: 1 }
$data merge entity $(bone_neck_2) { transformation: [-0.8347086453378185f,-0.10731151807587659f,-0.5401349048955776f,0.33060333759277444f,0.2972049734654774f,0.7379377108994978f,-0.6059019215845036f,0.8771624747599249f,0.4636061703058842f,-0.6662823522506505f,-0.5840694701263297f,0.2883145880292204f,0f,0f,0f,1f], start_interpolation: 0, interpolation_duration: 1 }
$data merge entity $(bone_body_0) { transformation: [-0.8347086453378185f,-0.011887773059215206f,-0.5505634915702242f,0.07101158273071584f,0.2972049734654774f,0.8319405434619472f,-0.4685553712120102f,0.6642593589925009f,0.4636061703058842f,-0.5547374270733249f,-0.690894858758103f,-0.04258613546241044f,0f,0f,0f,1f], start_interpolation: 0, interpolation_duration: 1 }
$data merge entity $(bone_leg_left_3) { transformation: [-0.8644046646865825f,0.06959535336075195f,-0.4979568881526489f,0.2640517811870127f,0.04528985370241244f,0.9971255312402488f,0.06074128826807662f,0.026755577060318253f,0.5007528380545552f,0.029952658303455892f,-0.8650719238542335f,-0.06393389301792583f,0f,0f,0f,1f], start_interpolation: 0, interpolation_duration: 1 }
$data merge entity $(bone_leg_left_2) { transformation: [-0.8526184220880689f,-0.06345174216077752f,-0.5666373639582097f,0.23042690592127224f,0.1076425121532708f,0.9830876287610584f,-0.27205514745173714f,0.247671147574682f,0.5599259909970953f,-0.2856130075721616f,-0.8105370404936466f,-0.15469043842205737f,0f,0f,0f,1f], start_interpolation: 0, interpolation_duration: 1 }
$data merge entity $(bone_leg_left_1) { transformation: [-0.9456635167840102f,0.31959099402911473f,-0.05985072730703219f,0.3392575298930085f,0.2579906880592907f,0.8495547804504697f,0.4601059442002981f,0.4489282931562117f,0.1978921875628044f,0.4196644749668912f,-0.8858444618285826f,0.002360006652329938f,0f,0f,0f,1f], start_interpolation: 0, interpolation_duration: 1 }
$data merge entity $(bone_leg_left_0) { transformation: [-0.9422577212622475f,-0.09067714433069807f,-0.32237872482176394f,0.22033677363826382f,0.22631569091389475f,0.5371387818585884f,-0.8125657739959506f,0.7522893668719817f,0.24684325951470357f,-0.8386057384250966f,-0.4856015040263521f,-0.25867100922560715f,0f,0f,0f,1f], start_interpolation: 0, interpolation_duration: 1 }
$data merge entity $(bone_leg_right_3) { transformation: [-0.7499839354753143f,0.6364018613750662f,0.1803240620863187f,-0.63649728151975f,0.39265114905021214f,0.2089517664513606f,0.8956362176946648f,0.43677737066961425f,0.5323055247491874f,0.7425172254804646f,-0.40659439025432387f,-0.40924879161214284f,0f,0f,0f,1f], start_interpolation: 0, interpolation_duration: 1 }
$data merge entity $(bone_leg_right_2) { transformation: [-0.6759010754896365f,0.7254340141412254f,-0.26261269348528327f,-0.4744669963600685f,0.4770603228189736f,0.6673746493618513f,0.6157001910684272f,0.6106292251330718f,0.6063277859743061f,0.28358203048992525f,-0.7771808331652306f,-0.3681052446490444f,0f,0f,0f,1f], start_interpolation: 0, interpolation_duration: 1 }
$data merge entity $(bone_leg_right_1) { transformation: [-0.8235265542122502f,0.46690916905822194f,0.32217982922066735f,-0.3811106220372207f,0.10538366387129015f,-0.43213496161445364f,0.8956303134326897f,0.4478295685999674f,0.5574031735614363f,0.7715278366979609f,0.3066700169625388f,-0.16366883677177518f,0f,0f,0f,1f], start_interpolation: 0, interpolation_duration: 1 }
$data merge entity $(bone_leg_right_0) { transformation: [-0.8109070980064554f,0.2318768177088151f,-0.5372735055928048f,-0.1520420964558632f,0.16220279931104392f,0.971231993411178f,0.1743521346878512f,0.7961132289219076f,0.5622454359960694f,0.05423611696814529f,-0.8251899861957896f,-0.14057379173636936f,0f,0f,0f,1f], start_interpolation: 0, interpolation_duration: 1 }
$data merge entity $(bone_tail_4) { transformation: [-2.5323669070371713f,-0.4172976748947012f,-1.0191377876766547f,-0.44961247659916104f,0.30340617187391816f,2.1922552250130765f,-1.6515517112314948f,0.366430372864968f,1.0586424677915598f,-1.6265119152746292f,-1.9645346641018722f,-1.800280820942805f,0f,0f,0f,1f], start_interpolation: 0, interpolation_duration: 1 }
$data merge entity $(bone_tail_3) { transformation: [-1.941281446132217f,-0.09133345663818301f,-0.7476831365262788f,-0.3219392770464566f,0.24776120992228864f,1.8744901965406928f,-0.8722651041828526f,0.4959909425707635f,0.7113271088641964f,-0.9021586494712562f,-1.7366833451794106f,-1.496975172580875f,0f,0f,0f,1f], start_interpolation: 0, interpolation_duration: 1 }
$data merge entity $(bone_tail_2) { transformation: [-1.926819371394576f,0.19193369334348978f,-0.2632535704998407f,-0.27438011904187454f,0.3073028422286266f,1.5951118851069308f,-1.0862582161491794f,0.6985307674493298f,0.10819403024009779f,-1.1124537771758956f,-1.602970530131563f,-1.1991711601881683f,0f,0f,0f,1f], start_interpolation: 0, interpolation_duration: 1 }
$data merge entity $(bone_tail_1) { transformation: [-1.4812013644574635f,0.24619664371895364f,-0.18189552097528786f,-0.2368326338118499f,0.2869148040141291f,1.429850789246079f,-0.401077131895972f,0.7670855322842028f,0.10667081684735837f,-0.42728232249168424f,-1.4469648937411128f,-0.8826792841942266f,0f,0f,0f,1f], start_interpolation: 0, interpolation_duration: 1 }
$data merge entity $(bone_tail_0) { transformation: [-1.148368734763274f,0.10846021226965409f,-0.5507461738011862f,-0.07327446316814437f,0.1187966353002196f,1.2726800463930312f,0.0029284020225919323f,0.7969418217507976f,0.548609446731982f,-0.04855510736761756f,-1.1534755277373576f,-0.5467786469579262f,0f,0f,0f,1f], start_interpolation: 0, interpolation_duration: 1 }
$data merge entity $(bone_body_1) { transformation: [-1.1711736170668343f,0.16122470450530352f,-0.36188886194523257f,3.3866076421921116e-17f,0.1378309972794002f,1.2246235271792345f,0.09952099238003338f,0.6913175f,0.37142909139135016f,0.0539296429852661f,-1.1780223337152518f,-0.2765375f,0f,0f,0f,1f], start_interpolation: 0, interpolation_duration: 1 }