# This file was generated by Animated Java via MC-Build. It is not recommended to edit this file directly.
$data merge entity $(bone_head_lower) { transformation: [-0.15194441133938047f,-0.20864046743541256f,-0.966116996647436f,0.680704140851029f,-0.2666460781682738f,0.9498771479882693f,-0.16319703651460934f,0.991063019522242f,0.9517419633809404f,0.2328144305622065f,-0.1999616864846553f,0.1454449237345398f,0f,0f,0f,1f], start_interpolation: 0, interpolation_duration: 1 }
$data merge entity $(bone_head_upper) { transformation: [-0.15815887445298976f,-0.015705984109255514f,-1.0286938490524917f,0.6093869262565668f,-0.2775517916628236f,1.0028401116418078f,0.0273615790938751f,1.015381604309755f,0.9906678131240696f,0.278454619514408f,-0.1565638894974392f,0.14121197816238545f,0f,0f,0f,1f], start_interpolation: 0, interpolation_duration: 1 }
$data merge entity $(bone_neck_0) { transformation: [-0.14732961443810688f,-0.6207469803450637f,-0.7700436163633876f,0.5697179554639832f,-0.11755733110656438f,0.784010625626503f,-0.6095142433182682f,0.9632812937363621f,0.9820765034418754f,0.0007247739127121591f,-0.1884813414907563f,0.12869532330934877f,0f,0f,0f,1f], start_interpolation: 0, interpolation_duration: 1 }
$data merge entity $(bone_neck_1) { transformation: [-0.1250996371272035f,-0.659834920477985f,-0.7409237197636833f,0.5039122147769003f,0.016583848055456207f,0.745295355696793f,-0.6665281755188333f,0.9102510916293889f,0.9920055729552708f,-0.09566979928170728f,-0.08229357648736796f,0.12128323847111139f,0f,0f,0f,1f], start_interpolation: 0, interpolation_duration: 1 }
$data merge entity $(bone_neck_2) { transformation: [-0.3765052955951923f,-0.6051518033145852f,-0.7014521062295574f,0.43653493500606744f,-0.0360876562550823f,0.7661744798379557f,-0.6416185373810931f,0.8615418226324383f,0.9257113175579046f,-0.2162590145870075f,-0.31030725926904207f,0.09198068434000783f,0f,0f,0f,1f], start_interpolation: 0, interpolation_duration: 1 }
$data merge entity $(bone_body_0) { transformation: [-0.5851391213650261f,-0.4973114982679524f,-0.6405415539515368f,0.12991258899916042f,-0.009165822445269818f,0.7938877494455511f,-0.6079952540761974f,0.5825587125416849f,0.8108811234373797f,-0.3498907186119148f,-0.46909304906614285f,-0.13243425704410802f,0f,0f,0f,1f], start_interpolation: 0, interpolation_duration: 1 }
$data merge entity $(bone_leg_left_3) { transformation: [-0.7038475227086888f,0.28589942079580816f,-0.650277007101945f,0.13095369061508244f,-0.21536644012417608f,0.7864569753254129f,0.5788805770020641f,0.1639814197027257f,0.676916509803891f,0.5474915041812285f,-0.49197265330940315f,-0.6316262266303317f,0f,0f,0f,1f], start_interpolation: 0, interpolation_duration: 1 }
$data merge entity $(bone_leg_left_2) { transformation: [-0.6695550689860527f,-0.1745169738368179f,-0.7571671116329709f,0.06583544900473387f,-0.2926780619810731f,0.9825248181653525f,0.0323532567887458f,0.393552334415168f,0.7197900812950812f,0.23717294751441362f,-0.691168164296678f,-0.5965850823327429f,0f,0f,0f,1f], start_interpolation: 0, interpolation_duration: 1 }
$data merge entity $(bone_leg_left_1) { transformation: [-0.7098596299478795f,0.6982701055972216f,0.09229390770524452f,0.26477599118484757f,0.10750231017538364f,-0.022090085967710837f,0.9939593962576614f,0.3326942936470704f,0.6960909129396928f,0.7154934575041085f,-0.0593847892275543f,-0.4129214081597683f,0f,0f,0f,1f], start_interpolation: 0, interpolation_duration: 1 }
$data merge entity $(bone_leg_left_0) { transformation: [-0.7040781840791632f,-0.13001138836695594f,-0.698119581159764f,0.18869346099297601f,0.050683770500046306f,0.9713898745491643f,-0.23201910919417307f,0.7388746212660827f,0.7083114188770971f,-0.19874292570618834f,-0.6773449515350785f,-0.35345487455162955f,0f,0f,0f,1f], start_interpolation: 0, interpolation_duration: 1 }
$data merge entity $(bone_leg_right_3) { transformation: [-0.7166335902684391f,0.099203479191976f,-0.6903585785772308f,-0.2740535874897178f,0.14342088761231878f,0.9896393093365716f,-0.006669813515259915f,0.10310497297237084f,0.6825443181914723f,-0.10379165251618688f,-0.7234366223605891f,-0.031069261900666577f,0f,0f,0f,1f], start_interpolation: 0, interpolation_duration: 1 }
$data merge entity $(bone_leg_right_2) { transformation: [-0.6927006069223858f,0.2413129469777767f,-0.7169352343768256f,-0.23888575923012523f,0.2697910564427288f,0.9869938846802896f,0.0715405966422017f,0.33496419133082334f,0.7067112950374922f,-0.14026165807271276f,-0.7300328843564643f,-0.08742171334447599f,0f,0f,0f,1f], start_interpolation: 0, interpolation_duration: 1 }
$data merge entity $(bone_leg_right_1) { transformation: [-0.5717967597678908f,0.7710299995204475f,-0.28028771888621895f,-0.025943283360877853f,-0.09915316706945655f,0.27419602420118583f,0.9565485820241226f,0.35674823545423473f,0.8143814308903645f,0.5747427947802058f,-0.08033433182146238f,0.08919749017561107f,0f,0f,0f,1f], start_interpolation: 0, interpolation_duration: 1 }
$data merge entity $(bone_leg_right_0) { transformation: [-0.6018274086133277f,-0.5060750136033578f,-0.6178121485112832f,-0.1043731528461065f,-0.05220311099563229f,0.7968677141458873f,-0.6018942443272624f,0.7246923009138475f,0.7969181924414478f,-0.3299847371595689f,-0.5059955215192975f,-0.09183620511351265f,0f,0f,0f,1f], start_interpolation: 0, interpolation_duration: 1 }
$data merge entity $(bone_tail_4) { transformation: [-1.7707423435662866f,-0.12995383526371634f,2.1150047009407857f,-0.06531016061164008f,-1.22698298659147f,2.3100586659331332f,-0.8853265172592021f,0.7170947697889071f,-1.7276126981810624f,-1.5074489352039373f,-1.539030020641595f,-1.7816445458187713f,0f,0f,0f,1f], start_interpolation: 0, interpolation_duration: 1 }
$data merge entity $(bone_tail_3) { transformation: [-1.689600281011883f,-0.4842691367500926f,1.1165481716613614f,-0.24989651577659236f,-0.7060374464773903f,1.9460522963681224f,-0.22435933235880282f,0.7360941720582111f,-0.9913160649463398f,-0.5606330252813525f,-1.7432523042828965f,-1.4805671410951804f,0f,0f,0f,1f], start_interpolation: 0, interpolation_duration: 1 }
$data merge entity $(bone_tail_2) { transformation: [-1.8886758348729502f,-0.10908929481312658f,0.48967028858908235f,-0.34234768293189993f,-0.21632322462527503f,1.8980606081016809f,-0.41151435632694056f,0.8128854819748725f,-0.45263862877295746f,-0.45192845532520753f,-1.8465245240756178f,-1.137744504179172f,0f,0f,0f,1f], start_interpolation: 0, interpolation_duration: 1 }
$data merge entity $(bone_tail_1) { transformation: [-1.5106474977857882f,0.04097745736513248f,0.06261976861524109f,-0.3548804354003552f,0.031433305550351f,1.4959883222782586f,-0.22065161886843015f,0.8420503062455335f,-0.06791417183265823f,-0.21907997990453043f,-1.4950076513748403f,-0.8132926277172627f,0f,0f,0f,1f], start_interpolation: 0, interpolation_duration: 1 }
$data merge entity $(bone_tail_0) { transformation: [-1.1435048288431238f,-0.059548206359399176f,-0.56805495695035f,-0.19031857844916467f,-0.10463385857629712f,1.2715766308355356f,0.07733268478729202f,0.8501373075888937f,0.5615017173935635f,0.11568318640301031f,-1.14243990578575f,-0.4766534931134119f,0f,0f,0f,1f], start_interpolation: 0, interpolation_duration: 1 }
$data merge entity $(bone_body_1) { transformation: [-0.9217276106044576f,0.25066928105503755f,-0.7849762534249032f,-0.024706950245885775f,-0.04460499979799951f,1.1608695228313046f,0.42308029971943856f,0.6735842638483965f,0.8228202725374891f,0.3437316650426901f,-0.8563994025012874f,-0.3007053952070798f,0f,0f,0f,1f], start_interpolation: 0, interpolation_duration: 1 }