# This file was generated by Animated Java via MC-Build. It is not recommended to edit this file directly.
$data merge entity $(bone_head_lower) { transformation: [0.10437327852038916f,-0.17239170058245937f,-0.9794831904127774f,0.7151254639408959f,-0.374101671621278f,0.9057249853450702f,-0.19927415841457669f,0.9260919584946633f,0.9214956093335822f,0.3872251960964833f,0.030041462796763257f,0.06086921961449761f,0f,0f,0f,1f], start_interpolation: 0, interpolation_duration: 1 }
$data merge entity $(bone_head_upper) { transformation: [0.10864210212300704f,0.26820188429752245f,-0.9998682840699867f,0.6522533066471725f,-0.3894022741148918f,0.9421096392574324f,0.21039781157580545f,0.9616301706431429f,0.959184395798822f,0.35209248708399904f,0.19866584502263887f,0.08276862157710435f,0f,0f,0f,1f], start_interpolation: 0, interpolation_duration: 1 }
$data merge entity $(bone_neck_0) { transformation: [0.09253970341738561f,-0.45778511586969484f,-0.8842336744207339f,0.6024779082069789f,-0.21722265424203477f,0.8573724579919504f,-0.46661203023591935f,0.9176115893741155f,0.9717256412051022f,0.23525572461687516f,-0.020100304960902843f,0.07733626780743064f,0f,0f,0f,1f], start_interpolation: 0, interpolation_duration: 1 }
$data merge entity $(bone_neck_1) { transformation: [0.0989951025916581f,-0.5775766574932413f,-0.8103117760354974f,0.5311730419707227f,-0.08211449463532372f,0.8067929171820495f,-0.5851003320420045f,0.8717627059286427f,0.9916940956936529f,0.12446040938311795f,0.03244113226344281f,0.08065783104848205f,0f,0f,0f,1f], start_interpolation: 0, interpolation_duration: 1 }
$data merge entity $(bone_neck_2) { transformation: [-0.22716516857054156f,-0.616613626480728f,-0.7537795578460607f,0.4590992665699609f,-0.13929315241669366f,0.7866296564635241f,-0.6015074407369354f,0.8267677387945949f,0.9638430390256167f,-0.031645208331801664f,-0.2645849143687141f,0.057168381795101364f,0f,0f,0f,1f], start_interpolation: 0, interpolation_duration: 1 }
$data merge entity $(bone_body_0) { transformation: [-0.5033210846242688f,-0.5546845755831431f,-0.6625653985704338f,0.14155061490581125f,-0.1046930698716655f,0.8002666449147435f,-0.5904342962241831f,0.5561218092388672f,0.8577337855614035f,-0.22781202480784024f,-0.46086270673537455f,-0.16220467795545607f,0f,0f,0f,1f], start_interpolation: 0, interpolation_duration: 1 }
$data merge entity $(bone_leg_left_3) { transformation: [-0.6655342853094869f,0.4362626173814608f,-0.6055898312827483f,0.04453077505281456f,-0.2278745635602164f,0.6538709985673176f,0.7214748093418227f,0.25484249686022803f,0.7107301164013181f,0.6181647401041697f,-0.3357604141826622f,-0.711851894837035f,0f,0f,0f,1f], start_interpolation: 0, interpolation_duration: 1 }
$data merge entity $(bone_leg_left_2) { transformation: [-0.6362856916003405f,-0.0935386722274705f,-0.7990326870430847f,-0.002953762439545704f,-0.35230875463807576f,0.9482594816301344f,0.1695426094072244f,0.48057346710080556f,0.7232435686342039f,0.37962701668501453f,-0.6203742968021734f,-0.6414117085837341f,0f,0f,0f,1f], start_interpolation: 0, interpolation_duration: 1 }
$data merge entity $(bone_leg_left_1) { transformation: [-0.5939330805379958f,0.7495936266729368f,0.292152170441981f,0.19702129408414376f,0.04023984272572643f,-0.3350073565990125f,0.9413558445571742f,0.3388350517640676f,0.8035074678558096f,0.5708585340308542f,0.16880842166221643f,-0.511282603284638f,0f,0f,0f,1f], start_interpolation: 0, interpolation_duration: 1 }
$data merge entity $(bone_leg_left_0) { transformation: [-0.5931041049363142f,-0.04350376287393387f,-0.8039495900387673f,0.17642327373010178f,-0.018141884264277867f,0.9990077199754527f,-0.040674899689969124f,0.7322796824987094f,0.8049213581108621f,-0.009539289557196517f,-0.5933048198116284f,-0.37313658391372434f,0f,0f,0f,1f], start_interpolation: 0, interpolation_duration: 1 }
$data merge entity $(bone_leg_right_3) { transformation: [-0.7039671796812632f,0.052893726787719864f,-0.7082601666041329f,-0.10717564672359736f,0.0421584755901335f,0.9985765896429839f,0.03267196891686165f,0.0637445573613272f,0.7089801639450314f,-0.00685917513220706f,-0.7051950643963568f,0.035899437013582336f,0f,0f,0f,1f], start_interpolation: 0, interpolation_duration: 1 }
$data merge entity $(bone_leg_right_2) { transformation: [-0.7049844238701889f,0.03089764317145748f,-0.7443819565569557f,-0.12188449007810656f,0.1714384875624632f,1.0040444029787212f,-0.12068919309570891f,0.29379004729296343f,0.7250296591060305f,-0.2073701328404053f,-0.6952638498606409f,-0.03504980227269622f,0f,0f,0f,1f], start_interpolation: 0, interpolation_duration: 1 }
$data merge entity $(bone_leg_right_1) { transformation: [-0.5008883822425664f,0.7144864318457165f,-0.48848742792706645f,0.08815118191517668f,-0.15187695386859607f,0.48307681101035493f,0.8623051580198641f,0.37626876429771255f,0.8520822844174267f,0.5061086181566586f,-0.13345353951670502f,0.12649171991694425f,0f,0f,0f,1f], start_interpolation: 0, interpolation_duration: 1 }
$data merge entity $(bone_leg_right_0) { transformation: [-0.5420917719856555f,-0.6970111094156582f,-0.469374076932893f,-0.08427598945715883f,-0.11549251120863677f,0.6150641577625314f,-0.7799727954810931f,0.6946865665261461f,0.832344874796604f,-0.3686076439617355f,-0.4139207825330877f,-0.08132130268029958f,0f,0f,0f,1f], start_interpolation: 0, interpolation_duration: 1 }
$data merge entity $(bone_tail_4) { transformation: [-1.6967132182950209f,0.1599471094053054f,2.1728420349063198f,-0.08520293270593757f,-0.9440070203415452f,2.428098861805239f,-0.9158864528127821f,0.8699662299429811f,-1.9635876176042746f,-1.3055321409651273f,-1.4372093892325424f,-1.7435431489730466f,0f,0f,0f,1f], start_interpolation: 0, interpolation_duration: 1 }
$data merge entity $(bone_tail_3) { transformation: [-1.656036986801006f,-0.38834673851118073f,1.201113581256667f,-0.2850671322693055f,-0.5270094522189059f,2.013074646598308f,-0.07574318807307252f,0.8631099598075396f,-1.147060618129407f,-0.36422905424371727f,-1.6992747454210437f,-1.4518446801263802f,0f,0f,0f,1f], start_interpolation: 0, interpolation_duration: 1 }
$data merge entity $(bone_tail_2) { transformation: [-1.8977246369492644f,-0.08741184937744037f,0.4580111853513776f,-0.37163447416114087f,-0.12921125314906873f,1.94293521701975f,-0.16456326906950391f,0.894068694531884f,-0.4480173315600703f,-0.19009415050340267f,-1.892595720054592f,-1.1003917870792603f,0f,0f,0f,1f], start_interpolation: 0, interpolation_duration: 1 }
$data merge entity $(bone_tail_1) { transformation: [-1.5099631670936358f,0.08045451933066522f,0.0345623254401204f,-0.37861279798665326f,0.07898985298876741f,1.5091582431450203f,-0.06211481523959675f,0.8889117445942397f,-0.03779004029331162f,-0.06020562653696025f,-1.5108287280125174f,-0.7745062460333971f,0f,0f,0f,1f], start_interpolation: 0, interpolation_duration: 1 }
$data merge entity $(bone_tail_0) { transformation: [-1.144045341780041f,-0.02267184040201666f,-0.5696331803785685f,-0.21269985506837982f,-0.13237218610948556f,1.2528613694495734f,0.21599006891420516f,0.8560282030027186f,0.554502999883691f,0.2523095186031491f,-1.1237001586394217f,-0.44004626432351057f,0f,0f,0f,1f], start_interpolation: 0, interpolation_duration: 1 }
$data merge entity $(bone_body_1) { transformation: [-0.8199286360058646f,0.3061442563650354f,-0.8732681840125127f,-0.030298223041403893f,-0.11823459692885062f,1.1225259381117743f,0.5045400810754322f,0.663119613702624f,0.9177920281866062f,0.41810980330199254f,-0.7151549345674226f,-0.3019454221277646f,0f,0f,0f,1f], start_interpolation: 0, interpolation_duration: 1 }