# This file was generated by Animated Java via MC-Build. It is not recommended to edit this file directly.
$data merge entity $(bone_head_lower) { transformation: [-0.15554666304433898f,0.39357162877290797f,-0.9060389664031074f,0.8400238458498255f,-0.8042502902310975f,0.48210937925619535f,0.3474939094378502f,0.5134674422660562f,0.5735736276006471f,0.7827336197316724f,0.2415395915016581f,0.008965817381647034f,0f,0f,0f,1f], start_interpolation: 0, interpolation_duration: 1 }
$data merge entity $(bone_head_upper) { transformation: [-0.16190845675174287f,0.792354573461492f,-0.655310479185579f,0.812590319332392f,-0.8371437919972619f,0.28360831704225536f,0.5497531597075284f,0.5574744531755785f,0.5970325499805021f,0.6125459125670695f,0.5931370683447987f,0.0637950167686828f,0f,0f,0f,1f], start_interpolation: 0, interpolation_duration: 1 }
$data merge entity $(bone_neck_0) { transformation: [-0.13786982884677768f,0.14900231377809667f,-0.9791783396207934f,0.7469007741896139f,-0.6272163056369272f,0.7519936079199314f,0.20274446870563131f,0.5585806936921671f,0.7665452473513386f,0.642108965936731f,-0.01022054923853987f,0.05246381448687431f,0f,0f,0f,1f], start_interpolation: 0, interpolation_duration: 1 }
$data merge entity $(bone_neck_1) { transformation: [-0.03359186952471532f,-0.027403293884793428f,-0.9990598809811643f,0.662141046060056f,-0.5082513378341561f,0.8611840143390026f,-0.006532307153722938f,0.5619946886457734f,0.8605534056010846f,0.5075540886755064f,-0.04285654182445525f,0.051171541144498484f,0f,0f,0f,1f], start_interpolation: 0, interpolation_duration: 1 }
$data merge entity $(bone_neck_2) { transformation: [-0.34302278174900924f,-0.09591766944348651f,-0.9344170224742814f,0.5793400128312451f,-0.34537338322982314f,0.9379694856382669f,0.030503609095816453f,0.5738503410749624f,0.8735288188477569f,0.3331862012449116f,-0.3548723121665426f,0.02334416620793156f,0f,0f,0f,1f], start_interpolation: 0, interpolation_duration: 1 }
$data merge entity $(bone_body_0) { transformation: [-0.5392342064507862f,-0.16861539386311208f,-0.8251032175102571f,0.18886568815993818f,-0.16368356347646074f,0.9820514438750791f,-0.09371580779420113f,0.5390376998630495f,0.8260957339443403f,0.08452106563017164f,-0.5571552995563283f,-0.23843586833913316f,0f,0f,0f,1f], start_interpolation: 0, interpolation_duration: 1 }
$data merge entity $(bone_leg_left_3) { transformation: [-0.3490759192170202f,0.8063802783785607f,-0.4773854305117682f,-0.096142845270573f,-0.27777018722937064f,0.39749835986099435f,0.8745506143125044f,0.3740350462894825f,0.8949802934754222f,0.43788800000677475f,0.08523129554755043f,-0.7728444573199169f,0f,0f,0f,1f], start_interpolation: 0, interpolation_duration: 1 }
$data merge entity $(bone_leg_left_2) { transformation: [-0.3768738843288928f,0.16245213117890198f,-0.9400199890890503f,-0.08791099145997672f,-0.5108077451816695f,0.8192453080486868f,0.34637374641176866f,0.5749119822796804f,0.8056697352352048f,0.5954062729064403f,-0.22011326041470233f,-0.6396087067270432f,0f,0f,0f,1f], start_interpolation: 0, interpolation_duration: 1 }
$data merge entity $(bone_leg_left_1) { transformation: [-0.26010357333286965f,0.8552528913049353f,0.44820600515167197f,0.12584345194165303f,-0.15450994016384811f,-0.4950669551791244f,0.8550060749960986f,0.39814860748192543f,0.9531383999871353f,0.15313785229073454f,0.2609137571415975f,-0.6308261720169795f,0f,0f,0f,1f], start_interpolation: 0, interpolation_duration: 1 }
$data merge entity $(bone_leg_left_0) { transformation: [-0.26123636752815516f,-0.002602492550534241f,-0.9652713542383919f,0.17302532805920853f,-0.21178347228298733f,0.9757854724462057f,0.05468521400429954f,0.7521967231852482f,0.9417554465722274f,0.21871428575989116f,-0.25546181721753425f,-0.41465244350815433f,0f,0f,0f,1f], start_interpolation: 0, interpolation_duration: 1 }
$data merge entity $(bone_leg_right_3) { transformation: [-0.6803359514298037f,-0.214944143948179f,-0.7006725399032614f,0.14044964285607764f,-0.15037969861851355f,0.9766259480497245f,-0.15358288914908935f,0.0017306839917876626f,0.7173067261886708f,0.0008789643683370096f,-0.6967569791441852f,0.029953204051225313f,0f,0f,0f,1f], start_interpolation: 0, interpolation_duration: 1 }
$data merge entity $(bone_leg_right_2) { transformation: [-0.7113360292485797f,-0.21445040036931304f,-0.7071593022615192f,0.0697107272669941f,-0.025532858844678877f,0.9881058527706463f,-0.2739655020989051f,0.223629573588174f,0.7385196856636767f,-0.17239503763893188f,-0.6906017842327007f,-0.032720240749478324f,0f,0f,0f,1f], start_interpolation: 0, interpolation_duration: 1 }
$data merge entity $(bone_leg_right_1) { transformation: [-0.4103603762576567f,0.5231313130081722f,-0.7469524690018902f,0.24327213167347805f,-0.255823804112121f,0.7201655379154276f,0.6449153271931015f,0.3799772635961202f,0.8753048285296259f,0.45573591843229566f,-0.16169795856285324f,0.11709706262163991f,0f,0f,0f,1f], start_interpolation: 0, interpolation_duration: 1 }
$data merge entity $(bone_leg_right_0) { transformation: [-0.45924679473950053f,-0.8288200196476448f,-0.3196087554382269f,-0.00273218635585051f,-0.2287323843344286f,0.45799575251105834f,-0.8590235078497656f,0.6563271642760392f,0.8583553331098854f,-0.3213989199003421f,-0.3999110606231229f,-0.07634514184671518f,0f,0f,0f,1f], start_interpolation: 0, interpolation_duration: 1 }
$data merge entity $(bone_tail_4) { transformation: [-2.1669558800203594f,-0.9972405283413868f,-1.3912134538878567f,-1.3058281668057923f,-1.1102382403372484f,2.5271095171008624f,-0.08215759168266823f,1.3197339984886916f,1.3028179440497571f,0.49486376793177933f,-2.383995928572514f,-1.122836788111154f,0f,0f,0f,1f], start_interpolation: 0, interpolation_duration: 1 }
$data merge entity $(bone_tail_3) { transformation: [-1.553942444730837f,-0.25290240976829753f,-1.3628091486491356f,-1.0722712479938008f,-0.8140497602295196f,1.8235649656606185f,0.5898129618191629f,1.2018785013835338f,1.1218428554742657f,0.9729320187932043f,-1.459731968709588f,-0.8848410929569965f,0f,0f,0f,1f], start_interpolation: 0, interpolation_duration: 1 }
$data merge entity $(bone_tail_2) { transformation: [-1.1961387143249667f,0.010370020578648548f,-1.545289135977145f,-0.7858873839483919f,-0.538461132252165f,1.828860610143007f,0.4290715007126922f,1.1221520668251943f,1.4484770140217995f,0.6884295216965379f,-1.1165809457938747f,-0.6760362510203783f,0f,0f,0f,1f], start_interpolation: 0, interpolation_duration: 1 }
$data merge entity $(bone_tail_1) { transformation: [-0.9043294444901859f,0.15250261664258655f,-1.2027416421431647f,-0.5280710175815785f,-0.2976910496055905f,1.426617656139906f,0.40472009114275914f,1.0179062972795445f,1.1752550977608198f,0.4787079120999002f,-0.8229644221229498f,-0.5059180046031392f,0f,0f,0f,1f], start_interpolation: 0, interpolation_duration: 1 }
$data merge entity $(bone_tail_0) { transformation: [-0.6838425058057931f,0.2587629300656525f,-1.0484449865687373f,-0.21544661392934397f,-0.45762551715268096f,1.0546059793902307f,0.5587672421224614f,0.8800710430707257f,0.978148265800243f,0.674302373451435f,-0.4715697147334278f,-0.3518422562224928f,0f,0f,0f,1f], start_interpolation: 0, interpolation_duration: 1 }
$data merge entity $(bone_body_1) { transformation: [-0.5527772395682111f,0.44420012797677794f,-1.0127823876712179f,-0.009908926500184063f,-0.3015205939206995f,1.028821717399621f,0.615805001851116f,0.6676065625000001f,1.0640146850082979f,0.5223185954650269f,-0.351654134021462f,-0.30526945998782407f,0f,0f,0f,1f], start_interpolation: 0, interpolation_duration: 1 }