# This file was generated by Animated Java via MC-Build. It is not recommended to edit this file directly.
$data merge entity $(bone_head_lower) { transformation: [-0.5451780286088684f,0.45833938657532225f,-0.7019301417063559f,0.8637267931789966f,-0.740020730899852f,0.13029697991941896f,0.6598424166892631f,0.41042959831341164f,0.39389114608048303f,0.8791744444293381f,0.2681455972075016f,0.09074557972751736f,0f,0f,0f,1f], start_interpolation: 0, interpolation_duration: 1 }
$data merge entity $(bone_head_upper) { transformation: [-0.5674755828214593f,0.5509028881334866f,-0.6767195972713774f,0.8292697450580915f,-0.7702872704516848f,0.0630294861001197f,0.6972494155218452f,0.4596723273500789f,0.41000112983386394f,0.8809115927899034f,0.3733172669550889f,0.1363890016370528f,0f,0f,0f,1f], start_interpolation: 0, interpolation_duration: 1 }
$data merge entity $(bone_neck_0) { transformation: [-0.5568785028816003f,0.11091192992998633f,-0.8231554390438983f,0.774422603736676f,-0.5533158754860082f,0.6895842294136648f,0.46724204913418704f,0.4788706195043901f,0.6194577265346678f,0.7156620252208215f,-0.32264530167559063f,0.10370945265725069f,0f,0f,0f,1f], start_interpolation: 0, interpolation_duration: 1 }
$data merge entity $(bone_neck_1) { transformation: [-0.4002494490064942f,0.05629041372980304f,-0.9146757720045531f,0.6971968836281344f,-0.4908362403999438f,0.8297027469490114f,0.26584419650485747f,0.5052134489957814f,0.7738734804088109f,0.5553600102882744f,-0.3044586922598225f,0.08047627954990463f,0f,0f,0f,1f], start_interpolation: 0, interpolation_duration: 1 }
$data merge entity $(bone_neck_2) { transformation: [-0.5540303681096173f,0.1465273916715794f,-0.8194998930459023f,0.6268371414922f,-0.2822637789345666f,0.8930159651062406f,0.3504991371843126f,0.5446629865900243f,0.7831842122476039f,0.4255023026439375f,-0.4533985885849302f,0.04492109618227366f,0f,0f,0f,1f], start_interpolation: 0, interpolation_duration: 1 }
$data merge entity $(bone_body_0) { transformation: [-0.6037074651689286f,0.023610072796821868f,-0.7968562360688629f,0.25150670109981105f,-0.14079547707239795f,0.9806912376973345f,0.13572520009057232f,0.617972074326325f,0.7846744102717143f,0.19413207042165598f,-0.5887264297604945f,-0.23069411180388147f,0f,0f,0f,1f], start_interpolation: 0, interpolation_duration: 1 }
$data merge entity $(bone_leg_left_3) { transformation: [-0.11505020375494661f,0.8554377824094902f,-0.5049649998190752f,-0.03871217656643681f,-0.33620103410396984f,0.44480861400315763f,0.8301290029724362f,0.38716988475504444f,0.9347364951061697f,0.2652762660603536f,0.23642374538465868f,-0.7645403131202221f,0f,0f,0f,1f], start_interpolation: 0, interpolation_duration: 1 }
$data merge entity $(bone_leg_left_2) { transformation: [-0.15677319982150065f,0.2227769643585279f,-0.9888654041221288f,-0.017586774416447903f,-0.5962726497129238f,0.788919115807105f,0.2722641280432631f,0.5785549218139292f,0.8197214713076331f,0.616473237347761f,0.008925055289154755f,-0.6192937742974807f,0f,0f,0f,1f], start_interpolation: 0, interpolation_duration: 1 }
$data merge entity $(bone_leg_left_1) { transformation: [-0.1633127802973402f,0.9766689512436716f,0.1394514089858507f,0.2436001550320147f,-0.219340549024033f,-0.1737555375869312f,0.9600514239933776f,0.4848017488979976f,0.9618828719471973f,0.12620131867164763f,0.24259960391589425f,-0.6170318916204103f,0f,0f,0f,1f], start_interpolation: 0, interpolation_duration: 1 }
$data merge entity $(bone_leg_left_0) { transformation: [-0.1518673419331416f,-0.21487837547165667f,-0.9647609000207377f,0.2201110181915879f,-0.27521608996670405f,0.9466735772735823f,-0.16752683938843244f,0.8381333711248972f,0.9493115475320002f,0.24007586685608417f,-0.20290678617458416f,-0.39587062975601356f,0f,0f,0f,1f], start_interpolation: 0, interpolation_duration: 1 }
$data merge entity $(bone_leg_right_3) { transformation: [-0.7075251944820657f,-0.19746354187272425f,-0.6785397916144589f,0.1338497300732215f,-0.17226775068714614f,0.979396133564934f,-0.1053899218675515f,0.0032765675800594807f,0.6853699156268142f,0.042324498687358394f,-0.7269640400766445f,-0.029221197713353977f,0f,0f,0f,1f], start_interpolation: 0, interpolation_duration: 1 }
$data merge entity $(bone_leg_right_2) { transformation: [-0.7316907120806356f,-0.13296534196655468f,-0.7064071907840005f,0.08215968471329851f,-0.043900825205824376f,1.014384259836969f,-0.14546302087453672f,0.23530071362272842f,0.7174702913026255f,-0.07353224280147766f,-0.7293089810686582f,-0.07001343876327579f,0f,0f,0f,1f], start_interpolation: 0, interpolation_duration: 1 }
$data merge entity $(bone_leg_right_1) { transformation: [-0.44028426620662525f,0.5278939706401296f,-0.7262766144470653f,0.25532243160343604f,-0.2883864449923363f,0.682892570212831f,0.6711862602085917f,0.379480685970197f,0.8502840838658429f,0.5049610809853675f,-0.14842938864831692f,0.09197478402810783f,0f,0f,0f,1f], start_interpolation: 0, interpolation_duration: 1 }
$data merge entity $(bone_leg_right_0) { transformation: [-0.4830016754362537f,-0.7249966340387946f,-0.49100841353095975f,0.06679766604060138f,-0.250152403596377f,0.651635628365665f,-0.7160969088185202f,0.7227154028814076f,0.8391264246230881f,-0.22304907190325407f,-0.4961007508786595f,-0.05278577842179566f,0f,0f,0f,1f], start_interpolation: 0, interpolation_duration: 1 }
$data merge entity $(bone_tail_4) { transformation: [-0.38880789474247457f,-0.7408626155877407f,-2.6316558166695003f,-1.5356560978782046f,-1.7325067950810307f,2.1230434995187357f,-0.34171308981262966f,1.2901291327766016f,2.1149255205760737f,1.6029567104497022f,-0.7637284585769274f,-0.3518385274369367f,0f,0f,0f,1f], start_interpolation: 0, interpolation_duration: 1 }
$data merge entity $(bone_tail_3) { transformation: [-0.3346290927021526f,0.1719906976849126f,-2.048020531213404f,-1.1900705625967805f,-1.2868990397738669f,1.6003263445291065f,0.3446621222003532f,1.2160267238997653f,1.6024542919505929f,1.321105717556475f,-0.15088224313403298f,-0.33918253132175724f,0f,0f,0f,1f], start_interpolation: 0, interpolation_duration: 1 }
$data merge entity $(bone_tail_2) { transformation: [-0.09725091543038238f,0.18653752488859934f,-1.9428123651704412f,-0.8289335118353927f,-0.9265268277438619f,1.7076533297018974f,0.2103378663762083f,1.1766465993608035f,1.7178079554832733f,0.9316102899653025f,0.003459871661845259f,-0.33833381004639945f,0f,0f,0f,1f], start_interpolation: 0, interpolation_duration: 1 }
$data merge entity $(bone_tail_1) { transformation: [-0.20209962444585278f,0.26845912525471877f,-1.4747005424377915f,-0.5146829635433634f,-0.5971284496424812f,1.3504531346786774f,0.32767391666731843f,1.0901974136267483f,1.3748634864692608f,0.6259890407219646f,-0.07446048931871632f,-0.33127631878491487f,0f,0f,0f,1f], start_interpolation: 0, interpolation_duration: 1 }
$data merge entity $(bone_tail_0) { transformation: [-0.32769524238318626f,0.44483438203534154f,-1.1526378083607567f,-0.16712076010378496f,-0.6252918086944842f,0.9687775742484213f,0.5516483319987042f,0.9523712781089997f,1.0655804515300722f,0.7052858291335563f,-0.030755765709645815f,-0.3052689658006239f,0f,0f,0f,1f], start_interpolation: 0, interpolation_duration: 1 }
$data merge entity $(bone_body_1) { transformation: [-0.4821878135510893f,0.44799478280385646f,-1.046613673759136f,0.04602663050863437f,-0.3630025498172452f,1.0167912777502681f,0.6024692866639805f,0.7438175f,1.0790406184872043f,0.5422552601199481f,-0.2650191909716142f,-0.28018045610773634f,0f,0f,0f,1f], start_interpolation: 0, interpolation_duration: 1 }