# This file was generated by Animated Java via MC-Build. It is not recommended to edit this file directly.
$data merge entity $(bone_head_lower) { transformation: [-0.8793023077168791f,-0.32544258376227125f,-0.3477277330296057f,0.7671909197389857f,-0.4159783915769739f,0.1692496150235967f,0.8934856157518138f,0.6000965067896611f,-0.2319254823964052f,0.930291186934769f,-0.28419865961452623f,0.455790111531405f,0f,0f,0f,1f], start_interpolation: 0, interpolation_duration: 1 }
$data merge entity $(bone_head_upper) { transformation: [-0.915265405726538f,-0.49438027243657434f,-0.03673317151135083f,0.7532733287745229f,-0.4329917344681424f,0.7596544776460734f,0.5647257520762163f,0.655950639830492f,-0.24141113799080052f,0.5118448626305796f,-0.8736174458172047f,0.4069836265545093f,0f,0f,0f,1f], start_interpolation: 0, interpolation_duration: 1 }
$data merge entity $(bone_neck_0) { transformation: [-0.9955957120643772f,-0.051775332748794416f,-0.07815684894990282f,0.7493816729710531f,-0.07560285111258447f,0.9363779835257454f,0.3427542572629947f,0.6629390315592734f,0.055438136897578816f,0.3471535494374358f,-0.9361682680428315f,0.34079636455909734f,0f,0f,0f,1f], start_interpolation: 0, interpolation_duration: 1 }
$data merge entity $(bone_neck_1) { transformation: [-0.9178898772936229f,0.0718727037614215f,-0.3902723249423683f,0.7166515932863106f,-0.04934585886706977f,0.9551568219845376f,0.29195964041125566f,0.6920721331566672f,0.39375520234603834f,0.2872451215781067f,-0.8731821578313478f,0.2681496776444308f,0f,0f,0f,1f], start_interpolation: 0, interpolation_duration: 1 }
$data merge entity $(bone_neck_2) { transformation: [-0.8825441205920291f,0.2669228836180601f,-0.3871279496619455f,0.6853496232937247f,0.005331312779592333f,0.8289012432645236f,0.5593695612192113f,0.749192563226016f,0.47019937506603326f,0.4916044173067877f,-0.7329649681751271f,0.20874956369322262f,0f,0f,0f,1f], start_interpolation: 0, interpolation_duration: 1 }
$data merge entity $(bone_body_0) { transformation: [-0.7868459260046746f,0.1092008787684372f,-0.6074114394757869f,0.40011916453305224f,-0.07583689813092831f,0.9596530876671544f,0.2707669038357087f,0.8859458848542854f,0.612472247217558f,0.25911603463911254f,-0.7468176664897374f,-0.14075439783216043f,0f,0f,0f,1f], start_interpolation: 0, interpolation_duration: 1 }
$data merge entity $(bone_leg_left_3) { transformation: [0.28040051399572724f,0.7265282975010856f,-0.627321436490979f,0.2885632417754164f,-0.2337969210524408f,0.6855504908628867f,0.689463214525658f,0.5041037881717151f,0.9309750541541543f,-0.04666001937235578f,0.362088789021202f,-0.6871126764384282f,0f,0f,0f,1f], start_interpolation: 0, interpolation_duration: 1 }
$data merge entity $(bone_leg_left_2) { transformation: [0.24698817030845804f,0.2375044293146661f,-0.9667733391464045f,0.3144307250064542f,-0.5601594618216855f,0.8565923222607092f,0.06732882203290495f,0.7049859577252837f,0.822970485837745f,0.5117650232290339f,0.33597371912110396f,-0.5561611612400204f,0f,0f,0f,1f], start_interpolation: 0, interpolation_duration: 1 }
$data merge entity $(bone_leg_left_1) { transformation: [-0.048080489732768114f,0.771675052712486f,-0.6341970352565823f,0.5586637074975005f,-0.3157664762328288f,0.5906261410675444f,0.7425983395989808f,0.8323446787260952f,0.9476179604643211f,0.23596265490293752f,0.21527151808030145f,-0.5223470797305166f,0f,0f,0f,1f], start_interpolation: 0, interpolation_duration: 1 }
$data merge entity $(bone_leg_left_0) { transformation: [-0.00895515277508907f,-0.6814211213523715f,-0.7318367718375809f,0.34965045028962455f,-0.3569605326462717f,0.6858248149097588f,-0.6342109281515771f,1.1117447147022121f,0.9340765404246404f,0.2555573881320423f,-0.24938211242882632f,-0.29309534740914056f,0f,0f,0f,1f], start_interpolation: 0, interpolation_duration: 1 }
$data merge entity $(bone_leg_right_3) { transformation: [-0.8072278768081079f,0.10265157707709832f,-0.5812450504111488f,0.010514483331508853f,-0.14801272932888584f,0.9180901128949437f,0.36769930182305666f,0.2307145368456988f,0.5713802471738837f,0.38284879303470953f,-0.7259141924576058f,-0.18310510054109957f,0f,0f,0f,1f], start_interpolation: 0, interpolation_duration: 1 }
$data merge entity $(bone_leg_right_2) { transformation: [-0.8040782977403365f,0.15490460149545604f,-0.6176769827662607f,0.028780965215024268f,-0.015422865733988165f,0.9898627983915255f,0.2683206571878949f,0.46976635478512213f,0.6366179590745529f,0.21963242997500704f,-0.7736545542990871f,-0.15680612631259394f,0f,0f,0f,1f], start_interpolation: 0, interpolation_duration: 1 }
$data merge entity $(bone_leg_right_1) { transformation: [-0.5783739773784928f,0.5815740696229024f,-0.5720621852855146f,0.20559781957301143f,-0.330853100073388f,0.4737606511128353f,0.8161415757262773f,0.5485980837553703f,0.7456673309614762f,0.6613035966932267f,-0.08159524825252146f,0.04202733209487155f,0f,0f,0f,1f], start_interpolation: 0, interpolation_duration: 1 }
$data merge entity $(bone_leg_right_0) { transformation: [-0.5972996761514171f,-0.31773328077077256f,-0.7363957218507273f,0.2102440145994955f,-0.27608842836317804f,0.9435183574123545f,-0.18316192003209242f,0.9660669348378854f,0.752999519650154f,0.09390778198069472f,-0.6512856914519954f,0.04436181535114922f,0f,0f,0f,1f], start_interpolation: 0, interpolation_duration: 1 }
$data merge entity $(bone_tail_4) { transformation: [2.3804570483153236f,0.5095534174988544f,-1.303626053529592f,-1.089552068691739f,-1.3265305134807832f,1.6418699975786668f,-1.7805170708127005f,1.0772328019656416f,0.44654492442565036f,2.1610829593900993f,1.6601142745917894f,0.6268681588799853f,0f,0f,0f,1f], start_interpolation: 0, interpolation_duration: 1 }
$data merge entity $(bone_tail_3) { transformation: [1.5532266657405045f,0.7392752092440633f,-1.1734157898520998f,-0.897818501590267f,-1.247504563202843f,1.514488554157852f,-0.697138659204457f,1.1806212969430885f,0.6059412642040186f,1.2230053599091257f,1.5725897748659152f,0.34824697916169917f,0f,0f,0f,1f], start_interpolation: 0, interpolation_duration: 1 }
$data merge entity $(bone_tail_2) { transformation: [1.4074810658823609f,0.3679114907432388f,-1.3047651356334284f,-0.6541372122222379f,-0.9500050732980939f,1.6094260413833619f,-0.5709746518259304f,1.2864447287079483f,0.9670890780550229f,1.0455442732371243f,1.3380395221407015f,0.10047225391599617f,0f,0f,0f,1f], start_interpolation: 0, interpolation_duration: 1 }
$data merge entity $(bone_tail_1) { transformation: [0.7755594997900936f,0.3721836831258244f,-1.2440430130426507f,-0.3917235444266557f,-0.7554434674627166f,1.3079045846162716f,-0.07966815554314383f,1.288322373976889f,1.056157601758965f,0.6622092973936827f,0.8565431785334103f,-0.09295012948660288f,0f,0f,0f,1f], start_interpolation: 0, interpolation_duration: 1 }
$data merge entity $(bone_tail_0) { transformation: [0.09099235491627228f,0.5643215521145848f,-1.1432835578935812f,-0.04401143212486994f,-0.7373647072550626f,0.9583525143229279f,0.4143542727782662f,1.1903651783075588f,1.0401198952166404f,0.630029650646647f,0.3937625673735594f,-0.19281296579727553f,0f,0f,0f,1f], start_interpolation: 0, interpolation_duration: 1 }
$data merge entity $(bone_body_1) { transformation: [-0.4384489901060541f,0.37532219546870194f,-1.0933893760777929f,0.1849056685310464f,-0.4581730760578415f,1.017203173341426f,0.5328974869297832f,0.9979581250000003f,1.0613409021171882f,0.5941679466185773f,-0.2216405553151018f,-0.1813060690904012f,0f,0f,0f,1f], start_interpolation: 0, interpolation_duration: 1 }