# This file was generated by Animated Java via MC-Build. It is not recommended to edit this file directly.
$data merge entity $(bone_head_lower) { transformation: [-0.8246266034424697f,-0.5375984263697761f,-0.17600822952258913f,0.74271032908992f,-0.37002577220442484f,0.27729096841739764f,0.8866739235697981f,0.7420333378619038f,-0.42786901360048846f,0.7963024869978002f,-0.42758678230467173f,0.5550688741146103f,0f,0f,0f,1f], start_interpolation: 0, interpolation_duration: 1 }
$data merge entity $(bone_head_upper) { transformation: [-0.8583534879288487f,-0.4551804529995467f,0.3735130353160578f,0.7579719194912447f,-0.38515967211018076f,0.9334803400472904f,0.25246469913372f,0.7802790788046395f,-0.4453686779779928f,0.06997965801452165f,-0.9382012208070357f,0.49182487321365354f,0f,0f,0f,1f], start_interpolation: 0, interpolation_duration: 1 }
$data merge entity $(bone_neck_0) { transformation: [-0.9873503655526766f,0.01854149153278873f,0.15746577004141418f,0.7681720258444368f,0.05239357077583093f,0.9755029258439758f,0.21365616165044304f,0.7782433155952697f,-0.14964681548350459f,0.21920368327558237f,-0.9641346253786676f,0.4259723884250305f,0f,0f,0f,1f], start_interpolation: 0, interpolation_duration: 1 }
$data merge entity $(bone_neck_1) { transformation: [-0.9680479286099383f,0.1336015299584701f,-0.2122117789067425f,0.750810388439765f,0.07725381090588973f,0.9639862087028722f,0.2544846520542627f,0.804242469700542f,0.23856876705580102f,0.22995917164448604f,-0.9435060798755122f,0.347104433101146f,0f,0f,0f,1f], start_interpolation: 0, interpolation_duration: 1 }
$data merge entity $(bone_neck_2) { transformation: [-0.932066972707566f,0.25230104417042487f,-0.2599910411884741f,0.7305034082094268f,0.04337595052660902f,0.7901943502651317f,0.6113194056505807f,0.8655351310916399f,0.3596799762339662f,0.5585132692421726f,-0.7474578535119913f,0.28708971317626836f,0f,0f,0f,1f], start_interpolation: 0, interpolation_duration: 1 }
$data merge entity $(bone_body_0) { transformation: [-0.833016871273514f,0.09256565142493442f,-0.5454488906854276f,0.4743171949996116f,-0.11632315201866011f,0.9345611737464293f,0.33625040792561134f,1.0329115507893527f,0.5408805935491949f,0.3435505970042461f,-0.7677376966255443f,-0.07146943535227662f,0f,0f,0f,1f], start_interpolation: 0, interpolation_duration: 1 }
$data merge entity $(bone_leg_left_3) { transformation: [0.3271996120330931f,0.6033449860239423f,-0.7272655922874135f,0.474262312268284f,-0.13372519923491671f,0.7914486318219035f,0.596428230616911f,0.6278050494557628f,0.9354453404528641f,-0.0978973494381031f,0.33964411373968895f,-0.6176545461513958f,0f,0f,0f,1f], start_interpolation: 0, interpolation_duration: 1 }
$data merge entity $(bone_leg_left_2) { transformation: [0.31191094597875396f,0.19072620483999436f,-0.958330462871063f,0.48958750177123767f,-0.4946222909498558f,0.898384001992066f,0.01780937283933642f,0.8370000990354555f,0.8426876945671208f,0.45671862153052933f,0.36516811152275885f,-0.49860144092492914f,0f,0f,0f,1f], start_interpolation: 0, interpolation_duration: 1 }
$data merge entity $(bone_leg_left_1) { transformation: [-0.0445093446346595f,0.5754868283138187f,-0.8165989399194042f,0.6901250660047575f,-0.33469790565336494f,0.7615787444382031f,0.5549550684255274f,1.021130226793046f,0.941273727558272f,0.2980146413470855f,0.1587168653651015f,-0.44480397775959074f,0f,0f,0f,1f], start_interpolation: 0, interpolation_duration: 1 }
$data merge entity $(bone_leg_left_0) { transformation: [0.0016118958700789277f,-0.7990159809910078f,-0.6013076283506485f,0.4255430471684541f,-0.3685741051477647f,0.558500503949352f,-0.74312200620278f,1.258054267292513f,0.9295969722445465f,0.22282425633062794f,-0.2935963555367712f,-0.22532588567209788f,0f,0f,0f,1f], start_interpolation: 0, interpolation_duration: 1 }
$data merge entity $(bone_leg_right_3) { transformation: [-0.8609863263222487f,0.23750576985508817f,-0.44977055836466295f,-0.019680544930443043f,-0.11446334851007292f,0.7711222717155461f,0.6263134869313588f,0.4377826385764681f,0.4955811616011853f,0.5907295924107727f,-0.6367400261615586f,-0.24613332303426844f,0f,0f,0f,1f], start_interpolation: 0, interpolation_duration: 1 }
$data merge entity $(bone_leg_right_2) { transformation: [-0.843180101159253f,0.2900168870455962f,-0.5069513997792573f,0.03356299269827828f,0.01407000600286872f,0.9001358724535863f,0.491548212847931f,0.6627722170922656f,0.5838763151908506f,0.3971244337122781f,-0.7439373846020587f,-0.17746100454946442f,0f,0f,0f,1f], start_interpolation: 0, interpolation_duration: 1 }
$data merge entity $(bone_leg_right_1) { transformation: [-0.6632068109630898f,0.5841493770011582f,-0.46789553453877664f,0.20386537016055706f,-0.3362977539178945f,0.32591115012348326f,0.8835642268307199f,0.6977535786767528f,0.6686258644428494f,0.7433380304910729f,-0.01969837109268119f,0.03884153873691612f,0f,0f,0f,1f], start_interpolation: 0, interpolation_duration: 1 }
$data merge entity $(bone_leg_right_0) { transformation: [-0.6741243936296981f,-0.17800958007862405f,-0.7168464907590912f,0.27071304354573317f,-0.28079450742196765f,0.9594207135178401f,0.0258135444015975f,1.10500150497516f,0.6831623134475775f,0.2186880972370254f,-0.6967530190905549f,0.10199051856310996f,0f,0f,0f,1f], start_interpolation: 0, interpolation_duration: 1 }
$data merge entity $(bone_tail_4) { transformation: [2.6591037598616096f,0.5962459224347039f,-0.4464519300774077f,-0.9177092936808813f,-0.7292352769174525f,1.7465484534094444f,-2.010832101989672f,1.1026714501311705f,-0.15180394194150518f,2.0541958600564527f,1.8392651422070592f,0.6928521388301738f,0f,0f,0f,1f], start_interpolation: 0, interpolation_duration: 1 }
$data merge entity $(bone_tail_3) { transformation: [1.8193165542833554f,0.6725822123620183f,-0.7574073996002397f,-0.7958627330062749f,-0.9723832678051857f,1.595789728827003f,-0.9186247590323228f,1.2428202069930956f,0.28373153128880974f,1.1563017923660321f,1.7083348937395308f,0.39186635006832526f,0f,0f,0f,1f], start_interpolation: 0, interpolation_duration: 1 }
$data merge entity $(bone_tail_2) { transformation: [1.5834605599305225f,0.26442704819186225f,-1.114228372611213f,-0.5874963089914995f,-0.7957222083009049f,1.621432791672382f,-0.7460266378012343f,1.381302361347433f,0.8235609858195231f,1.0582097680879825f,1.4215179437354741f,0.1284700512374249f,0f,0f,0f,1f], start_interpolation: 0, interpolation_duration: 1 }
$data merge entity $(bone_tail_1) { transformation: [0.8696782758152487f,0.2966490061685572f,-1.2013805865395963f,-0.3334297044334674f,-0.7131073464943182f,1.3202074160163546f,-0.19022760333677396f,1.4067803301223698f,1.0113327142690725f,0.6758017429946656f,0.8989740792784423f,-0.07420631777061729f,0f,0f,0f,1f], start_interpolation: 0, interpolation_duration: 1 }
$data merge entity $(bone_tail_0) { transformation: [0.044872192379807045f,0.48148683130203646f,-1.1832128440047385f,0.023951723942640224f,-0.7365980661383909f,0.9770435089241071f,0.3696552274951336f,1.3223362813820523f,1.0436692444909161f,0.6688737769833861f,0.31176609044565307f,-0.1491704997842779f,0f,0f,0f,1f], start_interpolation: 0, interpolation_duration: 1 }
$data merge entity $(bone_body_1) { transformation: [-0.48695785377794737f,0.30241291681419913f,-1.0954556455850477f,0.258260160632834f,-0.48136822908339344f,1.0247038098308494f,0.4968614748634778f,1.1378018749999999f,1.0294470708731667f,0.6222002289603573f,-0.28584995786003903f,-0.12462398956281918f,0f,0f,0f,1f], start_interpolation: 0, interpolation_duration: 1 }