# This file was generated by Animated Java via MC-Build. It is not recommended to edit this file directly.
$data merge entity $(bone_head_lower) { transformation: [-0.790178777424117f,-0.5153941738010792f,-0.3316418931926889f,0.7441062162724751f,-0.46357676886981036f,0.1486640757514723f,0.8734961774073123f,0.8041861401848673f,-0.40089160514128297f,0.843959618816483f,-0.35639596340921437f,0.6435204120550323f,0f,0f,0f,1f], start_interpolation: 0, interpolation_duration: 1 }
$data merge entity $(bone_head_upper) { transformation: [-0.8224967601796063f,-0.5425445055861046f,0.3355837921233503f,0.7548024588197214f,-0.4825368655595986f,0.8872627144413723f,0.2517836204393624f,0.8413168961247814f,-0.41728790475339267f,0.04338522333657244f,-0.952607195818962f,0.5786948472638338f,0f,0f,0f,1f], start_interpolation: 0, interpolation_duration: 1 }
$data merge entity $(bone_neck_0) { transformation: [-0.9671764893161521f,0.022537728067103455f,0.2531041076862574f,0.7711153343112578f,0.0826079703593822f,0.9698424660427676f,0.22930659452616403f,0.8403752360977876f,-0.24030306229256976f,0.24268836369644184f,-0.9398706274690983f,0.5140594109777834f,0f,0f,0f,1f], start_interpolation: 0, interpolation_duration: 1 }
$data merge entity $(bone_neck_1) { transformation: [-0.9837786284611143f,0.09842491801004277f,-0.14997381670773444f,0.758864014923926f,0.0441862034104363f,0.943233199030765f,0.32917884451215995f,0.8726063621440866f,0.17385968368584004f,0.31721233860129966f,-0.9322816863093224f,0.43654427354264486f,0f,0f,0f,1f], start_interpolation: 0, interpolation_duration: 1 }
$data merge entity $(bone_neck_2) { transformation: [-0.9531373117241331f,0.1335242096664689f,-0.2714784529796751f,0.7363877518197749f,-0.09508886657470854f,0.7196454090645003f,0.687799820199108f,0.9399085632253021f,0.2872061497475814f,0.6813822500222124f,-0.6732242248328835f,0.38423594035722175f,0f,0f,0f,1f], start_interpolation: 0, interpolation_duration: 1 }
$data merge entity $(bone_body_0) { transformation: [-0.8481283799377071f,-0.028658398227194612f,-0.5290150728999052f,0.48679192470246113f,-0.27967253192801367f,0.872286636904527f,0.40112254731286806f,1.137265736139116f,0.4499572491128626f,0.48815440107494823f,-0.747826018992348f,0.03643862281693959f,0f,0f,0f,1f], start_interpolation: 0, interpolation_duration: 1 }
$data merge entity $(bone_leg_left_3) { transformation: [0.20446351918246233f,0.34318832680935873f,-0.9167422983943284f,0.6065377325894312f,-0.024257177110238892f,0.9380159782234161f,0.34574212059888015f,0.7078313856885277f,0.9785735836829874f,-0.04845407041065562f,0.20011482798252073f,-0.4904147534996662f,0f,0f,0f,1f], start_interpolation: 0, interpolation_duration: 1 }
$data merge entity $(bone_leg_left_2) { transformation: [0.22226605283948023f,0.08225331720114469f,-0.9979450851952025f,0.5952147070696909f,-0.43903082746406175f,0.9267449851259328f,-0.021397770464471322f,0.9225119063056642f,0.8999510729990118f,0.4317873595348024f,0.23602953597925944f,-0.38107521249710763f,0f,0f,0f,1f], start_interpolation: 0, interpolation_duration: 1 }
$data merge entity $(bone_leg_left_1) { transformation: [-0.1578314742295948f,0.45312437494512725f,-0.8773639647108267f,0.7679898466329134f,-0.3107297429431159f,0.8205741557552423f,0.479692695125824f,1.1261835368169306f,0.937302647277291f,0.3483336844710244f,0.011286791830404434f,-0.30570941300186716f,0f,0f,0f,1f], start_interpolation: 0, interpolation_duration: 1 }
$data merge entity $(bone_leg_left_0) { transformation: [-0.10914296138885848f,-0.8450718790955996f,-0.5233940514957183f,0.46610404301864344f,-0.3427095626185508f,0.5262465323065036f,-0.7782125306914441f,1.3563076236524156f,0.9330798302766338f,0.09443572627566665f,-0.34705031902263905f,-0.13188437223169025f,0f,0f,0f,1f], start_interpolation: 0, interpolation_duration: 1 }
$data merge entity $(bone_leg_right_3) { transformation: [-0.895790854210535f,0.3868567203075505f,-0.2188621106213815f,-0.14637487452289033f,-0.027210289168061858f,0.44375118309524186f,0.895736840631758f,0.7633080382325563f,0.4436421369484084f,0.8083481709353084f,-0.3869817681356459f,-0.3377236335030573f,0f,0f,0f,1f], start_interpolation: 0, interpolation_duration: 1 }
$data merge entity $(bone_leg_right_2) { transformation: [-0.8469849092082066f,0.4867310060070754f,-0.312684650831474f,-0.04126794599458847f,0.08148642624334465f,0.6492342488974607f,0.7898842015747195f,0.9389281425577082f,0.5727466502847033f,0.6274153467604887f,-0.574781225108964f,-0.2101258882322853f,0f,0f,0f,1f], start_interpolation: 0, interpolation_duration: 1 }
$data merge entity $(bone_leg_right_1) { transformation: [-0.7916190801361901f,0.5867920450854568f,-0.17033592630082367f,0.11141350543215595f,-0.3145821344287916f,-0.15242073244819382f,0.9369130167834054f,0.8415647398920606f,0.5238103785365061f,0.7952628597793208f,0.30525345402314213f,0.00016469137449429128f,0f,0f,0f,1f], start_interpolation: 0, interpolation_duration: 1 }
$data merge entity $(bone_leg_right_0) { transformation: [-0.7934627689867249f,-0.017461350921009783f,-0.608368256449934f,0.24634296932145205f,-0.2620684117916492f,0.9119758794538594f,0.3156265876559868f,1.2044143008541892f,0.5493059091006776f,0.40987204895963936f,-0.7281949750641685f,0.15650251292958287f,0f,0f,0f,1f], start_interpolation: 0, interpolation_duration: 1 }
$data merge entity $(bone_tail_4) { transformation: [2.757796135294749f,0.09184451192335503f,-0.10856515731533885f,-0.9964270019052968f,-0.139363121301316f,2.1648511819129443f,-1.7087008550917524f,1.188743164464083f,0.028279465597819284f,1.7119127540268197f,2.1666140233151374f,0.48289041516732684f,0f,0f,0f,1f], start_interpolation: 0, interpolation_duration: 1 }
$data merge entity $(bone_tail_3) { transformation: [1.8848270587680687f,0.3255458006672791f,-0.8230385265879451f,-0.8600558037004171f,-0.6714908413532373f,1.7874178991603304f,-0.8307724296005723f,1.312120180673495f,0.576604313683896f,1.0173999761517671f,1.7228958993543253f,0.18079488126092585f,0f,0f,0f,1f], start_interpolation: 0, interpolation_duration: 1 }
$data merge entity $(bone_tail_2) { transformation: [1.3929204661836432f,-0.06305091368035898f,-1.369149747899619f,-0.6045188710484533f,-0.6149933527921605f,1.7158017611473282f,-0.7046852967587465f,1.443073164440243f,1.2248794332141328f,0.9331788540952785f,1.2031714239297837f,-0.0417442749847832f,0f,0f,0f,1f], start_interpolation: 0, interpolation_duration: 1 }
$data merge entity $(bone_tail_1) { transformation: [0.6420824029028088f,0.07016969867422038f,-1.3676485847141158f,-0.31168733406982646f,-0.6020369216132586f,1.3711818177580164f,-0.21229276404120467f,1.4725700866524984f,1.2300154401051175f,0.6345020772525434f,0.6100208037970684f,-0.18194520055079874f,0f,0f,0f,1f], start_interpolation: 0, interpolation_duration: 1 }
$data merge entity $(bone_tail_0) { transformation: [-0.21604146044862574f,0.236659330392963f,-1.2373981433997736f,0.055620174454187765f,-0.6937358473347446f,1.0256223333125798f,0.31727767037286336f,1.4046042710390725f,1.05161417738351f,0.7252081820639102f,-0.04490468992866336f,-0.1513224411933497f,0f,0f,0f,1f], start_interpolation: 0, interpolation_duration: 1 }
$data merge entity $(bone_body_1) { transformation: [-0.6911734049447347f,0.11336617713872575f,-1.0188385687803063f,0.2848498535078379f,-0.47772166080458006f,1.0515815753645297f,0.44109273425008716f,1.2312249074074075f,0.9070093352063504f,0.6402568978863525f,-0.5440677950529044f,-0.06796014567150915f,0f,0f,0f,1f], start_interpolation: 0, interpolation_duration: 1 }