# This file was generated by Animated Java via MC-Build. It is not recommended to edit this file directly.
$data merge entity $(bone_head_lower) { transformation: [-0.799750474764893f,-0.44992200488284684f,-0.39745360438109956f,0.6880855134156459f,-0.48568998048408846f,0.09578635967767196f,0.8688672028319778f,0.7384750095435785f,-0.3528518399706793f,0.8879161913277058f,-0.2951277963991308f,0.6630111883000654f,0f,0f,0f,1f], start_interpolation: 0, interpolation_duration: 1 }
$data merge entity $(bone_head_upper) { transformation: [-0.8324599359534127f,-0.5861224611013177f,0.21666300609121358f,0.6896020459467885f,-0.5055544983150625f,0.8438364204969321f,0.3403332003490656f,0.7807278689534307f,-0.3672833332038801f,0.16695058735735524f,-0.9595323846099143f,0.6004983696740419f,0f,0f,0f,1f], start_interpolation: 0, interpolation_duration: 1 }
$data merge entity $(bone_neck_0) { transformation: [-0.9649770813381511f,-0.003663450385551121f,0.2623086190413416f,0.7069346859707968f,0.0656650289882829f,0.9646980614717527f,0.2550406911859562f,0.7815392018877669f,-0.2539829452149711f,0.26333292487631477f,-0.93067095915582f,0.5361271215661739f,0f,0f,0f,1f], start_interpolation: 0, interpolation_duration: 1 }
$data merge entity $(bone_neck_1) { transformation: [-0.9870012204581339f,0.04946897453499899f,-0.15290981450714541f,0.694209115122787f,-0.010559425600837308f,0.929430612183022f,0.3688458155762013f,0.8170670542199012f,0.16036548676424867f,0.36566590994451237f,-0.9168267845996414f,0.4601444366979121f,0f,0f,0f,1f], start_interpolation: 0, interpolation_duration: 1 }
$data merge entity $(bone_neck_2) { transformation: [-0.948551353826472f,0.051168779740870085f,-0.3124613338219583f,0.6673361331541303f,-0.1932284786119275f,0.6882219294769916f,0.6992948811769514f,0.8850686533508967f,0.25082480779876404f,0.7236935344237898f,-0.6429265774767101f,0.41090465857208913f,0f,0f,0f,1f], start_interpolation: 0, interpolation_duration: 1 }
$data merge entity $(bone_body_0) { transformation: [-0.8323936061671057f,-0.11781503838746349f,-0.5415168521310133f,0.41099893592354075f,-0.37993129362553457f,0.8326853514033832f,0.4028490010937746f,1.082862245711445f,0.4034514797793525f,0.5410681309114266f,-0.7378835824002767f,0.06829724353236766f,0f,0f,0f,1f], start_interpolation: 0, interpolation_duration: 1 }
$data merge entity $(bone_leg_left_3) { transformation: [0.11085776758834641f,0.250323932207525f,-0.9617944085559501f,0.566198834112531f,0.019481806888866422f,0.96702609594801f,0.2539310712691432f,0.6323217981058058f,0.9936453162802474f,-0.04688772461649317f,0.10232559168954206f,-0.434327949569157f,0f,0f,0f,1f], start_interpolation: 0, interpolation_duration: 1 }
$data merge entity $(bone_leg_left_2) { transformation: [0.11861441790243336f,0.08208624019284146f,-1.0155070992057926f,0.5541333153935517f,-0.418710672694818f,0.9359636851874656f,0.026749805278651662f,0.8506706843190395f,0.9288025581025356f,0.4114559863241704f,0.14174617765881478f,-0.332596640654458f,0f,0f,0f,1f], start_interpolation: 0, interpolation_duration: 1 }
$data merge entity $(bone_leg_left_1) { transformation: [-0.2592798344043513f,0.44083436632218076f,-0.8593247517327619f,0.7246333189654866f,-0.2790366407683715f,0.8176157018224582f,0.5036299407720628f,1.0516378656660497f,0.924614795782522f,0.3703641796970784f,-0.08898232306112927f,-0.24567525972218285f,0f,0f,0f,1f], start_interpolation: 0, interpolation_duration: 1 }
$data merge entity $(bone_leg_left_0) { transformation: [-0.21159752903546397f,-0.8307020139649377f,-0.514937520191219f,0.41578820803341043f,-0.3127363522356246f,0.5567143905457548f,-0.7695875917331464f,1.2965076536851148f,0.9259710900975479f,-0.001803151093226929f,-0.37759010706014756f,-0.10797717355790543f,0f,0f,0f,1f], start_interpolation: 0, interpolation_duration: 1 }
$data merge entity $(bone_leg_right_3) { transformation: [-0.9392270777023985f,0.27459439658280077f,-0.20603498216550503f,-0.14748121488911153f,-0.028217060245737648f,0.5363857204732804f,0.843501130042781f,0.6746140020310606f,0.34213490617255177f,0.7980528029132458f,-0.49603974612989543f,-0.32856462947610626f,0f,0f,0f,1f], start_interpolation: 0, interpolation_duration: 1 }
$data merge entity $(bone_leg_right_2) { transformation: [-0.9041269523596304f,0.4116660471882613f,-0.25524051228199085f,-0.05800788916609245f,0.09572429764184626f,0.6816922435094217f,0.7603911779345951f,0.8568664629152337f,0.47481945238011897f,0.6464433078253485f,-0.639311924579825f,-0.19837385963530252f,0f,0f,0f,1f], start_interpolation: 0, interpolation_duration: 1 }
$data merge entity $(bone_leg_right_1) { transformation: [-0.8498254215645685f,0.4921383223950391f,-0.18867067735289353f,0.06877229450647535f,-0.3012513727386797f,-0.15981247152614925f,0.9400572239857343f,0.757593689225502f,0.43248625791539813f,0.8557218272165905f,0.284070046184802f,0.02764624365567228f,0f,0f,0f,1f], start_interpolation: 0, interpolation_duration: 1 }
$data merge entity $(bone_leg_right_0) { transformation: [-0.8591171457983349f,-0.14140095383055107f,-0.49185719477418705f,0.1531883173396052f,-0.24594829944981156f,0.9568899405944666f,0.15450267177904742f,1.1493200879376597f,0.4488063767295071f,0.2537073350238983f,-0.8568578787418617f,0.1448283336075638f,0f,0f,0f,1f], start_interpolation: 0, interpolation_duration: 1 }
$data merge entity $(bone_tail_4) { transformation: [2.685574320828282f,-0.27533339096972725f,-0.5809848730602365f,-1.1554713326265167f,-0.068665998379695f,2.3583128001099403f,-1.4350285882532567f,1.1528176779158101f,0.639247119331974f,1.4100402803660348f,2.286659323067396f,0.21376993611531736f,0f,0f,0f,1f], start_interpolation: 0, interpolation_duration: 1 }
$data merge entity $(bone_tail_3) { transformation: [1.7160238012482145f,0.11217206077638732f,-1.174148742014933f,-0.9574767873000338f,-0.5932262319715835f,1.8736815817442387f,-0.6880010857387149f,1.2511417923401087f,1.019455971239007f,0.9014878174762165f,1.5760630582852777f,-0.062293882554211255f,0f,0f,0f,1f], start_interpolation: 0, interpolation_duration: 1 }
$data merge entity $(bone_tail_2) { transformation: [1.0712290085911391f,-0.2562017362283063f,-1.614188017707114f,-0.656671609422933f,-0.5352189537779886f,1.768600298563867f,-0.6358989938971233f,1.369379104988271f,1.544274249501174f,0.790688010074884f,0.8993349698828468f,-0.2281482368208601f,0f,0f,0f,1f], start_interpolation: 0, interpolation_duration: 1 }
$data merge entity $(bone_tail_1) { transformation: [0.36477202416812265f,-0.070410120836611f,-1.466165077768552f,-0.3406570446798629f,-0.5324510407246925f,1.4015141258151722f,-0.1997756100521929f,1.3957452137900235f,1.3678792013973609f,0.5643197852497358f,0.3132186462524381f,-0.303754454658616f,0f,0f,0f,1f], start_interpolation: 0, interpolation_duration: 1 }
$data merge entity $(bone_tail_0) { transformation: [-0.4160172187557568f,0.07018390285995763f,-1.2065817875561093f,0.013627859811566806f,-0.6568322849853153f,1.0580432985893442f,0.28801292383359695f,1.3371136129363723f,1.0145623389835254f,0.7137606844549171f,-0.30829314333399266f,-0.19643971600814966f,0f,0f,0f,1f], start_interpolation: 0, interpolation_duration: 1 }
$data merge entity $(bone_body_1) { transformation: [-0.8259063242430461f,-0.007056974527763416f,-0.9200182268531992f,0.22799454746661527f,-0.46292152323287317f,1.0716230827977724f,0.4073477958685983f,1.1702295370370375f,0.7951018814965456f,0.6165863788487087f,-0.7184976203962959f,-0.07093055203173251f,0f,0f,0f,1f], start_interpolation: 0, interpolation_duration: 1 }