# This file was generated by Animated Java via MC-Build. It is not recommended to edit this file directly.
$data merge entity $(bone_head_lower) { transformation: [-0.9903279085361981f,-0.13228775512432878f,0.04183997393027416f,0.40596468890571474f,-0.12439129697812808f,0.9801136195473028f,0.15460950169373172f,0.24317596971074787f,-0.061460872190520516f,0.14790957582945924f,-0.9870893164083634f,0.7319891040825348f,0f,0f,0f,1f], start_interpolation: 0, interpolation_duration: 1 }
$data merge entity $(bone_head_upper) { transformation: [-1.0308319073587002f,-0.13714973584598733f,-0.04524899238776603f,0.3994456818093478f,-0.12947884919482644f,0.7331801725219063f,0.7274297250012804f,0.30974623155390313f,-0.06397459625441607f,0.7260225390176472f,-0.7431490203559181f,0.6970411531210244f,0f,0f,0f,1f], start_interpolation: 0, interpolation_duration: 1 }
$data merge entity $(bone_neck_0) { transformation: [-0.9993468898390451f,-0.01018749581321133f,0.03466999708803142f,0.40217578494968675f,-0.00682597542264711f,0.9953839500343709f,0.0957298181002281f,0.2997815588750171f,-0.035485205770260264f,0.09543063943529431f,-0.9948033942585909f,0.6311777483385304f,0f,0f,0f,1f], start_interpolation: 0, interpolation_duration: 1 }
$data merge entity $(bone_neck_1) { transformation: [-0.9587592477112516f,-0.00017168463549438462f,-0.2842194142780211f,0.37809787925087085f,-0.06321894256275903f,0.9750772987397985f,0.21266787905921375f,0.3222893787278771f,0.2770993869163229f,0.2218653465656224f,-0.9348752311211985f,0.5530036519436159f,0f,0f,0f,1f], start_interpolation: 0, interpolation_duration: 1 }
$data merge entity $(bone_neck_2) { transformation: [-0.8857450158826404f,-0.10376751375510186f,-0.45242465663151704f,0.33744613733066664f,-0.3529713723084945f,0.7835562623565532f,0.5113225929415662f,0.3747565783201401f,0.30144149875178017f,0.6125943901236064f,-0.7306580157771262f,0.49499021177722524f,0f,0f,0f,1f], start_interpolation: 0, interpolation_duration: 1 }
$data merge entity $(bone_body_0) { transformation: [-0.7685173570238881f,-0.248356867862892f,-0.5896608670569481f,0.05717527230249962f,-0.482187189263622f,0.8305838410877705f,0.2786144243106112f,0.5139788610098023f,0.42056698213609894f,0.498446937104863f,-0.7580725983886469f,0.1424617690634951f,0f,0f,0f,1f], start_interpolation: 0, interpolation_duration: 1 }
$data merge entity $(bone_leg_left_3) { transformation: [-0.21403367449523156f,0.06374335728515523f,-0.974744259067006f,0.23284840172612703f,0.09289388726531636f,0.9946744102684755f,0.04464911271009736f,0.008679023283726772f,0.9723992553940008f,-0.08099136965799097f,-0.2188151872016993f,-0.2646122206528433f,0f,0f,0f,1f], start_interpolation: 0, interpolation_duration: 1 }
$data merge entity $(bone_leg_left_2) { transformation: [-0.33792387221074116f,0.23248694195798236f,-0.9401167363204525f,0.2574627045236146f,-0.3381327232327196f,0.9047176926823903f,0.3452743221372989f,0.22971335517668168f,0.9074887974900945f,0.4236719460469053f,-0.221423494831746f,-0.1712900245339977f,0f,0f,0f,1f], start_interpolation: 0, interpolation_duration: 1 }
$data merge entity $(bone_leg_left_1) { transformation: [-0.6245191696497732f,0.5402982446344354f,-0.5639624221390163f,0.4465929948698726f,-0.08726304550751009f,0.6693006006586996f,0.7378494879354855f,0.3741465409180469f,0.7761191710225382f,0.510014228039622f,-0.37084298506030294f,-0.028523873819249895f,0f,0f,0f,1f], start_interpolation: 0, interpolation_duration: 1 }
$data merge entity $(bone_leg_left_0) { transformation: [-0.5900668148833383f,-0.6152334073368458f,-0.5227896407448476f,0.17898032056325422f,-0.12960678456538738f,0.7113199812792569f,-0.6908154352846343f,0.6946004676167337f,0.7968834515586662f,-0.3398701792296174f,-0.4994647393984626f,-0.02865027914182535f,0f,0f,0f,1f], start_interpolation: 0, interpolation_duration: 1 }
$data merge entity $(bone_leg_right_3) { transformation: [-0.9895800479494515f,0.06470733297434003f,0.1286246079088656f,-0.3446155563271679f,0.05754735653542607f,0.99661986529105f,-0.05862717682981522f,0.04355124673390656f,-0.13198344765971992f,-0.050614278287828746f,-0.9899588700432235f,0.05382539433580142f,0f,0f,0f,1f], start_interpolation: 0, interpolation_duration: 1 }
$data merge entity $(bone_leg_right_2) { transformation: [-0.9879437179252172f,0.25777983087498807f,0.09787220497596028f,-0.27997008808215146f,0.2702300218490324f,0.9775582784251615f,0.15302858254130375f,0.2757287017325409f,-0.05481920287878389f,0.17318074539968825f,-1.0094877334169232f,0.06308092737044368f,0f,0f,0f,1f], start_interpolation: 0, interpolation_duration: 1 }
$data merge entity $(bone_leg_right_1) { transformation: [-0.9890026741362766f,0.08018823079068058f,-0.12427211350079632f,-0.2712911311609745f,-0.09646359029430414f,0.28718845392631454f,0.9530044950990241f,0.30128391268148474f,0.11210926054000576f,0.9545117283585745f,-0.27629490427277054f,0.33927830708263595f,0f,0f,0f,1f], start_interpolation: 0, interpolation_duration: 1 }
$data merge entity $(bone_leg_right_0) { transformation: [-0.9958798940981343f,-0.08841672257788605f,0.02014248494288247f,-0.1918495770422234f,-0.06457916334691902f,0.5355622151268199f,-0.8420229482560826f,0.5876179573238777f,0.06366135556600305f,-0.8398545093628055f,-0.539065520053416f,0.046005170020308433f,0f,0f,0f,1f], start_interpolation: 0, interpolation_duration: 1 }
$data merge entity $(bone_tail_4) { transformation: [-2.3619644634321406f,0.4775616655427746f,-1.348599295820568f,-0.5502998104782086f,0.42989309232402895f,2.719684723804481f,0.210162470190634f,0.6769894335794253f,1.364542829762336f,-0.030185928982827317f,-2.4005776402848626f,-1.6597420725080467f,0f,0f,0f,1f], start_interpolation: 0, interpolation_duration: 1 }
$data merge entity $(bone_tail_3) { transformation: [-1.857900253350407f,0.14003271697897698f,-0.9298080516001269f,-0.3940090552423876f,0.027452880534451423f,2.066273191330849f,0.2563336969308432f,0.6133046058344029f,0.9398928204828991f,0.21645198776485716f,-1.8454526677869003f,-1.3489396497734913f,0f,0f,0f,1f], start_interpolation: 0, interpolation_duration: 1 }
$data merge entity $(bone_tail_2) { transformation: [-1.8320301847807559f,0.045893219777229335f,-0.6784785106644468f,-0.26922514713098256f,0.131790796665535f,1.9367092965367136f,-0.22486031580807572f,0.65566394503511f,0.6671360153441204f,-0.25656341923493875f,-1.8187574395570243f,-1.0104043537878815f,0f,0f,0f,1f], start_interpolation: 0, interpolation_duration: 1 }
$data merge entity $(bone_tail_1) { transformation: [-1.421067726160665f,-0.05836292071322511f,-0.5146032813249247f,-0.1564171878432363f,0.01128143708316262f,1.4990205506488796f,-0.20116254102011322f,0.6806171238624571f,0.5177793901285532f,-0.1928403697832794f,-1.4079678067839305f,-0.7055627880745216f,0f,0f,0f,1f], start_interpolation: 0, interpolation_duration: 1 }
$data merge entity $(bone_tail_0) { transformation: [-1.2021525067194012f,-0.3650954268266776f,-0.23530915086866838f,-0.09646478787565954f,-0.37029490183378f,1.2233873663649713f,-0.006383892113611007f,0.7120051619372232f,0.22703909982247306f,0.06216428003969063f,-1.2563536787159002f,-0.33692690796418023f,0f,0f,0f,1f], start_interpolation: 0, interpolation_duration: 1 }
$data merge entity $(bone_body_1) { transformation: [-1.1663019235902148f,-0.26804652567904674f,-0.3106372130917463f,-0.006191151470923608f,-0.33647208154131547f,1.1605172624950257f,0.26189848577369795f,0.572948359375f,0.23479982203841046f,0.33159514257403344f,-1.1676978633397799f,-0.08778879759471533f,0f,0f,0f,1f], start_interpolation: 0, interpolation_duration: 1 }