# This file was generated by Animated Java via MC-Build. It is not recommended to edit this file directly.
$data merge entity $(bone_head_lower) { transformation: [-0.9980967228334805f,-0.05497367895381608f,0.027943272738704214f,0.41000197955205236f,-0.052879172515662785f,0.9960841176569726f,0.07085353671898786f,0.23009348187198217f,-0.03172892975071241f,0.0692410656605813f,-0.9970952561531226f,0.7310674357550704f,0f,0f,0f,1f], start_interpolation: 0, interpolation_duration: 1 }
$data merge entity $(bone_head_upper) { transformation: [-1.0389184629237354f,-0.06227682531352763f,-0.015555288764884857f,0.4072087192712015f,-0.05504190863856485f,0.7345192208828809f,0.735475251133943f,0.2972715564227994f,-0.03302662975712916f,0.7348979886800486f,-0.7364143742108863f,0.6967926565662101f,0f,0f,0f,1f], start_interpolation: 0, interpolation_duration: 1 }
$data merge entity $(bone_neck_0) { transformation: [-0.9983169914938151f,0.02210553410616788f,-0.053614642184942385f,0.40370566289152593f,0.017139109153956066f,0.9956682362108974f,0.09138388445502517f,0.28701350931015357f,0.055402485793934586f,0.09031117739550105f,-0.9943713872619682f,0.6310109165486913f,0f,0f,0f,1f], start_interpolation: 0, interpolation_duration: 1 }
$data merge entity $(bone_neck_1) { transformation: [-0.9479330832123921f,0.0328540733536489f,-0.3167703894235092f,0.3770224079051746f,-0.025633584846675564f,0.9835660762427245f,0.17871959319671488f,0.30668457051606673f,0.31743627561977994f,0.17753417566362828f,-0.9315126555190106f,0.5529174462781379f,0f,0f,0f,1f], start_interpolation: 0, interpolation_duration: 1 }
$data merge entity $(bone_neck_2) { transformation: [-0.887745587276203f,-0.06969975553336691f,-0.4550271600137938f,0.3364762118152473f,-0.31595154581332746f,0.8111402546307185f,0.4921647163458408f,0.3577434609588289f,0.33478708602602736f,0.5806835897424706f,-0.7421079272140942f,0.49358848131555144f,0f,0f,0f,1f], start_interpolation: 0, interpolation_duration: 1 }
$data merge entity $(bone_body_0) { transformation: [-0.787230089516997f,-0.19549516484010818f,-0.5848507730038492f,0.058975899874873824f,-0.434249052203017f,0.8491282339385982f,0.3006808989428805f,0.507542248915795f,0.4378316420952721f,0.49067594484797833f,-0.7533528856569817f,0.1432103930983453f,0f,0f,0f,1f], start_interpolation: 0, interpolation_duration: 1 }
$data merge entity $(bone_leg_left_3) { transformation: [-0.1991586861666579f,0.040687385711357826f,-0.979122236683626f,0.22827133925933854f,0.07409294984755599f,0.9969030191360542f,0.026355364165722983f,0.00575688226168769f,0.9771622447205266f,-0.06729715507653736f,-0.20155654395565098f,-0.2592718027729865f,0f,0f,0f,1f], start_interpolation: 0, interpolation_duration: 1 }
$data merge entity $(bone_leg_left_2) { transformation: [-0.32104284181713566f,0.23731853641858658f,-0.9448140586860531f,0.253892900273395f,-0.33238771960588703f,0.9084151698743919f,0.34111945488050444f,0.2275335993850442f,0.9157030616274416f,0.41294550598706664f,-0.20742736442405485f,-0.1680046377068723f,0f,0f,0f,1f], start_interpolation: 0, interpolation_duration: 1 }
$data merge entity $(bone_leg_left_1) { transformation: [-0.6045143784220751f,0.571876040330896f,-0.5545450033824377f,0.4507040184084431f,-0.07361409659138819f,0.6530613549912937f,0.7537186686025293f,0.3664416203735922f,0.7931855590364755f,0.4964561018986385f,-0.35268684101282066f,-0.030224627751716165f,0f,0f,0f,1f], start_interpolation: 0, interpolation_duration: 1 }
$data merge entity $(bone_leg_left_0) { transformation: [-0.5692749934903177f,-0.6282211066196426f,-0.5303434952784757f,0.1810244642611621f,-0.1152667382427664f,0.6996871212171959f,-0.7050897187292314f,0.6851575218793152f,0.8140267568338724f,-0.3402589801906552f,-0.4707273792314858f,-0.03084974115827887f,0f,0f,0f,1f], start_interpolation: 0, interpolation_duration: 1 }
$data merge entity $(bone_leg_right_3) { transformation: [-0.985460763241776f,0.08373519065603248f,0.14783606446579367f,-0.3547559668668263f,0.07260692170813639f,0.9942159055546168f,-0.07913891623141013f,0.041124793171806645f,-0.15360767894543867f,-0.06725437523322549f,-0.9858405195471447f,0.08305207067924276f,0f,0f,0f,1f], start_interpolation: 0, interpolation_duration: 1 }
$data merge entity $(bone_leg_right_2) { transformation: [-0.9824081535648558f,0.2806804777944334f,0.09030442234505245f,-0.285014857209859f,0.28874764751517173f,0.9794236270568155f,0.09703790145103468f,0.2719779675503913f,-0.059675919468736814f,0.11836396262653244f,-1.0170992854621423f,0.07930219479312511f,0f,0f,0f,1f], start_interpolation: 0, interpolation_duration: 1 }
$data merge entity $(bone_leg_right_1) { transformation: [-0.9897650935214565f,0.09507635567342652f,-0.10642154968953786f,-0.27325317303544533f,-0.06942769298413458f,0.3307214060183201f,0.9411711571484577f,0.31052575384022874f,0.12467900823058965f,0.9389269610534816f,-0.32073557132552505f,0.35387298096182884f,0f,0f,0f,1f], start_interpolation: 0, interpolation_duration: 1 }
$data merge entity $(bone_leg_right_0) { transformation: [-0.9964013350473977f,-0.0846404597208123f,-0.004513545614396597f,-0.1902611495306346f,-0.03915724103475622f,0.5068857978833741f,-0.8611233932362315f,0.5841994507829015f,0.07517373204989694f,-0.857847760667582f,-0.5083759726101398f,0.04969817891412445f,0f,0f,0f,1f], start_interpolation: 0, interpolation_duration: 1 }
$data merge entity $(bone_tail_4) { transformation: [-2.6737194592893103f,0.626454718073314f,0.2905857374706549f,-0.1418273444987821f,0.6504990518351906f,2.67480852083625f,0.2188873957616321f,0.6209458358675735f,-0.23181149276771612f,0.2803840128564335f,-2.737391014954811f,-1.7349130136331228f,0f,0f,0f,1f], start_interpolation: 0, interpolation_duration: 1 }
$data merge entity $(bone_tail_3) { transformation: [-2.0749936538486913f,0.1702523854618973f,0.03689156782566222f,-0.14974884435706032f,0.17348485811359315f,2.059578383297566f,0.25295338128425054f,0.5578996986920556f,-0.01580716727969465f,0.25514022486147225f,-2.0665427953866997f,-1.3870004702231349f,0f,0f,0f,1f], start_interpolation: 0, interpolation_duration: 1 }
$data merge entity $(bone_tail_2) { transformation: [-1.9416795164780316f,0.22054755995990777f,-0.003647476956110587f,-0.15045407163534422f,0.21891252282774049f,1.9227946775364215f,-0.2714991904031755f,0.6089902135152828f,-0.027052497881126365f,-0.2701726796626867f,-1.9352128463104654f,-1.027332921063186f,0f,0f,0f,1f], start_interpolation: 0, interpolation_duration: 1 }
$data merge entity $(bone_tail_1) { transformation: [-1.5029298525706956f,0.06628623361261468f,-0.15641049672346719f,-0.11617070159458484f,0.09353237079220217f,1.485402861744376f,-0.26923276905980276f,0.6486792279036638f,0.1418090401413742f,-0.2772015937094752f,-1.4801032810513968f,-0.7055781857843475f,0f,0f,0f,1f], start_interpolation: 0, interpolation_duration: 1 }
$data merge entity $(bone_tail_0) { transformation: [-1.235594337452815f,-0.31560164394126733f,-0.08682138089282108f,-0.09841550604435596f,-0.30969410884604287f,1.236936811920377f,-0.08895278998624571f,0.7045227892740193f,0.10598070005723789f,-0.06495107575591977f,-1.2721576810904986f,-0.3353915288324393f,0f,0f,0f,1f], start_interpolation: 0, interpolation_duration: 1 }
$data merge entity $(bone_body_1) { transformation: [-1.1677352024820926f,-0.24626811459075706f,-0.3230342205963174f,-0.006726669586389195f,-0.3175245396393998f,1.1666158780018987f,0.2584379131956002f,0.565859736328125f,0.2533323087707997f,0.32705351853484643f,-1.16510228409487f,-0.08655094367049351f,0f,0f,0f,1f], start_interpolation: 0, interpolation_duration: 1 }