# This file was generated by Animated Java via MC-Build. It is not recommended to edit this file directly.
$data merge entity $(bone_head_lower) { transformation: [-0.9954095678336716f,0.09306120867596221f,-0.02234734223463486f,0.42465731102582466f,0.0938541230824268f,0.9948783036852185f,-0.03753084647128152f,0.2192188428312003f,0.018740219999017038f,-0.0394559538750649f,-0.9990455604516729f,0.7296193971053877f,0f,0f,0f,1f], start_interpolation: 0, interpolation_duration: 1 }
$data merge entity $(bone_head_upper) { transformation: [-1.0361214044040823f,0.0837943662291314f,0.05387840112213126f,0.42993148468272174f,0.09769271761061345f,0.7444112556997462f,0.7209576672016792f,0.2856656496158165f,0.019506687188551836f,0.7227048700259963f,-0.7488585330882881f,0.694229264975631f,0f,0f,0f,1f], start_interpolation: 0, interpolation_duration: 1 }
$data merge entity $(bone_neck_0) { transformation: [-0.9686331120793674f,0.09544824847263438f,-0.22943305351876783f,0.41385959879138673f,0.07310305319292712f,0.9918858325642086f,0.1040117242058751f,0.2762674544524351f,0.23749913220328098f,0.08397694339467952f,-0.9677510192093703f,0.6302128243852343f,0f,0f,0f,1f], start_interpolation: 0, interpolation_duration: 1 }
$data merge entity $(bone_neck_1) { transformation: [-0.9177221624436059f,0.09021454453692468f,-0.3868428214583111f,0.3815045416316997f,0.048537752300689935f,0.9920388255715794f,0.11620264695848515f,0.2906815426741152f,0.3942462671496438f,0.0878652634011684f,-0.914794827448218f,0.5531224801035913f,0f,0f,0f,1f], start_interpolation: 0, interpolation_duration: 1 }
$data merge entity $(bone_neck_2) { transformation: [-0.8871596879780496f,0.0016050751060816479f,-0.4614597618000875f,0.341092920238259f,-0.2336348175759156f,0.8607945805047403f,0.4521586692632761f,0.338721750231352f,0.3979478107025572f,0.5089500112069671f,-0.7632872500241766f,0.4912357310505715f,0f,0f,0f,1f], start_interpolation: 0, interpolation_duration: 1 }
$data merge entity $(bone_body_0) { transformation: [-0.822098809863545f,-0.08228079001406442f,-0.563367924553399f,0.07479590265008766f,-0.3230886800371491f,0.8821678353349007f,0.3426275166013205f,0.5086045652937261f,0.468793399753874f,0.4636914727436735f,-0.7518131193667797f,0.14132626808443027f,0f,0f,0f,1f], start_interpolation: 0, interpolation_duration: 1 }
$data merge entity $(bone_leg_left_3) { transformation: [-0.1662089451532597f,0.012744584648822388f,-0.9860081957636917f,0.23477087519904585f,0.017623654663837782f,0.9997951611511297f,0.009952011609550171f,0.019688009042084287f,0.9859330572342785f,-0.015722954586076865f,-0.16639950526294794f,-0.2561212663518859f,0f,0f,0f,1f], start_interpolation: 0, interpolation_duration: 1 }
$data merge entity $(bone_leg_left_2) { transformation: [-0.27416805908073816f,0.22950857322378204f,-0.9613635575043293f,0.2581332120111246f,-0.32841292303980274f,0.919826486551504f,0.3132513146332557f,0.24326960356874255f,0.9322226273058642f,0.39154469598730907f,-0.17238307249800514f,-0.16873394534013042f,0f,0f,0f,1f], start_interpolation: 0, interpolation_duration: 1 }
$data merge entity $(bone_leg_left_1) { transformation: [-0.5520652460144214f,0.6361698580441688f,-0.5389915359809457f,0.4705414963989868f,-0.05443584810711559f,0.6175485927026488f,0.7846467192895393f,0.3705076621840687f,0.8320220565489208f,0.4625166455026682f,-0.3062966699934302f,-0.0434080389082455f,0f,0f,0f,1f], start_interpolation: 0, interpolation_duration: 1 }
$data merge entity $(bone_leg_left_0) { transformation: [-0.514373453136681f,-0.6687265841043147f,-0.53686563162529f,0.19187282894326999f,-0.09413243694056608f,0.6662792759592073f,-0.739737122728679f,0.6813844772112163f,0.8523843235441846f,-0.32996466801681895f,-0.40566523493722484f,-0.04082768593144839f,0f,0f,0f,1f], start_interpolation: 0, interpolation_duration: 1 }
$data merge entity $(bone_leg_right_3) { transformation: [-0.981259219173699f,0.10118388761501389f,0.1639883095642344f,-0.3572467662334825f,0.08716493124990231f,0.9920695328916261f,-0.09055559987317585f,0.039472289605102684f,-0.1718505733095551f,-0.07456448749440395f,-0.9822970618188139f,0.13865061409873614f,0f,0f,0f,1f], start_interpolation: 0, interpolation_duration: 1 }
$data merge entity $(bone_leg_right_2) { transformation: [-0.975744168169874f,0.31344802324643456f,0.0416635872924791f,-0.28138114734207736f,0.31327754595715746f,0.9766298355403797f,-0.010655657282698645f,0.26630796674722707f,-0.04292664652912554f,0.002588543213445076f,-1.0247989080607427f,0.10764971876144602f,0f,0f,0f,1f], start_interpolation: 0, interpolation_duration: 1 }
$data merge entity $(bone_leg_right_1) { transformation: [-0.9843592611421857f,0.14821079743594923f,-0.09523867138410941f,-0.25566993319113923f,-0.025973985290172585f,0.41259631554964343f,0.9105435917533027f,0.3295883863282836f,0.17424751674487712f,0.8987757450656197f,-0.40229337925198894f,0.37662538238976717f,0f,0f,0f,1f], start_interpolation: 0, interpolation_duration: 1 }
$data merge entity $(bone_leg_right_0) { transformation: [-0.9922261292799318f,-0.10673036470315334f,-0.06399951268952031f,-0.17699406945721394f,0.003428845906676692f,0.49062570419283524f,-0.8713636791839747f,0.5927597414375199f,0.12440076924968127f,-0.8648092550589502f,-0.48644568142236727f,0.062208104111136114f,0f,0f,0f,1f], start_interpolation: 0, interpolation_duration: 1 }
$data merge entity $(bone_tail_4) { transformation: [-0.9179663912853933f,0.17931766328403906f,2.5982386748920563f,0.5013476268089365f,0.5985290498909132f,2.695696237073204f,0.02541860472269209f,0.4761086534378475f,-2.53471142588405f,0.5716015261208803f,-0.934971130265061f,-1.5021802816395569f,0f,0f,0f,1f], start_interpolation: 0, interpolation_duration: 1 }
$data merge entity $(bone_tail_3) { transformation: [-1.3499928152217298f,0.04196144351721195f,1.5848356893230624f,0.2322074344526449f,0.17677110920135597f,2.072568128798715f,0.09570189383684909f,0.43959944258438305f,-1.5755052839790404f,0.19658615106407928f,-1.3472499810385519f,-1.275660221123846f,0f,0f,0f,1f], start_interpolation: 0, interpolation_duration: 1 }
$data merge entity $(bone_tail_2) { transformation: [-1.5636726029830665f,0.41586574551255523f,1.09579083195299f,0.02744501871740561f,0.1859841415005927f,1.8919118206976695f,-0.4526073760087148f,0.5243258761551528f,-1.1571999675048503f,-0.25787442567360835f,-1.5534358341409074f,-0.987796940162575f,0f,0f,0f,1f], start_interpolation: 0, interpolation_duration: 1 }
$data merge entity $(bone_tail_1) { transformation: [-1.417247532202055f,0.2971130555896814f,0.43679459092959166f,-0.06882620562338948f,0.16010041090772179f,1.4333617298769439f,-0.45551976878216227f,0.6046743263156711f,-0.5034218319604f,-0.3805972064037503f,-1.374543006087222f,-0.6868772583211322f,0f,0f,0f,1f], start_interpolation: 0, interpolation_duration: 1 }
$data merge entity $(bone_tail_0) { transformation: [-1.262108510049741f,-0.17132712688543275f,0.10753995088911955f,-0.1043863074984311f,-0.18962737129995294f,1.2386767554855056f,-0.25210527971028035f,0.7082368251377181f,-0.07042219464005071f,-0.2648822900782758f,-1.2484846028241579f,-0.32843312139997755f,0f,0f,0f,1f], start_interpolation: 0, interpolation_duration: 1 }
$data merge entity $(bone_body_1) { transformation: [-1.1601280693147813f,-0.18932876306605848f,-0.3832258828942596f,-0.0025390221020532974f,-0.2787348066538684f,1.1754568212768852f,0.2630831882304936f,0.567898310546875f,0.32405920046164244f,0.33325737178008086f,-1.1456569092911912f,-0.08453118703525025f,0f,0f,0f,1f], start_interpolation: 0, interpolation_duration: 1 }