# This file was generated by Animated Java via MC-Build. It is not recommended to edit this file directly.
$data merge entity $(bone_head_lower) { transformation: [-0.987929517149908f,0.14900723804348293f,-0.04233334565803281f,0.42907325465765994f,0.15191256788862056f,0.9854180014964531f,-0.07664159473955018f,0.22482063425056936f,0.03029588852360865f,-0.08214746093087127f,-0.9961596025743951f,0.732712572456197f,0f,0f,0f,1f], start_interpolation: 0, interpolation_duration: 1 }
$data merge entity $(bone_head_upper) { transformation: [-1.0283354227640404f,0.1382675184125714f,0.08294753898843815f,0.43757697532034046f,0.15812572861836188f,0.7600693672644873f,0.6933705744250912f,0.2897360184292414f,0.03153497774093736f,0.6976020304455101f,-0.7718995367796823f,0.6951741105321466f,0f,0f,0f,1f], start_interpolation: 0, interpolation_duration: 1 }
$data merge entity $(bone_neck_0) { transformation: [-0.9468469021929979f,0.12204438852361138f,-0.29763418996718294f,0.4166563311792606f,0.0948822651813741f,0.9900288919582384f,0.10411603547001749f,0.2803676724477079f,0.30737322518653876f,0.07034173951389253f,-0.9489856374680206f,0.6325698215689336f,0f,0f,0f,1f], start_interpolation: 0, interpolation_duration: 1 }
$data merge entity $(bone_neck_1) { transformation: [-0.9031371761217634f,0.10567211113809657f,-0.41614498198875927f,0.38189020750892344f,0.07768129734987907f,0.9934600222760804f,0.08368273526390801f,0.29203344460058434f,0.42226633437777944f,0.043250307129862f,-0.9054394257951915f,0.5560664670702763f,0f,0f,0f,1f], start_interpolation: 0, interpolation_duration: 1 }
$data merge entity $(bone_neck_2) { transformation: [-0.8850556046606798f,0.026439478266739598f,-0.4647338277419679f,0.34143489771192426f,-0.19730330084382813f,0.8829546406001234f,0.4259841665118981f,0.3379975302464011f,0.42160168896109546f,0.4687131922953409f,-0.7762473569896793f,0.49265037184111954f,0f,0f,0f,1f], start_interpolation: 0, interpolation_duration: 1 }
$data merge entity $(bone_body_0) { transformation: [-0.83621562816325f,-0.036471581904021f,-0.5471866655255402f,0.08320043679261974f,-0.2695606507476203f,0.8962631562959704f,0.35220648806474897f,0.5125291541896515f,0.47757772015040706f,0.4420205632997214f,-0.7593005615934553f,0.13900566293036404f,0f,0f,0f,1f], start_interpolation: 0, interpolation_duration: 1 }
$data merge entity $(bone_leg_left_3) { transformation: [-0.16526795128781283f,0.010477168611896737f,-0.9861930506827794f,0.24376676633145353f,-0.01567850349432722f,0.999789301482104f,0.013249044120437314f,0.03205466915241506f,0.9861240737378376f,0.017651673569517627f,-0.1650688632507285f,-0.25616423238504415f,0f,0f,0f,1f], start_interpolation: 0, interpolation_duration: 1 }
$data merge entity $(bone_leg_left_2) { transformation: [-0.26386254650701596f,0.21517763077088625f,-0.9675419077576721f,0.2636136303172933f,-0.3288440206118505f,0.9255244612862121f,0.2955135888066646f,0.256415609343571f,0.9350403018904375f,0.3862191842430794f,-0.16910521891397862f,-0.16991260879172407f,0f,0f,0f,1f], start_interpolation: 0, interpolation_duration: 1 }
$data merge entity $(bone_leg_left_1) { transformation: [-0.5365392894006592f,0.6610279479569573f,-0.524564241012719f,0.4817007021667058f,-0.04701773189059341f,0.5972310910663463f,0.8006899254715063f,0.3771354297715969f,0.8425644923786547f,0.45426542448607743f,-0.28935791037948844f,-0.04793662874753654f,0f,0f,0f,1f], start_interpolation: 0, interpolation_duration: 1 }
$data merge entity $(bone_leg_left_0) { transformation: [-0.49782831546033424f,-0.6856173992850316f,-0.5311268681996377f,0.1978567767334549f,-0.08566420790232887f,0.6482865343622399f,-0.7565621011186477f,0.6833020167047957f,0.8630345368583998f,-0.3311394738810608f,-0.38146826477097895f,-0.046548967127333626f,0f,0f,0f,1f], start_interpolation: 0, interpolation_duration: 1 }
$data merge entity $(bone_leg_right_3) { transformation: [-0.9809142115506367f,0.10009552531287608f,0.1666979165746596f,-0.35246467285001076f,0.08740180037401424f,0.9928060764277107f,-0.08183532183352242f,0.03777452988623947f,-0.1736900540312367f,-0.06570373216609991f,-0.9826061188034971f,0.15762539410028878f,0f,0f,0f,1f], start_interpolation: 0, interpolation_duration: 1 }
$data merge entity $(bone_leg_right_2) { transformation: [-0.9750065414247853f,0.3181414832720109f,0.014506560621232182f,-0.2763454333434172f,0.3170077390011322f,0.9739913484998036f,-0.05393649934524033f,0.26265182070926507f,-0.030504706078945704f,-0.04678727572442909f,-1.0241789947260287f,0.1151149540290562f,0f,0f,0f,1f], start_interpolation: 0, interpolation_duration: 1 }
$data merge entity $(bone_leg_right_1) { transformation: [-0.9798585889152989f,0.1723659103513535f,-0.10083223035155175f,-0.24368573476853678f,-0.013961789653724122f,0.44456825646084114f,0.8956361614947408f,0.3356478820945133f,0.19920395116207995f,0.8790045837742357f,-0.4332074878684564f,0.38085600236559886f,0f,0f,0f,1f], start_interpolation: 0, interpolation_duration: 1 }
$data merge entity $(bone_leg_right_0) { transformation: [-0.9885757766048807f,-0.12177359554794054f,-0.08882074834960296f,-0.16932017569258576f,0.016054972701321953f,0.500863264484287f,-0.865377506144979f,0.6008834134115506f,0.14986718040190347f,-0.8569172548837314f,-0.49318621890814585f,0.06712497885223438f,0f,0f,0f,1f], start_interpolation: 0, interpolation_duration: 1 }
$data merge entity $(bone_tail_4) { transformation: [0.25708776877012934f,-0.110157887042033f,2.7472590796412395f,0.6738863154798422f,0.4206554723071972f,2.7283338349509845f,0.07003420792487156f,0.4268181954515813f,-2.7170970141617703f,0.4119721551077086f,0.2707842141800457f,-1.3140297141219208f,0f,0f,0f,1f], start_interpolation: 0, interpolation_duration: 1 }
$data merge entity $(bone_tail_3) { transformation: [-0.7753876485118557f,-0.030118269407627025f,1.9323075351577939f,0.3465330951670245f,0.07158689787024458f,2.0801638519282215f,0.06114892663739485f,0.39609356084643865f,-1.9312158959145442f,0.08920070080150673f,-0.7735592571923303f,-1.183735549195114f,0f,0f,0f,1f], start_interpolation: 0, interpolation_duration: 1 }
$data merge entity $(bone_tail_2) { transformation: [-1.2699696249601968f,0.4555955919208434f,1.413641992621728f,0.0829094739230027f,0.09593395597116218f,1.8812377189360243f,-0.5201107535389784f,0.49329959777098376f,-1.4821429427598938f,-0.26860971031862807f,-1.2449397558726938f,-0.9534638473367374f,0f,0f,0f,1f], start_interpolation: 0, interpolation_duration: 1 }
$data merge entity $(bone_tail_1) { transformation: [-1.3179135427440907f,0.38423751981818427f,0.634918634327022f,-0.05715574155496185f,0.14900679990476728f,1.4046459225414891f,-0.540761551767237f,0.5923527481890205f,-0.7270193377303393f,-0.4086411759129761f,-1.2617890164027423f,-0.6762511387460213f,0f,0f,0f,1f], start_interpolation: 0, interpolation_duration: 1 }
$data merge entity $(bone_tail_0) { transformation: [-1.2643228395609334f,-0.09996868019434535f,0.15915318698916117f,-0.10607642418907953f,-0.13735638625363586f,1.2302827214346381f,-0.31839184204176857f,0.7150831581730693f,-0.1282836587564769f,-0.3320337406102116f,-1.227653295754331f,-0.3255148780364383f,0f,0f,0f,1f], start_interpolation: 0, interpolation_duration: 1 }
$data merge entity $(bone_body_1) { transformation: [-1.154812998298437f,-0.15993146276292625f,-0.4116229600444256f,0.00039266707183069176f,-0.25921581884640027f,1.1785025219069492f,0.26933911742448624f,0.5730850781250001f,0.35751740276106037f,0.3378732427016406f,-1.1342960696597315f,-0.08456509140908032f,0f,0f,0f,1f], start_interpolation: 0, interpolation_duration: 1 }