# This file was generated by Animated Java via MC-Build. It is not recommended to edit this file directly.
$data merge entity $(bone_head_lower) { transformation: [-0.9821643763172452f,0.1817746320083909f,-0.04807412039310839f,0.4275820113279539f,0.18612933381577976f,0.9761574311340955f,-0.111680529793594f,0.23804315452941693f,0.02662722266123546f,-0.11863664189405365f,-0.9925806456975932f,0.7399927696853309f,0f,0f,0f,1f], start_interpolation: 0, interpolation_duration: 1 }
$data merge entity $(bone_head_upper) { transformation: [-1.0223344900734639f,0.1668476342857106f,0.10230346975054112f,0.4380637006721134f,0.1937419460149561f,0.785709383918194f,0.6546730214089603f,0.30087762744174706f,0.027716264973403886f,0.6620381964355688f,-0.8027510060409581f,0.6995277268196789f,0f,0f,0f,1f], start_interpolation: 0, interpolation_duration: 1 }
$data merge entity $(bone_neck_0) { transformation: [-0.9305107421579584f,0.12911164989499904f,-0.3427534691145182f,0.4141055658178345f,0.10494254843002329f,0.9905563996594f,0.0882331038942816f,0.29047044815593825f,0.3509085639559942f,0.04613242845545924f,-0.9352726761683695f,0.6381890388005005f,0f,0f,0f,1f], start_interpolation: 0, interpolation_duration: 1 }
$data merge entity $(bone_neck_1) { transformation: [-0.8937087583633172f,0.10809231583961487f,-0.435431632384611f,0.37771675930221654f,0.09634396937201385f,0.9941390834114875f,0.04904408628379303f,0.2992050004576993f,0.4381808927718581f,0.0018799176036829457f,-0.8988848486427283f,0.5620503548022335f,0f,0f,0f,1f], start_interpolation: 0, interpolation_duration: 1 }
$data merge entity $(bone_neck_2) { transformation: [-0.8839089869934831f,0.036647076476194654f,-0.4662208645029762f,0.3372311126983968f,-0.17057387399214094f,0.9029822781194137f,0.3943698250545888f,0.34259551577288216f,0.4354416794743791f,0.4281121315590363f,-0.7919031169205678f,0.49686518782466f,0f,0f,0f,1f], start_interpolation: 0, interpolation_duration: 1 }
$data merge entity $(bone_body_0) { transformation: [-0.8492165674609824f,-0.006964786769826051f,-0.5279987815279857f,0.08832091865972182f,-0.22535838412249978f,0.9090576299176053f,0.35046800737625394f,0.5164296836412855f,0.47754038599419285f,0.4166121904527483f,-0.7735563731950507f,0.13625972185353258f,0f,0f,0f,1f], start_interpolation: 0, interpolation_duration: 1 }
$data merge entity $(bone_leg_left_3) { transformation: [-0.18693843970254068f,0.01572634082335103f,-0.9822457441831387f,0.2550893150066079f,-0.04854425013017123f,0.9985024452698861f,0.025225434968652843f,0.0447542127812548f,0.9811714812105372f,0.05239798654878034f,-0.18589506573536324f,-0.2548483010321289f,0f,0f,0f,1f], start_interpolation: 0, interpolation_duration: 1 }
$data merge entity $(bone_leg_left_2) { transformation: [-0.27565400843635735f,0.19336494086761938f,-0.9688586412769025f,0.2697926866650273f,-0.32930033319190716f,0.930362562391801f,0.27937249785931967f,0.26974336739373267f,0.9314710718499862f,0.3861317154077333f,-0.18795249443307174f,-0.16920506875629426f,0f,0f,0f,1f], start_interpolation: 0, interpolation_duration: 1 }
$data merge entity $(bone_leg_left_1) { transformation: [-0.5400540926789916f,0.6762155984291521f,-0.5010728903281191f,0.49082987488995183f,-0.0391501318534599f,0.574531101512429f,0.8175458889694033f,0.3832456447685779f,0.8407192421709687f,0.4611360730153509f,-0.2838039429032891f,-0.04562036051086184f,0f,0f,0f,1f], start_interpolation: 0, interpolation_duration: 1 }
$data merge entity $(bone_leg_left_0) { transformation: [-0.5008974746401735f,-0.6931505525705888f,-0.5183088185340706f,0.20262785089186153f,-0.07684952230431039f,0.6321034873542892f,-0.7710637666212472f,0.6852637007818366f,0.8620880876225447f,-0.3463921083766681f,-0.36988732937702884f,-0.051274188402599036f,0f,0f,0f,1f], start_interpolation: 0, interpolation_duration: 1 }
$data merge entity $(bone_leg_right_3) { transformation: [-0.9809185952447321f,0.09476278968557587f,0.1697607822617125f,-0.3464492304924279f,0.08497697485891938f,0.9943235770368863f,-0.06402763381851581f,0.0339272861296836f,-0.17486458545665512f,-0.04838013889581865f,-0.9834031416024125f,0.16517567833335206f,0f,0f,0f,1f], start_interpolation: 0, interpolation_duration: 1 }
$data merge entity $(bone_leg_right_2) { transformation: [-0.9762638421212868f,0.314564775681028f,-0.004484636888549731f,-0.27174867885029363f,0.3138397735793117f,0.9728021412116342f,-0.0849869994436837f,0.25757268964090346f,-0.021810698910486242f,-0.08226296527295232f,-1.0221640266895684f,0.1144446903804241f,0f,0f,0f,1f], start_interpolation: 0, interpolation_duration: 1 }
$data merge entity $(bone_leg_right_1) { transformation: [-0.9762851771193201f,0.18605549224523454f,-0.11068245905508897f,-0.2347763627529026f,-0.011249856736302626f,0.4669708392146833f,0.8842011513488021f,0.3373153125755206f,0.21619596124930424f,0.8644776394612635f,-0.45380361083950366f,0.3776699695419586f,0f,0f,0f,1f], start_interpolation: 0, interpolation_duration: 1 }
$data merge entity $(bone_leg_right_0) { transformation: [-0.9856338388146858f,-0.1329067357398439f,-0.10421964967512283f,-0.16387054518758448f,0.01994686256232564f,0.5211443493631338f,-0.8532354246049536f,0.6090728836998647f,0.16771421662263977f,-0.8430565619944224f,-0.5110064332479575f,0.06875660606209233f,0f,0f,0f,1f], start_interpolation: 0, interpolation_duration: 1 }
$data merge entity $(bone_tail_4) { transformation: [1.1212539761967415f,-0.2987445436120659f,2.5058337036054517f,0.7649656905469362f,0.2871953904041464f,2.7393332421532217f,0.19807455102796814f,0.4034182766099783f,-2.5071836111847907f,0.180184399148038f,1.143339518126638f,-1.159162054550942f,0f,0f,0f,1f], start_interpolation: 0, interpolation_duration: 1 }
$data merge entity $(bone_tail_3) { transformation: [-0.30351871110526346f,-0.07501410984319477f,2.0586876405559624f,0.41662241566988323f,-0.02431691051191684f,2.080897845702005f,0.07223828389680179f,0.37080611410585385f,-2.0599103392906692f,-0.013511666130888951f,-0.30419131316691583f,-1.1074502267017923f,0f,0f,0f,1f], start_interpolation: 0, interpolation_duration: 1 }
$data merge entity $(bone_tail_2) { transformation: [-1.030031174815066f,0.4752978424775301f,1.5911950272823492f,0.12017418257648207f,0.01108243597533985f,1.874345547122965f,-0.5527022929172112f,0.47400646397224855f,-1.6606284453557705f,-0.2823023307011393f,-0.9906525301833927f,-0.9245852031122748f,0f,0f,0f,1f], start_interpolation: 0, interpolation_duration: 1 }
$data merge entity $(bone_tail_1) { transformation: [-1.2251141003047095f,0.4457869090059448f,0.7668283530187885f,-0.049117568322408205f,0.12682903177955587f,1.3822039913905397f,-0.6009016332827878f,0.5862966063890483f,-0.8778758955185194f,-0.4224244405133151f,-1.1569562455532063f,-0.6696187268993596f,0f,0f,0f,1f], start_interpolation: 0, interpolation_duration: 1 }
$data merge entity $(bone_tail_0) { transformation: [-1.2633909149525702f,-0.041996671296131494f,0.18951356732271107f,-0.10551129188809565f,-0.09526107413004031f,1.2214707919535268f,-0.3643763833511204f,0.7222521205684136f,-0.1691284729279076f,-0.3742740982067774f,-1.2104338790865883f,-0.32493371502996815f,0f,0f,0f,1f], start_interpolation: 0, interpolation_duration: 1 }
$data merge entity $(bone_body_1) { transformation: [-1.1526788619264565f,-0.13401157458327334f,-0.42658754576509933f,0.002690967523175253f,-0.23962872760910192f,1.1809884871032346f,0.27649387206646364f,0.578423212890625f,0.37751040943081543f,0.34045805360363396f,-1.127022093645042f,-0.08584913129119698f,0f,0f,0f,1f], start_interpolation: 0, interpolation_duration: 1 }