# This file was generated by Animated Java via MC-Build. It is not recommended to edit this file directly.
$data merge entity $(bone_head_lower) { transformation: [-0.9550801085695756f,0.2687841128622819f,-0.12480820040191108f,0.23243680252751023f,0.17955401098513515f,0.8598990342165378f,0.4778430789418389f,0.8943009808323779f,0.23575907904867083f,0.4339686067289919f,-0.8695337285119077f,0.8031290410612912f,0f,0f,0f,1f], start_interpolation: 0, interpolation_duration: 1 }
$data merge entity $(bone_head_upper) { transformation: [-0.9941424870600261f,0.1253737944661222f,-0.2818405039499811f,0.2155140858550556f,0.18689769522025595f,1.001419131104746f,-0.2137777302767525f,0.9021083275806526f,0.2454015271488119f,-0.254780450784769f,-0.9789468601279886f,0.7299981755599662f,0f,0f,0f,1f], start_interpolation: 0, interpolation_duration: 1 }
$data merge entity $(bone_neck_0) { transformation: [-0.9574382074650507f,0.019620527022183074f,-0.28797068219782773f,0.19688425587784386f,0.17530824239935386f,0.8321158665707449f,-0.526165567809286f,0.8545220281981462f,0.2293013280226695f,-0.5542546522317973f,-0.8001391637999289f,0.6871821762093082f,0f,0f,0f,1f], start_interpolation: 0, interpolation_duration: 1 }
$data merge entity $(bone_neck_1) { transformation: [-0.9595571669894064f,0.1117898096240961f,-0.2583661776306501f,0.17551225125565842f,0.17345664030761554f,0.9576425469052331f,-0.22985549001503877f,0.83946199084884f,0.22172694291055106f,-0.2653748119567255f,-0.9383034540949287f,0.6064730098277997f,0f,0f,0f,1f], start_interpolation: 0, interpolation_duration: 1 }
$data merge entity $(bone_neck_2) { transformation: [-0.9595571669894064f,0.16835984186251007f,-0.22562137958822717f,0.15739447432011794f,0.17345664030761554f,0.9848374920898838f,-0.002812135719186898f,0.8488578012398139f,0.22172694291055106f,-0.04183393146883577f,-0.9742110063869132f,0.5207152387504711f,0f,0f,0f,1f], start_interpolation: 0, interpolation_duration: 1 }
$data merge entity $(bone_body_0) { transformation: [-0.9595571669894064f,0.10337836419862803f,-0.26184529229084896f,0.03497257812523412f,0.17345664030761554f,0.9497106817005558f,-0.2606960202938673f,0.7350399258669402f,0.22172694291055106f,-0.2955715393597323f,-0.9292333549265542f,0.07995535482184143f,0f,0f,0f,1f], start_interpolation: 0, interpolation_duration: 1 }
$data merge entity $(bone_leg_left_3) { transformation: [-0.9841423498660296f,-0.02587688738349958f,-0.17548282508414004f,0.3554027227319506f,-0.022044298331635816f,0.999474740119026f,-0.023754847401562085f,0.04002847658016345f,0.1760053525073459f,-0.019509755594249556f,-0.9841958571978536f,-0.07602838156889696f,0f,0f,0f,1f], start_interpolation: 0, interpolation_duration: 1 }
$data merge entity $(bone_leg_left_2) { transformation: [-1.003011109198895f,-0.13193789088905217f,-0.1691842406137319f,0.31786359144254867f,-0.06456086071360402f,0.9569461115879474f,-0.36352198596690255f,0.25175660982170844f,0.2046040312120347f,-0.34483145443122065f,-0.944081912731797f,-0.1852670344446225f,0f,0f,0f,1f], start_interpolation: 0, interpolation_duration: 1 }
$data merge entity $(bone_leg_left_1) { transformation: [-0.9802375974037012f,0.019270213124810573f,0.19688298941844534f,0.3321788151076487f,0.13482734241712144f,0.7933675912685014f,0.5936239995666892f,0.4331210299937884f,-0.1447613220890012f,0.6084377733268542f,-0.7802868931464273f,0.02429299782973332f,0f,0f,0f,1f], start_interpolation: 0, interpolation_duration: 1 }
$data merge entity $(bone_leg_left_0) { transformation: [-0.9888299487330211f,0.11962885326876341f,0.08890596129760647f,0.2569346696191631f,0.0803514447778869f,0.9302480581222299f,-0.3580254120616677f,0.8368550713363117f,-0.1255347673386023f,-0.346882527414428f,-0.9294694908192639f,-0.050836363909831914f,0f,0f,0f,1f], start_interpolation: 0, interpolation_duration: 1 }
$data merge entity $(bone_leg_right_3) { transformation: [-0.9568452528476428f,0.2609117622480117f,0.1279539543100073f,-0.31182866292766637f,0.2890760060350448f,0.8996036860317262f,0.32733510476720556f,0.4404969134739847f,-0.029702269909168424f,0.35019745915521405f,-0.936204846581919f,-0.12222422443289818f,0f,0f,0f,1f], start_interpolation: 0, interpolation_duration: 1 }
$data merge entity $(bone_leg_right_2) { transformation: [-0.9744038311366067f,0.31796391385395206f,0.03870817554049917f,-0.2350038113230099f,0.31688510323645985f,0.9388351103451342f,0.2650182379209995f,0.6670366565042355f,0.04672477623077125f,0.2637229314462623f,-0.990115755968093f,-0.0914222915434505f,0f,0f,0f,1f], start_interpolation: 0, interpolation_duration: 1 }
$data merge entity $(bone_leg_right_1) { transformation: [-0.9964789274065339f,0.06597507753137134f,-0.05174008484196013f,-0.23418184504284056f,-0.059459147787292166f,-0.12098489641181942f,0.9908719718433001f,0.5804325412203315f,0.05911308636108131f,0.9904594610507542f,0.1244817216940563f,0.17222982251424507f,0f,0f,0f,1f], start_interpolation: 0, interpolation_duration: 1 }
$data merge entity $(bone_leg_right_0) { transformation: [-0.9996397480192254f,-0.026403354776657763f,-0.004820480950830309f,-0.12792250648400516f,-0.015226039536924998f,0.705773087087572f,-0.708274323453066f,0.9169703667432745f,0.022102983963242957f,-0.707945769391566f,-0.7059208494587083f,-0.05083636390983197f,0f,0f,0f,1f], start_interpolation: 0, interpolation_duration: 1 }
$data merge entity $(bone_tail_4) { transformation: [-2.6881247826203465f,-0.1015830545847122f,0.6239610305808772f,0.30092695126339664f,0.6269470428346933f,-0.07854282072942209f,2.6882019571439755f,1.9348153629601916f,-0.08114117415433408f,2.758472990611491f,0.09951985492227623f,-1.3320474813780112f,0f,0f,0f,1f], start_interpolation: 0, interpolation_duration: 1 }
$data merge entity $(bone_tail_3) { transformation: [-2.026994529711987f,0.1308624781906865f,0.4583816252468191f,0.22192177463005547f,0.4727526915645092f,0.8088468306916652f,1.859628248640842f,1.61157593169534f,-0.0611849260899701f,1.9143111926555423f,-0.8170768559551317f,-1.212234478847086f,0f,0f,0f,1f], start_interpolation: 0, interpolation_duration: 1 }
$data merge entity $(bone_tail_2) { transformation: [-1.912246256533563f,0.23844503274785456f,0.32439496872489393f,0.16026019622072982f,0.40108140906010836f,1.2649779838060828f,1.434481885140078f,1.3455064651566102f,-0.03495472332186852f,1.4702885913474772f,-1.286780284459518f,-0.9727008221451374f,0f,0f,0f,1f], start_interpolation: 0, interpolation_duration: 1 }
$data merge entity $(bone_tail_1) { transformation: [-1.4824239554820986f,0.21433518569175705f,0.2100854454437252f,0.11384839225750794f,0.30006987938000523f,1.0789058537638594f,1.0166496329625792f,1.11325961910708f,-0.005790829101045931f,1.038113113725358f,-1.0999744903450102f,-0.7486829122545364f,0f,0f,0f,1f], start_interpolation: 0, interpolation_duration: 1 }
$data merge entity $(bone_tail_0) { transformation: [-1.251348659404307f,0.23448842357391464f,0.1139185164970627f,0.08621737738970817f,0.2606953440666833f,1.1264771918765357f,0.544906221608761f,0.9812092576370774f,-0.00043217244794634563f,0.5566866551084217f,-1.1506239602212358f,-0.3990100074509209f,0f,0f,0f,1f], start_interpolation: 0, interpolation_duration: 1 }
$data merge entity $(bone_body_1) { transformation: [-1.2104192992393528f,0.2395636734717805f,0.0780958477633098f,0.051924873262728675f,0.25197165532091886f,1.1508139413443148f,0.3751561706525037f,0.8164752173670524f,-1.4823361204396558e-16f,0.38319853055109765f,-1.1754843602701526f,-0.1515375f,0f,0f,0f,1f], start_interpolation: 0, interpolation_duration: 1 }