# This file was generated by Animated Java via MC-Build. It is not recommended to edit this file directly.
$data merge entity $(bone_head_lower) { transformation: [-0.9814038098371457f,0.1870613593978528f,-0.0430651814969229f,0.423413708218283f,0.19111703172943967f,0.9731484054349566f,-0.12828273922211852f,0.24722461850845295f,0.017912069117327845f,-0.13412765866751358f,-0.990802164390201f,0.7454683886421442f,0f,0f,0f,1f], start_interpolation: 0, interpolation_duration: 1 }
$data merge entity $(bone_head_upper) { transformation: [-1.021542816741231f,0.1679687936652482f,0.10820674887704676f,0.43432777516864524f,0.19893363869507721f,0.8024227933905083f,0.6324673988644932f,0.30890520114550374f,0.018644665280864423f,0.641386067501877f,-0.8196024838020862f,0.7033750951151009f,0f,0f,0f,1f], start_interpolation: 0, interpolation_duration: 1 }
$data merge entity $(bone_neck_0) { transformation: [-0.9271085724143685f,0.12234027799528047f,-0.35426339259910705f,0.40973419981690257f,0.10352627265372594f,0.9920418973830462f,0.07166020309120362f,0.2974027322403261f,0.3602110573347493f,0.02976122001336045f,-0.9323959802343091f,0.6424851491896818f,0f,0f,0f,1f], start_interpolation: 0, interpolation_duration: 1 }
$data merge entity $(bone_neck_1) { transformation: [-0.8921866695654755f,0.10374474854320145f,-0.43959068893616576f,0.372973037924662f,0.10042269961584402f,0.9944655227429866f,0.03088050319189478f,0.3046000945223706f,0.4403614743043844f,-0.01659371041167579f,-0.8976672104534299f,0.5663645094324864f,0f,0f,0f,1f], start_interpolation: 0, interpolation_duration: 1 }
$data merge entity $(bone_neck_2) { transformation: [-0.8844214712777002f,0.03470344307281367f,-0.46539696193881624f,0.3325405419789419f,-0.16237441246215664f,0.9120434337650474f,0.3765784448207722f,0.3465206658707124f,0.4375308118527853f,0.4086226204763435f,-0.8009958443802868f,0.5001919368395416f,0f,0f,0f,1f], start_interpolation: 0, interpolation_duration: 1 }
$data merge entity $(bone_body_0) { transformation: [-0.8559175418783191f,-0.00030656644310649017f,-0.51711223880507f,0.08882456257242932f,-0.20879094304351414f,0.9150682365833648f,0.34504559771023213f,0.5178565309393056f,0.47308720507743157f,0.4032989318275307f,-0.7832869640041235f,0.13487365447983524f,0f,0f,0f,1f], start_interpolation: 0, interpolation_duration: 1 }
$data merge entity $(bone_leg_left_3) { transformation: [-0.20919001227539813f,0.02064017927416756f,-0.9776571596238373f,0.26124506136222764f,-0.06373220250449792f,0.9973638246251272f,0.034693049636271484f,0.050401432732533585f,0.9757959546586289f,0.0695656835564013f,-0.207323106631138f,-0.2528865220077363f,0f,0f,0f,1f], start_interpolation: 0, interpolation_duration: 1 }
$data merge entity $(bone_leg_left_2) { transformation: [-0.29284660474871155f,0.1795127006895028f,-0.9664772402281429f,0.27276641968609927f,-0.3290241788117517f,0.9323860793133277f,0.2728763242948504f,0.2756619337609502f,0.9263078080989596f,0.38793503179601735f,-0.20862036156861286f,-0.16746967914395844f,0f,0f,0f,1f], start_interpolation: 0, interpolation_duration: 1 }
$data merge entity $(bone_leg_left_1) { transformation: [-0.5515792414877219f,0.6787815605334566f,-0.4847844195512012f,0.4938663507619491f,-0.03447741895491292f,0.5621412767126407f,0.8263222692134651f,0.38523975662517873f,0.8334096519371714f,0.4724963260128572f,-0.2866628227767163f,-0.040501545841322664f,0f,0f,0f,1f], start_interpolation: 0, interpolation_duration: 1 }
$data merge entity $(bone_leg_left_0) { transformation: [-0.5125329890609913f,-0.6914627815865322f,-0.5091062333195514f,0.20422492584065982f,-0.07177788535575391f,0.6253284549325224f,-0.7770535751320888f,0.6856750303261503f,0.8556622407808248f,-0.3617230226738687f,-0.37013319841594594f,-0.0529019430220814f,0f,0f,0f,1f], start_interpolation: 0, interpolation_duration: 1 }
$data merge entity $(bone_leg_right_3) { transformation: [-0.9808059473724029f,0.0911516412133204f,0.17236899925172539f,-0.34364243268363287f,0.08334084281529963f,0.9951615672754843f,-0.05203613106906302f,0.030894318544556792f,-0.17627818219439056f,-0.03667196915791833f,-0.983657038382953f,0.16341459684236948f,0f,0f,0f,1f], start_interpolation: 0, interpolation_duration: 1 }
$data merge entity $(bone_leg_right_2) { transformation: [-0.9777136914672291f,0.30994151965635036f,-0.008625045584265065f,-0.2701452632175328f,0.3093837336391908f,0.9733134462408284f,-0.09489383661213245f,0.25435965387675996f,-0.020490055580515042f,-0.09305583947613467f,-1.0212653758266723f,0.11019352910267677f,0f,0f,0f,1f], start_interpolation: 0, interpolation_duration: 1 }
$data merge entity $(bone_leg_right_1) { transformation: [-0.9754431843825865f,0.187092798184949f,-0.11621909872686859f,-0.23258073209474206f,-0.014009966867033787f,0.4738915962645765f,0.880471734820713f,0.33612525517719083f,0.21980517480246975f,0.8604783784948566f,-0.4596331638088339f,0.3727133914088831f,0f,0f,0f,1f], start_interpolation: 0, interpolation_duration: 1 }
$data merge entity $(bone_leg_right_0) { transformation: [-0.9849590628572403f,-0.13582947186949307f,-0.10679887203075512f,-0.1626909708991472f,0.017946031466686996f,0.5343314904874656f,-0.8450844917687462f,0.6126296374990015f,0.17185338067662118f,-0.8342902449658023f,-0.5238570441493731f,0.06780680505609567f,0f,0f,0f,1f], start_interpolation: 0, interpolation_duration: 1 }
$data merge entity $(bone_tail_4) { transformation: [1.41971656107755f,-0.34850705843769875f,2.3427780620496765f,0.7949909779722515f,0.24038775472009347f,2.7385011023806247f,0.2616997731002749f,0.3946746598334931f,-2.356327639608458f,0.06939649904141809f,1.438250851672971f,-1.098866031994509f,0f,0f,0f,1f], start_interpolation: 0, interpolation_duration: 1 }
$data merge entity $(bone_tail_3) { transformation: [-0.1239635779561959f,-0.08248772270382741f,2.0769627663942076f,0.4436220522634674f,-0.05959669973678367f,2.0799387090666475f,0.07904888330074758f,0.36091705725517864f,-2.0777456029950407f,-0.05473817839267301f,-0.12618425854864054f,-1.0769341887252981f,0f,0f,0f,1f], start_interpolation: 0, interpolation_duration: 1 }
$data merge entity $(bone_tail_2) { transformation: [-0.9369672470801345f,0.487013195940849f,1.6442884174868264f,0.13737547725225316f,-0.019736634357857788f,1.8705233132744417f,-0.5652670826819881f,0.4664294755766562f,-1.7147818281536793f,-0.28763615294163164f,-0.8919431598244586f,-0.9124603341374187f,0f,0f,0f,1f], start_interpolation: 0, interpolation_duration: 1 }
$data merge entity $(bone_tail_1) { transformation: [-1.1815861668674443f,0.4727496624646528f,0.8173237650448308f,-0.043153500107533105f,0.11685168993016419f,1.372412130892234f,-0.6248894906623916f,0.5840107647195085f,-0.9369397327619134f,-0.42502817508889407f,-1.1086709329429716f,-0.6677960625819608f,0f,0f,0f,1f], start_interpolation: 0, interpolation_duration: 1 }
$data merge entity $(bone_tail_0) { transformation: [-1.2612094093622521f,-0.014300235111178027f,0.20732111710077294f,-0.10408263926232054f,-0.0767182833082499f,1.217149096805227f,-0.38275069919790217f,0.7252313908457838f,-0.19313427279067416f,-0.39010164829953364f,-1.20181345193488f,-0.3260120868617106f,0f,0f,0f,1f], start_interpolation: 0, interpolation_duration: 1 }
$data merge entity $(bone_body_1) { transformation: [-1.1539919486716823f,-0.12333981146712338f,-0.4262563411427895f,0.003323800735721531f,-0.2297360129639345f,1.182152583248454f,0.2798950326867053f,0.5805333508300782f,0.3796426501390729f,0.3404514001770463f,-1.12630763886654f,-0.08709315569552716f,0f,0f,0f,1f], start_interpolation: 0, interpolation_duration: 1 }