# This file was generated by Animated Java via MC-Build. It is not recommended to edit this file directly.
$data merge entity $(bone_head_lower) { transformation: [-0.9882438770775634f,0.15283055846759253f,0.00410607077259105f,0.40761105213202303f,0.14990901492881403f,0.9739271073332942f,-0.170274122650726f,0.2827947165439935f,-0.030022102887345026f,-0.16765682210958704f,-0.9853881790128882f,0.7652422569845749f,0f,0f,0f,1f], start_interpolation: 0, interpolation_duration: 1 }
$data merge entity $(bone_head_upper) { transformation: [-1.0286626398817538f,0.11311340587927209f,0.11193959668231629f,0.4175484783464123f,0.156040231177313f,0.8607000143671288f,0.5641975488302495f,0.34106423983027506f,-0.031249994386227904f,0.5743455277638383f,-0.867538238449491f,0.7183235324918958f,0f,0f,0f,1f], start_interpolation: 0, interpolation_duration: 1 }
$data merge entity $(bone_neck_0) { transformation: [-0.9380994305888097f,0.05797931783335107f,-0.34147892619095865f,0.39482982104477105f,0.06526113197187997f,0.997819460184755f,-0.009864559308598107f,0.32420881067577756f,0.3401623773768931f,-0.03153923873816944f,-0.939837663342514f,0.6579538929971532f,0f,0f,0f,1f], start_interpolation: 0, interpolation_duration: 1 }
$data merge entity $(bone_neck_1) { transformation: [-0.899042061928557f,0.06875978006815542f,-0.432429720912228f,0.35851411575521985f,0.08670439072525604f,0.9959935263151221f,-0.021891646062599468f,0.3269427186029638f,0.4291919378462399f,-0.05717506609831685f,-0.9014018484030539f,0.5813299271555227f,0f,0f,0f,1f], start_interpolation: 0, interpolation_duration: 1 }
$data merge entity $(bone_neck_2) { transformation: [-0.888173600844465f,0.0023970377214694192f,-0.4595018051902938f,0.31828177985445294f,-0.16423893168913395f,0.9322737415293737f,0.3223216470739036f,0.3643080548996519f,0.4291540843107391f,0.3617456635054302f,-0.8276272390722933f,0.5123652899452545f,0f,0f,0f,1f], start_interpolation: 0, interpolation_duration: 1 }
$data merge entity $(bone_body_0) { transformation: [-0.8698981935174727f,-0.01834328661178946f,-0.4928901061609121f,0.08580977842462761f,-0.19508676187429508f,0.9306145105344399f,0.3096736800636225f,0.5191213655183156f,0.45301025182267085f,0.36554090963806296f,-0.8131184139622825f,0.13262786472932278f,0f,0f,0f,1f], start_interpolation: 0, interpolation_duration: 1 }
$data merge entity $(bone_leg_left_3) { transformation: [-0.29442807728600284f,0.03019208307965493f,-0.955196600404848f,0.2799300453406254f,-0.08874486435913519f,0.9943183008957803f,0.05878320809217244f,0.06526914002374962f,0.9515442482383812f,0.10207621967451656f,-0.2900758332254063f,-0.24298942555266484f,0f,0f,0f,1f], start_interpolation: 0, interpolation_duration: 1 }
$data merge entity $(bone_leg_left_2) { transformation: [-0.3682133521411918f,0.1415672855838197f,-0.9468050646559039f,0.2830974185017332f,-0.3297671227170392f,0.9335839987147115f,0.2678371923752735f,0.2906519899910322f,0.8987406586889046f,0.4005518948862597f,-0.2896301217469532f,-0.15717794174135138f,0f,0f,0f,1f], start_interpolation: 0, interpolation_duration: 1 }
$data merge entity $(bone_leg_left_1) { transformation: [-0.6093042773222712f,0.6634822215012487f,-0.4342115145738915f,0.49850843020206653f,-0.024926169356060714f,0.5313020911922861f,0.8468156670586209f,0.3905746577971706f,0.7925446256949937f,0.5267916377909504f,-0.30718656649585196f,-0.01355711401602238f,0f,0f,0f,1f], start_interpolation: 0, interpolation_duration: 1 }
$data merge entity $(bone_leg_left_0) { transformation: [-0.571321688559237f,-0.6743438095080864f,-0.4678161548727702f,0.20539150685971364f,-0.06093704668217326f,0.6032829254213383f,-0.7951958175422748f,0.6850915573458412f,0.8184608753773613f,-0.4258052823453387f,-0.3857611398305041f,-0.054171688924601766f,0f,0f,0f,1f], start_interpolation: 0, interpolation_duration: 1 }
$data merge entity $(bone_leg_right_3) { transformation: [-0.9808570151748525f,0.08439121965141423f,0.1754925577568063f,-0.3394148489504181f,0.07868431371202121f,0.9961270041719144f,-0.03923990743052018f,0.024693999473479278f,-0.17812437945982423f,-0.02468022700937615f,-0.9836984252487234f,0.15368740729176736f,0f,0f,0f,1f], start_interpolation: 0, interpolation_duration: 1 }
$data merge entity $(bone_leg_right_2) { transformation: [-0.9814088888609562f,0.2980227824669428f,-0.00901185308684365f,-0.2687021412533436f,0.29715240731413317f,0.9751034372901121f,-0.11373624274222811f,0.2480132397873272f,-0.0244793625900077f,-0.11143566402352909f,-1.0193355939490765f,0.09624785696440502f,0f,0f,0f,1f], start_interpolation: 0, interpolation_duration: 1 }
$data merge entity $(bone_leg_right_1) { transformation: [-0.9759218929735904f,0.17831692141189348f,-0.12561661654824421f,-0.23303286627987163f,-0.025609840118948755f,0.47824719475019545f,0.8778517852135697f,0.33087005466046726f,0.2166116222734272f,0.859931797441956f,-0.46216523976205837f,0.3586899204978841f,0f,0f,0f,1f], start_interpolation: 0, interpolation_duration: 1 }
$data merge entity $(bone_leg_right_0) { transformation: [-0.9854668492656417f,-0.13623336401967945f,-0.1014670366490058f,-0.163676687810977f,0.007828473514311894f,0.5602711896990075f,-0.8282722432845946f,0.6173670092041768f,0.16968737136535794f,-0.8170291699328369f,-0.5510621847649997f,0.0630271157526412f,0f,0f,0f,1f], start_interpolation: 0, interpolation_duration: 1 }
$data merge entity $(bone_tail_4) { transformation: [1.7172867526389233f,-0.41320205407219107f,2.122699131606121f,0.8321676222995388f,0.22496149692641537f,2.7300103251136543f,0.34942421391979417f,0.39477117642826276f,-2.150809118846088f,-0.04437362824202288f,1.7313903219682016f,-1.0399078999687543f,0f,0f,0f,1f], start_interpolation: 0, interpolation_duration: 1 }
$data merge entity $(bone_tail_3) { transformation: [0.056397474120802f,-0.09695106280312525f,2.0792703870296863f,0.4805489445446026f,-0.06721110437537771f,2.078864021100841f,0.09875512779359132f,0.35768263967647773f,-2.080444067598521f,-0.06978824570248808f,0.05317526116845684f,-1.0482415264451121f,0f,0f,0f,1f], start_interpolation: 0, interpolation_duration: 1 }
$data merge entity $(bone_tail_2) { transformation: [-0.8542259196360434f,0.4912663299211065f,1.6875216580271135f,0.16632759925041685f,-0.032622876308323966f,1.8715234780035406f,-0.5613461447499919f,0.4624568735251822f,-1.757272802147152f,-0.2735528091066765f,-0.8098981630220667f,-0.8990477261313269f,0f,0f,0f,1f], start_interpolation: 0, interpolation_duration: 1 }
$data merge entity $(bone_tail_1) { transformation: [-1.116950298415329f,0.4987533194778478f,0.8895636049095847f,-0.030126204802788922f,0.10002455755991697f,1.3665013459874558f,-0.6405664753165085f,0.5835000042658102f,-1.0149253020566837f,-0.41421666760802855f,-1.042116804163933f,-0.6687628148315199f,0f,0f,0f,1f], start_interpolation: 0, interpolation_duration: 1 }
$data merge entity $(bone_tail_0) { transformation: [-1.2553355674471027f,0.022042841896713447f,0.23975496409335215f,-0.09965624469383744f,-0.05444342616693999f,1.213889894070259f,-0.39666478921795945f,0.7287080005217315f,-0.23452983399451133f,-0.39977638096720974f,-1.1912221953822446f,-0.3303073189729494f,0f,0f,0f,1f], start_interpolation: 0, interpolation_duration: 1 }
$data merge entity $(bone_body_1) { transformation: [-1.1607611688266317f,-0.10991662719305773f,-0.4112863224895571f,0.003365728945477326f,-0.2130013552896836f,1.1841408825761093f,0.2846847166830017f,0.5827625000000001f,0.3686034815967419f,0.3381320752821675f,-1.1306647461013302f,-0.0902191984172816f,0f,0f,0f,1f], start_interpolation: 0, interpolation_duration: 1 }