# This file was generated by Animated Java via MC-Build. It is not recommended to edit this file directly.
$data merge entity $(bone_head_lower) { transformation: [-0.9934938015572297f,0.09394421318622524f,0.06437818789143387f,0.39565468440488777f,0.08005323163026767f,0.9781336368308794f,-0.19195329798039057f,0.3180113002486705f,-0.08100337260209894f,-0.18555072974477615f,-0.9792902431446291f,0.7810518014774069f,0f,0f,0f,1f], start_interpolation: 0, interpolation_duration: 1 }
$data merge entity $(bone_head_upper) { transformation: [-1.0341272840851699f,0.03173307692620369f,0.11421783889976644f,0.40392009647865385f,0.08332737544843245f,0.9079242427159269f,0.5021972327413743f,0.37304452049979797f,-0.08431637679011955f,0.5080733450015005f,-0.9045574427793296f,0.7300764728974105f,0f,0f,0f,1f], start_interpolation: 0, interpolation_duration: 1 }
$data merge entity $(bone_neck_0) { transformation: [-0.9544854021894961f,-0.016959683299149667f,-0.29777505964997797f,0.3852491083483833f,0.0116897256224485f,0.9954877054500075f,-0.09416782153554973f,0.3507930433531508f,0.2980284673014093f,-0.09336271975618446f,-0.9499802288667387f,0.6700681216342036f,0f,0f,0f,1f], start_interpolation: 0, interpolation_duration: 1 }
$data merge entity $(bone_neck_1) { transformation: [-0.9082864464844033f,0.02908504275119414f,-0.4173365445547468f,0.35002921663877334f,0.062240253741714144f,0.9958729583831436f,-0.0660545348584991f,0.3497852195200173f,0.4136929802968645f,-0.08597157116958401f,-0.9063481709606588f,0.5928924754521601f,0f,0f,0f,1f], start_interpolation: 0, interpolation_duration: 1 }
$data merge entity $(bone_neck_2) { transformation: [-0.8906053239480023f,-0.03530595957445013f,-0.45340450612449923f,0.30996191395801265f,-0.17849347654426498f,0.9441190467206493f,0.2770907873792174f,0.38330396621714147f,0.41828487396344566f,0.32770827703587224f,-0.8471393329172979f,0.5218851851934622f,0f,0f,0f,1f], start_interpolation: 0, interpolation_duration: 1 }
$data merge entity $(bone_body_0) { transformation: [-0.8763225319425741f,-0.050675599337829697f,-0.4790519842788544f,0.0837037617841376f,-0.20247036886589667f,0.9410951593349225f,0.27082402184386223f,0.519907419883686f,0.4371093338526f,0.33432302449596374f,-0.8349632001177104f,0.1315550048020904f,0f,0f,0f,1f], start_interpolation: 0, interpolation_duration: 1 }
$data merge entity $(bone_leg_left_3) { transformation: [-0.36410285787333546f,0.030958621662981523f,-0.930844064617269f,0.2965058534291079f,-0.1013133509311199f,0.9921999469574877f,0.07262830151302457f,0.07820800649525125f,0.9258319036475129f,0.12075110352409772f,-0.35812631456810806f,-0.2333941558602306f,0f,0f,0f,1f], start_interpolation: 0, interpolation_duration: 1 }
$data merge entity $(bone_leg_left_2) { transformation: [-0.43156252548247354f,0.11062828573426457f,-0.9238925091672635f,0.29307121270773473f,-0.33232813447509274f,0.9329310374482619f,0.2669454811430778f,0.30340712117018376f,0.8691225443723046f,0.41165915665985414f,-0.3566860539782904f,-0.1471118630142629f,0f,0f,0f,1f], start_interpolation: 0, interpolation_duration: 1 }
$data merge entity $(bone_leg_left_1) { transformation: [-0.6592250502313697f,0.6388144992088958f,-0.3966590081517577f,0.5007833344017942f,-0.021364201706565184f,0.5113853161348836f,0.8590859266261245f,0.3971973162264899f,0.7516421382765134f,0.5748052661920499f,-0.3234702489024265f,0.01123099117378664f,0f,0f,0f,1f], start_interpolation: 0, interpolation_duration: 1 }
$data merge entity $(bone_leg_left_0) { transformation: [-0.6223666750342887f,-0.6559689702930147f,-0.4270414872345381f,0.20562636962462505f,-0.0561136604811706f,0.5815706762386068f,-0.8115582577035205f,0.685082128237436f,0.7807118411515019f,-0.4811239534175076f,-0.3987590281532697f,-0.054434675056019156f,0f,0f,0f,1f], start_interpolation: 0, interpolation_duration: 1 }
$data merge entity $(bone_leg_right_3) { transformation: [-0.9812604991126781f,0.08102808761194306f,0.1748207135870608f,-0.33701657825468373f,0.07551572533610415f,0.9964215136714751f,-0.0379676483286414f,0.022048111135176934f,-0.17727156598873936f,-0.02405444055879498f,-0.9838679666404954f,0.14765497791526536f,0f,0f,0f,1f], start_interpolation: 0, interpolation_duration: 1 }
$data merge entity $(bone_leg_right_2) { transformation: [-0.9834844985760818f,0.29111369203062787f,-0.008559139766587166f,-0.2678971585815707f,0.2899534946242634f,0.9758892659084365f,-0.12501724337291945f,0.24521306174722385f,-0.027338828000198087f,-0.12229128545273908f,-1.0180174995974216f,0.08773016912633119f,0f,0f,0f,1f], start_interpolation: 0, interpolation_duration: 1 }
$data merge entity $(bone_leg_right_1) { transformation: [-0.9764808538372093f,0.17167288555505442f,-0.13043604737401263f,-0.23378838804109778f,-0.03333085738849745f,0.47750830058813165f,0.8779948045490826f,0.32770778807318174f,0.21301219691628473f,0.8616926617040646f,-0.4605557086067463f,0.35049355615045275f,0f,0f,0f,1f], start_interpolation: 0, interpolation_duration: 1 }
$data merge entity $(bone_leg_right_0) { transformation: [-0.9860156143138447f,-0.1359666847603074f,-0.09636528921028836f,-0.16467900875637287f,0.0008861438379652448f,0.5739535790520548f,-0.8188873572369003f,0.6196201286968047f,0.16665060179426208f,-0.8075211141070107f,-0.5658067047967728f,0.06011732149794022f,0f,0f,0f,1f], start_interpolation: 0, interpolation_duration: 1 }
$data merge entity $(bone_tail_4) { transformation: [1.6923645859226886f,-0.4315357735127514f,2.1390045152111017f,0.837209558900355f,0.25276584929624346f,2.727468061405269f,0.3502695120100155f,0.40123282727267773f,-2.167411558828705f,-0.018872779152454684f,1.7110325199898417f,-1.055685791391713f,0f,0f,0f,1f], start_interpolation: 0, interpolation_duration: 1 }
$data merge entity $(bone_tail_3) { transformation: [0.01609392821790321f,-0.09925368294209952f,2.0798642306509794f,0.4855127201579842f,-0.031304319275211795f,2.079679754265979f,0.09948711140321881f,0.36401219056109196f,-2.0819958095812003f,-0.03203673146670998f,0.0145815900263765f,-1.0578447856419662f,0f,0f,0f,1f], start_interpolation: 0, interpolation_duration: 1 }
$data merge entity $(bone_tail_2) { transformation: [-0.8976981866225078f,0.48662090195611635f,1.6661668399403626f,0.17522793816093504f,-0.004068899487966694f,1.8752079878756374f,-0.5498657302170572f,0.4666742312580047f,-1.7357693639404965f,-0.2560643961772042f,-0.8604124680749262f,-0.8992404243206906f,0f,0f,0f,1f], start_interpolation: 0, interpolation_duration: 1 }
$data merge entity $(bone_tail_1) { transformation: [-1.1054087765173617f,0.49673467288707784f,0.9049764370137807f,-0.02452888597626446f,0.09679954982429609f,1.3699285659540228f,-0.6337048377099302f,0.5862020009993537f,-1.0277925539486088f,-0.4052241835514299f,-1.0330014894049642f,-0.6710146578741581f,0f,0f,0f,1f], start_interpolation: 0, interpolation_duration: 1 }
$data merge entity $(bone_tail_0) { transformation: [-1.252957017973718f,0.03036894293737071f,0.2510222201306141f,-0.09715055630703738f,-0.04931102555131965f,1.2152505187697635f,-0.3931543157246598f,0.730416989607277f,-0.24799768235512382f,-0.3950691338471219f,-1.190064387170627f,-0.3327839062267564f,0f,0f,0f,1f], start_interpolation: 0, interpolation_duration: 1 }
$data merge entity $(bone_body_1) { transformation: [-1.164652251370092f,-0.1052478243083403f,-0.40138837042593367f,0.0032558051192891966f,-0.20588538432121353f,1.184914771194201f,0.28669284711159276f,0.5839525000000001f,0.360278971017921f,0.33690425277874664f,-1.1337103609644363f,-0.09190502031884415f,0f,0f,0f,1f], start_interpolation: 0, interpolation_duration: 1 }