# This file was generated by Animated Java via MC-Build. It is not recommended to edit this file directly.
$data merge entity $(bone_head_lower) { transformation: [-0.8530035662073625f,-0.3170668658970932f,0.4145521904268713f,0.2570855939954397f,-0.39903846678077803f,0.9081697210923518f,-0.12647553012455148f,0.5282182492668996f,-0.33638254720893007f,-0.2733063487027608f,-0.9011938868478839f,0.8411927290600114f,0f,0f,0f,1f], start_interpolation: 0, interpolation_duration: 1 }
$data merge entity $(bone_head_upper) { transformation: [-0.8878910566470911f,-0.4444474568458661f,0.312390576382934f,0.26836540039195983f,-0.41535897380608405f,0.9411839535310457f,0.15849804755243763f,0.5601497846845526f,-0.3501404532303807f,0.010543543162523853f,-0.9801849005635164f,0.7737494232000147f,0f,0f,0f,1f], start_interpolation: 0, interpolation_duration: 1 }
$data merge entity $(bone_neck_0) { transformation: [-0.9197609484705326f,-0.32657765949108986f,0.21768516253963793f,0.28803949666457906f,-0.39150148699462467f,0.8025389630872687f,-0.45017529742069334f,0.5181403976611708f,-0.0276836296316893f,-0.4992777233645955f,-0.8659996371836893f,0.725865421779161f,0f,0f,0f,1f], start_interpolation: 0, interpolation_duration: 1 }
$data merge entity $(bone_neck_1) { transformation: [-0.9455118183504312f,-0.20342343854559677f,-0.25421704508145715f,0.2655668299940132f,-0.13226478157463656f,0.9534461527588005f,-0.2710100760939641f,0.499574694453754f,0.29751206515816364f,-0.2226192678986441f,-0.9284003622605908f,0.6461921467011338f,0f,0f,0f,1f], start_interpolation: 0, interpolation_duration: 1 }
$data merge entity $(bone_neck_2) { transformation: [-0.8974386824747093f,-0.26079704375391116f,-0.35579307633409474f,0.23184332200257082f,-0.2956075856328165f,0.9541914185165183f,0.04620489309339111f,0.5129647199823466f,0.3274446006798637f,0.14664119066161188f,-0.9334218739064075f,0.5658530987901995f,0f,0f,0f,1f], start_interpolation: 0, interpolation_duration: 1 }
$data merge entity $(bone_body_0) { transformation: [-0.8977454239956137f,-0.27808095118950493f,-0.3416491450018223f,0.06817629248623672f,-0.3005225317012765f,0.9536799868265089f,0.013442122839976839f,0.528384936043373f,0.32208595379927896f,0.11474087027790034f,-0.9397314355990645f,0.12405424740072876f,0f,0f,0f,1f], start_interpolation: 0, interpolation_duration: 1 }
$data merge entity $(bone_leg_left_3) { transformation: [-0.7602974757876848f,-0.024302767785577446f,-0.6491202691249408f,0.37442413745498293f,-0.16394064837173078f,0.9741294364132848f,0.15554840058513308f,0.1504940516958883f,0.6285469052682797f,0.22468025411926373f,-0.7446123631034954f,-0.14805064798512452f,0f,0f,0f,1f], start_interpolation: 0, interpolation_duration: 1 }
$data merge entity $(bone_leg_left_2) { transformation: [-0.7847541572112043f,-0.11430015094038218f,-0.6505064086812926f,0.3264599259356168f,-0.3414076966229836f,0.9349907910500238f,0.2475786841368506f,0.3755606853352657f,0.5653882709492795f,0.40594321726979465f,-0.7533979074342637f,-0.07583211226485786f,0f,0f,0f,1f], start_interpolation: 0, interpolation_duration: 1 }
$data merge entity $(bone_leg_left_1) { transformation: [-0.9167190132522562f,0.36794111304998983f,-0.15570994852399297f,0.45293333204722386f,0.001239285390760922f,0.3923471293354025f,0.9198163916097548f,0.4333408462852796f,0.3995306182428702f,0.8430202058253435f,-0.3601280573027684f,0.1643330729866367f,0f,0f,0f,1f], start_interpolation: 0, interpolation_duration: 1 }
$data merge entity $(bone_leg_left_0) { transformation: [-0.8948516619304496f,-0.40359717297085607f,-0.1906563009980138f,0.20593914326061205f,-0.027352047805957375f,0.47591010906659f,-0.8790685033426275f,0.6885799160799356f,0.4455248237990034f,-0.7814210709074585f,-0.4369081611971878f,-0.055107503298733373f,0f,0f,0f,1f], start_interpolation: 0, interpolation_duration: 1 }
$data merge entity $(bone_leg_right_3) { transformation: [-0.9833900145929236f,0.057868978245125095f,0.17203273105951372f,-0.3158062000451038f,0.05709213456126541f,0.9983240538312326f,-0.009464233366367397f,0.008063413819320159f,-0.17229209897777714f,0.0005146832423284509f,-0.9850457693584558f,0.0904527576506943f,0f,0f,0f,1f], start_interpolation: 0, interpolation_duration: 1 }
$data merge entity $(bone_leg_right_2) { transformation: [-0.9971067585032403f,0.24018623947137518f,0.012283404106946963f,-0.2578926343797922f,0.23525030137060293f,0.9849542227475026f,-0.16304807357831128f,0.23225093505650485f,-0.049976067801457726f,-0.15568541666179658f,-1.0125841412873506f,0.022946859393785213f,0f,0f,0f,1f], start_interpolation: 0, interpolation_duration: 1 }
$data merge entity $(bone_leg_right_1) { transformation: [-0.9789451771342665f,0.11842488153016817f,-0.1662584963246251f,-0.2363988727132611f,-0.09437373745156878f,0.45963754284354924f,0.8830780978419561f,0.30840542904227897f,0.1809970658463338f,0.8801754805965174f,-0.43878375711927636f,0.2889391467161035f,0f,0f,0f,1f], start_interpolation: 0, interpolation_duration: 1 }
$data merge entity $(bone_leg_right_0) { transformation: [-0.9887668145777246f,-0.14013967071468084f,-0.051971714247275105f,-0.17222196026791672f,-0.055025390137472846f,0.6645905727469973f,-0.745178889298427f,0.6364056176824179f,0.13896903550805298f,-0.7339483928096031f,-0.6648363436682463f,0.03873027651868416f,0f,0f,0f,1f], start_interpolation: 0, interpolation_duration: 1 }
$data merge entity $(bone_tail_4) { transformation: [-0.792125856143123f,-0.23235367998911624f,2.6351868485982246f,0.6309049115084374f,0.6348190464760156f,2.6537146670744978f,0.42481122346869477f,0.5023811009086454f,-2.568112680133178f,0.7276479675977957f,-0.7078043719771664f,-1.4811545370806345f,0f,0f,0f,1f], start_interpolation: 0, interpolation_duration: 1 }
$data merge entity $(bone_tail_3) { transformation: [-1.3554690512540724f,0.1168986089275458f,1.5763831680044151f,0.36246463541823426f,0.3749499600604538f,2.0411031303998644f,0.17104404276964255f,0.4534045555109243f,-1.535598158564765f,0.3951939427004467f,-1.3497057342657428f,-1.25616160472878f,0f,0f,0f,1f], start_interpolation: 0, interpolation_duration: 1 }
$data merge entity $(bone_tail_2) { transformation: [-1.6010200759886482f,0.4800679753307469f,1.0124442356722263f,0.17318383059533848f,0.31157195153076067f,1.8868271777519454f,-0.40197014232243544f,0.528809293310451f,-1.0763045620563885f,-0.1679041850617279f,-1.6223903813010423f,-0.9553985976748502f,0f,0f,0f,1f], start_interpolation: 0, interpolation_duration: 1 }
$data merge entity $(bone_tail_1) { transformation: [-1.2239776106903921f,0.4083708411125245f,0.7891567110895586f,-0.0004564468355457013f,0.13735963678821644f,1.4141114080741608f,-0.5187268122392789f,0.6230162352143296f,-0.8778766363846626f,-0.34810692564722706f,-1.181444213497357f,-0.6960710381103623f,0f,0f,0f,1f], start_interpolation: 0, interpolation_duration: 1 }
$data merge entity $(bone_tail_0) { transformation: [-1.2490804678427583f,0.018610375479593575f,0.2707163743888664f,-0.07911696195411758f,-0.04865910500876807f,1.2391748894411585f,-0.30969921127162453f,0.7434210403058106f,-0.26695691213656564f,-0.31294562448934987f,-1.2102209549332341f,-0.3499682823095095f,0f,0f,0f,1f], start_interpolation: 0, interpolation_duration: 1 }
$data merge entity $(bone_body_1) { transformation: [-1.1893593944832097f,-0.08248895046669275f,-0.3274513686972262f,0.002567110601250005f,-0.16409406300819246f,1.1890214855467245f,0.296488853837668f,0.5944025000000001f,0.2951304191306729f,0.3286762465031725f,-1.1547616878579707f,-0.10364104316830891f,0f,0f,0f,1f], start_interpolation: 0, interpolation_duration: 1 }