# This file was generated by Animated Java via MC-Build. It is not recommended to edit this file directly.
$data merge entity $(bone_head_lower) { transformation: [-0.7722349790496515f,0.1524677416894696f,-0.6167712095066514f,0.1887987526660206f,-0.1964241903899769f,0.8659232888735138f,0.45999390780326616f,0.3452610385401448f,0.6042107865321726f,0.47637217123861314f,-0.6387479001199008f,0.77989182495979f,0f,0f,0f,1f], start_interpolation: 0, interpolation_duration: 1 }
$data merge entity $(bone_head_upper) { transformation: [-0.8038190679282078f,0.407873738360461f,-0.5205630242097464f,0.1618216777657453f,-0.20445785793351431f,0.6259364436113409f,0.8061466960001343f,0.4148264357688558f,0.6289227559468442f,0.7247858474739667f,-0.40325374757983035f,0.7685626842141974f,0f,0f,0f,1f], start_interpolation: 0, interpolation_duration: 1 }
$data merge entity $(bone_neck_0) { transformation: [-0.914549034057958f,0.04041387297553681f,-0.4024509699016434f,0.13543796417856163f,-0.06550602893968194f,0.9670611946241854f,0.24597074221255902f,0.41505531536257223f,0.39913534606222223f,0.2513152695781949f,-0.8817775290857833f,0.7073370072005626f,0f,0f,0f,1f], start_interpolation: 0, interpolation_duration: 1 }
$data merge entity $(bone_neck_1) { transformation: [-0.9802922190071975f,-0.07046375816539494f,-0.18455899907388337f,0.11947877689424266f,-0.13118147699275567f,0.9307053916403997f,0.3414365154248877f,0.4482671129744385f,0.14771115546208438f,0.35891828144676496f,-0.9216067934837269f,0.6309183073611666f,0f,0f,0f,1f], start_interpolation: 0, interpolation_duration: 1 }
$data merge entity $(bone_neck_2) { transformation: [-0.9730683496342153f,-0.08985855332417524f,-0.2122814813746861f,0.10000155561607033f,-0.19011589772811222f,0.8336151439134541f,0.5185959287047917f,0.5018616190668213f,0.1303607777331005f,0.5449873688743967f,-0.8282480518517285f,0.5636933331169521f,0f,0f,0f,1f], start_interpolation: 0, interpolation_duration: 1 }
$data merge entity $(bone_body_0) { transformation: [-0.9721520337416785f,-0.17582851654985174f,-0.15493468320488238f,0.02530643402088827f,-0.19319525196310272f,0.9755085684913934f,0.10516000864770683f,0.5607160752930441f,0.13264998270196648f,0.1321641614347514f,-0.9823118733484886f,0.10199245972020235f,0f,0f,0f,1f], start_interpolation: 0, interpolation_duration: 1 }
$data merge entity $(bone_leg_left_3) { transformation: [-0.9714623045455343f,-0.06187601024224829f,-0.22898111320277123f,0.29216564072790585f,-0.09043542203255303f,0.9890759982552819f,0.11640491448865715f,0.07685996664314818f,0.2192770514414885f,0.13379099009955325f,-0.9664458317356995f,-0.07400349140694375f,0f,0f,0f,1f], start_interpolation: 0, interpolation_duration: 1 }
$data merge entity $(bone_leg_left_2) { transformation: [-0.9893447903714833f,-0.17060449776916706f,-0.21012660613646714f,0.24436927866544672f,-0.1600685288882815f,1.0109084507819026f,-0.06711460122782253f,0.3101787901149689f,0.2182593670957587f,-0.03194384102387302f,-1.0017008731134733f,-0.11206799525679445f,0f,0f,0f,1f], start_interpolation: 0, interpolation_duration: 1 }
$data merge entity $(bone_leg_left_1) { transformation: [-0.9811167848745942f,0.0919865579225117f,0.17014208062354075f,0.27987500791835596f,0.19208231336853673f,0.36025421623175036f,0.9128643297764671f,0.35580826258859083f,0.0226768456433048f,0.9283078007044947f,-0.37112044921137666f,0.15935543794631668f,0f,0f,0f,1f], start_interpolation: 0, interpolation_duration: 1 }
$data merge entity $(bone_leg_left_0) { transformation: [-0.9864928179254926f,0.06100998250337378f,-0.15201875613344207f,0.20149971777780204f,0.15089593323286826f,0.6995752686653528f,-0.6984446010998876f,0.7048875240177377f,0.06373646927154542f,-0.7119495947795302f,-0.6993321363830349f,-0.05583810679868351f,0f,0f,0f,1f], start_interpolation: 0, interpolation_duration: 1 }
$data merge entity $(bone_leg_right_3) { transformation: [-0.9858077048400564f,0.0042407687963986265f,0.16782486394451696f,-0.23434463865323765f,0.012595169185767767f,0.9987317224581788f,0.04874739243181811f,0.009760609805209597f,-0.1674052890178862f,0.05016933760510789f,-0.984610840267922f,-0.06357609279724279f,0f,0f,0f,1f], start_interpolation: 0, interpolation_duration: 1 }
$data merge entity $(bone_leg_right_2) { transformation: [-1.014648210402355f,0.10714653758492343f,0.10521800279208408f,-0.20454312553945442f,0.08125691628179323f,0.9960951643820473f,-0.23076814457756223f,0.2346911168341414f,-0.12628745853950046f,-0.21994599900648237f,-0.9938498049692264f,-0.145363676756254f,0f,0f,0f,1f], start_interpolation: 0, interpolation_duration: 1 }
$data merge entity $(bone_leg_right_1) { transformation: [-0.9626035958048672f,-0.02728102742931337f,-0.2695367560944909f,-0.2168301616171766f,-0.2565524598511361f,0.41142835770828157f,0.87458992780491f,0.29496897184553716f,0.08703535309212708f,0.911033727156063f,-0.40304143124033953f,0.12524488666962053f,0f,0f,0f,1f], start_interpolation: 0, interpolation_duration: 1 }
$data merge entity $(bone_leg_right_0) { transformation: [-0.9763744114613759f,-0.20643030588641975f,0.06387125687733984f,-0.18955238327161858f,-0.2084628961424038f,0.8220262415776061f,-0.5299208234158351f,0.68510121071122f,0.05688786843759675f,-0.5307159192726694f,-0.8456384472427874f,-0.02090584911584699f,0f,0f,0f,1f], start_interpolation: 0, interpolation_duration: 1 }
$data merge entity $(bone_tail_4) { transformation: [-1.4051940178091933f,0.7320300369721867f,-2.2616859041174924f,-0.25417635249987414f,-0.02564602939253021f,2.6224499967843586f,0.8647309565073487f,0.6836186688722734f,2.3770640262916056f,0.46103077005360116f,-1.3276590584838148f,-1.6662837918744595f,0f,0f,0f,1f], start_interpolation: 0, interpolation_duration: 1 }
$data merge entity $(bone_tail_3) { transformation: [-1.5220633372226307f,0.35901861901070026f,-1.3749088532447546f,-0.0245558985862063f,0.21446730090964752f,2.049698698768477f,0.2977995083135392f,0.6130649662713852f,1.4047321810109166f,0.07606840023889522f,-1.5352154976295203f,-1.4067123650406257f,0f,0f,0f,1f], start_interpolation: 0, interpolation_duration: 1 }
$data merge entity $(bone_tail_2) { transformation: [-1.8158956249875196f,0.19269011093211763f,-0.695821439237778f,0.10349888343153857f,0.2986454131417673f,1.9150879103893172f,-0.24904434884742513f,0.6600382993332353f,0.6573491244105731f,-0.3377612938636147f,-1.8090282783878775f,-1.0700122570029402f,0f,0f,0f,1f], start_interpolation: 0, interpolation_duration: 1 }
$data merge entity $(bone_tail_1) { transformation: [-1.4676880593717112f,0.1593544561994422f,0.3288680094917741f,0.03218440130388061f,0.09295621323680857f,1.4791498781006125f,-0.30187916545468396f,0.7068294406992308f,-0.3534220604297f,-0.2727233862438708f,-1.445119736145522f,-0.7553672018576869f,0f,0f,0f,1f], start_interpolation: 0, interpolation_duration: 1 }
$data merge entity $(bone_tail_0) { transformation: [-1.2607113002977675f,-0.01964695783944496f,0.20989695312985296f,-0.02962648295038705f,-0.04082502472924135f,1.271314299954959f,-0.12621008149081187f,0.7743900386116356f,-0.2068237202097415f,-0.1311856103454781f,-1.2545317855602203f,-0.3919295985497668f,0f,0f,0f,1f], start_interpolation: 0, interpolation_duration: 1 }
$data merge entity $(bone_body_1) { transformation: [-1.2299030380855607f,-0.034264285868993286f,-0.12152806539251018f,0.0009350327259262389f,-0.06223019076714651f,1.1999042756901461f,0.29148195071709054f,0.6258025f,0.10986589698920624f,0.29607479283222293f,-1.1953550923404992f,-0.13396902222862928f,0f,0f,0f,1f], start_interpolation: 0, interpolation_duration: 1 }