# This file was generated by Animated Java via MC-Build. It is not recommended to edit this file directly.
$data merge entity $(bone_head_lower) { transformation: [-0.9665818510676938f,0.014403464395238777f,-0.2559532484653516f,0.060249414613464905f,-0.057444253273182366f,0.9608626613757673f,0.2710038814108827f,0.3729994838201497f,0.24983931426506395f,0.2766504765715981f,-0.9279250135976885f,0.7996532514923764f,0f,0f,0f,1f], start_interpolation: 0, interpolation_duration: 1 }
$data merge entity $(bone_head_upper) { transformation: [-1.0061146460339245f,0.18018008568926852f,-0.1968258070999479f,0.05041433145036556f,-0.05979369929695f,0.5960238194696603f,0.8512650954507006f,0.4450484524654365f,0.2600576381187908f,0.8341239032238033f,-0.5657554962263033f,0.7794623191681308f,0f,0f,0f,1f], start_interpolation: 0, interpolation_duration: 1 }
$data merge entity $(bone_neck_0) { transformation: [-0.9866517532372263f,0.028944578202494443f,-0.1602514562385856f,0.03990115889095232f,-0.008587434382365478f,0.9734595487633726f,0.2286979730827089f,0.44403819331531535f,0.16261787664533134f,0.22702140496898207f,-0.9602170108268617f,0.7136353578719986f,0f,0f,0f,1f], start_interpolation: 0, interpolation_duration: 1 }
$data merge entity $(bone_neck_1) { transformation: [-0.9982074311870786f,-0.02810775748404844f,-0.05283822756406413f,0.03529557858927999f,-0.042628751576381574f,0.9535950511907618f,0.29805916842722247f,0.47368081010914115f,0.04200849749673335f,0.2997773045340593f,-0.9530838650529978f,0.6342776818461062f,0f,0f,0f,1f], start_interpolation: 0, interpolation_duration: 1 }
$data merge entity $(bone_neck_2) { transformation: [-0.9973992403243819f,-0.038514342296529655f,-0.06092126753287139f,0.029581339161346993f,-0.06015982662578669f,0.9103702205591113f,0.4093981641135075f,0.5184602532123769f,0.0396932067324023f,0.4119984307696097f,-0.910319582554763f,0.5585605811536936f,0f,0f,0f,1f], start_interpolation: 0, interpolation_duration: 1 }
$data merge entity $(bone_body_0) { transformation: [-0.997332382008188f,-0.05628570517739722f,-0.04647622177583872f,0.0071410784252796886f,-0.060891805312801354f,0.9926587880943794f,0.1045022414340761f,0.5771680834969356f,0.040253047631474075f,0.10705349042269081f,-0.9934380918530843f,0.09137675216931854f,0f,0f,0f,1f], start_interpolation: 0, interpolation_duration: 1 }
$data merge entity $(bone_leg_left_3) { transformation: [-0.9830430790268612f,-0.009506104526093621f,-0.18312820305492988f,0.21059883644360614f,-0.018147207486662875f,0.9987963843329858f,0.0455682071601578f,0.038826631479013995f,0.1824746109403295f,0.048118776169952776f,-0.9820323822268194f,-0.10861237460361695f,0f,0f,0f,1f], start_interpolation: 0, interpolation_duration: 1 }
$data merge entity $(bone_leg_left_2) { transformation: [-1.0077183427458345f,-0.08297129553348714f,-0.17228379294576174f,0.18437065468504377f,-0.03838316676838317f,0.9930754807962594f,-0.2537518895511978f,0.26240946738555687f,0.18733038649165762f,-0.242856033607295f,-0.9787698773144347f,-0.19517951638179615f,0f,0f,0f,1f], start_interpolation: 0, interpolation_duration: 1 }
$data merge entity $(bone_leg_left_1) { transformation: [-0.9534146421459638f,0.10146457032695286f,0.2840870660731509f,0.21585634349952026f,0.3007623563978255f,0.39243835704077557f,0.8692146690531424f,0.31693294849917286f,-0.023292168548920033f,0.9141646880576298f,-0.40467319900480836f,0.07509668876193594f,0f,0f,0f,1f], start_interpolation: 0, interpolation_duration: 1 }
$data merge entity $(bone_leg_left_0) { transformation: [-0.9676296736159118f,0.21323651533072033f,-0.13499260449215544f,0.19805742624631265f,0.2523019614357834f,0.8301473218823039f,-0.49719125517983f,0.7126868107297811f,0.006044418385625944f,-0.5151559108670403f,-0.8570751731937692f,-0.0566961700682118f,0f,0f,0f,1f], start_interpolation: 0, interpolation_duration: 1 }
$data merge entity $(bone_leg_right_3) { transformation: [-0.985683114307364f,-0.01035727766723895f,0.16829000258084123f,-0.19466518209628297f,-0.004022887731010288f,0.9992720290247453f,0.037937163613961045f,0.02560704105316658f,-0.16856041808099403f,0.03671700979236292f,-0.9850072317746039f,-0.11258435615941657f,0f,0f,0f,1f], start_interpolation: 0, interpolation_duration: 1 }
$data merge entity $(bone_leg_right_2) { transformation: [-1.0130840942512034f,0.0595919075807981f,0.14890138356239238f,-0.17460099859665001f,0.015801193240714866f,0.9847227951933746f,-0.2865894946075504f,0.2462630821763676f,-0.15960306941936503f,-0.2807704056308699f,-0.9735281398369996f,-0.20787030539824664f,0f,0f,0f,1f], start_interpolation: 0, interpolation_duration: 1 }
$data merge entity $(bone_leg_right_1) { transformation: [-0.9461403874328624f,-0.08403825396850913f,-0.31265946193633254f,-0.19969225776980426f,-0.31923092820803733f,0.4030673761995164f,0.8576877664506309f,0.3039176661762595f,0.05394424662396868f,0.9113036058929876f,-0.40818593329830777f,0.06242539067675683f,0f,0f,0f,1f], start_interpolation: 0, interpolation_duration: 1 }
$data merge entity $(bone_leg_right_0) { transformation: [-0.9626025783291009f,-0.2524250486857297f,0.09837617084525103f,-0.19488375443394754f,-0.26944268829558593f,0.8541769332855648f,-0.44472733710321366f,0.7068284927038119f,0.028229663799180335f,-0.454602421285759f,-0.8902470020409563f,-0.04687704629061688f,0f,0f,0f,1f], start_interpolation: 0, interpolation_duration: 1 }
$data merge entity $(bone_tail_4) { transformation: [-2.553345147066877f,0.17802220256748458f,-1.0365317105342464f,-0.1098443195567213f,0.03857418433010349f,2.7356325193638322f,0.3748173994125164f,0.6433512435506161f,1.0510004395114665f,0.332090568959909f,-2.5319508805967366f,-1.7972986576702967f,0f,0f,0f,1f], start_interpolation: 0, interpolation_duration: 1 }
$data merge entity $(bone_tail_3) { transformation: [-2.0053256539702335f,0.04820432359544859f,-0.5588299300860734f,-0.01555913163646664f,0.0728045919120052f,2.079408491502319f,-0.08188615822604234f,0.636887465396323f,0.5561600839415093f,-0.09839814377923671f,-2.004232843852086f,-1.4564919289433245f,0f,0f,0f,1f], start_interpolation: 0, interpolation_duration: 1 }
$data merge entity $(bone_tail_2) { transformation: [-1.9377673890931986f,0.028050576472396827f,-0.2510868095485561f,0.029691160163111026f,0.07939278078187506f,1.9113131948973374f,-0.39918984502844124f,0.711609494793424f,0.2398503848848856f,-0.40604052897915993f,-1.8964115472912713f,-1.1038724266693116f,0f,0f,0f,1f], start_interpolation: 0, interpolation_duration: 1 }
$data merge entity $(bone_tail_1) { transformation: [-1.5089693756857177f,0.039980734286399075f,0.09523242162508147f,0.010151109306380685f,0.025166905716893995f,1.4948805603550306f,-0.22881212190193886f,0.7425498962574107f,-0.1001713536860409f,-0.22669340784096734f,-1.492056315539784f,-0.7799317608544254f,0f,0f,0f,1f], start_interpolation: 0, interpolation_duration: 1 }
$data merge entity $(bone_tail_0) { transformation: [-1.276621228648219f,-0.012817810855225351f,0.06252726504189497f,-0.008430127416573155f,-0.014713949692509347f,1.2775504654156946f,-0.03852303965961017f,0.7846367922915918f,-0.062108411935791905f,-0.03919475251930119f,-1.2761042406973626f,-0.40797028149824954f,0f,0f,0f,1f], start_interpolation: 0, interpolation_duration: 1 }
$data merge entity $(bone_body_1) { transformation: [-1.2358444069489938f,-0.011052201304082573f,-0.03422054522467291f,0.0002701141843943847f,-0.018425072052740295f,1.2049726919752897f,0.2762352681500411f,0.6392525f,0.030882253625523777f,0.2766283707366398f,-1.204627588083077f,-0.1465441252743762f,0f,0f,0f,1f], start_interpolation: 0, interpolation_duration: 1 }