# This file was generated by Animated Java via MC-Build. It is not recommended to edit this file directly.
$data merge entity $(bone_head_lower) { transformation: [-0.98889055643741f,0.0003379739846773866f,-0.1486450576457059f,0.035716067568478685f,-0.028936844063600805f,0.9804285077641501f,0.1947372594523215f,0.38916149270449873f,0.14580166818163773f,0.19687515571282138f,-0.9695267126894974f,0.8063757123581449f,0f,0f,0f,1f], start_interpolation: 0, interpolation_duration: 1 }
$data merge entity $(bone_head_upper) { transformation: [-1.0293357681579682f,0.10303638303567413f,-0.11542669858000014f,0.02975297454692504f,-0.03012034892878372f,0.6282275250848021f,0.829394287350558f,0.46043508261222976f,0.15176489565957166f,0.8235202627016879f,-0.6182667191016258f,0.7822930755615284f,0f,0f,0f,1f], start_interpolation: 0, interpolation_duration: 1 }
$data merge entity $(bone_neck_0) { transformation: [-0.9956113269025971f,0.014356861212344026f,-0.09247684185448259f,0.023861916691949998f,-0.003128728096689074f,0.9825038466664615f,0.18621600990812642f,0.45652929031206485f,0.09353233025936258f,0.18568810360854038f,-0.978147039751446f,0.7159999652245244f,0f,0f,0f,1f], start_interpolation: 0, interpolation_duration: 1 }
$data merge entity $(bone_neck_1) { transformation: [-0.9993712164814832f,-0.01779946662416012f,-0.030665137472637084f,0.021182177150284132f,-0.025260216374458244f,0.96433354133351f,0.2634819586383236f,0.4832922344926688f,0.024881582285615857f,0.2640908935330168f,-0.9641768026746425f,0.635538168952592f,0f,0f,0f,1f], start_interpolation: 0, interpolation_duration: 1 }
$data merge entity $(bone_neck_2) { transformation: [-0.9990604587910952f,-0.02478819325441889f,-0.03554919345509633f,0.01782510928008523f,-0.03605825774309467f,0.9304873990826951f,0.36454492479919953f,0.5243391571836588f,0.02404166651167998f,0.3654842618000167f,-0.9305069868882434f,0.557597097449466f,0f,0f,0f,1f], start_interpolation: 0, interpolation_duration: 1 }
$data merge entity $(bone_body_0) { transformation: [-0.9990358013899955f,-0.03393643149575513f,-0.027852938056570263f,0.004374837092004946f,-0.03650532389680206f,0.9945559907688312f,0.09759991061992984f,0.5798120180662284f,0.02438911372393004f,0.09852258544700628f,-0.9948359016886142f,0.08967321839786799f,0f,0f,0f,1f], start_interpolation: 0, interpolation_duration: 1 }
$data merge entity $(bone_leg_left_3) { transformation: [-0.9838359633318052f,-0.0006642340717033027f,-0.1790708129430268f,0.19803955591608743f,-0.006897989588659579f,0.9993915019131407f,0.034191280225092435f,0.036386368147546755f,0.1789391376826581f,0.03487383972111513f,-0.9832418829100457f,-0.11577954705367813f,0f,0f,0f,1f], start_interpolation: 0, interpolation_duration: 1 }
$data merge entity $(bone_leg_left_2) { transformation: [-1.0090706246939587f,-0.06863882976844041f,-0.17066746886403755f,0.17520010487056714f,-0.019353318549552846f,0.9859540283113158f,-0.282103354497075f,0.25746253905622984f,0.18293201726750224f,-0.27430924994502454f,-0.9712633587002724f,-0.20945322637882058f,0f,0f,0f,1f], start_interpolation: 0, interpolation_duration: 1 }
$data merge entity $(bone_leg_left_1) { transformation: [-0.9478598306844414f,0.10423959018994779f,0.3011575156158217f,0.20642369969087776f,0.3172913907546224f,0.39703616796165714f,0.8612133618815492f,0.3133302749930754f,-0.029797898044318937f,0.9118642383421744f,-0.40940895948279626f,0.06057875111190841f,0f,0f,0f,1f], start_interpolation: 0, interpolation_duration: 1 }
$data merge entity $(bone_leg_left_0) { transformation: [-0.9634048343389013f,0.23626880546273676f,-0.12660243574925997f,0.19747624174616168f,0.26803867873066395f,0.8446848702869709f,-0.4633171015758031f,0.7138642800197619f,-0.0025282161208942805f,-0.48029628509233196f,-0.8771026659688996f,-0.056893511052667906f,0f,0f,0f,1f], start_interpolation: 0, interpolation_duration: 1 }
$data merge entity $(bone_leg_right_3) { transformation: [-0.9855665227190755f,-0.01155243812175126f,0.16889396220372374f,-0.18870367015964995f,-0.006258882846590616f,0.9994733393366468f,0.031841330700263626f,0.028925234019556573f,-0.1691728574001824f,0.030324662054077245f,-0.9851197689572382f,-0.11843133265686087f,0f,0f,0f,1f], start_interpolation: 0, interpolation_duration: 1 }
$data merge entity $(bone_leg_right_2) { transformation: [-1.0124058160602523f,0.053584669065340595f,0.155644936792774f,-0.16983241150182496f,0.005866573168413189f,0.9809640633422341f,-0.29956182876168724f,0.24831962932937293f,-0.16450606805625248f,-0.2947887195483314f,-0.9685554005323701f,-0.21682364419249395f,0f,0f,0f,1f], start_interpolation: 0, interpolation_duration: 1 }
$data merge entity $(bone_leg_right_1) { transformation: [-0.9432530773620361f,-0.0923460849813884f,-0.3189762258157473f,-0.19678812868853043f,-0.3283466332223505f,0.4028922914365401f,0.8543221230616477f,0.3059236044120763f,0.049619759154954625f,0.91057674146094f,-0.4103509198378628f,0.05330328342744407f,0f,0f,0f,1f], start_interpolation: 0, interpolation_duration: 1 }
$data merge entity $(bone_leg_right_0) { transformation: [-0.9601558145814181f,-0.25998187897674224f,0.10251943390994693f,-0.19556846901475927f,-0.2783863879726954f,0.8575665739949263f,-0.43252813799580775f,0.710212157262878f,0.024532238320409294f,-0.4438344215699444f,-0.8957729486385839f,-0.050891519842861915f,0f,0f,0f,1f], start_interpolation: 0, interpolation_duration: 1 }
$data merge entity $(bone_tail_4) { transformation: [-2.693441048557867f,0.09593241584811914f,-0.6015260768520677f,-0.06234981203938991f,0.02759528472476104f,2.743415360476976f,0.31396176799086095f,0.6420263716798656f,0.6085023827434491f,0.30021735973879193f,-2.676799529047143f,-1.8113187276066447f,0f,0f,0f,1f], start_interpolation: 0, interpolation_duration: 1 }
$data merge entity $(bone_tail_3) { transformation: [-2.057258745686471f,0.022773445814859315f,-0.32111267416078354f,-0.008123824986332639f,0.042750476770616906f,2.078006736511898f,-0.12651452798593096f,0.643143633107432f,0.3190679803378219f,-0.13158609053139184f,-2.053491234640715f,-1.4618348259891458f,0f,0f,0f,1f], start_interpolation: 0, interpolation_duration: 1 }
$data merge entity $(bone_tail_2) { transformation: [-1.9489336536182136f,0.015540704446522533f,-0.14209143289601397f,0.016853230755471092f,0.04522192767794318f,1.9098406556341474f,-0.41138488346899565f,0.7201070756536384f,0.1355967036997119f,-0.41357107199973975f,-1.9050843491440301f,-1.1076819505708484f,0f,0f,0f,1f], start_interpolation: 0, interpolation_duration: 1 }
$data merge entity $(bone_tail_1) { transformation: [-1.5112400105055128f,0.023371743117745147f,0.057128296587029496f,0.005717959537953695f,0.014970619541473369f,1.496870254823032f,-0.2163598178418937f,0.7483532995004716f,-0.05988122575433748f,-0.21561412720337012f,-1.4958546175857086f,-0.7830978573497926f,0f,0f,0f,1f], start_interpolation: 0, interpolation_duration: 1 }
$data merge entity $(bone_tail_0) { transformation: [-1.2776637093567333f,-0.008573330079459214f,0.0365740398119857f,-0.005176714681746519f,-0.009241907102568616f,1.2779703289781144f,-0.023283942722527307f,0.7859971092757534f,-0.03641084357615965f,-0.02353832719092582f,-1.277480298950693f,-0.41035644435677665f,0f,0f,0f,1f], start_interpolation: 0, interpolation_duration: 1 }
$data merge entity $(bone_body_1) { transformation: [-1.2361700207492938f,-0.0070307905764121935f,-0.020948576104621933f,0.00016710945905595905f,-0.011486338679932505f,1.2057676879790462f,0.2731244070119792f,0.6412825f,0.01887694044781595f,0.2732754025992571f,-1.2056404150947302f,-0.14846897384176827f,0f,0f,0f,1f], start_interpolation: 0, interpolation_duration: 1 }