# This file was generated by Animated Java via MC-Build. It is not recommended to edit this file directly.
$data merge entity $(bone_head_lower) { transformation: [-0.998255182798449f,-0.0030027988210477273f,-0.058970952300900575f,0.01517846670510368f,-0.01062166185832425f,0.9915469319711188f,0.1293130387781099f,0.40331023187730086f,0.05808416578898415f,0.12971378067846873f,-0.9898487585417766f,0.8107085562458217f,0f,0f,0f,1f], start_interpolation: 0, interpolation_duration: 1 }
$data merge entity $(bone_head_upper) { transformation: [-1.0390834038352461f,0.04004321322329586f,-0.04662792652927132f,0.012540658854828702f,-0.011056083402637272f,0.6550127342298581f,0.8088930853951135f,0.4737778958175303f,0.06045978396801786f,0.8079769808942494f,-0.6534445312733604f,0.7838234897525288f,0f,0f,0f,1f], start_interpolation: 0, interpolation_duration: 1 }
$data merge entity $(bone_neck_0) { transformation: [-0.9993199475775921f,0.004278325803064174f,-0.03662428568370119f,0.01042592388040132f,-0.0012856512078149333f,0.988599311988135f,0.15056476160628682f,0.46746729058069f,0.036850908733576285f,0.15050945573255187f,-0.9879215121964906f,0.717487674299415f,0f,0f,0f,1f], start_interpolation: 0, interpolation_duration: 1 }
$data merge entity $(bone_neck_1) { transformation: [-0.9998849871324687f,-0.007873335797380268f,-0.012962372102536958f,0.009291569358331038f,-0.010689883767936571f,0.9721522270334163f,0.2341063302411895f,0.4917777531886177f,0.010758201156835847f,0.2342179712519741f,-0.9721245820626482f,0.6362149759798806f,0f,0f,0f,1f], start_interpolation: 0, interpolation_duration: 1 }
$data merge entity $(bone_neck_2) { transformation: [-0.9998223234680269f,-0.011272259551490681f,-0.015108198423371676f,0.00785761539878419f,-0.01558288923310896f,0.9452461805832673f,0.3259859378192468f,0.5295911171228905f,0.010606368753951564f,0.32616344715088635f,-0.9452538868920382f,0.556596990083748f,0f,0f,0f,1f], start_interpolation: 0, interpolation_duration: 1 }
$data merge entity $(bone_body_0) { transformation: [-0.9998173453651882f,-0.014738474689543294f,-0.012167714277285281f,0.0019826148943169163f,-0.015789354240216005f,0.995694142471319f,0.09134479153723768f,0.5821268061561398f,0.010769038935064406f,0.09152022733871534f,-0.9957449853191754f,0.08817795711220094f,0f,0f,0f,1f], start_interpolation: 0, interpolation_duration: 1 }
$data merge entity $(bone_leg_left_3) { transformation: [-0.9845189821756696f,0.006657184564544623f,-0.17515152191590194f,0.18761502218387063f,0.0024482549320163907f,0.9997032832717404f,0.024235335019149318f,0.03523023616050852f,0.17526089062757533f,0.02343133178835871f,-0.9842431574093123f,-0.12169016491654526f,0f,0f,0f,1f], start_interpolation: 0, interpolation_duration: 1 }
$data merge entity $(bone_leg_left_2) { transformation: [-1.0101279838776889f,-0.05618062280395818f,-0.1689597387227174f,0.16773069723971495f,-0.0031591122535463314f,0.9788073118580569f,-0.30657538349265456f,0.2539093458710674f,0.17802717685134206f,-0.3014003705625756f,-0.9641194637739542f,-0.22146557603435613f,0f,0f,0f,1f], start_interpolation: 0, interpolation_duration: 1 }
$data merge entity $(bone_leg_left_1) { transformation: [-0.9428365130797445f,0.10573359519785919f,0.3160375238008355f,0.19847094418924513f,0.331266090890184f,0.40082217784247587f,0.8541688116385138f,0.31090092402016256f,-0.03636050920937113f,0.9100340590308418f,-0.4129357392789889f,0.04838694460853703f,0f,0f,0f,1f], start_interpolation: 0, interpolation_duration: 1 }
$data merge entity $(bone_leg_left_0) { transformation: [-0.9595168405830046f,0.25596719471449825f,-0.11750841615645562f,0.19696948293390756f,0.2814419290597391f,0.855286927371568f,-0.4350571369767826f,0.7148555747910227f,-0.010856942697713826f,-0.4505164448688774f,-0.8927021113999709f,-0.0570913199730544f,0f,0f,0f,1f], start_interpolation: 0, interpolation_duration: 1 }
$data merge entity $(bone_leg_right_3) { transformation: [-0.9854232498340911f,-0.012131436265829243f,0.16968749789111348f,-0.18365416932492792f,-0.008094212143525296f,0.9996679505499357f,0.024463695000283003f,0.032099616418941906f,-0.16992793300747847f,0.022733607224094565f,-0.9851942350046444f,-0.12283776876692079f,0f,0f,0f,1f], start_interpolation: 0, interpolation_duration: 1 }
$data merge entity $(bone_leg_right_2) { transformation: [-1.011729221422731f,0.048947323804986606f,0.16146312740802052f,-0.16568511061794222f,-0.002700432235111882f,0.9767649230090601f,-0.3130258652979696f,0.2501123898439475f,-0.1686976279791521f,-0.309187069865686f,-0.9633310259940625f,-0.2244183555871281f,0f,0f,0f,1f], start_interpolation: 0, interpolation_duration: 1 }
$data merge entity $(bone_leg_right_1) { transformation: [-0.9407017872728437f,-0.09944926601608535f,-0.32433006476510834f,-0.1942357820397069f,-0.33608750831037615f,0.4031429121008538f,0.8511879811067388f,0.3077965095000802f,0.046101346828485566f,0.909717338469321f,-0.4126609139582937f,0.04552754114151089f,0f,0f,0f,1f], start_interpolation: 0, interpolation_duration: 1 }
$data merge entity $(bone_leg_right_0) { transformation: [-0.9579887008655718f,-0.266577682393875f,0.10580164584449658f,-0.19612502421816616f,-0.28599566760476425f,0.8601968285366202f,-0.4222178280068778f,0.7131632358397058f,0.021543609846058562f,-0.43473872087157184f,-0.900298904503249f,-0.05438004868598549f,0f,0f,0f,1f], start_interpolation: 0, interpolation_duration: 1 }
$data merge entity $(bone_tail_4) { transformation: [-2.7513134687608978f,0.03657354292828474f,-0.23366194421117656f,-0.023476782063805518f,0.01360250013887167f,2.74819602488696f,0.26999057832724976f,0.6423755071642845f,0.23611543830263637f,0.26784756178316044f,-2.7382783852344104f,-1.8182099499346225f,0f,0f,0f,1f], start_interpolation: 0, interpolation_duration: 1 }
$data merge entity $(bone_tail_3) { transformation: [-2.0785387083934643f,0.008470455752893404f,-0.12470210557087928f,-0.002414803275884352f,0.018007024062739973f,2.07612673173341f,-0.1591196622381989f,0.6490397917894285f,0.12368553205155547f,-0.15991113534001555f,-2.0724564757793673f,-1.4652330614635245f,0f,0f,0f,1f], start_interpolation: 0, interpolation_duration: 1 }
$data merge entity $(bone_tail_2) { transformation: [-1.9533982365798592f,0.007055447856613305f,-0.05440059728546228f,0.006255397249647845f,0.01855464902644278f,1.9086942706432524f,-0.4187072738989675f,0.727344458952042f,0.05162295350886042f,-0.419058798824153f,-1.9080090850941607f,-1.1105998838101359f,0f,0f,0f,1f], start_interpolation: 0, interpolation_duration: 1 }
$data merge entity $(bone_tail_1) { transformation: [-1.5122608467177578f,0.009998350765563482f,0.024968269192287274f,0.0022050563015059504f,0.0065110011724129405f,1.4984352982442637f,-0.205683042177419f,0.7532821108395684f,-0.02609575345190484f,-0.2055430367528752f,-1.4982414096847623f,-0.7856575659264944f,0f,0f,0f,1f], start_interpolation: 0, interpolation_duration: 1 }
$data merge entity $(bone_tail_0) { transformation: [-1.278118125170269f,-0.004128101943938273f,0.015255604530955202f,-0.002352604369152853f,-0.004250014813586634f,1.2781680665351787f,-0.010200374886997763f,0.7871073697623904f,-0.01522209149061791f,-0.010250319414118416f,-1.278084087791796f,-0.41241904850258704f,0f,0f,0f,1f], start_interpolation: 0, interpolation_duration: 1 }
$data merge entity $(bone_body_1) { transformation: [-1.236326636025366f,-0.0033300949659617195f,-0.00948443872719408f,0.00007670030705327768f,-0.005322597198965803f,1.2064663508270719f,0.27021326639770354f,0.6430225f,0.008527254511845172f,0.2702451661839235f,-1.2064408112878824f,-0.1501413891578071f,0f,0f,0f,1f], start_interpolation: 0, interpolation_duration: 1 }