# This file was generated by Animated Java via MC-Build. It is not recommended to edit this file directly.
$data merge entity $(bone_head_lower) { transformation: [-0.9820848708010458f,0.1637281920277737f,-0.09328657823615355f,0.19217620004570882f,0.10263673998558098f,0.8799383531498357f,0.4638687252457176f,0.7519305667419535f,0.15803482574681366f,0.44598382682701754f,-0.8809786717395051f,0.8249653727650885f,0f,0f,0f,1f], start_interpolation: 0, interpolation_duration: 1 }
$data merge entity $(bone_head_upper) { transformation: [-1.022251732814779f,0.11867140107743984f,-0.15617437660194544f,0.18375734873651384f,0.10683453988568292f,1.0319218425292422f,0.08482708636971405f,0.7809830192972433f,0.1644983842720143f,0.0672781692741256f,-1.0256148751332175f,0.7558239637907759f,0f,0f,0f,1f], start_interpolation: 0, interpolation_duration: 1 }
$data merge entity $(bone_neck_0) { transformation: [-0.9769389192735464f,0.039067787417291194f,-0.20991440159015465f,0.16986541988659765f,0.11172151688810593f,0.9313292754257272f,-0.34661806559844843f,0.7434167248690792f,0.1819578266325909f,-0.36207663376874655f,-0.9142165282939467f,0.7025273964523231f,0f,0f,0f,1f], start_interpolation: 0, interpolation_duration: 1 }
$data merge entity $(bone_neck_1) { transformation: [-0.9717981055331695f,0.09521089418780744f,-0.2157390268590759f,0.15202811742506786f,0.11387483980484985f,0.9906012739524734f,-0.07577358974706186f,0.7415612835330774f,0.20649688361222962f,-0.09820387808887382f,-0.9735065666890711f,0.6196061999892004f,0f,0f,0f,1f], start_interpolation: 0, interpolation_duration: 1 }
$data merge entity $(bone_neck_2) { transformation: [-0.9717981055331695f,0.13612119411096765f,-0.19256028301793493f,0.1364911039966668f,0.11387483980484985f,0.9859424960104591f,0.1222698467328934f,0.7619260323807318f,0.20649688361222962f,0.09689383403741289f,-0.9736378289610401f,0.5352568750823685f,0f,0f,0f,1f], start_interpolation: 0, interpolation_duration: 1 }
$data merge entity $(bone_body_0) { transformation: [-0.9717981055331695f,0.07339600852095782f,-0.224101468124005f,0.031572111176501494f,0.11387483980484985f,0.978241813414666f,-0.17342282245023422f,0.6895114825705619f,0.20649688361222962f,-0.1940514890960056f,-0.9590114997423441f,0.08142976854892503f,0f,0f,0f,1f], start_interpolation: 0, interpolation_duration: 1 }
$data merge entity $(bone_leg_left_3) { transformation: [-0.9854702065224363f,-0.0331370412366223f,-0.1665845387624835f,0.3371415896375129f,-0.017174972654851496f,0.9951981185294804f,-0.09636246774386617f,0.028804582478443586f,0.16897778661981602f,-0.09210125609059289f,-0.9813072231750884f,-0.15355322497094667f,0f,0f,0f,1f], start_interpolation: 0, interpolation_duration: 1 }
$data merge entity $(bone_leg_left_2) { transformation: [-1.0003097860741288f,-0.14130522833386705f,-0.17741297537254377f,0.2971688316028772f,-0.08949192650883939f,0.9831179206763289f,-0.27844667107990795f,0.2492238571982668f,0.20840759696988403f,-0.25607457115313054f,-0.9711098223345662f,-0.2429321599226857f,0f,0f,0f,1f], start_interpolation: 0, interpolation_duration: 1 }
$data merge entity $(bone_leg_left_1) { transformation: [-0.9815463602864213f,0.03156240502181888f,0.18860158323226708f,0.31528873923502543f,0.15611984882093866f,0.7018022512118459f,0.6950540935769766f,0.39990931049752854f,-0.11042343688097367f,0.7116722664142701f,-0.6937789632182355f,-0.010598458598138169f,0f,0f,0f,1f], start_interpolation: 0, interpolation_duration: 1 }
$data merge entity $(bone_leg_left_0) { transformation: [-0.990363091395119f,0.12305041788989474f,0.06355739028174132f,0.24327327620565686f,0.10036353461337294f,0.9538866934321448f,-0.282891033815142f,0.809135158592418f,-0.09543640878728413f,-0.27378599443764795f,-0.9570439494232095f,-0.05128330713094177f,0f,0f,0f,1f], start_interpolation: 0, interpolation_duration: 1 }
$data merge entity $(bone_leg_right_3) { transformation: [-0.9739793199996379f,0.17704840739260205f,0.14148549626299525f,-0.30335328971012837f,0.20745773491719957f,0.9478201650631262f,0.2420706981911132f,0.35465088092492864f,-0.0912445748308786f,0.2651241145943749f,-0.9598873014184951f,-0.052266501071186425f,0f,0f,0f,1f], start_interpolation: 0, interpolation_duration: 1 }
$data merge entity $(bone_leg_right_2) { transformation: [-0.9925239641228428f,0.2516021544989628f,0.06045441252755685f,-0.24129710055020062f,0.25697831622998724f,0.9864973110857912f,0.11334637051444756f,0.5877062117726917f,-0.030340157055834097f,0.12482632163401176f,-1.0176247165816306f,-0.05457175949543652f,0f,0f,0f,1f], start_interpolation: 0, interpolation_duration: 1 }
$data merge entity $(bone_leg_right_1) { transformation: [-0.9938110426370178f,0.045869341735824f,-0.10117121636832173f,-0.24326245993940998f,-0.09778550730926382f,0.07086360322831481f,0.992681391130996f,0.5523620803578466f,0.05270299889943161f,0.996430807043932f,-0.06593967455776806f,0.22067415854290062f,0f,0f,0f,1f], start_interpolation: 0, interpolation_duration: 1 }
$data merge entity $(bone_leg_right_0) { transformation: [-0.9983862185764294f,-0.04400551293356352f,0.035895311505989444f,-0.14737457564222084f,-0.05480787147748711f,0.5811754663106263f,-0.8119305232485925f,0.8530194953032239f,0.014867944739112356f,-0.8125875904726085f,-0.5826494246364229f,-0.05267161341603277f,0f,0f,0f,1f], start_interpolation: 0, interpolation_duration: 1 }
$data merge entity $(bone_tail_4) { transformation: [-2.7357571963944305f,-0.08426044243959897f,0.36632509034458527f,0.18546468674843514f,0.37478135095046494f,-0.4048282530321374f,2.705792740792741f,1.9051004723094973f,-0.028858845365499815f,2.7303251811802256f,0.4124959438071355f,-1.3235095234087386f,0f,0f,0f,1f], start_interpolation: 0, interpolation_duration: 1 }
$data merge entity $(bone_tail_3) { transformation: [-2.0629120000546135f,0.07728419166235805f,0.2727026948788996f,0.13846810069868465f,0.2826058347909488f,0.7146288080564641f,1.9352997532378164f,1.5699519475580819f,-0.021761163048632907f,1.954297404813131f,-0.7184661657780953f,-1.2208085463375151f,0f,0f,0f,1f], start_interpolation: 0, interpolation_duration: 1 }
$data merge entity $(bone_tail_2) { transformation: [-1.9392615699607207f,0.15185594545887504f,0.18702462432805025f,0.10230278881556427f,0.24078252863994382f,1.2714049013600406f,1.4643521522168763f,1.2982126607086903f,-0.007887469683729583f,1.476226006961412f,-1.2804172910405152f,-0.9824363286440067f,0f,0f,0f,1f], start_interpolation: 0, interpolation_duration: 1 }
$data merge entity $(bone_tail_1) { transformation: [-1.5016247355730934f,0.1408052365564622f,0.1138125163297801f,0.07752501663146694f,0.18094790115566056f,1.1351102683589767f,0.9830761851114972f,1.0726172109416758f,0.006104144690209395f,0.9896235718819012f,-1.143793764361963f,-0.7484076294448708f,0f,0f,0f,1f], start_interpolation: 0, interpolation_duration: 1 }
$data merge entity $(bone_tail_0) { transformation: [-1.2702235420647128f,0.12489992729196273f,0.0690498220929286f,0.06036111148398164f,0.14264786814033012f,1.1302362829751524f,0.5797009978821482f,0.9304897207031907f,-0.004410837065870037f,0.5837822105828525f,-1.1371079947425418f,-0.4020305398743007f,0f,0f,0f,1f], start_interpolation: 0, interpolation_duration: 1 }
$data merge entity $(bone_body_1) { transformation: [-1.228631628675441f,0.13071282211686092f,0.04453172137734055f,0.041203673881427476f,0.13802119692017353f,1.1750178994991625f,0.35900930365876205f,0.7678792924826504f,-0.004366380114681747f,0.361734279612912f,-1.1822579417089454f,-0.1515375f,0f,0f,0f,1f], start_interpolation: 0, interpolation_duration: 1 }