# This file was generated by Animated Java via MC-Build. It is not recommended to edit this file directly.
$data merge entity $(bone_head_lower) { transformation: [-0.9999988453295994f,0.0014758599448725642f,-0.0003621835046123674f,0.0014864372637562403f,0.001272902532431238f,0.9436770277574617f,0.3308656026273905f,1.7943178610630803f,0.000830095543189268f,0.3308647595623724f,-0.9436778167473914f,0.8110903076083644f,0f,0f,0f,1f], start_interpolation: 0, interpolation_duration: 1 }
$data merge entity $(bone_head_upper) { transformation: [-0.9999988453295994f,-0.00011260896292499675f,-0.0015154730909394272f,0.0018482599703466519f,0.001272902532431238f,0.4826693543926344f,-0.8758017321570795f,1.7866841611404136f,0.000830095543189268f,-0.8758026499442778f,-0.4826686537283835f,0.7918626953616423f,0f,0f,0f,1f], start_interpolation: 0, interpolation_duration: 1 }
$data merge entity $(bone_neck_0) { transformation: [-0.9999988453295994f,-0.00016670404775424307f,-0.0015104798007106537f,0.001568090084216814f,0.001272902532431238f,0.45105745846181355f,-0.8924940049575194f,1.6114396500521238f,0.000830095543189268f,-0.8924948971146727f,-0.45105672544111275f,0.7223220489377125f,0f,0f,0f,1f], start_interpolation: 0, interpolation_duration: 1 }
$data merge entity $(bone_neck_1) { transformation: [-0.9999988453295994f,0.0001278241968803959f,-0.0015142656446556619f,0.0013049019735135302f,0.001272902532431238f,0.6147613803050358f,-0.7887121306310627f,1.4787232107289905f,0.000830095543189268f,-0.7887131474410846f,-0.6147608331660105f,0.608777631224101f,0f,0f,0f,1f], start_interpolation: 0, interpolation_duration: 1 }
$data merge entity $(bone_neck_2) { transformation: [-0.9999988453295994f,0.0006354988231791397f,-0.001380391507374076f,0.0010827308315964038f,0.001272902532431238f,0.8464688681079621f,-0.5324366958082142f,1.4787098092530733f,0.000830095543189268f,-0.5324378381231667f,-0.8464686996434764f,0.3411532252954462f,0f,0f,0f,1f], start_interpolation: 0, interpolation_duration: 1 }
$data merge entity $(bone_arm_right_2) { transformation: [-0.9389100017858001f,0.34063251327349053f,-0.04916807345803133f,-0.23700956471835305f,0.34175760994522386f,0.9396451740576562f,-0.0163915501001502f,1.3223350635915312f,0.040617048035489066f,-0.03219375360443205f,-0.9986560056584753f,0.9017653532457786f,0f,0f,0f,1f], start_interpolation: 0, interpolation_duration: 1 }
$data merge entity $(bone_arm_right_1) { transformation: [-0.8527068454890807f,-0.46596925687707236f,-0.23614336175613812f,-0.2567415902186754f,0.4379738688891553f,-0.3913131165492061f,-0.8093534054952836f,1.1338751544294798f,0.2847278100683641f,-0.7935658110465551f,0.5377577314290305f,0.6130835323391652f,0f,0f,0f,1f], start_interpolation: 0, interpolation_duration: 1 }
$data merge entity $(bone_arm_right_0) { transformation: [-0.8688786579442104f,0.2710926531085052f,-0.4141963920649957f,-0.15849985101839312f,0.4894778651732139f,0.5954061935707015f,-0.6371050809427921f,1.3038943761521848f,0.07390059048844655f,-0.7563069734494322f,-0.6500295875090756f,0.3593745287592025f,0f,0f,0f,1f], start_interpolation: 0, interpolation_duration: 1 }
$data merge entity $(bone_arm_left_2) { transformation: [-0.9807719087247003f,-0.1799764787626515f,0.07546476097295265f,0.3245181896490254f,-0.18767085415147636f,0.9758578416475328f,-0.11171894824547318f,1.1451970355006837f,-0.05353609584722541f,-0.1237333422615598f,-0.9908702974931789f,0.6991979846465608f,0f,0f,0f,1f], start_interpolation: 0, interpolation_duration: 1 }
$data merge entity $(bone_arm_left_1) { transformation: [-0.9299591196448712f,0.3213709554576373f,-0.17859659788915727f,0.28689638166949194f,0.021050175863255513f,-0.43842493026990315f,-0.8985212688712253f,1.0097575682939355f,-0.3670598396521501f,-0.8393475379758232f,0.40095234705443744f,0.38378645315036586f,0f,0f,0f,1f], start_interpolation: 0, interpolation_duration: 1 }
$data merge entity $(bone_arm_left_0) { transformation: [-0.9422601467192675f,-0.33257826523434014f,-0.03921113870192092f,0.16024978093041667f,-0.3307473648954534f,0.9425677757503257f,-0.04660653099939843f,1.3034886384699724f,0.05245947501927753f,-0.03094649593735871f,-0.9981434355191148f,0.3591099358048109f,0f,0f,0f,1f], start_interpolation: 0, interpolation_duration: 1 }
$data merge entity $(bone_finger_right_1_fire) { transformation: [0.000007220511510127012f,-0.000010754940028827112f,-0.00001048681344767006f,-1.618840867811174f,0.000007521366049084933f,-0.0000074832701432929995f,0.000012853306908961221f,2.4309560437872557f,-0.00001300273217695319f,-0.000010300956786464538f,0.00000161152815538367f,-0.08151539962991255f,0f,0f,0f,1f], start_interpolation: 0, interpolation_duration: 1 }
$data merge entity $(bone_finger_right_1_fire_s) { transformation: [0.000004332306906076207f,-0.000006452964017296267f,-0.000006292088068602036f,-1.618840867811174f,0.00000451281962945096f,-0.0000044899620859757995f,0.000007711984145376732f,2.4309560437872557f,-0.000007801639306171914f,-0.000006180574071878722f,9.66916893230202e-7f,-0.08151539962991255f,0f,0f,0f,1f], start_interpolation: 0, interpolation_duration: 1 }
$data merge entity $(bone_finger_right_1) { transformation: [0.8613088242016147f,-1.2829180782546823f,-1.2509342236441496f,-0.9440779440237317f,0.8971966790775648f,-0.892652355620906f,1.5332247092651115f,1.6459575868341179f,-1.551049111552909f,-1.2287640516129232f,0.19223339215435856f,-0.1598821180777456f,0f,0f,0f,1f], start_interpolation: 0, interpolation_duration: 1 }
$data merge entity $(bone_finger_right_2_fire) { transformation: [0.000010083287380584582f,0.000012938214501336785f,0.0000029508810372023144f,-0.6628485892232103f,-0.000002817130287763487f,-0.0000015346597160413738f,0.000016355010677939146f,2.2318989586138223f,0.00001296799407464729f,-0.000010393517347420763f,0.000001258453259582707f,-0.1481113111804882f,0f,0f,0f,1f], start_interpolation: 0, interpolation_duration: 1 }
$data merge entity $(bone_finger_right_2_fire_s) { transformation: [0.000006049972428350749f,0.00000776292870080207f,0.0000017705286223213885f,-0.6628485892232103f,-0.0000016902781726580922f,-9.207958296248243e-7f,0.000009813006406763487f,2.2318989586138223f,0.000007780796444788374f,-0.000006236110408452458f,7.550719557496242e-7f,-0.1481113111804882f,0f,0f,0f,1f], start_interpolation: 0, interpolation_duration: 1 }
$data merge entity $(bone_finger_right_2) { transformation: [0.7516117704993578f,0.964419037304719f,0.21995970532142348f,-0.7572987117917358f,-0.209989877645491f,-0.1143940723646246f,1.2191082201873211f,1.7056405950719633f,0.9666388171221348f,-0.7747364208078151f,0.09380554642793582f,-0.18939434563061747f,0f,0f,0f,1f], start_interpolation: 0, interpolation_duration: 1 }
$data merge entity $(bone_finger_film_right) { transformation: [1.177269652677277f,-0.031032286897628117f,-0.28167475938509695f,-0.8561480758981858f,0.33192935688742325f,-0.05655798431221795f,0.960240060637797f,1.743467930665668f,-0.12500743509169066f,-0.4424266839551535f,-0.10299611662906837f,-0.21756801196258224f,0f,0f,0f,1f], start_interpolation: 0, interpolation_duration: 1 }
$data merge entity $(bone_finger_right_0_fire) { transformation: [0.000015905250299385352f,-0.0000015642648175193212f,-0.000004727987549936161f,-1.0648519610084517f,0.000004680836187652699f,-7.061624525658931e-7f,0.00001598026548442563f,2.412402888395798f,-0.000001700165661352158f,-0.000016578063455935838f,-2.3457739171031763e-7f,-0.26185295559013955f,0f,0f,0f,1f], start_interpolation: 0, interpolation_duration: 1 }
$data merge entity $(bone_finger_right_0_fire_s) { transformation: [0.00000954315017963121f,-9.385588905115926e-7f,-0.0000028367925299616966f,-1.0648519610084517f,0.0000028085017125916196f,-4.236974715395359e-7f,0.000009588159290655378f,2.412402888395798f,-0.0000010200993968112948f,-0.000009946838073561503f,-1.4074643502619057e-7f,-0.26185295559013955f,0f,0f,0f,1f], start_interpolation: 0, interpolation_duration: 1 }
$data merge entity $(bone_fire_large_right) { transformation: [0.00002544840047901656f,-0.0000025028237080309133f,-0.000007564780079897858f,-1.0551062559967554f,0.0000074893379002443185f,-0.000001129859924105429f,0.000025568424775081008f,2.423402835865304f,-0.000002720265058163453f,-0.00002652490152949734f,-3.753238267365082e-7f,-0.15391803455822797f,0f,0f,0f,1f], start_interpolation: 0, interpolation_duration: 1 }
$data merge entity $(bone_finger_right_0) { transformation: [1.3957489371410046f,-0.13727045568997007f,-0.4148997012574091f,-0.8596905001021755f,0.41076198179037027f,-0.06196856220840607f,1.4023318178136497f,1.7418472055204055f,-0.14919629494215575f,-1.454790966060607f,-0.02058509856771242f,-0.1809553499102352f,0f,0f,0f,1f], start_interpolation: 0, interpolation_duration: 1 }
$data merge entity $(bone_wing_right_1_model) { transformation: [-0.6636079251036501f,-0.6256633838084781f,0.44625882057702027f,-0.5696833156794615f,-0.7138883033413828f,0.7201721686950171f,-0.05189046956155172f,1.3756239129384256f,-0.2845436612083113f,-0.3476700456471355f,-0.9105698914788083f,0.011606838341505304f,0f,0f,0f,1f], start_interpolation: 0, interpolation_duration: 1 }
$data merge entity $(bone_wing_right_0) { transformation: [-0.5762152496476904f,-0.030828385712913936f,-0.8167163502145559f,-0.17343903729452137f,0.3253759755821594f,0.9080312095703852f,-0.26383668615281997f,1.5455778811664749f,0.7497375944871698f,-0.4177666012027282f,-0.5131906140335314f,0.1923051196900623f,0f,0f,0f,1f], start_interpolation: 0, interpolation_duration: 1 }
$data merge entity $(bone_finger_left_1_fire) { transformation: [0.000007631104072102707f,0.000012956770382277139f,0.000007187915530907493f,1.3422388521894928f,-0.000001539576709405515f,-0.000007348070201033288f,0.000014879964571675585f,2.614418008564041f,0.000014736815530309509f,-0.000007477014334573019f,-0.000002167556791411954f,-0.2803795923683443f,0f,0f,0f,1f], start_interpolation: 0, interpolation_duration: 1 }
$data merge entity $(bone_finger_left_1_fire_s) { transformation: [0.000004578662443261624f,0.000007774062229366283f,0.000004312749318544495f,1.3422388521894928f,-9.23746025643309e-7f,-0.0000044088421206199726f,0.000008927978743005351f,2.614418008564041f,0.000008842089318185705f,-0.000004486208600743811f,-0.0000013005340748471723f,-0.2803795923683443f,0f,0f,0f,1f], start_interpolation: 0, interpolation_duration: 1 }
$data merge entity $(bone_finger_left_1) { transformation: [0.9102869327864723f,1.5455664945284637f,0.8574205671860435f,0.8682972611359872f,-0.18365056318883f,-0.876524841228537f,1.7749774058827223f,1.7032590245552788f,1.757901672074712f,-0.8919061227196109f,-0.2585600464430829f,-0.12925845742337017f,0f,0f,0f,1f], start_interpolation: 0, interpolation_duration: 1 }
$data merge entity $(bone_finger_left_2_fire) { transformation: [0.000010224070216717119f,-0.00001137778278114269f,-0.000006617569415317725f,0.46344402435028825f,0.0000012883033651976334f,-0.000007474174178523622f,0.000014840982870621778f,2.183767877920826f,-0.00001309910074854897f,-0.000009615641274090953f,-0.0000037055067460659373f,-0.29587445773870935f,0f,0f,0f,1f], start_interpolation: 0, interpolation_duration: 1 }
$data merge entity $(bone_finger_left_2_fire_s) { transformation: [0.0000061344421300302715f,-0.000006826669668685614f,-0.000003970541649190635f,0.46344402435028825f,7.7298201911858e-7f,-0.000004484504507114173f,0.000008904589722373066f,2.183767877920826f,-0.000007859460449129382f,-0.000005769384764454572f,-0.0000022233040476395623f,-0.29587445773870935f,0f,0f,0f,1f], start_interpolation: 0, interpolation_duration: 1 }
$data merge entity $(bone_finger_left_2) { transformation: [0.7621057723786697f,-0.8481039107303493f,-0.4932759403670785f,0.6759566324411173f,0.09603058374800938f,-0.5571275592281131f,1.106252057520152f,1.705881437721934f,-0.9764115544821022f,-0.7167532660451854f,-0.27620976977911604f,-0.17740116344484877f,0f,0f,0f,1f], start_interpolation: 0, interpolation_duration: 1 }
$data merge entity $(bone_finger_film_left) { transformation: [1.2074276687561714f,0.07885002414057247f,0.06780395908754101f,0.765836624800552f,0.00705067703569381f,-0.1719993624074087f,0.9285519243543744f,1.7563632998083127f,0.23202694796543044f,-0.4050951395901797f,-0.381056152133571f,-0.2144015438579323f,0f,0f,0f,1f], start_interpolation: 0, interpolation_duration: 1 }
$data merge entity $(bone_finger_left_0_fire) { transformation: [0.00001635558124880815f,0.0000030293052102603843f,0.0000010469239392153257f,0.8229535092478463f,-8.377812575504387e-8f,-0.000005038105740432427f,0.000015886731871333533f,2.414059705901421f,0.0000032040163883878343f,-0.000015595466593503674f,-0.00000492884149589242f,-0.45349471500438976f,0f,0f,0f,1f], start_interpolation: 0, interpolation_duration: 1 }
$data merge entity $(bone_finger_left_0_fire_s) { transformation: [0.00000981334874928489f,0.0000018175831261562305f,6.281543635291954e-7f,0.8229535092478463f,-5.026687545302632e-8f,-0.0000030228634442594558f,0.000009532039122800119f,2.414059705901421f,0.0000019224098330327006f,-0.000009357279956102204f,-0.000002957304897535452f,-0.45349471500438976f,0f,0f,0f,1f], start_interpolation: 0, interpolation_duration: 1 }
$data merge entity $(bone_fire_large_left) { transformation: [0.00002616892999809304f,0.000004846888336416614f,0.000001675078302744521f,0.8022285616738907f,-1.3404500120807019e-7f,-0.000008060969184691882f,0.00002541877099413365f,2.4529078587214252f,0.000005126426221420535f,-0.000024952746549605874f,-0.000007886146393427871f,-0.35385926770172416f,0f,0f,0f,1f], start_interpolation: 0, interpolation_duration: 1 }
$data merge entity $(bone_finger_left_0) { transformation: [1.4352672680183793f,0.2658335736885595f,0.09187173718880319f,0.7666527175323016f,-0.007351863553054975f,-0.4421138051932636f,1.394123871468706f,1.7661980877091783f,0.28116517404617625f,-1.3685641855596564f,-0.432525433409506f,-0.17892939307178676f,0f,0f,0f,1f], start_interpolation: 0, interpolation_duration: 1 }
$data merge entity $(bone_wing_left_1_model) { transformation: [-0.8075040002259088f,0.5023367065431505f,-0.35576987775860924f,0.5375272450466858f,0.5625065836685957f,0.8405187144026743f,-0.08995397217578001f,1.3432713064192294f,0.2500014319768601f,-0.26863210351723843f,-0.9467381686671683f,-0.024209262136466913f,0f,0f,0f,1f], start_interpolation: 0, interpolation_duration: 1 }
$data merge entity $(bone_wing_left_0) { transformation: [-0.6685691548848168f,0.0689255641812216f,0.7404488852978993f,0.17552680976447899f,-0.2712721037287513f,0.9044794803619731f,-0.3291326713389492f,1.5451336811431169f,-0.6924064780713561f,-0.4209110787404334f,-0.5860094990001319f,0.19201544436121382f,0f,0f,0f,1f], start_interpolation: 0, interpolation_duration: 1 }
$data merge entity $(bone_body_0) { transformation: [-0.9999988453295994f,0.0006461847147156054f,-0.0013754216743822444f,0.0003203175392363423f,0.001272902532431238f,0.8505724858770058f,-0.525856278833061f,1.0908000340629471f,0.000830095543189268f,-0.5258574224201132f,-0.8505723262762926f,0.01752653071336982f,0f,0f,0f,1f], start_interpolation: 0, interpolation_duration: 1 }
$data merge entity $(bone_leg_right_3) { transformation: [-0.9737605130687182f,-0.22098849341904495f,-0.0543557629375895f,-0.1794043982416591f,-0.11621830375618203f,0.2775341715132438f,0.9536603638164338f,0.19346922811061937f,-0.19566238539939784f,0.9349539397311709f,-0.29593472510163327f,-0.4183805324926673f,0f,0f,0f,1f], start_interpolation: 0, interpolation_duration: 1 }
$data merge entity $(bone_leg_right_2) { transformation: [-0.8944161737432788f,0.2855238322976623f,0.344232260743367f,-0.12739092047740172f,0.23658541358065904f,0.9552398798142905f,-0.17760662739112093f,0.3566636915836289f,-0.3795353082748711f,-0.07741390832683975f,-0.9219327722617643f,-0.4227602729118344f,0f,0f,0f,1f], start_interpolation: 0, interpolation_duration: 1 }
$data merge entity $(bone_leg_right_1) { transformation: [-0.9271252328499063f,0.3348152028646105f,0.168337703868553f,-0.1905832256417649f,0.1696415326057253f,0.7755016031286546f,-0.6081274652242469f,0.541207820157951f,-0.3341564798536571f,-0.535253251718863f,-0.7757856685297788f,-0.1677344554209099f,0f,0f,0f,1f], start_interpolation: 0, interpolation_duration: 1 }
$data merge entity $(bone_leg_right_0) { transformation: [-0.9271252328499063f,0.2722137090340388f,0.25756261224591304f,-0.09377067636154456f,0.1696415326057253f,0.917692963321328f,-0.3592511315023246f,0.8805743424681488f,-0.3341564798536571f,-0.2893774726623541f,-0.89699505310083f,-0.1904777681879363f,0f,0f,0f,1f], start_interpolation: 0, interpolation_duration: 1 }
$data merge entity $(bone_leg_left_3) { transformation: [-0.9660009279349236f,0.24356542199780812f,0.0867069341857728f,0.17393574051690944f,0.13164390051283437f,0.17474480394691494f,0.9757736094767684f,0.20224582187064863f,0.2225131247514027f,0.954012651226693f,-0.20086754494637227f,-0.4214701325032126f,0f,0f,0f,1f], start_interpolation: 0, interpolation_duration: 1 }
$data merge entity $(bone_leg_left_2) { transformation: [-0.8948454627351985f,-0.2560587272875819f,-0.36563031329758783f,0.12711115227290737f,-0.23586874141503164f,0.9666566372880753f,-0.09970397389371999f,0.3668493626652114f,0.3789690418035718f,-0.0029788868347784825f,-0.9254045556337555f,-0.4130946207464308f,0f,0f,0f,1f], start_interpolation: 0, interpolation_duration: 1 }
$data merge entity $(bone_leg_left_1) { transformation: [-0.9269980615616292f,-0.32843608959538406f,-0.1811196535781654f,0.1943093578508108f,-0.16728141164366728f,0.794255018246259f,-0.5841026410735848f,0.5434046677506532f,0.3356955811140261f,-0.5111640647012738f,-0.7912141150021202f,-0.15347837352092936f,0f,0f,0f,1f], start_interpolation: 0, interpolation_duration: 1 }
$data merge entity $(bone_leg_left_0) { transformation: [-0.9269980615616292f,-0.2815655449134656f,-0.2477810278826145f,0.09353035736724603f,-0.16728141164366728f,0.9016641414149218f,-0.39877149522626876f,0.8803359262326963f,0.3356955811140261f,-0.32821124295806114f,-0.8829415930946061f,-0.19063324612079507f,0f,0f,0f,1f], start_interpolation: 0, interpolation_duration: 1 }
$data merge entity $(bone_tail_3) { transformation: [-2.442231346691163f,0.0034859298659051853f,0.0012737213453104454f,-0.0017197464114265203f,0.0031087260555400942f,1.4635931467042333f,1.9550941567036462f,0.35835388455147504f,0.002027287697174556f,1.955093520537419f,-1.4635958939855025f,-1.3169331535571804f,0f,0f,0f,1f], start_interpolation: 0, interpolation_duration: 1 }
$data merge entity $(bone_tail_2) { transformation: [-1.1562486649123493f,0.0016411676541553178f,-0.0006276600518323133f,-0.001470990343081012f,0.0014717935531236188f,1.130220090597706f,0.24395582209295721f,0.2527344324123315f,0.0009597979718125911f,0.24395474145432083f,-1.1302208746124842f,-0.8553006916554033f,0f,0f,0f,1f], start_interpolation: 0, interpolation_duration: 1 }
$data merge entity $(bone_tail_1) { transformation: [-1.3854150669670493f,0.001307364547120806f,-0.0016502413172904858f,-0.0009833056087242883f,0.0017635003834724444f,1.3137971814673288f,-0.4396739659255237f,0.37786025691867514f,0.0011500282004601318f,-0.4396755588433613f,-1.3137973286122537f,-0.45967009822617855f,0f,0f,0f,1f], start_interpolation: 0, interpolation_duration: 1 }
$data merge entity $(bone_tail_0) { transformation: [-1.1979152834677493f,-0.000010596384447840358f,-0.0018203845407597842f,-0.00044285665927355495f,0.0015248311586415872f,0.6484992639553923f,-1.007199443912193f,0.6873316163165455f,0.000994385286112144f,-1.0072005981008993f,-0.6484985016643228f,-0.2831585514289282f,0f,0f,0f,1f], start_interpolation: 0, interpolation_duration: 1 }
$data merge entity $(bone_body_1) { transformation: [-1.0208321546072994f,0.00006181521377647767f,-0.0015500784310945538f,1.594597875189239e-17f,0.001299421335190222f,0.5912503845938898f,-0.8321790604588748f,0.9354992733849123f,0.0008473892003390443f,-0.8321800726651061f,-0.5912497805793134f,-0.1302087978590611f,0f,0f,0f,1f], start_interpolation: 0, interpolation_duration: 1 }