# This file was generated by Animated Java via MC-Build. It is not recommended to edit this file directly.
$data merge entity $(bone_head_lower) { transformation: [-0.9991898198018985f,0.04019927730988047f,0.0019292765516909908f,-0.01428387759178087f,-0.014097414374703122f,-0.39449936090802706f,0.9187880697696865f,0.4413175361007447f,0.03769571477233836f,0.9180164880583144f,0.39474645120745644f,0.2597735985389182f,0f,0f,0f,1f], start_interpolation: 0, interpolation_duration: 1 }
$data merge entity $(bone_head_upper) { transformation: [-0.9991898198018985f,0.040183644078450764f,-0.00223131190692022f,-0.013403699987919541f,-0.014097414374703122f,-0.29753314671321246f,0.9546074007228742f,0.45264985408596886f,0.03769571477233836f,0.9538654524383982f,0.2978585767311259f,0.27706258981539383f,0f,0f,0f,1f], start_interpolation: 0, interpolation_duration: 1 }
$data merge entity $(bone_neck_0) { transformation: [-0.9995654422103996f,0.029470970830200168f,0.0006233915732589725f,-0.013786455359001687f,-0.010739741183823134f,-0.3837908009556761f,0.9233576116874249f,0.6325474585098547f,0.02745149719109347f,0.9229496643805262f,0.383940532272696f,0.33348354414682874f,0f,0f,0f,1f], start_interpolation: 0, interpolation_duration: 1 }
$data merge entity $(bone_neck_1) { transformation: [-0.9997015887191593f,0.02375304096683284f,0.0057032058718491626f,-0.012602177720691632f,0.007648738403959583f,0.08263889064347232f,0.9965502047333311f,0.8070818884640676f,0.023199791232175512f,0.9962964452400921f,-0.08279591106292214f,0.32697297001324066f,0f,0f,0f,1f], start_interpolation: 0, interpolation_duration: 1 }
$data merge entity $(bone_neck_2) { transformation: [-0.9997015887191593f,0.0208434286371299f,0.01273911280417938f,-0.00674640850265836f,0.007648738403959583f,-0.22818627766505806f,0.9735874482994289f,0.9951290227716081f,0.023199791232175512f,0.973394356963309f,0.22795875837258256f,0.517306512600637f,0f,0f,0f,1f], start_interpolation: 0, interpolation_duration: 1 }
$data merge entity $(bone_arm_right_2) { transformation: [-0.9612799850312905f,0.02735245638770578f,0.27421275227056907f,-0.5667387782348225f,-0.21305553403535582f,-0.704876999189112f,-0.6765764963631701f,0.8642443485369641f,0.1747802328501458f,-0.7088019886708221f,0.683411743432272f,-0.0031933548639653253f,0f,0f,0f,1f], start_interpolation: 0, interpolation_duration: 1 }
$data merge entity $(bone_arm_right_1) { transformation: [-0.954577397835237f,-0.1869912453204777f,-0.2319833306847811f,-0.4843456226232129f,-0.28332899363302144f,0.32864041028344726f,0.9009551387808535f,1.0104534783099939f,-0.09223162640334848f,0.9257590155662675f,-0.3666927490267141f,0.29859786799224425f,0f,0f,0f,1f], start_interpolation: 0, interpolation_duration: 1 }
$data merge entity $(bone_arm_right_0) { transformation: [-0.18696655529770265f,0.9742920050929087f,0.12569246601189252f,-0.16691575347751303f,0.2021613612238404f,-0.08705043569342019f,0.9754757842579742f,0.9939134099806552f,0.9613398416939949f,0.20779150718358394f,-0.18068867788032428f,0.34208278362551625f,0f,0f,0f,1f], start_interpolation: 0, interpolation_duration: 1 }
$data merge entity $(bone_arm_left_2) { transformation: [-0.9938432865769613f,0.015729203542283687f,-0.10967275815729746f,0.45580346031298713f,0.04018304406670603f,-0.8713035948525146f,-0.4890964818587615f,0.9640029825196046f,-0.10325136655481487f,-0.4904922402576929f,0.8653071810354704f,-0.07661911093678855f,0f,0f,0f,1f], start_interpolation: 0, interpolation_duration: 1 }
$data merge entity $(bone_arm_left_1) { transformation: [-0.9632263029143107f,0.14420735349373942f,-0.2267142002000764f,0.3578870352195327f,-0.06412000251328903f,0.696026082529632f,0.7151477593589661f,1.1730936275516823f,0.26092856235323214f,0.7033860473714173f,-0.6611840543384949f,0.18016320888032714f,0f,0f,0f,1f], start_interpolation: 0, interpolation_duration: 1 }
$data merge entity $(bone_arm_left_0) { transformation: [-0.7711677667606611f,-0.5813897641837541f,-0.25939587046006224f,0.15175565669575208f,0.2294214656169499f,-0.6338632095101698f,0.738636055675349f,0.98696075467488f,-0.5938569412102086f,0.5101013367281302f,0.6221981675034324f,0.34075786008746456f,0f,0f,0f,1f], start_interpolation: 0, interpolation_duration: 1 }
$data merge entity $(bone_finger_right_1_fire) { transformation: [0.000005529935711770525f,-0.000014703602903847555f,-0.000005567912575411778f,-1.4017107023945343f,-0.000003515346680464806f,0.000004596555253360319f,-0.0000156298367008977f,0.431202817148825f,0.000015324487806044545f,0.000006360308107831665f,-0.0000015761763967337715f,0.7218109961590221f,0f,0f,0f,1f], start_interpolation: 0, interpolation_duration: 1 }
$data merge entity $(bone_finger_right_1_fire_s) { transformation: [0.000003317961427062315f,-0.000008822161742308533f,-0.000003340747545247067f,-1.4017107023945343f,-0.0000021092080082788834f,0.0000027579331520161913f,-0.000009377902020538619f,0.431202817148825f,0.000009194692683626726f,0.000003816184864698999f,-9.457058380402629e-7f,0.7218109961590221f,0f,0f,0f,1f], start_interpolation: 0, interpolation_duration: 1 }
$data merge entity $(bone_finger_right_1) { transformation: [0.6596461232885436f,-1.753939857429521f,-0.6641762466355995f,-1.0248995089593165f,-0.419333050264597f,0.5483065285744403f,-1.8644269526379629f,1.394836229402521f,1.8280029822269517f,0.758698257074051f,-0.18801640813134332f,0.8060303204705543f,0f,0f,0f,1f], start_interpolation: 0, interpolation_duration: 1 }
$data merge entity $(bone_finger_right_2_fire) { transformation: [0.000011792557059922167f,0.000008861730777413794f,0.000007757776962177684f,-0.5933942511866678f,0.000004635870989610092f,0.000006599362414075919f,-0.000014585434298407145f,0.9317995304923661f,-0.000010826914423507242f,0.000012477817162232223f,0.0000022044910319009064f,0.9542059629917115f,0f,0f,0f,1f], start_interpolation: 0, interpolation_duration: 1 }
$data merge entity $(bone_finger_right_2_fire_s) { transformation: [0.0000070755342359533f,0.000005317038466448276f,0.000004654666177306611f,-0.5933942511866678f,0.000002781522593766055f,0.000003959617448445551f,-0.000008751260579044287f,0.9317995304923661f,-0.000006496148654104345f,0.000007486690297339334f,0.0000013226946191405439f,0.9542059629917115f,0f,0f,0f,1f], start_interpolation: 0, interpolation_duration: 1 }
$data merge entity $(bone_finger_right_2) { transformation: [0.8790213306415691f,0.6605565137541961f,0.5782674099826612f,-0.8427558779326061f,0.34555944612038253f,0.49191878412206386f,-1.0872033775052727f,1.4013548088859635f,-0.8070419905482779f,0.9301008585087965f,0.1643235330897547f,0.8841374292286475f,0f,0f,0f,1f], start_interpolation: 0, interpolation_duration: 1 }
$data merge entity $(bone_finger_film_right) { transformation: [1.1507998327881939f,-0.15737238921826435f,-0.009476113645748248f,-0.9302742480161365f,0.0768909889674882f,0.08606785040658847f,-0.9851653263350172f,1.3367305192547914f,0.42604613902374966f,0.40954784254496474f,0.2033945112985898f,0.8967903207772905f,0f,0f,0f,1f], start_interpolation: 0, interpolation_duration: 1 }
$data merge entity $(bone_finger_right_0_fire) { transformation: [0.00001560136619237596f,-0.0000058602390572242765f,1.8096657522687749e-7f,-0.9414185070867735f,8.548763684101606e-7f,0.0000017647878189165387f,-0.000016550905960904846f,0.6437766125119077f,0.000005800373876216952f,0.000015502286925617287f,0.0000019525728538809984f,1.0094097426598703f,0f,0f,0f,1f], start_interpolation: 0, interpolation_duration: 1 }
$data merge entity $(bone_finger_right_0_fire_s) { transformation: [0.000009360819715425576f,-0.0000035161434343345656f,1.0857994513612649e-7f,-0.9414185070867735f,5.129258210460963e-7f,0.0000010588726913499232f,-0.000009930543576542908f,0.6437766125119077f,0.0000034802243257301714f,0.000009301372155370371f,0.000001171543712328599f,1.0094097426598703f,0f,0f,0f,1f], start_interpolation: 0, interpolation_duration: 1 }
$data merge entity $(bone_fire_large_right) { transformation: [0.000024962185907801536f,-0.000009376382491558842f,2.8954652036300393e-7f,-0.9018240910585409f,0.000001367802189456257f,0.0000028236605102664616f,-0.000026481449537447752f,0.626113360459196f,0.000009280598201947124f,0.000024803659080987655f,0.000003124116566209597f,0.9094786837493518f,0f,0f,0f,1f], start_interpolation: 0, interpolation_duration: 1 }
$data merge entity $(bone_finger_right_0) { transformation: [1.3690818988116051f,-0.5142592717216827f,0.015880536318295026f,-0.9247084807142064f,0.07501879946155601f,0.15486714614150643f,-1.4524077879205948f,1.3335854560457976f,0.5090058641241956f,1.360387299313446f,0.17134602940515176f,0.8605302414399659f,0f,0f,0f,1f], start_interpolation: 0, interpolation_duration: 1 }
$data merge entity $(bone_wing_right_1_model) { transformation: [-0.6709247354629614f,-0.6713340251323101f,0.36075990504135297f,-0.6098826948489405f,0.4059340404253036f,0.09199908297918342f,0.9261375743359177f,1.2692934137852898f,-0.6450229741720702f,0.7561903718459262f,0.20760194449854447f,0.47058778254767486f,0f,0f,0f,1f], start_interpolation: 0, interpolation_duration: 1 }
$data merge entity $(bone_wing_right_0) { transformation: [-0.4336469567975279f,0.004509615685211917f,-0.901071573309587f,-0.17773344742842642f,-0.8264812981288832f,0.39641084280415917f,0.3997337958573086f,1.1423790685236563f,0.3589971875982305f,0.9180621477185886f,-0.16817524259799055f,0.5958291315012526f,0f,0f,0f,1f], start_interpolation: 0, interpolation_duration: 1 }
$data merge entity $(bone_finger_left_1_fire) { transformation: [0.000006154680929139064f,0.000014131530052306525f,0.000006340152901865023f,1.4220429883441144f,-0.000008692817416042964f,0.000008798151181353214f,-0.000011171626512695954f,0.6326967585756308f,-0.000012819227972448652f,8.186403047667898e-7f,0.000010619557430494888f,1.3991311250160867f,0f,0f,0f,1f], start_interpolation: 0, interpolation_duration: 1 }
$data merge entity $(bone_finger_left_1_fire_s) { transformation: [0.000003692808557483438f,0.000008478918031383914f,0.0000038040917411190138f,1.4220429883441144f,-0.000005215690449625778f,0.000005278890708811929f,-0.0000067029759076175726f,0.6326967585756308f,-0.00000769153678346919f,4.911841828600738e-7f,0.000006371734458296933f,1.3991311250160867f,0f,0f,0f,1f], start_interpolation: 0, interpolation_duration: 1 }
$data merge entity $(bone_finger_left_1) { transformation: [0.734169731185654f,1.6856993464314567f,0.7562940151130318f,0.9983729072326321f,-1.0369348954170672f,1.049499781079372f,-1.3326231088440545f,1.3095160438475855f,-1.5291595556126985f,0.09765265485053318f,1.2667687754769854f,0.7357396563098513f,0f,0f,0f,1f], start_interpolation: 0, interpolation_duration: 1 }
$data merge entity $(bone_finger_left_2_fire) { transformation: [0.000011410914264166077f,-0.000009786005036434388f,-0.000007197424460215596f,0.5810332006752356f,0.000005791098471621131f,0.000013062698353767938f,-0.000008579444503476543f,1.0826244721490108f,0.000010678576306119478f,0.000003373098712330717f,0.000012343742986996865f,1.1794778415974687f,0f,0f,0f,1f], start_interpolation: 0, interpolation_duration: 1 }
$data merge entity $(bone_finger_left_2_fire_s) { transformation: [0.000006846548558499646f,-0.0000058716030218606326f,-0.000004318454676129358f,0.5810332006752356f,0.000003474659082972679f,0.000007837619012260763f,-0.000005147666702085925f,1.0826244721490108f,0.000006407145783671687f,0.00000202385922739843f,0.000007406245792198118f,1.1794778415974687f,0f,0f,0f,1f], start_interpolation: 0, interpolation_duration: 1 }
$data merge entity $(bone_finger_left_2) { transformation: [0.8505735430709317f,-0.7294522405175818f,-0.5364985383630315f,0.8123092353312613f,0.43167050695910414f,0.9736981072342856f,-0.6395147960947175f,1.359470798737808f,0.7959848153598529f,0.2514319586016809f,0.9201069225607915f,0.7826901313134318f,0f,0f,0f,1f], start_interpolation: 0, interpolation_duration: 1 }
$data merge entity $(bone_finger_film_left) { transformation: [1.1736708356475853f,0.13185142729059937f,0.04323237375219965f,0.9018722162220987f,-0.28912959332477417f,0.372851458319886f,-0.5022641236473949f,1.3319827390218413f,-0.22509695626757598f,0.2085669442775563f,0.8705581865248665f,0.8394240594689197f,0f,0f,0f,1f], start_interpolation: 0, interpolation_duration: 1 }
$data merge entity $(bone_finger_left_0_fire) { transformation: [0.000015904258058093912f,0.00000496164927511734f,4.6302253731360174e-7f,0.9383312120728527f,-0.000003813388470956451f,0.000013114942731200321f,-0.000009551655526906856f,0.9563395493657489f,-0.0000032078687268822505f,0.000009008778574581648f,0.000013650247785407677f,1.4315012345501559f,0f,0f,0f,1f], start_interpolation: 0, interpolation_duration: 1 }
$data merge entity $(bone_finger_left_0_fire_s) { transformation: [0.000009542554834856347f,0.0000029769895650704035f,2.7781352238816104e-7f,0.9383312120728527f,-0.0000022880330825738706f,0.000007868965638720193f,-0.000005730993316144113f,0.9563395493657489f,-0.0000019247212361293503f,0.000005405267144748989f,0.000008190148671244606f,1.4315012345501559f,0f,0f,0f,1f], start_interpolation: 0, interpolation_duration: 1 }
$data merge entity $(bone_fire_large_left) { transformation: [0.00002544681289295026f,0.000007938638840187741f,7.408360597017628e-7f,0.9048165912809415f,-0.000006101421553530322f,0.000020983908369920514f,-0.000015282648843050967f,0.8674971543912584f,-0.000005132589963011601f,0.000014414045719330636f,0.00002184039645665228f,1.3781184298557332f,0f,0f,0f,1f], start_interpolation: 0, interpolation_duration: 1 }
$data merge entity $(bone_finger_left_0) { transformation: [1.3956618640235217f,0.43540444644741505f,0.04063206816385437f,0.8983447707608284f,-0.3346399965456006f,1.1508883565601846f,-0.838195740316796f,1.3025189923984444f,-0.28150323206210687f,0.7905561298143736f,1.1978635029044706f,0.8176271031394939f,0f,0f,0f,1f], start_interpolation: 0, interpolation_duration: 1 }
$data merge entity $(bone_wing_left_1_model) { transformation: [-0.7338788260117789f,0.6783794559397336f,-0.17944432432463228f,0.5761519116871462f,-0.2729196756180193f,-0.036729443513277144f,0.9773141161784171f,1.299004768337472f,0.6464625297988802f,0.7546054232378374f,0.2088873759419557f,0.42841857910404735f,0f,0f,0f,1f], start_interpolation: 0, interpolation_duration: 1 }
$data merge entity $(bone_wing_left_0) { transformation: [-0.5355794923516816f,0.05585744650674804f,0.8426354805264614f,0.17114676273745968f,0.7896650403695831f,0.3867731622566829f,0.4762726582285306f,1.1347673287602085f,-0.2993054149032722f,0.9204816492617934f,-0.25125644664738184f,0.5943786104075721f,0f,0f,0f,1f], start_interpolation: 0, interpolation_duration: 1 }
$data merge entity $(bone_body_0) { transformation: [-0.9997534436808317f,0.013714947000427673f,0.017462877113847117f,-0.0005684190957394048f,0.02181225193968703f,0.45937060679359815f,0.8879768416346235f,1.3473041961504075f,0.0041566228644760285f,0.8881388100082424f,-0.45955649994696574f,0.1551693947699683f,0f,0f,0f,1f], start_interpolation: 0, interpolation_duration: 1 }
$data merge entity $(bone_leg_right_3) { transformation: [-0.9984236592452024f,-0.035673414670877174f,0.043331329833500756f,-0.22549430993078198f,0.052961722599741703f,-0.3432195099347202f,0.9377608564764468f,1.4650107699072241f,-0.0185809741049274f,0.9385775276906485f,0.34456780452535285f,-0.562187177207041f,0f,0f,0f,1f], start_interpolation: 0, interpolation_duration: 1 }
$data merge entity $(bone_leg_right_2) { transformation: [-0.9023701264620435f,0.3887018434885181f,0.18611564076536669f,-0.15466598833419315f,0.3846969291336582f,0.5318472070038466f,0.7544182004149562f,1.5482823156093097f,0.19425866154179217f,0.7523625623798909f,-0.6294554369811703f,-0.43025456016443375f,0f,0f,0f,1f], start_interpolation: 0, interpolation_duration: 1 }
$data merge entity $(bone_leg_right_1) { transformation: [-0.9300060858624208f,0.27648213080949563f,0.24217000557851975f,-0.24070190891505294f,0.34723741746477865f,0.4449604082711768f,0.8254916177548619f,1.278689966298987f,0.12047761688899057f,0.8518027156649528f,-0.5098208287374701f,-0.2785780755885402f,0f,0f,0f,1f], start_interpolation: 0, interpolation_duration: 1 }
$data merge entity $(bone_leg_right_0) { transformation: [-0.9287788919292361f,0.3690171991192734f,0.034584341266918256f,-0.09343644987145605f,0.35062761060846825f,0.8445674805917911f,0.4046801816321513f,1.5299211374173969f,0.12012513719324742f,0.3879846356249189f,-0.9138040675841306f,-0.0779407219630929f,0f,0f,0f,1f], start_interpolation: 0, interpolation_duration: 1 }
$data merge entity $(bone_leg_left_3) { transformation: [-0.9857724499983992f,0.16744503687879442f,-0.014657300188383765f,0.2048174363337658f,-0.1334866274374858f,-0.7268856500501958f,0.6736605762893286f,1.534937093730096f,0.10214693886514231f,0.6660325903255513f,0.738895521372756f,-0.5641510011012182f,0f,0f,0f,1f], start_interpolation: 0, interpolation_duration: 1 }
$data merge entity $(bone_leg_left_2) { transformation: [-0.9012271804649545f,-0.31935736029411765f,-0.2929171309725007f,0.14661179507840919f,-0.3795113964108664f,0.25535514220076544f,0.8892496001381734f,1.569989320702262f,-0.2091905093102036f,0.9125812992701526f,-0.35133275258213215f,-0.40685999177818f,0f,0f,0f,1f], start_interpolation: 0, interpolation_duration: 1 }
$data merge entity $(bone_leg_left_1) { transformation: [-0.927210060439045f,-0.2576372486063439f,-0.2718539165639799f,0.24188041863431828f,-0.35089163297566456f,0.3436952183688386f,0.8710617996319596f,1.287272362360373f,-0.13098307420538743f,0.9030485285968575f,-0.4090804190752189f,-0.28818825444435064f,0f,0f,0f,1f], start_interpolation: 0, interpolation_duration: 1 }
$data merge entity $(bone_leg_left_0) { transformation: [-0.927210060439045f,-0.3724367440069605f,-0.03965319071797621f,0.09386412771376426f,-0.35089163297566456f,0.826755406929959f,0.4397164529782229f,1.5296799659667735f,-0.13098307420538743f,0.42162349178570663f,-0.8972608681125763f,-0.07750058092120399f,0f,0f,0f,1f], start_interpolation: 0, interpolation_duration: 1 }
$data merge entity $(bone_tail_3) { transformation: [-2.4422253990030818f,-0.000685665871369154f,0.006508084247955674f,0.0038536879726182322f,0.00314465149985378f,2.0070330613272054f,1.391515765897217f,1.9283352708541142f,-0.00573902998860579f,1.391519150222478f,-2.0070249731712186f,-1.4082728553558548f,0f,0f,0f,1f], start_interpolation: 0, interpolation_duration: 1 }
$data merge entity $(bone_tail_2) { transformation: [-1.1562458490421768f,0.0017148370404821674f,0.0025803888583090144f,0.002788263047610843f,0.0014888020757111127f,1.1520464156964765f,-0.09849315737289098f,1.9628504199665826f,-0.0027170831998400823f,-0.09848948123950228f,-1.1520444878753855f,-0.9359724956452959f,0f,0f,0f,1f], start_interpolation: 0, interpolation_duration: 1 }
$data merge entity $(bone_tail_1) { transformation: [-1.3854116929964821f,0.0008507867859478064f,0.003613495294522927f,0.001701897855702177f,0.0017838799645907928f,1.3352142219692933f,0.3695661503722777f,1.845527606040833f,-0.0032556041944029816f,0.36956947640539534f,-1.335210524010558f,-0.5379593634559587f,0f,0f,0f,1f], start_interpolation: 0, interpolation_duration: 1 }
$data merge entity $(bone_tail_0) { transformation: [-1.197912366124778f,-0.0009928106308336561f,0.003052489175287772f,0.0007795191699960298f,0.0015424526009619637f,0.8209895594146467f,0.8723405897067363f,1.5995665944479867f,-0.0028149961079424277f,0.8723413884122282f,-0.8209853336922142f,-0.2802163315051909f,0f,0f,0f,1f], start_interpolation: 0, interpolation_duration: 1 }
$data merge entity $(bone_body_1) { transformation: [-1.0208296685237237f,-0.0000031352443360763236f,0.0027353786500229627f,1.9714994979519654e-18f,0.0013144378686458472f,0.8946847068533237f,0.49156712870198727f,1.4761883927373027f,-0.0023988662485074598f,0.49156888607538707f,-0.8946814908825201f,-0.016098515092879025f,0f,0f,0f,1f], start_interpolation: 0, interpolation_duration: 1 }
data modify entity @s data merge value {"locators":{"body_1":{"posx":0.0002664486439844196,"posy":1.345576549132324,"posz":-0.20105248429449368,"roty":0.17517425506454742,"rotx":28.78571293304016},"body_0":{"posx":-0.005838320474034913,"posy":1.1145722050981244,"posz":0.10893156328555376,"roty":2.17615895090114,"rotx":62.620108459809906},"neck_1":{"posx":-0.014443470648627266,"posy":0.9333057660698639,"posz":0.206015119254529,"roty":176.8014433321178,"rotx":76.80214431381356},"neck_0":{"posx":-0.017067297220026725,"posy":0.5977128818787754,"posz":0.20359348493974566,"roty":3.940463564273017,"rotx":85.23942707256035},"head_0":{"posx":-0.02343967270716825,"posy":0.42850560981570407,"posz":0.0019958282021175144,"roty":180.42920491017412,"rotx":72.67046879988811},"arm_right_0":{"posx":-0.5445277263603349,"posy":0.8947674416503697,"posz":-0.156891938622274,"roty":327.68104850296675,"rotx":64.28390136946473},"arm_left_0":{"posx":0.40319005702891614,"posy":0.9243405159070891,"posz":-0.2205182534810352,"roty":341.0736090295694,"rotx":45.65530988515278},"finger_right_0":{"posx":-0.8287149906556324,"posy":1.455002009359046,"posz":0.7279928542823144,"roty":285.80586827145703,"rotx":-69.68370076825889},"finger_right_1":{"posx":-0.9793589413679281,"posy":0.8741525007473151,"posz":0.7995142367952937,"roty":285.80586827145703,"rotx":-69.68370076825889},"finger_right_2":{"posx":-1.1839003757190325,"posy":0.26805820033280225,"posz":0.7646810048631543,"roty":285.80586827145703,"rotx":-69.68370076825889},"finger_right_3":{"posx":-1.4034080077126947,"posy":-0.38238414828158596,"posz":0.7272993471452741,"roty":285.80586827145703,"rotx":-69.68370076825889},"finger_left_0":{"posx":0.8039979830637562,"posy":1.2779015475999969,"posz":0.6386981965606222,"roty":149.16169625596868,"rotx":-42.09003715479726},"finger_left_1":{"posx":0.9767155990443274,"posy":0.9557093178204814,"posz":1.119900702681442,"roty":149.16169625596868,"rotx":-42.09003715479726},"finger_left_2":{"posx":1.209864322456472,"posy":0.5412829813332741,"posz":1.5491947019468433,"roty":149.16169625596868,"rotx":-42.09003715479726},"finger_left_3":{"posx":1.4600724281422715,"posy":0.09653321736764242,"posz":2.0099004529526687,"roty":149.16169625596868,"rotx":-42.09003715479726},"leg_right_0":{"posx":-0.292388048811686,"posy":1.1623729316056257,"posz":-0.33442427023559906,"roty":2.16741376140817,"rotx":23.871087231220205},"leg_left_0":{"posx":0.29402997803016245,"posy":1.1735071116731968,"posz":-0.3486679887752105,"roty":357.4695395941253,"rotx":26.08579112435934},"tail_0":{"posx":0.0013915627464676093,"posy":1.604346685295649,"posz":-0.5380502600331567,"roty":0.2130293120481781,"rotx":46.73693856169897},"tail_1":{"posx":0.002223107475463777,"posy":1.7329596481883516,"posz":-0.8214390407381524,"roty":0.15505983550048086,"rotx":15.471232442603325},"tail_2":{"posx":0.003065654683487617,"posy":1.7379735826456162,"posz":-1.177234901508659,"roty":0.12833284252528188,"rotx":-4.886563761461585},"tail_3":{"posx":0.0044800457426333855,"posy":1.8611127828594574,"posz":-1.7116513280153454,"roty":0.18578964296764866,"rotx":34.73430303755807},"tail_4":{"posx":0.005645899081900514,"posy":2.1103878752683682,"posz":-2.071188278954356,"roty":0.18578964296764866,"rotx":34.73430303755807},"shadow":{"posx":2.927654656935933e-17,"posy":1.2599586044334328,"posz":-0.239061144729589,"roty":0,"rotx":59.40944339136189}},"cameras":{}}