# This file was generated by Animated Java via MC-Build. It is not recommended to edit this file directly.
$data merge entity $(bone_head_lower) { transformation: [-0.9974914193202415f,0.05846368749870205f,0.039910720696875096f,-0.04607846122729332f,-0.0542267470346144f,-0.9935034005170869f,0.10005225168395002f,0.6527356986229862f,0.045500860305424995f,0.09763703398321041f,0.9941814126739786f,-0.5195563903541545f,0f,0f,0f,1f], start_interpolation: 0, interpolation_duration: 1 }
$data merge entity $(bone_head_upper) { transformation: [-0.9974914193202415f,0.058008473597607586f,0.04056951285590607f,-0.04428111420344012f,-0.0542267470346144f,-0.9945716314629534f,0.08880726206320533f,0.6410909851189449f,0.045500860305424995f,0.08638452917041625f,0.9952222791072716f,-0.5025482877564138f,0f,0f,0f,1f], start_interpolation: 0, interpolation_duration: 1 }
$data merge entity $(bone_neck_0) { transformation: [-0.9986146595797467f,0.0386539179697881f,0.035702048932959626f,-0.03823301708562003f,-0.03319550921831845f,-0.9892349912125207f,0.1425208417337634f,0.6846502399677232f,0.040826704987827325f,0.14113825415651388f,0.9891477004843556f,-0.319210810668205f,0f,0f,0f,1f], start_interpolation: 0, interpolation_duration: 1 }
$data merge entity $(bone_neck_1) { transformation: [-0.9985085703278719f,0.04995725354566441f,0.022020622152057336f,-0.03399299069670439f,-0.02281690229040423f,-0.7482843115324816f,0.6629856545086251f,0.7943666493269297f,0.04959862852599477f,0.6614944156472781f,0.7483081678799228f,-0.18337860159370037f,0f,0f,0f,1f], start_interpolation: 0, interpolation_duration: 1 }
$data merge entity $(bone_neck_2) { transformation: [-0.9985085703278719f,0.043031612324068824f,0.03359933515087056f,-0.02025006750549739f,-0.02281690229040423f,-0.8880204035233985f,0.45923757674651433f,0.771876952948242f,0.04959862852599477f,0.4577860234508382f,0.8876778316379255f,0.08294491934884854f,0f,0f,0f,1f], start_interpolation: 0, interpolation_duration: 1 }
$data merge entity $(bone_arm_right_2) { transformation: [-0.9995209598120851f,0.0019201282063420456f,0.030889545221631495f,-0.5282549473354468f,-0.02932383093118537f,0.26043294233200354f,-0.9650465250379465f,1.2452009858955682f,-0.009897668202524593f,-0.9654900287708659f,-0.26025187897148083f,-0.26138747970142767f,0f,0f,0f,1f], start_interpolation: 0, interpolation_duration: 1 }
$data merge entity $(bone_arm_right_1) { transformation: [-0.9648971172909465f,-0.26260399164026993f,0.003563231429272562f,-0.46746962496599576f,0.1584732511273339f,-0.5713586935030555f,0.8052549112148367f,1.0450501560335168f,-0.20942727071886902f,0.7775528193846886f,0.5929180646144687f,0.013364178716944584f,0f,0f,0f,1f], start_interpolation: 0, interpolation_duration: 1 }
$data merge entity $(bone_arm_right_0) { transformation: [-0.15157612686040298f,0.8640282088403854f,0.4800832553777258f,-0.18039806517748488f,-0.43077492237476633f,-0.494887911510668f,0.7546647741173715f,0.9078149286560824f,0.8896390526606918f,-0.09241866353007294f,0.4472148774496465f,-0.027655883461012748f,0f,0f,0f,1f], start_interpolation: 0, interpolation_duration: 1 }
$data merge entity $(bone_arm_left_2) { transformation: [-0.9882357679927309f,0.12976979893085513f,-0.08093124331963886f,0.4579309086227201f,0.08229318564639829f,0.005158459033422769f,-0.996594813300053f,1.2351518094210001f,-0.12891042803429278f,-0.9915307305302468f,-0.015776943879266675f,-0.2154237745933495f,0f,0f,0f,1f], start_interpolation: 0, interpolation_duration: 1 }
$data merge entity $(bone_arm_left_1) { transformation: [-0.9590156877821124f,0.04390892305439531f,-0.27993020034288046f,0.32923748374135564f,-0.28221591068443297f,-0.2364304176413809f,0.929760634448716f,1.1214482943758708f,-0.025359226020488457f,0.9706557907364101f,0.23913227629393013f,0.0841646046411571f,0f,0f,0f,1f], start_interpolation: 0, interpolation_duration: 1 }
$data merge entity $(bone_arm_left_0) { transformation: [-0.7665313071282636f,-0.5305162733612807f,-0.36191468454747f,0.13783874542591637f,0.6303090928595207f,-0.7294619144563425f,-0.26569863156647255f,0.8971464286814979f,-0.12304553080402358f,-0.4317844358664948f,0.8935446257980679f,-0.042253074467066165f,0f,0f,0f,1f], start_interpolation: 0, interpolation_duration: 1 }
$data merge entity $(bone_finger_right_1_fire) { transformation: [0.000005350852316263261f,-0.000014549573178859635f,-0.0000061201370556815646f,-1.433285012143247f,-0.00001394734514519246f,-0.0000013325577973481033f,-0.000009026274474852907f,0.2763315771223517f,0.000007390380278997451f,0.000008019475531948033f,-0.000012603494329037102f,-0.1662828697348303f,0f,0f,0f,1f], start_interpolation: 0, interpolation_duration: 1 }
$data merge entity $(bone_finger_right_1_fire_s) { transformation: [0.0000032105113897579566f,-0.00000872974390731578f,-0.0000036720822334089384f,-1.433285012143247f,-0.000008368407087115475f,-7.99534678408862e-7f,-0.000005415764684911744f,0.2763315771223517f,0.000004434228167398471f,0.000004811685319168819f,-0.0000075620965974222606f,-0.1662828697348303f,0f,0f,0f,1f], start_interpolation: 0, interpolation_duration: 1 }
$data merge entity $(bone_finger_right_1) { transformation: [0.6382839097387057f,-1.7355662060427215f,-0.7300491168788533f,-1.0224073297863971f,-1.6637285919274856f,-0.15895602243758478f,-1.0767117875170937f,0.8416559429448769f,0.8815718581126014f,0.9566143660941657f,-1.5034254659312511f,0.6013477802822791f,0f,0f,0f,1f], start_interpolation: 0, interpolation_duration: 1 }
$data merge entity $(bone_finger_right_2_fire) { transformation: [0.000011986125325099995f,0.000009052639209552184f,0.0000072222088595147175f,-0.6082764945689083f,0.000010868182971210404f,-0.0000052038094614378885f,-0.000011514371184355644f,0.41271763125472843f,-0.0000039991469556727395f,0.000012990299003814573f,-0.000009645555100470139f,0.34238181891653974f,0f,0f,0f,1f], start_interpolation: 0, interpolation_duration: 1 }
$data merge entity $(bone_finger_right_2_fire_s) { transformation: [0.000007191675195059997f,0.00000543158352573131f,0.00000433332531570883f,-0.6082764945689083f,0.0000065209097827262425f,-0.000003122285676862733f,-0.000006908622710613386f,0.41271763125472843f,-0.0000023994881734036436f,0.000007794179402288744f,-0.000005787333060282083f,0.34238181891653974f,0f,0f,0f,1f], start_interpolation: 0, interpolation_duration: 1 }
$data merge entity $(bone_finger_right_2) { transformation: [0.8934499768768173f,0.6747868951037429f,0.5383459761613278f,-0.8403994972100224f,0.8101181625380633f,-0.3878937785888916f,-0.858285258111784f,0.7827195908361434f,-0.29809781377728045f,0.9683014343489895f,-0.7189830531333292f,0.6534934409031855f,0f,0f,0f,1f], start_interpolation: 0, interpolation_duration: 1 }
$data merge entity $(bone_finger_film_right) { transformation: [1.151440364851826f,-0.15549995185210877f,-0.045479802774681624f,-0.9302209707989582f,-0.29821911144724156f,-0.24551738078865376f,-0.8045581028407434f,0.7327352025163226f,0.3114775106878341f,0.33977074594464735f,-0.6021857610919413f,0.6156844025187116f,0f,0f,0f,1f], start_interpolation: 0, interpolation_duration: 1 }
$data merge entity $(bone_finger_right_0_fire) { transformation: [0.000015603240998801786f,-0.0000058430083468052185f,-4.19406211510516e-7f,-0.9665888823971699f,-0.0000041854869025309f,-0.000010284827212698561f,-0.000012429071018038934f,0.18973186405693432f,0.000004098578717047092f,0.00001174135258144808f,-0.000011095948352262147f,0.17204356243118196f,0f,0f,0f,1f], start_interpolation: 0, interpolation_duration: 1 }
$data merge entity $(bone_finger_right_0_fire_s) { transformation: [0.000009361944599281072f,-0.000003505805008083131f,-2.516437269063096e-7f,-0.9665888823971699f,-0.0000025112921415185398f,-0.000006170896327619137f,-0.00000745744261082336f,0.18973186405693432f,0.0000024591472302282554f,0.000007044811548868848f,-0.000006657569011357289f,0.17204356243118196f,0f,0f,0f,1f], start_interpolation: 0, interpolation_duration: 1 }
$data merge entity $(bone_fire_large_right) { transformation: [0.000024965185598082858f,-0.00000934881335488835f,-6.710499384168256e-7f,-0.9273323457793796f,-0.000006696779044049439f,-0.000016455723540317698f,-0.000019886513628862294f,0.25181825688156423f,0.000006557725947275348f,0.00001878616413031693f,-0.000017753517363619435f,0.09160645067626055f,0f,0f,0f,1f], start_interpolation: 0, interpolation_duration: 1 }
$data merge entity $(bone_finger_right_0) { transformation: [1.3692464205278267f,-0.5127472083903365f,-0.03680456219973854f,-0.9246549495779184f,-0.367293113007524f,-0.9025344701024692f,-1.090700387390213f,0.7576557993380822f,0.3596665742712826f,1.0303503608985802f,-0.9737135743057037f,0.5891580796749567f,0f,0f,0f,1f], start_interpolation: 0, interpolation_duration: 1 }
$data merge entity $(bone_wing_right_1_model) { transformation: [-0.6551234499013691f,-0.6703882331822412f,0.39034595584168846f,-0.6108538773658461f,0.7698032354224132f,-0.4986541511905898f,0.43557329954373586f,1.0045916621196824f,-0.09588183959620726f,0.5769755084516376f,0.8299897701324167f,0.27955279848366954f,0f,0f,0f,1f], start_interpolation: 0, interpolation_duration: 1 }
$data merge entity $(bone_wing_right_0) { transformation: [-0.47474277532396614f,0.018151739662713138f,-0.8799373907414749f,-0.18599969948447923f,-0.7935122587283977f,-0.4413254271834411f,0.41901093371069614f,0.8117407262026444f,-0.3807329674791172f,0.897163520027743f,0.22391968606171114f,0.2503452903590332f,0f,0f,0f,1f], start_interpolation: 0, interpolation_duration: 1 }
$data merge entity $(bone_finger_left_1_fire) { transformation: [0.000005728599576798695f,0.00001447246666612253f,0.000005958912087323666f,1.3938749314368988f,0.0000039703087234056275f,0.000004794208107554884f,-0.00001546059491223032f,-0.1602418976995159f,-0.00001513927254881585f,0.0000067335766868140195f,-0.0000017997637270607832f,0.34096321434809834f,0f,0f,0f,1f], start_interpolation: 0, interpolation_duration: 1 }
$data merge entity $(bone_finger_left_1_fire_s) { transformation: [0.000003437159746079217f,0.000008683479999673517f,0.0000035753472523941996f,1.3938749314368988f,0.0000023821852340433764f,0.00000287652486453293f,-0.00000927635694733819f,-0.1602418976995159f,-0.000009083563529289509f,0.000004040146012088412f,-0.00000107985823623647f,0.34096321434809834f,0f,0f,0f,1f], start_interpolation: 0, interpolation_duration: 1 }
$data merge entity $(bone_finger_left_1) { transformation: [0.6833440205578397f,1.7263684477217582f,0.7108171708133257f,0.9932114357626232f,0.47360383450365295f,0.5718838260010348f,-1.8442387089382706f,0.7924679562742497f,-1.8059093209670667f,0.8032241220939718f,-0.2146873358516634f,0.43833682818994574f,0f,0f,0f,1f], start_interpolation: 0, interpolation_duration: 1 }
$data merge entity $(bone_finger_left_2_fire) { transformation: [0.000011695424806863408f,-0.000009242125539195476f,-0.000007455060823530055f,0.5699540480710612f,-0.000004596535092481868f,0.000006124361342050524f,-0.000014803440176977703f,0.3165827409977833f,0.000010948364330271648f,0.000012443998209881174f,0.0000017487151917586788f,0.5684991833676133f,0f,0f,0f,1f], start_interpolation: 0, interpolation_duration: 1 }
$data merge entity $(bone_finger_left_2_fire_s) { transformation: [0.000007017254884118044f,-0.000005545275323517285f,-0.000004473036494118033f,0.5699540480710612f,-0.000002757921055489121f,0.000003674616805230314f,-0.000008882064106186621f,0.3165827409977833f,0.000006569018598162989f,0.000007466398925928704f,0.0000010492291150552072f,0.5684991833676133f,0f,0f,0f,1f], start_interpolation: 0, interpolation_duration: 1 }
$data merge entity $(bone_finger_left_2) { transformation: [0.8717810585022806f,-0.6889112724355694f,-0.5557028430572184f,0.8095537195158945f,-0.3426273345808808f,0.4565120379629156f,-1.1034536119959797f,0.7931280755532293f,0.816094909105964f,0.927579981963916f,0.13034984244400902f,0.5130959222601568f,0f,0f,0f,1f], start_interpolation: 0, interpolation_duration: 1 }
$data merge entity $(bone_finger_film_left) { transformation: [1.1599526007386192f,0.14773171487663112f,0.028680369860135526f,0.8983061280385972f,-0.04131134667631175f,0.08081178285505503f,-0.9888409937312922f,0.7302684925349497f,-0.40567367252790915f,0.41418350433896856f,0.18270404940831525f,0.5260397385884444f,0f,0f,0f,1f], start_interpolation: 0, interpolation_duration: 1 }
$data merge entity $(bone_finger_left_0_fire) { transformation: [0.00001572153054595699f,0.000005530166236276978f,1.6886820145104419e-7f,0.9235188211057618f,-3.720896479601284e-7f,0.0000015643578675454496f,-0.000016588915321198892f,0.035487407966917184f,-0.000005520217782316214f,0.000015644418290213567f,0.0000015991090564464682f,0.6242029200792372f,0f,0f,0f,1f], start_interpolation: 0, interpolation_duration: 1 }
$data merge entity $(bone_finger_left_0_fire_s) { transformation: [0.000009432918327574193f,0.000003318099741766187f,1.013209208706265e-7f,0.9235188211057618f,-2.2325378877607704e-7f,9.386147205272697e-7f,-0.000009953349192719336f,0.035487407966917184f,-0.000003312130669389728f,0.00000938665097412814f,9.59465433867881e-7f,0.6242029200792372f,0f,0f,0f,1f], start_interpolation: 0, interpolation_duration: 1 }
$data merge entity $(bone_fire_large_left) { transformation: [0.000025154448873531183f,0.000008848265978043164f,2.7018912232167067e-7f,0.8861994877575377f,-5.953434367362054e-7f,0.000002502972588072719f,-0.000026542264513918226f,0.019077623558867884f,-0.000008832348451705942f,0.000025031069264341704f,0.000002558574490314349f,0.5231885096082685f,0f,0f,0f,1f], start_interpolation: 0, interpolation_duration: 1 }
$data merge entity $(bone_finger_left_0) { transformation: [1.379626798491646f,0.48529406964409405f,0.014818855928429893f,0.8934858940607787f,-0.03265234566485191f,0.13727862119963669f,-1.4557432603736047f,0.7277782881619455f,-0.4844210532639324f,1.372859891528944f,0.14032817616167695f,0.48962234208105215f,0f,0f,0f,1f], start_interpolation: 0, interpolation_duration: 1 }
$data merge entity $(bone_wing_left_1_model) { transformation: [-0.7413057053548138f,0.6783705846563612f,-0.14579535014268719f,0.5705211289288914f,-0.6537000238116709f,-0.6112753179136214f,0.47957882315638356f,1.0279107725538852f,0.23263536515083627f,0.44399652996890365f,0.8830203572390333f,0.24280638699163293f,0f,0f,0f,1f], start_interpolation: 0, interpolation_duration: 1 }
$data merge entity $(bone_wing_left_0) { transformation: [-0.5175349369760864f,0.06956014810450589f,0.852829980010575f,0.16240471277663196f,0.7467203948833607f,-0.4499580079286982f,0.4898432840879574f,0.8000608942677239f,0.4178112502965859f,0.8903365526004854f,0.18092700801452263f,0.23436434288949212f,0f,0f,0f,1f], start_interpolation: 0, interpolation_duration: 1 }
$data merge entity $(bone_body_0) { transformation: [-0.9983899940498864f,0.029845066423064892f,0.04823579367306871f,-0.0019010608873673825f,0.033469803841833935f,-0.37659467620099607f,0.9257733103129816f,1.2757236966372316f,0.04579510903859897f,0.925897252327314f,0.3749894480127051f,0.11473462268707688f,0f,0f,0f,1f], start_interpolation: 0, interpolation_duration: 1 }
$data merge entity $(bone_leg_right_3) { transformation: [-0.9994287018138173f,-0.010037937688504736f,0.032272430923461284f,-0.22928279335250062f,0.027159693608233837f,-0.8068475757031105f,0.5901350189788098f,1.8063644267405283f,0.020115194104327095f,0.5906743852487386f,0.8066592524586637f,-0.3223676442640811f,0f,0f,0f,1f], start_interpolation: 0, interpolation_duration: 1 }
$data merge entity $(bone_leg_right_2) { transformation: [-0.9062050209895323f,0.39100410505427313f,0.16096039812347707f,-0.15785949268216676f,0.14993906104079724f,-0.05878133217118678f,0.9869463171633929f,1.7884210447040019f,0.395361528107586f,0.9185099590199812f,-0.0053588500209519885f,-0.16766223367362387f,0f,0f,0f,1f], start_interpolation: 0, interpolation_duration: 1 }
$data merge entity $(bone_leg_right_1) { transformation: [-0.9333716281148081f,0.2709499746456412f,0.23537951285071232f,-0.2416528969101832f,0.17146610544082486f,-0.2395087626323233f,0.955633259837313f,1.4862262072867174f,0.31530426339532464f,0.9323205799840846f,0.17709194680411638f,-0.23654558475628812f,0f,0f,0f,1f], start_interpolation: 0, interpolation_duration: 1 }
$data merge entity $(bone_leg_right_0) { transformation: [-0.9306754461117038f,0.3658410333934328f,0.001884752080871241f,-0.09293038588027817f,0.17837261053017175f,0.44925816085182946f,0.8754143685824922f,1.5695104605263939f,0.3194157569961646f,0.8150628461619737f,-0.4833695594355423f,0.07330101005143458f,0f,0f,0f,1f], start_interpolation: 0, interpolation_duration: 1 }
$data merge entity $(bone_leg_left_3) { transformation: [-0.9972574674877598f,0.05222516382776307f,-0.05244116515737196f,0.23478701453907078f,-0.06756523680870902f,-0.9316284538021185f,0.357076130315731f,1.83609847906061f,-0.03020732220642133f,0.3596400371613779f,0.9326020380396346f,-0.3127876637713439f,0f,0f,0f,1f], start_interpolation: 0, interpolation_duration: 1 }
$data merge entity $(bone_leg_left_2) { transformation: [-0.898521850277194f,-0.38854208732292494f,-0.20418993842300917f,0.16413735269826485f,-0.13329548181282785f,-0.2016877956289027f,0.9703372339669545f,1.7939276407136462f,-0.41819947286281206f,0.8990868030802691f,0.12942998657253899f,-0.16249706999245958f,0f,0f,0f,1f], start_interpolation: 0, interpolation_duration: 1 }
$data merge entity $(bone_leg_left_1) { transformation: [-0.9276118661943155f,-0.2932700922138547f,-0.23136308847432122f,0.24694041304806597f,-0.15634936070641814f,-0.2576872351138701f,0.9534947122381243f,1.4926124247455521f,-0.33925079675985115f,0.9206464803996409f,0.1931811456264818f,-0.23625860626282374f,0f,0f,0f,1f], start_interpolation: 0, interpolation_duration: 1 }
$data merge entity $(bone_leg_left_0) { transformation: [-0.9276118661943155f,-0.37318500130529986f,0.016406721069817033f,0.09436339292442071f,-0.15634936070641814f,0.42777122372866005f,0.8902621285646037f,1.567901648468989f,-0.33925079675985115f,0.8232525341293813f,-0.45515289952647586f,0.07375969990631671f,0f,0f,0f,1f], start_interpolation: 0, interpolation_duration: 1 }
$data merge entity $(bone_tail_3) { transformation: [-2.4421367492258854f,0.0050656609925635275f,0.021217021307500663f,0.012453166605289044f,0.020977413521478392f,1.1967134940736837f,2.1288364159930024f,2.72936022622436f,-0.005980889265269239f,2.1289337418094285f,-1.1967092699494444f,-0.6479365576634764f,0f,0f,0f,1f], start_interpolation: 0, interpolation_duration: 1 }
$data merge entity $(bone_tail_2) { transformation: [-1.1562038787404414f,0.006866187720563329f,0.00771419158076308f,0.009259239452823548f,0.009931535114552307f,0.9760605015313003f,0.6197752209154016f,2.4706084900391385f,-0.002831588922697854f,0.619816759467387f,-0.976080544467269f,-0.2513291973160814f,0f,0f,0f,1f], start_interpolation: 0, interpolation_duration: 1 }
$data merge entity $(bone_tail_1) { transformation: [-1.385361404256565f,0.0034455310218147735f,0.01188478817792181f,0.005682960170961492f,0.01189994747959871f,0.7358020599821119f,1.17381133920824f,2.115424590901078f,-0.0033928047452145456f,1.1738666010751975f,-0.7358023049936052f,-0.03682538785915095f,0f,0f,0f,1f], start_interpolation: 0, interpolation_duration: 1 }
$data merge entity $(bone_tail_0) { transformation: [-1.1978688833797366f,-0.00311406225672566f,0.010236265169587064f,0.0025932773045069485f,0.01028942827183347f,-0.021045919728289415f,1.197687579131723f,1.7593991336538646f,-0.0029336281631554342f,1.1977277287250345f,0.021071828272570634f,-0.023961944420940143f,0f,0f,0f,1f], start_interpolation: 0, interpolation_duration: 1 }
$data merge entity $(bone_body_1) { transformation: [-1.020792613662732f,0.00022105975778554749f,0.00911512307301702f,-9.88784581941132e-18f,0.008768382353388521f,0.3036150305581175f,0.9745982367799269f,1.4873482088763161f,-0.0024999613912107177f,0.9746376551294441f,-0.303604818540921f,0.08074038838214924f,0f,0f,0f,1f], start_interpolation: 0, interpolation_duration: 1 }
data modify entity @s data merge value {"locators":{"body_1":{"posx":0.0008417309054993032,"posy":1.5215247018363125,"posz":-0.14308712160319909,"roty":1.719673790231866,"rotx":72.68992174044745},"body_0":{"posx":-0.015267487622383117,"posy":1.1597434116207994,"posz":-0.09190467827942068,"roty":172.6701566194682,"rotx":67.7852539443081},"neck_1":{"posx":-0.03709880568147529,"posy":0.9682954188937444,"posz":-0.16589156845738706,"roty":177.83234247192215,"rotx":27.337920659836836},"neck_0":{"posx":-0.04537366716790402,"posy":0.7677997932783661,"posz":-0.4247134269099176,"roty":178.31443145504235,"rotx":41.527975250375015},"head_0":{"posx":-0.06336528838070378,"posy":0.8859788656655146,"posz":-0.6290832982539026,"roty":177.66567162434941,"rotx":5.09499347202509},"arm_right_0":{"posx":-0.47702852454524075,"posy":1.3840356570351227,"posz":-0.31750371964657553,"roty":179.655676430224,"rotx":53.634880668008535},"arm_left_0":{"posx":0.414876714664203,"posy":1.3361588598122986,"posz":-0.32940691738965355,"roty":229.4941660407149,"rotx":68.39753297845554},"finger_right_0":{"posx":-0.8239397742888581,"posy":0.9347968175610933,"posz":0.5897918588796485,"roty":334.09923105633777,"rotx":-32.79102050037062},"finger_right_1":{"posx":-0.9955613459154324,"posy":0.5004712959342279,"posz":0.20625250351537597,"roty":334.09923105633777,"rotx":-32.79102050037062},"finger_right_2":{"posx":-1.2216089737173392,"posy":0.1304694264134978,"posz":-0.265342598160308,"roty":334.09923105633777,"rotx":-32.79102050037062},"finger_right_3":{"posx":-1.4641964130390948,"posy":-0.26660580837598913,"posz":-0.7714441985414875,"roty":334.09923105633777,"rotx":-32.79102050037062},"finger_left_0":{"posx":0.7971525962609185,"posy":0.8497894708598521,"posz":0.35787995870222783,"roty":73.19416584753527,"rotx":-68.06921207671544},"finger_left_1":{"posx":0.9599491039919696,"posy":0.27113857718976064,"posz":0.41997263156017417,"roty":73.19416584753527,"rotx":-68.06921207671544},"finger_left_2":{"posx":1.1791722013598303,"posy":-0.32921948061099365,"posz":0.37624289999970434,"roty":73.19416584753527,"rotx":-68.06921207671544},"finger_left_3":{"posx":1.4144357507425793,"posy":-0.9735058748764945,"posz":0.3293137810606789,"roty":73.19416584753527,"rotx":-68.06921207671544},"leg_right_0":{"posx":-0.29296967196556134,"posy":1.4257834983971844,"posz":-0.3507085148774052,"roty":0.2234062743187053,"rotx":61.09405400314734},"leg_left_0":{"posx":0.2993160299989492,"posy":1.4351769184921168,"posz":-0.35148822243962996,"roty":2.064425038731713,"rotx":62.90620433543541},"tail_0":{"posx":0.004612565485496392,"posy":1.9427933160856736,"posz":-0.20524640291483878,"roty":154.0904622896065,"rotx":88.87944809689706},"tail_1":{"posx":0.007311199843450744,"posy":2.2236807188707104,"posz":-0.3219753551029752,"roty":0.9253694772237395,"rotx":57.915141073254375},"tail_2":{"posx":0.009782332154835103,"posy":2.4379347542572707,"posz":-0.5795202556291621,"roty":0.4528124450165478,"rotx":32.413234799191244},"tail_3":{"posx":0.013813255608781553,"posy":2.801526926628317,"posz":-0.950174659828245,"roty":1.015717397968217,"rotx":60.653965854865966},"tail_4":{"posx":0.017614056919616084,"posy":3.1828850882284114,"posz":-1.164552262413944,"roty":1.015717397968217,"rotx":60.653965854865966},"shadow":{"posx":2.81397889162852e-17,"posy":1.4940921300544872,"posz":-0.22977881407012388,"roty":180,"rotx":75.2246687578338}},"cameras":{}}