# This file was generated by Animated Java via MC-Build. It is not recommended to edit this file directly.
$data merge entity $(bone_head_lower) { transformation: [-0.9964410014887781f,0.01930128351209069f,0.0820535861911386f,-0.08623457854678174f,-0.07531201413054531f,-0.641074983827015f,-0.7637741587922395f,1.282499226295375f,0.03786067986237514f,-0.7672355085408774f,0.640247017450593f,-0.8307603425746076f,0f,0f,0f,1f], start_interpolation: 0, interpolation_duration: 1 }
$data merge entity $(bone_head_upper) { transformation: [-0.9964410014887781f,0.0120763950515127f,0.08342356522350573f,-0.08435768332328064f,-0.07531201413054531f,-0.5720681958667183f,-0.8167411339006985f,1.2619630699182904f,0.03786067986237514f,-0.8201171501440254f,0.5709417036440766f,-0.8324482135609563f,0f,0f,0f,1f], start_interpolation: 0, interpolation_duration: 1 }
$data merge entity $(bone_neck_0) { transformation: [-0.9964410014887781f,0.026379277550708048f,0.08005912982254695f,-0.06977214424986614f,-0.07531201413054531f,-0.7052028040687293f,-0.7049944011559256f,1.1415597807835884f,0.03786067986237514f,-0.7085147414482669f,0.7046796648625915f,-0.6880981921467559f,0f,0f,0f,1f], start_interpolation: 0, interpolation_duration: 1 }
$data merge entity $(bone_neck_1) { transformation: [-0.9964410014887781f,0.0696649982352922f,0.04745649136754058f,-0.06093714290603487f,-0.07531201413054531f,-0.9886483992815003f,-0.13000939629783617f,1.111001400584883f,0.03786067986237514f,-0.13312073699842583f,0.9903764124318363f,-0.5163594793316151f,0f,0f,0f,1f], start_interpolation: 0, interpolation_duration: 1 }
$data merge entity $(bone_neck_2) { transformation: [-0.9964410014887781f,0.0628746894036672f,0.056143601455848f,-0.03925969234719538f,-0.07531201413054531f,-0.9632207437215023f,-0.25794165889246434f,0.9153249935073658f,0.03786067986237514f,-0.2612519326186667f,0.9645278620254422f,-0.3350759885256839f,0f,0f,0f,1f], start_interpolation: 0, interpolation_duration: 1 }
$data merge entity $(bone_arm_right_2) { transformation: [-0.9759308182650835f,0.110547208096609f,-0.18798498009811732f,-0.4173462159087848f,0.1875553992062797f,0.8652953224135069f,-0.46485156473639944f,1.5731011410411289f,0.11127448130194786f,-0.48892056593208577f,-0.8652020977896623f,-0.16572155488558243f,0f,0f,0f,1f], start_interpolation: 0, interpolation_duration: 1 }
$data merge entity $(bone_arm_right_1) { transformation: [-0.8870949311190159f,-0.4319588238204338f,0.16270881262739173f,-0.42060211154344873f,0.4490281866106589f,-0.889234462631447f,0.08738282495837013f,1.2293881696079816f,0.10694050127099497f,0.1505777041670816f,0.9827970717272612f,-0.1326386843045009f,0f,0f,0f,1f], start_interpolation: 0, interpolation_duration: 1 }
$data merge entity $(bone_arm_right_0) { transformation: [-0.1567630083625663f,0.649747816383207f,0.7438098778010227f,-0.1977422219531205f,-0.8259549978698111f,-0.4991697844489904f,0.2619692115249978f,1.091201405842669f,0.5415013395209642f,-0.57328640433766f,0.6149138133906237f,-0.31747407459998656f,0f,0f,0f,1f], start_interpolation: 0, interpolation_duration: 1 }
$data merge entity $(bone_arm_left_2) { transformation: [-0.9691705453642148f,0.21738885694759408f,-0.11597645827256817f,0.4575715417138442f,0.23911466621784355f,0.7162948511030225f,-0.6555500459025432f,1.386961642470453f,-0.05943593524089108f,-0.6630714676098767f,-0.7461927354535982f,-0.186874871051938f,0f,0f,0f,1f], start_interpolation: 0, interpolation_duration: 1 }
$data merge entity $(bone_arm_left_1) { transformation: [-0.960463944892094f,-0.053237011937007084f,-0.2732669594413777f,0.29836450799425607f,-0.07920308635039358f,-0.8887387361207747f,0.4515200217388137f,1.098814253938759f,-0.2669005089446036f,0.4553122878623699f,0.8493849768194898f,-0.08262571369204957f,0f,0f,0f,1f], start_interpolation: 0, interpolation_duration: 1 }
$data merge entity $(bone_arm_left_0) { transformation: [-0.7513757443140742f,-0.48835190606196294f,-0.4437870060086466f,0.11946186328022926f,0.5154505510768116f,-0.014459912741286274f,-0.8567973157743466f,1.0913289190357442f,0.41200148088457417f,-0.8725269776741358f,0.26258608679775064f,-0.3488287321752075f,0f,0f,0f,1f], start_interpolation: 0, interpolation_duration: 1 }
$data merge entity $(bone_finger_right_1_fire) { transformation: [0.000005014791930197247f,-0.00001437697984321349f,-0.000006777321761761037f,-1.4727451003821042f,-0.000015423422676560566f,-0.000006118720897087995f,0.0000015675028872298615f,0.7125545975929397f,-0.000003840269862231553f,0.000005800127839035074f,-0.000015145580946727144f,-0.7887929482137043f,0f,0f,0f,1f], start_interpolation: 0, interpolation_duration: 1 }
$data merge entity $(bone_finger_right_1_fire_s) { transformation: [0.000003008875158118348f,-0.000008626187905928093f,-0.000004066393057056622f,-1.4727451003821042f,-0.000009254053605936338f,-0.0000036712325382527967f,9.405017323379169e-7f,0.7125545975929397f,-0.000002304161917338932f,0.0000034800767034210446f,-0.000009087348568036286f,-0.7887929482137043f,0f,0f,0f,1f], start_interpolation: 0, interpolation_duration: 1 }
$data merge entity $(bone_finger_right_1) { transformation: [0.5981964761022808f,-1.7149781683695016f,-0.8084423146021317f,-1.0212979687820478f,-1.8398045667652738f,-0.7298801884183973f,0.18698177640725613f,0.6283794419380538f,-0.4580919668940979f,0.6918763694582735f,-1.8066618270436725f,0.1422166939693524f,0f,0f,0f,1f], start_interpolation: 0, interpolation_duration: 1 }
$data merge entity $(bone_finger_right_2_fire) { transformation: [0.000012276788116085569f,0.000009184578148276319f,0.000006534659560277284f,-0.6303349205740372f,0.000010680205862901911f,-0.000012567655479436745f,-0.0000024010448254868227f,0.47127227942715116f,0.0000036043659715064635f,0.000005956117675648005f,-0.00001514301772947049f,-0.35277929337123715f,0f,0f,0f,1f], start_interpolation: 0, interpolation_duration: 1 }
$data merge entity $(bone_finger_right_2_fire_s) { transformation: [0.000007366072869651341f,0.0000055107468889657915f,0.00000392079573616637f,-0.6303349205740372f,0.000006408123517741146f,-0.000007540593287662047f,-0.0000014406268952920935f,0.47127227942715116f,0.000002162619582903878f,0.000003573670605388803f,-0.000009085810637682294f,-0.35277929337123715f,0f,0f,0f,1f], start_interpolation: 0, interpolation_duration: 1 }
$data merge entity $(bone_finger_right_2) { transformation: [0.9151160830488587f,0.6846216697748686f,0.4870958107539147f,-0.8403341669712387f,0.7961062830927602f,-0.9367974381166326f,-0.17897472165747663f,0.5476630095293963f,0.2686707010441817f,0.4439710961839887f,-1.1287658416109354f,0.13470173462003618f,0f,0f,0f,1f], start_interpolation: 0, interpolation_duration: 1 }
$data merge entity $(bone_finger_film_right) { transformation: [1.1471505994751792f,-0.15573519133185507f,-0.09109630548417498f,-0.9329099290544747f,-0.4423354899806426f,-0.4067086454463295f,-0.20888398774949837f,0.5359172094555569f,-0.012353474576051491f,0.10118204877918495f,-0.979836102089529f,0.07736392831140032f,0f,0f,0f,1f], start_interpolation: 0, interpolation_duration: 1 }
$data merge entity $(bone_finger_right_0_fire) { transformation: [0.000015536551194903876f,-0.000005917994098752634f,-0.0000011707692313338237f,-1.0010214684101222f,-0.000006022281237899366f,-0.000015404793498676105f,-0.000002049937494795749f,0.4194981324626008f,-3.5423641477729836e-7f,0.0000023339796246011145f,-0.00001649863125996125f,-0.6116932988361984f,0f,0f,0f,1f], start_interpolation: 0, interpolation_duration: 1 }
$data merge entity $(bone_finger_right_0_fire_s) { transformation: [0.000009321930716942326f,-0.00000355079645925158f,-7.024615388002942e-7f,-1.0010214684101222f,-0.0000036133687427396198f,-0.000009242876099205663f,-0.0000012299624968774493f,0.4194981324626008f,-2.12541848866379e-7f,0.0000014003877747606687f,-0.00000989917875597675f,-0.6116932988361984f,0f,0f,0f,1f], start_interpolation: 0, interpolation_duration: 1 }
$data merge entity $(bone_fire_large_right) { transformation: [0.0000248584819118462f,-0.000009468790558004214f,-0.0000018732307701341176f,-0.9615635585621359f,-0.000009635649980638985f,-0.000024647669597881766f,-0.000003279899991673198f,0.5187381402673545f,-5.667782636436773e-7f,0.0000037343673993617832f,-0.000026397810015937996f,-0.6331506749575344f,0f,0f,0f,1f], start_interpolation: 0, interpolation_duration: 1 }
$data merge entity $(bone_finger_right_0) { transformation: [1.3633941251438149f,-0.5193275061920861f,-0.10273965385723757f,-0.9271035857555031f,-0.52847911719359f,-1.3518318635629853f,-0.17989016366986876f,0.5720736208731763f,-0.031085653486456664f,0.20481598962775557f,-1.4478204751208579f,0.07353472047018869f,0f,0f,0f,1f], start_interpolation: 0, interpolation_duration: 1 }
$data merge entity $(bone_wing_right_1_model) { transformation: [-0.6298068507018431f,-0.6748703189748313f,0.4229308057090145f,-0.6115781753879079f,0.6382690042182131f,-0.7501869933493805f,-0.2465952884901643f,0.9599590219589059f,0.47637494907389666f,0.11290088847332429f,0.8895489757841423f,0.0007851883232491724f,0f,0f,0f,1f], start_interpolation: 0, interpolation_duration: 1 }
$data merge entity $(bone_wing_right_0) { transformation: [-0.5302468555646613f,0.027049420542324284f,-0.8474117069123566f,-0.19904780104450867f,-0.31631140179109235f,-0.9336391271050712f,0.1681222098220058f,0.8321017194960371f,-0.7866291179842909f,0.35719225801633037f,0.5036152515089787f,-0.17814736744155973f,0f,0f,0f,1f], start_interpolation: 0, interpolation_duration: 1 }
$data merge entity $(bone_finger_left_1_fire) { transformation: [0.000005261669969359164f,0.000014861924599642455f,0.000005405164577130293f,1.3474633731356358f,0.00001321131678702401f,-9.998806673167948e-7f,-0.000010111336468627755f,0.055295017528111834f,-0.000008692164038041352f,0.000007476711417692027f,-0.000012096398161854296f,-0.8330527622260221f,0f,0f,0f,1f], start_interpolation: 0, interpolation_duration: 1 }
$data merge entity $(bone_finger_left_1_fire_s) { transformation: [0.000003157001981615498f,0.000008917154759785473f,0.000003243098746278176f,1.3474633731356358f,0.000007926790072214405f,-5.999284003900768e-7f,-0.000006066801881176653f,0.055295017528111834f,-0.000005215298422824811f,0.000004486026850615216f,-0.000007257838897112578f,-0.8330527622260221f,0f,0f,0f,1f], start_interpolation: 0, interpolation_duration: 1 }
$data merge entity $(bone_finger_left_1) { transformation: [0.6276456686329648f,1.7728254825627898f,0.644762623813395f,0.9804429071519747f,1.5759304187836605f,-0.11927216523381809f,-1.206144926531318f,0.6874427040213562f,-1.036856956307416f,0.8918699888553782f,-1.4429357896942163f,-0.09592712618584194f,0f,0f,0f,1f], start_interpolation: 0, interpolation_duration: 1 }
$data merge entity $(bone_finger_left_2_fire) { transformation: [0.000011960558436582596f,-0.000008563018161262258f,-0.000007835658213115431f,0.5480192308577048f,-0.000010766408749883194f,-0.000003980962148422074f,-0.000012083631936675622f,0.24816514621847302f,0.000004336734058402615f,0.000013733333103092676f,-0.0000083884490440109f,-0.30232670092012787f,0f,0f,0f,1f], start_interpolation: 0, interpolation_duration: 1 }
$data merge entity $(bone_finger_left_2_fire_s) { transformation: [0.000007176335061949557f,-0.000005137810896757354f,-0.000004701394927869259f,0.5480192308577048f,-0.0000064598452499299165f,-0.0000023885772890532445f,-0.000007250179162005373f,0.24816514621847302f,0.000002602040435041569f,0.000008239999861855605f,-0.000005033069426406539f,-0.30232670092012787f,0f,0f,0f,1f], start_interpolation: 0, interpolation_duration: 1 }
$data merge entity $(bone_finger_left_2) { transformation: [0.8915442120583194f,-0.6382903707968449f,-0.5840727056859988f,0.7999056537544161f,-0.8025318764593556f,-0.2967423118801333f,-0.9007181538309785f,0.6365498853583808f,0.3232616745702513f,1.023687456171114f,-0.6252779276977377f,-0.031617439630640745f,0f,0f,0f,1f], start_interpolation: 0, interpolation_duration: 1 }
$data merge entity $(bone_finger_film_left) { transformation: [1.141656177193935f,0.1659829019303357f,0.005151411337142791f,0.8871076784084313f,0.2490228330988339f,-0.2212769130675295f,-0.8500704982258973f,0.5819095039567981f,-0.38259194133846747f,0.3512682494977315f,-0.5379251390074736f,-0.06911537548694141f,0f,0f,0f,1f], start_interpolation: 0, interpolation_duration: 1 }
$data merge entity $(bone_finger_left_0_fire) { transformation: [0.00001547850424624294f,0.000006173672064503793f,-2.818817425489786e-7f,0.8946199189296629f,0.000003527938239828018f,-0.00000945092513662831f,-0.000013266930451901227f,0.005153466476279123f,-0.0000050741832695297994f,0.000012261466677342901f,-0.000010083991116884783f,-0.4694758193843702f,0f,0f,0f,1f], start_interpolation: 0, interpolation_duration: 1 }
$data merge entity $(bone_finger_left_0_fire_s) { transformation: [0.000009287102547745763f,0.000003704203238702276f,-1.6912904552938716e-7f,0.8946199189296629f,0.0000021167629438968107f,-0.000005670555081976986f,-0.000007960158271140736f,0.005153466476279123f,-0.0000030445099617178793f,0.000007356880006405741f,-0.000006050394670130869f,-0.4694758193843702f,0f,0f,0f,1f], start_interpolation: 0, interpolation_duration: 1 }
$data merge entity $(bone_fire_large_left) { transformation: [0.0000247656067939887f,0.00000987787530320607f,-4.5101078807836575e-7f,0.8529527510308993f,0.000005644701183724828f,-0.000015121480218605295f,-0.00002122708872304196f,0.06153861805100702f,-0.000008118693231247677f,0.00001961834668374864f,-0.00001613438578701565f,-0.5528453977080193f,0f,0f,0f,1f], start_interpolation: 0, interpolation_duration: 1 }
$data merge entity $(bone_finger_left_0) { transformation: [1.3583002746621966f,0.5417642640066642f,-0.024736243388599505f,0.8808152146514742f,0.30959060409941186f,-0.8293562481665523f,-1.164225883202879f,0.6047828525058144f,-0.44527975177973617f,1.0759924402668821f,-0.8849103043713292f,-0.09727345368520382f,0f,0f,0f,1f], start_interpolation: 0, interpolation_duration: 1 }
$data merge entity $(bone_wing_left_1_model) { transformation: [-0.7537622882163875f,0.6718505654972281f,-0.10694070107162207f,0.5602463095812582f,-0.6356326330949861f,-0.7523938105374515f,-0.2466815612312934f,0.993730435319183f,-0.24246783631931498f,-0.11617854598775254f,0.9791266398401389f,-0.06178798741525196f,0f,0f,0f,1f], start_interpolation: 0, interpolation_duration: 1 }
$data merge entity $(bone_wing_left_0) { transformation: [-0.4967799191253708f,0.07868373981335014f,0.8643023666766015f,0.14822598753137353f,0.26332415627412487f,-0.9352698466416374f,0.23649672869925323f,0.8322413204397642f,0.8269643890013101f,0.3450785172274751f,0.4439039493761875f,-0.21247432359547014f,0f,0f,0f,1f], start_interpolation: 0, interpolation_duration: 1 }
$data merge entity $(bone_body_0) { transformation: [-0.995150071320313f,0.042239412053179354f,0.08883787267026157f,-0.003432161994993686f,-0.00040004139004022263f,-0.9048445745923769f,0.42574186521603286f,1.263925306876036f,0.09836755317716372f,0.4236415087077068f,0.9004730404525145f,0.0287962720223415f,0f,0f,0f,1f], start_interpolation: 0, interpolation_duration: 1 }
$data merge entity $(bone_leg_right_3) { transformation: [-0.9998216769569266f,0.008416614221448931f,0.01690487776017982f,-0.23249207251662596f,-0.005505912134241744f,-0.986215206223432f,0.16537609242343182f,1.9166751290979398f,0.018063754277816438f,0.16525352528379134f,0.9860856824651041f,-0.039545079739363914f,0f,0f,0f,1f], start_interpolation: 0, interpolation_duration: 1 }
$data merge entity $(bone_leg_right_2) { transformation: [-0.9100606647202336f,0.39050084164421967f,0.13891968616478606f,-0.16097556443864305f,-0.09776431785828876f,-0.5279569177315555f,0.843625290738192f,1.8210225827548225f,0.402779995385409f,0.7541688045090114f,0.5186498719008602f,0.08330847679818709f,0f,0f,0f,1f], start_interpolation: 0, interpolation_duration: 1 }
$data merge entity $(bone_leg_right_1) { transformation: [-0.9370119556059309f,0.2683205577248215f,0.22363513443506558f,-0.24098120513696492f,-0.03594137334952416f,-0.710907971546392f,0.7023660539017703f,1.6059406680649493f,0.3474432510976423f,0.6500876358569165f,0.6757730780170706f,-0.14125073107346847f,0f,0f,0f,1f], start_interpolation: 0, interpolation_duration: 1 }
$data merge entity $(bone_leg_right_0) { transformation: [-0.9326848371256385f,0.35997324912220485f,-0.022765203981608556f,-0.09234223480955943f,-0.02914989809202846f,-0.012317208903553423f,0.9994991594824132f,1.5258721837396523f,0.3595125561606237f,0.9328813141451754f,0.021981257507821927f,0.16948236783382564f,0f,0f,0f,1f], start_interpolation: 0, interpolation_duration: 1 }
$data merge entity $(bone_leg_left_3) { transformation: [-0.9968669618417153f,-0.07537841951703043f,-0.023965689215676017f,0.2636808496779497f,0.07073159553418085f,-0.9851516192851802f,0.1564395359651014f,1.9233611036761795f,-0.03540200250913564f,0.15425427349315707f,0.9873967375515484f,-0.06129977478192172f,0f,0f,0f,1f], start_interpolation: 0, interpolation_duration: 1 }
$data merge entity $(bone_leg_left_2) { transformation: [-0.8959378946616017f,-0.43517962388071135f,-0.08896057479793691f,0.18425715703045784f,0.13560328744757622f,-0.4586977766583107f,0.8781845467338473f,1.8395505427869918f,-0.4229740386155476f,0.7747354675292498f,0.4699765079336288f,0.06528886543983003f,0f,0f,0f,1f], start_interpolation: 0, interpolation_duration: 1 }
$data merge entity $(bone_leg_left_1) { transformation: [-0.928169595021943f,-0.3292925276572393f,-0.17340021368472613f,0.2489976012811443f,0.08074013476343314f,-0.6330092720655918f,0.7699222636846998f,1.6014601014266465f,-0.36329359134890493f,0.7006180790616925f,0.6141270827578924f,-0.14016085352132135f,0f,0f,0f,1f], start_interpolation: 0, interpolation_duration: 1 }
$data merge entity $(bone_leg_left_0) { transformation: [-0.928169595021943f,-0.3653428231664349f,0.07089304928962714f,0.09493480915591139f,0.08074013476343314f,-0.011725510525741889f,0.9966662144576255f,1.5230807748439354f,-0.36329359134890493f,0.9307991909986224f,0.04038109113341454f,0.16835316834104047f,0f,0f,0f,1f], start_interpolation: 0, interpolation_duration: 1 }
$data merge entity $(bone_tail_3) { transformation: [-2.4419185424806744f,0.0218009762644291f,0.03265385363175448f,0.02175592243992653f,0.03639737683681764f,0.49525684792263075f,2.391213836188467f,2.869820817463885f,0.01472371157300145f,2.3913914562140772f,-0.4955177497303773f,0.2364114753373973f,0f,0f,0f,1f], start_interpolation: 0, interpolation_duration: 1 }
$data merge entity $(bone_tail_2) { transformation: [-1.1561005710590595f,0.01388789349005034f,0.012355505304329955f,0.01662573375499813f,0.01723195406155923f,0.5125075792682997f,1.036317086345568f,2.4428228725180166f,0.006970785905234828f,1.036367294981348f,-0.5126483205248085f,0.44112223862871097f,0f,0f,0f,1f], start_interpolation: 0, interpolation_duration: 1 }
$data merge entity $(bone_tail_1) { transformation: [-1.3852376211788733f,0.006866043928360888f,0.021187982189160383f,0.010246406098593019f,0.020647296307994396f,-0.09837024919675046f,1.3817656543372023f,2.0295173698055895f,0.008352383111677767f,1.3819028517922385f,0.09825520944261816f,0.4048160152195897f,0f,0f,0f,1f], start_interpolation: 0, interpolation_duration: 1 }
$data merge entity $(bone_tail_0) { transformation: [-1.1977618528990257f,-0.005157001665756753f,0.018555035744774996f,0.004653598394075442f,0.017852925379092898f,-0.7301497683053585f,0.9495087830961954f,1.7358754674382186f,0.007221985397315363f,0.9496626040100918f,0.7301322631889857f,0.2031422831634727f,0f,0f,0f,1f], start_interpolation: 0, interpolation_duration: 1 }
$data merge entity $(bone_body_1) { transformation: [-1.0207014050791696f,0.0008736520413111945f,0.016388192272603692f,-1.5503528460289223e-17f,0.015213797279574816f,-0.33190425644804966f,0.9652506406982839f,1.4546282325877655f,0.006154387555973091f,0.965370134056478f,0.33184834221377835f,0.12659591705202988f,0f,0f,0f,1f], start_interpolation: 0, interpolation_duration: 1 }
data modify entity @s data merge value {"locators":{"body_1":{"posx":0.0014184124365259501,"posy":1.6146061635115103,"posz":-0.033630626103967276,"roty":177.17276866663798,"rotx":71.00582117854817},"body_0":{"posx":-0.02616538627292532,"posy":1.3189091370312913,"posz":-0.2009641847918488,"roty":174.36560937226048,"rotx":25.197630098515763},"neck_1":{"posx":-0.06480325494402298,"posy":1.2276108324689985,"posz":-0.3861521336439398,"roty":176.66866469695063,"rotx":-14.947962445725341},"neck_0":{"posx":-0.0801313426242839,"posy":1.2755403068712106,"posz":-0.6942255709930988,"roty":177.25662039268562,"rotx":-7.470135292660209},"pos_head":{"posx":-0.09557994315396626,"posy":1.3665778890455298,"posz":-0.9197206054010241,"roty":171.68701233685147,"rotx":-54.75988683301457},"head_0":{"posx":-0.09619961854355775,"posy":1.493904199694272,"posz":-0.6827536261080399,"roty":171.68701233685147,"rotx":-54.75988683301457},"arm_right_0":{"posx":-0.3317116502706104,"posy":1.69424106160159,"posz":-0.11058458450765019,"roty":170.5995566937114,"rotx":5.013060681967348},"arm_left_0":{"posx":0.42827077125572105,"posy":1.542491046699082,"posz":-0.18631455084111245,"roty":197.8341943333586,"rotx":26.841248863299985},"pos_wing_r_0":{"posx":-0.7279225238756415,"posy":0.5391734953855454,"posz":0.8731480520794065,"roty":335.8925106966377,"rotx":5.3966539779533},"pos_wing_r_1":{"posx":-0.9820720899416803,"posy":0.5979548536566651,"posz":0.30518876657713867,"roty":335.8925106966377,"rotx":5.3966539779533},"pos_wing_r_2":{"posx":-1.236221656007719,"posy":0.656736211927785,"posz":-0.26277051892512926,"roty":335.8925106966377,"rotx":5.3966539779533},"pos_wing_r_3":{"posx":-1.490371222073758,"posy":0.7155175701989047,"posz":-0.8307298044273969,"roty":335.8925106966377,"rotx":5.3966539779533},"pos_wing_r_4":{"posx":-1.7445207881397966,"posy":0.7742989284700246,"posz":-1.398689089929665,"roty":335.8925106966377,"rotx":5.3966539779533},"pos_wing_r_5":{"posx":-1.9986703542058355,"posy":0.8330802867411443,"posz":-1.966648375431933,"roty":335.8925106966377,"rotx":5.3966539779533},"finger_right_0":{"posx":-0.8198509899243963,"posy":0.7038914563313535,"posz":0.18597949575691242,"roty":335.8925106966377,"rotx":5.3966539779533},"finger_right_1":{"posx":-1.017457445360948,"posy":0.6312430146643507,"posz":-0.3804734611516237,"roty":335.8925106966377,"rotx":5.3966539779533},"finger_right_2":{"posx":-1.2693050292317567,"posy":0.6655772990228458,"posz":-0.9685166609458475,"roty":335.8925106966377,"rotx":5.3966539779533},"finger_right_3":{"posx":-1.539580216818926,"posy":0.7024234990314653,"posz":-1.599587115196281,"roty":335.8925106966377,"rotx":5.3966539779533},"pos_wing_l_0":{"posx":0.753220058030514,"posy":1.1639291633908544,"posz":0.49535785900963375,"roty":24.07704176901575,"rotx":-37.34984410982386},"pos_wing_l_1":{"posx":0.9559137296728999,"posy":0.7847540458173136,"posz":0.04174292794009769,"roty":24.07704176901575,"rotx":-37.34984410982386},"pos_wing_l_2":{"posx":1.1586074013152858,"posy":0.40557892824377273,"posz":-0.4118720031294384,"roty":24.07704176901575,"rotx":-37.34984410982386},"pos_wing_l_3":{"posx":1.3613010729576718,"posy":0.026403810670231898,"posz":-0.8654869341989745,"roty":24.07704176901575,"rotx":-37.34984410982386},"pos_wing_l_4":{"posx":1.5639947446000577,"posy":-0.3527713069033087,"posz":-1.3191018652685103,"roty":24.07704176901575,"rotx":-37.34984410982386},"pos_wing_l_5":{"posx":1.7666884162424439,"posy":-0.7319464244768497,"posz":-1.7727167963380466,"roty":24.07704176901575,"rotx":-37.34984410982386},"finger_left_0":{"posx":0.7832964412722156,"posy":0.7834708834955417,"posz":-0.10641484123254281,"roty":24.07704176901575,"rotx":-37.34984410982386},"finger_left_1":{"posx":0.9304218712019493,"posy":0.3169535129483604,"posz":-0.4612538336544586,"roty":24.07704176901575,"rotx":-37.34984410982386},"finger_left_2":{"posx":1.1291634108931667,"posy":-0.09348171083292886,"posz":-0.9111933639126593,"roty":24.07704176901575,"rotx":-37.34984410982386},"finger_left_3":{"posx":1.3424467751079645,"posy":-0.5339487963935363,"posz":-1.3940548251985703,"roty":24.07704176901575,"rotx":-37.34984410982386},"leg_right_0":{"posx":-0.2915370991913087,"posy":1.609810212638751,"posz":-0.270668795017361,"roty":226.00370460708675,"rotx":88.18655041775615},"leg_left_0":{"posx":0.3004020525103641,"posy":1.605214814758793,"posz":-0.2692476134754093,"roty":119.66608940410421,"rotx":85.32020114097388},"tail_0":{"posx":0.008238793763417207,"posy":1.991143578599939,"posz":0.16671569446638423,"roty":178.5442412123726,"rotx":52.43229412048321},"tail_1":{"posx":0.01305306696620041,"posy":2.2851289875657264,"posz":0.23842079970128705,"roty":167.83094778493322,"rotx":85.8394619567246},"tail_2":{"posx":0.016954783810529006,"posy":2.5852380729342817,"posz":0.14364111349799913,"roty":1.380637089123752,"rotx":63.67257345905372},"tail_3":{"posx":0.022541136837492936,"posy":3.0301725910403015,"posz":-0.02975472281462295,"roty":3.7702520224258933,"rotx":78.26793150333671},"tail_4":{"posx":0.028390723727594967,"posy":3.4585328472397805,"posz":-0.11852140148365857,"roty":3.7702520224258933,"rotx":78.26793150333671},"shadow":{"posx":1.3980722421607885e-17,"posy":1.6508516670998667,"posz":-0.11416126209893177,"roty":180,"rotx":37.28789516861252}},"cameras":{}}