# This file was generated by Animated Java via MC-Build. It is not recommended to edit this file directly.
$data merge entity $(bone_head_lower) { transformation: [-0.9816969508283916f,-0.11645626076280026f,0.1506951759791444f,-0.1621184653918924f,-0.18756328117903817f,0.7284281459712649f,-0.6589479886229407f,2.173484564279695f,-0.03303198885310569f,-0.6751521128501433f,-0.7369386081800817f,-0.3127197708436417f,0f,0f,0f,1f], start_interpolation: 0, interpolation_duration: 1 }
$data merge entity $(bone_head_upper) { transformation: [-0.9816969508283916f,-0.13211072151588005f,0.13717818337765017f,-0.16128583893099896f,-0.18756328117903817f,0.7955881616394623f,-0.5760724716669721f,2.174825850262061f,-0.03303198885310569f,-0.5912581790721332f,-0.8058055928030743f,-0.3333501622112517f,0f,0f,0f,1f], start_interpolation: 0, interpolation_duration: 1 }
$data merge entity $(bone_neck_0) { transformation: [-0.9855547144239739f,-0.03374187598182062f,0.16596201578044f,-0.12954926593458582f,-0.1484096100803705f,0.6441580537358879f,-0.750356574864901f,2.022991875685888f,-0.08158733058797772f,-0.7641478179072559f,-0.6398606253514181f,-0.440522233039627f,0f,0f,0f,1f], start_interpolation: 0, interpolation_duration: 1 }
$data merge entity $(bone_neck_1) { transformation: [-0.9917220956374401f,0.09400601716567049f,0.08746515741214878f,-0.1135397513397597f,-0.08961338510240975f,-0.01887069900153146f,-0.9957978398900457f,1.8490966305852756f,-0.09196046017159495f,-0.9953927694412101f,0.027138686578153062f,-0.44371542929910746f,0f,0f,0f,1f], start_interpolation: 0, interpolation_duration: 1 }
$data merge entity $(bone_neck_2) { transformation: [-0.9917220956374401f,0.09860650276481726f,0.08224379999110196f,-0.08085834447677664f,-0.08961338510240975f,-0.07279169487965348f,-0.9933130475167609f,1.6136968915266743f,-0.09196046017159495f,-0.9924606424282225f,0.08102559469691645f,-0.5667672910683622f,0f,0f,0f,1f], start_interpolation: 0, interpolation_duration: 1 }
$data merge entity $(bone_arm_right_2) { transformation: [-0.8903195651759866f,0.16675431278263703f,-0.4237028098009652f,-0.3038787997307392f,-0.10633114459067121f,0.8286585438537154f,0.5495622852673555f,1.6484624015987601f,0.44274683460740893f,0.5343388595887736f,-0.7200397374995973f,0.18932879481170395f,0f,0f,0f,1f], start_interpolation: 0, interpolation_duration: 1 }
$data merge entity $(bone_arm_right_1) { transformation: [-0.745621305116174f,-0.6031364095971159f,0.2833290327078285f,-0.38123744887088745f,-0.03111021069908823f,-0.3932122652165677f,-0.9189212530317896f,1.5285788328316552f,0.6656433160087406f,-0.6939816898892621f,0.27442374159560634f,-0.12513464226253873f,0f,0f,0f,1f], start_interpolation: 0, interpolation_duration: 1 }
$data merge entity $(bone_arm_right_0) { transformation: [-0.26495050559713473f,0.40724666394419096f,0.874043124960176f,-0.23158458470090904f,-0.8562263671598208f,0.3175267068518223f,-0.4074962559535152f,1.6415099162345803f,-0.44348352592189777f,-0.856345108669492f,0.2645664700859075f,-0.3854744667631166f,0f,0f,0f,1f], start_interpolation: 0, interpolation_duration: 1 }
$data merge entity $(bone_arm_left_2) { transformation: [-0.9375216352944217f,0.13581152646287376f,-0.3203254792155902f,0.4531398054551838f,0.04206525538252029f,0.9581601298236753f,0.2831248486196179f,1.6435928909935955f,0.3453747206216412f,0.25196109798161803f,-0.9040087983307581f,-0.11282816195297415f,0f,0f,0f,1f], start_interpolation: 0, interpolation_duration: 1 }
$data merge entity $(bone_arm_left_1) { transformation: [-0.9882729607245407f,-0.09474595536142422f,-0.11974873295113159f,0.2771667777423168f,0.15186670107419528f,-0.6915672115437714f,-0.7061666212887815f,1.4488897213202974f,-0.015907866154559025f,-0.7160712226170127f,0.6978459313732401f,-0.337255997014513f,0f,0f,0f,1f], start_interpolation: 0, interpolation_duration: 1 }
$data merge entity $(bone_arm_left_0) { transformation: [-0.69882294388225f,-0.5416383311101265f,-0.4671984710762469f,0.08195142411288803f,-0.2693843957079168f,0.8043526808486074f,-0.5295741800359407f,1.6920264956773323f,0.6626300177722304f,-0.2442226096902072f,-0.7080090228685496f,-0.4127656535918108f,0f,0f,0f,1f], start_interpolation: 0, interpolation_duration: 1 }
$data merge entity $(bone_finger_right_1_fire) { transformation: [0.000004107325980705766f,-0.000014007292353443876f,-0.000008043843110799111f,-1.5466144108153672f,-0.0000021214610434090455f,-0.000008695730032293864f,0.00001405921263885493f,1.8522125194882932f,-0.0000160127153883186f,-0.0000024408641724588664f,-0.000003925927376058992f,-0.8627236986138279f,0f,0f,0f,1f], start_interpolation: 0, interpolation_duration: 1 }
$data merge entity $(bone_finger_right_1_fire_s) { transformation: [0.0000024643955884234595f,-0.000008404375412066325f,-0.000004826305866479466f,-1.5466144108153672f,-0.0000012728766260454273f,-0.000005217438019376318f,0.000008435527583312957f,1.8522125194882932f,-0.00000960762923299116f,-0.0000014645185034753197f,-0.0000023555564256353947f,-0.8627236986138279f,0f,0f,0f,1f], start_interpolation: 0, interpolation_duration: 1 }
$data merge entity $(bone_finger_right_1) { transformation: [0.4899481298648602f,-1.6708794785898475f,-0.9595210868520269f,-1.017046636204238f,-0.25306145060850876f,-1.0372823309242187f,1.6770728625235043f,0.9951119918096326f,-1.9100991728971275f,-0.2911619000215973f,-0.46830974335152326f,-0.612512626029812f,0f,0f,0f,1f], start_interpolation: 0, interpolation_duration: 1 }
$data merge entity $(bone_finger_right_2_fire) { transformation: [0.000012916902550568148f,0.000009233114314398564f,0.000005067643074857622f,-0.6776154595168831f,0.000001683360014492025f,-0.000009725843000151643f,0.000013429521762735583f,1.4157314335107425f,0.00001039700463299471f,-0.000009896229371403415f,-0.000008470225302070595f,-0.9736518714951803f,0f,0f,0f,1f], start_interpolation: 0, interpolation_duration: 1 }
$data merge entity $(bone_finger_right_2_fire_s) { transformation: [0.000007750141530340889f,0.000005539868588639138f,0.0000030405858449145733f,-0.6776154595168831f,0.000001010016008695215f,-0.000005835505800090985f,0.000008057713057641349f,1.4157314335107425f,0.000006238202779796825f,-0.000005937737622842048f,-0.000005082135181242356f,-0.9736518714951803f,0f,0f,0f,1f], start_interpolation: 0, interpolation_duration: 1 }
$data merge entity $(bone_finger_right_2) { transformation: [0.9628304370352423f,0.6882395725852788f,0.37774388847496326f,-0.8404221781255687f,0.12547824465624058f,-0.7249677412763532f,1.001041252526927f,0.9830848368130284f,0.7749963642950469f,-0.7376684010246903f,-0.6313735585951976f,-0.7018359879892071f,0f,0f,0f,1f], start_interpolation: 0, interpolation_duration: 1 }
$data merge entity $(bone_finger_film_right) { transformation: [1.1252280637731196f,-0.16025262946204574f,-0.1855266746284483f,-0.9381043396659233f,-0.08171260427304596f,-0.26174961725056944f,0.8128307240950307f,1.0248378414582564f,-0.4888278293091462f,-0.32512983824126596f,-0.5629350860778339f,-0.7284957234877599f,0f,0f,0f,1f], start_interpolation: 0, interpolation_duration: 1 }
$data merge entity $(bone_finger_right_0_fire) { transformation: [0.000015221840400492766f,-0.000006222855241613879f,-0.000002710982338862233f,-1.071534552045081f,-9.471638581693938e-7f,-0.000008538741838489015f,0.000014281825731298952f,1.6080174798351186f,-0.0000067213267459246435f,-0.000012889675645078656f,-0.000008152165743957993f,-1.0960420924981342f,0f,0f,0f,1f], start_interpolation: 0, interpolation_duration: 1 }
$data merge entity $(bone_finger_right_0_fire_s) { transformation: [0.00000913310424029566f,-0.0000037337131449683274f,-0.0000016265894033173396f,-1.071534552045081f,-5.682983149016362e-7f,-0.000005123245103093408f,0.00000856909543877937f,1.6080174798351186f,-0.000004032796047554786f,-0.000007733805387047193f,-0.000004891299446374795f,-1.0960420924981342f,0f,0f,0f,1f], start_interpolation: 0, interpolation_duration: 1 }
$data merge entity $(bone_fire_large_right) { transformation: [0.000024354944640788424f,-0.000009956568386582206f,-0.000004337571742179572f,-1.030692410945f,-0.0000015154621730710299f,-0.000013661986941582421f,0.00002285092117007832f,1.669017149632802f,-0.000010754122793479428f,-0.000020623481032125847f,-0.000013043465190332786f,-1.0155629984201902f,0f,0f,0f,1f], start_interpolation: 0, interpolation_duration: 1 }
$data merge entity $(bone_finger_right_0) { transformation: [1.3357770019588322f,-0.5460802833012033f,-0.2378994763899579f,-0.9313978723224084f,-0.08311739353070052f,-0.749308537826219f,1.2532869781787648f,1.0428083335527643f,-0.5898231392287024f,-1.131120274316341f,-0.715384948891146f,-0.697067276955224f,0f,0f,0f,1f], start_interpolation: 0, interpolation_duration: 1 }
$data merge entity $(bone_wing_right_1_model) { transformation: [-0.5656085236881842f,-0.6972894999499414f,0.47418502109690674f,-0.6051898285478898f,-0.2832986598134513f,-0.3806563929632827f,-0.8976745862983565f,1.251436960717328f,0.7942329320300283f,-0.632348912229304f,0.017492453322532187f,-0.372465564860376f,0f,0f,0f,1f], start_interpolation: 0, interpolation_duration: 1 }
$data merge entity $(bone_wing_right_0) { transformation: [-0.6537056052200722f,0.02249309704603782f,-0.7564145968244774f,-0.2302945203182769f,0.581979266138311f,-0.6239609382357121f,-0.5215101929407735f,1.4285347812884555f,-0.4837035409101037f,-0.7811317482610008f,0.39479624665102936f,-0.5884183283550981f,0f,0f,0f,1f], start_interpolation: 0, interpolation_duration: 1 }
$data merge entity $(bone_finger_left_1_fire) { transformation: [0.000004445241899122287f,0.000015529694943397533f,0.00000410440948262703f,1.225915567827542f,0.00001278495766063135f,-0.0000059988048850515495f,0.00000885081777830293f,1.9042852419206868f,0.000009724323105076735f,7.87840525660304e-7f,-0.000013512757869212928f,-1.5885045507101512f,0f,0f,0f,1f], start_interpolation: 0, interpolation_duration: 1 }
$data merge entity $(bone_finger_left_1_fire_s) { transformation: [0.000002667145139473372f,0.00000931781696603852f,0.000002462645689576218f,1.225915567827542f,0.000007670974596378809f,-0.0000035992829310309294f,0.000005310490666981758f,1.9042852419206868f,0.000005834593863046041f,4.7270431539618243e-7f,-0.000008107654721527756f,-1.5885045507101512f,0f,0f,0f,1f], start_interpolation: 0, interpolation_duration: 1 }
$data merge entity $(bone_finger_left_1) { transformation: [0.5302569032754607f,1.8524814028960954f,0.48960023130844094f,0.9384477917388748f,1.5250715734891354f,-0.715575839040213f,1.0557821898297546f,1.3663357097111852f,1.1599794956414253f,0.09397866008012529f,-1.6118882402900807f,-0.7484798476189387f,0f,0f,0f,1f], start_interpolation: 0, interpolation_duration: 1 }
$data merge entity $(bone_finger_left_2_fire) { transformation: [0.000012268736301412304f,-0.000007168531563906593f,-0.00000871022632090927f,0.4848467488653768f,-0.000006299493843836039f,-0.000015029079263658142f,0.000003495844901583949f,1.386311469817898f,-0.000009358005378052402f,7.188250703289888e-7f,-0.000013772755847701166f,-1.2136710512888333f,0f,0f,0f,1f], start_interpolation: 0, interpolation_duration: 1 }
$data merge entity $(bone_finger_left_2_fire_s) { transformation: [0.000007361241780847382f,-0.000004301118938343956f,-0.000005226135792545562f,0.4848467488653768f,-0.0000037796963063016233f,-0.000009017447558194885f,0.0000020975069409503693f,1.386311469817898f,-0.00000561480322683144f,4.3129504219739326e-7f,-0.0000082636535086207f,-1.2136710512888333f,0f,0f,0f,1f], start_interpolation: 0, interpolation_duration: 1 }
$data merge entity $(bone_finger_left_2) { transformation: [0.9145158979649785f,-0.5343448517596446f,-0.6492633185397892f,0.7649522828864643f,-0.4695664759423836f,-1.1202728284908199f,0.26058150250978307f,1.2729187813656293f,-0.6975489961819081f,0.05358147233109743f,-1.0266260413521915f,-0.7706631870237582f,0f,0f,0f,1f], start_interpolation: 0, interpolation_duration: 1 }
$data merge entity $(bone_finger_film_left) { transformation: [1.0990934215961445f,0.19897683197419463f,-0.05395416740905579f,0.8476239975792709f,0.54554730158662f,-0.38516331678537025f,0.2484945679302104f,1.2997754196504654f,0.07835549912044815f,-0.10936461418354988f,-0.9733186742775324f,-0.8372962730001843f,0f,0f,0f,1f], start_interpolation: 0, interpolation_duration: 1 }
$data merge entity $(bone_finger_left_0_fire) { transformation: [0.000014913684823501891f,0.000007312889637636971f,-0.000001371651526725755f,0.8114692548325415f,0.000007336159726002201f,-0.000013940131140709403f,0.0000054434623202686926f,1.5022611415170608f,0.0000012411862219709324f,-0.0000054746841648942305f,-0.000015692834920269303f,-1.5086269013664957f,0f,0f,0f,1f], start_interpolation: 0, interpolation_duration: 1 }
$data merge entity $(bone_finger_left_0_fire_s) { transformation: [0.000008948210894101134f,0.000004387733782582182f,-8.22990916035453e-7f,0.8114692548325415f,0.0000044016958356013205f,-0.000008364078684425642f,0.0000032660773921612155f,1.5022611415170608f,7.447117331825595e-7f,-0.000003284810498936538f,-0.000009415700952161581f,-1.5086269013664957f,0f,0f,0f,1f], start_interpolation: 0, interpolation_duration: 1 }
$data merge entity $(bone_fire_large_left) { transformation: [0.000023861895717603022f,0.000011700623420219151f,-0.000002194642442761208f,0.7620064716423541f,0.00001173785556160352f,-0.000022304209825135045f,0.000008709539712429907f,1.5946521275736134f,0.000001985897955153492f,-0.000008759494663830768f,-0.000025108535872430882f,-1.4789071509763878f,0f,0f,0f,1f], start_interpolation: 0, interpolation_duration: 1 }
$data merge entity $(bone_finger_left_0) { transformation: [1.308735125159464f,0.6417351344389537f,-0.12036787378500373f,0.8386827036668579f,0.643777177191604f,-1.2233019196185346f,0.47768545636630083f,1.3328849430382894f,0.10891902469318165f,-0.4804252973390241f,-1.3771086432724393f,-0.8238994350896977f,0f,0f,0f,1f], start_interpolation: 0, interpolation_duration: 1 }
$data merge entity $(bone_wing_left_1_model) { transformation: [-0.785661459954382f,0.6419819747850461f,-0.03965220593209965f,0.5316334268579014f,-0.014647647528231927f,-0.08043688839894636f,-1.012073335509055f,1.3994697523747097f,-0.6430385678993741f,-0.7825382636508122f,0.07150069341016392f,-0.42818354184379237f,0f,0f,0f,1f], start_interpolation: 0, interpolation_duration: 1 }
$data merge entity $(bone_wing_left_0) { transformation: [-0.46781442818499464f,0.07540071226946625f,0.8806045612936625f,0.11296347257809243f,-0.7193659492232676f,-0.6113398457326512f,-0.3298124074647368f,1.483840134358147f,0.5134805662145883f,-0.7877679389317869f,0.34023430531195814f,-0.6182966126708904f,0f,0f,0f,1f], start_interpolation: 0, interpolation_duration: 1 }
$data merge entity $(bone_body_0) { transformation: [-0.9836423805923046f,0.04612303193740594f,0.17412734715605394f,-0.0047759777452706645f,-0.1584833864870651f,-0.6810611389681116f,-0.7148697372214396f,1.3799021964058134f,0.08561940965864845f,-0.7307724617911924f,0.6772303343599909f,-0.12545070808730147f,0f,0f,0f,1f], start_interpolation: 0, interpolation_duration: 1 }
$data merge entity $(bone_leg_right_3) { transformation: [-0.9995681051107961f,0.024300970659886068f,-0.01652471089610534f,-0.24185531713403752f,-0.008398147318325049f,-0.7750745446937458f,-0.6318139926350184f,1.8113061002841608f,-0.02816157607152381f,-0.6314023384441733f,0.7749438770907207f,0.3531518922719681f,0f,0f,0f,1f], start_interpolation: 0, interpolation_duration: 1 }
$data merge entity $(bone_leg_right_2) { transformation: [-0.9189581716678328f,0.3799958973185249f,0.10544665355526006f,-0.17184467260136477f,-0.3686385941464875f,-0.9227310735114902f,0.11257421055479203f,1.65495652592228f,0.1400766419879321f,0.06457928458431889f,0.9880324136241496f,0.3563670365135393f,0f,0f,0f,1f], start_interpolation: 0, interpolation_duration: 1 }
$data merge entity $(bone_leg_right_1) { transformation: [-0.9462838721494297f,0.27221160544574324f,0.1744926221091679f,-0.23618979768037432f,-0.2863960596625408f,-0.9561315792760683f,-0.06156054029020969f,1.6872693933117746f,0.15008041284475557f,-0.1082277458496807f,0.9827322243157823f,0.043471600481321204f,0f,0f,0f,1f], start_interpolation: 0, interpolation_duration: 1 }
$data merge entity $(bone_leg_right_0) { transformation: [-0.93819598126912f,0.3442164781262837f,-0.03610148081188341f,-0.09182015783550809f,-0.29770468495093644f,-0.7493951666002435f,0.591421004728829f,1.3912281465809133f,0.17652258011012883f,0.5656163898460966f,0.8055543918623571f,0.17222155878722853f,0f,0f,0f,1f], start_interpolation: 0, interpolation_duration: 1 }
$data merge entity $(bone_leg_left_3) { transformation: [-0.9709105773633367f,-0.20523033055019183f,0.12334164822253263f,0.3062011796516485f,0.1658992507931159f,-0.9480253813837992f,-0.2715240594098164f,1.8579861410710157f,0.17265598556167938f,-0.24316329425791566f,0.9544954284727423f,0.26434291114773983f,0f,0f,0f,1f], start_interpolation: 0, interpolation_duration: 1 }
$data merge entity $(bone_leg_left_2) { transformation: [-0.8930786414576598f,-0.43938841139447493f,0.09668693864416494f,0.22476801138510646f,0.4328107926851681f,-0.7804102729937146f,0.4512589318131144f,1.7240009100310718f,-0.12282246499471262f,0.4448568643261741f,0.8871397930171474f,0.33343425556049217f,0f,0f,0f,1f], start_interpolation: 0, interpolation_duration: 1 }
$data merge entity $(bone_leg_left_1) { transformation: [-0.9287426763390788f,-0.3686491284446298f,-0.03917730521028728f,0.24703710525551012f,0.35449609086357425f,-0.9140380652055912f,0.1971469931742929f,1.6724131493220153f,-0.10848761546356231f,0.16921062452527885f,0.979590833888719f,0.017315985266963263f,0f,0f,0f,1f], start_interpolation: 0, interpolation_duration: 1 }
$data merge entity $(bone_leg_left_0) { transformation: [-0.9287426763390788f,-0.3422228115876117f,0.14255030121187118f,0.09543440007940726f,0.35449609086357425f,-0.7072839033942463f,0.6116224338281286f,1.3907229918620083f,-0.10848761546356231f,0.6185733806335906f,0.7782013942820726f,0.16807022040520386f,0f,0f,0f,1f], start_interpolation: 0, interpolation_duration: 1 }
$data merge entity $(bone_tail_3) { transformation: [-2.4416253452866354f,0.05164044830429796f,0.017511772807948404f,0.029003797836886787f,0.006586747893901853f,-0.499262270355567f,2.39064876654552f,2.0301167235188524f,0.05412959301646605f,2.3901000343777175f,0.4989985347288468f,1.319133533081064f,0f,0f,0f,1f], start_interpolation: 0, interpolation_duration: 1 }
$data merge entity $(bone_tail_2) { transformation: [-1.1559617599408487f,0.021614352807704983f,0.014117075021389362f,0.023113142869723616f,0.003118426298457192f,-0.5107378450504567f,1.037328873381358f,1.6078748477063547f,0.02562708473230169f,1.0371083530113525f,0.5105522295928242f,1.1048039762634112f,0f,0f,0f,1f], start_interpolation: 0, interpolation_duration: 1 }
$data merge entity $(bone_tail_1) { transformation: [-1.3850712979471431f,0.009401939157955463f,0.02946936410688416f,0.01424117284271998f,0.003736492772025284f,-1.2593538153569332f,0.5774022399034127f,1.4412326057833f,0.03070632675131644f,0.5773377794357336f,1.2590145154887757f,0.7248935557605627f,0f,0f,0f,1f], start_interpolation: 0, interpolation_duration: 1 }
$data merge entity $(bone_tail_0) { transformation: [-1.1976180395783569f,-0.006651864975663263f,0.025906065826686295f,0.006441389908252112f,0.003230802020924118f,-1.187760771639845f,-0.15562214350663547f,1.4684870577998f,0.02655058328121346f,-0.15551347955609438f,1.1874826164965793f,0.369752036423769f,0f,0f,0f,1f], start_interpolation: 0, interpolation_duration: 1 }
$data merge entity $(bone_body_1) { transformation: [-1.0205788511189475f,0.0017905047178945763f,0.022722173884306834f,-1.0837380104624087e-17f,0.0027532052004396825f,-1.0005424055485437f,0.20250434317491225f,1.3921104116807825f,0.022625714448338427f,0.20251514322744749f,1.000288152610893f,0.08849392422508671f,0f,0f,0f,1f], start_interpolation: 0, interpolation_duration: 1 }
data modify entity @s data merge value {"locators":{"body_1":{"posx":0.001851145390244763,"posy":1.6112778872413722,"posz":0.1453242534986855,"roty":178.69871415874067,"rotx":11.441750852001856},"body_0":{"posx":-0.04390568201791857,"posy":1.6133430380564984,"posz":-0.1428899819550135,"roty":165.58062322462794,"rotx":-45.632524672404465},"neck_1":{"posx":-0.12015628543106376,"posy":1.765110578314399,"posz":-0.2905187459204245,"roty":134.57250575427813,"rotx":-83.37029727797632},"neck_0":{"posx":-0.14408973629377708,"posy":2.0493676950066764,"posz":-0.3094171987728462,"roty":107.23806983218138,"rotx":-84.74556375723998},"pos_head":{"posx":-0.18150116544722233,"posy":2.2625128599069995,"posz":-0.23044730128119928,"roty":9.661260222263024,"rotx":-35.17477268643877},"head_0":{"posx":-0.14191601381164654,"posy":2.0319393832293624,"posz":-0.09765193133545975,"roty":9.661260222263024,"rotx":-35.17477268643877},"arm_right_0":{"posx":-0.18761769431136488,"posy":1.630262125282779,"posz":0.29516050081976986,"roty":134.0852717029869,"rotx":-66.76888254159878},"arm_left_0":{"posx":0.44114841683852773,"posy":1.6847293805978445,"posz":0.03952747630821546,"roty":189.73699009152196,"rotx":-44.923870837556095},"pos_wing_r_0":{"posx":-0.6628686739569778,"posy":0.30902291561453255,"posz":-0.4332718565963455,"roty":296.0154360258837,"rotx":57.51720586679126},"pos_wing_r_1":{"posx":-0.9645127906119443,"posy":0.8362433895715922,"posz":-0.5804941331985576,"roty":296.0154360258837,"rotx":57.51720586679126},"pos_wing_r_2":{"posx":-1.266156907266911,"posy":1.363463863528652,"posz":-0.7277164098007698,"roty":296.0154360258837,"rotx":57.51720586679126},"pos_wing_r_3":{"posx":-1.5678010239218776,"posy":1.8906843374857116,"posz":-0.874938686402982,"roty":296.0154360258837,"rotx":57.51720586679126},"pos_wing_r_4":{"posx":-1.8694451405768442,"posy":2.4179048114427713,"posz":-1.0221609630051942,"roty":296.0154360258837,"rotx":57.51720586679126},"pos_wing_r_5":{"posx":-2.171089257231811,"posy":2.9451252853998313,"posz":-1.1693832396074062,"roty":296.0154360258837,"rotx":57.51720586679126},"finger_right_0":{"posx":-0.8099703474897424,"posy":0.9981003801070976,"posz":-0.5396523994550843,"roty":296.0154360258837,"rotx":57.51720586679126},"finger_right_1":{"posx":-1.0598104737600489,"posy":1.4767406383703867,"posz":-0.8110901900667727,"roty":296.0154360258837,"rotx":57.51720586679126},"finger_right_2":{"posx":-1.3618151448952502,"posy":2.013070689592359,"posz":-0.9886968008022927,"roty":296.0154360258837,"rotx":57.51720586679126},"finger_right_3":{"posx":-1.6859174375053423,"posy":2.58864401321696,"posz":-1.17929924245721,"roty":296.0154360258837,"rotx":57.51720586679126},"pos_wing_l_0":{"posx":0.7745119008997832,"posy":0.9316915996197018,"posz":-0.10622053542444487,"roty":16.895806555372587,"rotx":32.07636347410917},"pos_wing_l_1":{"posx":0.9284272564982968,"posy":1.2635972663060617,"posz":-0.6129489555199295,"roty":16.895806555372587,"rotx":32.07636347410917},"pos_wing_l_2":{"posx":1.0823426120968105,"posy":1.5955029329924215,"posz":-1.1196773756154141,"roty":16.895806555372587,"rotx":32.07636347410917},"pos_wing_l_3":{"posx":1.236257967695324,"posy":1.9274085996787813,"posz":-1.6264057957108988,"roty":16.895806555372587,"rotx":32.07636347410917},"pos_wing_l_4":{"posx":1.3901733232938376,"posy":2.2593142663651413,"posz":-2.1331342158063835,"roty":16.895806555372587,"rotx":32.07636347410917},"pos_wing_l_5":{"posx":1.5440886788923511,"posy":2.591219933051501,"posz":-2.6398626359018684,"roty":16.895806555372587,"rotx":32.07636347410917},"finger_left_0":{"posx":0.7418332183414575,"posy":1.3873716025242322,"posz":-0.6530946644392864,"roty":16.895806555372587,"rotx":32.07636347410917},"finger_left_1":{"posx":0.8498206730829339,"posy":1.593692473857709,"posz":-1.2107374420020538,"roty":16.895806555372587,"rotx":32.07636347410917},"finger_left_2":{"posx":0.9999808414005859,"posy":1.9121365945484525,"posz":-1.7459440556163817,"roty":16.895806555372587,"rotx":32.07636347410917},"finger_left_3":{"posx":1.1611281483015008,"posy":2.253881028727712,"posz":-2.320311990736617,"roty":16.895806555372587,"rotx":32.07636347410917},"leg_right_0":{"posx":-0.284587659438784,"posy":1.792551956207931,"posz":-0.03329516316714115,"roty":182.56603324758106,"rotx":36.25791197902426},"leg_left_0":{"posx":0.2953844392810677,"posy":1.771857975077395,"posz":-0.06690496816465878,"roty":169.6196869773231,"rotx":37.70690817140572},"tail_0":{"posx":0.01136252193518869,"posy":1.627997864551601,"posz":0.5723196635387124,"roty":178.7502361687096,"rotx":-7.464429669993351},"tail_1":{"posx":0.018164455150736718,"posy":1.7099393006063792,"posz":0.8691636643754476,"roty":178.6591402140634,"rotx":24.630928535648874},"tail_2":{"posx":0.022477698012997687,"posy":1.9306155470977047,"posz":1.0368683114120643,"roty":178.41614093760617,"rotx":63.785848660786975},"tail_3":{"posx":0.02569373444696261,"posy":2.2833061113876454,"posz":1.1390170978497565,"roty":177.99009614923656,"rotx":78.202912605809},"tail_4":{"posx":0.028830780315882806,"posy":2.7115651414343813,"posz":1.228407321737189,"roty":177.99009614923656,"rotx":78.202912605809},"shadow":{"posx":-1.758394451699538e-17,"posy":1.6977781410594948,"posz":0.14358380334017945,"roty":180,"rotx":-23.74779095760883}},"cameras":{}}