# This file was generated by Animated Java via MC-Build. It is not recommended to edit this file directly.
$data merge entity $(bone_head_lower) { transformation: [-0.9635888550999065f,-0.19703868858942983f,0.18075473306723944f,-0.18893407379620036f,-0.20964707191740048f,0.9763214230406247f,-0.05333464304173346f,2.2135197814679985f,-0.16596573008820695f,-0.08928736814850423f,-0.9820810263544453f,0.10465146738382078f,0f,0f,0f,1f], start_interpolation: 0, interpolation_duration: 1 }
$data merge entity $(bone_head_upper) { transformation: [-0.9635888550999065f,-0.21670000215929722f,0.1566449086035415f,-0.18891043777433125f,-0.20964707191740048f,0.9759080848955506f,0.06042776739180761f,2.227403857638932f,-0.16596573008820695f,0.025387376777814025f,-0.9858046751444367f,0.08931076227913909f,0f,0f,0f,1f], start_interpolation: 0, interpolation_duration: 1 }
$data merge entity $(bone_neck_0) { transformation: [-0.9754616806074179f,-0.06410059260724196f,0.21063148789758906f,-0.14827069056886943f,-0.10820272826370253f,0.9727482150874721f,-0.2050684754915485f,2.172379960459378f,-0.1917463930895263f,-0.2228273413913492f,-0.9558144677005149f,-0.0863804451077044f,0f,0f,0f,1f], start_interpolation: 0, interpolation_duration: 1 }
$data merge entity $(bone_neck_1) { transformation: [-0.9889770987605219f,0.10961209030171234f,0.09954641021609183f,-0.13002895926463176f,-0.01792766700398646f,0.5787107772453961f,-0.8153357805565894f,2.034731133563213f,-0.14697923963272957f,-0.8081330496642974f,-0.5703666164470582f,-0.19233372264855736f,0f,0f,0f,1f], start_interpolation: 0, interpolation_duration: 1 }
$data merge entity $(bone_neck_2) { transformation: [-0.9889770987605219f,0.12504811672917096f,0.0792922860668603f,-0.09424874685386012f,-0.01792766700398646f,0.43044526375839787f,-0.90243862598171f,1.891620515377776f,-0.14697923963272957f,-0.8939126598334146f,-0.42345868713079154f,-0.41563172879886623f,0f,0f,0f,1f], start_interpolation: 0, interpolation_duration: 1 }
$data merge entity $(bone_arm_right_2) { transformation: [-0.8743818323871362f,0.07959964140455703f,-0.47866513167305197f,-0.2979435898994319f,-0.35505573017110037f,0.5674245537870937f,0.7429433385071733f,1.5338491613972638f,0.33074437208209684f,0.81956895551734f,-0.4678834122815594f,0.27043047777937f,0f,0f,0f,1f], start_interpolation: 0, interpolation_duration: 1 }
$data merge entity $(bone_arm_right_1) { transformation: [-0.7244228038416797f,-0.6164688594484773f,0.30850890846854423f,-0.382548753586182f,-0.4062082649963728f,0.020156232025666132f,-0.9135581928695966f,1.5984401487321414f,0.5569618000570552f,-0.7871212559960635f,-0.26501637993977517f,-0.05807166003150588f,0f,0f,0f,1f], start_interpolation: 0, interpolation_duration: 1 }
$data merge entity $(bone_arm_right_0) { transformation: [-0.3373982978697247f,0.3763186302275059f,0.8628711822388705f,-0.24144934043248598f,-0.5353732959854172f,0.6772389843966934f,-0.5047006954215986f,1.818138995860093f,-0.7742982775005526f,-0.6322433444149714f,-0.02702833518084799f,-0.2444841213965111f,0f,0f,0f,1f], start_interpolation: 0, interpolation_duration: 1 }
$data merge entity $(bone_arm_left_2) { transformation: [-0.9182977572809012f,0.015676160197313153f,-0.39557993752759407f,0.45349763828314726f,-0.22140338057504483f,0.80801044329978f,0.5459850424585218f,1.7201303533594825f,0.3281916696730869f,0.5889595754548526f,-0.738523423079614f,0.014161459734057857f,0f,0f,0f,1f], start_interpolation: 0, interpolation_duration: 1 }
$data merge entity $(bone_arm_left_1) { transformation: [-0.9964253797721772f,-0.07893568559265846f,-0.030093522324407408f,0.2814268213944273f,0.0495457316836361f,-0.2575312896036058f,-0.9649988887802078f,1.6452202214521183f,0.06842282526909949f,-0.963040389815048f,0.2605216393451291f,-0.27570711397917125f,0f,0f,0f,1f], start_interpolation: 0, interpolation_duration: 1 }
$data merge entity $(bone_arm_left_0) { transformation: [-0.6787140604063598f,-0.5946253170273793f,-0.431008070175955f,0.07026486957591441f,-0.5710859236103554f,0.7963234371458352f,-0.19932348408140452f,1.8847407740296502f,0.46174461779301673f,0.11085899062471957f,-0.8800580617986798f,-0.24461421171872033f,0f,0f,0f,1f], start_interpolation: 0, interpolation_duration: 1 }
$data merge entity $(bone_finger_right_1_fire) { transformation: [0.000003799367477164932f,-0.000013805103396672972f,-0.000008530047172109177f,-1.566413619740169f,0.000005743554366405357f,-0.000007049685278449877f,0.000013967508671654039f,2.1981883834591507f,-0.000015177422962788678f,-0.000006123629271906766f,0.000003150361015286855f,-0.5736310024670573f,0f,0f,0f,1f], start_interpolation: 0, interpolation_duration: 1 }
$data merge entity $(bone_finger_right_1_fire_s) { transformation: [0.000002279620486298959f,-0.000008283062038003783f,-0.000005118028303265506f,-1.566413619740169f,0.0000034461326198432143f,-0.000004229811167069926f,0.000008380505202992422f,2.1981883834591507f,-0.000009106453777673207f,-0.0000036741775631440595f,0.000001890216609172113f,-0.5736310024670573f,0f,0f,0f,1f], start_interpolation: 0, interpolation_duration: 1 }
$data merge entity $(bone_finger_right_1) { transformation: [0.4532128686280869f,-1.6467610858168906f,-1.0175186189910839f,-1.006982925619121f,0.685127923572776f,-0.8409315779992833f,1.6661338264103922f,1.3430145581507436f,-1.8104601465083954f,-0.7304656907803792f,0.37579522421391387f,-0.7563437559351535f,0f,0f,0f,1f], start_interpolation: 0, interpolation_duration: 1 }
$data merge entity $(bone_finger_right_2_fire) { transformation: [0.000013097676481267462f,0.000009278846652039577f,0.000004486831106445274f,-0.6880539939673751f,-0.0000028987406077373743f,-0.0000036463222662927945f,0.000016002481513726844f,1.8954342555923023f,0.000009890700251189765f,-0.000013356089117554172f,-0.0000012516827884265919f,-0.88153404107607f,0f,0f,0f,1f], start_interpolation: 0, interpolation_duration: 1 }
$data merge entity $(bone_finger_right_2_fire_s) { transformation: [0.000007858605888760477f,0.000005567307991223746f,0.0000026920986638671643f,-0.6880539939673751f,-0.0000017392443646424245f,-0.0000021877933597756765f,0.000009601488908236106f,1.8954342555923023f,0.000005934420150713859f,-0.000008013653470532503f,-7.510096730559551e-7f,-0.88153404107607f,0f,0f,0f,1f], start_interpolation: 0, interpolation_duration: 1 }
$data merge entity $(bone_finger_right_2) { transformation: [0.9763053891004448f,0.6916484770393582f,0.3344499610653179f,-0.8321737839828108f,-0.21607313945995654f,-0.27179813794225804f,1.1928305729017286f,1.3804085464624791f,0.7372562584687729f,-0.9955675574536791f,-0.0933008731382941f,-0.8421514961404712f,0f,0f,0f,1f], start_interpolation: 0, interpolation_duration: 1 }
$data merge entity $(bone_finger_film_right) { transformation: [1.1156416916998841f,-0.16009138067543444f,-0.22149951895017206f,-0.9315931707005275f,0.19629772894878686f,-0.08539483936344965f,0.9743192498290942f,1.426235109454637f,-0.47809895341586667f,-0.4086338830036427f,-0.11683238714634211f,-0.845553149554918f,0f,0f,0f,1f], start_interpolation: 0, interpolation_duration: 1 }
$data merge entity $(bone_finger_right_0_fire) { transformation: [0.000015085154449488086f,-0.000006269097567742472f,-0.0000033036810831242592f,-1.0900022069024686f,0.0000028459613492109805f,-0.000001756197564480448f,0.000016327708102825942f,2.1083108650096545f,-0.000006489714709574285f,-0.00001534248883259871f,-5.19054127906482e-7f,-0.8972415089721912f,0f,0f,0f,1f], start_interpolation: 0, interpolation_duration: 1 }
$data merge entity $(bone_finger_right_0_fire_s) { transformation: [0.000009051092669692851f,-0.000003761458540645483f,-0.0000019822086498745554f,-1.0900022069024686f,0.0000017075768095265881f,-0.0000010537185386882688f,0.000009796624861695565f,2.1083108650096545f,-0.0000038938288257445705f,-0.000009205493299559225f,-3.1143247674388923e-7f,-0.8972415089721912f,0f,0f,0f,1f], start_interpolation: 0, interpolation_duration: 1 }
$data merge entity $(bone_fire_large_right) { transformation: [0.000024136247119180934f,-0.000010030556108387954f,-0.000005285889732998814f,-1.049092398417912f,0.000004553538158737568f,-0.0000028099161031687167f,0.000026124332964521503f,2.1261404854564314f,-0.000010383543535318854f,-0.000024547982132157933f,-8.304866046503712e-7f,-0.7978714078695324f,0f,0f,0f,1f], start_interpolation: 0, interpolation_duration: 1 }
$data merge entity $(bone_finger_right_0) { transformation: [1.3237822664315162f,-0.5501382312322336f,-0.2899111471764591f,-0.9246868340039948f,0.24974442108962663f,-0.1541133171684781f,1.432821288662685f,1.42769480371687f,-0.569498262381114f,-1.3463643814536461f,-0.045549062963952225f,-0.8094168195269281f,0f,0f,0f,1f], start_interpolation: 0, interpolation_duration: 1 }
$data merge entity $(bone_wing_right_1_model) { transformation: [-0.5416184206085879f,-0.7067707853536067f,0.4879565825664666f,-0.5937981354922373f,-0.6623813443234388f,-0.0234603964110869f,-0.7692058551092474f,1.450310673919992f,0.5466969216957167f,-0.7286300500341175f,-0.4485507875787829f,-0.4282278178455759f,0f,0f,0f,1f], start_interpolation: 0, interpolation_duration: 1 }
$data merge entity $(bone_wing_right_0) { transformation: [-0.7072967154430495f,0.016781397287908752f,-0.7067175822268321f,-0.24019093186129287f,0.6990716879149943f,-0.131920944872721f,-0.7027770908755983f,1.7393895575109535f,-0.10502443277235281f,-0.9911181811514473f,0.08157585127898867f,-0.5279329275271065f,0f,0f,0f,1f], start_interpolation: 0, interpolation_duration: 1 }
$data merge entity $(bone_finger_left_1_fire) { transformation: [0.000004057539893822803f,0.000015756226616905308f,0.000003613235473165185f,1.177502171030106f,0.000006113024130095505f,-0.000004944254701361357f,0.000014695681651788524f,2.6920692786408496f,0.000014964794812247987f,-0.0000022524311360325537f,-0.000006982782252263385f,-1.1430455807835527f,0f,0f,0f,1f], start_interpolation: 0, interpolation_duration: 1 }
$data merge entity $(bone_finger_left_1_fire_s) { transformation: [0.0000024345239362936817f,0.000009453735970143184f,0.000002167941283899111f,1.177502171030106f,0.000003667814478057303f,-0.0000029665528208168143f,0.000008817408991073114f,2.6920692786408496f,0.000008978876887348792f,-0.0000013514586816195322f,-0.000004189669351358031f,-1.1430455807835527f,0f,0f,0f,1f], start_interpolation: 0, interpolation_duration: 1 }
$data merge entity $(bone_finger_left_1) { transformation: [0.48400932679050435f,1.8795035507148128f,0.43100985194617153f,0.9201233548037978f,0.7292006415922244f,-0.5897823440084714f,1.7529949597879062f,1.7877648449520473f,1.785096499891738f,-0.2686844014652336f,-0.832950956856391f,-0.7029790409671475f,0f,0f,0f,1f], start_interpolation: 0, interpolation_duration: 1 }
$data merge entity $(bone_finger_left_2_fire) { transformation: [0.000012398174936113508f,-0.0000065780196420460035f,-0.000008988475600465389f,0.46101693945713224f,-1.0330977172343937e-7f,-0.000013517065077838647f,0.000009749669561083546f,2.0269153260588553f,-0.000011137879651099264f,-0.00000719697068551134f,-0.000010095990669929175f,-1.0961509370044002f,0f,0f,0f,1f], start_interpolation: 0, interpolation_duration: 1 }
$data merge entity $(bone_finger_left_2_fire_s) { transformation: [0.000007438904961668105f,-0.000003946811785227602f,-0.000005393085360279233f,0.46101693945713224f,-6.198586303406362e-8f,-0.000008110239046703188f,0.000005849801736650127f,2.0269153260588553f,-0.000006682727790659558f,-0.000004318182411306804f,-0.000006057594401957505f,-1.0961509370044002f,0f,0f,0f,1f], start_interpolation: 0, interpolation_duration: 1 }
$data merge entity $(bone_finger_left_2) { transformation: [0.9241642990991283f,-0.49032788642498365f,-0.6700041172251501f,0.7501089098444851f,-0.007700746542685272f,-1.0075667618748698f,0.7267437814675137f,1.712498676453712f,-0.8302214474508168f,-0.5364647138377551f,-0.752558678133255f,-0.7718964337311083f,0f,0f,0f,1f], start_interpolation: 0, interpolation_duration: 1 }
$data merge entity $(bone_finger_film_left) { transformation: [1.0781345524218888f,0.21240431780580685f,-0.0741211201817352f,0.8309532437308291f,0.46921928705978366f,-0.2658629818981452f,0.7118933747078573f,1.7729948807416223f,0.3594814869112723f,-0.29000768908562974f,-0.7069113995113264f,-0.8143259343430869f,0f,0f,0f,1f], start_interpolation: 0, interpolation_duration: 1 }
$data merge entity $(bone_finger_left_0_fire) { transformation: [0.00001463379295219372f,0.000007782152862886277f,-0.0000017515645659735885f,0.7796943638955794f,0.000006218357340193059f,-0.000008837185332237994f,0.000012689127833350977f,2.2906779222415374f,0.000004996189908297156f,-0.000011794915429969236f,-0.000010662824868574037f,-1.2858863666813576f,0f,0f,0f,1f], start_interpolation: 0, interpolation_duration: 1 }
$data merge entity $(bone_finger_left_0_fire_s) { transformation: [0.000008780275771316231f,0.000004669291717731766f,-0.000001050938739584153f,0.7796943638955794f,0.0000037310144041158352f,-0.000005302311199342796f,0.000007613476700010586f,2.2906779222415374f,0.0000029977139449782933f,-0.000007076949257981541f,-0.000006397694921144422f,-1.2858863666813576f,0f,0f,0f,1f], start_interpolation: 0, interpolation_duration: 1 }
$data merge entity $(bone_fire_large_left) { transformation: [0.00002341406872350995f,0.000012451444580618042f,-0.0000028025033055577414f,0.7270502649062255f,0.000009949371744308893f,-0.000014139496531580788f,0.00002030260453336156f,2.3525900172328487f,0.000007993903853275448f,-0.000018871864687950774f,-0.00001706051978971846f,-1.2133507469896652f,0f,0f,0f,1f], start_interpolation: 0, interpolation_duration: 1 }
$data merge entity $(bone_finger_left_0) { transformation: [1.2841735008819837f,0.6829148477759007f,-0.15370675313333212f,0.8208949909354377f,0.5456855745723681f,-0.7754981407155794f,1.1135214066596857f,1.7941064003754637f,0.43843552430796084f,-1.0350507137686344f,-0.9357052669462242f,-0.785886563195841f,0f,0f,0f,1f], start_interpolation: 0, interpolation_duration: 1 }
$data merge entity $(bone_wing_left_1_model) { transformation: [-0.796377975751836f,0.6296066100953925f,-0.0188339932950143f,0.5195972019627737f,0.2972719839019088f,0.3489114223414458f,-0.9060172570037129f,1.6403469375017792f,-0.5553274442761417f,-0.7161238851802789f,-0.45799027691630195f,-0.41054467460937455f,0f,0f,0f,1f], start_interpolation: 0, interpolation_duration: 1 }
$data merge entity $(bone_wing_left_0) { transformation: [-0.4708059516342609f,0.07084462637478398f,0.8793877386111176f,0.10107256284723726f,-0.8794246109692951f,-0.11720877083341712f,-0.4613832004540506f,1.8123049230675408f,0.07038543547681808f,-0.9905771766770806f,0.11748509488101844f,-0.528075349901703f,0f,0f,0f,1f], start_interpolation: 0, interpolation_duration: 1 }
$data merge entity $(bone_body_0) { transformation: [-0.9779269333596876f,0.044178753850843355f,0.204223286424207f,-0.0034321619949936625f,-0.208946755041748f,-0.20867673809999948f,-0.9554031989340769f,1.4670790581662088f,0.00040812650104847525f,-0.9769863134579369f,0.21330160981255705f,-0.15731852466200008f,0f,0f,0f,1f], start_interpolation: 0, interpolation_duration: 1 }
$data merge entity $(bone_leg_right_3) { transformation: [-0.9990241422523117f,0.03107360136983385f,-0.031387808062072906f,-0.24710871104288518f,0.015841291465039917f,-0.411283690504605f,-0.9113697270645058f,1.6639307734595206f,-0.04122883313595638f,-0.9109775832713014f,0.41039009015256045f,0.4705522460593127f,0f,0f,0f,1f], start_interpolation: 0, interpolation_duration: 1 }
$data merge entity $(bone_leg_right_2) { transformation: [-0.9233019518327945f,0.3732961435178064f,0.09035206127413624f,-0.17811081753238872f,-0.382628866440884f,-0.8736175930337198f,-0.30064505934429364f,1.5189808109858374f,-0.03329649092496075f,-0.3121574768873925f,0.9494467090444734f,0.4106705629374461f,0f,0f,0f,1f], start_interpolation: 0, interpolation_duration: 1 }
$data merge entity $(bone_leg_right_1) { transformation: [-0.9507300135514039f,0.2731919462007822f,0.14655579778219702f,-0.23353138774748583f,-0.3099537837131861f,-0.8473859337779188f,-0.4311214807884243f,1.668123294955134f,0.006410405168682097f,-0.45530565531997635f,0.8903121177088515f,0.1317923632110102f,0f,0f,0f,1f], start_interpolation: 0, interpolation_duration: 1 }
$data merge entity $(bone_leg_right_0) { transformation: [-0.9413507367191327f,0.33608063810893396f,-0.03014291237816273f,-0.0923422348095594f,-0.3362259898652984f,-0.9267039363122478f,0.1678448633783156f,1.3444077116351845f,0.028475853234732604f,0.1681357163474704f,0.9853524783907922f,0.11353288218970128f,0f,0f,0f,1f], start_interpolation: 0, interpolation_duration: 1 }
$data merge entity $(bone_leg_left_3) { transformation: [-0.9671361193713498f,-0.21527505788112136f,0.13529366600697146f,0.31647239663787813f,0.08565773676616141f,-0.7768678005705293f,-0.6238102055664102f,1.7502917532719688f,0.23939607085210285f,-0.591720432206788f,0.7697768841486387f,0.3953983186194855f,0f,0f,0f,1f], start_interpolation: 0, interpolation_duration: 1 }
$data merge entity $(bone_leg_left_2) { transformation: [-0.8922056448704823f,-0.4372749870556908f,0.11295872235773713f,0.23529166536894713f,0.44628456407273254f,-0.891990290764211f,0.0719958960829662f,1.599972346752753f,0.06927607907248985f,0.11464687905836657f,0.9909878495675507f,0.4084666696198205f,0f,0f,0f,1f], start_interpolation: 0, interpolation_duration: 1 }
$data merge entity $(bone_leg_left_1) { transformation: [-0.928169595021943f,-0.37211529152175515f,-0.005604702711256571f,0.24684145356061815f,0.36791755651221353f,-0.9152242001005556f,-0.1643208299649802f,1.6642652148894461f,0.05601673398980418f,-0.15457966672876816f,0.9863910239591287f,0.09410859367832095f,0f,0f,0f,1f], start_interpolation: 0, interpolation_duration: 1 }
$data merge entity $(bone_leg_left_0) { transformation: [-0.928169595021943f,-0.3424402443816212f,0.14572536465783134f,0.09493480915591142f,0.36791755651221353f,-0.9032624813298024f,0.220802086566251f,1.3453457839120684f,0.05601673398980418f,0.2585567033549578f,0.9643705494587294f,0.11067157557891398f,0f,0f,0f,1f], start_interpolation: 0, interpolation_duration: 1 }
$data merge entity $(bone_tail_3) { transformation: [-2.4419185424806744f,0.03915159340014337f,0.002951178970527338f,0.020770134474221054f,-0.012231590367971031f,-0.9330199152308956f,2.256951915928567f,1.4162284032920232f,0.037308778057668815f,2.2566454562803586f,0.9330954209313649f,1.4100888036625925f,0f,0f,0f,1f], start_interpolation: 0, interpolation_duration: 1 }
$data merge entity $(bone_tail_2) { transformation: [-1.1561005710590595f,0.0158261463440243f,0.009750137886913776f,0.01669714134737495f,-0.005790917413242795f,-0.8829419483701471f,0.7465212947959631f,1.1149631857483209f,0.0176634473540503f,0.7463759852783487f,0.8829071036792854f,1.0447359059642378f,0f,0f,0f,1f], start_interpolation: 0, interpolation_duration: 1 }
$data merge entity $(bone_tail_1) { transformation: [-1.3852376211788733f,0.0059243956828797725f,0.021470321009873842f,0.010237951495934448f,-0.006938666810462088f,-1.3838345456856138f,-0.06582663099203771f,1.1415676889309765f,0.0211643107935918f,-0.06592565495056663f,1.383685376176878f,0.6306939328155966f,0f,0f,0f,1f], start_interpolation: 0, interpolation_duration: 1 }
$data merge entity $(bone_tail_0) { transformation: [-1.1977618528990257f,-0.0052819692349989275f,0.018519849315559164f,0.004653598394075424f,-0.005999599121828121f,-0.9923112952321587f,-0.6710340069197911f,1.3250095371869868f,0.018299967979421478f,-0.6710400393668423f,0.9921565990388191f,0.32533014348515993f,0f,0f,0f,1f], start_interpolation: 0, interpolation_duration: 1 }
$data merge entity $(bone_body_1) { transformation: [-1.0207014050791696f,0.0008736520413113546f,0.01638819227260361f,-4.8440702309931166e-18f,-0.0051127018603404845f,-0.9855841704661272f,-0.265891702861761f,1.3823839778938414f,0.015594755321593955f,-0.265939418107114f,0.9854611732319812f,0.03955483519301849f,0f,0f,0f,1f], start_interpolation: 0, interpolation_duration: 1 }
data modify entity @s data merge value {"locators":{"body_1":{"posx":0.0014184124365259206,"posy":1.553050448380885,"posz":0.1883447520753737,"roty":179.04726058085092,"rotx":-15.097675651181106},"body_0":{"posx":-0.047856929136462036,"posy":1.675204134137297,"posz":-0.05224578130515642,"roty":136.24559678571472,"rotx":-72.82420463913441},"neck_1":{"posx":-0.14080258064216153,"posy":1.8856400009827134,"posz":-0.10165614787985346,"roty":10.605771021174377,"rotx":-64.48048852359851},"neck_0":{"posx":-0.16516656189318116,"posy":2.115329279583077,"posz":0.03426526959839633,"roty":9.900146250056196,"rotx":-54.62057664817742},"pos_head":{"posx":-0.21275777291687478,"posy":2.2304853058977328,"posz":0.22387851160061017,"roty":9.028845152101326,"rotx":3.4643665868254825},"head_0":{"posx":-0.14996308769607689,"posy":1.9716232321956966,"posz":0.18628892576952436,"roty":9.028845152101326,"rotx":3.4643665868254825},"arm_right_0":{"posx":-0.17821423318281124,"posy":1.4655628289950113,"posz":0.34821288347091384,"roty":49.33664906417363,"rotx":-66.0017940365826},"arm_left_0":{"posx":0.446278324184427,"posy":1.6800841449137007,"posz":0.16710729125931265,"roty":186.58917910038593,"rotx":-74.79615313173367},"pos_wing_r_0":{"posx":-0.6293345658642084,"posy":0.665780958566366,"posz":-0.9207331437051054,"roty":249.72954345652886,"rotx":56.93482832996246},"pos_wing_r_1":{"posx":-0.9492113348183026,"posy":1.1895625337533924,"posz":-0.8025946056318483,"roty":249.72954345652886,"rotx":56.93482832996246},"pos_wing_r_2":{"posx":-1.2690881037723964,"posy":1.7133441089404187,"posz":-0.6844560675585912,"roty":249.72954345652886,"rotx":56.93482832996246},"pos_wing_r_3":{"posx":-1.5889648727264905,"posy":2.237125684127445,"posz":-0.5663175294853342,"roty":249.72954345652886,"rotx":56.93482832996246},"pos_wing_r_4":{"posx":-1.9088416416805845,"posy":2.7609072593144712,"posz":-0.4481789914120772,"roty":249.72954345652886,"rotx":56.93482832996246},"pos_wing_r_5":{"posx":-2.228718410634679,"posy":3.284688834501498,"posz":-0.3300404533388201,"roty":249.72954345652886,"rotx":56.93482832996246},"finger_right_0":{"posx":-0.7984660862179485,"posy":1.3191061573478138,"posz":-0.6919446217321351,"roty":249.72954345652886,"rotx":56.93482832996246},"finger_right_1":{"posx":-1.0680228766015063,"posy":1.8597696364528293,"posz":-0.7066822883534365,"roty":249.72954345652886,"rotx":56.93482832996246},"finger_right_2":{"posx":-1.389214570433321,"posy":2.4057648508232985,"posz":-0.6111523186779549,"roty":249.72954345652886,"rotx":56.93482832996246},"finger_right_3":{"posx":-1.7339078084198793,"posy":2.9917107051801386,"posz":-0.5086327344192547,"roty":249.72954345652886,"rotx":56.93482832996246},"pos_wing_l_0":{"posx":0.7800441721748855,"posy":1.0785217344669047,"posz":-0.3779566791728492,"roty":27.35927145443054,"rotx":61.85308539936221},"pos_wing_l_1":{"posx":0.91554050241858,"posy":1.6296097964089742,"posz":-0.6398110136327261,"roty":27.35927145443054,"rotx":61.85308539936221},"pos_wing_l_2":{"posx":1.0510368326622743,"posy":2.180697858351044,"posz":-0.901665348092603,"roty":27.35927145443054,"rotx":61.85308539936221},"pos_wing_l_3":{"posx":1.1865331629059688,"posy":2.731785920293113,"posz":-1.1635196825524798,"roty":27.35927145443054,"rotx":61.85308539936221},"pos_wing_l_4":{"posx":1.3220294931496632,"posy":3.282873982235183,"posz":-1.425374017012357,"roty":27.35927145443054,"rotx":61.85308539936221},"pos_wing_l_5":{"posx":1.4575258233933577,"posy":3.8339620441772526,"posz":-1.6872283514722337,"roty":27.35927145443054,"rotx":61.85308539936221},"finger_left_0":{"posx":0.7239037877185851,"posy":1.7490857490144558,"posz":-0.6124255128235764,"roty":27.35927145443054,"rotx":61.85308539936221},"finger_left_1":{"posx":0.8177714075942376,"posy":2.217071186656788,"posz":-0.9830649060224915,"roty":27.35927145443054,"rotx":61.85308539936221},"finger_left_2":{"posx":0.9497200643475561,"posy":2.7711498902048946,"posz":-1.2763006399698524,"roty":27.35927145443054,"rotx":61.85308539936221},"finger_left_3":{"posx":1.0913233299884022,"posy":3.365770451997433,"posz":-1.5909927758130855,"roty":27.35927145443054,"rotx":61.85308539936221},"leg_right_0":{"posx":-0.2807872100890196,"posy":1.7971074074058921,"posz":0.11058168043219169,"roty":181.75218844870105,"rotx":9.662538433033566},"leg_left_0":{"posx":0.29522561407819137,"posy":1.7900903517154705,"posz":0.060242459745583815,"roty":171.40708456354773,"rotx":12.756147753983509},"tail_0":{"posx":0.008252746531124839,"posy":1.3768935707970318,"posz":0.5779101342901619,"roty":178.93062648644766,"rotx":-34.06738357608931},"tail_1":{"posx":0.013219306981889861,"posy":1.3139117454398626,"posz":0.8823309371136345,"roty":179.11102618727364,"rotx":-2.7233746914007493},"tail_2":{"posx":0.016100223385337304,"posy":1.4379373958236665,"posz":1.111552974949126,"roty":179.3672957883897,"rotx":40.21368035133115},"tail_3":{"posx":0.017368431100208376,"posy":1.6983782335319608,"posz":1.27994405886211,"roty":179.81878644777882,"rotx":67.53814737742249},"tail_4":{"posx":0.01789710309130084,"posy":2.1026869098643552,"posz":1.447098073914914,"roty":179.81878644777882,"rotx":67.53814737742249},"shadow":{"posx":-2.6828087624782716e-17,"posy":1.635845402013345,"posz":0.21906796019441258,"roty":180,"rotx":-48.83905917471213}},"cameras":{}}