# This file was generated by Animated Java via MC-Build. It is not recommended to edit this file directly.
$data merge entity $(bone_head_lower) { transformation: [-1f,3.140636236848645e-17f,1.183690763223144e-16f,-0.0003881250000001307f,0f,0.9665568587181838f,-0.25645241052647005f,0.6972440282385948f,-1.2246467991473532e-16f,-0.25645241052647005f,-0.9665568587181838f,1.0669817912678967f,0f,0f,0f,1f], start_interpolation: 0, interpolation_duration: 1 }
$data merge entity $(bone_head_upper) { transformation: [-1f,5.698493233119379e-17f,1.0839887136786911e-16f,-6.250000001281874e-7f,0f,0.8851439569624537f,-0.4653172847131837f,0.7014590157186867f,-1.2246467991473532e-16f,-0.4653172847131837f,-0.8851439569624537f,1.046728665899616f,0f,0f,0f,1f], start_interpolation: 0, interpolation_duration: 1 }
$data merge entity $(bone_neck_0) { transformation: [-1f,4.3013716761041293e-17f,1.146621907911212e-16f,-1.0738735626469325e-16f,0f,0.9362878412857776f,-0.3512336519475585f,0.619608461604463f,-1.2246467991473532e-16f,-0.3512336519475585f,-0.9362878412857776f,0.8768843093327852f,0f,0f,0f,1f], start_interpolation: 0, interpolation_duration: 1 }
$data merge entity $(bone_neck_1) { transformation: [-1f,-4.139828201683318e-18f,1.2239468799371611e-16f,-8.606513432521607e-17f,0f,0.9994284725925231f,0.033804262621399406f,0.6334670137478519f,-1.2246467991473532e-16f,0.033804262621399406f,-0.9994284725925231f,0.7027751543150074f,0f,0f,0f,1f], start_interpolation: 0, interpolation_duration: 1 }
$data merge entity $(bone_neck_2) { transformation: [-1f,-4.1649927645776944e-17f,1.1516458376480208e-16f,-6.590974941439817e-17f,0f,0.9403901912370505f,0.34009746871322627f,0.8445023147937993f,-1.2246467991473532e-16f,0.34009746871322627f,-0.9403901912370505f,0.5381939466978326f,0f,0f,0f,1f], start_interpolation: 0, interpolation_duration: 1 }
$data merge entity $(bone_arm_right_2) { transformation: [-0.9843353196812527f,0.06729411306656662f,-0.16295852470671793f,-0.3609973319024357f,0.05503158601169705f,0.995383531818608f,0.07863300277460988f,0.32266695022484604f,0.1674977700420011f,0.0684333758549055f,-0.9834944687694275f,0.5328810315306672f,0f,0f,0f,1f], start_interpolation: 0, interpolation_duration: 1 }
$data merge entity $(bone_arm_right_1) { transformation: [-0.9227509781145726f,-0.36966797952343966f,-0.10897805881762256f,-0.34007236572176724f,-0.13044579758743882f,0.5656569117006528f,-0.8142580378093035f,0.516875548034558f,0.3626493158415943f,-0.7371416710241918f,-0.5701821029805179f,0.24811999093558282f,0f,0f,0f,1f], start_interpolation: 0, interpolation_duration: 1 }
$data merge entity $(bone_arm_right_0) { transformation: [-0.8611545358968612f,0.5071113502680825f,0.03536868294895357f,-0.15937500000000004f,0.3532270737218998f,0.5468956468398236f,0.7590360899572001f,0.6964381168005871f,0.3655728377411609f,0.6661405481555174f,-0.6500871252447182f,0.44313788625082595f,0f,0f,0f,1f], start_interpolation: 0, interpolation_duration: 1 }
$data merge entity $(bone_arm_left_2) { transformation: [-0.9502114053426974f,-0.0003338901718921341f,0.3116057985243683f,0.34151738199861614f,-0.039573986981074824f,0.9920314431631058f,-0.1196140264774492f,0.22020710370654056f,-0.3090828120602596f,-0.12599009601186636f,-0.9426528051174747f,0.2855740753502759f,0f,0f,0f,1f], start_interpolation: 0, interpolation_duration: 1 }
$data merge entity $(bone_arm_left_1) { transformation: [-0.9676069738263808f,0.25196035570320213f,-0.015897275127194556f,0.27698607230974426f,0.24560154680714646f,0.9248681814114054f,-0.2903424309650543f,0.5445542363225773f,-0.05845189824540212f,-0.2848417563607488f,-0.9567907552985834f,0.1861842793586052f,0f,0f,0f,1f], start_interpolation: 0, interpolation_duration: 1 }
$data merge entity $(bone_arm_left_0) { transformation: [-0.9394034322830186f,-0.2980291203890984f,-0.16941025593211415f,0.15937499999999993f,-0.2952913905311958f,0.45244413203315803f,0.8414851763797836f,0.6964381168005871f,-0.1741384107342116f,0.8405194529508898f,-0.5130330039267458f,0.44313788625082595f,0f,0f,0f,1f], start_interpolation: 0, interpolation_duration: 1 }
$data merge entity $(bone_finger_right_1_fire) { transformation: [0.0000053966856835941015f,-0.00001453815611329001f,-0.000006107010580953379f,-1.1798185972269435f,0.000015752786116769273f,0.000004680092198699926f,0.000002779252480212472f,1.4983146254916755f,-7.094300314967745e-7f,-0.000006672071013939691f,0.000015256407021089002f,1.1236391388808096f,0f,0f,0f,1f], start_interpolation: 0, interpolation_duration: 1 }
$data merge entity $(bone_finger_right_1_fire_s) { transformation: [0.000003238011410156461f,-0.000008722893667974006f,-0.000003664206348572027f,-1.1798185972269435f,0.000009451671670061563f,0.000002808055319219956f,0.0000016675514881274832f,1.4983146254916755f,-4.256580188980647e-7f,-0.000004003242608363815f,0.0000091538442126534f,1.1236391388808096f,0f,0f,0f,1f], start_interpolation: 0, interpolation_duration: 1 }
$data merge entity $(bone_finger_right_1) { transformation: [0.6437512071274794f,-1.734204305392357f,-0.728483306963837f,-0.769783884446611f,1.8790931458393858f,0.5582713500509989f,0.331527023055617f,1.3148600435161362f,-0.08462535450913683f,-0.7958873317972155f,1.819881870480431f,0.18775192667808122f,0f,0f,0f,1f], start_interpolation: 0, interpolation_duration: 1 }
$data merge entity $(bone_finger_right_2_fire) { transformation: [0.00001195201845487165f,0.000009079465805221784f,0.000007245021278367197f,-0.35470817656089193f,-0.000011568910785683846f,0.000010237735802191729f,0.000006255145614227334f,1.5904192399919337f,-0.0000010427539810872328f,-0.000009514717237737947f,0.000013644068227570424f,0.6052864510235452f,0f,0f,0f,1f], start_interpolation: 0, interpolation_duration: 1 }
$data merge entity $(bone_finger_right_2_fire_s) { transformation: [0.00000717121107292299f,0.00000544767948313307f,0.000004347012767020318f,-0.35470817656089193f,-0.0000069413464714103075f,0.000006142641481315037f,0.0000037530873685364f,1.5904192399919337f,-6.256523886523396e-7f,-0.000005708830342642768f,0.000008186440936542254f,0.6052864510235452f,0f,0f,0f,1f], start_interpolation: 0, interpolation_duration: 1 }
$data merge entity $(bone_finger_right_2) { transformation: [0.8909076388325918f,0.6767865589342635f,0.5400464218469382f,-0.5875631236421254f,-0.8623506590836487f,0.7631244099029021f,0.4662607433854703f,1.3899144847281064f,-0.0777272467141357f,-0.7092303530520196f,1.0170336211069788f,0.16579879872741576f,0f,0f,0f,1f], start_interpolation: 0, interpolation_duration: 1 }
$data merge entity $(bone_finger_film_right) { transformation: [1.1525621913040336f,-0.15449214458233848f,-0.0438149742327556f,-0.6772811697330186f,0.3994902083113292f,0.3677957973888937f,0.46941654467637706f,1.4191618692067185f,-0.1541939056726672f,-0.2018950414956464f,0.8886721554015704f,0.22139666095021837f,0f,0f,0f,1f], start_interpolation: 0, interpolation_duration: 1 }
$data merge entity $(bone_finger_right_0_fire) { transformation: [0.000015618727894766842f,-0.000005803169554757685f,-3.953983380633472e-7f,-0.7125609368939422f,0.000005491576536532567f,0.00001433837247815858f,0.000006483165862352074f,1.7200569581731262f,-0.000001917212526146924f,-0.0000062058098241966734f,0.000015348941277276f,0.8548080036262026f,0f,0f,0f,1f], start_interpolation: 0, interpolation_duration: 1 }
$data merge entity $(bone_finger_right_0_fire_s) { transformation: [0.000009371236736860105f,-0.0000034819017328546105f,-2.3723900283800832e-7f,-0.7125609368939422f,0.0000032949459219195403f,0.000008603023486895148f,0.000003889899517411244f,1.7200569581731262f,-0.0000011503275156881543f,-0.0000037234858945180037f,0.000009209364766365599f,0.8548080036262026f,0f,0f,0f,1f], start_interpolation: 0, interpolation_duration: 1 }
$data merge entity $(bone_fire_large_right) { transformation: [0.000024989964631626944f,-0.000009285071287612295f,-6.326373409013555e-7f,-0.6735540253798806f,0.000008786522458452107f,0.000022941395965053727f,0.000010373065379763317f,1.6293968570043278f,-0.000003067540041835078f,-0.000009929295718714675f,0.000024558306043641595f,0.9009071543653357f,0f,0f,0f,1f], start_interpolation: 0, interpolation_duration: 1 }
$data merge entity $(bone_finger_right_0) { transformation: [1.3706054572091722f,-0.509251196028967f,-0.03469777587345252f,-0.6718098085713023f,0.48190767009746543f,1.258249179989016f,0.5689235750056973f,1.3852679558748642f,-0.168243020089184f,-0.5445844801673092f,1.3469306091225461f,0.2346981416154558f,0f,0f,0f,1f], start_interpolation: 0, interpolation_duration: 1 }
$data merge entity $(bone_wing_right_1_model) { transformation: [-0.7667216909163195f,-0.5877465856720939f,0.31252021174806566f,-0.3985659469581518f,-0.3019069427836848f,0.7318842891091047f,0.6357473305457991f,1.0009459334270816f,-0.5932681768132089f,0.3871387624972427f,-0.727415652838647f,0.05320919279747728f,0f,0f,0f,1f], start_interpolation: 0, interpolation_duration: 1 }
$data merge entity $(bone_wing_right_0) { transformation: [-0.9104012935055252f,-0.012357254814580701f,-0.41354175488929046f,-0.17448312500000007f,-0.09228263180205427f,0.9804368014202143f,0.17386084748610292f,0.9895424143827326f,0.4033031126226935f,0.1964458619425387f,-0.8937312922095211f,0.4633343866199078f,0f,0f,0f,1f], start_interpolation: 0, interpolation_duration: 1 }
$data merge entity $(bone_finger_left_1_fire) { transformation: [0.0000018100682993156052f,0.000015400068214900473f,0.0000061105915839632705f,1.2101389617089642f,-0.00001654825205904922f,0.0000013797721575103833f,0.00000142455619801756f,1.3412134850468338f,8.104223095175928e-7f,-0.000006221889226557249f,0.00001544050154335878f,1.1393845876794992f,0f,0f,0f,1f], start_interpolation: 0, interpolation_duration: 1 }
$data merge entity $(bone_finger_left_1_fire_s) { transformation: [0.0000010860409795893631f,0.000009240040928940284f,0.000003666354950377962f,1.2101389617089642f,-0.00000992895123542953f,8.2786329450623e-7f,8.54733718810536e-7f,1.3412134850468338f,4.862533857105556e-7f,-0.000003733133535934349f,0.000009264300926015267f,1.1393845876794992f,0f,0f,0f,1f], start_interpolation: 0, interpolation_duration: 1 }
$data merge entity $(bone_finger_left_1) { transformation: [0.21591653117948098f,1.8370186971099036f,0.7289104719212762f,0.7979261043318341f,-1.9739814144165684f,0.16458805348964656f,0.16993018045920183f,1.2488905811995066f,0.09667235978203935f,-0.7421867670347985f,1.8418418433017123f,0.19110932967924743f,0f,0f,0f,1f], start_interpolation: 0, interpolation_duration: 1 }
$data merge entity $(bone_finger_left_2_fire) { transformation: [0.000014149853429014288f,-0.000006343463206780557f,-0.000006109001576314397f,0.44068933913080954f,0.0000086885030906269f,0.000011943581797201462f,0.000007722599670804024f,1.609480428824616f,0.0000014385199892101595f,-0.000009741103950556993f,0.000013446907891514079f,0.5972037133365685f,0f,0f,0f,1f], start_interpolation: 0, interpolation_duration: 1 }
$data merge entity $(bone_finger_left_2_fire_s) { transformation: [0.000008489912057408572f,-0.000003806077924068334f,-0.000003665400945788638f,0.44068933913080954f,0.0000052131018543761405f,0.000007166149078320877f,0.0000046335598024824146f,1.609480428824616f,8.631119935260957e-7f,-0.000005844662370334195f,0.000008068144734908447f,0.5972037133365685f,0f,0f,0f,1f], start_interpolation: 0, interpolation_duration: 1 }
$data merge entity $(bone_finger_left_2) { transformation: [1.0547350270474247f,-0.47284396764554504f,-0.45536711564902677f,0.637178051795163f,0.6476440613514107f,0.8902787674170257f,0.5756452823716166f,1.3617960839293892f,0.10722778347772148f,-0.7261052978609007f,1.002337220651221f,0.16405520430796472f,0f,0f,0f,1f], start_interpolation: 0, interpolation_duration: 1 }
$data merge entity $(bone_finger_film_left) { transformation: [1.0326883846390382f,0.23686058241408137f,0.11869007613932221f,0.7294239538906887f,-0.6406672456668334f,0.32470406570002786f,0.45109818439505583f,1.37094217292856f,0.18672967752359174f,-0.19587627041437447f,0.8913096757191217f,0.22238960393250073f,0f,0f,0f,1f], start_interpolation: 0, interpolation_duration: 1 }
$data merge entity $(bone_finger_left_0_fire) { transformation: [0.00001398240077905997f,0.000008970256272337792f,0.0000013434093345311736f,0.8106303807506949f,-0.000008758455327506263f,0.00001271105635032558f,0.000006284606949738592f,1.658707948840401f,0.0000023579029894374684f,-0.000005978405025189408f,0.00001537780038318126f,0.8576760117960025f,0f,0f,0f,1f], start_interpolation: 0, interpolation_duration: 1 }
$data merge entity $(bone_finger_left_0_fire_s) { transformation: [0.000008389440467435981f,0.000005382153763402675f,8.060456007187042e-7f,0.8106303807506949f,-0.000005255073196503757f,0.000007626633810195348f,0.000003770764169843155f,1.658707948840401f,0.000001414741793662481f,-0.0000035870430151136447f,0.000009226680229908755f,0.8576760117960025f,0f,0f,0f,1f], start_interpolation: 0, interpolation_duration: 1 }
$data merge entity $(bone_fire_large_left) { transformation: [0.00002237184124649595f,0.000014352410035740466f,0.0000021494549352498777f,0.7514514495644468f,-0.000014013528524010018f,0.00002033769016052093f,0.000010055371119581746f,1.578861051187665f,0.0000037726447830999495f,-0.000009565448040303052f,0.000024604480613090013f,0.9022658293282451f,0f,0f,0f,1f], start_interpolation: 0, interpolation_duration: 1 }
$data merge entity $(bone_finger_left_0) { transformation: [1.2270112484056088f,0.7871756446663238f,0.11788950915721526f,0.7163046552532151f,-0.7685892698486013f,1.1154457211900621f,0.5514992411521866f,1.3390936517041463f,0.20691535998752086f,-0.5246288051203457f,1.3494631103806787f,0.23539799510419152f,0f,0f,0f,1f], start_interpolation: 0, interpolation_duration: 1 }
$data merge entity $(bone_wing_left_1_model) { transformation: [-0.7050168738510605f,0.6813205561774062f,-0.26406550391375977f,0.3944628224583493f,0.36119029702843874f,0.6439173021800302f,0.6970575014498733f,0.9960519778107974f,0.6351927738565879f,0.3900639572238657f,-0.6894616250068399f,0.050887540044413815f,0f,0f,0f,1f], start_interpolation: 0, interpolation_duration: 1 }
$data merge entity $(bone_wing_left_0) { transformation: [-0.9112104992726198f,0.04571127239503348f,0.40939700242108534f,0.17448312499999996f,0.12344185868285784f,0.9784538326939229f,0.1654998634787782f,0.9895424143827326f,-0.3930108567714949f,0.20134194014809711f,-0.8972200898314392f,0.46333438661990783f,0f,0f,0f,1f], start_interpolation: 0, interpolation_duration: 1 }
$data merge entity $(bone_body_0) { transformation: [-1f,-1.4659469831546054e-17f,1.2158411808651887e-16f,-5.29804384552287e-18f,0f,0.9928096670090552f,0.11970365530496269f,0.7432551245437502f,-1.2246467991473532e-16f,0.11970365530496269f,-0.9928096670090552f,0.04326181107247884f,0f,0f,0f,1f], start_interpolation: 0, interpolation_duration: 1 }
$data merge entity $(bone_leg_right_3) { transformation: [-0.9915553851778944f,-0.06723875947056357f,0.11089124108592754f,-0.2679463356572126f,-0.03562292820893764f,0.9634149896512797f,0.26563615096790794f,0.056212708314544335f,-0.12469532914483411f,0.2594426852699533f,-0.9576745626513098f,-0.17569614826908558f,0f,0f,0f,1f], start_interpolation: 0, interpolation_duration: 1 }
$data merge entity $(bone_leg_right_2) { transformation: [-0.8925153399566581f,0.36746901797127135f,0.261501221360973f,-0.20134297410112967f,0.29005610926237974f,0.9116580221719314f,-0.29111355875179135f,0.21241629735636372f,-0.3453748998141319f,-0.18397329002002344f,-0.9202554032102104f,-0.198531382084392f,0f,0f,0f,1f], start_interpolation: 0, interpolation_duration: 1 }
$data merge entity $(bone_leg_right_1) { transformation: [-0.9270627176576474f,0.35591027274274045f,0.11782442567398865f,-0.2486417724726226f,0.22322746186698045f,0.7765190582789794f,-0.5892263167900368f,0.39113436385597455f,-0.3012046111825697f,-0.5199481030696382f,-0.7993308153178145f,0.06397699261898734f,0f,0f,0f,1f], start_interpolation: 0, interpolation_duration: 1 }
$data merge entity $(bone_leg_right_0) { transformation: [-0.9270627176576474f,0.36329005857405827f,-0.09260157056159729f,-0.09365062499999996f,0.22322746186698045f,0.33644799300650774f,-0.9148618738751324f,0.5715701208935104f,-0.3012046111825697f,-0.8688055486374096f,-0.3930047084440679f,-0.19771031358076493f,0f,0f,0f,1f], start_interpolation: 0, interpolation_duration: 1 }
$data merge entity $(bone_leg_left_3) { transformation: [-0.9979302980371858f,-0.008146133885522155f,-0.06378683847105523f,0.28007923004084617f,-0.021842905867295828f,0.9759059490923706f,0.21709552272995353f,0.06553125613640953f,0.06048146594359129f,0.21803948960873692f,-0.9740640498696559f,-0.13427712310873274f,0f,0f,0f,1f], start_interpolation: 0, interpolation_duration: 1 }
$data merge entity $(bone_leg_left_2) { transformation: [-0.8922308536883257f,-0.4160251677439296f,-0.17563360592505284f,0.20456599140638615f,-0.2885399041880867f,0.8243942083921514f,-0.4869485731169235f,0.20819427389028095f,0.34737418933727826f,-0.3837932372686016f,-0.8555898103701068f,-0.19174042496138716f,0f,0f,0f,1f], start_interpolation: 0, interpolation_duration: 1 }
$data merge entity $(bone_leg_left_1) { transformation: [-0.9270627176576474f,-0.3591743866079169f,-0.10746384291492511f,0.24858953641296652f,-0.22322746186698045f,0.7591225560349116f,-0.6114756292669792f,0.39430096823213334f,0.3012046111825694f,-0.5428873777532951f,-0.7839318065230598f,0.06616303801722073f,0f,0f,0f,1f], start_interpolation: 0, interpolation_duration: 1 }
$data merge entity $(bone_leg_left_0) { transformation: [-0.9270627176576474f,-0.3622583382278867f,0.09655886242902341f,0.09365062500000002f,-0.22322746186698045f,0.3264485790084451f,-0.9184774496588323f,0.5715701208935104f,0.3012046111825694f,-0.8730407903687759f,-0.38350431621380765f,-0.1977103135807649f,0f,0f,0f,1f], start_interpolation: 0, interpolation_duration: 1 }
$data merge entity $(bone_tail_3) { transformation: [-2.4422341666666667f,-1.4439370770989783e-16f,2.6192316671995446e-16f,1.7781316788951358e-16f,0f,2.1387649639252366f,1.1790641008528373f,0.02149460896831836f,-2.990874254976637e-16f,1.1790641008528373f,-2.1387649639252366f,-1.45195470247678f,0f,0f,0f,1f], start_interpolation: 0, interpolation_duration: 1 }
$data merge entity $(bone_tail_2) { transformation: [-1.15625f,3.861056522039081e-18f,1.4154713589705523e-16f,1.1982513264766873e-16f,0f,1.155820078047041f,-0.031527919108817956f,0.02856607196508651f,-1.415997861514127e-16f,-0.031527919108817956f,-1.155820078047041f,-0.9784464608987317f,0f,0f,0f,1f], start_interpolation: 0, interpolation_duration: 1 }
$data merge entity $(bone_tail_1) { transformation: [-1.3854166666666667f,5.431778363454474e-17f,1.6073474360957986e-16f,7.141962603747013e-17f,0f,1.3124987851312695f,-0.4435383628354141f,0.1548556279072216f,-1.696646086318729e-16f,-0.4435383628354141f,-1.3124987851312695f,-0.5831855036668145f,0f,0f,0f,1f], start_interpolation: 0, interpolation_duration: 1 }
$data merge entity $(bone_tail_0) { transformation: [-1.1979166666666667f,9.383804361957232e-17f,1.1276541821227582e-16f,3.9428628332393265e-17f,0f,0.9207995177939265f,-0.7662457753934117f,0.3971157156019403f,-1.4670248114786003e-16f,-0.7662457753934117f,-0.9207995177939265f,-0.32195918333224743f,0f,0f,0f,1f], start_interpolation: 0, interpolation_duration: 1 }
$data merge entity $(bone_body_1) { transformation: [-1.0208333333333333f,8.803733304990248e-17f,8.876054922981409e-17f,1.577877719095004e-17f,0f,0.7247848872965876f,-0.7188793790274675f,0.6154900263523309f,-1.2501602741295897e-16f,-0.7188793790274675f,-0.7247848872965876f,-0.1288434935030724f,0f,0f,0f,1f], start_interpolation: 0, interpolation_duration: 1 }
data modify entity @s data merge value {"locators":{"body_1":{"posx":6.8516257872160084e-18,"posy":0.40112186417932527,"posz":-0.05594777034477513,"roty":0,"rotx":-44.765625},"body_0":{"posx":-2.5682046668960486e-17,"posy":0.5740660379134073,"posz":0.2097098256153638,"roty":0,"rotx":6.875000000000009},"neck_1":{"posx":-6.898566882342104e-17,"posy":0.5280329823707286,"posz":0.5633107347477785,"roty":0,"rotx":19.88281250000001},"neck_0":{"posx":-1.0977425694211415e-16,"posy":0.48650790322462545,"posz":0.8963748324704175,"roty":0,"rotx":1.9372106481481557},"pos_head":{"posx":-1.422914766224738e-16,"posy":0.7750983538440959,"posz":1.1618977492261746,"roty":0,"rotx":-27.730758101851844},"head_0":{"posx":-1.5412973624972158e-16,"posy":0.5240577876959033,"posz":1.2585639625804017,"roty":0,"rotx":-27.730758101851844},"arm_right_0":{"posx":-0.30468476851744675,"posy":0.18346213273744394,"posz":0.5828726176347435,"roty":349.17963954954377,"rotx":-54.51406427925672},"arm_left_0":{"posx":0.29072960053469876,"posy":0.07504335894026401,"posz":0.24820653399022213,"roty":359.04810643107885,"rotx":-16.878457973331944},"pos_wing_r_0":{"posx":-0.5085321613852667,"posy":1.194640079745045,"posz":-0.5508834369157045,"roty":201.81580778831506,"rotx":9.599209832966382},"pos_wing_r_1":{"posx":-0.7375450581710183,"posy":1.2988620477530124,"posz":0.02123182637513296,"roty":201.81580778831506,"rotx":9.599209832966382},"pos_wing_r_2":{"posx":-0.9665579549567701,"posy":1.4030840157609803,"posz":0.5933470896659705,"roty":201.81580778831506,"rotx":9.599209832966382},"pos_wing_r_3":{"posx":-1.1955708517425216,"posy":1.5073059837689478,"posz":1.165462352956808,"roty":201.81580778831506,"rotx":9.599209832966382},"pos_wing_r_4":{"posx":-1.4245837485282733,"posy":1.6115279517769157,"posz":1.7375776162476453,"roty":201.81580778831506,"rotx":9.599209832966382},"pos_wing_r_5":{"posx":-1.6535966453140252,"posy":1.7157499197848833,"posz":2.3096928795384835,"roty":201.81580778831506,"rotx":9.599209832966382},"finger_right_0":{"posx":-0.5715873813931781,"posy":1.2251596658737691,"posz":0.15825411562177535,"roty":201.81580778831506,"rotx":9.599209832966382},"finger_right_1":{"posx":-0.742365329497193,"posy":1.4539669076431805,"posz":0.6908676699484766,"roty":201.81580778831506,"rotx":9.599209832966382},"finger_right_2":{"posx":-0.9678320429939664,"posy":1.5871043234555677,"posz":1.2755385543133182,"roty":201.81580778831506,"rotx":9.599209832966382},"finger_right_3":{"posx":-1.2097960614877257,"posy":1.7299837497433836,"posz":1.9029898440611508,"roty":201.81580778831506,"rotx":9.599209832966382},"pos_wing_l_0":{"posx":0.5387828385539223,"posy":1.1864111830367752,"posz":-0.5553681284198904,"roty":158.40877552227764,"rotx":4.90324614633178},"pos_wing_l_1":{"posx":0.7679300229525449,"posy":1.2398320404624337,"posz":0.023650679456063695,"roty":158.40877552227764,"rotx":4.90324614633178},"pos_wing_l_2":{"posx":0.9970772073511676,"posy":1.2932528978880922,"posz":0.6026694873320178,"roty":158.40877552227764,"rotx":4.90324614633178},"pos_wing_l_3":{"posx":1.2262243917497901,"posy":1.3466737553137507,"posz":1.181688295207972,"roty":158.40877552227764,"rotx":4.90324614633178},"pos_wing_l_4":{"posx":1.4553715761484127,"posy":1.4000946127394092,"posz":1.7607071030839259,"roty":158.40877552227764,"rotx":4.90324614633178},"pos_wing_l_5":{"posx":1.6845187605470353,"posy":1.4535154701650677,"posz":2.33972591095988,"roty":158.40877552227764,"rotx":4.90324614633178},"finger_left_0":{"posx":0.5859083080096388,"posy":1.204464110590868,"posz":0.15543195336251017,"roty":158.40877552227764,"rotx":4.90324614633178},"finger_left_1":{"posx":0.786572656102311,"posy":1.3920555004307358,"posz":0.6937054429194036,"roty":158.40877552227764,"rotx":4.90324614633178},"finger_left_2":{"posx":1.0181902958437705,"posy":1.4745050070645491,"posz":1.2852764033498825,"roty":158.40877552227764,"rotx":4.90324614633178},"finger_left_3":{"posx":1.266755380437524,"posy":1.5629877022311975,"posz":1.920132646199513,"roty":158.40877552227764,"rotx":4.90324614633178},"leg_right_0":{"posx":-0.2998075559511932,"posy":0.3425011757037878,"posz":0.18371329740999953,"roty":346.7415404079242,"rotx":-66.18611892240214},"leg_left_0":{"posx":0.29962053549549866,"posy":0.3470496205306362,"posz":0.18650860024059052,"roty":14.13221094470643,"rotx":-66.70450073560438},"tail_0":{"posx":4.193913957827801e-17,"posy":0.14005285658713656,"posz":-0.34245906335996373,"roty":0,"rotx":-39.76562499999999},"tail_1":{"posx":9.241482293605741e-17,"posy":-0.09741661494247655,"posz":-0.7546242965759616,"roty":0,"rotx":-18.671874999999993},"tail_2":{"posx":1.509183773709746e-16,"posy":-0.1819433961050614,"posz":-1.2323420718206253,"roty":0,"rotx":-1.5624999999999913},"tail_3":{"posx":2.1393023668167402e-16,"posy":-0.07638787224114589,"posz":-1.7468729500670774,"roty":0,"rotx":28.867187500000018},"tail_4":{"posx":2.608509566535768e-16,"posy":0.13482878796436254,"posz":-2.130009704309777,"roty":0,"rotx":28.867187500000018},"shadow":{"posx":-2.2520511056379983e-18,"posy":0.34201217944482537,"posz":0.0183893928209012,"roty":0,"rotx":-14.765625000000005}},"cameras":{}}