# This file was generated by Animated Java via MC-Build. It is not recommended to edit this file directly.
$data merge entity $(bone_head_lower) { transformation: [-0.8599544815250995f,-0.3302103317643412f,0.3891521893822278f,-0.21865477790063942f,0.3224863203548009f,0.23942265796878798f,0.9157943896067398f,1.4821404359080124f,-0.39557662075622996f,0.9130377471097484f,-0.09940427286508975f,0.7150884338024784f,0f,0f,0f,1f], start_interpolation: 0, interpolation_duration: 1 }
$data merge entity $(bone_head_upper) { transformation: [-0.8599544815250995f,-0.37794543107104617f,0.34298037966831085f,-0.2178175215606461f,0.3224863203548009f,0.11848146167061835f,0.9391297654873973f,1.4985678897492616f,-0.39557662075622996f,0.9182153311576294f,0.019993567419718306f,0.7276400522242354f,0f,0f,0f,1f], start_interpolation: 0, interpolation_duration: 1 }
$data merge entity $(bone_neck_0) { transformation: [-0.8909352847214912f,-0.03808536905196558f,0.4525304664908331f,-0.1321977571686267f,0.4207850798808993f,0.3055573214953759f,0.8541514150489925f,1.6537646852039218f,-0.17080466910439132f,0.9514117026528249f,-0.2562060441663941f,0.6633763043343379f,0f,0f,0f,1f], start_interpolation: 0, interpolation_duration: 1 }
$data merge entity $(bone_neck_1) { transformation: [-0.9441701753611877f,0.28312811221417505f,0.16846706512687157f,-0.10054882410725138f,0.32803630058064526f,0.760438701243342f,0.5604687030983116f,1.7576111078971002f,0.030575569655996337f,0.5844411465026882f,-0.8108598404254801f,0.5265540734709949f,0f,0f,0f,1f], start_interpolation: 0, interpolation_duration: 1 }
$data merge entity $(bone_neck_2) { transformation: [-0.9441701753611877f,0.32914909520405045f,0.014267203116905658f,-0.05041890708891124f,0.32803630058064526f,0.9351945091064995f,0.1334294406734043f,1.921086897501454f,0.030575569655996337f,0.1306602589290558f,-0.9909556151901071f,0.32067661034972794f,0f,0f,0f,1f], start_interpolation: 0, interpolation_duration: 1 }
$data merge entity $(bone_arm_right_2) { transformation: [-0.9373985771015321f,-0.30903075146290543f,-0.16057366626659164f,-0.3745287027720299f,-0.18815438790373704f,0.06141310170013478f,0.9802175050733068f,1.1393633157414733f,-0.2930560252931046f,0.9490671343955817f,-0.11571404603403275f,0.23719462109480233f,0f,0f,0f,1f], start_interpolation: 0, interpolation_duration: 1 }
$data merge entity $(bone_arm_right_1) { transformation: [-0.848104861627627f,-0.4066359694589464f,0.339654724721689f,-0.37530523559693885f,-0.449225103748483f,0.8917819661379123f,-0.054053039076114306f,1.483965281489836f,-0.2809180482734211f,-0.19842407417796357f,-0.9389957065614678f,0.21500079058252236f,0f,0f,0f,1f], start_interpolation: 0, interpolation_duration: 1 }
$data merge entity $(bone_arm_right_0) { transformation: [-0.5842496710300232f,0.4386308967497668f,0.6828288645903928f,-0.21198928080452498f,0.4636933255747179f,0.8709271247537637f,-0.16270968989461224f,1.750165698341187f,-0.6660636769249381f,0.22156010422600375f,-0.7122291053422307f,0.288427424389591f,0f,0f,0f,1f], start_interpolation: 0, interpolation_duration: 1 }
$data merge entity $(bone_arm_left_2) { transformation: [-0.8450879261618511f,-0.45110945347444537f,-0.2869262240392971f,0.4673704756084099f,-0.44839904567110156f,0.30579789212363895f,0.8398963894516905f,1.3564332912486732f,-0.2911437667144994f,0.8384437429897895f,-0.46070315491058467f,0.4404449793352375f,0f,0f,0f,1f], start_interpolation: 0, interpolation_duration: 1 }
$data merge entity $(bone_arm_left_1) { transformation: [-0.9803298900101985f,0.035730039085595994f,0.19410479401481495f,0.33389647366825687f,-0.0993409009782604f,0.7604861692214736f,-0.6417103488457051f,1.5777828064639552f,-0.17054234707373775f,-0.6483703808239476f,-0.7419778683524132f,0.21146295638646626f,0f,0f,0f,1f], start_interpolation: 0, interpolation_duration: 1 }
$data merge entity $(bone_arm_left_0) { transformation: [-0.7183838585150718f,-0.680425774462911f,-0.14472524752628763f,0.09902546716631201f,-0.6116049703969177f,0.5186478600799995f,0.5974477026654491f,1.7403457290851925f,-0.3314573758581677f,0.5177114666307728f,-0.7887400365825437f,0.35752848985495145f,0f,0f,0f,1f], start_interpolation: 0, interpolation_duration: 1 }
$data merge entity $(bone_finger_right_1_fire) { transformation: [0.000005418454246083449f,-0.000013074203378867816f,-0.000008802462006102588f,-1.461066613692536f,0.000015730303638240426f,0.0000039025053112461815f,0.0000038866151754751f,2.411375517403049f,-9.877645517218446e-7f,-0.00000957149079723084f,0.000013608404127107081f,0.48574884399995855f,0f,0f,0f,1f], start_interpolation: 0, interpolation_duration: 1 }
$data merge entity $(bone_finger_right_1_fire_s) { transformation: [0.000003251072547650069f,-0.00000784452202732069f,-0.000005281477203661553f,-1.461066613692536f,0.000009438182182944254f,0.000002341503186747709f,0.00000233196910528506f,2.411375517403049f,-5.926587310331067e-7f,-0.000005742894478338503f,0.000008165042476264248f,0.48574884399995855f,0f,0f,0f,1f], start_interpolation: 0, interpolation_duration: 1 }
$data merge entity $(bone_finger_right_1) { transformation: [0.6463479005800087f,-1.5595746539329778f,-1.0500140038447556f,-0.8862682545923323f,1.8764112919126024f,0.4655158095594365f,0.46362033246779294f,2.1605972296181184f,-0.11782687742251262f,-1.1417486798347967f,1.623297538067746f,-0.3415274218560357f,0f,0f,0f,1f], start_interpolation: 0, interpolation_duration: 1 }
$data merge entity $(bone_finger_right_2_fire) { transformation: [0.000011953060394423024f,0.000010658427224350137f,0.000004615198163490433f,-0.5550349984946341f,-0.000011423519839787755f,0.000009591543885851697f,0.000007435271221249043f,2.4750704334049956f,0.000002098885288678033f,-0.000008495763224501417f,0.000014184303492098516f,0.12101655142060919f,0f,0f,0f,1f], start_interpolation: 0, interpolation_duration: 1 }
$data merge entity $(bone_finger_right_2_fire_s) { transformation: [0.000007171836236653815f,0.000006395056334610082f,0.0000027691188980942596f,-0.5550349984946341f,-0.000006854111903872653f,0.000005754926331511018f,0.000004461162732749426f,2.4750704334049956f,0.0000012593311732068197f,-0.0000050974579347008494f,0.00000851058209525911f,0.12101655142060919f,0f,0f,0f,1f], start_interpolation: 0, interpolation_duration: 1 }
$data merge entity $(bone_finger_right_2) { transformation: [0.8909853053714302f,0.7944828957525875f,0.344018486425934f,-0.7031907353074908f,-0.851513167089723f,0.7149570382917454f,0.554227719176831f,2.2365577231052303f,0.1564516440279116f,-0.633277164271464f,1.0573029468072455f,-0.3358582065374936f,0f,0f,0f,1f], start_interpolation: 0, interpolation_duration: 1 }
$data merge entity $(bone_finger_film_right) { transformation: [1.1608726501547009f,-0.1152692772095561f,-0.20643409424147222f,-0.8016094964102113f,0.4042488420265991f,0.34806306241396884f,0.5378695825628867f,2.268703935950112f,0.026932429332193492f,-0.25586769512720287f,0.8246763735292341f,-0.300133872538239f,0f,0f,0f,1f], start_interpolation: 0, interpolation_duration: 1 }
$data merge entity $(bone_finger_right_0_fire) { transformation: [0.00001569968310571189f,-0.000004582929702776516f,-0.0000032085017527517916f,-0.952693307961137f,0.000005569513827667489f,0.000013705052286476901f,0.000007676577057916685f,2.6184363123952954f,5.274882761002161e-7f,-0.000008303377321434991f,0.00001444138009174448f,0.2896571008742693f,0f,0f,0f,1f], start_interpolation: 0, interpolation_duration: 1 }
$data merge entity $(bone_finger_right_0_fire_s) { transformation: [0.000009419809863427133f,-0.0000027497578216659095f,-0.000001925101051651075f,-0.952693307961137f,0.000003341708296600493f,0.00000822303137188614f,0.0000046059462347500104f,2.6184363123952954f,3.164929656601297e-7f,-0.0000049820263928609945f,0.000008664828055046688f,0.2896571008742693f,0f,0f,0f,1f], start_interpolation: 0, interpolation_duration: 1 }
$data merge entity $(bone_fire_large_right) { transformation: [0.000025119492969139022f,-0.000007332687524442425f,-0.0000051336028044028665f,-0.9226982956581261f,0.00000891122212426798f,0.000021928083658363037f,0.000012282523292666694f,2.5323632360283375f,8.439812417603458e-7f,-0.000013285403714295984f,0.000023106208146791167f,0.34930313636986554f,0f,0f,0f,1f], start_interpolation: 0, interpolation_duration: 1 }
$data merge entity $(bone_finger_right_0) { transformation: [1.3777095987665635f,-0.4021702985642078f,-0.2815587825984369f,-0.7986322098974357f,0.4887469771952871f,1.2026728157211866f,0.6736501512259943f,2.2360670192062257f,0.04628919299369146f,-0.7286543658807731f,1.2672885075364428f,-0.2833520379463256f,0f,0f,0f,1f], start_interpolation: 0, interpolation_duration: 1 }
$data merge entity $(bone_wing_right_1_model) { transformation: [-0.6019163105444002f,-0.6429008910489442f,0.5053239381138904f,-0.5007548652380344f,-0.6479642293467678f,0.7577412163145174f,0.19221781818313574f,1.8457153593684636f,-0.49881479090891695f,-0.20852763948337721f,-0.8594632691301151f,-0.164194442337638f,0f,0f,0f,1f], start_interpolation: 0, interpolation_duration: 1 }
$data merge entity $(bone_wing_right_0) { transformation: [-0.7932923824434359f,0.09548831280220219f,-0.6013062265396943f,-0.18729004474735145f,0.2900406346445673f,0.9276276544142489f,-0.2353367056387407f,2.0051573033126484f,0.5353163795478281f,-0.3610940554538491f,-0.7635754428369855f,0.14380546042295464f,0f,0f,0f,1f], start_interpolation: 0, interpolation_duration: 1 }
$data merge entity $(bone_finger_left_1_fire) { transformation: [0.0000016662144751750704f,0.000016043644153363894f,0.000004195591660389206f,1.2512118214828754f,-0.0000134776172004988f,-0.0000011467150584035794f,0.000009737384502494866f,2.672428465617176f,0.000009662056804703324f,-0.000004366268960203995f,0.000012859165270250752f,0.9079599836085676f,0f,0f,0f,1f], start_interpolation: 0, interpolation_duration: 1 }
$data merge entity $(bone_finger_left_1_fire_s) { transformation: [9.997286851050422e-7f,0.000009626186492018337f,0.0000025173549962335232f,1.2512118214828754f,-0.00000808657032029928f,-6.880290350421476e-7f,0.000005842430701496919f,2.672428465617176f,0.0000057972340828219946f,-0.000002619761376122397f,0.000007715499162150451f,0.9079599836085676f,0f,0f,0f,1f], start_interpolation: 0, interpolation_duration: 1 }
$data merge entity $(bone_finger_left_1) { transformation: [0.1987567263715235f,1.9137885539358268f,0.5004770250378509f,0.9568715876502238f,-1.60769643642558f,-0.1367875111427527f,1.1615375427184034f,2.0679941971445372f,1.1525519728285625f,-0.5208365056944778f,1.5339235320932392f,0.11695305245021725f,0f,0f,0f,1f], start_interpolation: 0, interpolation_duration: 1 }
$data merge entity $(bone_finger_left_2_fire) { transformation: [0.000013887813308988183f,-0.000005091965868451641f,-0.000007679733254937436f,0.55372233784976f,0.00000900819300245409f,0.000004579986605069965f,0.000013253450845183472f,2.565297320565874f,-0.0000019387826342851243f,-0.000015194518224336074f,0.0000065685246140279695f,0.22971864507632495f,0f,0f,0f,1f], start_interpolation: 0, interpolation_duration: 1 }
$data merge entity $(bone_finger_left_2_fire_s) { transformation: [0.00000833268798539291f,-0.000003055179521070985f,-0.000004607839952962462f,0.55372233784976f,0.000005404915801472454f,0.000002747991963041979f,0.000007952070507110083f,2.565297320565874f,-0.0000011632695805710744f,-0.000009116710934601644f,0.000003941114768416781f,0.22971864507632495f,0f,0f,0f,1f], start_interpolation: 0, interpolation_duration: 1 }
$data merge entity $(bone_finger_left_2) { transformation: [1.0352024647866371f,-0.37955691802243924f,-0.5724500047296757f,0.8008113284255878f,0.6714738592704786f,0.3413938045372269f,0.9879168647077716f,2.139271970365279f,-0.14451753613353513f,-1.132604706523389f,0.4896201237132596f,0.017533792867091766f,0f,0f,0f,1f], start_interpolation: 0, interpolation_duration: 1 }
$data merge entity $(bone_finger_film_left) { transformation: [1.0011697130138997f,0.25949968706599924f,0.01059175063330009f,0.8853189985715149f,-0.3793603654359369f,0.1866013483258348f,0.8598801999316122f,2.1835923990513515f,0.6045764722404893f,-0.3126388144660544f,0.5220188701120795f,0.07129263274057757f,0f,0f,0f,1f], start_interpolation: 0, interpolation_duration: 1 }
$data merge entity $(bone_finger_left_0_fire) { transformation: [0.00001357614481367556f,0.000009653826522103546f,-5.193296227042117e-7f,0.8894370365850874f,-0.000005297477006702351f,0.000008177248736860307f,0.000013522097405238366f,2.7676667855078465f,0.000008087200203985789f,-0.000010849608949378063f,0.000009729386223395879f,0.460949659385822f,0f,0f,0f,1f], start_interpolation: 0, interpolation_duration: 1 }
$data merge entity $(bone_finger_left_0_fire_s) { transformation: [0.000008145686888205336f,0.000005792295913262127f,-3.11597773622527e-7f,0.8894370365850874f,-0.0000031784862040214105f,0.000004906349242116184f,0.000008113258443143019f,2.7676667855078465f,0.000004852320122391473f,-0.000006509765369626838f,0.000005837631734037527f,0.460949659385822f,0f,0f,0f,1f], start_interpolation: 0, interpolation_duration: 1 }
$data merge entity $(bone_fire_large_left) { transformation: [0.000021721831701880893f,0.000015446122435365673f,-8.309273963267386e-7f,0.8251317715030575f,-0.00000847596321072376f,0.000013083597978976489f,0.000021635355848381383f,2.71983409152803f,0.000012939520326377261f,-0.0000173593743190049f,0.000015567017957433404f,0.5347249334146931f,0f,0f,0f,1f], start_interpolation: 0, interpolation_duration: 1 }
$data merge entity $(bone_finger_left_0) { transformation: [1.1913606725756647f,0.8471616512750114f,-0.045573238727544825f,0.8706569185522495f,-0.4648746648092329f,0.7175860812232209f,1.1866177976468524f,2.1626513946580133f,0.7096839645205638f,-0.9520963125034988f,0.8537923154132262f,0.09779093997526175f,0f,0f,0f,1f], start_interpolation: 0, interpolation_duration: 1 }
$data merge entity $(bone_wing_left_1_model) { transformation: [-0.7363879674929534f,0.6990627530954074f,0.004594737000803779f,0.5334187749566597f,0.6823749806971905f,0.7173280304202571f,0.22534854233773935f,1.7910360328515857f,0.15190204110526642f,0.16651980978221323f,-0.9900373760116282f,0.038830607849724204f,0f,0f,0f,1f], start_interpolation: 0, interpolation_duration: 1 }
$data merge entity $(bone_wing_left_0) { transformation: [-0.5806279419202977f,0.15426340581963777f,0.7994210371802365f,0.15320768166544269f,-0.199906056108859f,0.9248163166267107f,-0.32365467590011f,1.9944064394808687f,-0.7892456916527333f,-0.34773205507391647f,-0.5061360055179535f,0.2194570359098608f,0f,0f,0f,1f], start_interpolation: 0, interpolation_duration: 1 }
$data merge entity $(bone_body_0) { transformation: [-0.9757325426536064f,0.12521573566602456f,0.17963024452564882f,0.015664547464575313f,0.030807746685473703f,0.8907023578790723f,-0.45354183094045986f,1.561422768723796f,-0.21678765636191513f,-0.4370015208329111f,-0.8729448910663441f,-0.027868227387239458f,0f,0f,0f,1f], start_interpolation: 0, interpolation_duration: 1 }
$data merge entity $(bone_leg_right_3) { transformation: [-0.987918193476193f,0.12848085513275548f,-0.08666206126726694f,-0.2987848557518719f,0.1520249784874919f,0.9120336180461103f,-0.3808977362358558f,0.9498546299358612f,0.030100646415205594f,-0.38947060148113605f,-0.920546903567281f,0.3550999020958412f,0f,0f,0f,1f], start_interpolation: 0, interpolation_duration: 1 }
$data merge entity $(bone_leg_right_2) { transformation: [-0.9357056183192354f,0.3522853012706596f,-0.018709953352646275f,-0.2325359731432271f,0.025670687942992963f,0.01509728747413772f,-0.9995564454754201f,0.9593157836217752f,-0.35184657398694535f,-0.9357708792324987f,-0.02317002274675365f,0.1973704215680936f,0f,0f,0f,1f], start_interpolation: 0, interpolation_duration: 1 }
$data merge entity $(bone_leg_right_1) { transformation: [-0.9628038354244045f,0.2688802492430558f,-0.026686814329336492f,-0.23238973690524123f,0.026231321577112728f,-0.00528726531997481f,-0.9996419171852259f,1.2801098627221252f,-0.2689250681144737f,-0.9631591023254821f,-0.001962484954650623f,0.21075353926455231f,0f,0f,0f,1f], start_interpolation: 0, interpolation_duration: 1 }
$data merge entity $(bone_leg_right_0) { transformation: [-0.9500158021491962f,0.3079865065048327f,-0.051130103439832666f,-0.09905505718590518f,-0.011609880794688526f,-0.1985106566233366f,-0.9800299637638151f,1.2870868548389862f,-0.31198587521673543f,-0.930450337749372f,0.19216394731407646f,-0.11671057969173156f,0f,0f,0f,1f], start_interpolation: 0, interpolation_duration: 1 }
$data merge entity $(bone_leg_left_3) { transformation: [-0.9834835061987328f,-0.1746782212356044f,0.04741004177399627f,0.3259591886492713f,-0.13459194227297439f,0.5306603477835278f,-0.8368300928895025f,1.0516779511410694f,0.12101736284614338f,-0.8293896034531845f,-0.5454059805076713f,0.44039402171609565f,0f,0f,0f,1f], start_interpolation: 0, interpolation_duration: 1 }
$data merge entity $(bone_leg_left_2) { transformation: [-0.8946427546491911f,-0.44568924851346836f,0.031231959804136254f,0.24389922324008395f,0.10860037710684305f,-0.28473855130087417f,-0.9524336803658987f,1.0103505510643602f,0.43338239425011116f,-0.8486960888106998f,0.30314130235166237f,0.2957730516479268f,0f,0f,0f,1f], start_interpolation: 0, interpolation_duration: 1 }
$data merge entity $(bone_leg_left_1) { transformation: [-0.9299981899516292f,-0.3650535284595099f,0.04288692161901214f,0.23980311499680987f,0.08120628119418509f,-0.3178575439332458f,-0.9446544985651292f,1.3175542994849423f,0.3584813894490262f,-0.8750442863786875f,0.3252515800034015f,0.20251508006501412f,0f,0f,0f,1f], start_interpolation: 0, interpolation_duration: 1 }
$data merge entity $(bone_leg_left_0) { transformation: [-0.9299981899516292f,-0.3635937743580032f,0.05387888208560852f,0.08760065910766648f,0.08120628119418509f,-0.3462074677836509f,-0.9346367899593099f,1.2719038966879552f,0.3584813894490262f,-0.864835219275287f,0.3514984166675035f,-0.11341215457052352f,0f,0f,0f,1f], start_interpolation: 0, interpolation_duration: 1 }
$data merge entity $(bone_tail_3) { transformation: [-2.4251774633632426f,-0.28612989913028525f,-0.03393636475446206f,-0.12415972939888183f,0.21667437309691512f,-2.000619764395882f,1.3838643355421987f,0.12208717552495285f,-0.18993212490812064f,1.371188522401747f,2.012032690787013f,0.2328087018703612f,0f,0f,0f,1f], start_interpolation: 0, interpolation_duration: 1 }
$data merge entity $(bone_tail_2) { transformation: [-1.1488109031469291f,-0.07504470197742447f,-0.10731199381176738f,-0.07983249866070213f,0.11430686766859882f,-1.03697912580344f,-0.4985201050627011f,0.3314885016156099f,-0.06388670686872736f,-0.5059215827112463f,1.0377263142719362f,-0.18962027639439835f,0f,0f,0f,1f], start_interpolation: 0, interpolation_duration: 1 }
$data merge entity $(bone_tail_1) { transformation: [-1.381007383495315f,0.01554518043971571f,-0.10934484155322212f,-0.047164570166265005f,0.10530182900946104f,-0.22833830461080828f,-1.3624068715815043f,0.7406236659095539f,-0.03330873483734854f,-1.3663818303425792f,0.22643003813756002f,-0.25062437492886436f,0f,0f,0f,1f], start_interpolation: 0, interpolation_duration: 1 }
$data merge entity $(bone_tail_0) { transformation: [-1.193788047205635f,0.06243052865545126f,-0.07731020449161563f,-0.023208287801703434f,0.09710516410553853f,0.5350624854341262f,-1.0673720363879082f,1.0661541086408057f,-0.021095632978675425f,-1.0699602357333822f,-0.5382791176484302f,-0.10784773847928558f,0f,0f,0f,1f], start_interpolation: 0, interpolation_duration: 1 }
$data merge entity $(bone_body_1) { transformation: [-1.0173150315317585f,0.029046878921206925f,-0.07954306939588444f,1.065670888920574e-17f,0.08275048767254586f,0.1374339461672411f,-1.0081492754921266f,1.3559963639209678f,-0.01797714810356688f,-1.0111225858966266f,-0.13931486955894481f,-0.08701863179347184f,0f,0f,0f,1f], start_interpolation: 0, interpolation_duration: 1 }
data modify entity @s data merge value {"locators":{"body_1":{"posx":-0.01352134596992281,"posy":1.2306230428865685,"posz":0.10104039879046543,"roty":330.27540748743115,"rotx":-80.95850957606625},"body_0":{"posx":-0.03619549139420007,"posy":1.5136896651280418,"posz":0.19876357923036977,"roty":11.627733724167427,"rotx":-26.971152250873228},"neck_1":{"posx":-0.14743613783042595,"posy":1.6332446206244722,"posz":0.4129705537467493,"roty":0.8248543492985618,"rotx":7.667811851500342},"neck_0":{"posx":-0.17371381633483712,"posy":1.53966940232524,"posz":0.6054597921003955,"roty":11.736993539979522,"rotx":34.08821788374553},"head_0":{"posx":-0.15721369803900173,"posy":1.3697161454927425,"posz":0.49084944176674977,"roty":93.33620276532079,"rotx":69.9059217153762},"arm_right_0":{"posx":-0.27903260229162813,"posy":1.0205022809030848,"posz":0.19475885931213732,"roty":19.886135276142568,"rotx":-3.0985211007269804},"arm_left_0":{"posx":0.46240798573193614,"posy":1.2006308490886275,"posz":0.46781681520867074,"roty":14.660295772567878,"rotx":-39.91947445448783},"finger_right_0":{"posx":-0.6859267644515928,"posy":2.0720000535814123,"posz":-0.326968570410429,"roty":212.8964100983843,"rotx":13.48536062219928},"finger_right_1":{"posx":-0.9516644931817383,"posy":2.3397069401819413,"posz":0.14516651840765613,"roty":212.8964100983843,"rotx":13.48536062219928},"finger_right_2":{"posx":-1.2806025706738686,"posy":2.515330426959377,"posz":0.6660858840259064,"roty":212.8964100983843,"rotx":13.48536062219928},"finger_right_3":{"posx":-1.6336089615747516,"posy":2.7038046333132746,"posz":1.2251209448500058,"roty":212.8964100983843,"rotx":13.48536062219928},"finger_left_0":{"posx":0.7506598613786983,"posy":1.99821781665681,"posz":0.08856092144432758,"roty":161.9299208625668,"rotx":35.74953437084671},"finger_left_1":{"posx":0.8849247563229289,"posy":2.4537455665481493,"posz":0.4622753401677879,"roty":161.9299208625668,"rotx":35.74953437084671},"finger_left_2":{"posx":1.0432457926046157,"posy":2.8502671701807096,"posz":0.9398796960226719,"roty":161.9299208625668,"rotx":35.74953437084671},"finger_left_3":{"posx":1.2131511578175598,"posy":3.2758025804188806,"posz":1.4524302000839693,"roty":161.9299208625668,"rotx":35.74953437084671},"leg_right_0":{"posx":-0.275791151265537,"posy":1.3055622113745167,"posz":0.3403236062300022,"roty":194.89978573668753,"rotx":-78.53028947709792},"leg_left_0":{"posx":0.290928439311042,"posy":1.3635962792772258,"posz":0.3232886052449958,"roty":171.28533676380786,"rotx":-69.16954486755857},"tail_0":{"posx":-0.04445159478765907,"posy":0.8232014005867112,"posz":-0.024036867325848844,"roty":351.8268011664088,"rotx":-63.00215676776453},"tail_1":{"posx":-0.06842350476465998,"posy":0.5318265363873824,"posz":-0.029300267273134156,"roty":205.77626110672713,"rotx":-79.54300922703034},"tail_2":{"posx":-0.09071222399976284,"posy":0.402102249800079,"posz":0.13236193978603786,"roty":185.90401037552934,"rotx":-25.540724422609053},"tail_3":{"posx":-0.10036787307865333,"posy":0.4285117155854684,"posz":0.27858753661953517,"roty":180.96629946774837,"rotx":34.51616146844386},"tail_4":{"posx":-0.10644720805100023,"posy":0.6764161364895703,"posz":0.6390215663427229,"roty":180.96629946774837,"rotx":34.51616146844386},"shadow":{"posx":-2.7243641930846102e-17,"posy":1.3297308398061232,"posz":0.22246121861269866,"roty":0,"rotx":-71.61777276854264}},"cameras":{}}