# This file was generated by Animated Java via MC-Build. It is not recommended to edit this file directly.
$data merge entity $(bone_head_lower) { transformation: [-0.8311540648789815f,-0.27560753920780584f,0.4829320912581436f,-0.19986728779307972f,0.479996414720415f,0.08279846508467344f,0.8733543702502262f,1.2007446294385367f,-0.28068908473735343f,0.9576977072706395f,0.06347234986879592f,0.7579257603702995f,0f,0f,0f,1f], start_interpolation: 0, interpolation_duration: 1 }
$data merge entity $(bone_head_upper) { transformation: [-0.8311540648789815f,-0.3368942340121251f,0.4423631941341071f,-0.19691445437002117f,0.479996414720415f,-0.033112313451520964f,0.876645319700867f,1.214119228776727f,-0.28068908473735343f,0.9409600681151521f,0.1892294583885788f,0.7734340236582751f,0f,0f,0f,1f], start_interpolation: 0, interpolation_duration: 1 }
$data merge entity $(bone_neck_0) { transformation: [-0.8407102818402804f,0.04790666325455209f,0.5393618206953952f,-0.09645043363443369f,0.5414781675237735f,0.06930234556592174f,0.8378535546228575f,1.3702674261381458f,0.0027597288150496835f,0.9964447483502917f,-0.08420360670417226f,0.740702698215884f,0f,0f,0f,1f], start_interpolation: 0, interpolation_duration: 1 }
$data merge entity $(bone_neck_1) { transformation: [-0.9047835748556724f,0.38201815885117113f,0.188225420651281f,-0.060566440526612336f,0.37947692029388763f,0.5225894329723622f,0.7634772763546347f,1.507639934630234f,0.19329756758856706f,0.7622089023709879f,-0.6177974097637162f,0.638981558437839f,0f,0f,0f,1f], start_interpolation: 0, interpolation_duration: 1 }
$data merge entity $(bone_neck_2) { transformation: [-0.9047835748556724f,0.4239746950997584f,-0.04015147053916247f,-0.00925377062553277f,0.37947692029388763f,0.8454174298713204f,0.3758545413242166f,1.7132438575330105f,0.19329756758856706f,0.3248304591395914f,-0.9258084160232642f,0.47552847959594846f,0f,0f,0f,1f], start_interpolation: 0, interpolation_duration: 1 }
$data merge entity $(bone_arm_right_2) { transformation: [-0.9621032858415948f,-0.26114698400572917f,0.0784826102873642f,-0.415467806791828f,0.023793413314241774f,0.2063190964225871f,0.978195432382622f,0.978302325036702f,-0.27164524817427693f,0.9429924088751083f,-0.192286702473824f,0.26812031182357515f,0f,0f,0f,1f], start_interpolation: 0, interpolation_duration: 1 }
$data merge entity $(bone_arm_right_1) { transformation: [-0.9174628808991128f,-0.25623166086606114f,0.3043143081455761f,-0.3591238809545474f,-0.24561334242830193f,0.9665868853894574f,0.0733749208810846f,1.3163776849912727f,-0.3129471971331561f,-0.007424888075086872f,-0.9497415031699806f,0.3102403418152822f,0f,0f,0f,1f], start_interpolation: 0, interpolation_duration: 1 }
$data merge entity $(bone_arm_right_0) { transformation: [-0.6701491912997077f,0.4802449129452951f,0.565919503984899f,-0.18256738153514243f,0.5735576326465794f,0.8190122835655173f,-0.01582786788067314f,1.5660200936850885f,-0.4710962783054005f,0.31398041811387334f,-0.8243085548554244f,0.40736244984503867f,0f,0f,0f,1f], start_interpolation: 0, interpolation_duration: 1 }
$data merge entity $(bone_arm_left_2) { transformation: [-0.8348741135799053f,-0.5244200887951443f,-0.16723870647150055f,0.478141547198326f,-0.3915288194596278f,0.35221724184347447f,0.8500871708717438f,1.0938108547060605f,-0.38689843370931054f,0.7751945465599384f,-0.4993826358385062f,0.49912372586897225f,0f,0f,0f,1f], start_interpolation: 0, interpolation_duration: 1 }
$data merge entity $(bone_arm_left_1) { transformation: [-0.9745682109348563f,0.058144873590330305f,0.21641620990674035f,0.3525573389288513f,-0.0642342681195727f,0.8527417940410169f,-0.5183680077848658f,1.3493799193578986f,-0.21468758938135343f,-0.5190863188053338f,-0.8273201512079535f,0.3037862134961928f,0f,0f,0f,1f], start_interpolation: 0, interpolation_duration: 1 }
$data merge entity $(bone_arm_left_0) { transformation: [-0.7610489096628285f,-0.6465030282623827f,-0.05327655721411442f,0.12909640420934113f,-0.5032576802435208f,0.5366061816191394f,0.6773370749663987f,1.5212189552158797f,-0.4093119401836819f,0.5422984789723237f,-0.7337411637133181f,0.45696189689114425f,0f,0f,0f,1f], start_interpolation: 0, interpolation_duration: 1 }
$data merge entity $(bone_finger_right_1_fire) { transformation: [0.000006560205200244291f,-0.000013024938382185798f,-0.000008067990186454683f,-1.3551977641871589f,0.000015214338750994092f,0.000006573164457194294f,0.0000017593132655826386f,2.2813131983749657f,0.0000018070367673252188f,-0.000008057435506209094f,0.000014477227944692783f,0.8095016888484853f,0f,0f,0f,1f], start_interpolation: 0, interpolation_duration: 1 }
$data merge entity $(bone_finger_right_1_fire_s) { transformation: [0.000003936123120146574f,-0.000007814963029311478f,-0.00000484079411187281f,-1.3551977641871589f,0.000009128603250596455f,0.0000039438986743165766f,0.0000010555879593495831f,2.2813131983749657f,0.0000010842220603951312f,-0.0000048344613037254566f,0.00000868633676681567f,0.8095016888484853f,0f,0f,0f,1f], start_interpolation: 0, interpolation_duration: 1 }
$data merge entity $(bone_finger_right_1) { transformation: [0.7825432615984205f,-1.5536980098327675f,-0.9624015045775078f,-0.826277850817442f,1.8148636979865815f,0.7840891247066614f,0.20986214592359687f,2.1574558097349477f,0.21555491064186294f,-0.9611424747678604f,1.7269364035018013f,-0.07512930530529849f,0f,0f,0f,1f], start_interpolation: 0, interpolation_duration: 1 }
$data merge entity $(bone_finger_right_2_fire) { transformation: [0.000011112887569244026f,0.000011091603024041742f,0.000005590872025738701f,-0.4583827352503634f,-0.000012403398771227783f,0.00001030876997544094f,0.000004202706067896056f,2.3526171390504986f,-6.612159806179898e-7f,-0.000006963000913994863f,0.00001512802662201716f,0.4239909532910483f,0f,0f,0f,1f], start_interpolation: 0, interpolation_duration: 1 }
$data merge entity $(bone_finger_right_2_fire_s) { transformation: [0.000006667732541546416f,0.000006654961814425045f,0.00000335452321544322f,-0.4583827352503634f,-0.000007442039262736669f,0.0000061852619852645635f,0.000002521623640737634f,2.3526171390504986f,-3.967295883707939e-7f,-0.000004177800548396918f,0.000009076815973210296f,0.4239909532910483f,0f,0f,0f,1f], start_interpolation: 0, interpolation_duration: 1 }
$data merge entity $(bone_finger_right_2) { transformation: [0.8283585289220988f,0.8267719714731296f,0.41674555760377163f,-0.6378926232363771f,-0.9245536855968886f,0.7684193220388589f,0.3132711812480957f,2.2181698897827165f,-0.04928727062085817f,-0.5190245251794968f,1.1276483992144766f,-0.06311593134922308f,0f,0f,0f,1f], start_interpolation: 0, interpolation_duration: 1 }
$data merge entity $(bone_finger_film_right) { transformation: [1.1884017589838858f,-0.09629753683216599f,-0.14014658831787105f,-0.7324736467238686f,0.3109872266656691f,0.3982137627677157f,0.380113345041508f,2.2494083367095796f,0.05249758091169061f,-0.1790412316689823f,0.920805420744913f,-0.017569811793225094f,0f,0f,0f,1f], start_interpolation: 0, interpolation_duration: 1 }
$data merge entity $(bone_finger_right_0_fire) { transformation: [0.000016084668868008605f,-0.0000037822254461386836f,-0.0000021808199968988185f,-0.838780973282852f,0.000004274304335368308f,0.000015338382265839603f,0.000004923629727488318f,2.487302333146909f,8.896783873650041e-7f,-0.000005310986529764138f,0.00001577275094032418f,0.6344253142196788f,0f,0f,0f,1f], start_interpolation: 0, interpolation_duration: 1 }
$data merge entity $(bone_finger_right_0_fire_s) { transformation: [0.000009650801320805162f,-0.00000226933526768321f,-0.000001308491998139291f,-0.838780973282852f,0.0000025645826012209844f,0.00000920302935950376f,0.00000295417783649299f,2.487302333146909f,5.338070324190024e-7f,-0.000003186591917858483f,0.000009463650564194508f,0.6344253142196788f,0f,0f,0f,1f], start_interpolation: 0, interpolation_duration: 1 }
$data merge entity $(bone_fire_large_right) { transformation: [0.000025735470188813763f,-0.000006051560713821894f,-0.000003489311995038109f,-0.8135921135690981f,0.000006838886936589292f,0.00002454141162534336f,0.000007877807563981306f,2.3894308569424347f,0.0000014234854197840062f,-0.000008497578447622621f,0.000025236401504518686f,0.6750777468719781f,0f,0f,0f,1f], start_interpolation: 0, interpolation_duration: 1 }
$data merge entity $(bone_finger_right_0) { transformation: [1.4114936297265053f,-0.3319053172448179f,-0.19137562348735898f,-0.7314671974148249f,0.3750871957883021f,1.3460040138969316f,0.4320680800152666f,2.2140059162843135f,0.07807281496286887f,-0.4660601791582589f,1.3841215916984346f,-0.007504116108480348f,0f,0f,0f,1f], start_interpolation: 0, interpolation_duration: 1 }
$data merge entity $(bone_wing_right_1_model) { transformation: [-0.6658458465071467f,-0.5920489390836304f,0.4869337177285729f,-0.45925089212533793f,-0.4581684153039549f,0.8244615616051447f,0.3759280778224859f,1.7883280131775052f,-0.6145796083087075f,0.026800563564860543f,-0.8078061140431917f,-0.00818919406514881f,0f,0f,0f,1f], start_interpolation: 0, interpolation_duration: 1 }
$data merge entity $(bone_wing_right_0) { transformation: [-0.7908748708356894f,0.14401024474702798f,-0.5947923907453196f,-0.14564842294505057f,0.18116592076822413f,0.983448619193458f,-0.00277894920469679f,1.8483227753352076f,0.5845475582301524f,-0.10995391222863278f,-0.8038745482678159f,0.33327824262736233f,0f,0f,0f,1f], start_interpolation: 0, interpolation_duration: 1 }
$data merge entity $(bone_finger_left_1_fire) { transformation: [6.818642152401996e-7f,0.000015832237743984595f,0.000005162662780746238f,1.340012511332759f,-0.000015620872104821294f,-0.0000011824327224511916f,0.000005689286890241197f,2.2044222564674114f,0.000005770718642818118f,-0.0000050714769695429255f,0.000014790426142292353f,1.162363730857236f,0f,0f,0f,1f], start_interpolation: 0, interpolation_duration: 1 }
$data merge entity $(bone_finger_left_1_fire_s) { transformation: [4.091185291441197e-7f,0.000009499342646390756f,0.000003097597668447743f,1.340012511332759f,-0.000009372523262892776f,-7.094596334707149e-7f,0.0000034135721341447183f,2.2044222564674114f,0.0000034624311856908706f,-0.000003042886181725755f,0.000008874255685375411f,1.162363730857236f,0f,0f,0f,1f], start_interpolation: 0, interpolation_duration: 1 }
$data merge entity $(bone_finger_left_1) { transformation: [0.08133712752482854f,1.8885706444240435f,0.6158354575292081f,0.9858614938675816f,-1.8633575982445547f,-0.1410481427034018f,0.6786545517040674f,1.8519628226973683f,0.688368252314659f,-0.6049582303796851f,1.764296688979942f,0.25240860686916516f,0f,0f,0f,1f], start_interpolation: 0, interpolation_duration: 1 }
$data merge entity $(bone_finger_left_2_fire) { transformation: [0.000014555712471694562f,-0.00000490658611061618f,-0.000006467953691720558f,0.6267325379166551f,0.000008118414250182653f,0.000008765964264532417f,0.000011620111804675099f,2.3316729696419283f,-1.9033695501182356e-8f,-0.000013298912024290816f,0.000010045713238311485f,0.5043220066232023f,0f,0f,0f,1f], start_interpolation: 0, interpolation_duration: 1 }
$data merge entity $(bone_finger_left_2_fire_s) { transformation: [0.000008733427483016737f,-0.0000029439516663697078f,-0.0000038807722150323345f,0.6267325379166551f,0.000004871048550109591f,0.000005259578558719449f,0.000006972067082805059f,2.3316729696419283f,-1.1420217300709414e-8f,-0.00000797934721457449f,0.000006027427942986891f,0.5043220066232023f,0f,0f,0f,1f], start_interpolation: 0, interpolation_duration: 1 }
$data merge entity $(bone_finger_left_2) { transformation: [1.0849879021394777f,-0.3657386459904687f,-0.48212353196464236f,0.8348542507167354f,0.6051494396536024f,0.6534180443657387f,0.8661672009596133f,1.9584057550228042f,-0.001418778324451558f,-0.9913055569098457f,0.7488109807833714f,0.18039312718202513f,0f,0f,0f,1f], start_interpolation: 0, interpolation_duration: 1 }
$data merge entity $(bone_finger_film_left) { transformation: [0.9747228035085544f,0.26965931050989245f,0.0887544809162632f,0.9234680723601265f,-0.5992121783353634f,0.24153550226820836f,0.6901502359191438f,1.980572640663525f,0.4501422148185947f,-0.2623883314754771f,0.7265157521671739f,0.24082556360235818f,0f,0f,0f,1f], start_interpolation: 0, interpolation_duration: 1 }
$data merge entity $(bone_finger_left_0_fire) { transformation: [0.00001320333158632211f,0.000010144560059060927f,7.332898523179146e-7f,0.9811748883672321f,-0.000008243921002040912f,0.000009970070731297412f,0.000010507770167966807f,2.440423589510576f,0.000005957145231695744f,-0.000008686965442478193f,0.000012916146091905752f,0.7682717445501528f,0f,0f,0f,1f], start_interpolation: 0, interpolation_duration: 1 }
$data merge entity $(bone_finger_left_0_fire_s) { transformation: [0.000007921998951793267f,0.000006086736035436557f,4.3997391139074873e-7f,0.9811748883672321f,-0.000004946352601224547f,0.000005982042438778447f,0.000006304662100780084f,2.440423589510576f,0.000003574287139017446f,-0.0000052121792654869155f,0.000007749687655143451f,0.7682717445501528f,0f,0f,0f,1f], start_interpolation: 0, interpolation_duration: 1 }
$data merge entity $(bone_fire_large_left) { transformation: [0.000021125330538115377f,0.000016231296094497483f,0.0000011732637637086631f,0.9141693998848532f,-0.000013190273603265458f,0.000015952113170075855f,0.000016812432268746887f,2.380004714592268f,0.00000953143237071319f,-0.000013899144707965107f,0.000020665833747049203f,0.8293106571839437f,0f,0f,0f,1f], start_interpolation: 0, interpolation_duration: 1 }
$data merge entity $(bone_finger_left_0) { transformation: [1.158644829942821f,0.8902254698088312f,0.06434909936805996f,0.9074961698737435f,-0.723436837515073f,0.8749133377025048f,0.9220986006255049f,1.9546114426487908f,0.5227631737335975f,-0.7623157482650952f,1.133443161245445f,0.2614793058880096f,0f,0f,0f,1f], start_interpolation: 0, interpolation_duration: 1 }
$data merge entity $(bone_wing_left_1_model) { transformation: [-0.6831431059601432f,0.751034531340794f,-0.015482653347634046f,0.5442319198722053f,0.658486138187043f,0.6087776629315599f,0.47619622633211056f,1.6306977661028186f,0.36150876287648065f,0.31034492567326133f,-0.8966462649864857f,0.12574840222945904f,0f,0f,0f,1f], start_interpolation: 0, interpolation_duration: 1 }
$data merge entity $(bone_wing_left_0) { transformation: [-0.6492911992861794f,0.20409588779069035f,0.7326430284363901f,0.19555986747708556f,0.057647887663685504f,0.9737555908603076f,-0.22017440885854112f,1.7992746646298565f,-0.7583519364895366f,-0.10072198297900448f,-0.6440166322132893f,0.38757952274580326f,0f,0f,0f,1f], start_interpolation: 0, interpolation_duration: 1 }
$data merge entity $(bone_body_0) { transformation: [-0.9777687395905367f,0.16987254230065849f,0.12292929370920716f,0.0225209738191304f,0.14055259127594974f,0.9660093453628443f,-0.21695832262732995f,1.4549318885140987f,-0.15560610837993905f,-0.1948570348844501f,-0.9684097660550988f,0.042545680070087064f,0f,0f,0f,1f], start_interpolation: 0, interpolation_duration: 1 }
$data merge entity $(bone_leg_right_3) { transformation: [-0.980481237316136f,0.186432314827977f,-0.06244625896642049f,-0.33810445861897376f,0.17150331889024018f,0.9662876081483669f,0.19202830507126f,0.7248980979638954f,0.09614132764140383f,0.17757040949096892f,-0.9794006303819484f,0.1019716839938607f,0f,0f,0f,1f], start_interpolation: 0, interpolation_duration: 1 }
$data merge entity $(bone_leg_right_2) { transformation: [-0.9260661292032413f,0.37202746958183847f,-0.06322251354588995f,-0.26822488077781664f,0.22606648767035806f,0.41279134206114226f,-0.8823249124170467f,0.8003187469584025f,-0.3021513983004444f,-0.831383707920654f,-0.46637502367643024f,-0.035088839897975566f,0f,0f,0f,1f], start_interpolation: 0, interpolation_duration: 1 }
$data merge entity $(bone_leg_right_1) { transformation: [-0.9542821993438262f,0.2820782370886197f,-0.09888049441870028f,-0.2450776053501852f,0.19682933639807082f,0.34405244423769193f,-0.9180883007353733f,1.090673561329947f,-0.22495265357093527f,-0.8955779049167338f,-0.38384439539525445f,0.09998986242663083f,0f,0f,0f,1f], start_interpolation: 0, interpolation_duration: 1 }
$data merge entity $(bone_leg_right_0) { transformation: [-0.9390619700727517f,0.335792466178762f,-0.07352575073174894f,-0.10072162451524382f,0.1859949848551019f,0.31646900222860924f,-0.9301898925688126f,1.2663184444699958f,-0.28908213706805325f,-0.8871813739512421f,-0.359639719361132f,-0.1708787224306253f,0f,0f,0f,1f], start_interpolation: 0, interpolation_duration: 1 }
$data merge entity $(bone_leg_left_3) { transformation: [-0.9936621759338946f,-0.11012055995187986f,0.022559751643189966f,0.30196071483540254f,-0.10932834987231346f,0.900124348072845f,-0.4216912020906208f,0.7558371060518668f,0.026130289560489087f,-0.42148501786222525f,-0.9064588174236954f,0.24647802138609062f,0f,0f,0f,1f], start_interpolation: 0, interpolation_duration: 1 }
$data merge entity $(bone_leg_left_2) { transformation: [-0.907161779705634f,-0.41958039562267313f,-0.031777304014467836f,0.22473291143182234f,-0.04906270892683562f,0.1804765054448722f,-0.9823548654000588f,0.7933240048403718f,0.4179118998474051f,-0.8895957073814643f,-0.18430713869626547f,0.09819580497362279f,0f,0f,0f,1f], start_interpolation: 0, interpolation_duration: 1 }
$data merge entity $(bone_leg_left_1) { transformation: [-0.9402880195948105f,-0.33902711585459416f,0.0303159186201738f,0.22433794368614857f,-0.04591759821681135f,0.03809090404694371f,-0.9982187421616998f,1.1131226749041925f,0.337268460399826f,-0.940005158360422f,-0.051383731621292214f,0.12677245691271022f,0f,0f,0f,1f], start_interpolation: 0, interpolation_duration: 1 }
$data merge entity $(bone_leg_left_0) { transformation: [-0.9402880195948105f,-0.34027189764350985f,-0.008571807309674176f,0.0846964240387275f,-0.04591759821681135f,0.1517584783595068f,-0.9873504638273113f,1.239867826802165f,0.337268460399826f,-0.9280002154741623f,-0.1583211473538491f,-0.17238548949619031f,0f,0f,0f,1f], start_interpolation: 0, interpolation_duration: 1 }
$data merge entity $(bone_tail_3) { transformation: [-2.399774481114346f,-0.45341735670990724f,0.0016927080666542481f,-0.19566249194555455f,0.4383310399855404f,-2.31756319374703f,0.6334622855453155f,0.09582481451654729f,-0.11600027591170936f,0.6227529754704522f,2.3586501208032398f,-0.4064295365996586f,0f,0f,0f,1f], start_interpolation: 0, interpolation_duration: 1 }
$data merge entity $(bone_tail_2) { transformation: [-1.13740510931096f,-0.1098460979315549f,-0.17651491320150267f,-0.12281838375017579f,0.20664619541611923f,-0.7050989524960738f,-0.8927748202144722f,0.46501031710856144f,-0.022826075732938114f,-0.9097710505715991f,0.713238857822878f,-0.6939288600916489f,0f,0f,0f,1f], start_interpolation: 0, interpolation_duration: 1 }
$data merge entity $(bone_tail_1) { transformation: [-1.3718128685052564f,0.06387656460485795f,-0.1828348396106143f,-0.06838320081634533f,0.19366642677610885f,0.4426288257761558f,-1.2984422890562268f,0.8516486829423086f,-0.0014523157135122324f,-1.3112508712538884f,-0.4472117884098823f,-0.5534729553516806f,0f,0f,0f,1f], start_interpolation: 0, interpolation_duration: 1 }
$data merge entity $(bone_tail_0) { transformation: [-1.1858723348809017f,0.1346131852428138f,-0.1029098440416677f,-0.035671958902315455f,0.16916937686172573f,0.9819597985852018f,-0.6649368512667226f,1.064798433999774f,0.009636782352625987f,-0.672784203589139f,-0.9910968106621038f,-0.2698776472064771f,0f,0f,0f,1f], start_interpolation: 0, interpolation_duration: 1 }
$data merge entity $(bone_body_1) { transformation: [-1.010569467985464f,0.08043669197976527f,-0.11991656851066516f,1.3433514894414739e-17f,0.14416172984738362f,0.610250578987561f,-0.8055509424842112f,1.305732846084908f,0.008212214526585623f,-0.8143861884101078f,-0.615474118142973f,-0.10969297354770106f,0f,0f,0f,1f], start_interpolation: 0, interpolation_duration: 1 }
data modify entity @s data merge value {"locators":{"body_1":{"posx":-0.02769093530202295,"posy":1.105777809453904,"posz":-0.007132304496664937,"roty":348.97483879601924,"rotx":-52.102522386581064},"body_0":{"posx":-0.025432182525374606,"posy":1.3521625986417318,"posz":0.251037541867633,"roty":7.234396462835491,"rotx":-12.530443195896744},"neck_1":{"posx":-0.1265390754195416,"posy":1.4195344731620283,"posz":0.5031445296039637,"roty":357.51669021078806,"rotx":22.07713855403885},"neck_0":{"posx":-0.15152991629756019,"posy":1.2827873184839746,"posz":0.6546264501123559,"roty":16.9444978501823,"rotx":49.77171336208549},"head_0":{"posx":-0.15723409050994325,"posy":1.1305723586868222,"posz":0.5130674016685679,"roty":113.15975922285686,"rotx":61.240300771977374},"arm_right_0":{"posx":-0.3421827702809276,"posy":0.8560752002201988,"posz":0.1992866131682105,"roty":17.76639590943094,"rotx":4.207854827808421},"arm_left_0":{"posx":0.4719678362318318,"posy":0.9356820646018413,"posz":0.5014508960321985,"roty":14.65935495849456,"rotx":-31.222844220145767},"finger_right_0":{"posx":-0.6328619969426462,"posy":2.0542359235720884,"posz":-0.08670924482656597,"roty":209.13041370671516,"rotx":6.05936213026067},"finger_right_1":{"posx":-0.8632016381057798,"posy":2.2425749541133237,"posz":0.43928231307231513,"roty":209.13041370671516,"rotx":6.05936213026067},"finger_right_2":{"posx":-1.1620210209625796,"posy":2.335642973576269,"posz":0.9982511615697328,"roty":209.13041370671516,"rotx":6.05936213026067},"finger_right_3":{"posx":-1.4827049054672101,"posy":2.4355211108175947,"posz":1.598119848557499,"roty":209.13041370671516,"rotx":6.05936213026067},"finger_left_0":{"posx":0.7742209840430478,"posy":1.8079279194509639,"posz":0.21410254564907227,"roty":160.7582361473397,"rotx":19.959584428898804},"finger_left_1":{"posx":0.9507879084338163,"posy":2.1383550691160518,"posz":0.6882724304716491,"roty":160.7582361473397,"rotx":19.959584428898804},"finger_left_2":{"posx":1.1478957686209519,"posy":2.3830193641005195,"posz":1.2465633292156688,"roty":160.7582361473397,"rotx":19.959584428898804},"finger_left_3":{"posx":1.359426013950218,"posy":2.645586098396448,"posz":1.8457043001568276,"roty":160.7582361473397,"rotx":19.959584428898804},"leg_right_0":{"posx":-0.2923865085491508,"posy":1.0447646149303609,"posz":0.22235874487808965,"roty":348.4455148659928,"rotx":-68.46443512266018},"leg_left_0":{"posx":0.27209155865473844,"posy":1.0899088458272765,"posz":0.25522718617888995,"roty":356.900923577195,"rotx":-80.87708143332935},"tail_0":{"posx":-0.07188226451877973,"posy":0.8135553137312597,"posz":-0.31534485353058195,"roty":354.07197635672867,"rotx":-33.7160680613093},"tail_1":{"posx":-0.10896450181619169,"posy":0.5649139804963712,"posz":-0.4577185160344241,"roty":337.76364680240727,"rotx":-69.5900597967773},"tail_2":{"posx":-0.14310666724193138,"posy":0.3887132126371674,"posz":-0.3737033851605973,"roty":193.9004648231661,"rotx":-50.54550980219294},"tail_3":{"posx":-0.15316780704742422,"posy":0.36701439085715704,"posz":-0.2607992913582857,"roty":179.95888113685817,"rotx":15.033169538039637},"tail_4":{"posx":-0.15286457659177466,"posy":0.4804923503864577,"posz":0.1617275252490833,"roty":179.95888113685817,"rotx":15.033169538039637},"shadow":{"posx":-2.2247211188545983e-17,"posy":1.198123458556025,"posz":0.18166226543061526,"roty":0,"rotx":-56.19758789816755}},"cameras":{}}