# This file was generated by Animated Java via MC-Build. It is not recommended to edit this file directly.
$data merge entity $(bone_head_lower) { transformation: [-0.9214920582667163f,0.05074630448757153f,0.3850677851135116f,-0.12957972706707999f,0.356830144730186f,0.5021260258571194f,0.787744693392961f,0.6767279974910563f,-0.15337742455526293f,0.8633042723963495f,-0.48081295625118536f,0.8250851527042401f,0f,0f,0f,1f], start_interpolation: 0, interpolation_duration: 1 }
$data merge entity $(bone_head_upper) { transformation: [-0.9214920582667163f,-0.0010392859745392384f,0.3883958115583045f,-0.12303533882258609f,0.356830144730186f,0.39263160916246725f,0.8476512651428807f,0.6952880768585524f,-0.15337742455526293f,0.919695242659847f,-0.36143606110298376f,0.8314726247603981f,0f,0f,0f,1f], start_interpolation: 0, interpolation_duration: 1 }
$data merge entity $(bone_neck_0) { transformation: [-0.7670207075103366f,0.41799134803913807f,0.486787907835401f,-0.03872753558736053f,0.5961956589728432f,0.18391449121359615f,0.7814897287511726f,0.8389065128897508f,0.23712859480096432f,0.889639642150724f,-0.390270850361197f,0.7430839500763644f,0f,0f,0f,1f], start_interpolation: 0, interpolation_duration: 1 }
$data merge entity $(bone_neck_1) { transformation: [-0.8423871480230979f,0.516867258018478f,0.15242089894096417f,-0.00801657521920945f,0.3256759358241569f,0.2629695321578782f,0.9081752088565984f,0.999457772826171f,0.42932397751648f,0.8146749429957489f,-0.38985338216347715f,0.6815519488525337f,0f,0f,0f,1f], start_interpolation: 0, interpolation_duration: 1 }
$data merge entity $(bone_neck_2) { transformation: [-0.8423871480230979f,0.5168996013612984f,-0.15231117804692562f,0.03112719892231895f,0.3256759358241569f,0.7135374315299602f,0.6203221087714726f,1.2416536329809231f,0.42932397751648f,0.4729472866167625f,-0.7694165233547242f,0.5746323413984377f,0f,0f,0f,1f], start_interpolation: 0, interpolation_duration: 1 }
$data merge entity $(bone_arm_right_2) { transformation: [-0.9606745520172434f,0.05936615965200864f,0.27125645465986814f,-0.45317206597585935f,0.24717549677292666f,0.6279490445596173f,0.7379595322453125f,0.5545446073978514f,-0.12652540812629642f,0.7759868919800358f,-0.6179285270754525f,0.3345629536305844f,0f,0f,0f,1f], start_interpolation: 0, interpolation_duration: 1 }
$data merge entity $(bone_arm_right_1) { transformation: [-0.9829274070028662f,-0.03410565758732196f,0.18080518986787464f,-0.3180761687803734f,-0.02233393936350922f,0.9975198577382579f,0.06674824769499535f,0.8692336494533281f,-0.18263326015578019f,0.0615705898817098f,-0.9812513208890419f,0.37887535917152665f,0f,0f,0f,1f], start_interpolation: 0, interpolation_duration: 1 }
$data merge entity $(bone_arm_right_0) { transformation: [-0.8273250161789124f,0.44666926478581936f,0.34061691898709046f,-0.15255596852651157f,0.5289140510294028f,0.823646483581949f,0.20458835916727075f,1.124796502418527f,-0.18916459559925272f,0.34941814202869514f,-0.917672990663333f,0.47995416538745783f,0f,0f,0f,1f], start_interpolation: 0, interpolation_duration: 1 }
$data merge entity $(bone_arm_left_2) { transformation: [-0.7927533116477028f,-0.6091793778468781f,0.0210397832139618f,0.5054569296401052f,-0.4104022057818954f,0.558960261525219f,0.7205091640812167f,0.6055070666552947f,-0.4506797270356797f,0.56255125245772f,-0.6931261587887851f,0.5265922147012272f,0f,0f,0f,1f], start_interpolation: 0, interpolation_duration: 1 }
$data merge entity $(bone_arm_left_1) { transformation: [-0.9588849966146064f,0.023807423341393803f,0.28279457183837486f,0.37160753858176887f,-0.10700339665024824f,0.8926006133998535f,-0.43796622936422247f,0.8673439784850396f,-0.2628494557207903f,-0.45021922610218323f,-0.8533538609950948f,0.3455688570082301f,0f,0f,0f,1f], start_interpolation: 0, interpolation_duration: 1 }
$data merge entity $(bone_arm_left_0) { transformation: [-0.7889640745335132f,-0.6127249511947213f,0.045867453372769804f,0.15994093359746978f,-0.4308009169399392f,0.6048493195381325f,0.669752096389377f,1.0623962943852845f,-0.4381167185342102f,0.5086506019240362f,-0.7411668544282934f,0.4872659846086155f,0f,0f,0f,1f], start_interpolation: 0, interpolation_duration: 1 }
$data merge entity $(bone_finger_right_1_fire) { transformation: [0.0000075360144838944495f,-0.000013299828694080086f,-0.000006640844839659693f,-1.1993858292045196f,0.000014423779947814313f,0.000008343587800118927f,-3.418953297634013e-7f,1.8382431896149434f,0.000003597337278229592f,-0.0000055925733886654105f,0.00001528267205618273f,1.1666799177358447f,0f,0f,0f,1f], start_interpolation: 0, interpolation_duration: 1 }
$data merge entity $(bone_finger_right_1_fire_s) { transformation: [0.000004521608690336669f,-0.000007979897216448051f,-0.000003984506903795815f,-1.1993858292045196f,0.000008654267968688587f,0.000005006152680071356f,-2.0513719785804077e-7f,1.8382431896149434f,0.000002158402366937755f,-0.000003355544033199246f,0.000009169603233709637f,1.1666799177358447f,0f,0f,0f,1f], start_interpolation: 0, interpolation_duration: 1 }
$data merge entity $(bone_finger_right_1) { transformation: [0.8989440381316267f,-1.5864886855335147f,-0.7921624738815818f,-0.7587853382269911f,1.7205607843669568f,0.9952765517601062f,-0.04078346306428898f,1.8415602058322387f,0.4291134135058064f,-0.6671179462696976f,1.8230149319626354f,0.22671761633698637f,0f,0f,0f,1f], start_interpolation: 0, interpolation_duration: 1 }
$data merge entity $(bone_finger_right_2_fire) { transformation: [0.000010298585861406489f,0.000010989882806762259f,0.000007137183122678529f,-0.3377215303032673f,-0.000012562934048621744f,0.000010862058905489151f,0.0000014021919274628234f,1.936034831011486f,-0.000003726874712543549f,-0.0000062462732893376085f,0.000014995741150396277f,0.7128612246603137f,0f,0f,0f,1f], start_interpolation: 0, interpolation_duration: 1 }
$data merge entity $(bone_finger_right_2_fire_s) { transformation: [0.000006179151516843893f,0.000006593929684057355f,0.000004282309873607117f,-0.3377215303032673f,-0.000007537760429173046f,0.00000651723534329349f,8.41315156477694e-7f,1.936034831011486f,-0.0000022361248275261295f,-0.000003747763973602565f,0.000008997444690237765f,0.7128612246603137f,0f,0f,0f,1f], start_interpolation: 0, interpolation_duration: 1 }
$data merge entity $(bone_finger_right_2) { transformation: [0.767660194614291f,0.819189710875041f,0.5320081279785503f,-0.5669748450454084f,-0.9364455010111815f,0.809661672535778f,0.10451987704025345f,1.891727618916988f,-0.27780254547914546f,-0.4655993971828765f,1.1177877938599408f,0.23010583274787882f,0f,0f,0f,1f], start_interpolation: 0, interpolation_duration: 1 }
$data merge entity $(bone_finger_film_right) { transformation: [1.2039122880782636f,-0.08935531950173026f,-0.03641757305364026f,-0.6552453832715397f,0.24938059256944878f,0.4259917798892852f,0.22735714576868057f,1.9187906976749165f,-0.013126864463638352f,-0.10222430943084626f,0.9792815390937374f,0.28902748773451653f,0f,0f,0f,1f], start_interpolation: 0, interpolation_duration: 1 }
$data merge entity $(bone_finger_right_0_fire) { transformation: [0.00001631413826971684f,-0.0000033738023070846883f,-4.940933991140099e-7f,-0.6898158045403229f,0.000003409779015978837f,0.00001614812924131769f,0.000002321444990877141f,2.049269985980429f,8.795256011014399e-9f,-0.0000023734274322566374f,0.000016496804013052366f,0.9780648501918869f,0f,0f,0f,1f], start_interpolation: 0, interpolation_duration: 1 }
$data merge entity $(bone_finger_right_0_fire_s) { transformation: [0.000009788482961830103f,-0.000002024281384250813f,-2.9645603946840596e-7f,-0.6898158045403229f,0.000002045867409587302f,0.000009688877544790612f,0.0000013928669945262846f,2.049269985980429f,5.277153606608639e-9f,-0.0000014240564593539825f,0.000009898082407831419f,0.9780648501918869f,0f,0f,0f,1f], start_interpolation: 0, interpolation_duration: 1 }
$data merge entity $(bone_fire_large_right) { transformation: [0.00002610262123154694f,-0.000005398083691335501f,-7.905494385824159e-7f,-0.6666388644698922f,0.000005455646425566139f,0.0000258370067861083f,0.0000037143119854034256f,1.9450658867391555f,1.4072409617623037e-8f,-0.00000379748389161062f,0.000026394886420883782f,0.9997503277969189f,0f,0f,0f,1f], start_interpolation: 0, interpolation_duration: 1 }
$data merge entity $(bone_finger_right_0) { transformation: [1.4316304818672747f,-0.296064563310852f,-0.043358659793515844f,-0.6553334936559905f,0.29922166252373145f,1.4170625297393613f,0.20371602569330785f,1.882197285756313f,0.0007718186761091571f,-0.20827769155456313f,1.4476601269412968f,0.29309897180208017f,0f,0f,0f,1f], start_interpolation: 0, interpolation_duration: 1 }
$data merge entity $(bone_wing_right_1_model) { transformation: [-0.7476579094551041f,-0.5323287876895185f,0.43429344373139156f,-0.41253550654473076f,-0.23124529893404344f,0.7994087511775867f,0.5817631333312863f,1.4667151782691492f,-0.6469237553158552f,0.3294674390278026f,-0.7098717803028463f,0.13906125173514058f,0f,0f,0f,1f], start_interpolation: 0, interpolation_duration: 1 }
$data merge entity $(bone_wing_right_0) { transformation: [-0.806741846259604f,0.17332490632494443f,-0.5649124448453007f,-0.11016456506617858f,0.034546249985069756f,0.9682130952955762f,0.24772960806114466f,1.4156675801208047f,0.5898933379057729f,0.18033823484111317f,-0.7870857456140194f,0.49192364316535586f,0f,0f,0f,1f], start_interpolation: 0, interpolation_duration: 1 }
$data merge entity $(bone_finger_left_1_fire) { transformation: [-2.3270512056969126e-7f,0.00001540206316362443f,0.000006363967033883979f,1.4071215376268402f,-0.00001664200580100403f,-5.49304017574182e-7f,7.208923590960352e-7f,1.4834598813390283f,8.759389385036066e-7f,-0.000006344485257117259f,0.000015386943022446428f,1.2345426782540527f,0f,0f,0f,1f], start_interpolation: 0, interpolation_duration: 1 }
$data merge entity $(bone_finger_left_1_fire_s) { transformation: [-1.3962307234181475e-7f,0.000009241237898174657f,0.000003818380220330387f,1.4071215376268402f,-0.000009985203480602417f,-3.2958241054450917e-7f,4.325354154576211e-7f,1.4834598813390283f,5.255633631021639e-7f,-0.0000038066911542703553f,0.000009232165813467856f,1.2345426782540527f,0f,0f,0f,1f], start_interpolation: 0, interpolation_duration: 1 }
$data merge entity $(bone_finger_left_1) { transformation: [-0.027758556094324413f,1.8372566673613688f,0.7591347171906979f,0.9790347385436715f,-1.9851649607808868f,-0.0655244987619609f,0.08599265430407328f,1.438933193125046f,0.10448760259391661f,-0.7568108061745922f,1.8354530401527533f,0.2898586094857226f,0f,0f,0f,1f], start_interpolation: 0, interpolation_duration: 1 }
$data merge entity $(bone_finger_left_2_fire) { transformation: [0.000015122286059663726f,-0.000004904667389341796f,-0.0000050038465111756925f,0.6721579413820865f,0.00000688694138285193f,0.00001259600836385662f,0.000008466899637092281f,1.8422865057874453f,0.0000012900699580408452f,-0.000009750004557709658f,0.00001345551591005634f,0.6969071687360011f,0f,0f,0f,1f], start_interpolation: 0, interpolation_duration: 1 }
$data merge entity $(bone_finger_left_2_fire_s) { transformation: [0.000009073371635798235f,-0.0000029428004336050773f,-0.0000030023079067054155f,0.6721579413820865f,0.000004132164829711158f,0.000007557605018313972f,0.000005080139782255369f,1.8422865057874453f,7.740419748245071e-7f,-0.000005850002734625795f,0.000008073309546033803f,0.6969071687360011f,0f,0f,0f,1f], start_interpolation: 0, interpolation_duration: 1 }
$data merge entity $(bone_finger_left_2) { transformation: [1.127220495687455f,-0.3655956238351237f,-0.372988470289315f,0.8331820290140473f,0.5133550211072668f,0.9389108720447996f,0.6311256623637316f,1.570654827431728f,0.0961622661968499f,-0.726768752233273f,1.002978865366168f,0.26347844991325636f,0f,0f,0f,1f], start_interpolation: 0, interpolation_duration: 1 }
$data merge entity $(bone_finger_film_left) { transformation: [0.9475157277123354f,0.27341168659267895f,0.18047352839174075f,0.92632071770175f,-0.7621416328153855f,0.29234293550963136f,0.43647025410682283f,1.5686044822676188f,0.18199414598838065f,-0.1992105338260739f,0.8882189296557247f,0.3210704661238073f,0f,0f,0f,1f], start_interpolation: 0, interpolation_duration: 1 }
$data merge entity $(bone_finger_left_0_fire) { transformation: [0.000012817477263671249f,0.000010417061085657981f,0.0000022304467513748597f,1.047437234866917f,-0.000010403207719899661f,0.000011487846333232819f,0.000006130288210062169f,1.8466180323679806f,0.000002294193433359229f,-0.000006106717836897108f,0.000015336963569384652f,0.954341103999904f,0f,0f,0f,1f], start_interpolation: 0, interpolation_duration: 1 }
$data merge entity $(bone_finger_left_0_fire_s) { transformation: [0.00000769048635820275f,0.0000062502366513947885f,0.0000013382680508249158f,1.047437234866917f,-0.000006241924631939796f,0.000006892707799939691f,0.0000036781729260373013f,1.8466180323679806f,0.0000013765160600155374f,-0.0000036640307021382648f,0.000009202178141630791f,0.954341103999904f,0f,0f,0f,1f], start_interpolation: 0, interpolation_duration: 1 }
$data merge entity $(bone_fire_large_left) { transformation: [0.000020507963621873998f,0.000016667297737052767f,0.000003568714802199775f,0.9792483571468257f,-0.000016645132351839456f,0.000018380554133172508f,0.00000980846113609947f,1.7748301165283809f,0.0000036707094933747662f,-0.000009770748539035372f,0.000024539141711015444f,0.9997580268740139f,0f,0f,0f,1f], start_interpolation: 0, interpolation_duration: 1 }
$data merge entity $(bone_finger_left_0) { transformation: [1.124784579359275f,0.9141385180843034f,0.19573056845898062f,0.9094890554052767f,-0.9129228301718818f,1.0081041799303543f,0.5379571583285903f,1.5386620801459405f,0.20132459319616997f,-0.5358887643911229f,1.3458795176436915f,0.33432981155705055f,0f,0f,0f,1f], start_interpolation: 0, interpolation_duration: 1 }
$data merge entity $(bone_wing_left_1_model) { transformation: [-0.6249438632029041f,0.7966358523865321f,-0.07611550157000513f,0.5243539280663355f,0.5249322239100886f,0.48096809519863787f,0.7239426322186326f,1.2736084505190428f,0.604043385186593f,0.406224190731199f,-0.7078775167491509f,0.1427016025117738f,0f,0f,0f,1f], start_interpolation: 0, interpolation_duration: 1 }
$data merge entity $(bone_wing_left_0) { transformation: [-0.7599922422592104f,0.2347814234093716f,0.6060441196214076f,0.2319558179011087f,0.2967650653631889f,0.9549479791431806f,0.002202977607086057f,1.347352077072709f,-0.5782233890857408f,0.1815269686636794f,-0.7954279803740724f,0.49992859417487834f,0f,0f,0f,1f], start_interpolation: 0, interpolation_duration: 1 }
$data merge entity $(bone_body_0) { transformation: [-0.98038243803602f,0.1928760714334111f,0.04060906621634197f,0.019774521185484867f,0.19576535853566243f,0.9768079458029235f,0.08673039498166822f,1.1271603890586308f,-0.022939040693827684f,0.09297880449159544f,-0.9954038086763384f,0.08272663273817302f,0f,0f,0f,1f], start_interpolation: 0, interpolation_duration: 1 }
$data merge entity $(bone_leg_right_3) { transformation: [-0.9709522883844426f,0.23007329439041574f,0.06571097997561057f,-0.41693236570259284f,0.14276968441458632f,0.33669025655874996f,0.930729009084042f,0.6056609502027698f,0.19201164259797743f,0.9130749971096261f,-0.35975766671480724f,-0.4459274441101643f,0f,0f,0f,1f], start_interpolation: 0, interpolation_duration: 1 }
$data merge entity $(bone_leg_right_2) { transformation: [-0.8849704043952709f,0.45692023016947547f,-0.08972896191500282f,-0.3325995275640433f,0.4638811473801906f,0.8483236620691567f,-0.25526700820672726f,0.7496904635018506f,-0.04051745857909216f,-0.26752732128784334f,-0.9626980149116555f,-0.4846635850362132f,0f,0f,0f,1f], start_interpolation: 0, interpolation_duration: 1 }
$data merge entity $(bone_leg_right_1) { transformation: [-0.9182552613725876f,0.34180901383863566f,-0.19993467188114222f,-0.2777437002493129f,0.3959777852805916f,0.7963924686238599f,-0.45712211659847746f,0.8865599862689996f,0.002978007024568838f,-0.4989244772286219f,-0.8666403507201287f,-0.1994521856194549f,0f,0f,0f,1f], start_interpolation: 0, interpolation_duration: 1 }
$data merge entity $(bone_leg_right_0) { transformation: [-0.8915133416616712f,0.4497840869507497f,-0.05383527435725283f,-0.09680950199745193f,0.45022948846149924f,0.8666816427759737f,-0.21484026111238125f,1.1904017357830938f,-0.04997368666545397f,-0.2157711871428155f,-0.9751643068939936f,-0.19784856663648415f,0f,0f,0f,1f], start_interpolation: 0, interpolation_duration: 1 }
$data merge entity $(bone_leg_left_3) { transformation: [-0.9967185544824517f,0.023032481339607863f,0.07759914918188557f,0.2257995193298083f,0.0603512291346551f,0.8503215869138856f,0.522791476566123f,0.4365224682007546f,-0.05394304674699284f,0.5257591688516626f,-0.8489213415128989f,-0.29196524894223913f,0f,0f,0f,1f], start_interpolation: 0, interpolation_duration: 1 }
$data merge entity $(bone_leg_left_2) { transformation: [-0.9466598710390803f,-0.30028221258696286f,-0.11690030525259466f,0.16933381154348703f,-0.209939782788839f,0.8499624944198875f,-0.48320704225217737f,0.5840246116943382f,0.2444593548360276f,-0.43289069161094307f,-0.8676665678414444f,-0.35838631798289566f,0f,0f,0f,1f], start_interpolation: 0, interpolation_duration: 1 }
$data merge entity $(bone_leg_left_1) { transformation: [-0.9711417260349594f,-0.23849682048830115f,-0.0017362519433270912f,0.1779001148238282f,-0.1550311846980623f,0.6367743169194482f,-0.7553037806623804f,0.8177193095227332f,0.18124315083598314f,-0.7332378440374863f,-0.6553725538549073f,-0.13838318831160992f,0f,0f,0f,1f], start_interpolation: 0, interpolation_duration: 1 }
$data merge entity $(bone_leg_left_0) { transformation: [-0.9711417260349594f,-0.2215686353245043f,-0.08826713881324393f,0.08448098512342343f,-0.1550311846980623f,0.8676745302274639f,-0.4723412340307218f,1.1488808901831968f,0.18124315083598314f,-0.44502612219395254f,-0.8769849889479625f,-0.22001919837551526f,0f,0f,0f,1f], start_interpolation: 0, interpolation_duration: 1 }
$data merge entity $(bone_tail_3) { transformation: [-2.357632122912084f,0.45772494479810366f,0.4433580638227526f,-0.0874662794795478f,-0.6370951246282487f,-1.7296595318316978f,-1.602153373105301f,0.708448173379836f,0.013722245516076734f,-1.6623096894644365f,1.789146701957297f,-1.341165547642693f,0f,0f,0f,1f], start_interpolation: 0, interpolation_duration: 1 }
$data merge entity $(bone_tail_2) { transformation: [-1.1494336738636461f,0.06795990874381044f,0.1053458242734563f,-0.13095249544142812f,-0.0731434362880536f,0.4255508169500981f,-1.0725999265434805f,1.145565232466081f,-0.10181517380182792f,-1.0729408257199635f,-0.4187430207025145f,-1.1642540270784316f,0f,0f,0f,1f], start_interpolation: 0, interpolation_duration: 1 }
$data merge entity $(bone_tail_1) { transformation: [-1.3416899357906644f,0.25519493025248136f,-0.23264351280285359f,-0.06255394576289036f,0.29837492542395844f,1.326577018152191f,-0.26560338677522005f,1.2184987457198486f,0.17383860432616086f,-0.3073244259112041f,-1.3396683086354098f,-0.7615349968622172f,0f,0f,0f,1f], start_interpolation: 0, interpolation_duration: 1 }
$data merge entity $(bone_tail_0) { transformation: [-1.1594738210781579f,0.29525096905726966f,-0.0587508619761199f,-0.04039251269367235f,0.2655535558796851f,1.1132481630500792f,0.3537854953259917f,1.1312041358984595f,0.14179600654408014f,0.329408155658213f,-1.1429735341606926f,-0.4168356169587414f,0f,0f,0f,1f], start_interpolation: 0, interpolation_duration: 1 }
$data merge entity $(bone_body_1) { transformation: [-0.9880733431796475f,0.22280580605822445f,-0.12715870292270123f,1.5801013090232843e-17f,0.2262978128366012f,0.9953301394677935f,-0.014419008871540155f,1.1538875975452996f,0.12083485775060741f,-0.042144758846288544f,-1.012780060476421f,-0.1290250633997829f,0f,0f,0f,1f], start_interpolation: 0, interpolation_duration: 1 }
data modify entity @s data merge value {"locators":{"body_1":{"posx":-0.056780278411161206,"posy":0.9540374379987294,"posz":-0.2190440009683002,"roty":352.84372584296796,"rotx":-0.8093150950075232},"body_0":{"posx":-0.01631355361472745,"posy":0.9664569906893257,"posz":0.25361243434219405,"roty":2.3361760657023183,"rotx":4.975536732493096},"neck_1":{"posx":-0.09829824997752237,"posy":0.9539794424030382,"posz":0.5389069350510872,"roty":348.80267972303915,"rotx":38.33966037940302},"neck_0":{"posx":-0.1107978558674933,"posy":0.7823214801203455,"posz":0.6445971888624452,"roty":21.353997497800577,"rotx":65.25438452588412},"pos_head":{"posx":-0.17594898926904762,"posy":0.5843830150645082,"posz":0.8913632144979159,"roty":47.059148027490465,"rotx":57.957119625190096},"head_0":{"posx":-0.1635339359365284,"posy":0.5059658590271265,"posz":0.6343372649402698,"roty":47.059148027490465,"rotx":57.957119625190096},"arm_right_0":{"posx":-0.4188822159677064,"posy":0.42407658185004055,"posz":0.2517949333331004,"roty":10.440206846540747,"rotx":3.8272384126593537},"arm_left_0":{"posx":0.5094374897662636,"posy":0.4475989786183664,"posz":0.5167212693820411,"roty":18.334779115442615,"rotx":-25.97419040316476},"finger_right_0":{"posx":-0.5732418690220992,"posy":1.7339179334204513,"posz":0.17997475961698992,"roty":203.48659825076965,"rotx":-1.175432015125216},"finger_right_1":{"posx":-0.7451112706515781,"posy":1.8415316680433966,"posz":0.749250837281678,"roty":203.48659825076965,"rotx":-1.175432015125216},"finger_right_2":{"posx":-0.987490868002488,"posy":1.8525858369086146,"posz":1.342151157358259,"roty":203.48659825076965,"rotx":-1.175432015125216},"finger_right_3":{"posx":-1.2476052422066997,"posy":1.86444914607586,"posz":1.9784341226623412,"roty":203.48659825076965,"rotx":-1.175432015125216},"finger_left_0":{"posx":0.7628810339573442,"posy":1.4207946446035562,"posz":0.25599562851761354,"roty":157.5302436288274,"rotx":2.4790187762084672},"finger_left_1":{"posx":0.9894386246106261,"posy":1.5843269810491467,"posz":0.7918350566593768,"roty":157.5302436288274,"rotx":2.4790187762084672},"finger_left_2":{"posx":1.2342110841536404,"posy":1.6399123264511295,"posz":1.3812394728576343,"roty":157.5302436288274,"rotx":2.4790187762084672},"finger_left_3":{"posx":1.4968935711867557,"posy":1.6995652093154834,"posz":2.0137706438526073,"roty":157.5302436288274,"rotx":2.4790187762084672},"leg_right_0":{"posx":-0.34082777432380074,"posy":0.7658739301793185,"posz":-0.17161008552784912,"roty":356.84011598468015,"rotx":-12.406155947448072},"leg_left_0":{"posx":0.20899914776163422,"posy":0.6961842319261479,"posz":-0.07853352550760255,"roty":354.2526262884684,"rotx":-28.18637873518233},"tail_0":{"posx":-0.09469928893571937,"posy":1.012975731517852,"posz":-0.6394886587475914,"roty":357.05748524718734,"rotx":17.17756527162931},"tail_1":{"posx":-0.13730248282768634,"posy":0.9955882844722874,"posz":-0.9558443551022023,"roty":350.14840275231245,"rotx":-11.052812019211594},"tail_2":{"posx":-0.1192671390647023,"posy":0.8299008220576608,"posz":-1.069403355808105,"roty":14.121215136448427,"rotx":-68.07201896772779},"tail_3":{"posx":-0.09190958393393232,"posy":0.7315647214574275,"posz":-1.0313210138197526,"roty":166.08222715303452,"rotx":-40.99700335396138},"tail_4":{"posx":-0.012486752343955413,"posy":0.4445561658076371,"posz":-0.7108146132501987,"roty":166.08222715303452,"rotx":-40.99700335396138},"shadow":{"posx":-1.1196158356888008e-17,"posy":0.9350953326821076,"posz":0.09142357098130832,"roty":0,"rotx":-31.684895252970957}},"cameras":{}}