# This file was generated by Animated Java via MC-Build. It is not recommended to edit this file directly.
$data merge entity $(bone_head_lower) { transformation: [-0.9786709896284838f,-0.13547718757258853f,-0.15443129769261751f,0.08630809380702699f,-0.14659800707157028f,0.9871876752507138f,0.06300411221289354f,0.27995028376457737f,0.14391705382701536f,0.08429961732127059f,-0.9859926247884614f,0.940561563960849f,0f,0f,0f,1f], start_interpolation: 0, interpolation_duration: 1 }
$data merge entity $(bone_head_upper) { transformation: [-0.9786709896284838f,-0.11413959546364141f,-0.17080763099756543f,0.08245877185353831f,-0.14659800707157028f,0.970494665546335f,0.19143962094809708f,0.295830401015779f,0.14391705382701536f,0.2123964615842352f,-0.9665276119823214f,0.9278686541495763f,0f,0f,0f,1f], start_interpolation: 0, interpolation_duration: 1 }
$data merge entity $(bone_neck_0) { transformation: [-0.9413844183436196f,0.3318351942182419f,-0.06066943858308323f,0.06543257698603477f,0.27713937882059647f,0.8633244229399158f,0.42174009231088666f,0.3603613674202715f,0.19232561349643126f,0.38020566096995856f,-0.9046847593275895f,0.7515380506513947f,0f,0f,0f,1f], start_interpolation: 0, interpolation_duration: 1 }
$data merge entity $(bone_neck_1) { transformation: [-0.9226433702502185f,0.3581696815393649f,-0.14298143431686539f,0.043338265930078494f,0.10183334355824575f,0.5838561448087896f,0.8054452013071813f,0.5055443501279979f,0.371966640269079f,0.7285783975626836f,-0.575164617420027f,0.6569875335741928f,0f,0f,0f,1f], start_interpolation: 0, interpolation_duration: 1 }
$data merge entity $(bone_neck_2) { transformation: [-0.9226433702502185f,0.32386102715658227f,-0.2093877895733217f,0.04204722813199152f,0.10183334355824575f,0.7282625432600842f,0.6776899277871127f,0.7628345568058802f,0.371966640269079f,0.6039434602456072f,-0.7049064585840426f,0.5833468182236627f,0f,0f,0f,1f], start_interpolation: 0, interpolation_duration: 1 }
$data merge entity $(bone_arm_right_2) { transformation: [-0.9825366637728392f,0.18507982061387562f,0.01916153291555149f,-0.3971884175230369f,0.18311450028628898f,0.9435151942039752f,0.27613069023768017f,0.11136789134711456f,0.03302702116511304f,0.27481728167597214f,-0.9609290699969425f,0.41467044053840163f,0f,0f,0f,1f], start_interpolation: 0, interpolation_duration: 1 }
$data merge entity $(bone_arm_right_1) { transformation: [-0.9922742518285053f,-0.11039907428444234f,-0.05660259318545169f,-0.28497860659331925f,-0.08734908925591081f,0.9456687889006619f,-0.31317834903664443f,0.4187536888456643f,0.08810190556589848f,-0.30581462701495105f,-0.9480060485774149f,0.3043680663981797f,0f,0f,0f,1f], start_interpolation: 0, interpolation_duration: 1 }
$data merge entity $(bone_arm_right_0) { transformation: [-0.9035774202907569f,0.4233360639733948f,0.06583633100510872f,-0.12969716369229067f,0.3768378474975513f,0.7122302689048836f,0.5922172580642084f,0.6480344104866119f,0.20381629531053874f,0.5599237635564246f,-0.8030842401458869f,0.46636886191539006f,0f,0f,0f,1f], start_interpolation: 0, interpolation_duration: 1 }
$data merge entity $(bone_arm_left_2) { transformation: [-0.8453087105444526f,-0.46356024224578934f,0.26564089611108466f,0.5073478149643242f,-0.38203067431465f,0.8720078437594838f,0.3060308551512894f,0.21308699586692526f,-0.3735046823807817f,0.1572075768878869f,-0.9142100579235992f,0.5650693359683757f,0f,0f,0f,1f], start_interpolation: 0, interpolation_duration: 1 }
$data merge entity $(bone_arm_left_1) { transformation: [-0.9316180146021813f,0.16188158510711198f,0.32539549362567793f,0.42069773982862446f,-0.07562645364601145f,0.7893787781747086f,-0.6092304851830146f,0.4470227879566745f,-0.3554834938187954f,-0.5921786022566272f,-0.7231569598999719f,0.3263027269712401f,0f,0f,0f,1f], start_interpolation: 0, interpolation_duration: 1 }
$data merge entity $(bone_arm_left_0) { transformation: [-0.7257301909770405f,-0.6837262482797625f,0.07638132833166057f,0.1881350822877459f,-0.4513349533511469f,0.55694998052108f,0.697211215544534f,0.6267673881258384f,-0.5192421879893296f,0.47151366534900063f,-0.7127849701005238f,0.45488236222262635f,0f,0f,0f,1f], start_interpolation: 0, interpolation_duration: 1 }
$data merge entity $(bone_finger_right_1_fire) { transformation: [0.000006403030506145672f,-0.000014318837635823327f,-0.0000056347020217643516f,-1.0975494939795654f,0.000015126172347231007f,0.000006977318536405792f,-5.419538182999765e-7f,1.3228757752639102f,0.000002824515575635887f,-0.000004905679624500102f,0.000015675911359870994f,1.3300743977497658f,0f,0f,0f,1f], start_interpolation: 0, interpolation_duration: 1 }
$data merge entity $(bone_finger_right_1_fire_s) { transformation: [0.000003841818303687403f,-0.000008591302581493996f,-0.000003380821213058611f,-1.0975494939795654f,0.000009075703408338604f,0.000004186391121843475f,-3.2517229097998593e-7f,1.3228757752639102f,0.0000016947093453815322f,-0.000002943407774700061f,0.000009405546815922597f,1.3300743977497658f,0f,0f,0f,1f], start_interpolation: 0, interpolation_duration: 1 }
$data merge entity $(bone_finger_right_1) { transformation: [0.7637944581682949f,-1.7080425937618755f,-0.6721433192489911f,-0.7174188971528246f,1.8043466450807366f,0.8322992098611157f,-0.06464771995125831f,1.3414438748056234f,0.33692629476153263f,-0.5851808619599689f,1.8699230328381151f,0.3642458009828138f,0f,0f,0f,1f], start_interpolation: 0, interpolation_duration: 1 }
$data merge entity $(bone_finger_right_2_fire) { transformation: [0.00001114786566962311f,0.000009556717382674242f,0.000007884923693829144f,-0.277697459592695f,-0.000011684861225127328f,0.00001163614520885943f,0.000002417006538185486f,1.4855360519534413f,-0.0000041190881198794555f,-0.0000071447222006042695f,0.000014483226005094242f,0.8207962307213762f,0f,0f,0f,1f], start_interpolation: 0, interpolation_duration: 1 }
$data merge entity $(bone_finger_right_2_fire_s) { transformation: [0.000006688719401773867f,0.000005734030429604545f,0.000004730954216297486f,-0.277697459592695f,-0.000007010916735076396f,0.000006981687125315657f,0.0000014502039229112916f,1.4855360519534413f,-0.0000024714528719276732f,-0.000004286833320362561f,0.000008689935603056545f,0.8207962307213762f,0f,0f,0f,1f], start_interpolation: 0, interpolation_duration: 1 }
$data merge entity $(bone_finger_right_2) { transformation: [0.8309658087666909f,0.7123610585556217f,0.587744971861317f,-0.5311013026170812f,-0.8709936454224196f,0.8673623365192047f,0.18016451330863445f,1.4086012548956788f,-0.3070382701366565f,-0.5325700934858123f,1.0795847355488264f,0.3544910633400485f,0f,0f,0f,1f], start_interpolation: 0, interpolation_duration: 1 }
$data merge entity $(bone_finger_film_right) { transformation: [1.1732701276347193f,-0.1337027645488546f,0.0031159000633481926f,-0.6176901148909879f,0.3554219357387427f,0.41355943377584037f,0.24819115886626542f,1.4291770834066568f,-0.09423506302068126f,-0.1048586886343276f,0.9748852670937308f,0.418325790934314f,0f,0f,0f,1f], start_interpolation: 0, interpolation_duration: 1 }
$data merge entity $(bone_finger_right_0_fire) { transformation: [0.000015907572641398518f,-0.000004963070911182859f,3.0795708625987e-7f,-0.6217161791803475f,0.000004851385321719395f,0.000015716487314946276f,0.000002689584487818919f,1.573644398669464f,-0.0000010913161304648268f,-0.0000024774445276294506f,0.000016445335979957474f,1.1054250786596902f,0f,0f,0f,1f], start_interpolation: 0, interpolation_duration: 1 }
$data merge entity $(bone_finger_right_0_fire_s) { transformation: [0.00000954454358483911f,-0.0000029778425467097154f,1.84774251755922e-7f,-0.6217161791803475f,0.000002910831193031637f,0.000009429892388967766f,0.0000016137506926913512f,1.573644398669464f,-6.547896782788961e-7f,-0.0000014864667165776704f,0.000009867201587974484f,1.1054250786596902f,0f,0f,0f,1f], start_interpolation: 0, interpolation_duration: 1 }
$data merge entity $(bone_fire_large_right) { transformation: [0.000025452116226237625f,-0.000007940913457892573f,4.92731338015792e-7f,-0.587902284077662f,0.000007762216514751031f,0.000025146379703914042f,0.00000430333518051027f,1.4725142057354106f,-0.0000017461058087437229f,-0.000003963911244207121f,0.000026312537567931956f,1.127678828091586f,0f,0f,0f,1f], start_interpolation: 0, interpolation_duration: 1 }
$data merge entity $(bone_finger_right_0) { transformation: [1.3959527318839695f,-0.4355292006631678f,0.027024458448721474f,-0.614210339550654f,0.4257283462375307f,1.3791842349236125f,0.2360217299044492f,1.3928381131335388f,-0.09576732842990715f,-0.2174056051414816f,1.4431436024517885f,0.4231250559683698f,0f,0f,0f,1f], start_interpolation: 0, interpolation_duration: 1 }
$data merge entity $(bone_wing_right_1_model) { transformation: [-0.7914057602815571f,-0.5384815688704834f,0.33866149119997924f,-0.3664614486405239f,-0.13359553636304786f,0.6692048399053219f,0.7518604910174509f,1.0389384293908386f,-0.6219374874526221f,0.541460585154557f,-0.5924451700090436f,0.16105757555484626f,0f,0f,0f,1f], start_interpolation: 0, interpolation_duration: 1 }
$data merge entity $(bone_wing_right_0) { transformation: [-0.8927973445975491f,0.06232178210081763f,-0.44612654814003516f,-0.12303686284404693f,-0.12380727776004324f,0.9182922383606191f,0.3760467031371121f,0.9313321774263355f,0.43311044717625147f,0.39096721146717917f,-0.8121329817858438f,0.5453897387067407f,0f,0f,0f,1f], start_interpolation: 0, interpolation_duration: 1 }
$data merge entity $(bone_finger_left_1_fire) { transformation: [7.539571592773366e-7f,0.00001529236914662791f,0.000006584282213196454f,1.3124507906772171f,-0.000016438876663042162f,0.0000017290501709198318f,-0.000002133423854162091f,1.0422747666379046f,-0.0000026405795646108054f,-0.000006397781581726812f,0.000015161580002534527f,1.23100354715943f,0f,0f,0f,1f], start_interpolation: 0, interpolation_duration: 1 }
$data merge entity $(bone_finger_left_1_fire_s) { transformation: [4.5237429556640197e-7f,0.000009175421487976746f,0.000003950569327917872f,1.3124507906772171f,-0.000009863325997825296f,0.000001037430102551899f,-0.0000012800543124972544f,1.0422747666379046f,-0.0000015843477387664833f,-0.000003838668949036087f,0.000009096948001520716f,1.23100354715943f,0f,0f,0f,1f], start_interpolation: 0, interpolation_duration: 1 }
$data merge entity $(bone_finger_left_1) { transformation: [0.08993683528442008f,1.8241716629723155f,0.7854153217962373f,0.8709228546057364f,-1.960934417178312f,0.2062521703084114f,-0.2544884512371208f,1.1707249596362792f,-0.31498523017599034f,-0.7631683328704971f,1.8085702968143347f,0.300292768837612f,0f,0f,0f,1f], start_interpolation: 0, interpolation_duration: 1 }
$data merge entity $(bone_finger_left_2_fire) { transformation: [0.00001471545811766893f,-0.000005803932508914554f,-0.00000524856528937902f,0.5483461740827763f,0.000007369720740223786f,0.000014037317310112762f,0.000005139914077501862f,1.460437575987103f,0.000002630643718944986f,-0.00000685899904832705f,0.000014960335004832005f,0.784613611017215f,0f,0f,0f,1f], start_interpolation: 0, interpolation_duration: 1 }
$data merge entity $(bone_finger_left_2_fire_s) { transformation: [0.000008829274870601357f,-0.0000034823595053487326f,-0.000003149139173627412f,0.5483461740827763f,0.000004421832444134272f,0.000008422390386067656f,0.000003083948446501117f,1.460437575987103f,0.0000015783862313669918f,-0.00000411539942899623f,0.000008976201002899202f,0.784613611017215f,0f,0f,0f,1f], start_interpolation: 0, interpolation_duration: 1 }
$data merge entity $(bone_finger_left_2) { transformation: [1.096895398501383f,-0.4326271605908689f,-0.39122989366816335f,0.7171890523718651f,0.54934156337854f,1.0463465453568637f,0.38313099430691583f,1.2959383802697417f,0.19608910353546088f,-0.5112721897119651f,1.115148607377429f,0.30294455778276413f,0f,0f,0f,1f], start_interpolation: 0, interpolation_duration: 1 }
$data merge entity $(bone_finger_film_left) { transformation: [0.993446077500456f,0.2523022610301323f,0.1705098057690273f,0.8113002902488116f,-0.7243398743212631f,0.3436524373708853f,0.25083777721839706f,1.2875311308416408f,0.012823005653633913f,-0.13472100973212658f,0.9591749891577357f,0.358336368001204f,0f,0f,0f,1f], start_interpolation: 0, interpolation_duration: 1 }
$data merge entity $(bone_finger_left_0_fire) { transformation: [0.000013441254769274032f,0.000009618834762345936f,0.0000021420704516732013f,0.9272619624101974f,-0.00000985445813902909f,0.000013123583307456268f,0.000002904994618954805f,1.4335347407857508f,-1.0138607864602911e-8f,-0.0000036093429824163846f,0.000016271149873985246f,1.035261978418219f,0f,0f,0f,1f], start_interpolation: 0, interpolation_duration: 1 }
$data merge entity $(bone_finger_left_0_fire_s) { transformation: [0.000008064752861564419f,0.000005771300857407561f,0.0000012852422710039208f,0.9272619624101974f,-0.000005912674883417453f,0.00000787414998447376f,0.0000017429967713728829f,1.4335347407857508f,-6.083164718761747e-9f,-0.0000021656057894498306f,0.000009762689924391147f,1.035261978418219f,0f,0f,0f,1f], start_interpolation: 0, interpolation_duration: 1 }
$data merge entity $(bone_fire_large_left) { transformation: [0.00002150600763083845f,0.000015390135619753495f,0.000003427312722677122f,0.8641962862198529f,-0.00001576713302244654f,0.000020997733291930028f,0.000004647991390327687f,1.3498169977085628f,-1.6221772583364658e-8f,-0.000005774948771866214f,0.00002603383979837639f,1.0649265156535859f,0f,0f,0f,1f], start_interpolation: 0, interpolation_duration: 1 }
$data merge entity $(bone_finger_left_0) { transformation: [1.179523534991504f,0.8440909852640361f,0.1879751968643688f,0.7964825920809856f,-0.8647678731709051f,1.1516466014729347f,0.25492482516689446f,1.2545091186216564f,-0.0008897031410851672f,-0.3167341938453928f,1.4278580792629545f,0.3650924816582758f,0f,0f,0f,1f], start_interpolation: 0, interpolation_duration: 1 }
$data merge entity $(bone_wing_left_1_model) { transformation: [-0.661656476747133f,0.7371744541174919f,-0.2230731136129776f,0.4452277631716694f,0.2740721228507326f,0.5001959959713689f,0.840038999173338f,0.9803276156387589f,0.7197723676944703f,0.4871907971756322f,-0.5249285178885867f,0.12687322974818852f,0f,0f,0f,1f], start_interpolation: 0, interpolation_duration: 1 }
$data merge entity $(bone_wing_left_0) { transformation: [-0.8983830407680059f,0.12146031376354131f,0.422084475242686f,0.22492463365393253f,0.26906878020674446f,0.9117556833406277f,0.31032815762369925f,0.9080491247458484f,-0.3471453637577293f,0.3923633087796653f,-0.8517870217049489f,0.5328143638881997f,0f,0f,0f,1f], start_interpolation: 0, interpolation_duration: 1 }
$data merge entity $(bone_body_0) { transformation: [-0.9971207717020756f,0.07470774528421113f,-0.012996900969330469f,0.023882778371070067f,0.06672007015144624f,0.9458007299419051f,0.3178197783026498f,0.7640456148878815f,0.03603607746749424f,0.3160375484588956f,-0.948062059722278f,0.07849297946296938f,0f,0f,0f,1f], start_interpolation: 0, interpolation_duration: 1 }
$data merge entity $(bone_leg_right_3) { transformation: [-0.9786231893717295f,0.20103466269307255f,-0.04337876922858168f,-0.4209481082655811f,0.07010056782833118f,0.5243556044046281f,0.8486089267263239f,0.24087760836615532f,0.19334571009993862f,0.8274274980476177f,-0.5272391979553592f,-0.46485231112233144f,0f,0f,0f,1f], start_interpolation: 0, interpolation_duration: 1 }
$data merge entity $(bone_leg_right_2) { transformation: [-0.902703179946579f,0.42523968399164963f,-0.0655605069612484f,-0.34209453935866585f,0.429719688290885f,0.8986949286584777f,-0.08768360564392208f,0.3925580456997234f,0.021632346371082852f,-0.10732491025953023f,-0.9939886343556779f,-0.4763491152197978f,0f,0f,0f,1f], start_interpolation: 0, interpolation_duration: 1 }
$data merge entity $(bone_leg_right_1) { transformation: [-0.9292538686478501f,0.2640628885268825f,-0.2583757699666191f,-0.26741655932499586f,0.3626218991137123f,0.7856932064718697f,-0.5011901271844018f,0.5435602946606646f,0.07065837449424235f,-0.5594255770044765f,-0.8258634378073896f,-0.20301874640399092f,0f,0f,0f,1f], start_interpolation: 0, interpolation_duration: 1 }
$data merge entity $(bone_leg_right_0) { transformation: [-0.9112907509072169f,0.39919130818708287f,-0.10097260410054876f,-0.09980883489231314f,0.41074339522818737f,0.8985283824117798f,-0.1547146058938578f,0.8547353902252568f,0.02896602470795301f,-0.18246381961461877f,-0.9827857975898218f,-0.19130230285073221f,0f,0f,0f,1f], start_interpolation: 0, interpolation_duration: 1 }
$data merge entity $(bone_leg_left_3) { transformation: [-0.9987059882970669f,-0.03727214434999436f,0.034599655997303636f,0.2691926574063612f,-0.007418486981893499f,0.7798364130435804f,0.6259394019729244f,0.14395874780738024f,-0.050312175370163054f,0.6248727519638507f,-0.7791037985163762f,-0.3976837017452143f,0f,0f,0f,1f], start_interpolation: 0, interpolation_duration: 1 }
$data merge entity $(bone_leg_left_2) { transformation: [-0.9275573957611929f,-0.3638171825229986f,-0.08528971373935351f,0.20175417959975747f,-0.30422049710616994f,0.8677493555664197f,-0.3930151969765781f,0.2932794933409792f,0.21699577578650836f,-0.3385972734903378f,-0.9155679765455546f,-0.4478073844504389f,0f,0f,0f,1f], start_interpolation: 0, interpolation_duration: 1 }
$data merge entity $(bone_leg_left_1) { transformation: [-0.9564135174464944f,-0.2893289496171447f,0.039521418991020574f,0.1977593552740584f,-0.24296978871456326f,0.7133813542529992f,-0.657307177182904f,0.4948424816929141f,0.1619841517483256f,-0.6382599801942752f,-0.752585764059339f,-0.19791866218510562f,0f,0f,0f,1f], start_interpolation: 0, interpolation_duration: 1 }
$data merge entity $(bone_leg_left_0) { transformation: [-0.9564135174464944f,-0.280920181227997f,-0.079731019211179f,0.08360977938477217f,-0.24296978871456326f,0.9169972877851307f,-0.3163568490908877f,0.8288815974127456f,0.1619841517483256f,-0.28319573791556873f,-0.9452837185780956f,-0.2190683177870538f,0f,0f,0f,1f], start_interpolation: 0, interpolation_duration: 1 }
$data merge entity $(bone_tail_3) { transformation: [-2.1758815309021267f,-0.9378389632684273f,0.5920349375574429f,-0.0988094269671416f,-0.9209626740766007f,2.2542566660366092f,0.1861783054526415f,1.2268275200686984f,-0.6179603881081066f,-0.05738194349393278f,-2.3620626571122467f,-1.5813043488269116f,0f,0f,0f,1f], start_interpolation: 0, interpolation_duration: 1 }
$data merge entity $(bone_tail_2) { transformation: [-1.1357196927467026f,-0.1972032151508131f,0.09036445065133478f,-0.1348203819597078f,-0.17655020676371108f,1.1201858516300622f,0.22567176340766115f,1.1287467351123641f,-0.12603517960881525f,0.20786681371016058f,-1.1304072645551069f,-1.1194132023712526f,0f,0f,0f,1f], start_interpolation: 0, interpolation_duration: 1 }
$data merge entity $(bone_tail_1) { transformation: [-1.35342246892071f,0.21360979410377948f,-0.20493368869292505f,-0.07451295974388678f,0.1135958850044974f,1.2604751010849462f,0.5636291641963873f,0.9536803484915892f,0.27335496302133017f,0.5338096249465853f,-1.2488809746263938f,-0.7480709729477986f,0f,0f,0f,1f], start_interpolation: 0, interpolation_duration: 1 }
$data merge entity $(bone_tail_0) { transformation: [-1.173084616463719f,0.2221319064676817f,-0.09764342795590687f,-0.04196852924668213f,0.1653522830555271f,1.0846199838537913f,0.4808975497869628f,0.828178938461992f,0.1775822214701463f,0.4574508137841845f,-1.0927980819271663f,-0.4162285455073246f,0f,0f,0f,1f], start_interpolation: 0, interpolation_duration: 1 }
$data merge entity $(bone_body_1) { transformation: [-0.9996721079429952f,0.15474882854733862f,-0.13714653152186998f,1.567453282160947e-17f,0.14090890208210133f,1.005352778583095f,0.10729010370817889f,0.8163677835306072f,0.15133093655716814f,0.08613527211846148f,-1.0058729328211657f,-0.12799227362961052f,0f,0f,0f,1f], start_interpolation: 0, interpolation_duration: 1 }
data modify entity @s data merge value {"locators":{"body_1":{"posx":-0.04418169337997563,"posy":0.626346976919131,"posz":-0.2429164505159599,"roty":352.23583829395517,"rotx":6.032957386027252},"body_0":{"posx":0.015233410626954456,"posy":0.565064829497041,"posz":0.20757328029523975,"roty":359.21458630225146,"rotx":18.531125443880224},"neck_1":{"posx":-0.024086702648959582,"posy":0.4633743623727036,"posz":0.5012883844355724,"roty":343.4562970522003,"rotx":42.663388524136764},"neck_0":{"posx":0.021451739301151303,"posy":0.2637653147817208,"posz":0.668891044266472,"roty":346.0396981853903,"rotx":53.6532727531317},"pos_head":{"posx":0.10440153658132043,"posy":0.28100434641102257,"posz":1.0619782103160806,"roty":349.9779970711847,"rotx":11.036810759820552},"head_0":{"posx":0.1295604712755882,"posy":0.027682791114989176,"posz":0.9750245428620952,"roty":349.9779970711847,"rotx":11.036810759820552},"arm_right_0":{"posx":-0.3710306496770356,"posy":-0.040911130672720813,"posz":0.3803904854350497,"roty":356.58309761299176,"rotx":-18.2508773610346},"arm_left_0":{"posx":0.49627408363677605,"posy":0.05627143092920346,"posz":0.5833585610924492,"roty":24.226088987307236,"rotx":-37.533882808917944},"finger_right_0":{"posx":-0.5260889490268186,"posy":1.2496307618553055,"posz":0.3080200447017442,"roty":199.7709602927045,"rotx":-1.8634284761633775},"finger_right_1":{"posx":-0.6718458284807023,"posy":1.3560112117429113,"posz":0.884763654697418,"roty":199.7709602927045,"rotx":-1.8634284761633775},"finger_right_2":{"posx":-0.8774881876272322,"posy":1.3605605957501636,"posz":1.4914690005103646,"roty":199.7709602927045,"rotx":-1.8634284761633775},"finger_right_3":{"posx":-1.0981772806714116,"posy":1.3654431792657622,"posz":2.1425670901234066,"roty":199.7709602927045,"rotx":-1.8634284761633775},"finger_left_0":{"posx":0.6556259260735036,"posy":1.1469830591942518,"posz":0.26449211022783536,"roty":156.52594002711018,"rotx":-7.354348979205092},"finger_left_1":{"posx":0.881773061900356,"posy":1.2080821287097923,"posz":0.8215553349688984,"roty":156.52594002711018,"rotx":-7.354348979205092},"finger_left_2":{"posx":1.1333515682295012,"posy":1.153718484210278,"posz":1.408201482759992,"roty":156.52594002711018,"rotx":-7.354348979205092},"finger_left_3":{"posx":1.4033380801778426,"posy":1.0953773955318937,"posz":2.0377726371547853,"roty":156.52594002711018,"rotx":-7.354348979205092},"leg_right_0":{"posx":-0.3235819445611373,"posy":0.4185586999292851,"posz":-0.179781752413461,"roty":354.13394460072095,"rotx":-8.900244711388602},"leg_left_0":{"posx":0.23711796196046667,"posy":0.3668367593224562,"posz":-0.16069847688263855,"roty":355.1787346368729,"rotx":-18.44274497904361},"tail_0":{"posx":-0.0908648465549289,"posy":0.73347923191043,"posz":-0.6510533191125704,"roty":354.8940807647611,"rotx":23.668537972314205},"tail_1":{"posx":-0.13887136450530613,"posy":0.8851080861510691,"posz":-1.038223320518227,"roty":350.6811647363165,"rotx":24.005859900439066},"tail_2":{"posx":-0.0798272930629084,"posy":0.9822422674347567,"posz":-1.4097396023363054,"roty":4.570489943199135,"rotx":11.254980618130725},"tail_3":{"posx":0.039936746797892296,"posy":1.0323700380355207,"posz":-1.7800341650003597,"roty":14.070922934215815,"rotx":4.372058334547622},"tail_4":{"posx":0.14599344222726776,"posy":1.065721880273771,"posz":-2.2031723008069966,"roty":14.070922934215815,"rotx":4.372058334547622},"shadow":{"posx":-1.0619400988820907e-18,"posy":0.5374579483563805,"posz":0.008671398966799693,"roty":0,"rotx":-12.573333333333396}},"cameras":{}}