# This file was generated by Animated Java via MC-Build. It is not recommended to edit this file directly.
$data merge entity $(bone_head_lower) { transformation: [-0.9764495164098336f,-0.15460451748497622f,-0.15047852031515957f,0.10627093138115414f,-0.1509288662943649f,0.987902730921935f,-0.03561841596816309f,0.24297269892326423f,0.15416490917877496f,-0.012068032574576337f,-0.987971428416672f,0.9673612817823696f,0f,0f,0f,1f], start_interpolation: 0, interpolation_duration: 1 }
$data merge entity $(bone_head_upper) { transformation: [-0.9764495164098336f,-0.13374423187177623f,-0.16928916782839581f,0.1021870928283795f,-0.1509288662943649f,0.9841574162634054f,0.09303041079580684f,0.2574630633222601f,0.15416490917877496f,0.11639012180923017f,-0.9811658984713709f,0.9531677281346811f,0f,0f,0f,1f], start_interpolation: 0, interpolation_duration: 1 }
$data merge entity $(bone_neck_0) { transformation: [-0.9751022968033565f,0.1981066798199775f,-0.099645643053391f,0.08011307779558095f,0.15774705813016116f,0.9354887310910571f,0.31619092278704625f,0.3009495438256697f,0.1558569100813257f,0.2925996879908611f,-0.9434479562580822f,0.7710461134357244f,0f,0f,0f,1f], start_interpolation: 0, interpolation_duration: 1 }
$data merge entity $(bone_neck_1) { transformation: [-0.9533904698610913f,0.24659953039996452f,-0.1738829594427367f,0.051738470322196944f,0.04912357287265559f,0.6954303789876372f,0.7169124511189192f,0.4315741870546893f,0.29771376616856726f,0.6749557463920347f,-0.6751305457806652f,0.6586266241976999f,0f,0f,0f,1f], start_interpolation: 0, interpolation_duration: 1 }
$data merge entity $(bone_neck_2) { transformation: [-0.9533904698610913f,0.23793653387721372f,-0.18556081974529254f,0.043602585817363086f,0.04912357287265559f,0.7291596676615981f,0.682578239943124f,0.6900996312112058f,0.29771376616856726f,0.6416481784452641f,-0.7068621708166325f,0.589915094631832f,0f,0f,0f,1f], start_interpolation: 0, interpolation_duration: 1 }
$data merge entity $(bone_arm_right_2) { transformation: [-0.9902334104797917f,0.13516130272402632f,-0.03419378621188479f,-0.38521969487189117f,0.1233233850403308f,0.9635578642080185f,0.23737646266021356f,0.07631625332171627f,0.06503180354068525f,0.2308412107246574f,-0.9708157394477179f,0.4326387070259359f,0f,0f,0f,1f], start_interpolation: 0, interpolation_duration: 1 }
$data merge entity $(bone_arm_right_1) { transformation: [-0.9790832556451491f,-0.18803812329181988f,-0.07770226962055596f,-0.29922776755114344f,-0.139978002938418f,0.8996963825558464f,-0.41346411925256066f,0.3769461905437832f,0.14765546792675027f,-0.3939391874449831f,-0.9071988642996188f,0.2861098252476628f,0f,0f,0f,1f], start_interpolation: 0, interpolation_duration: 1 }
$data merge entity $(bone_arm_right_0) { transformation: [-0.8727373698990681f,0.48792919460698275f,0.015955695905789286f,-0.12473064922574315f,0.3536039266703763f,0.6092659539045274f,0.7097600020120165f,0.5756596525837554f,0.33659136385972244f,0.6250760741405702f,-0.7042628453298273f,0.46774118067410875f,0f,0f,0f,1f], start_interpolation: 0, interpolation_duration: 1 }
$data merge entity $(bone_arm_left_2) { transformation: [-0.9042982859902778f,-0.3577852325990861f,0.2328826685029683f,0.5044510498943806f,-0.29503962473479967f,0.9180618455844671f,0.264790610706631f,0.16954579896233407f,-0.30853886269219677f,0.17074008028597082f,-0.9357625741567921f,0.532150536748057f,0f,0f,0f,1f], start_interpolation: 0, interpolation_duration: 1 }
$data merge entity $(bone_arm_left_1) { transformation: [-0.9451529332422164f,0.20193541585226435f,0.2567255745113985f,0.4281631248335014f,-0.0021630255887361005f,0.7821004860203851f,-0.6231485786608038f,0.4120494400752232f,-0.32662096396884416f,-0.5895260109539278f,-0.7387677769805696f,0.2984502576498741f,0f,0f,0f,1f], start_interpolation: 0, interpolation_duration: 1 }
$data merge entity $(bone_arm_left_0) { transformation: [-0.7254779889709517f,-0.6876651185578899f,0.028255481546542307f,0.19358076957111756f,-0.41367417515962845f,0.4684963741795258f,0.780631042289915f,0.5656250772217154f,-0.5500503289015151f,0.5546420756662814f,-0.6243531080854279f,0.45437291747977127f,0f,0f,0f,1f], start_interpolation: 0, interpolation_duration: 1 }
$data merge entity $(bone_finger_right_1_fire) { transformation: [0.000006061427744882851f,-0.000014536558050479968f,-0.000005452096066318757f,-1.0777302224587166f,0.000015279811319982965f,0.000006622454453575601f,-6.695078892852582e-7f,1.231816256210444f,0.000002750315890413848f,-0.000004754929529774415f,0.000015735443605046357f,1.369415683979362f,0f,0f,0f,1f], start_interpolation: 0, interpolation_duration: 1 }
$data merge entity $(bone_finger_right_1_fire_s) { transformation: [0.0000036368566469297105f,-0.00000872193483028798f,-0.0000032712576397912542f,-1.0777302224587166f,0.000009167886791989779f,0.00000397347267214536f,-4.017047335711549e-7f,1.231816256210444f,0.0000016501895342483088f,-0.000002852957717864649f,0.000009441266163027814f,1.369415683979362f,0f,0f,0f,1f], start_interpolation: 0, interpolation_duration: 1 }
$data merge entity $(bone_finger_right_1) { transformation: [0.7230458945471937f,-1.7340136782327735f,-0.6503609122053258f,-0.7085000337813702f,1.8226736850400158f,0.7899687509310005f,-0.07986318588443701f,1.259052698258585f,0.3280752814302624f,-0.5671984258604827f,1.8770244200490014f,0.3995723114231976f,0f,0f,0f,1f], start_interpolation: 0, interpolation_duration: 1 }
$data merge entity $(bone_finger_right_2_fire) { transformation: [0.000011385349299712627f,0.000009192806431414034f,0.000007977713269845182f,-0.267580173174751f,-0.000011411726468336494f,0.000011861552624025797f,0.000002617985129276522f,1.4141285748733974f,-0.0000042336861141538805f,-0.000007250769410193481f,0.000014397222739987078f,0.8513432069824384f,0f,0f,0f,1f], start_interpolation: 0, interpolation_duration: 1 }
$data merge entity $(bone_finger_right_2_fire_s) { transformation: [0.000006831209579827576f,0.00000551568385884842f,0.000004786627961907109f,-0.267580173174751f,-0.000006847035881001896f,0.000007116931574415477f,0.000001570791077565913f,1.4141285748733974f,-0.0000025402116684923284f,-0.0000043504616461160885f,0.000008638333643992247f,0.8513432069824384f,0f,0f,0f,1f], start_interpolation: 0, interpolation_duration: 1 }
$data merge entity $(bone_finger_right_2) { transformation: [0.8486679216728339f,0.6852350088798529f,0.5946615393339042f,-0.5239932393611023f,-0.850634085054066f,0.8841642841383011f,0.19514552783106714f,1.3307340188324086f,-0.3155804447391702f,-0.5404748896051155f,1.0731740220665955f,0.387801766228739f,0f,0f,0f,1f], start_interpolation: 0, interpolation_duration: 1 }
$data merge entity $(bone_finger_film_right) { transformation: [1.1631652426673513f,-0.14487669759202554f,0.007460735919824691f,-0.610372342418653f,0.38390931118967897f,0.41010463203525405f,0.24880833822213053f,1.3492293655166312f,-0.10690206237134108f,-0.10357660147527904f,0.9747043615474781f,0.4525507606839164f,0f,0f,0f,1f], start_interpolation: 0, interpolation_duration: 1 }
$data merge entity $(bone_finger_right_0_fire) { transformation: [0.000015771764074980632f,-0.000005371660588317542f,4.177298946020773e-7f,-0.6105899678016792f,0.000005237734195306561f,0.000015589028313856277f,0.0000027066796092041742f,1.493988805205285f,-0.000001263082040187646f,-0.0000024300692441741924f,0.000016440108424400736f,1.1396003242714678f,0f,0f,0f,1f], start_interpolation: 0, interpolation_duration: 1 }
$data merge entity $(bone_finger_right_0_fire_s) { transformation: [0.000009463058444988379f,-0.000003222996352990525f,2.5063793676124635e-7f,-0.6105899678016792f,0.0000031426405171839363f,0.000009353416988313767f,0.0000016240077655225045f,1.493988805205285f,-7.578492241125876e-7f,-0.0000014580415465045155f,0.00000986406505464044f,1.1396003242714678f,0f,0f,0f,1f], start_interpolation: 0, interpolation_duration: 1 }
$data merge entity $(bone_fire_large_right) { transformation: [0.000025234822519969008f,-0.000008594656941308067f,6.683678313633236e-7f,-0.5740802128504207f,0.000008380374712490496f,0.000024942445302170042f,0.000004330687374726678f,1.3937286194486587f,-0.0000020209312643002337f,-0.000003888110790678708f,0.000026304173479041175f,1.1615287928481313f,0f,0f,0f,1f], start_interpolation: 0, interpolation_duration: 1 }
$data merge entity $(bone_finger_right_0) { transformation: [1.3840349903417484f,-0.47138456897570286f,0.03665745872766332f,-0.6059549207009445f,0.45963199563157703f,1.3679992009284359f,0.23752189475911287f,1.3129892498544506f,-0.11084046977757568f,-0.21324823570153098f,1.4426848636721514f,0.45732600350041885f,0f,0f,0f,1f], start_interpolation: 0, interpolation_duration: 1 }
$data merge entity $(bone_wing_right_1_model) { transformation: [-0.8013874516917224f,-0.5374565966510498f,0.3160627185056121f,-0.358262587758971f,-0.1146793403680387f,0.6329814033191364f,0.7855954906863509f,0.9764632684850463f,-0.6128653067401016f,0.5843389708125307f,-0.5602866819994509f,0.1732439106895605f,0f,0f,0f,1f], start_interpolation: 0, interpolation_duration: 1 }
$data merge entity $(bone_wing_right_0) { transformation: [-0.9057607776390132f,0.03468856857867432f,-0.42236727726083667f,-0.12714963205012308f,-0.15518256148914686f,0.9002737631732088f,0.40672536674224835f,0.8546859900832362f,0.39435489891776043f,0.4339399204405051f,-0.8100496028933359f,0.5609331053941085f,0f,0f,0f,1f], start_interpolation: 0, interpolation_duration: 1 }
$data merge entity $(bone_finger_left_1_fire) { transformation: [0.0000010957191377895702f,0.000015246834621775908f,0.000006641627162456143f,1.2850622641733764f,-0.000016281634376380574f,0.0000023398538152368436f,-0.000002685375939223764f,0.9835568758735094f,-0.0000033890351698856725f,-0.000006311647638874905f,0.000015048432558832849f,1.2433207405307254f,0f,0f,0f,1f], start_interpolation: 0, interpolation_duration: 1 }
$data merge entity $(bone_finger_left_1_fire_s) { transformation: [6.574314826737421e-7f,0.000009148100773065544f,0.000003984976297473685f,1.2850622641733764f,-0.000009768980625828344f,0.000001403912289142106f,-0.0000016112255635342582f,0.9835568758735094f,-0.0000020334211019314034f,-0.0000037869885833249427f,0.000009029059535299709f,1.2433207405307254f,0f,0f,0f,1f], start_interpolation: 0, interpolation_duration: 1 }
$data merge entity $(bone_finger_left_1) { transformation: [0.13070439135802178f,1.8187400134270093f,0.7922557943516083f,0.8400749892483664f,-1.9421775508746837f,0.2791127381458682f,-0.3203288284366216f,1.1451093427068222f,-0.40426580488905023f,-0.7528937249098874f,1.7950733455859587f,0.3194397693487501f,0f,0f,0f,1f], start_interpolation: 0, interpolation_duration: 1 }
$data merge entity $(bone_finger_left_2_fire) { transformation: [0.000014560277925069214f,-0.000006103106814711764f,-0.00000534117699863418f,0.5119503371271013f,0.000007548792216259606f,0.000014211242825283681f,0.000004339826173286132f,1.4055629621484331f,0.0000029651004364537853f,-0.000006210510634949409f,0.000015179443824880396f,0.8164849562781422f,0f,0f,0f,1f], start_interpolation: 0, interpolation_duration: 1 }
$data merge entity $(bone_finger_left_2_fire_s) { transformation: [0.000008736166755041528f,-0.0000036618640888270584f,-0.000003204706199180508f,0.5119503371271013f,0.000004529275329755763f,0.000008526745695170208f,0.0000026038957039716793f,1.4055629621484331f,0.0000017790602618722711f,-0.0000037263063809696453f,0.000009107666294928237f,0.8164849562781422f,0f,0f,0f,1f], start_interpolation: 0, interpolation_duration: 1 }
$data merge entity $(bone_finger_left_2) { transformation: [1.0853282126319328f,-0.45492771805599996f,-0.3981332028901412f,0.6837543220052281f,0.5626896138772666f,1.0593110141316342f,0.3234921618959089f,1.2668194952601994f,0.22101962431841785f,-0.46293363640785107f,1.1314810555119232f,0.3278065129637221f,0f,0f,0f,1f], start_interpolation: 0, interpolation_duration: 1 }
$data merge entity $(bone_finger_film_left) { transformation: [1.0084139773047704f,0.2449222171273233f,0.1661093840321243f,0.7780725013738585f,-0.7031773816384057f,0.3546639809349123f,0.2102721826457092f,1.2578655706417596f,-0.020263569165058608f,-0.11886861351907664f,0.9696407200148297f,0.3827589273917277f,0f,0f,0f,1f], start_interpolation: 0, interpolation_duration: 1 }
$data merge entity $(bone_finger_left_0_fire) { transformation: [0.000013644733893533594f,0.0000093384331059931f,0.0000020958725813668873f,0.891579482603499f,-0.000009559672541085583f,0.000013473604089978868f,0.0000022028235316286516f,1.375188039210048f,-4.60082231397471e-7f,-0.00000300556778815164f,0.00001638696629608285f,1.0656528057848509f,0f,0f,0f,1f], start_interpolation: 0, interpolation_duration: 1 }
$data merge entity $(bone_finger_left_0_fire_s) { transformation: [0.000008186840336120157f,0.00000560305986359586f,0.0000012575235488201324f,0.891579482603499f,-0.0000057358035246513496f,0.00000808416245398732f,0.0000013216941189771908f,1.375188039210048f,-2.760493388384826e-7f,-0.0000018033406728909841f,0.00000983217977764971f,1.0656528057848509f,0f,0f,0f,1f], start_interpolation: 0, interpolation_duration: 1 }
$data merge entity $(bone_fire_large_left) { transformation: [0.00002183157422965375f,0.00001494149296958896f,0.0000033533961301870195f,0.83030908950184f,-0.00001529547606573693f,0.000021557766543966188f,0.000003524517650605842f,1.2888983168515031f,-7.361315702359535e-7f,-0.000004808908461042624f,0.000026219146073732558f,1.091458765040909f,0f,0f,0f,1f], start_interpolation: 0, interpolation_duration: 1 }
$data merge entity $(bone_finger_left_0) { transformation: [1.1973796369747995f,0.8194846253224908f,0.18392115010845528f,0.7639561328506301f,-0.8388992651786107f,1.1823623164719033f,0.19330652112395239f,1.2242659042095942f,-0.04037404463199788f,-0.26375052054226433f,1.4380214306722972f,0.3879984977138527f,0f,0f,0f,1f], start_interpolation: 0, interpolation_duration: 1 }
$data merge entity $(bone_wing_left_1_model) { transformation: [-0.6690514198766477f,0.718170948398193f,-0.25995724548417926f,0.4232062311350811f,0.21122081648845772f,0.5060921590504653f,0.8545370537732278f,0.9476425402316633f,0.733984364468911f,0.5089973462271872f,-0.4828723819920645f,0.13765297174413985f,0f,0f,0f,1f], start_interpolation: 0, interpolation_duration: 1 }
$data merge entity $(bone_wing_left_0) { transformation: [-0.9220551044562394f,0.09208542701747945f,0.3759450205511462f,0.22133646096860632f,0.2420413418034525f,0.8951277809976373f,0.3743824842914399f,0.8437001763281508f,-0.30204366108921654f,0.43619551787845606f,-0.847645619925313f,0.5462975832735093f,0f,0f,0f,1f], start_interpolation: 0, interpolation_duration: 1 }
$data merge entity $(bone_body_0) { transformation: [-0.9986240589705434f,0.044589828027553964f,-0.027599566693513572f,0.023251523974941964f,0.03148102074365495f,0.9306648634380441f,0.36451592186732334f,0.716108163459188f,0.04193964923713725f,0.36314550692294156f,-0.9307880567688575f,0.08581371302254229f,0f,0f,0f,1f], start_interpolation: 0, interpolation_duration: 1 }
$data merge entity $(bone_leg_right_3) { transformation: [-0.9901626646149712f,0.13145980574865754f,-0.04791885928426789f,-0.3922944788273712f,0.05563553938774202f,0.684135162836433f,0.7272302013309145f,0.1357239595810645f,0.1283845176008978f,0.7174102023551746f,-0.6847189329915541f,-0.40683519732807927f,0f,0f,0f,1f], start_interpolation: 0, interpolation_duration: 1 }
$data merge entity $(bone_leg_right_2) { transformation: [-0.9078347431996486f,0.419324129990042f,0.0018311329067883797f,-0.314895434132715f,0.4178984799739011f,0.9050912513979659f,-0.07855372097085628f,0.28850827085425323f,-0.03459681307766594f,-0.07054856944657706f,-0.9969082003243381f,-0.4116683135741054f,0f,0f,0f,1f], start_interpolation: 0, interpolation_duration: 1 }
$data merge entity $(bone_leg_right_1) { transformation: [-0.9361675150442692f,0.2842081431730139f,-0.20692055270075388f,-0.25704499646695356f,0.3512724194944597f,0.7797851976826502f,-0.5182110890144466f,0.4450021860937426f,0.014073772711899267f,-0.5578178706613637f,-0.8298440528752832f,-0.13734924430430123f,0f,0f,0f,1f], start_interpolation: 0, interpolation_duration: 1 }
$data merge entity $(bone_leg_right_0) { transformation: [-0.9246509083638231f,0.36044437996172163f,-0.12288428140314261f,-0.10077400563681488f,0.38005973633424117f,0.8531256579154844f,-0.3573950316160244f,0.7568180361136183f,-0.023985297152710236f,-0.37716900821817523f,-0.9258338105514479f,-0.19574288728040784f,0f,0f,0f,1f], start_interpolation: 0, interpolation_duration: 1 }
$data merge entity $(bone_leg_left_3) { transformation: [-0.9988924897920591f,-0.04688653596512249f,-0.003930214016053694f,0.2840836642724822f,-0.04101211180265241f,0.8267040471029232f,0.5611402901139196f,0.08788232564022652f,-0.023060800560853245f,0.5606800078911666f,-0.8277113797868516f,-0.37942750493512506f,0f,0f,0f,1f], start_interpolation: 0, interpolation_duration: 1 }
$data merge entity $(bone_leg_left_2) { transformation: [-0.9102511544711078f,-0.40242795070978193f,-0.09744013686125685f,0.21023338201336814f,-0.33944419586517316f,0.860029327969029f,-0.38095563117846976f,0.23557725878031552f,0.23710856938850003f,-0.3136898141806099f,-0.9194445207851714f,-0.4251370164016616f,0f,0f,0f,1f], start_interpolation: 0, interpolation_duration: 1 }
$data merge entity $(bone_leg_left_1) { transformation: [-0.9428630266457332f,-0.33301298095916476f,0.01056728428396543f,0.2160965377321694f,-0.2744096335451529f,0.7581689024613186f,-0.5915059326483669f,0.415532633532597f,0.1889673675586928f,-0.5606088385436769f,-0.8062313961541361f,-0.15929936498083808f,0f,0f,0f,1f], start_interpolation: 0, interpolation_duration: 1 }
$data merge entity $(bone_leg_left_0) { transformation: [-0.9428630266457332f,-0.32813651501000307f,-0.05775586984486686f,0.0843373685702121f,-0.2744096335451529f,0.8631074416602107f,-0.42396332054598895f,0.73848143443484f,0.1889673675586928f,-0.3838905725175549f,-0.9038359156008804f,-0.21763595535279878f,0f,0f,0f,1f], start_interpolation: 0, interpolation_duration: 1 }
$data merge entity $(bone_tail_3) { transformation: [-2.232216118732427f,-0.9398747735169718f,-0.31361494577202126f,-0.1879879701814365f,-0.9711165285969755f,1.9219613156176607f,1.1521740814603583f,1.1131077166660335f,-0.19660013222510006f,1.1777978757875567f,-2.130410354047647f,-1.5720842059923124f,0f,0f,0f,1f], start_interpolation: 0, interpolation_duration: 1 }
$data merge entity $(bone_tail_2) { transformation: [-1.131243368423369f,-0.20507785774820483f,-0.12306736431547187f,-0.13655130763321793f,-0.23623238050743545f,1.0510440435663393f,0.42001755128031204f,0.9357848748977773f,0.03737333672473273f,0.43607746243657947f,-1.0702120084155913f,-1.1359982741344032f,0f,0f,0f,1f], start_interpolation: 0, interpolation_duration: 1 }
$data merge entity $(bone_tail_1) { transformation: [-1.3597757953708223f,0.1488195585794453f,-0.21964030956462507f,-0.0715170593014961f,0.05419498587810429f,1.2785582376181146f,0.5307834556599439f,0.7704646916700353f,0.2597152866257536f,0.5123679461879506f,-1.2607166207716238f,-0.7610048611076851f,0f,0f,0f,1f], start_interpolation: 0, interpolation_duration: 1 }
$data merge entity $(bone_tail_0) { transformation: [-1.1839109474825595f,0.1480623810613441f,-0.10694269504351905f,-0.037393428277561695f,0.11727482203688677f,1.1539621172967947f,0.2993699855327747f,0.699980395298948f,0.14002080140087156f,0.2854002512895224f,-1.1549654592310166f,-0.41344669001080836f,0f,0f,0f,1f], start_interpolation: 0, interpolation_duration: 1 }
$data merge entity $(bone_body_1) { transformation: [-1.0088980248112245f,0.09251340139851894f,-0.1251668507957693f,1.548507660485131e-17f,0.09993854399665132f,1.014396844547541f,-0.055785514609667866f,0.7348072819888791f,0.11932207423726444f,-0.06738699264778474f,-1.0115937575262357f,-0.12644524621819633f,0f,0f,0f,1f], start_interpolation: 0, interpolation_duration: 1 }
data modify entity @s data merge value {"locators":{"body_1":{"posx":-0.030609010986914296,"posy":0.5271356141980217,"posz":-0.21131610253277497,"roty":352.94650959918545,"rotx":-3.1326049224412866},"body_0":{"posx":0.02176990666141202,"posy":0.5107059049827091,"posz":0.2047153766062622,"roty":358.3015730951394,"rotx":21.37779475013325},"neck_1":{"posx":-0.000821085914949362,"posy":0.3897385207852401,"posz":0.4972143279696809,"roty":345.2909757128526,"rotx":43.04544581517879},"neck_0":{"posx":0.05164127284322067,"posy":0.19170780262971637,"posz":0.6978939607918395,"roty":345.5571025490168,"rotx":45.80015150371734},"head_0":{"posx":0.1541402892615027,"posy":-0.003847968550908019,"posz":1.026398859670253,"roty":350.21063858350954,"rotx":5.33796858512749},"arm_right_0":{"posx":-0.350338647754611,"posy":-0.07675998967898982,"posz":0.41265818979835944,"roty":355.10452093665253,"rotx":-24.422631934764357},"arm_left_0":{"posx":0.48229658646584067,"posy":0.013779100835135685,"posz":0.549301635623475,"roty":19.16260037614748,"rotx":-38.54642670203071},"finger_right_0":{"posx":-0.5155956850930064,"posy":1.1719040553003988,"posz":0.34133865520472695,"roty":199.11043666013586,"rotx":-2.3022180365797458},"finger_right_1":{"posx":-0.6577416392312241,"posy":1.2750570950852584,"posz":0.919567881206444,"roty":199.11043666013586,"rotx":-2.3022180365797458},"finger_right_2":{"posx":-0.8569444982251624,"posy":1.274965878127425,"posz":1.528434915998369,"roty":199.11043666013586,"rotx":-2.3022180365797458},"finger_right_3":{"posx":-1.0707229195619459,"posy":1.2748683107512393,"posz":2.1818528639915065,"roty":199.11043666013586,"rotx":-2.3022180365797458},"finger_left_0":{"posx":0.6252894881525868,"posy":1.1185184067016212,"posz":0.28258541994045955,"roty":156.18572976939015,"rotx":-9.272059401716929},"finger_left_1":{"posx":0.8506249342939961,"posy":1.1588306968148663,"posz":0.8418652387032529,"roty":156.18572976939015,"rotx":-9.272059401716929},"finger_left_2":{"posx":1.1038325337583803,"posy":1.0830079384450297,"posz":1.4254212979596679,"roty":156.18572976939015,"rotx":-9.272059401716929},"finger_left_3":{"posx":1.375567332485627,"posy":1.0016375672991442,"posz":2.051676277635236,"roty":156.18572976939015,"rotx":-9.272059401716929},"leg_right_0":{"posx":-0.30787988385805776,"posy":0.32585427493215313,"posz":-0.08695582644450656,"roty":352.4394237018824,"rotx":-20.940301923408473},"leg_left_0":{"posx":0.2620580058113747,"posy":0.294798624286269,"posz":-0.10800853210458297,"roty":356.34372301022574,"rotx":-25.085062610645867},"tail_0":{"posx":-0.0762815654181182,"posy":0.5672968684016882,"posz":-0.6311261631952523,"roty":354.7098475322948,"rotx":14.472118909129426},"tail_1":{"posx":-0.1298468855045919,"posy":0.6937239964404252,"posz":-1.0503853049827943,"roty":350.11719970649585,"rotx":22.527194458362818},"tail_2":{"posx":-0.1280808620196301,"posy":0.8450742826232928,"posz":-1.4529794366549822,"roty":353.4401743460454,"rotx":21.300442299464123},"tail_3":{"posx":-0.12730248167135047,"posy":1.0331509598707693,"posz":-1.8661623272739343,"roty":351.6257083616608,"rotx":28.149286288888995},"tail_4":{"posx":-0.18348322823855145,"posy":1.2395505621361431,"posz":-2.2478024429586556,"roty":351.6257083616608,"rotx":28.149286288888995},"shadow":{"posx":6.46727177095173e-19,"posy":0.44882325517165533,"posz":-0.005280928162678826,"roty":0,"rotx":-9.429999999999987}},"cameras":{}}