# This file was generated by Animated Java via MC-Build. It is not recommended to edit this file directly.
$data merge entity $(bone_head_lower) { transformation: [-0.9838587268321783f,-0.1289663703991998f,-0.1240551528241408f,0.09773843827146328f,-0.11470456405535592f,0.9866077422651166f,-0.11596562373134459f,0.20555013558885118f,0.13734943982789033f,-0.09986409869710652f,-0.9854756684821695f,0.984102048109772f,0f,0f,0f,1f], start_interpolation: 0, interpolation_duration: 1 }
$data merge entity $(bone_head_upper) { transformation: [-0.9838587268321783f,-0.11181086920454619f,-0.13971519303171145f,0.09441817116497803f,-0.11470456405535592f,0.9933170813014671f,0.012807770282337622f,0.2188661538693573f,0.13734943982789033f,0.028627006872152055f,-0.9901088959586749f,0.9686177061352015f,0f,0f,0f,1f], start_interpolation: 0, interpolation_duration: 1 }
$data merge entity $(bone_neck_0) { transformation: [-0.9904337172216142f,0.09190431035774464f,-0.10293031394221261f,0.07353077951271492f,0.06793216641228426f,0.9740236277224071f,0.21601665075872079f,0.24288843299244472f,0.12010941910237016f,0.20695789517713203f,-0.9709491011720142f,0.7827864234013886f,0f,0f,0f,1f], start_interpolation: 0, interpolation_duration: 1 }
$data merge entity $(bone_neck_1) { transformation: [-0.9772860983833257f,0.1426674018594416f,-0.1567095860289748f,0.04732473062866366f,0.01424584559264784f,0.7820133993921811f,0.6230987875565442f,0.35783427786124256f,0.21144488121032035f,0.6067133224330595f,-0.7662832417534601f,0.6539192317745026f,0f,0f,0f,1f], start_interpolation: 0, interpolation_duration: 1 }
$data merge entity $(bone_neck_2) { transformation: [-0.9772860983833257f,0.15701397758595576f,-0.1423323320589283f,0.037451965263151296f,0.01424584559264784f,0.7187726759690762f,0.6950991987936712f,0.6177163011117984f,0.21144488121032035f,0.6772831395530899f,-0.7046833410029381f,0.5907786371976672f,0f,0f,0f,1f], start_interpolation: 0, interpolation_duration: 1 }
$data merge entity $(bone_arm_right_2) { transformation: [-0.99438026592172f,0.08638355266043639f,-0.061202684379120735f,-0.3899847551603782f,0.07238403224654023f,0.9766252559923794f,0.20239481523386627f,0.05512259554232818f,0.07725567047913345f,0.19682731311375623f,-0.9773896716209144f,0.44400074796955763f,0f,0f,0f,1f], start_interpolation: 0, interpolation_duration: 1 }
$data merge entity $(bone_arm_right_1) { transformation: [-0.9660981289247743f,-0.24841023403469306f,-0.07033321345480159f,-0.3247369729772117f,-0.18052482762473954f,0.8447325081052577f,-0.5038231598103234f,0.3444233518984314f,0.18456758084535793f,-0.4740457207664992f,-0.8609387102017556f,0.2671067593615879f,0f,0f,0f,1f], start_interpolation: 0, interpolation_duration: 1 }
$data merge entity $(bone_arm_right_0) { transformation: [-0.8277282770634615f,0.5611096481887163f,-0.004675688087126182f,-0.1281091350555421f,0.3253845427165066f,0.4867506111333238f,0.8106779520392211f,0.5061579025369305f,0.4571551144969539f,0.6694996678646457f,-0.5854736510026786f,0.4623134755827275f,0f,0f,0f,1f], start_interpolation: 0, interpolation_duration: 1 }
$data merge entity $(bone_arm_left_2) { transformation: [-0.9534503869860717f,-0.24569156449388013f,0.17483710902625765f,0.49377867365352257f,-0.20113772211433853f,0.9501333494883373f,0.2383070182196248f,0.12795634557167218f,-0.224668592150227f,0.19204758089240026f,-0.9553228513830347f,0.49321143640235243f,0f,0f,0f,1f], start_interpolation: 0, interpolation_duration: 1 }
$data merge entity $(bone_arm_left_1) { transformation: [-0.9573520723833743f,0.23086964619260583f,0.1737130276351178f,0.42455287352344856f,0.07442014482837561f,0.7779977895456424f,-0.623843795758055f,0.3805059342297802f,-0.2791749479215173f,-0.5843104020373036f,-0.7619991486373345f,0.2681110637268649f,0f,0f,0f,1f], start_interpolation: 0, interpolation_duration: 1 }
$data merge entity $(bone_arm_left_0) { transformation: [-0.7293664194083928f,-0.6839565610111599f,-0.015101287665883971f,0.19038541583427793f,-0.35936974721472775f,0.36425952760661673f,0.8591672603949869f,0.5031359782924217f,-0.5821322968417084f,0.6320746943183154f,-0.5114719638222659f,0.4499178502514971f,0f,0f,0f,1f], start_interpolation: 0, interpolation_duration: 1 }
$data merge entity $(bone_finger_right_1_fire) { transformation: [0.00000588596410022141f,-0.000014626394651516863f,-0.000005403867493449631f,-1.067003456522535f,0.000015334146349070096f,0.000006477185433742493f,-8.293385195397228e-7f,1.1482072019105853f,0.000002827925058056358f,-0.0000046789342945558555f,0.000015744465424746056f,1.39501365525927f,0f,0f,0f,1f], start_interpolation: 0, interpolation_duration: 1 }
$data merge entity $(bone_finger_right_1_fire_s) { transformation: [0.000003531578460132846f,-0.000008775836790910118f,-0.0000032423204960697787f,-1.067003456522535f,0.000009200487809442058f,0.000003886311260245496f,-4.976031117238337e-7f,1.1482072019105853f,0.0000016967550348338147f,-0.0000028073605767335133f,0.000009446679254847633f,1.39501365525927f,0f,0f,0f,1f], start_interpolation: 0, interpolation_duration: 1 }
$data merge entity $(bone_finger_right_1) { transformation: [0.7021154680446512f,-1.744729962958701f,-0.64460789937063f,-0.7005811904642477f,1.8291551150537149f,0.7726401325235804f,-0.09892880637722318f,1.185691783166014f,0.33733299964533386f,-0.5581332278341076f,1.8781006004424277f,0.4244475563241793f,0f,0f,0f,1f], start_interpolation: 0, interpolation_duration: 1 }
$data merge entity $(bone_finger_right_2_fire) { transformation: [0.000011509694749156895f,0.00000903249327166418f,0.000007982403764302409f,-0.26039681019695626f,-0.000011249412052628109f,0.000012013834397394772f,0.0000026260786964479055f,1.3432878467987535f,-0.000004330754325656607f,-0.000007201362797908004f,0.00001439314832138859f,0.8760635272062745f,0f,0f,0f,1f], start_interpolation: 0, interpolation_duration: 1 }
$data merge entity $(bone_finger_right_2_fire_s) { transformation: [0.000006905816849494137f,0.000005419495962998509f,0.000004789442258581445f,-0.26039681019695626f,-0.0000067496472315768655f,0.000007208300638436862f,0.0000015756472178687431f,1.3432878467987535f,-0.0000025984525953939638f,-0.000004320817678744802f,0.000008635888992833154f,0.8760635272062745f,0f,0f,0f,1f], start_interpolation: 0, interpolation_duration: 1 }
$data merge entity $(bone_finger_right_2) { transformation: [0.857936674995317f,0.6732852098424931f,0.5950111704324189f,-0.5169715938627815f,-0.8385351116971176f,0.8955154208238452f,0.19574882516077058f,1.2596378972689737f,-0.32281594319845736f,-0.5367921034330417f,1.0728703134782178f,0.4126576078279442f,0f,0f,0f,1f], start_interpolation: 0, interpolation_duration: 1 }
$data merge entity $(bone_finger_film_right) { transformation: [1.158235995898499f,-0.15001253673473366f,0.006965404657780165f,-0.6034005898878295f,0.3983902119291727f,0.4089648783905402f,0.24299824487461888f,1.2767111354785459f,-0.10743560280846935f,-0.10073304403487443f,0.9761727205237855f,0.4777298197166956f,0f,0f,0f,1f], start_interpolation: 0, interpolation_duration: 1 }
$data merge entity $(bone_finger_right_0_fire) { transformation: [0.00001570501568144687f,-0.0000055630789465032754f,4.270981833930859e-7f,-0.603602273300513f,0.000005432958800241699f,0.00001553823176579817f,0.0000026122959336558563f,1.4173125834420428f,-0.0000012701255442522077f,-0.0000023223445061167415f,0.00001645512913575963f,1.1656423415681259f,0f,0f,0f,1f], start_interpolation: 0, interpolation_duration: 1 }
$data merge entity $(bone_finger_right_0_fire_s) { transformation: [0.000009423009408868122f,-0.000003337847367901965f,2.562589100358515e-7f,-0.603602273300513f,0.0000032597752801450195f,0.000009322939059478901f,0.0000015673775601935137f,1.4173125834420428f,-7.620753265513246e-7f,-0.000001393406703670045f,0.000009873077481455776f,1.1656423415681259f,0f,0f,0f,1f], start_interpolation: 0, interpolation_duration: 1 }
$data merge entity $(bone_fire_large_right) { transformation: [0.000025128025090314992f,-0.00000890092631440524f,6.833570934289374e-7f,-0.565845610656638f,0.000008692734080386719f,0.00002486117082527707f,0.000004179673493849369f,1.3173645094690694f,-0.000002032200870803532f,-0.0000037157512097867865f,0.0000263282066172154f,1.1868730204023388f,0f,0f,0f,1f], start_interpolation: 0, interpolation_duration: 1 }
$data merge entity $(bone_finger_right_0) { transformation: [1.3781775534842966f,-0.4881822907944747f,0.037479563308022275f,-0.5985397893642873f,0.47676373073244005f,1.3635416019200581f,0.22923935205463766f,1.2404981410326712f,-0.11145856525716963f,-0.20379496173115588f,1.444002990801222f,0.482274508191195f,0f,0f,0f,1f], start_interpolation: 0, interpolation_duration: 1 }
$data merge entity $(bone_wing_right_1_model) { transformation: [-0.8077975732992935f,-0.5327448119121053f,0.3076087271101841f,-0.3530555831168974f,-0.08665152173108596f,0.6011956667433229f,0.813653714495656f,0.919415144923126f,-0.6090416056356902f,0.6210666781526981f,-0.5237571831821626f,0.17904674316450417f,0f,0f,0f,1f], start_interpolation: 0, interpolation_duration: 1 }
$data merge entity $(bone_wing_right_0) { transformation: [-0.9196564282507012f,0.01637520065110866f,-0.39238234769265373f,-0.13646961674901859f,-0.17344408087536f,0.8794747376239205f,0.4432170311378362f,0.7801083044778971f,0.35234813010212535f,0.47566378744337073f,-0.8059744143138563f,0.5692132555241884f,0f,0f,0f,1f], start_interpolation: 0, interpolation_duration: 1 }
$data merge entity $(bone_finger_left_1_fire) { transformation: [0.0000012761813568067615f,0.000015263162983192063f,0.000006571529096856541f,1.2507144205431096f,-0.000016098432700498405f,0.0000027703196616008128f,-0.0000033081069114902444f,0.9070109262747067f,-0.000004121844673182197f,-0.0000060941744723006795f,0.000014954905943171161f,1.2606424538651333f,0f,0f,0f,1f], start_interpolation: 0, interpolation_duration: 1 }
$data merge entity $(bone_finger_left_1_fire_s) { transformation: [7.657088140840568e-7f,0.000009157897789915238f,0.000003942917458113925f,1.2507144205431096f,-0.000009659059620299042f,0.0000016621917969604875f,-0.0000019848641468941466f,0.9070109262747067f,-0.0000024731068039093177f,-0.0000036565046833804074f,0.000008972943565902696f,1.2606424538651333f,0f,0f,0f,1f], start_interpolation: 0, interpolation_duration: 1 }
$data merge entity $(bone_finger_left_1) { transformation: [0.15223107980059405f,1.8206877648782416f,0.783894048459268f,0.8100656077117856f,-1.9203240824847327f,0.33046145928157916f,-0.39461216428678986f,1.1064466010379257f,-0.49168001242308074f,-0.7269521337726477f,1.7839168922994921f,0.3420985198699489f,0f,0f,0f,1f], start_interpolation: 0, interpolation_duration: 1 }
$data merge entity $(bone_finger_left_2_fire) { transformation: [0.000014466705929368379f,-0.00000620186520723123f,-0.000005479878217833886f,0.47625429188790025f,0.0000075426426896991f,0.000014422128064936089f,0.000003590061435670612f,1.340770527634085f,0.000003405985699688752f,-0.000005596147586303933f,0.000015325148331536574f,0.8482784245600652f,0f,0f,0f,1f], start_interpolation: 0, interpolation_duration: 1 }
$data merge entity $(bone_finger_left_2_fire_s) { transformation: [0.000008680023557621026f,-0.000003721119124338738f,-0.0000032879269307003315f,0.47625429188790025f,0.00000452558561381946f,0.000008653276838961653f,0.000002154036861402367f,1.340770527634085f,0.0000020435914198132513f,-0.00000335768855178236f,0.000009195088998921943f,0.8482784245600652f,0f,0f,0f,1f], start_interpolation: 0, interpolation_duration: 1 }
$data merge entity $(bone_finger_left_2) { transformation: [1.0783533233221938f,-0.4622892031998383f,-0.408472040314714f,0.6525140816023022f,0.5622312260151122f,1.0750304737051586f,0.26760443593638983f,1.2261621142874006f,0.2538833661497944f,-0.4171387997347503f,1.142341920434652f,0.3549525911554426f,0f,0f,0f,1f], start_interpolation: 0, interpolation_duration: 1 }
$data merge entity $(bone_finger_film_left) { transformation: [1.0153392352519954f,0.24220043328969326f,0.15786847229249337f,0.7465632028762947f,-0.6919419002399659f,0.362032385451357f,0.16725089779036112f,1.2155961084829632f,-0.04550204343735783f,-0.1008696242374082f,0.9793439267251073f,0.41007955267050844f,0f,0f,0f,1f], start_interpolation: 0, interpolation_duration: 1 }
$data merge entity $(bone_finger_left_0_fire) { transformation: [0.000013740062878648247f,0.000009225410329166521f,0.0000019698360660414834f,0.8545669104993725f,-0.000009399092069990122f,0.000013684752672230336f,0.0000014705068301477983f,1.3026204301570812f,-8.034414281196886e-7f,-0.0000023231716114334116f,0.00001648439059574811f,1.0983777526844656f,0f,0f,0f,1f], start_interpolation: 0, interpolation_duration: 1 }
$data merge entity $(bone_finger_left_0_fire_s) { transformation: [0.000008244037727188948f,0.000005535246197499913f,0.00000118190163962489f,0.8545669104993725f,-0.0000056394552419940725f,0.000008210851603338201f,8.823040980886789e-7f,1.3026204301570812f,-4.820648568718131e-7f,-0.0000013939029668600468f,0.000009890634357448865f,1.0983777526844656f,0f,0f,0f,1f], start_interpolation: 0, interpolation_duration: 1 }
$data merge entity $(bone_fire_large_left) { transformation: [0.000021984100605837193f,0.000014760656526666434f,0.0000031517377056663732f,0.7939786833057698f,-0.000015038547311984193f,0.000021895604275568534f,0.0000023528109282364768f,1.2146645807305827f,-0.0000012855062849915016f,-0.0000037170745782934582f,0.000026375024953196973f,1.1197964376551026f,0f,0f,0f,1f], start_interpolation: 0, interpolation_duration: 1 }
$data merge entity $(bone_finger_left_0) { transformation: [1.2057451343513264f,0.8095664273904206f,0.17286094489350268f,0.7327424289934092f,-0.8248076905326114f,1.200891443880084f,0.12904281961011912f,1.1816598565722827f,-0.07050517899717944f,-0.2038675435104373f,1.4465708002295148f,0.4136822679423347f,0f,0f,0f,1f], start_interpolation: 0, interpolation_duration: 1 }
$data merge entity $(bone_wing_left_1_model) { transformation: [-0.6775132375146719f,0.7018921328850087f,-0.281603142433391f,0.40076077414284195f,0.1571390398159347f,0.5004778302200792f,0.8693712363920075f,0.9081829242249511f,0.7397703820780837f,0.5365132414900632f,-0.4425724873370594f,0.14853624834700463f,0f,0f,0f,1f], start_interpolation: 0, interpolation_duration: 1 }
$data merge entity $(bone_wing_left_0) { transformation: [-0.9366147988451734f,0.07177212934728296f,0.34293072191504204f,0.21221696856691769f,0.22428836669438862f,0.8747728977338979f,0.4294963398631038f,0.7767999136656922f,-0.2691606344727597f,0.47918799947327173f,-0.835422895311725f,0.5556425735218529f,0f,0f,0f,1f], start_interpolation: 0, interpolation_duration: 1 }
$data merge entity $(bone_body_0) { transformation: [-0.9991985910268865f,0.024574634816370462f,-0.03159530049748891f,0.018383647845062204f,0.00948054664943936f,0.9121844631162498f,0.40967014107028454f,0.6683176718482831f,0.0388882363332717f,0.40904228702294476f,-0.9116864112741434f,0.08849912043570027f,0f,0f,0f,1f], start_interpolation: 0, interpolation_duration: 1 }
$data merge entity $(bone_leg_right_3) { transformation: [-0.9996297914435345f,0.021322848586659213f,0.016900183037651645f,-0.3388041643436581f,0.027102092956042132f,0.7255785891767832f,0.6876054010009166f,0.09238033702362206f,0.0023992948876229714f,0.6878088739296546f,-0.7258878675991648f,-0.4280316781039476f,0f,0f,0f,1f], start_interpolation: 0, interpolation_duration: 1 }
$data merge entity $(bone_leg_right_2) { transformation: [-0.9071370842826367f,0.3989710388866966f,0.13388211399909428f,-0.26582137334567296f,0.41071478457855093f,0.9086748922572956f,0.07498870521476453f,0.24474140909885f,-0.09173699388900314f,0.12301239901271066f,-0.9881559966125524f,-0.3994548896604008f,0f,0f,0f,1f], start_interpolation: 0, interpolation_duration: 1 }
$data merge entity $(bone_leg_right_1) { transformation: [-0.939734684128235f,0.3329858107326162f,-0.0775833313099442f,-0.2501768342646434f,0.3368161345308785f,0.8625976299095192f,-0.37746552212640194f,0.3548246563153989f,-0.058767465200427395f,-0.3808487609605976f,-0.9227679048973768f,-0.09824915019091697f,0f,0f,0f,1f], start_interpolation: 0, interpolation_duration: 1 }
$data merge entity $(bone_leg_right_0) { transformation: [-0.9321246401163705f,0.34695110571313265f,-0.10377179545696062f,-0.09983242815548125f,0.35186769871312823f,0.7999506621170945f,-0.48607413095200724f,0.6588763070720018f,-0.08563164070747363f,-0.4895956172422876f,-0.8677346101700044f,-0.1982927290080502f,0f,0f,0f,1f], start_interpolation: 0, interpolation_duration: 1 }
$data merge entity $(bone_leg_left_3) { transformation: [-0.9987992408348465f,-0.0018012259165038763f,-0.04895745186314081f,0.26615616608684906f,-0.029509114805854622f,0.8198175177279242f,0.5718640133543982f,0.06660055772846737f,0.03910612037915456f,0.572622033466773f,-0.8188862669121209f,-0.4182643818094602f,0f,0f,0f,1f], start_interpolation: 0, interpolation_duration: 1 }
$data merge entity $(bone_leg_left_2) { transformation: [-0.898561327990224f,-0.4064800992475637f,-0.16541302474755598f,0.19216436025128117f,-0.3678406229774296f,0.90318289887274f,-0.2212553440516416f,0.2203761366499004f,0.2393341094119711f,-0.13796586570425518f,-0.961085117964301f,-0.4336039026652545f,0f,0f,0f,1f], start_interpolation: 0, interpolation_duration: 1 }
$data merge entity $(bone_leg_left_1) { transformation: [-0.9326537884789206f,-0.35044657167444765f,-0.08569779015553977f,0.22910650390441117f,-0.29277951013484743f,0.8740127141334341f,-0.3877910957955411f,0.33339896712202416f,0.2108010182165056f,-0.33658427761072574f,-0.9177548445985728f,-0.13536056539761773f,0f,0f,0f,1f], start_interpolation: 0, interpolation_duration: 1 }
$data merge entity $(bone_leg_left_0) { transformation: [-0.9326537884789206f,-0.3578062548154934f,-0.046169198074332146f,0.08649366920268005f,-0.29277951013484743f,0.8254327485002523f,-0.4826395509575626f,0.6474156353708297f,0.2108010182165056f,-0.43661821047481425f,-0.8746013200313931f,-0.21355695840220684f,0f,0f,0f,1f], start_interpolation: 0, interpolation_duration: 1 }
$data merge entity $(bone_tail_3) { transformation: [-2.205246959819886f,-0.37606154915893103f,-0.979781242055269f,-0.24933148849927134f,-1.0209405170650379f,1.2967769451004572f,1.8001549211401013f,0.9763961663698733f,0.24305150000391434f,2.035056507995328f,-1.328148599534607f,-1.5280671412579083f,0f,0f,0f,1f], start_interpolation: 0, interpolation_duration: 1 }
$data merge entity $(bone_tail_2) { transformation: [-1.107100775124353f,-0.1265672345606358f,-0.30858170936517f,-0.12231689563867659f,-0.26968541759063264f,0.9691348461938453f,0.5700539342306107f,0.7380420391954408f,0.19624401075707584f,0.6177964450597823f,-0.9574601313963274f,-1.1390752856996949f,0f,0f,0f,1f], start_interpolation: 0, interpolation_duration: 1 }
$data merge entity $(bone_tail_1) { transformation: [-1.3642396649483266f,0.09210878759932202f,-0.22303687611343245f,-0.055983062735340344f,0.008807642242744187f,1.298671379487793f,0.48244628075587165f,0.5870971572366032f,0.2411470553367374f,0.473653839448212f,-1.2794059083637868f,-0.75829222216517f,0f,0f,0f,1f], start_interpolation: 0, interpolation_duration: 1 }
$data merge entity $(bone_tail_0) { transformation: [-1.1916799138302463f,0.08185253974324597f,-0.09057309196938514f,-0.027777899245071874f,0.07329865466476654f,1.1904667119321122f,0.11144799362778238f,0.5730047514468048f,0.09762494801867838f,0.10532573188401431f,-1.1892771754327187f,-0.40341898652047736f,0f,0f,0f,1f], start_interpolation: 0, interpolation_duration: 1 }
$data merge entity $(bone_body_1) { transformation: [-1.015518535264036f,0.04316592194263707f,-0.09465464680866648f,1.524902531054601e-17f,0.0624632013664967f,0.9957520464041651f,-0.21604838578755922f,0.6531514474743917f,0.0831934339637433f,-0.22071533637063764f,-0.9932090853795896f,-0.12451774112473066f,0f,0f,0f,1f], start_interpolation: 0, interpolation_duration: 1 }