# This file was generated by Animated Java via MC-Build. It is not recommended to edit this file directly.
$data merge entity $(bone_head_lower) { transformation: [-1f,-5.619650739067095e-17f,1.0880969802232171e-16f,-0.00038812500000010036f,0f,0.8884986111757224f,0.4588793065053299f,1.857590407038128f,-1.2246467991473532e-16f,0.4588793065053299f,-0.8884986111757224f,0.8193692613631731f,0f,0f,0f,1f], start_interpolation: 0, interpolation_duration: 1 }
$data merge entity $(bone_head_upper) { transformation: [-1f,1.034977959293426e-16f,6.546605276314382e-17f,-6.250000000979371e-7f,0f,0.5345708885919095f,-0.8451236389251318f,1.8511297599798402f,-1.2246467991473532e-16f,-0.8451236389251318f,-0.5345708885919095f,0.7997169015499378f,0f,0f,0f,1f], start_interpolation: 0, interpolation_duration: 1 }
$data merge entity $(bone_neck_0) { transformation: [-1f,1.0625487807560684e-16f,6.08892331349024e-17f,-8.830806313668684e-17f,0f,0.49719832017930293f,-0.8676369231486634f,1.67976920987539f,-1.2246467991473532e-16f,-0.8676369231486634f,-0.49719832017930293f,0.721090057951161f,0f,0f,0f,1f], start_interpolation: 0, interpolation_duration: 1 }
$data merge entity $(bone_neck_1) { transformation: [-1f,9.739821311566335e-17f,7.423736194460574e-17f,-7.457949065217943e-17f,0f,0.606194063433577f,-0.7953167654827156f,1.5458321675681497f,-1.2246467991473532e-16f,-0.7953167654827156f,-0.606194063433577f,0.6089877563400696f,0f,0f,0f,1f], start_interpolation: 0, interpolation_duration: 1 }
$data merge entity $(bone_neck_2) { transformation: [-1f,6.580022455450642e-17f,1.0328566345430088e-16f,-4.1805494315596696e-17f,0f,0.8433914458128858f,-0.5372996083468239f,1.544278629790365f,-1.2246467991473532e-16f,-0.5372996083468239f,-0.8433914458128858f,0.34136776697332916f,0f,0f,0f,1f], start_interpolation: 0, interpolation_duration: 1 }
$data merge entity $(bone_arm_right_2) { transformation: [-0.9326499027555625f,0.360774919914715f,0.0023698207887307143f,-0.23005303216303408f,0.35826418357676565f,0.9253445895263158f,0.12403292063177473f,1.4161473549463204f,0.0425550661627178f,0.11652831327581087f,-0.9922752735753229f,0.9232870961347193f,0f,0f,0f,1f], start_interpolation: 0, interpolation_duration: 1 }
$data merge entity $(bone_arm_right_1) { transformation: [-0.8444364969982909f,-0.4738671099664985f,-0.24975380803754246f,-0.2534992241046522f,0.4524448106490623f,-0.3813907847949221f,-0.806123292425078f,1.2286493954217208f,0.28674151400519166f,-0.7937197435905899f,0.536459013141264f,0.6342568638557753f,0f,0f,0f,1f], start_interpolation: 0, interpolation_duration: 1 }
$data merge entity $(bone_arm_right_0) { transformation: [-0.8527486725289284f,0.2611665260864996f,-0.4523403001635606f,-0.15937500000000002f,0.5198398289000894f,0.5086769291755129f,-0.6863048404416919f,1.3695205306062075f,0.05085522381502369f,-0.8203900458784713f,-0.569538338335747f,0.3618193714242829f,0f,0f,0f,1f], start_interpolation: 0, interpolation_duration: 1 }
$data merge entity $(bone_arm_left_2) { transformation: [-0.9838809928774264f,-0.17252665957061056f,0.04703980858736967f,0.32729963128047174f,-0.17074019587998251f,0.9845161659793276f,0.03969514373610861f,1.2379738694281701f,-0.05315992254880467f,0.03102371129913034f,-0.9981039785372232f,0.7032478842573776f,0f,0f,0f,1f], start_interpolation: 0, interpolation_duration: 1 }
$data merge entity $(bone_arm_left_1) { transformation: [-0.924435970652584f,0.3225171967112693f,-0.20347185060621842f,0.2908039254665603f,0.011824206808552472f,-0.5090750933338228f,-0.8606408876415926f,1.0791987002159866f,-0.3811539377954313f,-0.798013287591544f,0.46679381800787867f,0.3987775359269386f,0f,0f,0f,1f], start_interpolation: 0, interpolation_duration: 1 }
$data merge entity $(bone_arm_left_0) { transformation: [-0.9369610905537178f,-0.3487260546188433f,-0.022227316940271632f,0.15937499999999996f,-0.34592287181816656f,0.9346631142773861f,-0.0821110806308778f,1.3695205306062075f,0.04940932646232056f,-0.06924595034566017f,-0.996375289145243f,0.361819371424283f,0f,0f,0f,1f], start_interpolation: 0, interpolation_duration: 1 }
$data merge entity $(bone_finger_right_1_fire) { transformation: [0.000004825605822238194f,-0.00001497946720647533f,-0.000005486972611220968f,-1.372719500271484f,0.000015899238185420292f,0.000004046688564362382f,0.0000029353559518583034f,1.9283147063948758f,-0.0000013059599340837641f,-0.00000608421331405852f,0.000015461390454204918f,0.8404250851860254f,0f,0f,0f,1f], start_interpolation: 0, interpolation_duration: 1 }
$data merge entity $(bone_finger_right_1_fire_s) { transformation: [0.0000028953634933429165f,-0.000008987680323885198f,-0.000003292183566732581f,-1.372719500271484f,0.000009539542911252174f,0.0000024280131386174293f,0.000001761213571114982f,1.9283147063948758f,-7.835759604502585e-7f,-0.000003650527988435112f,0.00000927683427252295f,0.8404250851860254f,0f,0f,0f,1f], start_interpolation: 0, interpolation_duration: 1 }
$data merge entity $(bone_finger_right_1) { transformation: [0.5756291463538341f,-1.7868467169784987f,-0.6545212096911488f,-1.0003421878507448f,1.8965628858813188f,0.48271491076395684f,0.3501480442157503f,1.736447555736871f,-0.15578325908108953f,-0.7257639030661102f,1.844333606276469f,-0.1094122993119482f,0f,0f,0f,1f], start_interpolation: 0, interpolation_duration: 1 }
$data merge entity $(bone_finger_right_2_fire) { transformation: [0.000012273376439011204f,0.000008281749716803612f,0.000007652099724410669f,-0.5759527912341328f,-0.000011194811441580666f,0.000010302387432360791f,0.000006805496878168926f,2.0350775594580623f,-0.0000013484084513073892f,-0.000010151414315233891f,0.000013149462339832953f,0.28208425747556765f,0f,0f,0f,1f], start_interpolation: 0, interpolation_duration: 1 }
$data merge entity $(bone_finger_right_2_fire_s) { transformation: [0.000007364025863406722f,0.000004969049830082167f,0.000004591259834646401f,-0.5759527912341328f,-0.000006716886864948399f,0.000006181432459416474f,0.000004083298126901355f,2.0350775594580623f,-8.090450707844335e-7f,-0.000006090848589140335f,0.000007889677403899772f,0.28208425747556765f,0f,0f,0f,1f], start_interpolation: 0, interpolation_duration: 1 }
$data merge entity $(bone_finger_right_2) { transformation: [0.9148617754456486f,0.617324522502942f,0.5703901916924746f,-0.8219538511006446f,-0.8344651630394272f,0.7679435650437745f,0.507284119222619f,1.8168614367685396f,-0.10051083790341074f,-0.7566899760525444f,0.9801655251229672f,-0.14151718507070035f,0f,0f,0f,1f], start_interpolation: 0, interpolation_duration: 1 }
$data merge entity $(bone_finger_film_right) { transformation: [1.130143719479842f,-0.17591478588587425f,-0.018544958330635863f,-0.909945139242416f,0.43309053962782f,0.35774187611695313f,0.4884191162209938f,1.8444654603756492f,-0.21673843616656746f,-0.20243003056404646f,0.8792682728265695f,-0.08242902493008467f,0f,0f,0f,1f], start_interpolation: 0, interpolation_duration: 1 }
$data merge entity $(bone_finger_right_0_fire) { transformation: [0.000015320253411406306f,-0.000006561903120935279f,9.508217252059577e-8f,-0.9260743339833077f,0.0000059508768930981305f,0.000013992560346741244f,0.000006824448470299506f,2.1588000685984925f,-0.0000027667087651688353f,-0.000006239187459280448f,0.000015205118882615599f,0.5452062582687068f,0f,0f,0f,1f], start_interpolation: 0, interpolation_duration: 1 }
$data merge entity $(bone_finger_right_0_fire_s) { transformation: [0.000009192152046843783f,-0.000003937141872561167f,5.704930351235746e-8f,-0.9260743339833077f,0.0000035705261358588783f,0.000008395536208044746f,0.000004094669082179703f,2.1588000685984925f,-0.0000016600252591013011f,-0.0000037435124755682688f,0.000009123071329569359f,0.5452062582687068f,0f,0f,0f,1f], start_interpolation: 0, interpolation_duration: 1 }
$data merge entity $(bone_fire_large_right) { transformation: [0.00002451240545825009f,-0.000010499044993496446f,1.5213147603295322e-7f,-0.8819574418821089f,0.000009521403028957009f,0.000022388096554785986f,0.000010919117552479208f,2.0705624855875726f,-0.000004426734024270136f,-0.000009982699934848716f,0.000024328190212184956f,0.5913988287145491f,0f,0f,0f,1f], start_interpolation: 0, interpolation_duration: 1 }
$data merge entity $(bone_finger_right_0) { transformation: [1.3444131348582136f,-0.5758330824269764f,0.008343838590318047f,-0.9027298903684922f,0.522213102105011f,1.2279027908539224f,0.598872480451451f,1.8110884247761738f,-0.24278969181090682f,-0.54751350032201f,1.3343096222970772f,-0.06866035687265906f,0f,0f,0f,1f], start_interpolation: 0, interpolation_duration: 1 }
$data merge entity $(bone_wing_right_1_model) { transformation: [-0.6683978267603224f,-0.6974722977797053f,0.31265607631040326f,-0.5736290657251021f,-0.6992456953018079f,0.725703261485585f,0.12404562431991274f,1.4377254013007097f,-0.3086695414611071f,-0.13365722255427698f,-0.9580375483638973f,0.018497909006007007f,0f,0f,0f,1f], start_interpolation: 0, interpolation_duration: 1 }
$data merge entity $(bone_wing_right_0) { transformation: [-0.5714023929504145f,-0.011385751732778162f,-0.8205910491761531f,-0.17448312500000002f,0.3756518627439849f,0.8853728484917179f,-0.2738623690298397f,1.6089057407605027f,0.7296471635986223f,-0.4647421691767826f,-0.5016270854343338f,0.1914880793853118f,0f,0f,0f,1f], start_interpolation: 0, interpolation_duration: 1 }
$data merge entity $(bone_finger_left_1_fire) { transformation: [0.000005005345554093333f,0.000014458230473870948f,0.000006609377067948643f,1.4048612966536107f,-0.000012320080167887755f,-8.512939197091009e-7f,0.000011192350115005475f,2.3951906017187796f,0.00001004688600108088f,-0.000008246978113495495f,0.00001043193229725871f,0.5718867571697401f,0f,0f,0f,1f], start_interpolation: 0, interpolation_duration: 1 }
$data merge entity $(bone_finger_left_1_fire_s) { transformation: [0.0000030032073324559996f,0.000008674938284322568f,0.000003965626240769186f,1.4048612966536107f,-0.000007392048100732653f,-5.107763518254605e-7f,0.000006715410069003284f,2.3951906017187796f,0.000006028131600648528f,-0.000004948186868097297f,0.000006259159378355225f,0.5718867571697401f,0f,0f,0f,1f], start_interpolation: 0, interpolation_duration: 1 }
$data merge entity $(bone_finger_left_1) { transformation: [0.5970696519037989f,1.7246702635983593f,0.788408796678149f,0.9637003015533263f,-1.4696180109387258f,-0.10154778702398767f,1.3350951527585888f,1.69962458203496f,1.1984568622793341f,-0.9837523300376688f,1.244387648783721f,-0.05996275969372996f,0f,0f,0f,1f], start_interpolation: 0, interpolation_duration: 1 }
$data merge entity $(bone_finger_left_2_fire) { transformation: [0.000012272205774495803f,-0.000009079138712227308f,-0.000006688795366158623f,0.5679664525685897f,0.000009389671335085519f,0.000002751987108902916f,0.000013492161314974088f,2.1868295653048797f,-0.000006245383529078335f,-0.000013703050206955586f,0.000007141384836160945f,0.1090988211112956f,0f,0f,0f,1f], start_interpolation: 0, interpolation_duration: 1 }
$data merge entity $(bone_finger_left_2_fire_s) { transformation: [0.0000073633234646974815f,-0.000005447483227336384f,-0.000004013277219695173f,0.5679664525685897f,0.000005633802801051311f,0.0000016511922653417494f,0.000008095296788984452f,2.1868295653048797f,-0.0000037472301174470006f,-0.000008221830124173351f,0.000004284830901696567f,0.1090988211112956f,0f,0f,0f,1f], start_interpolation: 0, interpolation_duration: 1 }
$data merge entity $(bone_finger_left_2) { transformation: [0.914774513702938f,-0.6767621773079726f,-0.4985851476718418f,0.7829305774160878f,0.6999093877022418f,0.20513408229311142f,1.0057104266746286f,1.7530340669535627f,-0.4655330741417341f,-1.0214301584940415f,0.5323213251721294f,-0.12151963093245735f,0f,0f,0f,1f], start_interpolation: 0, interpolation_duration: 1 }
$data merge entity $(bone_finger_film_left) { transformation: [1.1457681298542f,0.15813704894986108f,0.08126518469814423f,0.8749240062744454f,-0.2686487238571287f,0.16514953460860538f,0.9086362159922279f,1.8064933647277395f,0.3561053884556125f,-0.3842154136198878f,0.424011840533141f,-0.09553555686145501f,0f,0f,0f,1f], start_interpolation: 0, interpolation_duration: 1 }
$data merge entity $(bone_finger_left_0_fire) { transformation: [0.000015519729341361714f,0.000005992899376100299f,0.0000010004678988306848f,0.9360222699846007f,-0.0000038066512183909063f,0.0000074517555912545706f,0.000014413830958059247f,2.427155703806865f,0.00000473552377780717f,-0.000013650431255235891f,0.000008307726456358566f,0.22701321245267125f,0f,0f,0f,1f], start_interpolation: 0, interpolation_duration: 1 }
$data merge entity $(bone_finger_left_0_fire_s) { transformation: [0.000009311837604817028f,0.0000035957396256601794f,6.002807392984109e-7f,0.9360222699846007f,-0.0000022839907310345437f,0.000004471053354752742f,0.000008648298574835548f,2.427155703806865f,0.000002841314266684302f,-0.000008190258753141534f,0.000004984635873815139f,0.22701321245267125f,0f,0f,0f,1f], start_interpolation: 0, interpolation_duration: 1 }
$data merge entity $(bone_fire_large_left) { transformation: [0.000024831566946178738f,0.000009588639001760478f,0.0000016007486381290957f,0.8960130348249095f,-0.00000609064194942545f,0.000011922808946007313f,0.000023062129532894794f,2.384268216777394f,0.000007576838044491472f,-0.000021840690008377422f,0.000013292362330173705f,0.31880563777690657f,0f,0f,0f,1f], start_interpolation: 0, interpolation_duration: 1 }
$data merge entity $(bone_finger_left_0) { transformation: [1.3619179406286221f,0.5259007420278212f,0.08779503498229044f,0.8689590264869582f,-0.3340487758523951f,0.6539211738610637f,1.2648709615477571f,1.7877404007357205f,0.4155610352095959f,-1.1978796031111887f,0.729036019758128f,-0.06441630398729714f,0f,0f,0f,1f], start_interpolation: 0, interpolation_duration: 1 }
$data merge entity $(bone_wing_left_1_model) { transformation: [-0.7140527694900035f,0.6909040487980381f,-0.20918250591283716f,0.5410479963355946f,0.6813045889732969f,0.7422565790025398f,0.12592184486106262f,1.4063526057177973f,0.2385996279741928f,-0.05180588116965614f,-0.985577724610623f,-0.01623363586780037f,0f,0f,0f,1f], start_interpolation: 0, interpolation_duration: 1 }
$data merge entity $(bone_wing_left_0) { transformation: [-0.6627702290136808f,0.04552476269254846f,0.7474377027652139f,0.17448312500000002f,-0.31957165945019883f,0.8854938105824733f,-0.33730500425635135f,1.6089057407605027f,-0.6772071898683588f,-0.46241562192676644f,-0.5723305116702087f,0.19148807938531184f,0f,0f,0f,1f], start_interpolation: 0, interpolation_duration: 1 }
$data merge entity $(bone_body_0) { transformation: [-1f,6.580022455450642e-17f,1.0328566345430088e-16f,-2.817984534695422e-18f,0f,0.8433914458128858f,-0.5372996083468239f,1.1520318703959764f,-1.2246467991473532e-16f,-0.5372996083468239f,-0.8433914458128858f,0.023010589964856915f,0f,0f,0f,1f], start_interpolation: 0, interpolation_duration: 1 }
$data merge entity $(bone_leg_right_3) { transformation: [-0.9724935382055536f,-0.21932196424431985f,-0.07844867206305342f,-0.16473411332433335f,-0.1117115326681528f,0.14362263631146366f,0.9833072113067596f,0.276300231237562f,-0.20439386394257408f,0.9650235304586918f,-0.16417287852646748f,-0.4812375136034342f,0f,0f,0f,1f], start_interpolation: 0, interpolation_duration: 1 }
$data merge entity $(bone_leg_right_2) { transformation: [-0.8948387725176469f,0.27981729285265755f,0.347801457472106f,-0.11371940292320178f,0.25069034221716124f,0.9596859970204616f,-0.12711073692605657f,0.43981159488955646f,-0.36934797077844317f,-0.026553149407416266f,-0.9289117324796763f,-0.4769305212805344f,0f,0f,0f,1f], start_interpolation: 0, interpolation_duration: 1 }
$data merge entity $(bone_leg_right_1) { transformation: [-0.9270627176576474f,0.32925187379230225f,0.17929841363903656f,-0.18034568915649057f,0.18066035028528152f,0.8113918472625985f,-0.5558822789319582f,0.607129624498836f,-0.3285065530001138f,-0.48294562199076385f,-0.8116938898599259f,-0.2111230997126174f,0f,0f,0f,1f], start_interpolation: 0, interpolation_duration: 1 }
$data merge entity $(bone_leg_right_0) { transformation: [-0.9270627176576474f,0.24807188705167135f,0.2810961692799103f,-0.09365062499999997f,0.18066035028528152f,0.9525818681510184f,-0.24484611964398217f,0.9494785485492246f,-0.3285065530001138f,-0.17620477667912016f,-0.9279198894901675f,-0.19266383398737605f,0f,0f,0f,1f], start_interpolation: 0, interpolation_duration: 1 }
$data merge entity $(bone_leg_left_3) { transformation: [-0.96011330009662f,0.2492670322495971f,0.12668227031063276f,0.15723809753956475f,0.12985268582213796f,-0.003752998184834862f,0.9915261948074805f,0.28855214105319704f,0.247630230307923f,0.9684275200747362f,-0.02876469015202524f,-0.4935328006255356f,0f,0f,0f,1f], start_interpolation: 0, interpolation_duration: 1 }
$data merge entity $(bone_leg_left_2) { transformation: [-0.89554772014532f,-0.2339804689020516f,-0.3784804104770757f,0.11427675740942175f,-0.25273632146579184f,0.9675351861594426f,-0.00012391671779360403f,0.45249933129823033f,0.36622210850037373f,0.09554477335673117f,-0.9256092931306124f,-0.4683800876804746f,0f,0f,0f,1f], start_interpolation: 0, interpolation_duration: 1 }
$data merge entity $(bone_leg_left_1) { transformation: [-0.9270627176576474f,-0.3211176120061826f,-0.19348952630223673f,0.1853359384260601f,-0.18066035028528157f,0.8348668264679764f,-0.5199607868850202f,0.6079555140559407f,0.32850655300011367f,-0.44708037456674043f,-0.8319871292954278f,-0.19658616124759376f,0f,0f,0f,1f], start_interpolation: 0, interpolation_duration: 1 }
$data merge entity $(bone_leg_left_0) { transformation: [-0.9270627176576474f,-0.26009702027816034f,-0.27000788427681033f,0.093650625f,-0.18066035028528157f,0.9409951835497484f,-0.2861641178956138f,0.9494785485492246f,0.32850655300011367f,-0.21651236587917483f,-0.919350770955997f,-0.19266383398737602f,0f,0f,0f,1f], start_interpolation: 0, interpolation_duration: 1 }
$data merge entity $(bone_tail_3) { transformation: [-2.4422341666666667f,-2.449980760175427e-16f,1.7154949967435902e-16f,1.6404017137560585e-16f,0f,1.4008079700514342f,2.0005611102574226f,0.4475151186300042f,-2.990874254976637e-16f,2.0005611102574226f,-1.4008079700514342f,-1.339489651137104f,0f,0f,0f,1f], start_interpolation: 0, interpolation_duration: 1 }
$data merge entity $(bone_tail_2) { transformation: [-1.15625f,-3.064780304832969e-17f,1.3824330582866066e-16f,1.075795429620217e-16f,0f,1.1288422582324231f,0.25025830361593154f,0.33932154101836576f,-1.415997861514127e-16f,0.25025830361593154f,-1.1288422582324231f,-0.8784536328100706f,0f,0f,0f,1f], start_interpolation: 0, interpolation_duration: 1 }
$data merge entity $(bone_tail_1) { transformation: [-1.3854166666666667f,5.101913178622692e-17f,1.618120131942811e-16f,5.886785525445379e-17f,0f,1.3212953588491063f,-0.41660282639654495f,0.4575009434053756f,-1.696646086318729e-16f,-0.41660282639654495f,-1.3212953588491063f,-0.4806925171848724f,0f,0f,0f,1f], start_interpolation: 0, interpolation_duration: 1 }
$data merge entity $(bone_tail_0) { transformation: [-1.1979166666666667f,1.201716373345368e-16f,8.414508634064607e-17f,3.5796936495149947e-17f,0f,0.6870967727121909f,-0.9812758863878548f,0.7598897176614576f,-1.4670248114786003e-16f,-0.9812758863878548f,-0.6870967727121909f,-0.2923041690067142f,0f,0f,0f,1f], start_interpolation: 0, interpolation_duration: 1 }
$data merge entity $(bone_body_1) { transformation: [-1.0208333333333333f,9.91818829380116e-17f,7.610493549690629e-17f,1.5961347409628476e-17f,0f,0.6214439587797357f,-0.8098815348806359f,1.0022670440547974f,-1.2501602741295897e-16f,-0.8098815348806359f,-0.6214439587797357f,-0.1303342924730738f,0f,0f,0f,1f], start_interpolation: 0, interpolation_duration: 1 }
data modify entity @s data merge value {"locators":{"body_1":{"posx":3.5823256894175786e-18,"posy":0.7996594252755393,"posz":-0.029251909137489568,"roty":0,"rotx":-52.5},"body_0":{"posx":-3.171946229657982e-17,"posy":1.1268404404242067,"posz":0.25900906546005065,"roty":0,"rotx":-32.5},"neck_1":{"posx":-7.438211505426069e-17,"posy":1.3710063635805982,"posz":0.6073760622740242,"roty":0,"rotx":-32.5},"neck_0":{"posx":-1.0298035763235404e-16,"posy":1.618600655688034,"posz":0.840898434585817,"roty":0,"rotx":-52.68518518518518},"pos_head":{"posx":-1.0565423115929153e-16,"posy":1.9724377546388518,"posz":0.862733092371324,"roty":0,"rotx":-57.6851851851852},"head_0":{"posx":-1.3126183903008137e-16,"posy":1.8031969816267905,"posz":1.0718342243781356,"roty":0,"rotx":-57.6851851851852},"arm_right_0":{"posx":-0.1718343032209813,"posy":1.3976331332327314,"posz":1.0692872601161425,"roty":204.96479893977758,"rotx":-53.71887756387286},"arm_left_0":{"posx":0.2528003437280009,"posy":1.239863247297381,"posz":0.842870701494863,"roty":203.55201841877732,"rotx":-59.38861804683853},"pos_wing_r_0":{"posx":-0.7695353427283348,"posy":1.6075375637484053,"posz":-0.8566725732815621,"roty":199.53886921830522,"rotx":10.143920760992595},"pos_wing_r_1":{"posx":-0.9752968156491211,"posy":1.7176134119430917,"posz":-0.27687043124887784,"roty":199.53886921830522,"rotx":10.143920760992595},"pos_wing_r_2":{"posx":-1.1810582885699075,"posy":1.8276892601377779,"posz":0.3029317107838065,"roty":199.53886921830522,"rotx":10.143920760992595},"pos_wing_r_3":{"posx":-1.3868197614906936,"posy":1.9377651083324643,"posz":0.8827338528164906,"roty":199.53886921830522,"rotx":10.143920760992595},"pos_wing_r_4":{"posx":-1.59258123441148,"posy":2.0478409565271507,"posz":1.462535994849175,"roty":199.53886921830522,"rotx":10.143920760992595},"pos_wing_r_5":{"posx":-1.7983427073322664,"posy":2.157916804721837,"posz":2.042338136881859,"roty":199.53886921830522,"rotx":10.143920760992595},"finger_right_0":{"posx":-0.8008133822725495,"posy":1.6525827697508855,"posz":-0.14619661451516774,"roty":199.53886921830522,"rotx":10.143920760992595},"finger_right_1":{"posx":-0.9544446094603078,"posy":1.888115128993047,"posz":0.38870245398268494,"roty":199.53886921830522,"rotx":10.143920760992595},"finger_right_2":{"posx":-1.157058770406306,"posy":2.027492609663241,"posz":0.9802447374032212,"roty":199.53886921830522,"rotx":10.143920760992595},"finger_right_3":{"posx":-1.3744981251609238,"posy":2.1770686900123173,"posz":1.6150701944380703,"roty":199.53886921830522,"rotx":10.143920760992595},"pos_wing_l_0":{"posx":0.6784720376117515,"posy":1.1678637374142307,"posz":-0.5739304088897592,"roty":147.64281004508544,"rotx":42.186112148260335},"pos_wing_l_1":{"posx":0.9263236776598256,"posy":1.5875768667269359,"posz":-0.18273294774255774,"roty":147.64281004508544,"rotx":42.186112148260335},"pos_wing_l_2":{"posx":1.1741753177078997,"posy":2.007289996039641,"posz":0.2084645134046438,"roty":147.64281004508544,"rotx":42.186112148260335},"pos_wing_l_3":{"posx":1.4220269577559737,"posy":2.4270031253523463,"posz":0.5996619745518452,"roty":147.64281004508544,"rotx":42.186112148260335},"pos_wing_l_4":{"posx":1.6698785978040478,"posy":2.8467162546650515,"posz":0.9908594356990468,"roty":147.64281004508544,"rotx":42.186112148260335},"pos_wing_l_5":{"posx":1.9177302378521222,"posy":3.2664293839777567,"posz":1.3820568968462486,"roty":147.64281004508544,"rotx":42.186112148260335},"finger_left_0":{"posx":0.7624889272474036,"posy":1.617887645617511,"posz":-0.027850635754039975,"roty":147.64281004508544,"rotx":42.186112148260335},"finger_left_1":{"posx":0.9542458790309042,"posy":2.1151661294983697,"posz":0.256997465185953,"roty":147.64281004508544,"rotx":42.186112148260335},"finger_left_2":{"posx":1.1996600672415016,"posy":2.5656190211542973,"posz":0.6407485850956537,"roty":147.64281004508544,"rotx":42.186112148260335},"finger_left_3":{"posx":1.4630311272381338,"posy":3.0490318519999677,"posz":1.0525785954618596,"roty":147.64281004508544,"rotx":42.186112148260335},"leg_right_0":{"posx":-0.214686341728971,"posy":0.4743019367311552,"posz":-0.18881991570190132,"roty":16.853214041465435,"rotx":-14.172740063464168},"leg_left_0":{"posx":0.22137192462675864,"posy":0.47664830699041144,"posz":-0.1686624769451702,"roty":343.6327983072455,"rotx":-16.628446072780267},"tail_0":{"posx":2.994699163518179e-17,"posy":0.5064735852767304,"posz":-0.24453574415114676,"roty":0,"rotx":-55.00000000000001},"tail_1":{"posx":8.04905031625472e-17,"posy":0.20878767142585883,"posz":-0.6572548364033439,"roty":0,"rotx":-17.499999999999993},"tail_2":{"posx":1.4400498497943813e-16,"posy":0.19681237911541408,"posz":-1.1758899388762543,"roty":0,"rotx":12.500000000000005},"tail_3":{"posx":2.0174496956035203e-16,"posy":0.4895363675787546,"posz":-1.6473726930966122,"roty":0,"rotx":55.00000000000001},"tail_4":{"posx":2.324762184847619e-16,"posy":0.8479153869551885,"posz":-1.8983123840001948,"roty":0,"rotx":55.00000000000001},"shadow":{"posx":-6.412741111967148e-18,"posy":0.7510918309800647,"posz":0.05236400500480587,"roty":0,"rotx":-22.499999999999996}},"cameras":{}}