# This file was generated by Animated Java via MC-Build. It is not recommended to edit this file directly.
$data merge entity $(bone_head_lower) { transformation: [-0.9999409196232896f,-0.00939259124600528f,-0.005471425099128128f,-0.003070993152848039f,-0.010869970120128362f,0.8625542818858796f,0.5058477582731017f,1.8671854255948266f,-0.000031820078896489063f,0.5058773468243268f,-0.8626054190401673f,0.8647979353831373f,0f,0f,0f,1f], start_interpolation: 0, interpolation_duration: 1 }
$data merge entity $(bone_head_upper) { transformation: [-0.9999409196232896f,-0.0072595746587165964f,0.008090478274145732f,-0.0026498462089337713f,-0.010869970120128362f,0.6699895986605081f,-0.7422909008174079f,1.864152212715264f,-0.000031820078896489063f,-0.7423349892484565f,-0.6700289267822523f,0.8443351003456966f,0f,0f,0f,1f], start_interpolation: 0, interpolation_duration: 1 }
$data merge entity $(bone_neck_0) { transformation: [-0.9999409196232896f,-0.0072070222869587836f,0.00813732712167722f,-0.0009988803319118328f,-0.010869970120128362f,0.6651679041377763f,-0.7466146951772016f,1.7126640115508194f,-0.000031820078896489063f,-0.7466590374024233f,-0.6652069458843385f,0.7321066819908498f,0f,0f,0f,1f], start_interpolation: 0, interpolation_duration: 1 }
$data merge entity $(bone_neck_1) { transformation: [-0.9999182723432618f,-0.00782652368900127f,0.010109112770758566f,0.0007026004485607805f,-0.012713501432283541f,0.6920554255164288f,-0.7217323983961133f,1.592249717391151f,-0.0013474106269940021f,-0.7218019351180907f,-0.6920983679682984f,0.6056015040189655f,0f,0f,0f,1f], start_interpolation: 0, interpolation_duration: 1 }
$data merge entity $(bone_neck_2) { transformation: [-0.9999182723432618f,-0.01085600853255439f,0.0067524597597851885f,0.000685539333244919f,-0.012713501432283541f,0.9000071308549611f,-0.4356897190565235f,1.6217819104232993f,-0.0013474106269940021f,-0.4357399585635477f,-0.9000715932611361f,0.3396114262493023f,0f,0f,0f,1f], start_interpolation: 0, interpolation_duration: 1 }
$data merge entity $(bone_arm_right_2) { transformation: [-0.8847336918424836f,0.46207224658369966f,0.06111901059296154f,-0.23464987043939592f,0.44048363532704055f,0.7860250518926082f,0.433749679891869f,1.4488932429911623f,0.1523826155696386f,0.41067487959980814f,-0.8989581090005474f,0.9563976280794788f,0f,0f,0f,1f], start_interpolation: 0, interpolation_duration: 1 }
$data merge entity $(bone_arm_right_1) { transformation: [-0.7832787191571625f,-0.5242994399001862f,-0.3340427299551153f,-0.28304262663127194f,0.46937503774803835f,-0.14643635862015564f,-0.8707717650527589f,1.3320777816314286f,0.4076291476998949f,-0.8388483117908864f,0.36079355281245945f,0.6350629535590684f,0f,0f,0f,1f], start_interpolation: 0, interpolation_duration: 1 }
$data merge entity $(bone_arm_right_0) { transformation: [-0.7635860785058901f,0.3670066448049825f,-0.5312649276782594f,-0.15819449308717504f,0.6457051288477653f,0.4326183047522867f,-0.6292108461977977f,1.4469085701951172f,-0.0010896291514428391f,-0.8234971311803381f,-0.5673193876874518f,0.36275234575572757f,0f,0f,0f,1f], start_interpolation: 0, interpolation_duration: 1 }
$data merge entity $(bone_arm_left_2) { transformation: [-0.9837155117101949f,-0.1796555533684369f,-0.005260623977270312f,0.34744953560398767f,-0.16532237414137527f,0.8929745777407778f,0.4186465288485497f,1.2938039855986594f,-0.07051457033130532f,0.4126987831973351f,-0.9081340262970166f,0.7091505810004015f,0f,0f,0f,1f], start_interpolation: 0, interpolation_duration: 1 }
$data merge entity $(bone_arm_left_1) { transformation: [-0.924192931079085f,0.323431026570061f,-0.2031250777114592f,0.31127559567539903f,0.04884335133258698f,-0.42738686497691636f,-0.9027484670027444f,1.1659113845665368f,-0.37878985357853934f,-0.8442350612815366f,0.3791904641850965f,0.3904365829002976f,0f,0f,0f,1f], start_interpolation: 0, interpolation_duration: 1 }
$data merge entity $(bone_arm_left_0) { transformation: [-0.9114479098419165f,-0.4112275742872777f,-0.012433414277789882f,0.16055085064146307f,-0.4100507189287355f,0.9104690063567753f,-0.05389430739636297f,1.4476065600380956f,0.033483063641620764f,-0.04402352336544629f,-0.9984692352995475f,0.36117717545020134f,0f,0f,0f,1f], start_interpolation: 0, interpolation_duration: 1 }
$data merge entity $(bone_finger_right_1_fire) { transformation: [0.000005039717085400504f,-0.000014985353293580888f,-0.000005274297691964757f,-1.3760291009051275f,0.000015886129270647955f,0.0000047190659577470385f,0.0000017717480239789714f,1.949404416764938f,-9.963068384124253e-8f,-0.000005563037024034216f,0.000015710521015352735f,0.8783516592459415f,0f,0f,0f,1f], start_interpolation: 0, interpolation_duration: 1 }
$data merge entity $(bone_finger_right_1_fire_s) { transformation: [0.0000030238302512403023f,-0.000008991211976148532f,-0.000003164578615178854f,-1.3760291009051275f,0.000009531677562388773f,0.000002831439574648223f,0.0000010630488143873828f,1.949404416764938f,-5.977841030474551e-8f,-0.0000033378222144205298f,0.000009426312609211642f,0.8783516592459415f,0f,0f,0f,1f], start_interpolation: 0, interpolation_duration: 1 }
$data merge entity $(bone_finger_right_1) { transformation: [0.6011697081359186f,-1.7875488471194072f,-0.6291519842027847f,-1.0168891724401605f,1.8949991706302203f,0.5629203894621964f,0.21134544348756512f,1.8285819813183188f,-0.011884585604959991f,-0.6635946596637551f,1.8740514940457724f,-0.08813133293353416f,0f,0f,0f,1f], start_interpolation: 0, interpolation_duration: 1 }
$data merge entity $(bone_finger_right_2_fire) { transformation: [0.00001209519188611608f,0.000008317659489506306f,0.000007893076183113619f,-0.5839732904353516f,-0.000011217015571888764f,0.000010963434284598673f,0.0000056355521579583795f,2.089413348906363f,-0.00000237963708909881f,-0.000009401990591448718f,0.000013554249445110315f,0.3206554450446197f,0f,0f,0f,1f], start_interpolation: 0, interpolation_duration: 1 }
$data merge entity $(bone_finger_right_2_fire_s) { transformation: [0.000007257115131669648f,0.000004990595693703783f,0.000004735845709868171f,-0.5839732904353516f,-0.000006730209343133258f,0.000006578060570759204f,0.0000033813312947750275f,2.089413348906363f,-0.0000014277822534592858f,-0.00000564119435486923f,0.00000813254966706619f,0.3206554450446197f,0f,0f,0f,1f], start_interpolation: 0, interpolation_duration: 1 }
$data merge entity $(bone_finger_right_2) { transformation: [0.9015798365082526f,0.6200012495286212f,0.5883526612659531f,-0.8377226499742803f,-0.8361202666840385f,0.8172182287759846f,0.4200760302974728f,1.9088760915791843f,-0.17737898149440642f,-0.7008276693832943f,1.0103384976258285f,-0.11591132079393891f,0f,0f,0f,1f], start_interpolation: 0, interpolation_duration: 1 }
$data merge entity $(bone_finger_film_right) { transformation: [1.1338267040856134f,-0.17294707863766992f,-0.0018637112852182055f,-0.9246539409349747f,0.4336399891201635f,0.3750335464181152f,0.4172384822647081f,1.9328848272031443f,-0.19534880814839534f,-0.17129601906307762f,0.9153788394247974f,-0.0537631845177881f,0f,0f,0f,1f], start_interpolation: 0, interpolation_duration: 1 }
$data merge entity $(bone_finger_right_0_fire) { transformation: [0.000015373210384630276f,-0.00000642748064266779f,3.601011466307388e-7f,-0.9293699191427043f,0.000005944450469840002f,0.000014531261262529779f,0.000005593186257358009f,2.196560177492116f,-0.0000024709692145579165f,-0.000005030677537470507f,0.000015695998612145542f,0.5969637280693261f,0f,0f,0f,1f], start_interpolation: 0, interpolation_duration: 1 }
$data merge entity $(bone_finger_right_0_fire_s) { transformation: [0.000009223926230778164f,-0.000003856488385600674f,2.1606068797844327e-7f,-0.9293699191427043f,0.000003566670281904001f,0.000008718756757517867f,0.0000033559117544148056f,2.196560177492116f,-0.00000148258152873475f,-0.000003018406522482304f,0.000009417599167287325f,0.5969637280693261f,0f,0f,0f,1f], start_interpolation: 0, interpolation_duration: 1 }
$data merge entity $(bone_fire_large_right) { transformation: [0.000024597136615408437f,-0.000010283969028268465f,5.76161834609182e-7f,-0.8860260945120128f,0.000009511120751744003f,0.000023250018020047642f,0.000008949098011772814f,2.1043446088066715f,-0.000003953550743292666f,-0.00000804908405995281f,0.000025113597779432865f,0.6354803030348635f,0f,0f,0f,1f], start_interpolation: 0, interpolation_duration: 1 }
$data merge entity $(bone_finger_right_0) { transformation: [1.3490603197625854f,-0.5640369756296532f,0.031600307018905184f,-0.9177701605342268f,0.5216491579190777f,1.2751759375505065f,0.4908243269985383f,1.8984252027963973f,-0.21683737068008505f,-0.4414619508562484f,1.3773862698102546f,-0.04277180630861553f,0f,0f,0f,1f], start_interpolation: 0, interpolation_duration: 1 }
$data merge entity $(bone_wing_right_1_model) { transformation: [-0.6692599667558826f,-0.69436826690199f,0.3176804839131323f,-0.5903543308266725f,-0.6985838061000602f,0.727337165186632f,0.11806098862396418f,1.5244159152548162f,-0.30829992830766045f,-0.14074956873696337f,-0.9571404265559422f,0.04789125496899739f,0f,0f,0f,1f], start_interpolation: 0, interpolation_duration: 1 }
$data merge entity $(bone_wing_right_0) { transformation: [-0.5065028576155f,-0.014169495528008344f,-0.8621218478984362f,-0.17467706891737148f,0.4062777701413206f,0.8779908320783758f,-0.2531214575560866f,1.6843890544534128f,0.7605216819501789f,-0.47846768353024977f,-0.43894811436076125f,0.18990088461135593f,0f,0f,0f,1f], start_interpolation: 0, interpolation_duration: 1 }
$data merge entity $(bone_finger_left_1_fire) { transformation: [0.000005642070754816683f,0.000014215988243822774f,0.00000662197052446726f,1.4188129053486982f,-0.000012087050148154666f,-5.421924325169396e-7f,0.0000114624178889052f,2.502231045229471f,0.000009992398815670582f,-0.000008682711753559029f,0.000010126216484500566f,0.5627050608095462f,0f,0f,0f,1f], start_interpolation: 0, interpolation_duration: 1 }
$data merge entity $(bone_finger_left_1_fire_s) { transformation: [0.0000033852424528900098f,0.000008529592946293664f,0.000003973182314680356f,1.4188129053486982f,-0.0000072522300888927995f,-3.2531545951016376e-7f,0.000006877450733343119f,2.502231045229471f,0.000005995439289402349f,-0.000005209627052135417f,0.0000060757298907003395f,0.5627050608095462f,0f,0f,0f,1f], start_interpolation: 0, interpolation_duration: 1 }
$data merge entity $(bone_finger_left_1) { transformation: [0.6730223088873647f,1.6957740600479407f,0.7899110247698113f,0.9773998889621329f,-1.4418206987928368f,-0.06467618338218865f,1.367310565263101f,1.789223472556811f,1.1919572820856073f,-1.0357294273197437f,1.2079199100567282f,-0.04921296766585528f,0f,0f,0f,1f], start_interpolation: 0, interpolation_duration: 1 }
$data merge entity $(bone_finger_left_2_fire) { transformation: [0.000011816820407007656f,-0.00000956643691761389f,-0.000006828163585300186f,0.5740361378064676f,0.000009655072240162548f,0.0000023796229896189426f,0.000013375154288541788f,2.2672497563533325f,-0.000006702246883213708f,-0.000013438692529646224f,0.000007229053021514015f,0.1278303866655905f,0f,0f,0f,1f], start_interpolation: 0, interpolation_duration: 1 }
$data merge entity $(bone_finger_left_2_fire_s) { transformation: [0.0000070900922442045935f,-0.000005739862150568334f,-0.000004096898151180112f,0.5740361378064676f,0.000005793043344097529f,0.0000014277737937713654f,0.000008025092573125073f,2.2672497563533325f,-0.000004021348129928225f,-0.000008063215517787734f,0.000004337431812908409f,0.1278303866655905f,0f,0f,0f,1f], start_interpolation: 0, interpolation_duration: 1 }
$data merge entity $(bone_finger_left_2) { transformation: [0.880829929025493f,-0.7130855560918604f,-0.5089737035055306f,0.7934502276061964f,0.7196924640570003f,0.1773779305142423f,0.9969886819719057f,1.8372042793397316f,-0.49958782846115884f,-1.0017248447022147f,0.5388561423922121f,-0.10560338270353166f,0f,0f,0f,1f], start_interpolation: 0, interpolation_duration: 1 }
$data merge entity $(bone_finger_film_left) { transformation: [1.1629920609894924f,0.14175415130348015f,0.0696876364104375f,0.8847214601634976f,-0.23458823701815204f,0.16569845279695847f,0.9144258287830583f,1.8933437026703974f,0.3227779686330967f,-0.39032417606911735f,0.41349592640671173f,-0.0829365163006853f,0f,0f,0f,1f], start_interpolation: 0, interpolation_duration: 1 }
$data merge entity $(bone_finger_left_0_fire) { transformation: [0.000015754857570292555f,0.000005367772419896347f,8.655980393771537e-7f,0.9389172043220829f,-0.000003346052560056811f,0.000007480629054313474f,0.000014512818437329001f,2.5184192760538604f,0.00000428557732200818f,-0.000013892623437556319f,0.000008149025636057848f,0.23223929882486927f,0f,0f,0f,1f], start_interpolation: 0, interpolation_duration: 1 }
$data merge entity $(bone_finger_left_0_fire_s) { transformation: [0.000009452914542175533f,0.0000032206634519378078f,5.193588236262922e-7f,0.9389172043220829f,-0.0000020076315360340864f,0.000004488377432588084f,0.0000087076910623974f,2.5184192760538604f,0.0000025713463932049077f,-0.00000833557406253379f,0.000004889415381634709f,0.23223929882486927f,0f,0f,0f,1f], start_interpolation: 0, interpolation_duration: 1 }
$data merge entity $(bone_fire_large_left) { transformation: [0.000025207772112468086f,0.000008588435871834153f,0.000001384956863003446f,0.9029164755948751f,-0.000005353684096090897f,0.000011969006486901558f,0.0000232205094997264f,2.4753424817146485f,0.000006856923715213087f,-0.000022228197500090106f,0.000013038441017692556f,0.3255895109790959f,0f,0f,0f,1f], start_interpolation: 0, interpolation_duration: 1 }
$data merge entity $(bone_finger_left_0) { transformation: [1.3825513773520135f,0.47104336674127345f,0.07595966870755175f,0.8802228047277424f,-0.29362941270391135f,0.6564549350164982f,1.2735575063289082f,1.8747312423589602f,0.3760764451760727f,-1.2191329298237312f,0.7151093919409794f,-0.05148813061521024f,0f,0f,0f,1f], start_interpolation: 0, interpolation_duration: 1 }
$data merge entity $(bone_wing_left_1_model) { transformation: [-0.7204230199068522f,0.6838086463161901f,-0.21065016176910686f,0.5559624779184105f,0.6769872323184107f,0.7481911596786271f,0.1134696386636092f,1.4907800359310006f,0.23163774024970507f,-0.05994002705881142f,-0.9867766887650108f,0.0008623701531187463f,0f,0f,0f,1f], start_interpolation: 0, interpolation_duration: 1 }
$data merge entity $(bone_wing_left_0) { transformation: [-0.6208430949788587f,0.040458883442766526f,0.7828901137245484f,0.17428408341500148f,-0.34990250724866295f,0.8793686916797342f,-0.322922497690347f,1.6851532109962903f,-0.7015141387300551f,-0.47441941659678877f,-0.5317933154128505f,0.18817639433800434f,0f,0f,0f,1f], start_interpolation: 0, interpolation_duration: 1 }
$data merge entity $(bone_body_0) { transformation: [-0.9999853920898452f,-0.004534339446908572f,-0.0029420014783778235f,-3.128820182487764e-18f,-0.002189772056402673f,0.8374820077385754f,-0.5464605124000323f,1.2260888710885638f,0.0049417107624350545f,-0.5464460874413368f,-0.837479703046465f,0.025548755646658067f,0f,0f,0f,1f], start_interpolation: 0, interpolation_duration: 1 }
$data merge entity $(bone_leg_right_3) { transformation: [-0.9767685594863116f,-0.20397882500093856f,-0.06569490201128424f,-0.16402295571829734f,-0.09754372420109904f,0.1502375567039571f,0.9838261525414974f,0.37825909590174295f,-0.19080986103452746f,0.9673785792061255f,-0.16664417609122303f,-0.48886349105408233f,0f,0f,0f,1f], start_interpolation: 0, interpolation_duration: 1 }
$data merge entity $(bone_leg_right_2) { transformation: [-0.8951520250771429f,0.2955406143105587f,0.33370435611964644f,-0.11021707162806484f,0.26157864617897547f,0.9544387048575312f,-0.14360839297566508f,0.5409208753424363f,-0.3609424661403318f,-0.041261410092437f,-0.9316748532474831f,-0.4871058648221073f,0f,0f,0f,1f], start_interpolation: 0, interpolation_duration: 1 }
$data merge entity $(bone_leg_right_1) { transformation: [-0.9264432723332239f,0.3185774112943107f,0.20052754464542688f,-0.18349356321966404f,0.187948340688799f,0.8530190131579188f,-0.4868613605775444f,0.6855317755405987f,-0.32615684015644253f,-0.41336061278755887f,-0.8501498217461783f,-0.20996652489711642f,0f,0f,0f,1f], start_interpolation: 0, interpolation_duration: 1 }
$data merge entity $(bone_leg_right_0) { transformation: [-0.9266931519731464f,0.2559299206452768f,0.27520842611478563f,-0.09365062499999997f,0.18744940713808325f,0.9494617362137525f,-0.2517640387933673f,1.0271690872331842f,-0.32573382054931943f,-0.18172035434829348f,-0.927833600903672f,-0.19348143617449332f,0f,0f,0f,1f], start_interpolation: 0, interpolation_duration: 1 }
$data merge entity $(bone_leg_left_3) { transformation: [-0.9538687797147338f,0.2536630240883856f,0.16059085059821945f,0.1430918547752757f,0.1299126209408548f,-0.1334870433765041f,0.9824988143356088f,0.4042064512747351f,0.270660418247298f,0.958037723401816f,0.09437509487816864f,-0.5276836903193344f,0f,0f,0f,1f], start_interpolation: 0, interpolation_duration: 1 }
$data merge entity $(bone_leg_left_2) { transformation: [-0.8975565333293811f,-0.20882522176153268f,-0.38830953662508755f,0.10449073472122582f,-0.26319932896295917f,0.9603532154658075f,0.09191199474460421f,0.5662114507926148f,0.3537207694088538f,0.18469902084399603f,-0.916933961083391f,-0.4874176926873341f,0f,0f,0f,1f], start_interpolation: 0, interpolation_duration: 1 }
$data merge entity $(bone_leg_left_1) { transformation: [-0.9270627176576474f,-0.29806906556814444f,-0.2273973387719177f,0.18608918475866693f,-0.18612645797652183f,0.8924384773743664f,-0.410987233065501f,0.685906859657516f,0.3254407152928643f,-0.338686279989396f,-0.8828249795835035f,-0.20088205361549433f,0f,0f,0f,1f], start_interpolation: 0, interpolation_duration: 1 }
$data merge entity $(bone_leg_left_0) { transformation: [-0.9270627176576474f,-0.2618963099960681f,-0.26826300590961194f,0.093650625f,-0.18612645797652183f,0.9426517362410421f,-0.27706433513330925f,1.0271690872331842f,0.3254407152928643f,-0.20692517239860397f,-0.9226431129410098f,-0.1934814361744933f,0f,0f,0f,1f], start_interpolation: 0, interpolation_duration: 1 }
$data merge entity $(bone_tail_3) { transformation: [-2.4422341666666667f,-2.10260508246852e-16f,2.1270591614385342e-16f,1.6656660531931988e-16f,0f,1.7368756141929869f,1.7169073433519244f,0.3749076952662293f,-2.990874254976637e-16f,1.7169073433519244f,-1.7368756141929869f,-1.3601195498595189f,0f,0f,0f,1f], start_interpolation: 0, interpolation_duration: 1 }
$data merge entity $(bone_tail_2) { transformation: [-1.15625f,4.679342289658902e-18f,1.4152244766771815e-16f,1.085845459989449e-16f,0f,1.1556184833557854f,-0.0382097294739745f,0.3847166130263656f,-1.415997861514127e-16f,-0.0382097294739745f,-1.1556184833557854f,-0.8866601053834107f,0f,0f,0f,1f], start_interpolation: 0, interpolation_duration: 1 }
$data merge entity $(bone_tail_1) { transformation: [-1.3854166666666667f,7.094035230512981e-17f,1.5412185385931052e-16f,6.207661164329458e-17f,0f,1.2585004424672985f,-0.5792719366475401f,0.5519230201593792f,-1.696646086318729e-16f,-0.5792719366475401f,-1.2585004424672985f,-0.5068940014909991f,0f,0f,0f,1f], start_interpolation: 0, interpolation_duration: 1 }
$data merge entity $(bone_tail_0) { transformation: [-1.1979166666666667f,1.1349640917031086e-16f,9.295258511942313e-17f,3.6283472378879916e-17f,0f,0.7590154580417826f,-0.9267685119442723f,0.8392723447966542f,-1.4670248114786003e-16f,-0.9267685119442723f,-0.7590154580417826f,-0.29627703599227045f,0f,0f,0f,1f], start_interpolation: 0, interpolation_duration: 1 }
$data merge entity $(bone_body_1) { transformation: [-1.0208333333333333f,9.789584671943464e-17f,7.77522366572349e-17f,1.595447628899516e-17f,0f,0.6348951935477971f,-0.7993802522294066f,1.0789082997245563f,-1.2501602741295897e-16f,-0.7993802522294066f,-0.6348951935477971f,-0.1302781855152301f,0f,0f,0f,1f], start_interpolation: 0, interpolation_duration: 1 }