# This file was generated by Animated Java via MC-Build. It is not recommended to edit this file directly.
$data merge entity $(bone_head_lower) { transformation: [-1f,-3.878766239764934e-17f,1.1615986859645012e-16f,-0.0003881250000001537f,0f,0.9485173086421743f,0.3167252992834736f,0.516349420589407f,-1.2246467991473532e-16f,0.3167252992834736f,-0.9485173086421743f,1.254825708926572f,0f,0f,0f,1f], start_interpolation: 0, interpolation_duration: 1 }
$data merge entity $(bone_head_upper) { transformation: [-1f,-5.652893618478167e-17f,1.0863736558125597e-16f,-6.250000001526811e-7f,0f,0.8870914100040397f,0.461593793607588f,0.5353887414990762f,-1.2246467991473532e-16f,0.461593793607588f,-0.8870914100040397f,1.246735006488634f,0f,0f,0f,1f], start_interpolation: 0, interpolation_duration: 1 }
$data merge entity $(bone_neck_0) { transformation: [-1f,-2.648534017133313e-17f,1.1956640239894879e-16f,-1.2978005831322409e-16f,0f,0.9763337680888526f,0.2162692148444208f,0.5594192598844373f,-1.2246467991473532e-16f,0.2162692148444208f,-0.9763337680888526f,1.0597345977924575f,0f,0f,0f,1f], start_interpolation: 0, interpolation_duration: 1 }
$data merge entity $(bone_neck_1) { transformation: [-1f,-3.996250652204701e-18f,1.2239945999612632e-16f,-1.0845586016853229e-16f,0f,0.9994674389493002f,0.032631862958258984f,0.5730735642998824f,-1.2246467991473532e-16f,0.032631862958258984f,-0.9994674389493002f,0.8856093058344943f,0f,0f,0f,1f], start_interpolation: 0, interpolation_duration: 1 }
$data merge entity $(bone_neck_2) { transformation: [-1f,-2.097101373440499e-17f,1.2065576823993942e-16f,-8.411011473970943e-17f,0f,0.9852291152350593f,0.17124132238785764f,0.7522444002460424f,-1.2246467991473532e-16f,0.17124132238785764f,-0.9852291152350593f,0.6868112079194602f,0f,0f,0f,1f], start_interpolation: 0, interpolation_duration: 1 }
$data merge entity $(bone_arm_right_2) { transformation: [-0.9988500425043396f,-0.040511609688678576f,0.02563985314917331f,-0.37495579402499896f,-0.03693940986875567f,0.9912042211007912f,0.12708136004356155f,0.3276151893604828f,-0.030562601126656194f,0.1259881008365688f,-0.9915608533317394f,1.0804348098996046f,0f,0f,0f,1f], start_interpolation: 0, interpolation_duration: 1 }
$data merge entity $(bone_arm_right_1) { transformation: [-0.9679998666148458f,-0.2359756018551489f,-0.08539188230002229f,-0.30557610911675004f,0.03998363255797749f,0.19090009236767363f,-0.9807948123137084f,0.37935568490073546f,0.24774496435065893f,-0.9528235251415207f,-0.17535610219144604f,0.746139933544981f,0f,0f,0f,1f], start_interpolation: 0, interpolation_duration: 1 }
$data merge entity $(bone_arm_right_0) { transformation: [-0.914713028625534f,0.4002537321956439f,-0.055650922060291395f,-0.15937500000000007f,0.370988066998165f,0.7771533313976335f,-0.5083311456546068f,0.6120111398714292f,-0.16021213876503831f,-0.48562294978822595f,-0.8593616358852159f,0.5805412966567512f,0f,0f,0f,1f], start_interpolation: 0, interpolation_duration: 1 }
$data merge entity $(bone_arm_left_2) { transformation: [-0.9394001044147958f,-0.0689094105981704f,0.33582575386126f,0.42903153991241677f,-0.12329518855896288f,0.9819544636055022f,-0.14340058536645012f,0.2034719368766289f,-0.31988394818071225f,-0.17611622451166603f,-0.9309443244147718f,1.015160277664173f,0f,0f,0f,1f], start_interpolation: 0, interpolation_duration: 1 }
$data merge entity $(bone_arm_left_1) { transformation: [-0.9479946956749447f,0.16894742612816924f,0.2697458510836376f,0.3420554475795384f,-0.06784306801365358f,0.7207612903506906f,-0.6898554054687855f,0.4169911343560957f,-0.3109716628483437f,-0.672279651288565f,-0.671815968378738f,0.758083643984838f,0f,0f,0f,1f], start_interpolation: 0, interpolation_duration: 1 }
$data merge entity $(bone_arm_left_0) { transformation: [-0.7627955643825775f,-0.5392520697798101f,0.3568615028221116f,0.1593749999999999f,-0.6452996704231885f,0.6703101014188495f,-0.36643239934205607f,0.6120111398714292f,-0.04160844036958701f,-0.5097956190220181f,-0.8592887550270677f,0.5805412966567514f,0f,0f,0f,1f], start_interpolation: 0, interpolation_duration: 1 }
$data merge entity $(bone_finger_right_1_fire) { transformation: [0.0000026288336984229966f,-0.000013634320209881905f,-0.0000092180433703807f,-1.3353644102744198f,0.00001583325773883521f,0.000004642767059773515f,-0.0000023516890062410203f,1.154894039301011f,0.0000044916545436429705f,-0.00000838616743339089f,0.000013684846108651839f,1.1892129646738314f,0f,0f,0f,1f], start_interpolation: 0, interpolation_duration: 1 }
$data merge entity $(bone_finger_right_1_fire_s) { transformation: [0.0000015773002190537978f,-0.000008180592125929143f,-0.0000055308260222284204f,-1.3353644102744198f,0.000009499954643301125f,0.000002785660235864109f,-0.0000014110134037446122f,1.154894039301011f,0.0000026949927261857824f,-0.0000050317004600345335f,0.000008210907665191103f,1.1892129646738314f,0f,0f,0f,1f], start_interpolation: 0, interpolation_duration: 1 }
$data merge entity $(bone_finger_right_1) { transformation: [0.3135841080835649f,-1.6263889742840565f,-1.0995872086965803f,-0.7334029478833959f,1.888692315937792f,0.5538189685989674f,-0.2805245154740688f,1.2909244671191762f,0.5357933005548128f,-1.0003557229264388f,1.6324160268550867f,0.35446327536515465f,0f,0f,0f,1f], start_interpolation: 0, interpolation_duration: 1 }
$data merge entity $(bone_finger_right_2_fire) { transformation: [0.000013754691197912978f,0.00000877805913555032f,0.0000033958689080432426f,-0.45698281848170574f,-0.000009337105506961297f,0.000013483326927233406f,0.0000029658276253001124f,1.4843283539726064f,-0.000001185204024506458f,-0.000004350097764867108f,0.00001604523974997475f,0.9101094232606921f,0f,0f,0f,1f], start_interpolation: 0, interpolation_duration: 1 }
$data merge entity $(bone_finger_right_2_fire_s) { transformation: [0.000008252814718747786f,0.000005266835481330192f,0.0000020375213448259455f,-0.45698281848170574f,-0.000005602263304176778f,0.000008089996156340044f,0.0000017794965751800674f,1.4843283539726064f,-7.111224147038748e-7f,-0.0000026100586589202644f,0.00000962714384998485f,0.9101094232606921f,0f,0f,0f,1f], start_interpolation: 0, interpolation_duration: 1 }
$data merge entity $(bone_finger_right_2) { transformation: [1.0252794960343523f,0.6543196002846181f,0.25312925695966104f,-0.5660391577203345f,-0.6959911124758223f,1.0050519083204026f,0.2210738292295392f,1.389788816862764f,-0.08834552280811994f,-0.3242578099274118f,1.19601778679703f,0.3936387362132075f,0f,0f,0f,1f], start_interpolation: 0, interpolation_duration: 1 }
$data merge entity $(bone_finger_film_right) { transformation: [1.0744414821155928f,-0.17556845384088812f,-0.2883840347855888f,-0.6681947412051f,0.5579681603926019f,0.38914666615803634f,0.19224865040689354f,1.3915841960024815f,0.21451066501253815f,-0.13282985104680683f,0.9443966058105632f,0.43309596563425157f,0f,0f,0f,1f], start_interpolation: 0, interpolation_duration: 1 }
$data merge entity $(bone_finger_right_0_fire) { transformation: [0.00001451464714249228f,-0.000006940868241043126f,-0.0000043505337795720606f,-0.8718383112997825f,0.000007587023894924942f,0.000014728222345149898f,0.000001815024172688335f,1.496050376503844f,0.000003088667111321077f,-0.0000035611223497773896f,0.000015986129014340443f,1.0968794838509772f,0f,0f,0f,1f], start_interpolation: 0, interpolation_duration: 1 }
$data merge entity $(bone_finger_right_0_fire_s) { transformation: [0.000008708788285495368f,-0.0000041645209446258755f,-0.0000026103202677432364f,-0.8718383112997825f,0.000004552214336954965f,0.000008836933407089939f,0.000001089014503613001f,1.496050376503844f,0.0000018532002667926462f,-0.0000021366734098664336f,0.000009591677408604266f,1.0968794838509772f,0f,0f,0f,1f], start_interpolation: 0, interpolation_duration: 1 }
$data merge entity $(bone_fire_large_right) { transformation: [0.000023223435427987646f,-0.000011105389185669f,-0.0000069608540473152966f,-0.826986137428804f,0.000012139238231879905f,0.000023565155752239836f,0.000002904038676301336f,1.401265890171532f,0.000004941867378113723f,-0.000005697795759643822f,0.000025577806422944707f,1.1263770844049064f,0f,0f,0f,1f], start_interpolation: 0, interpolation_duration: 1 }
$data merge entity $(bone_finger_right_0) { transformation: [1.273717982476089f,-0.6090887781027924f,-0.3817766325292221f,-0.6595106992432428f,0.6657915051996459f,1.2924600554707255f,0.1592755858744878f,1.356194100664134f,0.271042816470192f,-0.3125026416543063f,1.4028463658712058f,0.43836769295499284f,0f,0f,0f,1f], start_interpolation: 0, interpolation_duration: 1 }
$data merge entity $(bone_wing_right_1_model) { transformation: [-0.6526339227829182f,-0.6888127138170966f,0.3613628248156509f,-0.33576619173787686f,-0.1608363414971977f,0.5810142600940662f,0.8170258159097432f,1.0440264798409398f,-0.7610372639553316f,0.46790656961952537f,-0.48255860578805526f,0.20805326926344464f,0f,0f,0f,1f], start_interpolation: 0, interpolation_duration: 1 }
$data merge entity $(bone_wing_right_0) { transformation: [-0.9589486232876709f,-0.05085789295187639f,-0.27898210089390335f,-0.1744831250000001f,-0.17669170081477864f,0.8766368254214174f,0.4475353831578459f,0.9026610808907345f,0.22180527666821032f,0.47845726145556056f,-0.8496358444666657f,0.6234439734235405f,0f,0f,0f,1f], start_interpolation: 0, interpolation_duration: 1 }
$data merge entity $(bone_finger_left_1_fire) { transformation: [0.000004503264177609419f,0.00001509594533362934f,0.000005441582858738084f,1.0897945712182147f,-0.000014822383254225456f,0.00000607849570331651f,-0.0000045963705711569084f,1.0537571732364357f,-0.000006147791814082052f,-0.000003597513342103835f,0.0000150678575564633f,1.3105387793839434f,0f,0f,0f,1f], start_interpolation: 0, interpolation_duration: 1 }
$data merge entity $(bone_finger_left_1_fire_s) { transformation: [0.0000027019585065656513f,0.000009057567200177603f,0.00000326494971524285f,1.0897945712182147f,-0.000008893429952535273f,0.000003647097421989906f,-0.000002757822342694145f,1.0537571732364357f,-0.0000036886750884492313f,-0.000002158508005262301f,0.00000904071453387798f,1.3105387793839434f,0f,0f,0f,1f], start_interpolation: 0, interpolation_duration: 1 }
$data merge entity $(bone_finger_left_1) { transformation: [0.5371781719959882f,1.8007409734454427f,0.6491068295205744f,0.7199863191771224f,-1.7681087378168392f,0.7250818698640944f,-0.5482844984992513f,1.3265972478608445f,-0.7333479534513172f,-0.42913441553153486f,1.7973904836233037f,0.37969557362986806f,0f,0f,0f,1f], start_interpolation: 0, interpolation_duration: 1 }
$data merge entity $(bone_finger_left_2_fire) { transformation: [0.000012482015711380891f,-0.000008010419218348816f,-0.000007603304906744582f,0.2989802420578484f,0.00000907509985618342f,0.000013978230367331177f,1.7151144538454455e-7f,1.4210270341965205f,0.000006294412137675605f,-0.00000426849358930128f,0.000014830310721524127f,0.8658978890715465f,0f,0f,0f,1f], start_interpolation: 0, interpolation_duration: 1 }
$data merge entity $(bone_finger_left_2_fire_s) { transformation: [0.000007489209426828534f,-0.000004806251531009289f,-0.000004561982944046749f,0.2989802420578484f,0.000005445059913710052f,0.000008386938220398706f,1.0290686723072672e-7f,1.4210270341965205f,0.0000037766472826053628f,-0.0000025610961535807676f,0.000008898186432914476f,0.8658978890715465f,0f,0f,0f,1f], start_interpolation: 0, interpolation_duration: 1 }
$data merge entity $(bone_finger_left_2) { transformation: [0.9304138198318304f,-0.5970994521824471f,-0.5667530089054583f,0.5434295496468032f,0.6764611195648618f,1.0419421839614942f,0.012784523167969832f,1.4164171526816092f,0.4691876837865877f,-0.3181750061192736f,1.1054565517911605f,0.3886178195148199f,0f,0f,0f,1f], start_interpolation: 0, interpolation_duration: 1 }
$data merge entity $(bone_finger_film_left) { transformation: [1.1199539071262519f,0.18424735860988653f,0.02234963771680103f,0.6315552214858191f,-0.5073243993940099f,0.4070493887441018f,0.03022995041512722f,1.412034397089644f,-0.009643215175790051f,-0.016336617258294377f,1.005284282161432f,0.45350631613245096f,0f,0f,0f,1f], start_interpolation: 0, interpolation_duration: 1 }
$data merge entity $(bone_finger_left_0_fire) { transformation: [0.000015181678922754663f,0.0000068768212429539375f,-6.109383456589051e-8f,0.6497249212334487f,-0.000006869658676829592f,0.000015157787036082545f,-9.09428177705966e-7f,1.403076737751129f,-3.196756606693094e-7f,8.535804232778518e-7f,0.000016641724240917765f,1.1553482270467825f,0f,0f,0f,1f], start_interpolation: 0, interpolation_duration: 1 }
$data merge entity $(bone_finger_left_0_fire_s) { transformation: [0.000009109007353652798f,0.000004126092745772362f,-3.66563007395343e-8f,0.6497249212334487f,-0.000004121795206097755f,0.000009094672221649526f,-5.456569066235796e-7f,1.403076737751129f,-1.9180539640158562e-7f,5.12148253966711e-7f,0.00000998503454455066f,1.1553482270467825f,0f,0f,0f,1f], start_interpolation: 0, interpolation_duration: 1 }
$data merge entity $(bone_fire_large_left) { transformation: [0.00002429068627640746f,0.000011002913988726299f,-9.775013530542479e-8f,0.6035775830723289f,-0.000010991453882927347f,0.000024252459257732068f,-0.0000014550850843295455f,1.304406365146782f,-5.11481057070895e-7f,0.0000013657286772445626f,0.000026626758785468423f,1.156059240010401f,0f,0f,0f,1f], start_interpolation: 0, interpolation_duration: 1 }
$data merge entity $(bone_finger_left_0) { transformation: [1.3322526726454396f,0.6034683994336487f,-0.005361226831149291f,0.6235943143042149f,-0.6028398557850371f,1.3301560646197117f,-0.07980593757070491f,1.3762158516061143f,-0.02805280993448306f,0.07490507512481402f,1.4603774529943916f,0.45045372738074335f,0f,0f,0f,1f], start_interpolation: 0, interpolation_duration: 1 }
$data merge entity $(bone_wing_left_1_model) { transformation: [-0.6824371241392614f,0.6294131832060123f,-0.4112124748166687f,0.3310686525407837f,0.09584259792081502f,0.6236507710117569f,0.7955193242669031f,1.0443251803649187f,0.7457015831163047f,0.49585869324310133f,-0.47857119461467856f,0.20636115694155366f,0f,0f,0f,1f], start_interpolation: 0, interpolation_duration: 1 }
$data merge entity $(bone_wing_left_0) { transformation: [-0.961462425561268f,0.05553992200856162f,0.26926812157610863f,0.17448312499999993f,0.1761278117070515f,0.8764563267676767f,0.4481108135407992f,0.9026610808907345f,-0.2111137091169793f,0.47826731472283823f,-0.852461950758318f,0.6234439734235406f,0f,0f,0f,1f], start_interpolation: 0, interpolation_duration: 1 }
$data merge entity $(bone_body_0) { transformation: [-1f,-2.405935786561024e-17f,1.2007807928890717e-16f,-2.271841667540278e-17f,0f,0.9805119269695572f,0.1964595659937322f,0.6897475087795741f,-1.2246467991473532e-16f,0.1964595659937322f,-0.9805119269695572f,0.1855099502258139f,0f,0f,0f,1f], start_interpolation: 0, interpolation_duration: 1 }
$data merge entity $(bone_leg_right_3) { transformation: [-0.9682248762289015f,0.2378813620364611f,0.07715598905597938f,-0.42227691088818925f,0.11186399256173402f,0.1360323612695794f,0.9843686524141102f,0.2578404928055272f,0.22366724440488966f,0.9617211936331136f,-0.15832027506678553f,-0.47633719871969843f,0f,0f,0f,1f], start_interpolation: 0, interpolation_duration: 1 }
$data merge entity $(bone_leg_right_2) { transformation: [-0.8626502723762174f,0.49988616755333115f,-0.07712539826854009f,-0.33082171372688174f,0.490515480476718f,0.8640008628996216f,0.11356527779829537f,0.4017883261868191f,0.12340612214121488f,0.060135916036529125f,-0.9905324833747328f,-0.4598452285361872f,0f,0f,0f,1f], start_interpolation: 0, interpolation_duration: 1 }
$data merge entity $(bone_leg_right_1) { transformation: [-0.8988176531701763f,0.37573092983660544f,-0.22572792187449173f,-0.2680963363810021f,0.4139098127718206f,0.8970231569437682f,-0.1550100732140733f,0.4403876545245507f,0.1442410941474488f,-0.2327567921044536f,-0.9617789675847518f,-0.14733348587865236f,0f,0f,0f,1f], start_interpolation: 0, interpolation_duration: 1 }
$data merge entity $(bone_leg_right_0) { transformation: [-0.8988176531701763f,0.40524608128770767f,-0.16704023452633615f,-0.09365062499999997f,0.4139098127718206f,0.9101151819909585f,-0.01920995577196755f,0.7450978365285785f,0.1442410941474488f,-0.08640583956261957f,-0.9857629216239703f,-0.10514387575340677f,0f,0f,0f,1f], start_interpolation: 0, interpolation_duration: 1 }
$data merge entity $(bone_leg_left_3) { transformation: [-0.9701557723627497f,-0.17042793736398779f,0.17248795760021304f,0.2791072303953778f,0.1569786686725576f,0.10073055208178902f,0.9824515527287284f,0.1508415671724191f,-0.184811998888134f,0.9802079748926525f,-0.07097077584342543f,-0.4297407951000887f,0f,0f,0f,1f], start_interpolation: 0, interpolation_duration: 1 }
$data merge entity $(bone_leg_left_2) { transformation: [-0.9637043174047822f,-0.2562388621030376f,0.07493753507771121f,0.22871903312818492f,-0.2421500180907702f,0.9571561947383187f,0.15879353769187698f,0.31196020711194933f,-0.11241600132553375f,0.1348838923748954f,-0.9844638023938592f,-0.400434987762394f,0f,0f,0f,1f], start_interpolation: 0, interpolation_duration: 1 }
$data merge entity $(bone_leg_left_1) { transformation: [-0.9765425715635706f,-0.10466567732819788f,0.18817465800005614f,0.1744575512170915f,-0.16131995707745353f,0.9344643231327566f,-0.31741502837856916f,0.40091881757761283f,-0.14262004547936835f,-0.34032561581736526f,-0.9294288557205411f,-0.09674101743208481f,0f,0f,0f,1f], start_interpolation: 0, interpolation_duration: 1 }
$data merge entity $(bone_leg_left_0) { transformation: [-0.9765425715635706f,-0.1261186703604651f,0.17452417285441257f,0.093650625f,-0.16131995707745353f,0.9653668122576889f,-0.20504338379951867f,0.7450978365285785f,-0.14262004547936835f,-0.22838782537153005f,-0.963067247833466f,-0.10514387575340675f,0f,0f,0f,1f], start_interpolation: 0, interpolation_duration: 1 }
$data merge entity $(bone_tail_3) { transformation: [-2.4422341666666667f,4.3465758999300834e-17f,2.9591217596684865e-16f,1.8431220343773597e-16f,0f,2.416306286619737f,-0.354924856942944f,0.9624151475761471f,-2.990874254976637e-16f,-0.354924856942944f,-2.416306286619737f,-1.5050233550282526f,0f,0f,0f,1f], start_interpolation: 0, interpolation_duration: 1 }
$data merge entity $(bone_tail_2) { transformation: [-1.15625f,1.3081413154227324e-17f,1.4099424125833727e-16f,1.2650400776361035e-16f,0f,1.1513053507060402f,-0.10681784464986249f,1.0003432931989156f,-1.415997861514127e-16f,-0.10681784464986249f,-1.1513053507060402f,-1.032983614963003f,0f,0f,0f,1f], start_interpolation: 0, interpolation_duration: 1 }
$data merge entity $(bone_tail_1) { transformation: [-1.3854166666666667f,-6.410425086318092e-17f,1.5708826959221674e-16f,7.978024724994155e-17f,0f,1.282723065144887f,0.5234509322019442f,0.8371982294550239f,-1.696646086318729e-16f,0.5234509322019442f,-1.282723065144887f,-0.651455156747951f,0f,0f,0f,1f], start_interpolation: 0, interpolation_duration: 1 }
$data merge entity $(bone_tail_0) { transformation: [-1.1979166666666667f,-5.795862994831049e-17f,1.347680050659393e-16f,3.8831529780003225e-17f,0f,1.10046427394225f,0.473268129134568f,0.7142155553667177f,-1.4670248114786003e-16f,0.473268129134568f,-1.10046427394225f,-0.31708350364398324f,0f,0f,0f,1f], start_interpolation: 0, interpolation_duration: 1 }
$data merge entity $(bone_body_1) { transformation: [-1.0208333333333333f,-3.2398200714803196e-18f,1.2497404000840393e-16f,3.159052958825544e-18f,0f,1.0204904801565293f,0.026455138524315816f,0.7257212500000001f,-1.2501602741295897e-16f,0.026455138524315816f,-1.0204904801565293f,-0.025795625000000003f,0f,0f,0f,1f], start_interpolation: 0, interpolation_duration: 1 }
data modify entity @s data merge value {"locators":{"body_1":{"posx":1.594995998778786e-17,"posy":0.5248267630291763,"posz":-0.1302413071172263,"roty":0,"rotx":1.4849999999999997},"body_0":{"posx":-4.1431407855584805e-17,"posy":0.5081405702363845,"posz":0.3383131192147071,"roty":0,"rotx":11.329999999999997},"neck_1":{"posx":-9.388425066360004e-17,"posy":0.44497618556000185,"posz":0.7666230845413216,"roty":0,"rotx":9.86},"neck_0":{"posx":-1.3218607814937048e-16,"posy":0.4263416563768534,"posz":1.0793812407087788,"roty":0,"rotx":1.8699999999999959},"pos_head":{"posx":-1.6813349893113685e-16,"posy":0.482798991658601,"posz":1.372913404344782,"roty":0,"rotx":27.489999999999995},"head_0":{"posx":-1.4963467744566868e-16,"posy":0.2602040615983838,"posz":1.2218597060526284,"roty":0,"rotx":27.489999999999995},"arm_right_0":{"posx":-0.33431455084279604,"posy":0.2237518816198513,"posz":1.1927243790753324,"roty":334.0356449775999,"rotx":-78.7527997561656},"arm_left_0":{"posx":0.41235721873041864,"posy":0.049792697244760264,"posz":1.0491147031074182,"roty":21.876322740185316,"rotx":-43.6186640481193},"pos_wing_r_0":{"posx":-0.32288480314303397,"posy":1.414434695141321,"posz":-0.31225074072856585,"roty":213.96400928822658,"rotx":-8.111581070595243},"pos_wing_r_1":{"posx":-0.6685614295323102,"posy":1.3262463574072827,"posz":0.200930988345878,"roty":213.96400928822658,"rotx":-8.111581070595243},"pos_wing_r_2":{"posx":-1.0142380559215864,"posy":1.2380580196732445,"posz":0.7141127174203219,"roty":213.96400928822658,"rotx":-8.111581070595243},"pos_wing_r_3":{"posx":-1.3599146823108628,"posy":1.1498696819392062,"posz":1.2272944464947657,"roty":213.96400928822658,"rotx":-8.111581070595243},"pos_wing_r_4":{"posx":-1.7055913087001389,"posy":1.0616813442051678,"posz":1.7404761755692097,"roty":213.96400928822658,"rotx":-8.111581070595243},"pos_wing_r_5":{"posx":-2.0512679350894154,"posy":0.9734930064711296,"posz":2.253657904643654,"roty":213.96400928822658,"rotx":-8.111581070595243},"finger_right_0":{"posx":-0.5207058029148286,"posy":1.2368229611266248,"posz":0.3488879726411346,"roty":213.96400928822658,"rotx":-8.111581070595243},"finger_right_1":{"posx":-0.8242590729708905,"posy":1.2851928713681946,"posz":0.8691867557636399,"roty":213.96400928822658,"rotx":-8.111581070595243},"finger_right_2":{"posx":-1.1738330120095506,"posy":1.2214322445764707,"posz":1.4022284961783327,"roty":213.96400928822658,"rotx":-8.111581070595243},"finger_right_3":{"posx":-1.5489852514155098,"posy":1.153006582739566,"posz":1.9742730432016204,"roty":213.96400928822658,"rotx":-8.111581070595243},"pos_wing_l_0":{"posx":0.491620641475081,"posy":1.5595497938384708,"posz":-0.3427099436616303,"roty":160.14339948011212,"rotx":-16.008635633056226},"pos_wing_l_1":{"posx":0.6956799986777591,"posy":1.3871858974200868,"posz":0.22233471470574329,"roty":160.14339948011212,"rotx":-16.008635633056226},"pos_wing_l_2":{"posx":0.8997393558804372,"posy":1.2148220010017028,"posz":0.7873793730731171,"roty":160.14339948011212,"rotx":-16.008635633056226},"pos_wing_l_3":{"posx":1.1037987130831153,"posy":1.0424581045833188,"posz":1.3524240314404907,"roty":160.14339948011212,"rotx":-16.008635633056226},"pos_wing_l_4":{"posx":1.3078580702857934,"posy":0.8700942081649347,"posz":1.9174686898078641,"roty":160.14339948011212,"rotx":-16.008635633056226},"pos_wing_l_5":{"posx":1.5119174274884717,"posy":0.6977303117465505,"posz":2.4825133481752384,"roty":160.14339948011212,"rotx":-16.008635633056226},"finger_left_0":{"posx":0.5190935853971304,"posy":1.2730560189376543,"posz":0.309171969434521,"roty":160.14339948011212,"rotx":-16.008635633056226},"finger_left_1":{"posx":0.6737973402034916,"posy":1.2338084459489553,"posz":0.8920282432796047,"roty":160.14339948011212,"rotx":-16.008635633056226},"finger_left_2":{"posx":0.8752089381611795,"posy":1.0821550852427353,"posz":1.48095564101454,"roty":160.14339948011212,"rotx":-16.008635633056226},"finger_left_3":{"posx":1.0913577451207572,"posy":0.9194055489309721,"posz":2.1129750389672135,"roty":160.14339948011212,"rotx":-16.008635633056226},"leg_right_0":{"posx":-0.32524042467901665,"posy":0.31407192413509977,"posz":-0.13739384289731815,"roty":350.38243203337424,"rotx":-1.1007170956572034},"leg_left_0":{"posx":0.19286513753995063,"posy":0.26639091149528016,"posz":-0.06702048034579192,"roty":10.271500896374846,"rotx":-11.832038706143958},"tail_0":{"posx":6.802880206082563e-17,"posy":0.6159281782347907,"posz":-0.5554973246832469,"roty":0,"rotx":23.270714285714295},"tail_1":{"posx":1.1587255081364098e-16,"posy":0.7586170018384525,"posz":-0.9461711809014318,"roty":0,"rotx":22.19928571428572},"tail_2":{"posx":1.558502977144197e-16,"posy":0.7737282617200962,"posz":-1.2726142576204726,"roty":0,"rotx":-5.300714285714281},"tail_3":{"posx":2.0582026012818762e-16,"posy":0.706069586999635,"posz":-1.6806499659451832,"roty":0,"rotx":-8.356269841269834},"tail_4":{"posx":2.588297457673942e-16,"posy":0.6424886138759665,"posz":-2.1135052649270105,"roty":0,"rotx":-8.356269841269834},"shadow":{"posx":-5.740531871003218e-18,"posy":0.42375000000000007,"posz":0.046875,"roty":0,"rotx":0}},"cameras":{}}