# This file was generated by Animated Java via MC-Build. It is not recommended to edit this file directly.
$data merge entity $(bone_head_lower) { transformation: [-1f,2.6357332940636705e-17f,1.1959468561301127e-16f,-0.0003881250000001308f,0f,0.9765647180581191f,-0.21522395648269937f,0.17718558569868223f,-1.2246467991473532e-16f,-0.21522395648269937f,-0.9765647180581191f,1.067918796913278f,0f,0f,0f,1f], start_interpolation: 0, interpolation_duration: 1 }
$data merge entity $(bone_head_upper) { transformation: [-1f,3.117434685461417e-18f,1.2242499510966075e-16f,-6.250000001287868e-7f,0f,0.9996759489748214f,-0.025455786008111776f,0.18992990527396014f,-1.2246467991473532e-16f,-0.025455786008111776f,-0.9996759489748214f,1.05162347472549f,0f,0f,0f,1f], start_interpolation: 0, interpolation_duration: 1 }
$data merge entity $(bone_neck_0) { transformation: [-1f,-7.564469474356923e-18f,1.2223083337763062e-16f,-1.057067700374806e-16f,0f,0.9980904981153138f,0.06176858078283154f,0.18458010703908212f,-1.2246467991473532e-16f,0.06176858078283154f,-0.9980904981153138f,0.8631612813676381f,0f,0f,0f,1f], start_interpolation: 0, interpolation_duration: 1 }
$data merge entity $(bone_neck_1) { transformation: [-1f,-5.303343795249765e-17f,1.1038592430902213e-16f,-8.686925227094216e-17f,0f,0.9013694755571737f,0.43305088446253737f,0.2673174212625101f,-1.2246467991473532e-16f,0.43305088446253737f,-0.9013694755571737f,0.7093412756349333f,0f,0f,0f,1f], start_interpolation: 0, interpolation_duration: 1 }
$data merge entity $(bone_neck_2) { transformation: [-1f,-8.076157171377547e-17f,9.206066674177024e-17f,-7.752060130340366e-17f,0f,0.7517323917873011f,0.65946827909896f,0.5238236667280499f,-1.2246467991473532e-16f,0.65946827909896f,-0.7517323917873011f,0.633003747344757f,0f,0f,0f,1f], start_interpolation: 0, interpolation_duration: 1 }
$data merge entity $(bone_arm_right_2) { transformation: [-0.9864347614233057f,-0.04451515619601919f,-0.15800272885171976f,-0.34635006174424715f,-0.08641994564236384f,0.9591713307143657f,0.2692989998696687f,-0.014281826509037254f,0.1395638006465752f,0.27930048192668216f,-0.9500069401560212f,0.5042008823123949f,0f,0f,0f,1f], start_interpolation: 0, interpolation_duration: 1 }
$data merge entity $(bone_arm_right_1) { transformation: [-0.9245686855903245f,-0.36449758780978336f,-0.11096960893248643f,-0.32354680549786086f,-0.21260613264926945f,0.735231431304012f,-0.6436096447246383f,0.24532404688891035f,0.31618250739992093f,-0.5714685038595768f,-0.7572663805496688f,0.2776429737867326f,0f,0f,0f,1f], start_interpolation: 0, interpolation_duration: 1 }
$data merge entity $(bone_arm_right_0) { transformation: [-0.8906383540310175f,0.4539630933640992f,0.02609276129921834f,-0.15937500000000007f,0.2894401114864519f,0.5217313708714784f,0.8025090644418157f,0.4188644133138415f,0.3506960852242724f,0.7222976439888656f,-0.5960690977533594f,0.4917868344843984f,0f,0f,0f,1f], start_interpolation: 0, interpolation_duration: 1 }
$data merge entity $(bone_arm_left_2) { transformation: [-0.9619978382863248f,0.001354948743040678f,0.27305370029783865f,0.40372746476234983f,0.0145549624374295f,0.9988205004040326f,0.046322360055196514f,-0.02906340580528699f,-0.2726688691451283f,0.04853629658865574f,-0.960882883452804f,0.205785570280485f,0f,0f,0f,1f], start_interpolation: 0, interpolation_duration: 1 }
$data merge entity $(bone_arm_left_1) { transformation: [-0.9900159157279536f,0.14094145834175736f,0.0019979804404687412f,0.3012753618781691f,0.14065353898210628f,0.9868674831055626f,0.0794301753787659f,0.29982723021339897f,0.009223262825645367f,0.07891816083380954f,-0.9968384298939613f,0.22983136133641402f,0f,0f,0f,1f], start_interpolation: 0, interpolation_duration: 1 }
$data merge entity $(bone_arm_left_0) { transformation: [-0.908577427204425f,-0.37531265592140756f,-0.18337794054849393f,0.1593749999999999f,-0.32197262074286404f,0.34955047161040387f,0.8798568629549447f,0.4188644133138415f,-0.26612157046462737f,0.8584607609565875f,-0.4384340675988546f,0.4917868344843985f,0f,0f,0f,1f], start_interpolation: 0, interpolation_duration: 1 }
$data merge entity $(bone_finger_right_1_fire) { transformation: [0.000005476617075590517f,-0.000014127135774197514f,-0.0000069432325326548875f,-1.1676945233033065f,0.000015132885970749335f,0.000006749023517764668f,-0.0000017956117427593168f,1.027932015877893f,0.00000433361343239405f,-0.000005714236095212222f,0.000015044769132310584f,1.395128484553965f,0f,0f,0f,1f], start_interpolation: 0, interpolation_duration: 1 }
$data merge entity $(bone_finger_right_1_fire_s) { transformation: [0.00000328597024535431f,-0.000008476281464518508f,-0.0000041659395195929325f,-1.1676945233033065f,0.000009079731582449601f,0.0000040494141106588005f,-0.00000107736704565559f,1.027932015877893f,0.00000260016805943643f,-0.0000034285416571273333f,0.00000902686147938635f,1.395128484553965f,0f,0f,0f,1f], start_interpolation: 0, interpolation_duration: 1 }
$data merge entity $(bone_finger_right_1) { transformation: [0.6532859351257206f,-1.685175168815234f,-0.8282332131832839f,-0.7064585274789219f,1.8051474890611934f,0.8050667189494832f,-0.21419206059148493f,1.1250154638444425f,0.5169411453419295f,-0.6816306525479232f,1.794636348624453f,0.4701933065095363f,0f,0f,0f,1f], start_interpolation: 0, interpolation_duration: 1 }
$data merge entity $(bone_finger_right_2_fire) { transformation: [0.00001195583916746973f,0.0000096296867494964f,0.000006488822750387625f,-0.31456824690755647f,-0.000010959770187061042f,0.000012435289614271906f,0.0000017391916035236027f,1.2546833302557778f,-0.000003836551189047586f,-0.000005514570073317823f,0.000015252808582620536f,0.972352689050219f,0f,0f,0f,1f], start_interpolation: 0, interpolation_duration: 1 }
$data merge entity $(bone_finger_right_2_fire_s) { transformation: [0.000007173503500481838f,0.00000577781204969784f,0.000003893293650232575f,-0.31456824690755647f,-0.000006575862112236625f,0.0000074611737685631435f,0.0000010435149621141615f,1.2546833302557778f,-0.0000023019307134285515f,-0.0000033087420439906935f,0.000009151685149572322f,0.972352689050219f,0f,0f,0f,1f], start_interpolation: 0, interpolation_duration: 1 }
$data merge entity $(bone_finger_right_2) { transformation: [0.8911924360869021f,0.7178002206978238f,0.48367911890185605f,-0.5230631444810888f,-0.8169451056630954f,0.9269308401991927f,0.12963995084371052f,1.1995862474227823f,-0.28597786842452316f,-0.4110579833646361f,1.1369496902315386f,0.48136677384136983f,0f,0f,0f,1f], start_interpolation: 0, interpolation_duration: 1 }
$data merge entity $(bone_finger_film_right) { transformation: [1.1606182286906148f,-0.14180494952832223f,-0.09206454738504458f,-0.6156632693472233f,0.4044890785551532f,0.4143450389977508f,0.18260798901566336f,1.2126131087937442f,0.03349185673325118f,-0.09007066138501107f,0.9849813630883794f,0.5383876238398676f,0f,0f,0f,1f], start_interpolation: 0, interpolation_duration: 1 }
$data merge entity $(bone_finger_right_0_fire) { transformation: [0.000015718488230603574f,-0.000005402156905033724f,-0.0000012343444800991697f,-0.6854312362247683f,0.0000055041384458944346f,0.000015650279869848597f,0.000001597178055702117f,1.3107140029753446f,6.413778064305152e-7f,-0.000001913953642747411f,0.00001654397756709704f,1.2301253566000292f,0f,0f,0f,1f], start_interpolation: 0, interpolation_duration: 1 }
$data merge entity $(bone_finger_right_0_fire_s) { transformation: [0.000009431092938362144f,-0.000003241294143020234f,-7.406066880595018e-7f,-0.6854312362247683f,0.000003302483067536661f,0.000009390167921909157f,9.583068334212703e-7f,1.3107140029753446f,3.848266838583091e-7f,-0.0000011483721856484464f,0.000009926386540258222f,1.2301253566000292f,0f,0f,0f,1f], start_interpolation: 0, interpolation_duration: 1 }
$data merge entity $(bone_fire_large_right) { transformation: [0.000025149581168965714f,-0.000008643451048053957f,-0.0000019749511681586713f,-0.6493477458150445f,0.000008806621513431095f,0.000025040447791757753f,0.0000025554848891233874f,1.2096592921427547f,0.0000010262044902888243f,-0.000003062325828395857f,0.000026470364107355258f,1.2488830730672555f,0f,0f,0f,1f], start_interpolation: 0, interpolation_duration: 1 }
$data merge entity $(bone_finger_right_0) { transformation: [1.3793598232261801f,-0.47406074199040676f,-0.10831863464801053f,-0.6110502392217726f,0.48301002757755906f,1.3733742684416967f,0.1401587231706322f,1.1761904724956038f,0.05628345199105826f,-0.1679570401168152f,1.4517997938235943f,0.541175823967538f,0f,0f,0f,1f], start_interpolation: 0, interpolation_duration: 1 }
$data merge entity $(bone_wing_right_1_model) { transformation: [-0.7602599156581439f,-0.569993269726225f,0.35789609686628154f,-0.34772115645686036f,-0.00878891157608936f,0.5482962630537752f,0.8545589774827791f,0.8813895979342523f,-0.6729819453140029f,0.6367542409987641f,-0.41547132379179735f,0.22644720766656087f,0f,0f,0f,1f], start_interpolation: 0, interpolation_duration: 1 }
$data merge entity $(bone_wing_right_0) { transformation: [-0.9537035629149936f,-0.016134630599326714f,-0.30031514743460763f,-0.17448312500000013f,-0.18879048461292272f,0.8094231890121737f,0.5560505858363793f,0.6859544280641998f,0.2341103735481721f,0.5870040670939054f,-0.7749958439968239f,0.6141835334142903f,0f,0f,0f,1f], start_interpolation: 0, interpolation_duration: 1 }
$data merge entity $(bone_finger_left_1_fire) { transformation: [0.0000023975418494827347f,0.000015389137622671093f,0.0000059332970672507235f,1.1445343123312084f,-0.0000152904116078331f,0.000004321625710228165f,-0.000005030371940673515f,0.7813782892900245f,-0.000006183274514429992f,-0.00000471972162621505f,0.000014740051622298215f,1.3602459154238629f,0f,0f,0f,1f], start_interpolation: 0, interpolation_duration: 1 }
$data merge entity $(bone_finger_left_1_fire_s) { transformation: [0.0000014385251096896407f,0.000009233482573602655f,0.000003559978240350434f,1.1445343123312084f,-0.00000917424696469986f,0.0000025929754261368987f,-0.000003018223164404109f,0.7813782892900245f,-0.000003709964708657995f,-0.00000283183297572903f,0.000008844030973378929f,1.3602459154238629f,0f,0f,0f,1f], start_interpolation: 0, interpolation_duration: 1 }
$data merge entity $(bone_finger_left_1) { transformation: [0.28599413607413726f,1.8357148261129927f,0.7077616472828966f,0.7434088429582926f,-1.8239381552166223f,0.5155111731205609f,-0.6000549594639573f,1.0848531006510882f,-0.7375805570381017f,-0.5629986017933388f,1.7582876938381136f,0.45213231020313416f,0f,0f,0f,1f], start_interpolation: 0, interpolation_duration: 1 }
$data merge entity $(bone_finger_left_2_fire) { transformation: [0.000013816448927515114f,-0.0000066917531433279525f,-0.000006488756173559369f,0.37024030945897146f,0.00000768567491651617f,0.000014743171566565546f,0.0000011606338846617882f,1.230312301337295f,0.000005273890204467516f,-0.000003954378561209265f,0.00001530773497561438f,0.9641310012183624f,0f,0f,0f,1f], start_interpolation: 0, interpolation_duration: 1 }
$data merge entity $(bone_finger_left_2_fire_s) { transformation: [0.000008289869356509068f,-0.000004015051885996771f,-0.000003893253704135621f,0.37024030945897146f,0.000004611404949909702f,0.000008845902939939327f,6.963803307970729e-7f,1.230312301337295f,0.000003164334122680509f,-0.000002372627136725559f,0.000009184640985368628f,0.9641310012183624f,0f,0f,0f,1f], start_interpolation: 0, interpolation_duration: 1 }
$data merge entity $(bone_finger_left_2) { transformation: [1.0298829388141009f,-0.49880562141726564f,-0.48367415624177607f,0.5789231550197902f,0.572892898263336f,1.098961168681844f,0.08651405598454931f,1.193891458988702f,0.3931176217025801f,-0.294760761985035f,1.1410439227895373f,0.47148714203037506f,0f,0f,0f,1f], start_interpolation: 0, interpolation_duration: 1 }
$data merge entity $(bone_finger_film_left) { transformation: [1.053553095765857f,0.22656982788597688f,0.09534941707716169f,0.6703169817417965f,-0.6291762764727769f,0.38377705365314074f,0.03716654754254275f,1.1803252816582717f,-0.07701220314215418f,-0.035839437441793597f,1.000768195225954f,0.5303002940178373f,0f,0f,0f,1f], start_interpolation: 0, interpolation_duration: 1 }
$data merge entity $(bone_finger_left_0_fire) { transformation: [0.00001426926908229044f,0.000008554272528143708f,9.95067409381855e-7f,0.7361034705106295f,-0.000008523292480468465f,0.000014303396603759437f,-7.376372182384016e-7f,1.1761131884216314f,-0.0000012325676157346353f,1.226576030527377e-7f,0.000016620574898686067f,1.2293330841869816f,0f,0f,0f,1f], start_interpolation: 0, interpolation_duration: 1 }
$data merge entity $(bone_finger_left_0_fire_s) { transformation: [0.000008561561449374263f,0.000005132563516886225f,5.97040445629113e-7f,0.7361034705106295f,-0.000005113975488281079f,0.000008582037962255662f,-4.4258233094304097e-7f,1.1761131884216314f,-7.395405694407812e-7f,7.359456183164261e-8f,0.00000997234493921164f,1.2293330841869816f,0f,0f,0f,1f], start_interpolation: 0, interpolation_duration: 1 }
$data merge entity $(bone_fire_large_left) { transformation: [0.0000228308305316647f,0.000013686836045029933f,0.000001592107855010968f,0.6794839859840293f,-0.000013637267968749544f,0.0000228854345660151f,-0.0000011802195491814425f,1.0832187126357113f,-0.0000019721081851754164f,1.9625216488438029e-7f,0.000026592919837897703f,1.2348806177896812f,0f,0f,0f,1f], start_interpolation: 0, interpolation_duration: 1 }
$data merge entity $(bone_finger_left_0) { transformation: [1.252185082315588f,0.7506714175779098f,0.08732112056621007f,0.6582491815024066f,-0.7479527952487176f,1.2551799079813906f,-0.06473059800836224f,1.145590971093843f,-0.10816270773698679f,0.010763692231849866f,1.4585215141449244f,0.5284139195076007f,0f,0f,0f,1f], start_interpolation: 0, interpolation_duration: 1 }
$data merge entity $(bone_wing_left_1_model) { transformation: [-0.703842727519428f,0.6515713066453399f,-0.3332226437629008f,0.3529748882420319f,0.03338266784678216f,0.49042671735766225f,0.8884505137772499f,0.87831319616053f,0.7310732490300025f,0.6049078857975917f,-0.36137990715373763f,0.2272925813534419f,0f,0f,0f,1f], start_interpolation: 0, interpolation_duration: 1 }
$data merge entity $(bone_wing_left_0) { transformation: [-0.9479721521954487f,0.04076930158340243f,0.3157319475604753f,0.1744831249999999f,0.21821350843258386f,0.8053425992520358f,0.5511861414871728f,0.6859544280641998f,-0.23180091328437816f,0.5914060888073241f,-0.7723387694024895f,0.6141835334142904f,0f,0f,0f,1f], start_interpolation: 0, interpolation_duration: 1 }
$data merge entity $(bone_body_0) { transformation: [-1f,-5.66489866742072e-17f,1.0857481354072902e-16f,-1.6435224808070455e-17f,0f,0.8865806338311016f,0.46257408024622626f,0.603870028487725f,-1.2246467991473532e-16f,0.46257408024622626f,-0.8865806338311016f,0.1342037950820865f,0f,0f,0f,1f], start_interpolation: 0, interpolation_duration: 1 }
$data merge entity $(bone_leg_right_3) { transformation: [-0.990076868887283f,0.1308017053805344f,-0.05136835177322947f,-0.3282778116673655f,0.11910258639651042f,0.9750632678331199f,0.18725970638730394f,0.0881722175576797f,0.07458128188772381f,0.17928340021357614f,-0.9809664085991133f,-0.12893722007058694f,0f,0f,0f,1f], start_interpolation: 0, interpolation_duration: 1 }
$data merge entity $(bone_leg_right_2) { transformation: [-0.8882221872844542f,0.4586998352246603f,0.02560873250455248f,-0.2444323886798083f,0.42729052640886317f,0.8453082889161878f,-0.320743983156073f,0.23237563287179286f,-0.16877248607772755f,-0.2739495534846814f,-0.9468196713676195f,-0.16808229586944862f,0f,0f,0f,1f], start_interpolation: 0, interpolation_duration: 1 }
$data merge entity $(bone_leg_right_1) { transformation: [-0.9242382937003852f,0.37288536186681065f,-0.08209801071437833f,-0.22784791774631227f,0.36054451191426357f,0.7815663439530258f,-0.5090792717528437f,0.3859583256246101f,-0.1256631663865986f,-0.5001105446852306f,-0.8567953149430358f,0.11338756436572123f,0f,0f,0f,1f], start_interpolation: 0, interpolation_duration: 1 }
$data merge entity $(bone_leg_right_0) { transformation: [-0.9242382937003852f,0.2619210931258849f,-0.27781453783692106f,-0.09365062499999996f,0.36054451191426357f,0.35922195335687873f,-0.8607945417781027f,0.5667199623411585f,-0.1256631663865986f,-0.8957437854666981f,-0.4264408979114036f,-0.15933185509278924f,0f,0f,0f,1f], start_interpolation: 0, interpolation_duration: 1 }
$data merge entity $(bone_leg_left_3) { transformation: [-0.9765757828382459f,-0.1847188734180539f,0.11035704860602458f,0.3363653820133214f,-0.16952203509874297f,0.9763581078060598f,0.13411608754117071f,0.06255386389640566f,-0.13252177175788166f,0.11226657171453758f,-0.9848016028041467f,-0.09031124891682815f,0f,0f,0f,1f], start_interpolation: 0, interpolation_duration: 1 }
$data merge entity $(bone_leg_left_2) { transformation: [-0.8933886629023774f,-0.44392168180783287f,0.06921154107811475f,0.25434820252566803f,-0.41017279315538413f,0.7430162286121933f,-0.5288526862690812f,0.19082961484027958f,0.18334387568886198f,-0.5008596853808638f,-0.8458868711639691f,-0.1688957950578532f,0f,0f,0f,1f], start_interpolation: 0, interpolation_duration: 1 }
$data merge entity $(bone_leg_left_1) { transformation: [-0.9281627563848024f,-0.3584635158791377f,0.1000889876246794f,0.23180241070382765f,-0.34723601351063427f,0.7372792140114385f,-0.5795226583214137f,0.3675861841857183f,0.13394419950639394f,-0.5726458489941602f,-0.8087865497449551f,0.09819365227115226f,0f,0f,0f,1f], start_interpolation: 0, interpolation_duration: 1 }
$data merge entity $(bone_leg_left_0) { transformation: [-0.9281627563848024f,-0.2805114022595075f,0.24459609739848842f,0.09365062500000002f,-0.34723601351063427f,0.41616201003120723f,-0.8403786838848473f,0.5667199623411585f,0.13394419950639394f,-0.8649407694225022f,-0.48366973939807445f,-0.15933185509278922f,0f,0f,0f,1f], start_interpolation: 0, interpolation_duration: 1 }
$data merge entity $(bone_tail_3) { transformation: [-2.4422341666666667f,-1.563695272469795e-16f,2.549546215297472e-16f,1.9353600207875413e-16f,0f,2.0818624742028193f,1.2768540885082138f,0.5513763240807518f,-2.990874254976637e-16f,1.2768540885082138f,-2.0818624742028193f,-1.5803413867043252f,0f,0f,0f,1f], start_interpolation: 0, interpolation_duration: 1 }
$data merge entity $(bone_tail_2) { transformation: [-1.15625f,-2.491183101108269e-17f,1.3939117659952895e-16f,1.365762965422268e-16f,0f,1.1382153343852164f,0.20342053748417327f,0.46231709545083716f,-1.415997861514127e-16f,0.20342053748417327f,-1.1382153343852164f,-1.1152300944020477f,0f,0f,0f,1f], start_interpolation: 0, interpolation_duration: 1 }
$data merge entity $(bone_tail_1) { transformation: [-1.3854166666666667f,-1.6653194180583302e-17f,1.6884534505218194e-16f,8.609535517410499e-17f,0f,1.3787268718600225f,0.1359836500791731f,0.41472820620212153f,-1.696646086318729e-16f,0.1359836500791731f,-1.3787268718600225f,-0.703021926273338f,0f,0f,0f,1f], start_interpolation: 0, interpolation_duration: 1 }
$data merge entity $(bone_tail_0) { transformation: [-1.1979166666666667f,1.572376759244875e-17f,1.4585739990702181e-16f,4.3029624347332275e-17f,0f,1.1910160546581547f,-0.12839430604314847f,0.4718729783697306f,-1.4670248114786003e-16f,-0.12839430604314847f,-1.1910160546581547f,-0.35136354724718327f,0f,0f,0f,1f], start_interpolation: 0, interpolation_duration: 1 }
$data merge entity $(bone_body_1) { transformation: [-1.0208333333333333f,3.5527390462056315e-17f,1.198616353846146e-16f,9.537421704384671e-18f,0f,0.9787445283657864f,-0.2901031586151359f,0.5728045833333334f,-1.2501602741295897e-16f,-0.2901031586151359f,-0.9787445283657864f,-0.0778789583333333f,0f,0f,0f,1f], start_interpolation: 0, interpolation_duration: 1 }
data modify entity @s data merge value {"locators":{"body_1":{"posx":1.4102099859178488e-17,"posy":0.34947033351827017,"posz":-0.1151523840914533,"roty":0,"rotx":-16.509999999999987},"body_0":{"posx":-2.8189483615160106e-17,"posy":0.38680420144924293,"posz":0.23018460208107938,"roty":0,"rotx":27.55333333333333},"neck_1":{"posx":-6.625842198974777e-17,"posy":0.21997081059529472,"posz":0.5410410743397971,"roty":0,"rotx":41.25933333333333},"neck_0":{"posx":-1.0133388235952451e-16,"posy":0.05488575415522845,"posz":0.8274539437009683,"roty":0,"rotx":25.661333333333335},"head_0":{"posx":-1.4243291336431256e-16,"posy":-0.06291175874911537,"posz":1.1630527417870227,"roty":0,"rotx":-1.458666666666666},"arm_right_0":{"posx":-0.29087104999496843,"posy":-0.16189918391493757,"posz":0.51759639408734,"roty":351.6632284755425,"rotx":-40.06151127604437},"arm_left_0":{"posx":0.3691410157563806,"posy":-0.15522559233200994,"posz":0.11670625212051881,"roty":0.11483876429900874,"rotx":4.555812959949516},"finger_right_0":{"posx":-0.5071993161008244,"posy":1.044364832674922,"posz":0.4255908984821344,"roty":204.77354857728895,"rotx":-6.184862876361565},"finger_right_1":{"posx":-0.7068298660321317,"posy":1.1065510639582234,"posz":0.9925790605015622,"roty":204.77354857728895,"rotx":-6.184862876361565},"finger_right_2":{"posx":-0.9642742714622169,"posy":1.0629700645909643,"posz":1.5775781442744379,"roty":204.77354857728895,"rotx":-6.184862876361565},"finger_right_3":{"posx":-1.2405557907473805,"posy":1.0162005604575113,"posz":2.205381754723434,"roty":204.77354857728895,"rotx":-6.184862876361565},"finger_left_0":{"posx":0.5334141598098578,"posy":1.0533867822729004,"posz":0.39636281777208177,"roty":158.07378879359464,"rotx":-17.567088598732933},"finger_left_1":{"posx":0.7229460362732768,"posy":1.0027038859592667,"posz":0.9679430584406883,"roty":158.07378879359464,"rotx":-17.567088598732933},"finger_left_2":{"posx":0.9467704275183162,"posy":0.8351691738256926,"posz":1.5443418921680916,"roty":158.07378879359464,"rotx":-17.567088598732933},"finger_left_3":{"posx":1.1869720184779848,"posy":0.6553762561174951,"posz":2.1629160107267493,"roty":158.07378879359464,"rotx":-17.567088598732933},"leg_right_0":{"posx":-0.2653267916440426,"posy":0.33434795901539954,"posz":0.23688497787567725,"roty":326.91686077005556,"rotx":-59.40591138032157},"leg_left_0":{"posx":0.27179473361034195,"posy":0.3080999536281795,"posz":0.2172814751432854,"roty":26.826130398758323,"rotx":-57.180129331079065},"tail_0":{"posx":6.254760177774715e-17,"posy":0.26913983384772133,"posz":-0.5107399278003686,"roty":0,"rotx":-6.152857142857128},"tail_1":{"posx":1.17945563732698e-16,"posy":0.2553774619422919,"posz":-0.9630986159831252,"roty":0,"rotx":5.632857142857155},"tail_2":{"posx":1.7224982755454665e-16,"posy":0.3076446215285286,"posz":-1.406526581169964,"roty":0,"rotx":10.132857142857148},"tail_3":{"posx":2.301694896748591e-16,"posy":0.4672577850890819,"posz":-1.879476513841477,"roty":0,"rotx":31.52174603174604},"tail_4":{"posx":2.7584186967906877e-16,"posy":0.695992470463168,"posz":-2.252419798680898,"roty":0,"rotx":31.52174603174604},"shadow":{"posx":6.3783687455590915e-19,"posy":0.27083333333333337,"posz":-0.005208333333333301,"roty":0,"rotx":0}},"cameras":{}}