# This file was generated by Animated Java via MC-Build. It is not recommended to edit this file directly.
$data merge entity $(bone_head_lower) { transformation: [-0.9999998737893412f,0.00032005158067422996f,-0.00038728321352084276f,0.00010202303483508352f,0.0004066633182124062f,0.9682848231934333f,-0.24984862576809747f,1.0598873875596015f,0.00029503601032345014f,-0.2498487517284146f,-0.9682848311388059f,1.0189142351455784f,0f,0f,0f,1f], start_interpolation: 0, interpolation_duration: 1 }
$data merge entity $(bone_head_upper) { transformation: [-0.9999998737893412f,0.00010118135634170604f,-0.0004921215651604353f,0.00048299699830736377f,0.0004066633182124062f,0.7382115645255067f,-0.6745691370243296f,1.0588284852305945f,0.00029503601032345014f,-0.6745692520143033f,-0.7382115125020852f,0.9982541541295851f,0f,0f,0f,1f], start_interpolation: 0, interpolation_duration: 1 }
$data merge entity $(bone_neck_0) { transformation: [-0.9999998737893412f,0.0001600729964686841f,-0.0004762330706373093f,0.00039148068209224606f,0.0004066633182124062f,0.814518075098859f,-0.5801380352659139f,0.9360638523467576f,0.00029503601032345014f,-0.5801381557128311f,-0.8145180373938122f,0.8551616833127824f,0f,0f,0f,1f], start_interpolation: 0, interpolation_duration: 1 }
$data merge entity $(bone_neck_1) { transformation: [-0.9999998737893412f,0.00032104396876491065f,-0.0003864609577781162f,0.0003266088140046287f,0.0004066633182124062f,0.9689225377129672f,-0.24736400412511295f,0.9006217127273994f,0.00029503601032345014f,-0.24736413006463454f,-0.9689225459814212f,0.6841356389237531f,0f,0f,0f,1f], start_interpolation: 0, interpolation_duration: 1 }
$data merge entity $(bone_neck_2) { transformation: [-0.9999998737893412f,0.000429233267036456f,-0.00026111320195714783f,0.0003286133739542302f,0.0004066633182124062f,0.9967114431968296f,0.08103168284960087f,1.0609921986447972f,0.00029503601032345014f,0.08103156643737765f,-0.9967114919546466f,0.46988303233311973f,0f,0f,0f,1f], start_interpolation: 0, interpolation_duration: 1 }
$data merge entity $(bone_arm_right_2) { transformation: [-0.9704636971679069f,0.13591707511724055f,-0.19931573237145836f,-0.34686336874681833f,0.14733783298975858f,0.9881264291030909f,-0.043562863517624506f,0.5544733775278851f,0.19102820589922992f,-0.0716429256769121f,-0.9789665549707881f,0.6186058917991473f,0f,0f,0f,1f], start_interpolation: 0, interpolation_duration: 1 }
$data merge entity $(bone_arm_right_1) { transformation: [-0.9015883296107143f,-0.40623911721974243f,-0.14868847820287132f,-0.34055726287021626f,-0.00026842696726175896f,0.34423813452780244f,-0.9388823327146917f,0.66009525694892f,0.4325949743775636f,-0.8464454420559792f,-0.3104701302314483f,0.289899433800657f,0f,0f,0f,1f], start_interpolation: 0, interpolation_duration: 1 }
$data merge entity $(bone_arm_right_0) { transformation: [-0.8570670945314212f,0.5135003754280258f,-0.04187314063626297f,-0.15913109587204732f,0.4143602433659737f,0.7353264848517946f,0.5362840193341527f,0.895087359174292f,0.3061724745779063f,0.4422808215498153f,-0.8429982744348067f,0.4115114866321133f,0f,0f,0f,1f], start_interpolation: 0, interpolation_duration: 1 }
$data merge entity $(bone_arm_left_2) { transformation: [-0.951484523654593f,-0.05265834584599999f,0.30315721970382836f,0.3243849290821326f,-0.12455243187845103f,0.9668333912371226f,-0.22297956252107043f,0.4194658161001059f,-0.28136078788444574f,-0.24992057178569216f,-0.9264857337484242f,0.4134556925262983f,0f,0f,0f,1f], start_interpolation: 0, interpolation_duration: 1 }
$data merge entity $(bone_arm_left_1) { transformation: [-0.955530825646494f,0.2923454834696949f,-0.038664706570718584f,0.2741967739327441f,0.25036898312256606f,0.7349868332973276f,-0.6301664281519112f,0.6846071004204948f,-0.15580825886165872f,-0.6118238906535411f,-0.77549681707668f,0.197991235259427f,0f,0f,0f,1f], start_interpolation: 0, interpolation_duration: 1 }
$data merge entity $(bone_arm_left_0) { transformation: [-0.946253296569547f,-0.2893327918856224f,-0.14453800286061821f,0.15961886389830515f,-0.3039426627540853f,0.6427427653136168f,0.7032073630124763f,0.8949577352416118f,-0.1105601939633849f,0.7093435508811478f,-0.6961380397120266f,0.4114174439038227f,0f,0f,0f,1f], start_interpolation: 0, interpolation_duration: 1 }
$data merge entity $(bone_finger_right_1_fire) { transformation: [0.19872719338707248f,-0.000011075801020519652f,-0.000008997014812754436f,-1.3898289044430565f,0.3053628762874703f,0.000002265266160941471f,0.00000987674882379391f,2.0655727135869206f,-0.12324776053454457f,-0.000012246345526389795f,0.000009964001952455682f,0.5285102906619696f,0f,0f,0f,1f], start_interpolation: 0, interpolation_duration: 1 }
$data merge entity $(bone_finger_right_1_fire_s) { transformation: [0.31001442168383303f,-0.39872883673870746f,-0.3238925332591597f,-1.3898289044430565f,0.4763660870084535f,0.08154958179389296f,0.3555629576565808f,2.0655727135869206f,-0.1922665064338895f,-0.44086843895003264f,0.35870407028840456f,0.5285102906619696f,0f,0f,0f,1f], start_interpolation: 0, interpolation_duration: 1 }
$data merge entity $(bone_finger_right_1) { transformation: [1.027236230854066f,-1.3211924308541152f,-1.0732215077601506f,-0.8072101160293912f,1.5784443222590328f,0.27021544538052866f,1.1781618108946097f,1.445406292170964f,-0.6370772053632087f,-1.4608224709991435f,1.1885699225014095f,-0.06614749364156042f,0f,0f,0f,1f], start_interpolation: 0, interpolation_duration: 1 }
$data merge entity $(bone_finger_right_2_fire) { transformation: [0.25917068797658005f,0.000010379086267702725f,0.000006627447012844673f,-0.3333003753232717f,-0.25824523707777897f,0.000004857907490299965f,0.000011355544076898356f,1.8896178451846026f,0.11861258830001262f,-0.0000121017800691076f,0.000010242379732627207f,0.25690961779078964f,0f,0f,0f,1f], start_interpolation: 0, interpolation_duration: 1 }
$data merge entity $(bone_finger_right_2_fire_s) { transformation: [0.4043062732434648f,0.37364710563729814f,0.23858809246240825f,-0.3333003753232717f,-0.40286256984133506f,0.17488466965079877f,0.40879958676834083f,1.8896178451846026f,0.18503563774801965f,-0.4356640824878737f,0.3687256703745795f,0.25690961779078964f,0f,0f,0f,1f], start_interpolation: 0, interpolation_duration: 1 }
$data merge entity $(bone_finger_right_2) { transformation: [0.8371425309656526f,0.7736607230747548f,0.4940122199438964f,-0.5462024050055452f,-0.8341532488297931f,0.3621101245945809f,0.8464462299324302f,1.5247139513322183f,0.3831283666725165f,-0.9020709219743046f,0.7634705701029383f,-0.07337942803560626f,0f,0f,0f,1f], start_interpolation: 0, interpolation_duration: 1 }
$data merge entity $(bone_finger_film_right) { transformation: [1.5442353036483227f,-0.04686492783465581f,-0.11316610366331666f,-0.6893655997100627f,0.25801992532593687f,0.18473950753439844f,0.8253118827640573f,1.5620309504080956f,-0.07733122947763739f,-0.3194569941962997f,0.4938731501639392f,-0.06323132654219932f,0f,0f,0f,1f], start_interpolation: 0, interpolation_duration: 1 }
$data merge entity $(bone_finger_right_0_fire) { transformation: [0.3764915855427679f,-0.000002649371816444262f,-0.0000021427270906722245f,-0.7917647735819593f,0.07580573678462327f,0.000009444185561100375f,0.000013333959224308356f,2.141691685275615f,-0.02089426641146892f,-0.000013474641584974049f,0.000009766884344413994f,0.31952223282573805f,0f,0f,0f,1f], start_interpolation: 0, interpolation_duration: 1 }
$data merge entity $(bone_finger_right_0_fire_s) { transformation: [0.5873268734467179f,-0.09537738539199343f,-0.07713817526420008f,-0.7917647735819593f,0.11825694938401228f,0.3399906801996135f,0.48002253207510076f,2.141691685275615f,-0.03259505560189151f,-0.4850870970590658f,0.3516078363989038f,0.31952223282573805f,0f,0f,0f,1f], start_interpolation: 0, interpolation_duration: 1 }
$data merge entity $(bone_fire_large_right) { transformation: [0.0000261034165976319f,-0.000004238994906310818f,-0.000003428363345075559f,-0.773933884094906f,0.000005255864417067212f,0.000015110696897760598f,0.000021334334758893365f,2.0853555815311617f,-0.0000014486691378618445f,-0.000021559426535958478f,0.00001562701495106239f,0.4110330386557961f,0f,0f,0f,1f], start_interpolation: 0, interpolation_duration: 1 }
$data merge entity $(bone_finger_right_0) { transformation: [1.4316741047019843f,-0.23249290814595433f,-0.1880328195466731f,-0.6909141533742302f,0.28826437166169105f,0.8287648236241631f,1.1701079244209747f,1.5392782756915586f,-0.07945404706699992f,-1.1824533607817729f,0.857082924587597f,-0.03432492039080233f,0f,0f,0f,1f], start_interpolation: 0, interpolation_duration: 1 }
$data merge entity $(bone_wing_right_1_model) { transformation: [-0.710471399883711f,-0.544756222301997f,0.47900744383816996f,-0.44259819178840093f,-0.4653741629153232f,0.8566109662285708f,0.2839394725459215f,1.0999327755746395f,-0.5564479863203592f,-0.020866093119009176f,-0.8490626170782732f,-0.00945368923119717f,0f,0f,0f,1f], start_interpolation: 0, interpolation_duration: 1 }
$data merge entity $(bone_wing_right_0) { transformation: [-0.8550791543031282f,-0.03390358600595589f,-0.5173878494245722f,-0.17413544301992634f,-0.016161344926689497f,0.9991178104959281f,-0.038760955612352245f,1.184975149753453f,0.518245550686552f,-0.024782001649562665f,-0.8548727399957456f,0.3636970351650598f,0f,0f,0f,1f], start_interpolation: 0, interpolation_duration: 1 }
$data merge entity $(bone_finger_left_1_fire) { transformation: [0.17999948536634403f,0.00001273942188055611f,0.000007392242949121735f,1.2452619701617746f,-0.2892370638108397f,0.0000013474522326216813f,0.000010902791772155567f,2.136595742418298f,0.17852478894757376f,-0.000010661579639424393f,0.000010210859588298846f,0.6259623548360236f,0f,0f,0f,1f], start_interpolation: 0, interpolation_duration: 1 }
$data merge entity $(bone_finger_left_1_fire_s) { transformation: [0.28079919717149665f,0.45861918770001997f,0.26612074616838244f,1.2452619701617746f,-0.45120981954490985f,0.04850828037438053f,0.39250050379760043f,2.136595742418298f,0.278498670758215f,-0.38381686701927814f,0.36759094517875845f,0.6259623548360236f,0f,0f,0f,1f], start_interpolation: 0, interpolation_duration: 1 }
$data merge entity $(bone_finger_left_1) { transformation: [0.9304312598188337f,1.519639774212768f,0.8817940493261148f,0.7590588210776973f,-1.495088750504498f,0.1607327260014029f,1.3005547804500577f,1.4544904257103313f,0.9228084399870203f,-1.2717814535002339f,1.2180166811936513f,0.012767640216992625f,0f,0f,0f,1f], start_interpolation: 0, interpolation_duration: 1 }
$data merge entity $(bone_finger_left_2_fire) { transformation: [0.2725005269946803f,-0.000008517408012499405f,-0.00000811136629022853f,0.2407898434716595f,0.2511216295979506f,0.0000035494538869307946f,0.000012114561315226051f,1.9174259419026745f,-0.10300671831745496f,-0.000013879226045818999f,0.000008075946930431766f,0.2210180138369805f,0f,0f,0f,1f], start_interpolation: 0, interpolation_duration: 1 }
$data merge entity $(bone_finger_left_2_fire_s) { transformation: [0.42510082211170125f,-0.30662668844997865f,-0.29200918644822704f,0.2407898434716595f,0.39174974217280284f,0.1277803399295086f,0.4361242073481379f,1.9174259419026745f,-0.16069048057522972f,-0.499652137649484f,0.2907340894955436f,0.2210180138369805f,0f,0f,0f,1f], start_interpolation: 0, interpolation_duration: 1 }
$data merge entity $(bone_finger_left_2) { transformation: [0.8801990018192762f,-0.63489057434451f,-0.604624082251836f,0.5015468670774026f,0.8111434137214021f,0.2645775350406818f,0.90302364053341f,1.528025377585708f,-0.33272012954849506f,-1.0345623671844641f,0.6019839107758094f,-0.039646435089751283f,0f,0f,0f,1f], start_interpolation: 0, interpolation_duration: 1 }
$data merge entity $(bone_finger_film_left) { transformation: [1.5174708347906736f,0.09226944668721371f,0.03559613413351562f,0.6414963036600514f,-0.22163890641470774f,0.15582874147763673f,0.8686380629892476f,1.5687226651974298f,0.3246159803129522f,-0.3249331174002819f,0.4266823057777045f,-0.012276219832996975f,0f,0f,0f,1f], start_interpolation: 0, interpolation_duration: 1 }
$data merge entity $(bone_finger_left_0_fire) { transformation: [0.36972968090562963f,0.000004549274856504329f,6.24167017375786e-7f,0.6839095691529614f,-0.06669545252138484f,0.000008229956410971545f,0.00001420185577866001f,2.182487512542478f,0.08234484654930908f,-0.000013760439438159804f,0.000008700315267525602f,0.3260819818399673f,0f,0f,0f,1f], start_interpolation: 0, interpolation_duration: 1 }
$data merge entity $(bone_finger_left_0_fire_s) { transformation: [0.5767783022127821f,0.16377389483415586f,0.0224700126255283f,0.6839095691529614f,-0.10404490593336034f,0.2962784307949756f,0.5112668080317603f,2.182487512542478f,0.12845796061692213f,-0.495375819773753f,0.3132113496309217f,0.3260819818399673f,0f,0f,0f,1f], start_interpolation: 0, interpolation_duration: 1 }
$data merge entity $(bone_fire_large_left) { transformation: [0.00002563459120945698f,0.000007278839770406927f,9.986672278012577e-7f,0.6531363333644474f,-0.000004624218041482681f,0.000013167930257554471f,0.000022722969245856013f,2.1343671338465984f,0.000005709242694085429f,-0.000022016703101055683f,0.000013920504428040962f,0.4188362911842859f,0f,0f,0f,1f], start_interpolation: 0, interpolation_duration: 1 }
$data merge entity $(bone_finger_left_0) { transformation: [1.4059607975811923f,0.3992169520258095f,0.05477313683861929f,0.6389030233533788f,-0.2536209465042626f,0.7222113891394866f,1.2462692969541358f,1.5487178522275642f,0.31313046290356583f,-1.2075332584452894f,0.76348724847856f,0.01852548299474607f,0f,0f,0f,1f], start_interpolation: 0, interpolation_duration: 1 }
$data merge entity $(bone_wing_left_1_model) { transformation: [-0.7892205198615835f,0.46584620425864065f,-0.437144561957562f,0.42977718496470557f,0.349857810829123f,0.8965258537566188f,0.32375606371102816f,1.0900959014020204f,0.5345161983262112f,0.10102371288773097f,-0.8573585750449526f,-0.016633489258183334f,0f,0f,0f,1f], start_interpolation: 0, interpolation_duration: 1 }
$data merge entity $(bone_wing_left_0) { transformation: [-0.8681689125251152f,0.06675098310411756f,0.49175913370225527f,0.17483076293681338f,0.04395931510784251f,0.9973614081301555f,-0.05777369806306884f,1.184833237980284f,-0.4943180331934171f,-0.028539933904391718f,-0.8688124965909069f,0.3635940775549223f,0f,0f,0f,1f], start_interpolation: 0, interpolation_duration: 1 }
$data merge entity $(bone_body_0) { transformation: [-0.9999998737893412f,0.00037104112699210483f,-0.0003387473746725316f,0.00010698827058657519f,0.0004066633182124062f,0.9937016766297295f,-0.11205718400981557f,0.8485302456904521f,0.00029503601032345014f,-0.11205730762313598f,-0.9937017021028023f,0.011550530935561909f,0f,0f,0f,1f], start_interpolation: 0, interpolation_duration: 1 }
$data merge entity $(bone_leg_right_3) { transformation: [-0.9817695869561636f,-0.14826137854022128f,0.11894133747893149f,-0.24027776586644378f,-0.10390075306729615f,0.9426024766055797f,0.3173408335040986f,0.07327308606463792f,-0.15916378872084153f,0.2991974844987513f,-0.9408229130020416f,-0.16370744155169184f,0f,0f,0f,1f], start_interpolation: 0, interpolation_duration: 1 }
$data merge entity $(bone_leg_right_2) { transformation: [-0.8947231168365086f,0.31671702487514f,0.31489819045622236f,-0.18271927146549558f,0.21847531845809143f,0.9253232532644573f,-0.30991194264293276f,0.23239427865385687f,-0.38953700648718714f,-0.20848789682454216f,-0.897102958112769f,-0.19062365775672926f,0f,0f,0f,1f], start_interpolation: 0, interpolation_duration: 1 }
$data merge entity $(bone_leg_right_1) { transformation: [-0.9275183971654234f,0.3357873145200913f,0.16418435469638754f,-0.24459553784261015f,0.15422452027988057f,0.7439288220772312f,-0.6502189669851409f,0.4308247572174608f,-0.34047675436676234f,-0.5777688007241033f,-0.7417943061561656f,0.05408973224554209f,0f,0f,0f,1f], start_interpolation: 0, interpolation_duration: 1 }
$data merge entity $(bone_leg_right_0) { transformation: [-0.9275183971654234f,0.3736980069456122f,0.007708600687612532f,-0.09369094895498103f,0.15422452027988057f,0.4014085294449684f,-0.9028211283711012f,0.6344053974203119f,-0.34047675436676234f,-0.8361943506707668f,-0.42994719169006135f,-0.19257257218285f,0f,0f,0f,1f], start_interpolation: 0, interpolation_duration: 1 }
$data merge entity $(bone_leg_left_3) { transformation: [-0.9925446583318052f,0.08768750916972612f,-0.08465224127339702f,0.2528382473419382f,0.05399908125266445f,0.9390316518146467f,0.33956392051294854f,0.09153868857492845f,0.1092666483464575f,0.33246121221259056f,-0.9367658949456189f,-0.12850618564928806f,0f,0f,0f,1f], start_interpolation: 0, interpolation_duration: 1 }
$data merge entity $(bone_leg_left_2) { transformation: [-0.8935347407026947f,-0.3703792743008696f,-0.253800828063522f,0.18567640267127342f,-0.2205577439221475f,0.8544398275848542f,-0.4704113759601662f,0.23965034648672132f,0.39108815982248896f,-0.3643511687989016f,-0.8451616869224099f,-0.1824435596544169f,0f,0f,0f,1f], start_interpolation: 0, interpolation_duration: 1 }
$data merge entity $(bone_leg_left_1) { transformation: [-0.9266940127856448f,-0.3399996449290209f,-0.16012010528156378f,0.2463066484056577f,-0.15690571998682662f,0.7371757218227496f,-0.657230971721908f,0.44044041182084526f,0.3414949512110756f,-0.5839282461084133f,-0.7364842168669314f,0.0606516755425377f,0f,0f,0f,1f], start_interpolation: 0, interpolation_duration: 1 }
$data merge entity $(bone_leg_left_0) { transformation: [-0.9266940127856448f,-0.3757571022550593f,0.006693786082646342f,0.09361027740560479f,-0.15690571998682662f,0.3706542245317369f,-0.915421236847929f,0.6343292288724816f,0.3414949512110756f,-0.8493656726885409f,-0.4024414893567604f,-0.19262783279637863f,0f,0f,0f,1f], start_interpolation: 0, interpolation_duration: 1 }
$data merge entity $(bone_tail_3) { transformation: [-2.4422338584306837f,0.0012256581158412113f,-0.000057714706749003034f,-0.0006561722885098124f,0.0009931670500683775f,2.042054480673544f,1.3395970425521033f,-0.060390562630766656f,0.0007205470248089494f,1.3395968500102235f,-2.042054721374699f,-1.322306005565678f,0f,0f,0f,1f], start_interpolation: 0, interpolation_duration: 1 }
$data merge entity $(bone_tail_2) { transformation: [-1.1562498540689257f,0.00045024231740333935f,-0.00036707961483344156f,-0.0005081153511047734f,0.0004702044616830947f,1.1544141270076884f,-0.06512959982097978f,-0.03955092655017248f,0.0003411353869364892f,-0.06512974087874435f,-1.1544141644053556f,-0.8492037459236194f,0f,0f,0f,1f], start_interpolation: 0, interpolation_duration: 1 }
$data merge entity $(bone_tail_1) { transformation: [-1.3854164918123164f,0.0003198154203566964f,-0.0006182316140087557f,-0.00032456709363896767f,0.0005633981387734378f,1.237842330693644f,-0.6221940109027432f,0.14061217023943062f,0.0004087478059689466f,-0.6221941837873467f,-1.2378423045219478f,-0.47541035229932005f,0f,0f,0f,1f], start_interpolation: 0, interpolation_duration: 1 }
$data merge entity $(bone_tail_0) { transformation: [-1.197916515476815f,7.365422758751098e-7f,-0.0006018514111637826f,-0.00014581739820846757f,0.0004871487666086116f,0.7046448243481361f,-0.9687516577963834f,0.43956164621394733f,0.0003534285540332997f,-0.9687517802804905f,-0.7046447357139735f,-0.2816106634747533f,0f,0f,0f,1f], start_interpolation: 0, interpolation_duration: 1 }
$data merge entity $(bone_body_1) { transformation: [-1.0208332044932857f,-0.00001458090836262422f,-0.000512675151509599f,1.632249258466141e-17f,0.00041513547067516466f,0.5757363203780723f,-0.8429876698413226f,0.6905197529441605f,0.00030118259387185533f,-0.8429877719334717f,-0.5757362417844916f,-0.13328326662043102f,0f,0f,0f,1f], start_interpolation: 0, interpolation_duration: 1 }
data modify entity @s data merge value {"locators":{"body_1":{"posx":-0.00004691452508676455,"posy":0.4938080756703006,"posz":-0.02115829513176004,"roty":359.94897991033577,"rotx":-55.66804129589786},"body_0":{"posx":0.00011489523574191682,"posy":0.7222016035043252,"posz":0.2124757973431681,"roty":359.9804681886959,"rotx":-6.433916839087231},"neck_1":{"posx":0.0002388092404583803,"posy":0.7622448887217035,"posz":0.5772782284788626,"roty":359.984989955242,"rotx":4.64786935086943},"neck_0":{"posx":0.0003582523472055202,"posy":0.8137432946797097,"posz":0.9111377424908211,"roty":359.97714721290686,"rotx":-14.32158217945269},"pos_head":{"posx":0.0005518251571357897,"posy":1.159266233899267,"posz":1.0909845363097093,"roty":359.9618043283848,"rotx":-42.42070015350835},"head_0":{"posx":0.0005094119645769765,"posy":0.9409450459705979,"posz":1.248151898566591,"roty":359.9618043283848,"rotx":-42.42070015350835},"arm_right_0":{"posx":-0.2890193555910838,"posy":0.4336229798197509,"posz":0.7028525309233022,"roty":334.4095891956308,"rotx":-69.86469800215463},"arm_left_0":{"posx":0.266485530804374,"posy":0.2735318153560827,"posz":0.4334349766427904,"roty":357.14571155499345,"rotx":-39.062402370785954},"pos_wing_r_0":{"posx":-0.40110354707291285,"posy":0.9826542625489789,"posz":-0.5653724094601711,"roty":222.08051923616196,"rotx":36.34208062390235},"pos_wing_r_1":{"posx":-0.738491602551204,"posy":1.3530323434412506,"posz":-0.19172233624308316,"roty":222.08051923616196,"rotx":36.34208062390235},"pos_wing_r_2":{"posx":-1.0758796580294954,"posy":1.723410424333522,"posz":0.1819277369740049,"roty":222.08051923616196,"rotx":36.34208062390235},"pos_wing_r_3":{"posx":-1.4132677135077865,"posy":2.0937885052257936,"posz":0.5555778101910929,"roty":222.08051923616196,"rotx":36.34208062390235},"pos_wing_r_4":{"posx":-1.750655768986078,"posy":2.4641665861180653,"posz":0.9292278834081809,"roty":222.08051923616196,"rotx":36.34208062390235},"pos_wing_r_5":{"posx":-2.088043824464369,"posy":2.834544667010337,"posz":1.302877956625269,"roty":222.08051923616196,"rotx":36.34208062390235},"finger_right_0":{"posx":-0.631572087471006,"posy":1.3368246580201337,"posz":0.008414186048246522,"roty":222.08051923616196,"rotx":36.34208062390235},"finger_right_1":{"posx":-0.8776824442754516,"posy":1.795236736656186,"posz":0.31579524943932114,"roty":222.08051923616196,"rotx":36.34208062390235},"finger_right_2":{"posx":-1.2087379719600628,"posy":2.1966989090149656,"posz":0.689467853683513,"roty":222.08051923616196,"rotx":36.34208062390235},"finger_right_3":{"posx":-1.5640166793783121,"posy":2.627536384632061,"posz":1.0904820022709525,"roty":222.08051923616196,"rotx":36.34208062390235},"pos_wing_l_0":{"posx":0.43271816097493854,"posy":0.9410104596217134,"posz":-0.49529495517091404,"roty":144.0970056162047,"rotx":40.85655598041198},"pos_wing_l_1":{"posx":0.7099272715670035,"posy":1.3498651510775472,"posz":-0.1123877206097074,"roty":144.0970056162047,"rotx":40.85655598041198},"pos_wing_l_2":{"posx":0.9871363821590686,"posy":1.758719842533381,"posz":0.2705195139514993,"roty":144.0970056162047,"rotx":40.85655598041198},"pos_wing_l_3":{"posx":1.2643454927511335,"posy":2.1675745339892147,"posz":0.6534267485127059,"roty":144.0970056162047,"rotx":40.85655598041198},"pos_wing_l_4":{"posx":1.5415546033431986,"posy":2.5764292254450485,"posz":1.0363339830739127,"roty":144.0970056162047,"rotx":40.85655598041198},"pos_wing_l_5":{"posx":1.8187637139352635,"posy":2.9852839169008822,"posz":1.4192412176351195,"roty":144.0970056162047,"rotx":40.85655598041198},"finger_left_0":{"posx":0.5749189900477165,"posy":1.3499234110042375,"posz":0.07070203839814189,"roty":144.0970056162047,"rotx":40.85655598041198},"finger_left_1":{"posx":0.7711199896789327,"posy":1.8387531894810212,"posz":0.36692100321186827,"roty":144.0970056162047,"rotx":40.85655598041198},"finger_left_2":{"posx":1.0419114115430368,"posy":2.2784447722239283,"posz":0.7460570886984081,"roty":144.0970056162047,"rotx":40.85655598041198},"finger_left_3":{"posx":1.3325165003818908,"posy":2.75030889275652,"posz":1.1529344311533158,"roty":144.0970056162047,"rotx":40.85655598041198},"leg_right_0":{"posx":-0.2969899827719509,"posy":0.37315428507503856,"posz":0.1691933631928086,"roty":1.0271563048483472,"rotx":-64.5314060119414},"leg_left_0":{"posx":0.29901814723154896,"posy":0.38701809993999053,"posz":0.17764510082216994,"roty":0.9529095270742687,"rotx":-66.26561925525671},"tail_0":{"posx":-0.00023645974737284081,"posy":0.18532691768524664,"posz":-0.23841051116115608,"roty":359.9510625204157,"rotx":-53.96882296935849},"tail_1":{"posx":-0.0004755847522258514,"posy":-0.1330980809045736,"posz":-0.6100031449700847,"roty":359.97138402915334,"rotx":-26.686112257614887},"tail_2":{"posx":-0.0006697588294994099,"posy":-0.2573554430564501,"posz":-1.0968696173177837,"roty":359.9817811383342,"rotx":-3.2290831216764353},"tail_3":{"posx":-0.0007756334471610858,"posy":-0.13536992431301761,"posz":-1.6238616951823834,"roty":359.998380646181,"rotx":33.265054128117946},"tail_4":{"posx":-0.0007859724165143612,"posy":0.10460448686986253,"posz":-1.9896738489861296,"roty":359.998380646181,"rotx":33.265054128117946},"shadow":{"posx":-6.5052448553821896e-18,"posy":0.4420811929916616,"posz":0.053119355392194666,"roty":0,"rotx":-23.349609375000018}},"cameras":{}}