# This file was generated by Animated Java via MC-Build. It is not recommended to edit this file directly.
$data merge entity $(bone_head_lower) { transformation: [-0.9999981737733888f,-0.0016221157857107635f,-0.0010105395910356713f,0.0010926616082222716f,-0.0016500245222309789f,0.9995993047998866f,0.028257870809020064f,0.32888349519100046f,0.000964297134362132f,0.02825948661885032f,-0.9996001558358597f,1.0834293831125574f,0f,0f,0f,1f], start_interpolation: 0, interpolation_duration: 1 }
$data merge entity $(bone_head_upper) { transformation: [-0.9999981737733888f,-0.0015378293215873474f,-0.0011346941724397761f,0.0014418146541871194f,-0.0016500245222309789f,0.9943007867517213f,0.10659841876868503f,0.3436660718048754f,0.000964297134362132f,0.10660009636902572f,-0.9943015083892565f,1.068956688695275f,0f,0f,0f,1f], start_interpolation: 0, interpolation_duration: 1 }
$data merge entity $(bone_neck_0) { transformation: [-0.9999981737733888f,-0.0015378293215873474f,-0.0011346941724397761f,0.0012554893037590167f,-0.0016500245222309789f,0.9943007867517213f,0.10659841876868503f,0.34679840900333603f,0.000964297134362132f,0.10660009636902572f,-0.9943015083892565f,0.8804446932856043f,0f,0f,0f,1f], start_interpolation: 0, interpolation_duration: 1 }
$data merge entity $(bone_neck_1) { transformation: [-0.9999981737733888f,-0.0013937551474575184f,-0.001307630099163468f,0.0010162351961139117f,-0.0016500245222309789f,0.9748716720986288f,0.22276108358216282f,0.3934301980579856f,0.000964297134362132f,0.22276283439167363f,-0.9748721914922099f,0.7121251271753323f,0f,0f,0f,1f], start_interpolation: 0, interpolation_duration: 1 }
$data merge entity $(bone_neck_2) { transformation: [-0.9999981737733888f,-0.001016425873639004f,-0.0016184339129849503f,0.0005047678555857246f,-0.0016500245222309789f,0.886466847750884f,0.46278915853516583f,0.624577358841548f,0.000964297134362132f,0.46279098383293316f,-0.8864669059891532f,0.5772414711930792f,0f,0f,0f,1f], start_interpolation: 0, interpolation_duration: 1 }
$data merge entity $(bone_arm_right_2) { transformation: [-0.9968723335695017f,0.047939012055789695f,-0.06282835097956191f,-0.37408260003581106f,0.00804381013275801f,0.8524258295958602f,0.5227862872688588f,0.14544350844808746f,0.0786183673338763f,0.5206458068216092f,-0.8501453382550722f,0.18785625597508404f,0f,0f,0f,1f], start_interpolation: 0, interpolation_duration: 1 }
$data merge entity $(bone_arm_right_1) { transformation: [-0.9558445934370737f,-0.26759768022130764f,-0.12146025990952725f,-0.3164381373227282f,-0.2675285201440921f,0.9633967196112246f,-0.017182885434167017f,0.4855883994779726f,0.12161251624165688f,0.01606991544801535f,-0.9924475571589998f,0.17294810590676818f,0f,0f,0f,1f], start_interpolation: 0, interpolation_duration: 1 }
$data merge entity $(bone_arm_right_0) { transformation: [-0.8759584572755753f,0.42441990274867014f,0.2292695515723873f,-0.15878735619577145f,0.2608961076932437f,0.017057333750139292f,0.9652161770069191f,0.5009461761639606f,0.40574622871680455f,0.9053048069662206f,-0.1256710164116796f,0.4519402267258907f,0f,0f,0f,1f], start_interpolation: 0, interpolation_duration: 1 }
$data merge entity $(bone_arm_left_2) { transformation: [-0.9564736327304147f,-0.14098323923072126f,0.255503260541812f,0.3530794825356446f,0.11654214454087769f,0.6181587555146568f,0.7773658607929624f,0.08064060708641141f,-0.2675371346884333f,0.7733068467539799f,-0.5748220614469481f,0.02933006974728586f,0f,0f,0f,1f], start_interpolation: 0, interpolation_duration: 1 }
$data merge entity $(bone_arm_left_1) { transformation: [-0.9743111191381342f,0.22182712240834718f,0.038866063446518884f,0.2782608588550298f,0.2150452251293504f,0.8651380195960912f,0.45309133538219426f,0.3832798012037761f,0.0668834379563701f,0.44980988741176553f,-0.8906164555597154f,0.17784059344241815f,0f,0f,0f,1f], start_interpolation: 0, interpolation_duration: 1 }
$data merge entity $(bone_arm_left_0) { transformation: [-0.9447749421106783f,-0.30191580979580146f,-0.12746431875277958f,0.15996206169449623f,-0.23146729873255514f,0.3394106378803294f,0.9117144884837147f,0.5014721214804218f,-0.23199827235826304f,0.8908688246251593f,-0.3905503026932226f,0.45163285701431277f,0f,0f,0f,1f], start_interpolation: 0, interpolation_duration: 1 }
$data merge entity $(bone_finger_right_1_fire) { transformation: [0.000003013065570547665f,-0.00001540215282299861f,-0.000005610071484602877f,-1.0993159369210364f,0.00001600143261735257f,0.000004001455957828554f,-0.000002391711142186988f,0.9238034307851526f,0.000003557157269180446f,-0.000004953767900531107f,0.000015510789584278493f,1.316103261195741f,0f,0f,0f,1f], start_interpolation: 0, interpolation_duration: 1 }
$data merge entity $(bone_finger_right_1_fire_s) { transformation: [0.0000018078393423285989f,-0.000009241291693799166f,-0.000003366042890761726f,-1.0993159369210364f,0.000009600859570411542f,0.000002400873574697132f,-0.0000014350266853121926f,0.9238034307851526f,0.0000021342943615082674f,-0.000002972260740318664f,0.000009306473750567095f,1.316103261195741f,0f,0f,0f,1f], start_interpolation: 0, interpolation_duration: 1 }
$data merge entity $(bone_finger_right_1) { transformation: [0.35941774487457695f,-1.837267362505341f,-0.6692052311409326f,-0.7183140827843049f,1.9087532917665655f,0.4773192759679199f,-0.28529861199137385f,1.063645858731499f,0.4243204848743663f,-0.5909171392899139f,1.8502262506660776f,0.3606187737299794f,0f,0f,0f,1f], start_interpolation: 0, interpolation_duration: 1 }
$data merge entity $(bone_finger_right_2_fire) { transformation: [0.000013426680942883395f,0.0000069732918728597985f,0.000006991081253404033f,-0.3255128062062148f,-0.000008880396742198688f,0.000013687087408135256f,0.000003402935462360404f,1.2775778146981964f,-0.0000043174726793503534f,-0.000006466422234570723f,0.000014741865245792012f,0.8323136628209011f,0f,0f,0f,1f], start_interpolation: 0, interpolation_duration: 1 }
$data merge entity $(bone_finger_right_2_fire_s) { transformation: [0.000008056008565730037f,0.000004183975123715879f,0.00000419464875204242f,-0.3255128062062148f,-0.000005328238045319212f,0.000008212252444881153f,0.0000020417612774162423f,1.2775778146981964f,-0.000002590483607610212f,-0.000003879853340742433f,0.000008845119147475207f,0.8323136628209011f,0f,0f,0f,1f], start_interpolation: 0, interpolation_duration: 1 }
$data merge entity $(bone_finger_right_2) { transformation: [1.000829496820858f,0.5197916168551248f,0.5211176435071752f,-0.5503360219798845f,-0.6619478813023497f,1.0202402858829944f,0.25365600039175623f,1.168976381031658f,-0.32182592463421306f,-0.4820093766126836f,1.0988637950741724f,0.3577262314248164f,0f,0f,0f,1f], start_interpolation: 0, interpolation_duration: 1 }
$data merge entity $(bone_finger_film_right) { transformation: [1.0725366629354733f,-0.21680737742354506f,-0.06313409672182378f,-0.6402002217946355f,0.5987968088121292f,0.380127451110078f,0.20116714342230074f,1.1680498791411482f,-0.053621640430215244f,-0.09165621147740498f,0.9836440974292634f,0.4203315567802087f,0f,0f,0f,1f], start_interpolation: 0, interpolation_duration: 1 }
$data merge entity $(bone_finger_right_0_fire) { transformation: [0.000014532319693754733f,-0.000008145011018978267f,-4.982545504147086e-7f,-0.6843247257099739f,0.000008142377092523803f,0.00001440616741846788f,0.000001985400053388707f,1.2787762792049306f,-5.39590010498602e-7f,-0.0000019745666840030916f,0.000016540486897572663f,1.1122745732553845f,0f,0f,0f,1f], start_interpolation: 0, interpolation_duration: 1 }
$data merge entity $(bone_finger_right_0_fire_s) { transformation: [0.00000871939181625284f,-0.00000488700661138696f,-2.9895273024882516e-7f,-0.6843247257099739f,0.000004885426255514282f,0.000008643700451080728f,0.000001191240032033224f,1.2787762792049306f,-3.237540062991612e-7f,-0.000001184740010401855f,0.000009924292138543598f,1.1122745732553845f,0f,0f,0f,1f], start_interpolation: 0, interpolation_duration: 1 }
$data merge entity $(bone_fire_large_right) { transformation: [0.00002325171151000757f,-0.000013032017630365226f,-7.972072806635338e-7f,-0.6301670062272221f,0.000013027803348038085f,0.00002304986786954861f,0.0000031766400854219307f,1.1862030318127272f,-8.633440167977631e-7f,-0.0000031593066944049465f,0.00002646477903611626f,1.1313287086690238f,0f,0f,0f,1f], start_interpolation: 0, interpolation_duration: 1 }
$data merge entity $(bone_finger_right_0) { transformation: [1.2752688190977604f,-0.7147570933341433f,-0.04372381736072858f,-0.6291680559556518f,0.7145259558179065f,1.2641984554860448f,0.17422674665007123f,1.1330926056472717f,-0.04735116829154406f,-0.1732760754238402f,1.451493473697419f,0.42378740523932057f,0f,0f,0f,1f], start_interpolation: 0, interpolation_duration: 1 }
$data merge entity $(bone_wing_right_1_model) { transformation: [-0.7933280349667018f,-0.6056287525770504f,0.18660526795800306f,-0.3441199153689757f,-0.17659266557917722f,0.49840712716688296f,0.8668231936760433f,0.8604429035611839f,-0.6086236459761917f,0.6448110053985282f,-0.4947454981274986f,0.10801286400598831f,0f,0f,0f,1f], start_interpolation: 0, interpolation_duration: 1 }
$data merge entity $(bone_wing_right_0) { transformation: [-0.9551032397082603f,-0.029638248142344642f,-0.2947870006391708f,-0.17427821263362706f,-0.12658799000333348f,0.940413324020699f,0.3155919213022654f,0.7822959463891943f,0.2678680314738987f,0.3387393603515719f,-0.901943658696543f,0.5364897594882118f,0f,0f,0f,1f], start_interpolation: 0, interpolation_duration: 1 }
$data merge entity $(bone_finger_left_1_fire) { transformation: [9.41732589552086e-7f,0.000016044754891189852f,0.000004410981522200337f,1.0549763584666727f,-0.000015957311735626943f,0.000002123322616594386f,-0.000004316651597669095f,0.7866109130720021f,-0.0000047175332197638954f,-0.000003979336543354438f,0.00001548184545759729f,1.2670516045051934f,0f,0f,0f,1f], start_interpolation: 0, interpolation_duration: 1 }
$data merge entity $(bone_finger_left_1_fire_s) { transformation: [5.650395537312516e-7f,0.000009626852934713911f,0.0000026465889133202023f,1.0549763584666727f,-0.000009574387041376166f,0.0000012739935699566315f,-0.000002589990958601457f,0.7866109130720021f,-0.0000028305199318583373f,-0.0000023876019260126625f,0.000009289107274558374f,1.2670516045051934f,0f,0f,0f,1f], start_interpolation: 0, interpolation_duration: 1 }
$data merge entity $(bone_finger_left_1) { transformation: [0.11233589037034594f,1.9139210498524288f,0.5261701062497982f,0.7471910825315118f,-1.9034902706206898f,0.2532835109721245f,-0.5149178291401947f,1.0501774940436266f,-0.5627375546660438f,-0.4746807306451947f,1.8467736099931331f,0.31129546164776434f,0f,0f,0f,1f], start_interpolation: 0, interpolation_duration: 1 }
$data merge entity $(bone_finger_left_2_fire) { transformation: [0.000014287717249685626f,-0.000004659515860869765f,-0.000007206096412976779f,0.3639705990384724f,0.000006529061977597915f,0.000014984915432650235f,0.000003255984789089715f,1.2821434958850553f,0.000005568685954828019f,-0.000005614178407959756f,0.000014671350153202576f,0.7823470809854697f,0f,0f,0f,1f], start_interpolation: 0, interpolation_duration: 1 }
$data merge entity $(bone_finger_left_2_fire_s) { transformation: [0.000008572630349811375f,-0.000002795709516521859f,-0.000004323657847786068f,0.3639705990384724f,0.000003917437186558749f,0.000008990949259590141f,0.000001953590873453829f,1.2821434958850553f,0.0000033412115728968113f,-0.000003368507044775853f,0.000008802810091921546f,0.7823470809854697f,0f,0f,0f,1f], start_interpolation: 0, interpolation_duration: 1 }
$data merge entity $(bone_finger_left_2) { transformation: [1.0650114444926038f,-0.34732194309978354f,-0.5371449487570336f,0.5958504450878805f,0.48667856498184064f,1.1169808410701498f,0.24270224577342348f,1.1782949777388716f,0.41509180011296465f,-0.4184828234917629f,1.0936075753922736f,0.31009693322549337f,0f,0f,0f,1f], start_interpolation: 0, interpolation_duration: 1 }
$data merge entity $(bone_finger_film_left) { transformation: [0.9747249870852538f,0.27196681932661015f,0.03933649728365256f,0.6813439514673226f,-0.7478722611404659f,0.3511079913264916f,0.11621036396322157f,1.159903927354509f,0.04864229101385025f,-0.051579130538952384f,0.9984776589678851f,0.3760400087502312f,0f,0f,0f,1f], start_interpolation: 0, interpolation_duration: 1 }
$data merge entity $(bone_finger_left_0_fire) { transformation: [0.000013212696557114138f,0.000010158462855202447f,-8.977687271379752e-8f,0.7044552775127257f,-0.000010147956262182863f,0.00001320482242446532f,6.553062009008506e-7f,1.21130941321054f,4.705434817586798e-7f,-4.6483861241058463e-7f,0.00001665353691183841f,1.0759084165226875f,0f,0f,0f,1f], start_interpolation: 0, interpolation_duration: 1 }
$data merge entity $(bone_finger_left_0_fire_s) { transformation: [0.000007927617934268483f,0.000006095077713121468f,-5.3866123628278506e-8f,0.7044552775127257f,-0.000006088773757309718f,0.000007922893454679191f,3.9318372054051033e-7f,1.21130941321054f,2.823260890552079e-7f,-2.789031674463508e-7f,0.000009992122147103045f,1.0759084165226875f,0f,0f,0f,1f], start_interpolation: 0, interpolation_duration: 1 }
$data merge entity $(bone_fire_large_left) { transformation: [0.00002114031449138262f,0.000016253540568323914f,-1.43642996342076e-7f,0.6370490068078086f,-0.00001623673001949258f,0.000021127715879144507f,0.0000010484899214413609f,1.1262405103509556f,7.528695708138877e-7f,-7.437417798569354e-7f,0.000026645659058941454f,1.0851605095071917f,0f,0f,0f,1f], start_interpolation: 0, interpolation_duration: 1 }
$data merge entity $(bone_finger_left_0) { transformation: [1.15946664335558f,0.8914454954338641f,-0.007878277443704769f,0.6653988218843403f,-0.8905235001326884f,1.1587756569159688f,0.05750572397119822f,1.126716709260061f,0.041292060934664136f,-0.040791435972513126f,1.461414061823045f,0.3761947327958962f,0f,0f,0f,1f], start_interpolation: 0, interpolation_duration: 1 }
$data merge entity $(bone_wing_left_1_model) { transformation: [-0.7053669284951546f,0.6997095848288883f,-0.20938260702774844f,0.3329992329330702f,0.22159757579725095f,0.4823963291655737f,0.8655434010205386f,0.8614339728448948f,0.6959375644610177f,0.5555874022581903f,-0.4878223322746741f,0.1033587996496491f,0f,0f,0f,1f], start_interpolation: 0, interpolation_duration: 1 }
$data merge entity $(bone_wing_left_0) { transformation: [-0.9597335304317851f,0.0617297877704436f,0.2740455872054102f,0.1746874000749208f,0.15096520051312678f,0.9360465586947508f,0.3178464223327761f,0.7828717492591253f,-0.23689883663490943f,0.3464192160627496f,-0.907674318213034f,0.5361532523333477f,0f,0f,0f,1f], start_interpolation: 0, interpolation_duration: 1 }
$data merge entity $(bone_body_0) { transformation: [-0.9999981737733888f,-0.0012295308219157845f,-0.0014631144334130825f,-8.838775370013387e-18f,-0.0016500245222309789f,0.9417321150314247f,0.33635977901276365f,0.6353238015071625f,0.000964297134362132f,0.33636157891827817f,-0.9417324239711826f,0.0721740780784083f,0f,0f,0f,1f], start_interpolation: 0, interpolation_duration: 1 }
$data merge entity $(bone_leg_right_3) { transformation: [-0.9919182003584573f,-0.012461302961882192f,0.1262655920119641f,-0.29718227864707325f,0.0533225742285377f,0.8620730945982761f,0.5039709144855425f,-0.019891066201093766f,-0.11513030389641843f,0.5066307289320734f,-0.8544415238191988f,-0.41560542350988805f,0f,0f,0f,1f], start_interpolation: 0, interpolation_duration: 1 }
$data merge entity $(bone_leg_right_2) { transformation: [-0.8778453462649659f,0.4086497487479891f,0.24978576998930022f,-0.22354290638615465f,0.43136614414085145f,0.9012174504826678f,0.04159755563220702f,0.13130025203953316f,-0.20811246413897533f,0.14426534508926891f,-0.967407211300535f,-0.3828114447150704f,0f,0f,0f,1f], start_interpolation: 0, interpolation_duration: 1 }
$data merge entity $(bone_leg_right_1) { transformation: [-0.9157410518481541f,0.39482234132010846f,0.07438847191967453f,-0.2574245073864996f,0.3557699630065868f,0.8829021568456643f,-0.30644985700692695f,0.21840135141325562f,-0.1866709923430211f,-0.2541635304912606f,-0.9489756795544815f,-0.07564144941654094f,0f,0f,0f,1f], start_interpolation: 0, interpolation_duration: 1 }
$data merge entity $(bone_leg_right_0) { transformation: [-0.9157410518481541f,0.39802317440072704f,-0.05473461975756157f,-0.09365062499999996f,0.3557699630065868f,0.7400390339863449f,-0.5707626140514543f,0.5082109305775011f,-0.1866709923430211f,-0.5421436901934081f,-0.8192888134236581f,-0.19500680331526576f,0f,0f,0f,1f], start_interpolation: 0, interpolation_duration: 1 }
$data merge entity $(bone_leg_left_3) { transformation: [-0.9947482963362273f,0.07541851086194674f,0.06919447344651036f,0.2345576527722948f,0.1020288165545085f,0.7843166355461951f,0.6119130132608581f,-0.004171654612823511f,-0.008120808374776994f,0.6157592576850658f,-0.7878924984072869f,-0.34581132048671936f,0f,0f,0f,1f], start_interpolation: 0, interpolation_duration: 1 }
$data merge entity $(bone_leg_left_2) { transformation: [-0.9530515763439794f,-0.27926040293565235f,-0.11707399446706024f,0.18164963112070126f,-0.2906382686373935f,0.9521209571651819f,0.09484239416166201f,0.15623284127562492f,0.08498287846216085f,0.12441587631437923f,-0.9885841391046138f,-0.3170336234419096f,0f,0f,0f,1f], start_interpolation: 0, interpolation_duration: 1 }
$data merge entity $(bone_leg_left_1) { transformation: [-0.9758101560180606f,-0.21852062554768834f,-0.006578420954545056f,0.19150009709766877f,-0.20929411787588637f,0.9424574385817368f,-0.26071046907346507f,0.22711377231733382f,0.06317049655149776f,-0.2530270986914219f,-0.9653946217445166f,-0.004037086168965753f,0f,0f,0f,1f], start_interpolation: 0, interpolation_duration: 1 }
$data merge entity $(bone_leg_left_0) { transformation: [-0.9758101560180606f,-0.1906968720128259f,0.10690763497773259f,0.09365062500000002f,-0.20929411787588637f,0.6735678805552395f,-0.7088739538922819f,0.5082109305775011f,0.06317049655149776f,-0.7141015427016288f,-0.6971861122229779f,-0.19500680331526576f,0f,0f,0f,1f], start_interpolation: 0, interpolation_duration: 1 }
$data merge entity $(bone_tail_3) { transformation: [-2.4407458909855784f,-0.015996402563903625f,0.08373371827440197f,0.03070569535193246f,0.008781744027043159f,2.3389102413105913f,0.7028011730911541f,0.23626520697004189f,-0.08479446587417644f,0.7026739806136786f,-2.3374274107145383f,-1.5524105690392098f,0f,0f,0f,1f], start_interpolation: 0, interpolation_duration: 1 }
$data merge entity $(bone_tail_2) { transformation: [-1.1555453915804859f,-0.0011612323534954268f,0.040343054377709214f,0.014189664801290759f,0.004157624059910438f,1.1461975407823215f,0.15207884194303684f,0.16819187268844424f,-0.04014504526436682f,0.15213123132341994f,-1.1454948827021194f,-1.0840588824554138f,0f,0f,0f,1f], start_interpolation: 0, interpolation_duration: 1 }
$data merge entity $(bone_tail_1) { transformation: [-1.3845724061279696f,0.01048596527983715f,0.047208442030348824f,8.22204099411671e-17f,0.004981657657370165f,1.3761871364617495f,-0.15957283228035224f,0.20912550887067283f,-0.04810172090234943f,-0.15930583871013243f,-1.375386205571683f,-0.671380597233522f,0f,0f,0f,1f], start_interpolation: 0, interpolation_duration: 1 }
$data merge entity $(bone_tail_0) { transformation: [-1.1979166666666667f,5.4080957243677024e-17f,1.3637033415866446e-16f,4.25845104091206e-17f,0f,1.1135482839101918f,-0.4416045285982073f,0.35805075802118275f,-1.4670248114786003e-16f,-0.4416045285982073f,-1.1135482839101918f,-0.34772891611499407f,0f,0f,0f,1f], start_interpolation: 0, interpolation_duration: 1 }
$data merge entity $(bone_body_1) { transformation: [-1.0208333333333333f,7.12408019589485e-17f,1.0273147154773743e-16f,1.464011670083198e-17f,0f,0.83886612547604f,-0.5817252942525887f,0.5394712500000001f,-1.2501602741295897e-16f,-0.5817252942525887f,-0.83886612547604f,-0.119545625f,0f,0f,0f,1f], start_interpolation: 0, interpolation_duration: 1 }
data modify entity @s data merge value {"locators":{"body_1":{"posx":1.0419549045659508e-17,"posy":0.3156861765265684,"posz":-0.08508207470851191,"roty":0,"rotx":-34.74},"body_0":{"posx":0.000453442946891584,"posy":0.43350612726843685,"posz":0.19707127314076195,"roty":359.91098297945825,"rotx":19.65524663113511},"neck_1":{"posx":0.0010109979107637739,"posy":0.30759195860581756,"posz":0.5598147338399483,"roty":359.8953944823217,"rotx":27.567233770423375},"neck_0":{"posx":0.0014713299101895144,"posy":0.21241737849826015,"posz":0.8743347680463228,"roty":359.9231472170735,"rotx":12.871256666787714},"pos_head":{"posx":0.0015791674362306116,"posy":0.34067182433015275,"posz":1.2056230177251137,"roty":359.93461424090435,"rotx":6.119266127229601},"head_0":{"posx":0.001954597015203488,"posy":0.07833828345644861,"posz":1.1460688823393506,"roty":359.93461424090435,"rotx":6.119266127229601},"arm_right_0":{"posx":-0.33215716728439637,"posy":0.016867482318544152,"posz":0.10564489251946298,"roty":353.0225789371484,"rotx":-0.9845552678666042},"arm_left_0":{"posx":0.310607377608598,"posy":0.0016595156135395528,"posz":-0.10107833558270198,"roty":2.4987741742503147,"rotx":26.942194482543048},"finger_right_0":{"posx":-0.5111107384271403,"posy":1.016791458084401,"posz":0.3052150585466654,"roty":199.88446570634767,"rotx":-8.250581643975163},"finger_right_1":{"posx":-0.6841265188592095,"posy":1.0651441541579176,"posz":0.8822095266320793,"roty":199.88446570634767,"rotx":-8.250581643975163},"finger_right_2":{"posx":-0.8945067422477573,"posy":1.00012860603081,"posz":1.4838024068400482,"roty":199.88446570634767,"rotx":-8.250581643975163},"finger_right_3":{"posx":-1.120280441348236,"posy":0.930356203718535,"posz":2.129413966818851,"roty":199.88446570634767,"rotx":-8.250581643975163},"finger_left_0":{"posx":0.5386450167299833,"posy":1.0375980192881948,"posz":0.24385342963145978,"roty":164.09704992520332,"rotx":-15.010680329616212},"finger_left_1":{"posx":0.68652384974209,"posy":1.0176406722660891,"posz":0.8294545009625173,"roty":164.09704992520332,"rotx":-15.010680329616212},"finger_left_2":{"posx":0.8543307430868022,"posy":0.8786316318434686,"posz":1.431881414898956,"roty":164.09704992520332,"rotx":-15.010680329616212},"finger_left_3":{"posx":1.034416061723855,"posy":0.7294516259116789,"posz":2.078388059528217,"roty":164.09704992520332,"rotx":-15.010680329616212},"leg_right_0":{"posx":-0.31332931854003077,"posy":0.11449375091676862,"posz":-0.0021719338146356237,"roty":356.17789301797785,"rotx":-34.80342228687811},"leg_left_0":{"posx":0.21873528398986838,"posy":0.13206891969568071,"posz":0.09365952410438677,"roty":8.717919811855324,"rotx":-45.14337082526748},"tail_0":{"posx":5.4768334206749335e-17,"posy":0.12013564156823346,"posz":-0.4472173874531104,"roty":0,"rotx":-21.631999999999998},"tail_1":{"posx":0.006892937844975244,"posy":-0.0017662912958148966,"posz":-0.8916297294837218,"roty":1.9658354965011995,"rotx":-6.6140297858728685},"tail_2":{"posx":0.023449778946984003,"posy":0.0005899010838837163,"posz":-1.367962117366274,"roty":2.017059870312636,"rotx":7.557878117962365},"tail_3":{"posx":0.03943457358251387,"posy":0.07853896389388967,"posz":-1.819999791205147,"roty":2.051630773985579,"rotx":16.724482629684868},"tail_4":{"posx":0.054434569178780076,"posy":0.20443823982083495,"posz":-2.2387247874176768,"roty":2.051630773985579,"rotx":16.724482629684868},"shadow":{"posx":5.740531871003218e-18,"posy":0.2375,"posz":-0.046875,"roty":0,"rotx":0}},"cameras":{}}