# This file was generated by Animated Java via MC-Build. It is not recommended to edit this file directly.
$data merge entity $(bone_head_lower) { transformation: [-0.9999988453295994f,0.0014607410853597895f,-0.0004190166457725133f,0.0014995883558893545f,0.0012729025324312378f,0.9557723152762478f,0.29410484707094375f,1.8236929349813975f,0.0008300955431892681f,0.29410397410943256f,-0.9557730710552724f,0.78188821246169f,0f,0f,0f,1f], start_interpolation: 0, interpolation_duration: 1 }
$data merge entity $(bone_head_upper) { transformation: [-0.9999988453295994f,-0.00017241193278725266f,-0.001509838929596501f,0.0018607143073184188f,0.0012729025324312378f,0.447680927082161f,-0.8941924665562775f,1.8153053427285692f,0.0008300955431892681f,-0.8941933559365008f,-0.4476801906946597f,0.762977283157763f,0f,0f,0f,1f], start_interpolation: 0, interpolation_duration: 1 }
$data merge entity $(bone_neck_0) { transformation: [-0.9999988453295994f,-0.0002217842263526327f,-0.0015033799336274607f,0.0015828128724007552f,0.0012729025324312378f,0.4181453695513395f,-0.9083792322823745f,1.6376369005604454f,0.0008300955431892681f,-0.9083800970598872f,-0.41814460442155477f,0.6998863480312222f,0f,0f,0f,1f], start_interpolation: 0, interpolation_duration: 1 }
$data merge entity $(bone_neck_1) { transformation: [-0.9999988453295994f,0.00007293058131104072f,-0.0015179000619942597f,0.0013185534077267557f,0.0012729025324312378f,0.5858105790540638f,-0.8104470033182212f,1.500897608271779f,0.0008300955431892681f,-0.8104479996578882f,-0.5858099954694493f,0.5912201000981792f,0f,0f,0f,1f], start_interpolation: 0, interpolation_duration: 1 }
$data merge entity $(bone_neck_2) { transformation: [-0.9999988453295994f,0.0005968848997717148f,-0.0013975220514600311f,0.0010869996746112503f,0.0012729025324312378f,0.8313425879201243f,-0.5557588336944478f,1.4934455160344953f,0.0008300955431892681f,-0.5557599708855311f,-0.8313423877697458f,0.32369947492614337f,0f,0f,0f,1f], start_interpolation: 0, interpolation_duration: 1 }
$data merge entity $(bone_arm_right_2) { transformation: [-0.9383474675044712f,0.34202066923219f,-0.0502582535103407f,-0.23777032524618807f,0.344258555597343f,0.9377571154938535f,-0.04579999168862031f,1.349643404994104f,0.03146549103344537f,-0.06027813997305764f,-0.9976855560322659f,0.8877070123626074f,0f,0f,0f,1f], start_interpolation: 0, interpolation_duration: 1 }
$data merge entity $(bone_arm_right_1) { transformation: [-0.852022927299677f,-0.46725229194171136f,-0.23607673970746623f,-0.25800372427132023f,0.44539879979008146f,-0.41003967877878666f,-0.7959191987711718f,1.154268220460253f,0.27509423930944793f,-0.7832897021550883f,0.557476817452124f,0.6036949866560797f,0f,0f,0f,1f], start_interpolation: 0, interpolation_duration: 1 }
$data merge entity $(bone_arm_right_0) { transformation: [-0.867904816458355f,0.2751030583034492f,-0.4135934439524856f,-0.15849042937306113f,0.49287848680364654f,0.5804348370342293f,-0.6482022810845354f,1.3192528692766163f,0.06174161331335892f,-0.7664291925997706f,-0.6393545697938875f,0.3471732461207765f,0f,0f,0f,1f], start_interpolation: 0, interpolation_duration: 1 }
$data merge entity $(bone_arm_left_2) { transformation: [-0.9807968104479038f,-0.1794363515888124f,0.07642128200779291f,0.3237757751887692f,-0.18876991012848374f,0.9718892627371535f,-0.1407024591338638f,1.1684482367919586f,-0.04902588750142736f,-0.15242656167718477f,-0.9870980729643679f,0.690170344601218f,0f,0f,0f,1f], start_interpolation: 0, interpolation_duration: 1 }
$data merge entity $(bone_arm_left_1) { transformation: [-0.9294378590649254f,0.3222241681955023f,-0.1797688837577971f,0.2864950093999763f,0.012903021733593738f,-0.45852511852424405f,-0.8885877715298978f,1.0255512338589163f,-0.36875300428193136f,-0.8282066777761721f,0.42201293904334874f,0.378025706702972f,0f,0f,0f,1f], start_interpolation: 0, interpolation_duration: 1 }
$data merge entity $(bone_arm_left_0) { transformation: [-0.9427047703243653f,-0.33122779070332486f,-0.039948300007384425f,0.16025920257574866f,-0.3281155415011861f,0.9421348439705102f,-0.06871773571681133f,1.318847131594404f,0.06039790917795862f,-0.05167287917715224f,-0.9968359976066645f,0.346908653166385f,0f,0f,0f,1f], start_interpolation: 0, interpolation_duration: 1 }
$data merge entity $(bone_finger_right_1_fire) { transformation: [0.4727785085900582f,-0.000006217955549529837f,-0.000012728840516804688f,-1.8018523669260853f,0.606843580399084f,-0.000006007697032052057f,0.000010708572799001268f,2.2452842674900078f,-0.4621823674161049f,-0.00001424859231408218f,0.0000010396468073433512f,-0.1398611117876107f,0f,0f,0f,1f], start_interpolation: 0, interpolation_duration: 1 }
$data merge entity $(bone_finger_right_1_fire_s) { transformation: [0.5268103381432075f,-0.3730773329717902f,-0.7637304310082812f,-1.8018523669260853f,0.6761971324446934f,-0.3604618219231234f,0.642514367940076f,2.2452842674900078f,-0.5150032094065167f,-0.8549155388449307f,0.06237880844060106f,-0.1398611117876107f,0f,0f,0f,1f], start_interpolation: 0, interpolation_duration: 1 }
$data merge entity $(bone_finger_right_1) { transformation: [1.0473551453314318f,-0.7417175328634359f,-1.5183775614237707f,-0.9969910624129735f,1.3443520269941778f,-0.7166365512441745f,1.2773870983307847f,1.5905657450945798f,-1.0238813139758252f,-1.6996632822145323f,0.12401572491948192f,-0.17465852874726687f,0f,0f,0f,1f], start_interpolation: 0, interpolation_duration: 1 }
$data merge entity $(bone_finger_right_2_fire) { transformation: [0.701821397258364f,0.000007887163932823246f,0.000006759423348447487f,-0.39751176065303273f,-0.3737589811673617f,-0.0000014552196464960932f,0.000015082417760694868f,2.2628712898363705f,0.4161035211983052f,-0.000014610022541221543f,0.0000021467762496628703f,-0.1644508493620021f,0f,0f,0f,1f], start_interpolation: 0, interpolation_duration: 1 }
$data merge entity $(bone_finger_right_2_fire_s) { transformation: [0.7820295569450338f,0.4732298359693947f,0.4055654009068492f,-0.39751176065303273f,-0.41647429330077435f,-0.08731317878976558f,0.904945065641692f,2.2628712898363705f,0.4636582093352542f,-0.8766013524732925f,0.1288065749797722f,-0.1644508493620021f,0f,0f,0f,1f], start_interpolation: 0, interpolation_duration: 1 }
$data merge entity $(bone_finger_right_2) { transformation: [0.9715459480837958f,0.5879119600600211f,0.5038497821914476f,-0.6148256215364886f,-0.5174023264773728f,-0.10847258177669503f,1.1242486987284115f,1.7776403941830023f,0.5760207534037185f,-1.089036193730543f,0.16002145302155768f,-0.23444115980373995f,0f,0f,0f,1f], start_interpolation: 0, interpolation_duration: 1 }
$data merge entity $(bone_finger_film_right) { transformation: [2.1997148856911917f,-0.003896477079199495f,-0.2172113667644854f,-0.8584652983518483f,0.5452078297905165f,-0.024839294556597367f,0.8583585361321222f,1.7378346692186162f,-0.1029822495412868f,-0.21473328277543352f,-0.09534926834620412f,-0.24179064312219445f,0f,0f,0f,1f], start_interpolation: 0, interpolation_duration: 1 }
$data merge entity $(bone_finger_right_0_fire) { transformation: [0.8534747467925521f,-0.0000018221855999931254f,-0.000004819454473654298f,-1.0715412740179293f,0.2566315921623772f,-7.382431982323635e-7f,0.000015953616301017874f,2.4055458258793148f,-0.10541476413751061f,-0.000016550299525906447f,-1.810062817915126e-7f,-0.28365811773440747f,0f,0f,0f,1f], start_interpolation: 0, interpolation_duration: 1 }
$data merge entity $(bone_finger_right_0_fire_s) { transformation: [0.9510147178545577f,-0.10933113599958752f,-0.28916726841925783f,-1.0715412740179293f,0.28596091698093445f,-0.044294591893941804f,0.9572169780610723f,2.4055458258793148f,-0.11746216575322604f,-0.9930179715543866f,-0.010860376907490754f,-0.28365811773440747f,0f,0f,0f,1f], start_interpolation: 0, interpolation_duration: 1 }
$data merge entity $(bone_fire_large_right) { transformation: [0.00002536039247612154f,-0.0000029154969599890007f,-0.000007711127157846875f,-1.060151686115032f,0.000007625624452824919f,-0.0000011811891171717815f,0.000025525786081628596f,2.416752119779801f,-0.0000031323244200860278f,-0.00002648047924145031f,-2.8961005086642014e-7f,-0.17590552587189137f,0f,0f,0f,1f], start_interpolation: 0, interpolation_duration: 1 }
$data merge entity $(bone_finger_right_0) { transformation: [1.3909220295873486f,-0.15990402958715672f,-0.42292628739469734f,-0.861419525879977f,0.4182367859953666f,-0.06478377516160286f,1.399993246039115f,1.7362462813098938f,-0.17179619928257425f,-1.452354570838906f,-0.01588402072717535f,-0.2051244174456902f,0f,0f,0f,1f], start_interpolation: 0, interpolation_duration: 1 }
$data merge entity $(bone_wing_right_1_model) { transformation: [-0.6621225803779428f,-0.6290133939674323f,0.4437487147080724f,-0.5696622232796115f,-0.7258213710280537f,0.7051149211129829f,-0.08350669688491016f,1.3781638651481902f,-0.2564256402048183f,-0.37166137985435566f,-0.9094453215076459f,-0.00028662062627825524f,0f,0f,0f,1f], start_interpolation: 0, interpolation_duration: 1 }
$data merge entity $(bone_wing_right_0) { transformation: [-0.5750629311862009f,-0.034999029933638015f,-0.8173601978804933f,-0.17344211430395517f,0.3505660466768229f,0.8921690650018321f,-0.28484698764624494f,1.5558051013638408f,0.7391928517598898f,-0.4503436769373594f,-0.5007838860722464f,0.17291547171292979f,0f,0f,0f,1f], start_interpolation: 0, interpolation_duration: 1 }
$data merge entity $(bone_finger_left_1_fire) { transformation: [0.5658401956998409f,0.0000084122915018671f,0.000009827684445366693f,1.5602357249673013f,-0.30684866124757054f,-0.00000835666405213355f,0.000013246497523843933f,2.475547473559029f,0.6253478728096183f,-0.000011712271145476923f,-0.000002392634441545963f,-0.30446299189161097f,0f,0f,0f,1f], start_interpolation: 0, interpolation_duration: 1 }
$data merge entity $(bone_finger_left_1_fire_s) { transformation: [0.6305076466369652f,0.504737490112026f,0.5896610667220015f,1.5602357249673013f,-0.34191707967586416f,-0.5013998431280129f,0.7947898514306359f,2.475547473559029f,0.6968162011307173f,-0.7027362687286153f,-0.14355806649275776f,-0.30446299189161097f,0f,0f,0f,1f], start_interpolation: 0, interpolation_duration: 1 }
$data merge entity $(bone_finger_left_1) { transformation: [1.2535164556632614f,1.0034719690083196f,1.1723090978237893f,0.9315134027814591f,-0.6797676255507834f,-0.9968363707884232f,1.5801270022282567f,1.667967634404561f,1.3853449349093199f,-1.3971146607678182f,-0.2854087490480283f,-0.13070463015396547f,0f,0f,0f,1f], start_interpolation: 0, interpolation_duration: 1 }
$data merge entity $(bone_finger_left_2_fire) { transformation: [0.6247169062260831f,-0.000006300171898028457f,-0.000010172603745708792f,0.1945799667986981f,0.38741779578086777f,-0.000007648413149287363f,0.000012942679027678135f,2.147556345734134f,-0.514808147365774f,-0.000013401021906215902f,-0.000002604413637859732f,-0.326659100231728f,0f,0f,0f,1f], start_interpolation: 0, interpolation_duration: 1 }
$data merge entity $(bone_finger_left_2_fire_s) { transformation: [0.6961131240804923f,-0.37801031388170736f,-0.6103562247425275f,0.1945799667986981f,0.43169411529868107f,-0.45890478895724174f,0.776560741660688f,2.147556345734134f,-0.5736433642075764f,-0.8040613143729539f,-0.1562648182715839f,-0.326659100231728f,0f,0f,0f,1f], start_interpolation: 0, interpolation_duration: 1 }
$data merge entity $(bone_finger_left_2) { transformation: [0.8648085984758886f,-0.4696170183392054f,-0.7582694436164442f,0.5217716136093259f,0.5363105074550673f,-0.5701153930924822f,0.9647518246607877f,1.7308497787611457f,-0.7126596190535036f,-0.9989168632470001f,-0.1941339041108376f,-0.24374804497785482f,0f,0f,0f,1f], start_interpolation: 0, interpolation_duration: 1 }
$data merge entity $(bone_finger_film_left) { transformation: [2.2533685367250302f,0.02451529320260513f,0.020620820816251714f,0.7679453097934233f,0.05563828769809155f,-0.08686276184764835f,0.8152060948233828f,1.7503336855259544f,0.2565874477767895f,-0.19645970788587025f,-0.3578623228120083f,-0.23954192468457858f,0f,0f,0f,1f], start_interpolation: 0, interpolation_duration: 1 }
$data merge entity $(bone_finger_left_0_fire) { transformation: [0.8800547448862894f,0.0000030970783671472875f,0.0000010313444995777903f,0.8245454829630271f,-0.00023924337503265016f,-0.000005244687263786441f,0.000015819956180147723f,2.404815451399705f,0.17576910642178034f,-0.00001551383701315063f,-0.0000051422847800539206f,-0.48741786966830014f,0f,0f,0f,1f], start_interpolation: 0, interpolation_duration: 1 }
$data merge entity $(bone_finger_left_0_fire_s) { transformation: [0.9806324300161506f,0.18582470202883725f,0.0618806699746674f,0.8245454829630271f,-0.0002665854750363815f,-0.31468123582718643f,0.9491973708088632f,2.404815451399705f,0.19585700429855515f,-0.9308302207890375f,-0.3085370868032352f,-0.48741786966830014f,0f,0f,0f,1f], start_interpolation: 0, interpolation_duration: 1 }
$data merge entity $(bone_fire_large_left) { transformation: [0.00002615019813376402f,0.00000495532538743566f,0.0000016501511993244642f,0.8033734629560766f,-7.108946000970174e-9f,-0.000008391499622058306f,0.000025311929888236353f,2.444979788515257f,0.000005222853447961471f,-0.000024822139221041004f,-0.000008227655648086273f,-0.38840021275012504f,0f,0f,0f,1f], start_interpolation: 0, interpolation_duration: 1 }
$data merge entity $(bone_finger_left_0) { transformation: [1.434239895797109f,0.2717809376036839f,0.0905045794323369f,0.7686106208809252f,-0.0003898989185284291f,-0.46024215502913374f,1.3882640391337786f,1.760655200091371f,0.2864538443131717f,-1.3614008654060947f,-0.45125593003173226f,-0.20420516988126353f,0f,0f,0f,1f], start_interpolation: 0, interpolation_duration: 1 }
$data merge entity $(bone_wing_left_1_model) { transformation: [-0.8064697457866271f,0.5060046910745303f,-0.35290633995900755f,0.5375740604227794f,0.5739438587014767f,0.8283919616926173f,-0.123823616098693f,1.344479235882237f,0.22621246480146148f,-0.2978306455948859f,-0.9439819438711848f,-0.0347249706338521f,0f,0f,0f,1f], start_interpolation: 0, interpolation_duration: 1 }
$data merge entity $(bone_wing_left_0) { transformation: [-0.6671494636511933f,0.07331747853360922f,0.741307048726369f,0.17552373275504518f,-0.29460274664021935f,0.8880466594826844f,-0.35296225329868297f,1.5553609013404828f,-0.68419355070182f,-0.453869670635876f,-0.5708603220183701f,0.1726257963840813f,0f,0f,0f,1f], start_interpolation: 0, interpolation_duration: 1 }
$data merge entity $(bone_body_0) { transformation: [-0.9999988453295994f,0.0006045508020358539f,-0.0013942230078614936f,0.0003222273887143431f,0.0012729025324312378f,0.8343821643218794f,-0.5511848905591288f,1.0959835452966609f,0.0008300955431892681f,-0.5511860288322479f,-0.8343819704197384f,0.01187867807521073f,0f,0f,0f,1f], start_interpolation: 0, interpolation_duration: 1 }
$data merge entity $(bone_leg_right_3) { transformation: [-0.972906124291504f,-0.22443502226735054f,-0.055521113965214496f,-0.1770676999183987f,-0.1254892770828983f,0.310923199369199f,0.9421142210110367f,0.18510107887567626f,-0.1941806237843935f,0.9235559998580889f,-0.3306632735470161f,-0.39552485690758804f,0f,0f,0f,1f], start_interpolation: 0, interpolation_duration: 1 }
$data merge entity $(bone_leg_right_2) { transformation: [-0.8946436221608437f,0.2817924392931147f,0.3467070960972127f,-0.12570859479795693f,0.22251286768830994f,0.9539495890728088f,-0.20116710770139223f,0.34832866277774516f,-0.387428461835279f,-0.1028260796931168f,-0.9161473594869409f,-0.4042435195479289f,0f,0f,0f,1f], start_interpolation: 0, interpolation_duration: 1 }
$data merge entity $(bone_leg_right_1) { transformation: [-0.9271887411411955f,0.3329314280343843f,0.1716907176523839f,-0.1899491367815772f,0.15677113459503472f,0.7611465693428606f,-0.6293478460560415f,0.5398270181972968f,-0.34021147784692757f,-0.5566080885188242f,-0.7579205671682423f,-0.15466486852301853f,0f,0f,0f,1f], start_interpolation: 0, interpolation_duration: 1 }
$data merge entity $(bone_leg_right_0) { transformation: [-0.9271887411411955f,0.2706740375968526f,0.2589528985588357f,-0.09377171245409709f,0.15677113459503472f,0.9082241829569455f,-0.3880098514857245f,0.8784516220974178f,-0.34021147784692757f,-0.3191620260356895f,-0.8845291128493189f,-0.1884708609191875f,0f,0f,0f,1f], start_interpolation: 0, interpolation_duration: 1 }
$data merge entity $(bone_leg_left_3) { transformation: [-0.9651855490337848f,0.24609841487369866f,0.08861391613625909f,0.17195869769360805f,0.14100234819401875f,0.20419101379308896f,0.9687230603686082f,0.19429769506688266f,0.22030704423627456f,0.947492269141444f,-0.231782670139665f,-0.3984623723480665f,0f,0f,0f,1f], start_interpolation: 0, interpolation_duration: 1 }
$data merge entity $(bone_leg_left_2) { transformation: [-0.894951364737308f,-0.2529325026516779f,-0.367542111678633f,0.1256817447180278f,-0.22221157229338284f,0.9670290138746791f,-0.12440620347662601f,0.35922424936783603f,0.3868902582047426f,-0.029665391063054436f,-0.921648464806047f,-0.39462933005424816f,0f,0f,0f,1f], start_interpolation: 0, interpolation_duration: 1 }
$data merge entity $(bone_leg_left_1) { transformation: [-0.9269474173802689f,-0.3266421347492578f,-0.1845898188375976f,0.1939665316289803f,-0.15473057756181796f,0.7810132659956613f,-0.605042747833718f,0.5426291939701913f,0.34179955204686213f,-0.5322811232283534f,-0.7744997560201852f,-0.1400948833047187f,0f,0f,0f,1f], start_interpolation: 0, interpolation_duration: 1 }
$data merge entity $(bone_leg_left_0) { transformation: [-0.9269474173802689f,-0.28080917497403307f,-0.24882663173875152f,0.0935293212746935f,-0.15473057756181796f,0.8902879015796434f,-0.4283058494444139f,0.8782132058619653f,0.34179955204686213f,-0.3585159125496629f,-0.8686998369225394f,-0.18862633885204627f,0f,0f,0f,1f], start_interpolation: 0, interpolation_duration: 1 }
$data merge entity $(bone_tail_3) { transformation: [-2.442231346691163f,0.003515651356675615f,0.001189230269465966f,-0.0017519128680978816f,0.003108726055540094f,1.5103459884514328f,1.9192063609276109f,0.3183674833351839f,0.002027287697174556f,1.9192056586510555f,-1.5103487195811398f,-1.2943666285408522f,0f,0f,0f,1f], start_interpolation: 0, interpolation_duration: 1 }
$data merge entity $(bone_tail_2) { transformation: [-1.1562486649123493f,0.0016211310913420405f,-0.0006777332767364867f,-0.001482548810614224f,0.0014717935531236186f,1.1371748925887202f,0.20915343647564028f,0.22696568846636034f,0.0009597979718125912f,0.20915233228395408f,-1.137175643068403f,-0.8297100889667144f,0f,0f,0f,1f], start_interpolation: 0, interpolation_duration: 1 }
$data merge entity $(bone_tail_1) { transformation: [-1.3854150669670493f,0.00124802366090572f,-0.0016955634479961263f,-0.0009809960049076318f,0.0017635003834724442f,1.2973797690677198f,-0.48598556064760284f,0.36604213879845404f,0.0011500282004601318f,-0.4859871577814673f,-1.2973798596341808f,-0.43876537975611407f,0f,0f,0f,1f], start_interpolation: 0, interpolation_duration: 1 }
$data merge entity $(bone_tail_0) { transformation: [-1.1979152834677493f,-0.00008002416306683657f,-0.001818655627909261f,-0.00044216890165138604f,0.001524831158641587f,0.6096094180570861f,-1.0312023916689759f,0.682021033241833f,0.0009943852861121442f,-1.0312035159414514f,-0.6096086122961756f,-0.27418655834496364f,0f,0f,0f,1f], start_interpolation: 0, interpolation_duration: 1 }
$data merge entity $(bone_body_1) { transformation: [-1.0208321546072994f,0.0000063468179655205464f,-0.0015512975153401415f,1.5945978751892387e-17f,0.0012994213351902218f,0.5611145710681102f,-0.852789214333582f,0.9354992733849126f,0.0008473892003390444f,-0.8527902042936542f,-0.5611139312446045f,-0.13020879785906106f,0f,0f,0f,1f], start_interpolation: 0, interpolation_duration: 1 }
data modify entity @s data merge value {"locators":{"body_1":{"posx":-0.00015202020451537485,"posy":0.7407503683950304,"posz":-0.01470842425229571,"roty":359.84159620890966,"rotx":-56.65598510632441},"body_0":{"posx":0.0004913583723002754,"posy":1.0747016944774228,"posz":0.24826172061527152,"roty":359.90426085110323,"rotx":-33.44833944247663},"neck_1":{"posx":0.0010978874025251181,"posy":1.3260788961362306,"posz":0.5934625299050214,"roty":359.90368343888406,"rotx":-33.76299727810669},"neck_0":{"posx":0.001609556716535451,"posy":1.5795292232131593,"posz":0.8212087954648014,"roty":359.8515404767503,"rotx":-54.1396278647724},"head_0":{"posx":0.002063875125876217,"posy":1.7947314227125704,"posz":1.0385168650059537,"roty":359.80676591856616,"rotx":-63.404892336653276},"arm_right_0":{"posx":-0.17925852322185176,"posy":1.3359507594265767,"posz":1.0341212369759198,"roty":202.95137724068064,"rotx":-52.74216268522725},"arm_left_0":{"posx":0.25110365944467317,"posy":1.1612593729834468,"posz":0.8305816280449283,"roty":203.0730130596874,"rotx":-62.696319863204025},"finger_right_0":{"posx":-0.8501832067608615,"posy":1.5710012224176733,"posz":-0.012600466929412038,"roty":265.33064752189534,"rotx":39.979566124168635},"finger_right_1":{"posx":-1.2266150459571274,"posy":2.0424905378189413,"posz":-0.04712517690684119,"roty":265.33064752189534,"rotx":39.979566124168635},"finger_right_2":{"posx":-1.7006933987039226,"posy":2.4726052562073404,"posz":-0.021592885768827966,"roty":265.33064752189534,"rotx":39.979566124168635},"finger_right_3":{"posx":-2.209459920393333,"posy":2.9341917455822224,"posz":0.0058074234052222645,"roty":265.33064752189534,"rotx":39.979566124168635},"finger_left_0":{"posx":0.7821339048932587,"posy":1.6636749624229623,"posz":0.03012282710017941,"roty":76.31704289543391,"rotx":52.63541109091266},"finger_left_1":{"posx":1.0418241584165477,"posy":2.178516303290848,"posz":-0.15069317234575794,"roty":76.31704289543391,"rotx":52.63541109091266},"finger_left_2":{"posx":1.4015977065220844,"posy":2.696748672193076,"posz":-0.2620442357162583,"roty":76.31704289543391,"rotx":52.63541109091266},"finger_left_3":{"posx":1.78769569424484,"posy":3.2529002702657377,"posz":-0.38154311247192685,"roty":76.31704289543391,"rotx":52.63541109091266},"leg_right_0":{"posx":-0.22747919237955988,"posy":0.4128406329620963,"posz":-0.11240543211482994,"roty":16.317809823540614,"rotx":-22.830723099977725},"leg_left_0":{"posx":0.2329270379103336,"posy":0.4180469202792385,"posz":-0.09233252253683695,"roty":344.0163978003409,"rotx":-25.360093049703977},"tail_0":{"posx":-0.0007034023513425057,"posy":0.4330283948378349,"posz":-0.20707354661313832,"roty":359.82906904425226,"rotx":-59.40988338338303},"tail_1":{"posx":-0.001444466100881267,"posy":0.10832838034073572,"posz":-0.6019093288428928,"roty":359.9251194062905,"rotx":-20.535432796062338},"tail_2":{"posx":-0.0019200087808533643,"posy":0.07376319260203723,"posz":-1.1217820343539677,"roty":359.96585289877453,"rotx":10.42157252904392},"tail_3":{"posx":-0.0019775158702222103,"posy":0.3431287720569831,"posz":-1.6041158506118274,"roty":0.045113992778539114,"rotx":51.79847520818703},"tail_4":{"posx":-0.0017644780501832392,"posy":0.6869339625526378,"posz":-1.874678589367802,"roty":0.045113992778539114,"rotx":51.79847520818703},"shadow":{"posx":-8.367091662752304e-18,"posy":0.696641608710684,"posz":0.06832248831726666,"roty":0,"rotx":-26.201171874999993}},"cameras":{}}