# This file was generated by Animated Java via MC-Build. It is not recommended to edit this file directly.
$data merge entity $(bone_head_lower) { transformation: [-0.9999987393173344f,0.0015652675413612804f,-0.00026702296889784683f,0.0016014641873015089f,0.0012712883068127247f,0.8899760607317807f,0.45600547710568407f,1.8561101836735387f,0.0009514146219811023f,0.4560045627643057f,-0.8899769286607107f,0.8199415895931368f,0f,0f,0f,1f], start_interpolation: 0, interpolation_duration: 1 }
$data merge entity $(bone_head_upper) { transformation: [-0.9999987393173344f,-0.00012958481071860897f,-0.0015825838109841863f,0.001961992070944728f,0.0012712883068127247f,0.5318367631941926f,-0.8468459370754312f,1.8495855790050193f,0.0009514146219811023f,-0.8468468813917315f,-0.5318359279771497f,0.8003098572076524f,0f,0f,0f,1f], start_interpolation: 0, interpolation_duration: 1 }
$data merge entity $(bone_neck_0) { transformation: [-0.9999987393173344f,-0.00019849281098187685f,-0.0015754251318125913f,0.001670167071222708f,0.0012712883068127247f,0.49439167147295554f,-0.8692383211779253f,1.6779719892446274f,0.0009514146219811023f,-0.86923922816379f,-0.4943907958603557f,0.7222373952603156f,0f,0f,0f,1f], start_interpolation: 0, interpolation_duration: 1 }
$data merge entity $(bone_neck_1) { transformation: [-0.9999987393173344f,0.000008839566115645533f,-0.0015878556622152705f,0.0013931913996528657f,0.0012712883068127247f,0.6036204503829756f,-0.7972708044983803f,1.5436735110458089f,0.0009514146219811023f,-0.7972718180152336f,-0.6036197006467743f,0.6105686916479138f,0f,0f,0f,1f], start_interpolation: 0, interpolation_duration: 1 }
$data merge entity $(bone_neck_2) { transformation: [-0.9999987393173344f,0.0005653274397480879f,-0.0014838357819604163f,0.0011375875182249914f,0.0012712883068127247f,0.8449539754022766f,-0.5348375110983986f,1.5429003766183755f,0.0009514146219811023f,-0.5348387232210984f,-0.8449536288776103f,0.3429454319747417f,0f,0f,0f,1f], start_interpolation: 0, interpolation_duration: 1 }
$data merge entity $(bone_arm_right_2) { transformation: [-0.9321519484778468f,0.36206384094770305f,0.0015874593381818014f,-0.22852691374303358f,0.3593239446945157f,0.9245414551782764f,0.12692281286674967f,1.4133653031358793f,0.044486489163862955f,0.11888175947146717f,-0.9919113264535507f,0.9247074180571172f,0f,0f,0f,1f], start_interpolation: 0, interpolation_duration: 1 }
$data merge entity $(bone_arm_right_1) { transformation: [-0.84358724594907f,-0.47510463758892f,-0.2502721355116553f,-0.25248587432331315f,0.45267988864400877f,-0.37847190027699773f,-0.8073660502634266f,1.2267409281888872f,0.2888623839985247f,-0.794376865248617f,0.5343443824617883f,0.6351543231034816f,0f,0f,0f,1f], start_interpolation: 0, interpolation_duration: 1 }
$data merge entity $(bone_arm_right_0) { transformation: [-0.8520370963517933f,0.261036793007058f,-0.45375387506554193f,-0.15844048121828608f,0.520772991234495f,0.5107346426203787f,-0.6840655059481586f,1.3682861351779616f,0.053181557339753716f,-0.8191519502046152f,-0.5711057734210837f,0.3630391783798387f,0f,0f,0f,1f], start_interpolation: 0, interpolation_duration: 1 }
$data merge entity $(bone_arm_left_2) { transformation: [-0.9841476650896844f,-0.17124271133932933f,0.04614441582333906f,0.3283895118467992f,-0.1693335181344971f,0.9846400487008933f,0.04254567111347535f,1.2351258103846352f,-0.05272127592078968f,0.0340574266123731f,-0.9980283356487564f,0.7036196181113004f,0f,0f,0f,1f], start_interpolation: 0, interpolation_duration: 1 }
$data merge entity $(bone_arm_left_1) { transformation: [-0.9247809617073706f,0.3211119190410852f,-0.20412571693283138f,0.29140301564655546f,0.014110838722131272f,-0.5071554765913308f,-0.8617390595731274f,1.0772856943914244f,-0.38023815838780417f,-0.7998002613235203f,0.46447657087594796f,0.39872261780504786f,0f,0f,0f,1f], start_interpolation: 0, interpolation_duration: 1 }
$data merge entity $(bone_arm_left_0) { transformation: [-0.9373538092736446f,-0.3476004258499618f,-0.023276172131880324f,0.16030911693911426f,-0.3448740543162877f,0.9353036416544289f,-0.07917691941095911f,1.3678809120301652f,0.04929221946346053f,-0.06618943916432957f,-0.9965887994772354f,0.3627359149690822f,0f,0f,0f,1f], start_interpolation: 0, interpolation_duration: 1 }
$data merge entity $(bone_finger_right_1_fire) { transformation: [0.5160457669232751f,-0.000005194716575225017f,-0.000013433986745157724f,-1.880398995708217f,0.756081195998991f,-0.000005532786643650824f,0.00000980879220267009f,2.263629301258948f,-0.4625770259916517f,-0.000014838496198628062f,0.0000010456449844681199f,-0.03538383400676588f,0f,0f,0f,1f], start_interpolation: 0, interpolation_duration: 1 }
$data merge entity $(bone_finger_right_1_fire_s) { transformation: [0.5031446227501932f,-0.31168299451350095f,-0.8060392047094633f,-1.880398995708217f,0.7371791660990163f,-0.3319671986190494f,0.5885275321602053f,2.263629301258948f,-0.4510126003418604f,-0.8903097719176837f,0.06273869906808718f,-0.03538383400676588f,0f,0f,0f,1f], start_interpolation: 0, interpolation_duration: 1 }
$data merge entity $(bone_finger_right_1) { transformation: [1.0003051787871442f,-0.6196590392789213f,-1.6024919164775822f,-1.033741922132734f,1.4655908146492285f,-0.6599862006891896f,1.170055510204585f,1.6638920487830857f,-0.8966611574903216f,-1.7700307929480263f,0.12473122587525792f,-0.06938311421341485f,0f,0f,0f,1f], start_interpolation: 0, interpolation_duration: 1 }
$data merge entity $(bone_finger_right_2_fire) { transformation: [0.8281879836696918f,0.000006834329660047683f,0.0000070675652551077745f,-0.3975171289298233f,-0.4539184050894071f,-9.02367717745319e-7f,0.000014918296356535217f,2.368801023897787f,0.4000028233702795f,-0.000015174170434575389f,0.0000022960254704945495f,-0.058269021121442485f,0f,0f,0f,1f], start_interpolation: 0, interpolation_duration: 1 }
$data merge entity $(bone_finger_right_2_fire_s) { transformation: [0.8074832840779496f,0.41005977960286094f,0.4240539153064664f,-0.3975171289298233f,-0.44257044496217196f,-0.05414206306471914f,0.8950977813921129f,2.368801023897787f,0.39000275278602253f,-0.9104502260745232f,0.13776152822967297f,-0.058269021121442485f,0f,0f,0f,1f], start_interpolation: 0, interpolation_duration: 1 }
$data merge entity $(bone_finger_right_2) { transformation: [1.003168110238663f,0.5094333248753352f,0.5268187877635727f,-0.624809185408675f,-0.5498225977856005f,-0.06726280550943728f,1.1120150318198596f,1.8888881627508245f,0.4845156948938932f,-1.1310879751529013f,0.17114654217957836f,-0.13306839646459911f,0f,0f,0f,1f], start_interpolation: 0, interpolation_duration: 1 }
$data merge entity $(bone_finger_film_right) { transformation: [2.361555938211814f,-0.002050843576469595f,-0.2349086922279835f,-0.8920457763877057f,0.6569596375182751f,-0.0160628757232449f,0.8344767905579669f,1.8263053472904947f,-0.08822043095534227f,-0.1745156158531254f,-0.0740468750316753f,-0.1358293252789276f,0f,0f,0f,1f], start_interpolation: 0, interpolation_duration: 1 }
$data merge entity $(bone_finger_right_0_fire) { transformation: [0.9636508094021192f,-0.0000019499024865817355f,-0.000005362944915869241f,-1.1281807159385226f,0.3290945778721488f,-4.5078429564676586e-7f,0.000015778965323214407f,2.487040487321231f,-0.12252913870491838f,-0.00001654607057852101f,2.021210922390086e-7f,-0.16155500539668421f,0f,0f,0f,1f], start_interpolation: 0, interpolation_duration: 1 }
$data merge entity $(bone_finger_right_0_fire_s) { transformation: [0.9395595391670664f,-0.11699414919490411f,-0.3217766949521544f,-1.1281807159385226f,0.32086721342534513f,-0.027047057738805946f,0.9467379193928642f,2.487040487321231f,-0.11946591023729544f,-0.9927642347112605f,0.012127265534340514f,-0.16155500539668421f,0f,0f,0f,1f], start_interpolation: 0, interpolation_duration: 1 }
$data merge entity $(bone_fire_large_right) { transformation: [0.0000250549210444551f,-0.0000031198439785307765f,-0.000008580711865390785f,-1.1161778755142726f,0.00000855645902467587f,-7.212548730348253e-7f,0.000025246344517143047f,2.496353769236898f,-0.0000031857576063278786f,-0.000026473712925633613f,3.2339374758241374e-7f,-0.05368879479122546f,0f,0f,0f,1f], start_interpolation: 0, interpolation_duration: 1 }
$data merge entity $(bone_finger_right_0) { transformation: [1.3741680718513045f,-0.17111169405993143f,-0.4706197340735664f,-0.8946025746069384f,0.46928955708745673f,-0.039558113810578895f,1.3846669284992237f,1.823842648267599f,-0.1747268083385978f,-1.4519834638957683f,0.017736929275314655f,-0.09918153628442443f,0f,0f,0f,1f], start_interpolation: 0, interpolation_duration: 1 }
$data merge entity $(bone_wing_right_1_model) { transformation: [-0.6701813307381405f,-0.6554048161730616f,0.3902288993770844f,-0.5884488563254013f,-0.7028924033472869f,0.7323891034509526f,0.022924953758399223f,1.4497485374176928f,-0.2962707145307654f,-0.25500551195083043f,-0.9371088173888691f,0.0478809007975271f,0f,0f,0f,1f], start_interpolation: 0, interpolation_duration: 1 }
$data merge entity $(bone_wing_right_0) { transformation: [-0.5051589855251192f,-0.0263872049257798f,-0.8626228114068379f,-0.17340502051791515f,0.3702096499338534f,0.896272377626226f,-0.2442143325034079f,1.6081860368511165f,0.7795891318118063f,-0.44271835349399785f,-0.44299124713754523f,0.19342083305700108f,0f,0f,0f,1f], start_interpolation: 0, interpolation_duration: 1 }
$data merge entity $(bone_finger_left_1_fire) { transformation: [0.6158019308783297f,0.000007202240557818493f,0.000011214715119099741f,1.7037717266813277f,-0.45641501473294915f,-0.000008642844772210144f,0.000012168439530884891f,2.4534509136588145f,0.6814784147211255f,-0.000012296615102074717f,-0.000001984193024484169f,-0.1735671885675455f,0f,0f,0f,1f], start_interpolation: 0, interpolation_duration: 1 }
$data merge entity $(bone_finger_left_1_fire_s) { transformation: [0.6004068826063715f,0.4321344334691095f,0.6728829071459844f,1.7037717266813277f,-0.4450046393646255f,-0.5185706863326086f,0.7301063718530935f,2.4534509136588145f,0.6644414543530974f,-0.7377969061244829f,-0.11905158146905011f,-0.1735671885675455f,0f,0f,0f,1f], start_interpolation: 0, interpolation_duration: 1 }
$data merge entity $(bone_finger_left_1) { transformation: [1.193672926022278f,0.8591293480761598f,1.3377629935829793f,0.9911868602483667f,-0.8847166902184077f,-1.030973838635768f,1.4515293452569475f,1.7134938914141933f,1.3209804850090887f,-1.4668189477121254f,-0.2366872427958283f,-0.02405017729839641f,0f,0f,0f,1f], start_interpolation: 0, interpolation_duration: 1 }
$data merge entity $(bone_finger_left_2_fire) { transformation: [0.7533434942220428f,-0.000005431948100353726f,-0.000009920144769905873f,0.23346068043116752f,0.4674655470413202f,-0.000006881524320458044f,0.000013142237142409158f,2.2432573034781984f,-0.5156443110523546f,-0.000014174496133541609f,-0.0000025787804122430212f,-0.24085409194602853f,0f,0f,0f,1f], start_interpolation: 0, interpolation_duration: 1 }
$data merge entity $(bone_finger_left_2_fire_s) { transformation: [0.7345099068664919f,-0.3259168860212235f,-0.5952086861943523f,0.23346068043116752f,0.4557789083652872f,-0.4128914592274826f,0.7885342285445494f,2.2432573034781984f,-0.5027532032760458f,-0.8504697680124964f,-0.15472682473458127f,-0.24085409194602853f,0f,0f,0f,1f], start_interpolation: 0, interpolation_duration: 1 }
$data merge entity $(bone_finger_left_2) { transformation: [0.9125104256049283f,-0.40489931258220174f,-0.7394510631994531f,0.5525872044207414f,0.566231989202774f,-0.5129512313804546f,0.9796269563781782f,1.820177910001254f,-0.6245899955969599f,-1.056571902867838f,-0.19222319450173905f,-0.15878663014850442f,0f,0f,0f,1f], start_interpolation: 0, interpolation_duration: 1 }
$data merge entity $(bone_finger_film_left) { transformation: [2.4308471613702585f,0.017578281605831372f,0.07672828176515066f,0.826344041254474f,-0.10452266930714227f,-0.06806032606168513f,0.8009276747119609f,1.8153752428534786f,0.3104550671653379f,-0.1605512944346272f,-0.33112562272346263f,-0.1394538664554907f,0f,0f,0f,1f], start_interpolation: 0, interpolation_duration: 1 }
$data merge entity $(bone_finger_left_0_fire) { transformation: [0.9973155342012041f,0.0000031817143306549937f,0.000002237811937434735f,0.933826997536249f,-0.07284348942942512f,-0.000005099617520809222f,0.00001582310075048397f,2.4698167109972653f,0.22802426354817548f,-0.000015545043352700503f,-0.000004732806582830773f,-0.3699885155830352f,0f,0f,0f,1f], start_interpolation: 0, interpolation_duration: 1 }
$data merge entity $(bone_finger_left_0_fire_s) { transformation: [0.9723826458461742f,0.1909028598392996f,0.13426871624608408f,0.933826997536249f,-0.0710224021936895f,-0.3059770512485533f,0.949386045029038f,2.4698167109972653f,0.22232365695947112f,-0.9327026011620301f,-0.2839683949698463f,-0.3699885155830352f,0f,0f,0f,1f], start_interpolation: 0, interpolation_duration: 1 }
$data merge entity $(bone_fire_large_left) { transformation: [0.00002593020388923131f,0.00000509074292904799f,0.0000035804990998955756f,0.912567524055786f,-0.0000018939307251650532f,-0.000008159388033294753f,0.000025316961200774346f,2.5091333192563026f,0.000005928630852252563f,-0.0000248720693643208f,-0.000007572490532529236f,-0.27064988316336286f,0f,0f,0f,1f], start_interpolation: 0, interpolation_duration: 1 }
$data merge entity $(bone_finger_left_0) { transformation: [1.422174039900317f,0.27920807982944007f,0.19637689281234927f,0.8266869489178542f,-0.10387496844241623f,-0.4475117084306544f,1.3885399876804514f,1.8248473933158809f,0.3251630772455001f,-1.364139345746796f,-0.41532259054956705f,-0.10387545556139825f,0f,0f,0f,1f], start_interpolation: 0, interpolation_duration: 1 }
$data merge entity $(bone_wing_left_1_model) { transformation: [-0.7825421982270199f,0.5816899151663233f,-0.2832695423614401f,0.5559058750330484f,0.6067749507499139f,0.8141138083413122f,-0.004466458584258204f,1.4121954463205326f,0.2245639111217635f,-0.17272125724311158f,-0.9750464092338865f,0.00429036185526559f,0f,0f,0f,1f], start_interpolation: 0, interpolation_duration: 1 }
$data merge entity $(bone_wing_left_0) { transformation: [-0.6173438270443908f,0.06576640127555017f,0.7839396530814402f,0.17556078954638263f,-0.311119182134483f,0.8948505818051146f,-0.3200738832691888f,1.6077424001380192f,-0.7225589621049314f,-0.4414942997438486f,-0.5319692938276916f,0.19308882146417317f,0f,0f,0f,1f], start_interpolation: 0, interpolation_duration: 1 }
$data merge entity $(bone_body_0) { transformation: [-0.9999987393173344f,0.0005653274397480879f,-0.0014838357819604163f,0.00033613447025457614f,0.0012712883068127247f,0.8449539754022766f,-0.5348375110983986f,1.1515839499998912f,0.0009514146219811023f,-0.5348387232210984f,-0.8449536288776103f,0.02344641110025547f,0f,0f,0f,1f], start_interpolation: 0, interpolation_duration: 1 }
$data merge entity $(bone_leg_right_3) { transformation: [-0.9728283439497198f,-0.2182241475185661f,-0.07735137133781533f,-0.16599138099110705f,-0.1098786233445246f,0.1410866661881664f,0.9838807045347622f,0.27753658328336495f,-0.20379328089992965f,0.9656462986330466f,-0.16123127673109347f,-0.48319521786879416f,0f,0f,0f,1f], start_interpolation: 0, interpolation_duration: 1 }
$data merge entity $(bone_leg_right_2) { transformation: [-0.894868283317746f,0.2810144699460132f,0.34675873917309064f,-0.11476433039842171f,0.2529037120564533f,0.9594028432825219f,-0.12484348893506236f,0.4409697057554305f,-0.3677641471650231f,-0.024021906301827323f,-0.9296087779693182f,-0.47846017086576675f,0f,0f,0f,1f], start_interpolation: 0, interpolation_duration: 1 }
$data merge entity $(bone_leg_right_1) { transformation: [-0.9271427044318898f,0.32982752834743445f,0.1778207163492031f,-0.1809254531704751f,0.18279594443175512f,0.8123774653135862f,-0.5537404595566189f,0.6075964800515314f,-0.3270963899495439f,-0.4808915214420974f,-0.8134809747542228f,-0.21210290264998527f,0f,0f,0f,1f], start_interpolation: 0, interpolation_duration: 1 }
$data merge entity $(bone_leg_right_0) { transformation: [-0.9271427044318898f,0.24911822762811164f,0.2799044734943508f,-0.09377683244113091f,0.18279594443175512f,0.9527755007907137f,-0.24249636655485635f,0.9497796291693492f,-0.3270963899495439f,-0.17366333451950344f,-0.928896656213996f,-0.19272831095214366f,0f,0f,0f,1f], start_interpolation: 0, interpolation_duration: 1 }
$data merge entity $(bone_leg_left_3) { transformation: [-0.95971196980487f,0.2501797192923524f,0.12791811078989754f,0.1559843813008609f,0.13035050541838006f,-0.006893860561323385f,0.9914440077098323f,0.28941496537372813f,0.24892103316198416f,0.968174871984065f,-0.025994932356318917f,-0.49576106368570055f,0f,0f,0f,1f], start_interpolation: 0, interpolation_duration: 1 }
$data merge entity $(bone_leg_left_2) { transformation: [-0.895521521322387f,-0.2326569310472384f,-0.3793572950189811f,0.1132558106808962f,-0.2526644683434214f,0.967549133132362f,0.0030563722860888487f,0.4533425955512741f,0.3663357357468336f,0.09858715641753518f,-0.9252452114463119f,-0.47008971349401746f,0f,0f,0f,1f], start_interpolation: 0, interpolation_duration: 1 }
$data merge entity $(bone_leg_left_1) { transformation: [-0.9269803934196088f,-0.3204772394413241f,-0.19494021959486868f,0.18477054235126397f,-0.1804388164464748f,0.8365745477104852f,-0.5172860520470202f,0.6079150880926527f,0.32886043199969f,-0.444339245535509f,-0.8333147371443228f,-0.19791154002337158f,0f,0f,0f,1f], start_interpolation: 0, interpolation_duration: 1 }
$data merge entity $(bone_leg_left_0) { transformation: [-0.9269803934196088f,-0.25910300082658094f,-0.27124340577844136f,0.09352418143142993f,-0.1804388164464748f,0.9419524432853166f,-0.283138531655827f,0.9495415152803728f,0.32886043199969f,-0.21352102835899606f,-0.9199236852660627f,-0.19290651210010898f,0f,0f,0f,1f], start_interpolation: 0, interpolation_duration: 1 }
$data merge entity $(bone_tail_3) { transformation: [-2.4422310877843874f,0.0036806489490460222f,0.0012212767212685992f,-0.0018527070177124646f,0.0031047837385818526f,1.39496712942719f,2.004635825522838f,0.4510438930755195f,0.002323577296468499f,2.004634850908017f,-1.394970049982281f,-1.3411009857090732f,0f,0f,0f,1f], start_interpolation: 0, interpolation_duration: 1 }
$data merge entity $(bone_tail_2) { transformation: [-1.1562485423356679f,0.0016753798988638057f,-0.0007509652706914313f,-0.0015536260034464768f,0.001469927104752213f,1.1281067787168588f,0.25354880718981615f,0.3415064549962019f,0.0011000731566656494f,0.2535475328518626f,-1.128107486423073f,-0.8803825026407067f,0f,0f,0f,1f], start_interpolation: 0, interpolation_duration: 1 }
$data merge entity $(bone_tail_1) { transformation: [-1.3854149200958905f,0.001288588973891884f,-0.0017829727793783946f,-0.0010260988653999813f,0.0017612640083967959f,1.3225035114892196f,-0.41274774417984866f,0.4585253648188903f,0.0013181056742029855f,-0.4127494905083681f,-1.3225034824000623f,-0.4822787815943176f,0f,0f,0f,1f], start_interpolation: 0, interpolation_duration: 1 }
$data merge entity $(bone_tail_0) { transformation: [-1.1979151564738904f,-0.00005455901797911998f,-0.001901365621516862f,-0.0004623019905667398f,0.00152289745086941f,0.6899547538291589f,-0.9792673070871285f,0.7603632576436365f,0.0011397154325815289f,-0.9792684897256912f,-0.689953814654919f,-0.29300990112636655f,0f,0f,0f,1f], start_interpolation: 0, interpolation_duration: 1 }
$data merge entity $(bone_body_1) { transformation: [-1.0208320463864455f,0.000024226719487903234f,-0.0016207800506251753f,1.5961347409628476e-17f,0.0012977734798713231f,0.6238024761663237f,-0.8080652702332914f,1.0022670440547974f,0.0009712357599390419f,-0.8080663119981388f,-0.6238017205485002f,-0.1303342924730738f,0f,0f,0f,1f], start_interpolation: 0, interpolation_duration: 1 }
data modify entity @s data merge value {"locators":{"body_1":{"posx":-0.00016233739787979782,"posy":0.7993656883067641,"posz":-0.029842955083314457,"roty":359.8511327487672,"rotx":-52.332861818766915},"body_0":{"posx":0.0005276959047266608,"posy":1.1257044621797077,"posz":0.259370347983438,"roty":359.89938212288223,"rotx":-32.33289248822384},"neck_1":{"posx":0.0011689260015551144,"posy":1.3688532914353198,"posz":0.6084474141960268,"roty":359.89938212288223,"rotx":-32.33289248822384},"neck_0":{"posx":0.0017070718104894265,"posy":1.6171909483702687,"posz":0.8422428236436722,"roty":359.84928056858496,"rotx":-52.87026804884553},"head_0":{"posx":0.0021618415130599286,"posy":1.8025323990877744,"posz":1.0725805808341464,"roty":359.82950549090504,"rotx":-57.87025547891715},"arm_right_0":{"posx":-0.17019348139708962,"posy":1.3943514173219913,"posz":1.0705975393981053,"roty":205.09709259621,"rotx":-53.83937992067527},"arm_left_0":{"posx":0.25402504651825203,"posy":1.236702740492802,"posz":0.8433181659767806,"roty":203.72427548023978,"rotx":-59.512408745220036},"finger_right_0":{"posx":-0.8930638414636395,"posy":1.6440259709068934,"posz":0.09798817662818397,"roty":265.54931123918414,"rotx":36.05258689822272},"finger_right_1":{"posx":-1.2976577564358192,"posy":2.092189365298038,"posz":0.07252456351930911,"roty":265.54931123918414,"rotx":36.05258689822272},"finger_right_2":{"posx":-1.7994756942604733,"posy":2.489455731945939,"posz":0.10007532786425499,"roty":265.54931123918414,"rotx":36.05258689822272},"finger_right_3":{"posx":-2.3380115172881477,"posy":2.9157903743195748,"posz":0.12964182471886027,"roty":265.54931123918414,"rotx":36.05258689822272},"finger_left_0":{"posx":0.8452124570008255,"posy":1.7178164267562126,"posz":0.1398733466804623,"roty":79.96662620764899,"rotx":46.895312322306225},"finger_left_1":{"posx":1.1580229378508573,"posy":2.208862103885454,"posz":-0.022048874587413572,"roty":79.96662620764899,"rotx":46.895312322306225},"finger_left_2":{"posx":1.5719008923938798,"posy":2.688576688174739,"posz":-0.11681073279864544,"roty":79.96662620764899,"rotx":46.895312322306225},"finger_left_3":{"posx":2.0160621214036185,"posy":3.203392188345405,"posz":-0.21850655934422508,"roty":79.96662620764899,"rotx":46.895312322306225},"leg_right_0":{"posx":-0.21541415563631627,"posy":0.4747480838504246,"posz":-0.19015432404351118,"roty":16.769132473733436,"rotx":-14.033924907590098},"leg_left_0":{"posx":0.22066565368633229,"posy":0.4764813061959325,"posz":-0.1704050129362134,"roty":343.5716235294208,"rotx":-16.447611746054765},"tail_0":{"posx":-0.0007398981782203192,"posy":0.5068091119817757,"posz":-0.2459803707857814,"roty":359.8421054462858,"rotx":-54.83285608060827},"tail_1":{"posx":-0.0015103025290893086,"posy":0.21032821729368378,"posz":-0.6595652326663761,"roty":359.9227550212822,"rotx":-17.332907345077444},"tail_2":{"posx":-0.0020170723921533354,"posy":0.19986535576817685,"posz":-1.178232803327981,"roty":359.9618590118994,"rotx":12.66706779868924},"tail_3":{"posx":-0.002090951613456019,"posy":0.4939627343034875,"posz":-1.6488600947482928,"roty":0.050161638860544144,"rotx":55.16701166959955},"tail_4":{"posx":-0.001872173016035824,"posy":0.8530716951216353,"posz":-1.8987539850218154,"roty":0.050161638860544144,"rotx":55.16701166959955},"shadow":{"posx":-6.412741111967148e-18,"posy":0.7510918309800647,"posz":0.05236400500480587,"roty":0,"rotx":-22.499999999999996}},"cameras":{}}