# This file was generated by Animated Java via MC-Build. It is not recommended to edit this file directly.
$data merge entity $(bone_head_lower) { transformation: [-0.9996763238635972f,0.011355512065564389f,0.022766199777159813f,-0.022111201065490835f,0.014818162047457704f,-0.4675114340005513f,0.8838628180618775f,0.4650425003943486f,0.020680173599368412f,0.8839140859973196f,0.4671918438879502f,0.250897222169264f,0f,0f,0f,1f], start_interpolation: 0, interpolation_duration: 1 }
$data merge entity $(bone_head_upper) { transformation: [-0.9996763238635972f,0.013645272667321412f,0.021472168972863016f,-0.02120150633029771f,0.014818162047457704f,-0.37376083262839466f,0.9274067403607031f,0.47492656284240015f,0.020680173599368412f,0.9274247390094592f,0.37343765730458445f,0.2690516466410672f,0f,0f,0f,1f], start_interpolation: 0, interpolation_duration: 1 }
$data merge entity $(bone_neck_0) { transformation: [-0.9999433875662198f,0.0023726502695310177f,0.01037266567915296f,-0.01929347556684084f,0.008241958364522916f,-0.44384618527454084f,0.8960650835400047f,0.650719164179342f,0.006729917154798726f,0.8960998461934566f,0.4438015027770331f,0.3371687472883615f,0f,0f,0f,1f], start_interpolation: 0, interpolation_duration: 1 }
$data merge entity $(bone_neck_1) { transformation: [-0.9996414836699166f,0.004626359161876299f,0.026372351565863768f,-0.014655228163063772f,0.026650842945864194f,0.07715435908106733f,0.9966629006063509f,0.82522957280428f,0.002576178658997599f,0.9970084260805898f,-0.0772499943548341f,0.3316314852308014f,0f,0f,0f,1f], start_interpolation: 0, interpolation_duration: 1 }
$data merge entity $(bone_neck_2) { transformation: [-0.9996414836699166f,-0.0037176976394675335f,0.02651570950341875f,-0.009177981000921497f,0.026650842945864194f,-0.23343910716214966f,0.9720061295164828f,1.0121700372173097f,0.002576178658997599f,0.9723643154556835f,0.23345449520606137f,0.5230632869692973f,0f,0f,0f,1f], start_interpolation: 0, interpolation_duration: 1 }
$data merge entity $(bone_arm_right_2) { transformation: [-0.9624084879845526f,0.017873663350422064f,0.2710174061083965f,-0.5715028082670378f,-0.20645111555897874f,-0.6965240249558817f,-0.6871915450176265f,0.8917012553286956f,0.17648750420282142f,-0.7173108216231614f,0.6740306714405248f,0.00252281055385406f,0f,0f,0f,1f], start_interpolation: 0, interpolation_duration: 1 }
$data merge entity $(bone_arm_right_1) { transformation: [-0.957502777703829f,-0.1799809142899336f,-0.22537812933115703f,-0.4864766526663099f,-0.273567484923995f,0.31916367999093104f,0.9073562566968979f,1.0335220141966506f,-0.09137429552019528f,0.930452264152227f,-0.35483703619011064f,0.30567476771651203f,0f,0f,0f,1f], start_interpolation: 0, interpolation_duration: 1 }
$data merge entity $(bone_arm_right_0) { transformation: [-0.18095078915695223f,0.9743532193571882f,0.13376328282364894f,-0.16902449092647795f,0.19227099693094765f,-0.09833723561475993f,0.976402402614223f,1.013594384975952f,0.964514735834894f,0.20239958502904704f,-0.16954566446068098f,0.34754657415208556f,0f,0f,0f,1f], start_interpolation: 0, interpolation_duration: 1 }
$data merge entity $(bone_arm_left_2) { transformation: [-0.9929255323587924f,0.018074862823470275f,-0.11735495951991812f,0.4569031656902179f,0.04347979409341443f,-0.864352347405297f,-0.5010035199881807f,0.9874435288596655f,-0.11049160463855698f,-0.5025617562736602f,0.8574516233791447f,-0.06852823878268696f,0f,0f,0f,1f], start_interpolation: 0, interpolation_duration: 1 }
$data merge entity $(bone_arm_left_1) { transformation: [-0.9653665064340633f,0.13986933781936944f,-0.22023641068920205f,0.3573292210778435f,-0.06598764063983842f,0.6858029341677284f,0.7247896017257164f,1.1930868033417381f,0.25241461831296386f,0.7142204868420576f,-0.6528215350591728f,0.19039174331273698f,0f,0f,0f,1f], start_interpolation: 0, interpolation_duration: 1 }
$data merge entity $(bone_arm_left_0) { transformation: [-0.7660538125246671f,-0.5865064030555066f,-0.26300531456857296f,0.14961123199330792f,0.23917931311571194f,-0.6398859546328012f,0.7303007745040158f,1.0050994287869575f,-0.5966194871892121f,0.4965442621142252f,0.6304672737482263f,0.3467254172045301f,0f,0f,0f,1f], start_interpolation: 0, interpolation_duration: 1 }
$data merge entity $(bone_finger_right_1_fire) { transformation: [1.1458254030170554f,0.000002749691095046768f,-0.000011786661581621767f,-1.8118683008261742f,0.9421532825520692f,0.000008162071991897528f,0.000011063140503243003f,2.226431448659593f,0.7597427957900882f,-0.000014268761595130819f,0.000004057007363020615f,0.8897853396351766f,0f,0f,0f,1f], start_interpolation: 0, interpolation_duration: 1 }
$data merge entity $(bone_finger_right_1_fire_s) { transformation: [0.45833016120682285f,0.10998764380187089f,-0.4714664632648713f,-1.8118683008261742f,0.3768613130208282f,0.3264828796759015f,0.44252562012972074f,2.226431448659593f,0.3038971183160357f,-0.5707504638052334f,0.16228029452082482f,0.8897853396351766f,0f,0f,0f,1f], start_interpolation: 0, interpolation_duration: 1 }
$data merge entity $(bone_finger_right_1) { transformation: [1.3668138735445368f,0.3280007518401868f,-1.4059884280899666f,-1.0843630994692999f,1.1238607332381914f,0.9736241844542851f,1.319682203326046f,1.5203746372233136f,0.9062698303573478f,-1.7020692031414124f,0.48394580310822227f,0.6664271422919987f,0f,0f,0f,1f], start_interpolation: 0, interpolation_duration: 1 }
$data merge entity $(bone_finger_right_2_fire) { transformation: [0.9135189220119143f,0.000007514174890052225f,0.000011741519127102143f,-0.11656533964283666f,-1.3359289902923963f,0.000008728892931046598f,0.000004807658397363154f,1.755306189504577f,-0.3981892637933719f,-0.000012046633625117479f,0.000010807447760685027f,1.2199859836255555f,0f,0f,0f,1f], start_interpolation: 0, interpolation_duration: 1 }
$data merge entity $(bone_finger_right_2_fire_s) { transformation: [0.3654075688047662f,0.3005669956020894f,0.4696607650840864f,-0.11656533964283666f,-0.5343715961169593f,0.34915571724186445f,0.19230633589452642f,1.755306189504577f,-0.159275705517349f,-0.4818653450046998f,0.4322979104274017f,1.2199859836255555f,0f,0f,0f,1f], start_interpolation: 0, interpolation_duration: 1 }
$data merge entity $(bone_finger_right_2) { transformation: [0.6809402017839079f,0.5601092262657043f,0.8752169452658881f,-0.49412728890232954f,-0.995806145115418f,0.6506547341927392f,0.3583645396198885f,1.6013286420758048f,-0.2968116708940026f,-0.8979602867380254f,0.805590938688178f,0.8716888846661078f,0f,0f,0f,1f], start_interpolation: 0, interpolation_duration: 1 }
$data merge entity $(bone_finger_film_right) { transformation: [3.0045318700511565f,0.005648589345870192f,-0.0070541552864219655f,-0.8600466496116146f,-0.5660387643309285f,0.01050310168520405f,0.6321853561541945f,1.6399390352295997f,0.7957546421567846f,-0.013856286129953814f,0.4763225146543246f,0.7680856919990011f,0f,0f,0f,1f], start_interpolation: 0, interpolation_duration: 1 }
$data merge entity $(bone_finger_right_0_fire) { transformation: [1.6280038910561707f,0.0000029756515807888704f,-0.0000019706873212468967f,-0.9432814358872522f,-0.050107778031107254f,0.00001101715060600065f,0.000012495963002528292f,2.189214395701639f,0.3533699464647933f,-0.00001214683777664895f,0.000010851040406297386f,1.1974584837517919f,0f,0f,0f,1f], start_interpolation: 0, interpolation_duration: 1 }
$data merge entity $(bone_finger_right_0_fire_s) { transformation: [0.6512015564224691f,0.11902606323155496f,-0.07882749284987597f,-0.9432814358872522f,-0.02004311121244293f,0.4406860242400266f,0.4998385201011324f,2.189214395701639f,0.14134797858591752f,-0.4858735110659586f,0.434041616251896f,1.1974584837517919f,0f,0f,0f,1f], start_interpolation: 0, interpolation_duration: 1 }
$data merge entity $(bone_fire_large_right) { transformation: [0.00002604806225689873f,0.000004761042529262192f,-0.0000031530997139950346f,-0.9620892947631516f,-8.017244484977162e-7f,0.00001762744096960104f,0.000019993540804045267f,2.1219872151054244f,0.000005653919143436694f,-0.00001943494044263832f,0.000017361664650075817f,1.2810808218096346f,0f,0f,0f,1f], start_interpolation: 0, interpolation_duration: 1 }
$data merge entity $(bone_finger_right_0) { transformation: [1.4286381275564592f,0.261125254429257f,-0.17293564592151714f,-0.8737462210289272f,-0.04397156700647335f,0.9667987588502158f,1.0965704249247927f,1.615560419936635f,0.3100961744782281f,-1.0659332985811074f,0.9522219285382106f,0.7920370468912915f,0f,0f,0f,1f], start_interpolation: 0, interpolation_duration: 1 }
$data merge entity $(bone_wing_right_1_model) { transformation: [-0.6475908719368411f,-0.5586402922324929f,0.5472880133168616f,-0.6194501701702028f,0.12545426913657368f,0.627157912538623f,0.7886135061850296f,1.2851556951222172f,-0.7719225168249273f,0.570588345198561f,-0.3309707711929825f,0.5066073712641042f,0f,0f,0f,1f], start_interpolation: 0, interpolation_duration: 1 }
$data merge entity $(bone_wing_right_0) { transformation: [-0.40562969715638625f,0.20073771256603748f,-0.8917224453486485f,-0.17959254960901325f,-0.579224874418634f,0.6982417496590612f,0.4206625772371141f,1.1594130323098217f,0.707080683967209f,0.6871410552330635f,-0.16695531310400324f,0.6028337096577743f,0f,0f,0f,1f], start_interpolation: 0, interpolation_duration: 1 }
$data merge entity $(bone_finger_left_1_fire) { transformation: [1.1036489837890089f,2.989159992005658e-8f,0.000012488906130169338f,1.86136809151118f,-1.0869828900958296f,0.000008230009557207315f,0.00000958600751772843f,2.0610113229778184f,-0.614983654252848f,-0.00001449288884102505f,0.000005469320005233825f,1.00765530501399f,0f,0f,0f,1f], start_interpolation: 0, interpolation_duration: 1 }
$data merge entity $(bone_finger_left_1_fire_s) { transformation: [0.44145959351560415f,0.0011956639968022647f,0.49955624520677416f,1.86136809151118f,-0.4347931560383324f,0.329200382288293f,0.3834403007091377f,2.0610113229778184f,-0.2459934617011395f,-0.5797155536410027f,0.21877280020935327f,1.00765530501399f,0f,0f,0f,1f], start_interpolation: 0, interpolation_duration: 1 }
$data merge entity $(bone_finger_left_1) { transformation: [1.3165031413984922f,0.0035656613447038366f,1.4897566522058314f,1.0843687751846343f,-1.2966227582112715f,0.9817282120448544f,1.1434803271627605f,1.446699755258149f,-0.7335918617466691f,-1.7288045354460502f,0.652415493872324f,0.6969105810183136f,0f,0f,0f,1f], start_interpolation: 0, interpolation_duration: 1 }
$data merge entity $(bone_finger_left_2_fire) { transformation: [1.0171200134665332f,-0.000004861173494108677f,-0.000012275726367858543f,0.0933440980485844f,1.2189732646390292f,0.000009411257532367238f,0.000006373101870107331f,1.8070011623317173f,0.5072956101514057f,-0.000012867595023834643f,0.00000929881134728924f,1.128542037667562f,0f,0f,0f,1f], start_interpolation: 0, interpolation_duration: 1 }
$data merge entity $(bone_finger_left_2_fire_s) { transformation: [0.40684800538661386f,-0.19444693976434732f,-0.4910290547143424f,0.0933440980485844f,0.4875893058556124f,0.37645030129469f,0.2549240748042936f,1.8070011623317173f,0.20291824406056255f,-0.5147038009533864f,0.3719524538915701f,1.128542037667562f,0f,0f,0f,1f], start_interpolation: 0, interpolation_duration: 1 }
$data merge entity $(bone_finger_left_2) { transformation: [0.7581648179580008f,-0.36235357366158366f,-0.9150369399644044f,0.4882540306253125f,0.9086269378683586f,0.70151843040279f,0.4750532439834549f,1.6026690052643675f,0.37813992334149327f,-0.9591550367348924f,0.6931366524109114f,0.8287629614717348f,0f,0f,0f,1f], start_interpolation: 0, interpolation_duration: 1 }
$data merge entity $(bone_finger_film_left) { transformation: [3.1255550529281266f,-0.002584930414283335f,0.02767583693437842f,0.8659630294931536f,0.18026313583004888f,0.01091581865411102f,0.6333717196143833f,1.5944326656471328f,-0.4233767877064586f,-0.014435422050880251f,0.47398896237352556f,0.7705440863867334f,0f,0f,0f,1f], start_interpolation: 0, interpolation_duration: 1 }
$data merge entity $(bone_finger_left_0_fire) { transformation: [1.6523613041841538f,-9.550181356754034e-8f,0.000002176894399107984f,0.9640719274561113f,-0.15581379384188154f,0.000011121755938417871f,0.000012314890530934682f,2.135473475026398f,-0.15232189554106665f,-0.000012412703252219073f,0.00001101736718839876f,1.2071697066752693f,0f,0f,0f,1f], start_interpolation: 0, interpolation_duration: 1 }
$data merge entity $(bone_finger_left_0_fire_s) { transformation: [0.6609445216736625f,-0.003820072542701619f,0.08707577596431948f,0.9640719274561113f,-0.0623255175367527f,0.4448702375367155f,0.4925956212373879f,2.135473475026398f,-0.060928758216426744f,-0.49650813008876354f,0.44069468753595104f,1.2071697066752693f,0f,0f,0f,1f], start_interpolation: 0, interpolation_duration: 1 }
$data merge entity $(bone_fire_large_left) { transformation: [0.00002643778086694646f,-1.5280290170806455e-7f,0.0000034830310385727744f,0.9641455444121347f,-0.0000024930207014701043f,0.000017794809501468593f,0.000019703824849495487f,2.0676661767007634f,-0.0000024371503286570663f,-0.000019860325203550513f,0.000017627787501438015f,1.2924227984842709f,0f,0f,0f,1f], start_interpolation: 0, interpolation_duration: 1 }
$data merge entity $(bone_finger_left_0) { transformation: [1.4500127257834363f,-0.008380663760260596f,0.19103113667696203f,0.8735360328665762f,-0.13673279769455626f,0.9759782925760234f,1.0806805957793788f,1.5689041876639283f,-0.13366851813263372f,-1.089264050877651f,0.9668177648165651f,0.7959725934912419f,0f,0f,0f,1f], start_interpolation: 0, interpolation_duration: 1 }
$data merge entity $(bone_wing_left_1_model) { transformation: [-0.709291507448822f,0.610780265321043f,-0.39348457148555976f,0.5901732528482028f,-0.07506785795537543f,0.48535028772732275f,0.8886939844214299f,1.3056354090320048f,0.7226669061225991f,0.6498920285241245f,-0.29388769470297477f,0.4708588464909197f,0f,0f,0f,1f], start_interpolation: 0, interpolation_duration: 1 }
$data merge entity $(bone_wing_left_0) { transformation: [-0.503565117528315f,-0.16875078720483958f,0.8473165549111157f,0.16924859029171382f,0.5879718347016798f,0.6516449130710144f,0.47921605656134986f,1.1501127875876644f,-0.6330176095546118f,0.7395147592079667f,-0.22892493727715163f,0.6019347102518138f,0f,0f,0f,1f], start_interpolation: 0, interpolation_duration: 1 }
$data merge entity $(bone_body_0) { transformation: [-0.9996414836699166f,0.014294708431240349f,0.022639908062402108f,-0.0006115053206843996f,0.026650842945864194f,0.4498579196759844f,0.8927024054381565f,1.3681297432817328f,0.002576178658997599f,0.8929857296819816f,-0.450077604294921f,0.16469460033337951f,0f,0f,0f,1f], start_interpolation: 0, interpolation_duration: 1 }
$data merge entity $(bone_leg_right_3) { transformation: [-0.998316781343281f,-0.03775299643111328f,0.04402630292068689f,-0.22414564888607164f,0.05258323526632665f,-0.2689572238380902f,0.9617156623005751f,1.429828816311824f,-0.0244664557571765f,0.9624119299997167f,0.27048968471441215f,-0.560062363261886f,0f,0f,0f,1f], start_interpolation: 0, interpolation_duration: 1 }
$data merge entity $(bone_leg_right_2) { transformation: [-0.9021735129649772f,0.3881403123939635f,0.1882287183167024f,-0.15342950289147766f,0.3997834371239417f,0.5884043370356938f,0.7028182834552281f,1.5230452253100597f,0.16203751388428372f,0.7093147637349033f,-0.6860148759625395f,-0.4348946969392269f,0f,0f,0f,1f], start_interpolation: 0, interpolation_duration: 1 }
$data merge entity $(bone_leg_right_1) { transformation: [-0.92973427975741f,0.27563125969857916f,0.24417530120989817f,-0.24009489237173454f,0.3567199341093818f,0.509673013620578f,0.7829331438864475f,1.2662047421394016f,0.09135128708982923f,0.8150219799882039f,-0.5721836370284797f,-0.2628189959205922f,0f,0f,0f,1f], start_interpolation: 0, interpolation_duration: 1 }
$data merge entity $(bone_leg_right_0) { transformation: [-0.9285018360984403f,0.369509174552122f,0.03670572548846679f,-0.0928292835741736f,0.3600708125154599f,0.8717892002543676f,0.3321635143935996f,1.5321315233654305f,0.090737810951564f,0.3216310933999694f,-0.9425073418398704f,-0.08211107708215461f,0f,0f,0f,1f], start_interpolation: 0, interpolation_duration: 1 }
$data merge entity $(bone_leg_left_3) { transformation: [-0.9861282201061283f,0.1653061514250962f,-0.015000327041182995f,0.20626430546858132f,-0.12390089873134899f,-0.6729539741725812f,0.7292335126273973f,1.498858444949397f,0.1104522557663868f,0.7209762998506619f,0.6841004854915428f,-0.5666901761362371f,0f,0f,0f,1f], start_interpolation: 0, interpolation_duration: 1 }
$data merge entity $(bone_leg_left_2) { transformation: [-0.9013867393798f,-0.32057096649656064f,-0.29109483250259466f,0.14783721082285517f,-0.39355342249937936f,0.32611825960344176f,0.8595129925674464f,1.5461384648571967f,-0.18060357058839582f,0.8893149814282243f,-0.4201204756948169f,-0.4127165055548905f,0f,0f,0f,1f], start_interpolation: 0, interpolation_duration: 1 }
$data merge entity $(bone_leg_left_1) { transformation: [-0.927464391694953f,-0.258713534928874f,-0.26995760589862444f,0.24251451537169172f,-0.3588915370717739f,0.41337007686104654f,0.8368524626086441f,1.2734166097057402f,-0.1049126625158771f,0.8730363602969229f,-0.4762361250927223f,-0.2721925996304142f,0f,0f,0f,1f], start_interpolation: 0, interpolation_duration: 1 }
$data merge entity $(bone_leg_left_0) { transformation: [-0.927464391694953f,-0.37202507413994695f,-0.037511949417188474f,0.09446975746150808f,-0.3588915370717739f,0.8575683456234526f,0.3684744186546932f,1.5316944016772196f,-0.1049126625158771f,0.3552096237376197f,-0.9288807546978289f,-0.0813133281829252f,0f,0f,0f,1f], start_interpolation: 0, interpolation_duration: 1 }
$data merge entity $(bone_tail_3) { transformation: [-2.4422053638256225f,-0.0003116595451266753f,0.011857006524182307f,0.007286501117810528f,0.005699660423726843f,2.1102055067722794f,1.2294339989983327f,1.8247527552873224f,-0.01040190398152051f,1.2294471712482424f,-2.110179892411375f,-1.4394307220281632f,0f,0f,0f,1f], start_interpolation: 0, interpolation_duration: 1 }
$data merge entity $(bone_tail_2) { transformation: [-1.1562363635987851f,0.003466148573746308f,0.004418122443147493f,0.005459610390949096f,0.002698444094707338f,1.14073659754007f,-0.1887506183623581f,1.89628865408854f,-0.004924671697247059f,-0.18873808133699352f,-1.1407312333595083f,-0.971307513797441f,0f,0f,0f,1f], start_interpolation: 0, interpolation_duration: 1 }
$data merge entity $(bone_tail_1) { transformation: [-1.3854003275553013f,0.002052109471732307f,0.006407927446389212f,0.0035304180075917584f,0.0032332708522169002f,1.3601314037094498f,0.2634605300243968f,1.8106170511438466f,-0.005900732754359089f,0.26347237761832987f,-1.3601201519949935f,-0.5653063673488282f,0f,0f,0f,1f], start_interpolation: 0, interpolation_duration: 1 }
$data merge entity $(bone_tail_0) { transformation: [-1.1979025388636062f,-0.0013589769518937164f,0.005656928808848142f,0.0018287266526910287f,0.00279568532334544f,0.8870221471418378f,0.8051013817534007f,1.5856789413889472f,-0.0051021373439947f,0.8051050887550683f,-0.8870085143520295f,-0.2890291667842211f,0f,0f,0f,1f], start_interpolation: 0, interpolation_duration: 1 }
$data merge entity $(bone_body_1) { transformation: [-1.0208212939881165f,0.00038086503619695145f,0.004943189931192935f,0.00042724609374999913f,0.002382410101633505f,0.93028459805871f,0.420316053918116f,1.4832684708623027f,-0.004347908345317223f,0.42032263322478014f,-0.9302745154718858f,-0.016098515092879392f,0f,0f,0f,1f], start_interpolation: 0, interpolation_duration: 1 }
data modify entity @s data merge value {"locators":{"body_1":{"posx":0.0008316874115321087,"posy":1.3386345560423332,"posz":-0.190306329266852,"roty":0.30444911699350996,"rotx":24.314071116031226},"body_0":{"posx":-0.006927597946582049,"posy":1.1359294779145042,"posz":0.11598082078992925,"roty":2.8796783987925494,"rotx":63.21481921877956},"neck_1":{"posx":-0.011583520899336624,"posy":0.9520727246323302,"posz":0.21134832453709318,"roty":173.52012717008978,"rotx":76.41100068424265},"neck_0":{"posx":-0.02053822251388703,"posy":0.6166078486901874,"posz":0.20705146214207387,"roty":18.84937561911164,"rotx":85.31787451604151},"pos_head":{"posx":-0.02396737280105584,"posy":0.34427502437137714,"posz":0.22893686941322372,"roty":176.70919221269537,"rotx":68.03411534470666},"head_0":{"posx":-0.02694221381145381,"posy":0.47312070747554835,"posz":-0.007189501250097919,"roty":176.70919221269537,"rotx":68.03411534470666},"arm_right_0":{"posx":-0.5496823032618086,"posy":0.9238678796616094,"posz":-0.15089628385173995,"roty":327.5779388084187,"rotx":65.14252485680677},"arm_left_0":{"posx":0.40535781538966986,"posy":0.9499052131629184,"posz":-0.21338056498056257,"roty":341.3576203405901,"rotx":46.45134799144016},"finger_right_0":{"posx":-1.0473631509536652,"posy":1.3421590906457967,"posz":0.7891803711571637,"roty":251.00636986331938,"rotx":41.589444065364326},"finger_right_1":{"posx":-1.3683178134250993,"posy":1.810826175278507,"posz":0.9954188935456574,"roty":251.00636986331938,"rotx":41.589444065364326},"finger_right_2":{"posx":-1.8017254729912735,"posy":2.251457519770849,"posz":1.1639498173799674,"roty":251.00636986331938,"rotx":41.589444065364326},"finger_right_3":{"posx":-2.2668453664999864,"posy":2.724330098526894,"posz":1.3448123249133273,"roty":251.00636986331938,"rotx":41.589444065364326},"finger_left_0":{"posx":1.0109870019422256,"posy":1.2761987468598126,"posz":0.8141396470380358,"roty":113.65025888960054,"rotx":35.11086945525398},"finger_left_1":{"posx":1.3602281381156511,"posy":1.7047452402890046,"posz":1.0582166665853592,"roty":113.65025888960054,"rotx":35.11086945525398},"finger_left_2":{"posx":1.821309787089198,"posy":2.0910815427328933,"posz":1.2785546519669597,"roty":113.65025888960054,"rotx":35.11086945525398},"finger_left_3":{"posx":2.3161285872041857,"posy":2.505686337106243,"posz":1.5150149176430343,"roty":113.65025888960054,"rotx":35.11086945525398},"leg_right_0":{"posx":-0.29184465274150606,"posy":1.1459516904236273,"posz":-0.30952095442923155,"roty":2.230243503376812,"rotx":19.400144724918626},"leg_left_0":{"posx":0.29461164652934557,"posy":1.1552182721519406,"posz":-0.3235243539204091,"roty":357.68742207517585,"rotx":21.621561458835757},"tail_0":{"posx":0.0028889140680365467,"posy":1.570175849278273,"posz":-0.5464395175933288,"roty":0.3654009474923612,"rotx":42.22816227551433},"tail_1":{"posx":0.004382485486720155,"posy":1.6761132838911361,"posz":-0.839059093001747,"roty":0.2699353297317941,"rotx":10.962530233812789},"tail_2":{"posx":0.005841271471453329,"posy":1.653142502726552,"posz":-1.1941460670265691,"roty":0.22190897927831088,"rotx":-9.395227135492863},"tail_3":{"posx":0.0083400900099441,"posy":1.7338897881276485,"posz":-1.7365848302596323,"roty":0.3219390367508197,"rotx":30.225559929873096},"tail_4":{"posx":0.010464145280782417,"posy":1.9541296741726069,"posz":-2.1146008761943387,"roty":0.3219390367508197,"rotx":30.225559929873096},"shadow":{"posx":0.00042724609375002645,"posy":1.267038682558432,"posz":-0.23906114472958875,"roty":0,"rotx":59.40944339136173}},"cameras":{}}