# This file was generated by Animated Java via MC-Build. It is not recommended to edit this file directly.
$data merge entity $(bone_head_lower) { transformation: [-0.9977777223882227f,-0.019935754646579516f,0.06357815971261008f,-0.05931578071623765f,0.02095095576408346f,-0.9996627958008129f,0.015341191096970802f,0.6936027263090089f,0.06325088266848286f,0.016639121923158348f,0.9978589406641022f,-0.49136882877587335f,0f,0f,0f,1f], start_interpolation: 0, interpolation_duration: 1 }
$data merge entity $(bone_head_upper) { transformation: [-0.9977777223882227f,-0.02065368018425812f,0.06334857694232093f,-0.05818944138789138f,0.02095095576408346f,-0.9997723745251915f,0.00403194603529182f,0.6805069747651912f,0.06325088266848286f,0.005350199165121514f,0.9979833171003167f,-0.47538952922581035f,0f,0f,0f,1f], start_interpolation: 0, interpolation_duration: 1 }
$data merge entity $(bone_neck_0) { transformation: [-0.9985774326086698f,-0.034426506757668736f,0.040717646262301746f,-0.049958604891424924f,0.03791037124543055f,-0.995386640643201f,0.08813761615267707f,0.7139590037889995f,0.037495530889845766f,0.08955585554003226f,0.9952757577183227f,-0.29002547189118144f,0f,0f,0f,1f], start_interpolation: 0, interpolation_duration: 1 }
$data merge entity $(bone_neck_1) { transformation: [-0.9977623144530201f,-0.0060387903838106435f,0.06658751285378728f,-0.03838863946568978f,0.04818130056837544f,-0.7554352619945488f,0.6534494067720678f,0.8219545892031654f,0.04635651122434425f,0.6551954654497598f,0.7540357922016564f,-0.15324408880263957f,0f,0f,0f,1f], start_interpolation: 0, interpolation_duration: 1 }
$data merge entity $(bone_neck_2) { transformation: [-0.9977623144530201f,-0.022183793424630338f,0.06307331580507099f,-0.027260601880851106f,0.04818130056837544f,-0.8926144003775542f,0.4482388810825756f,0.7963186526523209f,0.04635651122434425f,0.45027481780343054f,0.891685854053542f,0.1129172113988599f,0f,0f,0f,1f], start_interpolation: 0, interpolation_duration: 1 }
$data merge entity $(bone_arm_right_2) { transformation: [-0.9997911848714235f,-0.01310087721630436f,0.015682910111294714f,-0.5337155190734352f,-0.018728680132742936f,0.28044536511592577f,-0.9596872582906799f,1.2822946890951883f,0.008174545484676016f,-0.9597805812794713f,-0.28063216601979296f,-0.21561655790013667f,0f,0f,0f,1f], start_interpolation: 0, interpolation_duration: 1 }
$data merge entity $(bone_arm_right_1) { transformation: [-0.9668363647798974f,-0.2543422885901588f,0.023182837917609056f,-0.4700272213863038f,0.1728124411940234f,-0.5846663274718833f,0.7926544932624195f,1.075846005018611f,-0.18805133317197165f,0.7703734716066364f,0.6092301784522688f,0.053765003262532245f,0f,0f,0f,1f], start_interpolation: 0, interpolation_duration: 1 }
$data merge entity $(bone_arm_right_0) { transformation: [-0.13975612050273348f,0.856794016840752f,0.4963589824793293f,-0.18525676751998016f,-0.4476075592879482f,-0.5018035250832285f,0.740162613945295f,0.9365204734746513f,0.8832415862323917f,-0.11873177721206535f,0.45363759261083425f,0.004567254954410016f,0f,0f,0f,1f], start_interpolation: 0, interpolation_duration: 1 }
$data merge entity $(bone_arm_left_2) { transformation: [-0.9836677093704009f,0.1470831435984571f,-0.10375156100601182f,0.4635942472192665f,0.10876525333288331f,0.026442953085092175f,-0.9937156987285509f,1.2556608378443168f,-0.14341533115194569f,-0.988770609950222f,-0.0420086144646849f,-0.16948104277339301f,0f,0f,0f,1f], start_interpolation: 0, interpolation_duration: 1 }
$data merge entity $(bone_arm_left_1) { transformation: [-0.9647207208066672f,0.021518321269475227f,-0.2623945363303291f,0.3271046454418065f,-0.25876600647114956f,-0.2611720992088716f,0.9299619822819664f,1.1377060738540437f,-0.048518911171189394f,0.9650523801559038f,0.25752634586423845f,0.12496920119373497f,0f,0f,0f,1f], start_interpolation: 0, interpolation_duration: 1 }
$data merge entity $(bone_arm_left_0) { transformation: [-0.7494402753457661f,-0.5397111974362028f,-0.3834724201968672f,0.13277997021191995f,0.6510794596884961f,-0.7058955654061119f,-0.2789390397770121f,0.9211626839184816f,-0.12014495770276179f,-0.458719166922384f,0.8804214417179057f,-0.010208882998349711f,0f,0f,0f,1f], start_interpolation: 0, interpolation_duration: 1 }
$data merge entity $(bone_finger_right_1_fire) { transformation: [2.4392913931376103f,0.5915701062779786f,-0.7311706392418227f,-1.7642912852921235f,0.30285633865287426f,3.104930622883189f,0.3914265731165253f,1.4721237805035308f,2.251498756076418f,-1.0585658919271765f,0.7395039521733938f,1.3066863212302533f,0f,0f,0f,1f], start_interpolation: 0, interpolation_duration: 1 }
$data merge entity $(bone_finger_right_1_fire_s) { transformation: [0.2439291393137614f,0.059157010627797935f,-0.21934022476130907f,-1.7642912852921235f,0.030285633865287466f,0.31049306228831935f,0.11742210082991626f,1.4721237805035308f,0.22514987560764213f,-0.10585658919271779f,0.2218400936473361f,1.3066863212302533f,0f,0f,0f,1f], start_interpolation: 0, interpolation_duration: 1 }
$data merge entity $(bone_finger_right_1) { transformation: [1.4548714441918513f,0.3528313416275873f,-1.3082152893483692f,-1.0882771231458632f,0.18063321177541108f,1.8518799812674662f,0.7003429844218851f,1.07440403820057f,1.3428659060841701f,-0.6313625720539097f,1.3231253073426776f,0.6266181022570229f,0f,0f,0f,1f], start_interpolation: 0, interpolation_duration: 1 }
$data merge entity $(bone_finger_right_2_fire) { transformation: [1.6093715777241655f,1.438116546732294f,0.8467913514211588f,-0.06446502795472042f,-1.4223648556653237f,2.9194218988810654f,-0.25055972956913863f,0.8652182184857516f,-2.5491003223280377f,-0.7210462436345949f,0.6744298259920586f,1.1200150856007265f,0f,0f,0f,1f], start_interpolation: 0, interpolation_duration: 1 }
$data merge entity $(bone_finger_right_2_fire_s) { transformation: [0.16093715777241677f,0.14381165467322962f,0.2540247041911385f,-0.06446502795472042f,-0.14223648556653257f,0.29194218988810694f,-0.07516416066270856f,0.8652182184857516f,-0.2549100322328041f,-0.07210462436345959f,0.20231883185602506f,1.1200150856007265f,0f,0f,0f,1f], start_interpolation: 0, interpolation_duration: 1 }
$data merge entity $(bone_finger_right_2) { transformation: [0.5998156034180574f,0.5359885536710828f,0.9467545179526949f,-0.4729030593870858f,-0.5301178708449635f,1.088073650701296f,-0.280138142162726f,0.9870448886284132f,-0.9500541510572236f,-0.26873519683353986f,0.7540458269069618f,0.7945775083205663f,0f,0f,0f,1f], start_interpolation: 0, interpolation_duration: 1 }
$data merge entity $(bone_finger_film_right) { transformation: [3.051658751586885f,0.0014874873634255182f,0.05308202706528125f,-0.8493565337403758f,-1.0276124279118135f,0.004428014993790194f,0.1490941840664719f,1.0916274688517373f,-0.011418289082422803f,-0.0009615633346655855f,0.7686962474239212f,0.767564277265937f,0f,0f,0f,1f], start_interpolation: 0, interpolation_duration: 1 }
$data merge entity $(bone_finger_right_0_fire) { transformation: [3.27273102416961f,0.615008424018159f,-0.049564328268204345f,-0.8807805849567285f,-0.5929464624384991f,3.254448725647964f,0.1366690671540967f,1.2135399684974046f,0.2208104327936351f,-0.3760840885043567f,1.1016153160507807f,1.4583191665001154f,0f,0f,0f,1f], start_interpolation: 0, interpolation_duration: 1 }
$data merge entity $(bone_finger_right_0_fire_s) { transformation: [0.3272731024169615f,0.06150084240181598f,-0.014868555052708688f,-0.8807805849567285f,-0.059294646243849995f,0.3254448725647968f,0.040998670212718434f,1.2135399684974046f,0.02208104327936354f,-0.03760840885043572f,0.3304680714116641f,1.4583191665001154f,0f,0f,0f,1f], start_interpolation: 0, interpolation_duration: 1 }
$data merge entity $(bone_fire_large_right) { transformation: [0.000026181848193356885f,0.000004920067392145272f,-0.0000011894844042166934f,-0.8997688095569416f,-0.0000047435716995079925f,0.000026035589805183707f,0.0000032798936170174707f,1.107896482273049f,0.0000017664834623490808f,-0.0000030086727080348535f,0.00002643744571293309f,1.4768886558191054f,0f,0f,0f,1f], start_interpolation: 0, interpolation_duration: 1 }
$data merge entity $(bone_finger_right_0) { transformation: [1.435975782383522f,0.2698471693303946f,-0.065238740419076f,-0.863387246838022f,-0.26016704520583245f,1.4279540605464665f,0.17988981404400667f,1.0576787256829023f,0.09688496599555917f,-0.16501436850254553f,1.4499943438478673f,0.7700711615921253f,0f,0f,0f,1f], start_interpolation: 0, interpolation_duration: 1 }
$data merge entity $(bone_wing_right_1_model) { transformation: [-0.6540628373095321f,-0.5227907512953633f,0.5743419871927125f,-0.6276950221643853f,0.625106655098019f,0.09123337918087998f,0.7949183752544937f,1.0002118270312996f,-0.4608910474771784f,0.8656462233066734f,0.2630839057641534f,0.3268436870619091f,0f,0f,0f,1f], start_interpolation: 0, interpolation_duration: 1 }
$data merge entity $(bone_wing_right_0) { transformation: [-0.41611095813064986f,0.2530574346181373f,-0.8733920112458551f,-0.19241226192662883f,-0.9033544294791465f,-0.005257727495277975f,0.4288626015893566f,0.8359912878457416f,0.10393481257017917f,0.9674369700843939f,0.2307883525005738f,0.28095279196002376f,0f,0f,0f,1f], start_interpolation: 0, interpolation_duration: 1 }
$data merge entity $(bone_finger_left_1_fire) { transformation: [2.1431837654223003f,0.039873370604075295f,0.8509430205370255f,1.8713425440447065f,-0.6408941766355191f,3.2346030646846f,0.16252608367445387f,1.1320735685033498f,-2.471260632368849f,-0.8042787075142392f,0.6958251282009575f,1.1851020835250852f,0f,0f,0f,1f], start_interpolation: 0, interpolation_duration: 1 }
$data merge entity $(bone_finger_left_1_fire_s) { transformation: [0.2143183765422303f,0.0039873370604075345f,0.25527014265397535f,1.8713425440447065f,-0.064089417663552f,0.3234603064684604f,0.04875538733296959f,1.1320735685033498f,-0.24712606323688524f,-0.08042787075142405f,0.2087371016052073f,1.1851020835250852f,0f,0f,0f,1f], start_interpolation: 0, interpolation_duration: 1 }
$data merge entity $(bone_finger_left_1) { transformation: [1.2782633795783531f,0.023781754176129835f,1.5225128172339562f,1.07688251387847f,-0.3822497955590759f,1.9292207750759651f,0.29079273177777676f,0.946662829631423f,-1.4739389214850172f,-0.47969755808013276f,1.2449748698459684f,0.5431324256155429f,0f,0f,0f,1f], start_interpolation: 0, interpolation_duration: 1 }
$data merge entity $(bone_finger_left_2_fire) { transformation: [2.063728929689909f,-0.8003410967282818f,-0.8308101346880425f,0.0702018196975141f,0.8287383891816745f,3.210220895521784f,-0.11489003158551887f,0.9250346358918314f,2.4830075912426484f,-0.4062598207480009f,0.7288663539038043f,1.1101568499581072f,0f,0f,0f,1f], start_interpolation: 0, interpolation_duration: 1 }
$data merge entity $(bone_finger_left_2_fire_s) { transformation: [0.20637289296899117f,-0.08003410967282829f,-0.24923057887746927f,0.0702018196975141f,0.08287383891816756f,0.3210220895521788f,-0.03446528621134514f,0.9250346358918314f,0.2483007591242652f,-0.04062598207480014f,0.21864897372245548f,1.1101568499581072f,0f,0f,0f,1f], start_interpolation: 0, interpolation_duration: 1 }
$data merge entity $(bone_finger_left_2) { transformation: [0.7691553836210558f,-0.29828852734754985f,-0.9288867290114569f,0.47113823166602925f,0.30887224794019114f,1.1964549456475357f,-0.12845272485219184f,0.981407526149616f,0.9254212745194196f,-0.15141374614746622f,0.8149085514206305f,0.7585248397739206f,0f,0f,0f,1f], start_interpolation: 0, interpolation_duration: 1 }
$data merge entity $(bone_finger_film_left) { transformation: [3.1965915130646194f,-0.0005299067274559865f,0.036583984329581404f,0.8585004095585084f,0.3376262002290398f,0.0047080733784714964f,0.09432410246813179f,1.0037756023723463f,-0.1911807076651767f,-0.0005456953465803659f,0.7782706944936182f,0.7052833015229322f,0f,0f,0f,1f], start_interpolation: 0, interpolation_duration: 1 }
$data merge entity $(bone_finger_left_0_fire) { transformation: [3.2982069300175487f,0.09920311966028536f,0.15745306517345292f,0.9656230722425936f,-0.11435263354134045f,3.329896072392271f,0.033044945953629175f,1.0596549415510959f,-0.46889831850571423f,-0.11428910371206266f,1.0994580141713082f,1.3969441144638148f,0f,0f,0f,1f], start_interpolation: 0, interpolation_duration: 1 }
$data merge entity $(bone_finger_left_0_fire_s) { transformation: [0.32982069300175537f,0.00992031196602855f,0.04723355787414224f,0.9656230722425936f,-0.011435263354134062f,0.3329896072392276f,0.009912988136681932f,1.0596549415510959f,-0.04688983185057149f,-0.011428910371206281f,0.3298209132057327f,1.3969441144638148f,0f,0f,0f,1f], start_interpolation: 0, interpolation_duration: 1 }
$data merge entity $(bone_fire_large_left) { transformation: [0.000026385655440140394f,7.936249572822829e-7f,0.000003778684629931374f,0.9619094620475345f,-9.148210683307236e-7f,0.00002663916857913817f,7.930390509345534e-7f,0.9512587782116125f,-0.0000037511865480457136f,-9.143128296965014e-7f,0.000026385673056458578f,1.4070636826992224f,0f,0f,0f,1f], start_interpolation: 0, interpolation_duration: 1 }
$data merge entity $(bone_finger_left_0) { transformation: [1.4471538424079338f,0.043527340412953454f,0.2072466228424263f,0.8647685373477664f,-0.05017449072485476f,1.4610580834465479f,0.043495205656084085f,0.9675044975095083f,-0.20573845659846243f,-0.050146615749603766f,1.44715480859665f,0.7044000870283688f,0f,0f,0f,1f], start_interpolation: 0, interpolation_duration: 1 }
$data merge entity $(bone_wing_left_1_model) { transformation: [-0.7239992583103564f,0.608086495078024f,-0.3701796476193938f,0.5823379436577072f,-0.5335573232292041f,-0.11396070921093854f,0.8563332427428397f,1.0091035005485476f,0.4712947483649492f,0.8051216394444409f,0.4007960689724325f,0.2874992042220187f,0f,0f,0f,1f], start_interpolation: 0, interpolation_duration: 1 }
$data merge entity $(bone_wing_left_0) { transformation: [-0.47762705928349175f,-0.17832346617669276f,0.8602750337252233f,0.15577311133936242f,0.8781719129957165f,-0.06770009945427502f,0.4735301339506551f,0.8191776400662727f,-0.026200829483966792f,0.9816401774299028f,0.1889340588399585f,0.26477593407498146f,0f,0f,0f,1f], start_interpolation: 0, interpolation_duration: 1 }
$data merge entity $(bone_body_0) { transformation: [-0.9977623144530201f,0.023786765645183925f,0.06248642762627727f,-0.001114024863428409f,0.04818130056837544f,-0.39216942850509784f,0.9186303400288524f,1.2992303916141477f,0.04635651122434425f,0.919585411544858f,0.3901457993378646f,0.152979060243697f,0f,0f,0f,1f], start_interpolation: 0, interpolation_duration: 1 }
$data merge entity $(bone_leg_right_3) { transformation: [-0.9993025370362058f,-0.012010666588549004f,0.03535793208180757f,-0.2272612772554513f,0.0339877295885915f,-0.6847653630578374f,0.7279706256393046f,1.7415028812185995f,0.015468474728162224f,0.7286646289235992f,0.6846959798664057f,-0.3738917907737659f,0f,0f,0f,1f], start_interpolation: 0, interpolation_duration: 1 }
$data merge entity $(bone_leg_right_2) { transformation: [-0.9051624014510968f,0.3920188536540469f,0.16432359958037288f,-0.15569457301104267f,0.22318037390537177f,0.10929480062719985f,0.9686305628356556f,1.751985183028324f,0.3617617278026273f,0.9134417687710737f,-0.18642045853830028f,-0.21856843420470762f,0f,0f,0f,1f], start_interpolation: 0, interpolation_duration: 1 }
$data merge entity $(bone_leg_right_1) { transformation: [-0.9323614658028011f,0.27136648419346326f,0.23887722441147735f,-0.2406110625311622f,0.22975457048778625f,-0.06539914522224954f,0.9710488088372139f,1.4425861822593318f,0.2791324675239793f,0.960251624867502f,-0.001372047118982811f,-0.23079212190052792f,0f,0f,0f,1f], start_interpolation: 0, interpolation_duration: 1 }
$data merge entity $(bone_leg_right_0) { transformation: [-0.9296362565659128f,0.3684542076299384f,0.004234071080053324f,-0.09119412000005982f,0.2372883201456767f,0.5898253351790618f,0.7718810317032997f,1.5807576893429558f,0.2819054515268543f,0.7185732884408533f,-0.635752896602712f,0.05841848709155092f,0f,0f,0f,1f], start_interpolation: 0, interpolation_duration: 1 }
$data merge entity $(bone_leg_left_3) { transformation: [-0.9975216358031391f,0.04951935960672879f,-0.0499841887877427f,0.23691969124185766f,-0.06836798367103888f,-0.850032036571299f,0.5222751723097759f,1.7708182531932888f,-0.016625429720335195f,0.5243981024246646f,0.8513108863746695f,-0.37024296342510576f,0f,0f,0f,1f], start_interpolation: 0, interpolation_duration: 1 }
$data merge entity $(bone_leg_left_2) { transformation: [-0.899525787554672f,-0.3880360304434465f,-0.20070225858679186f,0.166325771198562f,-0.20450922159451604f,-0.03194137174904378f,0.9783433584655208f,1.7571861690421022f,-0.38604317868206406f,0.9210905426984266f,-0.05062485895847993f,-0.21471906931834364f,0f,0f,0f,1f], start_interpolation: 0, interpolation_duration: 1 }
$data merge entity $(bone_leg_left_1) { transformation: [-0.9285896544387007f,-0.29292737454978107f,-0.22784821023827817f,0.2480011628351036f,-0.21258509170718787f,-0.08337855232984359f,0.9735787568528939f,1.447157067100688f,-0.3041855230829714f,0.9524922940637115f,0.015152468313357703f,-0.23201232698062305f,0f,0f,0f,1f], start_interpolation: 0, interpolation_duration: 1 }
$data merge entity $(bone_leg_left_0) { transformation: [-0.9285896544387007f,-0.3706294027069351f,0.018844084443529155f,0.09609351398897172f,-0.21258509170718787f,0.5728668569754918f,0.7916003682179967f,1.5785858250700595f,-0.3041855230829714f,0.7310659409575322f,-0.6107485223220904f,0.059037689750763594f,0f,0f,0f,1f], start_interpolation: 0, interpolation_duration: 1 }
$data merge entity $(bone_tail_3) { transformation: [-2.442056626542397f,0.012004613431027449f,0.026889530504784664f,0.017187647111073668f,0.028319090943758757f,1.5688191431132075f,1.8715000000330453f,2.587429046188447f,-0.008073827005532767f,1.871675749239687f,-1.5688442968821255f,-0.8642714287737909f,0f,0f,0f,1f], start_interpolation: 0, interpolation_duration: 1 }
$data merge entity $(bone_tail_2) { transformation: [-1.1561659455012592f,0.011031112326579247f,0.008525463272916827f,0.01364043044506201f,0.013407374833516604f,1.0736033255093749f,0.4290806500592692f,2.40628055559506f,-0.003822468214785817f,0.42914831528977254f,-1.073653191082063f,-0.42674119891428514f,0f,0f,0f,1f], start_interpolation: 0, interpolation_duration: 1 }
$data merge entity $(bone_tail_1) { transformation: [-1.385315952717725f,0.007531104958820677f,0.014910864551028724f,0.009137590236505583f,0.016064692368087462f,0.9396704326754873f,1.0179099881091447f,2.0967689468584165f,-0.00458007452762625f,1.0180088902810918f,-0.9396894500332327f,-0.1504034259999329f,0f,0f,0f,1f], start_interpolation: 0, interpolation_duration: 1 }
$data merge entity $(bone_tail_0) { transformation: [-1.1978295831769803f,-0.0015827484665123124f,0.01435704883084988f,0.004848563280279914f,0.013890523476165852f,0.2002369149228408f,1.1809811901709186f,1.7492376690184972f,-0.003960214817120442f,1.181061815946673f,-0.2002040056770279f,-0.07209151313788882f,0f,0f,0f,1f], start_interpolation: 0, interpolation_duration: 1 }
$data merge entity $(bone_body_1) { transformation: [-1.0207591230551658f,0.0025508100326307698f,0.01204161584966457f,0.0014648437499999879f,0.01183714174490655f,0.4772426892924015f,0.9023303120458227f,1.501020083876316f,-0.0033747917571982887f,0.9024043458060129f,-0.47723757385128596f,0.08074038838214935f,0f,0f,0f,1f], start_interpolation: 0, interpolation_duration: 1 }
data modify entity @s data merge value {"locators":{"body_1":{"posx":0.0021264650164918453,"posy":1.4935557120607665,"posz":-0.14555884011609832,"roty":1.4453753122442095,"rotx":62.11834510529855},"body_0":{"posx":-0.016227077565790334,"posy":1.1868809672475218,"posz":-0.05553734453679396,"roty":170.90068795262863,"rotx":66.72666129140265},"neck_1":{"posx":-0.029126471793459466,"posy":0.9955086496193697,"posz":-0.1342741214669716,"roty":175.95392747074175,"rotx":26.63074841278899},"neck_0":{"posx":-0.05075596195187059,"posy":0.7982837644273109,"posz":-0.3948316649248604,"roty":174.95340634217692,"rotx":40.802180073612874},"pos_head":{"posx":-0.06705673144826127,"posy":0.6683691713649929,"posz":-0.6112597421859076,"roty":176.36793231925085,"rotx":0.2310141169665175},"head_0":{"posx":-0.059558683244582265,"posy":0.9356218509970454,"posz":-0.5815022698659535,"roty":176.36793231925085,"rotx":0.2310141169665175},"arm_right_0":{"posx":-0.48204146852625457,"posy":1.4217281493461393,"posz":-0.2698046317760786,"roty":177.82079375804062,"rotx":52.43427460311371},"arm_left_0":{"posx":0.42488512069848405,"posy":1.3604263111951755,"posz":-0.28161508669163926,"roty":225.5364635778319,"rotx":68.42888949589138},"finger_right_0":{"posx":-1.0600956753433328,"posy":0.8587807948163101,"posz":0.5964426927136259,"roty":224.67534725001576,"rotx":20.625995101314167},"finger_right_1":{"posx":-1.3459941784308869,"posy":1.0785759058576052,"posz":1.0813624951468803,"roty":224.67534725001576,"rotx":20.625995101314167},"finger_right_2":{"posx":-1.7466888068855384,"posy":1.3065707261559898,"posz":1.5261804692136878,"roty":224.67534725001576,"rotx":20.625995101314167},"finger_right_3":{"posx":-2.1767020382472166,"posy":1.551247979763733,"posz":2.003546052523862,"roty":224.67534725001576,"rotx":20.625995101314167},"finger_left_0":{"posx":0.9993466471068682,"posy":0.7454354095474943,"posz":0.5019760506628246,"roty":129.27323058337095,"rotx":8.410606701641868},"finger_left_1":{"posx":1.3609402207252965,"posy":0.8580696388718593,"posz":0.9728886514706883,"roty":129.27323058337095,"rotx":8.410606701641868},"finger_left_2":{"posx":1.8331042830053597,"posy":0.9570549639544497,"posz":1.3943905578930502,"roty":129.27323058337095,"rotx":8.410606701641868},"finger_left_3":{"posx":2.3398164043867933,"posy":1.0632831219808148,"posz":1.8467340581178866,"roty":129.27323058337095,"rotx":8.410606701641868},"leg_right_0":{"posx":-0.2922853722254115,"posy":1.362412849755389,"posz":-0.3318955815182046,"roty":0.3815803556754247,"rotx":50.52310565116189},"leg_left_0":{"posx":0.3000274068196423,"posy":1.3693707966035045,"posz":-0.3347862202260792,"roty":1.7672479788954547,"rotx":52.33532089912199},"tail_0":{"posx":0.00725186160603984,"posy":1.8960406322729786,"posz":-0.2840930996953398,"roty":4.101778742029126,"rotx":80.35424960989612},"tail_1":{"posx":0.01075405824596018,"posy":2.1505677814832866,"posz":-0.450629368667689,"roty":0.9090853524365059,"rotx":47.28457712082565},"tail_2":{"posx":0.013612571771276404,"posy":2.3136337478104267,"posz":-0.743275218608519,"roty":0.4549539849198254,"rotx":21.783274356824002},"tail_3":{"posx":0.018389771012602155,"posy":2.6026070685631315,"posz":-1.1746356268127593,"roty":0.9819366871967077,"rotx":50.02336753993044},"tail_4":{"posx":0.0232067413737612,"posy":2.9378661772881514,"posz":-1.4556772194880168,"roty":0.9819366871967077,"rotx":50.02336753993044},"shadow":{"posx":0.001464843750000026,"posy":1.5077640050544874,"posz":-0.22977881407012374,"roty":180,"rotx":75.22466875783374}},"cameras":{}}