# This file was generated by Animated Java via MC-Build. It is not recommended to edit this file directly.
$data merge entity $(bone_head_lower) { transformation: [-0.9296713745263772f,-0.32542371685888305f,0.1726572902949258f,-0.2221638438497123f,-0.30579067030735674f,0.9430525727320278f,0.13093475862612022f,1.945161339211329f,-0.20543417763170316f,0.06892930849248728f,-0.9762405180546098f,0.7048087529695636f,0f,0f,0f,1f], start_interpolation: 0, interpolation_duration: 1 }
$data merge entity $(bone_head_upper) { transformation: [-0.9296713745263772f,-0.34438437650864206f,0.13080724981051553f,-0.22424555316729844f,-0.30579067030735674f,0.9194200190460483f,0.24730324407565127f,1.9613231543028191f,-0.20543417763170316f,0.18991111024402332f,-0.9600680022095662f,0.6920585536708788f,0f,0f,0f,1f], start_interpolation: 0, interpolation_duration: 1 }
$data merge entity $(bone_neck_0) { transformation: [-0.9131712881246523f,-0.19024094311778622f,0.3604533008676973f,-0.15333158016664725f,-0.06725891655423388f,0.942595889122457f,0.32709207870780843f,2.0067360219365247f,-0.40198810515824224f,0.2744473963642209f,-0.8735469019693136f,0.5233709769103381f,0f,0f,0f,1f], start_interpolation: 0, interpolation_duration: 1 }
$data merge entity $(bone_neck_1) { transformation: [-0.9735345429283734f,-0.15141164911720562f,0.1711870504356314f,-0.1246691783675764f,-0.09844430566564077f,0.9538206241672899f,0.28378677840084643f,2.063847788203187f,-0.20625036341120243f,0.2594238412804988f,-0.9434829400513911f,0.3608201534564832f,0f,0f,0f,1f], start_interpolation: 0, interpolation_duration: 1 }
$data merge entity $(bone_neck_2) { transformation: [-0.9735345429283734f,-0.06060276427674116f,0.2203583415422728f,-0.08338330653910571f,-0.09844430566564077f,0.9813633488748725f,-0.16502937970890136f,2.166288006811092f,-0.20625036341120243f,-0.18235482567541944f,-0.961357116344199f,0.11704905060134788f,0f,0f,0f,1f], start_interpolation: 0, interpolation_duration: 1 }
$data merge entity $(bone_arm_right_2) { transformation: [-0.8665049975270194f,-0.20057930037839952f,-0.4570963066142759f,-0.2766407985431647f,-0.48292859923385345f,0.10518127985681003f,0.8693197722413265f,1.3871627586230335f,-0.12628957717376443f,0.9740148061643596f,-0.18800558520926064f,0.28678434703983635f,0f,0f,0f,1f], start_interpolation: 0, interpolation_duration: 1 }
$data merge entity $(bone_arm_right_1) { transformation: [-0.7196327023282791f,-0.5992975272308527f,0.3506725646449744f,-0.35651431630153363f,-0.6938941767921893f,0.6390979653778309f,-0.33175994644291623f,1.6885676941512457f,-0.0252912070409492f,-0.4820749573509313f,-0.8757648601888004f,0.13839644351057429f,0f,0f,0f,1f], start_interpolation: 0, interpolation_duration: 1 }
$data merge entity $(bone_arm_right_0) { transformation: [-0.5793396865086897f,0.3060871911755675f,0.7554311080662914f,-0.2345262372754214f,0.18323679358445252f,0.9519965399587029f,-0.24520780041333556f,1.9852357504181541f,-0.7942227679391354f,-0.0036358362049298543f,-0.6076158124853144f,0.14415895512979024f,0f,0f,0f,1f], start_interpolation: 0, interpolation_duration: 1 }
$data merge entity $(bone_arm_left_2) { transformation: [-0.8988256622228753f,-0.3432568960962185f,-0.27255665871887913f,0.4185140767158898f,-0.4114246824033211f,0.44631621895978263f,0.7946896019218883f,1.674287909252306f,-0.15113622874392496f,0.8264239444593994f,-0.5423848305264728f,0.3768441664306732f,0f,0f,0f,1f], start_interpolation: 0, interpolation_duration: 1 }
$data merge entity $(bone_arm_left_1) { transformation: [-0.9885464930221176f,0.1100091784361023f,0.10331414130449962f,0.30682504028731616f,-0.03171669666894876f,0.5178491311871234f,-0.8548838099304205f,1.8295143244466943f,-0.14754620390264953f,-0.8483691755294712f,-0.508428814806323f,0.08931329316446557f,0f,0f,0f,1f], start_interpolation: 0, interpolation_duration: 1 }
$data merge entity $(bone_arm_left_0) { transformation: [-0.7272984237318932f,-0.6670105289099856f,-0.1616600048259455f,0.07578789828299756f,-0.6556159151136175f,0.6055453764438861f,0.45109042210754824f,2.016614872849077f,-0.20298959255793675f,0.43406422496060815f,-0.8777149160875123f,0.20990125846711102f,0f,0f,0f,1f], start_interpolation: 0, interpolation_duration: 1 }
$data merge entity $(bone_finger_right_1_fire) { transformation: [0.5113379598657181f,-1.4924780912134847f,-0.5374201483252166f,-1.428192745075592f,1.5860444347164666f,0.4909293587245032f,0.1457024146164003f,2.269565383897792f,0.027826600278627323f,-0.5561252464759002f,1.570900432340264f,0.45022466600588307f,0f,0f,0f,1f], start_interpolation: 0, interpolation_duration: 1 }
$data merge entity $(bone_finger_right_1_fire_s) { transformation: [0.0000030680277591943086f,-0.00000895486854728091f,-0.0000032245208899513f,-1.428192745075592f,0.0000095162666082988f,0.0000029455761523470193f,8.742144876984018e-7f,2.269565383897792f,1.6695960167176395e-7f,-0.000003336751478855401f,0.000009425402594041584f,0.45022466600588307f,0f,0f,0f,1f], start_interpolation: 0, interpolation_duration: 1 }
$data merge entity $(bone_finger_right_1) { transformation: [0.6099566441572599f,-1.7803233857972822f,-0.6410691478118111f,-1.062962567335876f,1.891935308573623f,0.5856119585655458f,0.17380316510897773f,2.1679422990319694f,0.0331933497147645f,-0.6633817860122282f,1.8738705733231364f,-0.5161854897705521f,0f,0f,0f,1f], start_interpolation: 0, interpolation_duration: 1 }
$data merge entity $(bone_finger_right_2_fire) { transformation: [1.205952214599382f,0.843263427976271f,0.7825367882204217f,-0.6316770064606313f,-1.1220352001841678f,1.1124311610374644f,0.5303882533373915f,2.4178224208158805f,-0.25395677472416134f,-0.9105940263192607f,1.3726260428759007f,-0.09892240396329505f,0f,0f,0f,1f], start_interpolation: 0, interpolation_duration: 1 }
$data merge entity $(bone_finger_right_2_fire_s) { transformation: [0.000007235713287596292f,0.000005059580567857626f,0.00000469522072932253f,-0.6316770064606313f,-0.000006732211201105007f,0.000006674586966224786f,0.0000031823295200243488f,2.4178224208158805f,-0.000001523740648344968f,-0.000005463564157915564f,0.000008235756257255405f,-0.09892240396329505f,0f,0f,0f,1f], start_interpolation: 0, interpolation_duration: 1 }
$data merge entity $(bone_finger_right_2) { transformation: [0.8989210015951303f,0.6285715106355102f,0.5833056608182611f,-0.8832410755246329f,-0.8363689653404791f,0.8292100809463895f,0.3953532603965782f,2.247965351607468f,-0.18930026872810135f,-0.6787599742974689f,1.0231602565508464f,-0.5410050602395456f,0f,0f,0f,1f], start_interpolation: 0, interpolation_duration: 1 }
$data merge entity $(bone_finger_film_right) { transformation: [1.1371304299713751f,-0.1700340611266885f,-0.00624925399108844f,-0.9704870222311205f,0.4323651042262368f,0.37946382311618854f,0.3973725649230719f,2.2710389154779467f,-0.17822063232782212f,-0.16431312819711805f,0.9241568241591969f,-0.47894367924816905f,0f,0f,0f,1f], start_interpolation: 0, interpolation_duration: 1 }
$data merge entity $(bone_finger_right_0_fire) { transformation: [1.541707887652555f,-0.6325688843513593f,0.027770010409656952f,-0.9784721295807788f,0.5923310283868631f,1.4666918527484325f,0.5251064079491964f,2.5206161020521023f,-0.2237376135964529f,-0.4758669913007463f,1.581540345558821f,0.1772879197837336f,0f,0f,0f,1f], start_interpolation: 0, interpolation_duration: 1 }
$data merge entity $(bone_finger_right_0_fire_s) { transformation: [0.00000925024732591533f,-0.0000037954133061081554f,1.6662006245794172e-7f,-0.9784721295807788f,0.0000035539861703211786f,0.000008800151116490595f,0.0000031506384476951783f,2.5206161020521023f,-0.0000013424256815787174f,-0.0000028552019478044778f,0.000009489242073352927f,0.1772879197837336f,0f,0f,0f,1f], start_interpolation: 0, interpolation_duration: 1 }
$data merge entity $(bone_fire_large_right) { transformation: [0.00002466732620244088f,-0.000010121102149621747f,4.4432016655451125e-7f,-0.9358197814317772f,0.000009477296454189809f,0.000023467069643974917f,0.000008401702527187142f,2.4273851209931903f,-0.0000035798018175432464f,-0.0000076138718608119404f,0.000025304645528941137f,0.21409398119813883f,0f,0f,0f,1f], start_interpolation: 0, interpolation_duration: 1 }
$data merge entity $(bone_finger_right_0) { transformation: [1.3529099543036511f,-0.5551043406314707f,0.02436928799238776f,-0.9638378795582507f,0.5197940225678508f,1.2870804017878963f,0.4608017459551358f,2.236317585468726f,-0.19633864950102786f,-0.41759220057930907f,1.3878645194566015f,-0.46865384514340835f,0f,0f,0f,1f], start_interpolation: 0, interpolation_duration: 1 }
$data merge entity $(bone_wing_right_1_model) { transformation: [-0.503852332404739f,-0.7774333440337553f,0.4155806850139188f,-0.5954375703287111f,-0.8642210946218356f,0.5300335422041913f,-0.05624434896906876f,1.962589056532177f,-0.17387297024776802f,-0.38162667983883247f,-0.9247196064182092f,-0.2573299988872702f,0f,0f,0f,1f], start_interpolation: 0, interpolation_duration: 1 }
$data merge entity $(bone_wing_right_0) { transformation: [-0.6427185915870274f,-0.0590212824974272f,-0.7638254383304783f,-0.22296733329608204f,0.37168413510935794f,0.8478020055165847f,-0.3782626906662421f,2.179564424075842f,0.669898287605213f,-0.5270182612153163f,-0.5229608365921752f,-0.07640632242435466f,0f,0f,0f,1f], start_interpolation: 0, interpolation_duration: 1 }
$data merge entity $(bone_finger_left_1_fire) { transformation: [0.7725861010422226f,1.4626910781574354f,0.20352715821922784f,1.1092995178536154f,-1.4715978575369886f,0.7817585782466236f,-0.03210994874084064f,2.2605191998889502f,-0.12364562243241543f,-0.16482145793019326f,1.6538813212672918f,0.9017171425575099f,0f,0f,0f,1f], start_interpolation: 0, interpolation_duration: 1 }
$data merge entity $(bone_finger_left_1_fire_s) { transformation: [0.000004635516606253336f,0.000008776146468944612f,0.0000012211629493153671f,1.1092995178536154f,-0.000008829587145221932f,0.000004690551469479742f,-1.9265969244504384e-7f,2.2605191998889502f,-7.418737345944927e-7f,-9.889287475811596e-7f,0.000009923287927603751f,0.9017171425575099f,0f,0f,0f,1f], start_interpolation: 0, interpolation_duration: 1 }
$data merge entity $(bone_finger_left_1) { transformation: [0.9215901468336298f,1.744791530255191f,0.242780220062021f,0.9526651726163249f,-1.7554161067330023f,0.9325316646815804f,-0.038302801894794125f,2.2636174374126607f,-0.1474924117572208f,-0.19660958359244204f,1.9728554884121867f,-0.12450164800988034f,0f,0f,0f,1f], start_interpolation: 0, interpolation_duration: 1 }
$data merge entity $(bone_finger_left_2_fire) { transformation: [0.9267131028981354f,-0.8382283340014324f,-1.1028843378939928f,0.4150429088043658f,1.2276686340865681f,1.1116471709595854f,0.18667637760398523f,2.3793074585594787f,0.641724495071449f,-0.9161831722709767f,1.2355467797904538f,0.22210174712693057f,0f,0f,0f,1f], start_interpolation: 0, interpolation_duration: 1 }
$data merge entity $(bone_finger_left_2_fire_s) { transformation: [0.0000055602786173888125f,-0.0000050293700040085945f,-0.000006617306027363957f,0.4150429088043658f,0.000007366011804519409f,0.0000066698830257575134f,0.0000011200582656239115f,2.3793074585594787f,0.0000038503469704286945f,-0.00000549709903362586f,0.000007413280678742724f,0.22210174712693057f,0f,0f,0f,1f], start_interpolation: 0, interpolation_duration: 1 }
$data merge entity $(bone_finger_left_2) { transformation: [0.6907751903961301f,-0.6248183339638367f,-0.8220938455613647f,0.7696307579416415f,0.9151084966883472f,0.8286256919983732f,0.1391492252333322f,2.3200605445807576f,0.4783436846619908f,-0.6829261432518888f,0.9209808940695334f,-0.17580557903404073f,0f,0f,0f,1f], start_interpolation: 0, interpolation_duration: 1 }
$data merge entity $(bone_finger_film_left) { transformation: [1.1414467688140462f,0.12973569624208853f,-0.23369079596653938f,0.838561762591501f,-0.2882794453787846f,0.4212131731042647f,0.24121790154501116f,2.34514141312403f,0.35462942241564144f,-0.07517506913284609f,0.9482680950151944f,-0.09447092339433645f,0f,0f,0f,1f], start_interpolation: 0, interpolation_duration: 1 }
$data merge entity $(bone_finger_left_0_fire) { transformation: [1.551933442588257f,0.448076161919652f,-0.41049740641481874f,0.681657245236559f,-0.39397719327072106f,1.59907254787061f,0.25598190484269945f,2.485100796621301f,0.4626687138076921f,-0.14132415767916584f,1.5949115716858997f,0.5754430927079549f,0f,0f,0f,1f], start_interpolation: 0, interpolation_duration: 1 }
$data merge entity $(bone_finger_left_0_fire_s) { transformation: [0.000009311600655529542f,0.000002688456971517912f,-0.0000024629844384889126f,0.681657245236559f,-0.000002363863159624326f,0.00000959443528722366f,0.0000015358914290561965f,2.485100796621301f,0.000002776012282846153f,-8.47944946074995e-7f,0.0000095694694301154f,0.5754430927079549f,0f,0f,0f,1f], start_interpolation: 0, interpolation_duration: 1 }
$data merge entity $(bone_fire_large_left) { transformation: [0.000024830935081412113f,0.000007169218590714431f,-0.0000065679585026371f,0.6495954431860378f,-0.000006303635092331536f,0.000025585160765929757f,0.00000409571047748319f,2.382057121726656f,0.000007402699420923074f,-0.0000022611865228666533f,0.000025518585146974398f,0.5902743671694359f,0f,0f,0f,1f], start_interpolation: 0, interpolation_duration: 1 }
$data merge entity $(bone_finger_left_0) { transformation: [1.3618832852255385f,0.39320464311193093f,-0.36022779140090844f,0.8361903983003456f,-0.3457306476884902f,1.4032497238902382f,0.22463429678018623f,2.3086321868832145f,0.4060101874476237f,-0.12401756599873576f,1.3995983018893516f,-0.09033382628495566f,0f,0f,0f,1f], start_interpolation: 0, interpolation_duration: 1 }
$data merge entity $(bone_wing_left_1_model) { transformation: [-0.7079518887322632f,0.7215787955741613f,0.09542142348552547f,0.48500420342259154f,0.7267049421715447f,0.7082258662258855f,0.0359601511938663f,1.945872869874986f,-0.041001625647200494f,0.09336619960230017f,-1.01023695364402f,-0.10977084873395761f,0f,0f,0f,1f], start_interpolation: 0, interpolation_duration: 1 }
$data merge entity $(bone_wing_left_0) { transformation: [-0.564192364912134f,0.2461947030830438f,0.7880832085184313f,0.11676336539509645f,-0.33918329534057357f,0.8011322849999245f,-0.493094062114632f,2.2139181642578345f,-0.7527560478247666f,-0.5455045646964388f,-0.36848758779446816f,-0.004431906543610115f,0f,0f,0f,1f], start_interpolation: 0, interpolation_duration: 1 }
$data merge entity $(bone_body_0) { transformation: [-0.9735345429283734f,0.07852518770304719f,0.21462592718831622f,0.006931446377986781f,-0.09844430566564077f,0.7034378334491783f,-0.7039061962749977f,1.7165540167857012f,-0.20625036341120243f,-0.7064056974349279f,-0.6770906720847804f,-0.09459072833817309f,0f,0f,0f,1f], start_interpolation: 0, interpolation_duration: 1 }
$data merge entity $(bone_leg_right_3) { transformation: [-0.9935216208946228f,0.08234248379235115f,-0.07832307564075647f,-0.2720991362019569f,0.11159449149685585f,0.5766207002950103f,-0.8093548279085321f,1.3315087387609268f,-0.02148158007408725f,-0.8128519443011734f,-0.5820741004058869f,0.4906892285689239f,0f,0f,0f,1f], start_interpolation: 0, interpolation_duration: 1 }
$data merge entity $(bone_leg_right_2) { transformation: [-0.9349119473516233f,0.35410712718548526f,0.02340498185510849f,-0.20584010416871742f,-0.1607538779732611f,-0.36377812885590693f,-0.9175094896962389f,1.2767392753513458f,-0.31638242905659786f,-0.8615530253226076f,0.3970246127656432f,0.34247632948331685f,0f,0f,0f,1f], start_interpolation: 0, interpolation_duration: 1 }
$data merge entity $(bone_leg_right_1) { transformation: [-0.9620367590626813f,0.26921887940214034f,0.04479362885085651f,-0.22861965611637863f,-0.13333470879172593f,-0.3204212037317214f,-0.9378443941457133f,1.5815525522795049f,-0.2381325883695847f,-0.9082133269075996f,0.34415319725934757f,0.24420156857525094f,0f,0f,0f,1f], start_interpolation: 0, interpolation_duration: 1 }
$data merge entity $(bone_leg_right_0) { transformation: [-0.9502748254250606f,0.30985096420833685f,-0.031147008564780015f,-0.09616688856390157f,-0.17970267047272837f,-0.6272982147978854f,-0.757762429747184f,1.4279794528816157f,-0.254331882366998f,-0.7144853600253471f,0.6517867472733007f,-0.04550713330939627f,0f,0f,0f,1f], start_interpolation: 0, interpolation_duration: 1 }
$data merge entity $(bone_leg_left_3) { transformation: [-0.9736529463685138f,-0.2093416111651749f,0.0904214015744089f,0.3319854876381356f,-0.10373391054334644f,0.0534885856830265f,-0.9931657701537113f,1.4574976176649475f,0.20307440959238768f,-0.9763785439246389f,-0.07379514301297169f,0.5126941039216908f,0f,0f,0f,1f], start_interpolation: 0, interpolation_duration: 1 }
$data merge entity $(bone_leg_left_2) { transformation: [-0.8909335751617539f,-0.44668538108767947f,0.0819117511230844f,0.24942140548445463f,0.25343632825768814f,-0.6387145835312535f,-0.7265078859198698f,1.354926281485193f,0.37683868189021796f,-0.626510854740005f,0.6822585702826979f,0.4030614890849752f,0f,0f,0f,1f], start_interpolation: 0, interpolation_duration: 1 }
$data merge entity $(bone_leg_left_1) { transformation: [-0.9269585106564566f,-0.3728678969476427f,0.041442139754191004f,0.24588811647095454f,0.2027192283588267f,-0.5907643735473606f,-0.780962463503078f,1.6130343281575947f,0.3156783710917897f,-0.7155186834549021f,0.6232015562013604f,0.21212767196013843f,0f,0f,0f,1f], start_interpolation: 0, interpolation_duration: 1 }
$data merge entity $(bone_leg_left_0) { transformation: [-0.9269585106564566f,-0.3601613521420691f,0.10503199486232892f,0.09102501660139128f,0.2027192283588267f,-0.7164232514991477f,-0.667564707848603f,1.4224276901419937f,0.3156783710917897f,-0.597512782402674f,0.7371062616002177f,-0.04232486640772914f,0f,0f,0f,1f], start_interpolation: 0, interpolation_duration: 1 }
$data merge entity $(bone_tail_3) { transformation: [-2.4396933514436867f,-0.10808133092992213f,-0.02687939098855472f,-0.051077789582339175f,0.05729819819334692f,-1.7234753407415349f,1.7294095498677213f,0.48211907003591203f,-0.0955038859905442f,1.726979704743022f,1.724218034936544f,0.7735394727204266f,0f,0f,0f,1f], start_interpolation: 0, interpolation_duration: 1 }
$data merge entity $(bone_tail_2) { transformation: [-1.1551199265466567f,-0.030907701725247042f,-0.040702970025657224f,-0.034252317471005905f,0.03463777136073134f,-1.1505484286761072f,-0.10932794961080346f,0.5327063967680166f,-0.03757981625830664f,-0.11044043528076015f,1.1503498294714474f,0.3029888523897546f,0f,0f,0f,1f], start_interpolation: 0, interpolation_duration: 1 }
$data merge entity $(bone_tail_1) { transformation: [-1.3846852290911276f,0.0005987914469945873f,-0.04500886649797215f,-0.020776558500644932f,0.037209408152747044f,-0.7643219831476307f,-1.1549054966965795f,0.8823706194748211f,-0.02533015119480251f,-1.1555046031080332f,0.763902373287564f,0.07997851287391058f,0f,0f,0f,1f], start_interpolation: 0, interpolation_duration: 1 }
$data merge entity $(bone_tail_0) { transformation: [-1.1972173333738585f,0.02022748360111805f,-0.03557872755076673f,-0.00988745618551225f,0.03550723294784382f,-0.004520856461342282f,-1.1973817847883863f,1.237897096064094f,-0.02035272353648871f,-1.1977373464335994f,0.0039186580132513586f,0.05969323692857472f,0f,0f,0f,1f], start_interpolation: 0, interpolation_duration: 1 }
$data merge entity $(bone_body_1) { transformation: [-1.0202373797446793f,0.0064436387931602794f,-0.03427627364896257f,6.583540948229405e-18f,0.03025833764251038f,-0.33538388417542697f,-0.9636922629568839f,1.5062474405728792f,-0.01734406005718168f,-0.9641456447025788f,0.33499709525043014f,-0.05375869150854861f,0f,0f,0f,1f], start_interpolation: 0, interpolation_duration: 1 }
data modify entity @s data merge value {"locators":{"body_1":{"posx":-0.004615693980628586,"posy":1.4794648619575161,"posz":0.17102761648193426,"roty":185.8420663005292,"rotx":-70.73889005089706},"body_0":{"posx":-0.044507974767382025,"posy":1.7429886035467363,"posz":0.13559416941813235,"roty":17.587706518238548,"rotx":-44.741244911480656},"neck_1":{"posx":-0.09478735231778351,"posy":1.9042727698637425,"posz":0.2959391139183249,"roty":12.91008902979101,"rotx":-9.498941199225357},"neck_0":{"posx":-0.13739473408460104,"posy":1.8736781066681516,"posz":0.5116557195681014,"roty":10.283958763806282,"rotx":16.48634214355354},"pos_head":{"posx":-0.24605366425092984,"posy":1.938296170664849,"posz":0.825027851592314,"roty":7.758655807111211,"rotx":14.317989254228058},"head_0":{"posx":-0.14995073709594844,"posy":1.700366860703347,"posz":0.74428385175494,"roty":7.758655807111211,"rotx":14.317989254228058},"arm_right_0":{"posx":-0.15601026913325294,"posy":1.2847477667185447,"posz":0.2840113531021294,"roty":21.822083807050376,"rotx":-19.375631933954473},"arm_left_0":{"posx":0.39614447402558145,"posy":1.5358652023996215,"posz":0.4502403501934831,"roty":11.486270379108134,"rotx":-58.74690097659843},"finger_right_0":{"posx":-0.8651543337134333,"posy":2.0846457102496534,"posz":-0.5623559720866934,"roty":198.8863107899869,"rotx":5.0152821647220165},"finger_right_1":{"posx":-1.012417311360163,"posy":2.267676016804506,"posz":-0.005571828998619563,"roty":198.8863107899869,"rotx":5.0152821647220165},"finger_right_2":{"posx":-1.210218466561338,"posy":2.350219127480906,"posz":0.5981352119485166,"roty":198.8863107899869,"rotx":5.0152821647220165},"finger_right_3":{"posx":-1.4224926414134,"posy":2.4388022611245943,"posz":1.2460155564820907,"roty":198.8863107899869,"rotx":5.0152821647220165},"finger_left_0":{"posx":0.7841740868681055,"posy":2.161371477462048,"posz":-0.2212210882795081,"roty":172.98443556742794,"rotx":-1.1039270252810214},"finger_left_1":{"posx":0.7919069272524515,"posy":2.272143757418678,"posz":0.3728031240806159,"roty":172.98443556742794,"rotx":-1.1039270252810214},"finger_left_2":{"posx":0.8571098923591443,"posy":2.284486413650355,"posz":1.0099821300017502,"roty":172.98443556742794,"rotx":-1.1039270252810214},"finger_left_3":{"posx":0.927083600411502,"posy":2.29773249511351,"posz":1.6937836064665774,"roty":172.98443556742794,"rotx":-1.1039270252810214},"leg_right_0":{"posx":-0.2722368838093934,"posy":1.666993998287682,"posz":0.34478588060369586,"roty":182.73591871021813,"rotx":-49.26733374714891},"leg_left_0":{"posx":0.2966460454246675,"posy":1.71104647596913,"posz":0.296609377692964,"roty":171.89038241198944,"rotx":-41.879384893389265},"tail_0":{"posx":-0.018354214882840354,"posy":1.05848627843441,"posz":0.24473818033591305,"roty":263.71474913436464,"rotx":-88.2877411097278},"tail_1":{"posx":-0.028756467480947175,"posy":0.781223031789882,"posz":0.36762070516277856,"roty":183.37194939650246,"rotx":-56.47200024962085},"tail_2":{"posx":-0.03794886345414737,"posy":0.7106703671374401,"posz":0.5806439949510326,"roty":182.02645823655226,"rotx":-5.425644724970132},"tail_3":{"posx":-0.04330563116021471,"posy":0.7925149078589326,"posz":0.7612199635962931,"roty":180.89313003723169,"rotx":45.08264664800405},"tail_4":{"posx":-0.04812078513602826,"posy":1.1023200397312016,"posz":1.0700950913709248,"roty":180.89313003723169,"rotx":45.08264664800405},"shadow":{"posx":-3.0526612046799385e-17,"posy":1.5743800549532094,"posz":0.249268703989209,"roty":0,"rotx":-89.14048078716574}},"cameras":{}}