# This file was generated by Animated Java via MC-Build. It is not recommended to edit this file directly.
$data merge entity $(bone_head_lower) { transformation: [-0.9812030005949912f,0.037051754685382986f,0.18938806482489814f,-0.2226725280399467f,0.11311643772755253f,0.9055480523862907f,0.4088855540798971f,1.0615421603976365f,-0.15635006600322976f,0.42262263580424786f,-0.8927176286859442f,0.816729565689826f,0f,0f,0f,1f], start_interpolation: 0, interpolation_duration: 1 }
$data merge entity $(bone_head_upper) { transformation: [-0.9812030005949912f,0.011530660701829176f,0.19263363020813606f,-0.21906510973339177f,0.11311643772755253f,0.8431123722847184f,0.5257054300806328f,1.0809826867925536f,-0.15635006600322976f,0.5376137754598682f,-0.8285686967877628f,0.8106338434569246f,0f,0f,0f,1f], start_interpolation: 0, interpolation_duration: 1 }
$data merge entity $(bone_neck_0) { transformation: [-0.8146881265439712f,0.3633459497812772f,0.451954618568962f,-0.14037007572821353f,0.579568665804741f,0.4838494620054946f,0.6557361205045105f,1.1958950591437283f,0.019581064465110674f,0.7961591668093352f,-0.6047703390708559f,0.6835556904551372f,0f,0f,0f,1f], start_interpolation: 0, interpolation_duration: 1 }
$data merge entity $(bone_neck_1) { transformation: [-0.9048712565861472f,0.21651817408989582f,0.36650769336125055f,-0.0746979333358416f,0.4121897967625002f,0.23058196581958146f,0.8814371948605675f,1.3515231535660126f,0.10633710758289236f,0.948657913753717f,-0.29789357533077043f,0.6391358382649265f,0f,0f,0f,1f], start_interpolation: 0, interpolation_duration: 1 }
$data merge entity $(bone_neck_2) { transformation: [-0.9048712565861472f,0.36320057509214815f,0.22202106039053987f,0.027348910441052567f,0.4121897967625002f,0.6172850821040312f,0.6701184215172034f,1.5912858108042984f,0.10633710758289236f,0.6978857138991688f,-0.7082710991466135f,0.5781179551691349f,0f,0f,0f,1f], start_interpolation: 0, interpolation_duration: 1 }
$data merge entity $(bone_arm_right_2) { transformation: [-0.9608216031709349f,0.057171566726083395f,0.2712070405393623f,-0.48143997947937844f,0.2560365769678062f,0.5578132740273624f,0.7894869362905783f,0.9961139729251103f,-0.1061466821650254f,0.8279950261184906f,-0.5505970564654311f,0.26608463933364657f,0f,0f,0f,1f], start_interpolation: 0, interpolation_duration: 1 }
$data merge entity $(bone_arm_right_1) { transformation: [-0.9831267891983873f,-0.03407248775172855f,0.17972418295509904f,-0.3463063488635207f,-0.008378937169422881f,0.9898563411328971f,0.14182460058432975f,1.306494031552924f,-0.18273343911933718f,0.13792566656500935f,-0.9734397776597262f,0.33425211689035f,0f,0f,0f,1f], start_interpolation: 0, interpolation_duration: 1 }
$data merge entity $(bone_arm_right_0) { transformation: [-0.8326061983209521f,0.4386437505275695f,0.33816945255395064f,-0.18328088091531203f,0.5466118229310977f,0.7492521574154445f,0.3739474824627711f,1.5405939607695736f,-0.08934446569023483f,0.49619841266514514f,-0.8635998504626531f,0.4810381976843256f,0f,0f,0f,1f], start_interpolation: 0, interpolation_duration: 1 }
$data merge entity $(bone_arm_left_2) { transformation: [-0.9465331801990744f,-0.19271305602172198f,0.2587211178489203f,0.20961896206363817f,0.03289032465859737f,0.7401464687549808f,0.6716408499588044f,0.857490358411122f,-0.3209254825128074f,0.6442397712252027f,-0.6942347959052617f,0.421028699619458f,0f,0f,0f,1f], start_interpolation: 0, interpolation_duration: 1 }
$data merge entity $(bone_arm_left_1) { transformation: [-0.9237880003571824f,0.37525723522494836f,-0.07614287758816089f,0.18992375111277726f,0.36600823371328045f,0.8069701529189114f,-0.4635052806086614f,1.1625217118673552f,-0.11248868054236581f,-0.4560495364643594f,-0.8828165817657033f,0.26036863616891803f,0f,0f,0f,1f], start_interpolation: 0, interpolation_duration: 1 }
$data merge entity $(bone_arm_left_0) { transformation: [-0.942002224983719f,-0.21636186257436435f,0.25655282603992974f,0.10514683212152237f,0.014798256336042731f,0.7369232962157066f,0.6758143732593964f,1.4092084630515265f,-0.3352802107717295f,0.6404151777698042f,-0.6909816063738128f,0.44714324464227867f,0f,0f,0f,1f], start_interpolation: 0, interpolation_duration: 1 }
$data merge entity $(bone_finger_right_1_fire) { transformation: [-1.2283792715711164f,-0.6001387110915423f,-0.9532553017956812f,-1.3534451448066922f,-0.27627903249437097f,1.5278621809417834f,-0.6058752594631764f,1.865066387065136f,1.09203115301541f,-0.288528094429258f,-1.2255599852094687f,-0.12099365441622334f,0f,0f,0f,1f], start_interpolation: 0, interpolation_duration: 1 }
$data merge entity $(bone_finger_right_1_fire_s) { transformation: [-0.000007370275629426699f,-0.0000036008322665492533f,-0.000005719531810774087f,-1.3534451448066922f,-0.000001657674194966226f,0.0000091671730856507f,-0.0000036352515567790587f,1.865066387065136f,0.000006552186918092461f,-0.0000017311685665755478f,-0.000007353359911256813f,-0.12099365441622334f,0f,0f,0f,1f], start_interpolation: 0, interpolation_duration: 1 }
$data merge entity $(bone_finger_right_1) { transformation: [-1.465289411403408f,-0.7158838634675014f,-1.1371039323212033f,-0.7470109870764704f,-0.3295633118173653f,1.8225317926069393f,-0.7227267855042825f,2.2107165160805686f,1.302644649310574f,-0.34417477683326236f,-1.4619263861969078f,0.6474024178973443f,0f,0f,0f,1f], start_interpolation: 0, interpolation_duration: 1 }
$data merge entity $(bone_finger_right_2_fire) { transformation: [1.4582086711210336f,-0.20286461395691582f,-0.7811857638547438f,-0.9888350037863036f,-0.8054968028822866f,-0.2642703561524985f,-1.4349612737573185f,1.6453890777647016f,0.05079517488524884f,1.633029364414774f,-0.32926087369323753f,0.6705564238185445f,0f,0f,0f,1f], start_interpolation: 0, interpolation_duration: 1 }
$data merge entity $(bone_finger_right_2_fire_s) { transformation: [0.000008749252026726202f,-0.000001217187683741495f,-0.000004687114583128463f,-0.9888350037863036f,-0.00000483298081729372f,-0.000001585622136914991f,-0.000008609767642543911f,1.6453890777647016f,3.04771049311493e-7f,0.000009798176186488645f,-0.0000019755652421594253f,0.6705564238185445f,0f,0f,0f,1f], start_interpolation: 0, interpolation_duration: 1 }
$data merge entity $(bone_finger_right_2) { transformation: [1.0869538471839673f,-0.1512159932696339f,-0.5822986025274994f,-0.737864554064064f,-0.6004201361072664f,-0.19698804842231887f,-1.0696251558231633f,2.1071050184989732f,0.03786290114257658f,1.217265803837548f,-0.24543220766399712f,0.7773515698807998f,0f,0f,0f,1f], start_interpolation: 0, interpolation_duration: 1 }
$data merge entity $(bone_finger_film_right) { transformation: [0.09710515449251655f,-0.33928144528133475f,-0.71653416817795f,-0.817210852261887f,-0.7036688102329606f,0.22990715320263724f,-0.5838070078376643f,2.121379408364787f,0.7811737607092679f,0.24927164724764256f,-0.43681398259061965f,0.7205430171499141f,0f,0f,0f,1f], start_interpolation: 0, interpolation_duration: 1 }
$data merge entity $(bone_finger_right_0_fire) { transformation: [0.13377094120972527f,-1.2662389918614763f,-1.0754170951567004f,-1.2941560563179721f,-1.1075914449778628f,0.7361475302493469f,-1.0045425737605234f,1.7171658642105194f,1.238193968680793f,0.795300827973414f,-0.7824001960154968f,0.4013651274758139f,0f,0f,0f,1f], start_interpolation: 0, interpolation_duration: 1 }
$data merge entity $(bone_finger_right_0_fire_s) { transformation: [8.026256472583517e-7f,-0.000007597433951168858f,-0.000006452502570940203f,-1.2941560563179721f,-0.000006645548669867177f,0.000004416885181496081f,-0.00000602725544256314f,1.7171658642105194f,0.000007429163812084759f,0.000004771804967840483f,-0.000004694401176092982f,0.4013651274758139f,0f,0f,0f,1f], start_interpolation: 0, interpolation_duration: 1 }
$data merge entity $(bone_fire_large_right) { transformation: [0.0000021403350593556046f,-0.00002025982386978362f,-0.000017206673522507207f,-1.2154707058553396f,-0.000017721463119645804f,0.00001177836048398955f,-0.000016072681180168374f,1.6644442107869395f,0.000019811103498892688f,0.000012724813247574621f,-0.00001251840313624795f,0.3475602236888127f,0f,0f,0f,1f], start_interpolation: 0, interpolation_duration: 1 }
$data merge entity $(bone_finger_right_0) { transformation: [0.11738931830644701f,-1.111175048358372f,-0.943721248829537f,-0.7868955468475953f,-0.9719555197280124f,0.6459987196581294f,-0.8815260390421662f,2.1094737759233557f,1.086564425727651f,0.6979080897545826f,-0.6865872724113902f,0.6964275775127329f,0f,0f,0f,1f], start_interpolation: 0, interpolation_duration: 1 }
$data merge entity $(bone_wing_right_1_model) { transformation: [-0.7817330328799099f,-0.6330432278676067f,0.1382997469165406f,-0.48680825620950624f,-0.13493888292926468f,0.3710060228470603f,0.9354801504718575f,1.8988916805903062f,-0.6337681328530332f,0.7018460555592003f,-0.3697663466539539f,0.34871122398113835f,0f,0f,0f,1f], start_interpolation: 0, interpolation_duration: 1 }
$data merge entity $(bone_wing_right_0) { transformation: [-0.519825964433976f,0.02305555642217859f,-0.8539610108303249f,-0.07191426401043445f,-0.5510985512531201f,0.754761900548973f,0.355843870660174f,1.805752433591894f,0.6527414139665101f,0.6555935591490861f,-0.3796389491282933f,0.5429635096253551f,0f,0f,0f,1f], start_interpolation: 0, interpolation_duration: 1 }
$data merge entity $(bone_finger_left_1_fire) { transformation: [-1.2359317974700588f,1.0137906232253997f,0.47167673468220245f,1.3409545776150915f,0.7722919845509256f,1.2823970560352993f,-0.7326668131205135f,1.505101315620289f,-0.8085885606280867f,-0.32475242987548614f,-1.4207386025195288f,-0.29589852898090485f,0f,0f,0f,1f], start_interpolation: 0, interpolation_duration: 1 }
$data merge entity $(bone_finger_left_1_fire_s) { transformation: [-0.000007415590784820353f,0.000006082743739352398f,0.000002830060408093215f,1.3409545776150915f,0.000004633751907305553f,0.000007694382336211796f,-0.0000043960008787230815f,1.505101315620289f,-0.00000485153136376852f,-0.000001948514579252917f,-0.000008524431615117172f,-0.29589852898090485f,0f,0f,0f,1f], start_interpolation: 0, interpolation_duration: 1 }
$data merge entity $(bone_finger_left_1) { transformation: [-1.4742985476573243f,1.209314337983143f,0.5626461964399507f,1.0257403011667927f,0.9212393058593553f,1.5297252818504912f,-0.8739718653661882f,1.935001394557796f,-0.964536184785062f,-0.3873854825109919f,-1.694747932355855f,0.5948847248749173f,0f,0f,0f,1f], start_interpolation: 0, interpolation_duration: 1 }
$data merge entity $(bone_finger_left_2_fire) { transformation: [1.61091899038714f,0.3821172282386179f,0.1915834232680216f,1.0664313010458333f,0.3038943405526402f,-0.4984674711861778f,-1.5610753305741243f,1.323457794496989f,-0.3006094043238397f,1.5437922081129538f,-0.5514683871080674f,0.5403985494340927f,0f,0f,0f,1f], start_interpolation: 0, interpolation_duration: 1 }
$data merge entity $(bone_finger_left_2_fire_s) { transformation: [0.000009665513942322839f,0.0000022927033694317076f,0.0000011495005396081295f,1.0664313010458333f,0.0000018233660433158412f,-0.000002990804827117067f,-0.000009366451983444746f,1.323457794496989f,-0.0000018036564259430384f,0.000009262753248677723f,-0.000003308810322648405f,0.5403985494340927f,0f,0f,0f,1f], start_interpolation: 0, interpolation_duration: 1 }
$data merge entity $(bone_finger_left_2) { transformation: [1.2007846536510403f,0.28483151933936457f,0.1428069542459647f,1.0052913560898287f,0.2265239050781299f,-0.371559397658326f,-1.1636310151736091f,1.8255339945409095f,-0.22407530211590523f,1.150748115200124f,-0.4110664658897083f,0.7185961259176376f,0f,0f,0f,1f], start_interpolation: 0, interpolation_duration: 1 }
$data merge entity $(bone_finger_film_left) { transformation: [0.18880973691089917f,0.43394373567966193f,0.39549332586372365f,1.0738189398316895f,0.7208752582617468f,0.08108403789112746f,-0.7266722439742239f,1.820366724504538f,-0.7479982588335639f,0.18767995468652307f,-0.6004921073488206f,0.6478566426428046f,0f,0f,0f,1f], start_interpolation: 0, interpolation_duration: 1 }
$data merge entity $(bone_finger_left_0_fire) { transformation: [0.278015455031876f,1.5557984107245006f,0.529128046627956f,1.326986912739498f,1.1416778725091392f,0.20312661208940774f,-1.197116950285921f,1.3251918088837966f,-1.181971581707531f,0.5621464777315398f,-1.0318489692719561f,0.21954878298995023f,0f,0f,0f,1f], start_interpolation: 0, interpolation_duration: 1 }
$data merge entity $(bone_finger_left_0_fire_s) { transformation: [0.000001668092730191256f,0.000009334790464347004f,0.0000031747682797677357f,1.326986912739498f,0.000006850067235054836f,0.0000012187596725364464f,-0.000007182701701715525f,1.3251918088837966f,-0.000007091829490245186f,0.000003372878866389239f,-0.000006191093815631737f,0.21954878298995023f,0f,0f,0f,1f], start_interpolation: 0, interpolation_duration: 1 }
$data merge entity $(bone_fire_large_left) { transformation: [0.000004448247280510016f,0.00002489277457159201f,0.000008466048746047295f,1.227236955474228f,0.000018266845960146228f,0.0000032500257934305236f,-0.000019153871204574734f,1.3064952906784058f,-0.000018911545307320494f,0.000008994343643704637f,-0.000016509583508351298f,0.17997213556695407f,0f,0f,0f,1f], start_interpolation: 0, interpolation_duration: 1 }
$data merge entity $(bone_finger_left_0) { transformation: [0.2439696129048087f,1.3652749483975757f,0.4643308937558848f,1.0375934152524409f,1.001867714822202f,0.17825167639128583f,-1.0505177092746694f,1.8214667606753767f,-1.0372270463187312f,0.49330587953191596f,-0.90548848653267f,0.6297233157426501f,0f,0f,0f,1f], start_interpolation: 0, interpolation_duration: 1 }
$data merge entity $(bone_wing_left_1_model) { transformation: [-0.6435295191879141f,0.7846708080269423f,0.033742614094909626f,0.6557894291061908f,0.14603817650829526f,0.07668659642276965f,1.00188277756086f,1.7552014220895904f,0.7716992237768185f,0.6398343316838173f,-0.16146027084957693f,0.3054726650792772f,0f,0f,0f,1f], start_interpolation: 0, interpolation_duration: 1 }
$data merge entity $(bone_wing_left_0) { transformation: [-0.45133270975699885f,0.15484950463046568f,0.8788176238669227f,0.24385526513322117f,0.816344411753972f,0.469383918118759f,0.33654203126733473f,1.6619121059274222f,-0.3603894927733965f,0.8693102831136772f,-0.3382588434488481f,0.5058554479563067f,0f,0f,0f,1f], start_interpolation: 0, interpolation_duration: 1 }
$data merge entity $(bone_body_0) { transformation: [-0.9048712565861472f,0.4254959017013981f,0.012698292779782211f,-0.034544471926024195f,0.4121897967625002f,0.8683424597728299f,0.2758277433481996f,1.5847471007863918f,0.10633710758289236f,0.2548227034449359f,-0.9611232019673225f,0.07678446646259773f,0f,0f,0f,1f], start_interpolation: 0, interpolation_duration: 1 }
$data merge entity $(bone_leg_right_3) { transformation: [-0.9710373176684429f,0.22165677311013668f,0.08918970024434897f,-0.4602300188181576f,0.13982608931896864f,0.22450365508896647f,0.9643893267749589f,1.1589591692595342f,0.19374001249364883f,0.9489290720523298f,-0.2489948267994033f,-0.5317435924293479f,0f,0f,0f,1f], start_interpolation: 0, interpolation_duration: 1 }
$data merge entity $(bone_leg_right_2) { transformation: [-0.8752241423029782f,0.47722170899935584f,-0.07900722238979288f,-0.3725604189689881f,0.48371647223442626f,0.8638188486369907f,-0.14083810290026533f,1.3047098342487462f,0.0010369277204658259f,-0.1614820027098945f,-0.9868751124543086f,-0.5524269630686954f,0f,0f,0f,1f], start_interpolation: 0, interpolation_duration: 1 }
$data merge entity $(bone_leg_right_1) { transformation: [-0.9111523601532819f,0.3724482978647339f,-0.17630553594475204f,-0.3256951768438243f,0.41077431470523906f,0.8548521929130012f,-0.3170050325314638f,1.3958612620312323f,0.032647189244174965f,-0.3612616692779564f,-0.9318927874734086f,-0.24815235567609645f,0f,0f,0f,1f], start_interpolation: 0, interpolation_duration: 1 }
$data merge entity $(bone_leg_right_0) { transformation: [-0.8816480703132387f,0.4713725250176161f,-0.022463810261383402f,-0.13997162340309216f,0.4717887717992083f,0.8793593716890544f,-0.06436186935465932f,1.6920148403352389f,-0.01058465479536741f,-0.06734269137143653f,-0.9976737577994694f,-0.19467914561954483f,0f,0f,0f,1f], start_interpolation: 0, interpolation_duration: 1 }
$data merge entity $(bone_leg_left_3) { transformation: [-0.9930287143231084f,0.018177737647195116f,0.11646262226063928f,0.17337909917971128f,0.0893186595326333f,0.7607752922545956f,0.6428398958949483f,0.9541017844210931f,-0.0769165105103457f,0.6487607606421371f,-0.7570953215163512f,-0.3910566575417139f,0f,0f,0f,1f], start_interpolation: 0, interpolation_duration: 1 }
$data merge entity $(bone_leg_left_2) { transformation: [-0.9581107502330033f,-0.27062717616195864f,-0.0937268467972539f,0.12175202243225755f,-0.22383553068883508f,0.9117387920459159f,-0.3444271044501316f,1.111108497513653f,0.17866573675217992f,-0.3090199129526418f,-0.9341227156586773f,-0.4362291479966218f,0f,0f,0f,1f], start_interpolation: 0, interpolation_duration: 1 }
$data merge entity $(bone_leg_left_1) { transformation: [-0.9794129288180178f,-0.201652996623523f,0.009294289476126705f,0.12628343304078193f,-0.15951904120366564f,0.7449137090717883f,-0.6478095719656931f,1.3087766853637615f,0.12370929778143533f,-0.6359556863411666f,-0.7617456101959234f,-0.18325736253407762f,0f,0f,0f,1f], start_interpolation: 0, interpolation_duration: 1 }
$data merge entity $(bone_leg_left_0) { transformation: [-0.9794129288180178f,-0.19125005141949133f,-0.06460443248070946f,0.04128959768318495f,-0.15951904120366564f,0.9293700688150558f,-0.33290381596515506f,1.6503955988003813f,0.12370929778143533f,-0.31574466428229697f,-0.9407450858865454f,-0.2169045076174394f,0f,0f,0f,1f], start_interpolation: 0, interpolation_duration: 1 }
$data merge entity $(bone_tail_3) { transformation: [-2.366963748979701f,0.4856355623301889f,0.35517381160529043f,-0.09837541288430315f,-0.5828589158447026f,-1.4932772502922012f,-1.8425271403195473f,1.3802065136595487f,-0.14921735847523626f,-1.8705049797298139f,1.5631548309651435f,-1.390989704046464f,0f,0f,0f,1f], start_interpolation: 0, interpolation_duration: 1 }
$data merge entity $(bone_tail_2) { transformation: [-1.1463269814752057f,0.11172155689440098f,0.10181752190578602f,-0.1406377914845997f,-0.03406389023284238f,0.5678673448122249f,-1.0066182953722422f,1.7895826549387495f,-0.14726902398043162f,-1.0009790382026011f,-0.5597024764594544f,-1.1567139546876213f,0f,0f,0f,1f], start_interpolation: 0, interpolation_duration: 1 }
$data merge entity $(bone_tail_1) { transformation: [-1.3417220947804864f,0.28754517274230024f,-0.19099459230104512f,-0.08487288873787996f,0.2998910522176885f,1.3505766973126305f,-0.07339810456444498f,1.804837208505612f,0.17095764813370978f,-0.11242641409600444f,-1.3702237496977936f,-0.7458151222859247f,0f,0f,0f,1f], start_interpolation: 0, interpolation_duration: 1 }
$data merge entity $(bone_tail_0) { transformation: [-1.1592866452284907f,0.30155285659299363f,-0.011166429745218006f,-0.07674248091160657f,0.2661828636414935f,1.0427904863694317f,0.5260599062072651f,1.6652556788153694f,0.14214604312559503f,0.506614465344001f,-1.0761694226309007f,-0.4181261942408945f,0f,0f,0f,1f], start_interpolation: 0, interpolation_duration: 1 }
$data merge entity $(bone_body_1) { transformation: [-0.9879138368034094f,0.24047524865790623f,-0.09109665350455617f,-0.04629629629629631f,0.2268340924944901f,0.9852780166125276f,0.14097595151914877f,1.6434709308786328f,0.12113314979398532f,0.11618768956927619f,-1.0069398568226335f,-0.1290250633997829f,0f,0f,0f,1f], start_interpolation: 0, interpolation_duration: 1 }
data modify entity @s data merge value {"locators":{"body_1":{"posx":-0.10309500557012866,"posy":1.4607262141244555,"posz":-0.2500447747341988,"roty":354.8305913847831,"rotx":7.937852179751744},"body_0":{"posx":-0.09989392329734802,"posy":1.4050235470140078,"posz":0.2173504011870896,"roty":0.7569438061902645,"rotx":16.01134832679184},"neck_1":{"posx":-0.10677901997277986,"posy":1.324898798934469,"posz":0.4693459477581494,"roty":17.404592820955287,"rotx":42.076205289087255},"neck_0":{"posx":-0.17781803551766753,"posy":1.1442381709880278,"posz":0.565129108359393,"roty":50.89615400116824,"rotx":61.81622031291339},"pos_head":{"posx":-0.24516886650121214,"posy":1.0191506485782114,"posz":0.9297223097627988,"roty":13.088169132280484,"rotx":31.715744608029038},"head_0":{"posx":-0.24222991396347787,"posy":0.8103098562984078,"posz":0.7601858573574977,"roty":13.088169132280484,"rotx":31.715744608029038},"arm_right_0":{"posx":-0.44723661232878525,"posy":0.872381663784958,"posz":0.1735174203071569,"roty":10.460604870892581,"rotx":8.153441799504682},"arm_left_0":{"posx":0.13795730753073415,"posy":0.7166671682862567,"posz":0.4119909410171609,"roty":355.07044202171636,"rotx":-27.613529197820903},"pos_wing_r_0":{"posx":-0.30810881726360256,"posy":2.5294095769752047,"posz":1.2254051178167595,"roty":322.1237935230812,"rotx":-21.31684641600948},"pos_wing_r_1":{"posx":-0.665579555436983,"posy":2.3022063546765135,"posz":0.7658201233632087,"roty":322.1237935230812,"rotx":-21.31684641600948},"pos_wing_r_2":{"posx":-1.0230502936103634,"posy":2.075003132377822,"posz":0.3062351289096579,"roty":322.1237935230812,"rotx":-21.31684641600948},"pos_wing_r_3":{"posx":-1.3805210317837437,"posy":1.8477999100791314,"posz":-0.15334986554389274,"roty":322.1237935230812,"rotx":-21.31684641600948},"pos_wing_r_4":{"posx":-1.7379917699571241,"posy":1.62059668778044,"posz":-0.6129348599974436,"roty":322.1237935230812,"rotx":-21.31684641600948},"pos_wing_r_5":{"posx":-2.0954625081305047,"posy":1.3933934654817488,"posz":-1.0725198544509946,"roty":322.1237935230812,"rotx":-21.31684641600948},"finger_right_0":{"posx":-0.6001426437311264,"posy":2.084826187469959,"posz":0.7512265351062722,"roty":322.1237935230812,"rotx":-21.31684641600948},"finger_right_1":{"posx":-1.038534754818414,"posy":1.8480482304445507,"posz":0.40925633801218203,"roty":322.1237935230812,"rotx":-21.31684641600948},"finger_right_2":{"posx":-1.4251890414383892,"posy":1.6107542874015746,"posz":-0.04306091861387059,"roty":322.1237935230812,"rotx":-21.31684641600948},"finger_right_3":{"posx":-1.840135116894437,"posy":1.3560974669453318,"posz":-0.5284740374795891,"roty":322.1237935230812,"rotx":-21.31684641600948},"pos_wing_l_0":{"posx":0.8241197889613486,"posy":2.308208307500228,"posz":1.2644765946231713,"roty":18.365858327345563,"rotx":-26.078367957707414},"pos_wing_l_1":{"posx":1.0009985644671746,"posy":2.0334582525800355,"posz":0.7316996186783482,"roty":18.365858327345563,"rotx":-26.078367957707414},"pos_wing_l_2":{"posx":1.1778773399730005,"posy":1.758708197659843,"posz":0.1989226427335249,"roty":18.365858327345563,"rotx":-26.078367957707414},"pos_wing_l_3":{"posx":1.3547561154788264,"posy":1.4839581427396504,"posz":-0.3338543332112982,"roty":18.365858327345563,"rotx":-26.078367957707414},"pos_wing_l_4":{"posx":1.5316348909846522,"posy":1.2092080878194578,"posz":-0.8666313091561214,"roty":18.365858327345563,"rotx":-26.078367957707414},"pos_wing_l_5":{"posx":1.7085136664904783,"posy":0.9344580328992653,"posz":-1.3994082851009448,"roty":18.365858327345563,"rotx":-26.078367957707414},"finger_left_0":{"posx":0.865663570358792,"posy":1.851019524630563,"posz":0.7194664980452107,"roty":18.365858327345563,"rotx":-26.078367957707414},"finger_left_1":{"posx":1.1347012519175506,"posy":1.5283316599826502,"posz":0.28508610299068704,"roty":18.365858327345563,"rotx":-26.078367957707414},"finger_left_2":{"posx":1.3365514815042363,"posy":1.234032294507023,"posz":-0.24693384184657988,"roty":18.365858327345563,"rotx":-26.078367957707414},"finger_left_3":{"posx":1.5531713722975182,"posy":0.9181988546512916,"posz":-0.8178815617735498,"roty":18.365858327345563,"rotx":-26.078367957707414},"leg_right_0":{"posx":-0.3917063218908794,"posy":1.273751430484747,"posz":-0.24096731266343968,"roty":358.710135384254,"rotx":-3.690214227056896},"leg_left_0":{"posx":0.1532245218341307,"posy":1.1789726796073867,"posz":-0.1414841067589283,"roty":356.07145566037946,"rotx":-19.445120384501077},"tail_0":{"posx":-0.12486224249491269,"posy":1.583791056933507,"posz":-0.6580210930879241,"roty":359.4055152245855,"rotx":26.04938363917503},"tail_1":{"posx":-0.1566098972993624,"posy":1.6124749069674427,"posz":-0.9713879282181797,"roty":352.06470779758973,"rotx":-3.036899642604795},"tail_2":{"posx":-0.13744678405396643,"posy":1.463680307483402,"posz":-1.1061699660514852,"roty":10.310141414652378,"rotx":-60.52713363657422},"tail_3":{"posx":-0.11304490279463637,"posy":1.3604763443575243,"posz":-1.0812264406104375,"roty":167.19882374751057,"rotx":-48.97674802486061},"tail_4":{"posx":-0.04941933211915943,"posy":1.0304074120282254,"posz":-0.8012040545995751,"roty":167.19882374751057,"rotx":-48.97674802486061},"shadow":{"posx":-0.046296296296296335,"posy":1.424678666015441,"posz":0.09142357098130832,"roty":0,"rotx":-31.684895252970957}},"cameras":{}}