# This file was generated by Animated Java via MC-Build. It is not recommended to edit this file directly.
$data merge entity $(bone_head_lower) { transformation: [-0.9972878333280146f,-0.022864633400409944f,0.06995845935538315f,-0.13659519599149803f,0.005004586151475837f,0.9272543845651949f,0.37439853154369346f,0.8051048116115731f,-0.07342977334410329f,0.373733213461269f,-0.9246250880992508f,0.733044080468828f,0f,0f,0f,1f], start_interpolation: 0, interpolation_duration: 1 }
$data merge entity $(bone_head_upper) { transformation: [-0.9972878333280146f,-0.03197429012568377f,0.06629194722492726f,-0.1355709763727738f,0.005004586151475837f,0.8691597055701784f,0.49450617825322796f,0.8244317684633893f,-0.07342977334410329f,0.49349675883851507f,-0.8666423814945323f,0.7257279970964706f,0f,0f,0f,1f], start_interpolation: 0, interpolation_duration: 1 }
$data merge entity $(bone_neck_0) { transformation: [-0.8535833489970508f,0.4706010157451117f,0.22345055447379839f,-0.10160381267283271f,0.4638503353221069f,0.49130120993707865f,0.7372014565476194f,0.9545145766976195f,0.2371462264859974f,0.732910502786003f,-0.6376549711006891f,0.5935489009470614f,0f,0f,0f,1f], start_interpolation: 0, interpolation_duration: 1 }
$data merge entity $(bone_neck_1) { transformation: [-0.8868937103972127f,0.3664309805019051f,0.28133233547937087f,-0.04959885151682346f,0.3718591406438737f,0.20490480106695413f,0.9053920708838308f,1.1141177543557956f,0.27411735803751053f,0.9076025336170699f,-0.3179894888112042f,0.5452957453498339f,0f,0f,0f,1f], start_interpolation: 0, interpolation_duration: 1 }
$data merge entity $(bone_neck_2) { transformation: [-0.8868937103972127f,0.4405034538783228f,0.1391986119870927f,0.04469939509095443f,0.3718591406438737f,0.5019272104518685f,0.7808904244051181f,1.3625386414418093f,0.27411735803751053f,0.7443290821466498f,-0.6089613218368317f,0.513393147738071f,0f,0f,0f,1f], start_interpolation: 0, interpolation_duration: 1 }
$data merge entity $(bone_arm_right_2) { transformation: [-0.9558641195027867f,0.2715192531703842f,0.11225453311541075f,-0.4680481707994004f,0.2878027512414699f,0.7884300687947485f,0.543642900255442f,0.7784164837728635f,0.05910466500203369f,0.5519559056465514f,-0.8317760015754798f,0.24151936703063412f,0f,0f,0f,1f], start_interpolation: 0, interpolation_duration: 1 }
$data merge entity $(bone_arm_right_1) { transformation: [-0.9997280727077053f,0.02204555107085214f,0.007600941923171872f,-0.31328409012682823f,0.022771018362968645f,0.9931688524026123f,0.1144426115570214f,1.0851693560654687f,-0.005026068329253466f,0.11458457267564603f,-0.9934007823340434f,0.2760800178850682f,0f,0f,0f,1f], start_interpolation: 0, interpolation_duration: 1 }
$data merge entity $(bone_arm_right_0) { transformation: [-0.9195117515610297f,0.3669594472141828f,0.14085064018820906f,-0.17450269704976507f,0.3852530110529889f,0.7703152083366241f,0.5081285243714516f,1.3315090754415406f,0.07796317217617918f,0.5214932827041637f,-0.8496861184453132f,0.42768048347517107f,0f,0f,0f,1f], start_interpolation: 0, interpolation_duration: 1 }
$data merge entity $(bone_arm_left_2) { transformation: [-0.975382270677488f,-0.11851590446976602f,0.18596614325124036f,0.21280975538939495f,-0.011905581563948803f,0.8703754627747639f,0.49224466571740483f,0.6445241060746787f,-0.22019918977065234f,0.4779126846897126f,-0.8503597959905087f,0.3137868549468998f,0f,0f,0f,1f], start_interpolation: 0, interpolation_duration: 1 }
$data merge entity $(bone_arm_left_1) { transformation: [-0.9494915080703549f,0.2876931032842921f,-0.1252938722561349f,0.161894327465895f,0.3128381329487735f,0.8367481612828356f,-0.4494272100829223f,0.9510100934727919f,-0.024457691538830144f,-0.46592402053601756f,-0.8844866468252328f,0.16306312542283855f,0f,0f,0f,1f], start_interpolation: 0, interpolation_duration: 1 }
$data merge entity $(bone_arm_left_0) { transformation: [-0.9763363588427177f,-0.11332482305336193f,0.18418685860198608f,0.10819467313934643f,0.024942075841395128f,0.787009304350943f,0.6164367345622477f,1.212978974361306f,-0.21481435532679355f,0.606443599475639f,-0.7655592422540303f,0.34030557560071456f,0f,0f,0f,1f], start_interpolation: 0, interpolation_duration: 1 }
$data merge entity $(bone_finger_right_1_fire) { transformation: [-1.1291477357548938f,-0.3357903570695302f,-1.1790029706139384f,-1.4389312878951015f,0.13534875416241965f,1.5589744746531728f,-0.5736349709565496f,1.5018031856089828f,1.2183939770714791f,-0.48437712709908065f,-1.0289182149991136f,0.06252022601157325f,0f,0f,0f,1f], start_interpolation: 0, interpolation_duration: 1 }
$data merge entity $(bone_finger_right_1_fire_s) { transformation: [-0.000006774886414529363f,-0.0000020147421424171812f,-0.000007074017823683631f,-1.4389312878951015f,8.120925249745179e-7f,0.000009353846847919038f,-0.0000034418098257392977f,1.5018031856089828f,0.0000073103638624288756f,-0.000002906262762594484f,-0.000006173509289994682f,0.06252022601157325f,0f,0f,0f,1f], start_interpolation: 0, interpolation_duration: 1 }
$data merge entity $(bone_finger_right_1) { transformation: [-1.3469196846635254f,-0.400552228495388f,-1.406390199538425f,-0.6974876715437448f,0.16145265628520053f,1.8596445277326825f,-0.6842685059951136f,1.826543776481821f,1.4533783130653928f,-0.5777960373399177f,-1.2273594976167028f,0.7125000993220062f,0f,0f,0f,1f], start_interpolation: 0, interpolation_duration: 1 }
$data merge entity $(bone_finger_right_2_fire) { transformation: [1.29793590213645f,-0.06267642574176668f,-1.0436531211946114f,-1.0255887909603596f,-1.0454961851066447f,-0.09184848749647248f,-1.2947120761195672f,1.3189627762241365f,-0.008826021214092955f,1.6629531859852895f,-0.11084484809264292f,0.8167321053287082f,0f,0f,0f,1f], start_interpolation: 0, interpolation_duration: 1 }
$data merge entity $(bone_finger_right_2_fire_s) { transformation: [0.0000077876154128187f,-3.7605855445060013e-7f,-0.0000062619187271676685f,-1.0255887909603596f,-0.000006272977110639868f,-5.510909249788349e-7f,-0.000007768272456717404f,1.3189627762241365f,-5.295612728455773e-8f,0.000009977719115911739f,-6.650690885558575e-7f,0.8167321053287082f,0f,0f,0f,1f], start_interpolation: 0, interpolation_duration: 1 }
$data merge entity $(bone_finger_right_2) { transformation: [0.9674859642281672f,-0.04671922711540298f,-0.7779426893243874f,-0.6900642324667828f,-0.7793165156151407f,-0.06846418404957681f,-0.9650829130317917f,1.7356888944447548f,-0.006578947104059137f,1.2395711251695856f,-0.08262413772522434f,0.8532778687608839f,0f,0f,0f,1f], start_interpolation: 0, interpolation_duration: 1 }
$data merge entity $(bone_finger_film_right) { transformation: [0.08253060239448781f,-0.2671906930869788f,-0.8435655428298775f,-0.773773570346491f,-0.6290031684957549f,0.3026472643338421f,-0.4962461297747352f,1.7599772326519088f,0.8276467029806936f,0.2566523811334303f,-0.2930240822559506f,0.8040168919757056f,0f,0f,0f,1f], start_interpolation: 0, interpolation_duration: 1 }
$data merge entity $(bone_finger_right_0_fire) { transformation: [0.09893982719167342f,-1.0269010242161323f,-1.3089931148928622f,-1.3426956614141812f,-0.9826997079803134f,1.0220472375561038f,-0.876069920678208f,1.413093291827646f,1.3424939375313643f,0.823815214987909f,-0.5448084957338093f,0.583609358625693f,0f,0f,0f,1f], start_interpolation: 0, interpolation_duration: 1 }
$data merge entity $(bone_finger_right_0_fire_s) { transformation: [5.936389631500406e-7f,-0.000006161406145296794f,-0.000007853958689357173f,-1.3426956614141812f,-0.00000589619824788188f,0.000006132283425336623f,-0.000005256419524069249f,1.413093291827646f,0.000008054963625188185f,0.000004942891289927454f,-0.0000032688509744028556f,0.583609358625693f,0f,0f,0f,1f], start_interpolation: 0, interpolation_duration: 1 }
$data merge entity $(bone_fire_large_right) { transformation: [0.0000015830372350667748f,-0.000016430416387458117f,-0.00002094388983828579f,-1.2805325231537201f,-0.000015723195327685014f,0.00001635275580089766f,-0.000014017118730851329f,1.3423042239584073f,0.000021479903000501825f,0.000013181043439806544f,-0.000008716935931740948f,0.5289231912660487f,0f,0f,0f,1f], start_interpolation: 0, interpolation_duration: 1 }
$data merge entity $(bone_finger_right_0) { transformation: [0.08682363121882429f,-0.9011464680653687f,-1.1486934907948034f,-0.74723804108515f,-0.8623580560661172f,0.8968870773331739f,-0.7687861791744746f,1.7389751048252948f,1.178091794317789f,0.7229305978066859f,-0.47809111114412306f,0.7772890886747462f,0f,0f,0f,1f], start_interpolation: 0, interpolation_duration: 1 }
$data merge entity $(bone_wing_right_1_model) { transformation: [-0.8326595243033796f,-0.5807772198821091f,-0.018788839632023005f,-0.46971362317233706f,-0.03611157615261504f,0.01895117428698649f,1.014551078114236f,1.7025730727537265f,-0.5799578895889628f,0.8326558454133335f,-0.03619630429151558f,0.3566241948294311f,0f,0f,0f,1f], start_interpolation: 0, interpolation_duration: 1 }
$data merge entity $(bone_wing_right_0) { transformation: [-0.5007701838175058f,-0.04407156002154343f,-0.864457587505974f,-0.05516590109528254f,-0.7466631540708499f,0.5271978035504514f,0.40565577807366443f,1.5786441164531384f,0.4378622584242125f,0.8485989474002708f,-0.29691155100265326f,0.533648799328595f,0f,0f,0f,1f], start_interpolation: 0, interpolation_duration: 1 }
$data merge entity $(bone_finger_left_1_fire) { transformation: [-1.4903908834582729f,0.4810737926695761f,0.5701585729327913f,1.367864355970659f,0.23610822251056457f,1.512524780856931f,-0.6590140152791695f,1.3391873419731808f,-0.7076480053989759f,-0.50854161194339f,-1.4207031734865128f,-0.29536529466823125f,0f,0f,0f,1f], start_interpolation: 0, interpolation_duration: 1 }
$data merge entity $(bone_finger_left_1_fire_s) { transformation: [-0.000008942345300749638f,0.000002886442756017457f,0.0000034209514375967477f,1.367864355970659f,0.0000014166493350633875f,0.000009075148685141587f,-0.000003954084091675017f,1.3391873419731808f,-0.000004245888032393856f,-0.00000305124967166034f,-0.000008524219040919077f,-0.29536529466823125f,0f,0f,0f,1f], start_interpolation: 0, interpolation_duration: 1 }
$data merge entity $(bone_finger_left_1) { transformation: [-1.777833630805569f,0.5738556086190012f,0.6801216359429011f,1.0022581471054754f,0.2816449987368421f,1.8042363601921223f,-0.7861140943219711f,1.7182161317023321f,-0.8441278303122439f,-0.6066209813892399f,-1.6947056703378156f,0.5992509358423427f,0f,0f,0f,1f], start_interpolation: 0, interpolation_duration: 1 }
$data merge entity $(bone_finger_left_2_fire) { transformation: [1.4141798549957876f,0.6325275253632395f,0.6146397686122571f,1.2227547567696018f,0.7663599741570026f,-0.30638085842488105f,-1.447964411640939f,1.1479892686301074f,-0.43653809170787283f,1.5112304513297992f,-0.5508128495590492f,0.5505098113308493f,0f,0f,0f,1f], start_interpolation: 0, interpolation_duration: 1 }
$data merge entity $(bone_finger_left_2_fire_s) { transformation: [0.000008485079129974726f,0.0000037951651521794375f,0.0000036878386116735425f,1.2227547567696018f,0.0000045981598449420166f,-0.0000018382851505492862f,-0.000008687786469845634f,1.1479892686301074f,-0.000002619228550247237f,0.000009067382707978796f,-0.0000033048770973542954f,0.5505098113308493f,0f,0f,0f,1f], start_interpolation: 0, interpolation_duration: 1 }
$data merge entity $(bone_finger_left_2) { transformation: [1.0541346135433525f,0.4714882312520975f,0.4581546347627665f,1.0255901923566055f,0.5712474069965393f,-0.22837736420291077f,-1.0793177403125964f,1.6138594527617136f,-0.3253970214423693f,1.1264764677278118f,-0.41057782590628866f,0.7284538639468106f,0f,0f,0f,1f], start_interpolation: 0, interpolation_duration: 1 }
$data merge entity $(bone_finger_film_left) { transformation: [-0.0806090848089955f,0.40217301218039747f,0.5475784957811799f,1.0892246515770905f,0.6983649750401487f,0.2114680652327559f,-0.6096555522879701f,1.627429217961639f,-0.770223271751469f,0.14964893411908703f,-0.6100852872104712f,0.6523595965734437f,0f,0f,0f,1f], start_interpolation: 0, interpolation_duration: 1 }
$data merge entity $(bone_finger_left_0_fire) { transformation: [-0.1708500641643712f,1.455638618475207f,0.7935390637872841f,1.4476100342409155f,1.1029423125908344f,0.6953918230831204f,-1.0381359473901746f,1.2071900619266278f,-1.2377828115019172f,0.4187173301530568f,-1.0345758970504215f,0.21930155878644358f,0f,0f,0f,1f], start_interpolation: 0, interpolation_duration: 1 }
$data merge entity $(bone_finger_left_0_fire_s) { transformation: [-0.0000010251003849862274f,0.000008733831710851243f,0.000004761234382723705f,1.4476100342409155f,0.000006617653875545007f,0.000004172350938498723f,-0.000006228815684341048f,1.2071900619266278f,-0.000007426696869011503f,0.000002512303980918341f,-0.000006207455382302529f,0.21930155878644358f,0f,0f,0f,1f], start_interpolation: 0, interpolation_duration: 1 }
$data merge entity $(bone_fire_large_left) { transformation: [-0.0000027336010266299398f,0.000023290217895603313f,0.000012696625020596546f,1.355760131017357f,0.000017647077001453352f,0.000011126269169329927f,-0.000016610175158242794f,1.1570051277508349f,-0.000019804524984030673f,0.000006699477282448909f,-0.000016553214352806744f,0.18911890734118203f,0f,0f,0f,1f], start_interpolation: 0, interpolation_duration: 1 }
$data merge entity $(bone_finger_left_0) { transformation: [-0.14992772259428627f,1.2773807493470786f,0.6963620716511274f,1.0508754483572762f,0.9678757212553827f,0.6102339665804057f,-0.9110055597387869f,1.6153947260981556f,-1.0862036189596895f,0.3674411012231809f,-0.9078814740536527f,0.6367356158478787f,0f,0f,0f,1f], start_interpolation: 0, interpolation_duration: 1 }
$data merge entity $(bone_wing_left_1_model) { transformation: [-0.6429866697079039f,0.7855274371974723f,-0.022178165608326066f,0.6700985871012116f,-0.09752398413615597f,-0.05132934213040845f,1.0093718116712547f,1.6158803317339818f,0.7797655404914929f,0.6413181948832193f,0.10795257206560398f,0.30460219459999877f,0f,0f,0f,1f], start_interpolation: 0, interpolation_duration: 1 }
$data merge entity $(bone_wing_left_0) { transformation: [-0.46940460637643966f,0.09830945811968902f,0.8774933424002674f,0.25433007117061884f,0.8792809544987062f,0.14295230199989178f,0.4543452898498852f,1.448877826614423f,-0.08077325404132218f,0.9848349556129419f,-0.15354410322259585f,0.43799109283433746f,0f,0f,0f,1f], start_interpolation: 0, interpolation_duration: 1 }
$data merge entity $(bone_body_0) { transformation: [-0.8868937103972127f,0.45613569738016474f,-0.07321046396093686f,-0.06326122890869558f,0.3718591406438737f,0.7989033889720552f,0.47273053064993065f,1.461460220370776f,0.27411735803751053f,0.3920377541315071f,-0.8781606193391158f,0.029897711052253306f,0f,0f,0f,1f], start_interpolation: 0, interpolation_duration: 1 }
$data merge entity $(bone_leg_right_3) { transformation: [-0.9724967211229358f,0.17210332649688953f,0.15694130244726523f,-0.4990236277711261f,0.11005114780119242f,-0.25432703550123475f,0.9608363564524365f,1.340777159233333f,0.20527754936373116f,0.9516817766574385f,0.22839203949648107f,-0.7250440755478338f,0f,0f,0f,1f], start_interpolation: 0, interpolation_duration: 1 }
$data merge entity $(bone_leg_right_2) { transformation: [-0.8499168283530154f,0.5260053894183366f,-0.03097927024987579f,-0.4035044934235399f,0.4958264923757486f,0.8182813967153455f,0.2908120445372662f,1.47562196293992f,0.1783184632636579f,0.23180570763561278f,-0.9562785366026157f,-0.6797672515609925f,0f,0f,0f,1f], start_interpolation: 0, interpolation_duration: 1 }
$data merge entity $(bone_leg_right_1) { transformation: [-0.8889284006013596f,0.40879614109182333f,-0.20662045792404626f,-0.3473418221382617f,0.41825205793175724f,0.9083280952280981f,-0.0022994467040921562f,1.465101410165795f,0.1867391620420272f,-0.08846347521847125f,-0.978418468198609f,-0.3638194034379441f,0f,0f,0f,1f], start_interpolation: 0, interpolation_duration: 1 }
$data merge entity $(bone_leg_right_0) { transformation: [-0.849916849756931f,0.5244084971448373f,0.05135247434688409f,-0.14978746515781116f,0.49582645424727684f,0.762979113620518f,0.41475173230189377f,1.6838947622898988f,0.17831846726524797f,0.3779664010214953f,-0.9084844103951542f,-0.16847020445568425f,0f,0f,0f,1f], start_interpolation: 0, interpolation_duration: 1 }
$data merge entity $(bone_leg_left_3) { transformation: [-0.980105035037939f,0.03920498194646199f,0.19456898438306572f,0.12272950825041108f,0.1957444776054224f,0.3531085015499602f,0.9148762132770323f,1.0415991408092786f,-0.03283625709882834f,0.9347605872755437f,-0.35375757899445825f,-0.6562662398336152f,0f,0f,0f,1f], start_interpolation: 0, interpolation_duration: 1 }
$data merge entity $(bone_leg_left_2) { transformation: [-0.9779766086854804f,-0.18976279897856038f,-0.08690128300473471f,0.08476448276913369f,-0.19697985226261472f,0.9768252383846269f,0.08373405195865863f,1.206893633788343f,0.06899775841753873f,0.09900774605372703f,-0.9926916820215206f,-0.6319063479102988f,0f,0f,0f,1f], start_interpolation: 0, interpolation_duration: 1 }
$data merge entity $(bone_leg_left_1) { transformation: [-0.9924201528693597f,-0.12239108458130765f,0.011075314612584201f,0.08763249756498642f,-0.11742854078709031f,0.917875977002268f,-0.3790965954090683f,1.315670217291838f,0.0362322782525639f,-0.37752365920183517f,-0.9252908238794361f,-0.32983450251156876f,0f,0f,0f,1f], start_interpolation: 0, interpolation_duration: 1 }
$data merge entity $(bone_leg_left_0) { transformation: [-0.9924201528693597f,-0.11139596463591603f,-0.05189584994573525f,0.028844910093277124f,-0.11742854078709031f,0.9841068476504029f,0.13320754564288534f,1.6414779928871825f,0.0362322782525639f,0.13829190674229802f,-0.9897285337617626f,-0.2055248996663277f,0f,0f,0f,1f], start_interpolation: 0, interpolation_duration: 1 }
$data merge entity $(bone_tail_3) { transformation: [-1.9851297764588376f,0.6114213890777415f,1.284496547456924f,0.07451669607311126f,-0.6230784232297967f,1.608705426373203f,-1.7286838503604154f,2.19582041406647f,-1.2788826271225926f,-1.7328411528382184f,-1.1516199416076298f,-1.4019299436541683f,0f,0f,0f,1f], start_interpolation: 0, interpolation_duration: 1 }
$data merge entity $(bone_tail_2) { transformation: [-1.0763948646092396f,0.12293388172177153f,0.4039497724565199f,-0.09153611015947954f,0.07804919534212806f,1.1450262189423492f,-0.14048965634890775f,2.2475700779267473f,-0.4149656383958836f,-0.10351947236827158f,-1.0742445253718036f,-0.9614659856917942f,0f,0f,0f,1f], start_interpolation: 0, interpolation_duration: 1 }
$data merge entity $(bone_tail_1) { transformation: [-1.3279983786406881f,0.38321792268954785f,-0.09457098040619336f,-0.06512349901363136f,0.27420019265825507f,1.1344313949073466f,0.7464978264352323f,2.0183679719230163f,0.28392587228299f,0.6968420009269376f,-1.1632612196193355f,-0.6165760832187503f,0f,0f,0f,1f], start_interpolation: 0, interpolation_duration: 1 }
$data merge entity $(bone_tail_0) { transformation: [-1.1424734192619264f,0.35379108125112096f,0.06775468533543122f,-0.0795971303113436f,0.27128358734215774f,0.6968069882116139f,0.9358790395644129f,1.751554763486711f,0.2369895394242339f,0.9079076121965277f,-0.7446771556834996f,-0.38092726330578464f,0f,0f,0f,1f], start_interpolation: 0, interpolation_duration: 1 }
$data merge entity $(bone_body_1) { transformation: [-0.9735860442405979f,0.3043443572512814f,-0.040067706618835804f,-0.062499999999999986f,0.23118079616983872f,0.8146014002126236f,0.5701584803353861f,1.6042870375190519f,0.20195630316152105f,0.5346959560585639f,-0.8458218374057237f,-0.12992743406811827f,0f,0f,0f,1f], start_interpolation: 0, interpolation_duration: 1 }
data modify entity @s data merge value {"locators":{"body_1":{"posx":-0.12707394950089598,"posy":1.4972796951047782,"posz":-0.3187319073294615,"roty":357.2878501516371,"rotx":33.953686659726905},"body_0":{"posx":-0.11721044804740273,"posy":1.2554907854022657,"posz":0.1347593446136012,"roty":355.23438773916666,"rotx":28.211687670016428},"neck_1":{"posx":-0.10090345236905418,"posy":1.1149584389673943,"posz":0.3781616959211392,"roty":12.875667950681645,"rotx":51.342174269847405},"neck_0":{"posx":-0.1568526761657062,"posy":0.9056820545191858,"posz":0.48103851478808607,"roty":41.49989901728108,"rotx":64.87614028511445},"pos_head":{"posx":-0.14497039402746956,"posy":0.7671512715646481,"posz":0.849490937821894,"roty":4.374199465225928,"rotx":29.63719244436689},"head_0":{"posx":-0.13435564003373446,"posy":0.5503759808030294,"posz":0.6905521981480242,"roty":4.374199465225928,"rotx":29.63719244436689},"arm_right_0":{"posx":-0.45478704057490943,"posy":0.6515888909847943,"posz":0.14777957387616086,"roty":0.4383864013630898,"rotx":6.571476791036265},"arm_left_0":{"posx":0.14882128576297463,"posy":0.4999135394666244,"posz":0.307344458804407,"roty":351.9372874414046,"rotx":-26.706940281856788},"finger_right_0":{"posx":-0.5657944908829438,"posy":1.690180866297551,"posz":0.823225865620662,"roty":311.11126748357253,"rotx":-20.131807922714387},"finger_right_1":{"posx":-1.075634217427878,"posy":1.498937518116637,"posz":0.5611485970329304,"roty":311.11126748357253,"rotx":-20.131807922714387},"finger_right_2":{"posx":-1.54731398452108,"posy":1.2809256024909448,"posz":0.18646225438307987,"roty":311.11126748357253,"rotx":-20.131807922714387},"finger_right_3":{"posx":-2.0535068413543645,"posy":1.046961764372673,"posz":-0.21563966286194902,"roty":311.11126748357253,"rotx":-20.131807922714387},"finger_left_0":{"posx":0.8919922327369303,"posy":1.597226789552374,"posz":0.7455422193950384,"roty":21.866647054208528,"rotx":-23.2914479269652},"finger_left_1":{"posx":1.2169044785238228,"posy":1.345025809851997,"posz":0.302798774414592,"roty":21.866647054208528,"rotx":-23.2914479269652},"finger_left_2":{"posx":1.460838981916418,"posy":1.087999600242735,"posz":-0.23089995992595985,"roty":21.866647054208528,"rotx":-23.2914479269652},"finger_left_3":{"posx":1.7226225105052826,"posy":0.8121667100431383,"posz":-0.8036493279325111,"roty":21.866647054208528,"rotx":-23.2914479269652},"leg_right_0":{"posx":-0.420547086749908,"posy":1.3602196811765466,"posz":-0.41823189493753266,"roty":3.235226006495026,"rotx":24.503682858859285},"leg_left_0":{"posx":0.10350990658717836,"posy":1.179250634835219,"posz":-0.3512240438561573,"roty":356.9984773020105,"rotx":7.654983688879574},"tail_0":{"posx":-0.12389064285600393,"posy":1.7850166685171633,"posz":-0.6327604307484482,"roty":5.198760380065238,"rotx":51.375676192857235},"tail_1":{"posx":-0.13264942532158738,"posy":1.9986443715780213,"posz":-0.9133651886324193,"roty":355.352181116613,"rotx":32.60372119946361},"tail_2":{"posx":-0.022499496008204938,"posy":2.014501969893309,"posz":-1.1843794673765498,"roty":20.607841497849222,"rotx":-6.978943407360008},"tail_3":{"posx":0.1283952493221231,"posy":1.89620659868285,"posz":-1.3395888174170143,"roty":48.12207241576073,"rotx":-45.05853966256102},"tail_4":{"posx":0.35849899907000937,"posy":1.586531468076954,"posz":-1.5458891514840811,"roty":48.12207241576073,"rotx":-45.05853966256102},"shadow":{"posx":-0.0625,"posy":1.342019518972572,"posz":0.03645587122398417,"roty":0,"rotx":-18.860000000000063}},"cameras":{}}