# This file was generated by Animated Java via MC-Build. It is not recommended to edit this file directly.
$data merge entity $(bone_head_lower) { transformation: [-0.9952645918771074f,-0.06632645397947007f,-0.07105767839019507f,-0.04977803362404066f,-0.07401807620926035f,0.9909777645619128f,0.11173358733234343f,0.4920047895557627f,0.06300568664791509f,0.11646403584962847f,-0.9911944369313428f,0.8952201155915741f,0f,0f,0f,1f], start_interpolation: 0, interpolation_duration: 1 }
$data merge entity $(bone_head_upper) { transformation: [-0.9952645918771074f,-0.05644135042918694f,-0.07913764033268161f,-0.05139833644852071f,-0.07401807620926035f,0.967785669238843f,0.24064958510291473f,0.5086068130712894f,0.06300568664791509f,0.24536762699601314f,-0.9673804892969314f,0.8829786778966991f,0f,0f,0f,1f], start_interpolation: 0, interpolation_duration: 1 }
$data merge entity $(bone_neck_0) { transformation: [-0.9382642261318003f,0.3450352203323989f,0.024717174018626942f,-0.052615473611457325f,0.30782692427673763f,0.8002121429917917f,0.514687391431739f,0.5916623348868684f,0.15780629471481128f,0.49052137867646245f,-0.8570215577275317f,0.7137246748720576f,0f,0f,0f,1f], start_interpolation: 0, interpolation_duration: 1 }
$data merge entity $(bone_neck_1) { transformation: [-0.946628552179414f,0.2964449301798043f,0.12654954590751216f,-0.02817416225303105f,0.27679477336699637f,0.5464554975208014f,0.7904245964454842f,0.7339266544663112f,0.16516366923576054f,0.7832667442193527f,-0.5993447837135115f,0.6153908403989008f,0f,0f,0f,1f], start_interpolation: 0, interpolation_duration: 1 }
$data merge entity $(bone_neck_2) { transformation: [-0.946628552179414f,0.30447964391841864f,0.10576639654455267f,0.03916931830498973f,0.27679477336699637f,0.5997585869205748f,0.7507824524133129f,0.9894659854429808f,0.16516366923576054f,0.7399876916911177f,-0.6520269768270575f,0.5731134452732689f,0f,0f,0f,1f], start_interpolation: 0, interpolation_duration: 1 }
$data merge entity $(bone_arm_right_2) { transformation: [-0.9131785008933051f,0.31511921436513785f,-0.25846645090640724f,-0.4194788906028367f,0.12206832098299501f,0.8165380883726151f,0.5642383142336116f,0.335295670445566f,0.38885003602757756f,0.48369973224583634f,-0.7841111008694226f,0.4156007077187104f,0f,0f,0f,1f], start_interpolation: 0, interpolation_duration: 1 }
$data merge entity $(bone_arm_right_1) { transformation: [-0.9265502261610457f,-0.12410905150406654f,-0.3551079015393437f,-0.32185017579568503f,-0.15026299371648616f,0.9875316560680912f,0.04692825356618763f,0.6657515299604796f,0.34485607305117083f,0.09684096033277517f,-0.9336466768973964f,0.3929900272549248f,0f,0f,0f,1f], start_interpolation: 0, interpolation_duration: 1 }
$data merge entity $(bone_arm_right_0) { transformation: [-0.8752941717309584f,0.44570123743509915f,-0.18764466387999693f,-0.16404047271501032f,0.34676920343741297f,0.8489241790694159f,0.3988469101531318f,0.9362916243426688f,0.3370626536434995f,0.2840389852469899f,-0.8976138492573867f,0.4624910237880218f,0f,0f,0f,1f], start_interpolation: 0, interpolation_duration: 1 }
$data merge entity $(bone_arm_left_2) { transformation: [-0.9131583309893317f,-0.14507056702801358f,0.3809152046413334f,0.22759950758426054f,0.025163181973186274f,0.9126741455721962f,0.40791263559375773f,0.2491251316308441f,-0.40682757627496546f,0.3820738601189988f,-0.8297655624307417f,0.5149519992026116f,0f,0f,0f,1f], start_interpolation: 0, interpolation_duration: 1 }
$data merge entity $(bone_arm_left_1) { transformation: [-0.8888605774464202f,0.438028593784882f,0.13437940648944516f,0.23306732824265056f,0.3252453819922735f,0.80980007954474f,-0.48830243974614007f,0.5489619074865004f,-0.3227108850880567f,-0.39032650716569506f,-0.862266143629397f,0.3437454143543516f,0f,0f,0f,1f], start_interpolation: 0, interpolation_duration: 1 }
$data merge entity $(bone_arm_left_0) { transformation: [-0.9227602539619403f,-0.2524700597732878f,0.29115697248420525f,0.13769737829217787f,-0.14552865906657325f,0.9278632082427113f,0.34335299063766456f,0.8480632903319387f,-0.35684019266105793f,0.2744608090558935f,-0.892936918933249f,0.4098451042191232f,0f,0f,0f,1f], start_interpolation: 0, interpolation_duration: 1 }
$data merge entity $(bone_finger_right_1_fire) { transformation: [-1.134489679688587f,-0.216597419513993f,-1.2015808346997492f,-1.4397370131293123f,0.13809211879382327f,1.6069432091269729f,-0.42004983888285796f,1.1754766644503953f,1.2131123242243065f,-0.3854826303199168f,-1.0758900540085485f,-0.04957318825672796f,0f,0f,0f,1f], start_interpolation: 0, interpolation_duration: 1 }
$data merge entity $(bone_finger_right_1_fire_s) { transformation: [-0.000006806938078131522f,-0.000001299584517083958f,-0.000007209485008198495f,-1.4397370131293123f,8.285527127629396e-7f,0.000009641659254761838f,-0.0000025202990332971477f,1.1754766644503953f,0.000007278673945345839f,-0.000002312895781919501f,-0.000006455340324051291f,-0.04957318825672796f,0f,0f,0f,1f], start_interpolation: 0, interpolation_duration: 1 }
$data merge entity $(bone_finger_right_1) { transformation: [-1.3532918972720465f,-0.2583712642311397f,-1.4333225208032816f,-0.6867048175066387f,0.1647251171928752f,1.9168647042120375f,-0.5010623310091614f,1.403612411888224f,1.447078019523503f,-0.45982835233393726f,-1.283390513384853f,0.6276014689728113f,0f,0f,0f,1f], start_interpolation: 0, interpolation_duration: 1 }
$data merge entity $(bone_finger_right_2_fire) { transformation: [1.2505551660644691f,-0.11759395114815538f,-1.0954730562914878f,-1.0383338818256105f,-1.0950475959660855f,-0.31539440664225266f,-1.216213348309192f,0.8946737608745403f,-0.12149204490889443f,1.6323222135013435f,-0.31391344684754824f,0.6624278503394102f,0f,0f,0f,1f], start_interpolation: 0, interpolation_duration: 1 }
$data merge entity $(bone_finger_right_2_fire_s) { transformation: [0.000007503330996386815f,-7.055637068889323e-7f,-0.000006572838337748927f,-1.0383338818256105f,-0.000006570285575796514f,-0.0000018923664398535161f,-0.000007297280089855152f,0.8946737608745403f,-7.289522694533665e-7f,0.000009793933281008062f,-0.0000018834806810852896f,0.6624278503394102f,0f,0f,0f,1f], start_interpolation: 0, interpolation_duration: 1 }
$data merge entity $(bone_finger_right_2) { transformation: [0.9321681977275363f,-0.08765494276466403f,-0.8165694503153719f,-0.686156215314003f,-0.8162523106997059f,-0.23509609459155834f,-0.9065696865763907f,1.2860336139991249f,-0.09056059549724707f,1.2167386910716487f,-0.2339921819772264f,0.7643166934828952f,0f,0f,0f,1f], start_interpolation: 0, interpolation_duration: 1 }
$data merge entity $(bone_finger_film_right) { transformation: [0.07222997360754055f,-0.25085072630958194f,-0.8523530982097705f,-0.7698556036533618f,-0.761960523930221f,0.2626690281604697f,-0.42569951048386256f,1.3291053204472731f,0.7499160419781429f,0.29104907675055247f,-0.35044027003863615f,0.7150085340636569f,0f,0f,0f,1f], start_interpolation: 0, interpolation_duration: 1 }
$data merge entity $(bone_finger_right_0_fire) { transformation: [0.05228779188406085f,-0.9825218900964611f,-1.345248861764598f,-1.3506358514673202f,-1.13972657653604f,0.9605005450437181f,-0.7458148640821898f,1.0342136460287226f,1.2149350169186433f,0.9433277353230833f,-0.6417503145405516f,0.45406433480651365f,0f,0f,0f,1f], start_interpolation: 0, interpolation_duration: 1 }
$data merge entity $(bone_finger_right_0_fire_s) { transformation: [3.1372675130436515e-7f,-0.000005895131340578767f,-0.000008071493170587587f,-1.3506358514673202f,-0.000006838359459216241f,0.000005763003270262308f,-0.000004474889184493139f,1.0342136460287226f,0.00000728961010151186f,0.0000056599664119385f,-0.00000385050188724331f,0.45406433480651365f,0f,0f,0f,1f], start_interpolation: 0, interpolation_duration: 1 }
$data merge entity $(bone_fire_large_right) { transformation: [8.366046701449737e-7f,-0.000015720350241543377f,-0.000021523981788233564f,-1.2915430903153862f,-0.00001823562522457664f,0.00001536800872069949f,-0.000011933037825315036f,0.9677997226645085f,0.00001943896027069829f,0.000015093243765169333f,-0.000010268005032648825f,0.3911106919295154f,0f,0f,0f,1f], start_interpolation: 0, interpolation_duration: 1 }
$data merge entity $(bone_finger_right_0) { transformation: [0.04588461581799079f,-0.862202013804776f,-1.1805093498406898f,-0.7417780203669024f,-1.0001553750417924f,0.8428774081725281f,-0.6544821893729689f,1.3079180707520428f,1.066153771013032f,0.8278075850234847f,-0.563161410584337f,0.6835389540501092f,0f,0f,0f,1f], start_interpolation: 0, interpolation_duration: 1 }
$data merge entity $(bone_wing_right_1_model) { transformation: [-0.7556020176217849f,-0.6666331722948176f,-0.12507152994937087f,-0.41776818814782524f,-0.019247500118927608f,-0.16608379897974543f,1.0015102538154401f,1.3640050955960143f,-0.6779913035923839f,0.7476586576469533f,0.11095677960582805f,0.2999040525354105f,0f,0f,0f,1f], start_interpolation: 0, interpolation_duration: 1 }
$data merge entity $(bone_wing_right_0) { transformation: [-0.6378002074629454f,-0.29043957287018585f,-0.7133412576538721f,-0.08418123528891089f,-0.7512992754529788f,0.4385405675412051f,0.4931851268281179f,1.193976470768172f,0.16958860240019913f,0.8504863462346837f,-0.49790830561894156f,0.5798251852657584f,0f,0f,0f,1f], start_interpolation: 0, interpolation_duration: 1 }
$data merge entity $(bone_finger_left_1_fire) { transformation: [-1.391530540393878f,0.22384459912681745f,0.8895583895229453f,1.4704873694804008f,-0.05842425022022297f,1.5913703472601344f,-0.49183818744089136f,1.1084875312173532f,-0.9154272990877573f,-0.44182778441457343f,-1.3208174918519144f,-0.27701107779669343f,0f,0f,0f,1f], start_interpolation: 0, interpolation_duration: 1 }
$data merge entity $(bone_finger_left_1_fire_s) { transformation: [-0.000008349183242363268f,0.0000013430675947609048f,0.000005337350337137672f,1.4704873694804008f,-3.5054550132133784e-7f,0.000009548222083560806f,-0.000002951029124645348f,1.1084875312173532f,-0.000005492563794526544f,-0.0000026509667064874406f,-0.000007924904951111487f,-0.27701107779669343f,0f,0f,0f,1f], start_interpolation: 0, interpolation_duration: 1 }
$data merge entity $(bone_finger_left_1) { transformation: [-1.6599066865364027f,0.26701616389281196f,1.0611221787598986f,0.9114236918041014f,-0.06969218481469605f,1.8982883979141127f,-0.5866960676234914f,1.3816732798388132f,-1.0919802696990186f,-0.5270404582279057f,-1.5755556366004422f,0.553943959705607f,0f,0f,0f,1f], start_interpolation: 0, interpolation_duration: 1 }
$data merge entity $(bone_finger_left_2_fire) { transformation: [1.3122061479409373f,0.4727648559329361f,0.9123520121523812f,1.2281382655925266f,1.0111038804925458f,-0.33022668314583564f,-1.2831200483077152f,0.8508548597037406f,-0.18319865156900897f,1.5637204054788665f,-0.5468039185394397f,0.5115398348605246f,0f,0f,0f,1f], start_interpolation: 0, interpolation_duration: 1 }
$data merge entity $(bone_finger_left_2_fire_s) { transformation: [0.000007873236887645624f,0.0000028365891355976166f,0.000005474112072914287f,1.2281382655925266f,0.000006066623282955275f,-0.000001981360098875014f,-0.000007698720289846292f,0.8508548597037406f,-0.0000010991919094140538f,0.0000093823224328732f,-0.0000032808235112366384f,0.5115398348605246f,0f,0f,0f,1f], start_interpolation: 0, interpolation_duration: 1 }
$data merge entity $(bone_finger_left_2) { transformation: [0.9781230553966922f,0.3524005782894063f,0.6800703830904273f,0.9350799290141457f,0.7536803713827253f,-0.24615212541029688f,-0.95644217492874f,1.263718725577934f,-0.13655691607481976f,1.165602663265366f,-0.40758955469301317f,0.6882690610844391f,0f,0f,0f,1f], start_interpolation: 0, interpolation_duration: 1 }
$data merge entity $(bone_finger_film_left) { transformation: [-0.05506950678528995f,0.32787344510925853f,0.7186230558163217f,1.0076350487624892f,0.759288426641248f,0.24445262132827575f,-0.47834538656766f,1.3015131996544198f,-0.7540712922016128f,0.22219943798326774f,-0.5341356147247577f,0.6204502847932328f,0f,0f,0f,1f], start_interpolation: 0, interpolation_duration: 1 }
$data merge entity $(bone_finger_left_0_fire) { transformation: [-0.1581213900936041f,1.234178054691821f,1.1088642536802051f,1.4918407750316642f,1.1397926994225236f,0.8902447257505777f,-0.8283204140875516f,0.9708665907835405f,-1.2056732584393508f,0.679740123406122f,-0.928484322050646f,0.2349943136259674f,0f,0f,0f,1f], start_interpolation: 0, interpolation_duration: 1 }
$data merge entity $(bone_finger_left_0_fire_s) { transformation: [-9.487283405616246e-7f,0.000007405068328150928f,0.000006653185522081231f,1.4918407750316642f,0.0000068387561965351414f,0.000005341468354503466f,-0.000004969922484525311f,0.9708665907835405f,-0.000007234039550636105f,0.0000040784407404367325f,-0.000005570905932303876f,0.2349943136259674f,0f,0f,0f,1f], start_interpolation: 0, interpolation_duration: 1 }
$data merge entity $(bone_fire_large_left) { transformation: [-0.0000025299422414976652f,0.000019746848875069138f,0.00001774182805888328f,1.4156145120538142f,0.000018236683190760376f,0.000014243915612009242f,-0.000013253126625400828f,0.9087264168624045f,-0.000019290772135029613f,0.000010875841974497952f,-0.000014855749152810336f,0.18815330161560934f,0f,0f,0f,1f], start_interpolation: 0, interpolation_duration: 1 }
$data merge entity $(bone_finger_left_0) { transformation: [-0.1387578051323938f,1.0830403015697472f,0.9730724599584638f,0.9717202887174902f,1.0002134005030665f,0.7812251340739805f,-0.7268840890982866f,1.2823421971223015f,-1.0580262097925532f,0.5964989779587775f,-0.8147818998512434f,0.5965716882702202f,0f,0f,0f,1f], start_interpolation: 0, interpolation_duration: 1 }
$data merge entity $(bone_wing_left_1_model) { transformation: [-0.631218771438448f,0.7943501209204447f,0.039342483643664196f,0.584792328881974f,-0.04876086676429984f,-0.08878539663441665f,1.0103052084685615f,1.3007381712818382f,0.7938276409258948f,0.6261805824041377f,0.09334151147203743f,0.27214572534042886f,0f,0f,0f,1f], start_interpolation: 0, interpolation_duration: 1 }
$data merge entity $(bone_wing_left_0) { transformation: [-0.6194939624428863f,0.2968722778256446f,0.7267008195643f,0.2461601807080686f,0.7832917308086397f,0.29483457864249496f,0.5472902663884203f,1.0973844366866914f,-0.05178122192086204f,0.9082617584679629f,-0.4151858417155705f,0.5221886389763147f,0f,0f,0f,1f], start_interpolation: 0, interpolation_duration: 1 }
$data merge entity $(bone_body_0) { transformation: [-0.946628552179414f,0.3218306124833138f,-0.01787291434885936f,-0.020813409579393753f,0.27679477336699637f,0.8400704678145318f,0.4665471707583133f,1.0788471333344465f,0.16516366923576054f,0.4366997435017438f,-0.8843157221208338f,0.07953275767968497f,0f,0f,0f,1f], start_interpolation: 0, interpolation_duration: 1 }
$data merge entity $(bone_leg_right_3) { transformation: [-0.9820075360214959f,0.18630721314013926f,-0.030835394094208955f,-0.4604863964270364f,0.06492048852133898f,0.486400532735757f,0.8713207514598298f,0.603640426222291f,0.17733169307019306f,0.8536416953771215f,-0.48974414396349075f,-0.5053780752336805f,0f,0f,0f,1f], start_interpolation: 0, interpolation_duration: 1 }
$data merge entity $(bone_leg_right_2) { transformation: [-0.8978823031958242f,0.4381084667436912f,-0.043224310003214805f,-0.37961865535354794f,0.4381783142272251f,0.8988492866891867f,0.008350135287964078f,0.754618147116226f,0.04251040518213422f,-0.011442516586489704f,-0.9990304971648356f,-0.5005663031214629f,0f,0f,0f,1f], start_interpolation: 0, interpolation_duration: 1 }
$data merge entity $(bone_leg_right_1) { transformation: [-0.9262978686832765f,0.28558901175572404f,-0.24578684838129208f,-0.30927737901744234f,0.3671920769422235f,0.8305076833050185f,-0.4188400250718492f,0.8785794012861303f,0.08451175719197662f,-0.47822160588551405f,-0.8741635193489856f,-0.21286214479526105f,0f,0f,0f,1f], start_interpolation: 0, interpolation_duration: 1 }
$data merge entity $(bone_leg_right_0) { transformation: [-0.9091238664786476f,0.40432941206096257f,-0.10005759312191258f,-0.14002359913800086f,0.4137554114539535f,0.9042937618610164f,-0.10516297709660388f,1.1878711042592554f,0.04796097258692297f,-0.13700554295971917f,-0.9894085234658275f,-0.1854511085657137f,0f,0f,0f,1f], start_interpolation: 0, interpolation_duration: 1 }
$data merge entity $(bone_leg_left_3) { transformation: [-0.9982259111099845f,-0.03921491681046686f,0.044802016563869326f,0.2274952484673008f,0.0023491370632258493f,0.7259413987050921f,0.6877525479423193f,0.5052755350604795f,-0.059493797522928604f,0.6866376598655525f,-0.7245613929203366f,-0.45200794202749384f,0f,0f,0f,1f], start_interpolation: 0, interpolation_duration: 1 }
$data merge entity $(bone_leg_left_2) { transformation: [-0.9305718842816546f,-0.3576303580793247f,-0.07833578469987304f,0.161047403334213f,-0.3210345889871339f,0.8999594127409212f,-0.29497431768355376f,0.6593112974843646f,0.17599079765247086f,-0.24934631017737185f,-0.9522886415066479f,-0.48686026870990107f,0f,0f,0f,1f], start_interpolation: 0, interpolation_duration: 1 }
$data merge entity $(bone_leg_left_1) { transformation: [-0.9587724477640424f,-0.2817042696591465f,0.037391146871330876f,0.15763588998157008f,-0.25334451799900765f,0.7877177246333354f,-0.5615312471255105f,0.8291251871390775f,0.12873208072736606f,-0.5478535303840686f,-0.8266102834088839f,-0.2143908670018598f,0f,0f,0f,1f], start_interpolation: 0, interpolation_duration: 1 }
$data merge entity $(bone_leg_left_0) { transformation: [-0.9587724477640424f,-0.2765083214763474f,-0.065563263821133f,0.04386263148038472f,-0.25334451799900765f,0.9362086243831165f,-0.24357743497812595f,1.1639514326698397f,0.12873208072736606f,-0.216925240082858f,-0.9676629018447475f,-0.21182271738237315f,0f,0f,0f,1f], start_interpolation: 0, interpolation_duration: 1 }
$data merge entity $(bone_tail_3) { transformation: [-2.179248944762921f,-0.9638600212565062f,0.5351220617832259f,-0.12526969623264833f,-0.8805789251899842f,2.2351052227511587f,0.43976485145560884f,1.6555656579042068f,-0.6632967044204088f,0.19946485276341064f,-2.341956229149282f,-1.5479163028260572f,0f,0f,0f,1f], start_interpolation: 0, interpolation_duration: 1 }
$data merge entity $(bone_tail_2) { transformation: [-1.135074258181981f,-0.2026212618556985f,0.08640089789250091f,-0.1596300598669442f,-0.17228720212040236f,1.0992427831983271f,0.31447811700008493f,1.5212213756872974f,-0.13725017631372824f,0.2958445374354578f,-1.109302691455966f,-1.095112769626732f,0f,0f,0f,1f], start_interpolation: 0, interpolation_duration: 1 }
$data merge entity $(bone_tail_1) { transformation: [-1.3581097396023372f,0.20206825044666213f,-0.18462312324428745f,-0.10534753678352075f,0.0965368226128584f,1.2280648895141189f,0.6339689340182739f,1.3252518415369705f,0.2561209037834746f,0.6086085684427045f,-1.2179396673649463f,-0.7334089880256067f,0f,0f,0f,1f], start_interpolation: 0, interpolation_duration: 1 }
$data merge entity $(bone_tail_0) { transformation: [-1.176075335473065f,0.2134297313285253f,-0.0793655804157503f,-0.07837019220515645f,0.15298228526587052f,1.0498409494698135f,0.556268587544659f,1.1768114909070693f,0.1686640624570844f,0.5359907376803555f,-1.0579559080765695f,-0.4106601294532442f,0f,0f,0f,1f], start_interpolation: 0, interpolation_duration: 1 }
$data merge entity $(bone_body_1) { transformation: [-1.0022207206640033f,0.1522895539878634f,-0.12025894254627442f,-0.041259765624999944f,0.1303675126613505f,0.997037076305192f,0.17613084499806264f,1.1452286151894848f,0.1437311140938632f,0.15756159006374806f,-0.998306769796922f,-0.12324692959222054f,0f,0f,0f,1f], start_interpolation: 0, interpolation_duration: 1 }
data modify entity @s data merge value {"locators":{"body_1":{"posx":-0.08330999639310577,"posy":0.9635557224875968,"posz":-0.25167680757192007,"roty":353.13108151269716,"rotx":9.935319968137891},"body_0":{"posx":-0.06514433569000773,"posy":0.8679300259790748,"posz":0.17892406210364348,"roty":358.84215203572984,"rotx":27.810398319470202},"neck_1":{"posx":-0.0627261683116507,"posy":0.717558072032005,"posz":0.4447892938523565,"roty":9.213791433942674,"rotx":48.65820186006843},"neck_0":{"posx":-0.09488909199671826,"posy":0.5003770176308243,"posz":0.6244186214642182,"roty":11.922678964923534,"rotx":52.22520840902258},"pos_head":{"posx":-0.041272849526724574,"posy":0.48704657701423726,"posz":1.0175866294076685,"roty":355.3232688764062,"rotx":13.924882560986685},"head_0":{"posx":-0.028665477469322485,"posy":0.23598664304894995,"posz":0.9217968262791422,"roty":355.3232688764062,"rotx":13.924882560986685},"arm_right_0":{"posx":-0.4159757343463919,"posy":0.20663536127101328,"posz":0.32350023308778325,"roty":339.1759351074328,"rotx":2.689778751788306},"arm_left_0":{"posx":0.16449236022872105,"posy":0.10532525658819196,"posz":0.49527133411592117,"roty":8.85797609897429,"rotx":-29.22906680765076},"finger_right_0":{"posx":-0.5667182303540187,"posy":1.2512977728008765,"posz":0.7305655503413353,"roty":311.84112181891487,"rotx":-14.597663979959538},"finger_right_1":{"posx":-1.0849704350284384,"posy":1.1144924621632626,"posz":0.4514705503346793,"roty":311.84112181891487,"rotx":-14.597663979959538},"finger_right_2":{"posx":-1.565409877965546,"posy":0.9555046730517325,"posz":0.058658027632166154,"roty":311.84112181891487,"rotx":-14.597663979959538},"finger_right_3":{"posx":-2.081003358033025,"posy":0.784883762597032,"posz":-0.3628963649860557,"roty":311.84112181891487,"rotx":-14.597663979959538},"finger_left_0":{"posx":0.8090944295331354,"posy":1.2369594263249792,"posz":0.6834999518987999,"roty":33.959902643724604,"rotx":-17.163708554202653},"finger_left_1":{"posx":1.2385411613591857,"posy":1.068204782202678,"posz":0.2932533192312701,"roty":33.959902643724604,"rotx":-17.163708554202653},"finger_left_2":{"posx":1.6034706714687772,"posy":0.8803138628276233,"posz":-0.19860469735052103,"roty":33.959902643724604,"rotx":-17.163708554202653},"finger_left_3":{"posx":1.9951024011802478,"posy":0.6786749606168747,"posz":-0.7264518145223866,"roty":33.959902643724604,"rotx":-17.163708554202653},"leg_right_0":{"posx":-0.36615374876264645,"posy":0.7528858014403961,"posz":-0.19594751809954536,"roty":354.2253848571024,"rotx":-6.036556445961412},"leg_left_0":{"posx":0.19641335078199793,"posy":0.6986130305296734,"posz":-0.18641243629422713,"roty":356.1238920681469,"rotx":-14.097780138007423},"tail_0":{"posx":-0.12317703964131069,"posy":1.0988049854520807,"posz":-0.6523394419637478,"roty":355.7098295129141,"rotx":27.66902645904842},"tail_1":{"posx":-0.1646070982499636,"posy":1.273333218004145,"posz":-1.0280703277561933,"roty":351.38035968512526,"rotx":27.23245345329304},"tail_2":{"posx":-0.10457304786648644,"posy":1.3983372294000544,"posz":-1.3961865635932862,"roty":4.453637954547958,"rotx":15.782186375986845},"tail_3":{"posx":0.010989360565776471,"posy":1.4848075159920708,"posz":-1.7688979294391574,"roty":12.870764852694691,"rotx":10.373640250454585},"tail_4":{"posx":0.10685072604233074,"posy":1.5635866622090062,"posz":-2.188434214795145,"roty":12.870764852694691,"rotx":10.373640250454585},"shadow":{"posx":-0.04125976562499996,"posy":0.8644706773896655,"posz":0.00957865501724352,"roty":0,"rotx":-11.787500000000032}},"cameras":{}}