# This file was generated by Animated Java via MC-Build. It is not recommended to edit this file directly.
$data merge entity $(bone_head_lower) { transformation: [-0.9887423150343284f,0.03248639889077851f,-0.1460591262046509f,-0.033334596896846765f,0.049024169496559925f,0.9926000135954095f,-0.11109385138506063f,0.22067750248976642f,0.14136925148606225f,-0.11700361916412086f,-0.9830182540709852f,0.9405030963267893f,0f,0f,0f,1f], start_interpolation: 0, interpolation_duration: 1 }
$data merge entity $(bone_head_upper) { transformation: [-0.9887423150343284f,0.051129017710294086f,-0.14062168399125843f,-0.034523970095265f,0.049024169496559925f,0.9986282031721601f,0.018394092375436044f,0.23408913281789773f,0.14136925148606225f,0.011293156207364596f,-0.989892519093435f,0.924792624461595f,0f,0f,0f,1f], start_interpolation: 0, interpolation_duration: 1 }
$data merge entity $(bone_neck_0) { transformation: [-0.9794230716079565f,0.19223825150110666f,-0.061440226739759664f,-0.04932443019059102f,0.17417463186274104f,0.9589345413816452f,0.22384758868625915f,0.25983799755385184f,0.10194922470286114f,0.20854016400916914f,-0.9726856406761202f,0.7386084118855201f,0f,0f,0f,1f], start_interpolation: 0, interpolation_duration: 1 }
$data merge entity $(bone_neck_1) { transformation: [-0.9829060664242448f,0.17133097003264103f,0.06738963788367201f,-0.03620176135190898f,0.17774615605969257f,0.7876988575307281f,0.5898616904417419f,0.3690299807116896f,0.0479788348380992f,0.5917568829785252f,-0.8046874069196799f,0.6029214054879863f,0f,0f,0f,1f], start_interpolation: 0, interpolation_duration: 1 }
$data merge entity $(bone_neck_2) { transformation: [-0.9829060664242448f,0.15509647457224401f,0.09920054516825727f,0.008369876655154809f,0.17774615605969257f,0.6589938180741209f,0.7308443416666068f,0.62849241657402f,0.0479788348380992f,0.7359838526186249f,-0.6752968236947549f,0.5548019120364278f,0f,0f,0f,1f], start_interpolation: 0, interpolation_duration: 1 }
$data merge entity $(bone_arm_right_2) { transformation: [-0.8733799191796933f,0.1748296130599837f,-0.4545790615184217f,-0.38492960042185265f,0.025844223740585127f,0.9486726289510654f,0.3152020291468963f,0.04444453321996805f,0.4863533621482627f,0.263542879767924f,-0.8330699596376705f,0.38574139635222937f,0f,0f,0f,1f], start_interpolation: 0, interpolation_duration: 1 }
$data merge entity $(bone_arm_right_1) { transformation: [-0.8202832988973416f,-0.364402544368121f,-0.4408470201874277f,-0.37816465933245746f,-0.24338359504853926f,0.9198907559827949f,-0.30751491462797503f,0.36687702864923055f,0.517590315994555f,-0.1449544159915177f,-0.8432606252358843f,0.2623104222128848f,0f,0f,0f,1f], start_interpolation: 0, interpolation_duration: 1 }
$data merge entity $(bone_arm_right_0) { transformation: [-0.7797053088033055f,0.5989251644589015f,-0.1826151110993285f,-0.17327909909864908f,0.2581628057956669f,0.5732054683995668f,0.7776808192957713f,0.5571343844155212f,0.5704485928877825f,0.5592174338973267f,-0.6015515476645688f,0.419632637294944f,0f,0f,0f,1f], start_interpolation: 0, interpolation_duration: 1 }
$data merge entity $(bone_arm_left_2) { transformation: [-0.9351460938120896f,-0.10479981711554187f,0.33840623747286297f,0.32181311044657657f,-0.01337724971957839f,0.9650068955359987f,0.2618830669552997f,0.011734803316011566f,-0.35400965017627817f,0.2403719823534411f,-0.9038243621863409f,0.4628226339231384f,0f,0f,0f,1f], start_interpolation: 0, interpolation_duration: 1 }
$data merge entity $(bone_arm_left_1) { transformation: [-0.8792479207482827f,0.436054523420774f,0.19177994280972976f,0.3281986723936693f,0.25264773934866214f,0.7681671314772801f,-0.5882927654832901f,0.28764799506859384f,-0.4038467700277322f,-0.4688024218391459f,-0.7855775427135879f,0.25527789385682287f,0f,0f,0f,1f], start_interpolation: 0, interpolation_duration: 1 }
$data merge entity $(bone_arm_left_0) { transformation: [-0.8160813785638056f,-0.5448017679567455f,0.19287876293828526f,0.14002220957407896f,-0.2629493136559726f,0.6472052415039087f,0.7155298972214371f,0.5004777971714942f,-0.5146540993805953f,0.5332132865946534f,-0.6714273966630171f,0.40433938369029987f,0f,0f,0f,1f], start_interpolation: 0, interpolation_duration: 1 }
$data merge entity $(bone_finger_right_1_fire) { transformation: [-1.1594634909457273f,-0.1804366019812168f,-1.1835813548747711f,-1.4100705862030862f,-0.1752070808049538f,1.6554641690473313f,-0.08073810509303633f,1.018216445002067f,1.1843667800886402f,0.06825536933955909f,-1.1706384209296072f,-0.22623400313690456f,0f,0f,0f,1f], start_interpolation: 0, interpolation_duration: 1 }
$data merge entity $(bone_finger_right_1_fire_s) { transformation: [-0.000006956780945674364f,-0.0000010826196118873008f,-0.000007101488129248627f,-1.4100705862030862f,-0.000001051242484829723f,0.000009932785014283987f,-4.84428630558218e-7f,1.018216445002067f,0.000007106200680531841f,4.095322160373545e-7f,-0.000007023830525577644f,-0.22623400313690456f,0f,0f,0f,1f], start_interpolation: 0, interpolation_duration: 1 }
$data merge entity $(bone_finger_right_1) { transformation: [-1.383082257663484f,-0.2152363267857222f,-1.411851589301339f,-0.6689806973002482f,-0.2089982192373204f,1.9747436105464757f,-0.09630957899369968f,1.0342669060592224f,1.4127884947636555f,0.08141937289186381f,-1.396412429343775f,0.5005376821694902f,0f,0f,0f,1f], start_interpolation: 0, interpolation_duration: 1 }
$data merge entity $(bone_finger_right_2_fire) { transformation: [1.261061104648586f,-0.18515147109984736f,-1.0738815581198096f,-1.0178124891832985f,-1.0064961877853835f,-0.8274453025610378f,-1.0392677580974696f,0.5318373069332158f,-0.4176937778968667f,1.4348627048596017f,-0.7378880022652543f,0.3596214836120176f,0f,0f,0f,1f], start_interpolation: 0, interpolation_duration: 1 }
$data merge entity $(bone_finger_right_2_fire_s) { transformation: [0.000007566366627891516f,-0.0000011109088265990842f,-0.000006443289348718857f,-1.0178124891832985f,-0.000006038977126712301f,-0.000004964671815366227f,-0.000006235606548584818f,0.5318373069332158f,-0.0000025061626673812f,0.000008609176229157611f,-0.000004427328013591526f,0.3596214836120176f,0f,0f,0f,1f], start_interpolation: 0, interpolation_duration: 1 }
$data merge entity $(bone_finger_right_2) { transformation: [0.9399993611189221f,-0.13801255458797504f,-0.8004750720079593f,-0.6726196673928755f,-0.750245781111882f,-0.6167806245875564f,-0.7746738243230071f,0.865976836265328f,-0.311350403972547f,1.069551682221814f,-0.5500242994965284f,0.5978769568050901f,0f,0f,0f,1f], start_interpolation: 0, interpolation_duration: 1 }
$data merge entity $(bone_finger_film_right) { transformation: [0.08547731967428461f,-0.251260968228469f,-0.8334425933159626f,-0.7565907836617161f,-1.002723700399102f,0.1415598421838863f,-0.29775318864314587f,0.9330969701346984f,0.4712811835734405f,0.34676224848685916f,-0.4823526762074291f,0.5621086968906542f,0f,0f,0f,1f], start_interpolation: 0, interpolation_duration: 1 }
$data merge entity $(bone_finger_right_0_fire) { transformation: [0.041124039333886586f,-1.0012063196027912f,-1.331792963171858f,-1.3298276881630218f,-1.4644458834697858f,0.613660568204179f,-0.5065537870725094f,0.7337466429280642f,0.7946602076076555f,1.1827021562492122f,-0.8645857631410544f,0.210177104376367f,0f,0f,0f,1f], start_interpolation: 0, interpolation_duration: 1 }
$data merge entity $(bone_finger_right_0_fire_s) { transformation: [2.4674423600331953e-7f,-0.000006007237917616748f,-0.000007990757779031147f,-1.3298276881630218f,-0.000008786675300818715f,0.0000036819634092250747f,-0.0000030393227224350564f,0.7337466429280642f,0.000004767961245645934f,0.000007096212937495273f,-0.0000051875145788463266f,0.210177104376367f,0f,0f,0f,1f], start_interpolation: 0, interpolation_duration: 1 }
$data merge entity $(bone_fire_large_right) { transformation: [6.579846293421854e-7f,-0.00001601930111364466f,-0.000021308687410749725f,-1.2694745328881736f,-0.00002343113413551657f,0.000009818569091266865f,-0.000008104860593160149f,0.6905927046111098f,0.000012714563321722489f,0.000018923234499987392f,-0.00001383337221025687f,0.13042022978377515f,0f,0f,0f,1f], start_interpolation: 0, interpolation_duration: 1 }
$data merge entity $(bone_finger_right_0) { transformation: [0.036087979196049f,-0.8785983434026534f,-1.1687012639535914f,-0.725834986549801f,-1.285109474468605f,0.5385115416067532f,-0.4445210836691631f,0.9216284559484581f,0.6973459199189701f,1.0378681545193944f,-0.7587083744403601f,0.5235041096225705f,0f,0f,0f,1f], start_interpolation: 0, interpolation_duration: 1 }
$data merge entity $(bone_wing_right_1_model) { transformation: [-0.6441003161478989f,-0.7527386309218467f,-0.22247790743784115f,-0.3549731827180152f,0.028242912340399266f,-0.3098328571113126f,0.9665314384946895f,1.0506903393863514f,-0.7844196604385623f,0.606930998725543f,0.21748021092804243f,0.20552861356544838f,0f,0f,0f,1f], start_interpolation: 0, interpolation_duration: 1 }
$data merge entity $(bone_wing_right_0) { transformation: [-0.6931499091682641f,-0.5229052655648994f,-0.49609806154078984f,-0.13498486145524788f,-0.7066954738364826f,0.35755590929338554f,0.6105204984178745f,0.819478043458779f,-0.14186158986511027f,0.7737724826936418f,-0.6173746304692646f,0.5471302421838301f,0f,0f,0f,1f], start_interpolation: 0, interpolation_duration: 1 }
$data merge entity $(bone_finger_left_1_fire) { transformation: [-0.9848947563615877f,-0.0145156045647236f,1.344451335635972f,1.5936798300452648f,-0.1596862224956501f,1.6560365896311833f,-0.09910046380096779f,1.0295697380217699f,-1.3350132609881813f,-0.18737632936050885f,-0.980003817318516f,-0.1395068524431614f,0f,0f,0f,1f], start_interpolation: 0, interpolation_duration: 1 }
$data merge entity $(bone_finger_left_1_fire_s) { transformation: [-0.0000059093685381695266f,-8.70936273883416e-8f,0.000008066708013815833f,1.5936798300452648f,-9.581173349739007e-7f,0.0000099362195377871f,-5.946027828058068e-7f,1.0295697380217699f,-0.00000801007956592909f,-0.0000011242579761630532f,-0.000005880022903911097f,-0.1395068524431614f,0f,0f,0f,1f], start_interpolation: 0, interpolation_duration: 1 }
$data merge entity $(bone_finger_left_1) { transformation: [-1.174845498652509f,-0.01731514212349445f,1.6037475980320681f,0.7565662432207876f,-0.19048394611105116f,1.9754264304538118f,-0.11821337565147765f,1.0568807930495372f,-1.592489258555406f,-0.22351447774629402f,-1.1690112735418343f,0.47381514481797926f,0f,0f,0f,1f], start_interpolation: 0, interpolation_duration: 1 }
$data merge entity $(bone_finger_left_2_fire) { transformation: [1.0676705424589734f,0.06195243887150278f,1.2782876381554404f,1.175382208290357f,1.2154565664613668f,-0.5702442858444404f,-0.987554842672288f,0.589456600007423f,0.40065287418048817f,1.5648517909237973f,-0.41048011478179686f,0.46463324501880393f,0f,0f,0f,1f], start_interpolation: 0, interpolation_duration: 1 }
$data merge entity $(bone_finger_left_2_fire_s) { transformation: [0.000006406023254753841f,3.717146332290167e-7f,0.000007669725828932643f,1.175382208290357f,0.0000072927393987682f,-0.0000034214657150666425f,-0.000005925329056033728f,0.589456600007423f,0.0000024039172450829294f,0.000009389110745542785f,-0.000002462880688690781f,0.46463324501880393f,0f,0f,0f,1f], start_interpolation: 0, interpolation_duration: 1 }
$data merge entity $(bone_finger_left_2) { transformation: [0.7958453591958172f,0.04617956476835421f,0.9528400794877987f,0.7643195532453296f,0.9060055787382852f,-0.4250620865234463f,-0.7361268361698727f,0.90713228448167f,0.2986480546991955f,1.1664460019358667f,-0.30597331423875307f,0.5976093064190677f,0f,0f,0f,1f], start_interpolation: 0, interpolation_duration: 1 }
$data merge entity $(bone_finger_film_left) { transformation: [0.04316259161541551f,0.18046306328756057f,0.9229090174100395f,0.8447498318156722f,0.9227557176456279f,0.22406207847918078f,-0.25432396438491534f,0.9785929133514417f,-0.6176779271987091f,0.3473392978434145f,-0.3154455399393738f,0.5621131380903894f,0f,0f,0f,1f], start_interpolation: 0, interpolation_duration: 1 }
$data merge entity $(bone_finger_left_0_fire) { transformation: [-0.0036153574924298847f,0.7429131150111172f,1.4919265432696278f,1.4818890154659883f,1.320592129176562f,0.9114400432591785f,-0.45065646969548645f,0.8059659816193403f,-1.0167601169031437f,1.181158299664344f,-0.5906282363610127f,0.3245198920848622f,0f,0f,0f,1f], start_interpolation: 0, interpolation_duration: 1 }
$data merge entity $(bone_finger_left_0_fire_s) { transformation: [-2.169214495457931e-8f,0.0000044574786900667035f,0.000008951559259617767f,1.4818890154659883f,0.000007923552775059374f,0.000005468640259555072f,-0.000002703938818172919f,0.8059659816193403f,-0.000006100560701418863f,0.000007086949797986063f,-0.0000035437694181660766f,0.3245198920848622f,0f,0f,0f,1f], start_interpolation: 0, interpolation_duration: 1 }
$data merge entity $(bone_fire_large_left) { transformation: [-5.784571987887816e-8f,0.000011886609840177876f,0.000023870824692314046f,1.4390270220319827f,0.000021129474066824994f,0.000014583040692146857f,-0.000007210503515127783f,0.7437124963249231f,-0.0000162681618704503f,0.000018898532794629502f,-0.000009450051781776203f,0.2460770601865115f,0f,0f,0f,1f], start_interpolation: 0, interpolation_duration: 1 }
$data merge entity $(bone_finger_left_0) { transformation: [-0.003172619910067548f,0.651935789218577f,1.3092248457991933f,0.8214517615591007f,1.158872086889568f,0.7998248677016487f,-0.39546896575245977f,0.957485256339705f,-0.8922474187971555f,1.0365133589978734f,-0.518299754879184f,0.5223711355041696f,0f,0f,0f,1f], start_interpolation: 0, interpolation_duration: 1 }
$data merge entity $(bone_wing_left_1_model) { transformation: [-0.6638593273804403f,0.7661595437245458f,0.05716143850206789f,0.44851177193873526f,0.030930646154032418f,-0.048830967674794744f,1.0137237862289104f,0.9548470203959183f,0.7676660547531876f,0.6645240200305624f,0.00858709636239943f,0.1814713448856625f,0f,0f,0f,1f], start_interpolation: 0, interpolation_duration: 1 }
$data merge entity $(bone_wing_left_0) { transformation: [-0.7574067928873577f,0.398361080350741f,0.5173426328361872f,0.2080161826470718f,0.6513238235022942f,0.516717813829261f,0.5556797439261769f,0.7574506339267132f,-0.045958971120333786f,0.7578331943992027f,-0.6508276441887366f,0.5303872481110092f,0f,0f,0f,1f], start_interpolation: 0, interpolation_duration: 1 }
$data merge entity $(bone_body_0) { transformation: [-0.9829060664242448f,0.17889390556984464f,0.043504426629777555f,0.0006386632444003119f,0.17774615605969257f,0.8604895308120029f,0.4774558318514318f,0.7198393423639652f,0.0479788348380992f,0.47702697818143025f,-0.8775780839872152f,0.05800740734044518f,0f,0f,0f,1f], start_interpolation: 0, interpolation_duration: 1 }
$data merge entity $(bone_leg_right_3) { transformation: [-0.9974773316046329f,-0.03152044284650991f,0.06360373116147611f,-0.31722378050848243f,0.02279089561634709f,0.7063658242903796f,0.7074799625088879f,0.1930546869032175f,-0.06722758371313214f,0.7071448111648225f,-0.7038655184271789f,-0.4983504876769919f,0f,0f,0f,1f], start_interpolation: 0, interpolation_duration: 1 }
$data merge entity $(bone_leg_right_2) { transformation: [-0.9035721940143582f,0.37690510234984964f,0.2037150805088531f,-0.24853006551843868f,0.41580165391279306f,0.8860723052250062f,0.20490206079156306f,0.34060228184482f,-0.103277658801238f,0.2698488720300548f,-0.9573480618127569f,-0.44479773189980476f,0f,0f,0f,1f], start_interpolation: 0, interpolation_duration: 1 }
$data merge entity $(bone_leg_right_1) { transformation: [-0.9374470485821382f,0.3477405454815803f,0.016417799268207675f,-0.26323651086029487f,0.33704125698003606f,0.9183897486004078f,-0.20727629087524024f,0.39529369854594665f,-0.08715630899685592f,-0.18877707141984418f,-0.9781446698255793f,-0.1287589054642116f,0f,0f,0f,1f], start_interpolation: 0, interpolation_duration: 1 }
$data merge entity $(bone_leg_right_0) { transformation: [-0.931751103889662f,0.3524101004279096f,-0.08744713555507154f,-0.11227155130561471f,0.3472926643870743f,0.7946801216106095f,-0.4978667588621218f,0.6985459239160484f,-0.10596077417291447f,-0.4942576508596886f,-0.8628335232843812f,-0.230283450444264f,0f,0f,0f,1f], start_interpolation: 0, interpolation_duration: 1 }
$data merge entity $(bone_leg_left_3) { transformation: [-0.9965712928971213f,0.041182592622256764f,-0.07176107746034116f,0.23105791400258086f,-0.013894620080695214f,0.7717047782811143f,0.6358291238303806f,0.1722221390732103f,0.0815634581548195f,0.6346461449051791f,-0.7684866121480722f,-0.49873849830575684f,0f,0f,0f,1f], start_interpolation: 0, interpolation_duration: 1 }
$data merge entity $(bone_leg_left_2) { transformation: [-0.8979150501684083f,-0.3847325890436328f,-0.21384433031728425f,0.16113175864899665f,-0.38418508974131604f,0.9221173170221543f,-0.04584179826665777f,0.3278996250716462f,0.21482639386612065f,0.040993762643201426f,-0.9757915412232429f,-0.4835112183717433f,0f,0f,0f,1f], start_interpolation: 0, interpolation_duration: 1 }
$data merge entity $(bone_leg_left_1) { transformation: [-0.9304833880180715f,-0.3330539872935553f,-0.15256377738596788f,0.21925529690248496f,-0.3039088750232558f,0.9343352161646253f,-0.1861641735584536f,0.37543333721405836f,0.20454843021766253f,-0.12685718498558624f,-0.9706014600818521f,-0.17134111903323546f,0f,0f,0f,1f], start_interpolation: 0, interpolation_duration: 1 }
$data merge entity $(bone_leg_left_0) { transformation: [-0.9304833880180715f,-0.36370808006047967f,-0.043784667648967907f,0.0744808058836406f,-0.3039088750232558f,0.8331273300508046f,-0.4621019883148272f,0.6902533423438628f,0.20454843021766253f,-0.41667167460860277f,-0.8857452541641716f,-0.24196884417695164f,0f,0f,0f,1f], start_interpolation: 0, interpolation_duration: 1 }
$data merge entity $(bone_tail_3) { transformation: [-2.1718696242194255f,-0.05955387850243639f,-1.1153221040499093f,-0.27123526396914077f,-1.0497213797074059f,0.9419321224291587f,1.993829638297944f,1.0296380656200337f,0.38154303192717354f,2.2524930492957016f,-0.8632541355223287f,-1.5275301570613071f,0f,0f,0f,1f], start_interpolation: 0, interpolation_duration: 1 }
$data merge entity $(bone_tail_2) { transformation: [-1.0938259592860646f,-0.08016148124649887f,-0.36610513546833495f,-0.12089729404323717f,-0.2826660696668794f,0.9181032463884198f,0.6435063205051862f,0.7614604668012293f,0.24608682685385572f,0.698265442647287f,-0.888133271392075f,-1.1673366941534018f,0f,0f,0f,1f], start_interpolation: 0, interpolation_duration: 1 }
$data merge entity $(bone_tail_1) { transformation: [-1.3671802807157791f,0.06633308731462799f,-0.21400313508687574f,-0.05714041967236176f,-0.013412457409802854f,1.296699707254178f,0.4876159507962566f,0.608977250068364f,0.2236459842830447f,0.4832692117360849f,-1.2789889299676638f,-0.7867263870974741f,0f,0f,0f,1f], start_interpolation: 0, interpolation_duration: 1 }
$data merge entity $(bone_tail_0) { transformation: [-1.19440613031838f,0.05720275746751005f,-0.07159735102477022f,-0.034964201299878366f,0.05303660106386921f,1.1947081166291689f,0.06974220591402643f,0.6073383491021036f,0.07473590223743158f,0.06636792053602172f,-1.1937395797736872f,-0.4311498554369758f,0f,0f,0f,1f], start_interpolation: 0, interpolation_duration: 1 }
$data merge entity $(bone_body_1) { transformation: [-1.0178417458365325f,0.028047921153031008f,-0.07288476518366106f,-0.013671874999999981f,0.045196407863123324f,0.9885220808591214f,-0.25076298533608843f,0.6972422300343608f,0.0636879862545069f,-0.25325501814848694f,-0.9868669771726581f,-0.15466307765553416f,0f,0f,0f,1f], start_interpolation: 0, interpolation_duration: 1 }
data modify entity @s data merge value {"locators":{"body_1":{"posx":-0.026346996125597613,"posy":0.47578160181382745,"posz":-0.20007262357730382,"roty":355.77610598362855,"rotx":-14.219976487186546},"body_0":{"posx":-0.03391647833056584,"posy":0.5038756334773085,"posz":0.1501784831437119,"roty":2.838016590304562,"rotx":28.519369799233065},"neck_1":{"posx":-0.04948276957921824,"posy":0.3420786961932273,"posz":0.43068928774879306,"roty":8.356932271232296,"rotx":46.95722496958536},"neck_0":{"posx":-0.07361868040022093,"posy":0.14142959995533105,"posz":0.679575540380691,"roty":4.787142126973606,"rotx":36.14719395004037},"head_0":{"posx":-0.032832524815292835,"posy":-0.023087108151437462,"posz":1.0258020731184712,"roty":351.91480094339005,"rotx":1.0539633002379971},"arm_right_0":{"posx":-0.35706198815284523,"posy":-0.10142660920908736,"posz":0.3310307878676118,"roty":332.3999456308527,"rotx":-17.909531354784765},"arm_left_0":{"posx":0.2636437711276667,"posy":-0.13539383251862708,"posz":0.4586110821271331,"roty":13.719053000703695,"rotx":-36.03595103145368},"finger_right_0":{"posx":-0.5539829094333041,"posy":0.8568393956307538,"posz":0.5596403027355127,"roty":314.6850047621425,"rotx":-2.7766583260164004},"finger_right_1":{"posx":-1.067954105822868,"posy":0.8138037198287564,"posz":0.24471713815816493,"roty":314.6850047621425,"rotx":-2.7766583260164004},"finger_right_2":{"posx":-1.541900296925051,"posy":0.7798619648347492,"posz":-0.18496160068733933,"roty":314.6850047621425,"rotx":-2.7766583260164004},"finger_right_3":{"posx":-2.0505254186398956,"posy":0.7434366514756902,"posz":-0.6460797198449548,"roty":314.6850047621425,"rotx":-2.7766583260164004},"finger_left_0":{"posx":0.6543229978380706,"posy":0.876763608298251,"posz":0.5466317017249549,"roty":53.91076747664586,"rotx":-3.4088336792384557},"finger_left_1":{"posx":1.2105910457187723,"posy":0.855034448714401,"posz":0.31149607654655087,"roty":53.91076747664586,"rotx":-3.4088336792384557},"finger_left_2":{"posx":1.7433859545431045,"posy":0.819656280675899,"posz":-0.042451410752503554,"roty":53.91076747664586,"rotx":-3.4088336792384557},"finger_left_3":{"posx":2.315165722862192,"posy":0.7816895228005196,"posz":-0.42229698403934113,"roty":53.91076747664586,"rotx":-3.4088336792384557},"leg_right_0":{"posx":-0.3128814165004837,"posy":0.2839462948931539,"posz":-0.06199779314883044,"roty":354.21290216710116,"rotx":-29.85896597532061},"leg_left_0":{"posx":0.27018445973169763,"posy":0.25879812209869135,"posz":-0.11546309077224762,"roty":357.17002573926595,"rotx":-27.52282835829456},"tail_0":{"posx":-0.05454310173312981,"posy":0.43383979208744217,"posz":-0.6209299279885235,"roty":356.56766204298424,"rotx":3.337623556752428},"tail_1":{"posx":-0.1035190909598662,"posy":0.5222486014211707,"posz":-1.075447194418318,"roty":350.5011421428521,"rotx":20.60745211704966},"tail_2":{"posx":-0.18896723717419792,"posy":0.7443144902199503,"posz":-1.4895939139667058,"roty":337.597627910445,"rotx":33.81726604979069},"tail_3":{"posx":-0.3620401564966353,"posy":1.1139359394229433,"posz":-1.8124969847006518,"roty":307.73970490368265,"rotx":54.725606964496954},"tail_4":{"posx":-0.5618381231215264,"posy":1.4711090879527287,"posz":-1.9671396841787672,"roty":307.73970490368265,"rotx":54.725606964496954},"shadow":{"posx":-0.013671874999999993,"posy":0.40226636415573486,"posz":-0.05741651415014334,"roty":0,"rotx":-4.715000000000103}},"cameras":{}}