# This file was generated by Animated Java via MC-Build. It is not recommended to edit this file directly.
$data merge entity $(bone_head_lower) { transformation: [-0.9876710744778915f,0.06835534969553606f,-0.14083108608431844f,-0.045409232501477076f,0.09151282607468346f,0.9820131292160307f,-0.16515331274656295f,0.14865251962923323f,0.1270088630903862f,-0.1760050005407241f,-0.9761613537121551f,0.9285130765313369f,0f,0f,0f,1f], start_interpolation: 0, interpolation_duration: 1 }
$data merge entity $(bone_head_upper) { transformation: [-0.9876710744778915f,0.08604708102098965f,-0.13077365364420682f,-0.04598244372324909f,0.09151282607468346f,0.9951396483405094f,-0.036365958870238274f,0.16112751522096094f,0.1270088630903862f,-0.047885072292880276f,-0.9907450572917298f,0.9120160684155532f,0f,0f,0f,1f], start_interpolation: 0, interpolation_duration: 1 }
$data merge entity $(bone_neck_0) { transformation: [-0.9867859229060719f,0.15054649346201482f,-0.05991073076422805f,-0.05978775078080997f,0.14049683453145678f,0.9791910890460784f,0.14644265300586107f,0.17199796225889127f,0.08071048160587785f,0.13609028047236177f,-0.9874032882869598f,0.7242985531298483f,0f,0f,0f,1f], start_interpolation: 0, interpolation_duration: 1 }
$data merge entity $(bone_neck_1) { transformation: [-0.9890849563092529f,0.12837238758129274f,0.07232896590856154f,-0.04614544235881024f,0.14712592258204565f,0.8335892645113993f,0.53243112324105f,0.27153508482546684f,0.008056805018455251f,0.5372610801072628f,-0.8433775072260771f,0.5814269115049228f,0f,0f,0f,1f], start_interpolation: 0, interpolation_duration: 1 }
$data merge entity $(bone_neck_2) { transformation: [-0.9890849563092529f,0.10555751351412045f,0.10280350452897888f,-0.007815982736033993f,0.14712592258204565f,0.6693611280920382f,0.7282236216326244f,0.5318809683516079f,0.008056805018455251f,0.7354000894343637f,-0.6775852686952575f,0.5327058108985102f,0f,0f,0f,1f], start_interpolation: 0, interpolation_duration: 1 }
$data merge entity $(bone_arm_right_2) { transformation: [-0.8766708658301315f,0.06623206614871949f,-0.4765097128268418f,-0.3783962218096846f,-0.03165473353207812f,0.9803904016337821f,0.19450613931021327f,0.027948685803795725f,0.48004809222583195f,0.18560165354334146f,-0.8573831438466215f,0.356231869275592f,0f,0f,0f,1f], start_interpolation: 0, interpolation_duration: 1 }
$data merge entity $(bone_arm_right_1) { transformation: [-0.7914304140598079f,-0.47230059868332686f,-0.3880335606419786f,-0.4094633381636503f,-0.2875669146043691f,0.8478596885970807f,-0.44546517044207184f,0.3341716379262608f,0.5393914805834856f,-0.2409690704954307f,-0.8068399703401682f,0.1996878761346112f,0f,0f,0f,1f], start_interpolation: 0, interpolation_duration: 1 }
$data merge entity $(bone_arm_right_0) { transformation: [-0.7387924187165744f,0.6689673930755689f,-0.08166020480375581f,-0.18143086759852445f,0.21528679316681817f,0.3490878430627211f,0.9120248212158288f,0.4558011231335648f,0.638621451827968f,0.6562166599740473f,-0.40192329670926524f,0.38977652458579926f,0f,0f,0f,1f], start_interpolation: 0, interpolation_duration: 1 }
$data merge entity $(bone_arm_left_2) { transformation: [-0.954860086636443f,-0.053412290422489725f,0.29221454820126325f,0.3437074983163819f,-0.018646474013322124f,0.9925393642950516f,0.12049032878885035f,0.00394544054900961f,-0.29647010634381876f,0.1096026348068257f,-0.948732174266208f,0.4509890188943137f,0f,0f,0f,1f], start_interpolation: 0, interpolation_duration: 1 }
$data merge entity $(bone_arm_left_1) { transformation: [-0.884331700124016f,0.43844557159728187f,0.16038368028730457f,0.3500259894575038f,0.2191485209590414f,0.6931870639758924f,-0.6866335413435223f,0.2513160553227132f,-0.4122273279602313f,-0.5720639606575604f,-0.7090919933263619f,0.2101331708651422f,0f,0f,0f,1f], start_interpolation: 0, interpolation_duration: 1 }
$data merge entity $(bone_arm_left_0) { transformation: [-0.7722276580721529f,-0.6298277109760982f,0.0835553624551216f,0.1338399622250499f,-0.2938596546133943f,0.4706673345494905f,0.8319367545544399f,0.4089047353105377f,-0.5633036015319757f,0.6178910216815636f,-0.5485432871035966f,0.3872084179861667f,0f,0f,0f,1f], start_interpolation: 0, interpolation_duration: 1 }
$data merge entity $(bone_finger_right_1_fire) { transformation: [-1.1693883680265351f,-0.2032886610083777f,-1.1700351887047826f,-1.400566875284091f,-0.28696547500023256f,1.6417753119423348f,0.0015553238626330366f,0.977983981285139f,1.1523712243283f,0.20254708879627906f,-1.1869258679201597f,-0.2880359725986874f,0f,0f,0f,1f], start_interpolation: 0, interpolation_duration: 1 }
$data merge entity $(bone_finger_right_1_fire_s) { transformation: [-0.000007016330208159211f,-0.0000012197319660502662f,-0.000007020211132228696f,-1.400566875284091f,-0.0000017217928500013956f,0.00000985065187165401f,9.33194317579822e-9f,0.977983981285139f,0.0000069142273459698f,0.0000012152825327776743f,-0.000007121555207520958f,-0.2880359725986874f,0f,0f,0f,1f], start_interpolation: 0, interpolation_duration: 1 }
$data merge entity $(bone_finger_right_1) { transformation: [-1.3949212862376048f,-0.24249572532509744f,-1.3956928553391417f,-0.6674316632115878f,-0.3423107843706774f,1.9584146657047812f,0.0018552898440758944f,0.9431415758437582f,1.3746221481371532f,0.2416111305298846f,-1.4158411385107132f,0.44610821684895074f,0f,0f,0f,1f], start_interpolation: 0, interpolation_duration: 1 }
$data merge entity $(bone_finger_right_2_fire) { transformation: [1.285357171975742f,-0.19289334675925807f,-1.0432769886297286f,-1.0045242796396219f,-0.9401691605795437f,-0.9665442172133714f,-0.9796182947680823f,0.4487680582780486f,-0.4916468933324586f,1.3440097509784599f,-0.8542241505185498f,0.252184718816578f,0f,0f,0f,1f], start_interpolation: 0, interpolation_duration: 1 }
$data merge entity $(bone_finger_right_2_fire_s) { transformation: [0.000007712143031854452f,-0.0000011573600805555485f,-0.000006259661931778371f,-1.0045242796396219f,-0.0000056410149634772624f,-0.000005799265303280228f,-0.0000058777097686084936f,0.4487680582780486f,-0.000002949881359994752f,0.00000806405850587076f,-0.000005125344903111299f,0.252184718816578f,0f,0f,0f,1f], start_interpolation: 0, interpolation_duration: 1 }
$data merge entity $(bone_finger_right_2) { transformation: [0.9581097347408198f,-0.1437833758010646f,-0.7776623187940598f,-0.6691872466105232f,-0.7008053828880538f,-0.7204654424156072f,-0.7302109055841601f,0.7636291692378923f,-0.36647531505414127f,1.0018295724134723f,-0.6367416715810538f,0.5278376434677584f,0f,0f,0f,1f], start_interpolation: 0, interpolation_duration: 1 }
$data merge entity $(bone_finger_film_right) { transformation: [0.10566358861792818f,-0.2565905558707369f,-0.8197187850039439f,-0.754427880673466f,-1.0482064073605448f,0.10014286834601001f,-0.267662637548273f,0.8343857601270722f,0.37361004855120944f,0.35353084239226f,-0.5191275340697756f,0.49759432613950483f,0f,0f,0f,1f], start_interpolation: 0, interpolation_duration: 1 }
$data merge entity $(bone_finger_right_0_fire) { transformation: [0.06257982631421126f,-1.0254109783878866f,-1.3124000413432864f,-1.3193615722305703f,-1.5316053204063984f,0.4804802756442544f,-0.44844355831856125f,0.6578089407162677f,0.6542527689044004f,1.2228854434885537f,-0.9242739227428772f,0.12098968827258438f,0f,0f,0f,1f], start_interpolation: 0, interpolation_duration: 1 }
$data merge entity $(bone_finger_right_0_fire_s) { transformation: [3.754789578852676e-7f,-0.00000615246587032732f,-0.000007874400248059718f,-1.3193615722305703f,-0.00000918963192243839f,0.0000028828816538655264f,-0.0000026906613499113674f,0.6578089407162677f,0.000003925516613426403f,0.000007337312660931323f,-0.000005545643536457263f,0.12098968827258438f,0f,0f,0f,1f], start_interpolation: 0, interpolation_duration: 1 }
$data merge entity $(bone_fire_large_right) { transformation: [0.0000010012772210273802f,-0.000016406575654206186f,-0.00002099840066149258f,-1.2573385474458902f,-0.000024505685126502376f,0.00000768768441030807f,-0.000007175096933096979f,0.6235071553818061f,0.000010468044302470408f,0.00001956616709581686f,-0.000014788382763886035f,0.03827054473193037f,0f,0f,0f,1f], start_interpolation: 0, interpolation_duration: 1 }
$data merge entity $(bone_finger_right_0) { transformation: [0.05491628513881637f,-0.8998388936217614f,-1.151683204180377f,-0.7225149197214624f,-1.3440445499681009f,0.42164054096879006f,-0.39352704805598065f,0.8269352384546924f,0.5741328112611753f,1.0731305863575846f,-0.8110871070953038f,0.4578144799438445f,0f,0f,0f,1f], start_interpolation: 0, interpolation_duration: 1 }
$data merge entity $(bone_wing_right_1_model) { transformation: [-0.5938710588368712f,-0.7863545130352394f,-0.24482816085353692f,-0.33367903301746304f,0.05878512705810416f,-0.34154262585742373f,0.954395110319106f,0.9724865087750475f,-0.8214855795171188f,0.5440333607356884f,0.24528805126604963f,0.1698468701160708f,0f,0f,0f,1f], start_interpolation: 0, interpolation_duration: 1 }
$data merge entity $(bone_wing_right_0) { transformation: [-0.6932852704577277f,-0.5906692169184643f,-0.4128745692716901f,-0.1565818263596608f,-0.6767754105745019f,0.33674933875097846f,0.654656342283868f,0.718409661631477f,-0.24765011085818173f,0.7332869554517569f,-0.6332137581861463f,0.5200284496648424f,0f,0f,0f,1f], start_interpolation: 0, interpolation_duration: 1 }
$data merge entity $(bone_finger_left_1_fire) { transformation: [-0.7926757773964982f,-0.06230178624505686f,1.4647734900445566f,1.6079242406868763f,-0.18225729768885132f,1.6564317481524047f,-0.028176567031891385f,0.9826750340406095f,-1.4547251173832778f,-0.17358032411889487f,-0.7946209673238965f,-0.060526318294102044f,0f,0f,0f,1f], start_interpolation: 0, interpolation_duration: 1 }
$data merge entity $(bone_finger_left_1_fire_s) { transformation: [-0.00000475605466437899f,-3.738107174703412e-7f,0.00000878864094026734f,1.6079242406868763f,-0.000001093543786133108f,0.000009938590488914428f,-1.690594021913483e-7f,0.9826750340406095f,-0.000008728350704299667f,-0.0000010414819447133693f,-0.000004767725803943379f,-0.060526318294102044f,0f,0f,0f,1f], start_interpolation: 0, interpolation_duration: 1 }
$data merge entity $(bone_finger_left_1) { transformation: [-0.9455543985282965f,-0.07431755794742351f,1.7472755644285098f,0.6969885525245499f,-0.21740816915031394f,1.9758978008280699f,-0.03361081245593008f,0.9658156595024305f,-1.7352892224222862f,-0.20705771974976142f,-0.9478747455658525f,0.4370486577845546f,0f,0f,0f,1f], start_interpolation: 0, interpolation_duration: 1 }
$data merge entity $(bone_finger_left_2_fire) { transformation: [0.9569924474350505f,-0.1088864328315764f,1.3601790242741083f,1.1326867331338226f,1.2443809986848007f,-0.6120199899853636f,-0.9245135151788266f,0.5134394637637065f,0.5598742389521666f,1.5464000305164602f,-0.2701213800390513f,0.4711925145150371f,0f,0f,0f,1f], start_interpolation: 0, interpolation_duration: 1 }
$data merge entity $(bone_finger_left_2_fire_s) { transformation: [0.000005741954684610304f,-6.533185969894584e-7f,0.00000816107414564465f,1.1326867331338226f,0.000007466285992108804f,-0.0000036721199399121816f,-0.00000554708109107296f,0.5134394637637065f,0.0000033592454337129996f,0.000009278400183098761f,-0.0000016207282802343078f,0.4711925145150371f,0f,0f,0f,1f], start_interpolation: 0, interpolation_duration: 1 }
$data merge entity $(bone_finger_left_2) { transformation: [0.7133455197916526f,-0.08116432813517195f,1.013882205320505f,0.6951641559062177f,0.9275659517531456f,-0.45620184260505486f,-0.6891356100116004f,0.810814630165112f,0.41733221727478126f,1.152691995147076f,-0.20134942210593892f,0.5590274996190718f,0f,0f,0f,1f], start_interpolation: 0, interpolation_duration: 1 }
$data merge entity $(bone_finger_film_left) { transformation: [0.08907114736809486f,0.12433989001769975f,0.9636711788402861f,0.7765915406189905f,0.9482479978281926f,0.21758838716834403f,-0.21266940445080795f,0.8883112224402718f,-0.585130754696001f,0.3715457569197448f,-0.19795240372402176f,0.5355545727179702f,0f,0f,0f,1f], start_interpolation: 0, interpolation_duration: 1 }
$data merge entity $(bone_finger_left_0_fire) { transformation: [0.07595776703073386f,0.5447136997776418f,1.5733070840366914f,1.4454836436462672f,1.3458819354613654f,0.907042653156426f,-0.37901611961959825f,0.7453950845895596f,-0.9801071427166785f,1.2877648808720021f,-0.39853403639619545f,0.3796096006219423f,0f,0f,0f,1f], start_interpolation: 0, interpolation_duration: 1 }
$data merge entity $(bone_finger_left_0_fire_s) { transformation: [4.5574660218440315e-7f,0.000003268282198665851f,0.000009439842504220149f,1.4454836436462672f,0.000008075291612768192f,0.000005442255918938556f,-0.0000022740967177175896f,0.7453950845895596f,-0.000005880642856300072f,0.000007726589285232014f,-0.0000023912042183771727f,0.3796096006219423f,0f,0f,0f,1f], start_interpolation: 0, interpolation_duration: 1 }
$data merge entity $(bone_fire_large_left) { transformation: [0.0000012153242724917416f,0.000008715419196442268f,0.000025172913344587063f,1.415793157026548f,0.000021534110967381843f,0.000014512682450502814f,-0.000006064257913913572f,0.6836767925666852f,-0.000015681714283466858f,0.000020604238093952036f,-0.000006376544582339127f,0.29490274008080697f,0f,0f,0f,1f], start_interpolation: 0, interpolation_duration: 1 }
$data merge entity $(bone_finger_left_0) { transformation: [0.06665595989070842f,0.47800792392444685f,1.3806395051987872f,0.7592733965661758f,1.1810648971742828f,0.7959659830902267f,-0.33260171085695234f,0.8669276184390432f,-0.8600829769928084f,1.1300648716191966f,-0.34972945866560823f,0.49197468194539384f,0f,0f,0f,1f], start_interpolation: 0, interpolation_duration: 1 }
$data merge entity $(bone_wing_left_1_model) { transformation: [-0.6866954478403486f,0.7459176393748588f,0.05507558648458984f,0.39675756443643423f,0.05995291307698568f,-0.019633116812157625f,1.0134087388510438f,0.8493938411064371f,0.7455414764926004f,0.6886207221943866f,-0.030765091183919995f,0.1404370573610442f,0f,0f,0f,1f], start_interpolation: 0, interpolation_duration: 1 }
$data merge entity $(bone_wing_left_0) { transformation: [-0.797062725262255f,0.407798185498643f,0.44541177791064474f,0.18857544177499305f,0.6018644891118623f,0.5968831011442319f,0.5305560293829119f,0.6670676801502302f,-0.049498977197755284f,0.6909639668408614f,-0.721192517836893f,0.5172168966305709f,0f,0f,0f,1f], start_interpolation: 0, interpolation_duration: 1 }
$data merge entity $(bone_body_0) { transformation: [-0.9890849563092529f,0.1322935746689462f,0.06487957539962372f,0.0021419967991433975f,0.14712592258204565f,0.8626358791889374f,0.4839558893538861f,0.6260001610678468f,0.008056805018455251f,0.4882189570645951f,-0.8726839851032295f,0.036468741934266496f,0f,0f,0f,1f], start_interpolation: 0, interpolation_duration: 1 }
$data merge entity $(bone_leg_right_3) { transformation: [-0.9862861605079443f,-0.10465457587105023f,0.1276206462127048f,-0.2527023501440648f,0.005530056735269934f,0.7518617298823581f,0.6592976244540948f,0.12633480700498115f,-0.16495159309022298f,0.6509618720689858f,-0.7409720730563594f,-0.5090960999192748f,0f,0f,0f,1f], start_interpolation: 0, interpolation_duration: 1 }
$data merge entity $(bone_leg_right_2) { transformation: [-0.9018883028262816f,0.3201397153526995f,0.29001388221776886f,-0.19433828725570293f,0.40226123419564674f,0.8671130941073574f,0.29376994654143923f,0.2700976911888435f,-0.1574274076789821f,0.38160902070241687f,-0.9108189538157503f,-0.4364126341391105f,0f,0f,0f,1f], start_interpolation: 0, interpolation_duration: 1 }
$data merge entity $(bone_leg_right_1) { transformation: [-0.9335522056834695f,0.32254277206765913f,0.15635357191455235f,-0.25353868953242853f,0.320998069467362f,0.9464053279127296f,-0.035737860828892576f,0.2692925841693941f,-0.15950084219763763f,0.016826035935676276f,-0.987054388497886f,-0.12084547079172203f,0f,0f,0f,1f], start_interpolation: 0, interpolation_duration: 1 }
$data merge entity $(bone_leg_right_0) { transformation: [-0.9309724828097472f,0.3604163165793409f,-0.05822641148512643f,-0.10207355602286335f,0.32438917697387015f,0.7434219251972893f,-0.5848893083295087f,0.5621205316645989f,-0.16751685919115766f,-0.5634038692442005f,-0.8090205077792489f,-0.2487894856394165f,0f,0f,0f,1f], start_interpolation: 0, interpolation_duration: 1 }
$data merge entity $(bone_leg_left_3) { transformation: [-0.9893206570258279f,0.09910166927755781f,-0.10688075939281702f,0.2099862372745377f,0.005263260714462148f,0.7571000288519886f,0.6532777697112995f,0.11625163423730789f,0.14566034350033402f,0.6457386510491064f,-0.7495362959007692f,-0.5196186203226251f,0f,0f,0f,1f], start_interpolation: 0, interpolation_duration: 1 }
$data merge entity $(bone_leg_left_2) { transformation: [-0.898295867482759f,-0.34228491263078015f,-0.2755096605361353f,0.14775388984068447f,-0.3843458038417109f,0.9159768258963742f,0.11517272893386107f,0.26974375637708775f,0.21293857690110163f,0.2093501683929172f,-0.9543739673006547f,-0.4757515452273477f,0f,0f,0f,1f], start_interpolation: 0, interpolation_duration: 1 }
$data merge entity $(bone_leg_left_1) { transformation: [-0.9269263656773878f,-0.28802764723360474f,-0.2405152532401707f,0.23341266932569948f,-0.3024504444472342f,0.9528491414309661f,0.024540626070688853f,0.2494263260013857f,0.2221063737621679f,0.09549129857398009f,-0.9703350816243198f,-0.16698343494031959f,0f,0f,0f,1f], start_interpolation: 0, interpolation_duration: 1 }
$data merge entity $(bone_leg_left_0) { transformation: [-0.9269263656773878f,-0.37320763873390367f,-0.03903294765673405f,0.08509038166089462f,-0.3024504444472342f,0.8046301037119782f,-0.5109737027031056f,0.5582113048802426f,0.2221063737621679f,-0.46182946483644294f,-0.8587096739545357f,-0.25480086054215917f,0f,0f,0f,1f], start_interpolation: 0, interpolation_duration: 1 }
$data merge entity $(bone_tail_3) { transformation: [-2.098576067812106f,0.4681922796097795f,-1.1581373846630214f,-0.27034811518788543f,-1.06197115283811f,0.5236375732008393f,2.136007651509249f,0.8143871768614503f,0.6578020089510223f,2.3390398470483915f,-0.2463672782125621f,-1.5067126496191428f,0f,0f,0f,1f], start_interpolation: 0, interpolation_duration: 1 }
$data merge entity $(bone_tail_2) { transformation: [-1.0689784411377092f,0.00837628957851809f,-0.44060071794731515f,-0.08994896578754816f,-0.2775559925354582f,0.8851329387551395f,0.6902292475970188f,0.5272414958555647f,0.3422890969494201f,0.7438975608264803f,-0.8163140667696251f,-1.1761622522414492f,0f,0f,0f,1f], start_interpolation: 0, interpolation_duration: 1 }
$data merge entity $(bone_tail_1) { transformation: [-1.3699745230027465f,0.03077088251372717f,-0.20396641731054954f,-0.02902067317107243f,-0.030681555464503307f,1.3242787436804333f,0.4058617886278891f,0.39910373767419743f,0.20397987340777882f,0.40585502596774287f,-1.3088366014973174f,-0.7862279829869405f,0f,0f,0f,1f], start_interpolation: 0, interpolation_duration: 1 }
$data merge entity $(bone_tail_0) { transformation: [-1.197038462638851f,0.021799112933458736f,-0.040349199698482704f,-0.01668974462389488f,0.025002117811600427f,1.1937368224560558f,-0.09680719547239863f,0.4469112004809284f,0.038446759888559896f,-0.09757836679106001f,-1.193316659259494f,-0.4333944029147795f,0f,0f,0f,1f], start_interpolation: 0, interpolation_duration: 1 }
$data merge entity $(bone_body_1) { transformation: [-1.020084950770499f,0.007364011729997253f,-0.0383817533110876f,-0.00561523437500001f,0.021306152569885578f,0.9452493286989792f,-0.3849031682140876f,0.5742314892526337f,0.03276332581807712f,-0.38542207042385873f,-0.9447100542261467f,-0.17138694396801024f,0f,0f,0f,1f], start_interpolation: 0, interpolation_duration: 1 }
data modify entity @s data merge value {"locators":{"body_1":{"posx":-0.010813401987487476,"posy":0.34836286676125305,"posz":-0.18634822183862795,"roty":357.673462158431,"rotx":-22.150948518320707},"body_0":{"posx":-0.02947922341517953,"posy":0.4085129042864672,"posz":0.1260749925529909,"roty":4.2518251540809615,"rotx":28.94408774668959},"neck_1":{"posx":-0.051821661455637914,"posy":0.2428144169232212,"posz":0.40906228906264197,"roty":8.6271435085757,"rotx":46.737679980024076},"neck_0":{"posx":-0.07851420028702995,"posy":0.04889236547213317,"posz":0.6734067928746726,"roty":4.901754006716089,"rotx":32.169863670316715},"head_0":{"posx":-0.05424954364241035,"posy":-0.08940964691730949,"posz":1.0282407390790889,"roty":352.48069648016025,"rotx":-2.0840754925074916},"arm_right_0":{"posx":-0.33210567152114173,"posy":-0.11826187256319959,"posz":0.3171434788778541,"roty":334.3157019844255,"rotx":-26.45310407571352},"arm_left_0":{"posx":0.2826611897188783,"posy":-0.14122040020502974,"posz":0.4667519999791802,"roty":12.744814780538519,"rotx":-43.364211722174566},"finger_right_0":{"posx":-0.550696030057357,"posy":0.7628837652657491,"posz":0.4916938078466516,"roty":315.4105914534177,"rotx":0.05346810362337856},"finger_right_1":{"posx":-1.0607094015018714,"posy":0.7396217463270804,"posz":0.16836688487245433,"roty":315.4105914534177,"rotx":0.05346810362337856},"finger_right_2":{"posx":-1.5296201407698269,"posy":0.7354076703762701,"posz":-0.2681028317990043,"roty":315.4105914534177,"rotx":0.05346810362337856},"finger_right_3":{"posx":-2.032841368297578,"posy":0.7308851892775268,"posz":-0.7365088320150329,"roty":315.4105914534177,"rotx":0.05346810362337856},"finger_left_0":{"posx":0.594045354370891,"posy":0.7805162531577757,"posz":0.4941884896982137,"roty":61.52073252170281,"rotx":-0.9686851704437552},"finger_left_1":{"posx":1.1768336981586496,"posy":0.7856936909684081,"posz":0.3344199064908008,"roty":61.52073252170281,"rotx":-0.9686851704437552},"finger_left_2":{"posx":1.7526106508400023,"posy":0.7779293964902216,"posz":0.05366829046618321,"roty":61.52073252170281,"rotx":-0.9686851704437552},"finger_left_3":{"posx":2.370517422223493,"posy":0.7695970265358374,"posz":-0.24762563777927177,"roty":61.52073252170281,"rotx":-0.9686851704437552},"leg_right_0":{"posx":-0.3042323664894376,"posy":0.1648680452408024,"posz":-0.04438911814553846,"roty":355.8834353705733,"rotx":-35.795170538004534},"leg_left_0":{"posx":0.2856705690850556,"posy":0.1366446196354677,"posz":-0.10477969151790902,"roty":357.39739187014777,"rotx":-30.728709377746625},"tail_0":{"posx":-0.026116101407362903,"posy":0.2485102994985733,"posz":-0.5978625908819244,"roty":358.06341560960664,"rotx":-4.635296402601665},"tail_1":{"posx":-0.06891173512180584,"posy":0.2943599173611424,"posz":-1.0699002930724186,"roty":351.14238818419784,"rotx":17.034823012906834},"tail_2":{"posx":-0.1903240612024886,"posy":0.5263863321505626,"posz":-1.4903299245249886,"roty":331.6423058195476,"rotx":36.65212723623434},"tail_3":{"posx":-0.4141429913257784,"posy":0.950037669100842,"posz":-1.7464619571075106,"roty":282.0093517822326,"rotx":60.999105742774375},"tail_4":{"posx":-0.6216108552618691,"posy":1.3326804804618724,"posz":-1.7905960068596314,"roty":282.0093517822326,"rotx":60.999105742774375},"shadow":{"posx":-0.005615234375000021,"posy":0.2755050944072708,"posz":-0.08635638130289858,"roty":0,"rotx":-2.357500000000007}},"cameras":{}}