# This file was generated by Animated Java via MC-Build. It is not recommended to edit this file directly.
$data merge entity $(bone_head_lower) { transformation: [-0.9999949271511125f,-0.002249287434835057f,-0.002255299997056425f,0.0010889241238359205f,-0.0028637740280204895f,0.9448664188725142f,0.32744350548659085f,0.7430763578783522f,0.0013944426691925626f,0.3274483030847252f,-0.9448680671588899f,1.189826141708946f,0f,0f,0f,1f], start_interpolation: 0, interpolation_duration: 1 }
$data merge entity $(bone_head_upper) { transformation: [-0.9999949271511125f,-0.0021771339736460947f,-0.0023250289679970755f,0.0014106614200664839f,-0.0028637740280204895f,0.9340837809976898f,0.3570424188739711f,0.7610657450986474f,0.0013944426691925626f,0.3570472660093066f,-0.9340852773515499f,1.179609302890548f,0f,0f,0f,1f], start_interpolation: 0, interpolation_duration: 1 }
$data merge entity $(bone_neck_0) { transformation: [-0.9999949271511125f,-0.0027047117097688087f,-0.001682321790939256f,0.0011413213951346239f,-0.0028637740280204895f,0.9946650258974661f,0.10311782122751398f,0.7635383397209312f,0.0013944426691925626f,0.10312211591584083f,-0.9946677257952438f,0.9910876001648893f,0f,0f,0f,1f], start_interpolation: 0, interpolation_duration: 1 }
$data merge entity $(bone_neck_1) { transformation: [-0.9999949271511125f,-0.0031002877561796633f,-0.0007306763100799474f,0.000989140570591985f,-0.0028637740280204895f,0.9755257907068191f,-0.21986639230257934f,0.7329465267644426f,0.0013944426691925626f,-0.21986318446175618f,-0.9755297205354525f,0.8191277933798518f,0f,0f,0f,1f], start_interpolation: 0, interpolation_duration: 1 }
$data merge entity $(bone_neck_2) { transformation: [-0.9999949271511125f,-0.0029265263156512f,-0.0012574242581684953f,0.00028730279300486254f,-0.0028637740280204895f,0.9988765197292843f,-0.047302189503543195f,0.8645523403594706f,0.0013944426691925626f,-0.0472983485677512f,-0.9988798334896976f,0.5860992770132792f,0f,0f,0f,1f], start_interpolation: 0, interpolation_duration: 1 }
$data merge entity $(bone_arm_right_2) { transformation: [-0.9939273657068469f,-0.07214406450153917f,0.0830880596490564f,-0.31774760842001315f,-0.036288417149913786f,0.9277432458212719f,0.3714506974199468f,0.14270602960556472f,-0.10388234922161327f,0.36617987900785703f,-0.9247273942789789f,0.6228200960064652f,0f,0f,0f,1f], start_interpolation: 0, interpolation_duration: 1 }
$data merge entity $(bone_arm_right_1) { transformation: [-0.9479030153039135f,-0.31586395928314237f,0.04135012459141835f,-0.2760209078880457f,-0.28006311589551863f,0.7644483841957302f,-0.5806748823700147f,0.4215287385586519f,0.1518042314714641f,-0.5620041166455229f,-0.8130847730592694f,0.42341983685806417f,0f,0f,0f,1f], start_interpolation: 0, interpolation_duration: 1 }
$data merge entity $(bone_arm_right_0) { transformation: [-0.9475683158761213f,0.2992461039115477f,0.11209842122639561f,-0.1587618091604449f,0.3188779517940231f,0.9082705049612455f,0.2708533582533042f,0.7095911598650135f,-0.020763877463996876f,0.29239777548949175f,-0.9560713374437374f,0.5021381877715274f,0f,0f,0f,1f], start_interpolation: 0, interpolation_duration: 1 }
$data merge entity $(bone_arm_left_2) { transformation: [-0.9551823292654451f,0.2586084016383879f,-0.14404309237543012f,0.4005245076241283f,0.2538098639177252f,0.9659049140442328f,0.051071029001456214f,0.5095543691935043f,0.15233932793964966f,0.012222586765497756f,-0.98825266887353f,0.8706987814965959f,0f,0f,0f,1f], start_interpolation: 0, interpolation_duration: 1 }
$data merge entity $(bone_arm_left_1) { transformation: [-0.9512247105578882f,0.08199163720038316f,-0.29740363389384183f,0.2848323142721074f,0.24285522739299015f,-0.3954801908742348f,-0.885785954479962f,0.420347071883336f,-0.19024428651594386f,-0.9148075153032355f,0.35627843239909995f,0.55780733319913f,0f,0f,0f,1f], start_interpolation: 0, interpolation_duration: 1 }
$data merge entity $(bone_arm_left_0) { transformation: [-0.9321061981580817f,-0.3362550845783656f,0.13457545634506698f,0.1599865738689722f,-0.3482845600291546f,0.9341123716258788f,-0.07830672015078899f,0.710503987836445f,-0.09937756588176747f,-0.11986073281384527f,-0.9878043855585694f,0.5016937091707223f,0f,0f,0f,1f], start_interpolation: 0, interpolation_duration: 1 }
$data merge entity $(bone_finger_right_1_fire) { transformation: [-7.662018923814783e-7f,-0.000016040819180076083f,-0.0000044590169847167175f,-1.0360965155053539f,0.000016371847944358585f,8.522444315072938e-8f,-0.000003119793175655856f,0.9223178904394319f,0.000003025443326967182f,-0.000004523564369407244f,0.00001575315320337223f,1.2602789094224036f,0f,0f,0f,1f], start_interpolation: 0, interpolation_duration: 1 }
$data merge entity $(bone_finger_right_1_fire_s) { transformation: [-4.5972113542888696e-7f,-0.00000962449150804565f,-0.00000267541019083003f,-1.0360965155053539f,0.00000982310876661515f,5.1134665890437625e-8f,-0.0000018718759053935135f,0.9223178904394319f,0.0000018152659961803093f,-0.0000027141386216443462f,0.000009451891922023338f,1.2602789094224036f,0f,0f,0f,1f], start_interpolation: 0, interpolation_duration: 1 }
$data merge entity $(bone_finger_right_1) { transformation: [-0.09139746541537397f,-1.9134515730422277f,-0.5319000836457122f,-0.7252482597305405f,1.952938802629936f,0.010166117015455164f,-0.37214889666855466f,1.1155799898713195f,0.36089424287793803f,-0.5395997087948602f,1.879136934278741f,0.2888407764966878f,0f,0f,0f,1f], start_interpolation: 0, interpolation_duration: 1 }
$data merge entity $(bone_finger_right_2_fire) { transformation: [0.000015024911524086031f,0.000003354621269160143f,0.0000063856344721306235f,-0.38157167681956317f,-0.0000056041267939780405f,0.00001471818096058081f,0.000005454052609426454f,1.4320025382332309f,-0.000004541318569334463f,-0.0000070639537887696075f,0.000014396345379981799f,0.7408573362667906f,0f,0f,0f,1f], start_interpolation: 0, interpolation_duration: 1 }
$data merge entity $(bone_finger_right_2_fire_s) { transformation: [0.000009014946914451618f,0.000002012772761496086f,0.000003831380683278374f,-0.38157167681956317f,-0.0000033624760763868243f,0.000008830908576348486f,0.0000032724315656558727f,1.4320025382332309f,-0.0000027247911416006773f,-0.000004238372273261764f,0.000008637807227989078f,0.7408573362667906f,0f,0f,0f,1f], start_interpolation: 0, interpolation_duration: 1 }
$data merge entity $(bone_finger_right_2) { transformation: [1.119962163724406f,0.2500546435206412f,0.47598742852468173f,-0.5871355541189839f,-0.41773357266750094f,1.0970983601650295f,0.4065469904250611f,1.2573988220874286f,-0.33851147561969f,-0.5265495877987125f,1.073108623344726f,0.2773597478781564f,0f,0f,0f,1f], start_interpolation: 0, interpolation_duration: 1 }
$data merge entity $(bone_finger_film_right) { transformation: [0.8983504491485588f,-0.3030767188687472f,-0.08213283216157748f,-0.6724826684268596f,0.8327054431405487f,0.3149290897633124f,0.21385428969217382f,1.2374269699997287f,-0.1064702183028716f,-0.09416660764685655f,0.9795562183102985f,0.3430320767576667f,0f,0f,0f,1f], start_interpolation: 0, interpolation_duration: 1 }
$data merge entity $(bone_finger_right_0_fire) { transformation: [0.000012170418885267978f,-0.000011375658821237028f,-5.030589604633932e-7f,-0.7226898519047948f,0.00001131722672929922f,0.000012003014299346307f,0.000002371877877358148f,1.3580326596114314f,-0.000001256606976156589f,-0.0000020735987775551264f,0.000016489357319039883f,1.032905943436296f,0f,0f,0f,1f], start_interpolation: 0, interpolation_duration: 1 }
$data merge entity $(bone_finger_right_0_fire_s) { transformation: [0.0000073022513311607864f,-0.000006825395292742217f,-3.018353762780359e-7f,-0.7226898519047948f,0.000006790336037579532f,0.000007201808579607784f,0.000001423126726414889f,1.3580326596114314f,-7.539641856939533e-7f,-0.0000012441592665330757f,0.00000989361439142393f,1.032905943436296f,0f,0f,0f,1f], start_interpolation: 0, interpolation_duration: 1 }
$data merge entity $(bone_fire_large_right) { transformation: [0.00001947267021642876f,-0.000018201054113979245f,-8.04894336741429e-7f,-0.6476510127060118f,0.00001810756276687875f,0.00001920482287895409f,0.000003795004603773037f,1.2815468068126892f,-0.000002010571161850542f,-0.0000033177580440882016f,0.00002638297171046381f,1.0525276590091037f,0f,0f,0f,1f], start_interpolation: 0, interpolation_duration: 1 }
$data merge entity $(bone_finger_right_0) { transformation: [1.068002634597334f,-0.9982592798073636f,-0.044145423440030584f,-0.6533958615639655f,0.9931316314722554f,1.0533122167494784f,0.20814171195274f,1.2061961232337697f,-0.1102722571704709f,-0.18196653528560308f,1.447006649941093f,0.3470308960654928f,0f,0f,0f,1f], start_interpolation: 0, interpolation_duration: 1 }
$data merge entity $(bone_wing_right_1_model) { transformation: [-0.7594733069473065f,-0.6738508524148193f,0.010119672731058528f,-0.3293838989297213f,-0.41674296290211943f,0.4815723794410679f,0.790816305644282f,0.940586228372703f,-0.5296250390114924f,0.587358625629291f,-0.6367764489935112f,0.06459241566228414f,0f,0f,0f,1f], start_interpolation: 0, interpolation_duration: 1 }
$data merge entity $(bone_wing_right_0) { transformation: [-0.9625285628475704f,-0.05666946920207518f,-0.2651930183148604f,-0.17471247516204366f,-0.0623798113589027f,0.9979658062260628f,0.013153278617590573f,1.0033446253164633f,0.26390817501058694f,0.029203096820702015f,-0.9641056240364237f,0.5012657666197187f,0f,0f,0f,1f], start_interpolation: 0, interpolation_duration: 1 }
$data merge entity $(bone_finger_left_1_fire) { transformation: [0.0000019821628935724518f,0.00001642326303846406f,0.00000203106848987002f,0.8965998265511609f,-0.00001616140440158248f,0.0000023609619261516863f,-0.0000033185304472839895f,0.9671361498821311f,-0.000003557782428653173f,-0.0000015748230790982445f,0.00001620616840088009f,1.2282611967295338f,0f,0f,0f,1f], start_interpolation: 0, interpolation_duration: 1 }
$data merge entity $(bone_finger_left_1_fire_s) { transformation: [0.000001189297736143471f,0.000009853957823078435f,0.000001218641093922012f,0.8965998265511609f,-0.000009696842640949487f,0.0000014165771556910118f,-0.0000019911182683703936f,0.9671361498821311f,-0.000002134669457191904f,-9.448938474589467e-7f,0.000009723701040528054f,1.2282611967295338f,0f,0f,0f,1f], start_interpolation: 0, interpolation_duration: 1 }
$data merge entity $(bone_finger_left_1) { transformation: [0.23644507578784088f,1.959071924111439f,0.24227884831003113f,0.7362341007454564f,-1.9278357500089278f,0.2816306487077005f,-0.39585555034689685f,1.1680657306203148f,-0.42439505789729387f,-0.1878549757425448f,1.9331754863347426f,0.22248832929451812f,0f,0f,0f,1f], start_interpolation: 0, interpolation_duration: 1 }
$data merge entity $(bone_finger_left_2_fire) { transformation: [0.000013113408839640824f,-0.000004025480581950702f,-0.000009466350535794968f,0.27979234463887226f,0.000007239018000216617f,0.000014508147937058592f,0.000003858502249155813f,1.4147394943953246f,0.000007308413287078642f,-0.000007147511965610029f,0.000013163508107814266f,0.614111580145409f,0f,0f,0f,1f], start_interpolation: 0, interpolation_duration: 1 }
$data merge entity $(bone_finger_left_2_fire_s) { transformation: [0.000007868045303784494f,-0.000002415288349170421f,-0.00000567981032147698f,0.27979234463887226f,0.0000043434108001299704f,0.000008704888762235155f,0.0000023151013494934875f,1.4147394943953246f,0.000004385047972247185f,-0.000004288507179366017f,0.000007898104864688559f,0.614111580145409f,0f,0f,0f,1f], start_interpolation: 0, interpolation_duration: 1 }
$data merge entity $(bone_finger_left_2) { transformation: [0.9774780845999207f,-0.30006073149680895f,-0.7056250821608443f,0.5844084786101261f,0.5395989353924466f,1.0814424250801253f,0.2876141081278614f,1.2914927551860502f,0.5447716843634923f,-0.5327780435457594f,0.981212501584313f,0.19032834312079105f,0f,0f,0f,1f], start_interpolation: 0, interpolation_duration: 1 }
$data merge entity $(bone_finger_film_left) { transformation: [0.9699381252468232f,0.2696425265674421f,-0.11896161294607188f,0.6589378732952006f,-0.7155360348641732f,0.3553993368626087f,0.1727245900659943f,1.2792798185653214f,0.2428909383042394f,-0.029789231595585552f,0.9838822057547357f,0.26965093185771766f,0f,0f,0f,1f], start_interpolation: 0, interpolation_duration: 1 }
$data merge entity $(bone_finger_left_0_fire) { transformation: [0.00001317742008251011f,0.000009842205494686705f,-0.0000026952492922169617f,0.5717455228645518f,-0.000009720124043372216f,0.000013446340910969469f,0.0000015788864636902295f,1.3702284731240422f,0.000003106857951097012f,3.235504352115009e-7f,0.00001637133246151204f,0.9603884231132328f,0f,0f,0f,1f], start_interpolation: 0, interpolation_duration: 1 }
$data merge entity $(bone_finger_left_0_fire_s) { transformation: [0.000007906452049506065f,0.000005905323296812023f,-0.000001617149575330177f,0.5717455228645518f,-0.00000583207442602333f,0.00000806780454658168f,9.473318782141377e-7f,1.3702284731240422f,0.0000018641147706582071f,1.9413026112690054e-7f,0.000009822799476907223f,0.9603884231132328f,0f,0f,0f,1f], start_interpolation: 0, interpolation_duration: 1 }
$data merge entity $(bone_fire_large_left) { transformation: [0.000021083872132016173f,0.000015747528791498727f,-0.000004312398867547138f,0.505426492863922f,-0.000015552198469395543f,0.000021514145457551146f,0.000002526218341904367f,1.2838954413342742f,0.000004970972721755219f,5.176806963384014e-7f,0.00002619413193841926f,0.9641724250205177f,0f,0f,0f,1f], start_interpolation: 0, interpolation_duration: 1 }
$data merge entity $(bone_finger_left_0) { transformation: [1.15637099248509f,0.8636926549255998f,-0.23651883900797493f,0.6438265479062674f,-0.8529795222989843f,1.179969864142692f,0.1385535632625108f,1.2457060312955164f,0.2726391349691184f,0.028392836802789166f,1.4366494995442158f,0.26931747249208327f,0f,0f,0f,1f], start_interpolation: 0, interpolation_duration: 1 }
$data merge entity $(bone_wing_left_1_model) { transformation: [-0.6994798765515846f,0.719091948826871f,-0.15688133883159222f,0.30034682607531965f,0.4063908718755256f,0.5577919905079293f,0.7447762332561992f,0.943578689312264f,0.6136378774142532f,0.4502798546453252f,-0.672066731020778f,0.05473738649213541f,0f,0f,0f,1f], start_interpolation: 0, interpolation_duration: 1 }
$data merge entity $(bone_wing_left_0) { transformation: [-0.9759548083969195f,0.07476133435565993f,0.20475095812301694f,0.17425200458490328f,0.08027286823512612f,0.9965968634649839f,0.018733882594441843f,1.004343985799869f,-0.2026535925964262f,0.034719369480413514f,-0.9786348076737533f,0.5007791531906105f,0f,0f,0f,1f], start_interpolation: 0, interpolation_duration: 1 }
$data merge entity $(bone_body_0) { transformation: [-0.9999949271511125f,-0.002793336233552314f,-0.0015306680657651908f,-1.2211111672262361e-17f,-0.0028637740280204895f,0.998836942402161f,0.04813066892344542f,0.728040584101248f,0.0013944426691925626f,0.04813480825128724f,-0.9988398749370462f,0.09971129374415716f,0f,0f,0f,1f], start_interpolation: 0, interpolation_duration: 1 }
$data merge entity $(bone_leg_right_3) { transformation: [-0.9747042021072583f,-0.1308088241773188f,0.18122022489722267f,-0.27964303133801016f,0.18282489688350928f,-0.00026263180534885633f,0.9831454562291728f,0.3055770615094906f,-0.12855650692978132f,0.9914075763992738f,0.024171098115951806f,-0.8302749655401955f,0f,0f,0f,1f], start_interpolation: 0, interpolation_duration: 1 }
$data merge entity $(bone_leg_right_2) { transformation: [-0.8336932402249615f,0.4416534545726418f,0.3315083818959271f,-0.20120881616508f,0.5511970863020764f,0.7021767089327565f,0.4506990586682691f,0.419086704650559f,-0.03372466834982672f,0.5584712127732403f,-0.8288380729963363f,-0.7286843571764822f,0f,0f,0f,1f], start_interpolation: 0, interpolation_duration: 1 }
$data merge entity $(bone_leg_right_1) { transformation: [-0.8783028150289615f,0.47348994024898855f,0.06626795300302521f,-0.2334554345900295f,0.4764594522536003f,0.8783208506750919f,0.03922847980207583f,0.39595638772565656f,-0.039630234296570616f,0.06602847682925866f,-0.9970304332251883f,-0.4100731294250649f,0f,0f,0f,1f], start_interpolation: 0, interpolation_duration: 1 }
$data merge entity $(bone_leg_right_0) { transformation: [-0.8783028150289615f,0.4011215728239236f,0.2601646573373557f,-0.09365062499999996f,0.4764594522536003f,0.779450354538807f,0.406747507881151f,0.6215110833614703f,-0.039630234296570616f,0.48120539130873174f,-0.8757116054415455f,-0.1763227092526023f,0f,0f,0f,1f], start_interpolation: 0, interpolation_duration: 1 }
$data merge entity $(bone_leg_left_3) { transformation: [-0.9876850074755542f,-0.06862610280023208f,0.14060150789542306f,0.2891208571698394f,0.15598684353620842f,-0.3624243658691237f,0.9188670652863632f,0.2365144843551768f,-0.012100853342848203f,0.9294832096594404f,0.3686658816727677f,-0.6771815173214762f,0f,0f,0f,1f], start_interpolation: 0, interpolation_duration: 1 }
$data merge entity $(bone_leg_left_2) { transformation: [-0.9538098942138695f,-0.30041072849732664f,-0.0002826719526065613f,0.23176726844023632f,-0.17505093192124008f,0.5550249189666412f,0.8132063148793046f,0.3246475819488914f,-0.24413901149392864f,0.7756937111578118f,-0.5819754372282292f,-0.5419035077564034f,0f,0f,0f,1f], start_interpolation: 0, interpolation_duration: 1 }
$data merge entity $(bone_leg_left_1) { transformation: [-0.9670290318015988f,-0.10945119468829936f,0.22994627118995967f,0.16413437709472767f,-0.08899699391482295f,0.9912439010166252f,0.09754518835631076f,0.27936048538083225f,-0.23860927628025577f,0.0738645021552787f,-0.9683024571869914f,-0.23131883121417895f,0f,0f,0f,1f], start_interpolation: 0, interpolation_duration: 1 }
$data merge entity $(bone_leg_left_0) { transformation: [-0.9670290318015988f,-0.08201599215042725f,0.24109796491145158f,0.09365062500000002f,-0.08899699391482295f,0.9958657695426484f,-0.01819077038923067f,0.6215110833614703f,-0.23860927628025577f,-0.03904799719332358f,-0.970330287679511f,-0.1763227092526023f,0f,0f,0f,1f], start_interpolation: 0, interpolation_duration: 1 }
$data merge entity $(bone_tail_3) { transformation: [-2.438101316267463f,0.09065236977371441f,0.10932449086687443f,0.04979684953440418f,0.05006816792965364f,2.3079319058006025f,-0.7971519438487207f,0.5082525951727067f,-0.13290174945823535f,-0.7935617120779174f,-2.305884788741391f,-1.5717892226428722f,0f,0f,0f,1f], start_interpolation: 0, interpolation_duration: 1 }
$data merge entity $(bone_tail_2) { transformation: [-1.1542933455811482f,0.014169664922288775f,0.06572788938548052f,0.022807370538885777f,0.023704245874045803f,1.143471983173336f,0.16977630849202838f,0.4329452987053528f,-0.0629209311328328f,0.17083649139931334f,-1.1418274441139296f,-1.1050339981905062f,0f,0f,0f,1f], start_interpolation: 0, interpolation_duration: 1 }
$data merge entity $(bone_tail_1) { transformation: [-1.3830722068675019f,0.027567410699905762f,0.07570104844543724f,8.46069203289563e-17f,0.02840238469592876f,1.385049231453755f,0.01453517357050251f,0.4216949258680884f,-0.07539174631231317f,0.016062521422332297f,-1.383270552087087f,-0.6908679334144583f,0f,0f,0f,1f], start_interpolation: 0, interpolation_duration: 1 }
$data merge entity $(bone_tail_0) { transformation: [-1.1979166666666667f,1.759047989851351e-17f,1.4564406267293637e-16f,4.16343479249009e-17f,0f,1.1892740239417556f,-0.14363716878009794f,0.4833387150720453f,-1.4670248114786003e-16f,-0.14363716878009794f,-1.1892740239417556f,-0.3399702506378848f,0f,0f,0f,1f], start_interpolation: 0, interpolation_duration: 1 }
$data merge entity $(bone_body_1) { transformation: [-1.0208333333333333f,6.326233092725423e-17f,1.0782803251366632e-16f,1.2088769202608327e-17f,0f,0.8804827039824085f,-0.5165761342070214f,0.64697125f,-1.2501602741295897e-16f,-0.5165761342070214f,-0.8804827039824085f,-0.09871229166666667f,0f,0f,0f,1f], start_interpolation: 0, interpolation_duration: 1 }
data modify entity @s data merge value {"locators":{"body_1":{"posx":9.954231856289542e-18,"posy":0.42121984518144984,"posz":-0.08128247151113342,"roty":0,"rotx":-30.40000000000001},"body_0":{"posx":0.0006974928580766595,"posy":0.5712362280225675,"posz":0.27787356808567265,"roty":359.9121973866357,"rotx":2.7587500299884367},"neck_1":{"posx":0.0012982887400074025,"posy":0.5820230087475644,"posz":0.7308744340416675,"roty":359.9278741420347,"rotx":-2.7112275226230276},"neck_0":{"posx":0.0015692136262315222,"posy":0.6396843799848293,"posz":1.0435819112769493,"roty":359.9570852019701,"rotx":-12.701185695598062},"pos_head":{"posx":0.0017027356427392847,"posy":0.723261313397731,"posz":1.3109767627527147,"roty":359.85738553510214,"rotx":20.918671545440148},"head_0":{"posx":0.002211781471072942,"posy":0.4848433787522224,"posz":1.186388031448617,"roty":359.85738553510214,"rotx":20.918671545440148},"arm_right_0":{"posx":-0.25654825347741633,"posy":-0.002886028484497871,"posz":0.6331077713318478,"roty":2.9113179490754817,"rotx":-35.49802428017314},"arm_left_0":{"posx":0.3510222790563736,"posy":0.497590427923295,"posz":1.020547499088704,"roty":219.8534608932065,"rotx":-62.348396827467454},"pos_wing_r_0":{"posx":-0.546259893486333,"posy":1.266353621184155,"posz":-0.4684689221688839,"roty":195.80445825290906,"rotx":-10.788700493130401},"pos_wing_r_1":{"posx":-0.7134730304132098,"posy":1.1493613770970605,"posz":0.12227432295757462,"roty":195.80445825290906,"rotx":-10.788700493130401},"pos_wing_r_2":{"posx":-0.8806861673400866,"posy":1.032369133009966,"posz":0.7130175680840332,"roty":195.80445825290906,"rotx":-10.788700493130401},"pos_wing_r_3":{"posx":-1.0478993042669635,"posy":0.9153768889228714,"posz":1.3037608132104916,"roty":195.80445825290906,"rotx":-10.788700493130401},"pos_wing_r_4":{"posx":-1.2151124411938405,"posy":0.7983846448357768,"posz":1.8945040583369501,"roty":195.80445825290906,"rotx":-10.788700493130401},"pos_wing_r_5":{"posx":-1.3823255781207173,"posy":0.6813924007486822,"posz":2.4852473034634093,"roty":195.80445825290906,"rotx":-10.788700493130401},"finger_right_0":{"posx":-0.5144330237573775,"posy":1.1170683568348467,"posz":0.22758023883770445,"roty":195.80445825290906,"rotx":-10.788700493130401},"finger_right_1":{"posx":-0.6781789553905377,"posy":1.1427957220077483,"posz":0.8087174276770646,"roty":195.80445825290906,"rotx":-10.788700493130401},"finger_right_2":{"posx":-0.850694021179897,"posy":1.0504421888161715,"posz":1.4187258131857627,"roty":195.80445825290906,"rotx":-10.788700493130401},"finger_right_3":{"posx":-1.0358320458651082,"posy":0.9513314865024096,"posz":2.0733686304615144,"roty":195.80445825290906,"rotx":-10.788700493130401},"pos_wing_l_0":{"posx":0.6729933217143407,"posy":1.332900984223116,"posz":-0.5502454190821184,"roty":172.85654379861825,"rotx":-11.485025896954436},"pos_wing_l_1":{"posx":0.7491583900844664,"posy":1.2084560924499665,"posz":0.057485895950884824,"roty":172.85654379861825,"rotx":-11.485025896954436},"pos_wing_l_2":{"posx":0.8253234584545921,"posy":1.084011200676817,"posz":0.6652172109838882,"roty":172.85654379861825,"rotx":-11.485025896954436},"pos_wing_l_3":{"posx":0.9014885268247179,"posy":0.9595663089036673,"posz":1.2729485260168913,"roty":172.85654379861825,"rotx":-11.485025896954436},"pos_wing_l_4":{"posx":0.9776535951948436,"posy":0.8351214171305178,"posz":1.8806798410498948,"roty":172.85654379861825,"rotx":-11.485025896954436},"pos_wing_l_5":{"posx":1.0538186635649693,"posy":0.7106765253573681,"posz":2.4884111560828983,"roty":172.85654379861825,"rotx":-11.485025896954436},"finger_left_0":{"posx":0.5410276918661874,"posy":1.145731409599118,"posz":0.12454054490973476,"roty":172.85654379861825,"rotx":-11.485025896954436},"finger_left_1":{"posx":0.5962705840927043,"posy":1.1626978569266773,"posz":0.726084742970689,"roty":172.85654379861825,"rotx":-11.485025896954436},"finger_left_2":{"posx":0.6709421743689864,"posy":1.062359791283481,"posz":1.3543818698118006,"roty":172.85654379861825,"rotx":-11.485025896954436},"finger_left_3":{"posx":0.7510774495010639,"posy":0.9546803231095802,"posz":2.028651628529701,"roty":172.85654379861825,"rotx":-11.485025896954436},"leg_right_0":{"posx":-0.28908715594696466,"posy":0.2887581917858045,"posz":-0.4788740410464494,"roty":16.546127754312465,"rotx":24.00068142108833},"leg_left_0":{"posx":0.17655249498383335,"posy":0.14096299675036056,"posz":-0.22787898198799525,"roty":13.953707796908674,"rotx":-1.0423118590009064},"tail_0":{"posx":6.083275586169583e-17,"posy":0.2785810573877347,"posz":-0.4967371482459267,"roty":0,"rotx":-6.886666666666675},"tail_1":{"posx":0.009624237788582447,"posy":0.24018634059347538,"posz":-0.935805786236679,"roty":3.1324517749553706,"rotx":0.6011327848442772},"tail_2":{"posx":0.035067224922242395,"posy":0.26979556122709936,"posz":-1.391406267315598,"roty":3.294525234805377,"rotx":8.443471277346827},"tail_3":{"posx":0.050776027504072674,"posy":0.22381929490902353,"posz":-1.6969071342345634,"roty":2.714422234650783,"rotx":-19.050581742040883},"tail_4":{"posx":0.07036033494152803,"posy":0.08101809255346913,"posz":-2.109981608764282,"roty":2.714422234650783,"rotx":-19.050581742040883},"shadow":{"posx":3.189184372779566e-18,"posy":0.345,"posz":-0.026041666666666675,"roty":0,"rotx":0}},"cameras":{}}