# This file was generated by Animated Java via MC-Build. It is not recommended to edit this file directly.
$data merge entity $(bone_head_lower) { transformation: [-0.9999987317869548f,-0.001380050431616639f,-0.0007949121261068161f,-0.000006897413041011182f,-0.0015417992729439799f,0.9639577996226898f,0.266050715844901f,0.7539547081832293f,0.00039909833874164917f,0.2660516040308505f,-0.9639587048795852f,1.220871698563546f,0f,0f,0f,1f], start_interpolation: 0, interpolation_duration: 1 }
$data merge entity $(bone_head_upper) { transformation: [-0.9999987317869548f,-0.001327260663176171f,-0.0008802292962757382f,0.000349088570643999f,-0.0015417992729439799f,0.945293265025387f,0.3262181263397934f,0.7715989148052003f,0.00039909833874164917f,0.32621906976259896f,-0.9452941125616622f,1.2100707444597993f,0f,0f,0f,1f], start_interpolation: 0, interpolation_duration: 1 }
$data merge entity $(bone_neck_0) { transformation: [-0.9999987317869548f,-0.00150985545871277f,-0.0005067158728835925f,0.00028020486965635647f,-0.0015417992729439799f,0.997514642059537f,0.0704426130395219f,0.7678876352303331f,0.00039909833874164917f,0.07044330495744547f,-0.9975157048925035f,1.021569178615508f,0f,0f,0f,1f], start_interpolation: 0, interpolation_duration: 1 }
$data merge entity $(bone_neck_1) { transformation: [-0.9999987317869548f,-0.0015917102402691766f,-0.000053693510400883724f,0.00025815855457319827f,-0.0015417992729439799f,0.9759894635932453f,-0.21781228112751366f,0.7376579128947518f,0.00039909833874164917f,-0.21781192211052205f,-0.9759906799283667f,0.8495452828045211f,0f,0f,0f,1f], start_interpolation: 0, interpolation_duration: 1 }
$data merge entity $(bone_neck_2) { transformation: [-0.9999987317869548f,-0.001561073976632366f,-0.0003153926465822264f,-0.00003571622838984547f,-0.0015417992729439799f,0.9985443560445297f,-0.05391467209041868f,0.8677183867159302f,0.00039909833874164917f,-0.05391411744297507f,-0.9985454965402732f,0.6156498810213656f,0f,0f,0f,1f], start_interpolation: 0, interpolation_duration: 1 }
$data merge entity $(bone_arm_right_2) { transformation: [-0.976005715657389f,-0.1686404979522365f,0.13774333179696616f,-0.334526473318093f,-0.13089932394873832f,0.9599396845401488f,0.24775223315789283f,0.25306185991915553f,-0.1740063504412142f,0.2237770866183161f,-0.9589815459698625f,0.903869201322818f,0f,0f,0f,1f], start_interpolation: 0, interpolation_duration: 1 }
$data merge entity $(bone_arm_right_1) { transformation: [-0.9429378384378088f,-0.29024904747688834f,0.1631677764786651f,-0.28530410199289336f,-0.2797080157816241f,0.4246246427610628f,-0.861079170963708f,0.42525044303236076f,0.18064235037703497f,-0.8575834671906861f,-0.48157962794481024f,0.6086202658120141f,0f,0f,0f,1f], start_interpolation: 0, interpolation_duration: 1 }
$data merge entity $(bone_arm_right_0) { transformation: [-0.9383248799165792f,0.32758207781506765f,0.11061827165482194f,-0.1592013456666278f,0.2945044321338255f,0.9248479961841181f,-0.24067264781805664f,0.7109857863907553f,-0.1811451329268055f,-0.19325156208575467f,-0.9642822587646968f,0.5352742231334415f,0f,0f,0f,1f], start_interpolation: 0, interpolation_duration: 1 }
$data merge entity $(bone_arm_left_2) { transformation: [-0.9937656126719219f,0.09774062950877457f,-0.05363465683705233f,0.38776114277144064f,0.10265775956417006f,0.9898542072956058f,-0.09823457996272558f,0.4782812577805985f,0.04348898104192539f,-0.10312816124811186f,-0.9937169068127591f,0.9714002930285284f,0f,0f,0f,1f], start_interpolation: 0, interpolation_duration: 1 }
$data merge entity $(bone_arm_left_1) { transformation: [-0.9629925410209991f,0.18959745720342616f,-0.19156766470340084f,0.3041108530150796f,0.1581474263381574f,-0.17806616057848138f,-0.9712269734719354f,0.4442177840770518f,-0.21825388308237884f,-0.9655802642343272f,0.14149203454834428f,0.6381046394466126f,0f,0f,0f,1f], start_interpolation: 0, interpolation_duration: 1 }
$data merge entity $(bone_arm_left_0) { transformation: [-0.9016605952522199f,-0.40123773063272716f,0.16129617009126918f,0.15954825009046403f,-0.4293736441888599f,0.8750235919300312f,-0.22354415054267132f,0.7114772349090062f,-0.051443606457857394f,-0.27081727618925133f,-0.9612551993472096f,0.5351470105379676f,0f,0f,0f,1f], start_interpolation: 0, interpolation_duration: 1 }
$data merge entity $(bone_finger_right_1_fire) { transformation: [-4.6141173836124595e-7f,-0.00001558798957458025f,-0.000005880430087013854f,-1.1313748804925179f,0.000016354796123774757f,6.975549178746597e-7f,-0.0000031323854590533573f,0.9740578583319804f,0.000003175770888342308f,-0.000005857113276786113f,0.00001527699188667164f,1.20940907205102f,0f,0f,0f,1f], start_interpolation: 0, interpolation_duration: 1 }
$data merge entity $(bone_finger_right_1_fire_s) { transformation: [-2.7684704301674755e-7f,-0.00000935279374474815f,-0.0000035282580522083126f,-1.1313748804925179f,0.000009812877674264854f,4.185329507247958e-7f,-0.0000018794312754320143f,0.9740578583319804f,0.0000019054625330053847f,-0.000003514267966071668f,0.000009166195132002983f,1.20940907205102f,0f,0f,0f,1f], start_interpolation: 0, interpolation_duration: 1 }
$data merge entity $(bone_finger_right_1) { transformation: [-0.05504014518685492f,-1.8594351595892091f,-0.7014553355315694f,-0.7329932584411095f,1.9509047523390448f,0.0832088149555638f,-0.3736509848228224f,1.166836194341362f,0.3788262764951558f,-0.6986739571800189f,1.8223373649902679f,0.27036832763445945f,0f,0f,0f,1f], start_interpolation: 0, interpolation_duration: 1 }
$data merge entity $(bone_finger_right_2_fire) { transformation: [0.000015155785381602858f,0.0000044400967327803525f,0.000005325926046062242f,-0.4182411771849679f,-0.0000060785091878612494f,0.000014667247483661538f,0.000005069650390696428f,1.466063968148387f,-0.0000033364162356722427f,-0.000006552493421160781f,0.000014956969427185613f,0.7540517569423386f,0f,0f,0f,1f], start_interpolation: 0, interpolation_duration: 1 }
$data merge entity $(bone_finger_right_2_fire_s) { transformation: [0.000009093471228961714f,0.0000026640580396682116f,0.000003195555627637345f,-0.4182411771849679f,-0.0000036471055127167494f,0.000008800348490196922f,0.0000030417902344178564f,1.466063968148387f,-0.0000020018497414033456f,-0.000003931496052696469f,0.000008974181656311368f,0.7540517569423386f,0f,0f,0f,1f], start_interpolation: 0, interpolation_duration: 1 }
$data merge entity $(bone_finger_right_2) { transformation: [1.1297175468695602f,0.33096636449530387f,0.39699639154759553f,-0.589653508560997f,-0.45309420234139314f,1.09330176096875f,0.37789351450014835f,1.3038347323548354f,-0.24869763395269143f,-0.488425152986022f,1.1148977360417147f,0.2725203794699567f,0f,0f,0f,1f], start_interpolation: 0, interpolation_duration: 1 }
$data merge entity $(bone_finger_film_right) { transformation: [0.9319837295754683f,-0.28311063587827784f,-0.15743868095309116f,-0.6808849859991243f,0.8017582432215922f,0.32638136396637f,0.20594426424983373f,1.2861590422275189f,-0.01891663658275501f,-0.11500761802228637f,0.9720133054291722f,0.3304880176824342f,0f,0f,0f,1f], start_interpolation: 0, interpolation_duration: 1 }
$data merge entity $(bone_finger_right_0_fire) { transformation: [0.000012611566613587023f,-0.0000107437185928599f,-0.0000018162257916546063f,-0.7851820399218976f,0.000010895924628716821f,0.000012416858160692873f,0.000002208673285104608f,1.4009460680274903f,-7.065277175784073e-8f,-0.000002858657375840818f,0.000016419526910699093f,1.0152788681007585f,0f,0f,0f,1f], start_interpolation: 0, interpolation_duration: 1 }
$data merge entity $(bone_finger_right_0_fire_s) { transformation: [0.000007566939968152214f,-0.000006446231155715939f,-0.0000010897354749927638f,-0.7851820399218976f,0.000006537554777230093f,0.000007450114896415724f,0.0000013252039710627647f,1.4009460680274903f,-4.2391663054704434e-8f,-0.0000017151944255044908f,0.000009851716146419455f,1.0152788681007585f,0f,0f,0f,1f], start_interpolation: 0, interpolation_duration: 1 }
$data merge entity $(bone_fire_large_right) { transformation: [0.000020178506581739236f,-0.000017189949748575837f,-0.00000290596126664737f,-0.7147232638341252f,0.000017433479405946914f,0.000019866973057108595f,0.0000035338772561673723f,1.321663887521533f,-1.1304443481254516e-7f,-0.0000045738518013453086f,0.000026271243057118546f,1.0400946194515808f,0f,0f,0f,1f], start_interpolation: 0, interpolation_duration: 1 }
$data merge entity $(bone_finger_right_0) { transformation: [1.1067151013195502f,-0.9428040128048627f,-0.1593810327152135f,-0.6632803335934914f,0.9561606974703002f,1.0896286606119883f,0.1938198602442376f,1.254235667570328f,-0.006200061566518261f,-0.25085854789310075f,1.4408787540333152f,0.3356491131059202f,0f,0f,0f,1f], start_interpolation: 0, interpolation_duration: 1 }
$data merge entity $(bone_wing_right_1_model) { transformation: [-0.7305905231206088f,-0.697196412945962f,0.10550702509064891f,-0.32976428879132685f,-0.3914022420208919f,0.527339678300411f,0.7743992714826624f,0.9666684906878745f,-0.5865312059125365f,0.5165337438223595f,-0.6481906502144898f,0.08790725142313614f,0f,0f,0f,1f], start_interpolation: 0, interpolation_duration: 1 }
$data merge entity $(bone_wing_right_0) { transformation: [-0.9625047198155161f,-0.054905150748995525f,-0.2656503129192298f,-0.17476544393410728f,-0.07537586370237949f,0.9948692784191295f,0.06748035291046317f,1.004653410638524f,0.2605823161766258f,0.0849737799502318f,-0.961704899237284f,0.5273137807406865f,0f,0f,0f,1f], start_interpolation: 0, interpolation_duration: 1 }
$data merge entity $(bone_finger_left_1_fire) { transformation: [0.0000031361841947121165f,0.00001617305477212769f,0.0000025247625259365544f,0.9316318501999539f,-0.00001580720739402671f,0.0000036599842056273307f,-0.0000038097884186085187f,0.9917405290815047f,-0.000004251390463935649f,-0.0000016776747986705112f,0.0000160277529357936f,1.2226697053944209f,0f,0f,0f,1f], start_interpolation: 0, interpolation_duration: 1 }
$data merge entity $(bone_finger_left_1_fire_s) { transformation: [0.0000018817105168272697f,0.000009703832863276613f,0.0000015148575155619325f,0.9316318501999539f,-0.000009484324436416025f,0.0000021959905233763984f,-0.000002285873051165111f,0.9917405290815047f,-0.0000025508342783613894f,-0.0000010066048792023067f,0.000009616651761476158f,1.2226697053944209f,0f,0f,0f,1f], start_interpolation: 0, interpolation_duration: 1 }
$data merge entity $(bone_finger_left_1) { transformation: [0.3741041223241074f,1.929225480769932f,0.30116983257387814f,0.7411056007832868f,-1.8855848640868274f,0.436586339946144f,-0.4544559452175031f,1.2205777023401456f,-0.5071330634372133f,-0.20012378710413006f,1.911892947800249f,0.22818379814611967f,0f,0f,0f,1f], start_interpolation: 0, interpolation_duration: 1 }
$data merge entity $(bone_finger_left_2_fire) { transformation: [0.000012643457958761815f,-0.000005214507348110088f,-0.000009525211899968739f,0.2735150699971063f,0.000007908995256429516f,0.000014439537177657421f,0.0000025933256460773043f,1.4158839974126751f,0.000007441004143029057f,-0.000006487407570773757f,0.000013428431707830558f,0.6353328368085618f,0f,0f,0f,1f], start_interpolation: 0, interpolation_duration: 1 }
$data merge entity $(bone_finger_left_2_fire_s) { transformation: [0.000007586074775257089f,-0.0000031287044088660523f,-0.000005715127139981243f,0.2735150699971063f,0.0000047453971538577094f,0.000008663722306594453f,0.0000015559953876463826f,1.4158839974126751f,0.000004464602485817434f,-0.000003892444542464254f,0.000008057059024698335f,0.6353328368085618f,0f,0f,0f,1f], start_interpolation: 0, interpolation_duration: 1 }
$data merge entity $(bone_finger_left_2) { transformation: [0.9424477814563911f,-0.3886912028056977f,-0.7100126288478346f,0.579953448725304f,0.5895392745625958f,1.076328155060596f,0.19330740132257837f,1.3333537687682795f,0.5546550531728359f,-0.4835736309181255f,1.0009599994527874f,0.2030629428919114f,0f,0f,0f,1f], start_interpolation: 0, interpolation_duration: 1 }
$data merge entity $(bone_finger_film_left) { transformation: [1.0246132353609763f,0.2416732444762465f,-0.11640188301852475f,0.6564059146988184f,-0.6492807475393324f,0.37571584410476977f,0.12316744716162348f,1.3236132347252274f,0.20092292229771727f,-0.018298264619240785f,0.9916099161255038f,0.2808832617044033f,0f,0f,0f,1f], start_interpolation: 0, interpolation_duration: 1 }
$data merge entity $(bone_finger_left_0_fire) { transformation: [0.000013917169253981282f,0.000008807461989037924f,-0.0000025531923244181764f,0.5733000113366284f,-0.000008812165137564933f,0.000014128931372690363f,7.048557525259478e-7f,1.3796038957290946f,0.0000025369121628666715f,7.613733349914148e-7f,0.000016454852326910766f,0.9758299505031403f,0f,0f,0f,1f], start_interpolation: 0, interpolation_duration: 1 }
$data merge entity $(bone_finger_left_0_fire_s) { transformation: [0.000008350301552388769f,0.000005284477193422755f,-0.0000015319153946509057f,0.5733000113366284f,-0.0000052872990825389595f,0.000008477358823614217f,4.229134515155686e-7f,1.3796038957290946f,0.000001522147297720003f,4.568240009948488e-7f,0.000009872911396146459f,0.9758299505031403f,0f,0f,0f,1f], start_interpolation: 0, interpolation_duration: 1 }
$data merge entity $(bone_fire_large_left) { transformation: [0.000022267470806370048f,0.000014091939182460678f,-0.000004085107719069081f,0.5137243380148808f,-0.00001409946422010389f,0.000022606290196304578f,0.0000011277692040415162f,1.2884136991746342f,0.000004059059460586674f,0.0000012181973359862634f,0.00002632776372305722f,0.9768359272877419f,0f,0f,0f,1f], start_interpolation: 0, interpolation_duration: 1 }
$data merge entity $(bone_finger_left_0) { transformation: [1.221286922784642f,0.7728897991994843f,-0.22405277540718452f,0.6438576326610561f,-0.7733025191777446f,1.2398698904557857f,0.0618538940857682f,1.2890326077050311f,0.22262412651739782f,0.06681353660450323f,1.443978699724419f,0.279339437042173f,0f,0f,0f,1f], start_interpolation: 0, interpolation_duration: 1 }
$data merge entity $(bone_wing_left_1_model) { transformation: [-0.6916948248351061f,0.7081863916377614f,-0.22584815039592143f,0.30748881089072494f,0.3708652400312752f,0.5961531296412232f,0.733510397197858f,0.9686327701802042f,0.644200532501112f,0.4171936765579051f,-0.6647798080622046f,0.08058374971328407f,0f,0f,0f,1f], start_interpolation: 0, interpolation_duration: 1 }
$data merge entity $(bone_wing_left_0) { transformation: [-0.9726080587530574f,0.07367924271467374f,0.22046526538573236f,0.17420036350234216f,0.09148159716195539f,0.9932259932634544f,0.07164665858588304f,1.0051914465490561f,-0.21369296064519044f,0.08985263211957986f,-0.9727599000122673f,0.5271745088900345f,0f,0f,0f,1f], start_interpolation: 0, interpolation_duration: 1 }
$data merge entity $(bone_body_0) { transformation: [-0.9999987317869548f,-0.0015317448354965977f,-0.0004360988889763775f,-1.624971057410709e-17f,-0.0015417992729439799f,0.9997090150774016f,0.024072972977460527f,0.7195375633133201f,0.00039909833874164917f,0.024073614824752065f,-0.999710108876461f,0.13268895640294628f,0f,0f,0f,1f], start_interpolation: 0, interpolation_duration: 1 }
$data merge entity $(bone_leg_right_3) { transformation: [-0.9747042021072584f,-0.18117118551479566f,0.1308767356470054f,-0.27964303133801016f,0.2047064739387679f,-0.48864145868296893f,0.8481301694809216f,0.4900958729656658f,-0.08970494926150507f,0.8534673552019103f,0.5133677976681503f,-0.8626533872701997f,0f,0f,0f,1f], start_interpolation: 0, interpolation_duration: 1 }
$data merge entity $(bone_leg_right_2) { transformation: [-0.8336932402249615f,0.4416534545726418f,0.3315083818959271f,-0.20120881616508f,0.5469221097219071f,0.5773385721506961f,0.6062642814848435f,0.5811794554162639f,0.0763661384419995f,0.6867476968807735f,-0.7228733040640044f,-0.7405514962050438f,0f,0f,0f,1f], start_interpolation: 0, interpolation_duration: 1 }
$data merge entity $(bone_leg_right_1) { transformation: [-0.8783028150289615f,0.47348994024898855f,0.06626795300302521f,-0.2334554345900295f,0.4748442106050159f,0.8477332917871938f,0.2363709830976461f,0.49526109161449394f,0.05574173272424554f,0.23907225367795748f,-0.9694004934774074f,-0.43287283140694854f,0f,0f,0f,1f], start_interpolation: 0, interpolation_duration: 1 }
$data merge entity $(bone_leg_right_0) { transformation: [-0.8783028150289615f,0.4011215728239236f,0.2601646573373557f,-0.09365062499999996f,0.4748442106050159f,0.6684125896742789f,0.57249243280573f,0.6699244381845633f,0.05574173272424554f,0.6263593966567325f,-0.7775389157159356f,-0.15899896441867362f,0f,0f,0f,1f], start_interpolation: 0, interpolation_duration: 1 }
$data merge entity $(bone_leg_left_3) { transformation: [-0.9847050279768755f,-0.1231776968935957f,0.1232203833180636f,0.2898369289525056f,0.17416752962900914f,-0.714822358789172f,0.6772700104079699f,0.35637244847620797f,0.00465612499716897f,0.6883721743091253f,0.7253427259833365f,-0.7234211349899717f,0f,0f,0f,1f], start_interpolation: 0, interpolation_duration: 1 }
$data merge entity $(bone_leg_left_2) { transformation: [-0.9552912558010689f,-0.2951534157962665f,0.017409127887780734f,0.2332489193268789f,-0.12470466885155503f,0.45560625223499907f,0.8814032496485373f,0.4273314304196306f,-0.26808088733932683f,0.8398258176956543f,-0.4720436778256694f,-0.5780951670706814f,0f,0f,0f,1f], start_interpolation: 0, interpolation_duration: 1 }
$data merge entity $(bone_leg_left_1) { transformation: [-0.9670290318015988f,-0.09245447662362276f,0.237291005740029f,0.16301325362117952f,-0.03985882880346107f,0.9752371128485897f,0.21754045023664687f,0.34356385623570385f,-0.25152758381394047f,0.20090978939563564f,-0.9467677281708128f,-0.2762045988371346f,0f,0f,0f,1f], start_interpolation: 0, interpolation_duration: 1 }
$data merge entity $(bone_leg_left_0) { transformation: [-0.9670290318015988f,-0.07850081335131413f,0.24226529663995344f,0.09365062500000002f,-0.03985882880346107f,0.9862360182657823f,0.16046741115152174f,0.6699244381845633f,-0.25152758381394047f,0.14552023425777355f,-0.9568478123517259f,-0.1589989644186736f,0f,0f,0f,1f], start_interpolation: 0, interpolation_duration: 1 }
$data merge entity $(bone_tail_3) { transformation: [-2.441200588224217f,0.054350618266703614f,0.04575394170770157f,0.022980184058934233f,0.039834821381459294f,2.3494682650581824f,-0.6655221884535704f,0.6946912408098357f,-0.058826863704194904f,-0.6644942487430191f,-2.3493604487877557f,-1.5842335248963877f,0f,0f,0f,1f], start_interpolation: 0, interpolation_duration: 1 }
$data merge entity $(bone_tail_2) { transformation: [-1.1557606631909447f,0.01605954638611596f,0.029554067237857622f,0.010795606685038088f,0.018859375915282067f,1.1506310114332337f,0.11227939244678865f,0.6428947772486125f,-0.027850957981974303f,0.11271392548397066f,-1.1504059968730518f,-1.1136713899258606f,0f,0f,0f,1f], start_interpolation: 0, interpolation_duration: 1 }
$data merge entity $(bone_tail_1) { transformation: [-1.3848303441837446f,0.018626561005635624f,0.035739464612842546f,8.602323050458896e-17f,0.02259727024083347f,1.3761482281107282f,0.15838168430454433f,0.5886112223334883f,-0.03337096767209534f,0.15889759523222788f,-1.3758696424530272f,-0.7024329836527698f,0f,0f,0f,1f], start_interpolation: 0, interpolation_duration: 1 }
$data merge entity $(bone_tail_0) { transformation: [-1.1979166666666667f,-1.6751343192311898e-17f,1.4574296029720136e-16f,4.247303071309392e-17f,0f,1.1900815843284227f,0.13678509758058263f,0.5669880505603544f,-1.4670248114786003e-16f,0.13678509758058263f,-1.1900815843284227f,-0.34681861531557756f,0f,0f,0f,1f], start_interpolation: 0, interpolation_duration: 1 }
$data merge entity $(bone_body_1) { transformation: [-1.0208333333333333f,4.059806853629619e-17f,1.1824044968300782e-16f,9.537421704384675e-18f,0f,0.9655065425013272f,-0.3315083872718415f,0.67947125f,-1.2501602741295897e-16f,-0.3315083872718415f,-0.9655065425013272f,-0.07787895833333336f,0f,0f,0f,1f], start_interpolation: 0, interpolation_duration: 1 }