# This file was generated by Animated Java via MC-Build. It is not recommended to edit this file directly.
execute unless entity @s[type=item_display,tag=aj.dino_aj.root] run return run function animated_java:global/errors/function_not_executed_as_root_entity {'export_namespace': 'dino_aj', 'function_path': 'animated_java:dino_aj/apply_default_pose'}
execute on passengers if entity @s[tag=aj.dino_aj.bone.head_lower] run data merge entity @s {transformation: [-1f,-1.0673500138322946e-17f,1.2199866483456202e-16f,-9.952975943416931e-17f,0f,0.9961946980917455f,0.08715574274765797f,0.412642531295246f,-1.2246467991473532e-16f,0.08715574274765797f,-0.9961946980917455f,0.8123569551872601f,0f,0f,0f,1f], start_interpolation: 0}
execute on passengers if entity @s[tag=aj.dino_aj.bone.head_upper] run data merge entity @s {transformation: [-1.0408995833333334f,-9.765031598797127e-17f,8.193834412985156e-17f,-0.00032312500000009607f,0f,0.6690773550945481f,0.7973753416573596f,0.48263544179423373f,-1.2747343429629804e-16f,0.7973753416573596f,-0.6690773550945481f,0.7841373775520096f,0f,0f,0f,1f], start_interpolation: 0}
execute on passengers if entity @s[tag=aj.dino_aj.bone.neck_0] run data merge entity @s {transformation: [-1f,-1.5984848350717836e-17f,1.2141697760125282e-16f,-8.7918619462234e-17f,0f,0.9914448613738103f,0.13052619222005163f,0.47498250106058065f,-1.2246467991473532e-16f,0.13052619222005163f,-0.9914448613738103f,0.717910009020122f,0f,0f,0f,1f], start_interpolation: 0}
execute on passengers if entity @s[tag=aj.dino_aj.bone.neck_1] run data merge entity @s {transformation: [-1f,-2.6506208041798655e-17f,1.195617780139768e-16f,-7.79122784032863e-17f,0f,0.9762960071199333f,0.2164396139381029f,0.4978154507988716f,-1.2246467991473532e-16f,0.2164396139381029f,-0.9762960071199333f,0.6362020335784314f,0f,0f,0f,1f], start_interpolation: 0}
execute on passengers if entity @s[tag=aj.dino_aj.bone.neck_2] run data merge entity @s {transformation: [-1f,-3.682583948479538e-17f,1.16796641102639e-16f,-6.804056465259267e-17f,0f,0.9537169507482268f,0.3007057995042731f,0.5334970191498616f,-1.2246467991473532e-16f,0.3007057995042731f,-0.9537169507482268f,0.5555933735340276f,0f,0f,0f,1f], start_interpolation: 0}
execute on passengers if entity @s[tag=aj.dino_aj.bone.body_0] run data merge entity @s {transformation: [-1f,-1.0673500138322977e-17f,1.21998664834562e-16f,-1.0644729841749434e-17f,0f,0.9961946980917454f,0.0871557427476582f,0.5840631936154941f,-1.2246467991473532e-16f,0.0871557427476582f,-0.9961946980917454f,0.08692081544785574f,0f,0f,0f,1f], start_interpolation: 0}
execute on passengers if entity @s[tag=aj.dino_aj.bone.leg_left_3] run data merge entity @s {transformation: [-0.9852554852890341f,0.012088683668973928f,-0.17066192438567435f,0.17961238094602955f,0.009527641610633276f,0.9998294993149964f,0.01581759605196076f,0.035053725783596196f,0.1708240403257384f,0.013958367622152634f,-0.9852026751994313f,-0.12575519934608373f,0f,0f,0f,1f], start_interpolation: 0}
execute on passengers if entity @s[tag=aj.dino_aj.bone.leg_left_2] run data merge entity @s {transformation: [-1.0111057999226412f,-0.045745991007136805f,-0.16623647364602417f,0.16224299764947137f,0.009767630828365455f,0.9721530311969558f,-0.3269331381540666f,0.25157264079802627f,0.17213905498605225f,-0.3238641501340343f,-0.9578843132169791f,-0.23058332549020072f,0f,0f,0f,1f], start_interpolation: 0}
execute on passengers if entity @s[tag=aj.dino_aj.bone.leg_left_1] run data merge entity @s {transformation: [-0.938567781532621f,0.10527095886911458f,0.3286465345743226f,0.19210381166151339f,0.3423560362573901f,0.40378315538612863f,0.8483816993927616f,0.30945468755382366f,-0.04339197975505138f,0.9087778543985316f,-0.4150180085824453f,0.03917839549642031f,0f,0f,0f,1f], start_interpolation: 0}
execute on passengers if entity @s[tag=aj.dino_aj.bone.leg_left_0] run data merge entity @s {transformation: [-0.9561733076250295f,0.2720523024795643f,-0.10825964391673522f,0.19655375000000003f,0.29216699071136637f,0.8621663458370585f,-0.4138932732536711f,0.7156346140608325f,-0.019262796372151877f,-0.4273835944693495f,-0.903865149153558f,-0.057285815048204375f,0f,0f,0f,1f], start_interpolation: 0}
execute on passengers if entity @s[tag=aj.dino_aj.bone.leg_right_3] run data merge entity @s {transformation: [-0.985255485289034f,-0.012088683668973893f,0.17066192438567457f,-0.1796123809460295f,-0.009527641610633276f,0.9998294993149964f,0.01581759605196076f,0.035053725783596196f,-0.1708240403257386f,0.01395836762215269f,-0.9852026751994313f,-0.1257551993460838f,0f,0f,0f,1f], start_interpolation: 0}
execute on passengers if entity @s[tag=aj.dino_aj.bone.leg_right_2] run data merge entity @s {transformation: [-1.011105799922641f,0.04574599100713692f,0.1662364736460244f,-0.16224299764947128f,-0.009767630828365455f,0.9721530311969558f,-0.3269331381540666f,0.25157264079802627f,-0.17213905498605248f,-0.32386415013403425f,-0.9578843132169791f,-0.2305833254902008f,0f,0f,0f,1f], start_interpolation: 0}
execute on passengers if entity @s[tag=aj.dino_aj.bone.leg_right_1] run data merge entity @s {transformation: [-0.938567781532621f,-0.1052709588691148f,-0.32864653457432247f,-0.19210381166151336f,-0.3423560362573901f,0.40378315538612863f,0.8483816993927616f,0.30945468755382366f,0.043391979755051144f,0.9087778543985316f,-0.4150180085824453f,0.03917839549642024f,0f,0f,0f,1f], start_interpolation: 0}
execute on passengers if entity @s[tag=aj.dino_aj.bone.leg_right_0] run data merge entity @s {transformation: [-0.9561733076250295f,-0.2720523024795642f,0.10825964391673544f,-0.19655374999999997f,-0.29216699071136637f,0.8621663458370585f,-0.4138932732536711f,0.7156346140608325f,0.01926279637215164f,-0.4273835944693495f,-0.903865149153558f,-0.057285815048204416f,0f,0f,0f,1f], start_interpolation: 0}
execute on passengers if entity @s[tag=aj.dino_aj.bone.tail_4] run data merge entity @s {transformation: [-2.76146f,-2.9474443691973335e-17f,3.368944329940495e-16f,2.2283666092151777e-16f,0f,2.7509518109924316f,0.2406770973679481f,0.6434069527464422f,-3.38181314997345e-16f,0.2406770973679481f,-2.7509518109924316f,-1.8208400903687374f,0f,0f,0f,1f], start_interpolation: 0}
execute on passengers if entity @s[tag=aj.dino_aj.bone.tail_3] run data merge entity @s {transformation: [-2.0822933333333333f,2.2225358181362346e-17f,2.540370064605762e-16f,1.7954387976359953e-16f,0f,2.0743695785384544f,-0.18148382208516362f,0.6538805675571072f,-2.550073865552539e-16f,-0.18148382208516362f,-2.0743695785384544f,-1.4673277046910027f,0f,0f,0f,1f], start_interpolation: 0}
execute on passengers if entity @s[tag=aj.dino_aj.bone.tail_2] run data merge entity @s {transformation: [-1.954168333333333f,5.179759239202827e-17f,2.3364384047194297e-16f,-0.001444999999999864f,0f,1.907846741073548f,-0.4229594396367325f,0.7329617812285409f,-2.393165994411784e-16f,-0.4229594396367325f,-1.907846741073548f,-1.1127638069399857f,0f,0f,0f,1f], start_interpolation: 0}
execute on passengers if entity @s[tag=aj.dino_aj.bone.tail_1] run data merge entity @s {transformation: [-1.5125000000000002f,2.4177083130460724e-17f,1.836431786218949e-16f,9.646076044472857e-17f,0f,1.4995603528278885f,-0.19742086573282802f,0.7571139727240268f,-1.852278283710372e-16f,-0.19742086573282802f,-1.4995603528278885f,-0.7876618835070512f,0f,0f,0f,1f], start_interpolation: 0}
execute on passengers if entity @s[tag=aj.dino_aj.bone.tail_0] run data merge entity @s {transformation: [-1.2782158333333333f,0f,1.5653629289111334e-16f,5.0717217420002e-17f,0f,1.2782158333333333f,0f,0.7879595977240268f,-1.5653629289111334e-16f,0f,-1.2782158333333333f,-0.4141375085070512f,0f,0f,0f,1f], start_interpolation: 0}
execute on passengers if entity @s[tag=aj.dino_aj.bone.body_1] run data merge entity @s {transformation: [-1.2363675f,-3.2771414171118503e-17f,1.4782229657869545e-16f,1.8557991432579204e-17f,0f,1.2070606535828543f,0.2675989043856174f,0.6444425f,-1.5141135014448153e-16f,0.2675989043856174f,-1.2070606535828543f,-0.1515375f,0f,0f,0f,1f], start_interpolation: 0}