# This file was generated by Animated Java via MC-Build. It is not recommended to edit this file directly.
$data merge entity $(bone_head_lower) { transformation: [-0.9964603626285581f,-0.08377359653879177f,-0.0069807043425512f,0.022353857327490304f,-0.08379631868374689f,0.9832366363414016f,0.1619379323416794f,0.4240564155397523f,-0.006702438751254164f,0.1619496881102344f,-0.9867762541912848f,0.8116213808358554f,0f,0f,0f,1f], start_interpolation: 0, interpolation_duration: 1 }
$data merge entity $(bone_head_upper) { transformation: [-1.0372151762682484f,-0.061544889286256906f,-0.06220005872244557f,0.016361993671443073f,-0.08722355320277936f,0.6682125724424222f,0.7933195777113219f,0.49372323720597006f,-0.006976565703497647f,0.7957236500294121f,-0.6710045774049245f,0.7832296915474102f,0f,0f,0f,1f], start_interpolation: 0, interpolation_duration: 1 }
$data merge entity $(bone_neck_0) { transformation: [-0.9964351169150296f,-0.08396132075032003f,-0.008219148154944697f,0.017515350901248828f,-0.08429477326365342f,0.9869892395576894f,0.13691834134900774f,0.48658318566525227f,-0.0033836339873449983f,0.13712307470005203f,-0.9905482388081074f,0.7169543138767154f,0f,0f,0f,1f], start_interpolation: 0, interpolation_duration: 1 }
$data merge entity $(bone_neck_1) { transformation: [-0.9963319673401564f,-0.08325378686778385f,-0.019784282354108527f,0.015455822727773415f,-0.08557064619807508f,0.9707372104733365f,0.224381221833934f,0.5100632851446224f,0.0005247526439488928f,0.2252511380095978f,-0.9743005950219077f,0.6354559696194682f,0f,0f,0f,1f], start_interpolation: 0, interpolation_duration: 1 }
$data merge entity $(bone_neck_2) { transformation: [-0.9962419796908698f,-0.0815023469505136f,-0.029313569267057055f,0.012089775292597336f,-0.08658889070519171f,0.9452695580851641f,0.3145915233503964f,0.5468786417936699f,0.002069277183175261f,0.3159475114620097f,-0.948774413700592f,0.5554295387756012f,0f,0f,0f,1f], start_interpolation: 0, interpolation_duration: 1 }
$data merge entity $(bone_body_0) { transformation: [-0.9961552847450221f,-0.08622682559920772f,-0.015478476076398184f,0.00397340926471171f,-0.08731208518858849f,0.9916422402449461f,0.09498561544784222f,0.6010916380493133f,0.007158802594322799f,0.09597188082489846f,-0.9953583021386554f,0.08723515570099416f,0f,0f,0f,1f], start_interpolation: 0, interpolation_duration: 1 }
$data merge entity $(bone_leg_left_3) { transformation: [-0.9733870813043856f,-0.08388038054524116f,-0.21326432357362352f,0.24965933964208126f,-0.09279087005915765f,0.995167960281389f,0.032102729837886756f,0.06350507892769411f,0.2095410326962101f,0.05103736463577785f,-0.976466969757626f,-0.09926717997966095f,0f,0f,0f,1f], start_interpolation: 0, interpolation_duration: 1 }
$data merge entity $(bone_leg_left_2) { transformation: [-0.9985924118331763f,-0.15548550571988626f,-0.1752131617228732f,0.2064518279297294f,-0.0987096227233893f,0.9750396329877944f,-0.30268188579022653f,0.2812780396954257f,0.21244247435882652f,-0.2778203936264452f,-0.9642334901227195f,-0.19349626548991433f,0f,0f,0f,1f], start_interpolation: 0, interpolation_duration: 1 }
$data merge entity $(bone_leg_left_1) { transformation: [-0.9717424174297249f,0.09455789454469701f,0.2162763943362947f,0.24002262160632468f,0.23580985585333633f,0.42967223153789574f,0.8716510112009702f,0.34708115614374985f,-0.010506476586525792f,0.8980203661524158f,-0.4398284164594394f,0.07400389775747022f,0f,0f,0f,1f], start_interpolation: 0, interpolation_duration: 1 }
$data merge entity $(bone_leg_left_0) { transformation: [-0.9822376843694663f,0.14940578967834603f,-0.11352110559318286f,0.19371521717579046f,0.18665253634464932f,0.8399850101590445f,-0.5094958423620546f,0.7400658568836161f,0.019234398369018815f,-0.5216350186851915f,-0.8529519008717208f,-0.059134856344248046f,0f,0f,0f,1f], start_interpolation: 0, interpolation_duration: 1 }
$data merge entity $(bone_leg_right_3) { transformation: [-0.9790150126604009f,-0.024598499493903143f,0.20229809393121556f,-0.17372876320137337f,-0.02537586683405399f,0.9996771998176917f,-0.001249618773540906f,0.03151838795906112f,-0.20220205332284538f,-0.006356885031780057f,-0.9793231946833066f,-0.11693323794556279f,0f,0f,0f,1f], start_interpolation: 0, interpolation_duration: 1 }
$data merge entity $(bone_leg_right_2) { transformation: [-1.0046774790783901f,0.04183811808902126f,0.20232383549190147f,-0.15616501104430736f,-0.022987950905792545f,0.9755758937135277f,-0.3158883176359944f,0.2491970113990492f,-0.20532149582188847f,-0.3139481597023862f,-0.9546422554410848f,-0.21929828849238098f,0f,0f,0f,1f], start_interpolation: 0, interpolation_duration: 1 }
$data merge entity $(bone_leg_right_1) { transformation: [-0.9380834920930393f,-0.13751293541486137f,-0.3179458357269623f,-0.19534284253443485f,-0.3453551079108253f,0.4428032887947487f,0.8274388780281338f,0.31873060934600145f,0.027003912724465666f,0.886010970601461f,-0.4628772501121941f,0.04649027773282073f,0f,0f,0f,1f], start_interpolation: 0, interpolation_duration: 1 }
$data merge entity $(bone_leg_right_0) { transformation: [-0.9553085754282431f,-0.26522841690801763f,0.13053510094119244f,-0.19902741032128737f,-0.29560543686432633f,0.8545438895160661f,-0.4270505433634342f,0.7233886032668954f,0.001717966679333445f,-0.4465519317562295f,-0.8947560677834314f,-0.0562015451188307f,0f,0f,0f,1f], start_interpolation: 0, interpolation_duration: 1 }
$data merge entity $(bone_tail_4) { transformation: [-2.729540597899103f,-0.08733588037784021f,0.40944096035842636f,0.10784651333275297f,0.04499850729171422f,2.6238546463715555f,0.8596646210330612f,0.8098558021516238f,-0.41622660938738704f,0.8563997724853893f,-2.5921026543956263f,-1.8179712339836804f,0f,0f,0f,1f], start_interpolation: 0, interpolation_duration: 1 }
$data merge entity $(bone_tail_3) { transformation: [-2.061111352966495f,-0.019036478521447988f,0.29564020227730803f,0.05790314703943525f,0.016189981924488575f,2.0676467586815774f,0.24600872310406893f,0.747908266982358f,-0.2958097381803883f,0.2458048409684239f,-2.046465759547074f,-1.4733716598624844f,0f,0f,0f,1f], start_interpolation: 0, interpolation_duration: 1 }
$data merge entity $(bone_tail_2) { transformation: [-1.9438028924805326f,0.009491780650994678f,0.20078370523317665f,0.019142818045244356f,0.0005281680692716008f,1.9522228436534652f,-0.08717548255585016f,0.7645789264028507f,-0.2010072417242234f,-0.08665881271069972f,-1.9418702876239617f,-1.112551469213612f,0f,0f,0f,1f], start_interpolation: 0, interpolation_duration: 1 }
$data merge entity $(bone_tail_1) { transformation: [-1.5104949400292547f,-0.024717836993530595f,0.07382624655486633f,0.005001467912235153f,-0.02752804298600255f,1.5111645376470142f,-0.05727300417690026f,0.7584573120718011f,-0.07282508493218157f,-0.05854074386653868f,-1.5096111215515648f,-0.786914823466814f,0f,0f,0f,1f], start_interpolation: 0, interpolation_duration: 1 }
$data merge entity $(bone_tail_0) { transformation: [-1.2772660388623776f,-0.022832881676889415f,0.043655951108277906f,-0.008306813768381981f,-0.0243166672264618f,1.2772466243003522f,-0.04342207954923327f,0.8019684891986522f,-0.04284719649914917f,-0.04422032125292159f,-1.2767319207744747f,-0.41489119732927093f,0f,0f,0f,1f], start_interpolation: 0, interpolation_duration: 1 }
$data merge entity $(bone_body_1) { transformation: [-1.2352199347557433f,-0.04932297914724089f,-0.020088592939980214f,-0.00031424464039012703f,-0.05245184678738272f,1.207467481856948f,0.2605296126794121f,0.6600675f,0.009225595203579663f,0.261140037225877f,-1.2084392266088755f,-0.15153563936587897f,0f,0f,0f,1f], start_interpolation: 0, interpolation_duration: 1 }