# This file was generated by Animated Java via MC-Build. It is not recommended to edit this file directly.
$data merge entity $(bone_head_lower) { transformation: [-0.9925725223732957f,-0.018766914284290087f,-0.12019813125735218f,0.2756964291751132f,-0.03623368892220821f,0.9887932984915873f,0.14482725104487515f,0.3087322507853033f,0.1161331460720936f,0.14810677157501212f,-0.9821290529238125f,0.7707537962457202f,0f,0f,0f,1f], start_interpolation: 0, interpolation_duration: 1 }
$data merge entity $(bone_head_upper) { transformation: [-1.0331683249664794f,0.055760844517790516f,-0.11369205375983667f,0.2687901685413046f,-0.037715631701756146f,0.7566325648516175f,0.7138323581310303f,0.37492024917664735f,0.12088294335763138f,0.7126498667706554f,-0.7489922723102488f,0.735160132135345f,0f,0f,0f,1f], start_interpolation: 0, interpolation_duration: 1 }
$data merge entity $(bone_neck_0) { transformation: [-0.9843720576817072f,-0.015903238089940094f,-0.17538169537821313f,0.25802587387138004f,-0.048377906564516404f,0.9820176457645342f,0.18248540095995835f,0.37079574180005953f,0.16932581082610126f,0.18811812891195934f,-0.9674400960073687f,0.6694954182209725f,0f,0f,0f,1f], start_interpolation: 0, interpolation_duration: 1 }
$data merge entity $(bone_neck_1) { transformation: [-0.9694305077438151f,0.00013405931139925248f,-0.2453659974072807f,0.2372407710567576f,-0.07590744672425195f,0.9507796584161277f,0.3004265312416939f,0.40062593513331934f,0.23332927417573124f,0.30986775109748466f,-0.9217046309107998f,0.5928424606053843f,0f,0f,0f,1f], start_interpolation: 0, interpolation_duration: 1 }
$data merge entity $(bone_neck_2) { transformation: [-0.9608679793951184f,0.03181463839575689f,-0.2751736814393583f,0.21344497795410244f,-0.0996972475566581f,0.8870949437832943f,0.4506917123086913f,0.4487951232533814f,0.25844377532215523f,0.460489293575715f,-0.8492092942846128f,0.5229538353462597f,0f,0f,0f,1f], start_interpolation: 0, interpolation_duration: 1 }
$data merge entity $(bone_body_0) { transformation: [-0.9352685936705387f,-0.06329886874513704f,-0.3482325529141677f,0.04872128078934529f,-0.11423873199097204f,0.9852072621849436f,0.12773473549173092f,0.5183813557667654f,0.33499577580415485f,0.15924793170912302f,-0.9286645930796213f,0.0867947307295023f,0f,0f,0f,1f], start_interpolation: 0, interpolation_duration: 1 }
$data merge entity $(bone_leg_left_3) { transformation: [-0.7075231269299669f,0.1037496589062563f,-0.6990329270757404f,0.2419520581612563f,0.011550596481827158f,0.9907302253976543f,0.13535214887258776f,0.016551426742795472f,0.7065957886798899f,0.0876905283388612f,-0.702162917462533f,-0.08878251735781872f,0f,0f,0f,1f], start_interpolation: 0, interpolation_duration: 1 }
$data merge entity $(bone_leg_left_2) { transformation: [-0.7278744705500394f,-0.08705767765127116f,-0.7174133504362471f,0.19835854533677516f,-0.04364940879843111f,1.0216682266368347f,-0.07969293126110545f,0.2521702217007753f,0.7213568352304851f,-0.02602296953476275f,-0.7287175864651176f,-0.11624997388708065f,0f,0f,0f,1f], start_interpolation: 0, interpolation_duration: 1 }
$data merge entity $(bone_leg_left_1) { transformation: [-0.8192319753640009f,0.5721508244696505f,-0.03876086428211012f,0.3721652923295553f,0.2804906655468687f,0.45873870430176517f,0.8431392457456909f,0.3264921013418437f,0.5001839232545077f,0.6798545691794955f,-0.5362963804497394f,0.08692694056476334f,0f,0f,0f,1f], start_interpolation: 0, interpolation_duration: 1 }
$data merge entity $(bone_leg_left_0) { transformation: [-0.8025692671992812f,-0.3164317895115737f,-0.5057207667613736f,0.195773475753932f,0.24536055518235642f,0.5976186300748442f,-0.7633152500429113f,0.6518046820926862f,0.5437653623648846f,-0.7366972889687933f,-0.40199046645189984f,-0.10637316397434791f,0f,0f,0f,1f], start_interpolation: 0, interpolation_duration: 1 }
$data merge entity $(bone_leg_right_3) { transformation: [-0.9499858139881311f,0.15674531530299382f,-0.27010712569621814f,-0.29993241586975306f,0.15722029323712475f,0.9873606452597377f,0.02001838122095151f,0.060839433936891035f,0.26983093339300457f,-0.02344914332848609f,-0.9626221507224005f,0.01582807603205508f,0f,0f,0f,1f], start_interpolation: 0, interpolation_duration: 1 }
$data merge entity $(bone_leg_right_2) { transformation: [-0.9622232463007641f,0.2475583552023536f,-0.2547616229902346f,-0.24860742572209973f,0.21195451279988345f,0.9904211492136897f,0.16187473921119577f,0.2963789986637998f,0.28506825197288665f,0.09921193204667397f,-0.9802832671005781f,0.008216840874914977f,0f,0f,0f,1f], start_interpolation: 0, interpolation_duration: 1 }
$data merge entity $(bone_leg_right_1) { transformation: [-0.8901257764246919f,0.37776483654782567f,-0.2548918013831234f,-0.15018943064819998f,-0.1579904766354091f,0.2688243058828762f,0.9501434112064905f,0.3158716392337761f,0.42745188201346757f,0.8860176188059605f,-0.17960419741353584f,0.2669586443567049f,0f,0f,0f,1f], start_interpolation: 0, interpolation_duration: 1 }
$data merge entity $(bone_leg_right_0) { transformation: [-0.9142373362097678f,-0.38807994234793f,-0.11646480767723448f,-0.1867777476960228f,-0.1256780323743936f,0.5448730702816224f,-0.8290466630174559f,0.6119093866754928f,0.3851949185264114f,-0.743308344920939f,-0.546916427904964f,-0.025154733819809677f,0f,0f,0f,1f], start_interpolation: 0, interpolation_duration: 1 }
$data merge entity $(bone_tail_4) { transformation: [-0.5584037357615402f,-0.08920639941864629f,2.7029407721573024f,0.679856603378703f,-0.4058113671202054f,2.731471881152461f,0.006310973733565208f,0.028003932845929762f,-2.673792013938927f,-0.3959354901700486f,-0.5654491006449809f,-1.255745203026042f,0f,0f,0f,1f], start_interpolation: 0, interpolation_duration: 1 }
$data merge entity $(bone_tail_3) { transformation: [-0.7631344779529694f,0.036457304609381305f,1.9370705096987333f,0.3510442643374738f,-0.5003778591378637f,2.007581267267905f,-0.23491483444866643f,0.04819104891587614f,-1.8716819421815503f,-0.5515739717391084f,-0.726992700827105f,-1.1270765220124406f,0f,0f,0f,1f], start_interpolation: 0, interpolation_duration: 1 }
$data merge entity $(bone_tail_2) { transformation: [-1.3253800186201459f,0.44082425362682387f,1.3666805254555987f,0.09610618944840471f,-0.3844817306032783f,1.6829803745325866f,-0.9157099610538479f,0.21853569759114283f,-1.383587901102617f,-0.889957814368347f,-1.0547196232032214f,-0.9322413028946026f,0f,0f,0f,1f], start_interpolation: 0, interpolation_duration: 1 }
$data merge entity $(bone_tail_1) { transformation: [-1.408715563542514f,0.2752213915532123f,0.4768961067828198f,-0.008534981916024087f,-0.11435901614289527f,1.1351892959326817f,-0.9929368196550534f,0.41843736192426206f,-0.5386081381300568f,-0.9608614353960598f,-1.0364858057439559f,-0.696941012093343f,0f,0f,0f,1f], start_interpolation: 0, interpolation_duration: 1 }
$data merge entity $(bone_tail_0) { transformation: [-1.2434619904335171f,0.17579497994988744f,0.23818925239305389f,-0.0738971714811009f,0.002870410786997546f,1.0355540747297827f,-0.7493031667065643f,0.6623909271627308f,-0.29602323502228195f,-0.728395222333995f,-1.0077928165014773f,-0.42001800206441753f,0f,0f,0f,1f], start_interpolation: 0, interpolation_duration: 1 }
$data merge entity $(bone_body_1) { transformation: [-1.2031668176230725f,-0.09579739040149303f,-0.26798705942504364f,-0.005141299996346196f,-0.12547521137784667f,1.2235164500501705f,0.12596849940585747f,0.5506925f,0.25544113873200347f,0.14978301474180156f,-1.2003830506110975f,-0.15103470646267345f,0f,0f,0f,1f], start_interpolation: 0, interpolation_duration: 1 }