# This file was generated by Animated Java via MC-Build. It is not recommended to edit this file directly.
$data merge entity $(bone_head_lower) { transformation: [-0.9963288161721238f,0.08024108139919164f,-0.029837206989645874f,0.009032477595476146f,0.07455256241744197f,0.9845684958102423f,0.15832495853449868f,0.3486701855757386f,0.042080939890264804f,0.15551927827071987f,-0.9869361421004434f,0.7965152202805241f,0f,0f,0f,1f], start_interpolation: 0, interpolation_duration: 1 }
$data merge entity $(bone_head_upper) { transformation: [-1.037078249616557f,0.08023015700437097f,0.03877845616859614f,0.013185370420320395f,0.07760173115674768f,0.5904811206528543f,0.8536872729855661f,0.42080432439324894f,0.043802032798051685f,0.8534442633488789f,-0.5942947196998769f,0.774723570732168f,0f,0f,0f,1f], start_interpolation: 0, interpolation_duration: 1 }
$data merge entity $(bone_neck_0) { transformation: [-0.9918254250008635f,0.12485241639419814f,-0.026347683814453137f,0.009775574557065528f,0.11318713793110212f,0.9561560979127988f,0.27010032993525956f,0.4227127383092292f,0.05891517740635503f,0.2649101556088407f,-0.9624716158549704f,0.7081693259179331f,0f,0f,0f,1f], start_interpolation: 0, interpolation_duration: 1 }
$data merge entity $(bone_neck_1) { transformation: [-0.9994857406823342f,0.006767877457618922f,-0.03134405856624843f,0.0071515001711981736f,-0.002941819876413381f,0.9539985095115314f,0.29979691383600193f,0.45250442362913856f,0.031931173929257546f,0.29973494905415193f,-0.95348799701255f,0.6287772194844332f,0f,0f,0f,1f], start_interpolation: 0, interpolation_duration: 1 }
$data merge entity $(bone_neck_2) { transformation: [-0.9994712562406625f,-0.02005772581296814f,-0.025590927765982874f,0.004713165295152235f,-0.028910299072289487f,0.9083842666854851f,0.41713573168193596f,0.49794229195348144f,0.014879602019635452f,0.4176550151422644f,-0.9084838390253579f,0.5532763251896464f,0f,0f,0f,1f], start_interpolation: 0, interpolation_duration: 1 }
$data merge entity $(bone_body_0) { transformation: [-0.9995678499148699f,-0.028064995850583783f,-0.008744679780915036f,0.00032447634023453486f,-0.028049243451817085f,0.9996047008292273f,-0.0019188595288971988f,0.5065604249345098f,0.008795075800965318f,-0.001672748641505406f,-0.999959923473755f,0.08198302808443261f,0f,0f,0f,1f], start_interpolation: 0, interpolation_duration: 1 }
$data merge entity $(bone_leg_left_3) { transformation: [-0.9668721025335724f,-0.010170172431841413f,-0.25505863038724136f,0.23889131637018773f,-0.022693975031183276f,0.9986740711442381f,0.04620695966494118f,0.06918953148268403f,0.25425050804195626f,0.0504645144324215f,-0.9658209005522228f,-0.10892455531948197f,0f,0f,0f,1f], start_interpolation: 0, interpolation_duration: 1 }
$data merge entity $(bone_leg_left_2) { transformation: [-1.019638762036933f,-0.10334538043865268f,-0.0414575300093334f,0.21193858943532998f,-0.09014607357339584f,0.9902970279513102f,-0.2514909170343863f,0.2921142843935658f,0.06536573928125186f,-0.24636097148997987f,-0.9935269454601735f,-0.19695396583899488f,0f,0f,0f,1f], start_interpolation: 0, interpolation_duration: 1 }
$data merge entity $(bone_leg_left_1) { transformation: [-0.9539279537169018f,0.005953947265794943f,0.2999766818095039f,0.21664452395921832f,0.29980452403893215f,0.05816077311046036f,0.9522261138180278f,0.2514414522204739f,-0.011777371662365954f,0.9982894745429052f,-0.05726620760602902f,0.07752182646889155f,0f,0f,0f,1f], start_interpolation: 0, interpolation_duration: 1 }
$data merge entity $(bone_leg_left_0) { transformation: [-0.967764751162934f,0.2066186420002103f,-0.144014315901347f,0.19696593202377025f,0.2512421747823742f,0.8318986349109132f,-0.4947949381753843f,0.6475646343271527f,0.017571454611583652f,-0.5150275701468304f,-0.856993492374058f,-0.05288697761108713f,0f,0f,0f,1f], start_interpolation: 0, interpolation_duration: 1 }
$data merge entity $(bone_leg_right_3) { transformation: [-0.9434637564284096f,0.053086503952109176f,0.3271971323287187f,-0.23210825670918817f,0.09983355246060902f,0.9867667328290443f,0.12776805854746892f,0.056217121822370125f,-0.3160844857140087f,0.15320978454405998f,-0.9362784627507319f,-0.06537444461975778f,0f,0f,0f,1f], start_interpolation: 0, interpolation_duration: 1 }
$data merge entity $(bone_leg_right_2) { transformation: [-1.0193923980276927f,0.07219575242018915f,0.08768757994452234f,-0.21098812942848258f,0.06614646398009073f,1.0210520236780554f,-0.07169107159593685f,0.2919046726274975f,-0.09233625315646536f,-0.0655952572685395f,-1.0194280151524158f,-0.1120262472124014f,0f,0f,0f,1f], start_interpolation: 0, interpolation_duration: 1 }
$data merge entity $(bone_leg_right_1) { transformation: [-0.9507539225758791f,-0.022186355084453727f,-0.3091516526797904f,-0.21955408303119403f,-0.30686215349550217f,0.20774770135071774f,0.9288038066974085f,0.29297160850015597f,0.0436187741538208f,0.9779308044189834f,-0.20432509466474846f,0.16535232396151878f,0f,0f,0f,1f], start_interpolation: 0, interpolation_duration: 1 }
$data merge entity $(bone_leg_right_0) { transformation: [-0.9663814981374693f,-0.19082430927561095f,0.17231622978427244f,-0.19613891403935566f,-0.2569010313825841f,0.6894700086579465f,-0.6772244585333405f,0.6486815732391814f,0.010424017082907244f,-0.6987254039683239f,-0.715314021753494f,-0.051971005230029454f,0f,0f,0f,1f], start_interpolation: 0, interpolation_duration: 1 }
$data merge entity $(bone_tail_4) { transformation: [-2.134712420013315f,0.22268572173495427f,1.7375486424201998f,0.026516329503773445f,-0.48525883283049953f,2.556695797341749f,-0.9238461974890736f,0.42584118624964296f,-1.6832076760165038f,-1.0194993873418572f,-1.9372904403337927f,-1.7414000490256034f,0f,0f,0f,1f], start_interpolation: 0, interpolation_duration: 1 }
$data merge entity $(bone_tail_3) { transformation: [-2.03145054224467f,0.01776689325085389f,0.4569885753085011f,-0.05114590825307634f,-0.19845211249137257f,1.8403703531468323f,-0.953729127347152f,0.5695489333060713f,-0.4120327408179992f,-0.9739952909572313f,-1.79374126331854f,-1.4277165083395644f,0f,0f,0f,1f], start_interpolation: 0, interpolation_duration: 1 }
$data merge entity $(bone_tail_2) { transformation: [-1.9505972628893216f,-0.10379834035143123f,0.056303619348599225f,-0.06307968662005238f,-0.11784554469538912f,1.7704829333199128f,-0.8187041501184303f,0.7220783978828735f,-0.007524666564743411f,-0.8206034135719781f,-1.7735070600451197f,-1.0982262484851304f,0f,0f,0f,1f], start_interpolation: 0, interpolation_duration: 1 }
$data merge entity $(bone_tail_1) { transformation: [-1.503053101314561f,-0.11354707064090634f,-0.12487869064636391f,-0.033383215331264336f,-0.08955943719627875f,1.4850754829775543f,-0.27237137710866477f,0.7626217283416887f,0.14306198599826242f,-0.2632757539308428f,-1.4825233204082762f,-0.7761221737714912f,0f,0f,0f,1f], start_interpolation: 0, interpolation_duration: 1 }
$data merge entity $(bone_tail_0) { transformation: [-1.2715530688014467f,-0.054667692981935696f,-0.11832139768310738f,-0.0001261816967204476f,-0.06950608479184622f,1.2659981350070584f,0.162028833605586f,0.7458239274371374f,0.11026066380427754f,0.16761826298679633f,-1.2623717441842388f,-0.403182882600149f,0f,0f,0f,1f], start_interpolation: 0, interpolation_duration: 1 }
$data merge entity $(bone_body_1) { transformation: [-1.2363591530686946f,0.004189743320394019f,-0.0017566247235773927f,1.8557991432579204e-17f,0.003512899067857262f,1.184786415371957f,0.3533743122334413f,0.583865576923077f,0.002880836623156064f,0.35336693543288367f,-1.1847903210186066f,-0.1515375f,0f,0f,0f,1f], start_interpolation: 0, interpolation_duration: 1 }