# This file was generated by Animated Java via MC-Build. It is not recommended to edit this file directly.
$data merge entity $(bone_head_lower) { transformation: [-0.9839162298757946f,0.0856914437813385f,-0.15673490054761874f,0.35073094506726343f,0.08205941254718882f,0.99619041966532f,0.02951102471016598f,0.3873967626162077f,0.15866664866761535f,0.016174802308018432f,-0.9871997114925045f,0.7489315646983126f,0f,0f,0f,1f], start_interpolation: 0, interpolation_duration: 1 }
$data merge entity $(bone_head_upper) { transformation: [-1.0241579937126188f,0.1704535701723834f,-0.07428274977098281f,0.34911964992774125f,0.08541560832894696f,0.8006726624956159f,0.6596206515638248f,0.45087468098862643f,0.1651560484870172f,0.6429158658262971f,-0.8017821472822176f,0.70814659076336f,0f,0f,0f,1f], start_interpolation: 0, interpolation_duration: 1 }
$data merge entity $(bone_neck_0) { transformation: [-0.9704416078360916f,0.10562502219276863f,-0.21699410237902417f,0.3336874861913984f,0.06593528583389872f,0.9809692349589714f,0.182625020591409f,0.4467392819020458f,0.2321543104542824f,0.1629193504491952f,-0.958937777640817f,0.6434203746596335f,0f,0f,0f,1f], start_interpolation: 0, interpolation_duration: 1 }
$data merge entity $(bone_neck_1) { transformation: [-0.947119164926403f,0.12710821483509332f,-0.2946333130359647f,0.30931374917223703f,0.02554621044534476f,0.9451522588104043f,0.32562954226770113f,0.47867857633216954f,0.31986353115195093f,0.30088321552892616f,-0.898418951298323f,0.5686986290994697f,0f,0f,0f,1f], start_interpolation: 0, interpolation_duration: 1 }
$data merge entity $(bone_neck_2) { transformation: [-0.9357458097476867f,0.1529458785748555f,-0.3177850496272782f,0.28297083117943717f,-0.005207138620437184f,0.894980231723131f,0.44607540901981846f,0.5265205435590876f,0.3526367326967422f,0.41906794562669236f,-0.8366775912507696f,0.49950233412911915f,0f,0f,0f,1f], start_interpolation: 0, interpolation_duration: 1 }
$data merge entity $(bone_body_0) { transformation: [-0.8890819330973266f,0.019638024134957473f,-0.4573266493962446f,0.06762157302133796f,-0.0200126561875854f,0.996456427221821f,0.08169505640270482f,0.5745156103250427f,0.45731040862005123f,0.08178591967079937f,-0.8855383975364157f,0.08293052125646116f,0f,0f,0f,1f], start_interpolation: 0, interpolation_duration: 1 }
$data merge entity $(bone_leg_left_3) { transformation: [-0.7735221789514115f,0.11492287865043482f,-0.6232625214409717f,0.18851774891651196f,0.07464246121186575f,0.9930972282888921f,0.09047871655342234f,0.027823865680151993f,0.6293583571022916f,0.02346544539566317f,-0.7767608584486522f,-0.14337621798848973f,0f,0f,0f,1f], start_interpolation: 0, interpolation_duration: 1 }
$data merge entity $(bone_leg_left_2) { transformation: [-0.7989209229271624f,-0.06597075048067878f,-0.6398714077773137f,0.15212574162400666f,-0.0061737547579199335f,1.0210318885178646f,-0.09756006807359975f,0.2628002955056447f,0.6432335836708889f,-0.07213835464822001f,-0.7956813521298882f,-0.18378378284586666f,0f,0f,0f,1f], start_interpolation: 0, interpolation_duration: 1 }
$data merge entity $(bone_leg_left_1) { transformation: [-0.8451194517510373f,0.5295376879101834f,0.0732321606588483f,0.30893170627699273f,0.32763882035814434f,0.404839178501785f,0.8536732647473053f,0.3209816885111021f,0.42240491908398736f,0.7454495802083039f,-0.5156345679848405f,0.037666438687001924f,0f,0f,0f,1f], start_interpolation: 0, interpolation_duration: 1 }
$data merge entity $(bone_leg_left_0) { transformation: [-0.8392054760283478f,-0.13368335462229436f,-0.5271270527121181f,0.20177557194948198f,0.2857600571336004f,0.7162980862072114f,-0.6365989643746585f,0.6872736605307246f,0.4626827841524208f,-0.6848691936368698f,-0.562919913359039f,-0.13161153588267924f,0f,0f,0f,1f], start_interpolation: 0, interpolation_duration: 1 }
$data merge entity $(bone_leg_right_3) { transformation: [-0.938906896405401f,0.007481082526255067f,-0.34408992035020874f,-0.26689325555076954f,0.13173310479014685f,0.9314432692074731f,-0.33920469535435904f,0.21850405593687783f,0.3179626219930981f,-0.36380966129602793f,-0.8755240152976638f,0.09574982983927968f,0f,0f,0f,1f], start_interpolation: 0, interpolation_duration: 1 }
$data merge entity $(bone_leg_right_2) { transformation: [-0.9451661743842928f,0.25785425198430184f,-0.3037009829323421f,-0.21470721421128047f,0.21301247144016422f,0.9878220126477748f,0.1757713225760896f,0.45386559108059976f,0.33667311937754674f,0.0988992192224518f,-0.9638113687991422f,0.08849469854347719f,0f,0f,0f,1f], start_interpolation: 0, interpolation_duration: 1 }
$data merge entity $(bone_leg_right_1) { transformation: [-0.8700817615537201f,0.42271210700227624f,-0.2535196300195933f,-0.10375203609692253f,-0.16117467517873119f,0.24207211971697193f,0.9567778284098996f,0.4656752187615989f,0.4658116060089161f,0.8733358823782683f,-0.14249204980617702f,0.3425869392817826f,0f,0f,0f,1f], start_interpolation: 0, interpolation_duration: 1 }
$data merge entity $(bone_leg_right_0) { transformation: [-0.8973716921634598f,-0.44127467019103284f,0.0008435351112355272f,-0.1727370277072383f,-0.14365039784862216f,0.29031746386700513f,-0.9460868529748012f,0.6733837130596879f,0.41723927104435077f,-0.8491127343419279f,-0.32391195574839987f,-0.01294861575230749f,0f,0f,0f,1f], start_interpolation: 0, interpolation_duration: 1 }
$data merge entity $(bone_tail_4) { transformation: [-0.2642089395213415f,0.2635529840731262f,2.736127700320867f,0.607821033785636f,-0.41919118656684234f,2.712723852032409f,-0.3017770423990716f,0.006515151241842411f,-2.7166401522803283f,-0.4442189311596249f,-0.21953850645777429f,-1.2249819231117967f,0f,0f,0f,1f], start_interpolation: 0, interpolation_duration: 1 }
$data merge entity $(bone_tail_3) { transformation: [-0.6402891037059945f,0.26081407095837134f,1.964166848847098f,0.27221864985329225f,-0.4849951323877808f,1.9807536665141265f,-0.42111775098593024f,0.05853793012494676f,-1.921133808791042f,-0.586972281309272f,-0.5483192097118758f,-1.1262632632192873f,0f,0f,0f,1f], start_interpolation: 0, interpolation_duration: 1 }
$data merge entity $(bone_tail_2) { transformation: [-1.3011582620193396f,0.5539644078646884f,1.3486602563287435f,0.020675336319515084f,-0.35629238211452735f,1.6320066802627975f,-1.0140926037732136f,0.24718041233575502f,-1.4137951727986422f,-0.9211142738007622f,-0.9856498257365683f,-0.9442977189782599f,0f,0f,0f,1f], start_interpolation: 0, interpolation_duration: 1 }
$data merge entity $(bone_tail_1) { transformation: [-1.438440913792128f,0.31259369254081415f,0.34760490634133384f,-0.0565722502224886f,-0.02620520286034957f,1.0689509423003867f,-1.0697258622180563f,0.4643316976601234f,-0.466751834353028f,-1.0233695893169852f,-1.0111941746219018f,-0.7137444569014926f,0f,0f,0f,1f], start_interpolation: 0, interpolation_duration: 1 }
$data merge entity $(bone_tail_0) { transformation: [-1.2558361034098886f,0.1853102956427025f,0.14957102755918275f,-0.09580851329421886f,0.07565883410271379f,1.0716940839680473f,-0.6925194927178107f,0.6925638763844005f,-0.2258033187942854f,-0.6715412134044565f,-1.0638989503260092f,-0.41905394202916607f,0f,0f,0f,1f], start_interpolation: 0, interpolation_duration: 1 }
$data merge entity $(bone_body_1) { transformation: [-1.1778844376056934f,-0.022242217682807566f,-0.37509749459989716f,-0.007105428875987127f,-0.04368545405492643f,1.2339362108669945f,0.0640125274572829f,0.5945675f,0.37320829010967077f,0.0742381729301381f,-1.17635405424118f,-0.15056857029124404f,0f,0f,0f,1f], start_interpolation: 0, interpolation_duration: 1 }