# This file was generated by Animated Java via MC-Build. It is not recommended to edit this file directly.
$data merge entity $(bone_head_lower) { transformation: [-0.9708748836808374f,0.11766664339438462f,-0.20870199153342778f,0.4414455817709034f,0.13232250623371977f,0.9895281010611914f,-0.05766187262186412f,0.44047019844717816f,0.19973160636651216f,-0.0835984344502434f,-0.9762779251707586f,0.7078919938079317f,0f,0f,0f,1f], start_interpolation: 0, interpolation_duration: 1 }
$data merge entity $(bone_head_upper) { transformation: [-1.0105832618921822f,0.23416649778729196f,-0.08578732237864847f,0.4404760626380568f,0.13773444160430132f,0.8225761131282123f,0.6227918627361321f,0.5019173146004513f,0.20790054584539988f,0.5933013837910915f,-0.8296039860151758f,0.6640882446431162f,0f,0f,0f,1f], start_interpolation: 0, interpolation_duration: 1 }
$data merge entity $(bone_neck_0) { transformation: [-0.9497674025314283f,0.16236857122471918f,-0.26754126441942905f,0.4208476900807204f,0.11204319005904856f,0.9746328585212211f,0.1937449732306508f,0.49858890515517307f,0.2922126017989221f,0.1540364832408122f,-0.9438668111448287f,0.6004613247458599f,0f,0f,0f,1f], start_interpolation: 0, interpolation_duration: 1 }
$data merge entity $(bone_neck_1) { transformation: [-0.9132447817552386f,0.19257457936648162f,-0.3590250687328797f,0.39132072157033737f,0.05526005270685799f,0.9316416759083058f,0.3591519376052405f,0.5333057448852181f,0.4036462500403807f,0.30815388865400684f,-0.8614585803947585f,0.5289041027883491f,0f,0f,0f,1f], start_interpolation: 0, interpolation_duration: 1 }
$data merge entity $(bone_neck_2) { transformation: [-0.89514093758271f,0.2046534384633352f,-0.3960298877467212f,0.3586292182505216f,0.016415053779343974f,0.902920954845289f,0.4294930678261209f,0.5797727192983272f,0.4454809175183241f,0.3779559755135584f,-0.8116009072817912f,0.461502201526422f,0f,0f,0f,1f], start_interpolation: 0, interpolation_duration: 1 }
$data merge entity $(bone_body_0) { transformation: [-0.8183758286873342f,0.01599726023860629f,-0.5744606955094294f,0.08804044058488376f,0.006963695620272038f,0.9998151405180007f,0.01792182285033232f,0.5977436961832127f,0.5746412010669155f,0.010666417197390872f,-0.8183359442066224f,0.07592515073845835f,0f,0f,0f,1f], start_interpolation: 0, interpolation_duration: 1 }
$data merge entity $(bone_leg_left_3) { transformation: [-0.7636162209333099f,0.060036316261931524f,-0.6428731662289445f,0.22746178767387717f,0.024698333953220585f,0.9976550238858406f,0.06383138425005314f,0.025248732720811407f,0.6451978451819766f,0.03286478426888094f,-0.7633083561231948f,-0.2396516867937401f,0f,0f,0f,1f], start_interpolation: 0, interpolation_duration: 1 }
$data merge entity $(bone_leg_left_2) { transformation: [-0.7836661321169364f,-0.18502741501335612f,-0.6353695370153108f,0.16348063866346482f,-0.11988232421700708f,1.0081923291804318f,-0.14573487991129178f,0.2555670574342832f,0.6508131999382798f,-0.037084802492470384f,-0.7919148285711574f,-0.27176015823824806f,0f,0f,0f,1f], start_interpolation: 0, interpolation_duration: 1 }
$data merge entity $(bone_leg_left_1) { transformation: [-0.8639771149073948f,0.5033371153564429f,-0.013974735094069837f,0.31816941539416593f,0.22137451294889193f,0.4046235952518404f,0.8872840983485029f,0.314023610731373f,0.4522575261208325f,0.7634995052193091f,-0.4610115352102752f,-0.048897870289054124f,0f,0f,0f,1f], start_interpolation: 0, interpolation_duration: 1 }
$data merge entity $(bone_leg_left_0) { transformation: [-0.8571578845073019f,-0.14920717776456904f,-0.4929681319624011f,0.20004994641831864f,0.17346865847836443f,0.8175713419036847f,-0.5490771579874042f,0.699897179706267f,0.48496287028254403f,-0.5561603356958679f,-0.6749049528977957f,-0.155933651128429f,0f,0f,0f,1f], start_interpolation: 0, interpolation_duration: 1 }
$data merge entity $(bone_leg_right_3) { transformation: [-0.9315403521422215f,-0.10636757727235502f,-0.3477333904530242f,-0.23238220203229937f,0.06492278911908486f,0.892250018657553f,-0.4468500147237262f,0.2470076612491931f,0.35779547758984426f,-0.43883464164854286f,-0.8242612167907998f,0.11680315767612445f,0f,0f,0f,1f], start_interpolation: 0, interpolation_duration: 1 }
$data merge entity $(bone_leg_right_2) { transformation: [-0.9368197129149224f,0.22190141375185765f,-0.3538231020858069f,-0.19013866158818205f,0.17574517869975764f,0.9977208349002267f,0.16040251640943345f,0.48425944820676203f,0.37887287730647445f,0.08587838890905693f,-0.9492852282957909f,0.10689634475762552f,0f,0f,0f,1f], start_interpolation: 0, interpolation_duration: 1 }
$data merge entity $(bone_leg_right_1) { transformation: [-0.8440347600719329f,0.4505688170874103f,-0.2908488694472893f,-0.06911714067740045f,-0.19761589937106244f,0.24286950282898295f,0.9497169899035018f,0.49593443060175185f,0.49855118102967205f,0.8590705126263233f,-0.1159507405317659f,0.35635750791189996f,0f,0f,0f,1f], start_interpolation: 0, interpolation_duration: 1 }
$data merge entity $(bone_leg_right_0) { transformation: [-0.8738341698788615f,-0.48432587659319526f,0.042921892017405594f,-0.16116771644189926f,-0.1827753361834697f,0.2453970198006669f,-0.9520364904540007f,0.6910393129789763f,0.4505630034025658f,-0.8397670795733683f,-0.30295912600493724f,-0.0010890684298615616f,0f,0f,0f,1f], start_interpolation: 0, interpolation_duration: 1 }
$data merge entity $(bone_tail_4) { transformation: [0.06651680334955039f,0.32170368778870195f,2.741850394119874f,0.5558463361160837f,-0.04474631092363161f,2.742411508185735f,-0.32068398623749295f,0.0848974046895091f,-2.7602961098641003f,-0.036704068352053074f,0.07127081334968006f,-1.252547774586996f,0f,0f,0f,1f], start_interpolation: 0, interpolation_duration: 1 }
$data merge entity $(bone_tail_3) { transformation: [-0.4903985248275931f,0.28117720761745113f,2.00409435676263f,0.21327445304891135f,-0.22814227397135156f,2.0412698921381085f,-0.3422190180602186f,0.12294967532541393f,-2.0108221989322046f,-0.300170170755477f,-0.44993052676443973f,-1.173318783264191f,0f,0f,0f,1f], start_interpolation: 0, interpolation_duration: 1 }
$data merge entity $(bone_tail_2) { transformation: [-1.2754266335655087f,0.5021759462928769f,1.3927957841548002f,-0.046466854799871435f,-0.22906288871462843f,1.7492649788940389f,-0.840461838295663f,0.2794365586303317f,-1.4627340737154657f,-0.7118042059319885f,-1.0828285538403886f,-0.9732743074103011f,0f,0f,0f,1f], start_interpolation: 0, interpolation_duration: 1 }
$data merge entity $(bone_tail_1) { transformation: [-1.4687530616395845f,0.22141060721526876f,0.28530341206672255f,-0.1091642764782853f,-0.005455131429519396f,1.1811547890317435f,-0.9447221051126434f,0.46829702994722133f,-0.36109685053380747f,-0.9184263483589437f,-1.1461929842633927f,-0.7150545701947474f,0f,0f,0f,1f], start_interpolation: 0, interpolation_duration: 1 }
$data merge entity $(bone_tail_0) { transformation: [-1.2678071955808212f,0.15019744125430576f,0.06278025213537189f,-0.12388559349033193f,0.09542596238946192f,1.085058882756766f,-0.6688623350411587f,0.6899385537569511f,-0.13188827514061494f,-0.6587288259787375f,-1.0874362203316275f,-0.4131767322378794f,0f,0f,0f,1f], start_interpolation: 0, interpolation_duration: 1 }
$data merge entity $(bone_body_1) { transformation: [-1.1360703593452948f,-0.024140014779011558f,-0.48720220992907226f,-0.00899190299285664f,-0.02785899160141574f,1.2360479950162262f,0.003718287182281782f,0.6058175f,0.48700370661859954f,0.01439474762150338f,-1.1363207188276154f,-0.14996767083284013f,0f,0f,0f,1f], start_interpolation: 0, interpolation_duration: 1 }