# This file was generated by Animated Java via MC-Build. It is not recommended to edit this file directly.
$data merge entity $(bone_head_lower) { transformation: [-0.9700837918614453f,0.09374894551633756f,-0.2239387683771951f,0.4758465529815145f,0.11189810025240549f,0.991268628437959f,-0.06975185613752583f,0.4404650859162688f,0.2154443128226477f,-0.09272346784553659f,-0.9721039587323339f,0.6882439620559041f,0f,0f,0f,1f], start_interpolation: 0, interpolation_duration: 1 }
$data merge entity $(bone_head_upper) { transformation: [-1.0097598147469986f,0.2271238334817818f,-0.11077826217338106f,0.4729963387546214f,0.11647468592852045f,0.8232621318774099f,0.6262148611603063f,0.5021569792964262f,0.22425589544863034f,0.5950850099479144f,-0.8240479760762301f,0.6448683576009921f,0f,0f,0f,1f], start_interpolation: 0, interpolation_duration: 1 }
$data merge entity $(bone_neck_0) { transformation: [-0.9454266544713454f,0.14806388602864948f,-0.29025079960133554f,0.4521303143298445f,0.08937940526096605f,0.9744686363445784f,0.20596649896508434f,0.49962882548980353f,0.3133365011139231f,0.16878377420484839f,-0.9345224848203768f,0.5815994575210037f,0f,0f,0f,1f], start_interpolation: 0, interpolation_duration: 1 }
$data merge entity $(bone_neck_1) { transformation: [-0.9018330282231511f,0.18209410627067296f,-0.3918404339362467f,0.41977517145557475f,0.02621664300394718f,0.9282495328458584f,0.37103300715845944f,0.5353365205709733f,0.4312886235868792f,0.32433707964543734f,-0.8418999833303269f,0.5117736593794354f,0f,0f,0f,1f], start_interpolation: 0, interpolation_duration: 1 }
$data merge entity $(bone_neck_2) { transformation: [-0.8794662502072297f,0.18745717269002715f,-0.4374916263810038f,0.3832829466787692f,-0.015350419223080747f,0.9075255506824571f,0.4197162606906942f,0.5809920552240837f,0.47571365271149213f,0.37584196581218077f,-0.7952605468387864f,0.4457825987687863f,0f,0f,0f,1f], start_interpolation: 0, interpolation_duration: 1 }
$data merge entity $(bone_body_0) { transformation: [-0.7909063014085506f,-0.024911483678376183f,-0.6114299962981773f,0.09488096926453325f,-0.02073930483092393f,0.9996882416964346f,-0.013903260373783094f,0.5839627808596067f,0.6115857287636599f,0.001684456836249736f,-0.7911763766555406f,0.07292018591937877f,0f,0f,0f,1f], start_interpolation: 0, interpolation_duration: 1 }
$data merge entity $(bone_leg_left_3) { transformation: [-0.7012657922176f,0.05094833947971936f,-0.7110770389835982f,0.26132761706650565f,0.008837483178673637f,0.9979876448471077f,0.06278980509278351f,0.008599343694281364f,0.7128451357458289f,0.03774821104082082f,-0.7003048514802167f,-0.27076903885263637f,0f,0f,0f,1f], start_interpolation: 0, interpolation_duration: 1 }
$data merge entity $(bone_leg_left_2) { transformation: [-0.7112336725226045f,-0.2733491234792944f,-0.686650652998892f,0.17528636001613512f,-0.18623015403797094f,0.9885008810881625f,-0.20061539650688331f,0.2325286360857593f,0.7152112920652869f,-0.014438292202400218f,-0.7350690735715082f,-0.2957419473788702f,0f,0f,0f,1f], start_interpolation: 0, interpolation_duration: 1 }
$data merge entity $(bone_leg_left_1) { transformation: [-0.8385887316006138f,0.528260514356731f,-0.1330780530517197f,0.3425572132247331f,0.14533915593467053f,0.4523817312299111f,0.8799018689613212f,0.3058653999067139f,0.5250194939091993f,0.7185343403213172f,-0.456139159461603f,-0.08680280217409332f,0f,0f,0f,1f], start_interpolation: 0, interpolation_duration: 1 }
$data merge entity $(bone_leg_left_0) { transformation: [-0.826712031831295f,-0.23522757260555857f,-0.5110921692918694f,0.19567886203389365f,0.09623956287733758f,0.835894334413549f,-0.5403874612095555f,0.6892459142507212f,0.5543330794410082f,-0.49593210299538637f,-0.6684057048350367f,-0.16265403642402423f,0f,0f,0f,1f], start_interpolation: 0, interpolation_duration: 1 }
$data merge entity $(bone_leg_right_3) { transformation: [-0.9192005187514171f,-0.11359794021622967f,-0.3770489547867167f,-0.22050089460416855f,0.027169116627750102f,0.9369114614552058f,-0.34850932913702304f,0.19083409114968858f,0.3928514292054863f,-0.33059404315943175f,-0.8581231457073668f,0.09991979072097502f,0f,0f,0f,1f], start_interpolation: 0, interpolation_duration: 1 }
$data merge entity $(bone_leg_right_2) { transformation: [-0.9251461424106402f,0.20297051374998867f,-0.39366201903596343f,-0.1839194305654096f,0.15026509519197764f,1.0014244812468347f,0.16319193922233918f,0.42907492760057525f,0.41663799136702756f,0.08952194372480625f,-0.9329848901467139f,0.09130745062211398f,0f,0f,0f,1f], start_interpolation: 0, interpolation_duration: 1 }
$data merge entity $(bone_leg_right_1) { transformation: [-0.8206503039458358f,0.477760187348768f,-0.3134936714163102f,-0.05384415264747201f,-0.22314917150226457f,0.23711229255845434f,0.9455063236041981f,0.4389006627556119f,0.5260584814366747f,0.8458859048962478f,-0.08797448497374544f,0.3362508372709476f,0f,0f,0f,1f], start_interpolation: 0, interpolation_duration: 1 }
$data merge entity $(bone_leg_right_0) { transformation: [-0.8526071560342121f,-0.522552183518622f,-0.0005029703502097971f,-0.159836747965425f,-0.20328229386787205f,0.3325660758774504f,-0.9209104810866744f,0.6680815571644475f,0.4813910535926782f,-0.7850726212748693f,-0.38977382267866156f,0.003761790924780156f,0f,0f,0f,1f], start_interpolation: 0, interpolation_duration: 1 }
$data merge entity $(bone_tail_4) { transformation: [0.1891088465109444f,0.2734265729897081f,2.7413750354437836f,0.5474289292508024f,0.10432027272901948f,2.745144483911547f,-0.280998887449314f,0.09665464364280742f,-2.7530013542439535f,0.12280473619984358f,0.17766224105826153f,-1.2499856059215126f,0f,0f,0f,1f], start_interpolation: 0, interpolation_duration: 1 }
$data merge entity $(bone_tail_3) { transformation: [-0.4283287743155046f,0.24145742465113146f,2.023407595918002f,0.2019709237856745f,-0.1345917356631165f,2.0597566837263583f,-0.27428633684569387f,0.12300713416868808f,-2.033313810465323f,-0.1872064154079202f,-0.40808605985202406f,-1.1789573288911304f,0f,0f,0f,1f], start_interpolation: 0, interpolation_duration: 1 }
$data merge entity $(bone_tail_2) { transformation: [-1.265313287454567f,0.4472076405294421f,1.4204793155290167f,-0.06292229368496381f,-0.20694546487034668f,1.793087648882999f,-0.7488552149752394f,0.26249132862888847f,-1.474764297833145f,-0.6353077086562897f,-1.1136553578919208f,-0.9731729106204975f,0f,0f,0f,1f], start_interpolation: 0, interpolation_duration: 1 }
$data merge entity $(bone_tail_1) { transformation: [-1.477969558784026f,0.14705915090589533f,0.2857198618272614f,-0.12479165577908309f,-0.04581599857329319f,1.2346492159988536f,-0.8724668805795144f,0.43518792731110734f,-0.31806151540619343f,-0.8612033264962772f,-1.2020074678841486f,-0.7036831263308374f,0f,0f,0f,1f], start_interpolation: 0, interpolation_duration: 1 }
$data merge entity $(bone_tail_0) { transformation: [-1.2724096804140053f,0.11229287104697087f,0.04690024397362359f,-0.1357871701207067f,0.06790933305415905f,1.0639834876633916f,-0.70509799109614f,0.6669097651889814f,-0.10098338604392483f,-0.6994034355618375f,-1.0651163817402443f,-0.40930921475638316f,0f,0f,0f,1f], start_interpolation: 0, interpolation_duration: 1 }
$data merge entity $(bone_body_1) { transformation: [-1.1181367588912259f,-0.0676887859952979f,-0.5232523403893741f,-0.009579010488074758f,-0.06656429414311231f,1.2344510131130713f,-0.017449527947516058f,0.5878175000000001f,0.5233965783396982f,0.012390299869037925f,-1.1200478102776246f,-0.14974836286139656f,0f,0f,0f,1f], start_interpolation: 0, interpolation_duration: 1 }