# This file was generated by Animated Java via MC-Build. It is not recommended to edit this file directly.
$data merge entity $(bone_head_lower) { transformation: [-0.9629418980928904f,0.04013126687162877f,-0.26670654719473763f,0.5782923445713896f,0.051860269764649164f,0.9979658192667109f,-0.03707743242539979f,0.41746348563148294f,0.2646760535394136f,-0.049534886641642684f,-0.9630643185624731f,0.604567640048481f,0f,0f,0f,1f], start_interpolation: 0, interpolation_duration: 1 }
$data merge entity $(bone_head_upper) { transformation: [-1.0023258204990988f,0.22257225751649323f,-0.1711037180435493f,0.5711835556349257f,0.05398133318957758f,0.775360406139834f,0.6923685426427564f,0.4826208192161514f,0.27550119384748667f,0.6578371936567513f,-0.7581696785112987f,0.5671585035736849f,0f,0f,0f,1f], start_interpolation: 0, interpolation_duration: 1 }
$data merge entity $(bone_neck_0) { transformation: [-0.9237493424107146f,0.12488179476421513f,-0.36206586380414296f,0.5460431188317333f,0.016596124046323733f,0.9575114115398349f,0.28791746289107223f,0.48569053404616047f,0.38263784583129107f,0.2599546770255564f,-0.8865730905177122f,0.5054878335391864f,0f,0f,0f,1f], start_interpolation: 0, interpolation_duration: 1 }
$data merge entity $(bone_neck_1) { transformation: [-0.8511937529548783f,0.16050087984763678f,-0.499708577571692f,0.5044506511271785f,-0.07244741467323511f,0.9070511749536004f,0.41474032613486866f,0.5250031545181787f,0.519827439673738f,0.3892269692395779f,-0.7604484199331462f,0.44286099147925284f,0f,0f,0f,1f], start_interpolation: 0, interpolation_duration: 1 }
$data merge entity $(bone_neck_2) { transformation: [-0.8094199168171567f,0.12041596074619851f,-0.574751593871019f,0.4552770483828039f,-0.12362188070562596f,0.9218752791011617f,0.36723779815394686f,0.5662016750744004f,0.5740705783007094f,0.3683014610067749f,-0.7312981641914356f,0.3823996890515211f,0f,0f,0f,1f], start_interpolation: 0, interpolation_duration: 1 }
$data merge entity $(bone_body_0) { transformation: [-0.6743710215254018f,-0.18131211080353274f,-0.7157860321372256f,0.11620255113860789f,-0.10382791104462581f,0.9830371607143203f,-0.15118765010025426f,0.5043121602880932f,0.7310564206782506f,-0.02763800156840396f,-0.6817570319801691f,0.06082686995569636f,0f,0f,0f,1f], start_interpolation: 0, interpolation_duration: 1 }
$data merge entity $(bone_leg_left_3) { transformation: [-0.4478711800841686f,0.040626083395917084f,-0.8931746343229429f,0.3063213632696271f,0.018245976873103184f,0.9991744190862792f,0.03629827229419369f,0.008636391665927251f,0.8939119030295772f,-0.0000398936740818312f,-0.4482426887641716f,-0.4042163319881398f,0f,0f,0f,1f], start_interpolation: 0, interpolation_duration: 1 }
$data merge entity $(bone_leg_left_2) { transformation: [-0.46012058687487845f,-0.35579552045895996f,-0.8448436498287419f,0.1965626700088021f,-0.4057316262226791f,0.9267047026118274f,-0.16929985570141506f,0.2187883452383681f,0.8220298610861482f,0.25824434413779035f,-0.5564521234609716f,-0.35994153408483553f,0f,0f,0f,1f], start_interpolation: 0, interpolation_duration: 1 }
$data merge entity $(bone_leg_left_1) { transformation: [-0.656692488524788f,0.6866546880760789f,-0.31186586036029007f,0.4127239278783803f,-0.06114460713874012f,0.36369016967107126f,0.9295110529210918f,0.26951155150625716f,0.7516756697758483f,0.6294718419657623f,-0.19684737143091213f,-0.19346374997562626f,0f,0f,0f,1f], start_interpolation: 0, interpolation_duration: 1 }
$data merge entity $(bone_leg_left_0) { transformation: [-0.6272403796988565f,-0.5313541744745973f,-0.5694139507806719f,0.17751809722500023f,-0.10757968131723525f,0.7832210141368525f,-0.6123654588414686f,0.6143710572906959f,0.7713599148535762f,-0.3228429715556146f,-0.5484307590518823f,-0.18588634532632242f,0f,0f,0f,1f], start_interpolation: 0, interpolation_duration: 1 }
$data merge entity $(bone_leg_right_3) { transformation: [-0.8401937628687459f,0.026893065958305123f,-0.5416190578624611f,-0.2474308603014359f,-0.00516087220200577f,0.9983277899777978f,0.05757594251214293f,0.034601767263818084f,0.5422617506652779f,0.051170174529790946f,-0.8386499907613537f,0.026725403093586057f,0f,0f,0f,1f], start_interpolation: 0, interpolation_duration: 1 }
$data merge entity $(bone_leg_right_2) { transformation: [-0.8429651743661878f,0.27691587428735764f,-0.5145770232668241f,-0.19747714907955696f,0.13735932672669543f,0.9718113760123949f,0.297955138090921f,0.2701246400770564f,0.5679826843026696f,0.17596149442778405f,-0.8357603857038028f,0.041031876557580005f,0f,0f,0f,1f], start_interpolation: 0, interpolation_duration: 1 }
$data merge entity $(bone_leg_right_1) { transformation: [-0.7509018431875767f,0.6094623350917356f,-0.2543660433352476f,-0.03336933678799758f,-0.2526060487546184f,0.09081437264195086f,0.9632979465639012f,0.23867554911655098f,0.6101939085488147f,0.7875966047579039f,0.08576119252752223f,0.26260120268915854f,0f,0f,0f,1f], start_interpolation: 0, interpolation_duration: 1 }
$data merge entity $(bone_leg_right_0) { transformation: [-0.7859561645007396f,-0.5807159124150814f,-0.21223085673672853f,-0.15271281483816135f,-0.21833421754219265f,0.581825693014878f,-0.7834596558840764f,0.5562846857446325f,0.5784488542071154f,-0.5694276881357951f,-0.5840796444414055f,0.019313617429022906f,0f,0f,0f,1f], start_interpolation: 0, interpolation_duration: 1 }
$data merge entity $(bone_tail_4) { transformation: [0.43263340665489214f,0.15424592442538668f,2.7229942823745223f,0.5003555690220608f,0.6520801068817186f,2.6712300731009417f,-0.25491716766484146f,0.08967467050674138f,-2.64826003278668f,0.6829344206871522f,0.3820742171167716f,-1.2546714262434255f,0f,0f,0f,1f], start_interpolation: 0, interpolation_duration: 1 }
$data merge entity $(bone_tail_3) { transformation: [-0.36261687614272864f,0.12303077807946822f,2.0467823418297546f,0.15209296815282947f,0.2273667155951381f,2.068136442279148f,-0.08403308158619595f,0.08368523706757842f,-2.0378319125532443f,0.20885547588357192f,-0.3735853482371575f,-1.1933689714994107f,0f,0f,0f,1f], start_interpolation: 0, interpolation_duration: 1 }
$data merge entity $(bone_tail_2) { transformation: [-1.3424460482237455f,0.212309611438777f,1.4041143512912118f,-0.10987096830802585f,-0.13704541006710247f,1.9038173286171287f,-0.41889379303047264f,0.1619083595614742f,-1.4134465105516956f,-0.3862357869885084f,-1.292967421732419f,-0.9541462236881323f,0f,0f,0f,1f], start_interpolation: 0, interpolation_duration: 1 }
$data merge entity $(bone_tail_1) { transformation: [-1.4712970218174481f,-0.20205351330906837f,0.2865583733736796f,-0.16765960181951614f,-0.3051327004483758f,1.346774671236404f,-0.6170480289516848f,0.2785187971200337f,-0.17272914840347248f,-0.6580490959461457f,-1.3508487252895018f,-0.6552496584885568f,0f,0f,0f,1f], start_interpolation: 0, interpolation_duration: 1 }
$data merge entity $(bone_tail_0) { transformation: [-1.2726063395996592f,-0.11909124529284854f,0.011229260411222923f,-0.17381493659532057f,-0.09714233317913887f,0.9588942519980563f,-0.8395956748183195f,0.5470079937418902f,0.06980106087515921f,-0.8367644861989033f,-0.9637368536696183f,-0.393815968134905f,0f,0f,0f,1f], start_interpolation: 0, interpolation_duration: 1 }
$data merge entity $(bone_body_1) { transformation: [-1.038613527267353f,-0.21218325044126984f,-0.636289874401357f,-0.011594406123947047f,-0.18268820099458147f,1.218019644145326f,-0.10797111997986895f,0.49006750000000004f,0.6453770659474048f,0.003318096520778698f,-1.0545529991616578f,-0.14887066511186856f,0f,0f,0f,1f], start_interpolation: 0, interpolation_duration: 1 }