# This file was generated by Animated Java via MC-Build. It is not recommended to edit this file directly.
$data merge entity $(bone_head_lower) { transformation: [-0.9151903904934172f,0.117674805501882f,-0.3854597116413086f,0.7844353715793737f,-0.07069154939405278f,0.8947250618087728f,0.4409872658201774f,0.7134863816415489f,0.3967735550572575f,0.43083605225350147f,-0.8105251643754461f,0.3628019050863769f,0f,0f,0f,1f], start_interpolation: 0, interpolation_duration: 1 }
$data merge entity $(bone_head_upper) { transformation: [-0.9526212961352687f,0.34546211637381186f,-0.23799272023235243f,0.7754903200554312f,-0.0735828043094573f,0.4437644133111782f,0.9386856017709279f,0.7881386644304098f,0.41300142813678475f,0.8759001165730144f,-0.38170767444192627f,0.356284296672026f,0f,0f,0f,1f], start_interpolation: 0, interpolation_duration: 1 }
$data merge entity $(bone_neck_0) { transformation: [-0.8213279810362095f,0.14342184743656738f,-0.5521327025678392f,0.7377257703625902f,-0.1286138736213031f,0.8964031104148554f,0.42416970088715183f,0.801057527728011f,0.5557686740714227f,0.4193943696766259f,-0.7177949175108713f,0.30288319170319855f,0f,0f,0f,1f], start_interpolation: 0, interpolation_duration: 1 }
$data merge entity $(bone_neck_1) { transformation: [-0.6642603125812603f,0.10632672678063365f,-0.7399005773085752f,0.6755363142089144f,-0.2385912445962451f,0.907897465252021f,0.34466855178703176f,0.8344380479743476f,0.7084013376126991f,0.4054834395645172f,-0.5777116279836054f,0.2558114458685137f,0f,0f,0f,1f], start_interpolation: 0, interpolation_duration: 1 }
$data merge entity $(bone_neck_2) { transformation: [-0.5696562354444888f,-0.07816519949786593f,-0.8181576712386629f,0.6030942798695393f,-0.2833288036807911f,0.9531230727629812f,0.10621298024094883f,0.8530747722250767f,0.771502794825803f,0.29231252069371105f,-0.5650989540086444f,0.2091664615281182f,0f,0f,0f,1f], start_interpolation: 0, interpolation_duration: 1 }
$data merge entity $(bone_body_0) { transformation: [-0.36561125449487f,-0.5398485171607591f,-0.7582163207858408f,0.24060703925777288f,-0.1538571227760268f,0.8384605157918568f,-0.522792453301629f,0.6146720339442809f,0.91796317810562f,-0.07448182313412494f,-0.38961014060833554f,0.024835130829805513f,0f,0f,0f,1f], start_interpolation: 0, interpolation_duration: 1 }
$data merge entity $(bone_leg_left_3) { transformation: [-0.22021145002862272f,0.08528677379641579f,-0.971716565409735f,0.21624965234748475f,-0.002112214645095945f,0.9961263695396962f,0.08790787482904164f,0.04075917388990119f,0.9754498735586492f,0.021410794545378795f,-0.21917828827543856f,-0.4846293993484852f,0f,0f,0f,1f], start_interpolation: 0, interpolation_duration: 1 }
$data merge entity $(bone_leg_left_2) { transformation: [-0.25806400530813384f,-0.2230918314180424f,-0.9673133946242877f,0.1339525988457197f,-0.3431787640983373f,0.9578911579388721f,-0.12936407892131366f,0.25951188245052215f,0.9315006733958683f,0.2910957983169215f,-0.3156452615927776f,-0.4250851338955021f,0f,0f,0f,1f], start_interpolation: 0, interpolation_duration: 1 }
$data merge entity $(bone_leg_left_1) { transformation: [-0.4640529620857203f,0.8159002975260164f,-0.3449080353897652f,0.38314174636421955f,0.00005747792191530501f,0.38939907345824215f,0.921069138711178f,0.31644824417137163f,0.8858074537255588f,0.42740503750753933f,-0.18074868972532415f,-0.3170277179872842f,0f,0f,0f,1f], start_interpolation: 0, interpolation_duration: 1 }
$data merge entity $(bone_leg_left_0) { transformation: [-0.44102840082801587f,-0.41914132914896407f,-0.7936085280932426f,0.2318970797382014f,-0.052650797265687874f,0.8948102114709998f,-0.4433312294374398f,0.6977477430643343f,0.8959474556079563f,-0.153737541434954f,-0.41670484175632694f,-0.23929084433254286f,0f,0f,0f,1f], start_interpolation: 0, interpolation_duration: 1 }
$data merge entity $(bone_leg_right_3) { transformation: [-0.9682060842667546f,0.09761015350169608f,-0.23032419829929587f,-0.28880880749128357f,0.06385751242466414f,0.9866659623530202f,0.14970803866500618f,0.05147495956326681f,0.24186607140269178f,0.13024030354450336f,-0.9615291294791146f,0.0008312306623680377f,0f,0f,0f,1f], start_interpolation: 0, interpolation_duration: 1 }
$data merge entity $(bone_leg_right_2) { transformation: [-0.8142386065652053f,0.4275950180659539f,-0.45413675429833217f,-0.2019086973731917f,0.3262401915148596f,0.9284247030838373f,0.28923538449631464f,0.27632195679630966f,0.5316437044861861f,0.08516026496881973f,-0.8730205611847524f,-0.007123061434553657f,0f,0f,0f,1f], start_interpolation: 0, interpolation_duration: 1 }
$data merge entity $(bone_leg_right_1) { transformation: [-0.7713510984026855f,0.6227711837309162f,-0.13104783747687035f,-0.04113288170173671f,-0.06121928478409967f,0.13235265519360184f,0.9893103526364855f,0.25858950568339134f,0.6334585086361176f,0.771128282050138f,-0.06396475950794284f,0.2183765681271641f,0f,0f,0f,1f], start_interpolation: 0, interpolation_duration: 1 }
$data merge entity $(bone_leg_right_0) { transformation: [-0.791261755629654f,-0.32567996826803586f,-0.5175300883492756f,-0.03487078291361777f,-0.010948036699126668f,0.8537696771081679f,-0.5205357614449266f,0.637455082570404f,0.6113795666934843f,-0.4062141020687813f,-0.6791208498567405f,0.04307985015077956f,0f,0f,0f,1f], start_interpolation: 0, interpolation_duration: 1 }
$data merge entity $(bone_tail_4) { transformation: [-0.20189583270562975f,0.7128400045126503f,2.660217760316344f,0.27038352702769936f,0.6170219689593784f,2.611259590513469f,-0.6528924661633954f,0.1305413018861412f,-2.6840609706483183f,0.5466660868554339f,-0.3501917002508405f,-1.3929992159756384f,0f,0f,0f,1f], start_interpolation: 0, interpolation_duration: 1 }
$data merge entity $(bone_tail_3) { transformation: [-1.003188504853142f,0.36010405438326853f,1.7888217965442208f,-0.036458446194290506f,0.2615791607201519f,2.0486384457213007f,-0.26571109768694007f,0.15554854942858526f,-1.8058612052015246f,0.09670116221529908f,-1.0322110824917314f,-1.2189206576338592f,0f,0f,0f,1f], start_interpolation: 0, interpolation_duration: 1 }
$data merge entity $(bone_tail_2) { transformation: [-1.7815045057704817f,-0.24037039535433602f,0.7663143245166756f,-0.18028912681456782f,-0.329785316715927f,1.9190843396332349f,-0.16471435048538888f,0.18638138098488594f,-0.7322958526448339f,-0.27948389115376254f,-1.790085309080968f,-0.8867557049677641f,0f,0f,0f,1f], start_interpolation: 0, interpolation_duration: 1 }
$data merge entity $(bone_tail_1) { transformation: [-1.2632659990176456f,-0.8282251081541241f,0.07654042036100762f,-0.18542868613142452f,-0.8067143900983575f,1.186141907772237f,-0.47951591989700754f,0.2758392097667021f,0.20255161943115962f,-0.4413239114862551f,-1.4324323008841597f,-0.5733110387210724f,0f,0f,0f,1f], start_interpolation: 0, interpolation_duration: 1 }
$data merge entity $(bone_tail_0) { transformation: [-1.0422838320721215f,-0.715163406002788f,-0.18979313132875272f,-0.14722488889302343f,-0.35269597450442836f,0.7684256332322212f,-0.9586257415404925f,0.5745154113400353f,0.6504503667102153f,-0.729314106191687f,-0.8239241297233595f,-0.3501409067789281f,0f,0f,0f,1f], start_interpolation: 0, interpolation_duration: 1 }
$data merge entity $(bone_body_1) { transformation: [-0.8390150669401452f,-0.34305985627354674f,-0.8408140386061876f,0.0713601129966822f,-0.1896272289977409f,1.1856996086598361f,-0.2945548286869524f,0.56313f,0.8880877358269916f,-0.07092931758966121f,-0.8572478057342596f,-0.14606520718554966f,0f,0f,0f,1f], start_interpolation: 0, interpolation_duration: 1 }