# This file was generated by Animated Java via MC-Build. It is not recommended to edit this file directly.
$data merge entity $(bone_head_lower) { transformation: [-0.9241053666503277f,0.16167158502456289f,-0.34625362080952843f,0.8065364160158979f,-0.04159773949866f,0.8581535578836468f,0.5117050900276842f,0.848986733130109f,0.3798669495977045f,0.48727278775577443f,-0.7862991357721636f,0.31536865725921265f,0f,0f,0f,1f], start_interpolation: 0, interpolation_duration: 1 }
$data merge entity $(bone_head_upper) { transformation: [-0.9619008911024235f,0.3443327546566093f,-0.19913204752239652f,0.8002420767186991f,-0.043299069711763734f,0.427361533265316f,0.9481346175679491f,0.9239314847760665f,0.395403349558355f,0.8844597314401694f,-0.38060362216132976f,0.30911390024280094f,0f,0f,0f,1f], start_interpolation: 0, interpolation_duration: 1 }
$data merge entity $(bone_neck_0) { transformation: [-0.8269971226710506f,0.14413469800238365f,-0.5434159989598804f,0.7630314263650807f,-0.09157423558970881f,0.9191348183474184f,0.3831518564193819f,0.9338171106671864f,0.5546980426051311f,0.3666283875168694f,-0.7469228253285721f,0.2546861669141157f,0f,0f,0f,1f], start_interpolation: 0, interpolation_duration: 1 }
$data merge entity $(bone_neck_1) { transformation: [-0.6581714332811459f,0.07918319727831524f,-0.7486924506641064f,0.6999721362973775f,-0.18762087535540636f,0.9458275702205956f,0.26496908223691906f,0.9606207790394178f,0.7291150605655553f,0.3148654135966469f,-0.6076602667421158f,0.20465991238232062f,0f,0f,0f,1f], start_interpolation: 0, interpolation_duration: 1 }
$data merge entity $(bone_neck_2) { transformation: [-0.5548166991552927f,-0.1378677730329292f,-0.8204699308916604f,0.6267430051614358f,-0.2206011340013293f,0.9752532910206135f,-0.01470231379034903f,0.9688810853364285f,0.8021929755462542f,0.17283950796158584f,-0.5715005988376949f,0.15628438047728366f,0f,0f,0f,1f], start_interpolation: 0, interpolation_duration: 1 }
$data merge entity $(bone_body_0) { transformation: [-0.35053126952070157f,-0.6046365665741422f,-0.7152219595689425f,0.28390165860661465f,-0.04552400428876614f,0.7737738755156892f,-0.6318239902084654f,0.6784759714727733f,0.9354439556284074f,-0.18891429784657238f,-0.29875741655633387f,0.013681485564734697f,0f,0f,0f,1f], start_interpolation: 0, interpolation_duration: 1 }
$data merge entity $(bone_leg_left_3) { transformation: [-0.15951868547095166f,0.08975658702957584f,-0.9831060695929112f,0.22262768978909167f,-0.002560780830974224f,0.9958171504578877f,0.09133260784335762f,0.05708358848471479f,0.9871915879843971f,0.017086776721634042f,-0.15862159586295208f,-0.48274961531043487f,0f,0f,0f,1f], start_interpolation: 0, interpolation_duration: 1 }
$data merge entity $(bone_leg_left_2) { transformation: [-0.171916669497849f,-0.26179575320458387f,-0.976713797308867f,0.13115194087193233f,-0.2990049393040964f,0.9595869187788033f,-0.2045756365774048f,0.2739757327334431f,0.9659725174771876f,0.250435876849427f,-0.23715220126774603f,-0.43020385250077275f,0f,0f,0f,1f], start_interpolation: 0, interpolation_duration: 1 }
$data merge entity $(bone_leg_left_1) { transformation: [-0.41305963070098634f,0.7952925427468395f,-0.4437245913136114f,0.3789679009080237f,0.01896366564448106f,0.4946380395515586f,0.8688921620166195f,0.3618929754595108f,0.9105065188511773f,0.35048963077366097f,-0.21939666781802697f,-0.34148410248646244f,0f,0f,0f,1f], start_interpolation: 0, interpolation_duration: 1 }
$data merge entity $(bone_leg_left_0) { transformation: [-0.39289397212588384f,-0.36948082262645815f,-0.8420915914426536f,0.25676524826634967f,-0.03520130131519211f,0.9211029395104945f,-0.38772444236963366f,0.7510180649322807f,0.9189097861340156f,-0.12269187640753623f,-0.37490199840856486f,-0.2522907451407482f,0f,0f,0f,1f], start_interpolation: 0, interpolation_duration: 1 }
$data merge entity $(bone_leg_right_3) { transformation: [-0.9929339127997677f,0.04112537361421728f,-0.11131463721018114f,-0.274982783760519f,0.022466723615084935f,0.9862122682503982f,0.1639530673162534f,0.07289653150115877f,0.11652249200110087f,0.16029368545733655f,-0.9801675587675598f,-0.007992461248756948f,0f,0f,0f,1f], start_interpolation: 0, interpolation_duration: 1 }
$data merge entity $(bone_leg_right_2) { transformation: [-0.8323674104305318f,0.4137452290424936f,-0.4336376125273726f,-0.19064939942306464f,0.3501441539377695f,0.9379768025776798f,0.22284700758603468f,0.29788132696009473f,0.4864419441383205f,0.0328116255528596f,-0.9024188781891724f,-0.028987559831701704f,0f,0f,0f,1f], start_interpolation: 0, interpolation_duration: 1 }
$data merge entity $(bone_leg_right_1) { transformation: [-0.7821897407399949f,0.6038149398601099f,-0.1535797118203817f,-0.034044255044334656f,-0.025753061581186513f,0.2149560160027891f,0.9762841241172593f,0.30398682193778565f,0.6225078226820089f,0.7675945737079831f,-0.15258630709786608f,0.20003413640024956f,0f,0f,0f,1f], start_interpolation: 0, interpolation_duration: 1 }
$data merge entity $(bone_leg_right_0) { transformation: [-0.797132519283216f,-0.2409410934824769f,-0.5536489286295618f,0.009112006052637525f,0.027299081703685876f,0.9016153545936155f,-0.4316763978944927f,0.6899572516293397f,0.6031869584459937f,-0.35921740190655754f,-0.7121294484348853f,0.04682955717266857f,0f,0f,0f,1f], start_interpolation: 0, interpolation_duration: 1 }
$data merge entity $(bone_tail_4) { transformation: [-0.44454373289366256f,0.6519681274876864f,2.6463143732151644f,0.1313252441604485f,0.6846360699806604f,2.622022370094589f,-0.5309740803513744f,0.17938324238983677f,-2.638051487902844f,0.5706115868642628f,-0.5837363237882709f,-1.3805262846851687f,0f,0f,0f,1f], start_interpolation: 0, interpolation_duration: 1 }
$data merge entity $(bone_tail_3) { transformation: [-1.147133143773098f,0.23328940855015823f,1.7220938210097645f,-0.16296114941793538f,0.2488045791679067f,2.064235410786022f,-0.11390336380716203f,0.17849687964085126f,-1.7199207417456117f,0.1430165960992755f,-1.1650598359731779f,-1.1843747199438406f,0f,0f,0f,1f], start_interpolation: 0, interpolation_duration: 1 }
$data merge entity $(bone_tail_2) { transformation: [-1.87453628993748f,-0.1536587859545065f,0.5303551170764664f,-0.2629756873512915f,-0.20894229206799755f,1.9348009678070812f,-0.17793877756388465f,0.21188119989435114f,-0.5111073187654201f,-0.22739407968226677f,-1.8723875443488343f,-0.8367340098244275f,0f,0f,0f,1f], start_interpolation: 0, interpolation_duration: 1 }
$data merge entity $(bone_tail_1) { transformation: [-1.2619350055366791f,-0.811735096413749f,-0.19042695463432566f,-0.21086969108293624f,-0.7297703440501155f,1.242404329482326f,-0.45991627175883654f,0.2963601429079934f,0.4032512079908972f,-0.291845619007265f,-1.4282404727216458f,-0.5262103386832274f,0f,0f,0f,1f], start_interpolation: 0, interpolation_duration: 1 }
$data merge entity $(bone_tail_0) { transformation: [-0.946205675323973f,-0.776381162858591f,-0.3684600745359987f,-0.121932553956059f,-0.23308165274217807f,0.7593418630272668f,-1.0014532414412975f,0.6073323277996883f,0.8271659324003299f,-0.6741423748709534f,-0.7036791138464125f,-0.3368472029779328f,0f,0f,0f,1f], start_interpolation: 0, interpolation_duration: 1 }
$data merge entity $(bone_body_1) { transformation: [-0.7788974261306686f,-0.4000294280280877f,-0.8728687480571125f,0.1079420238079435f,-0.19204315636644922f,1.1661494082297994f,-0.3630696611317866f,0.6131925f,0.9407671447898687f,-0.09314831964700128f,-0.7967968153093415f,-0.14532890440926988f,0f,0f,0f,1f], start_interpolation: 0, interpolation_duration: 1 }