# This file was generated by Animated Java via MC-Build. It is not recommended to edit this file directly.
$data merge entity $(bone_head_lower) { transformation: [-0.881803121740534f,0.11752913061402007f,-0.4567386100887045f,0.8208543451055242f,-0.15233747706138695f,0.8455562387905087f,0.5116912546888208f,0.8973961402813638f,0.44633680956338395f,0.5207893532893706f,-0.7277100397336969f,0.23765616703302767f,0f,0f,0f,1f], start_interpolation: 0, interpolation_duration: 1 }
$data merge entity $(bone_head_upper) { transformation: [-0.9178685020017545f,0.38852391697417005f,-0.3000641957241992f,0.8086079792010264f,-0.15856801639924892f,0.3674913945260797f,0.9608736658416609f,0.971838937436525f,0.46459179910085574f,0.893012420670526f,-0.26486830561602637f,0.23959342428118674f,0f,0f,0f,1f], start_interpolation: 0, interpolation_duration: 1 }
$data merge entity $(bone_neck_0) { transformation: [-0.769868117853867f,0.1608414939014201f,-0.6176026999226152f,0.7663106352307282f,-0.13610774052450458f,0.9040789502946537f,0.40511224938704493f,0.983403338369702f,0.6235204600343589f,0.3959435129834515f,-0.6741297875371366f,0.1893745475672269f,0f,0f,0f,1f], start_interpolation: 0, interpolation_duration: 1 }
$data merge entity $(bone_neck_1) { transformation: [-0.5653611740084619f,0.06814478634531373f,-0.8220237411521186f,0.6969883698061358f,-0.25443861438682025f,0.9335747846147525f,0.2523868321454854f,1.0090846779654685f,0.7846194838472269f,0.3518442974178635f,-0.5104682712391059f,0.14775208779488158f,0f,0f,0f,1f], start_interpolation: 0, interpolation_duration: 1 }
$data merge entity $(bone_neck_2) { transformation: [-0.4439724968976171f,-0.19637978327356453f,-0.87425591374604f,0.6184743140270168f,-0.2974607868085599f,0.9526577017614695f,-0.06293157860555848f,1.0128985140040905f,0.8452251193082988f,0.2321169618877151f,-0.481369103385634f,0.10785311420000655f,0f,0f,0f,1f], start_interpolation: 0, interpolation_duration: 1 }
$data merge entity $(bone_body_0) { transformation: [-0.22727843125752573f,-0.691481523941953f,-0.6857097175423668f,0.2887146696932882f,-0.09162258743054458f,0.7161973093005326f,-0.6918574388002267f,0.6936513721806633f,0.9695100907972287f,-0.09441777479686567f,-0.22613152731266373f,0.0003787260436169393f,0f,0f,0f,1f], start_interpolation: 0, interpolation_duration: 1 }
$data merge entity $(bone_leg_left_3) { transformation: [-0.07887286085829112f,0.10076607585831956f,-0.9917788411617502f,0.19145438960982447f,0.007741678114913917f,0.9949101152049503f,0.10046854772931499f,0.05544772487348518f,0.9968546224199363f,0.0002462092362321075f,-0.07925150560726464f,-0.47878017976372694f,0f,0f,0f,1f], start_interpolation: 0, interpolation_duration: 1 }
$data merge entity $(bone_leg_left_2) { transformation: [-0.08925599086337926f,-0.25179741746773626f,-0.9902997668142054f,0.10201760890680439f,-0.2793580496428168f,0.9622115829763462f,-0.2194769901074141f,0.27252163572459953f,0.9828807901752137f,0.2506174966825479f,-0.15231028252161843f,-0.4235438552001034f,0f,0f,0f,1f], start_interpolation: 0, interpolation_duration: 1 }
$data merge entity $(bone_leg_left_1) { transformation: [-0.3382342093801922f,0.8145107802016796f,-0.4713489244076067f,0.35502945949401976f,0.03454958989733365f,0.5112793324196881f,0.8587198437665245f,0.36518889587362924f,0.9404275333287954f,0.27416351539862055f,-0.2010731741963311f,-0.3571272306346356f,0f,0f,0f,1f], start_interpolation: 0, interpolation_duration: 1 }
$data merge entity $(bone_leg_left_0) { transformation: [-0.31734679433936086f,-0.38003616189326633f,-0.8688288253597289f,0.23964331087034663f,-0.01944861730563227f,0.9186024776586912f,-0.3947039894961957f,0.7557320546952817f,0.9481101008888316f,-0.10836052645105121f,-0.29890672943214347f,-0.26509812454393056f,0f,0f,0f,1f], start_interpolation: 0, interpolation_duration: 1 }
$data merge entity $(bone_leg_right_3) { transformation: [-0.995405233886727f,0.03087808309306822f,-0.0906364404387558f,-0.2842982248621347f,0.014170787972597132f,0.9836587645055953f,0.17948432739256676f,0.07791583942607061f,0.09469746099630255f,0.1773752491071509f,-0.979576649315933f,-0.017347140510410856f,0f,0f,0f,1f], start_interpolation: 0, interpolation_duration: 1 }
$data merge entity $(bone_leg_right_2) { transformation: [-0.8107631836214193f,0.43768632796385865f,-0.4507282306426665f,-0.19494589810625568f,0.3505945478685778f,0.9258079471658011f,0.2683753108431695f,0.30147042212346054f,0.5213527813195042f,0.05807342575441618f,-0.8814085058202346f,-0.03185859544512126f,0f,0f,0f,1f], start_interpolation: 0, interpolation_duration: 1 }
$data merge entity $(bone_leg_right_1) { transformation: [-0.7618519097337225f,0.6315987850246845f,-0.14375201699601436f,-0.030908934705466726f,-0.029044525817173476f,0.18839267149049774f,0.9816642077863129f,0.30000859547176023f,0.6470997474540813f,0.7520579605881557f,-0.1251828293371289f,0.19197867437573382f,0f,0f,0f,1f], start_interpolation: 0, interpolation_duration: 1 }
$data merge entity $(bone_leg_right_0) { transformation: [-0.7793675691171554f,-0.23071070115401932f,-0.5825450751499293f,0.01655080715142969f,0.021558471725769676f,0.9193165861622751f,-0.392927788154248f,0.6904422179685927f,0.6261959952804436f,-0.3187939566239631f,-0.7115117628787129f,0.05191997992469022f,0f,0f,0f,1f], start_interpolation: 0, interpolation_duration: 1 }
$data merge entity $(bone_tail_4) { transformation: [-0.7391246110927059f,0.568130094019742f,2.599343058764305f,-0.092963106116277f,0.6898216606257347f,2.646445544556224f,-0.3822739695951898f,0.14968407605651063f,-2.569728043472424f,0.5470059483841373f,-0.8502609050307797f,-1.3086235775042658f,0f,0f,0f,1f], start_interpolation: 0, interpolation_duration: 1 }
$data merge entity $(bone_tail_3) { transformation: [-1.2972970295637338f,0.10650006956737379f,1.6253072565861821f,-0.36959734181178333f,0.197541408726339f,2.072786858705366f,0.021853060682604772f,0.1256947578429564f,-1.616769413048123f,0.16780315731513706f,-1.3014777337594161f,-1.0895831344633116f,0f,0f,0f,1f], start_interpolation: 0, interpolation_duration: 1 }
$data merge entity $(bone_tail_2) { transformation: [-1.936880209106857f,0.07221299930867385f,0.24910683110625406f,-0.4173207907228076f,0.03141957812008034f,1.9284024041342527f,-0.31472345454822326f,0.18468326261769213f,-0.25745240469591757f,-0.3079339628278391f,-1.9125032833582822f,-0.7343165969205556f,0f,0f,0f,1f], start_interpolation: 0, interpolation_duration: 1 }
$data merge entity $(bone_tail_1) { transformation: [-1.2457302614393002f,-0.6628788741012691f,-0.5444299440741733f,-0.2908723958449788f,-0.5049382851407828f,1.3426926289424115f,-0.4794476847194091f,0.2719244286992196f,0.6934332656668986f,-0.21312989573016292f,-1.327170751490776f,-0.44678145233404737f,0f,0f,0f,1f], start_interpolation: 0, interpolation_duration: 1 }
$data merge entity $(bone_tail_0) { transformation: [-0.8017494198219558f,-0.7942084313441132f,-0.6002220855492643f,-0.134639216194771f,-0.005115862903418334f,0.7739531085874265f,-1.0172542112169605f,0.5878666195910853f,0.9954935521367976f,-0.6356612854923686f,-0.4886338448821153f,-0.31933092510243855f,0f,0f,0f,1f], start_interpolation: 0, interpolation_duration: 1 }
$data merge entity $(bone_body_1) { transformation: [-0.7016511287413698f,-0.47394487997908463f,-0.9009253794481665f,0.10673686558633588f,-0.20534391282075415f,1.1375996251551903f,-0.4385265845652726f,0.6131925f,0.9970577546259166f,-0.09923678070469524f,-0.72431518716091f,-0.14425348871343674f,0f,0f,0f,1f], start_interpolation: 0, interpolation_duration: 1 }