# This file was generated by Animated Java via MC-Build. It is not recommended to edit this file directly.
$data merge entity $(bone_head_lower) { transformation: [-0.8687672515449009f,0.13055312682658554f,-0.4777021495858275f,0.8240294835133491f,-0.08554056922726762f,0.9105646319216081f,0.40441916634816033f,0.8811215138469977f,0.48777686872113357f,0.3922090414170325f,-0.779901143845384f,0.25201744236496715f,0f,0f,0f,1f], start_interpolation: 0, interpolation_duration: 1 }
$data merge entity $(bone_head_upper) { transformation: [-0.9042994701467326f,0.445484189344297f,-0.25934195171645535f,0.8158736419021816f,-0.08903914286675903f,0.3808253053892944f,0.9646326038426287f,0.9561444354796222f,0.5077267394114661f,0.8602254741652982f,-0.29274158274354567f,0.2513103574227754f,0f,0f,0f,1f], start_interpolation: 0, interpolation_duration: 1 }
$data merge entity $(bone_neck_0) { transformation: [-0.7580479413008514f,0.14433440025522193f,-0.6360274361947811f,0.7726490416242743f,-0.15465383689045684f,0.9076104779679617f,0.39028888149398744f,0.9666989990426553f,0.6335972770021987f,0.3942217665042524f,-0.665690385531942f,0.20166187936849958f,0f,0f,0f,1f], start_interpolation: 0, interpolation_duration: 1 }
$data merge entity $(bone_neck_1) { transformation: [-0.5560887094333583f,0.060837560249321826f,-0.8288933215460552f,0.7027111690998518f,-0.26465785137000525f,0.9324400556137418f,0.24599139089662048f,0.9918333332698102f,0.7878588509047507f,0.35616616059074446f,-0.5024182491720357f,0.1607412724051793f,0f,0f,0f,1f], start_interpolation: 0, interpolation_duration: 1 }
$data merge entity $(bone_neck_2) { transformation: [-0.4389938722142375f,-0.18593064392208303f,-0.8790416234792692f,0.623880152860242f,-0.30476139139396086f,0.9511680316571631f,-0.048988466694260546f,0.9968541056838361f,0.8452247479067131f,0.24639231157679684f,-0.47422141908804155f,0.12160825415795526f,0f,0f,0f,1f], start_interpolation: 0, interpolation_duration: 1 }
$data merge entity $(bone_body_0) { transformation: [-0.22701865973488694f,-0.6759903745921494f,-0.7010702829181545f,0.2870287042285183f,-0.11619124685083174f,0.7335239289645825f,-0.6696583007710806f,0.6882343920773526f,0.9669343939934212f,-0.0705666996190667f,-0.24506778372003052f,0.005436490672647704f,0f,0f,0f,1f], start_interpolation: 0, interpolation_duration: 1 }
$data merge entity $(bone_leg_left_3) { transformation: [-0.1080968456600358f,0.09768770446835806f,-0.9893291587505408f,0.20345937091461821f,0.005019020604242887f,0.9952013758592281f,0.0977191430584278f,0.05931352944695306f,0.9941276987341842f,0.0055976676930704974f,-0.10806842612841802f,-0.48053059931238346f,0f,0f,0f,1f], start_interpolation: 0, interpolation_duration: 1 }
$data merge entity $(bone_leg_left_2) { transformation: [-0.12150745615275886f,-0.25035311197806687f,-0.9872291815596199f,0.11440411633921121f,-0.2895172760019445f,0.9617043611691172f,-0.2082466520869139f,0.2766005145750926f,0.9764619216827627f,0.2539886622113116f,-0.1845916424771418f,-0.42551605766702644f,0f,0f,0f,1f], start_interpolation: 0, interpolation_duration: 1 }
$data merge entity $(bone_leg_left_1) { transformation: [-0.36480584152735096f,0.8131975826753669f,-0.4534604608104887f,0.36663966582997826f,0.028347136705321116f,0.4964990566052233f,0.867574277298914f,0.3649063554503714f,0.930651996090983f,0.3036418586444608f,-0.2041775792069396f,-0.35073175650584454f,0f,0f,0f,1f], start_interpolation: 0, interpolation_duration: 1 }
$data merge entity $(bone_leg_left_0) { transformation: [-0.34376860228164796f,-0.3832032441000467f,-0.8573088252179153f,0.24600000555808754f,-0.025538510225040334f,0.916426512431694f,-0.3993873205395578f,0.7542683059173964f,0.9387070536545508f,-0.11540243075205119f,-0.3248251012402064f,-0.26045095864467227f,0f,0f,0f,1f], start_interpolation: 0, interpolation_duration: 1 }
$data merge entity $(bone_leg_right_3) { transformation: [-0.9932085053472873f,0.04148983930541604f,-0.10869893348243598f,-0.28000326885062815f,0.022251548284642583f,0.9847483861313371f,0.17255574348790478f,0.07983313318489224f,0.114200409389566f,0.16896511251183824f,-0.9789836858952847f,-0.013998078962833426f,0f,0f,0f,1f], start_interpolation: 0, interpolation_duration: 1 }
$data merge entity $(bone_leg_right_2) { transformation: [-0.8141871364090644f,0.43428731352233946f,-0.44783483084754777f,-0.19134851656632748f,0.3492149450371217f,0.9274440970476688f,0.264496821370029f,0.3036513776330502f,0.5169240065710069f,0.05748195948015583f,-0.8840518057589125f,-0.028722222930124747f,0f,0f,0f,1f], start_interpolation: 0, interpolation_duration: 1 }
$data merge entity $(bone_leg_right_1) { transformation: [-0.7663172162482306f,0.6264731938736007f,-0.1424403785426484f,-0.028862509861539883f,-0.030870299803542042f,0.18554884511376843f,0.9821500143394524f,0.3013548454365156f,0.6417203040823957f,0.7570356421165103f,-0.1228498591518965f,0.19623646044255072f,0f,0f,0f,1f], start_interpolation: 0, interpolation_duration: 1 }
$data merge entity $(bone_leg_right_0) { transformation: [-0.783665304769921f,-0.2424200361856795f,-0.5719276319217326f,0.01363516216985293f,0.020001233336774088f,0.9103820347644342f,-0.4132850123621424f,0.6901187468317637f,0.620861208938741f,-0.33531638318743406f,-0.7085861150214722f,0.05007266393906956f,0f,0f,0f,1f], start_interpolation: 0, interpolation_duration: 1 }
$data merge entity $(bone_tail_4) { transformation: [-0.774527384849409f,0.5896735760084749f,2.584193053058481f,-0.1546574280351677f,0.6416816351767753f,2.653889051879526f,-0.41325405139072374f,0.1246410145311572f,-2.571772412324853f,0.4845815779323071f,-0.8813788544850851f,-1.285520933967077f,0f,0f,0f,1f], start_interpolation: 0, interpolation_duration: 1 }
$data merge entity $(bone_tail_3) { transformation: [-1.3233383803150176f,0.1343969347532858f,1.602079436594388f,-0.42762607655055335f,0.1784177532490972f,2.0744643733508887f,-0.026649485321344688f,0.10885951995284102f,-1.597776005125629f,0.12033517221190732f,-1.329878494381333f,-1.0612002599503378f,0f,0f,0f,1f], start_interpolation: 0, interpolation_duration: 1 }
$data merge entity $(bone_tail_2) { transformation: [-1.9307093501257042f,0.2388608782782304f,0.18460975371878394f,-0.4633154422905329f,0.19061452139205934f,1.8912363062561284f,-0.45350326695176874f,0.19375576086381652f,-0.23409695550013807f,-0.43005184539727714f,-1.89183189017913f,-0.7097882774833135f,0f,0f,0f,1f], start_interpolation: 0, interpolation_duration: 1 }
$data merge entity $(bone_tail_1) { transformation: [-1.2560450114143136f,-0.5356524082718743f,-0.650448827206075f,-0.31559832430820134f,-0.32416052915153143f,1.3848734290355647f,-0.5144917753389997f,0.28784969756459333f,0.7777706156968239f,-0.2878512342579372f,-1.2648599868344188f,-0.43482889661047935f,0f,0f,0f,1f], start_interpolation: 0, interpolation_duration: 1 }
$data merge entity $(bone_tail_0) { transformation: [-0.782859157060989f,-0.7332920267878115f,-0.6951618949850524f,-0.13015150437939127f,0.11723522343105508f,0.8075378772912959f,-0.9838567963433326f,0.5948428478970833f,1.0036050812829f,-0.6663340729493868f,-0.4273306221578938f,-0.32603278487846044f,0f,0f,0f,1f], start_interpolation: 0, interpolation_duration: 1 }
$data merge entity $(bone_body_1) { transformation: [-0.7308136845717856f,-0.4478194829034154f,-0.8910519986123024f,0.107169423769633f,-0.20175761081334245f,1.148250621970723f,-0.4116053579328018f,0.6131925f,0.9766318753643836f,-0.09789185324742648f,-0.7518057994896565f,-0.14465475661368182f,0f,0f,0f,1f], start_interpolation: 0, interpolation_duration: 1 }