# This file was generated by Animated Java via MC-Build. It is not recommended to edit this file directly.
$data merge entity $(bone_head_lower) { transformation: [-0.7684043645847418f,-0.0006183874307757187f,-0.6399643350094634f,0.8031324896241978f,-0.5588843574534561f,0.4878219456379862f,0.6705803638251027f,0.749260490081698f,0.31177396857492184f,0.8729429345329249f,-0.3751901192303558f,0.3583016288239737f,0f,0f,0f,1f], start_interpolation: 0, interpolation_duration: 1 }
$data merge entity $(bone_head_upper) { transformation: [-0.7998317829277726f,0.2669931249856871f,-0.6102915146161422f,0.7668075698204877f,-0.5817424948048202f,0.18462252545733635f,0.8431857063633883f,0.8113525517847366f,0.3245253939838159f,0.9889899579306349f,0.007353526740040954f,0.3811168116309762f,0f,0f,0f,1f], start_interpolation: 0, interpolation_duration: 1 }
$data merge entity $(bone_neck_0) { transformation: [-0.7498270253906959f,0.01914893848718188f,-0.6613567495297489f,0.7239744670336614f,-0.4559054252454028f,0.7094471924467227f,0.5374336464730055f,0.8347356753474047f,0.4794889729968239f,0.7044984026130057f,-0.52323257304011f,0.33569334751381463f,0f,0f,0f,1f], start_interpolation: 0, interpolation_duration: 1 }
$data merge entity $(bone_neck_1) { transformation: [-0.6554914483664561f,0.07478249880843191f,-0.7514908775164292f,0.6606578400144506f,-0.42072209914578157f,0.7902044305573751f,0.4456117965425307f,0.8761252162054106f,0.6271553845808968f,0.6082635414024593f,-0.4865095968135941f,0.2972817933275435f,0f,0f,0f,1f], start_interpolation: 0, interpolation_duration: 1 }
$data merge entity $(bone_neck_2) { transformation: [-0.5675221009831636f,-0.04694964270556745f,-0.8220184888099997f,0.5881831889104143f,-0.3667826400642359f,0.90825541896215f,0.20135190307866097f,0.9026575412656508f,0.7371493470411304f,0.41577376657950516f,-0.5326753375003634f,0.2546861237308979f,0f,0f,0f,1f], start_interpolation: 0, interpolation_duration: 1 }
$data merge entity $(bone_body_0) { transformation: [-0.39294132296868894f,-0.5800347722616371f,-0.7135522263093341f,0.2463631442224164f,-0.2517038302048301f,0.8141769445812428f,-0.5232218313225948f,0.6638211073634963f,0.8844446271891951f,-0.025991650192757454f,-0.4659207395645989f,0.034851823419227046f,0f,0f,0f,1f], start_interpolation: 0, interpolation_duration: 1 }
$data merge entity $(bone_leg_left_3) { transformation: [-0.30119810868661884f,0.06527386494811138f,-0.951324877146782f,0.24914893947567604f,-0.020208741378372058f,0.9969933432951803f,0.07480561607928848f,0.05915037181743618f,0.953347421507766f,0.04175638849128982f,-0.2989734067181542f,-0.4820841163199473f,0f,0f,0f,1f], start_interpolation: 0, interpolation_duration: 1 }
$data merge entity $(bone_leg_left_2) { transformation: [-0.30867806066300446f,-0.2950515033184224f,-0.9325902984459791f,0.15107276858948698f,-0.3177421546927505f,0.9551371954556123f,-0.1970153813515362f,0.27520986926101826f,0.9251053872382483f,0.22960781290588067f,-0.3788436013133169f,-0.4388356442689548f,0f,0f,0f,1f], start_interpolation: 0, interpolation_duration: 1 }
$data merge entity $(bone_leg_left_1) { transformation: [-0.5428462181923146f,0.7289697108501416f,-0.41703854025421105f,0.38204034071875015f,-0.0011603406043341057f,0.4959222160142194f,0.8683661723450704f,0.3639046612831432f,0.8398313146126334f,0.47187319941548633f,-0.26836364632604204f,-0.31313520611287166f,0f,0f,0f,1f], start_interpolation: 0, interpolation_duration: 1 }
$data merge entity $(bone_leg_left_0) { transformation: [-0.5255683075830397f,-0.32306686729146605f,-0.7870233499222101f,0.2581516250821283f,-0.05621015593830387f,0.9362571735314847f,-0.346789451079797f,0.7532046137086348f,0.8488924386715262f,-0.13802283966544654f,-0.5102267371443755f,-0.22708631452284989f,0f,0f,0f,1f], start_interpolation: 0, interpolation_duration: 1 }
$data merge entity $(bone_leg_right_3) { transformation: [-0.9939737268667002f,0.038246737318409496f,-0.10272982713515633f,-0.28644491367175284f,0.022821506480824823f,0.98882389382975f,0.14733121133458804f,0.06407560973706117f,0.10721664581895929f,0.14409890379828663f,-0.9837378191283814f,0.007970915620423097f,0f,0f,0f,1f], start_interpolation: 0, interpolation_duration: 1 }
$data merge entity $(bone_leg_right_2) { transformation: [-0.8826093870561633f,0.3541441928907148f,-0.3842457026732014f,-0.2144000687655515f,0.344597027862237f,0.9614409159087721f,0.09458569186567489f,0.2905746124808734f,0.3928304440462203f,-0.04770173329114882f,-0.946293287713785f,-0.03300241893408398f,0f,0f,0f,1f], start_interpolation: 0, interpolation_duration: 1 }
$data merge entity $(bone_leg_right_1) { transformation: [-0.8265110667013178f,0.5318079684090473f,-0.1845528145461128f,-0.07659695800012835f,-0.0164213081344829f,0.3049312140789173f,0.9522327947091035f,0.3225849970724688f,0.5626809018079452f,0.7900615415377459f,-0.24329604050127576f,0.2057422639416532f,0f,0f,0f,1f], start_interpolation: 0, interpolation_duration: 1 }
$data merge entity $(bone_leg_right_0) { transformation: [-0.8350125884811653f,-0.22754658584254422f,-0.5009755765996842f,-0.028064989224867734f,0.043782265690209606f,0.880118457872638f,-0.4727310158249842f,0.7015405564331048f,0.5484861805816225f,-0.4166701949783441f,-0.7249474866000244f,0.037383686491860746f,0f,0f,0f,1f], start_interpolation: 0, interpolation_duration: 1 }
$data merge entity $(bone_tail_4) { transformation: [-0.7006637468175702f,0.3635612449080667f,2.646234091439467f,-0.21793965166806029f,0.749699078896304f,2.6525611922274743f,-0.1659269242491827f,0.1302677400725864f,-2.563724426805189f,0.6763162531609433f,-0.7717348772167457f,-1.2784734183526876f,0f,0f,0f,1f], start_interpolation: 0, interpolation_duration: 1 }
$data merge entity $(bone_tail_3) { transformation: [-1.3925882851463973f,0.22683791240205756f,1.5314006515652712f,-0.47982839765370927f,0.2904761954155211f,2.0615213769658816f,-0.04121550987267252f,0.11708276236415353f,-1.520614012172183f,0.18606369837831563f,-1.410339977514586f,-1.0411526554100872f,0f,0f,0f,1f], start_interpolation: 0, interpolation_duration: 1 }
$data merge entity $(bone_tail_2) { transformation: [-1.8853071228602225f,0.47594367303767043f,0.19459842648566844f,-0.5172846488586984f,0.3867179769828601f,1.799876227565122f,-0.6554911492362087f,0.23965137774783846f,-0.33888070729029546f,-0.5938830360804495f,-1.8306383260177508f,-0.70123288879194f,0f,0f,0f,1f], start_interpolation: 0, interpolation_duration: 1 }
$data merge entity $(bone_tail_1) { transformation: [-1.2543790255430325f,-0.33434683136517257f,-0.7761454159072136f,-0.34498137174130467f,0.06049653296001179f,1.3500048793136352f,-0.6793255812415696f,0.36927445187451474f,0.8429292258413699f,-0.5944369370971547f,-1.106241970835053f,-0.45672089246581915f,0f,0f,0f,1f], start_interpolation: 0, interpolation_duration: 1 }
$data merge entity $(bone_tail_0) { transformation: [-0.8127725843868988f,-0.5536179008493262f,-0.8165437296999193f,-0.1197281018122336f,0.33912670968388914f,0.8367064069003606f,-0.9048487055938663f,0.6538834903497752f,0.9264067775184119f,-0.7920008365494959f,-0.38515045638928885f,-0.3632833683910129f,0f,0f,0f,1f], start_interpolation: 0, interpolation_duration: 1 }
$data merge entity $(bone_body_1) { transformation: [-0.9001835881767836f,-0.27311996151670404f,-0.8022964472403797f,0.08519115139049084f,-0.1624892970335184f,1.204313947063997f,-0.22766145987614952f,0.6256925f,0.8317880324836215f,-0.06031582366593959f,-0.9127405247323991f,-0.14702128309410323f,0f,0f,0f,1f], start_interpolation: 0, interpolation_duration: 1 }