# This file was generated by Animated Java via MC-Build. It is not recommended to edit this file directly.
$data merge entity $(bone_head_lower) { transformation: [-1.0786112504894383f,0.31676235959437626f,0.4049419514473126f,-0.029870025975667777f,0.5140089655113037f,0.683724032501497f,0.834287023112571f,0.41094044723893564f,-0.01054323820057004f,0.9273088272545666f,-0.7534625307234271f,0.842201456632282f,0f,0f,0f,1f], start_interpolation: 0, interpolation_duration: 1 }
$data merge entity $(bone_head_upper) { transformation: [-1.122726001213102f,0.5345306701946939f,-0.025619143659911785f,-0.019981923600335186f,0.5350317180303138f,1.1199818040541822f,-0.07921408327872252f,0.43079462153836323f,-0.01097445224995744f,-0.082527407019541f,-1.2409519894778618f,0.7547969579017774f,0f,0f,0f,1f], start_interpolation: 0, interpolation_duration: 1 }
$data merge entity $(bone_neck_0) { transformation: [-0.9846536741675465f,0.17334565885137448f,0.02020951522758315f,-0.021170697300681374f,0.17309903246611003f,0.9848134458354931f,-0.013386629931333355f,0.4138877155710855f,-0.022223116515187533f,-0.00968294681410485f,-0.999706143640894f,0.6903184374317799f,0f,0f,0f,1f], start_interpolation: 0, interpolation_duration: 1 }
$data merge entity $(bone_neck_1) { transformation: [-0.9990559922688753f,0.036444923107763545f,0.023640894469589484f,-0.019000106047225154f,0.0386563381534748f,0.9941303696951024f,0.10104699684029617f,0.42702755679218124f,-0.01981948112886087f,0.10186547810493912f,-0.9946007302119958f,0.6065319829726846f,0f,0f,0f,1f], start_interpolation: 0, interpolation_duration: 1 }
$data merge entity $(bone_neck_2) { transformation: [-0.9992088661134023f,0.02189560798799964f,0.03319976251729116f,-0.015877186165534057f,0.03162892639694467f,0.9435802033431177f,0.32963011220751237f,0.46514386677575714f,-0.024109186949072776f,0.3304194035007576f,-0.9435262396429992f,0.5271070204055601f,0f,0f,0f,1f], start_interpolation: 0, interpolation_duration: 1 }
$data merge entity $(bone_body_0) { transformation: [-0.9993323184923806f,0.02540614021105228f,0.02625728958250422f,-0.0032601988069502165f,0.02982728563857615f,0.982341129919748f,0.18470581338828354f,0.5615530511677529f,-0.021100953724368033f,0.1853656724088066f,-0.9824430351141755f,0.06585114185441537f,0f,0f,0f,1f], start_interpolation: 0, interpolation_duration: 1 }
$data merge entity $(bone_leg_left_3) { transformation: [-0.9423604062181095f,0.007269471349120295f,-0.33452058169676824f,0.38029773056555183f,0.008309923300132185f,0.9999640620569903f,-0.0016792168500706917f,0.01137241873290079f,0.33449635269638706f,-0.004362267849176843f,-0.94238694847288f,-0.29434722399604624f,0f,0f,0f,1f], start_interpolation: 0, interpolation_duration: 1 }
$data merge entity $(bone_leg_left_2) { transformation: [-0.9291833832053992f,-0.33462761172518773f,-0.2769563166760414f,0.29229581449657643f,-0.3003431357808036f,0.9674036711850302f,-0.16120278306460434f,0.23142497601546197f,0.31380637448117027f,-0.06493610667045874f,-0.9743567421053548f,-0.339108891386904f,0f,0f,0f,1f], start_interpolation: 0, interpolation_duration: 1 }
$data merge entity $(bone_leg_left_1) { transformation: [-0.9980067821912818f,0.056980976399062175f,-0.027122518850815798f,0.32909017064066903f,0.007131461922626532f,0.5288681686305475f,0.8486740260313241f,0.3299494149676554f,0.06270251152106641f,0.8467890106384116f,-0.5282203768418732f,-0.08229671109776193f,0f,0f,0f,1f], start_interpolation: 0, interpolation_duration: 1 }
$data merge entity $(bone_leg_left_0) { transformation: [-0.9963248905156892f,-0.05885022841228183f,-0.062236349143585584f,0.19520178678328545f,-0.05092189496385638f,0.9912121319280757f,-0.1220879606344899f,0.7231492602392002f,0.06887432868776296f,-0.11847008117841845f,-0.9905660839708721f,-0.04016523935816843f,0f,0f,0f,1f], start_interpolation: 0, interpolation_duration: 1 }
$data merge entity $(bone_leg_right_3) { transformation: [-0.9554486230637373f,0.016742744056592596f,0.2946822173241269f,-0.2922953757706652f,0.04974533129072041f,0.9932423686297184f,0.10485704160237835f,0.036665640204021605f,-0.290935268917993f,0.11484458054380203f,-0.9498249268256407f,0.11777287359018151f,0f,0f,0f,1f], start_interpolation: 0, interpolation_duration: 1 }
$data merge entity $(bone_leg_right_2) { transformation: [-0.9809974224487289f,0.195673894504748f,0.2267553387662339f,-0.2381544213330306f,0.036420124895861244f,0.8487155646809597f,-0.5748196797879696f,0.2166790018621951f,-0.2972874554235589f,-0.5417156235316821f,-0.8186736538878976f,-0.033339729269809104f,0f,0f,0f,1f], start_interpolation: 0, interpolation_duration: 1 }
$data merge entity $(bone_leg_right_1) { transformation: [-0.9824675031635843f,-0.11256818628866445f,-0.14861362206471224f,-0.2804202249463019f,-0.18177588792386096f,0.7554644658588677f,0.6294687977922871f,0.38491024402664653f,0.04141414971968568f,0.6454470111947656f,-0.7626814695157733f,0.1832826072158259f,0f,0f,0f,1f], start_interpolation: 0, interpolation_duration: 1 }
$data merge entity $(bone_leg_right_0) { transformation: [-0.9965276913643999f,-0.08247580578924638f,0.011414981531038704f,-0.19786027745990656f,-0.06574925162455819f,0.6953805834212634f,-0.7156276127368995f,0.7238408566220866f,0.051084207488713916f,-0.7138932592902932f,-0.6983887299241964f,-0.04610172852045839f,0f,0f,0f,1f], start_interpolation: 0, interpolation_duration: 1 }
$data merge entity $(bone_tail_4) { transformation: [-1.432757534613252f,0.4445671546436026f,-2.318453627662423f,-0.9584206900031216f,2.3599079431840098f,0.3396251396464627f,-1.3932518063211472f,0.2183791049318822f,0.06084141932906744f,-2.7041960249087365f,-0.5561326390006368f,-1.099749380000759f,0f,0f,0f,1f], start_interpolation: 0, interpolation_duration: 1 }
$data merge entity $(bone_tail_3) { transformation: [-1.0362931645317381f,0.6518138591201501f,-1.6843932724420796f,-0.6791883466077191f,1.6411478787746039f,1.1506590368808267f,-0.5644138081962132f,0.30282272736537447f,0.7541058567488121f,-1.6084365079007097f,-1.0863709692889232f,-0.8998011955454168f,0f,0f,0f,1f], start_interpolation: 0, interpolation_duration: 1 }
$data merge entity $(bone_tail_2) { transformation: [-1.3657498871474045f,-0.44461953129422893f,-1.3250715426539537f,-0.43397613638784754f,0.8233580756021004f,1.2411313644549944f,-1.265088254039878f,0.538904029472688f,1.1294169292605967f,-1.442456336795177f,-0.6800816063839543f,-0.772883605261243f,0f,0f,0f,1f], start_interpolation: 0, interpolation_duration: 1 }
$data merge entity $(bone_tail_1) { transformation: [-0.8680772062254125f,-0.6576926274286111f,-1.0495421010411794f,-0.19925743650467082f,0.28099812848002564f,1.1436529496737549f,-0.9490807302296491f,0.7288871801346329f,1.2062911198473636f,-0.7396989850801278f,-0.5341941553862442f,-0.6500413837389176f,0f,0f,0f,1f], start_interpolation: 0, interpolation_duration: 1 }
$data merge entity $(bone_tail_0) { transformation: [-1.0740395318015534f,0.04568466275785028f,-0.691511180170089f,0.003920654848621759f,0.31647412974835f,1.1670123431785626f,-0.41444183265318785f,0.8781588028512142f,0.6165378544027549f,-0.5194524223079627f,-0.9919102639003516f,-0.3727174627613486f,0f,0f,0f,1f], start_interpolation: 0, interpolation_duration: 1 }
$data merge entity $(bone_body_1) { transformation: [-1.236224599411598f,-0.006285473137226753f,0.017715182565408605f,0.00022549427296150607f,0.002175148759355034f,1.109537015348693f,0.5454607917671432f,0.6766116176470589f,-0.018670929108087587f,0.5454289132919204f,-1.1093977158835715f,-0.1515365419484691f,0f,0f,0f,1f], start_interpolation: 0, interpolation_duration: 1 }