# This file was generated by Animated Java via MC-Build. It is not recommended to edit this file directly.
$data merge entity $(bone_head_lower) { transformation: [-1.0670742413760075f,0.24724370198702653f,0.4644490548548153f,-0.053278899086058776f,0.5259446794250432f,0.5311298869788068f,0.9256203577484307f,0.4043013633594307f,-0.014985556788766799f,1.0355005573738691f,-0.5856652952857119f,0.8379995288648823f,0f,0f,0f,1f], start_interpolation: 0, interpolation_duration: 1 }
$data merge entity $(bone_head_upper) { transformation: [-1.110717133234019f,0.547565155181637f,0.011106043386633783f,-0.04056264525811478f,0.547455597669911f,1.1107534899762472f,-0.012749373077234888f,0.42853407705155355f,-0.015598459817445367f,-0.0065252406003041144f,-1.2382881743418312f,0.7524838396648663f,0f,0f,0f,1f], start_interpolation: 0, interpolation_duration: 1 }
$data merge entity $(bone_neck_0) { transformation: [-0.9778622807089437f,0.20326084783835274f,0.049702994907117576f,-0.04033208933935719f,0.2031179271653633f,0.9791219011125664f,-0.007963066354137696f,0.4120605534615087f,-0.05028387048298025f,0.002308787072950555f,-0.9987322974008113f,0.6878827087243522f,0f,0f,0f,1f], start_interpolation: 0, interpolation_duration: 1 }
$data merge entity $(bone_neck_1) { transformation: [-0.9960527894247603f,0.0714541957625019f,0.05266059805099006f,-0.03554186496598554f,0.07546990335020137f,0.9940384245372439f,0.07868865376803408f,0.4233059259912819f,-0.04672402345116638f,0.08235234332700153f,-0.9955073868038782f,0.6039295539792765f,0f,0f,0f,1f], start_interpolation: 0, interpolation_duration: 1 }
$data merge entity $(bone_neck_2) { transformation: [-0.996655481822911f,0.04356589208250821f,0.06913655761893482f,-0.029058446682214398f,0.06344450732175798f,0.9457489468829002f,0.3186435688360659f,0.46048096573116304f,-0.05150383522651923f,0.32196419446413677f,-0.9453498888982951f,0.5242620442790445f,0f,0f,0f,1f], start_interpolation: 0, interpolation_duration: 1 }
$data merge entity $(bone_body_0) { transformation: [-0.9976358387279728f,0.04922842608291678f,0.0479509681959918f,-0.0059903728936018105f,0.05745204545815967f,0.9803195042565449f,0.18887279329452286f,0.5588347736153206f,-0.03770935902674259f,0.19118114875583517f,-0.980830144623518f,0.06382171464935818f,0f,0f,0f,1f], start_interpolation: 0, interpolation_duration: 1 }
$data merge entity $(bone_leg_left_3) { transformation: [-0.9490315054202835f,0.009166889907569621f,-0.31504788500977626f,0.3838809838922679f,0.011232161001243149f,0.999925680625648f,-0.004740441390487682f,0.009003051884470065f,0.3149810157437315f,-0.008037496796702154f,-0.949063937975883f,-0.28587878795830685f,0f,0f,0f,1f], start_interpolation: 0, interpolation_duration: 1 }
$data merge entity $(bone_leg_left_2) { transformation: [-0.9352221203384906f,-0.33319674770229385f,-0.2576852973122177f,0.29679879259964265f,-0.29841261241278755f,0.9669674124297092f,-0.16729057221691354f,0.22876877290379616f,0.2972737759763675f,-0.07756384544554816f,-0.9786083749371586f,-0.3337410057354425f,0f,0f,0f,1f], start_interpolation: 0, interpolation_duration: 1 }
$data merge entity $(bone_leg_left_1) { transformation: [-0.9990611791327746f,0.03997728000568877f,-0.01669063908833461f,0.328441506990203f,0.007282930198188519f,0.5347792982807562f,0.8449603902302582f,0.3290930217905285f,0.04270502637346802f,0.8440455670244877f,-0.5345683880559651f,-0.07693919621869458f,0f,0f,0f,1f], start_interpolation: 0, interpolation_duration: 1 }
$data merge entity $(bone_leg_left_0) { transformation: [-0.9975170064598645f,-0.056230396028034965f,-0.042402410142362595f,0.1938285338481275f,-0.050782934634845164f,0.9914597903549338f,-0.12011901456149032f,0.7222459789922075f,0.04879462442958066f,-0.11766744100166726f,-0.9918535466261617f,-0.036722554515555964f,0f,0f,0f,1f], start_interpolation: 0, interpolation_duration: 1 }
$data merge entity $(bone_leg_right_3) { transformation: [-0.9514077017749898f,0.013139020169949056f,0.3076536220365462f,-0.2882648884173281f,0.04617605435366865f,0.9938798996864404f,0.10035196561900483f,0.036426352315772154f,-0.30445222450749043f,0.1096818633514427f,-0.9461916993105552f,0.12436222830483712f,0f,0f,0f,1f], start_interpolation: 0, interpolation_duration: 1 }
$data merge entity $(bone_leg_right_2) { transformation: [-0.9767169397815147f,0.1933022945525319f,0.24641518209163546f,-0.23407581391520926f,0.020172613467992276f,0.8441733013114354f,-0.5822599956372734f,0.2151761859280907f,-0.31253685336356507f,-0.5496070048447099f,-0.807660234885885f,-0.0282258225189016f,0f,0f,0f,1f], start_interpolation: 0, interpolation_duration: 1 }
$data merge entity $(bone_leg_right_1) { transformation: [-0.9808568984240219f,-0.1309303838283104f,-0.1441422193688566f,-0.281535123012541f,-0.1924571429740795f,0.7645632268948452f,0.6151449586872966f,0.3864262359713574f,0.029664674821459805f,0.6311103759808679f,-0.7751256029812358f,0.18492769023645553f,0f,0f,0f,1f], start_interpolation: 0, interpolation_duration: 1 }
$data merge entity $(bone_leg_right_0) { transformation: [-0.9964559393781891f,-0.07944774543259564f,0.027633614016419224f,-0.1991149016759677f,-0.07468993622785174f,0.6845749112480918f,-0.7251059262728077f,0.7229253681387231f,0.03869075217943427f,-0.724600059781494f,-0.6880826833022647f,-0.04805840318951071f,0f,0f,0f,1f], start_interpolation: 0, interpolation_duration: 1 }
$data merge entity $(bone_tail_4) { transformation: [-0.9615587066473342f,-0.6370594107652692f,-2.5090279975373155f,-0.9781696831625484f,2.492131225901582f,0.4962082105039506f,-1.081073862562012f,0.29395834377228214f,0.7002486259586559f,-2.6407563406311985f,0.40214318701072027f,-1.0587492774906102f,0f,0f,0f,1f], start_interpolation: 0, interpolation_duration: 1 }
$data merge entity $(bone_tail_3) { transformation: [-0.7314434768312877f,0.2588600613909681f,-1.9323372984192135f,-0.6530498341119504f,1.6055195938048943f,1.2507993940172972f,-0.44017409723764417f,0.3563555503861604f,1.1060030742063829f,-1.6445175190879155f,-0.6389560668022517f,-0.9343130456492893f,0f,0f,0f,1f], start_interpolation: 0, interpolation_duration: 1 }
$data merge entity $(bone_tail_2) { transformation: [-1.2123916537019575f,-0.6746834439175893f,-1.3761114066601259f,-0.398290769045192f,0.6815831760033529f,1.3342093042032805f,-1.254632927102329f,0.5904105434758673f,1.3727070799066319f,-1.258356729263875f,-0.5924419715831317f,-0.823463765339361f,0f,0f,0f,1f], start_interpolation: 0, interpolation_duration: 1 }
$data merge entity $(bone_tail_1) { transformation: [-0.8554289055973149f,-0.7232873376019743f,-1.0162445890302334f,-0.1699475785078781f,0.08901572923601338f,1.1937222243766332f,-0.9245321524846416f,0.7746824835270827f,1.2441759672237531f,-0.5826996896291874f,-0.63256895615331f,-0.6814077325782377f,0f,0f,0f,1f], start_interpolation: 0, interpolation_duration: 1 }
$data merge entity $(bone_tail_0) { transformation: [-1.1264995466286907f,0.06970940505590226f,-0.5999792387042521f,0.007062511976821507f,0.21901722604733848f,1.230407447997516f,-0.26826234023954365f,0.8827668978406419f,0.562908467447338f,-0.33922533417040046f,-1.0963101506950927f,-0.36922653751698076f,0f,0f,0f,1f], start_interpolation: 0, interpolation_duration: 1 }
$data merge entity $(bone_body_1) { transformation: [-1.2358514986876028f,-0.014364029405810079f,0.0327008089668294f,0.00042755127213790615f,0.002136755621819902f,1.1002139915456455f,0.5640294337522296f,0.6775307352941177f,-0.035652524781124094f,0.5638505498114524f,-1.0997299895930384f,-0.15153405559200653f,0f,0f,0f,1f], start_interpolation: 0, interpolation_duration: 1 }