# This file was generated by Animated Java via MC-Build. It is not recommended to edit this file directly.
$data merge entity $(bone_head_lower) { transformation: [-1.1336641954645406f,0.06189783377557543f,0.17471999256638931f,-0.13567638568204066f,0.1853475078995374f,0.3912310037341574f,1.0640195152060725f,0.4300158119481938f,-0.0021723130388657808f,1.0782670752637433f,-0.3960913040764797f,0.8250486393898822f,0f,0f,0f,1f], start_interpolation: 0, interpolation_duration: 1 }
$data merge entity $(bone_head_upper) { transformation: [-1.1800305886989588f,0.19019300405153736f,0.032450003111043894f,-0.1295349495692832f,0.1929281437445002f,1.1654983088730642f,0.18463746944375642f,0.4689750795197629f,-0.0022611597370249584f,0.187453687563474f,-1.1809126021568088f,0.7478481568153154f,0f,0f,0f,1f], start_interpolation: 0, interpolation_duration: 1 }
$data merge entity $(bone_neck_0) { transformation: [-0.9450182593313414f,0.15035794739999514f,0.29040140699387396f,-0.11289228247282802f,0.19660791733211244f,0.97084481646795f,0.13713376382073547f,0.4620202451756252f,-0.2613155494276806f,0.18668912660080753f,-0.9470276414320427f,0.683665696863557f,0f,0f,0f,1f], start_interpolation: 0, interpolation_duration: 1 }
$data merge entity $(bone_neck_1) { transformation: [-0.9401639353427279f,0.21199920570413766f,0.266736033302007f,-0.08931958570093271f,0.21265338345507445f,0.9767606262983972f,-0.026780915187335413f,0.46425136427002445f,-0.2662147876921636f,0.03154386935645212f,-0.9633974626913026f,0.6021986058450475f,0f,0f,0f,1f], start_interpolation: 0, interpolation_duration: 1 }
$data merge entity $(bone_neck_2) { transformation: [-0.9509027229712593f,0.13741938277416188f,0.27730835667864884f,-0.06367987219873468f,0.20173050740357792f,0.9547280730894644f,0.21863007304022192f,0.4927523829344873f,-0.23471006333035516f,0.26383748727738865f,-0.9355752062119937f,0.5228183348657054f,0f,0f,0f,1f], start_interpolation: 0, interpolation_duration: 1 }
$data merge entity $(bone_body_0) { transformation: [-0.9831937322089627f,0.15123202860252985f,0.10226904942246226f,-0.01404017860238871f,0.16297745182228227f,0.9795026186960953f,0.11837639192426386f,0.5578737193582768f,-0.08227049983150761f,0.13305447565660794f,-0.9876882460398216f,0.05859207853678389f,0f,0f,0f,1f], start_interpolation: 0, interpolation_duration: 1 }
$data merge entity $(bone_leg_left_3) { transformation: [-0.9756010963834123f,-0.0002568547997082865f,-0.21955052894742824f,0.4210725675374808f,0.0022117262043009293f,0.9999370749317883f,-0.010997929080355268f,0.013140916135719355f,0.21953953858628947f,-0.011215177326782871f,-0.9755391385253838f,-0.21852239687266617f,0f,0f,0f,1f], start_interpolation: 0, interpolation_duration: 1 }
$data merge entity $(bone_leg_left_2) { transformation: [-0.9483330515554587f,-0.3561383302572747f,-0.16091026241283107f,0.3316131686935666f,-0.31442083042844804f,0.9461179674946948f,-0.24096168259100245f,0.22574505971766967f,0.23209085337619614f,-0.17346031478687643f,-0.9839245674714302f,-0.28900335994984444f,0f,0f,0f,1f], start_interpolation: 0, interpolation_duration: 1 }
$data merge entity $(bone_leg_left_1) { transformation: [-0.9984372828907693f,-0.05566776765330475f,0.004908337620366705f,0.33611415853085624f,-0.028964033075824274f,0.5905947482211973f,0.8064483419051237f,0.34399703767134715f,-0.047792017342652385f,0.8050459260303342f,-0.5912841787670979f,-0.037986236111064844f,0f,0f,0f,1f], start_interpolation: 0, interpolation_duration: 1 }
$data merge entity $(bone_leg_left_0) { transformation: [-0.9954384934326229f,-0.07967581162893903f,0.05247828916665924f,0.1848135517210468f,-0.08673364301962314f,0.9848908126445038f,-0.14989116830885385f,0.7328142490364994f,-0.03974268437252644f,-0.15375907195908278f,-0.9873088001376f,-0.02260504338543115f,0f,0f,0f,1f], start_interpolation: 0, interpolation_duration: 1 }
$data merge entity $(bone_leg_right_3) { transformation: [-0.935266249630033f,-0.014418959138283588f,0.3536511500339579f,-0.2632978356990854f,0.0014995424978350713f,0.9989994821161502f,0.04469660058617814f,0.029752324684512138f,-0.3539417941911773f,0.042333536930330706f,-0.9343088771791148f,0.13297674563655934f,0f,0f,0f,1f], start_interpolation: 0, interpolation_duration: 1 }
$data merge entity $(bone_leg_right_2) { transformation: [-0.9530806231833775f,0.14684841191423906f,0.3494782813442701f,-0.21678865126010072f,-0.05216876882275614f,0.8858045177742606f,-0.5144812682216149f,0.22041322952519296f,-0.3754702981230295f,-0.49583071678716045f,-0.8156201045943069f,-0.007224492568275925f,0f,0f,0f,1f], start_interpolation: 0, interpolation_duration: 1 }
$data merge entity $(bone_leg_right_1) { transformation: [-0.9679593844755746f,-0.21669008144856783f,-0.1268859275391871f,-0.28820453716662753f,-0.2498858431514806f,0.7814596985120531f,0.571732284372611f,0.3974122398832687f,-0.024732476587281463f,0.5851206270533144f,-0.8105690324695335f,0.1942314759017929f,0f,0f,0f,1f], start_interpolation: 0, interpolation_duration: 1 }
$data merge entity $(bone_leg_right_0) { transformation: [-0.9914289967912353f,-0.06090838889894164f,0.11557989653594586f,-0.2062490498783467f,-0.12836907283393323f,0.6186226099501084f,-0.7751306003495617f,0.7183302513936473f,-0.0242883811992691f,-0.7833238376433154f,-0.6211391469859775f,-0.05993816539318565f,0f,0f,0f,1f], start_interpolation: 0, interpolation_duration: 1 }
$data merge entity $(bone_tail_4) { transformation: [-0.6691415601817942f,2.2601779422127874f,-1.4385779692363727f,-0.5826098998989754f,-2.3472408732581176f,0.22029766434948925f,1.437911872678097f,1.748733803835395f,1.291654437898908f,1.571217979854142f,1.8677698478236344f,-0.6731591758614988f,0f,0f,0f,1f], start_interpolation: 0, interpolation_duration: 1 }
$data merge entity $(bone_tail_3) { transformation: [-0.839613481411769f,1.5843361658897492f,-1.0587132006968758f,-0.41859523807175686f,-1.5055889431994018f,0.15756307534954214f,1.4297976561201058f,1.5047510798929309f,1.167988297026884f,1.3420127856263544f,1.0820122676144086f,-0.8697611203027584f,0f,0f,0f,1f], start_interpolation: 0, interpolation_duration: 1 }
$data merge entity $(bone_tail_2) { transformation: [-1.0186567152341814f,1.0826641520945626f,-1.2684442066092017f,-0.18328984806656415f,-0.804005249188899f,0.9833808839747292f,1.4850291146346437f,1.2283268916477388f,1.4610571278316877f,1.2959838910284414f,-0.06716917752791984f,-0.8558857624107468f,0f,0f,0f,1f], start_interpolation: 0, interpolation_duration: 1 }
$data merge entity $(bone_tail_1) { transformation: [-1.2469032355108178f,0.26933105295307874f,-0.8126188252728587f,-0.010524380849762007f,-0.5027373268574953f,0.9316956378049542f,1.0802104742499954f,0.9849689339630874f,0.6929240589392425f,1.1606292570887597f,-0.6785663019431184f,-0.7247153588597033f,0f,0f,0f,1f], start_interpolation: 0, interpolation_duration: 1 }
$data merge entity $(bone_tail_0) { transformation: [-1.275581526611028f,-0.001994761374713186f,-0.08199699067505516f,0.013388908467536587f,-0.027391622101446956f,1.2148347632141634f,0.39656262268280745f,0.898400245516844f,0.07731225382407797f,0.39750249759903805f,-1.212373827000235f,-0.3608391050652221f,0f,0f,0f,1f], start_interpolation: 0, interpolation_duration: 1 }
$data merge entity $(bone_body_1) { transformation: [-1.2299360635015566f,-0.09718862273357536f,0.08010147542770814f,0.0013127809131569476f,-0.04555380895988741f,1.076397079633926f,0.6065465954904468f,0.6848836764705883f,-0.11741688653592827f,0.6004400832913775f,-1.074378693101042f,-0.15150500919683013f,0f,0f,0f,1f], start_interpolation: 0, interpolation_duration: 1 }