# This file was generated by Animated Java via MC-Build. It is not recommended to edit this file directly.
$data merge entity $(bone_head_lower) { transformation: [-1.1299863287305538f,0.0808319329271825f,0.1561876984431103f,-0.13274334506069896f,0.17572249085800368f,0.5597887320861727f,0.9816087220882208f,0.442043964870496f,-0.0070714024322823255f,0.993931725870679f,-0.5655503701873335f,0.828246223842185f,0f,0f,0f,1f], start_interpolation: 0, interpolation_duration: 1 }
$data merge entity $(bone_head_upper) { transformation: [-1.1762022987479965f,0.18130829898322134f,0.025245846221673952f,-0.12729685983747294f,0.18290946751639153f,1.1706219114584495f,0.11467504836687459f,0.47629214650879453f,-0.007360619845344993f,0.11719019048062759f,-1.184556533113686f,0.7492152069951561f,0f,0f,0f,1f], start_interpolation: 0, interpolation_duration: 1 }
$data merge entity $(bone_neck_0) { transformation: [-0.9465338463494508f,0.1484004539289262f,0.28644542759241803f,-0.11087773027318636f,0.19053089965664294f,0.9736701299242094f,0.12515771797777248f,0.46851902208684343f,-0.2603298945394953f,0.17304272121953604f,-0.9498866051492639f,0.6850690693454976f,0f,0f,0f,1f], start_interpolation: 0, interpolation_duration: 1 }
$data merge entity $(bone_neck_1) { transformation: [-0.9418878469206642f,0.20825023224601752f,0.26358893108898845f,-0.08758890541655014f,0.20599649479669915f,0.9778723959514786f,-0.03648316553683986f,0.4699333550184244f,-0.265353967286395f,0.019935345635196083f,-0.9639449434691675f,0.6035021205016993f,0f,0f,0f,1f], start_interpolation: 0, interpolation_duration: 1 }
$data merge entity $(bone_neck_2) { transformation: [-0.9524661856084755f,0.1344731934402737f,0.273358968242156f,-0.062324032996749254f,0.19531812835912132f,0.9581687805511264f,0.20919707624978212f,0.49764165909306063f,-0.23379263035162404f,0.2526451033033138f,-0.9388884160378841f,0.5237220070581893f,0f,0f,0f,1f], start_interpolation: 0, interpolation_duration: 1 }
$data merge entity $(bone_body_0) { transformation: [-0.9841190024258254f,0.14694735314825347f,0.09958044219183236f,-0.01399228679546834f,0.15774023256442332f,0.9812307599617713f,0.11092436493109281f,0.559267345845802f,-0.08141135114294587f,0.12487061747091299f,-0.9888273463034449f,0.058880935567606624f,0f,0f,0f,1f], start_interpolation: 0, interpolation_duration: 1 }
$data merge entity $(bone_leg_left_3) { transformation: [-0.9768005068719028f,-0.0033330777728439176f,-0.2141253379853817f,0.42551701428880634f,-0.0011108414790454019f,0.9999442807098794f,-0.0104976905464782f,0.01552000914186416f,0.21414839669257907f,-0.010016290139635509f,-0.976749782762114f,-0.2118333806235379f,0f,0f,0f,1f], start_interpolation: 0, interpolation_duration: 1 }
$data merge entity $(bone_leg_left_2) { transformation: [-0.9475124234444531f,-0.3609884304711266f,-0.1548217038567474f,0.33511650096254464f,-0.3182349891202147f,0.9424999985845806f,-0.24996488527074426f,0.22699665293160598f,0.23023661441823412f,-0.18287510829730816f,-0.982654565779436f,-0.28447254628360474f,0f,0f,0f,1f], start_interpolation: 0, interpolation_duration: 1 }
$data merge entity $(bone_leg_left_1) { transformation: [-0.9980202565356249f,-0.06282856721111907f,0.0028528383696717827f,0.3377728359665928f,-0.035257863945888326f,0.5964743975378711f,0.8018573290254362f,0.3472147835478445f,-0.052081192138225936f,0.8001692722318394f,-0.5975087323223234f,-0.03436470831116349f,0f,0f,0f,1f], start_interpolation: 0, interpolation_duration: 1 }
$data merge entity $(bone_leg_left_0) { transformation: [-0.9947123394439168f,-0.08487058590442378f,0.05783031563332322f,0.1840813375503953f,-0.09295762505418717f,0.9834263916504735f,-0.15566442159213612f,0.7352032971360926f,-0.04366052796628919f,-0.16021708976750576f,-0.986115734812165f,-0.02207181594936114f,0f,0f,0f,1f], start_interpolation: 0, interpolation_duration: 1 }
$data merge entity $(bone_leg_right_3) { transformation: [-0.9349654076486558f,-0.017155108490438553f,0.354323847282489f,-0.2608279759168126f,-0.004044179034146382f,0.9992805365232903f,0.03771013049122557f,0.028963103503492876f,-0.35471584559520747f,0.03382471845273499f,-0.9343621125159511f,0.13079857478364f,0f,0f,0f,1f], start_interpolation: 0, interpolation_duration: 1 }
$data merge entity $(bone_leg_right_2) { transformation: [-0.9520318426557041f,0.13921082001171695f,0.3554123206389233f,-0.21591734172280908f,-0.05553503326672194f,0.8943724578455247f,-0.49907511080809686f,0.22210252435456088f,-0.37764193378164923f,-0.4824732673835052f,-0.8225985142283181f,-0.006501356445847789f,0f,0f,0f,1f], start_interpolation: 0, interpolation_duration: 1 }
$data merge entity $(bone_leg_right_1) { transformation: [-0.9668840051273315f,-0.22113801484394863f,-0.12740996436624596f,-0.2884923823349408f,-0.2537635280004851f,0.7798211039771135f,0.5722614067440362f,0.39855109059988025f,-0.02719177238941104f,0.5856424029924695f,-0.8101133151180326f,0.19502321428904856f,0f,0f,0f,1f], start_interpolation: 0, interpolation_duration: 1 }
$data merge entity $(bone_leg_right_0) { transformation: [-0.9907893178147319f,-0.06005499386314753f,0.12136690412264678f,-0.20674730207941566f,-0.1325469687884222f,0.6135203403120939f,-0.7784754929272559f,0.7182238678513072f,-0.027709723369594416f,-0.7873920178255748f,-0.6158295068404492f,-0.060778145955244334f,0f,0f,0f,1f], start_interpolation: 0, interpolation_duration: 1 }
$data merge entity $(bone_tail_4) { transformation: [-0.7704324170848266f,2.2234398256681094f,-1.4451334069689894f,-0.5612295090278814f,-2.457060528329353f,-0.03247724820221428f,1.2599444908705684f,1.7587662757384364f,0.9974711937849201f,1.6373521006741891f,1.9874080224219455f,-0.6606612936849068f,0f,0f,0f,1f], start_interpolation: 0, interpolation_duration: 1 }
$data merge entity $(bone_tail_3) { transformation: [-0.9182401830171212f,1.4983325615731522f,-1.1170407455714249f,-0.3864830382469061f,-1.5705662703427121f,0.05592589452619207f,1.366067132621115f,1.5265844930815484f,1.0129669702408424f,1.4449281488349266f,1.1054528881639447f,-0.86224500876782f,0f,0f,0f,1f], start_interpolation: 0, interpolation_duration: 1 }
$data merge entity $(bone_tail_2) { transformation: [-1.101218815075935f,1.0208281715882432f,-1.2506001920747236f,-0.1545705757519134f,-0.879164420775127f,0.8904373546717008f,1.5009880458055544f,1.2471158821333415f,1.3539427305350349f,1.408476139840447f,-0.04251965350593823f,-0.8530043809033822f,0f,0f,0f,1f], start_interpolation: 0, interpolation_duration: 1 }
$data merge entity $(bone_tail_1) { transformation: [-1.2925432924131937f,0.2366714249995589f,-0.7489824589577119f,0.004943888866749176f,-0.49395904276680525f,0.8764385961594727f,1.1293874894078275f,0.9938426531803397f,0.6107311612375481f,1.2097513272365905f,-0.6716884880230903f,-0.7238359479486935f,0f,0f,0f,1f], start_interpolation: 0, interpolation_duration: 1 }
$data merge entity $(bone_tail_0) { transformation: [-1.2778799121885454f,-0.008997041781814926f,-0.02788727036122745f,0.012876082781748389f,-0.01775550960684698f,1.2054661609906976f,0.42470200513887246f,0.8988249020999846f,0.02331069470490065f,0.4249777694533609f,-1.20527433539707f,-0.3613713033554481f,0f,0f,0f,1f], start_interpolation: 0, interpolation_duration: 1 }
$data merge entity $(bone_body_1) { transformation: [-1.2292002266746636f,-0.10594781621264701f,0.08028983770675427f,0.0013461574764084272f,-0.05340222340264899f,1.077394442127214f,0.6041307918532981f,0.6858027941176471f,-0.12173578083233925f,0.597160674667556f,-1.0757249292230706f,-0.15150333500332946f,0f,0f,0f,1f], start_interpolation: 0, interpolation_duration: 1 }