# This file was generated by Animated Java via MC-Build. It is not recommended to edit this file directly.
$data merge entity $(bone_head_lower) { transformation: [-1.1238389202629357f,0.08216663806584676f,0.12115762186358509f,-0.11941720842052171f,0.14619048088425976f,0.580759848889962f,0.9621802251452592f,0.45115348486661094f,0.0076726166014082775f,0.96974794970173f,-0.5864933839765142f,0.831252261769982f,0f,0f,0f,1f], start_interpolation: 0, interpolation_duration: 1 }
$data merge entity $(bone_head_upper) { transformation: [-1.169803463835473f,0.15234858292628278f,0.003046742801482752f,-0.11614936729071035f,0.15216961063972564f,1.1667258726876746f,0.08517432102314579f,0.48327093703073865f,0.007986423423482292f,0.08485378391299446f,-1.1766034037683908f,0.7520481714065493f,0f,0f,0f,1f], start_interpolation: 0, interpolation_duration: 1 }
$data merge entity $(bone_neck_0) { transformation: [-0.9551330849961766f,0.12669085307443756f,0.26771293897187376f,-0.10058634940768664f,0.16058585116020674f,0.9810205172496155f,0.10867809872485096f,0.4743225749541354f,-0.24886336482664298f,0.14679295787798483f,-0.9573499115603413f,0.6878418201255773f,0f,0f,0f,1f], start_interpolation: 0, interpolation_duration: 1 }
$data merge entity $(bone_neck_1) { transformation: [-0.9519011786022225f,0.17719206369194526f,0.24997423615302788f,-0.07859394900525485f,0.17199004568529483f,0.9841734594465847f,-0.0426851953973654f,0.47524054276677696f,-0.2535814866287961f,0.002360992488487673f,-0.96731114712568f,0.6059087468024966f,0f,0f,0f,1f], start_interpolation: 0, interpolation_duration: 1 }
$data merge entity $(bone_neck_2) { transformation: [-0.9615609473253931f,0.10710926838836822f,0.2528401653298016f,-0.05539458754030936f,0.1609769272736926f,0.9658462507849754f,0.20304543513737588f,0.5024850841746663f,-0.22245667772447997f,0.2359419938669557f,-0.9459621567831729f,0.5253453867358184f,0f,0f,0f,1f], start_interpolation: 0, interpolation_duration: 1 }
$data merge entity $(bone_body_0) { transformation: [-0.9895740949554079f,0.11526774854715555f,0.08635077728692009f,-0.01359972063080142f,0.12424503846234303f,0.986461847778785f,0.10703360824692337f,0.562326904542813f,-0.07284422427808843f,0.1166463416560275f,-0.9904985360754395f,0.05963834326517492f,0f,0f,0f,1f], start_interpolation: 0, interpolation_duration: 1 }
$data merge entity $(bone_leg_left_3) { transformation: [-0.9783204697730769f,-0.009276898935039496f,-0.20688885317758263f,0.4331541123551119f,-0.007473765815472724f,0.9999269878443793f,-0.009495357023402456f,0.020486407399468026f,0.2069618352438964f,-0.007743263305317133f,-0.9783183738568252f,-0.20093463526345104f,0f,0f,0f,1f], start_interpolation: 0, interpolation_duration: 1 }
$data merge entity $(bone_leg_left_2) { transformation: [-0.9453874055803719f,-0.37007501390841396f,-0.14611412303879068f,0.3409079295789925f,-0.32527726598193696f,0.9358028425988845f,-0.2655747343401816f,0.22990861436254229f,0.22912780954311024f,-0.19844324973460054f,-0.9798892401845432f,-0.2771189713172993f,0f,0f,0f,1f], start_interpolation: 0, interpolation_duration: 1 }
$data merge entity $(bone_leg_left_1) { transformation: [-0.9972763779895014f,-0.07372147802326254f,-0.0022292559760148274f,0.3408597215389154f,-0.046589028727151344f,0.6062314901259103f,0.7939224412888068f,0.35342394604412636f,-0.057177690635436186f,0.7918639555237907f,-0.6080149567533797f,-0.02860871765492269f,0f,0f,0f,1f], start_interpolation: 0, interpolation_duration: 1 }
$data merge entity $(bone_leg_left_0) { transformation: [-0.9933982866711811f,-0.09449243985905106f,0.06504631310262954f,0.1829557355633248f,-0.10415139929916131f,0.9805899679137332f,-0.16611983882417536f,0.7398483607021611f,-0.048086693198725536f,-0.17179782779891867f,-0.9839579138869632f,-0.02155311465668608f,0f,0f,0f,1f], start_interpolation: 0, interpolation_duration: 1 }
$data merge entity $(bone_leg_right_3) { transformation: [-0.934946511257307f,-0.021823927066686316f,0.35411684130408f,-0.25658589233679174f,-0.013607667125077313f,0.9995777005129539f,0.025675903735771277f,0.02794717692089424f,-0.3545276469941436f,0.0191868925212878f,-0.934848656560073f,0.12616240062235168f,0f,0f,0f,1f], start_interpolation: 0, interpolation_duration: 1 }
$data merge entity $(bone_leg_right_2) { transformation: [-0.9510166352005163f,0.12532993488447686f,0.363210636538133f,-0.2146714443916424f,-0.05981972874149643f,0.9094805006372165f,-0.47045618129074085f,0.2254993609044072f,-0.37954072130125477f,-0.4573836747012575f,-0.8359492894258554f,-0.00569883599710852f,0f,0f,0f,1f], start_interpolation: 0, interpolation_duration: 1 }
$data merge entity $(bone_leg_right_1) { transformation: [-0.9652621503720339f,-0.22692887179953306f,-0.12950779205495025f,-0.2886761187094605f,-0.2595637895596156f,0.7760567343873049f,0.5747717670184954f,0.4006766096395054f,-0.029926914451856364f,0.588420965088688f,-0.8080007101701635f,0.1964140665214611f,0f,0f,0f,1f], start_interpolation: 0, interpolation_duration: 1 }
$data merge entity $(bone_leg_right_0) { transformation: [-0.9897649070572078f,-0.059416659741259786f,0.12975010328792913f,-0.2074819665399599f,-0.13906739139369834f,0.6056231458898941f,-0.7835054982662087f,0.7184163317877746f,-0.0320263861368848f,-0.7935302550675808f,-0.6076874565789487f,-0.06195825627467311f,0f,0f,0f,1f], start_interpolation: 0, interpolation_duration: 1 }
$data merge entity $(bone_tail_4) { transformation: [-0.8583488054371137f,1.9905698261984928f,-1.710710503513901f,-0.5293835701095213f,-2.568936364506511f,-0.26820817381113476f,0.9768785299191334f,1.7757057887342458f,0.5380191585071586f,1.8950877220142082f,1.9351587124962775f,-0.6994044595206124f,0f,0f,0f,1f], start_interpolation: 0, interpolation_duration: 1 }
$data merge entity $(bone_tail_3) { transformation: [-1.0522423995798267f,1.2273703599969168f,-1.312361786235782f,-0.31886629088544405f,-1.6405300341334774f,-0.03575750778441341f,1.2819236068453939f,1.5586888326672792f,0.7330707098752103f,1.6817339046598698f,0.9850502191690373f,-0.8828896615459689f,0f,0f,0f,1f], start_interpolation: 0, interpolation_duration: 1 }
$data merge entity $(bone_tail_2) { transformation: [-1.301841072548461f,0.7841595138014942f,-1.2284451773454337f,-0.09127706235473058f,-0.9642325009191914f,0.7716894306727732f,1.5144388339453758f,1.2766285900042829f,1.0928126010436423f,1.615042771726282f,-0.12716658168596673f,-0.8580572928545425f,0f,0f,0f,1f], start_interpolation: 0, interpolation_duration: 1 }
$data merge entity $(bone_tail_1) { transformation: [-1.3890387870882164f,0.11827772157279079f,-0.5867178866747175f,0.03485930649950393f,-0.43623998704999023f,0.8150547999907418f,1.197095065861804f,1.0094806563446705f,0.4097830787906225f,1.2686025002307073f,-0.714410088636266f,-0.7202230627355477f,0f,0f,0f,1f], start_interpolation: 0, interpolation_duration: 1 }
$data merge entity $(bone_tail_0) { transformation: [-1.2756420697688493f,-0.023312906574880485f,0.07765007924596763f,0.01160556662412868f,0.007207642483223216f,1.1867734533460925f,0.47471311010635836f,0.8993974096929912f,-0.08075318142158983f,0.47419510267826304f,-1.1842523569198717f,-0.36271382692587634f,0f,0f,0f,1f], start_interpolation: 0, interpolation_duration: 1 }
$data merge entity $(bone_body_1) { transformation: [-1.227970683986398f,-0.12029838759404445f,0.07887263320380057f,0.0013717343351386379f,-0.0674061522835552f,1.0800765513597717f,0.5979093985658349f,0.6876410294117647f,-0.12707873528074784f,0.5895485868029074f,-1.0792997979682895f,-0.1515020235296062f,0f,0f,0f,1f], start_interpolation: 0, interpolation_duration: 1 }