# This file was generated by Animated Java via MC-Build. It is not recommended to edit this file directly.
$data merge entity $(bone_head_lower) { transformation: [-1.100990769246259f,0.05888003407674382f,-0.00026054680471218963f,-0.07488597193388127f,0.029303420666554888f,0.5521621908103198f,0.9538898389435606f,0.45352032040000173f,0.05107089028747075f,0.9525217356520818f,-0.552939153559029f,0.835169408534955f,0f,0f,0f,1f], start_interpolation: 0, interpolation_duration: 1 }
$data merge entity $(bone_head_upper) { transformation: [-1.1460208329622772f,0.02965394163017313f,-0.05363731085874596f,-0.07827347305720933f,0.030501918362058376f,1.1471194705660184f,-0.017510573334057297f,0.4780809207646067f,0.05315966842069069f,-0.018911132912846747f,-1.1462706860333074f,0.7557403851082207f,0f,0f,0f,1f], start_interpolation: 0, interpolation_duration: 1 }
$data merge entity $(bone_neck_0) { transformation: [-0.9784948251437303f,0.03963493753222183f,0.20242763866072605f,-0.06551129560086554f,0.0509084362671998f,0.9974109972469505f,0.05079009438534325f,0.46515880307958324f,-0.19989049072872137f,0.060003119066099356f,-0.977979252038902f,0.6915930394468133f,0f,0f,0f,1f], start_interpolation: 0, interpolation_duration: 1 }
$data merge entity $(bone_neck_1) { transformation: [-0.9793606212253093f,0.036751703817677284f,0.1987513166237495f,-0.04850513996627821f,0.031251704652924456f,0.9990387187067806f,-0.030740355902303285f,0.46715713796472924f,-0.1996900211564478f,-0.023894576606661527f,-0.9795677335740116f,0.6085007162589866f,0f,0f,0f,1f], start_interpolation: 0, interpolation_duration: 1 }
$data merge entity $(bone_neck_2) { transformation: [-0.9846757272206123f,-0.020375897276973334f,0.17320085170898178f,-0.03353093911946095f,0.01673294329942874f,0.9775303913134409f,0.21012934746752837f,0.49513667826044394f,-0.17359067034577796f,0.2098074280590404f,-0.9622095002130014f,0.5262580933194166f,0f,0f,0f,1f], start_interpolation: 0, interpolation_duration: 1 }
$data merge entity $(bone_body_0) { transformation: [-0.9985922898665885f,-0.024599052653433644f,0.04699282102147877f,-0.011617735520456612f,-0.01825394069925176f,0.9912179089590932f,0.1309727094005118f,0.5663062146584664f,-0.049801930363705164f,0.12993053362207174f,-0.9902715911126261f,0.06078455669241997f,0f,0f,0f,1f], start_interpolation: 0, interpolation_duration: 1 }
$data merge entity $(bone_leg_left_3) { transformation: [-0.9776963791429445f,-0.015979808877646995f,-0.2094145074225036f,0.43952828261951693f,-0.014145721661518637f,0.9998473745426757f,-0.01025310581203659f,0.02700483279702126f,0.2095463881088166f,-0.007062105093514626f,-0.9777732037145409f,-0.1964137248317813f,0f,0f,0f,1f], start_interpolation: 0, interpolation_duration: 1 }
$data merge entity $(bone_leg_left_2) { transformation: [-0.9406617239712348f,-0.3814518252213899f,-0.14735068914473823f,0.34459929753313706f,-0.3329337517375429f,0.9290098558698844f,-0.27956753057405415f,0.23439928623157608f,0.23742964749610163f,-0.20856028440856317f,-0.9758032433631231f,-0.2748171720842315f,0f,0f,0f,1f], start_interpolation: 0, interpolation_duration: 1 }
$data merge entity $(bone_leg_left_1) { transformation: [-0.9970605200143104f,-0.07534924163837349f,-0.013885647745602504f,0.3447227893479499f,-0.057247440481329244f,0.6121961046257584f,0.7886308769249298f,0.3600279309406512f,-0.05092199904883562f,0.7871076300389735f,-0.6147101176548997f,-0.027368563201299448f,0f,0f,0f,1f], start_interpolation: 0, interpolation_duration: 1 }
$data merge entity $(bone_leg_left_0) { transformation: [-0.9925422911994969f,-0.10549272369336526f,0.06108261150448977f,0.1829219359214738f,-0.11468132368400255f,0.9779564015157161f,-0.17449776712759507f,0.7448759640268167f,-0.04132788620941272f,-0.18020144833542984f,-0.9827611326458099f,-0.022924035709340485f,0f,0f,0f,1f], start_interpolation: 0, interpolation_duration: 1 }
$data merge entity $(bone_leg_right_3) { transformation: [-0.9381092875415691f,-0.025805331451494495f,0.34537667769687186f,-0.2521004454684442f,-0.02109796045848398f,0.999626293302089f,0.017382456777436495f,0.02723172689631101f,-0.3456961681776969f,0.009019900653872093f,-0.9383031496800235f,0.1216501971144257f,0f,0f,0f,1f], start_interpolation: 0, interpolation_duration: 1 }
$data merge entity $(bone_leg_right_2) { transformation: [-0.9537948133493719f,0.11139156637655372f,0.36045744890168313f,-0.21351578680950542f,-0.060025385976345554f,0.9226872664263286f,-0.44396774760538105f,0.2286813191081644f,-0.372470947279009f,-0.43393816012835534f,-0.8514841549425278f,-0.005236988920519631f,0f,0f,0f,1f], start_interpolation: 0, interpolation_duration: 1 }
$data merge entity $(bone_leg_right_1) { transformation: [-0.9647677705037679f,-0.2243947061403766f,-0.137368718612948f,-0.28640524756018204f,-0.262003744204138f,0.7717162139432384f,0.5794895367132413f,0.40238057804518335f,-0.024024716859972456f,0.5950639469782124f,-0.8033191843759926f,0.19854985956576449f,0f,0f,0f,1f], start_interpolation: 0, interpolation_duration: 1 }
$data merge entity $(bone_leg_right_0) { transformation: [-0.9894507414154425f,-0.06523062774498636f,0.12935298804599085f,-0.20749805032659033f,-0.14237171608970908f,0.602936113179402f,-0.784983017575404f,0.7195697755482461f,-0.02678665283499411f,-0.795118235627954f,-0.6058625806251672f,-0.061203765580363625f,0f,0f,0f,1f], start_interpolation: 0, interpolation_duration: 1 }
$data merge entity $(bone_tail_4) { transformation: [-1.805739992439837f,0.11553094251980847f,-2.086052974548791f,0.08678867085399697f,-2.087957220650116f,-0.19676279537770572f,1.796491129588508f,1.9080418355020292f,-0.07347826915775078f,2.7520171393499053f,0.21601837950958128f,-1.1373422459315006f,0f,0f,0f,1f], start_interpolation: 0, interpolation_duration: 1 }
$data merge entity $(bone_tail_3) { transformation: [-1.8933523344880558f,-0.2562511764037704f,-0.8279479440911465f,0.22968566501262558f,-0.8646863032466203f,0.4231029261070755f,1.8464146438278073f,1.590817750256207f,-0.058992037689561544f,2.0226875128293447f,-0.49112186978174666f,-1.0738597110487007f,0f,0f,0f,1f], start_interpolation: 0, interpolation_duration: 1 }
$data merge entity $(bone_tail_2) { transformation: [-1.9432870538695441f,-0.20399608627296045f,-0.028193936424641405f,0.23344136086426928f,-0.1334989126527925f,1.0441774087187246f,1.6464037944698584f,1.2849046307592658f,-0.1568035126721462f,1.6391622893751374f,-1.0522991601759035f,-0.8779654997063012f,0f,0f,0f,1f], start_interpolation: 0, interpolation_duration: 1 }
$data merge entity $(bone_tail_1) { transformation: [-1.3534038648235307f,-0.1421903563953576f,0.6601031216627379f,0.0944256681083342f,0.38470025743896663f,1.0527914175034834f,1.0155255748416185f,1.053138037996628f,-0.5549413848390863f,1.0766003825836068f,-0.9058851613828928f,-0.6956592720408339f,0f,0f,0f,1f], start_interpolation: 0, interpolation_duration: 1 }
$data merge entity $(bone_tail_0) { transformation: [-1.2432357088105064f,-0.07155507077053153f,0.2882369871641895f,0.008469369886223932f,0.07869414154752798f,1.1168451534715755f,0.6166845642929438f,0.8998799382657263f,-0.28637025161242313f,0.6175536345922552f,-1.0818758265056858f,-0.364607341124239f,0f,0f,0f,1f], start_interpolation: 0, interpolation_duration: 1 }
$data merge entity $(bone_body_1) { transformation: [-1.227914965620227f,-0.12720393961591034f,0.06818056914047124f,0.0011864306538810542f,-0.07959082180772228f,1.0840672660553898f,0.5891248244705141f,0.6898970454545454f,-0.12039407521177335f,0.5807081155534461f,-1.084844664567475f,-0.1515109654398615f,0f,0f,0f,1f], start_interpolation: 0, interpolation_duration: 1 }