# This file was generated by Animated Java via MC-Build. It is not recommended to edit this file directly.
$data merge entity $(bone_head_lower) { transformation: [-1.0902621846165546f,0.058519280574422794f,-0.032248368497445834f,-0.06349674589781892f,0.0038745769516497705f,0.5816753475506955f,0.9245403573559025f,0.45267336703387134f,0.06670420618777206f,0.9226946290769152f,-0.5807936509846071f,0.8352399705524666f,0f,0f,0f,1f], start_interpolation: 0, interpolation_duration: 1 }
$data merge entity $(bone_head_upper) { transformation: [-1.1348534536914614f,0.00040305917137968767f,-0.06954824549482173f,-0.06863445909695819f,0.004033045534565184f,1.135431701334162f,-0.059228949109937895f,0.4740873500167843f,0.0694323804274327f,-0.059364732057475444f,-1.1333068672691724f,0.7558013152774541f,0f,0f,0f,1f], start_interpolation: 0, interpolation_duration: 1 }
$data merge entity $(bone_neck_0) { transformation: [-0.9823295762886497f,0.01533456476830794f,0.18653003691611936f,-0.05650457066030298f,0.019551655067452742f,0.9995926835570728f,0.020789414693376418f,0.45920005143205395f,-0.18613526353887277f,0.02406902786853669f,-0.9822292734208129f,0.691957988283474f,0f,0f,0f,1f], start_interpolation: 0, interpolation_duration: 1 }
$data merge entity $(bone_neck_1) { transformation: [-0.9829483587057962f,-0.009186707513851373f,0.18365219444002448f,-0.04098914136935877f,-0.014636333917626733f,0.9994911778962038f,-0.02834013121195597f,0.4614038012743497f,-0.18329839564773429f,-0.03054488030282812f,-0.9825826725727727f,0.6085796230735376f,0f,0f,0f,1f], start_interpolation: 0, interpolation_duration: 1 }
$data merge entity $(bone_neck_2) { transformation: [-0.9866941890765375f,-0.06274491744029842f,0.14999217505591528f,-0.02846301385046159f,-0.030277149849685565f,0.9773063823025401f,0.20965573998271808f,0.48933965681411656f,-0.15974314207368617f,0.2023247647870412f,-0.9662022656329754f,0.5259139439873398f,0f,0f,0f,1f], start_interpolation: 0, interpolation_duration: 1 }
$data merge entity $(bone_body_0) { transformation: [-0.9968201201369171f,-0.0693100801895136f,0.03931616556005113f,-0.010593717609035692f,-0.06314042122047912f,0.9880093612650699f,0.140892828989587f,0.5651539429465515f,-0.048610032897773554f,0.13796236746559448f,-0.9892438778506369f,0.061001278023945754f,0f,0f,0f,1f], start_interpolation: 0, interpolation_duration: 1 }
$data merge entity $(bone_leg_left_3) { transformation: [-0.9759245677976289f,-0.015352100065747498f,-0.2175673481765647f,0.4377598894627962f,-0.013679102929426862f,0.9998641700721148f,-0.009193668965525675f,0.026541929241885837f,0.21767893814528178f,-0.005996201261865258f,-0.976002010990946f,-0.20563273372236018f,0f,0f,0f,1f], start_interpolation: 0, interpolation_duration: 1 }
$data merge entity $(bone_leg_left_2) { transformation: [-0.9385687427119715f,-0.3826121910584331f,-0.1573493754618318f,0.34225466759761375f,-0.33408263752120415f,0.9310666400710521f,-0.27123034961886633f,0.23467168996581475f,0.24400759416796688f,-0.19693913400074073f,-0.9765948346105944f,-0.2813415665194521f,0f,0f,0f,1f], start_interpolation: 0, interpolation_duration: 1 }
$data merge entity $(bone_leg_left_1) { transformation: [-0.9976139313949887f,-0.06629684679798979f,-0.019265824438079532f,0.34513377813285484f,-0.05552228058785784f,0.6045663248272323f,0.7946174143845685f,0.3578757007994019f,-0.04103316030917209f,0.7937910852293176f,-0.606804740229923f,-0.03269348569675826f,0f,0f,0f,1f], start_interpolation: 0, interpolation_duration: 1 }
$data merge entity $(bone_leg_left_0) { transformation: [-0.9930833942590415f,-0.10587317144451479f,0.0507567100512002f,0.18396122437346937f,-0.11301736859133338f,0.9791373354204256f,-0.1688702246770573f,0.7429227672076661f,-0.03181896358513148f,-0.17343860571991898f,-0.984330535746148f,-0.024360231259212883f,0f,0f,0f,1f], start_interpolation: 0, interpolation_duration: 1 }
$data merge entity $(bone_leg_right_3) { transformation: [-0.9407481639553563f,-0.02450596089503604f,0.3382193813122437f,-0.2539257792638351f,-0.016854902608308464f,0.9995316898866328f,0.025540422283853614f,0.02484889491493128f,-0.338686882345169f,0.01832645063791949f,-0.940720647660253f,0.12093737787149f,0f,0f,0f,1f], start_interpolation: 0, interpolation_duration: 1 }
$data merge entity $(bone_leg_right_2) { transformation: [-0.9564873288280106f,0.11646300743496195f,0.35161137238626894f,-0.2144281813346089f,-0.054294075850580666f,0.9190772462966877f,-0.45211875449700634f,0.22519620262360987f,-0.3663964282299746f,-0.44022219700918847f,-0.8508938089687896f,-0.007405787578489836f,0f,0f,0f,1f], start_interpolation: 0, interpolation_duration: 1 }
$data merge entity $(bone_leg_right_1) { transformation: [-0.9663748052892485f,-0.216189600965207f,-0.1392185050080332f,-0.2850224707871819f,-0.2565031723400541f,0.7724710356849691f,0.5809428729292412f,0.39913299086332243f,-0.018051545132085123f,0.5971185438941722f,-0.801949865176152f,0.19698556657648758f,0f,0f,0f,1f], start_interpolation: 0, interpolation_duration: 1 }
$data merge entity $(bone_leg_right_0) { transformation: [-0.9904172448959896f,-0.06938840031087631f,0.11941076549011413f,-0.20682601033936235f,-0.1367702154430902f,0.6128203691229795f,-0.7782962825014815f,0.7190074084724168f,-0.01917261537422961f,-0.7871698959502154f,-0.6164381280626946f,-0.059671693397058426f,0f,0f,0f,1f], start_interpolation: 0, interpolation_duration: 1 }
$data merge entity $(bone_tail_4) { transformation: [-1.9097618437894222f,-0.02239803210987055f,-1.9944847354050195f,0.13587824365877577f,-1.986780008828184f,-0.22307488547174922f,1.9048895305482803f,1.9245244623104782f,-0.17656791363865604f,2.752343956563091f,0.13815877910549468f,-1.1413118910132731f,0f,0f,0f,1f], start_interpolation: 0, interpolation_duration: 1 }
$data merge entity $(bone_tail_3) { transformation: [-1.9393354006414696f,-0.3433132590547103f,-0.6760619320894117f,0.25387295382500114f,-0.7420469771726923f,0.47771849016009005f,1.8860267373164352f,1.6000491736683715f,-0.15585253777884003f,1.9974650375815945f,-0.5672644322989921f,-1.0646715695879578f,0f,0f,0f,1f], start_interpolation: 0, interpolation_duration: 1 }
$data merge entity $(bone_tail_2) { transformation: [-1.9339970689336667f,-0.27196423039754486f,0.06681818422430365f,0.23995680018392462f,-0.09216981275483037f,1.058401785607068f,1.6401415368325032f,1.2953341395163775f,-0.2644502561456527f,1.620060181786719f,-1.06030417542159f,-0.8673733876431469f,0f,0f,0f,1f], start_interpolation: 0, interpolation_duration: 1 }
$data merge entity $(bone_tail_1) { transformation: [-1.3425967901274627f,-0.13828008849721485f,0.6826190198526824f,0.09603781358693121f,0.41093822192330764f,1.0395922418421528f,1.0188395351889898f,1.0629906987338675f,-0.5623343195128185f,1.089854503053875f,-0.8852420715664427f,-0.6896642775191386f,0f,0f,0f,1f], start_interpolation: 0, interpolation_duration: 1 }
$data merge entity $(bone_tail_0) { transformation: [-1.2407787236839796f,-0.08072141245414256f,0.29629027828902943f,0.0075069563690122795f,0.08501864164244233f,1.0947647586919191f,0.654291731786002f,0.8982100713307951f,-0.29508592987544535f,0.6548357758107447f,-1.0573316023329256f,-0.36488505488676093f,0f,0f,0f,1f], start_interpolation: 0, interpolation_duration: 1 }
$data merge entity $(bone_body_1) { transformation: [-1.2290700035329192f,-0.11886090755509734f,0.0621579128270801f,0.0010622379499803068f,-0.07521650513181073f,1.0851282554521937f,0.5877446228008258f,0.688476590909091f,-0.11105853784197132f,0.5804940558961026f,-1.0859545327949722f,-0.15151623194927252f,0f,0f,0f,1f], start_interpolation: 0, interpolation_duration: 1 }