# This file was generated by Animated Java via MC-Build. It is not recommended to edit this file directly.
$data merge entity $(bone_head_lower) { transformation: [-1.0786428544217557f,0.056769243810874184f,-0.0643569930221351f,-0.051116863007526256f,-0.020978732118596525f,0.6124145173054907f,0.8918202334444999f,0.4527333695736619f,0.08321335465179727f,0.8902587763900154f,-0.6093847927680586f,0.835138910053398f,0f,0f,0f,1f], start_interpolation: 0, interpolation_duration: 1 }
$data merge entity $(bone_head_upper) { transformation: [-1.122758897733083f,-0.029662874026164823f,-0.08425804666912158f,-0.05793999923277032f,-0.021836753521108743f,1.1213033769416605f,-0.1037725398054941f,0.47075135625003534f,0.08661674618482468f,-0.10181207063277121f,-1.1183464081028816f,0.7557837801707268f,0f,0f,0f,1f], start_interpolation: 0, interpolation_duration: 1 }
$data merge entity $(bone_neck_0) { transformation: [-0.9851992404314078f,-0.01023852833442484f,0.1711070693773989f,-0.04639136228439987f,-0.012560233807990873f,0.9998430871900298f,-0.012491658216559405f,0.45371835272256f,-0.1709523242897429f,-0.014455916984263352f,-0.9851732483599414f,0.6923705163392173f,0f,0f,0f,1f], start_interpolation: 0, interpolation_duration: 1 }
$data merge entity $(bone_neck_1) { transformation: [-0.9843081704082698f,-0.05686546369319872f,0.16704413999443968f,-0.032502503255585014f,-0.06218460687478808f,0.9977052556682684f,-0.02678240989424488f,0.4560458344850944f,-0.1651378222435809f,-0.03674971905841984f,-0.9855855913180623f,0.6087091795817042f,0f,0f,0f,1f], start_interpolation: 0, interpolation_duration: 1 }
$data merge entity $(bone_neck_2) { transformation: [-0.9863889594624091f,-0.10634062839038884f,0.12541328240741914f,-0.022556500331911693f,-0.07869112724956386f,0.9749991216638055f,0.20780861206167728f,0.48379727824182756f,-0.14437633858378177f,0.19511120805413756f,-0.9700964330151906f,0.525631716997681f,0f,0f,0f,1f], start_interpolation: 0, interpolation_duration: 1 }
$data merge entity $(bone_body_0) { transformation: [-0.9929663317115508f,-0.11444932438450946f,0.030318579043810162f,-0.009357740599653308f,-0.10865090419204218f,0.9825870430450985f,0.1507238662526334f,0.5641932410110035f,-0.04704088759322159f,0.14636958354733187f,-0.9881108742983362f,0.06133312060192159f,0f,0f,0f,1f], start_interpolation: 0, interpolation_duration: 1 }
$data merge entity $(bone_leg_left_3) { transformation: [-0.9733818958591451f,-0.014075536400070393f,-0.228756560755548f,0.4347989369976445f,-0.01282448823572465f,0.9998935772541095f,-0.00695461483276924f,0.026449691918160656f,0.22883010578843901f,-0.003835810348636559f,-0.9734588174359617f,-0.2186768580019831f,0f,0f,0f,1f], start_interpolation: 0, interpolation_duration: 1 }
$data merge entity $(bone_leg_left_2) { transformation: [-0.9358595555882571f,-0.38329928399997776f,-0.1712038276439773f,0.33870959311111987f,-0.3354451462859247f,0.9343029301382405f,-0.2581022821848099f,0.2357374294774269f,0.2523997732725979f,-0.1795045768800813f,-0.977821384932718f,-0.29034660730248324f,0f,0f,0f,1f], start_interpolation: 0, interpolation_duration: 1 }
$data merge entity $(bone_leg_left_1) { transformation: [-0.9982245028750455f,-0.053661102690149176f,-0.025852038951417813f,0.3453829084855734f,-0.05269545812224248f,0.5932707953365384f,0.8032763858685492f,0.3553572606211551f,-0.027767436920885322f,0.8032124559908347f,-0.5950451411347009f,-0.04002691467159038f,0f,0f,0f,1f], start_interpolation: 0, interpolation_duration: 1 }
$data merge entity $(bone_leg_left_0) { transformation: [-0.9937173481071616f,-0.10569912885053567f,0.036790300774907574f,0.18534192913020536f,-0.11027719458073507f,0.9808234708986563f,-0.16069928216926038f,0.7407198082747415f,-0.019099016369253152f,-0.16374679567720007f,-0.986317501861939f,-0.0262475693545903f,0f,0f,0f,1f], start_interpolation: 0, interpolation_duration: 1 }
$data merge entity $(bone_leg_right_3) { transformation: [-0.9439995878578323f,-0.022153182381876774f,0.32920208783450655f,-0.2572157701331441f,-0.010371613328930336f,0.9992427427562969f,0.03750160910984962f,0.022343158701824906f,-0.32978357715507606f,0.031987146781607356f,-0.9435145015735446f,0.11946642007519201f,0f,0f,0f,1f], start_interpolation: 0, interpolation_duration: 1 }
$data merge entity $(bone_leg_right_2) { transformation: [-0.9598669762803697f,0.1246496570362565f,0.33938186508388785f,-0.21618257950989028f,-0.04551041880496887f,0.9134994477465389f,-0.464230287947328f,0.22100236225947517f,-0.3586730950702477f,-0.4494924042386106f,-0.8493364403492982f,-0.011001469365587296f,0f,0f,0f,1f], start_interpolation: 0, interpolation_duration: 1 }
$data merge entity $(bone_leg_right_1) { transformation: [-0.9686530197220252f,-0.2046944022869533f,-0.1407534335488443f,-0.28361794791703065f,-0.2481925158782503f,0.7733231590940254f,0.5834138896794123f,0.39520510425605265f,-0.010573667548510517f,0.6000595747767249f,-0.7998854319671974f,0.19422830778293657f,0f,0f,0f,1f], start_interpolation: 0, interpolation_duration: 1 }
$data merge entity $(bone_leg_right_0) { transformation: [-0.9916795330743459f,-0.07386982856501109f,0.10542747321843268f,-0.20589594111484266f,-0.12838980536467506f,0.627145964284661f,-0.7682473542810825f,0.7189117331249001f,-0.009368113997402325f,-0.7753909903456695f,-0.6314119499430566f,-0.05772523287378831f,0f,0f,0f,1f], start_interpolation: 0, interpolation_duration: 1 }
$data merge entity $(bone_tail_4) { transformation: [-2.08727172648433f,-0.11919026899390564f,-1.8040930550268988f,0.17185784685890287f,-1.778049889262185f,-0.36435531167768337f,2.0812124182185228f,1.9523088506119128f,-0.327866836861947f,2.734721232270196f,0.19865661493321277f,-1.1193563007217513f,0f,0f,0f,1f], start_interpolation: 0, interpolation_duration: 1 }
$data merge entity $(bone_tail_3) { transformation: [-1.9799926538572459f,-0.3832529920301048f,-0.5183548599326127f,0.26350210715699424f,-0.59578982949304f,0.44848653363811153f,1.9441810189029132f,1.6182588024969973f,-0.24618914636604183f,1.9969783422184848f,-0.5361099989426761f,-1.0479938572125498f,0f,0f,0f,1f], start_interpolation: 0, interpolation_duration: 1 }
$data merge entity $(bone_tail_2) { transformation: [-1.9272090893938527f,-0.28990829357023035f,0.14349976334367903f,0.2353317649363677f,-0.03113903788504717f,1.029133928567905f,1.6609297373437446f,1.3097174518042842f,-0.3219772679555008f,1.6357293215542612f,-1.0195558349253486f,-0.8583095123102104f,0f,0f,0f,1f], start_interpolation: 0, interpolation_duration: 1 }
$data merge entity $(bone_tail_1) { transformation: [-1.349343820893957f,-0.13161678159503507f,0.6705255594068449f,0.09394014998059119f,0.4170175618612157f,1.0171309545739184f,1.0388441771251729f,1.0733379932718865f,-0.5413167798199355f,1.1116554745289184f,-0.8711225515593435f,-0.6839253392813598f,0f,0f,0f,1f], start_interpolation: 0, interpolation_duration: 1 }
$data merge entity $(bone_tail_0) { transformation: [-1.2414194666323277f,-0.08513720655522697f,0.29234411317881404f,0.006455892947581622f,0.09006812417373351f,1.0696389265906283f,0.693971192711845f,0.8963557740634616f,-0.2908627811497365f,0.694593362598613f,-1.032847820232884f,-0.3653414254435381f,0f,0f,0f,1f], start_interpolation: 0, interpolation_duration: 1 }
$data merge entity $(bone_body_1) { transformation: [-1.2304873031936416f,-0.10721084380101942f,0.05487646769757504f,0.0009192940559112528f,-0.06858886017901353f,1.0868433839032496f,0.5853816038972588f,0.6870561363636364f,-0.09900080805141599f,0.5795531803842136f,-1.0876219684099617f,-0.15152157243997358f,0f,0f,0f,1f], start_interpolation: 0, interpolation_duration: 1 }