# This file was generated by Animated Java via MC-Build. It is not recommended to edit this file directly.
$data merge entity $(bone_head_lower) { transformation: [-1.0662538191855313f,0.05790495314816385f,-0.09216320675282202f,-0.03765121116220124f,-0.03909996872426276f,0.6431871090583222f,0.8564611972487404f,0.45437984962595535f,0.10157870211720624f,0.8553955847138172f,-0.637749486972806f,0.8349158549470983f,0f,0f,0f,1f], start_interpolation: 0, interpolation_duration: 1 }
$data merge entity $(bone_head_upper) { transformation: [-1.109863156117795f,-0.05435418979626129f,-0.09940602494577848f,-0.04606904286401052f,-0.04069914115343148f,1.1047940058872798f,-0.14968615672997795f,0.46885610352444507f,0.10573322870934077f,-0.14528588251723054f,-1.1010652377309755f,0.7557817847707894f,0f,0f,0f,1f], start_interpolation: 0, interpolation_duration: 1 }
$data merge entity $(bone_neck_0) { transformation: [-0.9873846705055883f,-0.0314752055672075f,0.1551799725643531f,-0.03520486460152754f,-0.03956113888787848f,0.9980003976354623f,-0.04929627378771682f,0.44948187951945195f,-0.1533180639731188f,-0.05481348149827371f,-0.9866554887627056f,0.6929220573677675f,0f,0f,0f,1f], start_interpolation: 0, interpolation_duration: 1 }
$data merge entity $(bone_neck_1) { transformation: [-0.9839712253629036f,-0.09963431010664273f,0.14789736950804716f,-0.0231350190635937f,-0.10480417755674566f,0.9941107934729004f,-0.027564735938058277f,0.45172652876001973f,-0.1442799779057393f,-0.0426231691718732f,-0.9886185075271784f,0.6089767345498256f,0f,0f,0f,1f], start_interpolation: 0, interpolation_duration: 1 }
$data merge entity $(bone_neck_2) { transformation: [-0.9844683523716841f,-0.1443314805914683f,0.09995242312648865f,-0.015791532556705692f,-0.121770474644006f,0.9714815892431209f,0.20345877534929296f,0.4790624553561164f,-0.12646744515311242f,0.18812747133774782f,-0.9739681924192954f,0.5254917016565183f,0f,0f,0f,1f], start_interpolation: 0, interpolation_duration: 1 }
$data merge entity $(bone_body_0) { transformation: [-0.9880153789894621f,-0.1530963458478637f,0.019675359420886225f,-0.007977043508873046f,-0.14807229051391352f,0.9760639224871378f,0.15929160681274473f,0.5634342212450305f,-0.04359137141996033f,0.1544691817387991f,-0.9870354928930738f,0.061777087281650184f,0f,0f,0f,1f], start_interpolation: 0, interpolation_duration: 1 }
$data merge entity $(bone_leg_left_3) { transformation: [-0.9701010979089728f,-0.012174290787934819f,-0.2423956403890482f,0.43055205087956905f,-0.011564716927171611f,0.9999253738448326f,-0.003937519989360316f,0.02659245798546858f,0.24242548784771026f,-0.0010165554992373482f,-0.9701694952206634f,-0.2341998614875304f,0f,0f,0f,1f], start_interpolation: 0, interpolation_duration: 1 }
$data merge entity $(bone_leg_left_2) { transformation: [-0.9327830125450697f,-0.38296858922544696f,-0.18791782958173436f,0.3340280268228044f,-0.336567661148331f,0.9383079291984278f,-0.24158360659033837f,0.2373225146306943f,0.2621073453323678f,-0.15803635395289306f,-0.978972139467099f,-0.3008859025471459f,0f,0f,0f,1f], start_interpolation: 0, interpolation_duration: 1 }
$data merge entity $(bone_leg_left_1) { transformation: [-0.9987355737566156f,-0.038151205204094346f,-0.032737428954017135f,0.34529025022147375f,-0.04880203079332512f,0.579465155942184f,0.8135345689270665f,0.35257018937732265f,-0.012067124905775217f,0.8141035674841227f,-0.5805943212830565f,-0.048686534091593583f,0f,0f,0f,1f], start_interpolation: 0, interpolation_duration: 1 }
$data merge entity $(bone_leg_left_0) { transformation: [-0.9943062397994853f,-0.10463042767107861f,0.0201884893237692f,0.18695189514581087f,-0.1064834893789715f,0.9827876761752874f,-0.1509624126981851f,0.738352421272207f,-0.004045736705127714f,-0.1522526097094758f,-0.9883333318527545f,-0.02847976714118519f,0f,0f,0f,1f], start_interpolation: 0, interpolation_duration: 1 }
$data merge entity $(bone_leg_right_3) { transformation: [-0.9475261701421981f,-0.018630359848544026f,0.319134872095752f,-0.2617409307842195f,-0.0021458270337795272f,0.9986485391206261f,0.05192774536392014f,0.020145623250465122f,-0.319671006383124f,0.04851808945282948f,-0.9462856031208802f,0.11743853969752172f,0f,0f,0f,1f], start_interpolation: 0, interpolation_duration: 1 }
$data merge entity $(bone_leg_right_2) { transformation: [-0.9636533460315168f,0.13498478156807622f,0.3243663622017161f,-0.21875680984219315f,-0.03430559981056872f,0.9062972710400506f,-0.479072626882071f,0.21664993220815357f,-0.34965347703775695f,-0.46094095581871436f,-0.8469581339977976f,-0.01563848301458362f,0f,0f,0f,1f], start_interpolation: 0, interpolation_duration: 1 }
$data merge entity $(bone_leg_right_1) { transformation: [-0.9713179691531421f,-0.19069086578026304f,-0.1420506828853333f,-0.2823721278843733f,-0.23777605367184235f,0.7739261362650544f,0.5869419766093488f,0.3910368181137547f,-0.0019877375231570973f,0.6038835395287885f,-0.7970700844880086f,0.19065182454809548f,0f,0f,0f,1f], start_interpolation: 0, interpolation_duration: 1 }
$data merge entity $(bone_leg_right_0) { transformation: [-0.9930101296361231f,-0.07803541283149645f,0.08855143581144198f,-0.20475713397968978f,-0.1180133154784227f,0.6441516264371916f,-0.7557390684145626f,0.719195637134554f,0.001933858795332033f,-0.7609067988279109f,-0.6488583078666875f,-0.05550865315802063f,0f,0f,0f,1f], start_interpolation: 0, interpolation_duration: 1 }
$data merge entity $(bone_tail_4) { transformation: [-2.3170814416737855f,-0.24130559280675198f,-1.4827563977710954f,0.20824017478299087f,-1.419756093522066f,-0.5391015858108648f,2.306365852739581f,1.984598783870026f,-0.4910066793414267f,2.697554897060743f,0.3282854699582543f,-1.084792056213861f,0f,0f,0f,1f], start_interpolation: 0, interpolation_duration: 1 }
$data merge entity $(bone_tail_3) { transformation: [-2.017493974127019f,-0.4077525372750146f,-0.31527996883944276f,0.2656901852910283f,-0.3916851658549813f,0.3849418035705327f,2.0085686607028066f,1.6402528061653583f,-0.33503182125697806f,2.0053685951101605f,-0.44966209817548475f,-1.028170087279458f,0f,0f,0f,1f], start_interpolation: 0, interpolation_duration: 1 }
$data merge entity $(bone_tail_2) { transformation: [-1.9188945107172115f,-0.2914263377788123f,0.22735087726015393f,0.2219378910860591f,0.051543177764960764f,0.9792757668481991f,1.6903065249511813f,1.3262996498764865f,-0.36600687502835466f,1.6657921650420495f,-0.9539126298143231f,-0.8507140747659401f,0f,0f,0f,1f], start_interpolation: 0, interpolation_duration: 1 }
$data merge entity $(bone_tail_1) { transformation: [-1.3691203345728937f,-0.1225759377764024f,0.6309840718570041f,0.08896354203514843f,0.40469983555996547f,0.98913339310869f,1.0702753962111937f,1.0835105529510698f,-0.49938342238879574f,1.1376495594494493f,-0.862569375370891f,-0.6785282626110027f,0f,0f,0f,1f], start_interpolation: 0, interpolation_duration: 1 }
$data merge entity $(bone_tail_0) { transformation: [-1.2445027768047612f,-0.08449269066917814f,0.27912280511049226f,0.0053584118279265906f,0.09374749418088629f,1.0425530468919069f,0.7335736284349608f,0.8943019510517174f,-0.2761520639866232f,0.7346971118929975f,-1.0088587155375348f,-0.3659867478147967f,0f,0f,0f,1f], start_interpolation: 0, interpolation_duration: 1 }
$data merge entity $(bone_body_1) { transformation: [-1.231969151103254f,-0.0931244789320752f,0.04673796326122356f,0.0007650845776876754f,-0.06025025040811904f,1.0891584714127482f,0.5819865346654117f,0.6856356818181819f,-0.08500890019249133f,0.5776385120728403f,-1.0898219264240323f,-0.15152646889125998f,0f,0f,0f,1f], start_interpolation: 0, interpolation_duration: 1 }