# This file was generated by Animated Java via MC-Build. It is not recommended to edit this file directly.
$data merge entity $(bone_head_lower) { transformation: [-1.0404726629202827f,0.08737959364319063f,-0.12237399919151315f,-0.0076695826839471865f,-0.033556494865512f,0.6990587020553066f,0.7844646863185679f,0.4629604716462632f,0.14657609189671555f,0.7803048692935974f,-0.6890817887513676f,0.8340845433399855f,0f,0f,0f,1f], start_interpolation: 0, interpolation_duration: 1 }
$data merge entity $(bone_head_upper) { transformation: [-1.0830275613034461f,-0.06684419619851881f,-0.1415266486921269f,-0.019263228475160828f,-0.03492894152363858f,1.067733307509163f,-0.23700673087050142f,0.4705866782609218f,0.15257099298191962f,-0.23005233071729148f,-1.0588884051827145f,0.7559691644774539f,0f,0f,0f,1f], start_interpolation: 0, interpolation_duration: 1 }
$data merge entity $(bone_neck_0) { transformation: [-0.99262767592619f,-0.040757229872007826f,0.11414528110496377f,-0.010900071498099441f,-0.05571976329237649f,0.9897984648738013f,-0.13112706399560703f,0.44605947593121126f,-0.1076364481205712f,-0.13652050082909467f,-0.9847723330239129f,0.6945427027076974f,0f,0f,0f,1f], start_interpolation: 0, interpolation_duration: 1 }
$data merge entity $(bone_neck_1) { transformation: [-0.9843635575365997f,-0.14589808458564626f,0.09870225685428541f,-0.0032108291138457593f,-0.15026216768153197f,0.98790445661495f,-0.03828923561482803f,0.44736702747198587f,-0.0919220732878501f,-0.0525217432551536f,-0.9943801078701758f,0.6100636952262192f,0f,0f,0f,1f], start_interpolation: 0, interpolation_duration: 1 }
$data merge entity $(bone_neck_2) { transformation: [-0.9827673911036952f,-0.17842247896494892f,0.04830811508679718f,-0.0007255435044953851f,-0.16657098211942795f,0.9681281515979507f,0.187034729393513f,0.4732312522115668f,-0.08013964623709101f,0.17576490287750204f,-0.9811647853533351f,0.5258271495456118f,0f,0f,0f,1f], start_interpolation: 0, interpolation_duration: 1 }
$data merge entity $(bone_body_0) { transformation: [-0.9825437227029252f,-0.18595324104828514f,-0.005406026333234049f,-0.0050448205052860615f,-0.1841523391771805f,0.9680860788223096f,0.16999194088549563f,0.5625700464895036f,-0.026377053524795704f,0.1680200468220488f,-0.9854306240995693f,0.06299799274336373f,0f,0f,0f,1f], start_interpolation: 0, interpolation_duration: 1 }
$data merge entity $(bone_leg_left_3) { transformation: [-0.9615301100569806f,-0.0068619045470598924f,-0.274613841092902f,0.4182472211883267f,-0.00793276565311784f,0.9999646453930862f,0.002789120465773065f,0.026872838144159278f,0.2745849935500906f,0.004860270554909341f,-0.9615505494186094f,-0.2673346834620884f,0f,0f,0f,1f], start_interpolation: 0, interpolation_duration: 1 }
$data merge entity $(bone_leg_left_2) { transformation: [-0.9265339753772863f,-0.3776529653116242f,-0.22577694692681471f,0.3218019396665362f,-0.336354929161739f,0.9472409085561448f,-0.2041132584792708f,0.2408434909266445f,0.2836588683627891f,-0.11034082857111975f,-0.9795022957860153f,-0.32288591644602294f,0f,0f,0f,1f], start_interpolation: 0, interpolation_duration: 1 }
$data merge entity $(bone_leg_left_1) { transformation: [-0.9990188366382816f,-0.0017575021296380132f,-0.04425240364272462f,0.3435675473209759f,-0.03794497291862017f,0.5492244729188837f,0.8348129475380576f,0.3465309666163436f,0.022837317532921612f,0.835673015917852f,-0.5487522823594101f,-0.06721072901959729f,0f,0f,0f,1f], start_interpolation: 0, interpolation_duration: 1 }
$data merge entity $(bone_leg_left_0) { transformation: [-0.9949603310502922f,-0.09884804309095778f,-0.016822723126205558f,0.19043643350347844f,-0.09582316573291369f,0.9867700331262079f,-0.13077776046799833f,0.7334731802257942f,0.029527284758598546f,-0.12850667726305415f,-0.9912689712452387f,-0.03353783379979165f,0f,0f,0f,1f], start_interpolation: 0, interpolation_duration: 1 }
$data merge entity $(bone_leg_right_3) { transformation: [-0.9542141425674882f,-0.00828218915388107f,0.2990096578156174f,-0.27329835496422944f,0.0172958713523611f,0.9964165078851286f,0.08279490110005422f,0.018157274627547237f,-0.2986238820964523f,0.08417569813684089f,-0.9506514760335771f,0.11264916931314056f,0f,0f,0f,1f], start_interpolation: 0, interpolation_duration: 1 }
$data merge entity $(bone_leg_right_2) { transformation: [-0.9714260267167444f,0.15837985188777046f,0.2886338452677048f,-0.2259531135546901f,-0.0072544113601122244f,0.888704825654735f,-0.5120676770452316f,0.2094991486433921f,-0.32915201295728347f,-0.4870130951778287f,-0.8405589788897463f,-0.026339274199234097f,0f,0f,0f,1f], start_interpolation: 0, interpolation_duration: 1 }
$data merge entity $(bone_leg_right_1) { transformation: [-0.9767837560138826f,-0.158392253364251f,-0.14424072955170095f,-0.2807866106340171f,-0.21356149572102034f,0.7730103850267481f,0.5973662462729202f,0.3835666374385164f,0.01688139605638743f,0.6143019116973294f,-0.7888904738632565f,0.1827233542219554f,0f,0f,0f,1f], start_interpolation: 0, interpolation_duration: 1 }
$data merge entity $(bone_leg_right_0) { transformation: [-0.995186189452859f,-0.08367661659329528f,0.0510163910699012f,-0.20207792671411867f,-0.09442966568112846f,0.6794633213042659f,-0.7276074719527873f,0.7205576840997844f,0.026219964943697896f,-0.7289223681831106f,-0.6840940685320088f,-0.05083446754857246f,0f,0f,0f,1f], start_interpolation: 0, interpolation_duration: 1 }
$data merge entity $(bone_tail_4) { transformation: [-2.670887414975303f,-0.5589827748044051f,-0.42374521306855306f,0.28199704493247374f,-0.23793407743627729f,-0.8473254327663517f,2.6174583697514393f,2.03298797961497f,-0.6598553803077559f,2.5681197791495785f,0.7713708632166653f,-1.0032918982024546f,0f,0f,0f,1f], start_interpolation: 0, interpolation_duration: 1 }
$data merge entity $(bone_tail_3) { transformation: [-2.0296835925852346f,-0.42752489444660724f,0.18317342783045468f,0.25512126731315804f,0.13665949638365602f,0.23569697447626906f,2.064392560613253f,1.680636809228421f,-0.4445832004056237f,2.024256635630866f,-0.20168385425200208f,-0.9889027099226446f,0f,0f,0f,1f], start_interpolation: 0, interpolation_duration: 1 }
$data merge entity $(bone_tail_2) { transformation: [-1.8938402197309983f,-0.2544904751186184f,0.4091181922206854f,0.17760614152668225f,0.25863136744857856f,0.8630469172757627f,1.7340800758198158f,1.3586717187759634f,-0.4065131152911309f,1.734692621664564f,-0.8027219135177492f,-0.8395662784218606f,0f,0f,0f,1f], start_interpolation: 0, interpolation_duration: 1 }
$data merge entity $(bone_tail_1) { transformation: [-1.4257474266661845f,-0.09634122657368327f,0.49559952927442513f,0.0734984432409769f,0.33453209246598375f,0.9317352060439957f,1.1435095255084167f,1.100892124132095f,-0.378138604833048f,1.1875369989522142f,-0.856985018337243f,-0.6693078138988782f,0f,0f,0f,1f], start_interpolation: 0, interpolation_duration: 1 }
$data merge entity $(bone_tail_0) { transformation: [-1.2545658242988318f,-0.06851444224874186f,0.23495974184690568f,0.003184370161600788f,0.09677619787092713f,0.9882301657620536f,0.804904481033358f,0.8895280813308465f,-0.22479919174914284f,0.8078011062540553f,-0.9647582146360216f,-0.3678893608498298f,0f,0f,0f,1f], start_interpolation: 0, interpolation_duration: 1 }
$data merge entity $(bone_body_1) { transformation: [-1.2345020083725953f,-0.061163087119268295f,0.02946969891803638f,0.00045284592887015495f,-0.040620694483250806f,1.0954134876447232f,0.5718599875161509f,0.6827947727272727f,-0.05439986727904136f,0.5700289141055167f,-1.0957701796362038f,-0.15153363595165023f,0f,0f,0f,1f], start_interpolation: 0, interpolation_duration: 1 }