# This file was generated by Animated Java via MC-Build. It is not recommended to edit this file directly.
$data merge entity $(bone_head_lower) { transformation: [-1.029131961617058f,0.07717734342720978f,-0.13662155215262373f,0.006327580190925709f,-0.04509173384307775f,0.722712164736832f,0.7479226215012309f,0.4676280238343528f,0.1502947982802419f,0.7452953574763279f,-0.7111122900126117f,0.8334431812853036f,0f,0f,0f,1f], start_interpolation: 0, interpolation_duration: 1 }
$data merge entity $(bone_head_upper) { transformation: [-1.0712230300422119f,-0.08497034698198239f,-0.13948856475374247f,-0.005528918923357407f,-0.0469359669690372f,1.0465348465015194f,-0.2770516733731024f,0.472013904449671f,0.1564417929070712f,-0.2678444601777611f,-1.0382586913867944f,0.7559025498720445f,0f,0f,0f,1f], start_interpolation: 0, interpolation_duration: 1 }
$data merge entity $(bone_neck_0) { transformation: [-0.9955644479217424f,-0.03220888531579094f,0.08839693287094491f,0.0010314948628969995f,-0.04689117471318244f,0.9844285080128842f,-0.16941585033739995f,0.4450951891344629f,-0.08156376504486489f,-0.17280943353370704f,-0.9815723365669313f,0.6952636185570157f,0f,0f,0f,1f], start_interpolation: 0, interpolation_duration: 1 }
$data merge entity $(bone_neck_1) { transformation: [-0.9860619023380355f,-0.15072313440885748f,0.07045893492995674f,0.00630592878515548f,-0.15399923502492216f,0.987108075276787f,-0.04361058741974663f,0.4459482835053412f,-0.06297745921544631f,-0.053853360873078626f,-0.9965609139201881f,0.6105937335841084f,0f,0f,0f,1f], start_interpolation: 0, interpolation_duration: 1 }
$data merge entity $(bone_neck_2) { transformation: [-0.9841208599864294f,-0.17597002944045267f,0.023252562832873677f,0.006620171114046021f,-0.16903900361494198f,0.9690979272076569f,0.1796525055174304f,0.471175264776027f,-0.054147467128557024f,0.17286918817576757f,-0.9834552839773716f,0.5261281721885441f,0f,0f,0f,1f], start_interpolation: 0, interpolation_duration: 1 }
$data merge entity $(bone_body_0) { transformation: [-0.9831519138370066f,-0.18189551542680632f,-0.01806476643213626f,-0.003626467716380282f,-0.18223748695765749f,0.9676991663024225f,0.17420626247340798f,0.5624965671892483f,-0.014206078487351836f,0.17456329799019255f,-0.9845434689889514f,0.06377946090953915f,0f,0f,0f,1f], start_interpolation: 0, interpolation_duration: 1 }
$data merge entity $(bone_leg_left_3) { transformation: [-0.9564209119440942f,-0.0038067036998801485f,-0.29196669022847177f,0.41050254017621046f,-0.005698791636525884f,0.9999679111965909f,0.005630306475665231f,0.026530227719147786f,0.2919358884582547f,0.0070488001863987515f,-0.956411915152682f,-0.2823251184010704f,0f,0f,0f,1f], start_interpolation: 0, interpolation_duration: 1 }
$data merge entity $(bone_leg_left_2) { transformation: [-0.9238565131000397f,-0.37231920503323934f,-0.24480553969783256f,0.31471663543966577f,-0.33420993636968027f,0.9516901667651002f,-0.18614979026333564f,0.24209647545397825f,0.29471182727387213f,-0.08790014531686641f,-0.9785094290904216f,-0.3325976293523135f,0f,0f,0f,1f], start_interpolation: 0, interpolation_duration: 1 }
$data merge entity $(bone_leg_left_1) { transformation: [-0.9987125495204281f,0.017274431622353106f,-0.047695255975108215f,0.34182912082422356f,-0.03104499636141871f,0.5354498036086486f,0.8439962772526778f,0.34341733723430334f,0.04011797142585788f,0.8443903728889761f,-0.5342241538353443f,-0.07566888093335986f,0f,0f,0f,1f], start_interpolation: 0, interpolation_duration: 1 }
$data merge entity $(bone_leg_left_0) { transformation: [-0.9949563792451489f,-0.09394179404664166f,-0.03516735319414662f,0.19211818687469975f,-0.08900420718329105f,0.9884819746006772f,-0.12239949752029139f,0.7311425504038482f,0.04626072311429311f,-0.11865211848443485f,-0.9918576612982823f,-0.03613315161107003f,0f,0f,0f,1f], start_interpolation: 0, interpolation_duration: 1 }
$data merge entity $(bone_leg_right_3) { transformation: [-0.9568982396463258f,-0.0019750747985163297f,0.29041669724949204f,-0.27955585848043263f,0.027243704585133692f,0.9949569396929074f,0.09653221595613509f,0.018911813209331024f,-0.28914276667805616f,0.10028353422403985f,-0.952018735761694f,0.11042697559466777f,0f,0f,0f,1f], start_interpolation: 0, interpolation_duration: 1 }
$data merge entity $(bone_leg_right_2) { transformation: [-0.9750064432257809f,0.16974429064785349f,0.2694652314517841f,-0.2301484243415839f,0.00721540290267819f,0.8794152049575193f,-0.5278627044518016f,0.20757770487804833f,-0.31839059836913924f,-0.4998779576883495f,-0.8371449419235356f,-0.031471434680707566f,0f,0f,0f,1f], start_interpolation: 0, interpolation_duration: 1 }
$data merge entity $(bone_leg_right_1) { transformation: [-0.9791736346326732f,-0.1417798021299955f,-0.14531854991094492f,-0.2804592699360041f,-0.2013104469055753f,0.7708363402071561f,0.6043884848197513f,0.3809261277295258f,0.02632673939017162f,0.6210554116373324f,-0.7833243762765623f,0.1793188136000072f,0f,0f,0f,1f], start_interpolation: 0, interpolation_duration: 1 }
$data merge entity $(bone_leg_right_0) { transformation: [-0.9958478994571299f,-0.08487690127139405f,0.03290703233942908f,-0.2006707010615114f,-0.08281783697886486f,0.6946505438028909f,-0.7145640824114308f,0.7214681854588855f,0.037791097165395575f,-0.7143224297366798f,-0.6987956062756273f,-0.04865524141254654f,0f,0f,0f,1f], start_interpolation: 0, interpolation_duration: 1 }
$data merge entity $(bone_tail_4) { transformation: [-2.6533801763655234f,-0.7299135096672279f,0.2290441871686265f,0.3174418565399859f,0.4672905547947045f,-0.8918046896106367f,2.571378086666396f,2.0393483667511516f,-0.6057016663920655f,2.5094963629369422f,0.9804156400915529f,-0.9716821955777316f,0f,0f,0f,1f], start_interpolation: 0, interpolation_duration: 1 }
$data merge entity $(bone_tail_3) { transformation: [-1.988287306698795f,-0.42541434673493256f,0.4490899082110266f,0.24545581719337212f,0.41827885276958215f,0.18915758043702094f,2.031060741862099f,1.6931044655835905f,-0.45574325380707525f,2.0295781752373436f,-0.09516324528954102f,-0.9754070416445881f,0f,0f,0f,1f], start_interpolation: 0, interpolation_duration: 1 }
$data merge entity $(bone_tail_2) { transformation: [-1.8759524590939798f,-0.2202217113061553f,0.5010774831215387f,0.1508670414463738f,0.3671709114799435f,0.8204050328758135f,1.7351930667213376f,1.3710025848168441f,-0.40590857096766897f,1.7598897280523575f,-0.746190493180904f,-0.8365732349606635f,0f,0f,0f,1f], start_interpolation: 0, interpolation_duration: 1 }
$data merge entity $(bone_tail_1) { transformation: [-1.4529513205568811f,-0.07940822550738137f,0.4126536608510641f,0.06442737000681566f,0.2836581317076559f,0.9104914727703088f,1.1739674579513169f,1.1069770691770286f,-0.31004318152176547f,1.2051372792069472f,-0.8597520653406644f,-0.6659995344925698f,0f,0f,0f,1f], start_interpolation: 0, interpolation_duration: 1 }
$data merge entity $(bone_tail_0) { transformation: [-1.2599163310804717f,-0.054660581426118814f,0.20846768598252688f,0.002189209723813131f,0.09601858497464583f,0.9645556867581352f,0.8332157434098546f,0.886768510143662f,-0.19294296203857123f,0.8369469902955197f,-0.9466406210484957f,-0.369172121281093f,0f,0f,0f,1f], start_interpolation: 0, interpolation_duration: 1 }
$data merge entity $(bone_body_1) { transformation: [-1.2353654290632297f,-0.0450560345622991f,0.02113777379937553f,0.0003098170761714188f,-0.03042697074233201f,1.0993121358408817f,0.5649704616178215f,0.6813743181818182f,-0.03938338714633278f,0.5639923552662127f,-1.0995299755233607f,-0.1515356914292677f,0f,0f,0f,1f], start_interpolation: 0, interpolation_duration: 1 }