# This file was generated by Animated Java via MC-Build. It is not recommended to edit this file directly.
$data merge entity $(bone_head_lower) { transformation: [-1.0181457511552252f,0.04740524534603029f,-0.15367881838053427f,0.018410569037200168f,-0.07284178351010978f,0.7422195554741322f,0.7115401697356516f,0.47191290124844576f,0.14338239459648058f,0.7136862625033887f,-0.7297798399067456f,0.8327480279951932f,0f,0f,0f,1f], start_interpolation: 0, interpolation_duration: 1 }
$data merge entity $(bone_head_upper) { transformation: [-1.0597874881500777f,-0.11558443817139216f,-0.12109347181690351f,0.007138297761569011f,-0.07582098210493014f,1.0233766565764932f,-0.31324799879724735f,0.4732745247810144f,0.14924667479281223f,-0.3008543962292062f,-1.0190117632472977f,0.7557907661425042f,0f,0f,0f,1f], start_interpolation: 0, interpolation_duration: 1 }
$data merge entity $(bone_neck_0) { transformation: [-0.9979356195631892f,-0.019831548894514568f,0.061083621990499895f,0.011732440461049477f,-0.03183893679834053f,0.9787886499700735f,-0.20238344989971838f,0.44431074438025f,-0.055774378621236895f,-0.20391049104498055f,-0.9773994732611686f,0.6959181552753473f,0f,0f,0f,1f], start_interpolation: 0, interpolation_duration: 1 }
$data merge entity $(bone_neck_1) { transformation: [-0.9881707120601713f,-0.14738444868439107f,0.04238476273960147f,0.01464400443307177f,-0.1493189657975208f,0.9876806376305838f,-0.04680603062428795f,0.44489578049470524f,-0.03496412846980518f,-0.05258119754856355f,-0.9980043724276492f,0.6111318511188808f,0f,0f,0f,1f], start_interpolation: 0, interpolation_duration: 1 }
$data merge entity $(bone_neck_2) { transformation: [-0.9863222992389836f,-0.16482810739427567f,0.00013052488683543487f,0.013041669203138116f,-0.1622723820560928f,0.9711672806442694f,0.174647608136659f,0.46970455548159545f,-0.028913596209506964f,0.17223764982963402f,-0.9846309948073938f,0.5265571054816552f,0f,0f,0f,1f], start_interpolation: 0, interpolation_duration: 1 }
$data merge entity $(bone_body_0) { transformation: [-0.9852096089541397f,-0.16884563646053083f,-0.02920920184923853f,-0.0023329838382331923f,-0.17134507916690866f,0.969051376420511f,0.17770845141072733f,0.5626893078994043f,-0.0017000793267104297f,0.18008492692546826f,-0.9836495965660392f,0.06468227334119184f,0f,0f,0f,1f], start_interpolation: 0, interpolation_duration: 1 }
$data merge entity $(bone_leg_left_3) { transformation: [-0.9509528071166293f,-0.0008285031723514399f,-0.30933488684514165f,0.40209908882767315f,-0.003310666924626641f,0.9999663990019139f,0.007499356749713748f,0.025462022201932055f,0.30931827964334296f,0.008155639131220555f,-0.9509235970512272f,-0.2945680285001882f,0f,0f,0f,1f], start_interpolation: 0, interpolation_duration: 1 }
$data merge entity $(bone_leg_left_2) { transformation: [-0.9217947760933664f,-0.3653020161109588f,-0.26250909944789363f,0.3074049598815705f,-0.3302061939319503f,0.9559600551783416f,-0.17078185469508117f,0.2425047240894499f,0.30548397626823326f,-0.06897107675964927f,-0.9767214189904196f,-0.3403562318556442f,0f,0f,0f,1f], start_interpolation: 0, interpolation_duration: 1 }
$data merge entity $(bone_leg_left_1) { transformation: [-0.9981619888437894f,0.035514839532576954f,-0.04910539889244915f,0.3395366180149131f,-0.02320904160776219f,0.5244908264815733f,0.851099708215392f,0.34031557697559683f,0.05598200081330069f,0.8506750667027051f,-0.5227025411027656f,-0.08264713371773946f,0f,0f,0f,1f], start_interpolation: 0, interpolation_duration: 1 }
$data merge entity $(bone_leg_left_0) { transformation: [-0.9947807310245784f,-0.0877653341418814f,-0.05204366729170368f,0.19364502401007636f,-0.08122985433020061f,0.9898506941471206f,-0.11660752146391729f,0.729010658608585f,0.06174955827939199f,-0.11177141593192541f,-0.9918135624364455f,-0.03861243288412905f,0f,0f,0f,1f], start_interpolation: 0, interpolation_duration: 1 }
$data merge entity $(bone_leg_right_3) { transformation: [-0.9589107673773872f,0.0045016439779454465f,0.28367212659901225f,-0.2855156490950886f,0.03641530777456989f,0.9935563895391145f,0.10732952140805979f,0.021055137518694478f,-0.2813610946228949f,0.11324944153282013f,-0.9528958486766069f,0.10871013332211546f,0f,0f,0f,1f], start_interpolation: 0, interpolation_duration: 1 }
$data merge entity $(bone_leg_right_2) { transformation: [-0.9782047305065587f,0.1799120369228216f,0.25061796361307853f,-0.23431563130463182f,0.02135631337610352f,0.8707213797158536f,-0.5417106111988178f,0.20724461089990576f,-0.307768764812589f,-0.511407995026179f,-0.8341477384311076f,-0.03579976338499513f,0f,0f,0f,1f], start_interpolation: 0, interpolation_duration: 1 }
$data merge entity $(bone_leg_right_1) { transformation: [-0.9811443959589127f,-0.12601446617096057f,-0.14654701837317635f,-0.28031762336878885f,-0.1900424803700761f,0.7671129259793891f,0.6127165857475461f,0.3793642158155953f,0.035206958590731974f,0.629013603279761f,-0.7765966501059621f,0.17697251861987934f,0f,0f,0f,1f], start_interpolation: 0, interpolation_duration: 1 }
$data merge entity $(bone_leg_right_0) { transformation: [-0.9962177431135275f,-0.08522364461152326f,0.016945167597831476f,-0.19932279784486887f,-0.07239982958839711f,0.7062961361538937f,-0.7042045389868288f,0.7224240196812198f,0.04804657096360653f,-0.7027678837661904f,-0.7097949200758131f,-0.04676189485842791f,0f,0f,0f,1f], start_interpolation: 0, interpolation_duration: 1 }
$data merge entity $(bone_tail_4) { transformation: [-2.47245039683782f,-0.8716992441484036f,0.8676351736344071f,0.3492317788939956f,1.1288079864705964f,-0.8348870684916634f,2.3779018996051104f,2.0320450081916888f,-0.48830615033675756f,2.483699929986813f,1.1038356276759684f,-0.9560353960669038f,0f,0f,0f,1f], start_interpolation: 0, interpolation_duration: 1 }
$data merge entity $(bone_tail_3) { transformation: [-1.9164666927437028f,-0.4132805919047313f,0.7016410007997923f,0.23430366873281658f,0.6782824688604894f,0.18262722062012776f,1.9602361380123392f,1.6978742472731645f,-0.4505927585802712f,2.0326809825173964f,-0.03346214684653692f,-0.9702528317245723f,0f,0f,0f,1f], start_interpolation: 0, interpolation_duration: 1 }
$data merge entity $(bone_tail_2) { transformation: [-1.8552916338258016f,-0.17908204643140507f,0.5870233803731367f,0.12376280525015879f,0.46655129537435996f,0.8028440025061045f,1.719460750185145f,1.3787662774188976f,-0.3987439243966874f,1.772609659030633f,-0.7194665763402845f,-0.8363786182062949f,0f,0f,0f,1f], start_interpolation: 0, interpolation_duration: 1 }
$data merge entity $(bone_tail_1) { transformation: [-1.4751839294471523f,-0.06120200416404579f,0.3282421956226289f,0.05528622750892294f,0.2283346901955414f,0.8999601491571876f,1.193981259979519f,1.1106156038902801f,-0.24362244058002172f,1.2140767251764932f,-0.8685171626574553f,-0.6640914985895765f,0f,0f,0f,1f], start_interpolation: 0, interpolation_duration: 1 }
$data merge entity $(bone_tail_0) { transformation: [-1.2646716115323933f,-0.038760772574547f,0.18149114049316914f,0.001314931521774485f,0.09363987197128286f,0.9459615632394658f,0.854531457486953f,0.8837293884572672f,-0.16022798115587916f,0.8587724028908932f,-0.9330984249647734f,-0.37069474373919753f,0f,0f,0f,1f], start_interpolation: 0, interpolation_duration: 1 }
$data merge entity $(bone_body_1) { transformation: [-1.2359281964532451f,-0.030036715201740987f,0.013560383769221706f,0.00018551817036761422f,-0.02071572357187083f,1.1037349881745258f,0.556726620283711f,0.6799538636363637f,-0.025630978619102792f,0.5563015968658719f,-1.1038460858814323f,-0.1515368515325097f,0f,0f,0f,1f], start_interpolation: 0, interpolation_duration: 1 }