# This file was generated by Animated Java via MC-Build. It is not recommended to edit this file directly.
$data merge entity $(bone_head_lower) { transformation: [-0.991105210329908f,-0.052369312860365294f,-0.18864233774953593f,0.033622768764626026f,-0.16221040904906553f,0.7647083335369629f,0.6399429367368819f,0.4818178091064369f,0.10961870149391321f,0.6581007781136737f,-0.7586205379457727f,0.8322833745258795f,0f,0f,0f,1f], start_interpolation: 0, interpolation_duration: 1 }
$data merge entity $(bone_head_upper) { transformation: [-1.031641000471897f,-0.19800722308292695f,-0.04817643116239972f,0.025535161796617308f,-0.1688447471915019f,0.9697318568557228f,-0.3700304851119764f,0.47803154059250985f,0.11410206071055531f,-0.3552805203967066f,-0.9831416247598634f,0.7565658713948581f,0f,0f,0f,1f], start_interpolation: 0, interpolation_duration: 1 }
$data merge entity $(bone_neck_0) { transformation: [-0.9998813652186425f,0.013207194459883251f,0.007926254033404058f,0.026156397380706284f,0.010820147842542985f,0.9684903969788539f,-0.248815745804818f,0.4462187366165142f,-0.010962658854891845f,-0.24870046436273702f,-0.9685184041290026f,0.6979800725709894f,0f,0f,0f,1f], start_interpolation: 0, interpolation_duration: 1 }
$data merge entity $(bone_neck_1) { transformation: [-0.9929206734293948f,-0.11860436759310759f,-0.006445173725802382f,0.025064011077270174f,-0.11816586978776214f,0.9918448442158379f,-0.04775596527934531f,0.4467424847770062f,0.012056678390767621f,-0.04665628564619553f,-0.99883823891353f,0.6131504243071914f,0f,0f,0f,1f], start_interpolation: 0, interpolation_duration: 1 }
$data merge entity $(bone_neck_2) { transformation: [-0.9922171040475783f,-0.11957909734884177f,-0.03472834451385848f,0.020850793535291304f,-0.12377751619036255f,0.9775758404109964f,0.1703660844489848f,0.4712389099828946f,0.01357736797695166f,0.17333873116522558f,-0.9847686730176015f,0.5285743973006163f,0f,0f,0f,1f], start_interpolation: 0, interpolation_duration: 1 }
$data merge entity $(bone_body_0) { transformation: [-0.99181513820076f,-0.12032184400339357f,-0.042724530324280925f,-0.00043133335599089984f,-0.12604175567360654f,0.9760989011300955f,0.1770435286570369f,0.5639774232826141f,0.020401163263947704f,0.180979526654932f,-0.983275242986029f,0.06688451877925855f,0f,0f,0f,1f], start_interpolation: 0, interpolation_duration: 1 }
$data merge entity $(bone_leg_left_3) { transformation: [-0.9397598365045856f,0.003696131012866387f,-0.3418154301789348f,0.38499566655084283f,0.0016556771836762543f,0.9999790289364298f,0.0062610239113887745f,0.01977897394590039f,0.34183140351047037f,0.0053179227985422906f,-0.9397462483410992f,-0.3058855046762655f,0f,0f,0f,1f], start_interpolation: 0, interpolation_duration: 1 }
$data merge entity $(bone_leg_left_2) { transformation: [-0.9204339243601425f,-0.34747023695580764f,-0.29004831462629926f,0.29360912553025825f,-0.3151971271925585f,0.9637884981704773f,-0.15435252283182443f,0.23917749921245318f,0.3248297421684781f,-0.04937980077790558f,-0.9716529593319772f,-0.34692035933874055f,0f,0f,0f,1f], start_interpolation: 0, interpolation_duration: 1 }
$data merge entity $(bone_leg_left_1) { transformation: [-0.9968265171775644f,0.06548024737990579f,-0.045268442150279566f,0.3336513540068053f,-0.004898504010373144f,0.5171319052820503f,0.855891697119336f,0.3343703482531324f,0.07945375579610583f,0.853397287166079f,-0.5151700408093136f,-0.08933866920934466f,0f,0f,0f,1f], start_interpolation: 0, interpolation_duration: 1 }
$data merge entity $(bone_leg_left_0) { transformation: [-0.9943670053596902f,-0.07234133050550884f,-0.07746606065041976f,0.195933373029348f,-0.06296133163368078f,0.9910932287042781f,-0.11734599582194305f,0.7257375896582063f,0.08526505363227915f,-0.11180762012145024f,-0.9900651123597184f,-0.04272623916189487f,0f,0f,0f,1f], start_interpolation: 0, interpolation_duration: 1 }
$data merge entity $(bone_leg_right_3) { transformation: [-0.9604471271197176f,0.0158843229855421f,0.27800900037727566f,-0.2945672277938961f,0.04959057741438044f,0.9921692889066837f,0.11463366338957354f,0.02986089737168618f,-0.27401111407968354f,0.12388619952882857f,-0.9537138558955269f,0.10796371163167115f,0f,0f,0f,1f], start_interpolation: 0, interpolation_duration: 1 }
$data merge entity $(bone_leg_right_2) { transformation: [-0.9832758805377438f,0.19435073728324062f,0.21784979497552834f,-0.24100638582529857f,0.04570342477231954f,0.8584216435283589f,-0.559540595834517f,0.212594522137962f,-0.2883434396990849f,-0.5266899204847441f,-0.8315756056685215f,-0.04005902531576011f,0f,0f,0f,1f], start_interpolation: 0, interpolation_duration: 1 }
$data merge entity $(bone_leg_right_1) { transformation: [-0.9835413172527566f,-0.10048825856096956f,-0.15016186982085744f,-0.2799297229963595f,-0.17375854544251246f,0.7539155419849805f,0.6335766121308423f,0.38034677740789125f,0.04954235705348263f,0.6492406837567076f,-0.7589677789028385f,0.17755885155809892f,0f,0f,0f,1f], start_interpolation: 0, interpolation_duration: 1 }
$data merge entity $(bone_leg_right_0) { transformation: [-0.9963726874232723f,-0.08502188682180487f,-0.003570226629533345f,-0.19716758324929068f,-0.05839484476939023f,0.7136433069595336f,-0.6980711085098852f,0.724163581377152f,0.061899191119794486f,-0.6953305035687137f,-0.7160195394998619f,-0.04435940388138199f,0f,0f,0f,1f], start_interpolation: 0, interpolation_duration: 1 }
$data merge entity $(bone_tail_4) { transformation: [-1.8177978296991641f,-0.967752993475719f,1.8397626275038295f,0.3922998788055564f,2.052822355307902f,-0.4507778755820413f,1.7911954153675869f,1.9827738028909154f,-0.3274030535733108f,2.546745920209656f,1.016146539632127f,-0.9930195544282733f,0f,0f,0f,1f], start_interpolation: 0, interpolation_duration: 1 }
$data merge entity $(bone_tail_3) { transformation: [-1.7366704196045324f,-0.3467523416741285f,1.0953009601285713f,0.20997055574511098f,1.0498410499936348f,0.32735321538252493f,1.7682248635768671f,1.6797448010296256f,-0.46664242141421763f,2.0269554045332807f,-0.09819452436080567f,-0.9962047417125347f,0f,0f,0f,1f], start_interpolation: 0, interpolation_duration: 1 }
$data merge entity $(bone_tail_2) { transformation: [-1.8170545561557454f,-0.09051899805478143f,0.7133673148859446f,0.07599197883771193f,0.6002735488298955f,0.8764612819179606f,1.640201561661452f,1.3754873389049593f,-0.3959271164388554f,1.7442464869658363f,-0.7871593143567119f,-0.8497512622712254f,0f,0f,0f,1f], start_interpolation: 0, interpolation_duration: 1 }
$data merge entity $(bone_tail_1) { transformation: [-1.5013849266949306f,-0.028199233360115268f,0.18084345476450286f,0.03885557251497614f,0.12567164973236997f,0.9276517396050891f,1.187992060773639f,1.1083850545217044f,-0.13306460215550764f,1.194287780748658f,-0.9184915668680048f,-0.6665739328838046f,0f,0f,0f,1f], start_interpolation: 0, interpolation_duration: 1 }
$data merge entity $(bone_tail_0) { transformation: [-1.271380350842333f,-0.009051237779768595f,0.1317034364422895f,0.00015034482288790553f,0.08346960242310923f,0.9328414748604458f,0.869870866758707f,0.8766996960744713f,-0.10227680845324692f,0.8738195319737768f,-0.9272618813354594f,-0.3745196377069283f,0f,0f,0f,1f], start_interpolation: 0, interpolation_duration: 1 }
$data merge entity $(bone_body_1) { transformation: [-1.2363469192570222f,-0.006687051968193951f,0.0024846802400381694f,0.00002311187658968132f,-0.004950433872227132f,1.11429816805923f,0.5356488410522054f,0.6771129545454546f,-0.005136487554474263f,0.5356299758714674f,-1.1143063943547054f,-0.15153748993577124f,0f,0f,0f,1f], start_interpolation: 0, interpolation_duration: 1 }