# This file was generated by Animated Java via MC-Build. It is not recommended to edit this file directly.
$data merge entity $(bone_head_lower) { transformation: [-0.9710685649410824f,-0.18644303461872588f,-0.14921406443572022f,0.02994789122457861f,-0.2362351086339364f,0.8413626887284366f,0.48610883499929136f,0.49872900915637464f,0.03491154009749439f,0.5072946095296268f,-0.8610652492756892f,0.81954779977369f,0f,0f,0f,1f], start_interpolation: 0, interpolation_duration: 1 }
$data merge entity $(bone_head_upper) { transformation: [-1.0107848646352706f,-0.19364206988220542f,-0.15584815937154836f,0.014542171679901053f,-0.24589702614576917f,0.8743840103141396f,0.5083888252343247f,0.5533337237593153f,0.036339407541006875f,0.5304972138119152f,-0.8948318815179034f,0.7697839028177742f,0f,0f,0f,1f], start_interpolation: 0, interpolation_duration: 1 }
$data merge entity $(bone_neck_0) { transformation: [-0.9980874618652504f,-0.04836284812235701f,-0.038502641323370376f,0.013160045415960733f,-0.046155937624900015f,0.9973476077505604f,-0.05627946993532307f,0.5335206801460801f,0.041122352672830126f,-0.05439470779155295f,-0.9976723750184342f,0.7061421768507056f,0f,0f,0f,1f], start_interpolation: 0, interpolation_duration: 1 }
$data merge entity $(bone_neck_1) { transformation: [-0.9990899020025936f,0.014643530801532717f,-0.0400616365381207f,0.00983375990816366f,0.010678989730419357f,0.995183793848993f,0.09744319185383138f,0.5463600847782808f,0.04129560381911766f,0.09692669119488986f,-0.9944344571862065f,0.6223470555252818f,0f,0f,0f,1f], start_interpolation: 0, interpolation_duration: 1 }
$data merge entity $(bone_neck_2) { transformation: [-0.9838247746194714f,0.17898214186050326f,-0.007362454751858809f,0.010941100686143188f,0.1700371297591332f,0.946007886025801f,0.27596458845342964f,0.579798660920336f,0.05635767337481372f,0.27024890836416293f,-0.9611396049376781f,0.540789923304157f,0f,0f,0f,1f], start_interpolation: 0, interpolation_duration: 1 }
$data merge entity $(bone_body_0) { transformation: [-0.9839370370433657f,0.17661087202277354f,-0.026009748512394966f,0.0003652430684153027f,0.17343282150385322f,0.9802408170188522f,0.09512621655161951f,0.6339693091409281f,0.04229614118965364f,0.0890872635878357f,-0.9951253669296629f,0.07263973713508645f,0f,0f,0f,1f], start_interpolation: 0, interpolation_duration: 1 }
$data merge entity $(bone_leg_left_3) { transformation: [-0.8759099675540668f,0.09857346175081785f,-0.4722975771459065f,0.28747456141447203f,0.10169109787175415f,0.9946346198554195f,0.01899719975950684f,-0.0004238502048828363f,0.47163614084702077f,-0.03138862251716895f,-0.8812344211521721f,-0.19998659574210714f,0f,0f,0f,1f], start_interpolation: 0, interpolation_duration: 1 }
$data merge entity $(bone_leg_left_2) { transformation: [-0.9442110763114494f,-0.18068754033636925f,-0.35760265049166134f,0.23284020589810916f,-0.11761262532206564f,1.0001407515171525f,-0.19480232806681536f,0.22650478067960797f,0.38300771955186463f,-0.13832096523156814f,-0.9414003382418034f,-0.26072830915404366f,0f,0f,0f,1f], start_interpolation: 0, interpolation_duration: 1 }
$data merge entity $(bone_leg_left_1) { transformation: [-0.9900875774612596f,0.1345223295390546f,0.040377367574919214f,0.28696246775990386f,0.1247835568795855f,0.7105578278676552f,0.6924858389804653f,0.3803291429765213f,0.06446435363341035f,0.6906600582858297f,-0.7203006531992324f,-0.036179356819197775f,0f,0f,0f,1f], start_interpolation: 0, interpolation_duration: 1 }
$data merge entity $(bone_leg_left_0) { transformation: [-0.9945836535579129f,0.046579130778129044f,-0.09291792427377685f,0.19716921216582994f,0.06824361095411463f,0.9669256923110507f,-0.24575905906545653f,0.7879169867808338f,0.07839748490440762f,-0.25076899753508014f,-0.9648672158571426f,-0.04697747689733153f,0f,0f,0f,1f], start_interpolation: 0, interpolation_duration: 1 }
$data merge entity $(bone_leg_right_3) { transformation: [-0.9535270917327671f,0.03417727249070542f,0.29936265528076045f,-0.2901914264942256f,0.10813194308796911f,0.9661766873515322f,0.23411555203027373f,0.22053166629866702f,-0.2812357875798732f,0.25560618706032046f,-0.9249713016741724f,0.08101973007788807f,0f,0f,0f,1f], start_interpolation: 0, interpolation_duration: 1 }
$data merge entity $(bone_leg_right_2) { transformation: [-1.0059932511035587f,0.1539961331999621f,0.12776920283951862f,-0.2487858346897373f,0.11745895290944522f,0.9846927557829741f,-0.26200337896798803f,0.4417828167357749f,-0.16199744632617916f,-0.24233771305491436f,-0.9834080840199579f,-0.005609234267716201f,0f,0f,0f,1f], start_interpolation: 0, interpolation_duration: 1 }
$data merge entity $(bone_leg_right_1) { transformation: [-0.9749668029009396f,-0.03638820379404405f,-0.2193527566860365f,-0.2664547981214448f,-0.2115346508195195f,0.4557318347480664f,0.8646164388327491f,0.5155220562327177f,0.06850419508164689f,0.8893730338962409f,-0.4520207758880244f,0.26134341686994733f,0f,0f,0f,1f], start_interpolation: 0, interpolation_duration: 1 }
$data merge entity $(bone_leg_right_0) { transformation: [-0.9911186891708085f,-0.0944995376144731f,0.0935605759227101f,-0.195931858425051f,-0.12771763212135506f,0.48047499179391084f,-0.8676589126528669f,0.7896554593048185f,0.037039849104074735f,-0.8719022993726372f,-0.4882770012268192f,-0.04555179466184081f,0f,0f,0f,1f], start_interpolation: 0, interpolation_duration: 1 }
$data merge entity $(bone_tail_4) { transformation: [-1.221428408008973f,-0.06940573523451395f,2.475673003372057f,0.27390406261443273f,1.8148928596248453f,1.8531894762689851f,0.9473721574590616f,1.5977020386509955f,-1.6852115249402424f,2.0461018890960543f,-0.7740739675548722f,-1.5480546672952649f,0f,0f,0f,1f], start_interpolation: 0, interpolation_duration: 1 }
$data merge entity $(bone_tail_3) { transformation: [-1.750319387164209f,0.11655590730257029f,1.1219368473467775f,0.08252444244493227f,0.7340481825982903f,1.6902763706382307f,0.9695795906116439f,1.4167564887894126f,-0.856446632654772f,1.2105065209982846f,-1.4618887283508877f,-1.3120181184223565f,0f,0f,0f,1f], start_interpolation: 0, interpolation_duration: 1 }
$data merge entity $(bone_tail_2) { transformation: [-1.8857658280433067f,0.09022928991206358f,0.5044995461136542f,-0.012633871072088618f,0.30811323258391005f,1.7367899105839903f,0.8410712915104905f,1.2610442796756334f,-0.4095452999286056f,0.8911752671267286f,-1.690222815362155f,-0.9979001672151011f,0f,0f,0f,1f], start_interpolation: 0, interpolation_duration: 1 }
$data merge entity $(bone_tail_1) { transformation: [-1.511938235625408f,-0.008555650049985528f,-0.04032148938409305f,-0.002408089135007314f,-0.02632531660475319f,1.3389265409100743f,0.7030212982209307f,1.093420096618258f,0.03171749295875781f,0.7034619882401646f,-1.3385781567549973f,-0.718482480521952f,0f,0f,0f,1f], start_interpolation: 0, interpolation_duration: 1 }
$data merge entity $(bone_tail_0) { transformation: [-1.2781764610538175f,0.0064992778301420796f,-0.007642668359539291f,-0.00001788465672197059f,0.0014891100623799088f,1.0858513300651644f,0.6743592426377527f,0.9225601792213143f,0.009921368009977163f,0.6743295670274497f,-1.0858254546995159f,-0.3849062720621116f,0f,0f,0f,1f], start_interpolation: 0, interpolation_duration: 1 }
$data merge entity $(bone_body_1) { transformation: [-1.2363472787819387f,0.006770914083902018f,-0.0020386336633777323f,1.8557991432579204e-17f,0.005467692497084723f,1.141428328127925f,0.4750958546883958f,0.7352237500000001f,0.004483931701349055f,0.4750790687094186f,-1.1414396032585077f,-0.1515375f,0f,0f,0f,1f], start_interpolation: 0, interpolation_duration: 1 }