# This file was generated by Animated Java via MC-Build. It is not recommended to edit this file directly.
$data merge entity $(bone_head_lower) { transformation: [-0.9895591647980024f,-0.14404529743836347f,-0.004859182047754082f,0.01969009825050557f,-0.14211861851526514f,0.9696045060864666f,0.1991717852712368f,0.372591088031761f,-0.023978274241328337f,0.19778284572407334f,-0.9799525439028647f,0.796820380849893f,0f,0f,0f,1f], start_interpolation: 0, interpolation_duration: 1 }
$data merge entity $(bone_head_upper) { transformation: [-1.0300317223219222f,-0.10802045751400718f,-0.10410655287976017f,0.00976794464092554f,-0.14793121079644844f,0.6111464948062498f,0.8295108566750878f,0.44345259204091997f,-0.02495897566685107f,0.8356455499959338f,-0.6201173331629771f,0.7728275775725618f,0f,0f,0f,1f], start_interpolation: 0, interpolation_duration: 1 }
$data merge entity $(bone_neck_0) { transformation: [-0.9973897752067747f,-0.06928342266513254f,-0.020333313964628147f,0.009900035862395287f,-0.07212696766961034f,0.9691167176136898f,0.23581876129022203f,0.4429937999118357f,0.0033670235767705877f,0.2366698015917375f,-0.9715843083164536f,0.7061604318710366f,0f,0f,0f,1f], start_interpolation: 0, interpolation_duration: 1 }
$data merge entity $(bone_neck_1) { transformation: [-0.9976100427229744f,-0.06482811041130977f,-0.023906458515729343f,0.007576190052693891f,-0.0688992979971844f,0.9593986031429904f,0.27350906204872566f,0.4705834367136565f,0.005204747233098026f,0.2745025252848825f,-0.9615722927676641f,0.6259672368584447f,0f,0f,0f,1f], start_interpolation: 0, interpolation_duration: 1 }
$data merge entity $(bone_neck_2) { transformation: [-0.9996638922059045f,0.022746514999701456f,-0.012437792212049874f,0.006709248769895684f,0.01562546778380388f,0.911474951987536f,0.4110587022018339f,0.5155191714186067f,0.020686888994700944f,0.41072619584668213f,-0.911524023089372f,0.5501321621668539f,0f,0f,0f,1f], start_interpolation: 0, interpolation_duration: 1 }
$data merge entity $(bone_body_0) { transformation: [-0.9997708480894145f,0.01649706477163398f,-0.013641780107198149f,0.0004370841253293764f,0.01660071554443288f,0.9998339189368882f,-0.007520025712492773f,0.5214996793706778f,0.013515456114591866f,-0.007744765795312358f,-0.999878668163688f,0.07881931683115576f,0f,0f,0f,1f], start_interpolation: 0, interpolation_duration: 1 }
$data merge entity $(bone_leg_left_3) { transformation: [-0.9488801155666217f,-0.0002172274483801563f,-0.3156366250841472f,0.2546318179912922f,-0.01902586346790648f,0.9982207717463801f,0.05650935651165445f,0.07255737763866363f,0.3150627600995958f,0.05962586407169579f,-0.9471959741954818f,-0.1284753322843773f,0f,0f,0f,1f], start_interpolation: 0, interpolation_duration: 1 }
$data merge entity $(bone_leg_left_2) { transformation: [-1.0128657353290689f,-0.141990858283606f,-0.07748417813259638f,0.21756800901288087f,-0.12315880750855777f,0.995474383853793f,-0.2143008602984941f,0.29778708878700394f,0.10486710556732749f,-0.20231546346112467f,-1.0000667692285026f,-0.2063786271188233f,0f,0f,0f,1f], start_interpolation: 0, interpolation_duration: 1 }
$data merge entity $(bone_leg_left_1) { transformation: [-0.9641387009538991f,0.037431578310204994f,0.26274596527470234f,0.233003363218326f,0.2652314589186396f,0.10073616107122163f,0.9589079721498421f,0.26901482253306275f,0.009425418973080711f,0.9942087822976821f,-0.10705166359913354f,0.06920673569083394f,0f,0f,0f,1f], start_interpolation: 0, interpolation_duration: 1 }
$data merge entity $(bone_leg_left_0) { transformation: [-0.9757803556007137f,0.1688528009832843f,-0.13907346700159623f,0.19716243931329877f,0.21547741753196673f,0.8515187677801662f,-0.4780013291319407f,0.6673158322200713f,0.037711803954453914f,-0.49639149843470015f,-0.8672792515241293f,-0.05070578417426069f,0f,0f,0f,1f], start_interpolation: 0, interpolation_duration: 1 }
$data merge entity $(bone_leg_right_3) { transformation: [-0.9350172358427368f,0.06990843008389322f,0.34764289160029327f,-0.258835690487206f,0.1466902741451937f,0.9688113734656696f,0.19971601366633132f,0.11951037915994098f,-0.32283855430883024f,0.2377337461252986f,-0.9161102192449421f,-0.029265869827362283f,0f,0f,0f,1f], start_interpolation: 0, interpolation_duration: 1 }
$data merge entity $(bone_leg_right_2) { transformation: [-1.0183389924621373f,0.09702393839358243f,0.0750616500650755f,-0.23231998112200042f,0.09647799517198234f,1.021094457709368f,-0.010968335493622122f,0.3570373701280522f,-0.07576207744966101f,-0.00382927075355674f,-1.022891804545672f,-0.06165287006681547f,0f,0f,0f,1f], start_interpolation: 0, interpolation_duration: 1 }
$data merge entity $(bone_leg_right_1) { transformation: [-0.958102911850364f,-0.003654719004040352f,-0.2864008612641642f,-0.23720444469102772f,-0.28257558856996223f,0.17542701608529243f,0.9430675473006955f,0.3490509726425333f,0.046795801608616544f,0.9844856550790426f,-0.1691098693021636f,0.21570203818362765f,0f,0f,0f,1f], start_interpolation: 0, interpolation_duration: 1 }
$data merge entity $(bone_leg_right_0) { transformation: [-0.9733336314185006f,-0.1465588191565223f,0.17647139846762713f,-0.19593909870830042f,-0.22915132459759652f,0.5858183670748465f,-0.7773715400199105f,0.6689899180699572f,0.010550468465485394f,-0.7970805187214188f,-0.6037808661177935f,-0.04933290476572526f,0f,0f,0f,1f], start_interpolation: 0, interpolation_duration: 1 }
$data merge entity $(bone_tail_4) { transformation: [-1.7546369550851248f,0.3519605330769457f,2.103101108032087f,0.06405114771032491f,-0.25205763640162104f,2.6702540454009687f,-0.6571693941073246f,0.6249866258208013f,-2.117398742651282f,-0.6095313345316649f,-1.6645586347265808f,-1.7570117721928966f,0f,0f,0f,1f], start_interpolation: 0, interpolation_duration: 1 }
$data merge entity $(bone_tail_3) { transformation: [-1.9823048814506419f,0.10800605000429749f,0.6282894047999462f,-0.04354044144791715f,-0.11973902103810363f,1.9525887226605758f,-0.7134461248223454f,0.7268531102534507f,-0.6261592847369094f,-0.7153163631189031f,-1.8526177632843082f,-1.4358763292307368f,0f,0f,0f,1f], start_interpolation: 0, interpolation_duration: 1 }
$data merge entity $(bone_tail_2) { transformation: [-1.9493732229736482f,-0.05868794073167973f,0.1235865614408874f,-0.06797033253475276f,-0.09275848810966446f,1.8645189065655834f,-0.5777014669756927f,0.8346216290463111f,-0.10056726823234594f,-0.5821501933993779f,-1.8627295165665163f,-1.0898118688366956f,0f,0f,0f,1f], start_interpolation: 0, interpolation_duration: 1 }
$data merge entity $(bone_tail_1) { transformation: [-1.5024806381449147f,-0.10500120572241493f,-0.1385024505071654f,-0.03544719141002902f,-0.09658786736352515f,1.506464950874854f,-0.09428884167170014f,0.8365888353665567f,0.14449555660232874f,-0.08481950590792184f,-1.5031909178609748f,-0.7654431706096579f,0f,0f,0f,1f], start_interpolation: 0, interpolation_duration: 1 }
$data merge entity $(bone_tail_0) { transformation: [-1.2713390987411128f,-0.044868758607014635f,-0.1245769123763626f,-0.0001256852486910232f,-0.07302563048179196f,1.2407590722900497f,0.2983620257450673f,0.779342243497849f,0.11045302118502352f,0.30387404564231685f,-1.236647246016462f,-0.39673308094205273f,0f,0f,0f,1f], start_interpolation: 0, interpolation_duration: 1 }
$data merge entity $(bone_body_1) { transformation: [-1.2363487489043572f,0.006376755501304132f,-0.002388122307863874f,1.8557991432579204e-17f,0.005265189132766308f,1.1702310094362858f,0.3989188606638923f,0.6077758333333334f,0.004317860845016799f,0.39890264050173746f,-1.1702404174077714f,-0.1515375f,0f,0f,0f,1f], start_interpolation: 0, interpolation_duration: 1 }