# This file was generated by Animated Java via MC-Build. It is not recommended to edit this file directly.
$data merge entity $(bone_head_lower) { transformation: [-0.9986801624300977f,-0.04917398988008398f,-0.014827403274574824f,0.016309151566808018f,-0.05098726656122389f,0.9839592706924707f,0.17095160796832726f,0.3349793688609527f,0.006183188272095175f,0.17148198837666667f,-0.9851678516096516f,0.7949553880895144f,0f,0f,0f,1f], start_interpolation: 0, interpolation_duration: 1 }
$data merge entity $(bone_head_upper) { transformation: [-1.0395257649567544f,-0.025140879122133402f,-0.047181169671254596f,0.012169375706981157f,-0.05307262451888355f,0.5958842801158561f,0.851808173135826f,0.40706472894562723f,0.006436078096095421f,0.8530895635812697f,-0.5963796743610288f,0.773000443109167f,0f,0f,0f,1f], start_interpolation: 0, interpolation_duration: 1 }
$data merge entity $(bone_neck_0) { transformation: [-0.99961148772193f,0.0064127241311603585f,-0.02712472273715224f,0.010634349201405428f,-0.0011724772668097881f,0.9626372615315268f,0.2707916690153931f,0.40894959715573675f,0.02784778108590636f,0.27071826624795914f,-0.9622557463628317f,0.7063759189476049f,0f,0f,0f,1f], start_interpolation: 0, interpolation_duration: 1 }
$data merge entity $(bone_neck_1) { transformation: [-0.9984986776293862f,-0.04438210387261288f,-0.03210326507082752f,0.00771031848977414f,-0.05194508526309171f,0.953195029999205f,0.2978606098527049f,0.43857355058459274f,0.017380992186217307f,0.2990810318971359f,-0.9540694091469273f,0.6269315467606862f,0f,0f,0f,1f], start_interpolation: 0, interpolation_duration: 1 }
$data merge entity $(bone_neck_2) { transformation: [-0.9996012567249773f,-0.013039364571255629f,-0.025046008173433883f,0.00538843679996458f,-0.022443926049787333f,0.9051405809235852f,0.4245194918361073f,0.4846265339657296f,0.017134693966263624f,0.4249123482989084f,-0.9050723167381652f,0.5518005812321114f,0f,0f,0f,1f], start_interpolation: 0, interpolation_duration: 1 }
$data merge entity $(bone_body_0) { transformation: [-0.9997145704819733f,-0.021620600126407586f,-0.010164999567999376f,0.0003917473803606643f,-0.021531446654476837f,0.9997294438794506f,-0.008799763942853811f,0.4900029108333339f,0.010352505542566096f,-0.008578385084531792f,-0.9999096143843865f,0.08046520979289251f,0f,0f,0f,1f], start_interpolation: 0, interpolation_duration: 1 }
$data merge entity $(bone_leg_left_3) { transformation: [-0.9617232480803138f,-0.0059140419079101204f,-0.27395878925517714f,0.24777644637041182f,-0.021413276222566828f,0.9983318315494759f,0.05361926628074398f,0.062238197583195876f,0.2731846732583421f,0.05743325015512138f,-0.9602455707126968f,-0.11159376164899706f,0f,0f,0f,1f], start_interpolation: 0, interpolation_duration: 1 }
$data merge entity $(bone_leg_left_2) { transformation: [-1.0183598514196885f,-0.11677603809406376f,-0.036996884250139986f,0.2178328906444505f,-0.10556913098383154f,0.9937820405020802f,-0.23089957570237168f,0.28658773954180156f,0.062133494191805444f,-0.22543915454789665f,-0.998688548045356f,-0.1949108580906382f,0f,0f,0f,1f], start_interpolation: 0, interpolation_duration: 1 }
$data merge entity $(bone_leg_left_1) { transformation: [-0.9578011461010619f,0.005194949597469717f,0.28738471954189265f,0.2230775967264234f,0.28741740088407497f,0.027272435256560534f,0.9574170731422227f,0.23749489951748615f,-0.0028639477187003054f,0.9996145390968746f,-0.027614688656729225f,0.07817479106769157f,0f,0f,0f,1f], start_interpolation: 0, interpolation_duration: 1 }
$data merge entity $(bone_leg_left_0) { transformation: [-0.9707381174754866f,0.1910956628870692f,-0.14543024068569832f,0.19707371379496508f,0.23866504357206814f,0.8347654092337242f,-0.49619120157817764f,0.6333949211689143f,0.026580147796642715f,-0.5163808276578483f,-0.8559464566025751f,-0.05180308971722816f,0f,0f,0f,1f], start_interpolation: 0, interpolation_duration: 1 }
$data merge entity $(bone_leg_right_3) { transformation: [-0.9363218670267928f,0.06433858831721889f,0.3451983594700421f,-0.24404061468651725f,0.12736230752589014f,0.978352194223462f,0.16311292615797526f,0.06317087992301862f,-0.3272311170245603f,0.19669145917269504f,-0.9242468641761105f,-0.053663223159130934f,0f,0f,0f,1f], start_interpolation: 0, interpolation_duration: 1 }
$data merge entity $(bone_leg_right_2) { transformation: [-1.0194218874941268f,0.08203172957809357f,0.07817934600028681f,-0.2209215366796939f,0.0801628578164932f,1.0221994515239843f,-0.02728364036289232f,0.3004765382958793f,-0.08009451307860418f,-0.02100657390403139f,-1.0223530663759017f,-0.09003085715356526f,0f,0f,0f,1f], start_interpolation: 0, interpolation_duration: 1 }
$data merge entity $(bone_leg_right_1) { transformation: [-0.9536995872847785f,-0.010403787693672756f,-0.3005808683440581f,-0.22679976194200527f,-0.2975643724165973f,0.17795891451538354f,0.9379691194345487f,0.2931498689886105f,0.043732613472781755f,0.9839829195398317f,-0.17281513988279174f,0.18732298191197397f,0f,0f,0f,1f], start_interpolation: 0, interpolation_duration: 1 }
$data merge entity $(bone_leg_right_0) { transformation: [-0.9690533854553587f,-0.17187293197472384f,0.17718699554967313f,-0.19602950170984884f,-0.2466819380977334f,0.6476715289442868f,-0.7208811358409347f,0.6348140870699045f,0.009140982105549297f,-0.7422811366654698f,-0.6700262357525741f,-0.05063926663303461f,0f,0f,0f,1f], start_interpolation: 0, interpolation_duration: 1 }
$data merge entity $(bone_tail_4) { transformation: [-1.9101934298594991f,0.30671112731695965f,1.9704696588634814f,0.042396227645712034f,-0.48600026398509577f,2.5747337958066074f,-0.8719007717267584f,0.4666205457428063f,-1.934069837293375f,-0.9499134153759804f,-1.7270494200690152f,-1.7408831359497698f,0f,0f,0f,1f], start_interpolation: 0, interpolation_duration: 1 }
$data merge entity $(bone_tail_3) { transformation: [-2.0071063350494787f,0.058941165025067875f,0.5513579825432684f,-0.0516704968127924f,-0.19686650944447098f,1.8598640333055978f,-0.9154752214668775f,0.6036510830375172f,-0.5183756006100646f,-0.9345465439057418f,-1.7871359825179598f,-1.4287056437548065f,0f,0f,0f,1f], start_interpolation: 0, interpolation_duration: 1 }
$data merge entity $(bone_tail_2) { transformation: [-1.9499693909048863f,-0.09472111378609244f,0.08614615568860591f,-0.06914931327617813f,-0.12082786591456343f,1.7963111973944852f,-0.759895113773276f,0.7452520168521449f,-0.042354177542902174f,-0.7635888080119368f,-1.7983081301396464f,-1.0946171068562691f,0f,0f,0f,1f], start_interpolation: 0, interpolation_duration: 1 }
$data merge entity $(bone_tail_1) { transformation: [-1.5014872648290958f,-0.11931128426514791f,-0.13768464330869382f,-0.03662817825017733f,-0.09907856632772834f,1.493982533781499f,-0.21413985255027823f,0.7731647877304717f,0.15289107642528754f,-0.2035614310295889f,-1.490920290473875f,-0.7714454342156387f,0f,0f,0f,1f], start_interpolation: 0, interpolation_duration: 1 }
$data merge entity $(bone_tail_0) { transformation: [-1.2704953766131295f,-0.05424075787001127f,-0.12936442623216227f,-0.00013381230496761269f,-0.07628847367969709f,1.2563976097894543f,0.22244287240322194f,0.7384809227610138f,0.11771696297608053f,0.2288202414233948f,-1.25204621732852f,-0.40004658921767855f,0f,0f,0f,1f], start_interpolation: 0, interpolation_duration: 1 }
$data merge entity $(bone_body_1) { transformation: [-1.236354024778586f,0.005365047272399291f,-0.0021299619260452835f,1.8557991432579204e-17f,0.004463437093142811f,1.177824058891186f,0.37591908581855465f,0.5717501923076924f,0.0036603550861956627f,0.37590729923893096f,-1.1778305902105726f,-0.1515375f,0f,0f,0f,1f], start_interpolation: 0, interpolation_duration: 1 }