# This file was generated by Animated Java via MC-Build. It is not recommended to edit this file directly.
$data merge entity $(bone_head_lower) { transformation: [-0.9996662668163429f,0.013279861059089546f,-0.022158526118122548f,0.01293087481073471f,0.009442701776369728f,0.9862378355509078f,0.16506291864323558f,0.341796679961742f,0.0240455894633254f,0.16479859531595548f,-0.9860340930258191f,0.7953748104876025f,0f,0f,0f,1f], start_interpolation: 0, interpolation_duration: 1 }
$data merge entity $(bone_head_upper) { transformation: [-1.0405522006015202f,0.02617186075583596f,-0.006172042726500958f,0.012770055498294656f,0.009828904344564177f,0.5925796784762044f,0.855701267896648f,0.4140957422199906f,0.025029044053379804f,0.8553574112294361f,-0.5926290480495864f,0.7737351195119091f,0f,0f,0f,1f], start_interpolation: 0, interpolation_duration: 1 }
$data merge entity $(bone_neck_0) { transformation: [-0.9976185268218859f,0.06340104703053571f,-0.02715846419004396f,0.0103071758978566f,0.05358662153423848f,0.9603647192629862f,0.27354721710789215f,0.4161779829246489f,0.04342521081441506f,0.2714404414053988f,-0.9614750843549542f,0.7071443187056529f,0f,0f,0f,1f], start_interpolation: 0, interpolation_duration: 1 }
$data merge entity $(bone_neck_1) { transformation: [-0.9992881192998243f,-0.019428192247359158f,-0.032338830718187536f,0.007478149235713387f,-0.02826937416737897f,0.9532506825752145f,0.3008554115419439f,0.44605589174781674f,0.024981935681701345f,0.30155543688663167f,-0.9531213046478965f,0.6277916626881597f,0f,0f,0f,1f], start_interpolation: 0, interpolation_duration: 1 }
$data merge entity $(bone_neck_2) { transformation: [-0.9995103255392365f,-0.017527359288934993f,-0.025921049685650385f,0.005035667073339539f,-0.026846542987199053f,0.9058975475178658f,0.42264511890089623f,0.4919520771780942f,0.016073962488628777f,0.4231340509548632f,-0.9059245016293805f,0.5525686287292937f,0f,0f,0f,1f], start_interpolation: 0, interpolation_duration: 1 }
$data merge entity $(bone_body_0) { transformation: [-0.9996172780814806f,-0.02602018021129339f,-0.009394018455566432f,0.00036042666106245527f,-0.025957462864355303f,0.9996403425094154f,-0.0067376367744479415f,0.4982994780452651f,0.00956595434953157f,-0.006491213247967975f,-0.9999331761012593f,0.0812420356619771f,0f,0f,0f,1f], start_interpolation: 0, interpolation_duration: 1 }
$data merge entity $(bone_leg_left_3) { transformation: [-0.9643232361006823f,-0.00857713859872285f,-0.26458860332555195f,0.2437148191480502f,-0.022583564185459058f,0.9984968494061834f,0.04994020779499056f,0.06739896264899184f,0.26376254272543936f,0.0541338564983494f,-0.963067415415778f,-0.10924701309356903f,0f,0f,0f,1f], start_interpolation: 0, interpolation_duration: 1 }
$data merge entity $(bone_leg_left_2) { transformation: [-1.0191401577261157f,-0.10979514693824066f,-0.03688582545494605f,0.21540072067867636f,-0.09815632771900806f,0.9921122709824112f,-0.241123985939881f,0.291054803746148f,0.061488809871401005f,-0.23605183112110645f,-0.9962734859393105f,-0.19496427294831395f,0f,0f,0f,1f], start_interpolation: 0, interpolation_duration: 1 }
$data merge entity $(bone_leg_left_1) { transformation: [-0.9558583369266521f,0.003757448189912166f,0.2938038823959194f,0.21987576196525388f,0.2937343687511636f,0.03744832457631608f,0.9551532566037676f,0.2447206928301786f,-0.007413524274629617f,0.9992915012995592f,-0.036898984922386024f,0.0786166288538325f,0f,0f,0f,1f], start_interpolation: 0, interpolation_duration: 1 }
$data merge entity $(bone_leg_left_0) { transformation: [-0.9692373254464157f,0.19871475322750765f,-0.14522897028902232f,0.19702150238483357f,0.24513509149536425f,0.8323177746928462f,-0.4971477736527721f,0.6404898734242441f,0.02208605621287712f,-0.5174548954064297f,-0.8554254130787105f,-0.0523479353434563f,0f,0f,0f,1f], start_interpolation: 0, interpolation_duration: 1 }
$data merge entity $(bone_leg_right_3) { transformation: [-0.9392587395196782f,0.05986394828165974f,0.3379487060665216f,-0.23832454998232158f,0.11453909094753137f,0.9828930823397779f,0.14422893375991913f,0.06034741682041461f,-0.32353333194714046f,0.17417662410536258f,-0.930047679817782f,-0.05925327829674799f,0f,0f,0f,1f], start_interpolation: 0, interpolation_duration: 1 }
$data merge entity $(bone_leg_right_2) { transformation: [-1.0194954105755307f,0.07711926074019267f,0.08212141583661563f,-0.21622861965192408f,0.07347073297759608f,1.0219578368599844f,-0.047607043353793614f,0.2969790529994278f,-0.0854011634104532f,-0.04143668427904708f,-1.0212990952628878f,-0.10034233630606415f,0f,0f,0f,1f], start_interpolation: 0, interpolation_duration: 1 }
$data merge entity $(bone_leg_right_1) { transformation: [-0.9522386646215875f,-0.01554560339366573f,-0.30495878379679886f,-0.22324243215183837f,-0.3022089995505217f,0.19096389746682502f,0.933917828534691f,0.2933077957790719f,0.043717801755905644f,0.9814739548655411f,-0.18654122796375222f,0.17705758071700134f,0f,0f,0f,1f], start_interpolation: 0, interpolation_duration: 1 }
$data merge entity $(bone_leg_right_0) { transformation: [-0.9677089120440523f,-0.1810416586960163f,0.1753949240061179f,-0.19608255567618277f,-0.2518822514877654f,0.6676322661913326f,-0.7005872454774494f,0.641761868204736f,0.009736166389849449f,-0.7221433894711083f,-0.6916748745669518f,-0.051304804723881325f,0f,0f,0f,1f], start_interpolation: 0, interpolation_duration: 1 }
$data merge entity $(bone_tail_4) { transformation: [-2.01614969226938f,0.2677706903302856f,1.867913436795755f,0.03403762186930852f,-0.5102928760698385f,2.5543012349031438f,-0.9169556770120609f,0.43859966963546715f,-1.8167011120694727f,-1.0146454505748874f,-1.8154208907669935f,-1.7386900249943174f,0f,0f,0f,1f], start_interpolation: 0, interpolation_duration: 1 }
$data merge entity $(bone_tail_3) { transformation: [-2.0193185827538693f,0.03691565781937498f,0.5068877800826451f,-0.052273062729967554f,-0.20542838501201902f,1.8402921188849455f,-0.9524020274263154f,0.5820831551708128f,-0.4648625237860144f,-0.973605504001577f,-1.7809942960609324f,-1.4271717132734842f,0f,0f,0f,1f], start_interpolation: 0, interpolation_duration: 1 }
$data merge entity $(bone_tail_2) { transformation: [-1.9501963816533652f,-0.10245334336520083f,0.07079025654842154f,-0.06689925883608197f,-0.12251671057144493f,1.7774893935969367f,-0.8026798778366905f,0.7316319556668264f,-0.022307030722439673f,-0.8054865877756521f,-1.7802998703299004f,-1.0964260184763945f,0f,0f,0f,1f], start_interpolation: 0, interpolation_duration: 1 }
$data merge entity $(bone_tail_1) { transformation: [-1.5019886802472127f,-0.118773880876131f,-0.1325858952938048f,-0.035481407659088096f,-0.0956386023505992f,1.4886097594605117f,-0.2501009631715612f,0.7673455465026142f,0.15013164939366078f,-0.23997916422169077f,-1.4857747940350172f,-0.7739137938152784f,0f,0f,0f,1f], start_interpolation: 0, interpolation_duration: 1 }
$data merge entity $(bone_tail_0) { transformation: [-1.2708214047880082f,-0.05554164103130293f,-0.1255539717739387f,-0.0001319376977746346f,-0.07396373701094623f,1.2617800905928338f,0.19046281835293677f,0.7421368854620936f,0.11566347445947096f,0.19662615715900594f,-1.2576946495794887f,-0.4016412462338329f,0f,0f,0f,1f], start_interpolation: 0, interpolation_duration: 1 }
$data merge entity $(bone_body_1) { transformation: [-1.236356674713033f,0.004790063361209472f,-0.001955311171425593f,1.8557991432579204e-17f,0.004000567292076391f,1.181392645423039f,0.364554533448626f,0.5778078846153847f,0.0032807636493767255f,0.36454501462727396f,-1.1813978008937243f,-0.1515375f,0f,0f,0f,1f], start_interpolation: 0, interpolation_duration: 1 }