# This file was generated by Animated Java via MC-Build. It is not recommended to edit this file directly.
$data merge entity $(bone_head_lower) { transformation: [-0.9995939634611756f,-0.024714071978270195f,-0.014181779092589959f,-0.002317913007289278f,-0.02847631301234847f,0.8489172041117623f,0.5277581644657818f,1.7046205108764003f,-0.0010038970071149771f,0.5279477201478583f,-0.8492762783579191f,0.982012568322027f,0f,0f,0f,1f], start_interpolation: 0, interpolation_duration: 1 }
$data merge entity $(bone_head_upper) { transformation: [-0.9995939634611756f,-0.02501990991757004f,0.013634966802116611f,-0.0020420164945636594f,-0.02847631301234847f,0.8940340634730947f,-0.44709304730336535f,1.7092544436193282f,-0.0010038970071149771f,-0.44729978477247584f,-0.8943835277627242f,0.9618493366529985f,0f,0f,0f,1f], start_interpolation: 0, interpolation_duration: 1 }
$data merge entity $(bone_neck_0) { transformation: [-0.9995939634611756f,-0.025955167770246777f,0.011757443514492623f,0.0006070604363050181f,-0.02847631301234847f,0.9245018443607053f,-0.3801124036004049f,1.6221814235513217f,-0.0010038970071149771f,-0.3802928727174264f,-0.9248655703133977f,0.7946432056815305f,0f,0f,0f,1f], start_interpolation: 0, interpolation_duration: 1 }
$data merge entity $(bone_neck_1) { transformation: [-0.9994348278015044f,-0.025982238947007026f,0.021329515622210644f,0.004121645796013627f,-0.03284458008331878f,0.8898938114171108f,-0.45498377768957676f,1.549884711322565f,-0.007159506723787325f,-0.45542719249165214f,-0.8902442439031232f,0.6356875816250749f,0f,0f,0f,1f], start_interpolation: 0, interpolation_duration: 1 }
$data merge entity $(bone_neck_2) { transformation: [-0.9994348278015044f,-0.03179184046292296f,0.010922630514557894f,0.0020663316071438003f,-0.03284458008331878f,0.9927215523449955f,-0.11586696280171016f,1.6650806756162322f,-0.007159506723787325f,-0.11616022722826647f,-0.993204683372843f,0.394133161913246f,0f,0f,0f,1f], start_interpolation: 0, interpolation_duration: 1 }
$data merge entity $(bone_arm_right_2) { transformation: [-0.8205986103904144f,0.5259508464592175f,0.22359254847636134f,-0.29706616794587637f,0.43298215395544337f,0.31678635998285587f,0.8439033454637552f,1.2984399971835103f,0.3730206093253102f,0.7893174958390607f,-0.4876817771671695f,0.9580375672117525f,0f,0f,0f,1f], start_interpolation: 0, interpolation_duration: 1 }
$data merge entity $(bone_arm_right_1) { transformation: [-0.7272025877272946f,-0.5029414860936461f,-0.4671469340246613f,-0.3473483408154008f,0.3201729803315538f,0.35345864180573866f,-0.8789517911685789f,1.3596590839976417f,0.6071784408790688f,-0.7887438431447545f,-0.09600776444072484f,0.6219310209874414f,0f,0f,0f,1f], start_interpolation: 0, interpolation_duration: 1 }
$data merge entity $(bone_arm_right_0) { transformation: [-0.5972904816880281f,0.5864709174935954f,-0.5470794671883635f,-0.15605287045168226f,0.800903636032504f,0.4722087460054962f,-0.36820139324265333f,1.4880586601248584f,0.04239630024893315f,-0.6580811219979926f,-0.7517524796068618f,0.3986692341933219f,0f,0f,0f,1f], start_interpolation: 0, interpolation_duration: 1 }
$data merge entity $(bone_arm_left_2) { transformation: [-0.9800830079861007f,-0.1829118448656636f,-0.07733404466828447f,0.3830046321837065f,-0.1608568394506044f,0.5028355010228449f,0.8492829540930792f,1.2124370255195527f,-0.11645760884922587f,0.8448075022861388f,-0.5222431516278374f,0.7006488043187474f,0f,0f,0f,1f], start_interpolation: 0, interpolation_duration: 1 }
$data merge entity $(bone_arm_left_1) { transformation: [-0.9366552939388382f,0.3093951076899758f,-0.1641692044016079f,0.3406836969853847f,0.1634742578163738f,-0.028361039344256544f,-0.9861398574637875f,1.2258447713990015f,-0.3097628566625352f,-0.9505105569034051f,-0.024013617958230538f,0.3581975600400277f,0f,0f,0f,1f], start_interpolation: 0, interpolation_duration: 1 }
$data merge entity $(bone_arm_left_0) { transformation: [-0.866180188776705f,-0.49826418596845995f,-0.038271158225740905f,0.16266401889458798f,-0.49700058493433147f,0.8509204062565408f,0.17007316305383458f,1.4902459282745042f,-0.05217565663874421f,0.16633479250412936f,-0.9846879900033938f,0.39462908525066265f,0f,0f,0f,1f], start_interpolation: 0, interpolation_duration: 1 }
$data merge entity $(bone_finger_right_1_fire) { transformation: [0.000005247108188474896f,-0.000014988991756298404f,-0.000005057248220706227f,-1.3735343837197223f,0.00001558623060712892f,0.000005809516386625902f,-0.0000010472404655574456f,1.8795244572305272f,0.000002704634706871807f,-0.000004399707178997449f,0.000015846302585121886f,0.9962045543544527f,0f,0f,0f,1f], start_interpolation: 0, interpolation_duration: 1 }
$data merge entity $(bone_finger_right_1_fire_s) { transformation: [0.0000031482649130849376f,-0.000008993395053779042f,-0.0000030343489324237362f,-1.3735343837197223f,0.00000935173836427735f,0.000003485709831975541f,-6.283442793344674e-7f,1.8795244572305272f,0.0000016227808241230843f,-0.000002639824307398469f,0.00000950778155107313f,0.9962045543544527f,0f,0f,0f,1f], start_interpolation: 0, interpolation_duration: 1 }
$data merge entity $(bone_finger_right_1) { transformation: [0.6259086462136918f,-1.7879828662385135f,-0.6032609341544513f,-1.0279085019377694f,1.8592253386942226f,0.6929962955016119f,-0.12492154507067167f,1.9319450474581785f,0.3226261374977931f,-0.5248252304367612f,1.890248388689883f,0.01872629124069041f,0f,0f,0f,1f], start_interpolation: 0, interpolation_duration: 1 }
$data merge entity $(bone_finger_right_2_fire) { transformation: [0.000011916143739276143f,0.000008345441068713634f,0.000008132460238532727f,-0.5866066507292812f,-0.000010729562874382077f,0.000012395349206725727f,0.000003001595633289694f,2.109735812167124f,-0.000004545302705801867f,-0.000007381511307972762f,0.000014234861850424762f,0.4616697562153763f,0f,0f,0f,1f], start_interpolation: 0, interpolation_duration: 1 }
$data merge entity $(bone_finger_right_2_fire_s) { transformation: [0.0000071496862435656855f,0.00000500726464122818f,0.000004879476143119636f,-0.5866066507292812f,-0.000006437737724629246f,0.0000074372095240354356f,0.0000018009573799738165f,2.109735812167124f,-0.00000272718162348112f,-0.000004428906784783657f,0.000008540917110254856f,0.4616697562153763f,0f,0f,0f,1f], start_interpolation: 0, interpolation_duration: 1 }
$data merge entity $(bone_finger_right_2) { transformation: [0.8882335249759522f,0.6220720981662882f,0.6061964325413128f,-0.8480534872990018f,-0.7997853720034459f,0.9239536682415579f,0.2237399890638854f,2.014013900623978f,-0.3388084545464181f,-0.5502204364252473f,1.061071584532309f,0.0033512566077487926f,0f,0f,0f,1f], start_interpolation: 0, interpolation_duration: 1 }
$data merge entity $(bone_finger_film_right) { transformation: [1.1369617790613766f,-0.17007738369686556f,0.014872842921542919f,-0.9338913325516035f,0.4496495183943247f,0.4016966537481411f,0.244493451571062f,2.027298612584504f,-0.13000390558794722f,-0.09806457575233977f,0.9757108151759412f,0.0700688729280984f,0f,0f,0f,1f], start_interpolation: 0, interpolation_duration: 1 }
$data merge entity $(bone_finger_right_0_fire) { transformation: [0.00001541875417423957f,-0.000006296616049120783f,6.264374047759037e-7f,-0.9271431906588795f,0.0000061282473681044586f,0.00001527038940399241f,0.0000026528417637573413f,2.1687558328566956f,-0.0000015761921480164108f,-0.0000022238730984858255f,0.00001644225606576361f,0.7577728521077199f,0f,0f,0f,1f], start_interpolation: 0, interpolation_duration: 1 }
$data merge entity $(bone_finger_right_0_fire_s) { transformation: [0.000009251252504543741f,-0.0000037779696294724694f,3.758624428655422e-7f,-0.9271431906588795f,0.000003676948420862675f,0.000009162233642395446f,0.0000015917050582544047f,2.1687558328566956f,-9.457152888098464e-7f,-0.0000013343238590914954f,0.000009865353639458166f,0.7577728521077199f,0f,0f,0f,1f], start_interpolation: 0, interpolation_duration: 1 }
$data merge entity $(bone_fire_large_right) { transformation: [0.00002467000667878331f,-0.000010074585678593252f,0.0000010022998476414459f,-0.8845493385500977f,0.000009805195788967133f,0.000024432623046387854f,0.000004244546822011745f,2.0706280801575803f,-0.0000025219074368262567f,-0.0000035581969575773207f,0.000026307609705221773f,0.7783308846358674f,0f,0f,0f,1f], start_interpolation: 0, interpolation_duration: 1 }
$data merge entity $(bone_finger_right_0) { transformation: [1.3530569683373648f,-0.5525530873591439f,0.05497237235776953f,-0.9273280487697365f,0.5377780663344544f,1.3400373699982147f,0.23279740981571762f,1.9913460133316019f,-0.1383171263522284f,-0.19515370428769765f,1.442873327738618f,0.07454061249517477f,0f,0f,0f,1f], start_interpolation: 0, interpolation_duration: 1 }
$data merge entity $(bone_wing_right_1_model) { transformation: [-0.6730785526337317f,-0.6903638623833179f,0.31833957112100936f,-0.601971211289887f,-0.654730700941416f,0.7424885973480768f,0.22586605564955464f,1.6075993345907866f,-0.3863548294910814f,-0.05554730745151492f,-0.9373481345826875f,0.12128757230198818f,0f,0f,0f,1f], start_interpolation: 0, interpolation_duration: 1 }
$data merge entity $(bone_wing_right_0) { transformation: [-0.4505274073603672f,-0.019932012696647506f,-0.8925400663762979f,-0.17475099389871035f,0.33157667500373234f,0.9245036413924734f,-0.18801575903505077f,1.7434496326835907f,0.8289040739498236f,-0.3806517199776164f,-0.4099052381556831f,0.2538517123102243f,0f,0f,0f,1f], start_interpolation: 0, interpolation_duration: 1 }
$data merge entity $(bone_finger_left_1_fire) { transformation: [0.000006218263296030525f,0.000013964340392646789f,0.00000664139870488974f,1.4277105206034677f,-0.000012980421601739623f,8.236868581052752e-7f,0.000010421514898451857f,2.540848257922963f,0.000008403548916981985f,-0.000009060712727807679f,0.000011183095646636166f,0.7120381930161243f,0f,0f,0f,1f], start_interpolation: 0, interpolation_duration: 1 }
$data merge entity $(bone_finger_left_1_fire_s) { transformation: [0.000003730957977618315f,0.000008378604235588073f,0.000003984839222933844f,1.4277105206034677f,-0.000007788252961043773f,4.942121148631651e-7f,0.000006252908939071114f,2.540848257922963f,0.00000504212935018919f,-0.000005436427636684607f,0.0000067098573879817f,0.7120381930161243f,0f,0f,0f,1f], start_interpolation: 0, interpolation_duration: 1 }
$data merge entity $(bone_finger_left_1) { transformation: [0.7417542428356155f,1.6657558938134216f,0.7922285424709595f,0.9856366269160562f,-1.5483877633537533f,0.0982546400306891f,1.2431449947826874f,1.889767255259541f,1.0024290975306795f,-1.0808198027343578f,1.3339912205429003f,0.03503514738921558f,0f,0f,0f,1f], start_interpolation: 0, interpolation_duration: 1 }
$data merge entity $(bone_finger_left_2_fire) { transformation: [0.000011382428929183574f,-0.000010009980524667074f,-0.000006929529518347463f,0.5763807058323249f,0.000010664181112943051f,0.0000036214004256607525f,0.000012285702174688706f,2.3337352540519425f,-0.000005873102301187291f,-0.000012824333379579154f,0.000008878114693276857f,0.2757794103858413f,0f,0f,0f,1f], start_interpolation: 0, interpolation_duration: 1 }
$data merge entity $(bone_finger_left_2_fire_s) { transformation: [0.000006829457357510144f,-0.000006005988314800244f,-0.0000041577177110084775f,0.5763807058323249f,0.0000063985086677658305f,0.0000021728402553964514f,0.000007371421304813223f,2.3337352540519425f,-0.0000035238613807123745f,-0.000007694600027747492f,0.000005326868815966114f,0.2757794103858413f,0f,0f,0f,1f], start_interpolation: 0, interpolation_duration: 1 }
$data merge entity $(bone_finger_left_2) { transformation: [0.8484502362314686f,-0.7461474518018671f,-0.5165295556329512f,0.7990247255134485f,0.7949117926221644f,0.2699404552189014f,0.9157805400970571f,1.9388278931451457f,-0.437783101116306f,-0.9559302986305128f,0.6617777765769994f,-0.010665691834873398f,0f,0f,0f,1f], start_interpolation: 0, interpolation_duration: 1 }
$data merge entity $(bone_finger_film_left) { transformation: [1.177199856204956f,0.1262759813561148f,0.06000967909552291f,0.8895601683730915f,-0.2380738613924751f,0.21241951408989196f,0.8635028756659786f,1.9944914374045868f,0.26322827921689385f,-0.37260636825136983f,0.5126123938225043f,0.01580623676201383f,0f,0f,0f,1f], start_interpolation: 0, interpolation_duration: 1 }
$data merge entity $(bone_finger_left_0_fire) { transformation: [0.000015948775629429882f,0.000004778993098909474f,7.586558247697567e-7f,0.938088593893645f,-0.000003382321472601303f,0.000009141558145640211f,0.000013519230521876506f,2.5812665529220133f,0.00000346038078191717f,-0.000013090871529742877f,0.000009717645044643464f,0.39834041992952146f,0f,0f,0f,1f], start_interpolation: 0, interpolation_duration: 1 }
$data merge entity $(bone_finger_left_0_fire_s) { transformation: [0.00000956926537765793f,0.0000028673958593456845f,4.55193494861854e-7f,0.938088593893645f,-0.0000020293928835607817f,0.000005484934887384127f,0.000008111538313125903f,2.5812665529220133f,0.0000020762284691503017f,-0.000007854522917845726f,0.000005830587026786078f,0.39834041992952146f,0f,0f,0f,1f], start_interpolation: 0, interpolation_duration: 1 }
$data merge entity $(bone_fire_large_left) { transformation: [0.00002551804100708781f,0.000007646388958255159f,0.0000012138493196316107f,0.9058731265151164f,-0.000005411714356162084f,0.000014626493033024338f,0.000021630768835002405f,2.5269826297519224f,0.000005536609251067471f,-0.000020945394447588602f,0.00001554823207142954f,0.48711735463397354f,0f,0f,0f,1f], start_interpolation: 0, interpolation_duration: 1 }
$data merge entity $(bone_finger_left_0) { transformation: [1.3995684578655991f,0.4193756409268745f,0.06657506428044961f,0.8864287868612982f,-0.2968121539486179f,0.8022080649735575f,1.1863662172359877f,1.9723366668732674f,0.3036621686268397f,-1.1487760129492681f,0.8527619803065163f,0.04504701538244481f,0f,0f,0f,1f], start_interpolation: 0, interpolation_duration: 1 }
$data merge entity $(bone_wing_left_1_model) { transformation: [-0.7261092387510254f,0.6757712065571199f,-0.21696942833169205f,0.5664043795744643f,0.6389318230836404f,0.757524621852695f,0.22113266556478584f,1.5814620112637066f,0.3090446276725459f,0.021605710289322302f,-0.9669548564599442f,0.05530594970785907f,0f,0f,0f,1f], start_interpolation: 0, interpolation_duration: 1 }
$data merge entity $(bone_wing_left_0) { transformation: [-0.5892903011198055f,0.03298133956997688f,0.8072479001188537f,0.17417900668743208f,-0.28483382197990337f,0.926531307377161f,-0.24578329948613167f,1.745844245276301f,-0.7560467147355707f,-0.3747692192405062f,-0.5366017121174806f,0.24942857309152228f,0f,0f,0f,1f], start_interpolation: 0, interpolation_duration: 1 }
$data merge entity $(bone_body_0) { transformation: [-0.9998961234392792f,-0.011817815174757688f,-0.008251156015794311f,-4.586174773853327e-18f,-0.006862017724379384f,0.8937458522716084f,-0.4485211971134105f,1.3073364624481252f,0.012674977075009438f,-0.4484179866952169f,-0.8937341070835084f,0.03744895897369266f,0f,0f,0f,1f], start_interpolation: 0, interpolation_duration: 1 }
$data merge entity $(bone_leg_right_3) { transformation: [-0.9849358616823815f,-0.17246072355169415f,-0.012595523173372931f,-0.18355126597869167f,-0.06132949833875104f,0.2802939818102179f,0.9579530136674189f,0.5298024509337679f,-0.1616788205223615f,0.9442947540852906f,-0.28664852415719627f,-0.47191482974370064f,0f,0f,0f,1f], start_interpolation: 0, interpolation_duration: 1 }
$data merge entity $(bone_leg_right_2) { transformation: [-0.8951866163241495f,0.3292549856706393f,0.300386544913628f,-0.12374269117909642f,0.29456865387010056f,0.9428714116033093f,-0.15563678658446883f,0.6903638127407034f,-0.334470073566047f,-0.050839508182216525f,-0.9410340664909606f,-0.47189537057675546f,0f,0f,0f,1f], start_interpolation: 0, interpolation_duration: 1 }
$data merge entity $(bone_leg_right_1) { transformation: [-0.9253728807859588f,0.30594588987567406f,0.22379040188104027f,-0.20429104593182323f,0.21601198962058085f,0.9107679262817319f,-0.35190993847379726f,0.79098565803877f,-0.3114865195254101f,-0.2773065035743944f,-0.9088879200590636f,-0.17782875022416075f,0f,0f,0f,1f], start_interpolation: 0, interpolation_duration: 1 }
$data merge entity $(bone_leg_right_0) { transformation: [-0.9260730511897429f,0.3046738242549909f,0.22262651386112733f,-0.09365062499999997f,0.21483557469129982f,0.9107348796948235f,-0.3527146931364134f,1.1263442764699245f,-0.3102166657469885f,-0.2788114770254163f,-0.9088618049911257f,-0.19661328478448745f,0f,0f,0f,1f], start_interpolation: 0, interpolation_duration: 1 }
$data merge entity $(bone_leg_left_3) { transformation: [-0.9538072449203229f,0.25986944558545483f,0.15073025837107634f,0.14754662917528621f,0.106651283923674f,-0.17614700823537516f,0.9785692285817893f,0.5761992168615088f,0.2808509269611461f,0.9494419954588247f,0.1402948826017183f,-0.537792670705039f,0f,0f,0f,1f], start_interpolation: 0, interpolation_duration: 1 }
$data merge entity $(bone_leg_left_2) { transformation: [-0.9003365330784339f,-0.20305452651823114f,-0.3849194545158288f,0.10989151213057567f,-0.29348418261327713f,0.9363811624586141f,0.19250286529937954f,0.7332054488790154f,0.32134274810569907f,0.2862851338318345f,-0.9026514611890715f,-0.4804502590751674f,0f,0f,0f,1f], start_interpolation: 0, interpolation_duration: 1 }
$data merge entity $(bone_leg_left_1) { transformation: [-0.9270627176576474f,-0.26617214562447983f,-0.2640210340538758f,0.2027715240847785f,-0.2112578818137744f,0.9526647149425329f,-0.21863222149312753f,0.7904521880612376f,0.30971733064324053f,-0.14690925701644345f,-0.9394109033336275f,-0.17848323332145039f,0f,0f,0f,1f], start_interpolation: 0, interpolation_duration: 1 }
$data merge entity $(bone_leg_left_0) { transformation: [-0.9270627176576474f,-0.3005270108421203f,-0.22413887053234927f,0.093650625f,-0.2112578818137744f,0.9126531037136698f,-0.3499063012484383f,1.1263442764699245f,0.30971733064324053f,-0.2770339835401168f,-0.9095753663458129f,-0.19661328478448742f,0f,0f,0f,1f], start_interpolation: 0, interpolation_duration: 1 }
$data merge entity $(bone_tail_3) { transformation: [-2.4422341666666667f,-1.4180305941397424e-16f,2.633347307737006e-16f,1.667621207075527e-16f,0f,2.1502912591372834f,1.1579098521524989f,0.30076265589490775f,-2.990874254976637e-16f,1.1579098521524989f,-2.1502912591372834f,-1.361716054160751f,0f,0f,0f,1f], start_interpolation: 0, interpolation_duration: 1 }
$data merge entity $(bone_tail_2) { transformation: [-1.15625f,5.520910321414978e-17f,1.3039345980690579e-16f,1.1308244741839055e-16f,0f,1.0647434010989194f,-0.45081653953277395f,0.4800077487047122f,-1.415997861514127e-16f,-0.45081653953277395f,-1.0647434010989194f,-0.9233882577174332f,0f,0f,0f,1f], start_interpolation: 0, interpolation_duration: 1 }
$data merge entity $(bone_tail_1) { transformation: [-1.3854166666666667f,9.363149268183598e-17f,1.4148930348396616e-16f,7.024456299806808e-17f,0f,1.1553478405567756f,-0.7645591589920121f,0.7032155555747073f,-1.696646086318729e-16f,-0.7645591589920121f,-1.1553478405567756f,-0.5735903857910305f,0f,0f,0f,1f], start_interpolation: 0, interpolation_duration: 1 }
$data merge entity $(bone_tail_0) { transformation: [-1.1979166666666667f,9.456402525317264e-17f,1.1215731408541998e-16f,3.844575023817159e-17f,0f,0.9158339707702522f,-0.7721738653055868f,0.9471568949955365f,-1.4670248114786003e-16f,-0.7721738653055868f,-0.9158339707702522f,-0.3139333746263741f,0f,0f,0f,1f], start_interpolation: 0, interpolation_duration: 1 }
$data merge entity $(bone_body_1) { transformation: [-1.0208333333333333f,9.144654305225453e-17f,8.52439843854677e-17f,1.5861585028906716e-17f,0f,0.6960699562095608f,-0.746717691304327f,1.1729280071869177f,-1.2501602741295897e-16f,-0.746717691304327f,-0.6960699562095608f,-0.12951967081406796f,0f,0f,0f,1f], start_interpolation: 0, interpolation_duration: 1 }