# This file was generated by Animated Java via MC-Build. It is not recommended to edit this file directly.
$data merge entity $(bone_head_lower) { transformation: [-0.9946885979910783f,-0.07077458775782977f,-0.07473654229526344f,0.06137938925557955f,-0.05662254548483991f,0.9825980661658343f,-0.17690372440957977f,0.159921213591998f,0.08595627009915963f,-0.1717323443468721f,-0.9813865301377269f,0.9876392462908509f,0f,0f,0f,1f], start_interpolation: 0, interpolation_duration: 1 }
$data merge entity $(bone_head_upper) { transformation: [-0.9946885979910783f,-0.06048579368504087f,-0.08328302221241204f,0.05963947496986434f,-0.05662254548483991f,0.9972413969495062f,-0.04799462004240987f,0.17229560129962943f,0.08595627009915963f,-0.04302400460776226f,-0.9953695065944865f,0.9711482611768496f,0f,0f,0f,1f], start_interpolation: 0, interpolation_duration: 1 }
$data merge entity $(bone_neck_0) { transformation: [-0.9971887476738646f,0.025626515919250005f,-0.07041223753347024f,0.045983506091345244f,0.01587780313585533f,0.9906262528552614f,0.13567432521123285f,0.18094996089538512f,0.07322907127779534f,0.13417491880297405f,-0.9882482452724148f,0.78330461544782f,0f,0f,0f,1f], start_interpolation: 0, interpolation_duration: 1 }
$data merge entity $(bone_neck_1) { transformation: [-0.9936820644738157f,0.05930111135399174f,-0.09528553371439406f,0.02983059818116804f,-0.0021100196503202606f,0.8389861392310739f,0.5441486984227868f,0.28257453011635886f,0.11221186461391112f,0.5409118563780227f,-0.833560352385807f,0.6421749310252561f,0f,0f,0f,1f], start_interpolation: 0, interpolation_duration: 1 }
$data merge entity $(bone_neck_2) { transformation: [-0.9936820644738157f,0.07865282773893766f,-0.08006052355389924f,0.02290003935642744f,-0.0021100196503202606f,0.7001319325211927f,0.714010381494006f,0.5440847837154461f,0.11221186461391112f,0.7096682392166138f,-0.6955425850996185f,0.5857194015777417f,0f,0f,0f,1f], start_interpolation: 0, interpolation_duration: 1 }
$data merge entity $(bone_arm_right_2) { transformation: [-0.9970877976258793f,0.04435787526489819f,-0.06203468971113715f,-0.4113470069808648f,0.03301151068184119f,0.9843253398645779f,0.17324510227705336f,0.04439970354155559f,0.06874710167036871f,0.17069271865685293f,-0.9829231057460479f,0.44925134303252656f,0f,0f,0f,1f], start_interpolation: 0, interpolation_duration: 1 }
$data merge entity $(bone_arm_right_1) { transformation: [-0.9578382544860693f,-0.28420552696041895f,-0.042108154652398845f,-0.3584351096439019f,-0.20749692598128797f,0.7856635395055841f,-0.5828188641420882f,0.31910467421795485f,0.19872318423222726f,-0.5495088908622942f,-0.8115103664845542f,0.24681321885737698f,0f,0f,0f,1f], start_interpolation: 0, interpolation_duration: 1 }
$data merge entity $(bone_arm_right_0) { transformation: [-0.7745358670817398f,0.6325011696686881f,0.006038292116045611f,-0.1399208866967801f,0.2892146560289103f,0.34563860779766564f,0.8926863029854166f,0.43777940765789675f,0.562538063905027f,0.6931639222921464f,-0.45063810701110363f,0.44952995616982094f,0f,0f,0f,1f], start_interpolation: 0, interpolation_duration: 1 }
$data merge entity $(bone_arm_left_2) { transformation: [-0.9856795262615254f,-0.131049288117134f,0.10612236141759515f,0.4746391703464638f,-0.1070109874321249f,0.9724776472038187f,0.20696829288015783f,0.08653973523373809f,-0.13032467179185975f,0.1926481501933443f,-0.9725750203194741f,0.4622555790820158f,0f,0f,0f,1f], start_interpolation: 0, interpolation_duration: 1 }
$data merge entity $(bone_arm_left_1) { transformation: [-0.9622997720390379f,0.2576720797936962f,0.08708758825691686f,0.41287583400714767f,0.14783288914044884f,0.7642574666493277f,-0.6277387685647108f,0.3456528716577598f,-0.22830809364103416f,-0.5911984641095938f,-0.7735371939425105f,0.24250718493449377f,0f,0f,0f,1f], start_interpolation: 0, interpolation_duration: 1 }
$data merge entity $(bone_arm_left_0) { transformation: [-0.7296376370103468f,-0.6825387875743713f,-0.042068065256969586f,0.178727079728546f,-0.2984154524521268f,0.262449083854546f,0.9176430112640221f,0.43793296086722266f,-0.6152862231480156f,0.6821006390851839f,-0.3951728504892935f,0.4414669285488759f,0f,0f,0f,1f], start_interpolation: 0, interpolation_duration: 1 }
$data merge entity $(bone_finger_right_1_fire) { transformation: [0.00000584423999993976f,-0.00001459782810040972f,-0.000005525038583735924f,-1.070381052593842f,0.000015298092431369743f,0.000006527749105353872f,-0.0000010651935770542724f,1.0660676553217048f,0.000003096934704211593f,-0.000004697838241810604f,0.00001568811936050366f,1.4050431746499377f,0f,0f,0f,1f], start_interpolation: 0, interpolation_duration: 1 }
$data merge entity $(bone_finger_right_1_fire_s) { transformation: [0.000003506543999963856f,-0.000008758696860245832f,-0.0000033150231502415542f,-1.070381052593842f,0.000009178855458821845f,0.000003916649463212323f,-6.391161462325634e-7f,1.0660676553217048f,0.0000018581608225269557f,-0.0000028187029450863624f,0.000009412871616302196f,1.4050431746499377f,0f,0f,0f,1f], start_interpolation: 0, interpolation_duration: 1 }
$data merge entity $(bone_finger_right_1) { transformation: [0.6971383503288142f,-1.7413223619167137f,-0.6590619625149569f,-0.6964728428825936f,1.8248543730053435f,0.778671690880884f,-0.12706310710992674f,1.1181316532236802f,0.3694221919004657f,-0.5603882116479164f,1.8713792812847834f,0.4380111616688479f,0f,0f,0f,1f], start_interpolation: 0, interpolation_duration: 1 }
$data merge entity $(bone_finger_right_2_fire) { transformation: [0.000011557352236823206f,0.000009072873372002253f,0.000007866915267586665f,-0.2600139569489111f,-0.000011171661456946747f,0.00001212808953415114f,0.000002425119032287321f,1.269634560933373f,-0.0000044044712898537654f,-0.000006954868137139933f,0.00001449166034758018f,0.8952925880406705f,0f,0f,0f,1f], start_interpolation: 0, interpolation_duration: 1 }
$data merge entity $(bone_finger_right_2_fire_s) { transformation: [0.000006934411342093923f,0.000005443724023201351f,0.000004720149160551999f,-0.2600139569489111f,-0.0000067029968741680474f,0.000007276853720490683f,0.0000014550714193723926f,1.269634560933373f,-0.000002642682773912259f,-0.00000417292088228396f,0.000008694996208548107f,0.8952925880406705f,0f,0f,0f,1f], start_interpolation: 0, interpolation_duration: 1 }
$data merge entity $(bone_finger_right_2) { transformation: [0.8614890808060844f,0.676295156654728f,0.5864026174662537f,-0.5128716011688605f,-0.8327395550823202f,0.9040320387069627f,0.18076922145835816f,1.1924551682777906f,-0.32831083151065105f,-0.5184183051462585f,1.0802134343897478f,0.42873140995870856f,0f,0f,0f,1f], start_interpolation: 0, interpolation_duration: 1 }
$data merge entity $(bone_finger_film_right) { transformation: [1.1585271415515919f,-0.14974638730024908f,-0.0009334418900154462f,-0.5998255580661086f,0.4012604901256506f,0.41021618486602435f,0.228740855962303f,1.2084769450678732f,-0.09258873181548524f,-0.09592643149621854f,0.9796359495592591f,0.4933701879898056f,0f,0f,0f,1f], start_interpolation: 0, interpolation_duration: 1 }
$data merge entity $(bone_finger_right_0_fire) { transformation: [0.00001570747296628194f,-0.000005564670180686361f,2.958319987427612e-7f,-0.6055543502583997f,0.000005469152287075898f,0.000015563980374703077f,0.000002372480966079178f,1.339028501472258f,-0.0000010683838505296991f,-0.0000021388638231115764f,0.000016494289777734897f,1.1832367820687155f,0f,0f,0f,1f], start_interpolation: 0, interpolation_duration: 1 }
$data merge entity $(bone_finger_right_0_fire_s) { transformation: [0.000009424483779769164f,-0.0000033388021084118165f,1.774991992456567e-7f,-0.6055543502583997f,0.0000032814913722455386f,0.000009338388224821845f,0.0000014234885796475067f,1.339028501472258f,-6.410303103178195e-7f,-0.0000012833182938669457f,0.000009896573866640937f,1.1832367820687155f,0f,0f,0f,1f], start_interpolation: 0, interpolation_duration: 1 }
$data merge entity $(bone_fire_large_right) { transformation: [0.000025131956746051105f,-0.000008903472289098176f,4.7333119798841785e-7f,-0.5678364304075347f,0.000008750643659321435f,0.00002490236859952492f,0.0000037959695457266845f,1.2388253063749528f,-0.0000017094141608475185f,-0.0000034221821169785216f,0.000026390863644375833f,1.2033017516198259f,0f,0f,0f,1f], start_interpolation: 0, interpolation_duration: 1 }
$data merge entity $(bone_finger_right_0) { transformation: [1.3783931899962811f,-0.4883219279191964f,0.025960433821872297f,-0.5949540520698093f,0.47993985307125114f,1.3658011447021843f,0.208194635385288f,1.1722071823006883f,-0.09375492970978695f,-0.18769380246173764f,1.4474394927981036f,0.4974242328757219f,0f,0f,0f,1f], start_interpolation: 0, interpolation_duration: 1 }
$data merge entity $(bone_wing_right_1_model) { transformation: [-0.8080994837808231f,-0.529263421773371f,0.3127819331862859f,-0.3513384638032494f,-0.050467241348736445f,0.5719580612853783f,0.8374330520842609f,0.8655254445475035f,-0.6127033253587381f,0.6509387755735975f,-0.48150849275057445f,0.17820390101557856f,0f,0f,0f,1f], start_interpolation: 0, interpolation_duration: 1 }
$data merge entity $(bone_wing_right_0) { transformation: [-0.9347270693511798f,0.003587205353995383f,-0.355348333019733f,-0.15211826815545393f,-0.18085146169530025f,0.8559707994271619f,0.48436219849478246f,0.7059551390072815f,0.30590530336172367f,0.5170117237411291f,-0.7994503254670662f,0.5698598540758324f,0f,0f,0f,1f], start_interpolation: 0, interpolation_duration: 1 }
$data merge entity $(bone_finger_left_1_fire) { transformation: [0.0000013462334884060264f,0.00001535655852271261f,0.0000063357354356834455f,1.2075202872639705f,-0.000015887393016834564f,0.0000030473139706955742f,-0.000004010286582080879f,0.8124946623050895f,-0.000004853470541901796f,-0.000005715572209349149f,0.000014884684605203604f,1.2840678910770622f,0f,0f,0f,1f], start_interpolation: 0, interpolation_duration: 1 }
$data merge entity $(bone_finger_left_1_fire_s) { transformation: [8.077400930436158e-7f,0.000009213935113627566f,0.000003801441261410067f,1.2075202872639705f,-0.000009532435810100738f,0.0000018283883824173445f,-0.0000024061719492485272f,0.8124946623050895f,-0.0000029120823251410773f,-0.000003429343325609489f,0.000008930810763122162f,1.2840678910770622f,0f,0f,0f,1f], start_interpolation: 0, interpolation_duration: 1 }
$data merge entity $(bone_finger_left_1) { transformation: [0.1605873463913966f,1.8318285825637053f,0.7557670714751097f,0.7813599501775139f,-1.8951499183633345f,0.36350311323398055f,-0.4783726493447325f,1.0550786268308614f,-0.5789530284495144f,-0.6817900327933063f,1.775540441690159f,0.36907646458904153f,0f,0f,0f,1f], start_interpolation: 0, interpolation_duration: 1 }
$data merge entity $(bone_finger_left_2_fire) { transformation: [0.000014408730647211512f,-0.000006117386970094621f,-0.000005722222957208337f,0.43952611424740373f,0.000007368072288762905f,0.000014671885883811124f,0.000002867935344070018f,1.265487706576064f,0.000003984691915499827f,-0.000005009103617247147f,0.00001538859607202716f,0.8803820882953479f,0f,0f,0f,1f], start_interpolation: 0, interpolation_duration: 1 }
$data merge entity $(bone_finger_left_2_fire_s) { transformation: [0.000008645238388326907f,-0.0000036704321820567725f,-0.0000034333337743250024f,0.43952611424740373f,0.000004420843373257743f,0.000008803131530286674f,0.0000017207612064420106f,1.265487706576064f,0.000002390815149299896f,-0.000003005462170348288f,0.000009233157643216297f,0.8803820882953479f,0f,0f,0f,1f], start_interpolation: 0, interpolation_duration: 1 }
$data merge entity $(bone_finger_left_2) { transformation: [1.0740318254988725f,-0.4559921658362925f,-0.4265365020083444f,0.6235868391047057f,0.5492186872296879f,1.0936475089393405f,0.2137769043243495f,1.1741239710258053f,0.29702033002352746f,-0.37338033681586835f,1.1470713372175296f,0.3850566425774016f,0f,0f,0f,1f], start_interpolation: 0, interpolation_duration: 1 }
$data merge entity $(bone_finger_film_left) { transformation: [1.0161524808769318f,0.24364633668720373f,0.1423381859772522f,0.716757552299779f,-0.6894662257095194f,0.36627192424882465f,0.12095816278438278f,1.160938305445907f,-0.06195362071990118f,-0.07990318655147714f,0.988493200703744f,0.44110319468267917f,0f,0f,0f,1f], start_interpolation: 0, interpolation_duration: 1 }
$data merge entity $(bone_finger_left_0_fire) { transformation: [0.000013754041705693468f,0.000009256544713566219f,0.000001708945435516278f,0.8138564750017274f,-0.000009356727373077544f,0.000013774943527940684f,6.930811249229653e-7f,1.2154623657847932f,-0.0000010275054266154303f,-0.0000015313681939926328f,0.00001656432678470458f,1.1343501720434954f,0f,0f,0f,1f], start_interpolation: 0, interpolation_duration: 1 }
$data merge entity $(bone_finger_left_0_fire_s) { transformation: [0.000008252425023416081f,0.0000055539268281397314f,0.0000010253672613097668f,0.8138564750017274f,-0.000005614036423846526f,0.00000826496611676441f,4.158486749537792e-7f,1.2154623657847932f,-6.165032559692581e-7f,-9.188209163955797e-7f,0.000009938596070822748f,1.1343501720434954f,0f,0f,0f,1f], start_interpolation: 0, interpolation_duration: 1 }
$data merge entity $(bone_fire_large_left) { transformation: [0.00002200646672910955f,0.00001481047154170595f,0.000002734312696826045f,0.7529659147674373f,-0.000014970763796924068f,0.00002203990964470509f,0.0000011089297998767444f,1.1266224119223964f,-0.0000016440086825846882f,-0.0000024501891103882125f,0.000026502922855527326f,1.15065130883678f,0f,0f,0f,1f], start_interpolation: 0, interpolation_duration: 1 }
$data merge entity $(bone_finger_left_0) { transformation: [1.206971831990382f,0.8122985933806722f,0.14996675502465956f,0.7028925074583678f,-0.8210900199788624f,1.2088060499773186f,0.06082062370946178f,1.1268760419517645f,-0.0901676855195748f,-0.13438364621142465f,1.453585518556796f,0.44288792967648927f,0f,0f,0f,1f], start_interpolation: 0, interpolation_duration: 1 }
$data merge entity $(bone_wing_left_1_model) { transformation: [-0.6904517643624051f,0.6863135425666065f,-0.28849118776898014f,0.37900757901366594f,0.11077855521051938f,0.48379340267106424f,0.8858042324798769f,0.8618965353282022f,0.7361939661774959f,0.5708719189656017f,-0.40385737500040747f,0.1597125819031013f,0f,0f,0f,1f], start_interpolation: 0, interpolation_duration: 1 }
$data merge entity $(bone_wing_left_0) { transformation: [-0.9434363106315995f,0.05692650105793619f,0.32663022098259237f,0.19673627588712483f,0.21695493089427534f,0.8509511908416654f,0.47834363042253664f,0.706123248458682f,-0.25071594632670763f,0.5221507869212232f,-0.8151687371183042f,0.5610324830561381f,0f,0f,0f,1f], start_interpolation: 0, interpolation_duration: 1 }
$data merge entity $(bone_body_0) { transformation: [-0.9996798946676899f,0.01106947631846892f,-0.02275027233312358f,0.01022837806165923f,-0.0004817355586695417f,0.8907164009442992f,0.45455919418672686f,0.6196292330272978f,0.025295772928454797f,0.45442464697996904f,-0.8904259453144222f,0.08637855847915953f,0f,0f,0f,1f], start_interpolation: 0, interpolation_duration: 1 }
$data merge entity $(bone_leg_right_3) { transformation: [-0.9910797840568758f,-0.08222585603301744f,0.10487978944207638f,-0.2649481481491805f,0.007179406849728759f,0.7528887943650002f,0.6581085924350953f,0.0961564268367556f,-0.1330763606019598f,0.652991096355267f,-0.7455825308640778f,-0.4507958931828213f,0f,0f,0f,1f], start_interpolation: 0, interpolation_duration: 1 }
$data merge entity $(bone_leg_right_2) { transformation: [-0.9030023687703865f,0.34008220600722194f,0.26254678659685127f,-0.20297194119351675f,0.40284758570361884f,0.8826180325265162f,0.24227924251117175f,0.24293082228988602f,-0.14933366896931397f,0.32454506900626756f,-0.9340074697216721f,-0.3877622234953246f,0f,0f,0f,1f], start_interpolation: 0, interpolation_duration: 1 }
$data merge entity $(bone_leg_right_1) { transformation: [-0.9357327581577211f,0.33468412771784406f,0.11131370070341708f,-0.24791444738982957f,0.3221909377783509f,0.9394984097914574f,-0.11634318894043472f,0.26808265040465845f,-0.1435172635053043f,-0.0730018674628854f,-0.9869516312478948f,-0.07084657684871987f,0f,0f,0f,1f], start_interpolation: 0, interpolation_duration: 1 }
$data merge entity $(bone_leg_right_0) { transformation: [-0.9321470148038139f,0.355529834517046f,-0.06856004347008893f,-0.09731182166971558f,0.3271637355398523f,0.745894480780916f,-0.5801769675609136f,0.5613329727045095f,-0.15513166324109418f,-0.5632405883002837f,-0.8115997823750337f,-0.19884135031979794f,0f,0f,0f,1f], start_interpolation: 0, interpolation_duration: 1 }
$data merge entity $(bone_leg_left_3) { transformation: [-0.9918024507967499f,0.08168136329504277f,-0.09826522011283231f,0.22455293037549462f,0.0017908330756159089f,0.7778245654150774f,0.6284789084398468f,0.08311534951853786f,0.12776811617322775f,0.6231509450583455f,-0.7715945879556412f,-0.4590657748179638f,0f,0f,0f,1f], start_interpolation: 0, interpolation_duration: 1 }
$data merge entity $(bone_leg_left_2) { transformation: [-0.8969451713089706f,-0.3579811643635683f,-0.25949729406378275f,0.1595309529631297f,-0.380436826519493f,0.9239240783728319f,0.04039948552507057f,0.2385180625536832f,0.22529354339017035f,0.1349584505090997f,-0.9648984588768315f,-0.4277743041235752f,0f,0f,0f,1f], start_interpolation: 0, interpolation_duration: 1 }
$data merge entity $(bone_leg_left_1) { transformation: [-0.9271548676208003f,-0.3061369369781637f,-0.21601858083202954f,0.23759792177138836f,-0.29860208518981846f,0.9519856041440884f,-0.06752928418625098f,0.24772288624223204f,0.22631978739683506f,0.0018934941359582402f,-0.9740512145224236f,-0.11647253732468701f,0f,0f,0f,1f], start_interpolation: 0, interpolation_duration: 1 }
$data merge entity $(bone_leg_left_0) { transformation: [-0.9271548676208003f,-0.3723739373759208f,-0.04149098950627763f,0.08974535862711527f,-0.29860208518981846f,0.80124669343844f,-0.5184983423061824f,0.556013592377342f,0.22631978739683506f,-0.46833896593932967f,-0.8540714061573135f,-0.20678324832319406f,0f,0f,0f,1f], start_interpolation: 0, interpolation_duration: 1 }
$data merge entity $(bone_tail_3) { transformation: [-2.1185218064114513f,0.3386427104385974f,-1.1669165331162246f,-0.2684759286795618f,-1.050001127329975f,0.6700653468601484f,2.1007183981621615f,0.8127752683003111f,0.6114496816574285f,2.3239710132525353f,-0.43565553043320937f,-1.4709601568698654f,0f,0f,0f,1f], start_interpolation: 0, interpolation_duration: 1 }
$data merge entity $(bone_tail_2) { transformation: [-1.074876244955108f,-0.012863206005632162f,-0.4258986481106309f,-0.09399047083941095f,-0.27460240533280544f,0.9046161805479969f,0.6657155153488552f,0.5355703736491383f,0.32580460327724653f,0.7200126153908767f,-0.8440066686118928f,-1.1289479760707084f,0f,0f,0f,1f], start_interpolation: 0, interpolation_duration: 1 }
$data merge entity $(bone_tail_1) { transformation: [-1.3685346474457771f,0.04247507103311717f,-0.21139566542143642f,-0.030895638763206067f,-0.02199250776361056f,1.3236895674024411f,0.40834005317870053f,0.4066933872209818f,0.21449612728557071f,0.40671997463666315f,-1.3068854631867408f,-0.7396023188630989f,0f,0f,0f,1f], start_interpolation: 0, interpolation_duration: 1 }
$data merge entity $(bone_tail_0) { transformation: [-1.1963556778037805f,0.030670679226830484f,-0.05288423111098216f,-0.014700422551307202f,0.034020992119662044f,1.1949816568342981f,-0.076588198846349f,0.4485160822953473f,0.0507937452805835f,-0.07799031698293633f,-1.1942955438981802f,-0.3861653122070936f,0f,0f,0f,1f], start_interpolation: 0, interpolation_duration: 1 }
$data merge entity $(bone_body_1) { transformation: [-1.0195030993458303f,0.011354212467131426f,-0.05084492824207552f,1.4967089224386306e-17f,0.02899180198023374f,0.9514218549230897f,-0.36885854177054195f,0.5713795603038466f,0.04328510467388854f,-0.369821889939472f,-0.9505045312250814f,-0.12221555827204199f,0f,0f,0f,1f], start_interpolation: 0, interpolation_duration: 1 }