# This file was generated by Animated Java via MC-Build. It is not recommended to edit this file directly.
$data merge entity $(bone_head_lower) { transformation: [-1f,5.9422652583804345e-18f,1.223204288343432e-16f,-0.00038812500000010464f,0f,0.9988221005395796f,-0.04852227811739429f,1.6090830104825116f,-1.2246467991473532e-16f,-0.04852227811739429f,-0.9988221005395796f,0.8540708549201297f,0f,0f,0f,1f], start_interpolation: 0, interpolation_duration: 1 }
$data merge entity $(bone_head_upper) { transformation: [-1f,1.0684735659112858e-16f,5.984346427227275e-17f,-6.250000001022326e-7f,0f,0.48865896937744074f,-0.872474877372969f,1.6015817125106138f,-1.2246467991473532e-16f,-0.872474877372969f,-0.48865896937744074f,0.8347917020503216f,0f,0f,0f,1f], start_interpolation: 0, interpolation_duration: 1 }
$data merge entity $(bone_neck_0) { transformation: [-1f,1.058880083361684e-16f,6.152501537763407e-17f,-9.24778756517609e-17f,0f,0.5023898761705837f,-0.8646412043855565f,1.4306955182698304f,-1.2246467991473532e-16f,-0.8646412043855565f,-0.5023898761705837f,0.7551391610719727f,0f,0f,0f,1f], start_interpolation: 0, interpolation_duration: 1 }
$data merge entity $(bone_neck_1) { transformation: [-1f,8.35145478642328e-17f,8.957074367030424e-17f,-7.6184546867572e-17f,0f,0.7314006269617237f,-0.6819480353223386f,1.3175361097131053f,-1.2246467991473532e-16f,-0.6819480353223386f,-0.7314006269617237f,0.6220940349545243f,0f,0f,0f,1f], start_interpolation: 0, interpolation_duration: 1 }
$data merge entity $(bone_neck_2) { transformation: [-1f,4.956095040923135e-17f,1.1198799052198538e-16f,-4.375290039116174e-17f,0f,0.9144513389489588f,-0.40469587185250167f,1.356147783598748f,-1.2246467991473532e-16f,-0.40469587185250167f,-0.9144513389489588f,0.35726954434228875f,0f,0f,0f,1f], start_interpolation: 0, interpolation_duration: 1 }
$data merge entity $(bone_arm_right_2) { transformation: [-0.9449607104660108f,0.27583795235443126f,-0.1759621542164294f,-0.27808545947105184f,0.3061622684146622f,0.9351452570948705f,-0.1782358368346751f,1.048462429045159f,0.11538596567503491f,-0.22229883529583114f,-0.9681266997409774f,0.8326341217671778f,0f,0f,0f,1f], start_interpolation: 0, interpolation_duration: 1 }
$data merge entity $(bone_arm_right_1) { transformation: [-0.859923844846266f,-0.4606935436865266f,-0.21975540919477993f,-0.29507189033127873f,0.3461769664195915f,-0.21000914336327303f,-0.9143618909514728f,0.9299477216223322f,0.3750899745199062f,-0.8623558537572378f,0.3400733634163097f,0.5087369016420517f,0f,0f,0f,1f], start_interpolation: 0, interpolation_duration: 1 }
$data merge entity $(bone_arm_right_0) { transformation: [-0.8779242853989307f,0.3814343336456614f,-0.28940766787192596f,-0.15937500000000004f,0.46348988907340216f,0.8286599365742212f,-0.31384682927111585f,1.1802335463395126f,0.12010858351301168f,-0.4096712811915156f,-0.9042916396458611f,0.36085318558822127f,0f,0f,0f,1f], start_interpolation: 0, interpolation_duration: 1 }
$data merge entity $(bone_arm_left_2) { transformation: [-0.9674189370960945f,-0.17682365791485138f,0.1812015291035763f,0.32522632078541075f,-0.22794847850617114f,0.9197825117200518f,-0.31943641351710994f,0.8850769151490598f,-0.11018208245710517f,-0.3503334484966629f,-0.9301217036333748f,0.6601350690569908f,0f,0f,0f,1f], start_interpolation: 0, interpolation_duration: 1 }
$data merge entity $(bone_arm_left_1) { transformation: [-0.9455471484373271f,0.3101050653886218f,-0.0988708172432985f,0.28193900453126003f,0.09349957032332874f,-0.03217626906230525f,-0.9950992503557535f,0.8869267323063097f,-0.31176661211777007f,-0.9501576375157694f,0.0014294890902909474f,0.31754716742929223f,0f,0f,0f,1f], start_interpolation: 0, interpolation_duration: 1 }
$data merge entity $(bone_arm_left_0) { transformation: [-0.9443870961276558f,-0.3173326554273185f,-0.08621483901870042f,0.15937499999999993f,-0.32760664782891535f,0.9305924655019142f,0.16331425978575587f,1.1802335463395126f,0.02840593187830215f,0.18247643395933355f,-0.9827998036648206f,0.3608531855882213f,0f,0f,0f,1f], start_interpolation: 0, interpolation_duration: 1 }
$data merge entity $(bone_finger_right_1_fire) { transformation: [0.000004618278034666753f,-0.000014821387748155262f,-0.000006064301360513496f,-1.3163534364004188f,0.000015196749854673929f,0.0000020656671527741596f,0.0000065245375963508635f,1.9597733929188268f,-0.0000050505524080797944f,-0.0000073373879692000075f,0.00001408660484078603f,0.7146838821700817f,0f,0f,0f,1f], start_interpolation: 0, interpolation_duration: 1 }
$data merge entity $(bone_finger_right_1_fire_s) { transformation: [0.0000027709668208000516f,-0.000008892832648893157f,-0.0000036385808163080977f,-1.3163534364004188f,0.000009118049912804356f,0.0000012394002916644957f,0.000003914722557810518f,1.9597733929188268f,-0.0000030303314448478768f,-0.000004402432781520004f,0.000008451962904471618f,0.7146838821700817f,0f,0f,0f,1f], start_interpolation: 0, interpolation_duration: 1 }
$data merge entity $(bone_finger_right_1) { transformation: [0.5508977609544721f,-1.7679899874815477f,-0.7233886778107571f,-0.9083538959838453f,1.8127655818645758f,0.24640599825267948f,0.7782886015333474f,1.5486094222009907f,-0.6024622147711696f,-0.8752505962491797f,1.6803403796799385f,-0.14679710282069217f,0f,0f,0f,1f], start_interpolation: 0, interpolation_duration: 1 }
$data merge entity $(bone_finger_right_2_fire) { transformation: [0.00001248656039196935f,0.00000846584966086052f,0.0000070847001965635865f,-0.5025035546246279f,-0.000010887328582899582f,0.000007676045890451652f,0.000010016095726051943f,1.9445021787766954f,0.0000018247366065977565f,-0.000012132002587584877f,0.00001128107385443221f,0.17118122783897427f,0f,0f,0f,1f], start_interpolation: 0, interpolation_duration: 1 }
$data merge entity $(bone_finger_right_2_fire_s) { transformation: [0.00000749193623518161f,0.000005079509796516312f,0.000004250820117938152f,-0.5025035546246279f,-0.000006532397149739749f,0.000004605627534270991f,0.000006009657435631166f,1.9445021787766954f,0.0000010948419639586538f,-0.0000072792015525509266f,0.000006768644312659325f,0.17118122783897427f,0f,0f,0f,1f], start_interpolation: 0, interpolation_duration: 1 }
$data merge entity $(bone_finger_right_2) { transformation: [0.9307525819135324f,0.6310473967679243f,0.5280960322969184f,-0.7302425262786518f,-0.8115452831343386f,0.5721751472903277f,0.7466032810534158f,1.6228389833356407f,0.13601650531360904f,-0.9043237190794823f,0.8408951934852257f,-0.19246795650356324f,0f,0f,0f,1f], start_interpolation: 0, interpolation_duration: 1 }
$data merge entity $(bone_finger_film_right) { transformation: [1.1300471541523587f,-0.17438304718744768f,-0.05662490454698244f,-0.8206484416088835f,0.3929997591408553f,0.29253457661761273f,0.6894835524291405f,1.6620591038276402f,-0.28339444351321474f,-0.289684748359118f,0.7303532674560568f,-0.1446724316204826f,0f,0f,0f,1f], start_interpolation: 0, interpolation_duration: 1 }
$data merge entity $(bone_finger_right_0_fire) { transformation: [0.000015311758524132448f,-0.000006560337810818284f,-5.38327488043681e-7f,-0.8634201989375111f,0.000005447163189294684f,0.000011863352756805444f,0.000010361807387447794f,2.120916320333881f,-0.0000036954352741765713f,-0.000009695391016009748f,0.000013043041399874f,0.3850568173367478f,0f,0f,0f,1f], start_interpolation: 0, interpolation_duration: 1 }
$data merge entity $(bone_finger_right_0_fire_s) { transformation: [0.000009187055114479468f,-0.00000393620268649097f,-3.229964928262086e-7f,-0.8634201989375111f,0.00000326829791357681f,0.0000071180116540832655f,0.000006217084432468676f,2.120916320333881f,-0.0000022172611645059426f,-0.000005817234609605848f,0.000007825824839924399f,0.3850568173367478f,0f,0f,0f,1f], start_interpolation: 0, interpolation_duration: 1 }
$data merge entity $(bone_fire_large_right) { transformation: [0.000024498813638611914f,-0.000010496540497309253f,-8.613239808698896e-7f,-0.8195522502126643f,0.000008715461102871492f,0.000018981364410888706f,0.00001657889181991647f,2.0478583855172587f,-0.000005912696438682513f,-0.000015512625625615594f,0.000020868866239798395f,0.4529100856712672f,0f,0f,0f,1f], start_interpolation: 0, interpolation_duration: 1 }
$data merge entity $(bone_finger_right_0) { transformation: [1.3436676747327556f,-0.5756957202421024f,-0.04724037692759798f,-0.813392265568883f,0.4780102223342859f,1.041056361236886f,0.9092897864329088f,1.633286213514796f,-0.32428913466420894f,-0.850809100834144f,1.1445787289285076f,-0.12287492639354355f,0f,0f,0f,1f], start_interpolation: 0, interpolation_duration: 1 }
$data merge entity $(bone_wing_right_1_model) { transformation: [-0.6986249510445128f,-0.6749720653418618f,0.2954876847315868f,-0.49543647495576953f,-0.6558909772914626f,0.7552262385831453f,0.17440595604807801f,1.2445397809834915f,-0.33571905922592815f,-0.07087399103716134f,-0.9556394056906414f,-0.06733944403812203f,0f,0f,0f,1f], start_interpolation: 0, interpolation_duration: 1 }
$data merge entity $(bone_wing_right_0) { transformation: [-0.772124090427134f,-0.015407656691376077f,-0.6352849699916973f,-0.17448312500000004f,0.22589564427279682f,0.9277553662128963f,-0.2970541000588149f,1.4348621928606986f,0.5939659475766679f,-0.37287073440866214f,-0.7128617457409928f,0.21428483887219216f,0f,0f,0f,1f], start_interpolation: 0, interpolation_duration: 1 }
$data merge entity $(bone_finger_left_1_fire) { transformation: [0.000003162801800721736f,0.000015030240241297388f,0.000006470420452800122f,1.3239981014916962f,-0.000013399237492640811f,-0.000001404214542463948f,0.000009811543910736972f,2.1235350737124854f,0.000009393343236725588f,-0.000007063840144382904f,0.000011817150376865154f,0.6218974964922831f,0f,0f,0f,1f], start_interpolation: 0, interpolation_duration: 1 }
$data merge entity $(bone_finger_left_1_fire_s) { transformation: [0.0000018976810804330414f,0.000009018144144778432f,0.000003882252271680073f,1.3239981014916962f,-0.000008039542495584486f,-8.425287254783687e-7f,0.000005886926346442183f,2.1235350737124854f,0.000005636005942035352f,-0.000004238304086629742f,0.0000070902902261190924f,0.6218974964922831f,0f,0f,0f,1f], start_interpolation: 0, interpolation_duration: 1 }
$data merge entity $(bone_finger_left_1) { transformation: [0.37727924072161323f,1.7929032495194963f,0.7718331623008963f,0.8902152990048345f,-1.5983468032421488f,-0.16750369759817146f,1.1703837515537348f,1.5150213610611099f,1.1204980986733428f,-0.8426200609989168f,1.4096253267148873f,-0.09866649447531317f,0f,0f,0f,1f], start_interpolation: 0, interpolation_duration: 1 }
$data merge entity $(bone_finger_left_2_fire) { transformation: [0.000013442720386395086f,-0.00000759590337300675f,-0.000006274814605940205f,0.5183595497670085f,0.000008802679905328562f,0.000004491887434270801f,0.000013420639013845165f,2.0187603902169977f,-0.0000044253669763422365f,-0.000014138704926674256f,0.000007634849566226876f,0.07605066359300686f,0f,0f,0f,1f], start_interpolation: 0, interpolation_duration: 1 }
$data merge entity $(bone_finger_left_2_fire_s) { transformation: [0.000008065632231837052f,-0.00000455754202380405f,-0.000003764888763564123f,0.5183595497670085f,0.000005281607943197137f,0.0000026951324605624805f,0.000008052383408307099f,2.0187603902169977f,-0.000002655220185805342f,-0.000008483222956004553f,0.000004580909739736125f,0.07605066359300686f,0f,0f,0f,1f], start_interpolation: 0, interpolation_duration: 1 }
$data merge entity $(bone_finger_left_2) { transformation: [1.002025082554025f,-0.5662012959901036f,-0.46772687691189485f,0.7201039427920755f,0.6561548410811577f,0.33482686151114743f,1.0003791293156732f,1.5873471892542923f,-0.32986840329499195f,-1.0539040137810232f,0.5691043588638994f,-0.17043428463392873f,0f,0f,0f,1f], start_interpolation: 0, interpolation_duration: 1 }
$data merge entity $(bone_finger_film_left) { transformation: [1.0864349478212623f,0.20348913897478577f,0.11062164360232916f,0.8131450313251198f,-0.3864339887058743f,0.1799373768379432f,0.8649470634002183f,1.6310876656233602f,0.42672669055527684f,-0.3551308066488902f,0.5016365952071868f,-0.1326720528600207f,0f,0f,0f,1f], start_interpolation: 0, interpolation_duration: 1 }
$data merge entity $(bone_finger_left_0_fire) { transformation: [0.000014711391371295293f,0.000007719472594417002f,0.0000013275859905863685f,0.8913335488569044f,-0.0000053945090910575845f,0.000007937136846246532f,0.00001362640481301766f,2.2190025945134817f,0.0000056790856099246815f,-0.000012457502933003001f,0.000009504545496084812f,0.24314045049761138f,0f,0f,0f,1f], start_interpolation: 0, interpolation_duration: 1 }
$data merge entity $(bone_finger_left_0_fire_s) { transformation: [0.000008826834822777176f,0.0000046316835566502f,7.96551594351821e-7f,0.8913335488569044f,-0.0000032367054546345504f,0.000004762282107747919f,0.000008175842887810596f,2.2190025945134817f,0.0000034074513659548086f,-0.0000074745017598018f,0.000005702727297650887f,0.24314045049761138f,0f,0f,0f,1f], start_interpolation: 0, interpolation_duration: 1 }
$data merge entity $(bone_fire_large_left) { transformation: [0.00002353822619407247f,0.0000123511561510672f,0.0000021241375849381895f,0.8402490921132939f,-0.000008631214545692135f,0.00001269941895399445f,0.000021802247700828255f,2.1727837416032565f,0.00000908653697587949f,-0.000019932004692804798f,0.000015207272793735699f,0.32752125817059474f,0f,0f,0f,1f], start_interpolation: 0, interpolation_duration: 1 }
$data merge entity $(bone_finger_left_0) { transformation: [1.2909830706118628f,0.6774144050636546f,0.11650094782826641f,0.8030608372328722f,-0.47338961591393997f,0.696515308377097f,1.1957711873014314f,1.6106148090837902f,0.4983623366361902f,-1.0931954009451719f,0.8340616478497892f,-0.10377856369002017f,0f,0f,0f,1f], start_interpolation: 0, interpolation_duration: 1 }
$data merge entity $(bone_wing_left_1_model) { transformation: [-0.7018363421236404f,0.6965879621685592f,-0.2305819656395578f,0.47271682306492857f,0.6633817273986318f,0.7387342708130663f,0.21254045243608297f,1.2289618906729858f,0.3135721857403111f,-0.00373779747725687f,-0.9657306023120025f,-0.0810245406918619f,0f,0f,0f,1f], start_interpolation: 0, interpolation_duration: 1 }
$data merge entity $(bone_wing_left_0) { transformation: [-0.8076569684926619f,0.04737481139055033f,0.5877464151238637f,0.174483125f,-0.1840190334576782f,0.9267334610231919f,-0.32756997350990186f,1.4348621928606986f,-0.560202835203951f,-0.3727206990035376f,-0.7397648707283748f,0.2142848388721922f,0f,0f,0f,1f], start_interpolation: 0, interpolation_duration: 1 }
$data merge entity $(bone_body_0) { transformation: [-1f,5.558292221866681e-17f,1.091244087464038e-16f,-3.347891118538326e-19f,0f,0.8910684192567233f,-0.4538690033515444f,0.9962683726489694f,-1.2246467991473532e-16f,-0.4538690033515444f,-0.8910684192567233f,0.002733760559264331f,0f,0f,0f,1f], start_interpolation: 0, interpolation_duration: 1 }
$data merge entity $(bone_leg_right_3) { transformation: [-0.9803218576058532f,-0.1947012076682994f,0.032565245780054014f,-0.2231415669238204f,-0.11675268738487288f,0.7048736934074165f,0.699658406889103f,0.10004761215781055f,-0.15917872184629359f,0.6820883491709069f,-0.7137349777310114f,-0.21199905306467917f,0f,0f,0f,1f], start_interpolation: 0, interpolation_duration: 1 }
$data merge entity $(bone_leg_right_2) { transformation: [-0.8935322469527737f,0.31338269703448896f,0.32154534494362896f,-0.1662077606976301f,0.1942186183964488f,0.9154389975017632f,-0.35249194334217265f,0.257929253688957f,-0.4048200241140526f,-0.2525128255205202f,-0.8788390188333363f,-0.24648014758826997f,0f,0f,0f,1f], start_interpolation: 0, interpolation_duration: 1 }
$data merge entity $(bone_leg_right_1) { transformation: [-0.9270627176576474f,0.34424257347179404f,0.14849837756263112f,-0.22317425444527755f,0.1357001221123868f,0.6773492412153514f,-0.7230376769461401f,0.4805952984913764f,-0.34948561399276584f,-0.6501500257898205f,-0.6746589876208537f,-0.02228687941925811f,0f,0f,0f,1f], start_interpolation: 0, interpolation_duration: 1 }
$data merge entity $(bone_leg_right_0) { transformation: [-0.9270627176576474f,0.3433890679768673f,0.15046150844383976f,-0.09365062499999997f,0.1357001221123868f,0.6814665904302168f,-0.7191583712827783f,0.7670095768761305f,-0.34948561399276584f,-0.646287269038617f,-0.6783602077736474f,-0.1843055665863096f,0f,0f,0f,1f], start_interpolation: 0, interpolation_duration: 1 }
$data merge entity $(bone_leg_left_3) { transformation: [-0.9835375899133221f,0.17883311006362296f,-0.025933144284215212f,0.22778410988086284f,0.10553533191106282f,0.6849578266682238f,0.7208987927610683f,0.11036560505512377f,0.14668368329816256f,0.7062941982141122f,-0.6925549816607837f,-0.19658702269142075f,0f,0f,0f,1f], start_interpolation: 0, interpolation_duration: 1 }
$data merge entity $(bone_leg_left_2) { transformation: [-0.8935826576800334f,-0.32683030317304723f,-0.3077206311271673f,0.16845202022283634f,-0.1944625258915915f,0.8996769906681354f,-0.390852451042833f,0.26581928793549314f,0.4045915964492469f,-0.2894188407656662f,-0.8674920026677523f,-0.2374633302455172f,0f,0f,0f,1f], start_interpolation: 0, interpolation_duration: 1 }
$data merge entity $(bone_leg_left_1) { transformation: [-0.9270627176576474f,-0.34366417524271003f,-0.14983207995607936f,0.22583783094478388f,-0.13570012211238683f,0.680147765873088f,-0.720405783872208f,0.48760055016672443f,0.3494856139927657f,-0.647529112266464f,-0.6771749067851707f,-0.012501309315176817f,0f,0f,0f,1f], start_interpolation: 0, interpolation_duration: 1 }
$data merge entity $(bone_leg_left_0) { transformation: [-0.9270627176576474f,-0.348435632707291f,-0.13837386815828648f,0.093650625f,-0.13570012211238683f,0.6559278830182953f,-0.7425254804636814f,0.7670095768761305f,0.3494856139927657f,-0.669590339042468f,-0.6553690437250544f,-0.18430556658630956f,0f,0f,0f,1f], start_interpolation: 0, interpolation_duration: 1 }
$data merge entity $(bone_tail_3) { transformation: [-2.4422341666666667f,-1.8446983677871563e-16f,2.354233790634536e-16f,1.5491009339029315e-16f,0f,1.9223777764116525f,1.5063105289390437f,0.08539237275466612f,-2.990874254976637e-16f,1.5063105289390437f,-1.9223777764116525f,-1.2649369066913627f,0f,0f,0f,1f], start_interpolation: 0, interpolation_duration: 1 }
$data merge entity $(bone_tail_2) { transformation: [-1.15625f,-2.7994305818360633e-18f,1.4157211104784477e-16f,9.69454852080174e-17f,0f,1.1560240156297539f,0.0228590854423098f,0.07018941600189932f,-1.415997861514127e-16f,0.0228590854423098f,-1.1560240156297539f,-0.7916199615718966f,0f,0f,0f,1f], start_interpolation: 0, interpolation_duration: 1 }
$data merge entity $(bone_tail_1) { transformation: [-1.3854166666666667f,7.467742316326712e-17f,1.5234619093335066e-16f,5.095069547926944e-17f,0f,1.244001054340076f,-0.6097874359795858f,0.2466064630791837f,-1.696646086318729e-16f,-0.6097874359795858f,-1.244001054340076f,-0.4160440015418592f,0f,0f,0f,1f], start_interpolation: 0, interpolation_duration: 1 }
$data merge entity $(bone_tail_0) { transformation: [-1.1979166666666667f,1.2780382647002566e-16f,7.202638346160243e-17f,3.1600636785292384e-17f,0f,0.5881400540282309f,-1.0435974401681176f,0.5659236893189321f,-1.4670248114786003e-16f,-1.0435974401681176f,-0.5881400540282309f,-0.2580387815270001f,0f,0f,0f,1f], start_interpolation: 0, interpolation_duration: 1 }
$data merge entity $(bone_body_1) { transformation: [-1.0208333333333333f,1.0836281429292395e-16f,6.234186064463414e-17f,1.585824194950412e-17f,0f,0.5090599239555353f,-0.8848495286018008f,0.827566250802997f,-1.2501602741295897e-16f,-0.8848495286018008f,-0.5090599239555353f,-0.12949237249911766f,0f,0f,0f,1f], start_interpolation: 0, interpolation_duration: 1 }