# This file was generated by Animated Java via MC-Build. It is not recommended to edit this file directly.
$data merge entity $(bone_head_lower) { transformation: [-1f,-1.5405219994917263e-17f,1.214918804839516e-16f,-0.00038812500000009797f,0f,0.9920564898266094f,0.12579316751281278f,1.7415563459452998f,-1.2246467991473532e-16f,0.12579316751281278f,-0.9920564898266094f,0.7995970955201935f,0f,0f,0f,1f], start_interpolation: 0, interpolation_duration: 1 }
$data merge entity $(bone_head_upper) { transformation: [-1f,1.0981676290708705e-16f,5.4202180871503773e-17f,-6.250000000956124e-7f,0f,0.4425943946388581f,-0.8967219200143727f,1.7330619493025443f,-1.2246467991473532e-16f,-0.8967219200143727f,-0.4425943946388581f,0.7807344225304985f,0f,0f,0f,1f], start_interpolation: 0, interpolation_duration: 1 }
$data merge entity $(bone_neck_0) { transformation: [-1f,1.1059943481915461e-16f,5.2586717375228417e-17f,-8.76161321598475e-17f,0f,0.4294031341268467f,-0.9031129211798719f,1.5561912091614398f,-1.2246467991473532e-16f,-0.9031129211798719f,-0.4294031341268467f,0.7154400127518339f,0f,0f,0f,1f], start_interpolation: 0, interpolation_duration: 1 }
$data merge entity $(bone_neck_1) { transformation: [-1f,9.42946308634085e-17f,7.814166889024132e-17f,-7.323106355268033e-17f,0f,0.6380751490523358f,-0.7699740931757637f,1.4269298416477592f,-1.2246467991473532e-16f,-0.7699740931757637f,-0.6380751490523358f,0.5979770134839419f,0f,0f,0f,1f], start_interpolation: 0, interpolation_duration: 1 }
$data merge entity $(bone_neck_2) { transformation: [-1f,6.274445436407149e-17f,1.0517001128255873e-16f,-4.0465573036799376e-17f,0f,0.8587783135168621f,-0.5123473511526475f,1.4332214159513863f,-1.2246467991473532e-16f,-0.5123473511526475f,-0.8587783135168621f,0.33042647941408965f,0f,0f,0f,1f], start_interpolation: 0, interpolation_duration: 1 }
$data merge entity $(bone_arm_right_2) { transformation: [-0.9414925463418705f,0.31790490812985195f,-0.11192968582843049f,-0.2549197392081419f,0.3319114818124934f,0.9322399663313933f,-0.14409515403190204f,1.226555705237971f,0.05853676984371087f,-0.17281526136714054f,-0.9832132688358473f,0.8652353092427025f,0f,0f,0f,1f], start_interpolation: 0, interpolation_duration: 1 }
$data merge entity $(bone_arm_right_1) { transformation: [-0.8559158428271845f,-0.4633229530909281f,-0.22965171703371157f,-0.27333874074018044f,0.41586748286078823f,-0.3527786716764098f,-0.838213245844552f,1.0533331855482164f,0.30734720870127064f,-0.8129446782834177f,0.4946298043529201f,0.5670769906122017f,0f,0f,0f,1f], start_interpolation: 0, interpolation_duration: 1 }
$data merge entity $(bone_arm_right_0) { transformation: [-0.8769794077221116f,0.31709017760830593f,-0.3610553111307288f,-0.15937500000000004f,0.4735073254770378f,0.6982146879676127f,-0.536923702425095f,1.258152086588349f,0.08184088923610852f,-0.6418333652675142f,-0.7624644254510639f,0.34801600105211267f,0f,0f,0f,1f], start_interpolation: 0, interpolation_duration: 1 }
$data merge entity $(bone_arm_left_2) { transformation: [-0.9747132084255163f,-0.1873824288223052f,0.12174558180685598f,0.32283103437769173f,-0.21352636933868152f,0.9416474732326998f,-0.26020477657320773f,1.052505169322988f,-0.06588361646021795f,-0.2796209246875594f,-0.9578473195447161f,0.6846950824565936f,0f,0f,0f,1f], start_interpolation: 0, interpolation_duration: 1 }
$data merge entity $(bone_arm_left_1) { transformation: [-0.9371105975968125f,0.31962141748670614f,-0.1402350789051508f,0.28368032057107395f,0.03972327052199705f,-0.30150647791349694f,-0.9526362923777544f,0.9624447398586871f,-0.34676474683967146f,-0.8982961612185522f,0.26984850766537877f,0.35363613820827716f,0f,0f,0f,1f], start_interpolation: 0, interpolation_duration: 1 }
$data merge entity $(bone_arm_left_0) { transformation: [-0.9441017490678514f,-0.32408436499309573f,-0.060342454159950765f,0.15937499999999993f,-0.3252021381925867f,0.9455972423794996f,0.009456453841454215f,1.258152086588349f,0.05399496941376661f,0.028551349728300313f,-0.998132938894764f,0.34801600105211267f,0f,0f,0f,1f], start_interpolation: 0, interpolation_duration: 1 }
$data merge entity $(bone_finger_right_1_fire) { transformation: [0.000004557134793158773f,-0.000014913039065179376f,-0.000005883159533379462f,-1.3438973086290154f,0.000015394186058574687f,0.000002363227497395128f,0.000005933967405313104f,1.970941183736966f,-0.000004475414600765445f,-0.0000070565005076005925f,0.000014420618659241563f,0.7185032624093901f,0f,0f,0f,1f], start_interpolation: 0, interpolation_duration: 1 }
$data merge entity $(bone_finger_right_1_fire_s) { transformation: [0.000002734280875895264f,-0.000008947823439107625f,-0.000003529895720027677f,-1.3438973086290154f,0.000009236511635144812f,0.0000014179364984370767f,0.000003560380443187862f,1.970941183736966f,-0.0000026852487604592668f,-0.000004233900304560355f,0.000008652371195544938f,0.7185032624093901f,0f,0f,0f,1f], start_interpolation: 0, interpolation_duration: 1 }
$data merge entity $(bone_finger_right_1) { transformation: [0.5436042037906547f,-1.7789227431446129f,-0.7017809213625157f,-0.9469814610196912f,1.8363170358575633f,0.28190090054527417f,0.7078416094971409f,1.5959156522351223f,-0.5338560962327471f,-0.8417445421498473f,1.720183685633753f,-0.16437984646493736f,0f,0f,0f,1f], start_interpolation: 0, interpolation_duration: 1 }
$data merge entity $(bone_finger_right_2_fire) { transformation: [0.000012506274664173475f,0.000008312612901067251f,0.000007229892015724775f,-0.5370293870685473f,-0.000010949807121694881f,0.000008174240863711124f,0.000009542603841588163f,1.9784263446279122f,0.0000012135055828922048f,-0.000011910500864229995f,0.00001159504856140085f,0.16452843912233028f,0f,0f,0f,1f], start_interpolation: 0, interpolation_duration: 1 }
$data merge entity $(bone_finger_right_2_fire_s) { transformation: [0.000007503764798504085f,0.000004987567740640351f,0.000004337935209434865f,-0.5370293870685473f,-0.000006569884273016928f,0.000004904544518226674f,0.000005725562304952897f,1.9784263446279122f,7.281033497353229e-7f,-0.000007146300518537997f,0.000006957029136840509f,0.16452843912233028f,0f,0f,0f,1f], start_interpolation: 0, interpolation_duration: 1 }
$data merge entity $(bone_finger_right_2) { transformation: [0.9322220906636232f,0.6196250750600681f,0.5389186813143301f,-0.7694484413981085f,-0.8162024552836289f,0.6093107749653293f,0.711309030263326f,1.6720254724867507f,0.09045513087573895f,-0.8878129030950062f,0.8642989780338156f,-0.2091998960625513f,0f,0f,0f,1f], start_interpolation: 0, interpolation_duration: 1 }
$data merge entity $(bone_finger_film_right) { transformation: [1.1264409737122991f,-0.17798660675237024f,-0.04717392054436349f,-0.8592301997697466f,0.4047324253365962f,0.3042242385953523f,0.6586399343864481f,1.709206303031814f,-0.2812297788820065f,-0.2750846407252982f,0.7589320801105257f,-0.15867582971166044f,0f,0f,0f,1f], start_interpolation: 0, interpolation_duration: 1 }
$data merge entity $(bone_finger_right_0_fire) { transformation: [0.000015264761247133484f,-0.000006680413126317977f,-3.700301440535084e-7f,-0.8951563738752657f,0.000005600051538011767f,0.00001225259822686602f,0.000009812799663724395f,2.145727312339255f,-0.0000036611834995533642f,-0.00000911173391460133f,0.000013466618663565108f,0.3900965857876777f,0f,0f,0f,1f], start_interpolation: 0, interpolation_duration: 1 }
$data merge entity $(bone_finger_right_0_fire_s) { transformation: [0.000009158856748280089f,-0.000004008247875790786f,-2.2201808643210503e-7f,-0.8951563738752657f,0.00000336003092280706f,0.000007351558936119611f,0.000005887679798234637f,2.145727312339255f,-0.0000021967100997320185f,-0.000005467040348760797f,0.000008079971198139065f,0.3900965857876777f,0f,0f,0f,1f], start_interpolation: 0, interpolation_duration: 1 }
$data merge entity $(bone_fire_large_right) { transformation: [0.00002442361799541357f,-0.000010688661002108761f,-5.920482304856134e-7f,-0.8504456378274826f,0.000008960082460818825f,0.00001960415716298563f,0.00001570047946195903f,2.0699360837696363f,-0.000005857893599285383f,-0.000014578774263362126f,0.000021546589861704172f,0.45430378587182074f,0f,0f,0f,1f], start_interpolation: 0, interpolation_duration: 1 }
$data merge entity $(bone_finger_right_0) { transformation: [1.3395434768619203f,-0.5862328064765795f,-0.03247161601051797f,-0.8517039394355296f,0.4914267826653961f,1.0752141984854449f,0.8611121763704789f,1.6795578617770566f,-0.3212834052902184f,-0.7995908701485771f,1.1817493175370257f,-0.13818222392005663f,0f,0f,0f,1f], start_interpolation: 0, interpolation_duration: 1 }
$data merge entity $(bone_wing_right_1_model) { transformation: [-0.6822788372277052f,-0.6905968224360174f,0.2975713362444816f,-0.5258158157008349f,-0.6921718304821368f,0.7337833267931713f,0.11591923675212147f,1.3024906690978284f,-0.29388914304556857f,-0.12496055859134939f,-0.9638418508439648f,-0.05498891647071052f,0f,0f,0f,1f], start_interpolation: 0, interpolation_duration: 1 }
$data merge entity $(bone_wing_right_0) { transformation: [-0.7077968945465182f,-0.014527036703015927f,-0.7062666077869845f,-0.17448312500000002f,0.30535703514334006f,0.8952654347946887f,-0.32443317085394663f,1.5002921670259273f,0.6370091342820557f,-0.44529626819288115f,-0.6292301616854675f,0.18162426647985563f,0f,0f,0f,1f], start_interpolation: 0, interpolation_duration: 1 }
$data merge entity $(bone_finger_left_1_fire) { transformation: [0.000003760218637194636f,0.000014857308332014467f,0.000006549726918408558f,1.3571097556802925f,-0.000012609757527462752f,-0.00000156332974708872f,0.000010785536286075058f,2.2358878699491935f,0.00001022900526331219f,-0.000007388786572035966f,0.000010888115635582235f,0.5483669672735807f,0f,0f,0f,1f], start_interpolation: 0, interpolation_duration: 1 }
$data merge entity $(bone_finger_left_1_fire_s) { transformation: [0.0000022561311823167816f,0.00000891438499920868f,0.000003929836151045135f,1.3571097556802925f,-0.000007565854516477651f,-9.37997848253232e-7f,0.000006471321771645035f,2.2358878699491935f,0.000006137403157987314f,-0.0000044332719432215795f,0.000006532869381349341f,0.5483669672735807f,0f,0f,0f,1f], start_interpolation: 0, interpolation_duration: 1 }
$data merge entity $(bone_finger_left_1) { transformation: [0.4485429444438542f,1.7722748246160103f,0.7812933450800505f,0.918776472800525f,-1.5041725803239328f,-0.18648397754312387f,1.2865677956352637f,1.5671081348510143f,1.220181213441563f,-0.881381750546511f,1.2988041169523168f,-0.11365004333802026f,0f,0f,0f,1f], start_interpolation: 0, interpolation_duration: 1 }
$data merge entity $(bone_finger_left_2_fire) { transformation: [0.000013088094718091242f,-0.0000080989774552691f,-0.000006394225411032428f,0.539406165759983f,0.000008768041043885045f,0.0000032832432362780783f,0.000013788384527636269f,2.0734320482418207f,-0.0000054406810861138654f,-0.000014191710813297142f,0.000006839013912014339f,0.03558151473263518f,0f,0f,0f,1f], start_interpolation: 0, interpolation_duration: 1 }
$data merge entity $(bone_finger_left_2_fire_s) { transformation: [0.000007852856830854745f,-0.00000485938647316146f,-0.000003836535246619457f,0.539406165759983f,0.000005260824626331027f,0.000001969945941766847f,0.000008273030716581761f,2.0734320482418207f,-0.0000032644086516683193f,-0.000008515026487978285f,0.000004103408347208603f,0.03558151473263518f,0f,0f,0f,1f], start_interpolation: 0, interpolation_duration: 1 }
$data merge entity $(bone_finger_left_2) { transformation: [0.9755911611196725f,-0.6037006141578679f,-0.4766278001172509f,0.7449594324972993f,0.6535728482255565f,0.2447340999673006f,1.027791008624592f,1.630121915944699f,-0.4055502723973076f,-1.0578550911219533f,0.5097824906564179f,-0.18531882687122278f,0f,0f,0f,1f], start_interpolation: 0, interpolation_duration: 1 }
$data merge entity $(bone_finger_film_left) { transformation: [1.107319189691304f,0.18888677628197126f,0.10282924178182104f,0.8378913002298237f,-0.3294613295005902f,0.15848110504763935f,0.9012194931145688f,1.678608465878009f,0.4207935793377505f,-0.372972792819791f,0.4350165702980693f,-0.15356064662955332f,0f,0f,0f,1f], start_interpolation: 0, interpolation_duration: 1 }
$data merge entity $(bone_finger_left_0_fire) { transformation: [0.000014995477529223457f,0.000007165969540025093f,0.0000012499247976437679f,0.9117558261188643f,-0.000004629739274332808f,0.000007193217875692094f,0.000014303877398184794f,2.293762348801402f,0.00000561061010051782f,-0.000013216817881851672f,0.000008462538458152564f,0.17677581473232015f,0f,0f,0f,1f], start_interpolation: 0, interpolation_duration: 1 }
$data merge entity $(bone_finger_left_0_fire_s) { transformation: [0.000008997286517534074f,0.000004299581724015056f,7.499548785862606e-7f,0.9117558261188643f,-0.000002777843564599685f,0.000004315930725415256f,0.000008582326438910876f,2.293762348801402f,0.000003366366060310692f,-0.000007930090729111002f,0.0000050775230748915375f,0.17677581473232015f,0f,0f,0f,1f], start_interpolation: 0, interpolation_duration: 1 }
$data merge entity $(bone_fire_large_left) { transformation: [0.00002399276404675753f,0.000011465551264040148f,0.0000019998796762300284f,0.8642300111862335f,-0.0000074075828389324925f,0.000011509148601107349f,0.000022886203837095668f,2.252588495980688f,0.00000897697616082851f,-0.00002114690861096267f,0.0000135400615330441f,0.2657248762650838f,0f,0f,0f,1f], start_interpolation: 0, interpolation_duration: 1 }
$data merge entity $(bone_finger_left_0) { transformation: [1.315912760212537f,0.6288423118661235f,0.10968586944431125f,0.8291372353810014f,-0.4062780245363194f,0.6312334616330372f,1.2552220996033734f,1.6600473495694485f,0.4923533384955882f,-1.1598283059835646f,0.7426213882932584f,-0.1229908273333982f,0f,0f,0f,1f], start_interpolation: 0, interpolation_duration: 1 }
$data merge entity $(bone_wing_left_1_model) { transformation: [-0.7042549349796401f,0.6970643752015876f,-0.22159270390399458f,0.4983551564017527f,0.6850844668573118f,0.7363901147840979f,0.13916161525699547f,1.2811759675845746f,0.25624469334894684f,-0.052989986930773995f,-0.9810748195002362f,-0.07458054402795697f,0f,0f,0f,1f], start_interpolation: 0, interpolation_duration: 1 }
$data merge entity $(bone_wing_left_0) { transformation: [-0.7609633911655187f,0.04702175159618181f,0.6470886123110967f,0.17448312500000002f,-0.2566979279450083f,0.8941638790563399f,-0.3668475585030632f,1.5002921670259273f,-0.5958530784468711f,-0.4452638681363514f,-0.6683555914613424f,0.1816242664798557f,0f,0f,0f,1f], start_interpolation: 0, interpolation_duration: 1 }
$data merge entity $(bone_body_0) { transformation: [-1f,6.410148409259336e-17f,1.0434844303460201e-16f,-6.973239484306041e-19f,0f,0.8520696996656787f,-0.5234283398055938f,1.0462360382197564f,-1.2246467991473532e-16f,-0.5234283398055938f,-0.8520696996656787f,0.005694082154267699f,0f,0f,0f,1f], start_interpolation: 0, interpolation_duration: 1 }
$data merge entity $(bone_leg_right_3) { transformation: [-0.9763382068012474f,-0.21575225138978849f,-0.01465168796973769f,-0.19937102986107175f,-0.12505130445230841f,0.5080173690105959f,0.8522209361652225f,0.127747944724599f,-0.17642527368520944f,0.8338880733070774f,-0.5229768675585083f,-0.3002193885887047f,0f,0f,0f,1f], start_interpolation: 0, interpolation_duration: 1 }
$data merge entity $(bone_leg_right_2) { transformation: [-0.8939581517909924f,0.2964704589998873f,0.3360715545636514f,-0.14543019916497021f,0.20391246734152657f,0.9368713657289873f,-0.2840629327099772f,0.28875378071690666f,-0.3990720843520929f,-0.18541119442336373f,-0.8979778173615303f,-0.3231218876608205f,0f,0f,0f,1f], start_interpolation: 0, interpolation_duration: 1 }
$data merge entity $(bone_leg_right_1) { transformation: [-0.9270627176576474f,0.33935586348812946f,0.15934966408952145f,-0.20580571587330898f,0.14240562427104342f,0.7119294438682888f,-0.6876606031534477f,0.49960238063106754f,-0.3468073755057577f,-0.614812219193483f,-0.7083294286030994f,-0.0886317272988226f,0f,0f,0f,1f], start_interpolation: 0, interpolation_duration: 1 }
$data merge entity $(bone_leg_right_0) { transformation: [-0.9270627176576474f,0.30726354859331456f,0.21481114783702698f,-0.09365062499999997f,0.14240562427104342f,0.8186327856504543f,-0.5563820633648714f,0.820621913725625f,-0.3468073755057577f,-0.4852107521108959f,-0.8026799924819275f,-0.1857258023066417f,0f,0f,0f,1f], start_interpolation: 0, interpolation_duration: 1 }
$data merge entity $(bone_leg_left_3) { transformation: [-0.9748138715695288f,0.22107556279775994f,0.02938556327994423f,0.2003826299075579f,0.12891015846342943f,0.4510292052883941f,0.883150512099638f,0.13649763265618398f,0.18198924924445267f,0.8646954674974149f,-0.4681684116307583f,-0.2938338430446257f,0f,0f,0f,1f], start_interpolation: 0, interpolation_duration: 1 }
$data merge entity $(bone_leg_left_2) { transformation: [-0.8941942469548294f,-0.2900607157603184f,-0.34100063033005856f,0.14757161242552042f,-0.20490485632660177f,0.9424165505200857f,-0.26431996738725144f,0.29830690893746403f,0.39803347669091893f,-0.1664807090279069f,-0.9021383069989352f,-0.31347490832520364f,0f,0f,0f,1f], start_interpolation: 0, interpolation_duration: 1 }
$data merge entity $(bone_leg_left_1) { transformation: [-0.9270627176576474f,-0.33664697527957427f,-0.16499555013493777f,0.20971841186064705f,-0.14240562427104342f,0.7233158305112032f,-0.6756736249905444f,0.5051455362336654f,0.3468073755057576f,-0.6028955327144181f,-0.7184995622321606f,-0.07589644131198821f,0f,0f,0f,1f], start_interpolation: 0, interpolation_duration: 1 }
$data merge entity $(bone_leg_left_0) { transformation: [-0.9270627176576474f,-0.31579115790042794f,-0.20206598457217884f,0.093650625f,-0.14240562427104342f,0.7951948627141706f,-0.5893944082606875f,0.820621913725625f,0.3468073755057576f,-0.5176302492174296f,-0.7821659474752849f,-0.1857258023066417f,0f,0f,0f,1f], start_interpolation: 0, interpolation_duration: 1 }
$data merge entity $(bone_tail_3) { transformation: [-2.4422341666666667f,-2.1278042384158673e-16f,2.101851072759801e-16f,1.5596427395810367e-16f,0f,1.7162916477005383f,1.7374840157156561f,0.20014302374693668f,-2.990874254976637e-16f,1.7374840157156561f,-1.7162916477005383f,-1.2735449442785636f,0f,0f,0f,1f], start_interpolation: 0, interpolation_duration: 1 }
$data merge entity $(bone_tail_2) { transformation: [-1.15625f,-1.5415526198010795e-17f,1.4075816491473686e-16f,9.839675410561597e-17f,0f,1.1493776410695573f,0.12587732404758428f,0.14278406267659613f,-1.415997861514127e-16f,0.12587732404758428f,-1.1493776410695573f,-0.803470471438162f,0f,0f,0f,1f], start_interpolation: 0, interpolation_duration: 1 }
$data merge entity $(bone_tail_1) { transformation: [-1.3854166666666667f,6.727151954540611e-17f,1.5575821673433041e-16f,5.141705128458812e-17f,0f,1.2718623593576155f,-0.5493136436745938f,0.3009523602644491f,-1.696646086318729e-16f,-0.5493136436745938f,-1.2718623593576155f,-0.41985208568206506f,0f,0f,0f,1f], start_interpolation: 0, interpolation_duration: 1 }
$data merge entity $(bone_tail_0) { transformation: [-1.1979166666666667f,1.2813393326119134e-16f,7.143747701280327e-17f,3.2247156184647626e-17f,0f,0.5833312679422413f,-1.0462929666774385f,0.6209933336294036f,-1.4670248114786003e-16f,-1.0462929666774385f,-0.5833312679422413f,-0.2633180130556774f,0f,0f,0f,1f], start_interpolation: 0, interpolation_duration: 1 }
$data merge entity $(bone_body_1) { transformation: [-1.0208333333333333f,1.0714208767063209e-16f,6.441723495848216e-17f,1.589059142501522e-17f,0f,0.5260066412889982f,-0.8748815392750675f,0.8801117205355099f,-1.2501602741295897e-16f,-0.8748815392750675f,-0.5260066412889982f,-0.12975652601287874f,0f,0f,0f,1f], start_interpolation: 0, interpolation_duration: 1 }