# This file was generated by Animated Java via MC-Build. It is not recommended to edit this file directly.
$data merge entity $(bone_head_lower) { transformation: [-0.6957686470914544f,0.5151486755452543f,0.5005275534958065f,-0.17043017147807749f,-0.6343319960943359f,-0.7675972322324794f,-0.09174643208327868f,1.8047121072879082f,0.33694051174577144f,-0.38133493303525984f,0.8608453754255119f,-0.7928728602994184f,0f,0f,0f,1f], start_interpolation: 0, interpolation_duration: 1 }
$data merge entity $(bone_head_upper) { transformation: [-0.6957686470914544f,0.4503721034811892f,0.5595274418028628f,-0.15530271079300065f,-0.6343319960943359f,-0.7507151286539789f,-0.18452564683808687f,1.7921361861386524f,0.33694051174577144f,-0.4833133186825782f,0.8080094848010939f,-0.7864610350242116f,0f,0f,0f,1f], start_interpolation: 0, interpolation_duration: 1 }
$data merge entity $(bone_neck_0) { transformation: [-0.38882185843164835f,0.5103004238143141f,0.7670795524981034f,-0.01993172206674121f,-0.8176702879314303f,-0.5747920290363524f,-0.03208463168565551f,1.7958724336303378f,0.4245384112655658f,-0.639693364676548f,0.6407491994133939f,-0.6552842286415561f,0f,0f,0f,1f], start_interpolation: 0, interpolation_duration: 1 }
$data merge entity $(bone_neck_1) { transformation: [-0.5572101650400574f,0.43555383210035004f,0.7069721998202845f,0.10688864805770659f,-0.7903789217375292f,-0.5392352104100916f,-0.29073449731155815f,1.7408506152156833f,0.2545937784963581f,-0.7207761422221766f,0.6447199087621408f,-0.5485356897833664f,0f,0f,0f,1f], start_interpolation: 0, interpolation_duration: 1 }
$data merge entity $(bone_neck_2) { transformation: [-0.5572101650400574f,0.7337511708640755f,0.3887493424195472f,0.2995033815392847f,-0.7903789217375292f,-0.6122003417781272f,0.02262524253493109f,1.6587487557912413f,0.2545937784963581f,-0.2946522709607747f,0.9210657127309674f,-0.38185719293043996f,0f,0f,0f,1f], start_interpolation: 0, interpolation_duration: 1 }
$data merge entity $(bone_arm_right_2) { transformation: [-0.6746838404566388f,-0.2439603908138389f,0.6966240328474465f,-0.5019546044672955f,-0.6377292484323794f,-0.28251240879394024f,-0.71658087092199f,1.8686889237277542f,0.3716222828633303f,-0.9277230548991463f,0.035025880260772795f,-0.19665449931220824f,0f,0f,0f,1f], start_interpolation: 0, interpolation_duration: 1 }
$data merge entity $(bone_arm_right_1) { transformation: [-0.8324437829503093f,0.494492581009924f,0.2500288694401554f,-0.22404371323172248f,-0.4110347030600583f,-0.8536692968037527f,0.31984246837297203f,1.663738919327477f,0.37160169685795014f,0.16348033221378516f,0.9138853100206622f,-0.19882616748384693f,0f,0f,0f,1f], start_interpolation: 0, interpolation_duration: 1 }
$data merge entity $(bone_arm_right_0) { transformation: [0.10929170514174713f,0.908979354251249f,0.4022584451968556f,0.07071359809300418f,-0.7900713474312512f,-0.16613540502605187f,0.5900731252692301f,1.6365077765505935f,0.6031936580861704f,-0.3823029698312733f,0.7000013215007611f,-0.32253075857694746f,0f,0f,0f,1f], start_interpolation: 0, interpolation_duration: 1 }
$data merge entity $(bone_arm_left_2) { transformation: [-0.7648801051408387f,0.0024889796627896588f,0.6441678583567935f,0.09206521177704069f,-0.5231302158635103f,-0.5859191782223075f,-0.6188969977644848f,2.3871149709140584f,0.3758898801648384f,-0.810365671515973f,0.44945998311098767f,-0.4933934008427552f,0f,0f,0f,1f], start_interpolation: 0, interpolation_duration: 1 }
$data merge entity $(bone_arm_left_1) { transformation: [-0.532565379329153f,0.7418760113185411f,-0.407423735894323f,0.2439860201611619f,-0.8033304863413654f,-0.2914765484963609f,0.5193279805587153f,2.1783569763253783f,0.26652250646904224f,0.603872010865498f,0.7512019355930325f,-0.2640817099308014f,0f,0f,0f,1f], start_interpolation: 0, interpolation_duration: 1 }
$data merge entity $(bone_arm_left_0) { transformation: [-0.8407953925896852f,0.038229094560689236f,0.5400015223395457f,0.24723615396017656f,-0.299068257051558f,-0.864269257407496f,-0.4044710475725525f,1.8893301701662772f,0.4512441527866041f,-0.5015747073262014f,0.7381067182640559f,-0.4032908171242099f,0f,0f,0f,1f], start_interpolation: 0, interpolation_duration: 1 }
$data merge entity $(bone_finger_right_1_fire) { transformation: [1.2791097604412212f,-0.1442237973675394f,-1.0587046305720336f,-0.7139806896246048f,-0.5470923578988698f,-1.5069173711051667f,-0.4557057892631211f,0.4103955180896417f,-0.9177940675611456f,0.6972641613564807f,-1.2038498729555884f,-0.5501953055270489f,0f,0f,0f,1f], start_interpolation: 0, interpolation_duration: 1 }
$data merge entity $(bone_finger_right_1_fire_s) { transformation: [0.000007674658562647327f,-8.653427842052364e-7f,-0.000006352227783432202f,-0.7139806896246048f,-0.000003282554147393219f,-0.000009041504226631001f,-0.0000027342347355787267f,0.4103955180896417f,-0.000005506764405366874f,0.000004183584968138884f,-0.0000072230992377335306f,-0.5501953055270489f,0f,0f,0f,1f], start_interpolation: 0, interpolation_duration: 1 }
$data merge entity $(bone_finger_right_1) { transformation: [1.5258039852789567f,-0.17203937582303253f,-1.2628906404426783f,-0.05253330697248113f,-0.6526067784126773f,-1.7975474829659934f,-0.5435950306035637f,0.7255568698430004f,-1.0948035026072582f,0.831741316572337f,-1.436029174853295f,0.18521587581364565f,0f,0f,0f,1f], start_interpolation: 0, interpolation_duration: 1 }
$data merge entity $(bone_finger_right_2_fire) { transformation: [-0.018569570339493937f,1.6656602276760342f,-0.05485394036353518f,0.07852855723698682f,1.6281321831345326f,0.02984435059795498f,0.35506715809370853f,0.9331594661679842f,0.3558349941711219f,-0.049629612666088715f,-1.6274815317685256f,-0.40622509053071165f,0f,0f,0f,1f], start_interpolation: 0, interpolation_duration: 1 }
$data merge entity $(bone_finger_right_2_fire_s) { transformation: [-1.1141742203696362e-7f,0.000009993961366056206f,-3.2912364218121105e-7f,0.07852855723698682f,0.000009768793098807196f,1.7906610358772988e-7f,0.0000021304029485622512f,0.9331594661679842f,0.000002135009965026732f,-2.977776759965323e-7f,-0.000009764889190611155f,-0.40622509053071165f,0f,0f,0f,1f], start_interpolation: 0, interpolation_duration: 1 }
$data merge entity $(bone_finger_right_2) { transformation: [-0.013841822724554967f,1.2415889635205126f,-0.04088831913577039f,0.09706224510433044f,1.2136154277711213f,0.022246083390942733f,0.2646683023781036f,0.8186267367643003f,0.26524065007763387f,-0.036994086984946856f,-1.21313042996562f,0.11733172213984587f,0f,0f,0f,1f], start_interpolation: 0, interpolation_duration: 1 }
$data merge entity $(bone_finger_film_right) { transformation: [0.9144793306017572f,0.26223264462578016f,-0.27291715931866783f,0.03834476168198578f,0.6352586320341702f,-0.3739422252944392f,-0.20574572636740135f,0.7397531229597991f,-0.39975537233715813f,0.005644218877563766f,-0.9512788974397289f,0.07875124127668479f,0f,0f,0f,1f], start_interpolation: 0, interpolation_duration: 1 }
$data merge entity $(bone_finger_right_0_fire) { transformation: [1.2827116352350016f,0.9150573666326821f,-0.5432298356881616f,-0.17628074622782083f,0.8934031119626367f,-1.3882419894380191f,-0.2288948144332322f,0.6107695117609442f,-0.5781518123693828f,-0.11503031039777448f,-1.5589375508087437f,-0.5771922400104389f,0f,0f,0f,1f], start_interpolation: 0, interpolation_duration: 1 }
$data merge entity $(bone_finger_right_0_fire_s) { transformation: [0.000007696269811410009f,0.000005490344199796093f,-0.00000325937901412897f,-0.17628074622782083f,0.00000536041867177582f,-0.000008329451936628114f,-0.0000013733688865993932f,0.6107695117609442f,-0.000003468910874216297f,-6.901818623866469e-7f,-0.000009353625304852463f,-0.5771922400104389f,0f,0f,0f,1f], start_interpolation: 0, interpolation_duration: 1 }
$data merge entity $(bone_fire_large_right) { transformation: [0.000020523386163760023f,0.000014640917866122914f,-0.000008691677371010586f,-0.23696356409761626f,0.000014294449791402187f,-0.000022211871831008304f,-0.000003662317030931715f,0.7012247785418262f,-0.000009250428997910124f,-0.0000018404849663643916f,-0.0000249430008129399f,-0.576023858372205f,0f,0f,0f,1f], start_interpolation: 0, interpolation_duration: 1 }
$data merge entity $(bone_finger_right_0) { transformation: [1.1256304477062145f,0.8029992127505021f,-0.47670577420233046f,0.012858113816341771f,0.7839967435209142f,-1.218237528350942f,-0.20086429823403498f,0.7661939499058099f,-0.5073511968886751f,-0.1009436698288854f,-1.3680296686023172f,0.08488804751590692f,0f,0f,0f,1f], start_interpolation: 0, interpolation_duration: 1 }
$data merge entity $(bone_wing_right_1_model) { transformation: [-0.8531081646537306f,0.008881396917098109f,0.5505494194273429f,-0.017678390790245097f,0.01635841351944628f,-1.0143813774365176f,0.04171218597675595f,1.2692249821108192f,0.5503780016952984f,0.043916112540087454f,0.8521340935270083f,0.04840290100599037f,0f,0f,0f,1f], start_interpolation: 0, interpolation_duration: 1 }
$data merge entity $(bone_wing_right_0) { transformation: [-0.40062284853127705f,0.7300605932103137f,-0.5536360388161978f,0.30133166875790013f,-0.4924836421409332f,-0.6811166963484708f,-0.5417932337884496f,1.4922119755385648f,-0.772632639394872f,0.05560194418137965f,0.6324138110011225f,-0.21054723022391264f,0f,0f,0f,1f], start_interpolation: 0, interpolation_duration: 1 }
$data merge entity $(bone_finger_left_1_fire) { transformation: [-0.9713782172481177f,1.350773433289393f,0.0980472781531043f,1.1481937455367932f,1.2743327834323304f,0.8707506940928427f,0.6290047405101336f,2.77314411977297f,0.4585608944330682f,0.44156781861249494f,-1.5402978755553502f,-1.1787371820402233f,0f,0f,0f,1f], start_interpolation: 0, interpolation_duration: 1 }
$data merge entity $(bone_finger_left_1_fire_s) { transformation: [-0.000005828269303488706f,0.000008104640599736359f,5.882836689186259e-7f,1.1481937455367932f,0.000007645996700593983f,0.000005224504164557056f,0.0000037740284430608014f,2.77314411977297f,0.0000027513653665984093f,0.00000264940691167497f,-0.000009241787253332103f,-1.1787371820402233f,0f,0f,0f,1f], start_interpolation: 0, interpolation_duration: 1 }
$data merge entity $(bone_finger_left_1) { transformation: [-1.1587221057394586f,1.6112890007273184f,0.1169570684068246f,1.0587158464771633f,1.5201057013762234f,1.0386871559583646f,0.75031711078388f,2.3641410822895326f,0.5470007827770074f,0.5267303543813752f,-1.8373658850264571f,-0.22880079248223728f,0f,0f,0f,1f], start_interpolation: 0, interpolation_duration: 1 }
$data merge entity $(bone_finger_left_2_fire) { transformation: [1.5457255405822201f,0.5391382358626085f,-0.3127943311515351f,0.9224834924843305f,0.3816746730675015f,-1.4799392576303956f,-0.6647420668507357f,1.9654355194949413f,-0.49278268527658053f,0.5448738699305795f,-1.496013191364386f,-0.711038375882269f,0f,0f,0f,1f], start_interpolation: 0, interpolation_duration: 1 }
$data merge entity $(bone_finger_left_2_fire_s) { transformation: [0.000009274353243493321f,0.000003234829415175651f,-0.0000018767659869092105f,0.9224834924843305f,0.0000022900480384050093f,-0.000008879635545782374f,-0.000003988452401104414f,1.9654355194949413f,-0.0000029566961116594833f,0.000003269243219583477f,-0.000008976079148186316f,-0.711038375882269f,0f,0f,0f,1f], start_interpolation: 0, interpolation_duration: 1 }
$data merge entity $(bone_finger_left_2) { transformation: [1.1521892279893788f,0.40187552799581383f,-0.23315798922051326f,1.023700209693743f,0.28450163716587135f,-1.1031519024250984f,-0.49550106322777226f,2.1786080307061897f,-0.36732193834456156f,0.4061508897047987f,-1.115133468889183f,-0.2294933246091663f,0f,0f,0f,1f], start_interpolation: 0, interpolation_duration: 1 }
$data merge entity $(bone_finger_film_left) { transformation: [0.27677632196516083f,0.44054243266669735f,0.12389109603509896f,1.0788442100019802f,1.150105887612433f,-0.10515511055099333f,-0.044439015138945f,2.241236091503816f,-0.01678237953445672f,0.05912167722115692f,-1.0022089556274532f,-0.29425526210644676f,0f,0f,0f,1f], start_interpolation: 0, interpolation_duration: 1 }
$data merge entity $(bone_finger_left_0_fire) { transformation: [0.39000602057322514f,1.618939418028201f,0.06861663390843847f,1.1431729274775153f,1.620375162955401f,-0.38932191093371504f,-0.024301413990890457f,2.229458954159007f,-0.007577134793161125f,0.07239743226943651f,-1.6650762675045538f,-0.9933159507382894f,0f,0f,0f,1f], start_interpolation: 0, interpolation_duration: 1 }
$data merge entity $(bone_finger_left_0_fire_s) { transformation: [0.000002340036123439351f,0.000009713636508169207f,4.116998034506309e-7f,1.1431729274775153f,0.000009722250977732408f,-0.00000233593146560229f,-1.4580848394534275e-7f,2.229458954159007f,-4.5462808758966746e-8f,4.343845936166191e-7f,-0.000009990457605027324f,-0.9933159507382894f,0f,0f,0f,1f], start_interpolation: 0, interpolation_duration: 1 }
$data merge entity $(bone_fire_large_left) { transformation: [0.0000062400963291716016f,0.000025903030688451217f,0.0000010978661425350156f,1.03748009678121f,0.00002592600260728642f,-0.00000622915057493944f,-3.8882262385424733e-7f,2.253427926232774f,-1.21234156690578e-7f,0.0000011583589163109842f,-0.000026641220280072863f,-1.0042904077089532f,0f,0f,0f,1f], start_interpolation: 0, interpolation_duration: 1 }
$data merge entity $(bone_finger_left_0) { transformation: [0.34224578579232284f,1.420683692161613f,0.060213823765852624f,1.0451751042293917f,1.421943615406092f,-0.34164545239029454f,-0.021325456758212513f,2.257124180485344f,-0.006649236972106915f,0.06353162461436325f,-1.4611706115168794f,-0.2948092339678892f,0f,0f,0f,1f], start_interpolation: 0, interpolation_duration: 1 }
$data merge entity $(bone_wing_left_1_model) { transformation: [0.06928173046992331f,0.8747809531460023f,0.5108183717114182f,0.5963348462818229f,-0.9628115707697784f,0.2160338844240627f,-0.23937485877661108f,2.1693197060739853f,-0.3149142804903656f,-0.46804351062210253f,0.8442401027845177f,-0.08001477289037405f,0f,0f,0f,1f], start_interpolation: 0, interpolation_duration: 1 }
$data merge entity $(bone_wing_left_0) { transformation: [-0.2300212650353726f,0.9141012433132096f,0.33392983485272953f,0.4945878706759633f,-0.49394458110981077f,-0.405308399236551f,0.7692488883973494f,1.7690009406086484f,0.838515932122807f,0.012000770039813036f,0.5447449064421539f,-0.2989630256153436f,0f,0f,0f,1f], start_interpolation: 0, interpolation_duration: 1 }
$data merge entity $(bone_body_0) { transformation: [-0.553796253700933f,0.8214661048676166f,-0.13602627665432093f,0.10307125952630472f,-0.7931682936962628f,-0.47073866293621325f,0.3863795660901138f,1.919129880035641f,0.2533648895600389f,0.3218672859590608f,0.9122541767334238f,0.00392111644802054f,0f,0f,0f,1f], start_interpolation: 0, interpolation_duration: 1 }
$data merge entity $(bone_leg_right_3) { transformation: [-0.6141254444840599f,0.6842079683049788f,-0.3933311512520069f,-0.5369082977717134f,-0.7675040168834026f,-0.6338554855520496f,0.09573300111986632f,2.237246680898111f,-0.18381382566362575f,0.3606753104158197f,0.9143991458610149f,-0.28322972419814546f,0f,0f,0f,1f], start_interpolation: 0, interpolation_duration: 1 }
$data merge entity $(bone_leg_right_2) { transformation: [-0.6715558269446488f,0.2451122496610339f,-0.6992372675728862f,-0.4858533287477099f,-0.709507505640375f,0.05928107080820906f,0.7022000100283429f,2.2468781037066137f,0.2135693581407743f,0.9676805979815544f,0.13409843233012966f,-0.11995804038200573f,0f,0f,0f,1f], start_interpolation: 0, interpolation_duration: 1 }
$data merge entity $(bone_leg_right_1) { transformation: [-0.6953438862578969f,0.24257800151150583f,-0.6765004013498062f,-0.27567279237755776f,-0.7068809016020463f,-0.06099998823366745f,0.7046973764572777f,2.0184577395277072f,0.12967756472899797f,0.9682122260218446f,0.21388972529735986f,-0.20203270011134714f,0f,0f,0f,1f], start_interpolation: 0, interpolation_duration: 1 }
$data merge entity $(bone_leg_right_0) { transformation: [-0.7088034998451778f,0.13081177527025895f,-0.6931708866202262f,-0.16011363384205296f,-0.6823384954801581f,0.12209599275431371f,0.720768163932906f,2.0220826541042842f,0.17891835063263253f,0.9838601770597188f,0.0027158429476678014f,0.1321715866827489f,0f,0f,0f,1f], start_interpolation: 0, interpolation_duration: 1 }
$data merge entity $(bone_leg_left_3) { transformation: [-0.8351386156281684f,0.24114975645241027f,-0.494358460683753f,-0.019067826880903638f,-0.5033603941983831f,-0.697407453035229f,0.5101481725963177f,2.6025310833371305f,-0.2217471673756287f,0.6748849082724083f,0.7038171313253372f,-0.29444254051542385f,0f,0f,0f,1f], start_interpolation: 0, interpolation_duration: 1 }
$data merge entity $(bone_leg_left_2) { transformation: [-0.6201557213716961f,-0.4922615570838991f,-0.6108072041710759f,-0.10285867934451802f,-0.5461340573230915f,-0.28803133912317946f,0.7866228696870727f,2.54430204406119f,-0.563155815633444f,0.8214112898543837f,-0.09021651854282145f,-0.1567999274483312f,0f,0f,0f,1f], start_interpolation: 0, interpolation_duration: 1 }
$data merge entity $(bone_leg_left_1) { transformation: [-0.6608107061564856f,-0.4376120189129148f,-0.6097744923592077f,0.10215689437985113f,-0.5690157404833001f,-0.2376941073992191f,0.7872246174948606f,2.2979495840551314f,-0.4894387578760071f,0.8671777396881508f,-0.09193731602641057f,-0.1376413682752793f,0f,0f,0f,1f], start_interpolation: 0, interpolation_duration: 1 }
$data merge entity $(bone_leg_left_0) { transformation: [-0.6608107061564856f,-0.46621393736935896f,-0.5881953546497337f,-0.029595074953888814f,-0.5690157404833001f,-0.19985420535915294f,0.797671225306832f,2.1540484393126382f,-0.4894387578760071f,0.8618021009505721f,-0.1332172702241355f,0.1573051413788494f,0f,0f,0f,1f], start_interpolation: 0, interpolation_duration: 1 }
$data merge entity $(bone_tail_3) { transformation: [-1.9864906390566743f,-1.135409014102041f,0.8539373726861152f,-0.8469590816899243f,-0.9766378524584882f,2.157466644193439f,0.5966773912023154f,3.0667207202114177f,-1.0317660446629875f,0.14384635804413218f,-2.2089080513212758f,0.12352330460090355f,0f,0f,0f,1f], start_interpolation: 0, interpolation_duration: 1 }
$data merge entity $(bone_tail_2) { transformation: [-0.9309727119478369f,-0.6402855191312484f,-0.24543497326036828f,-0.7432094913256949f,-0.5988519294773166f,0.5575760991845157f,0.8169451160754152f,2.7293355747419286f,-0.334036283463017f,0.7848932475878527f,-0.7805616014903676f,0.4392246611818284f,0f,0f,0f,1f], start_interpolation: 0, interpolation_duration: 1 }
$data merge entity $(bone_tail_1) { transformation: [-1.05562327221107f,-0.030323733584435505f,-0.896727003399402f,-0.47451692446300187f,-0.8798554662705564f,-0.2362556394684493f,1.0437513935659932f,2.4179413890686927f,-0.17576463215901184f,1.364786827412483f,0.16075773723573342f,0.3842861328652395f,0f,0f,0f,1f], start_interpolation: 0, interpolation_duration: 1 }
$data merge entity $(bone_tail_0) { transformation: [-0.8347534092882277f,0.4402280981006336f,-0.7378281016620047f,-0.248368498909777f,-0.8440093887832617f,-0.6126252268798875f,0.5893579755240856f,2.233133379704529f,-0.16074587896790374f,0.9305341978191035f,0.7370693382320084f,0.18024684787324752f,0f,0f,0f,1f], start_interpolation: 0, interpolation_duration: 1 }
$data merge entity $(bone_body_1) { transformation: [-0.7113550792195331f,0.1503078398344893f,-0.7165767223384427f,-0.041371139268669116f,-0.7192427834848664f,-0.33037783973749163f,0.6447022536487473f,2.043256594352276f,-0.13698344468569185f,0.9541272088873273f,0.33612125726791536f,0.10227307831059079f,0f,0f,0f,1f], start_interpolation: 0, interpolation_duration: 1 }