# This file was generated by Animated Java via MC-Build. It is not recommended to edit this file directly.
$data merge entity $(bone_head_lower) { transformation: [0.6028974907746263f,0.7697642850014829f,-0.20970827631215644f,0.19163148519581719f,-0.6724897125596435f,0.6317473013537587f,0.3855553575476443f,1.263513337677207f,0.42926938176290674f,-0.09142369916164819f,0.8985374255491492f,-0.9014885877853427f,0f,0f,0f,1f], start_interpolation: 0, interpolation_duration: 1 }
$data merge entity $(bone_head_upper) { transformation: [0.6028974907746263f,0.7906108916115291f,-0.1070001573965329f,0.20009002430935757f,-0.6724897125596435f,0.5757590295264429f,0.4650366936277365f,1.2787726389359446f,0.42926938176290674f,-0.20841295061485984f,0.8788013654386868f,-0.8903659889860321f,0f,0f,0f,1f], start_interpolation: 0, interpolation_duration: 1 }
$data merge entity $(bone_neck_0) { transformation: [0.9189639263821463f,0.3943029332490142f,-0.005522575443839828f,0.19235695536508332f,-0.26217466435249553f,0.6213666168451313f,0.738354909811056f,1.406863895117622f,0.2945670507371215f,-0.6770736476201534f,0.674389745116557f,-0.7522376124615109f,0f,0f,0f,1f], start_interpolation: 0, interpolation_duration: 1 }
$data merge entity $(bone_neck_1) { transformation: [0.8954881223518079f,0.36337504125917863f,0.25702062585855645f,0.2400957144548401f,-0.38368176200829235f,0.3375493610512436f,0.8595631066746117f,1.5595274349501562f,0.22558663131720832f,-0.8683426790408195f,0.44169181962898796f,-0.682088401383367f,0f,0f,0f,1f], start_interpolation: 0, interpolation_duration: 1 }
$data merge entity $(bone_neck_2) { transformation: [0.8954881223518079f,0.44180107154091003f,0.05397069493843415f,0.31527104939477263f,-0.38368176200829235f,0.7047920807837803f,0.5967046408120871f,1.7951268661369535f,0.22558663131720832f,-0.5550494897302162f,0.8006439506554588f,-0.579792510804088f,0f,0f,0f,1f], start_interpolation: 0, interpolation_duration: 1 }
$data merge entity $(bone_arm_right_2) { transformation: [0.9068478292665286f,0.39874397881530044f,-0.13649268813064047f,0.3131671445147911f,-0.2776204142198931f,0.8088281478654803f,0.5183858918111799f,0.9473682478493667f,0.31710238120039425f,-0.4322039640945469f,0.8441835187078695f,-0.4091493381791936f,0f,0f,0f,1f], start_interpolation: 0, interpolation_duration: 1 }
$data merge entity $(bone_arm_right_1) { transformation: [0.7943748237979045f,0.4805769938122484f,-0.3715028833460526f,0.3449006084279702f,-0.5291621009524003f,0.8478082015587797f,-0.03476671231666756f,1.290110234819987f,0.2982551093136386f,0.22420304723185663f,0.9277806224427515f,-0.38149790875549117f,0f,0f,0f,1f], start_interpolation: 0, interpolation_duration: 1 }
$data merge entity $(bone_arm_right_0) { transformation: [0.9345214883128673f,0.19017655702341513f,-0.30083627613740893f,0.3814022608744434f,-0.08345745518581957f,0.9387946049793862f,0.33421481540396436f,1.5973447509979126f,0.3459832959196305f,-0.28722389667351633f,0.893195382950601f,-0.4663555248628335f,0f,0f,0f,1f], start_interpolation: 0, interpolation_duration: 1 }
$data merge entity $(bone_arm_left_2) { transformation: [0.48518632087717456f,0.8535673225171183f,-0.18978161123941667f,-0.3198432393414787f,-0.738523386578699f,0.5162220152989868f,0.4337027073895009f,1.4175216767548557f,0.468163904535582f,-0.07026846270988574f,0.8808432900569707f,-0.7951729436390416f,0f,0f,0f,1f], start_interpolation: 0, interpolation_duration: 1 }
$data merge entity $(bone_arm_left_1) { transformation: [0.7598122060611738f,0.05880339925220414f,-0.6474778542597718f,-0.19037273028594856f,-0.47714431639276733f,0.7269017990960509f,-0.4939099875534042f,1.5727988609783332f,0.44160923094352467f,0.6842192153888335f,0.5803665672987706f,-0.5152264000665194f,0f,0f,0f,1f], start_interpolation: 0, interpolation_duration: 1 }
$data merge entity $(bone_arm_left_0) { transformation: [0.48357888947484073f,0.8666973419503334f,-0.12242211855096496f,0.09490341650645298f,-0.7357724350227102f,0.47825693651950985f,0.47948850510906504f,1.71797692240839f,0.4741206402541784f,-0.1417956985497108f,0.8689669719602511f,-0.5368385291730869f,0f,0f,0f,1f], start_interpolation: 0, interpolation_duration: 1 }
$data merge entity $(bone_finger_right_1_fire) { transformation: [1.3898285151236025f,0.8899556424947264f,-0.2326659208369375f,1.057322904584647f,-0.7621302730123186f,0.8780080250738891f,-1.1941679666788074f,0.8606276290631639f,-0.5150843846257327f,1.1022062602232978f,1.1391256359230455f,0.49422741282810956f,0f,0f,0f,1f], start_interpolation: 0, interpolation_duration: 1 }
$data merge entity $(bone_finger_right_1_fire_s) { transformation: [0.000008338971090741615f,0.000005339733854968359f,-0.000001395995525021625f,1.057322904584647f,-0.000004572781638073912f,0.000005268048150443334f,-0.000007165007800072845f,0.8606276290631639f,-0.0000030905063077543963f,0.000006613237561339787f,0.000006834753815538273f,0.49422741282810956f,0f,0f,0f,1f], start_interpolation: 0, interpolation_duration: 1 }
$data merge entity $(bone_finger_right_1) { transformation: [1.657876401864401f,1.0615960475288293f,-0.2775388009932326f,1.1830686505781112f,-0.9091177659865665f,1.0473441648217396f,-1.424479977404349f,1.5861937828813348f,-0.61442561938219f,1.3147821683950038f,1.3588219625697078f,-0.23749021515096258f,0f,0f,0f,1f], start_interpolation: 0, interpolation_duration: 1 }
$data merge entity $(bone_finger_right_2_fire) { transformation: [-1.33805059598972f,0.9791360263146744f,-0.16938424460983104f,1.1549564858140362f,0.15162148941576684f,-0.07959645347766434f,-1.657845923576405f,0.9905125951994966f,-0.9820434329991111f,-1.3463784105311056f,-0.025172388381605553f,-0.39878539054081846f,0f,0f,0f,1f], start_interpolation: 0, interpolation_duration: 1 }
$data merge entity $(bone_finger_right_2_fire_s) { transformation: [-0.00000802830357593832f,0.000005874816157888047f,-0.0000010163054676589863f,1.1549564858140362f,9.09728936494601e-7f,-4.77578720865986e-7f,-0.00000994707554145843f,0.9905125951994966f,-0.000005892260597994667f,-0.000008078270463186633f,-1.5103433028963331e-7f,-0.39878539054081846f,0f,0f,0f,1f], start_interpolation: 0, interpolation_duration: 1 }
$data merge entity $(bone_finger_right_2) { transformation: [-0.997387597427823f,0.7298514209910504f,-0.12625960877702416f,1.210224227869065f,0.11301918888572554f,-0.05933147500983815f,-1.2357641538945845f,1.5238615794789363f,-0.7320186121095528f,-1.0035951795343228f,-0.018763586403008112f,-0.39121456227674484f,0f,0f,0f,1f], start_interpolation: 0, interpolation_duration: 1 }
$data merge entity $(bone_finger_film_right) { transformation: [0.10592211733238159f,0.4750393530558042f,0.05157211133532078f,1.2404208713905251f,-0.416216242162622f,0.04082208802183336f,-0.9368121283918146f,1.4843974710262586f,-0.9791441522626535f,0.0340362120747841f,0.40380065591556324f,-0.30577070743843165f,0f,0f,0f,1f], start_interpolation: 0, interpolation_duration: 1 }
$data merge entity $(bone_finger_right_0_fire) { transformation: [0.17683842603061312f,1.656582408715022f,-0.04733573695137744f,1.2519074640968346f,-0.6569897042034306f,0.02637179151982193f,-1.5314851729483063f,0.8432428774174867f,-1.521469841116637f,0.18115471157480223f,0.6558126796765572f,-0.020148666588293063f,0f,0f,0f,1f], start_interpolation: 0, interpolation_duration: 1 }
$data merge entity $(bone_finger_right_0_fire_s) { transformation: [0.0000010610305561836786f,0.000009939494452290133f,-2.8401442170826466e-7f,1.2519074640968346f,-0.000003941938225220584f,1.5823074911893158e-7f,-0.000009188911037689838f,0.8432428774174867f,-0.000009128819046699822f,0.0000010869282694488134f,0.000003934876078059344f,-0.020148666588293063f,0f,0f,0f,1f], start_interpolation: 0, interpolation_duration: 1 }
$data merge entity $(bone_fire_large_right) { transformation: [0.0000028294148164898094f,0.000026505318539440354f,-7.573717912220391e-7f,1.1437920118872693f,-0.00001051183526725489f,4.2194866431715085e-7f,-0.000024503762767172902f,0.8352233756350674f,-0.00002434351745786619f,0.0000028984753851968355f,0.000010493002874824916f,-0.030762872792944485f,0f,0f,0f,1f], start_interpolation: 0, interpolation_duration: 1 }
$data merge entity $(bone_finger_right_0) { transformation: [0.15518274816929772f,1.4537169127981782f,-0.041538990770377524f,1.2008890219578392f,-0.5765345807792525f,0.023142295337356657f,-1.3439391157977636f,1.4877427924599698f,-1.3351502640060333f,0.15897046030667406f,0.5755016949701961f,-0.30351688914397107f,0f,0f,0f,1f], start_interpolation: 0, interpolation_duration: 1 }
$data merge entity $(bone_wing_right_1_model) { transformation: [0.07406215320989132f,0.9187628503458211f,0.42587170054862455f,0.7343929369387834f,-0.6646494216076314f,-0.2780626885733559f,0.7154714324288836f,1.5980353324561074f,0.7640242318541975f,-0.33095777538776694f,0.5811290795441446f,-0.14376451303090748f,0f,0f,0f,1f], start_interpolation: 0, interpolation_duration: 1 }
$data merge entity $(bone_wing_right_0) { transformation: [0.15050360748692043f,0.7899435077755984f,0.5944223403074671f,0.507223753754398f,-0.757817614563215f,0.4783123329027176f,-0.44376770415486405f,1.8630156930977553f,-0.6348709531795749f,-0.38367507961339276f,0.6706208363095463f,-0.45477166615606013f,0f,0f,0f,1f], start_interpolation: 0, interpolation_duration: 1 }
$data merge entity $(bone_finger_left_1_fire) { transformation: [-0.1319818137875375f,-0.01739492106092274f,-1.6613416251115891f,-1.137493798690808f,-1.0365107162506781f,1.3033434120400402f,0.06869689343130042f,2.80785660780841f,1.2984622111192294f,1.0386390830268661f,-0.11402858975823808f,-0.6991102795849645f,0f,0f,0f,1f], start_interpolation: 0, interpolation_duration: 1 }
$data merge entity $(bone_finger_left_1_fire_s) { transformation: [-7.91890882725225e-7f,-1.0436952636553644e-7f,-0.000009968049750669535f,-1.137493798690808f,-0.000006219064297504069f,0.000007820060472240242f,4.121813605878026e-7f,2.80785660780841f,0.000007790773266715377f,0.000006231834498161197f,-6.841715385494285e-7f,-0.6991102795849645f,0f,0f,0f,1f], start_interpolation: 0, interpolation_duration: 1 }
$data merge entity $(bone_finger_left_1) { transformation: [-0.15743635432185712f,-0.02074977511641654f,-1.9817546162971105f,-0.10297711297143813f,-1.2364163190296489f,1.5547114358597305f,0.08194605108603475f,2.737601624304679f,1.5488888270045285f,1.2389551711357596f,-0.1360205996933709f,-0.6490264742346641f,0f,0f,0f,1f], start_interpolation: 0, interpolation_duration: 1 }
$data merge entity $(bone_finger_left_2_fire) { transformation: [-0.5347396375839529f,1.1014423491833663f,-1.1307767459581888f,-0.3942356632061318f,1.576875259816492f,0.42775896170902644f,-0.3290356567821586f,2.5960821950640423f,0.07277164800273156f,-1.175425369762293f,-1.1793461176193876f,-1.1751283777024248f,0f,0f,0f,1f], start_interpolation: 0, interpolation_duration: 1 }
$data merge entity $(bone_finger_left_2_fire_s) { transformation: [-0.000003208437825503718f,0.000006608654095100198f,-0.000006784660475749133f,-0.3942356632061318f,0.000009461251558898952f,0.000002566553770254159f,-0.000001974213940692952f,2.5960821950640423f,4.366298880163894e-7f,-0.000007052552218573758f,-0.000007076076705716326f,-1.1751283777024248f,0f,0f,0f,1f], start_interpolation: 0, interpolation_duration: 1 }
$data merge entity $(bone_finger_left_2) { transformation: [-0.39859679744381005f,0.8210189821295032f,-0.8428849441558447f,-0.029920631683915858f,1.1754083377306224f,0.3188530272142742f,-0.24526433019021976f,2.7024715572999316f,0.05424424112200411f,-0.8761661846096073f,-0.8790887237849031f,-0.7962763733598547f,0f,0f,0f,1f], start_interpolation: 0, interpolation_duration: 1 }
$data merge entity $(bone_finger_film_left) { transformation: [-0.4390415755280607f,0.09802190235333579f,-0.9074888074547058f,-0.11132562582839993f,0.2880220075148375f,0.4580089518095583f,0.09872596333871782f,2.756870636720866f,0.9313777666635917f,-0.09542955661576642f,-0.45831088225646716f,-0.7827164120011726f,0f,0f,0f,1f], start_interpolation: 0, interpolation_duration: 1 }
$data merge entity $(bone_finger_left_0_fire) { transformation: [-0.6777747911474864f,0.21931243523422334f,-1.5067518594693672f,-0.7437638669484539f,0.4371586929762813f,1.607878193951224f,0.03738674028580891f,2.8055561817485746f,1.4585237013562822f,-0.3800099300617868f,-0.711392186781796f,-1.0834533299400184f,0f,0f,0f,1f], start_interpolation: 0, interpolation_duration: 1 }
$data merge entity $(bone_finger_left_0_fire_s) { transformation: [-0.000004066648746884919f,0.00000131587461140534f,-0.000009040511156816205f,-0.7437638669484539f,0.000002622952157857688f,0.000009647269163707345f,2.2432044171485348e-7f,2.8055561817485746f,0.000008751142208137694f,-0.000002280059580370721f,-0.000004268353120690776f,-1.0834533299400184f,0f,0f,0f,1f], start_interpolation: 0, interpolation_duration: 1 }
$data merge entity $(bone_fire_large_left) { transformation: [-0.000010844396658359783f,0.0000035089989637475734f,-0.000024108029751509877f,-0.7631741759817452f,0.0000069945390876205005f,0.000025726051103219588f,5.981878445729426e-7f,2.7004286592328297f,0.000023336379221700518f,-0.000006080158880988589f,-0.000011382274988508737f,-1.0625399681441334f,0f,0f,0f,1f], start_interpolation: 0, interpolation_duration: 1 }
$data merge entity $(bone_finger_left_0) { transformation: [-0.5947743207798675f,0.19245537958733153f,-1.3222346500707838f,-0.11857330418928577f,0.3836241301447326f,1.4109770283504088f,0.03280835072372368f,2.7212132118445025f,1.2799125242572666f,-0.33347381902393786f,-0.6242749217404506f,-0.7667459016295068f,0f,0f,0f,1f], start_interpolation: 0, interpolation_duration: 1 }
$data merge entity $(bone_wing_left_1_model) { transformation: [0.7865614853477825f,-0.1756424777439171f,0.6176146313206224f,-0.058282015412395506f,-0.3630277286744533f,0.6839275526955191f,0.656834114460589f,2.369320948453724f,-0.5296309857087275f,-0.7296368313878737f,0.4670098460432137f,-0.4091977805968099f,0f,0f,0f,1f], start_interpolation: 0, interpolation_duration: 1 }
$data merge entity $(bone_wing_left_0) { transformation: [0.7244285556052239f,0.5565931739255172f,-0.4067029709299506f,0.19356594246520192f,0.16790681853445816f,0.4297421682607343f,0.8872028906108229f,1.9950833212906072f,0.6685884893664906f,-0.711003310511338f,0.21786170918395076f,-0.5319361828709872f,0f,0f,0f,1f], start_interpolation: 0, interpolation_duration: 1 }
$data merge entity $(bone_body_0) { transformation: [0.898819903899578f,0.39253142411718955f,-0.1950432296555935f,0.1590833125282755f,-0.37845387109169365f,0.9194786647267039f,0.1064502351716988f,1.6992436063354757f,0.2211231507772657f,-0.021864724853728312f,0.9750007620496538f,-0.1090265352381309f,0f,0f,0f,1f], start_interpolation: 0, interpolation_duration: 1 }
$data merge entity $(bone_leg_right_3) { transformation: [0.18206272808968846f,0.9469723072977151f,0.2647576481459634f,-0.611972749214255f,-0.9433696834285692f,0.24416077081354712f,-0.22458663892497266f,1.365690067143977f,-0.2773207591011206f,-0.20887548254157579f,0.9377975417778627f,-0.14959526116639332f,0f,0f,0f,1f], start_interpolation: 0, interpolation_duration: 1 }
$data merge entity $(bone_leg_right_2) { transformation: [0.192533077587678f,0.31867267662257487f,-0.9281049182117401f,-0.5521219606116556f,-0.973019561122112f,0.18453720550251718f,-0.1384880986188148f,1.404317280397822f,0.1271375149527079f,0.9297277800300072f,0.34560426405373607f,0.006234255945752498f,0f,0f,0f,1f], start_interpolation: 0, interpolation_duration: 1 }
$data merge entity $(bone_leg_right_1) { transformation: [0.17071713141937075f,0.2577635814465332f,-0.9510066230683136f,-0.25007677291602565f,-0.9843622353900787f,0.0871644086290277f,-0.1530795721388039f,1.4475414710965013f,0.04343559114123709f,0.9622683107887364f,0.2686131930378756f,-0.09370744875509854f,0f,0f,0f,1f], start_interpolation: 0, interpolation_duration: 1 }
$data merge entity $(bone_leg_right_0) { transformation: [0.18435782883856128f,0.6028024651828039f,-0.7762997996363687f,0.012427646592788118f,-0.974878576444267f,0.21259959127973754f,-0.06643173170773282f,1.5498109437436483f,0.12499580847345007f,0.7690452533870962f,0.6268536081948046f,0.12004930351599818f,0f,0f,0f,1f], start_interpolation: 0, interpolation_duration: 1 }
$data merge entity $(bone_leg_left_3) { transformation: [-0.12060661380086943f,0.9870221260930829f,-0.10602531447808927f,-0.5789942590447478f,-0.984146816359644f,-0.13287398693410338f,-0.11747147502867508f,2.0413906430948514f,-0.13003495128873935f,0.09017663887573946f,0.987400164697378f,-0.21533598803992995f,0f,0f,0f,1f], start_interpolation: 0, interpolation_duration: 1 }
$data merge entity $(bone_leg_left_2) { transformation: [-0.1246882695381561f,0.3203722839772344f,-0.9390497511307855f,-0.518351599420292f,-0.849453201939766f,-0.5235422793764589f,-0.06582354760707379f,1.9469774686213088f,-0.5127202874412705f,0.7894713936327976f,0.33742084328273053f,-0.08585379921453046f,0f,0f,0f,1f], start_interpolation: 0, interpolation_duration: 1 }
$data merge entity $(bone_leg_left_1) { transformation: [-0.13232680422962506f,-0.08186484362228064f,-0.9878197023045621f,-0.1997390546246684f,-0.8901872478202666f,-0.42850434716385655f,0.15476009912072378f,1.9077394785160724f,-0.4359544479650983f,0.8998234114760387f,-0.016172428978659392f,-0.09171868126913135f,0f,0f,0f,1f], start_interpolation: 0, interpolation_duration: 1 }
$data merge entity $(bone_leg_left_0) { transformation: [-0.13232680422962506f,0.35818313850552325f,-0.9242264095840951f,-0.008866262306258185f,-0.8901872478202666f,-0.4530460335729573f,-0.048124373055552866f,1.7335228312213669f,-0.4359544479650983f,0.8163664194184765f,0.3788001960734742f,0.1496849255735111f,0f,0f,0f,1f], start_interpolation: 0, interpolation_duration: 1 }
$data merge entity $(bone_tail_3) { transformation: [-2.14744369779486f,-0.9070005842492065f,0.7282466819744275f,-0.9094899988983935f,-0.04726749842062588f,1.59581904015093f,1.8481436901709916f,1.9728579515260596f,-1.1622216110657293f,1.6109684218188118f,-1.4207495893043278f,0.6695762584547671f,0f,0f,0f,1f], start_interpolation: 0, interpolation_duration: 1 }
$data merge entity $(bone_tail_2) { transformation: [-0.859245735295145f,-0.45878296915409456f,-0.6230000129143327f,-0.6520313864767353f,-0.7144775272551199f,0.11326678570646281f,0.9020014195128164f,1.602884344286884f,-0.2968715074312704f,1.0552738435922118f,-0.3676662693334887f,0.8148162435401317f,0f,0f,0f,1f], start_interpolation: 0, interpolation_duration: 1 }
$data merge entity $(bone_tail_1) { transformation: [-0.24898420480216013f,0.7693108883040269f,-1.124965316431437f,-0.3189707984820762f,-1.3619059286249613f,-0.09767552124917687f,0.23462965371551311f,1.5331065611697399f,0.05097497045605659f,1.1480416325043914f,0.7738096036502999f,0.5773673396473955f,0f,0f,0f,1f], start_interpolation: 0, interpolation_duration: 1 }
$data merge entity $(bone_tail_0) { transformation: [0.13618877807088434f,1.0972816713042317f,-0.4609011725143788f,-0.1645745201849496f,-1.1749602945754511f,0.050078637814482754f,-0.22795783926768823f,1.6016050101316832f,-0.18953960846352616f,0.47798473211203674f,1.0819471673649579f,0.26368136249318f,0f,0f,0f,1f], start_interpolation: 0, interpolation_duration: 1 }
$data merge entity $(bone_body_1) { transformation: [0.11605652392127533f,0.7578533831677138f,-0.6740102575784771f,0.041631215198507404f,-1.00127051189908f,-0.022426974376215214f,-0.19762359997259296f,1.6575003750246318f,-0.16152070982109185f,0.683561244429512f,0.740780520705905f,0.06534853078758947f,0f,0f,0f,1f], start_interpolation: 0, interpolation_duration: 1 }