# This file was generated by Animated Java via MC-Build. It is not recommended to edit this file directly.
$data merge entity $(bone_head_lower) { transformation: [-0.9502360583234748f,0.2689647243708886f,0.15719227241171246f,0.14390324041435737f,0.3114520836098547f,0.8088515245547531f,0.49875526146651505f,0.4758600882547244f,0.007002362240432047f,0.5228930944940307f,-0.8523695082847053f,0.6416112874867386f,0f,0f,0f,1f], start_interpolation: 0, interpolation_duration: 1 }
$data merge entity $(bone_head_upper) { transformation: [-0.989100317177214f,0.0711243708373105f,0.31637608793402633f,0.16700340833642463f,0.3241903440577963f,0.194062985975741f,0.969903150256444f,0.5471809272076325f,0.007288755938414785f,1.0201729382465912f,-0.20655748035279245f,0.6502817352734748f,0f,0f,0f,1f], start_interpolation: 0, interpolation_duration: 1 }
$data merge entity $(bone_neck_0) { transformation: [-0.9698563160675016f,0.21818113097669758f,-0.1085159908479112f,0.15675845687747278f,0.05379131353947183f,0.6260332778423874f,0.7779388341133346f,0.5873048356267494f,0.2376661961063733f,0.7486516740912593f,-0.6188985782086447f,0.5980337764896627f,0f,0f,0f,1f], start_interpolation: 0, interpolation_duration: 1 }
$data merge entity $(bone_neck_1) { transformation: [-0.9429005535777536f,0.2675871653149177f,-0.19833218352424006f,0.14118985844527107f,0.14573472763873133f,0.8668802539144317f,0.4767389375049152f,0.6316844898017225f,0.29949947449508285f,0.4206135213375545f,-0.8563786139583308f,0.5274249818341958f,0f,0f,0f,1f], start_interpolation: 0, interpolation_duration: 1 }
$data merge entity $(bone_neck_2) { transformation: [-0.8948527318666005f,0.26837698453923947f,-0.35666844889968424f,0.11257060572254646f,0.24149132736992135f,0.9631024851795578f,0.11880884582417897f,0.6515224110312254f,0.37539382929930454f,0.02018408309992853f,-0.9266456041623572f,0.44644149185614235f,0f,0f,0f,1f], start_interpolation: 0, interpolation_duration: 1 }
$data merge entity $(bone_body_0) { transformation: [-0.8203265259226167f,0.17183534951036838f,-0.545469525754079f,-0.1428701897563563f,0.3110641552825646f,0.9344290543446452f,-0.17344000027363027f,0.5786823940812151f,0.4798994500581085f,-0.31195345014155856f,-0.8199887577148257f,0.05701211874857545f,0f,0f,0f,1f], start_interpolation: 0, interpolation_duration: 1 }
$data merge entity $(bone_leg_left_3) { transformation: [-0.8277455675853614f,0.017882071744903853f,-0.5608186042321511f,0.09170262579194777f,0.012512864236580653f,0.9998317615710556f,0.013411815026925802f,0.008084067997189304f,0.5609640840297933f,0.004084123385706809f,-0.8278300649075179f,-0.042962381972191016f,0f,0f,0f,1f], start_interpolation: 0, interpolation_duration: 1 }
$data merge entity $(bone_leg_left_2) { transformation: [-0.8455781773915836f,0.03126240172489823f,-0.5797261488480687f,0.0797618999505103f,0.11395845741563153f,1.0132255069437497f,-0.11157840993097769f,0.24099398256402838f,0.5692742883736026f,-0.15639352230085088f,-0.8387669821110961f,-0.10445598187383087f,0f,0f,0f,1f], start_interpolation: 0, interpolation_duration: 1 }
$data merge entity $(bone_leg_left_1) { transformation: [-0.9086766247690405f,0.4089543286379955f,-0.08404254093368904f,0.2134161753354441f,0.21239350565079126f,0.6261090542591661f,0.7502509253123649f,0.36706780164972375f,0.3594381592926823f,0.6638853886499829f,-0.6557899056720449f,0.10352313359750986f,0f,0f,0f,1f], start_interpolation: 0, interpolation_duration: 1 }
$data merge entity $(bone_leg_left_0) { transformation: [-0.8902888447887953f,-0.34543499027369007f,-0.29674979416883845f,-0.0015744324099787044f,0.19433516805814394f,0.3011338354459267f,-0.9335696308285947f,0.5838975781805276f,0.4118490200309395f,-0.8888155492813126f,-0.20096592759797227f,-0.1812068528024276f,0f,0f,0f,1f], start_interpolation: 0, interpolation_duration: 1 }
$data merge entity $(bone_leg_right_3) { transformation: [-0.9750853439139175f,-0.034832814957378416f,-0.21907817574195335f,-0.7471981711981188f,-0.05459935310712497f,0.9948985684483118f,0.08482776161011629f,0.06530219060106357f,0.21500577370052348f,0.09467583377844765f,-0.9720128619384595f,-0.43162765278897147f,0f,0f,0f,1f], start_interpolation: 0, interpolation_duration: 1 }
$data merge entity $(bone_leg_right_2) { transformation: [-0.9208843757036563f,0.3907063951652224f,-0.22667747762532262f,-0.6617017871184346f,0.3406095838123918f,0.9387101315042282f,0.23424474364894038f,0.29082495678939896f,0.29668042992541777f,0.1350333339920397f,-0.9725270796800248f,-0.43066728511139457f,0f,0f,0f,1f], start_interpolation: 0, interpolation_duration: 1 }
$data merge entity $(bone_leg_right_1) { transformation: [-0.9003260137703469f,0.4182114379177969f,-0.12046685072303415f,-0.5596282537999397f,-0.037765643628647774f,0.20068087672325527f,0.9789284661704856f,0.2926728584573836f,0.4335744746750102f,0.8859042718670647f,-0.16488418965435897f,-0.17261503320285343f,0f,0f,0f,1f], start_interpolation: 0, interpolation_duration: 1 }
$data merge entity $(bone_leg_right_0) { transformation: [-0.8945365859685566f,0.11889870641101145f,-0.43089139464313664f,-0.3738547042409903f,0.018873849671955295f,0.9731613740395885f,0.229348463862178f,0.6539026745969392f,0.44659609734331496f,0.1970280124529718f,-0.8727725294408342f,-0.07613453371977387f,0f,0f,0f,1f], start_interpolation: 0, interpolation_duration: 1 }
$data merge entity $(bone_tail_4) { transformation: [-2.5340779099775395f,-0.025849217296055774f,-1.0970151757058986f,-1.0071996473848561f,0.07610117377140992f,2.7499067465112095f,-0.24058850438611212f,0.10205511604114612f,1.094677618805864f,-0.25101002979425724f,-2.5227636051418307f,-1.56108110531535f,0f,0f,0f,1f], start_interpolation: 0, interpolation_duration: 1 }
$data merge entity $(bone_tail_3) { transformation: [-1.9043547931263507f,-0.058750548023471634f,-0.8401944543069055f,-0.8641587963520503f,0.05955892118416827f,2.0626276062815014f,-0.27922324179277436f,0.12921662897597702f,0.8401375380546421f,-0.27939444689690923f,-1.8846891484377732f,-1.2387733787780122f,0f,0f,0f,1f], start_interpolation: 0, interpolation_duration: 1 }
$data merge entity $(bone_tail_2) { transformation: [-1.7858793515887292f,-0.10551723228020582f,-0.7863046039949922f,-0.7193321555488771f,0.056604560485416434f,1.9149240396437985f,-0.38553303506873016f,0.2013838958052977f,0.7913309928873311f,-0.37510786593855766f,-1.7469582775812789f,-0.9135217628232334f,0f,0f,0f,1f], start_interpolation: 0, interpolation_duration: 1 }
$data merge entity $(bone_tail_1) { transformation: [-1.1752664240367847f,-0.1825284825469132f,-0.9343920138736791f,-0.5149073805439633f,0.16212929482301586f,1.4243881766362356f,-0.48217078304174843f,0.28757510096793737f,0.9381466699253268f,-0.47482409934419134f,-1.0872346344694863f,-0.6746530446627546f,0f,0f,0f,1f], start_interpolation: 0, interpolation_duration: 1 }
$data merge entity $(bone_tail_0) { transformation: [-1.03213707451239f,-0.1360259056008557f,-0.7416371949993472f,-0.3014663023240475f,0.3297511797863374f,1.049208528784524f,-0.6513534671277658f,0.5032349937262711f,0.6780803311043254f,-0.7172824636886851f,-0.8121260052714518f,-0.4546402539332949f,0f,0f,0f,1f], start_interpolation: 0, interpolation_duration: 1 }
$data merge entity $(bone_body_1) { transformation: [-1.1708635143899018f,0.09914850689460894f,-0.3845163186489594f,-0.21874999999999997f,0.2201739372655513f,1.1584221314145853f,-0.3717340418284621f,0.51163f,0.3304643143756425f,-0.42051436846522783f,-1.1147042647692602f,-0.16716250000000002f,0f,0f,0f,1f], start_interpolation: 0, interpolation_duration: 1 }