# This file was generated by Animated Java via MC-Build. It is not recommended to edit this file directly.
$data merge entity $(bone_head_lower) { transformation: [-0.9906432518212946f,0.05285988367656196f,0.12582440271517878f,0.21400910349128083f,0.09617306862780804f,0.9245233132997461f,0.36879178954522723f,0.6266260692942835f,-0.09683330259596673f,0.377442016557458f,-0.9209564786923418f,0.6174625927445554f,0f,0f,0f,1f], start_interpolation: 0, interpolation_duration: 1 }
$data merge entity $(bone_head_upper) { transformation: [-1.0311601480527641f,-0.06474418437492067f,0.1264471519684615f,0.22095212187304045f,0.10010650706257347f,0.3262067376326316f,0.9833818150394661f,0.7017737828692971f,-0.10079374432493236f,0.9863413696566767f,-0.31692785644726523f,0.6177311667476519f,0f,0f,0f,1f], start_interpolation: 0, interpolation_duration: 1 }
$data merge entity $(bone_neck_0) { transformation: [-0.9672790426877801f,0.06062934075229915f,-0.2463642356693713f,0.20435017262196176f,-0.05674390630392551f,0.89473414753853f,0.4429796093793393f,0.7159127975321803f,0.24728805606899673f,0.44246456159611497f,-0.8620172440602187f,0.5547295810555103f,0f,0f,0f,1f], start_interpolation: 0, interpolation_duration: 1 }
$data merge entity $(bone_neck_1) { transformation: [-0.956543469603683f,0.1385698812492412f,-0.2565598931421659f,0.18325455644590294f,0.06403314633155308f,0.9582120975861419f,0.2787998066901205f,0.7439451637633635f,0.2844720494695926f,0.250255797235824f,-0.9254445899244491f,0.47748517500455756f,0f,0f,0f,1f], start_interpolation: 0, interpolation_duration: 1 }
$data merge entity $(bone_neck_2) { transformation: [-0.9063461550825f,0.18488883618544838f,-0.37993784415501364f,0.1517793290258707f,0.20442535595152656f,0.9788164864292562f,-0.011338418689466001f,0.7525350584104726f,0.3697930786416381f,-0.08794546121475733f,-0.9249425251551919f,0.3955922317008183f,0f,0f,0f,1f], start_interpolation: 0, interpolation_duration: 1 }
$data merge entity $(bone_body_0) { transformation: [-0.7809512228773761f,0.084191624795454f,-0.6188917173469303f,-0.13909998605008977f,0.3497182575085459f,0.8799296411016306f,-0.32159130441593425f,0.6093527123501787f,0.5175058722869892f,-0.4675848554273942f,-0.7166254775846482f,0.05339500123169938f,0f,0f,0f,1f], start_interpolation: 0, interpolation_duration: 1 }
$data merge entity $(bone_leg_left_3) { transformation: [-0.783825757694788f,0.033771310725132314f,-0.620061835743902f,0.142265373844244f,0.11204229255340371f,0.9898237792285001f,-0.08772349031580809f,0.03227835069602358f,0.6107894123620422f,-0.13823308086603853f,-0.7796331888142745f,-0.001833319107599457f,0f,0f,0f,1f], start_interpolation: 0, interpolation_duration: 1 }
$data merge entity $(bone_leg_left_2) { transformation: [-0.8058560089089003f,-0.06165298556253324f,-0.6315514244915758f,0.10712619709308727f,0.11517488413213764f,0.9896804545223197f,-0.24357656599586586f,0.25562250060764125f,0.6240136524718521f,-0.2622855444137472f,-0.7706331515195911f,-0.0858196336089721f,0f,0f,0f,1f], start_interpolation: 0, interpolation_duration: 1 }
$data merge entity $(bone_leg_left_1) { transformation: [-0.8941304616681887f,0.39772956756075484f,-0.20577149609449502f,0.2438974070357603f,0.1797181565797352f,0.7395934678783659f,0.6486161318277823f,0.4185675668005376f,0.4101610680118404f,0.5429665674418527f,-0.732772273580134f,0.09238229453428778f,0f,0f,0f,1f], start_interpolation: 0, interpolation_duration: 1 }
$data merge entity $(bone_leg_left_0) { transformation: [-0.8712776711919528f,-0.4207145661897629f,-0.2527339974718221f,-0.002023033658440032f,0.16557885955201068f,0.23278739961940742f,-0.9583285803146486f,0.6072341868540412f,0.46201608300121205f,-0.8768177007646424f,-0.1331610253566079f,-0.18732348282973146f,0f,0f,0f,1f], start_interpolation: 0, interpolation_duration: 1 }
$data merge entity $(bone_leg_right_3) { transformation: [-0.9776063027296924f,-0.051179267169548175f,-0.20412398064698029f,-0.7475183184106453f,-0.05346764600505998f,0.9985532698501635f,0.005707723033258866f,0.057860146977515264f,0.20353655124782472f,0.016493934749925887f,-0.9789284051566829f,-0.4172471208419636f,0f,0f,0f,1f], start_interpolation: 0, interpolation_duration: 1 }
$data merge entity $(bone_leg_right_2) { transformation: [-0.9309392313486413f,0.37315696389177966f,-0.21486792998436108f,-0.6657321144768391f,0.3324788589650031f,0.9481657609443104f,0.20615939856072796f,0.28473165752814533f,0.2736277679220895f,0.1174639075318906f,-0.9815254833930745f,-0.4206244885431254f,0f,0f,0f,1f], start_interpolation: 0, interpolation_duration: 1 }
$data merge entity $(bone_leg_right_1) { transformation: [-0.8930842754005168f,0.41930433542332246f,-0.16304708316170416f,-0.5609591554607429f,-0.028273103701435102f,0.30938965993500195f,0.9505149498731684f,0.31780833466449765f,0.4490001209792952f,0.8534998023552843f,-0.26445600530157853f,-0.16578739126646408f,0f,0f,0f,1f], start_interpolation: 0, interpolation_duration: 1 }
$data merge entity $(bone_leg_right_0) { transformation: [-0.8869151814215726f,0.12497439521243256f,-0.44470536482622497f,-0.37256173308533086f,0.028541166449211612f,0.9756932161807856f,0.21727436506986575f,0.67989106811802f,0.4610497400299208f,0.18001152307583423f,-0.8689240408564265f,-0.0779820159094897f,0f,0f,0f,1f], start_interpolation: 0, interpolation_duration: 1 }
$data merge entity $(bone_tail_4) { transformation: [-2.501481204712382f,0.007636972561164881f,-1.1696985896891525f,-1.0361381274773136f,0.08307404084768687f,2.755588152304987f,-0.15966831311697635f,0.08029112171505705f,1.1667698221191396f,-0.17982475671187198f,-2.4963919104711074f,-1.5128097930758062f,0f,0f,0f,1f], start_interpolation: 0, interpolation_duration: 1 }
$data merge entity $(bone_tail_3) { transformation: [-1.8801187032996685f,-0.048641649602468945f,-0.8937187351013567f,-0.8841204598720465f,0.06435823905079746f,2.066486927685275f,-0.2478614952278726f,0.10209707488871196f,0.8927245961737013f,-0.2514185627082195f,-1.8643435916581146f,-1.1942256871056425f,0f,0f,0f,1f], start_interpolation: 0, interpolation_duration: 1 }
$data merge entity $(bone_tail_2) { transformation: [-1.7621714889030027f,-0.1101204659211231f,-0.8374956726368601f,-0.7297610759087922f,0.06154947705726087f,1.9156021307961628f,-0.3813843381235717f,0.17349692586481502f,0.8424590082455817f,-0.37029155334316205f,-1.7239260018780838f,-0.8732167684877704f,0f,0f,0f,1f], start_interpolation: 0, interpolation_duration: 1 }
$data merge entity $(bone_tail_1) { transformation: [-1.1467625549446998f,-0.2311635520380905f,-0.9587258757256104f,-0.519532643640749f,0.19228295352422964f,1.3897357215397623f,-0.5650824188207908f,0.2779245725072619f,0.9672740864722386f,-0.5503219843741386f,-1.0242962487258296f,-0.6469966325987007f,0f,0f,0f,1f], start_interpolation: 0, interpolation_duration: 1 }
$data merge entity $(bone_tail_0) { transformation: [-1.0189672752953225f,-0.19933772919834644f,-0.7455238951095408f,-0.3064836083968423f,0.3476123101039641f,0.9839111214070373f,-0.7381871738385594f,0.5173835498124628f,0.6889899058226033f,-0.7912136825621893f,-0.7301435028711596f,-0.45272512652956787f,0f,0f,0f,1f], start_interpolation: 0, interpolation_duration: 1 }
$data merge entity $(bone_body_1) { transformation: [-1.1653860724195708f,0.08905637968368242f,-0.40317348437660505f,-0.21874999999999997f,0.22851410020450494f,1.1446278262736589f,-0.40769233544918904f,0.5350675f,0.3438912666446507f,-0.45880354795263345f,-1.0953733136095034f,-0.16716250000000002f,0f,0f,0f,1f], start_interpolation: 0, interpolation_duration: 1 }