# This file was generated by Animated Java via MC-Build. It is not recommended to edit this file directly.
$data merge entity $(bone_head_lower) { transformation: [-0.9948218453263447f,-0.0007842045953932453f,0.10163110293920341f,0.23286379887037817f,0.03395857409737173f,0.9399357162624641f,0.3396581583584322f,0.6618393890794301f,-0.09579306502435192f,0.3413506032180419f,-0.9350419532705039f,0.6050641568140744f,0f,0f,0f,1f], start_interpolation: 0, interpolation_duration: 1 }
$data merge entity $(bone_head_upper) { transformation: [-1.03550964429109f,-0.08116683934311984f,0.06785030106562186f,0.23539718814141652f,0.03534746562854836f,0.36376903109533004f,0.9746253594449051f,0.7372068039870666f,-0.09971096147007083f,0.9718826980610984f,-0.35912906865874983f,0.6020991609054059f,0f,0f,0f,1f], start_interpolation: 0, interpolation_duration: 1 }
$data merge entity $(bone_neck_0) { transformation: [-0.9602709840598639f,0.017452209053341834f,-0.27852299289620414f,0.2174143746760329f,-0.0804329530156053f,0.9383820288600017f,0.33610966659972186f,0.7437345753382708f,0.26722682732444736f,0.34515878709913395f,-0.8996973015666795f,0.53823412449774f,0f,0f,0f,1f], start_interpolation: 0, interpolation_duration: 1 }
$data merge entity $(bone_neck_1) { transformation: [-0.9540125737369836f,0.10699316564015514f,-0.280022269932294f,0.19418571726043324f,0.045091594962529735f,0.9747255730288773f,0.21880769032934327f,0.7667608974343492f,0.29635579497534953f,0.19611863702826668f,-0.9347249451013402f,0.4599541474287117f,0f,0f,0f,1f], start_interpolation: 0, interpolation_duration: 1 }
$data merge entity $(bone_neck_2) { transformation: [-0.9043151511722198f,0.15975574892814656f,-0.39584366616730404f,0.16107095190603077f,0.19525431453717573f,0.9794371866900256f,-0.0507794248032169f,0.7719015411818384f,0.3795917017203916f,-0.12321078691873888f,-0.9169128867956227f,0.37841939108808786f,0f,0f,0f,1f], start_interpolation: 0, interpolation_duration: 1 }
$data merge entity $(bone_body_0) { transformation: [-0.7678141017314938f,0.05288227763010877f,-0.6384864680593563f,-0.13934155636881473f,0.359783729437676f,0.8601950894310918f,-0.36141399551007014f,0.6097629138711185f,0.5301105292428896f,-0.5072158049896394f,-0.6794961029722948f,0.053343561305348924f,0f,0f,0f,1f], start_interpolation: 0, interpolation_duration: 1 }
$data merge entity $(bone_leg_left_3) { transformation: [-0.7843652925218362f,0.031198327963534743f,-0.6195141259240295f,0.14115485972608657f,0.11196364435732839f,0.9894509795574121f,-0.0919287843665049f,0.03198188578207978f,0.6101108343812299f,-0.14146880711010967f,-0.7795840855132192f,-0.0026796190939207265f,0f,0f,0f,1f], start_interpolation: 0, interpolation_duration: 1 }
$data merge entity $(bone_leg_left_2) { transformation: [-0.8064033786894246f,-0.05588532044388823f,-0.6313894371129903f,0.10736427429778614f,0.11512153037071332f,0.9918012904638429f,-0.23481787193494344f,0.2560909995783199f,0.6233159901559401f,-0.2554784348899815f,-0.773479246795142f,-0.0851682456789978f,0f,0f,0f,1f], start_interpolation: 0, interpolation_duration: 1 }
$data merge entity $(bone_leg_left_1) { transformation: [-0.8946231851523807f,0.39654064993593796f,-0.20592442675941364f,0.24383041624058935f,0.17936764582663015f,0.7408177645331044f,0.647314674159938f,0.4194446739879917f,0.40923905509912145f,0.5421665359468048f,-0.7338793109776434f,0.09289341448363031f,0f,0f,0f,1f], start_interpolation: 0, interpolation_duration: 1 }
$data merge entity $(bone_leg_left_0) { transformation: [-0.8717934696465472f,-0.4203176457401486f,-0.2516132408302344f,-0.0020853919682140842f,0.16532925074704763f,0.23104462330974124f,-0.9587933149991605f,0.6074358323101987f,0.46113163535920465f,-0.8774687793415323f,-0.13193239235239712f,-0.18727085559758283f,0f,0f,0f,1f], start_interpolation: 0, interpolation_duration: 1 }
$data merge entity $(bone_leg_right_3) { transformation: [-0.9774746187679442f,-0.05030676140513092f,-0.20496975245481885f,-0.7468293345104575f,-0.05130115961354334f,0.9986831211715449f,-0.000463151559533137f,0.059464215039264384f,0.20472313178233723f,0.010062467092546629f,-0.9787681983336214f,-0.4159329747599216f,0f,0f,0f,1f], start_interpolation: 0, interpolation_duration: 1 }
$data merge entity $(bone_leg_right_2) { transformation: [-0.929333984489832f,0.3766908468386264f,-0.21564913790911788f,-0.6642460207618345f,0.33402796735201706f,0.9460822620931845f,0.2131099947914623f,0.28606246633585847f,0.27717478564910447f,0.12285991519342583f,-0.9798682457043556f,-0.41800682760853736f,0f,0f,0f,1f], start_interpolation: 0, interpolation_duration: 1 }
$data merge entity $(bone_leg_right_1) { transformation: [-0.8931579549604157f,0.42084986599112567f,-0.15860093879350048f,-0.5592904635870296f,-0.028679904502791172f,0.29863291583698065f,0.9539370234226229f,0.3160272766085347f,0.4488277292777697f,0.8565651007798265f,-0.2546564304261856f,-0.16286015053196945f,0f,0f,0f,1f], start_interpolation: 0, interpolation_duration: 1 }
$data merge entity $(bone_leg_right_0) { transformation: [-0.8872840284348235f,0.11991886128614351f,-0.44536111145036683f,-0.3727817383453146f,0.028273656680254076f,0.9779341005836245f,0.20699153425593125f,0.6798580456688808f,0.4603560070449809f,0.17106829520262345f,-0.8710958530231157f,-0.07830871377232196f,0f,0f,0f,1f], start_interpolation: 0, interpolation_duration: 1 }
$data merge entity $(bone_tail_4) { transformation: [-2.505112734378391f,0.011184112216463147f,-1.1618719530521222f,-1.0331677733627638f,0.08903876135347968f,2.75506036004094f,-0.16545646892074506f,0.07722375922632371f,1.1585092225061757f,-0.18755974985324753f,-2.4996677885677383f,-1.5188163563476709f,0f,0f,0f,1f], start_interpolation: 0, interpolation_duration: 1 }
$data merge entity $(bone_tail_3) { transformation: [-1.8835824165461152f,-0.05657329210944453f,-0.8859245276786512f,-0.8823940979594755f,0.06885110901412954f,2.062491165778819f,-0.2780921464484308f,0.10419481536682877f,0.8850549875065772f,-0.28084725341129885f,-1.8637993495506722f,-1.2000365508850046f,0f,0f,0f,1f], start_interpolation: 0, interpolation_duration: 1 }
$data merge entity $(bone_tail_2) { transformation: [-1.7656922203840282f,-0.11390882676427247f,-0.8295357961313572f,-0.729517942491843f,0.06568814105622522f,1.9111902948314294f,-0.4022568831847475f,0.179476837386638f,0.8347394359934579f,-0.3913442361018199f,-1.723030364755649f,-0.8792048469977707f,0f,0f,0f,1f], start_interpolation: 0, interpolation_duration: 1 }
$data merge entity $(bone_tail_1) { transformation: [-1.1511895689331877f,-0.22167128343433476f,-0.9556571919260571f,-0.5200616604729315f,0.19169004626740604f,1.3941551331036006f,-0.554294723953676f,0.2815296361583337f,0.9621194065922495f,-0.543000512837195f,-1.0330212681823747f,-0.6511917570566312f,0f,0f,0f,1f], start_interpolation: 0, interpolation_duration: 1 }
$data merge entity $(bone_tail_0) { transformation: [-1.0203774381480575f,-0.18607280462228626f,-0.7470224305082354f,-0.3062546120969134f,0.3480311275469958f,0.9948426291771854f,-0.7231861406403054f,0.5168687596618206f,0.6866876542947323f,-0.7807053036427056f,-0.7435018566805175f,-0.45276304362501396f,0f,0f,0f,1f], start_interpolation: 0, interpolation_duration: 1 }
$data merge entity $(bone_body_1) { transformation: [-1.1658818898886179f,0.08817240240151522f,-0.40193238404082393f,-0.21874999999999997f,0.22777604313003555f,1.1440444752960615f,-0.40973760844817964f,0.5350675f,0.3426982463655443f,-0.4604263904855529f,-1.0950662290193574f,-0.16716250000000002f,0f,0f,0f,1f], start_interpolation: 0, interpolation_duration: 1 }