# This file was generated by Animated Java via MC-Build. It is not recommended to edit this file directly.
$data merge entity $(bone_head_lower) { transformation: [-0.9995177029100936f,0.019225321599020323f,-0.024387467657470532f,0.3237840672577929f,0.007393877250003053f,0.9100674137889933f,0.4143942964600558f,0.6691886270362231f,0.03016110323814092f,0.41401411735450144f,-0.9097706405916995f,0.5161061036725633f,0f,0f,0f,1f], start_interpolation: 0, interpolation_duration: 1 }
$data merge entity $(bone_head_upper) { transformation: [-1.040397560493407f,0.032140716569341844f,-0.003439918790322246f,0.3239456704559077f,0.007696283748745991f,0.35389386554116403f,0.9788625244294002f,0.7446178129851188f,0.03139467979345453f,0.978364987545164f,-0.35396082807271895f,0.5136836496915453f,0f,0f,0f,1f], start_interpolation: 0, interpolation_duration: 1 }
$data merge entity $(bone_neck_0) { transformation: [-0.9138725040182978f,0.035776992664957194f,-0.40442187526786666f,0.2975095610901187f,-0.08056044426855771f,0.9603241844148971f,0.2669971453913231f,0.746320517998424f,0.397928462438387f,0.2765817557680084f,-0.87473165665689f,0.45250383952892226f,0f,0f,0f,1f], start_interpolation: 0, interpolation_duration: 1 }
$data merge entity $(bone_neck_1) { transformation: [-0.9163640718619628f,0.12812513870674155f,-0.3792899110600514f,0.2659689839416294f,0.056568646918875885f,0.9793387721007912f,0.1941534384086f,0.7672795538012334f,0.39632925199426156f,0.15645931832745757f,-0.9046787306675097f,0.376586465655164f,0f,0f,0f,1f], start_interpolation: 0, interpolation_duration: 1 }
$data merge entity $(bone_neck_2) { transformation: [-0.8574984778994994f,0.15848882694654817f,-0.4894667017613646f,0.22463973453839414f,0.22559365248610144f,0.9708604548928718f,-0.08085469116375563f,0.7697014070862902f,0.46238929957128283f,-0.17975335562462616f,-0.8682654356725628f,0.2987600038020676f,0f,0f,0f,1f], start_interpolation: 0, interpolation_duration: 1 }
$data merge entity $(bone_body_0) { transformation: [-0.6219199738641452f,-0.03792650623902725f,-0.7821618286731472f,-0.1443514995884621f,0.41436579357137904f,0.8315951215196039f,-0.3697979759040827f,0.6033389908114818f,0.6644671062037473f,-0.5540858543486707f,-0.5014701693858984f,0.0571406331136399f,0f,0f,0f,1f], start_interpolation: 0, interpolation_duration: 1 }
$data merge entity $(bone_leg_left_3) { transformation: [-0.7974295347603672f,0.027199143998351313f,-0.6027987588388193f,0.12850417995061736f,0.09119326098672739f,0.9929415356682257f,-0.07583466156997454f,0.022613417433145655f,0.5964812874202097f,-0.11544398343171873f,-0.7942812854694153f,-0.023007533441304295f,0f,0f,0f,1f], start_interpolation: 0, interpolation_duration: 1 }
$data merge entity $(bone_leg_left_2) { transformation: [-0.8197152047981202f,-0.009027137165578484f,-0.6164800834723403f,0.10607628314000284f,0.09411017335703521f,1.0117407511151473f,-0.13995044588839745f,0.2542696223820227f,0.6093213091581311f,-0.16840832173098336f,-0.8077303874921815f,-0.08628046777623102f,0f,0f,0f,1f], start_interpolation: 0, interpolation_duration: 1 }
$data merge entity $(bone_leg_left_1) { transformation: [-0.9037544411576123f,0.3829988214722977f,-0.19115389830898732f,0.23826201470222474f,0.1659049799096872f,0.7250739131915092f,0.6683886280079268f,0.41249661829866924f,0.39459276188123116f,0.572345807322796f,-0.718830180996151f,0.09947349798041005f,0f,0f,0f,1f], start_interpolation: 0, interpolation_duration: 1 }
$data merge entity $(bone_leg_left_0) { transformation: [-0.8820380698712036f,-0.40147006921411543f,-0.24663865638438526f,-0.0018497819752629485f,0.15037467436027635f,0.2562244995123747f,-0.9548489216418867f,0.6083142633762841f,0.44653812895308553f,-0.8793013075020681f,-0.16562883208013984f,-0.18036405049552118f,0f,0f,0f,1f], start_interpolation: 0, interpolation_duration: 1 }
$data merge entity $(bone_leg_right_3) { transformation: [-0.9801423791618686f,-0.04119219269624535f,-0.193969378593083f,-0.7399066726771902f,-0.04220689497644288f,0.9991082867774759f,0.0010996858753659633f,0.08225712297183813f,0.19375111506094345f,0.009264693921136047f,-0.9810069677933938f,-0.4336828599271129f,0f,0f,0f,1f], start_interpolation: 0, interpolation_duration: 1 }
$data merge entity $(bone_leg_right_2) { transformation: [-0.9231689669783444f,0.39875741467680104f,-0.20202421178934046f,-0.6517681670340348f,0.33512666408988695f,0.9241579720506113f,0.2927189116063053f,0.30620342170634124f,0.2958232190427497f,0.19745066836116212f,-0.9620623972173582f,-0.4178483668148032f,0f,0f,0f,1f], start_interpolation: 0, interpolation_duration: 1 }
$data merge entity $(bone_leg_right_1) { transformation: [-0.901410877258856f,0.41479283374259934f,-0.12411823167932884f,-0.5504513118197307f,-0.0438932489002863f,0.19764550149260526f,0.9792903749351948f,0.30708547740717396f,0.43073403982085845f,0.8881909483976522f,-0.15995319979319703f,-0.15949298659795924f,0f,0f,0f,1f], start_interpolation: 0, interpolation_duration: 1 }
$data merge entity $(bone_leg_right_0) { transformation: [-0.897218863057794f,0.09159537062614873f,-0.43198217538821876f,-0.37499725943332773f,0.013379173680184098f,0.9834407103708457f,0.1807356270825482f,0.6769475806980193f,0.4413834041793086f,0.15637984929377857f,-0.8835870264155876f,-0.07748580023655255f,0f,0f,0f,1f], start_interpolation: 0, interpolation_duration: 1 }
$data merge entity $(bone_tail_4) { transformation: [-2.544009230422857f,0.051437177193671864f,-1.0728618661904454f,-0.9912496606340415f,0.09707082218637471f,2.7580146471032765f,-0.09794791189122766f,0.11763888282049517f,1.0696988466869362f,-0.1279482503441821f,-2.542643300628404f,-1.5813745267560795f,0f,0f,0f,1f], start_interpolation: 0, interpolation_duration: 1 }
$data merge entity $(bone_tail_3) { transformation: [-1.9170827616871426f,-0.08210882550348798f,-0.8087010273647974f,-0.8533203519156201f,0.0737848864566907f,2.0455124224200256f,-0.382596714962868f,0.16249620223906386f,0.809502934779742f,-0.3808970944287222f,-1.8803105935145892f,-1.2588159582358733f,0f,0f,0f,1f], start_interpolation: 0, interpolation_duration: 1 }
$data merge entity $(bone_tail_2) { transformation: [-1.7986692831733435f,-0.11569704647512953f,-0.7551005748960848f,-0.714306351735268f,0.06954582801225796f,1.8988041640753976f,-0.4565961008361739f,0.2478796713678391f,0.7607404699222701f,-0.4471362375491838f,-1.7435931284263484f,-0.9342296755273566f,0f,0f,0f,1f], start_interpolation: 0, interpolation_duration: 1 }
$data merge entity $(bone_tail_1) { transformation: [-1.1924898057175324f,-0.15075721081793053f,-0.9180939911829074f,-0.5137606456163952f,0.15884602682207247f,1.4376086447747403f,-0.44238622744359574f,0.32535121421953567f,0.9167291055827802f,-0.4452077019272394f,-1.1176108889600453f,-0.6891658944329473f,0f,0f,0f,1f], start_interpolation: 0, interpolation_duration: 1 }
$data merge entity $(bone_tail_0) { transformation: [-1.0389594483074132f,-0.08984449037196454f,-0.7391393298334118f,-0.29993506183930935f,0.3292540404591691f,1.082638459554676f,-0.5944084953282696f,0.5251771864734522f,0.6678253949934032f,-0.6735411271978184f,-0.8568473074935959f,-0.45502894340653066f,0f,0f,0f,1f], start_interpolation: 0, interpolation_duration: 1 }
$data merge entity $(bone_body_1) { transformation: [-1.1735909740621433f,0.09583046984168266f,-0.3769686216464734f,-0.21874999999999997f,0.21585953703193267f,1.157261450209407f,-0.3778295795564849f,0.5350675f,0.3235637200436405f,-0.4244608956846236f,-1.1152327390111796f,-0.16716250000000002f,0f,0f,0f,1f], start_interpolation: 0, interpolation_duration: 1 }