# This file was generated by Animated Java via MC-Build. It is not recommended to edit this file directly.
$data merge entity $(bone_head_lower) { transformation: [-0.919659291978951f,0.14481273292267624f,0.36504254417840154f,0.14642697327066284f,0.2247444818654986f,0.9563406205022524f,0.18682220277144507f,0.5724621443331009f,-0.32205077945532606f,0.2538540721769735f,-0.9120534005700461f,0.6711144707282023f,0f,0f,0f,1f], start_interpolation: 0, interpolation_duration: 1 }
$data merge entity $(bone_head_upper) { transformation: [-0.9572729738295186f,-0.16880923879663498f,0.37229536265712176f,0.1680043030070482f,0.2339364375302634f,0.5511825173240716f,0.8514361504983539f,0.6436071877111073f,-0.33522252214722414f,0.8667024957139026f,-0.4689611787259728f,0.6581430353417167f,0f,0f,0f,1f], start_interpolation: 0, interpolation_duration: 1 }
$data merge entity $(bone_neck_0) { transformation: [-0.9824400415187574f,0.1857105034251524f,-0.017977033631802225f,0.1641448955661094f,0.17792985132409936f,0.9615357720520105f,0.20926042882525023f,0.6414733373590662f,0.05614742049646052f,0.20238717346195706f,-0.9776946860803089f,0.5916201978257417f,0f,0f,0f,1f], start_interpolation: 0, interpolation_duration: 1 }
$data merge entity $(bone_neck_1) { transformation: [-0.9495377537969023f,0.30133985652860185f,-0.08701922190904296f,0.1581614603946711f,0.28915919690518865f,0.9485040046248271f,0.12933333698552713f,0.6567992078880943f,0.12151136967164795f,0.09764447796976211f,-0.9877755529281604f,0.5083924798430414f,0f,0f,0f,1f], start_interpolation: 0, interpolation_duration: 1 }
$data merge entity $(bone_neck_2) { transformation: [-0.8812183249270573f,0.3901443954308382f,-0.26691124840788794f,0.1385977906712921f,0.41448678882304196f,0.9091990912311546f,-0.039467890691108204f,0.6622431520069582f,0.22727728813921205f,-0.14541101477655724f,-0.9629125978393562f,0.42261044971128314f,0f,0f,0f,1f], start_interpolation: 0, interpolation_duration: 1 }
$data merge entity $(bone_body_0) { transformation: [-0.648666418524477f,0.26602383707248567f,-0.7130660527523798f,-0.19493335641529494f,0.5432427834751431f,0.8180260216215693f,-0.18899922262317978f,0.5809612475202108f,0.5330282878804904f,-0.5099654361417244f,-0.6751415394270851f,0.09956071572402575f,0f,0f,0f,1f], start_interpolation: 0, interpolation_duration: 1 }
$data merge entity $(bone_leg_left_3) { transformation: [-0.937808664581666f,0.0844908084423599f,-0.3367138427868817f,0.09873155210756789f,0.01587502872254252f,0.9793532767523845f,0.2015319894642703f,0.012744489266529768f,0.3467894059780531f,0.18365310398445445f,-0.9197872826356457f,-0.0036764543563069033f,0f,0f,0f,1f], start_interpolation: 0, interpolation_duration: 1 }
$data merge entity $(bone_leg_left_2) { transformation: [-0.9631104267912995f,0.04896866461853178f,-0.349403169979972f,0.09785380515295235f,0.019342937803336523f,1.021574307677369f,0.08985535126711162f,0.25367891816943217f,0.35228732032775706f,0.07778305265080274f,-0.9601591743858443f,-0.01467202598908729f,0f,0f,0f,1f], start_interpolation: 0, interpolation_duration: 1 }
$data merge entity $(bone_leg_left_1) { transformation: [-0.9801894008252103f,0.19593157687096405f,0.02897508748515981f,0.16906664627919088f,0.13848674964694296f,0.5733948478692186f,0.8074897947400086f,0.36386809894678573f,0.14159858291007046f,0.7955056037652368f,-0.5891694796032519f,0.2298693025386495f,0f,0f,0f,1f], start_interpolation: 0, interpolation_duration: 1 }
$data merge entity $(bone_leg_left_0) { transformation: [-0.973855142999964f,-0.13963562122270398f,-0.17918720305387065f,0.01559250606628651f,0.11619085304610338f,0.3716306737055024f,-0.9210810648523902f,0.5982742989333201f,0.19520718767744794f,-0.9178194461041582f,-0.3456900609391566f,-0.07965727185882558f,0f,0f,0f,1f], start_interpolation: 0, interpolation_duration: 1 }
$data merge entity $(bone_leg_right_3) { transformation: [-0.9933068151141627f,-0.0411663970980743f,0.10792079872629863f,-0.5759192918669153f,-0.037699416259045555f,0.9987115042023573f,0.033971832267215396f,0.07106890665079957f,-0.10918024116792278f,0.029675901398748872f,-0.9935788925972038f,-0.5225077773120647f,0f,0f,0f,1f], start_interpolation: 0, interpolation_duration: 1 }
$data merge entity $(bone_leg_right_2) { transformation: [-0.9811460538456849f,0.2854773240501555f,0.08897931207251088f,-0.5051029541493078f,0.29835198171549326f,0.914167369441296f,0.3568561547121097f,0.29472558995763376f,0.02001788026172488f,0.36723686852307974f,-0.9574959876510626f,-0.46652736653768867f,0f,0f,0f,1f], start_interpolation: 0, interpolation_duration: 1 }
$data merge entity $(bone_leg_right_1) { transformation: [-0.9879874071685709f,0.11340462637164644f,-0.10497749279646433f,-0.4884032352122707f,-0.090502224369972f,0.12601995483001466f,0.9878908433469399f,0.2747648394586829f,0.12526065088610916f,0.9855244094907789f,-0.11424275748352695f,-0.19023753051995124f,0f,0f,0f,1f], start_interpolation: 0, interpolation_duration: 1 }
$data merge entity $(bone_leg_right_0) { transformation: [-0.9909164586060338f,-0.02319798773245298f,-0.13246292095843734f,-0.371508778924157f,-0.032408162191062f,0.9971722294947956f,0.06780306591723251f,0.6645357508348405f,0.1305154515261473f,0.07148005378805844f,-0.9888661784202059f,-0.0968480166623515f,0f,0f,0f,1f], start_interpolation: 0, interpolation_duration: 1 }
$data merge entity $(bone_tail_4) { transformation: [-2.273026622381418f,0.7485802715554227f,-1.3779110575735025f,-0.7262694907517345f,0.9035876771456455f,2.6084072481954967f,-0.07350012837901777f,0.0717905086936747f,1.2816164072201386f,-0.5113712312979731f,-2.391990840313763f,-1.6399245424453373f,0f,0f,0f,1f], start_interpolation: 0, interpolation_duration: 1 }
$data merge entity $(bone_tail_3) { transformation: [-1.8542465748179193f,0.403989078394159f,-0.857034416087648f,-0.5849014750316837f,0.6591367708771289f,1.9030560153417877f,-0.5290198916804099f,0.1428698357234407f,0.6806275656319902f,-0.742371977551766f,-1.8225189957562027f,-1.3236279777546396f,0f,0f,0f,1f], start_interpolation: 0, interpolation_duration: 1 }
$data merge entity $(bone_tail_2) { transformation: [-1.8463941231500733f,0.3015024753793093f,-0.5645342100703882f,-0.48124936191264955f,0.530245447306271f,1.6859171287602122f,-0.8338447550753502f,0.2986730106576373f,0.3583885916301197f,-0.9410385578156976f,-1.6747471227311634f,-1.0122550597037536f,0f,0f,0f,1f], start_interpolation: 0, interpolation_duration: 1 }
$data merge entity $(bone_tail_1) { transformation: [-1.3192895305477694f,0.18614403563578819f,-0.7158783294556894f,-0.3282153388776061f,0.3738185490725772f,1.430919030832738f,-0.31683855442475933f,0.3490044899266557f,0.6382719459261229f,-0.453296123078414f,-1.2941359271134394f,-0.7288401571542753f,0f,0f,0f,1f], start_interpolation: 0, interpolation_duration: 1 }
$data merge entity $(bone_tail_0) { transformation: [-1.1585063048476245f,0.22238777363325893f,-0.4921814059376615f,-0.1790218795756264f,0.4370869835121499f,1.070291150931599f,-0.545222466215205f,0.5341591987321829f,0.31725987306399217f,-0.6624622607816867f,-1.046100206752424f,-0.43913175753591727f,0f,0f,0f,1f], start_interpolation: 0, interpolation_duration: 1 }
$data merge entity $(bone_body_1) { transformation: [-1.2174772752247722f,0.21529882872578404f,0.00030613203018853866f,-0.1935949549660255f,0.20839975231674057f,1.178903292358203f,-0.3088060322557846f,0.5265447727272727f,-0.054066834583093255f,-0.3040362423668353f,-1.1971814130623104f,-0.1403248503243992f,0f,0f,0f,1f], start_interpolation: 0, interpolation_duration: 1 }