# This file was generated by Animated Java via MC-Build. It is not recommended to edit this file directly.
$data merge entity $(bone_head_lower) { transformation: [-0.7161411105682134f,0.13008302267083127f,0.685726123876687f,-0.10912560351070037f,0.2305794444282157f,0.971410101101889f,0.0565290658369072f,0.5754474898793716f,-0.658767811570436f,0.19859713666122675f,-0.7256611797172702f,0.7675155238366792f,0f,0f,0f,1f], start_interpolation: 0, interpolation_duration: 1 }
$data merge entity $(bone_head_upper) { transformation: [-0.7454309835983239f,-0.43080697941685814f,0.5849871261496825f,-0.07870319213940741f,0.24001004763056125f,0.6450536031183732f,0.7808796121835216f,0.6438382872294471f,-0.6857111405770787f,0.6941059992344351f,-0.3626141697434822f,0.7578909606791338f,0f,0f,0f,1f], start_interpolation: 0, interpolation_duration: 1 }
$data merge entity $(bone_neck_0) { transformation: [-0.9188653667177923f,0.15523237933296152f,0.36275245864529176f,-0.05746974220820738f,0.21574705812496925f,0.9674163703549483f,0.13250952146800127f,0.6366339064782089f,-0.33036289857821205f,0.2000211858176155f,-0.9224163270818209f,0.6951058210654696f,0f,0f,0f,1f], start_interpolation: 0, interpolation_duration: 1 }
$data merge entity $(bone_neck_1) { transformation: [-0.9182212858643058f,0.29687923034509134f,0.2621686342326375f,-0.03389293242108265f,0.3220816978258714f,0.9449321855528703f,0.058021932334938076f,0.6459023101471589f,-0.2305060739141261f,0.13771669214725646f,-0.9632762130317104f,0.6141381264075236f,0f,0f,0f,1f], start_interpolation: 0, interpolation_duration: 1 }
$data merge entity $(bone_neck_2) { transformation: [-0.895155864995689f,0.4395210823096718f,0.07427782690112783f,-0.023082451604353932f,0.4350056211405299f,0.8977299528031503f,-0.0696494179171343f,0.648589836086147f,-0.0972938175834478f,-0.030035812713964605f,-0.9948023738485199f,0.5266919080617367f,0f,0f,0f,1f], start_interpolation: 0, interpolation_duration: 1 }
$data merge entity $(bone_body_0) { transformation: [-0.7771933287899463f,0.44141931775467f,-0.44846350531275525f,-0.23023654914435013f,0.5629757823270501f,0.8061493734003484f,-0.18215777853133663f,0.5704191386243526f,0.28112061147779244f,-0.39404590301033093f,-0.8750423007621545f,0.11053397333760903f,0f,0f,0f,1f], start_interpolation: 0, interpolation_duration: 1 }
$data merge entity $(bone_leg_left_3) { transformation: [-0.9850682519917824f,0.03663575326047928f,-0.16822116543672827f,0.09528336683442724f,-0.031244989381301578f,0.922828893969236f,0.3839408588494832f,0.02131011125034296f,0.16930531461361809f,0.38346401922286477f,-0.9079047617481857f,0.005504882648903593f,0f,0f,0f,1f], start_interpolation: 0, interpolation_duration: 1 }
$data merge entity $(bone_leg_left_2) { transformation: [-1.0111351874449082f,0.010049650079339827f,-0.1719500995775431f,0.09074324423899793f,-0.027042588046158406f,1.0019923262643569f,0.21758280272071748f,0.2615553975781686f,0.17010740913672737f,0.2190264416487646f,-0.9874983983359995f,0.026305405481158284f,0f,0f,0f,1f], start_interpolation: 0, interpolation_duration: 1 }
$data merge entity $(bone_leg_left_1) { transformation: [-0.9926010673917681f,0.03516726235151345f,0.11621697238967288f,0.1139016486738281f,0.11922805911967196f,0.4633913824776226f,0.8780962911685902f,0.3384989194792408f,-0.02297370086159739f,0.8854556399414807f,-0.4641557053021585f,0.2919306460010638f,0f,0f,0f,1f], start_interpolation: 0, interpolation_duration: 1 }
$data merge entity $(bone_leg_left_0) { transformation: [-0.9952266501844174f,0.014463185528466233f,-0.09651285420643196f,0.011716514136726447f,0.09311844303442571f,0.4366814160505492f,-0.894783938413588f,0.593622645716044f,0.029203943732777543f,-0.8994999483826869f,-0.4359437722115048f,-0.02235801296571517f,0f,0f,0f,1f], start_interpolation: 0, interpolation_duration: 1 }
$data merge entity $(bone_leg_right_3) { transformation: [-0.9540675291892066f,-0.052655424007595986f,0.29492805236088127f,-0.46466434214175123f,-0.03980161072913398f,0.9979846271876927f,0.04942181381138938f,0.05850545979153693f,-0.29693598894402984f,0.03541313625791187f,-0.9542404981189015f,-0.5448443239166729f,0f,0f,0f,1f], start_interpolation: 0, interpolation_duration: 1 }
$data merge entity $(bone_leg_right_2) { transformation: [-0.9744231629600605f,0.18027535671776007f,0.2646932087302013f,-0.4129505135573788f,0.2710039623378404f,0.9158807627290306f,0.37387361549161635f,0.2831298754709646f,-0.170641587500808f,0.4251181291404392f,-0.917724481743857f,-0.47384697269962106f,0f,0f,0f,1f], start_interpolation: 0, interpolation_duration: 1 }
$data merge entity $(bone_leg_right_1) { transformation: [-0.9900301782912724f,-0.08737221571217764f,-0.11048231530021488f,-0.45054431625932756f,-0.11983239999540445f,0.11021191106202646f,0.9866577575691567f,0.2583558429482608f,-0.07403000732063188f,0.9900603166381331f,-0.11958314026026629f,-0.20001063659585167f,0f,0f,0f,1f], start_interpolation: 0, interpolation_duration: 1 }
$data merge entity $(bone_leg_right_0) { transformation: [-0.9953475145358003f,-0.06089775322141389f,0.07466450937352004f,-0.36479825672237565f,-0.06167022790116326f,0.9980638553005348f,-0.008082309895794781f,0.6580568444476027f,-0.07402775356596528f,-0.012649284375680914f,-0.9971759560412394f,-0.11519317825877544f,0f,0f,0f,1f], start_interpolation: 0, interpolation_duration: 1 }
$data merge entity $(bone_tail_4) { transformation: [-1.9567337439732395f,1.1865218905443804f,-1.54564555770573f,-0.5896245506088869f,1.541917652245508f,2.28212605650335f,-0.20012982666801465f,0.023540247884430904f,1.1913623883983273f,-1.0048521269756343f,-2.2796028588379977f,-1.6176363402633411f,0f,0f,0f,1f], start_interpolation: 0, interpolation_duration: 1 }
$data merge entity $(bone_tail_3) { transformation: [-1.6963620702081676f,0.7728949619704387f,-0.9278656317399718f,-0.4398562119054631f,1.0910849591444443f,1.6666249435383969f,-0.6064985041604354f,0.11007074808738149f,0.5175276463458435f,-0.9802755742039031f,-1.7627167838116768f,-1.3091519473171025f,0f,0f,0f,1f], start_interpolation: 0, interpolation_duration: 1 }
$data merge entity $(bone_tail_2) { transformation: [-1.7619867614501632f,0.6202060446814042f,-0.5740391882248019f,-0.33429889307127586f,0.8403147471213958f,1.4267118176417943f,-1.0378527786609855f,0.3039661695654953f,0.08970871333067953f,-1.1826291585043347f,-1.553098353360359f,-1.0206494309684526f,0f,0f,0f,1f], start_interpolation: 0, interpolation_duration: 1 }
$data merge entity $(bone_tail_1) { transformation: [-1.3391362993387714f,0.40490281464076827f,-0.5748251320960526f,-0.21427308341164278f,0.5445156857765875f,1.3795166344652343f,-0.2968042674507329f,0.3504517557467248f,0.4448290567583382f,-0.4697273846921181f,-1.367164783167629f,-0.721133868281361f,0f,0f,0f,1f], start_interpolation: 0, interpolation_duration: 1 }
$data merge entity $(bone_tail_0) { transformation: [-1.1674182427324618f,0.3968148711004353f,-0.33690996006800283f,-0.10624431286045412f,0.5109898048597437f,1.0313927009221096f,-0.5558365158911613f,0.5377694476707967f,0.0992964372416222f,-0.6423416311762526f,-1.1006239880145168f,-0.4150068058935048f,0f,0f,0f,1f], start_interpolation: 0, interpolation_duration: 1 }
$data merge entity $(bone_body_1) { transformation: [-1.1841814922384866f,0.25893936495904046f,0.2434526520099744f,-0.1802850480160645f,0.20265283465779868f,1.1876609563978666f,-0.27748491185921087f,0.5222834090909091f,-0.2919770831781833f,-0.22586822038295673f,-1.1799735272352707f,-0.12546566209223048f,0f,0f,0f,1f], start_interpolation: 0, interpolation_duration: 1 }