# This file was generated by Animated Java via MC-Build. It is not recommended to edit this file directly.
$data merge entity $(bone_head_lower) { transformation: [-0.40617095655106356f,0.1181516322577012f,0.9061265617170895f,-0.38256495881305713f,0.18538270303418478f,0.9816400670506773f,-0.04490024695345263f,0.5872647810985469f,-0.894795176266688f,0.14974301504772317f,-0.42061695397865734f,0.7709463018849703f,0f,0f,0f,1f], start_interpolation: 0, interpolation_duration: 1 }
$data merge entity $(bone_head_upper) { transformation: [-0.42278317943610355f,-0.6225502939317195f,0.7191366054477659f,-0.34710002209638074f,0.19296477834549003f,0.7144739889408452f,0.7319586436599682f,0.6538273079785832f,-0.9313919261446723f,0.4306158302199231f,-0.17478852725516872f,0.7682770752510117f,0f,0f,0f,1f], start_interpolation: 0, interpolation_duration: 1 }
$data merge entity $(bone_neck_0) { transformation: [-0.7186858050267015f,0.09315387380780245f,0.6890668105835033f,-0.3038235068084463f,0.19309096918502006f,0.9787463588716142f,0.0690756296731863f,0.64234458663673f,-0.6679869693881098f,0.18269625280819943f,-0.7213982866194866f,0.7188804499673407f,0f,0f,0f,1f], start_interpolation: 0, interpolation_duration: 1 }
$data merge entity $(bone_neck_1) { transformation: [-0.7790753096744274f,0.24711647319689764f,0.5761728130781786f,-0.25387567257009397f,0.299181801966104f,0.9541845387895348f,-0.004702691497203426f,0.646342015841227f,-0.5509373024473927f,0.1687166696261216f,-0.8173143667905637f,0.6504204524564997f,0f,0f,0f,1f], start_interpolation: 0, interpolation_duration: 1 }
$data merge entity $(bone_neck_2) { transformation: [-0.8192845888022398f,0.40372544667017607f,0.4071590920784054f,-0.21425275795952983f,0.400454179380855f,0.9111014298632543f,-0.09762496974411636f,0.6467095887411243f,-0.41037691549056543f,0.0830659269020724f,-0.9081249027641235f,0.5716751673781673f,0f,0f,0f,1f], start_interpolation: 0, interpolation_duration: 1 }
$data merge entity $(bone_body_0) { transformation: [-0.8448700699031575f,0.5207249911629798f,-0.12263787571606183f,-0.2670909724454095f,0.5349492540860462f,0.8202433047111798f,-0.2025591682182403f,0.5590580551382534f,-0.0048847246203221895f,-0.23674121874907467f,-0.9715604637955305f,0.11152710810796457f,0f,0f,0f,1f], start_interpolation: 0, interpolation_duration: 1 }
$data merge entity $(bone_leg_left_3) { transformation: [-0.9962078693511975f,-0.08420731841244554f,-0.021886264380477482f,0.10222900491364943f,-0.0819795804398099f,0.8242273527343977f,0.5602933333490231f,0.03966480371532724f,-0.029141541374125644f,0.5599628545986166f,-0.828005055561926f,0.017564202245034077f,0f,0f,0f,1f], start_interpolation: 0, interpolation_duration: 1 }
$data merge entity $(bone_leg_left_2) { transformation: [-1.0222388129839868f,-0.08408727115557327f,0.0043976765903358484f,0.08117841290407116f,-0.07748078165100271f,0.9603281591599361f,0.35189310123947093f,0.27427077428429153f,-0.03296569739189093f,0.35037316828603154f,-0.963438687847529f,0.06940996596258531f,0f,0f,0f,1f], start_interpolation: 0, interpolation_duration: 1 }
$data merge entity $(bone_leg_left_1) { transformation: [-0.9756862163335447f,-0.1553531155755504f,0.15460212397538703f,0.050205710091534024f,0.09589303988071936f,0.33170824903297425f,0.9384956912132911f,0.312701477738283f,-0.19708102942486896f,0.9305025776452462f,-0.30874588391812763f,0.34249815386583976f,0f,0f,0f,1f], start_interpolation: 0, interpolation_duration: 1 }
$data merge entity $(bone_leg_left_0) { transformation: [-0.986755069510291f,0.16107661457439998f,0.019203047492280995f,-0.0028491865507289382f,0.06575580525810804f,0.5053918545409024f,-0.860380873473234f,0.5888209229012591f,-0.14829230212859465f,-0.8477224767581413f,-0.5092896970570325f,0.03387134279845677f,0f,0f,0f,1f], start_interpolation: 0, interpolation_duration: 1 }
$data merge entity $(bone_leg_right_3) { transformation: [-0.8736608349108532f,-0.06902870928412269f,0.48161372783324896f,-0.3482769879023006f,-0.04207448704744488f,0.9968950233576475f,0.06655862036168081f,0.047828872538445505f,-0.48471278411298896f,0.037886009282108835f,-0.8738524859597934f,-0.5417139240796662f,0f,0f,0f,1f], start_interpolation: 0, interpolation_duration: 1 }
$data merge entity $(bone_leg_right_2) { transformation: [-0.9255036061915318f,0.055645746365643164f,0.4386443038939121f,-0.32031416528454937f,0.24055476916884458f,0.917145374073549f,0.39120322767879684f,0.273330868141448f,-0.3709968698753241f,0.4558619453602099f,-0.8406030030970691f,-0.4608560079778568f,0f,0f,0f,1f], start_interpolation: 0, interpolation_duration: 1 }
$data merge entity $(bone_leg_right_1) { transformation: [-0.9472361629649364f,-0.2981165275444024f,-0.11777176052149331f,-0.41392173735096827f,-0.15185791114913688f,0.09380509081496786f,0.9839409432270906f,0.24360589684482953f,-0.2822814666124669f,0.9499090171916799f,-0.13412692744207463f,-0.20130363524161882f,0f,0f,0f,1f], start_interpolation: 0, interpolation_duration: 1 }
$data merge entity $(bone_leg_right_0) { transformation: [-0.9527995135261217f,-0.06304446436224656f,0.2969822933066268f,-0.35206389888422485f,-0.09406959927117174f,0.9913657652157573f,-0.09135004133079139f,0.651222781406745f,-0.2886589640342857f,-0.1149752802625571f,-0.950503386322847f,-0.1355057492215239f,0f,0f,0f,1f], start_interpolation: 0, interpolation_duration: 1 }
$data merge entity $(bone_tail_4) { transformation: [-1.4124926121252137f,1.459963857782029f,-1.8705698292931772f,-0.46856902361131114f,2.245178847996775f,1.5267959138410259f,-0.5037137178856859f,-0.015642401655062976f,0.7679178945691817f,-1.7784996775508737f,-1.9679690891250987f,-1.5631028827170983f,0f,0f,0f,1f], start_interpolation: 0, interpolation_duration: 1 }
$data merge entity $(bone_tail_3) { transformation: [-1.3791793457204524f,1.1561218881363609f,-1.0474693495060206f,-0.3022704905559616f,1.5415227533104259f,1.224851302326696f,-0.6777849321571596f,0.08729874430817869f,0.23982797878645132f,-1.2243639136323223f,-1.6671415877574978f,-1.2684359150974158f,0f,0f,0f,1f], start_interpolation: 0, interpolation_duration: 1 }
$data merge entity $(bone_tail_2) { transformation: [-1.5471245400648204f,0.9799452855936788f,-0.68182605536509f,-0.17643134875491667f,1.172904572884311f,1.0397801046395327f,-1.1670158833133555f,0.30535916519586825f,-0.2224284051983198f,-1.3331685738275194f,-1.4113684966451552f,-1.0065472990748772f,0f,0f,0f,1f], start_interpolation: 0, interpolation_duration: 1 }
$data merge entity $(bone_tail_1) { transformation: [-1.2926533724217604f,0.6746465393818628f,-0.40193974133783666f,-0.0969502931561924f,0.7587566630832273f,1.2725476594378728f,-0.30424830432723604f,0.35454953046446286f,0.2024644042627163f,-0.4616608618447841f,-1.4260202185268183f,-0.6942337598799155f,0f,0f,0f,1f], start_interpolation: 0, interpolation_duration: 1 }
$data merge entity $(bone_tail_0) { transformation: [-1.132136268694806f,0.568508214629931f,-0.17000469284145725f,-0.03355185470371405f,0.5815919669256497f,0.9904828520334723f,-0.5608299389469328f,0.5423391891351982f,-0.117702887379129f,-0.574088709443022f,-1.135959462558717f,-0.3761337859740737f,0f,0f,0f,1f], start_interpolation: 0, interpolation_duration: 1 }
$data merge entity $(bone_body_1) { transformation: [-1.0983197238693831f,0.2800657603179744f,0.49382339870974834f,-0.16722329398227626f,0.1962608950370612f,1.196452957474712f,-0.24204664154975722f,0.5180220454545454f,-0.5327100902883142f,-0.13663120252628944f,-1.1073194973707843f,-0.1094944328180863f,0f,0f,0f,1f], start_interpolation: 0, interpolation_duration: 1 }