# This file was generated by Animated Java via MC-Build. It is not recommended to edit this file directly.
$data merge entity $(bone_head_lower) { transformation: [-0.9905178651874186f,-0.08646809639448336f,0.10675966958769015f,0.001404035015258113f,0.042372429711926396f,0.5469279915326193f,0.8361066614244879f,0.6668396590190295f,-0.13068640306040372f,0.8327022519388364f,-0.5380780832473333f,0.8206651251954321f,0f,0f,0f,1f], start_interpolation: 0, interpolation_duration: 1 }
$data merge entity $(bone_head_upper) { transformation: [-1.031029633157807f,-0.06497141835624469f,0.1273913377383351f,0.0084070811130835f,0.044105444431965145f,0.7375839003721262f,0.733141624972152f,0.733956454272053f,-0.1360314224929063f,0.731587757751677f,-0.727837033535624f,0.7868753392814564f,0f,0f,0f,1f], start_interpolation: 0, interpolation_duration: 1 }
$data merge entity $(bone_neck_0) { transformation: [-0.9993112079442661f,0.0188550735395411f,-0.03196241353199104f,0.006357180761836935f,0.01799919807974859f,0.9994772271327321f,0.026857053292405453f,0.7194638762878702f,0.0324520961643078f,0.026263256555188047f,-0.9991281713622425f,0.7218330503747825f,0f,0f,0f,1f], start_interpolation: 0, interpolation_duration: 1 }
$data merge entity $(bone_neck_1) { transformation: [-0.9955984503702819f,0.06504575398776277f,-0.0674742581171257f,0.0009408831575809804f,0.05958806240563241f,0.9950148513577064f,0.07996692063812312f,0.7308220330751012f,0.07233939755786965f,0.07559428196474162f,-0.9945111945549931f,0.6379331526442724f,0f,0f,0f,1f], start_interpolation: 0, interpolation_duration: 1 }
$data merge entity $(bone_neck_2) { transformation: [-0.9963239464313082f,0.054669954592920046f,-0.06595293649529037f,-0.004301835702243864f,0.05293347059885997f,0.9982110967490395f,0.02779665478864668f,0.7430303390286062f,0.06735459492791396f,0.024203354971731206f,-0.9974354897186127f,0.5507872889510191f,0f,0f,0f,1f], start_interpolation: 0, interpolation_duration: 1 }
$data merge entity $(bone_body_0) { transformation: [-0.9977872073153901f,0.03181182692918703f,-0.05838404392625157f,-0.03151496924823734f,0.04364866997169487f,0.9757978960235281f,-0.21427379617152903f,0.6513395971266943f,0.050154586305312956f,-0.21634803854780696f,-0.9750272015123781f,0.08919963972802497f,0f,0f,0f,1f], start_interpolation: 0, interpolation_duration: 1 }
$data merge entity $(bone_leg_left_3) { transformation: [-0.9493709000173869f,0.13563269821208201f,-0.28337019140320185f,0.13205217354801452f,0.0681989029186982f,0.9694683683201476f,0.23554191233696917f,0.010723058056202411f,0.30666562220252686f,0.20429110113360496f,-0.9296350585884531f,-0.12038472182900342f,0f,0f,0f,1f], start_interpolation: 0, interpolation_duration: 1 }
$data merge entity $(bone_leg_left_2) { transformation: [-0.970575369016476f,0.09140715334182133f,-0.31888929878120853f,0.14199821104335653f,0.10944673847479225f,1.0190196395682358f,-0.04101932608110121f,0.24715716887676767f,0.31315661257022265f,-0.07284165012451366f,-0.9740067913065986f,-0.166979352900035f,0f,0f,0f,1f], start_interpolation: 0, interpolation_duration: 1 }
$data merge entity $(bone_leg_left_1) { transformation: [-0.9639389847690091f,0.22092116841823536f,0.14837611326360503f,0.21334372342254146f,0.25563258314423193f,0.6136638114948019f,0.7470399647252345f,0.36915916847295555f,0.07398389066208791f,0.7580307142895953f,-0.6480091203957752f,0.07184844200174981f,0f,0f,0f,1f], start_interpolation: 0, interpolation_duration: 1 }
$data merge entity $(bone_leg_left_0) { transformation: [-0.97187806155086f,0.10446570095072019f,-0.2110449023336451f,0.15853499780105867f,0.20907879927220735f,0.7951491886869603f,-0.5692309051916988f,0.7520103037354756f,0.10834707735345295f,-0.5973480434849883f,-0.7946296154647281f,-0.08540387241174818f,0f,0f,0f,1f], start_interpolation: 0, interpolation_duration: 1 }
$data merge entity $(bone_leg_right_3) { transformation: [-0.9940374953008759f,0.10526566126881545f,-0.02843586632406611f,-0.2866646260343803f,0.10641004057649207f,0.9934230770203356f,-0.04227875717139948f,0.14892390267729252f,0.023798344490121602f,-0.045052531572463556f,-0.9987011105423096f,-0.23946711666810944f,0f,0f,0f,1f], start_interpolation: 0, interpolation_duration: 1 }
$data merge entity $(bone_leg_right_2) { transformation: [-1.0218856616204706f,0.07145629672332222f,-0.05201818656754841f,-0.27003053075384686f,0.08146075805563457f,0.9956621187548076f,-0.23255814256736626f,0.3736978322080437f,0.03429342462031377f,-0.23582438897614183f,-0.9976337093806201f,-0.3253219915647552f,0f,0f,0f,1f], start_interpolation: 0, interpolation_duration: 1 }
$data merge entity $(bone_leg_right_1) { transformation: [-0.9442428497322267f,0.0962999436588447f,-0.3148519677258934f,-0.24597546426587408f,-0.3016185749553504f,0.13046647206517992f,0.9444600229277942f,0.35304395526805166f,0.13202907244795498f,0.9867648253348766f,-0.09414618160267432f,-0.04962622300206483f,0f,0f,0f,1f], start_interpolation: 0, interpolation_duration: 1 }
$data merge entity $(bone_leg_right_0) { transformation: [-0.9613806599819532f,-0.26652238564757325f,-0.06865161732537996f,-0.23324700702343654f,-0.24668605666534751f,0.9450686177554514f,-0.2144558163834723f,0.7702502285489345f,0.12203776489089403f,-0.18923827753001482f,-0.9743180477944089f,-0.05880175981239652f,0f,0f,0f,1f], start_interpolation: 0, interpolation_duration: 1 }
$data merge entity $(bone_tail_4) { transformation: [-2.744375553279883f,0.3063839460499118f,0.013893587104174517f,-0.1798225116700821f,0.08576542502046151f,0.6465462631084486f,2.6833344094859966f,1.777256765169064f,0.2944629790496528f,2.6671648128421657f,-0.6520619193802208f,-1.3129354083320512f,0f,0f,0f,1f], start_interpolation: 0, interpolation_duration: 1 }
$data merge entity $(bone_tail_3) { transformation: [-2.0693826433518514f,0.22981842461282465f,-0.028008804812564837f,-0.17732220712180138f,0.06266821409887119f,0.7985407701992637f,1.9220694210448461f,1.4435304714163737f,0.2228759663584367f,1.9093092091336312f,-0.8005061983406164f,-1.195883228642715f,0f,0f,0f,1f], start_interpolation: 0, interpolation_duration: 1 }
$data merge entity $(bone_tail_2) { transformation: [-1.9420520473521894f,0.2087932711545184f,-0.06010898683676892f,-0.167534435465876f,0.058812194006560514f,1.0256043900758471f,1.6623629675543372f,1.134788360482516f,0.20916224853945758f,1.6502469148525998f,-1.0255292042687874f,-1.0046922444639166f,0f,0f,0f,1f], start_interpolation: 0, interpolation_duration: 1 }
$data merge entity $(bone_tail_1) { transformation: [-1.4921106309914902f,0.1392326638404267f,-0.20463719163943972f,-0.12377524987756836f,-0.04101269458862293f,1.0941328900156777f,1.0434785229550831f,0.896907962556452f,0.2440902983831156f,1.0349607404659564f,-1.0756079406221404f,-0.7861179391167107f,0f,0f,0f,1f], start_interpolation: 0, interpolation_duration: 1 }
$data merge entity $(bone_tail_0) { transformation: [-1.2546826875592996f,0.1345545796471788f,-0.2037207284960761f,-0.0609962764059225f,0.04706501693066943f,1.1798680844507068f,0.4894199669608539f,0.7823603916604527f,0.23956617938331098f,0.47290811472697164f,-1.1631000289334932f,-0.43482096248233415f,0f,0f,0f,1f], start_interpolation: 0, interpolation_duration: 1 }
$data merge entity $(bone_body_1) { transformation: [-1.2321986679212407f,0.06347674848633791f,-0.07913115840787721f,-0.046874999999999986f,0.05736662424859412f,1.2314140563054679f,0.09451501156898015f,0.6774425000000001f,0.08366664957849676f,0.09052468940110227f,-1.2302072050729476f,-0.15491249999999998f,0f,0f,0f,1f], start_interpolation: 0, interpolation_duration: 1 }