# This file was generated by Animated Java via MC-Build. It is not recommended to edit this file directly.
$data merge entity $(bone_head_lower) { transformation: [0.5937728880530045f,-0.17211161048238927f,-0.7860097651749329f,-0.4917559381944031f,0.2732021617559888f,0.9619472427341202f,-0.004252176863402957f,0.2458355022815585f,0.7568317753801361f,-0.21221473967041363f,0.6181994565199567f,-0.6448101580947584f,0f,0f,0f,1f], start_interpolation: 0, interpolation_duration: 1 }
$data merge entity $(bone_head_upper) { transformation: [0.6180579517690025f,0.4361046834208748f,-0.7150447649881732f,-0.5310647622360887f,0.28437601633757476f,0.7265973945076718f,0.6889546067849034f,0.30973404868458854f,0.7877858796466107f,-0.6044343421551659f,0.31228909112611464f,-0.6366096329995897f,0f,0f,0f,1f], start_interpolation: 0, interpolation_duration: 1 }
$data merge entity $(bone_neck_0) { transformation: [0.8531616238199509f,-0.04537599195564805f,-0.5196693785426906f,-0.5642066990530156f,0.20888105998728354f,0.9425725451662893f,0.26062559328917034f,0.3112193737955743f,0.47799994395344225f,-0.3309048450125566f,0.8136449084998456f,-0.578781075282538f,0f,0f,0f,1f], start_interpolation: 0, interpolation_duration: 1 }
$data merge entity $(bone_neck_1) { transformation: [0.9709949197185205f,-0.18693182402434955f,-0.14908171936141015f,-0.5776970489272958f,0.21865696930928444f,0.946495470513981f,0.23735090913876047f,0.33568649735103384f,0.096736733732865f,-0.2630642838992917f,0.959916239514287f,-0.4986754751679229f,0f,0f,0f,1f], start_interpolation: 0, interpolation_duration: 1 }
$data merge entity $(bone_neck_2) { transformation: [0.9836491400148196f,-0.17322716401663457f,0.049261739665387494f,-0.5750773532722607f,0.14444262516332124f,0.9222072747160593f,0.3587061060209412f,0.3761408281332804f,-0.10756717614604688f,-0.3457254577081828f,0.9321497790100222f,-0.4203970317126765f,0f,0f,0f,1f], start_interpolation: 0, interpolation_duration: 1 }
$data merge entity $(bone_body_0) { transformation: [0.855318136156521f,-0.1584587966390543f,0.49327649014466374f,-0.3441075113654015f,0.06726267866828764f,0.977985491146657f,0.19753508844000014f,0.47855490884350665f,-0.5137184228934196f,-0.13577624561879315f,0.8471470905961745f,-0.022433223176115243f,0f,0f,0f,1f], start_interpolation: 0, interpolation_duration: 1 }
$data merge entity $(bone_leg_left_3) { transformation: [-0.32303121494569237f,-0.5892754141216542f,0.7405439355517426f,0.0794865806120213f,-0.24132354285933633f,0.8079164894320732f,0.5376187252743088f,0.21322163521567383f,-0.9151031536567492f,-0.005043056167428145f,-0.40318827581164135f,0.3030380733943424f,0f,0f,0f,1f], start_interpolation: 0, interpolation_duration: 1 }
$data merge entity $(bone_leg_left_2) { transformation: [-0.2939354055663829f,-0.8777553132044673f,0.44182551646158735f,-0.11191852600482632f,-0.3008734860156165f,0.5194061800546916f,0.8317178397957435f,0.3595314996742188f,-0.9354888146140663f,0.10874295270506248f,-0.40632234429040187f,0.31437742033898713f,0f,0f,0f,1f], start_interpolation: 0, interpolation_duration: 1 }
$data merge entity $(bone_leg_left_1) { transformation: [-0.30657064425310204f,-0.8459476716795657f,-0.43633356146663793f,-0.3124890306991362f,-0.05627599021084256f,-0.4414961636531468f,0.8954965943013649f,0.19321777903280002f,-0.9501828524068551f,0.2990880710751867f,0.08774322043609398f,0.4099002167430058f,0f,0f,0f,1f], start_interpolation: 0, interpolation_duration: 1 }
$data merge entity $(bone_leg_left_0) { transformation: [-0.3378478746726294f,0.5374494718797536f,0.7726622022302901f,-0.20365190611410014f,-0.10336612539471152f,0.7947795289549076f,-0.5980308892315681f,0.5419385436775965f,-0.935507486715137f,-0.281910562998958f,-0.21296050518708493f,0.20777256603172178f,0f,0f,0f,1f], start_interpolation: 0, interpolation_duration: 1 }
$data merge entity $(bone_leg_right_3) { transformation: [0.18142040090243802f,-0.16980951941545644f,0.9686337621889355f,0.026287146607318693f,-0.004025627588297293f,0.9848423726990552f,0.17340500355819194f,0.05029295456020455f,-0.9833973929490147f,-0.03535856406003996f,0.17798690819465635f,-0.21493670779288337f,0f,0f,0f,1f], start_interpolation: 0, interpolation_duration: 1 }
$data merge entity $(bone_leg_right_2) { transformation: [0.10616246531165037f,-0.44877605912758334f,0.9161832672634682f,-0.050172432660713084f,0.10652213878412568f,0.9209716588546898f,0.4387783461338899f,0.2783650711579965f,-1.014615574692456f,0.04973380983849933f,0.14192950098954002f,-0.19738351905765866f,0f,0f,0f,1f], start_interpolation: 0, interpolation_duration: 1 }
$data merge entity $(bone_leg_right_1) { transformation: [0.038064369660144835f,-0.9984204411826201f,0.041324646291026224f,-0.32284569445108363f,-0.2864321415136634f,0.028717878462399038f,0.9576700432636056f,0.22967111835215592f,-0.9573441032723148f,-0.048289813473666066f,-0.28488657715730664f,-0.21445914275075623f,0f,0f,0f,1f], start_interpolation: 0, interpolation_duration: 1 }
$data merge entity $(bone_leg_right_0) { transformation: [0.07325637766358442f,0.6124598144393139f,0.7871000437228879f,-0.1549668603906254f,-0.2409985536431323f,0.7767023634547318f,-0.5819391168719906f,0.6100254477531076f,-0.9677567877692869f,-0.14705922038687483f,0.2045003311138542f,-0.17632045183317685f,0f,0f,0f,1f], start_interpolation: 0, interpolation_duration: 1 }
$data merge entity $(bone_tail_4) { transformation: [-0.09702940132644783f,0.6495457451305757f,-2.6822261187045737f,0.06087011752355087f,2.747281734863816f,-0.23214789831177932f,-0.1556012666821372f,0.029567790222482404f,-0.26208719190737406f,-2.6739220276388367f,-0.638053779509156f,-0.9366861886783019f,0f,0f,0f,1f], start_interpolation: 0, interpolation_duration: 1 }
$data merge entity $(bone_tail_3) { transformation: [-0.29197416520837977f,1.2265051407883598f,-1.657221093431725f,0.3298712581224603f,2.030986278290275f,-0.11682627695399707f,-0.44428806472167537f,0.10604586455757584f,-0.35467076323251273f,-1.6786846894748395f,-1.1799033388694486f,-0.7201909371431992f,0f,0f,0f,1f], start_interpolation: 0, interpolation_duration: 1 }
$data merge entity $(bone_tail_2) { transformation: [-0.5464605916789731f,1.6131967211001763f,-0.957993233679803f,0.507939895145953f,1.732309068852154f,0.05059412633906454f,-0.9029503858769576f,0.2751953554219838f,-0.7205969655204123f,-1.1017306605583799f,-1.4441964685842248f,-0.4525129697681313f,0f,0f,0f,1f], start_interpolation: 0, interpolation_duration: 1 }
$data merge entity $(bone_tail_1) { transformation: [-0.6349690272275915f,1.3406100342761529f,0.2953562602345516f,0.4286015820657995f,1.1861170448077913f,0.6996143110944947f,-0.6255576885693345f,0.4001231455326896f,-0.6910838881627028f,-0.030996801607089987f,-1.3450273260465946f,-0.16203894970010674f,0f,0f,0f,1f], start_interpolation: 0, interpolation_duration: 1 }
$data merge entity $(bone_tail_0) { transformation: [-0.27559567850689337f,0.8497871010034435f,0.9141906921099762f,0.18196069057279501f,0.8203250312302057f,0.828931297062829f,-0.5232355726352387f,0.5730283297925008f,-0.9407175887106156f,0.47388870455195276f,-0.7240964235325189f,0.060994633422251796f,0f,0f,0f,1f], start_interpolation: 0, interpolation_duration: 1 }
$data merge entity $(bone_body_1) { transformation: [0.15311996913953096f,-0.03914620289990709f,1.2262244675855556f,-0.10048254690598174f,0.2141410056398808f,1.2176210620624255f,0.012131528418202512f,0.48819250000000003f,-1.2080159352469237f,0.21088176563359012f,0.15757847622378496f,0.010155461586388555f,0f,0f,0f,1f], start_interpolation: 0, interpolation_duration: 1 }