# This file was generated by Animated Java via MC-Build. It is not recommended to edit this file directly.
$data merge entity $(bone_head_lower) { transformation: [0.25452899811696506f,0.15079763650867778f,-0.9552356054612761f,-0.18712643611442695f,0.24713657478145012f,0.9448259788041504f,0.21500554221245555f,0.22098804588606824f,0.9349537435204303f,-0.29079880089191545f,0.20321799840800825f,-0.7184028701027015f,0f,0f,0f,1f], start_interpolation: 0, interpolation_duration: 1 }
$data merge entity $(bone_head_upper) { transformation: [0.26493912808619974f,0.6199113725523896f,-0.7930883249504078f,-0.2277976651358697f,0.2572443577164386f,0.7511709693893123f,0.6730820587070235f,0.2843357513267969f,0.9731929620663562f,-0.3673200341806042f,0.03799202097254589f,-0.7237297676122184f,0f,0f,0f,1f], start_interpolation: 0, interpolation_duration: 1 }
$data merge entity $(bone_neck_0) { transformation: [0.6037401797692589f,0.10307281087835547f,-0.7904895894253241f,-0.28078035268375545f,0.17914893128727263f,0.9486995877057806f,0.26052783479987307f,0.285724908996033f,0.7767904838183916f,-0.2989064869562328f,0.5543026757148771f,-0.6832867049750986f,0f,0f,0f,1f], start_interpolation: 0, interpolation_duration: 1 }
$data merge entity $(bone_neck_1) { transformation: [0.8711254075559884f,-0.05710602955098338f,-0.4877288444405713f,-0.3223604675888428f,0.21228610041779217f,0.9394051100197699f,0.2691703008100096f,0.3128548882510612f,0.44280372161920667f,-0.33801914244265235f,0.8304624756498716f,-0.6144928454044021f,0f,0f,0f,1f], start_interpolation: 0, interpolation_duration: 1 }
$data merge entity $(bone_neck_2) { transformation: [0.9466995508599239f,-0.02938464270314168f,-0.3207748481019465f,-0.35075044411139955f,0.16815842401980052f,0.8944486527372125f,0.4143481049163401f,0.3579121011932248f,0.27474115969907953f,-0.4462041577459739f,0.8517154130209283f,-0.5442448049401027f,0f,0f,0f,1f], start_interpolation: 0, interpolation_duration: 1 }
$data merge entity $(bone_body_0) { transformation: [0.990297335154933f,-0.1261257682358246f,0.05833933983137901f,-0.3244568376210515f,0.1061676299518835f,0.9575529871375894f,0.26799386406087616f,0.49333849349184494f,-0.08966394111033704f,-0.25919985997450395f,0.9616526453214587f,-0.09349072206360129f,0f,0f,0f,1f], start_interpolation: 0, interpolation_duration: 1 }
$data merge entity $(bone_leg_left_3) { transformation: [-0.024833726297605874f,-0.34867531423421744f,0.9369145165285064f,-0.12235497177936808f,-0.23677642242529134f,0.9125881920649808f,0.3333462426472661f,0.16001711949536385f,-0.9712467306620163f,-0.2135610379897035f,-0.10522105887656102f,0.3568953006504839f,0f,0f,0f,1f], start_interpolation: 0, interpolation_duration: 1 }
$data merge entity $(bone_leg_left_2) { transformation: [-0.012998157075314687f,-0.6748259050855356f,0.772336225512456f,-0.2558074267460387f,-0.2844489588387604f,0.7444695833764634f,0.6456903505113848f,0.3530653344851241f,-0.9853842079254592f,-0.20600300180690825f,-0.19657803925757375f,0.30127245445711043f,0f,0f,0f,1f], start_interpolation: 0, interpolation_duration: 1 }
$data merge entity $(bone_leg_left_1) { transformation: [0.030209395626657677f,-0.9687846108216851f,-0.24605643712560715f,-0.5065476592684766f,-0.042477646830043375f,-0.24719070307274277f,0.9680353329471945f,0.23541635012785989f,-0.9986405969795409f,-0.0187918639171047f,-0.04861917229722059f,0.3186344224925497f,0f,0f,0f,1f], start_interpolation: 0, interpolation_duration: 1 }
$data merge entity $(bone_leg_left_0) { transformation: [-0.012049542945135494f,0.7337079078267286f,0.6793581636422263f,-0.2751751577946085f,-0.08273564776126965f,0.6763462606364485f,-0.7319225015755538f,0.5509348002978637f,-0.9964986809345691f,-0.06502646934609185f,0.052554135708289484f,0.17295617521967474f,0f,0f,0f,1f], start_interpolation: 0, interpolation_duration: 1 }
$data merge entity $(bone_leg_right_3) { transformation: [0.5144512859166046f,-0.185513750342604f,0.8372123523052997f,0.05257268566037476f,0.05146888874583689f,0.9812384515986775f,0.18580111570035787f,0.08965773829186233f,-0.8559736140267528f,-0.05249523347934679f,0.5143475697929641f,-0.1821754439354273f,0f,0f,0f,1f], start_interpolation: 0, interpolation_duration: 1 }
$data merge entity $(bone_leg_right_2) { transformation: [0.46151356560901785f,-0.41768164380724776f,0.8152358386908782f,-0.02030984222397786f,0.15143640036239833f,0.9350921867179278f,0.3933596553855731f,0.31954800944192907f,-0.9034015966915402f,-0.05662902317939937f,0.4824115549296232f,-0.1790653915643369f,0f,0f,0f,1f], start_interpolation: 0, interpolation_duration: 1 }
$data merge entity $(bone_leg_right_1) { transformation: [0.373095821552131f,-0.9154664765852163f,0.15073366640863284f,-0.26957738752875354f,-0.2415710194375437f,0.06100814142384753f,0.9684634475538623f,0.2799473076080546f,-0.8957918008712997f,-0.3977425510662094f,-0.19838828736368788f,-0.2944380960128403f,0f,0f,0f,1f], start_interpolation: 0, interpolation_duration: 1 }
$data merge entity $(bone_leg_right_0) { transformation: [0.41188551113615457f,0.6743858497143469f,0.6128246498152363f,-0.10257158727560771f,-0.20247575207455754f,0.7234408195406701f,-0.6600279921671247f,0.6412670835435259f,-0.8884559052299392f,0.14777383505675865f,0.43452157384261936f,-0.1684842919249913f,0f,0f,0f,1f], start_interpolation: 0, interpolation_duration: 1 }
$data merge entity $(bone_tail_4) { transformation: [0.47630150925392534f,1.2082056182104266f,-2.4370140311469672f,0.2903900296946917f,2.6842521408923194f,-0.608976680528915f,0.22270872970537767f,0.015109284698658732f,-0.4399870998079725f,-2.4072905762073558f,-1.2794626861717484f,-0.7357685654682523f,0f,0f,0f,1f], start_interpolation: 0, interpolation_duration: 1 }
$data merge entity $(bone_tail_3) { transformation: [0.5458426654745387f,1.6934985518433667f,-1.0816949502962994f,0.4572333073374626f,1.9792215806864604f,-0.6468632886197967f,-0.013976638559229496f,0.023809271211984062f,-0.3473949411506788f,-1.024488197484405f,-1.7792375372958262f,-0.42405020801259824f,0f,0f,0f,1f], start_interpolation: 0, interpolation_duration: 1 }
$data merge entity $(bone_tail_2) { transformation: [0.2178696792582747f,1.8445661719517288f,-0.607356826876933f,0.5707396373985305f,1.671756169110297f,-0.4891431028785329f,-0.8858578954611188f,0.18960809786868552f,-0.9881993669823601f,-0.4208188888351873f,-1.632527901414845f,-0.12139769094976327f,0f,0f,0f,1f], start_interpolation: 0, interpolation_duration: 1 }
$data merge entity $(bone_tail_1) { transformation: [0.10377756806300449f,1.4113250831533841f,0.5338988443788031f,0.4384994254773002f,1.0729235803220776f,0.3072777113868596f,-1.020819106832209f,0.4044957867284665f,-1.0610002154362566f,0.4487740720529061f,-0.9800697042033646f,0.08503022510414215f,0f,0f,0f,1f], start_interpolation: 0, interpolation_duration: 1 }
$data merge entity $(bone_tail_0) { transformation: [0.31125272088492095f,0.5932515071752463f,1.0885816963186823f,0.134706768473341f,0.8418007121100515f,0.7228229744342308f,-0.6346134455754066f,0.6073875912835917f,-0.9101258272441076f,0.8714443834510482f,-0.2146890349293105f,0.16879685626250374f,0f,0f,0f,1f], start_interpolation: 0, interpolation_duration: 1 }
$data merge entity $(bone_body_1) { transformation: [0.5428577296888275f,-0.18322072208085188f,1.0956004049714079f,-0.10766376290845502f,0.284105236368503f,1.2017753862063154f,0.060205737541438695f,0.5124425f,-1.073868844431823f,0.2253235077950873f,0.569771547946919f,0.021155815335912147f,0f,0f,0f,1f], start_interpolation: 0, interpolation_duration: 1 }