# This file was generated by Animated Java via MC-Build. It is not recommended to edit this file directly.
$data merge entity $(bone_head_lower) { transformation: [-0.9853800482274342f,-0.1315573897042388f,0.10825347001138722f,0.024904850928930165f,0.04940424015874462f,0.3874533775228949f,0.9205645557485027f,0.7283145309590159f,-0.16305024259300063f,0.9124541267703862f,-0.37528933495378675f,0.8080320616250949f,0f,0f,0f,1f], start_interpolation: 0, interpolation_duration: 1 }
$data merge entity $(bone_head_upper) { transformation: [-1.0256816816249164f,-0.08824112235114978f,0.15382631403241864f,0.03320939975373073f,0.05142485299613721f,0.7161011753274229f,0.7536753503813934f,0.7963667503866164f,-0.1697189295774533f,0.7502563252678379f,-0.701272325079345f,0.7764823169099457f,0f,0f,0f,1f], start_interpolation: 0, interpolation_duration: 1 }
$data merge entity $(bone_neck_0) { transformation: [-0.9986671201468085f,0.014658334546513729f,-0.04948854782676808f,0.030094139519354975f,0.010938446216101533f,0.9971522157986489f,0.07461775205822069f,0.7850024895347358f,0.05044138709489742f,0.07397696774109576f,-0.9959834711037004f,0.7108630744329145f,0f,0f,0f,1f], start_interpolation: 0, interpolation_duration: 1 }
$data merge entity $(bone_neck_1) { transformation: [-0.9928469853665239f,0.07500420067177128f,-0.09289366786920454f,0.022570361598412338f,0.06741890960605113f,0.9943273412800514f,0.08226681597384955f,0.79655231037004f,0.0985370705680686f,0.07541557043829068f,-0.9922716046825742f,0.627152076057552f,0f,0f,0f,1f], start_interpolation: 0, interpolation_duration: 1 }
$data merge entity $(bone_neck_2) { transformation: [-0.9928469853665239f,0.06412928815984431f,-0.10070897700164107f,0.014375365707631038f,0.06741890960605113f,0.997285442780584f,-0.029604665940787506f,0.8037227673868562f,0.0985370705680686f,-0.03618259274908542f,-0.9944753720961708f,0.5396743246995026f,0f,0f,0f,1f], start_interpolation: 0, interpolation_duration: 1 }
$data merge entity $(bone_body_0) { transformation: [-0.9928469853665239f,0.03587873439431091f,-0.11387528294967222f,-0.03895183832071461f,0.06741890960605113f,0.9556415139945211f,-0.2867123774059823f,0.6776999790595223f,0.0985370705680686f,-0.29233886698234607f,-0.9512247014114706f,0.08858079688531628f,0f,0f,0f,1f], start_interpolation: 0, interpolation_duration: 1 }
$data merge entity $(bone_leg_left_3) { transformation: [-0.9364054985601843f,0.15889593265212462f,-0.31288468299497224f,0.12451864545330732f,0.07377182704892425f,0.9608239061374602f,0.26716126015688935f,0.024054471282039747f,0.343077920886956f,0.22708919829301627f,-0.9114428321175817f,-0.1061713415889871f,0f,0f,0f,1f], start_interpolation: 0, interpolation_duration: 1 }
$data merge entity $(bone_leg_left_2) { transformation: [-0.9534548314211253f,0.1321567596036288f,-0.3542889708013455f,0.1428959090075459f,0.132865022701318f,1.016826811625261f,0.02173293360958802f,0.2619530936106981f,0.3540239676674254f,-0.025690962453149942f,-0.9623248953788625f,-0.14135079218731328f,0f,0f,0f,1f], start_interpolation: 0, interpolation_duration: 1 }
$data merge entity $(bone_leg_left_1) { transformation: [-0.9643923252042326f,0.2507768585514075f,0.08401434581225456f,0.22577481475269398f,0.2333264576867692f,0.6571730246634195f,0.7167163872816618f,0.39782767602589336f,0.12452392232225132f,0.7107985529457834f,-0.6922854973922694f,0.08598721716384818f,0f,0f,0f,1f], start_interpolation: 0, interpolation_duration: 1 }
$data merge entity $(bone_leg_left_0) { transformation: [-0.9681771580928081f,0.0328551860236153f,-0.2480998333306318f,0.14629630146821776f,0.18973003122490123f,0.7428369400549352f,-0.6420247625607742f,0.7638154071811706f,0.1632038780137643f,-0.6686656991660138f,-0.7254313730189051f,-0.09852138733565723f,0f,0f,0f,1f], start_interpolation: 0, interpolation_duration: 1 }
$data merge entity $(bone_leg_right_3) { transformation: [-0.9884554982742856f,0.10954202296622095f,-0.10467221759283418f,-0.3365438883797135f,0.1145111481916014f,0.992504378093862f,-0.04268789529078516f,0.18173436624266853f,0.09921151581935835f,-0.05418122063025012f,-0.9935901924132711f,-0.283067009520139f,0f,0f,0f,1f], start_interpolation: 0, interpolation_duration: 1 }
$data merge entity $(bone_leg_right_2) { transformation: [-1.0136030574736983f,0.09747321949469576f,-0.12316660611547074f,-0.31605694047548194f,0.11696646452862738f,1.005223774134907f,-0.16705151777323243f,0.4107064690965975f,0.10483266454849836f,-0.17912658902576717f,-1.0044829401479898f,-0.35602681452422785f,0f,0f,0f,1f], start_interpolation: 0, interpolation_duration: 1 }
$data merge entity $(bone_leg_right_1) { transformation: [-0.9453192087158611f,0.1635793844094304f,-0.282158428243868f,-0.27547953151333554f,-0.2733153966104669f,0.07473120311618006f,0.959017174641034f,0.3747026800589904f,0.1779614778778861f,0.9836955993990418f,-0.025936077469012137f,-0.08386769430846173f,0f,0f,0f,1f], start_interpolation: 0, interpolation_duration: 1 }
$data merge entity $(bone_leg_right_0) { transformation: [-0.9605512284260511f,-0.23508861848606183f,-0.14857549941870896f,-0.24399929483175303f,-0.21708365544875383f,0.9677514316094288f,-0.12779613904538603f,0.7903182861891314f,0.17382757004057392f,-0.09050142582421448f,-0.9806087230988584f,-0.0597857258673202f,0f,0f,0f,1f], start_interpolation: 0, interpolation_duration: 1 }
$data merge entity $(bone_tail_4) { transformation: [-2.720209153738122f,0.4363271835279797f,0.1890557601182096f,-0.19436699874119992f,0.1919150420301873f,0.0028458422870716064f,2.7547816337096895f,1.8576278284370018f,0.4350771289804657f,2.726769484517571f,-0.03312705453096265f,-1.1229768556851483f,0f,0f,0f,1f], start_interpolation: 0, interpolation_duration: 1 }
$data merge entity $(bone_tail_3) { transformation: [-2.051327866457073f,0.34653627767542294f,0.08895009047764652f,-0.21284077654340108f,0.14153945073017615f,0.31058446485069613f,2.0541298401330064f,1.5062840033092422f,0.32858194446457245f,2.0296293810675667f,-0.3295208753988305f,-1.0869638092564615f,0f,0f,0f,1f], start_interpolation: 0, interpolation_duration: 1 }
$data merge entity $(bone_tail_2) { transformation: [-1.9251081938093768f,0.33461333124864945f,0.027680962437353948f,-0.21933049641795396f,0.132830426965607f,0.6110452096552668f,1.8514193756230006f,1.1623528058976746f,0.3083640621131314f,1.8257687546101806f,-0.6247030773808114f,-0.9701704063942458f,0f,0f,0f,1f], start_interpolation: 0, interpolation_duration: 1 }
$data merge entity $(bone_tail_1) { transformation: [-1.4738130060079178f,0.24205733130170728f,-0.2386204552945997f,-0.16953289801581634f,-0.032755434593076f,0.9557380707308807f,1.171814008987874f,0.898539888161278f,0.33831723991916995f,1.147008822336912f,-0.9260499212541219f,-0.7852390120134733f,0f,0f,0f,1f], start_interpolation: 0, interpolation_duration: 1 }
$data merge entity $(bone_tail_0) { transformation: [-1.2314779448809559f,0.20756087224915795f,-0.27242663630227953f,-0.08491468951954773f,0.08209905381266594f,1.165997251263225f,0.5172483658685605f,0.7755254843987451f,0.3325019296468379f,0.48083740593032076f,-1.1366941419851502f,-0.4414671013537864f,0f,0f,0f,1f], start_interpolation: 0, interpolation_duration: 1 }
$data merge entity $(bone_body_1) { transformation: [-1.227523745180146f,0.08464309780549929f,-0.12093633064157035f,-0.062499999999999986f,0.08335454872235942f,1.233434323705524f,0.0172157883536722f,0.6884425000000001f,0.12182803159556656f,0.008939248024040013f,-1.230318095298352f,-0.1560375f,0f,0f,0f,1f], start_interpolation: 0, interpolation_duration: 1 }