# This file was generated by Animated Java via MC-Build. It is not recommended to edit this file directly.
$data merge entity $(bone_head_lower) { transformation: [-0.22751725410508294f,0.6445564077897113f,-0.7299198149534692f,0.33236229847163584f,-0.10115015460540132f,0.7298801244956112f,0.6760500351967855f,0.3728752852251788f,0.9685063475825993f,0.2276445497777066f,-0.10086334145128634f,-0.6807046249127308f,0f,0f,0f,1f], start_interpolation: 0, interpolation_duration: 1 }
$data merge entity $(bone_head_upper) { transformation: [-0.236822614999125f,0.6008742517278692f,-0.8162947538842553f,0.2895080446661579f,-0.10528715378286449f,0.8191616544141581f,0.6335303795156711f,0.43491057481294776f,1.0081178536544162f,0.22670743289852696f,-0.12559488681980754f,-0.6839592014342152f,0f,0f,0f,1f], start_interpolation: 0, interpolation_duration: 1 }
$data merge entity $(bone_neck_0) { transformation: [0.16936473696998944f,0.1219379479483931f,-0.9779809419008233f,0.22423595573909627f,-0.13533020045706173f,0.9857942363634088f,0.09947592873120298f,0.4253853146327251f,0.9762178664188328f,0.11550264240621874f,0.1834606684873989f,-0.6742865554728605f,0f,0f,0f,1f], start_interpolation: 0, interpolation_duration: 1 }
$data merge entity $(bone_neck_1) { transformation: [0.5592600472639431f,0.04635462960333896f,-0.8276952626713951f,0.15433285347476045f,0.06471402420354629f,0.9929473886235076f,0.09933568591971365f,0.4383747355119675f,0.8264625185728118f,-0.10911797166413259f,0.5523160088700946f,-0.6280008332296574f,0f,0f,0f,1f], start_interpolation: 0, interpolation_duration: 1 }
$data merge entity $(bone_neck_2) { transformation: [0.6533712117162933f,0.08447634153558753f,-0.7523096486295693f,0.08925196211379227f,0.1693454973487684f,0.95226278695219f,0.2540033210683403f,0.46995057931096595f,0.7378537539567589f,-0.2933587092738358f,0.6078754029117381f,-0.5776185539820514f,0f,0f,0f,1f], start_interpolation: 0, interpolation_duration: 1 }
$data merge entity $(bone_body_0) { transformation: [0.7899987909873787f,-0.1608788868805232f,-0.5916247915651983f,-0.19111115605406287f,0.25944958233773746f,0.9620225737138017f,0.08484386772093f,0.5191016435461774f,0.5555068176568619f,-0.22052335799446948f,0.8017366301445814f,-0.20186384734636809f,0f,0f,0f,1f], start_interpolation: 0, interpolation_duration: 1 }
$data merge entity $(bone_leg_left_3) { transformation: [0.6572800027667147f,0.1302780469137708f,0.7423009015590118f,-0.4973125407184872f,-0.1319100226158028f,0.9896281938351367f,-0.05688395116466838f,0.04976072075729557f,-0.7420126305505093f,-0.06052824513348508f,0.6676478020967154f,0.06690752029403244f,0f,0f,0f,1f], start_interpolation: 0, interpolation_duration: 1 }
$data merge entity $(bone_leg_left_2) { transformation: [0.6764390192679771f,0.04393700352070099f,0.7697804832769499f,-0.46223181130356916f,-0.13414815035695307f,1.0151224160364323f,0.05994125221298226f,0.28802862069527746f,-0.7592738152131157f,-0.1402077732605219f,0.6752090441853845f,0.053914354826109595f,0f,0f,0f,1f], start_interpolation: 0, interpolation_duration: 1 }
$data merge entity $(bone_leg_left_1) { transformation: [0.7712199826554145f,-0.6241858509663968f,0.12494703600461407f,-0.653789651408668f,0.056998810290744016f,0.2632059249313255f,0.9630543996610399f,0.3073214844787451f,-0.6340117301583801f,-0.7356049650011899f,0.23856751976573942f,-0.1459525132662976f,0f,0f,0f,1f], start_interpolation: 0, interpolation_duration: 1 }
$data merge entity $(bone_leg_left_0) { transformation: [0.7378668639533499f,0.5976070110141084f,0.3137169926325838f,-0.3588923098152016f,0.030911931130306276f,0.43439380490972074f,-0.9001924654038441f,0.554754207083876f,-0.6742380466819151f,0.673919789472634f,0.30205160778204265f,0.01566395950109052f,0f,0f,0f,1f], start_interpolation: 0, interpolation_duration: 1 }
$data merge entity $(bone_leg_right_3) { transformation: [0.9680797058780714f,-0.19598641214710116f,0.15624022952086908f,0.15466253640857353f,0.1658026947403997f,0.9682269368462119f,0.1872059432342456f,0.14752980331377333f,-0.18796581998823383f,-0.15532522338341664f,0.9698159235117986f,-0.06558525054949377f,0f,0f,0f,1f], start_interpolation: 0, interpolation_duration: 1 }
$data merge entity $(bone_leg_right_2) { transformation: [0.9564427402519137f,-0.3281159451670522f,0.17210290714347895f,0.08201413219701119f,0.2783910443600227f,0.9508020033366311f,0.265586476259389f,0.3769362916821255f,-0.24449521578190614f,-0.2009419729147572f,0.9756570158009312f,-0.08189305622745557f,0f,0f,0f,1f], start_interpolation: 0, interpolation_duration: 1 }
$data merge entity $(bone_leg_right_1) { transformation: [0.9279329495580149f,-0.3388801186842403f,0.15524402173712865f,0.0001977978548975707f,-0.1074557177597801f,0.15560465698590237f,0.9819574631546064f,0.3649898250554212f,-0.35692255440822646f,-0.9278725429092376f,0.10797608193415709f,-0.34680201234204633f,0f,0f,0f,1f], start_interpolation: 0, interpolation_duration: 1 }
$data merge entity $(bone_leg_right_0) { transformation: [0.9438585367391703f,0.29094591165386763f,0.1564657761828206f,-0.008052414850980516f,-0.08141246289776856f,0.6638903812518354f,-0.7433852114255518f,0.6956372525461212f,-0.32016101185108736f,0.6889122136914057f,0.6503052270413452f,-0.09202467573507242f,0f,0f,0f,1f], start_interpolation: 0, interpolation_duration: 1 }
$data merge entity $(bone_tail_4) { transformation: [0.2957948484373214f,2.730600850788498f,-0.2863315087640187f,0.8526668045916942f,2.725270041458456f,-0.25704906962907637f,0.3639921819652875f,0.02855696163387945f,0.3332715714953296f,-0.32156819039818496f,-2.7223492226672668f,0.248839270977864f,0f,0f,0f,1f], start_interpolation: 0, interpolation_duration: 1 }
$data merge entity $(bone_tail_3) { transformation: [0.37642361053760265f,1.587477061426884f,1.2938961978913717f,0.6177351149173855f,2.0448926317820226f,-0.3636318552279232f,-0.14876667769206903f,0.05734071580532818f,0.11253850877754099f,1.2975492203964407f,-1.6246989354139314f,0.5116306333118221f,0f,0f,0f,1f], start_interpolation: 0, interpolation_duration: 1 }
$data merge entity $(bone_tail_2) { transformation: [0.8249358175979894f,0.6782581003265266f,1.6365270303872672f,0.3142797025022587f,1.7686849284234438f,-0.21339069854246434f,-0.8031138828000003f,0.20789490079984668f,-0.10004197026484024f,1.8202209300301404f,-0.7039611104802008f,0.6428546174981828f,0f,0f,0f,1f], start_interpolation: 0, interpolation_duration: 1 }
$data merge entity $(bone_tail_1) { transformation: [1.0621957234428678f,-0.1783891429441314f,1.0618727837077957f,0.08694235782814827f,1.0723421434214886f,0.31012588521592616f,-1.0205687202541758f,0.4226944487673491f,-0.0973592447684949f,1.4695766393756733f,0.34427013878553586f,0.5509004826900649f,0f,0f,0f,1f], start_interpolation: 0, interpolation_duration: 1 }
$data merge entity $(bone_tail_0) { transformation: [0.9932097480897133f,-0.589949192909081f,0.5471106493841268f,-0.08717261488361436f,0.8030336100253193f,0.6727465737845065f,-0.7323829498390433f,0.6529483420920498f,0.05007128971077084f,0.912802121947117f,0.8933761070789664f,0.311862761425866f,0f,0f,0f,1f], start_interpolation: 0, interpolation_duration: 1 }
$data merge entity $(bone_body_1) { transformation: [1.1034311068529006f,-0.4576697025397865f,0.31872061568523746f,-0.13044339114923853f,0.4430930946637812f,1.1484824600980885f,0.1151570378420967f,0.5488175f,-0.3386929242646011f,0.011448898656031787f,1.1890166612915514f,0.03466187857445415f,0f,0f,0f,1f], start_interpolation: 0, interpolation_duration: 1 }