# This file was generated by Animated Java via MC-Build. It is not recommended to edit this file directly.
$data merge entity $(bone_head_lower) { transformation: [-0.37136060130370563f,0.6418613627048819f,-0.6708988708188306f,0.5167763359546884f,-0.2924726862111589f,0.6049197015153245f,0.7406293827138102f,0.5071320558830971f,0.881221329530657f,0.4712601678322096f,-0.03691642716973734f,-0.5707326224255003f,0f,0f,0f,1f], start_interpolation: 0, interpolation_duration: 1 }
$data merge entity $(bone_head_upper) { transformation: [-0.3865490951634433f,0.43868073923805634f,-0.8611683625362596f,0.46714012195786253f,-0.3044346972135761f,0.8250095651662298f,0.5569117300795645f,0.5639549498295353f,0.917262914732907f,0.4586832992264791f,-0.17807391400738867f,-0.572424212035897f,0f,0f,0f,1f], start_interpolation: 0, interpolation_duration: 1 }
$data merge entity $(bone_neck_0) { transformation: [0.021717457311956234f,-0.023952360010634888f,-0.9994771815793615f,0.40289382763747916f,-0.28995281865790784f,0.9565946170623632f,-0.02922501599050084f,0.5466315722533842f,0.9567944998798004f,0.2904359190204124f,0.01382974846230639f,-0.576553438325369f,0f,0f,0f,1f], start_interpolation: 0, interpolation_duration: 1 }
$data merge entity $(bone_neck_1) { transformation: [0.40099697293055425f,-0.03812747208211696f,-0.9152855967255026f,0.32518147597342384f,-0.005760251829999235f,0.9990088057344494f,-0.04413870822627236f,0.5474947530379913f,0.9160612682563251f,0.02297176392131023f,0.40037988318964807f,-0.542530179188324f,0f,0f,0f,1f], start_interpolation: 0, interpolation_duration: 1 }
$data merge entity $(bone_neck_2) { transformation: [0.4707017642968785f,0.024986721190493305f,-0.8819384972048527f,0.2481616846967053f,0.15721080699180656f,0.9812271532831338f,0.11170512891027984f,0.5668877872166114f,0.8681731458947519f,-0.19123006412179497f,0.457937169623938f,-0.5042837104470373f,0f,0f,0f,1f], start_interpolation: 0, interpolation_duration: 1 }
$data merge entity $(bone_body_0) { transformation: [0.5802146966023595f,-0.24394358575345082f,-0.7770729906619973f,-0.12039376936236279f,0.30237400941543036f,0.9504213391438702f,-0.0725895070241538f,0.5417305760487983f,0.7562544970290549f,-0.19284917700037316f,0.6252106290312165f,-0.2114614149968837f,0f,0f,0f,1f], start_interpolation: 0, interpolation_duration: 1 }
$data merge entity $(bone_leg_left_3) { transformation: [0.8539602311173057f,0.1282614983408516f,0.5042825712965278f,-0.4794427302568754f,-0.0976741740491193f,0.9914293635979373f,-0.08676158550655848f,0.03674679740090525f,-0.5110887196895469f,0.02483555997252996f,0.8591690843873229f,-0.06250048558438318f,0f,0f,0f,1f], start_interpolation: 0, interpolation_duration: 1 }
$data merge entity $(bone_leg_left_2) { transformation: [0.8791777395768978f,0.08414495273339141f,0.5215633505746413f,-0.4423460830094462f,-0.09187837950384486f,1.0215292256248554f,-0.009929958445310394f,0.27441435838455164f,-0.5202567300025039f,-0.03820821409688503f,0.8831394378937693f,-0.04492091547871249f,0f,0f,0f,1f], start_interpolation: 0, interpolation_duration: 1 }
$data merge entity $(bone_leg_left_1) { transformation: [0.926229744078521f,-0.3763719036136833f,0.021039281224647682f,-0.5641568564250606f,0.09524535642542319f,0.28766537129270425f,0.952983187804709f,0.3001245248261589f,-0.3647283691511143f,-0.8806774803123123f,0.3022918993408943f,-0.29294210102785134f,0f,0f,0f,1f], start_interpolation: 0, interpolation_duration: 1 }
$data merge entity $(bone_leg_left_0) { transformation: [0.908634299475268f,0.3317550756387749f,0.25361837394991615f,-0.3488931313757557f,0.06628639036968041f,0.4850497073345544f,-0.8719706966787485f,0.5692621600369263f,-0.41229822249052567f,0.8091139296802237f,0.4187419545837019f,-0.05728612177948536f,0f,0f,0f,1f], start_interpolation: 0, interpolation_duration: 1 }
$data merge entity $(bone_leg_right_3) { transformation: [0.9709531658142477f,-0.1720641306840178f,-0.1662645023065456f,0.18269099522832405f,0.20202513861769159f,0.9618705835045477f,0.1843660054216168f,0.18011868297198386f,0.12820215739913499f,-0.2126003657583268f,0.9686925680099093f,0.005109152751331721f,0f,0f,0f,1f], start_interpolation: 0, interpolation_duration: 1 }
$data merge entity $(bone_leg_right_2) { transformation: [0.9711288522550675f,-0.2949894524172999f,-0.148162663248847f,0.10784390402692132f,0.321494561106349f,0.9496498946121424f,0.21649139554004743f,0.40767248871194306f,0.07491461137512295f,-0.2514130070747788f,0.9915853469958225f,-0.022966646399635415f,0f,0f,0f,1f], start_interpolation: 0, interpolation_duration: 1 }
$data merge entity $(bone_leg_right_1) { transformation: [0.9967402221108165f,-0.04285252851800527f,0.06835634883530421f,0.11242755125015484f,-0.05902832481525831f,0.1902117499996469f,0.9799669111921975f,0.40619772099454354f,-0.05499624074411457f,-0.980807397485197f,0.1870621889702193f,-0.30043772759203335f,0f,0f,0f,1f], start_interpolation: 0, interpolation_duration: 1 }
$data merge entity $(bone_leg_right_0) { transformation: [0.9992458295095024f,0.034650312955305906f,-0.017525068329847612f,0.011271106990444785f,-0.03581372407740149f,0.6480140556241554f,-0.7607858837289516f,0.7267260886873821f,-0.015004978359672003f,0.7608397594274589f,0.6487662992933528f,-0.0527762290635988f,0f,0f,0f,1f], start_interpolation: 0, interpolation_duration: 1 }
$data merge entity $(bone_tail_4) { transformation: [0.1761047339193534f,2.332170025629291f,1.4682068743359913f,0.6792129158740887f,2.7557448187357965f,-0.1611874886599334f,-0.07450113495989316f,0.05998507133711555f,0.022780436826404914f,1.4699193503916368f,-2.3376226142476946f,0.8295061155869491f,0f,0f,0f,1f], start_interpolation: 0, interpolation_duration: 1 }
$data merge entity $(bone_tail_3) { transformation: [0.3505553985376041f,0.5369997493578211f,1.9810824586044418f,0.33803957594195366f,2.0524950712090084f,-0.07418275610090548f,-0.3430837032043976f,0.11888532554832132f,-0.017900314614853537f,2.0104909136654547f,-0.5418038305971811f,0.901701791414333f,0f,0f,0f,1f], start_interpolation: 0, interpolation_duration: 1 }
$data merge entity $(bone_tail_2) { transformation: [0.8205522481338604f,-0.4158583484986028f,1.7241025831049777f,0.01804046997526862f,1.771179504309881f,0.09402713663266397f,-0.8202779627004755f,0.2727052710712696f,0.09160265606327563f,1.9070906130971996f,0.41639911364155924f,0.8248156385064129f,0f,0f,0f,1f], start_interpolation: 0, interpolation_duration: 1 }
$data merge entity $(bone_tail_1) { transformation: [1.007275318852323f,-0.8474252738113842f,0.7449315990993071f,-0.13286392293359753f,1.0924734708812724f,0.4828805467287085f,-0.9278924199558963f,0.46543093303034666f,0.28205389104136797f,1.1560073671463706f,0.9336749004079202f,0.609498754769744f,0f,0f,0f,1f], start_interpolation: 0, interpolation_duration: 1 }
$data merge entity $(bone_tail_0) { transformation: [0.9015936946786672f,-0.8990746465293294f,0.11238018627791342f,-0.1874002981042168f,0.807552100616801f,0.7254639018164623f,-0.6748314223083083f,0.6801390954217055f,0.410882137709939f,0.5469941715534303f,1.079726336523063f,0.3071775678070096f,0f,0f,0f,1f], start_interpolation: 0, interpolation_duration: 1 }
$data merge entity $(bone_body_1) { transformation: [1.1327572202978153f,-0.4901773348602927f,-0.07205453010516921f,-0.13763170713442166f,0.495241845565761f,1.1254021091220658f,0.12965416399204047f,0.5741924999999999f,0.014184122110132404f,-0.147651170767849f,1.2274373863896675f,0.031760923287362144f,0f,0f,0f,1f], start_interpolation: 0, interpolation_duration: 1 }