# This file was generated by Animated Java via MC-Build. It is not recommended to edit this file directly.
$data merge entity $(bone_head_lower) { transformation: [-0.3917573518264646f,0.4590711362991513f,-0.7973580557735158f,0.703296301426505f,-0.6134922033809844f,0.5155153075458326f,0.5982234399258111f,0.8629561503449923f,0.6856773976737605f,0.7235313811459262f,0.07967965120661746f,-0.23831065650788907f,0f,0f,0f,1f], start_interpolation: 0, interpolation_duration: 1 }
$data merge entity $(bone_head_upper) { transformation: [-0.4077800642839371f,-0.10147968177497599f,-0.9523073222142862f,0.635241457485436f,-0.6385837788775154f,0.8001704608639008f,0.18817527334608164f,0.8936978394564847f,0.7137213175397016f,0.6579521641663696f,-0.37572965432833494f,-0.24921676757123173f,0f,0f,0f,1f], start_interpolation: 0, interpolation_duration: 1 }
$data merge entity $(bone_neck_0) { transformation: [-0.06992689380308931f,-0.5076499857283734f,-0.8587209800121535f,0.5879776550556675f,-0.47595152643941796f,0.77350744112937f,-0.41851688496102807f,0.8542340686967442f,0.876687158570855f,0.3794439754528678f,-0.2957057582961211f,-0.274780023068123f,0f,0f,0f,1f], start_interpolation: 0, interpolation_duration: 1 }
$data merge entity $(bone_neck_1) { transformation: [0.12494363030376678f,-0.4316378057530371f,-0.8933520548424447f,0.5103105093484142f,-0.03189500582766065f,0.8981950322417175f,-0.43843858482067216f,0.8212304382951662f,0.9916510464118763f,0.0832735774480931f,0.09845665771915713f,-0.26605582095357166f,0f,0f,0f,1f], start_interpolation: 0, interpolation_duration: 1 }
$data merge entity $(bone_neck_2) { transformation: [0.05870526345608283f,-0.3090649190501499f,-0.9492273530904363f,0.42412513528946827f,0.19608904138270247f,0.9359128289303802f,-0.2926025708929192f,0.8047594301064113f,0.978827247215853f,-0.16895577070954781f,0.11554725289585208f,-0.25758719758810145f,0f,0f,0f,1f], start_interpolation: 0, interpolation_duration: 1 }
$data merge entity $(bone_body_0) { transformation: [0.020664320540799253f,-0.5218897244397451f,-0.8527626289776034f,0.01724965412473836f,0.38056276744285783f,0.792842406056917f,-0.4759967428398141f,0.5879767651644923f,0.9245241835089119f,-0.31469355678514555f,0.21499534744987847f,-0.15925854606285117f,0f,0f,0f,1f], start_interpolation: 0, interpolation_duration: 1 }
$data merge entity $(bone_leg_left_3) { transformation: [0.9900325879495533f,0.04280165567870375f,-0.13417709591831173f,-0.33742536936433437f,-0.05030559371158497f,0.9973243585873202f,-0.05304216256635581f,0.012015980401185983f,0.1315477937452207f,0.05926332794867718f,0.9895367784580887f,-0.18559577328321986f,0f,0f,0f,1f], start_interpolation: 0, interpolation_duration: 1 }
$data merge entity $(bone_leg_left_2) { transformation: [1.015565390116711f,0.026750802174671948f,-0.14132774844593948f,-0.33398193057703673f,-0.03181511425293178f,1.0246206435642797f,-0.03467758335998596f,0.24973251480567277f,0.1402745037519653f,0.03871861135975109f,1.0153256286690526f,-0.14497479266908114f,0f,0f,0f,1f], start_interpolation: 0, interpolation_duration: 1 }
$data merge entity $(bone_leg_left_1) { transformation: [0.9468478390526373f,0.2366331111928355f,-0.21790810074100136f,-0.2769961470373759f,0.16457967630060125f,0.22567952457197582f,0.9601990847411571f,0.25683952332280835f,0.27639229336242466f,-0.9450256731307175f,0.1747391693172809f,-0.4164807715426115f,0f,0f,0f,1f], start_interpolation: 0, interpolation_duration: 1 }
$data merge entity $(bone_leg_left_0) { transformation: [0.9633146474204115f,-0.2551859972328659f,-0.08309631087813682f,-0.2584158913380228f,0.1235207687960508f,0.6964660624686849f,-0.706878803972363f,0.6022015418231607f,0.23825933295743273f,0.6706825856138159f,0.702436729971494f,-0.18262797844412829f,0f,0f,0f,1f], start_interpolation: 0, interpolation_duration: 1 }
$data merge entity $(bone_leg_right_3) { transformation: [0.6575531122246938f,-0.040756288319071486f,-0.7523050109935938f,0.16436462015379277f,0.25989643398679874f,0.9495132296891415f,0.17572270839660983f,0.2439089569477397f,0.7071617553322328f,-0.31106840342237796f,0.6349477932772797f,0.18998373752796927f,0f,0f,0f,1f], start_interpolation: 0, interpolation_duration: 1 }
$data merge entity $(bone_leg_right_2) { transformation: [0.6757463624451813f,-0.18162465809270673f,-0.7499610234642243f,0.09780268302649384f,0.3903970562704782f,0.94035574040916f,0.12402991347081886f,0.4663319410595114f,0.6655968686811446f,-0.36715904530998744f,0.6886488534439065f,0.12464923874905748f,0f,0f,0f,1f], start_interpolation: 0, interpolation_duration: 1 }
$data merge entity $(bone_leg_right_1) { transformation: [0.815599769133273f,0.5548092360933686f,-0.164267246081633f,0.27348231256657607f,0.022800137280626624f,0.2528600773108218f,0.9672341676359189f,0.4841817280481947f,0.5781670782133278f,-0.7926212795830405f,0.19358289393023909f,-0.08943354553983301f,0f,0f,0f,1f], start_interpolation: 0, interpolation_duration: 1 }
$data merge entity $(bone_leg_right_0) { transformation: [0.7903625619591704f,-0.5022087446659729f,-0.35087518782946736f,0.01296237001735237f,0.04632435460562924f,0.6200777797759475f,-0.7831715017788273f,0.7860130786982659f,0.6108854842142744f,0.6027353679759957f,0.5133507586116266f,0.03439889715333195f,0f,0f,0f,1f], start_interpolation: 0, interpolation_duration: 1 }
$data merge entity $(bone_tail_4) { transformation: [1.2738838516709383f,-1.5510935432199005f,1.8965732477902206f,-0.8138744683717092f,2.4346347151122325f,1.0410129698893835f,-0.7839050529831155f,0.3782493990058465f,-0.2746544520345351f,2.033731090459999f,1.847745684685528f,1.3731667645191412f,0f,0f,0f,1f], start_interpolation: 0, interpolation_duration: 1 }
$data merge entity $(bone_tail_3) { transformation: [1.0175455071270627f,-1.7577076763267419f,0.45935867418828324f,-0.8745641747893202f,1.8164833690982793f,0.9754811921924594f,-0.2911531203895742f,0.4180723596337091f,0.030575100316047852f,0.5429969560736656f,2.010016167840408f,1.0270286493446612f,0f,0f,0f,1f], start_interpolation: 0, interpolation_duration: 1 }
$data merge entity $(bone_tail_2) { transformation: [0.8817370696025273f,-1.704097701791258f,-0.37062735711395717f,-0.8054188575067351f,1.6576220192847246f,0.9479891742036931f,-0.41518627359030913f,0.4967058781452387f,0.5418513230342388f,-0.12704890139284494f,1.873240399784206f,0.679167788031509f,0f,0f,0f,1f], start_interpolation: 0, interpolation_duration: 1 }
$data merge entity $(bone_tail_1) { transformation: [0.6113321567397327f,-1.1186059527119472f,-0.8140331483995867f,-0.6171582535365425f,1.1001885221545384f,0.9326636513705986f,-0.45538991988347216f,0.582248769265359f,0.8387576884031281f,-0.408063090672827f,1.1906411315653347f,0.4271419247348671f,0f,0f,0f,1f], start_interpolation: 0, interpolation_duration: 1 }
$data merge entity $(bone_tail_0) { transformation: [0.37904550723935765f,-0.7916026269901061f,-0.9292607281963702f,-0.3647094522343819f,0.7921801451472196f,0.8998251245750426f,-0.4433972027449732f,0.7335341205710144f,0.9287684521236795f,-0.44442743244527516f,0.757435895778588f,0.19507672591736275f,0f,0f,0f,1f], start_interpolation: 0, interpolation_duration: 1 }
$data merge entity $(bone_body_1) { transformation: [0.8535152917364635f,-0.33848261689667614f,-0.8279769078223422f,-0.14941721298674687f,0.5781080501324236f,1.0820370479514028f,0.15359526128416603f,0.6249425f,0.6825740430168413f,-0.49318347496204895f,0.9052443487148931f,0.01783950220707342f,0f,0f,0f,1f], start_interpolation: 0, interpolation_duration: 1 }