# This file was generated by Animated Java via MC-Build. It is not recommended to edit this file directly.
$data merge entity $(bone_head_lower) { transformation: [-0.5105532139147804f,0.12932617077660352f,-0.8500647959500203f,0.6664450398267953f,-0.6467233052537998f,0.5937515635629746f,0.4787567724932185f,1.064497303059673f,0.5666430818450788f,0.7941875233965736f,-0.21950352042354004f,0.18357157950723946f,0f,0f,0f,1f], start_interpolation: 0, interpolation_duration: 1 }
$data merge entity $(bone_head_upper) { transformation: [-0.5314346276333891f,-0.530483198998857f,-0.7208583458042277f,0.6046741320689769f,-0.6731740189706364f,0.7893952581313873f,-0.08463928878546166f,1.0761791828654323f,0.5898185477912585f,0.4229830311054179f,-0.746104133926217f,0.1418181948447267f,0f,0f,0f,1f], start_interpolation: 0, interpolation_duration: 1 }
$data merge entity $(bone_neck_0) { transformation: [-0.34058116418162665f,-0.758141788630637f,-0.5560804788307413f,0.5811330386908884f,-0.4290342356795972f,0.6515904002206991f,-0.6255873839481204f,1.0252896274028236f,0.8366206399674295f,0.025514283689102413f,-0.5471881998986455f,0.10575150215355991f,0f,0f,0f,1f], start_interpolation: 0, interpolation_duration: 1 }
$data merge entity $(bone_neck_1) { transformation: [-0.3100007218449975f,-0.5708047586189204f,-0.7603166971687367f,0.5140946091116836f,0.06259188046419742f,0.7857253984973854f,-0.6154005643936967f,0.9767768611614724f,0.9486737104798129f,-0.2383642710099838f,-0.20784769748626714f,0.08704595977443447f,0f,0f,0f,1f], start_interpolation: 0, interpolation_duration: 1 }
$data merge entity $(bone_neck_2) { transformation: [-0.4494018519477086f,-0.3435076291018529f,-0.8246456719190332f,0.43848630902786145f,0.28147006149630577f,0.8216481804424353f,-0.4956499491141919f,0.9413986574610951f,0.8478281547266731f,-0.45485907303741807f,-0.2725631004525466f,0.05871403333958097f,0f,0f,0f,1f], start_interpolation: 0, interpolation_duration: 1 }
$data merge entity $(bone_body_0) { transformation: [-0.5499669711580698f,-0.40440243100225565f,-0.7307496181556885f,0.09023431564381831f,0.4252005897593005f,0.6175005308823069f,-0.6617382812172892f,0.6354063514742588f,0.7188468467647068f,-0.6746493668266019f,-0.16765274449558848f,-0.026726954974129895f,0f,0f,0f,1f], start_interpolation: 0, interpolation_duration: 1 }
$data merge entity $(bone_leg_left_3) { transformation: [0.6522196080850785f,0.011663591201789652f,-0.7579403297553337f,-0.23121102616738146f,-0.018628427210794794f,0.9998262682654999f,-0.0006441940211358195f,0.043210494497568336f,0.7578011378514806f,0.014539392234969004f,0.6523235712010099f,-0.2099954471991796f,0f,0f,0f,1f], start_interpolation: 0, interpolation_duration: 1 }
$data merge entity $(bone_leg_left_2) { transformation: [0.6667548108519715f,0.018205715272682752f,-0.7792103526249224f,-0.2500140015182455f,-0.018093036104138895f,1.025506196141401f,0.008478397302749357f,0.2824884511599234f,0.7792129771448756f,0.008233657006393861f,0.6669494303483698f,-0.18625561486071154f,0f,0f,0f,1f], start_interpolation: 0, interpolation_duration: 1 }
$data merge entity $(bone_leg_left_1) { transformation: [0.5439152155744119f,0.8170851881355392f,-0.19112308493782626f,-0.028733449565589098f,0.1958071760468701f,0.09789036452152006f,0.9757443447657763f,0.2534327608309867f,0.8159753599681739f,-0.5681454671678323f,-0.1067470845571652f,-0.35119217795938384f,0f,0f,0f,1f], start_interpolation: 0, interpolation_duration: 1 }
$data merge entity $(bone_leg_left_0) { transformation: [0.5731332845667884f,-0.49353452263193576f,-0.6541726936307813f,-0.10261596631068562f,0.146166355510292f,0.8470625979271107f,-0.5109993656647854f,0.6446111927636833f,0.8063210493584572f,0.19725270635264158f,0.5576179114752636f,-0.225382453873603f,0f,0f,0f,1f], start_interpolation: 0, interpolation_duration: 1 }
$data merge entity $(bone_leg_right_3) { transformation: [0.00887445440092709f,0.16867097892052055f,-0.9856324593524096f,0.0003072229711448063f,0.28816157844482493f,0.9434261347736786f,0.16404277775685247f,0.3020444258711168f,0.957540677343408f,-0.2854771954044498f,-0.04023210330987914f,0.34836674092113595f,0f,0f,0f,1f], start_interpolation: 0, interpolation_duration: 1 }
$data merge entity $(bone_leg_right_2) { transformation: [0.03966067289937928f,0.041094617255659376f,-1.0241095951891446f,-0.0218247837339291f,0.42006554303355753f,0.9341935571832878f,0.053754411668740405f,0.5208131591949284f,0.934897946345902f,-0.42149238385828613f,0.019292479580611116f,0.24926332188265274f,0f,0f,0f,1f], start_interpolation: 0, interpolation_duration: 1 }
$data merge entity $(bone_leg_right_1) { transformation: [0.22299129785668118f,0.9254566086840464f,-0.3062759320012207f,0.25027759429148166f,0.0632931797521868f,0.2997788554813826f,0.9519068290558325f,0.5530286608104761f,0.9727635141580148f,-0.23165211686771986f,0.008272984567495284f,0.2052651061422308f,0f,0f,0f,1f], start_interpolation: 0, interpolation_duration: 1 }
$data merge entity $(bone_leg_right_0) { transformation: [0.17708643327464468f,-0.8001106052020903f,-0.5731172782190479f,-0.03780734018353879f,0.09881990694358665f,0.5938328730376867f,-0.798496803306981f,0.8396990302853471f,0.9792216404582395f,0.08476755477747076f,0.18422660099812635f,0.1096907980980853f,0f,0f,0f,1f], start_interpolation: 0, interpolation_duration: 1 }
$data merge entity $(bone_tail_4) { transformation: [1.6207283759201103f,-0.37439682353248444f,-2.204252227313414f,-1.7417016780596843f,1.5040455747195722f,2.196956757190107f,0.7327272669985748f,1.099216963412549f,1.654311872729514f,-1.6306039853887013f,1.4933332522182226f,-0.11684755467258195f,0f,0f,0f,1f], start_interpolation: 0, interpolation_duration: 1 }
$data merge entity $(bone_tail_3) { transformation: [1.0037437411894699f,0.2817939379402761f,-1.802508309164627f,-1.4388204538562357f,1.2513088359063773f,1.3908082364548877f,0.9142342001020947f,0.9305864773353749f,1.327655913725404f,-1.5238734041887476f,0.5010839738014032f,-0.18690058191025308f,0f,0f,0f,1f], start_interpolation: 0, interpolation_duration: 1 }
$data merge entity $(bone_tail_2) { transformation: [0.4766331196377629f,0.4648505371298133f,-1.837255758569632f,-1.0968155646475062f,1.4127936602305686f,1.175566880274479f,0.6639506447145138f,0.8084839153813346f,1.2631741043417029f,-1.490211516240104f,-0.049342618380905943f,-0.1771484492857953f,0f,0f,0f,1f], start_interpolation: 0, interpolation_duration: 1 }
$data merge entity $(bone_tail_1) { transformation: [-0.0002459576518218834f,0.40172302039597674f,-1.4581751624509203f,-0.7879429525246999f,1.0344576095145563f,1.063840738367864f,0.29291054522899623f,0.7314601883080237f,1.103428132513515f,-0.9972551069174084f,-0.27492700504840406f,-0.10685099593932787f,0f,0f,0f,1f], start_interpolation: 0, interpolation_duration: 1 }
$data merge entity $(bone_tail_0) { transformation: [-0.3646653246276037f,0.1446582284103597f,-1.2165232897694347f,-0.4289557118846289f,0.756177807345373f,1.02520999355328f,-0.10476311078263928f,0.7868145475957063f,0.9638724196057359f,-0.7495693314535272f,-0.3780628157485523f,-0.014460697388781578f,0f,0f,0f,1f], start_interpolation: 0, interpolation_duration: 1 }
$data merge entity $(bone_body_1) { transformation: [0.203830451118982f,0.07830801640914346f,-1.2169328645487998f,-0.15131046800870748f,0.6135732896397698f,1.05967230630889f,0.17095910779738901f,0.6756925f,1.0538432333575585f,-0.6321131646029161f,0.13583807160889444f,-0.00346383882603963f,0f,0f,0f,1f], start_interpolation: 0, interpolation_duration: 1 }