# This file was generated by Animated Java via MC-Build. It is not recommended to edit this file directly.
$data merge entity $(bone_head_lower) { transformation: [-0.6753053218755725f,-0.051652080240348064f,-0.7357273848738908f,0.6114145707875942f,-0.5949137672087097f,0.627766014338563f,0.5019835065288659f,0.9899750547864379f,0.43593615568345623f,0.7766864836266434f,-0.45466226401540055f,0.392939642792817f,0f,0f,0f,1f], start_interpolation: 0, interpolation_duration: 1 }
$data merge entity $(bone_head_upper) { transformation: [-0.702925028163066f,-0.5361240004051802f,-0.5494901305346681f,0.5612774380873566f,-0.6192454924068096f,0.836324942079466f,-0.023823391302092788f,1.0069199569487424f,0.45376576281084474f,0.3108111806689578f,-0.883722232975593f,0.3391382050136501f,0f,0f,0f,1f], start_interpolation: 0, interpolation_duration: 1 }
$data merge entity $(bone_neck_0) { transformation: [-0.5654034834155978f,-0.6747396566193001f,-0.47438939356479815f,0.5417375161837099f,-0.40404841119132895f,0.727988608579496f,-0.5538749562782668f,0.9594193018072266f,0.7190714723553361f,-0.12148654890051913f,-0.6842347814025325f,0.29663390561437697f,0f,0f,0f,1f], start_interpolation: 0, interpolation_duration: 1 }
$data merge entity $(bone_neck_1) { transformation: [-0.5072740749128342f,-0.46068334515790743f,-0.7283157752070518f,0.4779173002933988f,0.05041158355074439f,0.8278149764679608f,-0.5587316323417314f,0.9159010393149233f,0.8603090637469973f,-0.3201456234738649f,-0.39670529944191024f,0.2615528891254508f,0f,0f,0f,1f], start_interpolation: 0, interpolation_duration: 1 }
$data merge entity $(bone_neck_2) { transformation: [-0.6258993105871186f,-0.20852110055014833f,-0.7515111467116937f,0.41003773560778023f,0.271525528727242f,0.8450483912582984f,-0.46061600458641627f,0.8838211745987821f,0.7311114417487677f,-0.4923537011713395f,-0.4722964034236573f,0.21535573150698206f,0f,0f,0f,1f], start_interpolation: 0, interpolation_duration: 1 }
$data merge entity $(bone_body_0) { transformation: [-0.7098588471895613f,-0.19910711216470742f,-0.6756158486537581f,0.08972577556943748f,0.41598908317857103f,0.6555328337556626f,-0.6302616810060109f,0.5930259774795178f,0.568377955011416f,-0.7284456477690711f,-0.38250939662097155f,0.028141131937695442f,0f,0f,0f,1f], start_interpolation: 0, interpolation_duration: 1 }
$data merge entity $(bone_leg_left_3) { transformation: [0.4254531204384333f,0.013335873852842454f,-0.9048822004978221f,-0.20551852661720682f,-0.01651420820038045f,0.9998393318619545f,0.006970752423828587f,0.02227792015948063f,0.9048297758345019f,0.011977684685317892f,0.42560499507508676f,-0.23715365258148063f,0f,0f,0f,1f], start_interpolation: 0, interpolation_duration: 1 }
$data merge entity $(bone_leg_left_2) { transformation: [0.4322742612779441f,0.060301837538630436f,-0.9282051771708485f,-0.2194773324676358f,-0.04980073861078331f,1.0235754807573478f,0.04330497808426279f,0.26213293656696096f,0.9288277821916843f,0.02681647035914057f,0.4343063750937225f,-0.2160397967182577f,0f,0f,0f,1f], start_interpolation: 0, interpolation_duration: 1 }
$data merge entity $(bone_leg_left_1) { transformation: [0.3218368715674667f,0.9436847861463737f,-0.07668150034746668f,0.03454965055625937f,0.1741740910271522f,0.020597184211745723f,0.9844994372864884f,0.2120456036928875f,0.9306365639252154f,-0.3302041495778332f,-0.15773650651339013f,-0.31591440130373305f,0f,0f,0f,1f], start_interpolation: 0, interpolation_duration: 1 }
$data merge entity $(bone_leg_left_0) { transformation: [0.34954024390572636f,-0.4763916177204849f,-0.8067667844278078f,-0.04617831242076187f,0.12278917898294882f,0.8769482975024897f,-0.4646337278245932f,0.6084654840472338f,0.9288403713313816f,0.06334595546003101f,0.365024457415989f,-0.2127564979813043f,0f,0f,0f,1f], start_interpolation: 0, interpolation_duration: 1 }
$data merge entity $(bone_leg_right_3) { transformation: [-0.2795938470294888f,0.21704909449816473f,-0.9352630492437828f,-0.08688282918047242f,0.2710351095037446f,0.9523359884008322f,0.1399861943653867f,0.2554105190526861f,0.9210685371456048f,-0.21434984435295856f,-0.32509520775661793f,0.3777603656887613f,0f,0f,0f,1f], start_interpolation: 0, interpolation_duration: 1 }
$data merge entity $(bone_leg_right_2) { transformation: [-0.25002069822132605f,0.12100198435591242f,-0.987375495818864f,-0.08880389103846575f,0.4014267076116529f,0.9437809503816558f,0.014011267375297913f,0.4752147345218312f,0.9101694613519418f,-0.3830120585299179f,-0.2774085689802782f,0.27849562648421283f,0f,0f,0f,1f], start_interpolation: 0, interpolation_duration: 1 }
$data merge entity $(bone_leg_right_1) { transformation: [-0.07265281547838977f,0.9410808207483052f,-0.33028541781731724f,0.1829285329456523f,0.05002004910762479f,0.3341819623741268f,0.9411803284764557f,0.5170810358569069f,0.9961021850645316f,0.051858507917935684f,-0.07135216931664773f,0.3162062115764894f,0f,0f,0f,1f], start_interpolation: 0, interpolation_duration: 1 }
$data merge entity $(bone_leg_right_0) { transformation: [-0.12960861734258466f,-0.799384066116142f,-0.5866742888095294f,-0.06810635458339813f,0.11586381905152839f,0.5754023215907195f,-0.8096219758274877f,0.7954388388834781f,0.9847726548525495f,-0.17290830849798366f,0.018042591472069283f,0.1323429545022422f,0f,0f,0f,1f], start_interpolation: 0, interpolation_duration: 1 }
$data merge entity $(bone_tail_4) { transformation: [0.9132384879063515f,1.541630868344461f,-2.101197530355969f,-1.4306180502712995f,1.0460692950056993f,1.822393926291163f,1.7917256316365398f,1.3612601297377547f,2.3869218306959277f,-1.3884941392690797f,0.01869574718002344f,-0.716451646820357f,0f,0f,0f,1f], start_interpolation: 0, interpolation_duration: 1 }
$data merge entity $(bone_tail_3) { transformation: [0.5066001619662764f,1.4709296076628031f,-1.384076548186963f,-1.2103240160247433f,0.9791908466020429f,1.069166256898477f,1.4946619440813091f,1.097358066762029f,1.7664900474870957f,-1.0144925482501574f,-0.4315823301739611f,-0.6333436263452012f,0f,0f,0f,1f], start_interpolation: 0, interpolation_duration: 1 }
$data merge entity $(bone_tail_2) { transformation: [0.13574652462955003f,1.399995403031972f,-1.3565985506195715f,-0.9577017984193416f,1.274702188759914f,0.9651429451398884f,1.1235690011833561f,0.8896612741776672f,1.474951214794734f,-0.9629568224686024f,-0.8461719370432284f,-0.47518060446132904f,0f,0f,0f,1f], start_interpolation: 0, interpolation_duration: 1 }
$data merge entity $(bone_tail_1) { transformation: [-0.2539614498590268f,0.9556525693651193f,-1.1445033851637783f,-0.7228566769677511f,0.9611748216947179f,0.9924884171324121f,0.615439642855518f,0.7441751044925927f,1.1398696390928347f,-0.6239800946535451f,-0.7739523870048629f,-0.302096173158044f,0f,0f,0f,1f], start_interpolation: 0, interpolation_duration: 1 }
$data merge entity $(bone_tail_0) { transformation: [-0.6102984673831586f,0.483462768134033f,-1.0137234579124494f,-0.4149563036320709f,0.718489481932626f,1.0548164677724008f,0.07050390239107898f,0.749026825908741f,0.8632174474870064f,-0.5361545371703595f,-0.7753900097432797f,-0.08844755462792069f,0f,0f,0f,1f], start_interpolation: 0, interpolation_duration: 1 }
$data merge entity $(bone_body_1) { transformation: [-0.06896616998788677f,0.2403126883545353f,-1.2108253690228281f,-0.14964313123431724f,0.5880523248360824f,1.0726673998006246f,0.17939818203118973f,0.6350675000000001f,1.0853767667074559f,-0.5658966833946223f,-0.17413446835961618f,-0.00984657246041574f,0f,0f,0f,1f], start_interpolation: 0, interpolation_duration: 1 }