# This file was generated by Animated Java via MC-Build. It is not recommended to edit this file directly.
$data merge entity $(bone_head_lower) { transformation: [-0.9871176773160976f,-0.10149650820228127f,0.12368164759905655f,0.061009500131405756f,0.07060342164024264f,0.41736257071600685f,0.9059931795648444f,0.7648970188462596f,-0.14357523457324758f,0.9030542305908712f,-0.40481997064024194f,0.7933075236102329f,0f,0f,0f,1f], start_interpolation: 0, interpolation_duration: 1 }
$data merge entity $(bone_head_upper) { transformation: [-1.0274903790192937f,-0.0644566041977663f,0.15356044341427202f,0.06982923413294397f,0.07349107216723622f,0.6857868395432296f,0.7795943917220839f,0.8340621782881001f,-0.14944740184427902f,0.7803932979389996f,-0.6724014553801867f,0.7644310712082542f,0f,0f,0f,1f], start_interpolation: 0, interpolation_duration: 1 }
$data merge entity $(bone_neck_0) { transformation: [-0.9955768502453157f,0.027904249292060444f,-0.08971113714061951f,0.06389710128030732f,0.014122462781363643f,0.9884733244519858f,0.15073500884608088f,0.827759647824104f,0.09288321323363809f,0.1488013431333389f,-0.9844952356314928f,0.6983264256539063f,0f,0f,0f,1f], start_interpolation: 0, interpolation_duration: 1 }
$data merge entity $(bone_neck_1) { transformation: [-0.9867184917662037f,0.09189540426136363f,-0.13394720109904837f,0.052973365930710066f,0.07867733404966289f,0.9917861212703641f,0.10084724469376566f,0.84087176775718f,0.1421143733528248f,0.08896923249712267f,-0.9858437911532468f,0.6152223874764277f,0f,0f,0f,1f], start_interpolation: 0, interpolation_duration: 1 }
$data merge entity $(bone_neck_2) { transformation: [-0.9847116069419627f,0.08040128332053939f,-0.15452729465757137f,0.040222794778507036f,0.09009087906715195f,0.9943154245163341f,-0.05674918570173382f,0.8456350829239706f,0.14908616522898868f,-0.06980308166057145f,-0.9863573617751337f,0.5281266691083295f,0f,0f,0f,1f], start_interpolation: 0, interpolation_duration: 1 }
$data merge entity $(bone_body_0) { transformation: [-0.9824101508675219f,0.039993411690242f,-0.18240291251465132f,-0.04536202664061203f,0.09752511364002404f,0.9428829995385808f,-0.31852865081594933f,0.7044958634512086f,0.15924555780916813f,-0.3307146446749877f,-0.9301981918470619f,0.08657727915019356f,0f,0f,0f,1f], start_interpolation: 0, interpolation_duration: 1 }
$data merge entity $(bone_leg_left_3) { transformation: [-0.9255786021571188f,0.1317814638671337f,-0.3548772985271236f,0.12433993065196423f,0.05670710240726712f,0.9751400394416795f,0.21421066269971598f,0.057519126143978944f,0.37428405758921335f,0.1781447424391613f,-0.9100416995807605f,-0.0821242845591363f,0f,0f,0f,1f], start_interpolation: 0, interpolation_duration: 1 }
$data merge entity $(bone_leg_left_2) { transformation: [-0.9409188395503697f,0.12230828071696435f,-0.38958262454573134f,0.13935024415698072f,0.13390378105726905f,1.016914342732308f,-0.004146862015947992f,0.29463996174989326f,0.38575084484476113f,-0.054663548312130425f,-0.9488257910112765f,-0.12359079967735777f,0f,0f,0f,1f], start_interpolation: 0, interpolation_duration: 1 }
$data merge entity $(bone_leg_left_1) { transformation: [-0.9595279363282428f,0.2750324927698985f,0.06052493144514255f,0.22996756083874284f,0.23305046974746027f,0.6548512637659488f,0.7189278829581085f,0.4297720013190076f,0.15809369992555536f,0.7039367516083497f,-0.6924445333591226f,0.10122294425093097f,0f,0f,0f,1f], start_interpolation: 0, interpolation_duration: 1 }
$data merge entity $(bone_leg_left_0) { transformation: [-0.960327580823907f,-0.018504213302861797f,-0.2782598274975108f,0.13369160472628838f,0.19337197351002552f,0.6747792216895476f,-0.7122361138252442f,0.7751771722974768f,0.2009433187984618f,-0.7377876361569705f,-0.6444309013107372f,-0.11263094675977815f,0f,0f,0f,1f], start_interpolation: 0, interpolation_duration: 1 }
$data merge entity $(bone_leg_right_3) { transformation: [-0.9861755867035054f,0.07927275564707748f,-0.1455113136567589f,-0.38821639238357125f,0.08528087649526529f,0.9957237064959242f,-0.03551721309756507f,0.18892867217701997f,0.14207351721625053f,-0.04743554083319067f,-0.9887188605319847f,-0.30956387429486376f,0f,0f,0f,1f], start_interpolation: 0, interpolation_duration: 1 }
$data merge entity $(bone_leg_right_2) { transformation: [-1.0045205957089118f,0.13551762581326296f,-0.15695714507866032f,-0.3599197179446763f,0.15301669992990663f,1.008385791044575f,-0.10865627208155954f,0.4203865836810916f,0.13995164107600913f,-0.12982784375486428f,-1.0077799703540393f,-0.37118858917362113f,0f,0f,0f,1f], start_interpolation: 0, interpolation_duration: 1 }
$data merge entity $(bone_leg_right_1) { transformation: [-0.9440458262409825f,0.2076763217207554f,-0.2562187021931027f,-0.3087129347322425f,-0.2345776270188735f,0.12329730327425958f,0.964246395848846f,0.3980708349750445f,0.23184221975122402f,0.9703959606273267f,-0.06768208580557053f,-0.09935544481390735f,0f,0f,0f,1f], start_interpolation: 0, interpolation_duration: 1 }
$data merge entity $(bone_leg_right_0) { transformation: [-0.956620973821352f,-0.19075501802342995f,-0.2202018064048725f,-0.2544520494244938f,-0.17754923376734244f,0.9809784526596206f,-0.07847002616391813f,0.8102674559808982f,0.23098177857510238f,-0.035969410843344554f,-0.9722929699683449f,-0.06118503059780289f,0f,0f,0f,1f], start_interpolation: 0, interpolation_duration: 1 }
$data merge entity $(bone_tail_4) { transformation: [-2.6955888082901995f,0.5582426061984862f,0.21869499501667417f,-0.2613378733249556f,0.2628837818835952f,0.19520087925856547f,2.741979224129764f,1.7750057468944536f,0.5388454559919751f,2.6973919146022154f,-0.24368784375794314f,-1.2045958988528727f,0f,0f,0f,1f], start_interpolation: 0, interpolation_duration: 1 }
$data merge entity $(bone_tail_3) { transformation: [-2.032841273552056f,0.43978459028210043f,0.10045594426465387f,-0.282675126685386f,0.19391324369762075f,0.4332181666079691f,2.027477546135577f,1.4269810988693998f,0.40730766811633357f,1.988682242168336f,-0.4638846076584132f,-1.1453990288272045f,0f,0f,0f,1f], start_interpolation: 0, interpolation_duration: 1 }
$data merge entity $(bone_tail_2) { transformation: [-1.9077590942046743f,0.4228080009880345f,0.02150599410953358f,-0.28798311855339476f,0.1819816229451374f,0.7293729519057861f,1.8037936858025836f,1.0919679142086471f,0.38224573561047204f,1.762958413103247f,-0.7514251168804963f,-1.0050085900682557f,0f,0f,0f,1f], start_interpolation: 0, interpolation_duration: 1 }
$data merge entity $(bone_tail_1) { transformation: [-1.4472422086430827f,0.29644709044017803f,-0.3244462391390064f,-0.2204070126392241f,-0.013938931749214716f,1.0850693092976513f,1.053606449392755f,0.8519930269095307f,0.4392629573542289f,1.011137956260109f,-1.0355212879060223f,-0.7949557386853685f,0f,0f,0f,1f], start_interpolation: 0, interpolation_duration: 1 }
$data merge entity $(bone_tail_0) { transformation: [-1.2040046214401703f,0.23815712766872515f,-0.3570570972202102f,-0.11031947432209857f,0.12457528161516725f,1.2115137671697829f,0.3880091593669025f,0.7678437176947923f,0.41071837960485996f,0.3306830674266391f,-1.164386034851026f,-0.4467151049753733f,0f,0f,0f,1f], start_interpolation: 0, interpolation_duration: 1 }
$data merge entity $(bone_body_1) { transformation: [-1.2207556439988227f,0.10107368879381497f,-0.16776281511372113f,-0.07812499999999999f,0.11036290661450729f,1.2298647893068628f,-0.06210655297980855f,0.6994425f,0.16180321858624155f,-0.07629747383136135f,-1.2233572695653283f,-0.15716249999999998f,0f,0f,0f,1f], start_interpolation: 0, interpolation_duration: 1 }