# This file was generated by Animated Java via MC-Build. It is not recommended to edit this file directly.
$data merge entity $(bone_head_lower) { transformation: [-0.9820848912541065f,-0.17818053389541283f,0.061326696561576736f,0.40086431533684314f,-0.15216101022711434f,0.9418223101677432f,0.2996961178209672f,0.26381416566996585f,-0.11115886531030301f,0.2849954971767812f,-0.9520615911021121f,0.7200111747848282f,0f,0f,0f,1f], start_interpolation: 0, interpolation_duration: 1 }
$data merge entity $(bone_head_upper) { transformation: [-1.0222517541043614f,-0.18996765879171804f,-0.048842424461289696f,0.3929142375270254f,-0.1583843321449824f,0.6465510696157009f,0.8002237563914781f,0.33344844956408226f,-0.11570521658530054f,0.7933195734226488f,-0.6638737077659894f,0.6920233334752827f,0f,0f,0f,1f], start_interpolation: 0, interpolation_duration: 1 }
$data merge entity $(bone_neck_0) { transformation: [-0.9887500289471474f,-0.08764313828666799f,-0.1212108104431252f,0.3868186215718838f,-0.1334076309130921f,0.8831913433399315f,0.4496392499143767f,0.3482302223917024f,0.06764454354322608f,0.4607512684308869f,-0.8849477297378402f,0.6273002393550465f,0f,0f,0f,1f], start_interpolation: 0, interpolation_duration: 1 }
$data merge entity $(bone_neck_1) { transformation: [-0.865170586951985f,-0.08948681981112272f,-0.49342878366918297f,0.344606472749301f,-0.2277551187589314f,0.9467339395921645f,0.22764545570558842f,0.37187626525453055f,0.4467745083957485f,0.3093330837534059f,-0.8394674394777595f,0.5576113880713537f,0f,0f,0f,1f], start_interpolation: 0, interpolation_duration: 1 }
$data merge entity $(bone_neck_2) { transformation: [-0.8794611817696156f,0.0712839493856249f,-0.4706024100239805f,0.3040760865300787f,-0.010318269685752892f,0.9856338801422702f,0.16858050784828288f,0.39629515380361696f,0.47585876378509945f,0.1531158152369656f,-0.8660912100080664f,0.48323440191912637f,0f,0f,0f,1f], start_interpolation: 0, interpolation_duration: 1 }
$data merge entity $(bone_body_0) { transformation: [-0.8539064150271162f,0.20422583920926374f,-0.4786811475030226f,0.08042096316697456f,0.20705446798899435f,0.9771734309881951f,0.04754506342990458f,0.4280117623010944f,0.47746442973412484f,-0.05851403566693297f,-0.8767005338019569f,0.06949130863299374f,0f,0f,0f,1f], start_interpolation: 0, interpolation_duration: 1 }
$data merge entity $(bone_leg_left_3) { transformation: [0.1573299965452654f,-0.043019116520331746f,-0.9866086497699466f,-0.19074436258363903f,-0.10485828470204725f,0.992675249311067f,-0.06000491258685192f,0.04226800083543025f,0.9819633457092027f,0.1128946633770678f,0.151666682776961f,-0.3870322352513841f,0f,0f,0f,1f], start_interpolation: 0, interpolation_duration: 1 }
$data merge entity $(bone_leg_left_2) { transformation: [0.1096262728679042f,0.23621928592520774f,-0.9920910889403106f,-0.1661719765458402f,-0.3332559736033889f,0.9513259485031342f,0.1896881526689628f,0.26936590564391366f,0.963838542420588f,0.3020622256461263f,0.17842610650619337f,-0.30961252495728636f,0f,0f,0f,1f], start_interpolation: 0, interpolation_duration: 1 }
$data merge entity $(bone_leg_left_1) { transformation: [0.0901586814643335f,0.9421416173215724f,0.32286310576977545f,0.07085944407096932f,-0.08504858356727948f,-0.31571572609671383f,0.9450345595418321f,0.13516851551848363f,0.9922893482194659f,-0.1126621196583708f,0.05166329649055127f,-0.36272139223635674f,0f,0f,0f,1f], start_interpolation: 0, interpolation_duration: 1 }
$data merge entity $(bone_leg_left_0) { transformation: [0.1126621585667747f,-0.3957911262190219f,-0.9114036550471769f,0.0027528014006643065f,-0.13829669619365384f,0.9020695943493215f,-0.4088330597840287f,0.506551387009535f,0.983962022564385f,0.17210412940057299f,0.0468925025379931f,-0.18455426128428176f,0f,0f,0f,1f], start_interpolation: 0, interpolation_duration: 1 }
$data merge entity $(bone_leg_right_3) { transformation: [-0.7178714672944022f,0.1435951264930596f,-0.6812055461400944f,-0.21190697263051989f,0.05579832241873776f,0.9872164377471218f,0.14929920380610656f,0.0089528577241213f,0.6939359506898577f,0.06916751180521857f,-0.7167068798684986f,0.334828491329009f,0f,0f,0f,1f], start_interpolation: 0, interpolation_duration: 1 }
$data merge entity $(bone_leg_right_2) { transformation: [-0.7177664830656433f,0.08961985689327763f,-0.7272150689711405f,-0.2123773896990129f,0.15476731238047f,1.0135747892704272f,-0.0278464553332927f,0.2441149866138169f,0.7161847207995979f,-0.1292154298314698f,-0.7228035818169172f,0.28125962061230014f,0f,0f,0f,1f], start_interpolation: 0, interpolation_duration: 1 }
$data merge entity $(bone_leg_right_1) { transformation: [-0.5437276166650906f,0.7286052763785857f,-0.4165268660110474f,-0.003175757340005275f,-0.19451162798431582f,0.37338630359117275f,0.9070545159302232f,0.29357178626597186f,0.8164101331160653f,0.5742099089390618f,-0.06129824648065524f,0.45676485599363825f,0f,0f,0f,1f], start_interpolation: 0, interpolation_duration: 1 }
$data merge entity $(bone_leg_right_0) { transformation: [-0.647229668100691f,-0.587008675953146f,-0.48632763759219344f,-0.1188072978764889f,0.06312460131140193f,0.5945150674581857f,-0.8016028438537786f,0.5849133525268605f,0.7596769322807859f,-0.5495203808057745f,-0.34773310115594536f,0.18098103274386013f,0f,0f,0f,1f], start_interpolation: 0, interpolation_duration: 1 }
$data merge entity $(bone_tail_4) { transformation: [-0.5261131599704759f,2.652571303580216f,0.5592242429729167f,-0.9035043617677521f,1.428814397760798f,-0.21277695167965863f,2.353481828522447f,1.3078152026199277f,2.3037698867849907f,0.7377348980878322f,-1.3319357568914532f,-1.1413652850453908f,0f,0f,0f,1f], start_interpolation: 0, interpolation_duration: 1 }
$data merge entity $(bone_tail_3) { transformation: [-0.3622536660419852f,2.0496177383919014f,-0.06152181688517309f,-0.9131296537601599f,1.2935639815186104f,0.2768961003397842f,1.6080939964376413f,1.0324322408117224f,1.591040550457878f,0.24153923517791262f,-1.3214364497442952f,-0.9196621467397567f,0f,0f,0f,1f], start_interpolation: 0, interpolation_duration: 1 }
$data merge entity $(bone_tail_2) { transformation: [-0.5817680985445274f,1.7553813599849504f,-0.6316296664470787f,-0.7957235657770707f,1.4421111346549937f,0.8428843817104736f,1.0142165791266753f,0.8451585225766677f,1.1834843597710738f,-0.1641830535978516f,-1.5463449065752808f,-0.6313639522742605f,0f,0f,0f,1f], start_interpolation: 0, interpolation_duration: 1 }
$data merge entity $(bone_tail_1) { transformation: [-0.48712318321571035f,1.1494649728374948f,-0.8538720809310325f,-0.6255654586603279f,0.9506520751602495f,0.9340898349710036f,0.7151175163547282f,0.6789467020972372f,1.0708071191243107f,-0.30637021138410486f,-1.0233111243454525f,-0.40843677511950266f,0f,0f,0f,1f], start_interpolation: 0, interpolation_duration: 1 }
$data merge entity $(bone_tail_0) { transformation: [-0.7609487886497003f,0.7345892919516874f,-0.7177542962508133f,-0.39809402296314284f,0.6335218533565594f,1.038832668803546f,0.39155135567406696f,0.5895951782852868f,0.808358038839382f,-0.12264165263257111f,-0.9825232937021534f,-0.12428019427871839f,0f,0f,0f,1f], start_interpolation: 0, interpolation_duration: 1 }
$data merge entity $(bone_body_1) { transformation: [-0.38232024584381047f,0.24238608849498755f,-1.1505150189277318f,-0.146941820362395f,0.24645723473030176f,1.1994546710577363f,0.17079788811083332f,0.4690952777777778f,1.1496497971657593f,-0.17652782001182662f,-0.41922293316903714f,-0.014926333288332663f,0f,0f,0f,1f], start_interpolation: 0, interpolation_duration: 1 }