# This file was generated by Animated Java via MC-Build. It is not recommended to edit this file directly.
$data merge entity $(bone_head_lower) { transformation: [-0.9480923562697785f,-0.30752415225667085f,0.08093070963259189f,0.43707584395097226f,-0.2941027132008569f,0.9447707936155881f,0.14460892648403956f,0.2275378176799523f,-0.12093170829320805f,0.11330067656368015f,-0.9861736554073519f,0.697359650394348f,0f,0f,0f,1f], start_interpolation: 0, interpolation_duration: 1 }
$data merge entity $(bone_head_upper) { transformation: [-0.9868689386027307f,-0.29611967246926707f,-0.14790125145285388f,0.41992428001140053f,-0.3061313916279748f,0.6396604704967248f,0.7619645635640383f,0.2943340221207295f,-0.1258777647741885f,0.765910937801589f,-0.6935468017912356f,0.6667076126394198f,0f,0f,0f,1f], start_interpolation: 0, interpolation_duration: 1 }
$data merge entity $(bone_neck_0) { transformation: [-0.9679094109763845f,-0.21625824199495994f,-0.12799900356095523f,0.41547065692322116f,-0.25074022516367395f,0.8650499715766473f,0.43453180109183265f,0.3084713005543248f,0.01675445099722017f,0.452681918618903f,-0.8915146487452075f,0.6017073137618275f,0f,0f,0f,1f], start_interpolation: 0, interpolation_duration: 1 }
$data merge entity $(bone_neck_1) { transformation: [-0.8452339361105318f,-0.12168875359523433f,-0.520357031753714f,0.37082898177092083f,-0.2819661577748156f,0.9287084138804568f,0.24082310490763595f,0.333150621917449f,0.45395449013838957f,0.350274933782143f,-0.8192879784588017f,0.5339165416672174f,0f,0f,0f,1f], start_interpolation: 0, interpolation_duration: 1 }
$data merge entity $(bone_neck_2) { transformation: [-0.8538633172421107f,0.12364806263381814f,-0.505597262725187f,0.3277454613899482f,0.009453594456301654f,0.9748973702654f,0.2224539210745976f,0.36218410837374654f,0.5204114382103397f,0.1851655315022504f,-0.8335980211848723f,0.46269998930812783f,0f,0f,0f,1f], start_interpolation: 0, interpolation_duration: 1 }
$data merge entity $(bone_body_0) { transformation: [-0.8125373230872144f,0.2502451003997983f,-0.5264603387874138f,0.08201057533339412f,0.22698041637371952f,0.967705434131813f,0.10966350046652884f,0.42308670879739296f,0.5369012843838955f,-0.030390499792769848f,-0.8430975200706434f,0.065061782215883f,0f,0f,0f,1f], start_interpolation: 0, interpolation_duration: 1 }
$data merge entity $(bone_leg_left_3) { transformation: [0.1857466032165802f,-0.05434195538049824f,-0.9810938544700628f,-0.2285077810962037f,-0.10211842606776486f,0.9919951567728005f,-0.07427944531799366f,0.028977605019756825f,0.9772768422770207f,0.11398491489986866f,0.17871041582494548f,-0.3772277068749283f,0f,0f,0f,1f], start_interpolation: 0, interpolation_duration: 1 }
$data merge entity $(bone_leg_left_2) { transformation: [0.1401763659097981f,0.23988991161232828f,-0.9873528327035097f,-0.20288594944829103f,-0.32408569957942474f,0.9552013618688933f,0.18606723814959997f,0.2568811871437401f,0.9630063578549892f,0.2865403777674875f,0.20633847469734848f,-0.30256479061740177f,0f,0f,0f,1f], start_interpolation: 0, interpolation_duration: 1 }
$data merge entity $(bone_leg_left_1) { transformation: [0.12216074770398244f,0.9356180388998854f,0.3312033167188024f,0.03129354410977252f,-0.07726543305141041f,-0.3237250196924956f,0.9429910733832376f,0.12046129477454715f,0.9894982590059378f,-0.14078706229701898f,0.03274444249018927f,-0.3622553545503405f,0f,0f,0f,1f], start_interpolation: 0, interpolation_duration: 1 }
$data merge entity $(bone_leg_left_0) { transformation: [0.14017150989707944f,-0.31841130687701413f,-0.9375319661035801f,-0.0011055918015205335f,-0.13220965339350274f,0.9323819528791695f,-0.33642904377416016f,0.4985594186537549f,0.9812606969418183f,0.17110854332293818f,0.08859633761707852f,-0.1881881741983918f,0f,0f,0f,1f], start_interpolation: 0, interpolation_duration: 1 }
$data merge entity $(bone_leg_right_3) { transformation: [-0.6980890203342169f,0.15059868576574126f,-0.6999941110712603f,-0.1996004922685504f,0.09359355567954782f,0.9884351133103174f,0.11931585439696822f,0.0202563282926298f,0.7098675693564768f,0.01777815009641598f,-0.7041107663962233f,0.3543635378307921f,0f,0f,0f,1f], start_interpolation: 0, interpolation_duration: 1 }
$data merge entity $(bone_leg_right_2) { transformation: [-0.7005309382461982f,0.08127458887158544f,-0.7447906049785735f,-0.20258608083187346f,0.17404095617355123f,1.009408036912102f,-0.053547736573510495f,0.25362300783522285f,0.7287169200964058f,-0.1629480153966438f,-0.7031939946730191f,0.29351823229116314f,0f,0f,0f,1f], start_interpolation: 0, interpolation_duration: 1 }
$data merge entity $(bone_leg_right_1) { transformation: [-0.5280651345652744f,0.7446756341279048f,-0.40817326418172073f,0.010850249933992986f,-0.1754567098417235f,0.37460733052307826f,0.9104308270757803f,0.30361194606982495f,0.830880350368256f,0.5523835151908274f,-0.06715873373842621f,0.4636929202536987f,0f,0f,0f,1f], start_interpolation: 0, interpolation_duration: 1 }
$data merge entity $(bone_leg_right_0) { transformation: [-0.6379078909624634f,-0.6057931419774556f,-0.4754873203155936f,-0.11412304749993672f,0.07947275120947955f,0.5623456531105421f,-0.8230743880372378f,0.5821697812985545f,0.7660010472989043f,-0.562833932488758f,-0.31058068191087174f,0.17892198436727863f,0f,0f,0f,1f], start_interpolation: 0, interpolation_duration: 1 }
$data merge entity $(bone_tail_4) { transformation: [-0.5722497149139708f,2.6993289910551783f,-0.10869495586231354f,-1.1837979191487336f,2.214440988071636f,0.5323356532883882f,1.5615797111215117f,0.938328065571791f,1.5473986899726904f,0.23643832575759985f,-2.2749319866720734f,-1.1987814793352105f,0f,0f,0f,1f], start_interpolation: 0, interpolation_duration: 1 }
$data merge entity $(bone_tail_3) { transformation: [-0.35540925939497675f,1.9501313189606404f,-0.6376657613433476f,-1.0947569363404854f,1.814746283312808f,0.6007257964614456f,0.825693630054488f,0.792442365175717f,0.9572490332108514f,-0.41480342611776916f,-1.8020982026910453f,-0.8891530419538003f,0f,0f,0f,1f], start_interpolation: 0, interpolation_duration: 1 }
$data merge entity $(bone_tail_2) { transformation: [-0.733900981884194f,1.425544929028715f,-1.117132435798329f,-0.8872879233696209f,1.630156036025563f,1.0451445790833056f,0.2627507983336719f,0.7450516715476947f,0.7891479721836819f,-0.8332276634486357f,-1.5816924523639502f,-0.5947346070970632f,0f,0f,0f,1f], start_interpolation: 0, interpolation_duration: 1 }
$data merge entity $(bone_tail_1) { transformation: [-0.34026944887189114f,0.9532117480542515f,-1.1239485377613059f,-0.6567536829920113f,1.164389962016107f,0.880974408582433f,0.3946344609622467f,0.6482493109963793f,0.9033653571620677f,-0.7764841948128701f,-0.9320190860091114f,-0.3855458310978721f,0f,0f,0f,1f], start_interpolation: 0, interpolation_duration: 1 }
$data merge entity $(bone_tail_0) { transformation: [-0.6308347674890733f,0.7555253350321549f,-0.8155149789155219f,-0.4002090796367149f,0.7746858419669606f,0.9712656365843674f,0.3005671739068206f,0.5838549669183952f,0.7973362270504056f,-0.34591942399775905f,-0.9372461841576686f,-0.12000836436140368f,0f,0f,0f,1f], start_interpolation: 0, interpolation_duration: 1 }
$data merge entity $(bone_body_1) { transformation: [-0.35545266665787745f,0.24237028003815186f,-1.1591007912068223f,-0.14705974043683845f,0.2629640366496295f,1.1961327545476788f,0.16947254640019097f,0.46388694444444445f,1.1546029240613358f,-0.1978071684966457f,-0.39543521200900084f,-0.014751500198600621f,0f,0f,0f,1f], start_interpolation: 0, interpolation_duration: 1 }