# This file was generated by Animated Java via MC-Build. It is not recommended to edit this file directly.
$data merge entity $(bone_head_lower) { transformation: [-0.8841627300486019f,-0.45995297096442533f,0.08185066459107632f,0.4451210676517429f,-0.44950885140276897f,0.885291882440465f,0.11916406923054385f,0.2139934726178796f,-0.1272715966096361f,0.06856783054769022f,-0.9894950193459378f,0.7124622785568426f,0f,0f,0f,1f], start_interpolation: 0, interpolation_duration: 1 }
$data merge entity $(bone_head_upper) { transformation: [-0.9203246173064523f,-0.42151958354640456f,-0.24247841563756573f,0.41865443858361906f,-0.4678935761297875f,0.6261799369643769f,0.687347241605926f,0.27529283803846466f,-0.1324769518811383f,0.7167230077328772f,-0.7431217464118031f,0.677286124182028f,0f,0f,0f,1f], start_interpolation: 0, interpolation_duration: 1 }
$data merge entity $(bone_neck_0) { transformation: [-0.9164829464003073f,-0.3728210354329279f,-0.1451326444881732f,0.4156176126638788f,-0.3988620673073657f,0.8232540429505998f,0.4039329548684867f,0.2881778258616313f,-0.03111366614055061f,0.4280855712403909f,-0.9032024598477812f,0.6119447817453523f,0f,0f,0f,1f], start_interpolation: 0, interpolation_duration: 1 }
$data merge entity $(bone_neck_1) { transformation: [-0.831829462520053f,-0.1748093478179097f,-0.5267840517698655f,0.37018676462406314f,-0.34382879051792137f,0.9073588517405823f,0.24182985129837817f,0.31284407709351464f,0.43570805374078525f,0.3822847186109973f,-0.8148723125876396f,0.5446755395831275f,0f,0f,0f,1f], start_interpolation: 0, interpolation_duration: 1 }
$data merge entity $(bone_neck_2) { transformation: [-0.8407799101121871f,0.14309355000041182f,-0.5221239112509806f,0.3258457693571156f,0.00349260525499348f,0.96585028530175f,0.25907726278286414f,0.34499746634229694f,0.541365813900615f,0.21600338499849508f,-0.8125672853425228f,0.4756033592737333f,0f,0f,0f,1f], start_interpolation: 0, interpolation_duration: 1 }
$data merge entity $(bone_body_0) { transformation: [-0.804894461351147f,0.2539491747468722f,-0.5363345250229835f,0.07549250229418472f,0.21798884433414434f,0.9671475071332551f,0.13079206088977507f,0.41585256310924773f,0.5519291347918781f,-0.011641137887380464f,-0.8338097589238063f,0.08252105028973977f,0f,0f,0f,1f], start_interpolation: 0, interpolation_duration: 1 }
$data merge entity $(bone_leg_left_3) { transformation: [0.10982107673363571f,-0.005487125727844072f,-0.9939362266042584f,-0.21262941235075708f,-0.09885014198428178f,0.9949669348017706f,-0.016414873769147353f,0.008971292337612208f,0.9890237512490548f,0.10005343623492677f,0.10872593693701252f,-0.380372514377935f,0f,0f,0f,1f], start_interpolation: 0, interpolation_duration: 1 }
$data merge entity $(bone_leg_left_2) { transformation: [0.0607696318683127f,0.24320132088673369f,-0.9945965859896323f,-0.18658275031409577f,-0.31389021803838907f,0.9527979037742287f,0.21380197633310866f,0.2371875765555016f,0.9745984723788033f,0.2917044250317067f,0.13087606944938063f,-0.30682000877450144f,0f,0f,0f,1f], start_interpolation: 0, interpolation_duration: 1 }
$data merge entity $(bone_leg_left_1) { transformation: [0.0315410506647237f,0.9571807725295153f,0.2877674943817758f,0.057563085171981915f,-0.06587529536293049f,-0.2852939496560226f,0.9561735238702825f,0.11028221549373407f,0.9973292373052202f,-0.049115486248909844f,0.05405609518566007f,-0.34289251919938224f,0f,0f,0f,1f], start_interpolation: 0, interpolation_duration: 1 }
$data merge entity $(bone_leg_left_0) { transformation: [0.049595960321131005f,-0.3219321571973103f,-0.9454628109461053f,0.0138954406986051f,-0.12110192239819442f,0.9377050700352187f,-0.3256432496179025f,0.4908838954779928f,0.991400305180146f,0.13064795364846765f,0.007519780327998049f,-0.17693235354581413f,0f,0f,0f,1f], start_interpolation: 0, interpolation_duration: 1 }
$data merge entity $(bone_leg_right_3) { transformation: [-0.7191023974066532f,0.1605961554353159f,-0.6760921659828629f,-0.22456011262356043f,0.11851922558276043f,0.9870177833066868f,0.10839321290383977f,0.020673083404916f,0.6847225242470599f,-0.0021841006730988904f,-0.7288005862326018f,0.34230347069812195f,0f,0f,0f,1f], start_interpolation: 0, interpolation_duration: 1 }
$data merge entity $(bone_leg_right_2) { transformation: [-0.7243704989405501f,0.10178028206182764f,-0.7190204127482941f,-0.22193245533233896f,0.17881699958244093f,1.0093052866087064f,-0.0372762469240767f,0.2545112644632669f,0.7038281469404627f,-0.15167666962267523f,-0.7305356438718255f,0.2832791319682604f,0f,0f,0f,1f], start_interpolation: 0, interpolation_duration: 1 }
$data merge entity $(bone_leg_right_1) { transformation: [-0.5685648357168365f,0.733076932437195f,-0.3732723385341576f,-0.014304720435032656f,-0.1792996621501725f,0.33241029507302194f,0.9259346774380474f,0.29213778594260276f,0.8028609211682434f,0.5933815019512649f,-0.057556358492704046f,0.4635243933277331f,0f,0f,0f,1f], start_interpolation: 0, interpolation_duration: 1 }
$data merge entity $(bone_leg_right_0) { transformation: [-0.6707954152161524f,-0.5853488497006205f,-0.4554121595644432f,-0.12906115039917593f,0.05942650320352787f,0.5696619931059079f,-0.8197278233216229f,0.5756267127664793f,0.7392577369510519f,-0.5769332177685428f,-0.34734141790642326f,0.17931976860360135f,0f,0f,0f,1f], start_interpolation: 0, interpolation_duration: 1 }
$data merge entity $(bone_tail_4) { transformation: [-0.37894025724614916f,2.407892541586184f,-1.2977361523868591f,-1.4593507575232036f,2.0842952011217513f,1.1026101384741076f,1.4372284886944549f,0.8761846440696673f,1.771377748426083f,-0.782282380159323f,-1.9687347413181906f,-0.9917731133933171f,0f,0f,0f,1f], start_interpolation: 0, interpolation_duration: 1 }
$data merge entity $(bone_tail_3) { transformation: [-0.22747019785416903f,1.5265614349182035f,-1.3977886179795227f,-1.2372760640616383f,1.7775771575629555f,0.8644851551462931f,0.6548514270325271f,0.756686375588882f,1.0603877988938917f,-1.1217045635980125f,-1.3976058507336047f,-0.7438140486491308f,0f,0f,0f,1f], start_interpolation: 0, interpolation_duration: 1 }
$data merge entity $(bone_tail_2) { transformation: [-0.6478971103893002f,0.929330434960725f,-1.592277661718483f,-0.941533071913027f,1.452838603770894f,1.2963987286456444f,0.16548172938959796f,0.727306459591121f,1.1350168283972755f,-1.1289238920425246f,-1.1207325819450973f,-0.5349016576808314f,0f,0f,0f,1f], start_interpolation: 0, interpolation_duration: 1 }
$data merge entity $(bone_tail_1) { transformation: [-0.21699716694151625f,0.7274902253921784f,-1.308176766151346f,-0.668713530667947f,1.0323606996537606f,1.0298990413450768f,0.40149171902654535f,0.6273341808705523f,1.083881850272323f,-0.8352976634681373f,-0.6443090858081366f,-0.3870783902258428f,0f,0f,0f,1f], start_interpolation: 0, interpolation_duration: 1 }
$data merge entity $(bone_tail_0) { transformation: [-0.6206919343505582f,0.6599695411298385f,-0.9016747994687774f,-0.3892969567310166f,0.7183224687532695f,1.0257465000457964f,0.2563058038984589f,0.5771887581234267f,0.8559147563282211f,-0.3822565094392734f,-0.8689796358229187f,-0.14236687417553262f,0f,0f,0f,1f], start_interpolation: 0, interpolation_duration: 1 }
$data merge entity $(bone_body_1) { transformation: [-0.449614629952585f,0.2607394614477297f,-1.1218138048859971f,-0.14605361426797864f,0.2665257344464877f,1.195132461245567f,0.17095914134998552f,0.45694250000000003f,1.1204531728129519f,-0.1796605921656496f,-0.49082721421323794f,-0.016155006422318936f,0f,0f,0f,1f], start_interpolation: 0, interpolation_duration: 1 }