# This file was generated by Animated Java via MC-Build. It is not recommended to edit this file directly.
$data merge entity $(bone_head_lower) { transformation: [-0.9879368096110086f,-0.03831682223805998f,0.15004226520950134f,0.09051494541138536f,0.1100901236213367f,0.5076313071631726f,0.8545119195592579f,0.7328655951173473f,-0.10890833254007812f,0.8607219511092915f,-0.49728935036048577f,0.7714787394348763f,0f,0f,0f,1f], start_interpolation: 0, interpolation_duration: 1 }
$data merge entity $(bone_head_upper) { transformation: [-1.0283430134837617f,-0.023040273513725163f,0.15953599906934995f,0.10067634655273819f,0.11459276380656454f,0.6200316130122001f,0.8281915478512019f,0.803917157382429f,-0.11336263796249543f,0.8357642533905175f,-0.610015547057845f,0.7481575491064948f,0f,0f,0f,1f], start_interpolation: 0, interpolation_duration: 1 }
$data merge entity $(bone_neck_0) { transformation: [-0.9897990564339906f,0.058756044104305266f,-0.1297904278581223f,0.09164996218709442f,0.019334447883268494f,0.9579675693632754f,0.2862242393181738f,0.80686909608376f,0.14115242473096484f,0.2807950557424952f,-0.9493314119226954f,0.6821685598925045f,0f,0f,0f,1f], start_interpolation: 0, interpolation_duration: 1 }
$data merge entity $(bone_neck_1) { transformation: [-0.9773754605069176f,0.11774963891091575f,-0.17570495649024673f,0.07730790411257432f,0.09019348721483932f,0.9834182083851128f,0.1573332840839517f,0.8247277750037785f,0.19131739090557648f,0.13792624823783098f,-0.9717890748429513f,0.6004806795065499f,0f,0f,0f,1f], start_interpolation: 0, interpolation_duration: 1 }
$data merge entity $(bone_neck_2) { transformation: [-0.9710530606963211f,0.103564788315933f,-0.215244716389004f,0.059464816627130324f,0.11772372768941562f,0.9915770112961351f,-0.054001431535958155f,0.8297050032667133f,0.20783906574851396f,-0.07777766575373968f,-0.9750659246731395f,0.5142960995519776f,0f,0f,0f,1f], start_interpolation: 0, interpolation_duration: 1 }
$data merge entity $(bone_body_0) { transformation: [-0.9636965779173318f,0.048795056100632304f,-0.2625032346668517f,-0.06378713958104824f,0.13510026470003908f,0.9371258758487194f,-0.3217809989616383f,0.6869781205096431f,0.23029725180384472f,-0.34556350402625946f,-0.9096972246284419f,0.08226728461895516f,0f,0f,0f,1f], start_interpolation: 0, interpolation_duration: 1 }
$data merge entity $(bone_leg_left_3) { transformation: [-0.9117638542159185f,0.10304241761190022f,-0.3975788403801537f,0.11346167283341638f,0.040476136162711035f,0.9858477616006017f,0.1626833530156682f,0.04984957888364844f,0.40871549584848216f,0.1322363456836947f,-0.9030311137128951f,-0.06374928659289876f,0f,0f,0f,1f], start_interpolation: 0, interpolation_duration: 1 }
$data merge entity $(bone_leg_left_2) { transformation: [-0.9259347400479575f,0.11135072855995043f,-0.4269754933508289f,0.12478543571317478f,0.13518433082301945f,1.0163649296269668f,-0.028102064425896852f,0.2861040106565246f,0.42003839511757485f,-0.08164278641884447f,-0.9321826009712438f,-0.11093708086148069f,0f,0f,0f,1f], start_interpolation: 0, interpolation_duration: 1 }
$data merge entity $(bone_leg_left_1) { transformation: [-0.95268841595711f,0.30183789051906085f,0.03575849476888147f,0.22386224689898468f,0.23339702494652928f,0.6511098938544663f,0.7222061581507975f,0.42003886765242415f,0.19470647356275003f,0.6963833670987762f,-0.6907529190534986f,0.11100576138963797f,0f,0f,0f,1f], start_interpolation: 0, interpolation_duration: 1 }
$data merge entity $(bone_leg_left_0) { transformation: [-0.9501071049608939f,-0.07648463554685676f,-0.30240137173646137f,0.1079749574542862f,0.19795779651840323f,0.6013691368446032f,-0.7740593465932412f,0.7421868704719691f,0.24105849891760187f,-0.795301994072718f,-0.5562243596998887f,-0.12794628189309337f,0f,0f,0f,1f], start_interpolation: 0, interpolation_duration: 1 }
$data merge entity $(bone_leg_right_3) { transformation: [-0.9828394636692221f,0.050368785296705555f,-0.17745301947876171f,-0.456417730937856f,0.05617345926175883f,0.9980328826462509f,-0.027837162775367387f,0.1552185638680218f,0.17570182448956792f,-0.03732761209278122f,-0.9837354920132176f,-0.3344840357492084f,0f,0f,0f,1f], start_interpolation: 0, interpolation_duration: 1 }
$data merge entity $(bone_leg_right_2) { transformation: [-0.9930767576531102f,0.17816558109873726f,-0.184709985170345f,-0.41905532083327934f,0.18974466525298592f,1.0068053492815308f,-0.049011734990937014f,0.3880943810758497f,0.17279385092621835f,-0.08162238584199029f,-1.0077411724804357f,-0.38492188004274835f,0f,0f,0f,1f], start_interpolation: 0, interpolation_duration: 1 }
$data merge entity $(bone_leg_right_1) { transformation: [-0.9391986386044986f,0.25245074453873995f,-0.2327542455580395f,-0.35683265815885074f,-0.19392161121313417f,0.16943350175867922f,0.9662746489411248f,0.3790145147685326f,0.28337312142819465f,0.9526599131188567f,-0.11017605905283662f,-0.1146270744372555f,0f,0f,0f,1f], start_interpolation: 0, interpolation_duration: 1 }
$data merge entity $(bone_leg_right_0) { transformation: [-0.9486088526693658f,-0.13773391664025364f,-0.28490456795959773f,-0.27741837047398066f,-0.13632232267326214f,0.9903520565911693f,-0.024880280275923233f,0.785735292214562f,0.28558268326051633f,0.015237198317838846f,-0.9582329355689807f,-0.0638446102428579f,0f,0f,0f,1f], start_interpolation: 0, interpolation_duration: 1 }
$data merge entity $(bone_tail_4) { transformation: [-2.675887907232151f,0.6817042171418057f,0.023761310145258018f,-0.4187993857872186f,0.2798406307819955f,1.009396642597721f,2.5550868812774223f,1.5133437974986244f,0.62207271350886f,2.478317798395421f,-1.0471999622155255f,-1.4345344493278918f,0f,0f,0f,1f], start_interpolation: 0, interpolation_duration: 1 }
$data merge entity $(bone_tail_3) { transformation: [-2.0176248660703866f,0.5120942137854939f,-0.053804665841513506f,-0.4146873466735532f,0.20595127837524824f,1.0019996424705375f,1.8137051341022774f,1.1960010775103267f,0.4719316653865271f,1.7520564370877945f,-1.0215303571158163f,-1.278465898237282f,0f,0f,0f,1f], start_interpolation: 0, interpolation_duration: 1 }
$data merge entity $(bone_tail_2) { transformation: [-1.8934789631723308f,0.4649544184236887f,-0.13163844352962392f,-0.3915055338392609f,0.19327894872821064f,1.2166037542580965f,1.5170011298962174f,0.9144262943269713f,0.44289337204922163f,1.4568687548698995f,-1.2248072367035865f,-1.0501027466604507f,0f,0f,0f,1f], start_interpolation: 0, interpolation_duration: 1 }
$data merge entity $(bone_tail_1) { transformation: [-1.40599212256546f,0.2864620420953519f,-0.47831150908423103f,-0.29073669078377185f,0.006893773287976889f,1.3064189808434934f,0.7621536409292438f,0.7344431256143498f,0.5574898000625012f,0.7063038970092189f,-1.2157286612957119f,-0.7976579482425581f,0f,0f,0f,1f], start_interpolation: 0, interpolation_duration: 1 }
$data merge entity $(bone_tail_0) { transformation: [-1.1695364891293192f,0.2205356693245234f,-0.46624471657561806f,-0.14916722951433198f,0.1709597949800945f,1.2559113206245844f,0.16521265027655888f,0.7164715266806241f,0.48661367189944216f,0.08880591121442842f,-1.1786247753368944f,-0.45109335026921177f,0f,0f,0f,1f], start_interpolation: 0, interpolation_duration: 1 }
$data merge entity $(bone_body_1) { transformation: [-1.21210555730265f,0.11128293566826754f,-0.21684284918192331f,-0.10624999999999998f,0.13696470639414215f,1.2208633199780212f,-0.13906120303974337f,0.6665675f,0.20160699941879134f,-0.1603541618341929f,-1.2092335405636312f,-0.15916249999999998f,0f,0f,0f,1f], start_interpolation: 0, interpolation_duration: 1 }