# This file was generated by Animated Java via MC-Build. It is not recommended to edit this file directly.
$data merge entity $(bone_head_lower) { transformation: [-0.7873847845216955f,-0.5841637753910494f,-0.19692101113034927f,0.28305233887318426f,-0.599752881438929f,0.652039470625644f,0.4638329547929215f,0.308855348551555f,-0.14255413817011955f,0.48331895500498f,-0.8637598656012382f,0.8261603720143375f,0f,0f,0f,1f], start_interpolation: 0, interpolation_duration: 1 }
$data merge entity $(bone_head_upper) { transformation: [-0.8195884941316394f,-0.5468130601096723f,-0.3357709340667162f,0.24737220884251698f,-0.6242825243927473f,0.5535407544149256f,0.6223631620871223f,0.3639952414867896f,-0.1483845430237199f,0.6914188694841633f,-0.7638022760481871f,0.7889854205028369f,0f,0f,0f,1f], start_interpolation: 0, interpolation_duration: 1 }
$data merge entity $(bone_neck_0) { transformation: [-0.8052065184135975f,-0.5472320630302938f,-0.22842839555506544f,0.241744385282047f,-0.5916911977775037f,0.7159088941390439f,0.37064266047668404f,0.3765323374054291f,-0.03929362768790973f,0.4336029571903538f,-0.9002469029876773f,0.723748275545413f,0f,0f,0f,1f], start_interpolation: 0, interpolation_duration: 1 }
$data merge entity $(bone_neck_1) { transformation: [-0.8355420979348049f,-0.38657854153192367f,-0.3904182805732279f,0.20688991365904222f,-0.4958939302990809f,0.8365562388031179f,0.23294391859868613f,0.4001196547223055f,0.23655572804570849f,0.38824050606116783f,-0.890679907139559f,0.6500845727182717f,0f,0f,0f,1f], start_interpolation: 0, interpolation_duration: 1 }
$data merge entity $(bone_neck_2) { transformation: [-0.9200499524195296f,-0.09004897464032416f,-0.3813125584334297f,0.17260243795374758f,-0.1883596510962488f,0.9550416942986406f,0.22894541705411298f,0.4295274454351164f,0.3435530918092876f,0.28246512053244477f,-0.8956476588429576f,0.5743846305169003f,0f,0f,0f,1f], start_interpolation: 0, interpolation_duration: 1 }
$data merge entity $(bone_body_0) { transformation: [-0.964904124955033f,0.019854909533346052f,-0.2618507441505273f,0.049382307007836676f,0.011626276908385948f,0.9993898089948032f,0.03293689971112257f,0.45457091992353127f,0.2623449243458156f,0.028736601134331477f,-0.9645461878133337f,0.12007138129523634f,0f,0f,0f,1f], start_interpolation: 0, interpolation_duration: 1 }
$data merge entity $(bone_leg_left_3) { transformation: [-0.39229555799533317f,0.16184291652532015f,-0.9054894066457699f,0.1101635390850176f,-0.1232131082876504f,0.9662825275070475f,0.2260898206038644f,0.09530953699316658f,0.9115496284477471f,0.20026219664522332f,-0.3591271745100949f,-0.4076116660664259f,0f,0f,0f,1f], start_interpolation: 0, interpolation_duration: 1 }
$data merge entity $(bone_leg_left_2) { transformation: [-0.45375330040961404f,0.1294119107980166f,-0.9107264678330608f,0.11147979745673595f,-0.37667942111911457f,0.9003151981079139f,0.31560633273426314f,0.3143409795234626f,0.8392155596588075f,0.47407520595387387f,-0.3507593805260823f,-0.30664351904464426f,0f,0f,0f,1f], start_interpolation: 0, interpolation_duration: 1 }
$data merge entity $(bone_leg_left_1) { transformation: [-0.5167074924335547f,0.8511436220445749f,0.0925629619009134f,0.3480902815939378f,-0.12020089501457878f,-0.17916099148822734f,0.9764492224210377f,0.2162752077942422f,0.8476821999433055f,0.4934124783401789f,0.1948820518094996f,-0.19981670185309328f,0f,0f,0f,1f], start_interpolation: 0, interpolation_duration: 1 }
$data merge entity $(bone_leg_left_0) { transformation: [-0.48414042224969706f,-0.5817888587411073f,-0.6535516623715414f,0.11657052734435587f,-0.16738352935831707f,0.7947107827678865f,-0.5834531051010067f,0.556338594055639f,0.8588310693282111f,-0.17307944880075454f,-0.48213348645306586f,-0.12866352004722953f,0f,0f,0f,1f], start_interpolation: 0, interpolation_duration: 1 }
$data merge entity $(bone_leg_right_3) { transformation: [-0.9488670539230054f,0.05909286103016892f,-0.3100957074110274f,-0.303626994184885f,0.04954049680148719f,0.9980260440564945f,0.03859733878916925f,0.02544459409861588f,0.31176441932353044f,0.021261447744996276f,-0.9499215218551733f,0.14483160155809296f,0f,0f,0f,1f], start_interpolation: 0, interpolation_duration: 1 }
$data merge entity $(bone_leg_right_2) { transformation: [-0.9669542148322317f,0.10199773436585381f,-0.32658568263644006f,-0.28844431904049705f,0.09060555218352655f,1.0204455070741572f,0.050436103203742755f,0.26472709819079604f,0.32992784034148287f,0.018698362952222644f,-0.971009881974023f,0.11866976529128281f,0f,0f,0f,1f], start_interpolation: 0, interpolation_duration: 1 }
$data merge entity $(bone_leg_right_1) { transformation: [-0.855056338863122f,0.3826058065342342f,-0.34998779146747694f,-0.18296921923005371f,-0.281840490340769f,0.2236288404944875f,0.9330359477016766f,0.2703823084551469f,0.43525233528893176f,0.8964390322299556f,-0.08338144949658766f,0.3752947983192566f,0f,0f,0f,1f], start_interpolation: 0, interpolation_duration: 1 }
$data merge entity $(bone_leg_right_0) { transformation: [-0.9245461756155041f,-0.3258405528394217f,-0.19759125304538583f,-0.18731746273849947f,-0.07223262001857136f,0.6589668032178128f,-0.7486956663839782f,0.5984614914491824f,0.3741614862061544f,-0.6779311811549876f,-0.6327815546124944f,0.11712349660504487f,0f,0f,0f,1f], start_interpolation: 0, interpolation_duration: 1 }
$data merge entity $(bone_tail_4) { transformation: [1.2140759646888202f,0.3221151493279782f,-2.4592524705971788f,-1.4467764200347761f,0.5752745118896618f,2.626833681388222f,0.6280647879753453f,0.7245343853260745f,2.4126210061953417f,-0.788446556526071f,1.0877836363758926f,-0.7849272285991903f,0f,0f,0f,1f], start_interpolation: 0, interpolation_duration: 1 }
$data merge entity $(bone_tail_3) { transformation: [0.4066090620402901f,0.06010141103450603f,-2.04132369238757f,-1.1012314966322634f,0.8077735860101869f,1.9069188146313425f,0.2170437610107331f,0.6690710864671751f,1.8756642637890724f,-0.8342625371195225f,0.3490488715752266f,-0.8359491045467259f,0f,0f,0f,1f], start_interpolation: 0, interpolation_duration: 1 }
$data merge entity $(bone_tail_2) { transformation: [-0.5526632288151617f,0.057128832602016316f,-1.8735190223224072f,-0.7533434724898105f,0.7203063421638385f,1.809748727738342f,-0.1572965062891774f,0.6992754252892361f,1.7304612113413376f,-0.7350644284263529f,-0.5328772439390592f,-0.7357837185906836f,0f,0f,0f,1f], start_interpolation: 0, interpolation_duration: 1 }
$data merge entity $(bone_tail_1) { transformation: [-0.5254530959167935f,0.37776022045705654f,-1.3670598047750855f,-0.4632831801462327f,0.43960440280922486f,1.4294456155005104f,0.2260297576805155f,0.6327428616125985f,1.3484447571265954f,-0.31880824670419655f,-0.6063944993246511f,-0.6026855526566612f,0f,0f,0f,1f], start_interpolation: 0, interpolation_duration: 1 }
$data merge entity $(bone_tail_0) { transformation: [-1.0373542199879167f,0.3124328788504265f,-0.6783197144934856f,-0.2575228320372749f,0.29959348494415905f,1.2375655650937176f,0.11185227962499972f,0.6299216874326047f,0.684087481712904f,-0.06821205825607313f,-1.0775932205875254f,-0.28943384647917225f,0f,0f,0f,1f], start_interpolation: 0, interpolation_duration: 1 }
$data merge entity $(bone_body_1) { transformation: [-0.9557620614685924f,0.22841159165539515f,-0.7503010207316834f,-0.09847349637989615f,0.13248127126348846f,1.2127959613732233f,0.20044765874776146f,0.50163f,0.7730279358975113f,0.07455666254935286f,-0.9620154413770008f,-0.07080065236246777f,0f,0f,0f,1f], start_interpolation: 0, interpolation_duration: 1 }