# This file was generated by Animated Java via MC-Build. It is not recommended to edit this file directly.
$data merge entity $(bone_head_lower) { transformation: [-0.763705958388375f,-0.5827999252510084f,-0.2776642869537108f,0.22261033014221523f,-0.6312746307816129f,0.584199017608536f,0.5101018019540412f,0.33961875361884575f,-0.13507608838588736f,0.564850205764892f,-0.8140630782646561f,0.8475729595855825f,0f,0f,0f,1f], start_interpolation: 0, interpolation_duration: 1 }
$data merge entity $(bone_head_upper) { transformation: [-0.7949412138756435f,-0.5748414014711968f,-0.3479910519252696f,0.185466059604801f,-0.6570935001494849f,0.5521984628945976f,0.5888776886770715f,0.39240991996894303f,-0.14060064411916667f,0.6694073224240839f,-0.784600049797221f,0.8084724172180322f,0f,0f,0f,1f], start_interpolation: 0, interpolation_duration: 1 }
$data merge entity $(bone_neck_0) { transformation: [-0.774993172186292f,-0.5839169128111508f,-0.24171599450123926f,0.17956473619076035f,-0.6313224173697353f,0.6980268230181033f,0.33792093701587567f,0.4031342332763821f,-0.02859350260219999f,0.4144871448915498f,-0.909605858780928f,0.7429369326288139f,0f,0f,0f,1f], start_interpolation: 0, interpolation_duration: 1 }
$data merge entity $(bone_neck_1) { transformation: [-0.8274410584914159f,-0.4421043805663598f,-0.34624414999627123f,0.14819659261338583f,-0.5285771648492804f,0.8213605166777367f,0.2144133448337068f,0.42508176298921774f,0.18959819493471397f,0.3604311561545654f,-0.9133136953700967f,0.6672277366712246f,0f,0f,0f,1f], start_interpolation: 0, interpolation_duration: 1 }
$data merge entity $(bone_neck_2) { transformation: [-0.9297137895285174f,-0.15669841063769704f,-0.3332834794347648f,0.11746428481215496f,-0.23329568313497298f,0.9508204265053163f,0.2037489650791746f,0.4522408266856452f,0.2849656010663567f,0.2671818194486072f,-0.9205479246432648f,0.5891967113640787f,0f,0f,0f,1f], start_interpolation: 0, interpolation_duration: 1 }
$data merge entity $(bone_body_0) { transformation: [-0.9839600437907892f,-0.04392953343455494f,-0.1728954259529457f,0.035560835200498034f,-0.04427969503458178f,0.9990174916521933f,-0.0018330249873505788f,0.4608938192628022f,0.1728060786861177f,0.0058521333872474934f,-0.9849384811773501f,0.12505464759017831f,0f,0f,0f,1f], start_interpolation: 0, interpolation_duration: 1 }
$data merge entity $(bone_leg_left_3) { transformation: [-0.5020551605575887f,0.1829534265049747f,-0.8452624796402497f,0.1789075567160402f,-0.1336079283479949f,0.9492259173115681f,0.28481411374187643f,0.12057880524747536f,0.8544527706316194f,0.2559261644187681f,-0.4521197420217868f,-0.38344433287059443f,0f,0f,0f,1f], start_interpolation: 0, interpolation_duration: 1 }
$data merge entity $(bone_leg_left_2) { transformation: [-0.5598656402930541f,0.08043099681687964f,-0.8556538547046855f,0.17034380519912282f,-0.3945862573588532f,0.8831464258893035f,0.34119829343532415f,0.3363713578400862f,0.7634882774630373f,0.5154080370839086f,-0.45111240837127403f,-0.2760604026410788f,0f,0f,0f,1f], start_interpolation: 0, interpolation_duration: 1 }
$data merge entity $(bone_leg_left_1) { transformation: [-0.6299948982260132f,0.7757475122667747f,0.03636241770160337f,0.391708378041403f,-0.1359895084320365f,-0.15629594423151533f,0.9783038543383098f,0.2447333822998573f,0.7646000796531534f,0.6113815298393384f,0.20395917033980593f,-0.1360118646658149f,0f,0f,0f,1f], start_interpolation: 0, interpolation_duration: 1 }
$data merge entity $(bone_leg_left_0) { transformation: [-0.5965811636202635f,-0.5978195260538928f,-0.5354462900069357f,0.1312058298607517f,-0.18063546114245807f,0.7500818995000212f,-0.63619806210039f,0.5700269110566567f,0.7819601942499017f,-0.28282319266838607f,-0.5554721381829307f,-0.11091562780070205f,0f,0f,0f,1f], start_interpolation: 0, interpolation_duration: 1 }
$data merge entity $(bone_leg_right_3) { transformation: [-0.9776708843172055f,0.033523901499664686f,-0.20745069290473203f,-0.30735271798023256f,0.029128730592429288f,0.9992825375559682f,0.024205932945856816f,0.024801888728195165f,0.20811333213536892f,0.017622660524064318f,-0.9779459508702758f,0.09069726764194598f,0f,0f,0f,1f], start_interpolation: 0, interpolation_duration: 1 }
$data merge entity $(bone_leg_right_2) { transformation: [-0.9984667789552183f,0.08203314887510064f,-0.21999284831357732f,-0.2934806747947726f,0.06745343208577788f,1.020766320997628f,0.07448726010205874f,0.2649383802529909f,0.22489180803963157f,0.05804205288666106f,-0.999058053505432f,0.07300252486229242f,0f,0f,0f,1f], start_interpolation: 0, interpolation_duration: 1 }
$data merge entity $(bone_leg_right_1) { transformation: [-0.8930195690883432f,0.2789894053203289f,-0.3531019129717067f,-0.21674581331193488f,-0.3072688592119992f,0.19525353215733732f,0.931376350536474f,0.26246650292187546f,0.3287885298848276f,0.940234529199547f,-0.08864046884511068f,0.3396840512480459f,0f,0f,0f,1f], start_interpolation: 0, interpolation_duration: 1 }
$data merge entity $(bone_leg_right_0) { transformation: [-0.9569843803451055f,-0.26783001442647153f,-0.11157051199940973f,-0.20154808751891962f,-0.10612109010511492f,0.6810073930977039f,-0.7245462337084994f,0.6011740261077957f,0.27003557175008736f,-0.681539444139945f,-0.6801358511878477f,0.09605826970505595f,0f,0f,0f,1f], start_interpolation: 0, interpolation_duration: 1 }
$data merge entity $(bone_tail_4) { transformation: [1.2732662507689776f,-0.16145977046135496f,-2.4450736448572004f,-1.3669870054331303f,0.5686738259782523f,2.699699994190965f,0.11786158242853845f,0.6273710360858493f,2.3834983670856515f,-0.5578637965380703f,1.2780394556554826f,-0.8414904256656204f,0f,0f,0f,1f], start_interpolation: 0, interpolation_duration: 1 }
$data merge entity $(bone_tail_3) { transformation: [0.3786511580801879f,-0.22980426723267008f,-2.0346397286228908f,-1.0197384806287302f,0.7179061753800555f,1.9526896657517203f,-0.08694434232346258f,0.6230049822260443f,1.91759733778501f,-0.6856665327056106f,0.43431253964369043f,-0.908423997433656f,0f,0f,0f,1f], start_interpolation: 0, interpolation_duration: 1 }
$data merge entity $(bone_tail_2) { transformation: [-0.6591909849816647f,-0.10371498257384866f,-1.836704745654942f,-0.6788111947783626f,0.6134035386037104f,1.8270128089292461f,-0.3233174443788786f,0.6839973101214956f,1.7343521035678207f,-0.685595561100675f,-0.5837425652217787f,-0.7987882109871854f,0f,0f,0f,1f], start_interpolation: 0, interpolation_duration: 1 }
$data merge entity $(bone_tail_1) { transformation: [-0.6493070046000474f,0.2836000882417385f,-1.3362737944473027f,-0.3941063714894113f,0.345406913030489f,1.4655523894394538f,0.14320093658582192f,0.6349372102450711f,1.3216469756361047f,-0.2436871637111534f,-0.6939179260073569f,-0.6477486559198111f,0f,0f,0f,1f], start_interpolation: 0, interpolation_duration: 1 }
$data merge entity $(bone_tail_0) { transformation: [-1.12026992838394f,0.22585191045236358f,-0.572557349693188f,-0.22134159751906463f,0.21281516651490445f,1.2578477870766134f,0.07977697682745527f,0.6419786311879716f,0.5775298338994301f,-0.025408181271244064f,-1.140021680436215f,-0.31522096900207314f,0f,0f,0f,1f], start_interpolation: 0, interpolation_duration: 1 }
$data merge entity $(bone_body_1) { transformation: [-1.0465486640318762f,0.19507778183342295f,-0.6287170650652777f,-0.08831355978948997f,0.09796119577466485f,1.2138363202340123f,0.21356401115216112f,0.5105675000000001f,0.6509562911530568f,0.1309604588108718f,-1.0429332961855964f,-0.08157470306840185f,0f,0f,0f,1f], start_interpolation: 0, interpolation_duration: 1 }