# This file was generated by Animated Java via MC-Build. It is not recommended to edit this file directly.
$data merge entity $(bone_head_lower) { transformation: [-0.7331213812252513f,-0.5466510510540543f,-0.40460557184976725f,0.09196512971655099f,-0.671172115715474f,0.48546825021455875f,0.5602218927528881f,0.4007524987545989f,-0.10982272750389055f,0.6822706254962997f,-0.7228040966323407f,0.8681690275277946f,0f,0f,0f,1f], start_interpolation: 0, interpolation_duration: 1 }
$data merge entity $(bone_head_upper) { transformation: [-0.7631057402501219f,-0.6195625173616115f,-0.34246731064637853f,0.054207333155902045f,-0.6986227755931887f,0.5777866846211447f,0.5114300607908001f,0.4487663145561038f,-0.11431443129932989f,0.6047948220169842f,-0.8394208578786104f,0.8238465864526386f,0f,0f,0f,1f], start_interpolation: 0, interpolation_duration: 1 }
$data merge entity $(bone_neck_0) { transformation: [-0.7309731466981445f,-0.6380760689011766f,-0.24194459924088704f,0.04915610841178482f,-0.6824015559358382f,0.6821714937188079f,0.2626217234232481f,0.45489550619653724f,-0.0025249282286038746f,0.3570727985342357f,-0.9340731455749969f,0.7576525203083373f,0f,0f,0f,1f], start_interpolation: 0, interpolation_duration: 1 }
$data merge entity $(bone_neck_1) { transformation: [-0.8117577291440621f,-0.5307533152565416f,-0.24361918544947456f,0.02607325172318283f,-0.5748422773800613f,0.7997544274155445f,0.17305840622673813f,0.4732401932733237f,0.10298419932873139f,0.28052410622515905f,-0.9543062823408403f,0.6781025924159785f,0f,0f,0f,1f], start_interpolation: 0, interpolation_duration: 1 }
$data merge entity $(bone_neck_2) { transformation: [-0.9375236207036565f,-0.2696181440403918f,-0.21989887909428005f,0.0041687305314352f,-0.30523116182851534f,0.9407207280065732f,0.14791365639317158f,0.49540878280342787f,0.1669832281144455f,0.2057925370439781f,-0.964243762347199f,0.5956424445641424f,0f,0f,0f,1f], start_interpolation: 0, interpolation_duration: 1 }
$data merge entity $(bone_body_0) { transformation: [-0.989191940512251f,-0.14620676733583787f,0.011085396285712035f,0.008000434013322191f,-0.1466227036415343f,0.9868736488988362f,-0.06769183027473152f,0.47290708213713295f,-0.0010428818024554865f,-0.06858558372063653f,-0.9976446913121151f,0.12480287929941626f,0f,0f,0f,1f], start_interpolation: 0, interpolation_duration: 1 }
$data merge entity $(bone_leg_left_3) { transformation: [-0.682082600170509f,0.18021198007209546f,-0.7087220673741804f,0.284587494483444f,-0.15435213119908564f,0.9118454536457965f,0.38041199804921033f,0.1672826568347382f,0.7147997944452265f,0.36886516629249083f,-0.5941378147846473f,-0.3194883473169863f,0f,0f,0f,1f], start_interpolation: 0, interpolation_duration: 1 }
$data merge entity $(bone_leg_left_2) { transformation: [-0.7222041221911528f,-0.03500406075884713f,-0.7275012859928096f,0.2528246386395817f,-0.4257407109010409f,0.851549491626531f,0.381668062447944f,0.37691237471659833f,0.5909553726570874f,0.5707016545811677f,-0.6141120162370507f,-0.20452063691345856f,0f,0f,0f,1f], start_interpolation: 0, interpolation_duration: 1 }
$data merge entity $(bone_leg_left_1) { transformation: [-0.8026884601191848f,0.5930052897117319f,-0.0635292244986275f,0.4332810386353323f,-0.1622438094727734f,-0.11461626949122605f,0.980071455076454f,0.29702658821298644f,0.5739060744401074f,0.7969992704775961f,0.1882125941028548f,-0.00941262970965695f,0f,0f,0f,1f], start_interpolation: 0, interpolation_duration: 1 }
$data merge entity $(bone_leg_left_0) { transformation: [-0.7717678722049689f,-0.5568272227422639f,-0.30711202426045114f,0.1499156206313799f,-0.20249340727566434f,0.6730092213327368f,-0.7113754339383639f,0.5956372402375997f,0.6028024315164187f,-0.4868285447816722f,-0.6321607363192155f,-0.07900427390156939f,0f,0f,0f,1f], start_interpolation: 0, interpolation_duration: 1 }
$data merge entity $(bone_leg_right_3) { transformation: [-0.9998345419109902f,-0.008538359932539418f,-0.016061918045568908f,-0.29305677078145115f,-0.008604367504856028f,0.999954800551869f,0.004044961447598458f,0.026034555533978654f,0.016026654718984547f,0.0041824948217041025f,-0.9998628171282217f,-0.011391660880404424f,0f,0f,0f,1f], start_interpolation: 0, interpolation_duration: 1 }
$data merge entity $(bone_leg_right_2) { transformation: [-1.0249891892262695f,0.027905791184243335f,-0.026088853718588524f,-0.2857680878383264f,0.024760030556795466f,1.0187184023243028f,0.11688437514629542f,0.2670701745626863f,0.02909127630055186f,0.11617350422921209f,-1.0186852379704947f,-0.0158388539746952f,0f,0f,0f,1f], start_interpolation: 0, interpolation_duration: 1 }
$data merge entity $(bone_leg_right_1) { transformation: [-0.9266583512616845f,0.08406423493110642f,-0.3663843670824725f,-0.26195378955305465f,-0.3526874496563501f,0.14280087692407945f,0.9247807699150177f,0.24979381519758714f,0.13006099681255662f,0.9861749915482347f,-0.10267922454402612f,0.2601100403228425f,0f,0f,0f,1f], start_interpolation: 0, interpolation_duration: 1 }
$data merge entity $(bone_leg_right_0) { transformation: [-0.9825385695638303f,-0.1766303062245713f,0.0584781518387501f,-0.2218197890472565f,-0.16961632339258567f,0.7211342258552128f,-0.6717110473551738f,0.6073382705921161f,0.07647393123309135f,-0.6699008607422571f,-0.7385015738768193f,0.04831178021553338f,0f,0f,0f,1f], start_interpolation: 0, interpolation_duration: 1 }
$data merge entity $(bone_tail_4) { transformation: [0.6824215982522499f,-0.6568952172387631f,-2.5939257443897037f,-1.1579262615777968f,0.6520803072897926f,2.6370756972457636f,-0.49627046198682606f,0.5042354552471868f,2.5951403366068075f,-0.48987934449679155f,0.8067999707187027f,-1.0790580689772036f,0f,0f,0f,1f], start_interpolation: 0, interpolation_duration: 1 }
$data merge entity $(bone_tail_3) { transformation: [-0.08580925855594189f,-0.4898258856205352f,-2.022041764891759f,-0.8102693702059265f,0.6443805330757408f,1.9179908528053984f,-0.4919657947380985f,0.5688856276279763f,1.9782204189077486f,-0.6460086813467161f,0.07254160106844415f,-1.085036741701762f,0f,0f,0f,1f], start_interpolation: 0, interpolation_duration: 1 }
$data merge entity $(bone_tail_2) { transformation: [-1.0272002024512719f,-0.24516820890699817f,-1.6442403013027556f,-0.5054265859714074f,0.46272060950330884f,1.8142546494592562f,-0.5595923332740855f,0.6736864837337276f,1.5967226611493082f,-0.6834811564773261f,-0.8956026614048578f,-0.9175281107934155f,0f,0f,0f,1f], start_interpolation: 0, interpolation_duration: 1 }
$data merge entity $(bone_tail_1) { transformation: [-0.9221672583955002f,0.150080026756969f,-1.1894283429916888f,-0.2504284376403295f,0.21843007317578597f,1.496517670749584f,0.019478559152590575f,0.6509928506370656f,1.1787926453264574f,-0.15989714413605896f,-0.934096918216405f,-0.7156924837019036f,0f,0f,0f,1f], start_interpolation: 0, interpolation_duration: 1 }
$data merge entity $(bone_tail_0) { transformation: [-1.2294310119820149f,0.10187579903784076f,-0.33459890156918864f,-0.15019241729320684f,0.09144188588878586f,1.2738851254846952f,0.05187277858349593f,0.6665755364045567f,0.33759959251457694f,0.025956217429964772f,-1.2325536525826157f,-0.35488528944155623f,0f,0f,0f,1f], start_interpolation: 0, interpolation_duration: 1 }
$data merge entity $(bone_body_1) { transformation: [-1.169149861363244f,0.11293957600023924f,-0.3859246673943546f,-0.06807761998618689f,0.0368010624239874f,1.211672689462843f,0.24310403219732235f,0.5284425f,0.40042337411173046f,0.21839995613327656f,-1.1491593343319324f,-0.10243262828720108f,0f,0f,0f,1f], start_interpolation: 0, interpolation_duration: 1 }