# This file was generated by Animated Java via MC-Build. It is not recommended to edit this file directly.
$data merge entity $(bone_head_lower) { transformation: [-0.7304782704142264f,-0.5219287651260412f,-0.44044507102094566f,0.0324679535459657f,-0.6760475950888072f,0.46126333627055616f,0.5746266472999629f,0.42658075208673263f,-0.0967530135307433f,0.7175141104860318f,-0.6897915305555428f,0.8667497876479404f,0f,0f,0f,1f], start_interpolation: 0, interpolation_duration: 1 }
$data merge entity $(bone_head_upper) { transformation: [-0.7603545273082224f,-0.632068080333894f,-0.32530428403023365f,-0.004386624231905988f,-0.7036976600414415f,0.6017671861770171f,0.4755605108462036f,0.47265871604858445f,-0.10071017147039507f,0.5673077983309663f,-0.8668859589927513f,0.8196964368029479f,0f,0f,0f,1f], start_interpolation: 0, interpolation_duration: 1 }
$data merge entity $(bone_neck_0) { transformation: [-0.722364119699529f,-0.6523647610997252f,-0.22936934635217265f,-0.008395559071808386f,-0.6914882845473219f,0.6842433354091425f,0.23163551170313607f,0.4767535874138938f,0.005833601334196605f,0.3259313983393901f,-0.9453754241950671f,0.7532743265967231f,0f,0f,0f,1f], start_interpolation: 0, interpolation_duration: 1 }
$data merge entity $(bone_neck_1) { transformation: [-0.8081837376180817f,-0.5570988226645616f,-0.1909972461461859f,-0.0271420172979088f,-0.5854055168773257f,0.7953556197285012f,0.15719357167480774f,0.49373405002101495f,0.06433837936456406f,0.2388521298880356f,-0.9689222017214231f,0.672294260912899f,0f,0f,0f,1f], start_interpolation: 0, interpolation_duration: 1 }
$data merge entity $(bone_neck_2) { transformation: [-0.9378062660530794f,-0.3074809168956958f,-0.16116728295954763f,-0.044271910391769316f,-0.3283659219696177f,0.9363305635938717f,0.12434185525809718f,0.513794590529725f,0.1126731052231346f,0.16953041445405861f,-0.9790629243998628f,0.5881808144775522f,0f,0f,0f,1f], start_interpolation: 0, interpolation_duration: 1 }
$data merge entity $(bone_body_0) { transformation: [-0.9797617463866524f,-0.17780862922032958f,0.09192938426947192f,-0.0026397857748683695f,-0.18625468397859124f,0.9780609580853834f,-0.09330570703412f,0.4791372139029064f,-0.07332198178862853f,-0.10853964088704776f,-0.9913844024104366f,0.11991108755902224f,0f,0f,0f,1f], start_interpolation: 0, interpolation_duration: 1 }
$data merge entity $(bone_leg_left_3) { transformation: [-0.7471229226167622f,0.15989950044888124f,-0.6451662485412467f,0.3196806403418454f,-0.16185727871023525f,0.8976496270354011f,0.4099114153225338f,0.18367612453454435f,0.644677872917246f,0.4106790679343223f,-0.6447737148267535f,-0.2901482381436806f,0f,0f,0f,1f], start_interpolation: 0, interpolation_duration: 1 }
$data merge entity $(bone_leg_left_2) { transformation: [-0.775377189187828f,-0.09162116574711925f,-0.6651751468410529f,0.27656408485485096f,-0.4358751003440494f,0.8415937629793623f,0.39216710024554097f,0.3912939215466228f,0.5107497536836825f,0.5791266697382104f,-0.6751364225182064f,-0.17522702568573648f,0f,0f,0f,1f], start_interpolation: 0, interpolation_duration: 1 }
$data merge entity $(bone_leg_left_1) { transformation: [-0.8584696297402745f,0.5031404197516789f,-0.09939624150691193f,0.4356201768966821f,-0.16946616200075387f,-0.09536638404361852f,0.9809110422108517f,0.316737036471614f,0.48405693337698424f,0.8589266387803731f,0.16713442028235936f,0.03961202135194272f,0f,0f,0f,1f], start_interpolation: 0, interpolation_duration: 1 }
$data merge entity $(bone_leg_left_0) { transformation: [-0.8301473963338267f,-0.5127088431690443f,-0.21905465641348232f,0.1556205328039339f,-0.20838454071426732f,0.6497390207387421f,-0.7310369950424973f,0.607126630197607f,0.5171374899883708f,-0.5612208540901886f,-0.6462197531666816f,-0.068004714001069f,0f,0f,0f,1f], start_interpolation: 0, interpolation_duration: 1 }
$data merge entity $(bone_leg_right_3) { transformation: [-0.9979332567002688f,-0.023372801958494536f,0.05985755842167518f,-0.2782944439672775f,-0.023442056904032095f,0.9997250937123923f,-0.00045493940005281175f,0.02840156636208846f,-0.05983046999400342f,-0.0018571834477532079f,-0.9982068251269067f,-0.05378016117627186f,0f,0f,0f,1f], start_interpolation: 0, interpolation_duration: 1 }
$data merge entity $(bone_leg_right_2) { transformation: [-1.0245116763360607f,0.0012866773330912605f,0.049359588867914014f,-0.27487968379728767f,0.007598408637513744f,1.017247279104064f,0.13119617693458635f,0.2695631916514333f,-0.048788202856288244f,0.13140972991949437f,-1.0160774545502103f,-0.05447439946302801f,0f,0f,0f,1f], start_interpolation: 0, interpolation_duration: 1 }
$data merge entity $(bone_leg_right_1) { transformation: [-0.9274669546131935f,0.006299457550015777f,-0.3738520629006933f,-0.27181169063594834f,-0.3703173965415806f,0.12270210326819664f,0.920765561732316f,0.24668846374475117f,0.05167275799871845f,0.9924235540776615f,-0.11146934732324171f,0.22207707838679824f,0f,0f,0f,1f], start_interpolation: 0, interpolation_duration: 1 }
$data merge entity $(bone_leg_right_0) { transformation: [-0.9805490970244414f,-0.14803470588526257f,0.1288766626585919f,-0.22641233401429212f,-0.19627302039121247f,0.7375166194357408f,-0.6461781004665722f,0.6116861619330874f,0.0006081044839416627f,-0.6589043647674072f,-0.7522264740750593f,0.02453503906349644f,0f,0f,0f,1f], start_interpolation: 0, interpolation_duration: 1 }
$data merge entity $(bone_tail_4) { transformation: [0.22438228243061356f,-0.746811496705812f,-2.649072764444052f,-1.0397014994076461f,0.6501964053393883f,2.5970159479064527f,-0.6770628718245345f,0.4725497339692898f,2.674426771742866f,-0.5687196904517837f,0.3868600365474069f,-1.207701005400876f,0f,0f,0f,1f], start_interpolation: 0, interpolation_duration: 1 }
$data merge entity $(bone_tail_3) { transformation: [-0.39830536617337364f,-0.514764807059594f,-1.9779574198487782f,-0.6992756369316296f,0.604535778758906f,1.8953261530201777f,-0.6149965787892978f,0.5582831727105185f,1.9523920849876195f,-0.6918825717815681f,-0.2130942969369781f,-1.1647974732172677f,0f,0f,0f,1f], start_interpolation: 0, interpolation_duration: 1 }
$data merge entity $(bone_tail_2) { transformation: [-1.2210907247386966f,-0.25381686119055297f,-1.5044229185755167f,-0.4205700281148471f,0.4018074646219678f,1.80540926525112f,-0.6307313384653197f,0.6762614677991177f,1.4718227061483893f,-0.7034545194421338f,-1.0759477383893914f,-0.9638601957618523f,0f,0f,0f,1f], start_interpolation: 0, interpolation_duration: 1 }
$data merge entity $(bone_tail_1) { transformation: [-1.0427230443985946f,0.10708149230833736f,-1.09037537421071f,-0.18624618525491693f,0.17504162488578076f,1.5022057174820145f,-0.019866099810780753f,0.6620062879511317f,1.0815476560177424f,-0.13988490400813725f,-1.0480186693915154f,-0.7376616026767395f,0f,0f,0f,1f], start_interpolation: 0, interpolation_duration: 1 }
$data merge entity $(bone_tail_0) { transformation: [-1.256651892328271f,0.06020254753399818f,-0.22591456651181202f,-0.1187759034636971f,0.052362174423990576f,1.2762092886373035f,0.048823876018679824f,0.6785360201081564f,0.22785947595260297f,0.03874559910896361f,-1.2571453990498953f,-0.36935949797108936f,0f,0f,0f,1f], start_interpolation: 0, interpolation_duration: 1 }
$data merge entity $(bone_body_1) { transformation: [-1.201536527453389f,0.07409073294521777f,-0.2818246467985764f,-0.058246157465831096f,0.014340242434872351f,1.2093216481284503f,0.2567880524304978f,0.53738f,0.29104797834448365f,0.24628501723771062f,-1.17611196730671f,-0.1125189839479104f,0f,0f,0f,1f], start_interpolation: 0, interpolation_duration: 1 }