# This file was generated by Animated Java via MC-Build. It is not recommended to edit this file directly.
$data merge entity $(bone_head_lower) { transformation: [-0.7807565242135818f,-0.4035650335947983f,-0.4770267430213485f,-0.06769935751314367f,-0.6234946569929593f,0.45320278873127173f,0.6370727156199912f,0.4751985487084185f,-0.04091042164484034f,0.7948223046353364f,-0.6054616762892708f,0.8578401094465443f,0f,0f,0f,1f], start_interpolation: 0, interpolation_duration: 1 }
$data merge entity $(bone_head_upper) { transformation: [-0.8126891407386989f,-0.5864025663337882f,-0.28131891743366494f,-0.10051253911312773f,-0.6489953286745309f,0.7016827174742949f,0.41221155968753886f,0.5191699608841932f,-0.0425836408441053f,0.497237706513236f,-0.9134622265520477f,0.806020552169861f,0f,0f,0f,1f], start_interpolation: 0, interpolation_duration: 1 }
$data merge entity $(bone_neck_0) { transformation: [-0.7560235464531304f,-0.6218650970364232f,-0.20423564403970024f,-0.10338047216816157f,-0.6544388382360223f,0.7237660357964402f,0.21879792603174134f,0.5217812307548286f,0.011756028951849684f,0.2990761216068341f,-0.9541568368291964f,0.739464617168154f,0f,0f,0f,1f], start_interpolation: 0, interpolation_duration: 1 }
$data merge entity $(bone_neck_1) { transformation: [-0.8314570324639629f,-0.5478555450780261f,-0.09237697166220162f,-0.11372991612993445f,-0.5554706250955846f,0.8162758792568787f,0.15857513550153388f,0.5389751069717136f,-0.011471173529363332f,0.18316110578031652f,-0.9830159823254102f,0.6570340616996155f,0f,0f,0f,1f], start_interpolation: 0, interpolation_duration: 1 }
$data merge entity $(bone_neck_2) { transformation: [-0.9389509024432343f,-0.34132940388868865f,-0.04319074949602375f,-0.12085557791135507f,-0.3439453352747036f,0.9343498320123235f,0.09323088416031791f,0.5562907004798343f,0.008532827421639438f,0.10239447963408682f,-0.9947072742252654f,0.570892750125093f,0f,0f,0f,1f], start_interpolation: 0, interpolation_duration: 1 }
$data merge entity $(bone_body_0) { transformation: [-0.9553719352182685f,-0.2019311032100713f,0.21561144439399327f,-0.021162358883337472f,-0.23265032724620996f,0.9641093521870212f,-0.12793350717366267f,0.5051804650158106f,-0.18203925573768953f,-0.1723861554240528f,-0.9680623548039571f,0.11300639892671024f,0f,0f,0f,1f], start_interpolation: 0, interpolation_duration: 1 }
$data merge entity $(bone_leg_left_3) { transformation: [-0.8536345996669495f,0.05753590038506229f,-0.5176848369600247f,0.35184998747825647f,-0.15227109548729176f,0.922897199904517f,0.3536584113060258f,0.15914430734675786f,0.49811794158667616f,0.3807234935951315f,-0.7790559271927595f,-0.2526331562218057f,0f,0f,0f,1f], start_interpolation: 0, interpolation_duration: 1 }
$data merge entity $(bone_leg_left_2) { transformation: [-0.852200957515191f,-0.2090474433661528f,-0.5311448897739312f,0.2853844897301683f,-0.41870849047541514f,0.8776194076070497f,0.3263886868381695f,0.3731534141159495f,0.38794191255223454f,0.4880015792128347f,-0.8145045921735421f,-0.16345069216654856f,0f,0f,0f,1f], start_interpolation: 0, interpolation_duration: 1 }
$data merge entity $(bone_leg_left_1) { transformation: [-0.9347233611503357f,0.3319183723412745f,-0.1269741399740053f,0.400906171216763f,-0.13499154890750564f,-0.001108462707704705f,0.9908461298476057f,0.3229899574498067f,0.32873928856066437f,0.9433074607002452f,0.04584228118106237f,0.0838381154685311f,0f,0f,0f,1f], start_interpolation: 0, interpolation_duration: 1 }
$data merge entity $(bone_leg_left_0) { transformation: [-0.9149684047428792f,-0.3732012945815584f,-0.15347186075929248f,0.16048025947017414f,-0.17644277296014643f,0.7120512578805223f,-0.6795961698103515f,0.6373718049555306f,0.36290600186881034f,-0.5947300226770251f,-0.7173530748063887f,-0.04907807423070126f,0f,0f,0f,1f], start_interpolation: 0, interpolation_duration: 1 }
$data merge entity $(bone_leg_right_3) { transformation: [-0.9913693922826509f,-0.04577758234877661f,0.12284600522372989f,-0.24806888235531094f,-0.0383657762937014f,0.9973361980788261f,0.062036885891006255f,0.05003590737293637f,-0.1253586664515436f,0.056788387509886545f,-0.9904848730745548f,-0.11748009710126574f,0f,0f,0f,1f], start_interpolation: 0, interpolation_duration: 1 }
$data merge entity $(bone_leg_right_2) { transformation: [-1.0187269466432207f,-0.031666465092562955f,0.11512967763446826f,-0.25031183580714933f,-0.01588777668324474f,1.0161278002656635f,0.13890310140533688f,0.29121119821485203f,-0.11834350947871386f,0.13617535759637073f,-1.0097095053768959f,-0.11675876975125718f,0f,0f,0f,1f], start_interpolation: 0, interpolation_duration: 1 }
$data merge entity $(bone_leg_right_1) { transformation: [-0.9185547128537879f,-0.06390446087290999f,-0.390094167316865f,-0.2652771402337364f,-0.39456439019252926f,0.08829730894366122f,0.9146160545416337f,0.25883301560782845f,-0.02400378066249373f,0.994042154595996f,-0.10632033389740891f,0.15845220134955382f,0f,0f,0f,1f], start_interpolation: 0, interpolation_duration: 1 }
$data merge entity $(bone_leg_right_0) { transformation: [-0.9675545184723098f,-0.1569420729671242f,0.1980086854574792f,-0.23051383689158178f,-0.24458979851334994f,0.7783132801639461f,-0.5782769824086358f,0.6399392968717659f,-0.06335680111097723f,-0.6079454117379459f,-0.7914469610149271f,-0.00845134470734421f,0f,0f,0f,1f], start_interpolation: 0, interpolation_duration: 1 }
$data merge entity $(bone_tail_4) { transformation: [-1.6183482890437566f,-0.6220510846742451f,-2.1493400370822537f,-0.6804276418061282f,0.3881746427425175f,2.5343284402135593f,-1.0257490606656319f,0.43577688620426036f,2.2036176151231106f,-0.9032680315279091f,-1.3977974106210207f,-1.542884050328528f,0f,0f,0f,1f], start_interpolation: 0, interpolation_duration: 1 }
$data merge entity $(bone_tail_3) { transformation: [-1.4658238924540716f,-0.3502176218233351f,-1.436890204476197f,-0.43335700777803077f,0.3744035098471581f,1.8692976751326518f,-0.8375522309696488f,0.5595022482954779f,1.430778757938965f,-0.8479500841161082f,-1.25291592963078f,-1.322137951810079f,0f,0f,0f,1f], start_interpolation: 0, interpolation_duration: 1 }
$data merge entity $(bone_tail_2) { transformation: [-1.7030241357163511f,-0.1477591149214278f,-0.9469160005660426f,-0.25862184385224424f,0.25094871256220047f,1.7946828384060343f,-0.7313768715217962f,0.696076224021965f,0.9249364366450957f,-0.7589826272657842f,-1.5450604631139122f,-1.0344112488240162f,0f,0f,0f,1f], start_interpolation: 0, interpolation_duration: 1 }
$data merge entity $(bone_tail_1) { transformation: [-1.2878518092386688f,0.05720741795711154f,-0.7910886668202046f,-0.08785731310338397f,0.12139052683982328f,1.5050043473207781f,-0.08878346996546574f,0.696668339711349f,0.7838101220539566f,-0.1390880148547637f,-1.2860608331993955f,-0.7567139290026682f,0f,0f,0f,1f], start_interpolation: 0, interpolation_duration: 1 }
$data merge entity $(bone_tail_0) { transformation: [-1.2768941339099853f,0.018248051594308333f,-0.055173326737724286f,-0.0712940266921783f,0.016514960680458345f,1.2774735970529587f,0.04030113509971456f,0.7157191248660616f,0.05571663525392693f,0.039546605791319106f,-1.2763884358260202f,-0.38276923198313484f,0f,0f,0f,1f], start_interpolation: 0, interpolation_duration: 1 }
$data merge entity $(bone_body_1) { transformation: [-1.2297206067896016f,0.03713080950965287f,-0.12252806730876978f,-0.045308990906774274f,0.008075052146667264f,1.2033687564254023f,0.2836247955455575f,0.5687249074074074f,0.1277756542776954f,0.28129972289461747f,-1.1971417807133657f,-0.12339806983132504f,0f,0f,0f,1f], start_interpolation: 0, interpolation_duration: 1 }