# This file was generated by Animated Java via MC-Build. It is not recommended to edit this file directly.
$data merge entity $(bone_head_lower) { transformation: [-0.825283978675044f,-0.3708287212312671f,-0.42590188312834726f,-0.10090464923837171f,-0.5637175558971986f,0.496101167299722f,0.6603833348723617f,0.4779871755896028f,-0.033598686218034586f,0.7850921546632831f,-0.6184670055634219f,0.8640378169667192f,0f,0f,0f,1f], start_interpolation: 0, interpolation_duration: 1 }
$data merge entity $(bone_head_upper) { transformation: [-0.8590377495345289f,-0.5335437091871269f,-0.24669251679976284f,-0.13015823427155687f,-0.5867733690510791f,0.7523538721081371f,0.4160920656295264f,0.5233832224807855f,-0.034972858484899616f,0.4824590180463441f,-0.9216735526522718f,0.8113227035630983f,0f,0f,0f,1f], start_interpolation: 0, interpolation_duration: 1 }
$data merge entity $(bone_neck_0) { transformation: [-0.7967919761755056f,-0.578096662162187f,-0.17586016006836344f,-0.13188862579394184f,-0.6039433745817432f,0.7525823947991296f,0.26243501926614743f,0.5283320887355274f,-0.01936354825822178f,0.3153156961449035f,-0.9487892625675663f,0.744860302746781f,0f,0f,0f,1f], start_interpolation: 0, interpolation_duration: 1 }
$data merge entity $(bone_neck_1) { transformation: [-0.8605220261474684f,-0.5062345717226331f,-0.05681901889207107f,-0.13903410183632792f,-0.5072251242715334f,0.8411523918811789f,0.1875775224815041f,0.548097450770041f,-0.047164773112809304f,0.19023462362402366f,-0.9806050541129405f,0.6626665713537876f,0f,0f,0f,1f], start_interpolation: 0, interpolation_duration: 1 }
$data merge entity $(bone_neck_2) { transformation: [-0.9482592963335073f,-0.3174738207210499f,-0.0038314584507695704f,-0.14247803345855076f,-0.3160479471556653f,0.9427112812089424f,0.10681355429009903f,0.5666848518650972f,-0.030298548080249177f,0.10249787040798819f,-0.9942716854794045f,0.5765644328806138f,0f,0f,0f,1f], start_interpolation: 0, interpolation_duration: 1 }
$data merge entity $(bone_body_0) { transformation: [-0.9544930609374045f,-0.17756798401226845f,0.239609281281345f,-0.031242634733154518f,-0.21125150806811432f,0.9696702895490682f,-0.12293221670812565f,0.5179846807221871f,-0.21051317526770474f,-0.16795576983136035f,-0.9630550671789561f,0.12108020252331773f,0f,0f,0f,1f], start_interpolation: 0, interpolation_duration: 1 }
$data merge entity $(bone_leg_left_3) { transformation: [-0.880592312095872f,-0.0012139082694224103f,-0.4738730909266318f,0.33518277992504186f,-0.13277755183534642f,0.960571862907422f,0.24427815686052903f,0.11385179946236404f,0.4548926264584406f,0.2780291758382179f,-0.8460333774600527f,-0.25051772709264186f,0f,0f,0f,1f], start_interpolation: 0, interpolation_duration: 1 }
$data merge entity $(bone_leg_left_2) { transformation: [-0.8722511567530314f,-0.2384307913697897f,-0.48413931545627303f,0.26328964376689185f,-0.3844181306319958f,0.9203260829441083f,0.2393424354243332f,0.3351788485046146f,0.3787648609429004f,0.3849842312098315f,-0.872001445718627f,-0.18713960467164725f,0f,0f,0f,1f], start_interpolation: 0, interpolation_duration: 1 }
$data merge entity $(bone_leg_left_1) { transformation: [-0.9495896670945942f,0.29563588381134515f,-0.10430190961944247f,0.3680481286448502f,-0.09004269526733964f,0.06148266724892387f,0.9940383265533337f,0.30095495921906507f,0.3002861588155045f,0.9533201486547129f,-0.0317634537288779f,0.06755191640436092f,0f,0f,0f,1f], start_interpolation: 0, interpolation_duration: 1 }
$data merge entity $(bone_leg_left_0) { transformation: [-0.9342326714587147f,-0.3014747424125424f,-0.19058408975149074f,0.15656559513160823f,-0.13496856775088018f,0.7934411727341095f,-0.5934935476730956f,0.6451062800172648f,0.3301405780851381f,-0.5287382009062824f,-0.781948280645209f,-0.038005105986990195f,0f,0f,0f,1f], start_interpolation: 0, interpolation_duration: 1 }
$data merge entity $(bone_leg_right_3) { transformation: [-0.9934037212295099f,-0.03426597888189112f,0.10942983751530987f,-0.2563108513833035f,-0.020605644697190385f,0.9921174520302417f,0.12360569883154124f,0.06297376287506004f,-0.11280272183761547f,0.12053548883331584f,-0.9862792413296241f,-0.11686621181759799f,0f,0f,0f,1f], start_interpolation: 0, interpolation_duration: 1 }
$data merge entity $(bone_leg_right_2) { transformation: [-1.0201208095755385f,-0.013296026721633821f,0.10601390967726487f,-0.25455123797546875f,-0.0009280287853611866f,1.0187920736315668f,0.11884464215419827f,0.3041269875068187f,-0.10684040497028821f,0.11810218405941353f,-1.0132616648659294f,-0.12048533828334923f,0f,0f,0f,1f], start_interpolation: 0, interpolation_duration: 1 }
$data merge entity $(bone_leg_right_1) { transformation: [-0.9246334029220241f,-0.05134400306209741f,-0.3773815887803705f,-0.266899546934461f,-0.3806713741037814f,0.0935463183802051f,0.9199665163773341f,0.27316771639916804f,-0.011932105379028765f,0.9942901385747865f,-0.10604124289235323f,0.1550186153327502f,0f,0f,0f,1f], start_interpolation: 0, interpolation_duration: 1 }
$data merge entity $(bone_leg_right_0) { transformation: [-0.9693700635225801f,-0.16852501840139944f,0.17866448477253838f,-0.23489824194308517f,-0.24110353649928828f,0.7915880711177866f,-0.5614778805541302f,0.6577131928423471f,-0.04680560472598326f,-0.5873564878647631f,-0.8079737567083507f,-0.00438016631375554f,0f,0f,0f,1f], start_interpolation: 0, interpolation_duration: 1 }
$data merge entity $(bone_tail_4) { transformation: [-2.3398446948127076f,-0.36621077743115915f,-1.4200978143248078f,-0.49828652015308134f,0.2063092932852763f,2.5651955367971446f,-1.001433804652178f,0.44957493964900624f,1.451972662022588f,-0.9546323146056145f,-2.14618588762711f,-1.6492792736652406f,0f,0f,0f,1f], start_interpolation: 0, interpolation_duration: 1 }
$data merge entity $(bone_tail_3) { transformation: [-1.8448611798596346f,-0.16060946829654785f,-0.9521750636226839f,-0.33526112642540007f,0.2631902410291903f,1.8919139913335246f,-0.829058425243898f,0.5716387477610372f,0.9290660095592556f,-0.8548751804412124f,-1.655889580192982f,-1.36013596804692f,0f,0f,0f,1f], start_interpolation: 0, interpolation_duration: 1 }
$data merge entity $(bone_tail_2) { transformation: [-1.8443377397173504f,-0.026594991452383875f,-0.6453564002059013f,-0.2166608958442925f,0.2252193562679125f,1.8034894149442144f,-0.7179666055947294f,0.7057028544480131f,0.6053663505839575f,-0.751992361408411f,-1.6990623723003342f,-1.0440152876518027f,0f,0f,0f,1f], start_interpolation: 0, interpolation_duration: 1 }
$data merge entity $(bone_tail_1) { transformation: [-1.3606169822930352f,0.09142179286382483f,-0.6542321707814122f,-0.07569507371777197f,0.14692672676787877f,1.5023058041185617f,-0.09563502430050966f,0.7077779385223676f,0.6440420905942966f,-0.14958468070376021f,-1.360327335181383f,-0.7500748038509035f,0f,0f,0f,1f], start_interpolation: 0, interpolation_duration: 1 }
$data merge entity $(bone_tail_0) { transformation: [-1.2770574608267595f,0.048196601674812524f,-0.02523976857534926f,-0.06715635686013047f,0.047505093250197986f,1.2768635693197448f,0.03461803061063812f,0.7284747378405544f,0.026518379400478576f,0.033648618323321056f,-1.2774976566017378f,-0.3759482956839615f,0f,0f,0f,1f], start_interpolation: 0, interpolation_duration: 1 }
$data merge entity $(bone_body_1) { transformation: [-1.2311979944021572f,0.06273474998919788f,-0.09391722302191749f,-0.049547548686846535f,0.03965016513870885f,1.2027440023986635f,0.2836182718986328f,0.5815241186556928f,0.10575423415083139f,0.2794204911850355f,-1.1997269798255497f,-0.11584953135984268f,0f,0f,0f,1f], start_interpolation: 0, interpolation_duration: 1 }