# This file was generated by Animated Java via MC-Build. It is not recommended to edit this file directly.
$data merge entity $(bone_head_lower) { transformation: [-0.9021898046077926f,-0.3243912558020262f,-0.2842953914873348f,-0.14230444905482867f,-0.4310303544747933f,0.6530716272011364f,0.6226638605750249f,0.46228803380627914f,-0.016321457750052143f,0.6843009300768517f,-0.7290170417163573f,0.8747461963552942f,0f,0f,0f,1f], start_interpolation: 0, interpolation_duration: 1 }
$data merge entity $(bone_head_upper) { transformation: [-0.9390889917038329f,-0.409198706786084f,-0.18477074067281785f,-0.16452202601076518f,-0.4486593163768314f,0.8390587297071342f,0.4220867310328907f,0.5100871463476995f,-0.01698899857142188f,0.4604441432468804f,-0.9333672950455751f,0.8207361916686017f,0f,0f,0f,1f], start_interpolation: 0, interpolation_duration: 1 }
$data merge entity $(bone_neck_0) { transformation: [-0.8693383382504699f,-0.4847345550046062f,-0.09634970073849501f,-0.16260312266064259f,-0.48554575452658894f,0.8013366765482901f,0.3494350455803574f,0.51983196679092f,-0.09217469234620088f,0.3505594699947887f,-0.9319935000244669f,0.7548112909196497f,0f,0f,0f,1f], start_interpolation: 0, interpolation_duration: 1 }
$data merge entity $(bone_neck_1) { transformation: [-0.9101387086028403f,-0.4142952699599059f,0.0026382554088721574f,-0.1642882343222054f,-0.4001384499832461f,0.8806537543593668f,0.25364973049021217f,0.545376489880768f,-0.10740927309948199f,0.22980077071585414f,-0.9672925378760244f,0.6739275806725825f,0f,0f,0f,1f], start_interpolation: 0, interpolation_duration: 1 }
$data merge entity $(bone_neck_2) { transformation: [-0.9647505468539372f,-0.2580235086881323f,0.05177114359654533f,-0.16227890527432082f,-0.24749555362295247f,0.9564444096134559f,0.1547903170616176f,0.5683014711306155f,-0.08945576159139829f,0.13652091518676954f,-0.9865899383404787f,0.5888315277346694f,0f,0f,0f,1f], start_interpolation: 0, interpolation_duration: 1 }
$data merge entity $(bone_body_0) { transformation: [-0.9589717850433398f,-0.12788820000603293f,0.25301724010432014f,-0.04425112379311261f,-0.1547880900604231f,0.9838985209745438f,-0.08935517668021009f,0.5355615747285787f,-0.2375158156128485f,-0.12485314863199129f,-0.9633264911806594f,0.13362998260841108f,0f,0f,0f,1f], start_interpolation: 0, interpolation_duration: 1 }
$data merge entity $(bone_leg_left_3) { transformation: [-0.9122720970102666f,-0.0934397086836998f,-0.39878395386173204f,0.29552655041216275f,-0.10727026278467548f,0.9941518957437453f,0.012453871334794801f,0.04953185315195871f,0.39528813761431975f,0.054138978843548964f,-0.9169603367819027f,-0.2585751761715723f,0f,0f,0f,1f], start_interpolation: 0, interpolation_duration: 1 }
$data merge entity $(bone_leg_left_2) { transformation: [-0.9000554054700488f,-0.26985229828951857f,-0.4112690162080106f,0.2185179903477848f,-0.3208225348457084f,0.9721136109009012f,0.06426685099707047f,0.27761854084964815f,0.37287446643611094f,0.18503260282925837f,-0.9374378740326794f,-0.2438369049729752f,0f,0f,0f,1f], start_interpolation: 0, interpolation_duration: 1 }
$data merge entity $(bone_leg_left_1) { transformation: [-0.965546201826454f,0.2547873709430791f,-0.052952126930106695f,0.30977359524532433f,-0.010447037757249917f,0.1653656214246784f,0.9861769976291923f,0.27044814201088674f,0.2600219058860367f,0.9527526472588483f,-0.15700637439495704f,0.01814474632161997f,0f,0f,0f,1f], start_interpolation: 0, interpolation_duration: 1 }
$data merge entity $(bone_leg_left_0) { transformation: [-0.9576478671796362f,-0.16842881330867143f,-0.23354292396415327f,0.15130371857163505f,-0.06273670636968562f,0.9136397950890656f,-0.4016546159369939f,0.6545752651912384f,0.2810243195173283f,-0.36999197244946136f,-0.8855118701422243f,-0.022363647730300654f,0f,0f,0f,1f], start_interpolation: 0, interpolation_duration: 1 }
$data merge entity $(bone_leg_right_3) { transformation: [-0.9958050127309356f,-0.0060466307695103555f,0.09130068387629081f,-0.2694177585429899f,0.012293397525653933f,0.9799262881166875f,0.19898075845449778f,0.07489927759389647f,-0.09067110343002023f,0.19926843230724772f,-0.9757411761776759f,-0.1095827860920229f,0f,0f,0f,1f], start_interpolation: 0, interpolation_duration: 1 }
$data merge entity $(bone_leg_right_2) { transformation: [-1.0216765740384095f,0.022111848011534138f,0.08803546864387894f,-0.25995782172130144f,0.02745241154752272f,1.0234858686850548f,0.06152431391668579f,0.31533113535079604f,-0.08651903063521932f,0.06363915681566086f,-1.0200621130884275f,-0.1261388555806215f,0f,0f,0f,1f], start_interpolation: 0, interpolation_duration: 1 }
$data merge entity $(bone_leg_right_1) { transformation: [-0.9357133651171443f,-0.027955882318031436f,-0.35165176948932014f,-0.26753758665337135f,-0.35235881097072663f,0.12167222192661592f,0.9279219464711115f,0.292154729513055f,0.01684537540232671f,0.9921765664715433f,-0.12370082567345286f,0.15030062610711525f,0f,0f,0f,1f], start_interpolation: 0, interpolation_duration: 1 }
$data merge entity $(bone_leg_right_0) { transformation: [-0.9721208640195919f,-0.18900618683055728f,0.13877206879474824f,-0.24001051099002452f,-0.2341737646506094f,0.8128209326726158f,-0.5333711459749019f,0.6819430900560076f,-0.011986395920494924f,-0.550997997046261f,-0.8344204776752819f,0.0032816727197556433f,0f,0f,0f,1f], start_interpolation: 0, interpolation_duration: 1 }
$data merge entity $(bone_tail_4) { transformation: [-2.7374519720430346f,-0.02592602837979428f,0.36241671237699513f,-0.14382443328180547f,-0.12643070155965538f,2.6502578448344054f,-0.7653822347016064f,0.4826123588098142f,-0.3406366246615782f,-0.7753209197139862f,-2.6284036016169634f,-1.7309705072572261f,0f,0f,0f,1f], start_interpolation: 0, interpolation_duration: 1 }
$data merge entity $(bone_tail_3) { transformation: [-2.076870038245392f,0.0981041995478704f,0.11371867179183003f,-0.16406694425404506f,0.05213909478435258f,1.949572727860284f,-0.7296528075892827f,0.5872564116127843f,-0.14084702722491033f,-0.7249050081623979f,-1.9469515582333894f,-1.3937457062753387f,0f,0f,0f,1f], start_interpolation: 0, interpolation_duration: 1 }
$data merge entity $(bone_tail_2) { transformation: [-1.9471432847779233f,0.14197278709476274f,-0.08515063870318376f,-0.1496436490277502f,0.16270403365527433f,1.826704805797468f,-0.6748709690833609f,0.7132684311256586f,0.03056633735530534f,-0.6795345136221975f,-1.8319586291234038f,-1.053327693440761f,0f,0f,0f,1f], start_interpolation: 0, interpolation_duration: 1 }
$data merge entity $(bone_tail_1) { transformation: [-1.4494555922659422f,0.14524043924846675f,-0.4069888829635258f,-0.06245482738274708f,0.18347287786629662f,1.4965797132183338f,-0.11934452258394425f,0.7204806150831775f,0.3912447304903226f,-0.16373950894711703f,-1.451817200639706f,-0.7392850677009629f,0f,0f,0f,1f], start_interpolation: 0, interpolation_duration: 1 }
$data merge entity $(bone_tail_0) { transformation: [-1.2745506336948162f,0.09642459281366782f,0.007661372780895953f,-0.06236676138626481f,0.09655619473569545f,1.2743232776361615f,0.024754836230943673f,0.7439983672776194f,-0.005770614380805043f,0.025262592095363915f,-1.2779531360868908f,-0.3652278275934062f,0f,0f,0f,1f], start_interpolation: 0, interpolation_duration: 1 }
$data merge entity $(bone_body_1) { transformation: [-1.230727461871308f,0.101958606756995f,-0.05932075657163014f,-0.055443152148561686f,0.08607490116187687f,1.2013759191064708f,0.27909067959590766f,0.5981925f,0.0806574301724973f,0.2736876660639002f,-1.2029937803075765f,-0.10398343146293207f,0f,0f,0f,1f], start_interpolation: 0, interpolation_duration: 1 }