# This file was generated by Animated Java via MC-Build. It is not recommended to edit this file directly.
$data merge entity $(bone_head_lower) { transformation: [-0.9271721729299525f,-0.24416903941990564f,-0.28413595677617387f,-0.1415067857002142f,-0.37427796509537553f,0.6368359533239147f,0.6740593248357933f,0.452866738283666f,0.01636357504997142f,0.7313148766043129f,-0.6818436658566265f,0.874054624744149f,0f,0f,0f,1f], start_interpolation: 0, interpolation_duration: 1 }
$data merge entity $(bone_head_upper) { transformation: [-0.9650931284810489f,-0.3467216507661401f,-0.1784693050139785f,-0.16189512493267652f,-0.3895857779186243f,0.8780779177378125f,0.4008416577755797f,0.5000957751143856f,0.017032838451358983f,0.43844635915324603f,-0.9438996848940358f,0.8188351517732718f,0f,0f,0f,1f], start_interpolation: 0, interpolation_duration: 1 }
$data merge entity $(bone_neck_0) { transformation: [-0.8931541645514484f,-0.4446797924433728f,-0.06734627337072165f,-0.1587432739977025f,-0.4377095619871633f,0.8250240850740821f,0.357415162510881f,0.5099566567570741f,-0.10337300271062433f,0.34870494868899216f,-0.931514294614096f,0.7529749581567217f,0f,0f,0f,1f], start_interpolation: 0, interpolation_duration: 1 }
$data merge entity $(bone_neck_1) { transformation: [-0.9254939055257785f,-0.37828262704450744f,0.019060034390004234f,-0.15887133969938344f,-0.3598551994002614f,0.8938810415218967f,0.2673591574499131f,0.5367234847051845f,-0.1181747278365394f,0.24058041833041063f,-0.9634084263783064f,0.6724699436215789f,0f,0f,0f,1f], start_interpolation: 0, interpolation_duration: 1 }
$data merge entity $(bone_neck_2) { transformation: [-0.9692734549206357f,-0.2379946724076047f,0.0621892715169734f,-0.1557532096845009f,-0.22465262109470546f,0.9594396197503899f,0.17031387462125938f,0.5610377710031852f,-0.10020064581375523f,0.15110973482480955f,-0.9834254819861452f,0.5877939544559968f,0f,0f,0f,1f], start_interpolation: 0, interpolation_duration: 1 }
$data merge entity $(bone_body_0) { transformation: [-0.9628884130739696f,-0.11885523348793611f,0.24232073258477294f,-0.042680601788059054f,-0.1407794392405316f,0.9871806428739591f,-0.07520324342791548f,0.5349988939869494f,-0.23027603751804987f,-0.10652610857196015f,-0.9672771757554816f,0.13090505447006376f,0f,0f,0f,1f], start_interpolation: 0, interpolation_duration: 1 }
$data merge entity $(bone_leg_left_3) { transformation: [-0.9245714481530926f,-0.10073517446117637f,-0.3674507611726635f,0.28944616803614276f,-0.08991735360935572f,0.9948635892354771f,-0.04648987344996984f,0.036156560608612553f,0.37024654864020473f,-0.009943009593703145f,-0.9288803097171541f,-0.26243802058716287f,0f,0f,0f,1f], start_interpolation: 0, interpolation_duration: 1 }
$data merge entity $(bone_leg_left_2) { transformation: [-0.9146435242962153f,-0.2644327383538766f,-0.38152948752404886f,0.21459735247677525f,-0.296361421134059f,0.9814882776771188f,0.030213711233455884f,0.26541402341386267f,0.3572944598326345f,0.1371797622456315f,-0.9516220790333904f,-0.2593167030008241f,0f,0f,0f,1f], start_interpolation: 0, interpolation_duration: 1 }
$data merge entity $(bone_leg_left_1) { transformation: [-0.9717645447222993f,0.23449017444815387f,-0.026230282269484234f,0.29904545912538716f,0.018456976651381206f,0.1863702999893085f,0.9823061901946796f,0.2635795909437479f,0.23522969547561978f,0.954086195985022f,-0.18543602939363638f,0.005028786464653448f,0f,0f,0f,1f], start_interpolation: 0, interpolation_duration: 1 }
$data merge entity $(bone_leg_left_0) { transformation: [-0.966012998938365f,-0.12819997703772212f,-0.22446302985042804f,0.1546589099552024f,-0.04136099691136991f,0.9338216516366407f,-0.3553398244907462f,0.6543459274009283f,0.25516299460659314f,-0.33397887481417754f,-0.9073863330253833f,-0.022566018753223227f,0f,0f,0f,1f], start_interpolation: 0, interpolation_duration: 1 }
$data merge entity $(bone_leg_right_3) { transformation: [-0.9956311690190295f,-0.0014793999271817456f,0.09336159089077371f,-0.2614548567471213f,0.015101963125782217f,0.9841585897907372f,0.17664597603923654f,0.06710003490213332f,-0.09214394167577307f,0.17728418292944942f,-0.9798366254103229f,-0.11471362762422427f,0f,0f,0f,1f], start_interpolation: 0, interpolation_duration: 1 }
$data merge entity $(bone_leg_right_2) { transformation: [-1.0214553158234578f,0.024877867204698367f,0.0898461407075454f,-0.25129455024576647f,0.02770375108408061f,1.0248522285467283f,0.031186717034180904f,0.3069124316064379f,-0.08901538885252347f,0.03348433763484302f,-1.0212821643313295f,-0.1383325739333081f,0f,0f,0f,1f], start_interpolation: 0, interpolation_duration: 1 }
$data merge entity $(bone_leg_right_1) { transformation: [-0.9363529021621235f,-0.02969774592805574f,-0.3498017817269681f,-0.25945837828086465f,-0.35043207264002685f,0.1386462394102142f,0.9262691740323762f,0.28847336493126535f,0.020990594984033134f,0.9898965926722845f,-0.1402288513039242f,0.1384466492604272f,0f,0f,0f,1f], start_interpolation: 0, interpolation_duration: 1 }
$data merge entity $(bone_leg_right_0) { transformation: [-0.970034952296256f,-0.20212537700483288f,0.1348240456827143f,-0.23700346998648078f,-0.242890285793653f,0.820530691335818f,-0.5174298924908012f,0.6810046285698408f,-0.0060415553194561565f,-0.5346725320667022f,-0.845037740614408f,-0.001989324493618716f,0f,0f,0f,1f], start_interpolation: 0, interpolation_duration: 1 }
$data merge entity $(bone_tail_4) { transformation: [-2.5946097528233794f,-0.035589987544515554f,0.9446665628360015f,-0.0273773105666254f,-0.25614291136430006f,2.682742816298978f,-0.6024476094682828f,0.4928120311753953f,-0.9099738299048075f,-0.653670915662315f,-2.5239499389856306f,-1.7344821833156878f,0f,0f,0f,1f], start_interpolation: 0, interpolation_duration: 1 }
$data merge entity $(bone_tail_3) { transformation: [-2.0293789932631126f,0.10373721719201487f,0.4547581967552626f,-0.10550264565450175f,-0.046760858693873815f,1.9746681683686924f,-0.6591240952734843f,0.5852514421097341f,-0.4640903466363556f,-0.6525869602169004f,-1.9221591858007645f,-1.4021689413913174f,0f,0f,0f,1f], start_interpolation: 0, interpolation_duration: 1 }
$data merge entity $(bone_tail_2) { transformation: [-1.9473602739001428f,0.14267695263341856f,0.0787726210404293f,-0.12155231927737864f,0.10834565596875112f,1.8389053442177583f,-0.6522746575200089f,0.7070255647792303f,-0.12174997934718029f,-0.6456348017241521f,-1.8404093349943522f,-1.0602845237969873f,0f,0f,0f,1f], start_interpolation: 0, interpolation_duration: 1 }
$data merge entity $(bone_tail_1) { transformation: [-1.4706402937576426f,0.1337559675244071f,-0.3270821265799236f,-0.05139791501322908f,0.16675901123816597f,1.4969660285217208f,-0.13762409535679435f,0.7181825545048527f,0.31155225652738366f,-0.16987731044349777f,-1.4702833539318805f,-0.7421170236631226f,0f,0f,0f,1f], start_interpolation: 0, interpolation_duration: 1 }
$data merge entity $(bone_tail_0) { transformation: [-1.274905400295859f,0.08999111117440142f,0.01880257402802898f,-0.05472081833896517f,0.09027278778125059f,1.2748791944883788f,0.01922445918333095f,0.7433298266744515f,-0.017400019157583695f,0.020502584088031215f,-1.2779329403231834f,-0.3681805526995414f,0f,0f,0f,1f], start_interpolation: 0, interpolation_duration: 1 }
$data merge entity $(bone_body_1) { transformation: [-1.2318224341498165f,0.09622358657268461f,-0.044261802590497376f,-0.05091191065157905f,0.08384462702302875f,1.201599420560991f,0.27880729201925464f,0.5975747886297376f,0.06471602816026556f,0.2747807288563553f,-1.2037075981336083f,-0.10684382945949569f,0f,0f,0f,1f], start_interpolation: 0, interpolation_duration: 1 }