# This file was generated by Animated Java via MC-Build. It is not recommended to edit this file directly.
$data merge entity $(bone_head_lower) { transformation: [-0.9381528984918813f,-0.22751633499268453f,-0.2609702212183946f,-0.13810678795896128f,-0.3445352893889712f,0.6877933959660536f,0.6389332350341006f,0.44690334152239997f,0.03412584675783391f,0.6893305170794195f,-0.7236427743065506f,0.8726402469473238f,0f,0f,0f,1f], start_interpolation: 0, interpolation_duration: 1 }
$data merge entity $(bone_head_upper) { transformation: [-0.9765229611431583f,-0.3136975230463223f,-0.1773942303974577f,-0.15768301446802466f,-0.3586266391686096f,0.8963872566194719f,0.38903568272377254f,0.4937392475030925f,0.0355215796711265f,0.42609352586999705f,-0.9490281698521121f,0.8167955895624813f,0f,0f,0f,1f], start_interpolation: 0, interpolation_duration: 1 }
$data merge entity $(bone_neck_0) { transformation: [-0.9040021816880092f,-0.424195888703367f,-0.05327197678404359f,-0.1539500800259325f,-0.4142415155745916f,0.8382594091150994f,0.35457739607096994f,0.503194216609049f,-0.1057545378590651f,0.3426062040260869f,-0.9335078824975453f,0.75090625040998f,0f,0f,0f,1f], start_interpolation: 0, interpolation_duration: 1 }
$data merge entity $(bone_neck_1) { transformation: [-0.9327565329555813f,-0.3595232496159519f,0.026613590781195746f,-0.1533518382539607f,-0.33971789007028474f,0.9012762507437421f,0.2688733438098637f,0.530123384820027f,-0.12065241561973357f,0.24175225506888073f,-0.9628077906696819f,0.6704575161080759f,0f,0f,0f,1f], start_interpolation: 0, interpolation_duration: 1 }
$data merge entity $(bone_neck_2) { transformation: [-0.9714504454615915f,-0.2280240978223915f,0.06549078427350893f,-0.14984685280346163f,-0.21367868106919616f,0.9609052647392986f,0.17607524940441502f,0.5549567603398126f,-0.10307983929461469f,0.15705439506292918f,-0.9821957359520626f,0.5859474638573186f,0f,0f,0f,1f], start_interpolation: 0, interpolation_duration: 1 }
$data merge entity $(bone_body_0) { transformation: [-0.9652436343147693f,-0.11511940400029026f,0.23463215729612483f,-0.04036225316274562f,-0.13475436089280954f,0.9884463083769895f,-0.06939133718463356f,0.5316690699873855f,-0.22393300032640556f,-0.09859725289539778f,-0.9696043487352431f,0.12803730823431148f,0f,0f,0f,1f], start_interpolation: 0, interpolation_duration: 1 }
$data merge entity $(bone_leg_left_3) { transformation: [-0.9308812936192524f,-0.08130548684442042f,-0.3561592831848392f,0.2858828750865302f,-0.06974778084486265f,0.9965402598870317f,-0.045196874797977175f,0.03578966472701456f,0.35860181853549444f,-0.01723160565004893f,-0.9333315635452158f,-0.26869138142869875f,0f,0f,0f,1f], start_interpolation: 0, interpolation_duration: 1 }
$data merge entity $(bone_leg_left_2) { transformation: [-0.9248317645741588f,-0.24536536953023644f,-0.3695189334399958f,0.21583400961871946f,-0.2822040501803333f,0.9847201832864253f,0.05243314019643435f,0.2665091233538778f,0.3422123329121227f,0.14894359860139503f,-0.9553893044927827f,-0.26296775289294383f,0f,0f,0f,1f], start_interpolation: 0, interpolation_duration: 1 }
$data merge entity $(bone_leg_left_1) { transformation: [-0.9738283989011101f,0.22726475899180942f,-0.0029964669354010723f,0.29712806518944324f,0.03587553498338904f,0.1667182749073359f,0.9853516949808212f,0.2588274261657799f,0.22443528128027423f,0.9594559636233007f,-0.1705082355322684f,0.0022597979326445805f,0f,0f,0f,1f], start_interpolation: 0, interpolation_duration: 1 }
$data merge entity $(bone_leg_left_0) { transformation: [-0.9689477444564548f,-0.11401062063897291f,-0.21941250396061013f,0.15756033475294057f,-0.03165367285381446f,0.9372476166160575f,-0.3472246393077303f,0.6514070061958062f,0.24523114302146098f,-0.32949731945652605f,-0.9117528190048835f,-0.024374776002468804f,0f,0f,0f,1f], start_interpolation: 0, interpolation_duration: 1 }
$data merge entity $(bone_leg_right_3) { transformation: [-0.9955220624845004f,0.001704724747558943f,0.09451411016425963f,-0.2563139208499141f,0.016040651937080454f,0.9883837688064704f,0.15112982182664053f,0.059927740264740154f,-0.09315857766217883f,0.15196913987206004f,-0.983985192944745f,-0.11848711907777071f,0f,0f,0f,1f], start_interpolation: 0, interpolation_duration: 1 }
$data merge entity $(bone_leg_right_2) { transformation: [-1.021331927472538f,0.026154425524417477f,0.09088035789658946f,-0.24582427993618217f,0.02764899235251861f,1.0252081976447038f,0.015680695287003887f,0.2993439922749316f,-0.09043686553510624f,0.01806369309640699f,-1.0215464139453474f,-0.14570655648762842f,0f,0f,0f,1f], start_interpolation: 0, interpolation_duration: 1 }
$data merge entity $(bone_leg_right_1) { transformation: [-0.9366378824335923f,-0.030725449778805078f,-0.3489490276905875f,-0.25431820542826455f,-0.34953749221715386f,0.14762887553887122f,0.9252184912990404f,0.2834187675288863f,0.023087198289513354f,0.9885654565293183f,-0.1490144940337083f,0.1312187513235007f,0f,0f,0f,1f], start_interpolation: 0, interpolation_duration: 1 }
$data merge entity $(bone_leg_right_0) { transformation: [-0.9690022420376959f,-0.20837167709261148f,0.13272490011874566f,-0.23426499301528658f,-0.2470310713307058f,0.8241998135232841f,-0.5095785682163129f,0.6772329733443236f,-0.0032100970580819094f,-0.5265699493645608f,-0.8501257458182769f,-0.005950919283121969f,0f,0f,0f,1f], start_interpolation: 0, interpolation_duration: 1 }
$data merge entity $(bone_tail_4) { transformation: [-2.528038818016945f,-0.05222093644363603f,1.1099342503033396f,0.008521595237668142f,-0.2900051619359034f,2.693812811344238f,-0.5337891672638039f,0.49387913124622573f,-1.0726500231902376f,-0.6052328831405351f,-2.4715939020226156f,-1.7360677328870233f,0f,0f,0f,1f], start_interpolation: 0, interpolation_duration: 1 }
$data merge entity $(bone_tail_3) { transformation: [-2.0064298313272877f,0.09598215135848998f,0.548609409894681f,-0.08544154800155385f,-0.07718433051315654f,1.9834246329284606f,-0.6292970925248916f,0.5811752958651641f,-0.5515681618146845f,-0.6267054157717501f,-1.9076054127515922f,-1.4064755442808696f,0f,0f,0f,1f], start_interpolation: 0, interpolation_duration: 1 }
$data merge entity $(bone_tail_2) { transformation: [-1.9455100954167692f,0.137514917817089f,0.1218769502899044f,-0.10950408250212207f,0.08996458987605976f,1.8430186281745122f,-0.6433992413524814f,0.7012868850346338f,-0.160220835731939f,-0.6349376808650401f,-1.8411836682465603f,-1.0644730814977281f,0f,0f,0f,1f], start_interpolation: 0, interpolation_duration: 1 }
$data merge entity $(bone_tail_1) { transformation: [-1.4776046841609192f,0.12679029837329f,-0.29709403828438224f,-0.045710978568997494f,0.15763690524570964f,1.497255191200714f,-0.1450301641972082f,0.7140427584337321f,0.281941932763229f,-0.17264808907406445f,-1.4759260258863955f,-0.7450291825370001f,0f,0f,0f,1f], start_interpolation: 0, interpolation_duration: 1 }
$data merge entity $(bone_tail_0) { transformation: [-1.2751504033618106f,0.08565850555985641f,0.022131105157469168f,-0.050111109544355624f,0.08595598555432071f,1.2752103341713892f,0.016908245145698695f,0.7398748731693745f,-0.020945976645273007f,0.01835594268278476f,-1.2779123765010767f,-0.3711505230812007f,0f,0f,0f,1f], start_interpolation: 0, interpolation_duration: 1 }
$data merge entity $(bone_body_1) { transformation: [-1.2323349234738172f,0.09214980249822816f,-0.03825761809847058f,-0.0474236923791376f,0.08122558444826111f,1.2018566939076867f,0.2784734938850981f,0.5941801093294461f,0.05794511087287078f,0.27505180651119693f,-1.2039906407099301f,-0.10976625541070979f,0f,0f,0f,1f], start_interpolation: 0, interpolation_duration: 1 }