# This file was generated by Animated Java via MC-Build. It is not recommended to edit this file directly.
$data merge entity $(bone_head_lower) { transformation: [-0.9486857879323776f,-0.20817782686343334f,-0.2380278726904524f,-0.13232309440183992f,-0.3118597133273869f,0.7405117136093079f,0.5953032178736866f,0.4401377618292477f,0.05233349767103208f,0.6389870064483506f,-0.7674352159053504f,0.8708061103382663f,0f,0f,0f,1f], start_interpolation: 0, interpolation_duration: 1 }
$data merge entity $(bone_head_upper) { transformation: [-0.987486641373067f,-0.27731972638072394f,-0.1773015652874147f,-0.15107948245395939f,-0.3246146456609298f,0.913300741087639f,0.37944568878128665f,0.4867029050110764f,0.054473915920153264f,0.4152679475620489f,-0.9529202835470734f,0.8144559387370105f,0f,0f,0f,1f], start_interpolation: 0, interpolation_duration: 1 }
$data merge entity $(bone_neck_0) { transformation: [-0.9150077905305688f,-0.4014558057666665f,-0.039924670125164236f,-0.146849044133465f,-0.3892516352415537f,0.8524925393610379f,0.3489120731581892f,0.49555243846891855f,-0.10603729405328591f,0.33479800828261475f,-0.9363046437564279f,0.7485125887804613f,0f,0f,0f,1f], start_interpolation: 0, interpolation_duration: 1 }
$data merge entity $(bone_neck_1) { transformation: [-0.940182720681493f,-0.3391193069076321f,0.0324737958118978f,-0.14566036766663734f,-0.31855135857722744f,0.9089229669471184f,0.2690428815349892f,0.5225311962161068f,-0.12075381435196278f,0.24260489656751533f,-0.9625805838894306f,0.6680870298877375f,0f,0f,0f,1f], start_interpolation: 0, interpolation_duration: 1 }
$data merge entity $(bone_neck_2) { transformation: [-0.9739402642170358f,-0.21684484180736474f,0.06647312478279782f,-0.14195986991654863f,-0.20179153838950706f,0.9622750278825735f,0.182501906148918f,0.547941005903911f,-0.10354002497221321f,0.1643322405833115f,-0.9809558491255467f,0.583756855678432f,0f,0f,0f,1f], start_interpolation: 0, interpolation_duration: 1 }
$data merge entity $(bone_body_0) { transformation: [-0.9682164225945955f,-0.11089727952999921f,0.22418463910573555f,-0.037358925407534764f,-0.12787766261520236f,0.9898089415052902f,-0.06265431126626092f,0.5278414313868043f,-0.21495176766473945f,-0.08933114075742152f,-0.9725305572930764f,0.12455586023615466f,0f,0f,0f,1f], start_interpolation: 0, interpolation_duration: 1 }
$data merge entity $(bone_leg_left_3) { transformation: [-0.9364003028229116f,-0.052757862305931234f,-0.3469453571357711f,0.2829469180124106f,-0.046887175310395345f,0.9985797392020013f,-0.025300143214516763f,0.03948617419228537f,0.34778738571801543f,-0.0074237739843838885f,-0.9375440373205179f,-0.27631384336574083f,0f,0f,0f,1f], start_interpolation: 0, interpolation_duration: 1 }
$data merge entity $(bone_leg_left_2) { transformation: [-0.9356046793207281f,-0.22095190827820513f,-0.3576119933140826f,0.21894005983235912f,-0.2679477587191506f,0.9858062571925057f,0.09193596346469317f,0.27170172614812044f,0.32389825891973495f,0.177280785786326f,-0.9569345016041805f,-0.26406102320949765f,0f,0f,0f,1f], start_interpolation: 0, interpolation_duration: 1 }
$data merge entity $(bone_leg_left_1) { transformation: [-0.9752333129185482f,0.21999388125551828f,0.022862143032660848f,0.29691538117487176f,0.05328688784061184f,0.13337663436243447f,0.989631841136092f,0.2543883862744653f,0.21466367405356457f,0.9663401914524109f,-0.1417961262712865f,0.0017085822455220334f,0f,0f,0f,1f], start_interpolation: 0, interpolation_duration: 1 }
$data merge entity $(bone_leg_left_0) { transformation: [-0.9712403315336186f,-0.10311469207423157f,-0.21461495446707143f,0.16096862390184236f,-0.022799230965038865f,0.937493976485624f,-0.3472538540039187f,0.6480966292194843f,0.23700720130382022f,-0.3323738923736466f,-0.9128828962131572f,-0.026919676320918906f,0f,0f,0f,1f], start_interpolation: 0, interpolation_duration: 1 }
$data merge entity $(bone_leg_right_3) { transformation: [-0.9954024617059748f,0.004961256184374308f,0.09565210487364255f,-0.2507084985492865f,0.016719738084472743f,0.9923246880900637f,0.12252413544010203f,0.052167830459649206f,-0.09431007150920813f,0.12356010417618979f,-0.987845388240436f,-0.12270891471920657f,0f,0f,0f,1f], start_interpolation: 0, interpolation_duration: 1 }
$data merge entity $(bone_leg_right_2) { transformation: [-1.0212027042456613f,0.027313301289528934f,0.09198488959992338f,-0.2399147908744495f,0.027432687999466153f,1.0253339150655194f,0.00009872301053876461f,0.2911321698509135f,-0.09194935546901152f,0.0025584545679517563f,-1.0215678978118645f,-0.15354091822112725f,0f,0f,0f,1f], start_interpolation: 0, interpolation_duration: 1 }
$data merge entity $(bone_leg_right_1) { transformation: [-0.9368828083415807f,-0.031847503829858445f,-0.34819009166517084f,-0.2487586723613283f,-0.34873620848266124f,0.15681090674111514f,0.9240094135993244f,0.27778149905756916f,0.025172610653857713f,0.9871150267455344f,-0.15801982042146756f,0.12350949417592995f,0f,0f,0f,1f], start_interpolation: 0, interpolation_duration: 1 }
$data merge entity $(bone_leg_right_0) { transformation: [-0.9679803438189509f,-0.21439442776719103f,0.13057213838535514f,-0.23101376119679928f,-0.25102552573234044f,0.8277377837578547f,-0.501832986929354f,0.6728187459265742f,-0.0004892963801986609f,-0.5185414069117469f,-0.855052378458208f,-0.010423213847065169f,0f,0f,0f,1f], start_interpolation: 0, interpolation_duration: 1 }
$data merge entity $(bone_tail_4) { transformation: [-2.480563155074714f,-0.07060613394321477f,1.2113969370670283f,0.03551237141049929f,-0.3075467539753811f,2.703351235683753f,-0.47219532213516385f,0.49490477343539885f,-1.173832509093606f,-0.5590779927494173f,-2.436228718782022f,-1.7393243083912546f,0f,0f,0f,1f], start_interpolation: 0, interpolation_duration: 1 }
$data merge entity $(bone_tail_3) { transformation: [-1.9902532637082648f,0.08497577170838436f,0.6063139373011409f,-0.06812762119080752f,-0.09775080214366481f,1.99158150845669f,-0.5999945015565465f,0.5771524800470764f,-0.6043858478019793f,-0.6019366573323005f,-1.8995619320203132f,-1.4113383786237017f,0f,0f,0f,1f], start_interpolation: 0, interpolation_duration: 1 }
$data merge entity $(bone_tail_2) { transformation: [-1.9438159150231142f,0.13013248481447978f,0.15303300265511813f,-0.0979825016950976f,0.07389758874998875f,1.847529420658072f,-0.6324144694601493f,0.6952112168064628f,-0.18679590435170068f,-0.623277186492201f,-1.8426629409413362f,-1.0690777984307833f,0f,0f,0f,1f], start_interpolation: 0, interpolation_duration: 1 }
$data merge entity $(bone_tail_1) { transformation: [-1.4836292728871776f,0.1191275676623341f,-0.2689034273770459f,-0.040156278016206574f,0.14777663523944148f,1.4975810794422297f,-0.15188557065750125f,0.7094477337676839f,0.25428821582915573f,-0.1752591884024965f,-1.4806343134518136f,-0.7485623909404726f,0f,0f,0f,1f], start_interpolation: 0, interpolation_duration: 1 }
$data merge entity $(bone_tail_0) { transformation: [-1.2754321804337656f,0.08079256358466118f,0.024104592247473088f,-0.04525053163514765f,0.08108160401569847f,1.275554776924141f,0.014882914374336193f,0.73588000924498f,-0.02311370130982779f,0.016379539659307475f,-1.27790186793679f,-0.37473449645700907f,0f,0f,0f,1f], start_interpolation: 0, interpolation_duration: 1 }
$data merge entity $(bone_body_1) { transformation: [-1.232828886521994f,0.08740098458111749f,-0.03314512795934986f,-0.04343183022601871f,0.0777538500991536f,1.2021890946726637f,0.2780293410795522f,0.5902661151603499f,0.0518832382176437f,0.2751491297471662f,-1.2042448592573183f,-0.11329768194588134f,0f,0f,0f,1f], start_interpolation: 0, interpolation_duration: 1 }