# This file was generated by Animated Java via MC-Build. It is not recommended to edit this file directly.
$data merge entity $(bone_head_lower) { transformation: [-0.9758559749204954f,-0.09835879669573311f,-0.19501452080431642f,-0.10508898158105831f,-0.1778614993278386f,0.8760837223571517f,0.4481546591051917f,0.42433755422740177f,0.12676909429676853f,0.4720199768372145f,-0.8724257780451998f,0.8629207956243666f,0f,0f,0f,1f], start_interpolation: 0, interpolation_duration: 1 }
$data merge entity $(bone_head_upper) { transformation: [-1.0157680776880875f,-0.1169330149323837f,-0.1949713439256593f,-0.12147081577758459f,-0.18513596054138917f,0.9435482196709291f,0.3986394057964474f,0.4729483590030364f,0.13195389743305042f,0.4236925415418004f,-0.9415650491482702f,0.8075666480000059f,0f,0f,0f,1f], start_interpolation: 0, interpolation_duration: 1 }
$data merge entity $(bone_neck_0) { transformation: [-0.9468980548425052f,-0.321462632106039f,-0.006771255048932015f,-0.11638475012966455f,-0.3069259158482139f,0.897402331178781f,0.3169629918076001f,0.47897643333108136f,-0.09581521756075834f,0.30220991405701264f,-0.9484137345744406f,0.7413659643901103f,0f,0f,0f,1f], start_interpolation: 0, interpolation_duration: 1 }
$data merge entity $(bone_neck_1) { transformation: [-0.9620914885125166f,-0.26969745208097895f,0.04053704568414209f,-0.11419319276104868f,-0.25013539457653483f,0.9318271437260514f,0.2629267171578235f,0.5055425883602647f,-0.10868418519642781f,0.24281980676290987f,-0.9639638423363251f,0.6608242154160738f,0f,0f,0f,1f], start_interpolation: 0, interpolation_duration: 1 }
$data merge entity $(bone_neck_2) { transformation: [-0.9824973252361804f,-0.176798230283771f,0.058663375902497886f,-0.11078480623004265f,-0.161456546708729f,0.9653176039202356f,0.20516750982206516f,0.5329678636428828f,-0.0929020421123407f,0.19210494353405339f,-0.9769671955808623f,0.5771153892920114f,0f,0f,0f,1f], start_interpolation: 0, interpolation_duration: 1 }
$data merge entity $(bone_body_0) { transformation: [-0.9790617716199369f,-0.0947224976863667f,0.18018239587841736f,-0.026767868930113837f,-0.10302134183083073f,0.9939813955387223f,-0.03725034832413396f,0.5248808294357754f,-0.1755695032737907f,-0.05503302422137482f,-0.9829276248866159f,0.1133410273145539f,0f,0f,0f,1f], start_interpolation: 0, interpolation_duration: 1 }
$data merge entity $(bone_leg_left_3) { transformation: [-0.94804479402156f,0.01259998756536812f,-0.3178872580679675f,0.2793602584442656f,-0.0037588543794962606f,0.998702009215854f,0.05079535216898201f,0.04726491553142548f,0.3181146641423052f,0.049351161096469906f,-0.9467668790975204f,-0.27983004842637793f,0f,0f,0f,1f], start_interpolation: 0, interpolation_duration: 1 }
$data merge entity $(bone_leg_left_2) { transformation: [-0.9601899863808506f,-0.16466067999947973f,-0.32091159221309695f,0.22957086951330463f,-0.22182570848446745f,0.9891747074084875f,0.1561696282232651f,0.2823223090411829f,0.2844129824920095f,0.21559790858479494f,-0.9616075065766474f,-0.2588512359648434f,0f,0f,0f,1f], start_interpolation: 0, interpolation_duration: 1 }
$data merge entity $(bone_leg_left_1) { transformation: [-0.977727453079595f,0.19348190201359117f,0.08132515654882767f,0.29729272795468503f,0.09975285754568762f,0.08747533614237768f,0.9911596405111784f,0.25153259327919314f,0.18465750703926978f,0.9771964076683772f,-0.10482741022299885f,0.008504573682725641f,0f,0f,0f,1f], start_interpolation: 0, interpolation_duration: 1 }
$data merge entity $(bone_leg_left_0) { transformation: [-0.9770987550500038f,-0.07153414524790776f,-0.20040181871276452f,0.17190728979506076f,0.008123304528863229f,0.928571837274575f,-0.3710638151909342f,0.6472715311944486f,0.2126312178473891f,-0.3641939168687083f,-0.9067252925294212f,-0.03595286078753793f,0f,0f,0f,1f], start_interpolation: 0, interpolation_duration: 1 }
$data merge entity $(bone_leg_right_3) { transformation: [-0.9949984934517212f,0.010811989860577775f,0.09930306593484435f,-0.23339405635394103f,0.017622844501661048f,0.9975318688939016f,0.06796768270811598f,0.03729127019376918f,-0.09832310705259241f,0.06937774438748788f,-0.992733244735578f,-0.13538928234802863f,0f,0f,0f,1f], start_interpolation: 0, interpolation_duration: 1 }
$data merge entity $(bone_leg_right_2) { transformation: [-1.020795245917068f,0.029742563752902844f,0.09567991071908452f,-0.2219205305449522f,0.025536131858405274f,1.0243513297178362f,-0.04598324451043306f,0.27460537343951247f,-0.09688741602250316f,-0.04338124833843128f,-1.0201926756303323f,-0.17687960257088098f,0f,0f,0f,1f], start_interpolation: 0, interpolation_duration: 1 }
$data merge entity $(bone_leg_right_1) { transformation: [-0.9372585853529924f,-0.03576253456583414f,-0.3467958842078942f,-0.23190943090738395f,-0.34724247466739816f,0.18457571207094675f,0.9194316017520634f,0.2690700712202157f,0.031128892832367288f,0.9821674234237922f,-0.18541344178915542f,0.10039817864978605f,0f,0f,0f,1f], start_interpolation: 0, interpolation_duration: 1 }
$data merge entity $(bone_leg_right_0) { transformation: [-0.9650110777498044f,-0.23102021586551025f,0.124029350081398f,-0.22050497389598056f,-0.26211872608791326f,0.8375141267976037f,-0.47944119644487876f,0.6674128652082426f,0.006884275866818085f,-0.49517648093977606f,-0.8687651348148641f,-0.024101762725864714f,0f,0f,0f,1f], start_interpolation: 0, interpolation_duration: 1 }
$data merge entity $(bone_tail_4) { transformation: [-2.457629343090104f,-0.12074828509670661f,1.253450914566943f,0.07646012475499142f,-0.28693928872521185f,2.7301222540857664f,-0.2995991554252575f,0.5100529664020665f,-1.2261260898326776f,-0.3968799075184615f,-2.4422863227803093f,-1.7571389677602842f,0f,0f,0f,1f], start_interpolation: 0, interpolation_duration: 1 }
$data merge entity $(bone_tail_3) { transformation: [-1.9821620984955786f,0.04502950450614315f,0.6363578278421494f,-0.03188329585136237f,-0.11664747034261795f,2.0165000538614257f,-0.5060300648024595f,0.5761239293845914f,-0.6271939962999612f,-0.5173445684891689f,-1.9170101237355224f,-1.4270222694600587f,0f,0f,0f,1f], start_interpolation: 0, interpolation_duration: 1 }
$data merge entity $(bone_tail_2) { transformation: [-1.9427031619791808f,0.09928501598443626f,0.18660328250017005f,-0.06798533548148362f,0.03842451122894365f,1.8623125145404238f,-0.5908379897448358f,0.6864309766636739f,-0.2078505626061303f,-0.5837023717528241f,-1.853338490356583f,-1.0827832797679322f,0f,0f,0f,1f], start_interpolation: 0, interpolation_duration: 1 }
$data merge entity $(bone_tail_1) { transformation: [-1.4970792672023592f,0.09309311994082464f,-0.19427709266027943f,-0.025886772450834244f,0.11512789051799807f,1.4986054816215963f,-0.1690663457893967f,0.7043832741818729f,0.1820864809306923f,-0.18213053415994596f,-1.4904124368740652f,-0.7600107545998185f,0f,0f,0f,1f], start_interpolation: 0, interpolation_duration: 1 }
$data merge entity $(bone_tail_0) { transformation: [-1.2764069407829135f,0.06378618740339022f,0.023502348856465207f,-0.031215430704938513f,0.06398225720881168f,1.2765727468210708f,0.010198500880029684f,0.7322090095850717f,-0.022963206825199152f,0.011360499736987092f,-1.277959055197801f,-0.3862872670434924f,0f,0f,0f,1f], start_interpolation: 0, interpolation_duration: 1 }
$data merge entity $(bone_body_1) { transformation: [-1.2341809032619158f,0.070061395123291f,-0.022214724693984507f,-0.03076995054416246f,0.06334677100106073f,1.2034634035965488f,0.27616592451604116f,0.5869425f,0.03727304231734514f,0.2745393089767632f,-1.2049246794713853f,-0.12465132809888213f,0f,0f,0f,1f], start_interpolation: 0, interpolation_duration: 1 }