# This file was generated by Animated Java via MC-Build. It is not recommended to edit this file directly.
$data merge entity $(bone_head_lower) { transformation: [-0.9733055223418184f,0.13245696973727458f,-0.18743401864906634f,-0.0796106161703966f,0.04093941052309816f,0.9037573878469506f,0.42608279544952f,0.411338478681223f,0.22583251503036733f,0.40703529955038914f,-0.8850547667093736f,0.8489979874062857f,0f,0f,0f,1f], start_interpolation: 0, interpolation_duration: 1 }
$data merge entity $(bone_head_upper) { transformation: [-1.0131133126616312f,0.16959798405081847f,-0.16825540733415104f,-0.08771592212442443f,0.042613815355405156f,0.8496304023617428f,0.5998201269605627f,0.4717799526403244f,0.2350689707982281f,0.5769199647889025f,-0.8338932040611318f,0.8045391442719921f,0f,0f,0f,1f], start_interpolation: 0, interpolation_duration: 1 }
$data merge entity $(bone_neck_0) { transformation: [-0.9731280857397097f,-0.22994998919807014f,0.01203042860315524f,-0.08289105056027171f,-0.21838183571880196f,0.9382166936846401f,0.2684377200013966f,0.473979187472204f,-0.07301439976233712f,0.25859705752245027f,-0.9632219158989668f,0.7380814868137235f,0f,0f,0f,1f], start_interpolation: 0, interpolation_duration: 1 }
$data merge entity $(bone_neck_1) { transformation: [-0.9805890866534687f,-0.19269525648356678f,0.03624336166594794f,-0.0807084850927568f,-0.17777214169721872f,0.9517183949020473f,0.25025819155714857f,0.4995637886163731f,-0.08271704039978867f,0.23895739146091066f,-0.9675005200482824f,0.657222341154095f,0f,0f,0f,1f], start_interpolation: 0, interpolation_duration: 1 }
$data merge entity $(bone_neck_2) { transformation: [-0.9907552779860553f,-0.12927670686727716f,0.04112799781567689f,-0.07837106378229232f,-0.11642459753260267f,0.9658710672685774f,0.23138365219442497f,0.5292912133439727f,-0.06963685972346623f,0.22445626405830435f,-0.9719928463177304f,0.5742660449806102f,0f,0f,0f,1f], start_interpolation: 0, interpolation_duration: 1 }
$data merge entity $(bone_body_0) { transformation: [-0.9894193653198192f,-0.07279329737604165f,0.1255008182732262f,-0.019916445907317854f,-0.07405678669000518f,0.9972392682098103f,-0.0054253373639758795f,0.5362342227681296f,-0.12475941597842323f,-0.014662121179592313f,-0.9920786815203912f,0.10656340764321842f,0f,0f,0f,1f], start_interpolation: 0, interpolation_duration: 1 }
$data merge entity $(bone_leg_left_3) { transformation: [-0.9611815432687995f,0.01828857628131326f,-0.27530995052306323f,0.2689296281167054f,0.001822399121491268f,0.9981998993693809f,0.05994697457252604f,0.03750772799237939f,0.2759107097248147f,0.05711820092194519f,-0.9594846488519707f,-0.25173854005080676f,0f,0f,0f,1f], start_interpolation: 0, interpolation_duration: 1 }
$data merge entity $(bone_leg_left_2) { transformation: [-0.9756771695073194f,-0.1478016152825128f,-0.27976944601360565f,0.22431751281210754f,-0.17474203475437236f,1.0077691237239046f,0.07699879258370643f,0.27452576409847845f,0.26378302009943977f,0.12090605977091083f,-0.9838000012800294f,-0.2535501124266074f,0f,0f,0f,1f], start_interpolation: 0, interpolation_duration: 1 }
$data merge entity $(bone_leg_left_1) { transformation: [-0.9789725158407295f,0.163772454402408f,0.12161988491806566f,0.28185595767334654f,0.14689912532964153f,0.15231173547394322f,0.9773544813496796f,0.26114329838064015f,0.14153960649181782f,0.9746690301922633f,-0.1731670331737962f,0.017602285007062138f,0f,0f,0f,1f], start_interpolation: 0, interpolation_duration: 1 }
$data merge entity $(bone_leg_left_0) { transformation: [-0.9834615802079029f,-0.010201026373308485f,-0.1808293651924527f,0.17821873379386505f,0.06095336132201348f,0.9215322879498531f,-0.3834878485812254f,0.6612725222862441f,0.17055206829154096f,-0.3881677231904269f,-0.9056698132733795f,-0.04124674699607547f,0f,0f,0f,1f], start_interpolation: 0, interpolation_duration: 1 }
$data merge entity $(bone_leg_right_3) { transformation: [-0.993394106736356f,0.010477070602976056f,0.11427326762221153f,-0.2193173660360247f,0.01523687782303284f,0.9990487269555797f,0.04085925504267306f,0.03081478879923677f,-0.11373647724315748f,0.04233051098222772f,-0.9926087555448524f,-0.1358950768458535f,0f,0f,0f,1f], start_interpolation: 0, interpolation_duration: 1 }
$data merge entity $(bone_leg_right_2) { transformation: [-1.0192007050816279f,0.03397057773684265f,0.1101731460476299f,-0.20641286415342983f,0.021089859558189636f,1.0185606165877392f,-0.11896086609013493f,0.2645306476891313f,-0.1133461075009772f,-0.11594166501014314f,-1.0128042208293504f,-0.19404525483815754f,0f,0f,0f,1f], start_interpolation: 0, interpolation_duration: 1 }
$data merge entity $(bone_leg_right_1) { transformation: [-0.9382559872885594f,-0.04995330924327526f,-0.3423161831009693f,-0.22051440496476885f,-0.34399838720705017f,0.23945949247196954f,0.9079230479859045f,0.27458053205066285f,0.03661709868516291f,0.9696204506716598f,-0.24185816034024674f,0.0829268232325961f,0f,0f,0f,1f], start_interpolation: 0, interpolation_duration: 1 }
$data merge entity $(bone_leg_right_0) { transformation: [-0.962255951058273f,-0.2452937503748846f,0.11787476693492271f,-0.21453353403536163f,-0.2718438138536551f,0.8459400084296298f,-0.45878801532687974f,0.6756810936413307f,0.012822851572011164f,-0.4735150242232043f,-0.8806923959660721f,-0.032787684237425896f,0f,0f,0f,1f], start_interpolation: 0, interpolation_duration: 1 }
$data merge entity $(bone_tail_4) { transformation: [-2.5651701172132477f,-0.13856751430313186f,1.013095575617634f,0.06869008974779114f,-0.2049305041840097f,2.7501440775438084f,-0.1427318212789402f,0.542065981830145f,-1.0017819572197642f,-0.20776893013770673f,-2.5649417758417776f,-1.7778626782017017f,0f,0f,0f,1f], start_interpolation: 0, interpolation_duration: 1 }
$data merge entity $(bone_tail_3) { transformation: [-2.0182125455834763f,0.010912042930709185f,0.5124886088616871f,-0.018315822652484624f,-0.09342946809157782f,2.039119606123391f,-0.4113486264225973f,0.5918611216567137f,-0.5040184335776161f,-0.421684343184225f,-1.975877845255546f,-1.4387003001409657f,0f,0f,0f,1f], start_interpolation: 0, interpolation_duration: 1 }
$data merge entity $(bone_tail_2) { transformation: [-1.946937520534294f,0.06435375299033778f,0.15513465317139902f,-0.04857935589230093f,0.018801710091120048f,1.8771915633603415f,-0.5427450646014056f,0.6932168297235478f,-0.16689715946115186f,-0.539244196934555f,-1.870864749050284f,-1.0911623554971415f,0f,0f,0f,1f], start_interpolation: 0, interpolation_duration: 1 }
$data merge entity $(bone_tail_1) { transformation: [-1.5052681484893509f,0.06494939991623837f,-0.1326861959435199f,-0.019382615333646047f,0.08068340493387341f,1.4994183352349482f,-0.18135901998393503f,0.7138373445767077f,0.12375071438871872f,-0.18756993738810415f,-1.4957137190239664f,-0.7671268301194919f,0f,0f,0f,1f], start_interpolation: 0, interpolation_duration: 1 }
$data merge entity $(bone_tail_0) { transformation: [-1.2773205478004859f,0.04490505535552631f,0.01647636957012187f,-0.023113754491428856f,0.04499749111410645f,1.2774047227746488f,0.006936613762222763f,0.7426363562708348f,-0.016222223772653175f,0.007511778788506893f,-1.2780908141518468f,-0.39345771602681223f,0f,0f,0f,1f], start_interpolation: 0, interpolation_duration: 1 }
$data merge entity $(bone_body_1) { transformation: [-1.235250254689497f,0.050079146227456545f,-0.01592113246323768f,-0.022785500098065826f,0.045316584763353374f,1.2048198172566575f,0.27378862311511454f,0.597831171875f,0.026604708063963884f,0.2729576562674392f,-1.2055666312776196f,-0.13156599674540237f,0f,0f,0f,1f], start_interpolation: 0, interpolation_duration: 1 }