# This file was generated by Animated Java via MC-Build. It is not recommended to edit this file directly.
$data merge entity $(bone_head_lower) { transformation: [-0.9638670674769431f,0.22348009320651852f,0.14497214964883373f,0.14110949722529478f,0.26626217197962665f,0.7918210363110454f,0.5496579865952951f,0.5713307280186992f,0.008045620304844264f,0.568397831096942f,-0.8227145152470587f,0.6793481115981442f,0f,0f,0f,1f], start_interpolation: 0, interpolation_duration: 1 }
$data merge entity $(bone_head_upper) { transformation: [-1.003288828925472f,0.09800417656759006f,0.259381282501592f,0.16087976782766675f,0.27715218387102175f,0.3250415725789334f,0.9492136670183611f,0.644151776054177f,0.008374682822970601f,0.9839792172877585f,-0.33939167228571204f,0.6780489368137139f,0f,0f,0f,1f], start_interpolation: 0, interpolation_duration: 1 }
$data merge entity $(bone_neck_0) { transformation: [-0.9691896202211172f,0.20228449450662178f,-0.1405434571150398f,0.14882167713839045f,0.047233419775629254f,0.7126221277293708f,0.6999562180070715f,0.6778298019301209f,0.24174466718408846f,0.6717519529950506f,-0.7002205577783258f,0.6217894551566161f,0f,0f,0f,1f], start_interpolation: 0, interpolation_duration: 1 }
$data merge entity $(bone_neck_1) { transformation: [-0.9454653141836227f,0.23410311718376103f,-0.22647531918624114f,0.13071472891272745f,0.13204602138804822f,0.9110785026747594f,0.39051224078062546f,0.7151085389744098f,0.29775692756214867f,0.33931061358107323f,-0.8923055079959918f,0.5477626287025045f,0f,0f,0f,1f], start_interpolation: 0, interpolation_duration: 1 }
$data merge entity $(bone_neck_2) { transformation: [-0.9123156412483773f,0.21243226814119878f,-0.35007528074108274f,0.10212535343047295f,0.21037759979606532f,0.9766127459916494f,0.044371273034434056f,0.7285574444429985f,0.35131387139936365f,-0.0331673908988262f,-0.93567007430149f,0.4654661831816178f,0f,0f,0f,1f], start_interpolation: 0, interpolation_duration: 1 }
$data merge entity $(bone_body_0) { transformation: [-0.8694577409457579f,0.1199132088563144f,-0.4792327816951605f,-0.12259293625365734f,0.2609824247743733f,0.9351627398138193f,-0.23949702299360476f,0.6245919896701002f,0.4194417845999466f,-0.3333038739734247f,-0.8443797231849657f,0.06433805003906612f,0f,0f,0f,1f], start_interpolation: 0, interpolation_duration: 1 }
$data merge entity $(bone_leg_left_3) { transformation: [-0.8611897329837138f,0.024205144895742256f,-0.5077069575690452f,0.08600274499027012f,-0.006821261928497134f,0.9982251326111653f,0.05916126274112443f,0.03632171566232745f,0.5082378519838354f,0.05441227420350714f,-0.8594961257776902f,-0.05008010628411985f,0f,0f,0f,1f], start_interpolation: 0, interpolation_duration: 1 }
$data merge entity $(bone_leg_left_2) { transformation: [-0.8752419049664311f,0.07433243536927296f,-0.5296116467219169f,0.08560432437886357f,0.1244663533753953f,1.0161654104304252f,-0.06307285488140923f,0.2714322580988229f,0.5201172311785669f,-0.11808787913047183f,-0.8761252867794094f,-0.10387551651816238f,0f,0f,0f,1f], start_interpolation: 0, interpolation_duration: 1 }
$data merge entity $(bone_leg_left_1) { transformation: [-0.9239206263915825f,0.38145551864205696f,-0.029366025023920495f,0.2091917888786077f,0.22834298567465855f,0.6113959747500716f,0.7576638060199211f,0.3927981980081055f,0.30696930957567875f,0.693315692420797f,-0.6519840439931807f,0.11294199409439526f,0f,0f,0f,1f], start_interpolation: 0, interpolation_duration: 1 }
$data merge entity $(bone_leg_left_0) { transformation: [-0.9104698983015057f,-0.2617962409894797f,-0.3201676006260225f,0.02660026355807396f,0.20539691186478778f,0.3856971790686273f,-0.8994719532341805f,0.6413407386618865f,0.3589661166228013f,-0.8847035742339245f,-0.2973935319647419f,-0.16847268024036216f,0f,0f,0f,1f], start_interpolation: 0, interpolation_duration: 1 }
$data merge entity $(bone_leg_right_3) { transformation: [-0.9795164113906533f,-0.028982589384653208f,-0.1992676826004083f,-0.6709037855779333f,-0.034270789352804885f,0.9991446670785851f,0.023139733048565897f,0.08062734065538976f,0.19842659300988896f,0.02949480905148924f,-0.9796718549726249f,-0.41688140861500783f,0f,0f,0f,1f], start_interpolation: 0, interpolation_duration: 1 }
$data merge entity $(bone_leg_right_2) { transformation: [-0.9524787236829234f,0.31975700117709394f,-0.20640237554416763f,-0.6012699959684691f,0.29128868455787377f,0.9704874528159332f,0.15927085632996218f,0.311316840738884f,0.24494363163917357f,0.08928473344176989f,-0.992014643639064f,-0.42710696297005313f,0f,0f,0f,1f], start_interpolation: 0, interpolation_duration: 1 }
$data merge entity $(bone_leg_right_1) { transformation: [-0.9130331450422776f,0.36752132572133506f,-0.17691396551499178f,-0.5102267092370993f,-0.0783637983232692f,0.26759946663140555f,0.9603382948580865f,0.3315218474276556f,0.4002868860786689f,0.8906843439730036f,-0.2155268155817809f,-0.16573316300987745f,0f,0f,0f,1f], start_interpolation: 0, interpolation_duration: 1 }
$data merge entity $(bone_leg_right_0) { transformation: [-0.9109983779110508f,0.055389087202702775f,-0.40867346924199244f,-0.3492836730849096f,-0.02115477050514318f,0.9833592379410749f,0.18043581917353047f,0.7053918241761765f,0.41186700660323483f,0.17302213203749303f,-0.8946669272399037f,-0.07285766481671334f,0f,0f,0f,1f], start_interpolation: 0, interpolation_duration: 1 }
$data merge entity $(bone_tail_4) { transformation: [-2.5826953755673396f,-0.022664748635107954f,-0.9771551759021627f,-0.9184136630391623f,0.06213109590938331f,2.7513272999846747f,-0.2280332144231185f,0.22595556035788936f,0.9754412619651575f,-0.23525673025090768f,-2.57270867898553f,-1.6289467537813966f,0f,0f,0f,1f], start_interpolation: 0, interpolation_duration: 1 }
$data merge entity $(bone_tail_3) { transformation: [-1.943241179532916f,-0.07618529521788481f,-0.7442815629884497f,-0.7914654813080638f,0.048795543591657956f,2.0541535712264993f,-0.3376649623331682f,0.2631095545192511f,0.7465776845965602f,-0.33255741256876087f,-1.9151952522530056f,-1.3009460780080209f,0f,0f,0f,1f], start_interpolation: 0, interpolation_duration: 1 }
$data merge entity $(bone_tail_2) { transformation: [-1.8236721581361601f,-0.10189701420560533f,-0.694701902356514f,-0.6636946669272799f,0.04579311885034012f,1.9121027616018371f,-0.4006742995793022f,0.3380828835528255f,0.700640225014048f,-0.39019726110441677f,-1.782027847010717f,-0.9692457570928382f,0f,0f,0f,1f], start_interpolation: 0, interpolation_duration: 1 }
$data merge entity $(bone_tail_1) { transformation: [-1.2242376795883418f,-0.11738151380935773f,-0.880408958434645f,-0.4716360117932852f,0.1144996102563068f,1.4658672233281134f,-0.3546538774967529f,0.3963723389181858f,0.8807883929340273f,-0.3537104943144202f,-1.1776064466045275f,-0.7123557234594582f,0f,0f,0f,1f], start_interpolation: 0, interpolation_duration: 1 }
$data merge entity $(bone_tail_0) { transformation: [-1.058286446307925f,-0.04378823916288712f,-0.7155054886274356f,-0.26360536633447534f,0.2981044739648126f,1.1333940929982342f,-0.5102815586937277f,0.5728392888437832f,0.651919655131776f,-0.5893523026609395f,-0.9281704278768755f,-0.4553448726481959f,0f,0f,0f,1f], start_interpolation: 0, interpolation_duration: 1 }
$data merge entity $(bone_body_1) { transformation: [-1.1821974473584047f,0.10844289410335688f,-0.34533162211707513f,-0.19062499999999996f,0.20144790030612225f,1.1771299974999174f,-0.3199817299539916f,0.5679425f,0.30072002590079844f,-0.36222879891110626f,-1.1432245441372795f,-0.16516250000000002f,0f,0f,0f,1f], start_interpolation: 0, interpolation_duration: 1 }