# This file was generated by Animated Java via MC-Build. It is not recommended to edit this file directly.
$data merge entity $(bone_head_lower) { transformation: [-0.982232286504639f,0.1494491080981332f,-0.11351078995646592f,-0.031495151658147216f,0.11957454527580288f,0.9645547126170778f,0.23523633752095213f,0.4114547323338817f,0.14464322822017417f,0.21748372457924015f,-0.9652870899754062f,0.8264876145230379f,0f,0f,0f,1f], start_interpolation: 0, interpolation_duration: 1 }
$data merge entity $(bone_head_upper) { transformation: [-1.0224051777592262f,0.1947687884079209f,-0.014990468196242336f,-0.02847245719047479f,0.12446509435485603f,0.7110746170057581f,0.7499021749007388f,0.47915664272577896f,0.15055907598636756f,0.7347856494895174f,-0.7217298362447728f,0.7932796164015087f,0f,0f,0f,1f], start_interpolation: 0, interpolation_duration: 1 }
$data merge entity $(bone_neck_0) { transformation: [-0.9965508015191294f,-0.0822723613655069f,0.010851661021422467f,-0.02611332327858459f,-0.07901710362565105f,0.9807054032107719f,0.17881054065074084f,0.47482571243888677f,-0.025353448013900153f,0.1773363207821244f,-0.9838236793273814f,0.7267934239677956f,0f,0f,0f,1f], start_interpolation: 0, interpolation_duration: 1 }
$data merge entity $(bone_neck_1) { transformation: [-0.9974955893770033f,-0.06943731878704983f,0.013453918874826186f,-0.025293488815188673f,-0.06458821681900022f,0.9717879762449401f,0.2268402333668029f,0.49851896321618133f,-0.028825534193950415f,0.22540316764728344f,-0.9738390527150799f,0.6453348787832165f,0f,0f,0f,1f], start_interpolation: 0, interpolation_duration: 1 }
$data merge entity $(bone_neck_2) { transformation: [-0.998823425530934f,-0.04738082961056587f,0.010335453355591127f,-0.02485191352024467f,-0.042708260106339505f,0.9603897574349388f,0.27536796896652393f,0.5320460785263026f,-0.022973226358966755f,0.27460256881441175f,-0.9612833401610505f,0.5638077793353558f,0f,0f,0f,1f], start_interpolation: 0, interpolation_duration: 1 }
$data merge entity $(bone_body_0) { transformation: [-0.9988197823273154f,-0.0285359161177727f,0.03930323043890642f,-0.006600288672419153f,-0.026464220442474727f,0.9982828708533212f,0.052258538031820484f,0.5661852237296484f,-0.040726986974074605f,0.051156732227250035f,-0.9978598605414705f,0.09400750085701759f,0f,0f,0f,1f], start_interpolation: 0, interpolation_duration: 1 }
$data merge entity $(bone_leg_left_3) { transformation: [-0.9805900023418753f,0.007979212292882093f,-0.19590706847468764f,0.22194945562302382f,-0.00044547308895839284f,0.9990783354590701f,0.04292180296842485f,0.028291667793413938f,0.19606899005423542f,0.042175962200267314f,-0.9796826727831787f,-0.1770875685870581f,0f,0f,0f,1f], start_interpolation: 0, interpolation_duration: 1 }
$data merge entity $(bone_leg_left_2) { transformation: [-1.0021119525575097f,-0.0978115338107198f,-0.19561885874236162f,0.19154957544711515f,-0.06572748766913838f,1.0096873794238597f,-0.16814723517672223f,0.2583498590197642f,0.20859945207687597f,-0.15174484896189103f,-0.992734591372464f,-0.24281540135953006f,0f,0f,0f,1f], start_interpolation: 0, interpolation_duration: 1 }
$data merge entity $(bone_leg_left_1) { transformation: [-0.9631751243578915f,0.11593339825214334f,0.2425966343292298f,0.22936087567212368f,0.2670511369493376f,0.3075754830331385f,0.913280358099854f,0.2881530503344431f,0.031262918485423924f,0.9444346295041499f,-0.32720919993351694f,0.03048930226358819f,0f,0f,0f,1f], start_interpolation: 0, interpolation_duration: 1 }
$data merge entity $(bone_leg_left_0) { transformation: [-0.9774974125666895f,0.16133183859958988f,-0.13590749162390914f,0.1901095954490113f,0.20291095178040605f,0.8952438555965654f,-0.3966933131074506f,0.6955417962247266f,0.0576710852420585f,-0.41534380562453566f,-0.9078345493845952f,-0.051979026731498956f,0f,0f,0f,1f], start_interpolation: 0, interpolation_duration: 1 }
$data merge entity $(bone_leg_right_3) { transformation: [-0.9888388341727036f,-0.0020166688491511237f,0.14897547811207376f,-0.1937283078613136f,0.0014424282851835863f,0.999731944485031f,0.02310754372107557f,0.031243165519748317f,-0.1489821446771732f,0.023064523037170853f,-0.9885708615695983f,-0.12978072958238718f,0f,0f,0f,1f], start_interpolation: 0, interpolation_duration: 1 }
$data merge entity $(bone_leg_right_2) { transformation: [-1.0146790201641467f,0.04019199876531969f,0.1444759107071823f,-0.17832050753925743f,0.0034236233380943123f,0.9941265666593485f,-0.2525130645452426f,0.25516352873295545f,-0.14992319481207697f,-0.24931741254481093f,-0.9835781936175666f,-0.21806064062514197f,0f,0f,0f,1f], start_interpolation: 0, interpolation_duration: 1 }
$data merge entity $(bone_leg_right_1) { transformation: [-0.9386375563271078f,-0.08375618696607154f,-0.33458099019098475f,-0.20202307869880687f,-0.3422713118601069f,0.34585072735410416f,0.8736347197005159f,0.29596950702185526f,0.04254276589312061f,0.9345438328583321f,-0.3532958215668867f,0.05541046555625702f,0f,0f,0f,1f], start_interpolation: 0, interpolation_duration: 1 }
$data merge entity $(bone_leg_right_0) { transformation: [-0.9583880784535286f,-0.26330814370352595f,0.11027743439868459f,-0.20294651301076633f,-0.2848523620915825f,0.8567141275215668f,-0.4300000412974476f,0.7004693939927622f,0.01874627667028459f,-0.4435197009878636f,-0.896068553151285f,-0.04796393782314878f,0f,0f,0f,1f], start_interpolation: 0, interpolation_duration: 1 }
$data merge entity $(bone_tail_4) { transformation: [-2.738446182562649f,-0.0684602773435649f,0.3491232264317295f,0.0179824732394508f,-0.05656091823218124f,2.7591621525002923f,0.09739820500751496f,0.6060792513939967f,-0.3512473478003657f,0.08943566534663668f,-2.7375697057841677f,-1.8093834380306337f,0f,0f,0f,1f], start_interpolation: 0, interpolation_duration: 1 }
$data merge entity $(bone_tail_3) { transformation: [-2.075185646340566f,-0.005575041700648246f,0.17181087909841233f,-0.011095746574702928f,-0.02749182246092492f,2.0651736326915198f,-0.26504262407758633f,0.6308113407294713f,-0.16968871195312382f,-0.26640629082323075f,-2.0581979873884686f,-1.4577821235787285f,0f,0f,0f,1f], start_interpolation: 0, interpolation_duration: 1 }
$data merge entity $(bone_tail_2) { transformation: [-1.9535177009534215f,0.018672571020002283f,0.04683804176028978f,-0.02124291193827981f,0.00698048020578298f,1.8979069413643683f,-0.46548296404897693f,0.7178003811891603f,-0.049937360368088664f,-0.4651606733325889f,-1.8973417412335125f,-1.1052180501904614f,0f,0f,0f,1f], start_interpolation: 0, interpolation_duration: 1 }
$data merge entity $(bone_tail_1) { transformation: [-1.5114439688103232f,0.02209602890467638f,-0.05201100511951833f,-0.008876833954041655f,0.02856926916289001f,1.4998592410911074f,-0.19303446265655916f,0.7409777198046067f,0.048756291967265095f,-0.1938821095930512f,-1.499229402584325f,-0.7802771815869249f,0f,0f,0f,1f], start_interpolation: 0, interpolation_duration: 1 }
$data merge entity $(bone_tail_0) { transformation: [-1.2781198156752713f,0.015510660379052991f,0.0022074367134488192f,-0.009147598402550989f,0.015515689851676263f,1.2781183193669055f,0.002922610335229661f,0.7709669369511527f,-0.0021718035511519274f,0.0029491858793023536f,-1.2782105859974766f,-0.40668317087164063f,0f,0f,0f,1f], start_interpolation: 0, interpolation_duration: 1 }
$data merge entity $(bone_body_1) { transformation: [-1.2362058677998873f,0.01787921930479501f,-0.008943209179534903f,-0.008272719842672013f,0.015497851690623387f,1.2064823186273461f,0.26974956253682486f,0.6269887962962963f,0.012627908233484818f,0.2696021947478988f,-1.2065487091605598f,-0.1443371180938122f,0f,0f,0f,1f], start_interpolation: 0, interpolation_duration: 1 }