# This file was generated by Animated Java via MC-Build. It is not recommended to edit this file directly.
$data merge entity $(bone_head_lower) { transformation: [-0.9995619340935767f,0.021084282064990814f,-0.02077000146634634f,-0.004878432257212029f,0.018625700706180907f,0.9935133511887383f,0.11217978553610708f,0.4128770471532459f,0.023000504001258217f,0.1117437875656947f,-0.9934708363893532f,0.8151741016625634f,0f,0f,0f,1f], start_interpolation: 0, interpolation_duration: 1 }
$data merge entity $(bone_head_upper) { transformation: [-1.0404436007138649f,0.030791402643747037f,-0.0009725432151785897f,-0.0045770474670397835f,0.01938748410435508f,0.6799886507184802f,0.7878524626715788f,0.4824645041517721f,0.023941215031366345f,0.7874892170695409f,-0.6802642823238115f,0.785968768459818f,0f,0f,0f,1f], start_interpolation: 0, interpolation_duration: 1 }
$data merge entity $(bone_neck_0) { transformation: [-0.999869551504209f,-0.016049983678223943f,0.001810524426995669f,-0.0038763713852101736f,-0.015642636600314713f,0.9901710875313593f,0.1389839031584451f,0.475384185130344f,-0.0040234183181092915f,0.13893745154167142f,-0.9902929852645342f,0.7196806519540668f,0f,0f,0f,1f], start_interpolation: 0, interpolation_duration: 1 }
$data merge entity $(bone_neck_1) { transformation: [-0.9999065422416741f,-0.013567084889793907f,0.0016855236256089463f,-0.003796087275825179f,-0.012873946602204894f,0.9758903683436878f,0.2178812760952739f,0.4983373938480257f,-0.004600900040528704f,0.21783921405847598f,-0.9759738257439092f,0.6380064172863605f,0f,0f,0f,1f], start_interpolation: 0, interpolation_duration: 1 }
$data merge entity $(bone_neck_2) { transformation: [-0.9999591118879742f,-0.009018041571392488f,0.0006704315258067653f,-0.003825644709187978f,-0.008416103072299742f,0.9552059949819581f,0.29582203494601905f,0.5336056864691794f,-0.003308135621552642f,0.2958042969206903f,-0.9552428351796026f,0.5572160895479026f,0f,0f,0f,1f], start_interpolation: 0, interpolation_duration: 1 }
$data merge entity $(bone_body_0) { transformation: [-0.9999659036276848f,-0.005542236075191108f,0.006121699221204343f,-0.0009933075490177398f,-0.005032245756775775f,0.9967504080866182f,0.08039465455988556f,0.5809906792583339f,-0.0065473723516732835f,0.08036110749888131f,-0.9967443124075711f,0.08821977290169711f,0f,0f,0f,1f], start_interpolation: 0, interpolation_duration: 1 }
$data merge entity $(bone_leg_left_3) { transformation: [-0.9846073317162211f,0.010378400395531236f,-0.174472608554734f,0.18749724254152517f,0.006896968721749743f,0.9997650672050631f,0.020548533254390045f,0.033064488308115536f,0.17464488012282123f,0.01902890437428284f,-0.9844475946667752f,-0.13478573562973367f,0f,0f,0f,1f], start_interpolation: 0, interpolation_duration: 1 }
$data merge entity $(bone_leg_left_2) { transformation: [-1.0098774764934546f,-0.05613205779940289f,-0.17046663620518532f,0.16757805677933252f,-0.0038899746925660657f,0.9808592497474995f,-0.29993699302079774f,0.2524259239171188f,0.17942839816706183f,-0.29466340759020504f,-0.9659405394014815f,-0.2330448760297188f,0f,0f,0f,1f], start_interpolation: 0, interpolation_duration: 1 }
$data merge entity $(bone_leg_left_1) { transformation: [-0.9437303176941135f,0.10668023085032355f,0.31303740321356033f,0.19875239087629304f,0.32940745486918355f,0.38733732778375324f,0.8610810201031888f,0.3054245079886445f,-0.029390749251665488f,0.9157451189337908f,-0.4006832427334123f,0.037570527522610656f,0f,0f,0f,1f], start_interpolation: 0, interpolation_duration: 1 }
$data merge entity $(bone_leg_left_0) { transformation: [-0.9608841198153449f,0.25254050081730217f,-0.11368818642953213f,0.19543552640586737f,0.276908282282731f,0.8688711616679095f,-0.4103470575318958f,0.7121740631145268f,-0.004848864807065853f,-0.42577717161539297f,-0.9048150577003451f,-0.05650963180673346f,0f,0f,0f,1f], start_interpolation: 0, interpolation_duration: 1 }
$data merge entity $(bone_leg_right_3) { transformation: [-0.9859855882813429f,-0.010373572280735315f,0.16650768360538468f,-0.18218730789166881f,-0.007461878123271413f,0.9998082835263731f,0.018102943598235943f,0.034335638900509335f,-0.16666355353336237f,0.01660678145167921f,-0.9858739649333722f,-0.12620846578102124f,0f,0f,0f,1f], start_interpolation: 0, interpolation_duration: 1 }
$data merge entity $(bone_leg_right_2) { transformation: [-1.0118342699385716f,0.044433389567823264f,0.16210886332982177f,-0.1652503215991241f,-0.007291540337186727f,0.9766805486450808f,-0.31321580234488433f,0.2523299974236893f,-0.16792987559717873f,-0.3101338086867544f,-0.9631608261822415f,-0.22800566718365828f,0f,0f,0f,1f], start_interpolation: 0, interpolation_duration: 1 }
$data merge entity $(bone_leg_right_1) { transformation: [-0.9385747951139796f,-0.10116900870324674f,-0.32991239087787233f,-0.1939297673455196f,-0.34231754579934937f,0.3936118046329734f,0.8531637856188484f,0.30719594867548555f,0.043543677091650045f,0.9136928252599866f,-0.404066045658085f,0.042513467896802784f,0f,0f,0f,1f], start_interpolation: 0, interpolation_duration: 1 }
$data merge entity $(bone_leg_right_0) { transformation: [-0.9566425551386841f,-0.270365615736107f,0.10833953814450939f,-0.19766939949275558f,-0.2906098617799326f,0.8610803617703008f,-0.41723676588931635f,0.7130406076010656f,0.01951742641790552f,-0.4306309840236341f,-0.9023170316827994f,-0.05538140703256231f,0f,0f,0f,1f], start_interpolation: 0, interpolation_duration: 1 }
$data merge entity $(bone_tail_4) { transformation: [-2.7610211932960027f,-0.01062358020122709f,0.04806705019057643f,-0.0005591900070816575f,-0.006896756550997385f,2.7532738436107573f,0.2123603268925793f,0.6366476079298505f,-0.048741527667806775f,0.21220653437760822f,-2.7528628701495563f,-1.8190339332137357f,0f,0f,0f,1f], start_interpolation: 0, interpolation_duration: 1 }
$data merge entity $(bone_tail_3) { transformation: [-2.0821764797359186f,-0.0005110037436985095f,0.022053846697493915f,-0.0042937068535112075f,-0.0026024607047532232f,2.072887531820502f,-0.19767658856281403f,0.6498814205362046f,-0.02190571791251893f,-0.19769305840804255f,-2.0727718447104726f,-1.4656338440476613f,0f,0f,0f,1f], start_interpolation: 0, interpolation_duration: 1 }
$data merge entity $(bone_tail_2) { transformation: [-1.9541626876126037f,0.0033022228191019803f,0.0033407588831214207f,-0.006358956685057398f,0.0024841198626641206f,1.9060479256243141f,-0.4309860895371602f,0.7304561797295194f,-0.003986789933025079f,-0.43098059764968316f,-1.9060466166802765f,-1.111409442159235f,0f,0f,0f,1f], start_interpolation: 0, interpolation_duration: 1 }
$data merge entity $(bone_tail_1) { transformation: [-1.5124439871732416f,0.004038484282843383f,-0.012374421530157418f,-0.002300539044945973f,0.005612533557042496f,1.499663364007874f,-0.19655671985373138f,0.754415795411009f,0.011744578774050107f,-0.19659535929742689f,-1.4996228124338922f,-0.7863153895198769f,0f,0f,0f,1f], start_interpolation: 0, interpolation_duration: 1 }
$data merge entity $(bone_tail_0) { transformation: [-1.2782123221654624f,0.0028713841032266835f,-0.0008551033482332049f,-0.001981366358808611f,0.0028708887471167854f,1.2782123946900654f,0.0007407040690864039f,0.7850448864858702f,0.000856764965495651f,0.0007387814616109382f,-1.2782153326962455f,-0.4127733327049775f,0f,0f,0f,1f], start_interpolation: 0, interpolation_duration: 1 }
$data merge entity $(bone_body_1) { transformation: [-1.2363594041603523f,0.0034296899302905157f,-0.002873330383201563f,-0.001544371249242067f,0.0027253803106296022f,1.2069731131970327f,0.2679796100039615f,0.6414451765046296f,0.0035483943793493274f,0.2679715214396763f,-1.2069727700536097f,-0.1502188542902892f,0f,0f,0f,1f], start_interpolation: 0, interpolation_duration: 1 }