# This file was generated by Animated Java via MC-Build. It is not recommended to edit this file directly.
$data merge entity $(bone_head_lower) { transformation: [-0.6444088304650024f,-0.47942867109524984f,-0.5957225936210333f,0.34954822774618555f,-0.5221098901080058f,0.8450483121340973f,-0.11530226715342429f,0.32228731520478177f,0.5586935849552365f,0.2367308587640326f,-0.7948710452889258f,0.7213260810781592f,0f,0f,0f,1f], start_interpolation: 0, interpolation_duration: 1 }
$data merge entity $(bone_head_upper) { transformation: [-0.6707648831273417f,0.14522096071242765f,-0.7825965031332753f,0.29865076027230864f,-0.5434639670676358f,0.6641816040153103f,0.5890514883864267f,0.37764028853885734f,0.5815439197909119f,0.7881913549645901f,-0.3521831908209306f,0.7149266561337106f,0f,0f,0f,1f], start_interpolation: 0, interpolation_duration: 1 }
$data merge entity $(bone_neck_0) { transformation: [-0.6955395352413647f,-0.19105205839203443f,-0.6926210117375832f,0.2571904663315965f,-0.5085298257064935f,0.8119055698588936f,0.2867172160841213f,0.3831655303038149f,0.5075649429217407f,0.5516416016004159f,-0.6618680926744982f,0.6630108398145445f,0f,0f,0f,1f], start_interpolation: 0, interpolation_duration: 1 }
$data merge entity $(bone_neck_1) { transformation: [-0.8289054143327966f,0.050182084333586785f,-0.5571333525303541f,0.21022514158678784f,-0.23637838669511985f,0.8712560972911927f,0.4301605179887298f,0.42361953996746726f,0.5069921817870442f,0.488256665438227f,-0.7103269361793596f,0.605086162704706f,0f,0f,0f,1f], start_interpolation: 0, interpolation_duration: 1 }
$data merge entity $(bone_neck_2) { transformation: [-0.8753328648442054f,-0.19555307591243887f,-0.44221190647111736f,0.16956947515676418f,-0.32330204511243993f,0.9167675458075465f,0.23454861879815442f,0.45314348534199866f,0.35953882036540913f,0.3482761281730232f,-0.8656994716384306f,0.5326542372105362f,0f,0f,0f,1f], start_interpolation: 0, interpolation_duration: 1 }
$data merge entity $(bone_body_0) { transformation: [-0.8556685304118974f,-0.26346924467062605f,-0.4454383494664934f,-0.04287382244502718f,-0.3045945105833316f,0.9522306591891857f,0.02188505934717827f,0.4725290190604522f,0.4183940130848488f,0.1544044326203708f,-0.8950450943957722f,0.1122937358671626f,0f,0f,0f,1f], start_interpolation: 0, interpolation_duration: 1 }
$data merge entity $(bone_leg_left_3) { transformation: [-0.9981857168289536f,-0.06020724701627902f,-0.0006017685510014623f,0.4138816822514573f,-0.059057265937978276f,0.9770756560022292f,0.2045370425809085f,0.08152186485041063f,-0.011726638844916815f,0.20420149327204812f,-0.9788586394811389f,-0.5255244138128381f,0f,0f,0f,1f], start_interpolation: 0, interpolation_duration: 1 }
$data merge entity $(bone_leg_left_2) { transformation: [-0.9757902912107512f,-0.3142381964691219f,0.03390962930150551f,0.34016735447004837f,-0.30649570261963827f,0.9676628333803523f,0.1474829640015998f,0.311165059734549f,-0.0771744216384299f,0.130173715760274f,-1.01447578180587f,-0.5266526820239875f,0f,0f,0f,1f], start_interpolation: 0, interpolation_duration: 1 }
$data merge entity $(bone_leg_left_1) { transformation: [-0.9835870887830249f,-0.15237679542196053f,0.09663203918094714f,0.3132350915557926f,0.08826799547097107f,0.06074704076494403f,0.9942427057886012f,0.27317931536317813f,-0.1573696278030509f,0.9864538049271421f,-0.04630001068998818f,-0.25307431647101497f,0f,0f,0f,1f], start_interpolation: 0, interpolation_duration: 1 }
$data merge entity $(bone_leg_left_0) { transformation: [-0.9821437620425836f,-0.050724052561604505f,0.18116484529998808f,0.16437184952934356f,0.03658811119133626f,0.8930806831444082f,0.4484062929016136f,0.5915830474026951f,-0.18453980817236007f,0.44702792293775667f,-0.8752777246758104f,-0.027761029776387336f,0f,0f,0f,1f], start_interpolation: 0, interpolation_duration: 1 }
$data merge entity $(bone_leg_right_3) { transformation: [-0.8587468599833828f,0.07582422061805502f,0.5067588361699725f,-0.3690114704873876f,0.008647788861014753f,0.9909943779311743f,-0.13362394492238844f,0.017363878065919325f,-0.5123270890910374f,-0.11036679970204205f,-0.8516690221600376f,-0.048497950178168714f,0f,0f,0f,1f], start_interpolation: 0, interpolation_duration: 1 }
$data merge entity $(bone_leg_right_2) { transformation: [-0.8573348749977403f,0.196455205383331f,0.5276783716347457f,-0.30558037141939f,0.18153291547945422f,1.0063557394585654f,-0.07972531440533143f,0.24919844423300205f,-0.5329961652871745f,0.026752148274348284f,-0.8759347063865945f,-0.06850549043583407f,0f,0f,0f,1f], start_interpolation: 0, interpolation_duration: 1 }
$data merge entity $(bone_leg_right_1) { transformation: [-0.9066819522251179f,-0.4207538932928502f,-0.029899812510417317f,-0.43635741949141976f,-0.18462319548543396f,0.3321118119133616f,0.9249951459744923f,0.2866876848974608f,-0.379265228037051f,0.8441966036809992f,-0.37880071427529116f,0.17337321096578595f,0f,0f,0f,1f], start_interpolation: 0, interpolation_duration: 1 }
$data merge entity $(bone_leg_right_0) { transformation: [-0.8855398857435133f,0.3917788555258082f,0.2496566424516947f,-0.19988921537151053f,-0.17095395947293462f,0.22487771885148497f,-0.9592730348053565f,0.4729505848179802f,-0.4319651079634693f,-0.8921543251742046f,-0.13216204286809408f,-0.1159297429042992f,0f,0f,0f,1f], start_interpolation: 0, interpolation_duration: 1 }
$data merge entity $(bone_tail_4) { transformation: [0.7656014543414398f,-1.5317032070082164f,-2.1664258654177435f,-0.9080767917609218f,2.6530647333434834f,0.4184805675141964f,0.6417030987162697f,0.3577991745839398f,-0.027627258266774975f,-2.2592964904708155f,1.5876011572013042f,-1.126244911705288f,0f,0f,0f,1f], start_interpolation: 0, interpolation_duration: 1 }
$data merge entity $(bone_tail_3) { transformation: [0.24154358556634345f,-0.16309928396469164f,-2.061795539302189f,-0.5568764056135547f,2.061224731922535f,-0.15180082722155597f,0.25348498853022183f,0.3163029781135127f,-0.17016117896591426f,-2.070338295658345f,0.1438403307416728f,-1.1303750307342721f,0f,0f,0f,1f], start_interpolation: 0, interpolation_duration: 1 }
$data merge entity $(bone_tail_2) { transformation: [-0.5060927152768887f,0.4502909868358418f,-1.8329981084880715f,-0.21639314044612595f,1.780558747143259f,0.7435983935559528f,-0.3089431211006488f,0.37522839619840015f,0.6263023124003856f,-1.750163801270666f,-0.602864791811995f,-1.0182571230941975f,0f,0f,0f,1f], start_interpolation: 0, interpolation_duration: 1 }
$data merge entity $(bone_tail_1) { transformation: [-0.9434291182735198f,0.6919350404191007f,-0.9585528929766306f,-0.01768011786612521f,1.1114446149292967f,0.937035805637332f,-0.417505708821165f,0.4525548289490214f,0.4028506134267598f,-0.9648036322453465f,-1.0929417113770845f,-0.7716594052336869f,0f,0f,0f,1f], start_interpolation: 0, interpolation_duration: 1 }
$data merge entity $(bone_tail_0) { transformation: [-1.2189183642552126f,-0.09963713770728268f,-0.37168021020081926f,0.08852905658550622f,-0.1290335565757197f,1.2689757198371678f,0.08298602487883149f,0.45892702830627835f,0.3625245910870677f,0.11665667506520781f,-1.2201650944048157f,-0.4122836719983506f,0f,0f,0f,1f], start_interpolation: 0, interpolation_duration: 1 }
$data merge entity $(bone_body_1) { transformation: [-1.1456422026005781f,-0.29952291124666713f,0.3555201320812474f,0.026050599555519395f,-0.37311249768754723f,1.1564584123429607f,-0.22802543640306705f,0.4340440672705068f,-0.2773005639123486f,-0.31858211063361713f,-1.161987276649092f,-0.12067914105914243f,0f,0f,0f,1f], start_interpolation: 0, interpolation_duration: 1 }