# This file was generated by Animated Java via MC-Build. It is not recommended to edit this file directly.
$data merge entity $(bone_head_lower) { transformation: [-0.6301991454083464f,-0.4616019412559314f,-0.6243177756201929f,0.35739508368681683f,-0.5435663832846546f,0.8364616246903311f,-0.06976773884290416f,0.31357779475031267f,0.5544227846052417f,0.2953905859183179f,-0.7780486987723858f,0.7073341031094963f,0f,0f,0f,1f], start_interpolation: 0, interpolation_duration: 1 }
$data merge entity $(bone_head_upper) { transformation: [-0.6559740278725706f,0.19113785011749695f,-0.7852619560328925f,0.3073495100309816f,-0.5657980218750039f,0.6135729807298231f,0.6219909471561141f,0.3700581912044521f,0.5770984454861026f,0.8188201647213438f,-0.2827770582044139f,0.7064057359200341f,0f,0f,0f,1f], start_interpolation: 0, interpolation_duration: 1 }
$data merge entity $(bone_neck_0) { transformation: [-0.6768632595547713f,-0.17538234366910793f,-0.7149105967839763f,0.2641875461059483f,-0.5329690280357762f,0.7866618674073048f,0.3116201558337522f,0.3776113532866168f,0.5077402318306975f,0.5919494403210319f,-0.6259358729807125f,0.6561590358593181f,0f,0f,0f,1f], start_interpolation: 0, interpolation_duration: 1 }
$data merge entity $(bone_neck_1) { transformation: [-0.817605928794732f,0.05863394625467715f,-0.5727849557611542f,0.2159352618115862f,-0.25391679570931824f,0.8561249000790928f,0.45008489901492543f,0.4196835119965324f,0.5167657167967087f,0.5134318024929572f,-0.6850846503406838f,0.6004886903745362f,0f,0f,0f,1f], start_interpolation: 0, interpolation_duration: 1 }
$data merge entity $(bone_neck_2) { transformation: [-0.8691893219467225f,-0.20588130386442394f,-0.449580706139489f,0.17453291345782326f,-0.340265515539616f,0.9087357788496393f,0.24169953076722953f,0.4497552948730223f,0.35878865861166265f,0.36305946201362704f,-0.8599177434464412f,0.5287080257108293f,0f,0f,0f,1f], start_interpolation: 0, interpolation_duration: 1 }
$data merge entity $(bone_body_0) { transformation: [-0.8455689615975129f,-0.27235420999953797f,-0.4591691578039964f,-0.04446630302386657f,-0.31902610008711046f,0.9474015881227047f,0.025545611869476514f,0.47082003032991593f,0.4280601343808049f,0.16808752219633832f,-0.8879814785432085f,0.11180692856228255f,0f,0f,0f,1f], start_interpolation: 0, interpolation_duration: 1 }
$data merge entity $(bone_leg_left_3) { transformation: [-0.9992688849392198f,-0.03795508548848429f,0.004594243995481723f,0.4069873086491337f,-0.03643052383798763f,0.9817341943858586f,0.18673721778595492f,0.08377194370022245f,-0.011597953492664011f,0.18643332067822843f,-0.9823991573773213f,-0.526236542990041f,0f,0f,0f,1f], start_interpolation: 0, interpolation_duration: 1 }
$data merge entity $(bone_leg_left_2) { transformation: [-0.9772285375901212f,-0.3091838848666203f,0.03862525286586484f,0.3345946361895806f,-0.30148963161802944f,0.9703732902144881f,0.1397922714810372f,0.31381703160032287f,-0.07868028245369033f,0.12183268230564198f,-1.0153956914306435f,-0.5293398594764064f,0f,0f,0f,1f], start_interpolation: 0, interpolation_duration: 1 }
$data merge entity $(bone_leg_left_1) { transformation: [-0.9837669981116137f,-0.14878349120335851f,0.10032928870377014f,0.30844605649747947f,0.09453255578216019f,0.04555188935268839f,0.9944790703044952f,0.27156594091722014f,-0.1525322566664411f,0.9878200737592554f,-0.03074756176516069f,-0.2563115042164816f,0f,0f,0f,1f], start_interpolation: 0, interpolation_duration: 1 }
$data merge entity $(bone_leg_left_0) { transformation: [-0.9827382087828479f,-0.04366062265928508f,0.17977586886810853f,0.16240009830855712f,0.04296955026462564f,0.8913088035855371f,0.45135599519777525f,0.5897758570699378f,-0.1799422983857204f,0.45128967047775626f,-0.8740471397880909f,-0.028890515907985803f,0f,0f,0f,1f], start_interpolation: 0, interpolation_duration: 1 }
$data merge entity $(bone_leg_right_3) { transformation: [-0.8555810965460242f,0.06317278925578836f,0.5137997527546571f,-0.374954466357165f,0.006775614806237268f,0.9938075789937998f,-0.11090801133588121f,0.024097124243912166f,-0.5176244567996187f,-0.09140948874228667f,-0.8507110126774977f,-0.044329739710600266f,0f,0f,0f,1f], start_interpolation: 0, interpolation_duration: 1 }
$data merge entity $(bone_leg_right_2) { transformation: [-0.8545348309591619f,0.20253337280950343f,0.5299175927223947f,-0.31004169725336783f,0.17998757702157672f,1.005399167756851f,-0.09401694045451336f,0.25526943708172395f,-0.5379933961455222f,0.014661032464744343f,-0.8731611302225777f,-0.06706223298585767f,0f,0f,0f,1f], start_interpolation: 0, interpolation_duration: 1 }
$data merge entity $(bone_leg_right_1) { transformation: [-0.9038512579316458f,-0.4266697491082641f,-0.031714803030644945f,-0.44227326314293447f,-0.18660978718720975f,0.32643526813616275f,0.9266157796210982f,0.2910910216473104f,-0.38500609197949837f,0.8434411306740752f,-0.3746696788184381f,0.1742778024856102f,0f,0f,0f,1f], start_interpolation: 0, interpolation_duration: 1 }
$data merge entity $(bone_leg_right_0) { transformation: [-0.8820242791280709f,0.40332001061188516f,0.24365167774640048f,-0.20119356414711548f,-0.17433128498307238f,0.20108212909262627f,-0.9639370209903378f,0.4687833779317255f,-0.43776908765324873f,-0.8926919661336744f,-0.10704802424910509f,-0.1166058234107797f,0f,0f,0f,1f], start_interpolation: 0, interpolation_duration: 1 }
$data merge entity $(bone_tail_4) { transformation: [0.8274151431119199f,-1.5165672688232597f,-2.154314097731119f,-0.8827967083574266f,2.6229865823773735f,0.6858554503359708f,0.524599868006761f,0.3965104094916075f,0.2469552615704917f,-2.203471658991421f,1.6460215911112004f,-1.1591359211482701f,0f,0f,0f,1f], start_interpolation: 0, interpolation_duration: 1 }
$data merge entity $(bone_tail_3) { transformation: [0.2383599441942891f,-0.09891521457032142f,-2.06623954162499f,-0.5314708751479609f,2.0677779033170385f,0.07023313555622687f,0.23517520121853114f,0.3559460996903981f,0.058520129886487526f,-2.0787565064338085f,0.10626526902812913f,-1.1568123194629873f,0f,0f,0f,1f], start_interpolation: 0, interpolation_duration: 1 }
$data merge entity $(bone_tail_2) { transformation: [-0.4496870209654728f,0.5131115634452874f,-1.831194140891869f,-0.1912663063703452f,1.7417344066825469f,0.8665721241004747f,-0.18489966282544779f,0.3918126632995891f,0.7634898262296431f,-1.6746770292189184f,-0.656745009918693f,-1.0345587920421189f,0f,0f,0f,1f], start_interpolation: 0, interpolation_duration: 1 }
$data merge entity $(bone_tail_1) { transformation: [-0.9668311514169363f,0.7205936518801578f,-0.9130380953278021f,-0.002675524708866936f,1.0791989390618753f,0.9986000257000354f,-0.3546602438949309f,0.45489370078827635f,0.43384723645256096f,-0.8781793823256772f,-1.1524902593430315f,-0.7762353963140285f,0f,0f,0f,1f], start_interpolation: 0, interpolation_duration: 1 }
$data merge entity $(bone_tail_0) { transformation: [-1.2326916448353575f,-0.11341962310833514f,-0.3185012000465494f,0.08766091105642543f,-0.144344426815564f,1.2654368915800736f,0.10802720240511082f,0.4538628878315264f,0.3057314373505203f,0.1401469910706316f,-1.233175910279414f,-0.4124907371111025f,0f,0f,0f,1f], start_interpolation: 0, interpolation_duration: 1 }
$data merge entity $(bone_body_1) { transformation: [-1.1435431465086874f,-0.3044961676484608f,0.358044342249199f,0.02493059463228895f,-0.38053501637825216f,1.1526068492151198f,-0.23514920265365044f,0.43089553277020154f,-0.27587455199649086f,-0.3276951786127538f,-1.1597903674936005f,-0.12078312697752028f,0f,0f,0f,1f], start_interpolation: 0, interpolation_duration: 1 }