# This file was generated by Animated Java via MC-Build. It is not recommended to edit this file directly.
$data merge entity $(bone_head_lower) { transformation: [-0.6284141181978137f,-0.45085298152715714f,-0.6338984816969803f,0.3548941381270593f,-0.5521772039517133f,0.8325262902414363f,-0.04472484201089677f,0.31207089750152184f,0.54790147972581f,0.3219185690588608f,-0.7721220132915284f,0.7030674112051839f,0f,0f,0f,1f], start_interpolation: 0, interpolation_duration: 1 }
$data merge entity $(bone_head_upper) { transformation: [-0.6541159937928884f,0.20670021530941243f,-0.7828660359466946f,0.305363758473518f,-0.5747610215195035f,0.5903352546233476f,0.6361021913766304f,0.3689995065871521f,0.5703104219543125f,0.8320163764754495f,-0.25683986152944427f,0.7042212962724349f,0f,0f,0f,1f], start_interpolation: 0, interpolation_duration: 1 }
$data merge entity $(bone_neck_0) { transformation: [-0.6719894055695262f,-0.1738792103447455f,-0.71985849929844f,0.2618558803582839f,-0.5437423944051641f,0.7757678033337657f,0.320200755522598f,0.3772878185641138f,0.5027667921898319f,0.6065890994079859f,-0.6158532431923655f,0.6543905358851062f,0f,0f,0f,1f], start_interpolation: 0, interpolation_duration: 1 }
$data merge entity $(bone_neck_1) { transformation: [-0.8163677566276031f,0.057784877443030264f,-0.5746343131746559f,0.2134430196643005f,-0.2617738665140835f,0.8498808495719598f,0.45735870423674074f,0.41994739848483065f,0.5147991149458995f,0.52379714534325f,-0.6786887517715178f,0.5993097587941448f,0f,0f,0f,1f], start_interpolation: 0, interpolation_duration: 1 }
$data merge entity $(bone_neck_2) { transformation: [-0.8689612365442362f,-0.21416522801736465f,-0.4461385709527727f,0.1722611233739979f,-0.34807812332454924f,0.9053242029512133f,0.24337154232491973f,0.4501322606535803f,0.35177832429865813f,0.3667715128782776f,-0.8612378695195698f,0.527449784483483f,0f,0f,0f,1f], start_interpolation: 0, interpolation_duration: 1 }
$data merge entity $(bone_body_0) { transformation: [-0.843876818073933f,-0.2784326006301536f,-0.4586362423792342f,-0.046544836335179245f,-0.32557928286547566f,0.9451775322300336f,0.025250012600913807f,0.47103649437125006f,0.4264622450888436f,0.17063035917993344f,-0.8882652948527878f,0.11043914947335762f,0f,0f,0f,1f], start_interpolation: 0, interpolation_duration: 1 }
$data merge entity $(bone_leg_left_3) { transformation: [-0.9995198906017122f,-0.02776873643218443f,0.013743564621357757f,0.40576449865211844f,-0.024923380923573015f,0.9841106638915482f,0.17579825453705433f,0.08357932984574343f,-0.01840688389923823f,0.1753713160465425f,-0.984330273908724f,-0.5225780350607816f,0f,0f,0f,1f], start_interpolation: 0, interpolation_duration: 1 }
$data merge entity $(bone_leg_left_2) { transformation: [-0.9777068485151444f,-0.30636896121350693f,0.04784952948813408f,0.33431231023222563f,-0.2982199026027212f,0.9724002510900063f,0.13253241442157074f,0.3138776098685069f,-0.08494944119240884f,0.11241890759896316f,-1.0159762699768373f,-0.5279033570773932f,0f,0f,0f,1f], start_interpolation: 0, interpolation_duration: 1 }
$data merge entity $(bone_leg_left_1) { transformation: [-0.9827751879898311f,-0.15323782100288846f,0.10330101686740173f,0.30677626649512346f,0.09824061462512165f,0.04025596447061025f,0.9943481477644636f,0.2701208772237655f,-0.15653022554647653f,0.9873690432350144f,-0.024508385331177884f,-0.2552488131883711f,0f,0f,0f,1f], start_interpolation: 0, interpolation_duration: 1 }
$data merge entity $(bone_leg_left_0) { transformation: [-0.9818603420408313f,-0.04160542566803965f,0.18498447849061056f,0.16121530656587915f,0.046596283599419544f,0.8927597277405384f,0.44811701025442263f,0.589585847658028f,-0.18379079161422746f,0.44860791018396123f,-0.8746267134259018f,-0.0292810761674287f,0f,0f,0f,1f], start_interpolation: 0, interpolation_duration: 1 }
$data merge entity $(bone_leg_right_3) { transformation: [-0.8509411781106501f,0.05682069415846848f,0.522178628546792f,-0.37798471374741416f,0.00706929668673959f,0.9952805935293133f,-0.09678101667316982f,0.028252609992071187f,-0.5252134198971062f,-0.07866351669794157f,-0.8473269231534536f,-0.04683263954615405f,0f,0f,0f,1f], start_interpolation: 0, interpolation_duration: 1 }
$data merge entity $(bone_leg_right_2) { transformation: [-0.850025846011595f,0.20516974180688285f,0.536119051759834f,-0.3122727531380841f,0.18052260613449336f,1.0048891922643683f,-0.09834378193546363f,0.25917149946823037f,-0.5449126987760309f,0.012856430992174948f,-0.8688884061808285f,-0.0698430020376675f,0f,0f,0f,1f], start_interpolation: 0, interpolation_duration: 1 }
$data merge entity $(bone_leg_right_1) { transformation: [-0.9002706855915809f,-0.4342459075956381f,-0.03071130737864558f,-0.4465444368439808f,-0.18661581358172918f,0.3212266374200134f,0.9284330808049984f,0.2934815589786209f,-0.39330297581596624f,0.8415723017948439f,-0.37022807844089f,0.17058852757303627f,0f,0f,0f,1f], start_interpolation: 0, interpolation_duration: 1 }
$data merge entity $(bone_leg_right_0) { transformation: [-0.8778475822318844f,0.4133836070977782f,0.24186280357356443f,-0.20185346530482165f,-0.17476845597242233f,0.19368756289727163f,-0.9653709726192986f,0.468438133206152f,-0.44591435182852157f,-0.8897185630084071f,-0.09778174406096676f,-0.11893488105956777f,0f,0f,0f,1f], start_interpolation: 0, interpolation_duration: 1 }
$data merge entity $(bone_tail_4) { transformation: [0.9418529559612561f,-1.5231265221095929f,-2.102060878897988f,-0.8688723612653655f,2.562637719280167f,0.9022523565064023f,0.4944592364403626f,0.437860787764052f,0.4140800172304702f,-2.119360189874525f,1.7211947758767552f,-1.1633156060854881f,0f,0f,0f,1f], start_interpolation: 0, interpolation_duration: 1 }
$data merge entity $(bone_tail_3) { transformation: [0.28850463434376133f,-0.0991009782235146f,-2.059827565142714f,-0.5186319444751145f,2.0518594425344503f,0.22192115244880475f,0.27671168428971815f,0.38876903904838006f,0.20635752976043994f,-2.068060812513835f,0.12840004556164433f,-1.1648499102907455f,0f,0f,0f,1f], start_interpolation: 0, interpolation_duration: 1 }
$data merge entity $(bone_tail_2) { transformation: [-0.3745031927447332f,0.5409220629787239f,-1.840088192291234f,-0.1767117790737269f,1.7061899714014082f,0.9503051841053562f,-0.0678948713418262f,0.40287830884360265f,0.876034825287237f,-1.6195978679438001f,-0.654400187987927f,-1.0429359530632234f,0f,0f,0f,1f], start_interpolation: 0, interpolation_duration: 1 }
$data merge entity $(bone_tail_1) { transformation: [-0.9729194449703708f,0.7387578615909314f,-0.8918076168861427f,0.0070942183816308235f,1.0629457411686096f,1.0319467030607679f,-0.3047763169498687f,0.4548327809767999f,0.459598036255663f,-0.8227873807853436f,-1.1829821727694516f,-0.7787527493510458f,0f,0f,0f,1f], start_interpolation: 0, interpolation_duration: 1 }
$data merge entity $(bone_tail_0) { transformation: [-1.2393422021641853f,-0.11859563206783147f,-0.28948523031976486f,0.08882660708243234f,-0.1471379580853286f,1.2647899596203025f,0.11176983456273679f,0.4526926722961298f,0.27607434471412917f,0.14169386254221805f,-1.2399764199744119f,-0.4129834943925716f,0f,0f,0f,1f], start_interpolation: 0, interpolation_duration: 1 }
$data merge entity $(bone_body_1) { transformation: [-1.1418923063178614f,-0.30221203012839976f,0.36517727841966957f,0.024284130043836498f,-0.3810232489779f,1.1518128407295543f,-0.23822900479389544f,0.4304948101974354f,-0.2819713452935438f,-0.3325652775507928f,-1.1569343506254637f,-0.12161183245030077f,0f,0f,0f,1f], start_interpolation: 0, interpolation_duration: 1 }