# This file was generated by Animated Java via MC-Build. It is not recommended to edit this file directly.
$data merge entity $(bone_head_lower) { transformation: [-0.6495681942104568f,-0.4117101207460646f,-0.6391838057596793f,0.3216717303359155f,-0.5734441546859836f,0.8173065889614484f,0.05631821283278632f,0.32263972371382804f,0.49922235779925167f,0.40311873699378287f,-0.7669891272748874f,0.7024963247954162f,0f,0f,0f,1f], start_interpolation: 0, interpolation_duration: 1 }
$data merge entity $(bone_head_upper) { transformation: [-0.6761352627002503f,0.21270232189215577f,-0.7622799822758413f,0.2736884392939402f,-0.596897781677576f,0.5212553824541174f,0.67489095939604f,0.38068428612382355f,0.5196403442239254f,0.875512701854065f,-0.2166180143260085f,0.7073839670910529f,0f,0f,0f,1f], start_interpolation: 0, interpolation_duration: 1 }
$data merge entity $(bone_neck_0) { transformation: [-0.6756883854643655f,-0.21129980921043762f,-0.7062560416564179f,0.23166872331053892f,-0.5782354923758237f,0.746166602662508f,0.3299683567070929f,0.39009581807905447f,0.45726242039494985f,0.6313380961883448f,-0.6263571562581758f,0.6564869849680739f,0f,0f,0f,1f], start_interpolation: 0, interpolation_duration: 1 }
$data merge entity $(bone_neck_1) { transformation: [-0.8320827976091979f,0.015686084559399155f,-0.5544295849556066f,0.1847735244073011f,-0.2944374458769666f,0.8346339441874815f,0.4655027064104957f,0.4333750612866738f,0.4700476660811107f,0.550581625157654f,-0.6898659765856392f,0.6005827429847258f,0f,0f,0f,1f], start_interpolation: 0, interpolation_duration: 1 }
$data merge entity $(bone_neck_2) { transformation: [-0.8758188515936354f,-0.26617465678452723f,-0.40260699357915397f,0.14689611596823432f,-0.38127810776485194f,0.8930278631321681f,0.23901514640048932f,0.4630578816474331f,0.29591948859860473f,0.36283920371871703f,-0.8836172070032974f,0.526723671101093f,0f,0f,0f,1f], start_interpolation: 0, interpolation_duration: 1 }
$data merge entity $(bone_body_0) { transformation: [-0.8484209104923148f,-0.31577849673378044f,-0.4248127818697849f,-0.056324739983573416f,-0.35392148330764284f,0.9352023271592572f,0.011670086941727664f,0.4774669210293442f,0.39360073970040954f,0.1602515156760255f,-0.905206003863666f,0.10163007200387039f,0f,0f,0f,1f], start_interpolation: 0, interpolation_duration: 1 }
$data merge entity $(bone_leg_left_3) { transformation: [-0.9976889955145458f,0.0028274826699774477f,0.06788721213106083f,0.4090431553658666f,0.011144220930976721f,0.9924127543983595f,0.12244480898471391f,0.07539167767227703f,-0.06702592460397874f,0.12291838857230598f,-0.9901507941630758f,-0.4892744514427541f,0f,0f,0f,1f], start_interpolation: 0, interpolation_duration: 1 }
$data merge entity $(bone_leg_left_2) { transformation: [-0.9770911367958486f,-0.294571627781864f,0.10287208562886947f,0.342042306879802f,-0.28696928494096596f,0.9811614518370213f,0.08386318876738282f,0.30624553776379215f,-0.12248975220875107f,0.051107348157636116f,-1.0170774302229046f,-0.5089836789519747f,0f,0f,0f,1f], start_interpolation: 0, interpolation_duration: 1 }
$data merge entity $(bone_leg_left_1) { transformation: [-0.975215645474891f,-0.1890718849900059f,0.11491852386502954f,0.3040045657524976f,0.1098797158897738f,0.036955694901275316f,0.993257632565865f,0.2614182618710644f,-0.19204398677639964f,0.9812675980183438f,-0.015264606851674745f,-0.23776968365354786f,0f,0f,0f,1f], start_interpolation: 0, interpolation_duration: 1 }
$data merge entity $(bone_leg_left_0) { transformation: [-0.9744955597783517f,-0.037513698357519804f,0.22124901447874945f,0.1579543357242753f,0.057091086972308094f,0.9120436935062386f,0.40609962930765986f,0.5930955112329603f,-0.21702306734676202f,0.4083736323160927f,-0.8866408318300953f,-0.030485311042192792f,0f,0f,0f,1f], start_interpolation: 0, interpolation_duration: 1 }
$data merge entity $(bone_leg_right_3) { transformation: [-0.826311631298846f,0.030144364218567303f,0.5624059079402515f,-0.3872658543050078f,0.013983161376461243f,0.9993568753070549f,-0.03301979670501548f,0.04587510735798106f,-0.5630395715916955f,-0.019420429510673812f,-0.8262017233941488f,-0.06963158963324406f,0f,0f,0f,1f], start_interpolation: 0, interpolation_duration: 1 }
$data merge entity $(bone_leg_right_2) { transformation: [-0.8257076096081634f,0.21685411622554707f,0.5685450159942523f,-0.3178659022324848f,0.18864132455796978f,1.0023651742896624f,-0.10835454554823733f,0.27588367927030577f,-0.5785184470739738f,0.017336353364739005f,-0.846804615450238f,-0.0908630654462943f,0f,0f,0f,1f], start_interpolation: 0, interpolation_duration: 1 }
$data merge entity $(bone_leg_right_1) { transformation: [-0.883069948719826f,-0.4687347181640355f,-0.021799762742890055f,-0.4616371894784113f,-0.18063413530521047f,0.2966927699398229f,0.9377338158709938f,0.3031545064209692f,-0.43308056390295663f,0.8320223339869658f,-0.34666995963939445f,0.14493240654147221f,0f,0f,0f,1f], start_interpolation: 0, interpolation_duration: 1 }
$data merge entity $(bone_leg_right_0) { transformation: [-0.8582773728115556f,0.45338208995574303f,0.2404259383408054f,-0.20340008213989758f,-0.16881645004219412f,0.19298748531336984f,-0.9665696233110027f,0.4772417118848696f,-0.48462455314897684f,-0.8701726903435805f,-0.08909843694122854f,-0.1331224798598637f,0f,0f,0f,1f], start_interpolation: 0, interpolation_duration: 1 }
$data merge entity $(bone_tail_4) { transformation: [1.454177093935387f,-1.2769307409458606f,-1.9698929397053762f,-0.7567881524507791f,1.8994475977491347f,2.00170278751699f,0.10462363715601153f,0.6874716200295251f,1.3795394646325552f,-1.410069205703807f,1.9324174063196486f,-1.1378308888755504f,0f,0f,0f,1f], start_interpolation: 0, interpolation_duration: 1 }
$data merge entity $(bone_tail_3) { transformation: [0.5288867612369221f,0.015175769642770493f,-2.0139498543530108f,-0.4154451877321091f,1.6991085186862527f,1.1145898233163547f,0.4546045463167633f,0.5994803520431805f,1.081320748696044f,-1.7588077631793106f,0.2707142712604222f,-1.1665227105324234f,0f,0f,0f,1f], start_interpolation: 0, interpolation_duration: 1 }
$data merge entity $(bone_tail_2) { transformation: [0.01800734100084086f,0.7503935029432619f,-1.8042614005219415f,-0.07984506038487521f,1.2479769088667574f,1.3840168040073026f,0.5880688702554847f,0.4914117745641356f,1.50366327534067f,-1.1576618469867308f,-0.4664650870384808f,-1.0789714623670392f,0f,0f,0f,1f], start_interpolation: 0, interpolation_duration: 1 }
$data merge entity $(bone_tail_1) { transformation: [-0.9994211507212881f,0.8616087957193924f,-0.7392184363433557f,0.06964904108634526f,0.9678790542385289f,1.16139200858767f,0.04511084963762603f,0.466582921053317f,0.5933158938181821f,-0.4432325975463403f,-1.3187787398252433f,-0.7903337679169226f,0f,0f,0f,1f], start_interpolation: 0, interpolation_duration: 1 }
$data merge entity $(bone_tail_0) { transformation: [-1.2661153449794513f,-0.13971580667203098f,-0.10614680003455974f,0.0972960118407478f,-0.15061694891539582f,1.2620741955911334f,0.13534761211945429f,0.45748730154830575f,0.0900121352430339f,0.14657399077941788f,-1.266589750992804f,-0.4166697128959632f,0f,0f,0f,1f], start_interpolation: 0, interpolation_duration: 1 }
$data merge entity $(bone_body_1) { transformation: [-1.1365004692830403f,-0.2736133915614797f,0.4026251238235186f,0.022121114048955184f,-0.364373287880543f,1.1562428455613682f,-0.2427739364584324f,0.43604768013433753f,-0.3228054916738595f,-0.34182274515108624f,-1.1434852078181088f,-0.12780123212547403f,0f,0f,0f,1f], start_interpolation: 0, interpolation_duration: 1 }