# This file was generated by Animated Java via MC-Build. It is not recommended to edit this file directly.
$data merge entity $(bone_head_lower) { transformation: [-0.6731280151193009f,-0.40209274223824404f,-0.620661020123609f,0.3015280692646582f,-0.5768507972854738f,0.8106513034091423f,0.10043715424170407f,0.33608281170681653f,0.4627546141667995f,0.42563586658126895f,-0.7776196217605038f,0.7108181950353377f,0f,0f,0f,1f], start_interpolation: 0, interpolation_duration: 1 }
$data merge entity $(bone_head_upper) { transformation: [-0.700658670467674f,0.1795001034524555f,-0.7485513228513699f,0.25373803602915823f,-0.6004437545399509f,0.5059377547558962f,0.6833492727222567f,0.3943654139014871f,0.48168108507179913f,0.8917839669766595f,-0.2370160988433779f,0.7146532304412313f,0f,0f,0f,1f], start_interpolation: 0, interpolation_duration: 1 }
$data merge entity $(bone_neck_0) { transformation: [-0.6875378584436813f,-0.25367126826122416f,-0.6803988395532565f,0.21408189230383773f,-0.5910048188272631f,0.7398958542991412f,0.32135249946732625f,0.40332574046506264f,0.4219063845566102f,0.6230610021897424f,-0.6586273530765966f,0.661815374059583f,0f,0f,0f,1f], start_interpolation: 0, interpolation_duration: 1 }
$data merge entity $(bone_neck_1) { transformation: [-0.8460066174910031f,-0.029622292111687085f,-0.5323488733635877f,0.16884848945400693f,-0.315849876343014f,0.8322460121705076f,0.4556373896426737f,0.44575826095585414f,0.42954820308730685f,0.5536145726372608f,-0.7134418309772207f,0.6039279201860992f,0f,0f,0f,1f], start_interpolation: 0, interpolation_duration: 1 }
$data merge entity $(bone_neck_2) { transformation: [-0.8775828972112075f,-0.301194951603807f,-0.37300115234508774f,0.1332219041768886f,-0.4024177413651073f,0.8856696150838522f,0.23162317317536785f,0.4747214471749956f,0.2605920565884322f,0.3533708166297851f,-0.8984546989121991f,0.5286762713027147f,0f,0f,0f,1f], start_interpolation: 0, interpolation_duration: 1 }
$data merge entity $(bone_body_0) { transformation: [-0.8507164569599899f,-0.34242209486783093f,-0.3987839249565708f,-0.05798546269665927f,-0.37293522688695047f,0.927856673302353f,-0.0011447074164326054f,0.48302094549633023f,0.37040629908820466f,0.14774675209498392f,-0.9170442033191002f,0.09788424969133014f,0f,0f,0f,1f], start_interpolation: 0, interpolation_duration: 1 }
$data merge entity $(bone_leg_left_3) { transformation: [-0.9958846572689083f,0.007901406855127488f,0.09028464535068284f,0.4123251084393821f,0.016320816988749636f,0.9955416430615143f,0.09290031142681833f,0.06797225647674404f,-0.08914808101809354f,0.09399151397913454f,-0.9915736054124784f,-0.46591915185914895f,0f,0f,0f,1f], start_interpolation: 0, interpolation_duration: 1 }
$data merge entity $(bone_leg_left_2) { transformation: [-0.9756436779984057f,-0.29063816452407804f,0.12534380880008614f,0.34693786698354273f,-0.2865649971723056f,0.9835810954041706f,0.050109187379783364f,0.2983476093423405f,-0.1343953700023704f,0.012644587233308432f,-1.0167793263222455f,-0.4946032504655771f,0f,0f,0f,1f], start_interpolation: 0, interpolation_duration: 1 }
$data merge entity $(bone_leg_left_1) { transformation: [-0.9719853857658995f,-0.2038760428506025f,0.11695712466153849f,0.30470584641293663f,0.10954955098526858f,0.04728853785205084f,0.9928558254181423f,0.2563553297627609f,-0.2079502482240437f,0.9778539529701735f,-0.023629238755494053f,-0.2235562240033782f,0f,0f,0f,1f], start_interpolation: 0, interpolation_duration: 1 }
$data merge entity $(bone_leg_left_0) { transformation: [-0.9713961384471489f,-0.03497881033398009f,0.23487448783890308f,0.1589020842683157f,0.05580910589061887f,0.9277591240894055f,0.3689828605349424f,0.5970754417294946f,-0.23081353060350956f,0.3715366610396321f,-0.8992694944197008f,-0.03131068618701083f,0f,0f,0f,1f], start_interpolation: 0, interpolation_duration: 1 }
$data merge entity $(bone_leg_right_3) { transformation: [-0.8199735303590988f,0.017922173840147625f,0.5721207959821765f,-0.38869529572155564f,0.01952338661787702f,0.9998038268150846f,-0.0033384518689268255f,0.05284007150687969f,-0.5720683935382244f,0.008432293327189727f,-0.8201625750690161f,-0.07834044017855325f,0f,0f,0f,1f], start_interpolation: 0, interpolation_duration: 1 }
$data merge entity $(bone_leg_right_2) { transformation: [-0.8192734153698432f,0.22590690753032952f,0.5742989983440765f,-0.3170173091817093f,0.19480637368223475f,1.0003740332391313f,-0.11560480048140344f,0.2821508816557045f,-0.5855798384009683f,0.016735060551152234f,-0.8419491612367932f,-0.09955106630082616f,0f,0f,0f,1f], start_interpolation: 0, interpolation_duration: 1 }
$data merge entity $(bone_leg_right_1) { transformation: [-0.8809231352690668f,-0.4729244776709528f,-0.017800791200780347f,-0.4620961584785006f,-0.17432618255996915f,0.28929199597556243f,0.94123351148296f,0.30735116588445655f,-0.43998274036805773f,0.8322575199324616f,-0.33728713093458335f,0.13567320715171244f,0f,0f,0f,1f], start_interpolation: 0, interpolation_duration: 1 }
$data merge entity $(bone_leg_right_0) { transformation: [-0.855937315746455f,0.4566560153556926f,0.24256255925475123f,-0.20301962751944735f,-0.16153556953139536f,0.20947470749347555f,-0.9643788709302431f,0.48688686074304766f,-0.4912001336409846f,-0.8646303433028383f,-0.10553102932831984f,-0.1381032782196916f,0f,0f,0f,1f], start_interpolation: 0, interpolation_duration: 1 }
$data merge entity $(bone_tail_4) { transformation: [1.3568104528825577f,-1.1210451987733343f,-2.1279061043325873f,-0.6930067417388415f,1.48980687907191f,2.3097405110990334f,-0.2668999176807486f,0.754620976598824f,1.8881743006456382f,-1.0168666408606544f,1.7396670304072919f,-1.1452532652596539f,0f,0f,0f,1f], start_interpolation: 0, interpolation_duration: 1 }
$data merge entity $(bone_tail_3) { transformation: [0.40564696205003226f,0.14804638692761257f,-2.0370268372168554f,-0.3490510168182882f,1.4208724454070218f,1.4714126834429144f,0.3898868232331475f,0.6741116510453843f,1.467146060249999f,-1.4659374162512688f,0.18562180791034566f,-1.1623825159167227f,0f,0f,0f,1f], start_interpolation: 0, interpolation_duration: 1 }
$data merge entity $(bone_tail_2) { transformation: [0.01762241455773625f,0.8373263238632064f,-1.7656013006547266f,-0.020617316313576745f,0.9279394956135344f,1.5503046396670834f,0.7444848498861418f,0.5367686031928983f,1.7197068407110647f,-0.8451118426546986f,-0.38362511703370655f,-1.089996912731338f,0f,0f,0f,1f], start_interpolation: 0, interpolation_duration: 1 }
$data merge entity $(bone_tail_1) { transformation: [-1.0569438859693436f,0.8863812508804741f,-0.6203661418868623f,0.10305323536055211f,0.8963027627238234f,1.2031043741940948f,0.19193090509003f,0.479904203223148f,0.6059432559618649f,-0.2335045885686245f,-1.366003158002108f,-0.7937728224491245f,0f,0f,0f,1f], start_interpolation: 0, interpolation_duration: 1 }
$data merge entity $(bone_tail_0) { transformation: [-1.2697331035878419f,-0.14701126201859155f,-0.0011185154965779292f,0.09983244795528333f,-0.14609804572974108f,1.2606878726997672f,0.15217478518372862f,0.46585783820798027f,-0.01639888018022945f,0.15129273958609016f,-1.2691246196734967f,-0.4192541480694189f,0f,0f,0f,1f], start_interpolation: 0, interpolation_duration: 1 }
$data merge entity $(bone_body_1) { transformation: [-1.1382846727644658f,-0.25569087379190103f,0.40931012187005306f,0.021896173000750484f,-0.34655553608812056f,1.162825314950544f,-0.23736289173561612f,0.4427168486668024f,-0.3358747671564788f,-0.33326274773210496f,-1.1422472047756909f,-0.13125006223677343f,0f,0f,0f,1f], start_interpolation: 0, interpolation_duration: 1 }