# This file was generated by Animated Java via MC-Build. It is not recommended to edit this file directly.
$data merge entity $(bone_head_lower) { transformation: [-0.687407008871716f,-0.4011142600691532f,-0.6054576405688645f,0.2928913405289606f,-0.5769342488747433f,0.8079648896428239f,0.11974810887774257f,0.34421454901685644f,0.441155841658451f,0.4316249384287657f,-0.7868172824086848f,0.7169225619216424f,0f,0f,0f,1f], start_interpolation: 0, interpolation_duration: 1 }
$data merge entity $(bone_head_upper) { transformation: [-0.7155216691149823f,0.15340797449651034f,-0.7402477132496224f,0.24508323050478556f,-0.6005306192644501f,0.5037707052648659f,0.6848722467922784f,0.4025534535428086f,0.45919893176734766f,0.8978602410516489f,-0.25778919912577625f,0.7194550165461295f,0f,0f,0f,1f], start_interpolation: 0, interpolation_duration: 1 }
$data merge entity $(bone_neck_0) { transformation: [-0.6952172464455733f,-0.27963857220232385f,-0.6621746364678135f,0.20702947735525762f,-0.5964425416813192f,0.7385562323841576f,0.314310334031903f,0.41108192212493794f,0.40115991165290066f,0.6134630881668142f,-0.6802453709798199f,0.6653817944378132f,0f,0f,0f,1f], start_interpolation: 0, interpolation_duration: 1 }
$data merge entity $(bone_neck_1) { transformation: [-0.8528865046358769f,-0.05821599304213734f,-0.5188405423288686f,0.1628086798349384f,-0.32881970732977356f,0.8318030922432635f,0.4471925936395943f,0.45279701707958125f,0.4055394065705068f,0.5520095233677251f,-0.7285761976826983f,0.6062048668044588f,0f,0f,0f,1f], start_interpolation: 0, interpolation_duration: 1 }
$data merge entity $(bone_neck_2) { transformation: [-0.8768182318045168f,-0.320257460914854f,-0.358643203063395f,0.12825332471929252f,-0.41475372707226404f,0.8811154607056003f,0.2271891079810474f,0.4813271579145017f,0.24324706422661468f,0.3479521571048654f,-0.9054060758086421f,0.530291173106208f,0f,0f,0f,1f], start_interpolation: 0, interpolation_duration: 1 }
$data merge entity $(bone_body_0) { transformation: [-0.8504136593909635f,-0.357646997694008f,-0.38585649270387146f,-0.05700642804197698f,-0.3843734708261988f,0.923138515786374f,-0.008503857757044542f,0.4861133699290831f,0.3592403691768117f,0.1410812025473025f,-0.9225196211688482f,0.09685510990367546f,0f,0f,0f,1f], start_interpolation: 0, interpolation_duration: 1 }
$data merge entity $(bone_leg_left_3) { transformation: [-0.9952925377246858f,0.00637864680584403f,0.09670613845295127f,0.4140246233966654f,0.013998673956078116f,0.9968297177769756f,0.07832337380467227f,0.06379515192127386f,-0.09589995556321437f,0.07930842717896572f,-0.9922264720825446f,-0.4536973754284999f,0f,0f,0f,1f], start_interpolation: 0, interpolation_duration: 1 }
$data merge entity $(bone_leg_left_2) { transformation: [-0.9749149391386445f,-0.2903001764509554f,0.13163916019760957f,0.3489118515754741f,-0.28865308144845697f,0.9837375585549089f,0.03165460407953238f,0.2936334074270267f,-0.13521264554507528f,-0.0069586594733245f,-1.016725782619744f,-0.48695057554291554f,0f,0f,0f,1f], start_interpolation: 0, interpolation_duration: 1 }
$data merge entity $(bone_leg_left_1) { transformation: [-0.9713701609539879f,-0.20725690777283226f,0.11612314406985136f,0.30579333427403815f,0.10680825862107635f,0.05562046593485487f,0.9927227002841845f,0.25396630734341885f,-0.21220746051578165f,0.9767041199614311f,-0.031891311541070555f,-0.21569294837558875f,0f,0f,0f,1f], start_interpolation: 0, interpolation_duration: 1 }
$data merge entity $(bone_leg_left_0) { transformation: [-0.9708697548280422f,-0.033405840421875777f,0.23726771585246426f,0.16047355310475395f,0.05253498353846144f,0.936461277604171f,0.34681457733575377f,0.5995271037813991f,-0.23377766074788053f,0.34917663921527187f,-0.9074269557168649f,-0.03190726957957027f,0f,0f,0f,1f], start_interpolation: 0, interpolation_duration: 1 }
$data merge entity $(bone_leg_right_3) { transformation: [-0.8208592695528479f,0.013043810544446297f,0.5709815396277232f,-0.3883393997065236f,0.02243375826333791f,0.9997040112296895f,0.00941362955774408f,0.05524984606757724f,-0.5706897459034522f,0.020536526915447842f,-0.820908926119642f,-0.07956101121987566f,0f,0f,0f,1f], start_interpolation: 0, interpolation_duration: 1 }
$data merge entity $(bone_leg_right_2) { transformation: [-0.8199808666872366f,0.2318606632978949f,0.5709064814683773f,-0.31537734778409887f,0.19801725247945723f,0.9990636718207219f,-0.12133897506274706f,0.284073019905995f,-0.5835089934936987f,0.013214082028327025f,-0.8434481857522804f,-0.10164191155926974f,0f,0f,0f,1f], start_interpolation: 0, interpolation_duration: 1 }
$data merge entity $(bone_leg_right_1) { transformation: [-0.883625429671437f,-0.4679007956450455f,-0.01658147981037006f,-0.45920990525020133f,-0.17044520042280734f,0.2884945564552299f,0.9421885822639378f,0.3090833035492255f,-0.4360671206257099f,0.8353680244840792f,-0.3346725712973339f,0.13436670435254627f,0f,0f,0f,1f], start_interpolation: 0, interpolation_duration: 1 }
$data merge entity $(bone_leg_right_0) { transformation: [-0.8590277740953453f,0.45011593395585847f,0.24385842067035907f,-0.20244736904367913f,-0.15692351163866083f,0.2218941457347123f,-0.9623606390452872f,0.49279470688967036f,-0.48728461378109156f,-0.8649616373502975f,-0.11997946109440927f,-0.13881894469939754f,0f,0f,0f,1f], start_interpolation: 0, interpolation_duration: 1 }
$data merge entity $(bone_tail_4) { transformation: [1.1429312833012333f,-1.088461120807445f,-2.2659703885404157f,-0.6661068689753757f,1.3441018064714392f,2.3680904942812164f,-0.45956400678812676f,0.7588714914707193f,2.1243257158664752f,-0.9127218256322923f,1.5099140550120214f,-1.1778647042407016f,0f,0f,0f,1f], start_interpolation: 0, interpolation_duration: 1 }
$data merge entity $(bone_tail_3) { transformation: [0.23504350228277782f,0.2067814502462315f,-2.058626121935005f,-0.31906347225469645f,1.3188169273190247f,1.581430917193512f,0.3094247766513518f,0.6909289408242301f,1.594183800662865f,-1.338754350888541f,0.04754286198316093f,-1.1728254543969008f,0f,0f,0f,1f], start_interpolation: 0, interpolation_duration: 1 }
$data merge entity $(bone_tail_2) { transformation: [-0.07022021759590905f,0.8481321122921758f,-1.7591233373877948f,0.008103605501020739f,0.8180584653378716f,1.611153608247531f,0.7441359236878603f,0.5535839857995035f,1.7733085866065748f,-0.709668828209716f,-0.4129415042564976f,-1.0949181342582834f,0f,0f,0f,1f], start_interpolation: 0, interpolation_duration: 1 }
$data merge entity $(bone_tail_1) { transformation: [-1.1027423325108545f,0.8756870577594227f,-0.552075877901912f,0.11725333429386865f,0.857760249789938f,1.2245288089448605f,0.22898209524848334f,0.48852151394039794f,0.5795368426328257f,-0.14614247478651787f,-1.389401192994467f,-0.7947017315437434f,0f,0f,0f,1f], start_interpolation: 0, interpolation_duration: 1 }
$data merge entity $(bone_tail_0) { transformation: [-1.2686263750570452f,-0.14881462864287984f,0.04771837586853631f,0.09971775370769276f,-0.14171241552350697f,1.2599821000797433f,0.1618592454855772f,0.4716280929866861f,-0.06588192756850712f,0.15535453120057105f,-1.267028120382234f,-0.4206976847170175f,0f,0f,0f,1f], start_interpolation: 0, interpolation_duration: 1 }
$data merge entity $(bone_body_1) { transformation: [-1.1414273022375632f,-0.2477477075109754f,0.4054249402614315f,0.022149700436783902f,-0.3356854466374577f,1.1671118347938851f,-0.23188324876133645f,0.4469244356808467f,-0.33624929691932376f,-0.3241537190336669f,-1.1447555947948687f,-0.13272399106687116f,0f,0f,0f,1f], start_interpolation: 0, interpolation_duration: 1 }