# This file was generated by Animated Java via MC-Build. It is not recommended to edit this file directly.
$data merge entity $(bone_head_lower) { transformation: [-0.703194991776603f,-0.4029164110329076f,-0.5858115475651399f,0.28598497688548097f,-0.5759779268617423f,0.8058847881136004f,0.13710994148910916f,0.35293260998877535f,0.4168527693423093f,0.43382954487616265f,-0.7987651060757407f,0.7242800992457658f,0f,0f,0f,1f], start_interpolation: 0, interpolation_duration: 1 }
$data merge entity $(bone_head_upper) { transformation: [-0.731955373942353f,0.12088446784138221f,-0.7301371231317602f,0.23813845607054618f,-0.5995351840795847f,0.5052225234817972f,0.6846748917558249f,0.4112908185842996f,0.4339018739197559f,0.9020028213841118f,-0.2856431630680731f,0.7249775425941133f,0f,0f,0f,1f], start_interpolation: 0, interpolation_duration: 1 }
$data merge entity $(bone_neck_0) { transformation: [-0.703926218922278f,-0.3081631733190315f,-0.6399401041689212f,0.20198825131569548f,-0.6012793359745433f,0.7381467758402442f,0.30594525236823766f,0.419286594438123f,0.3780886647914712f,0.6001456455949645f,-0.7048930171519688f,0.6695341794297572f,0f,0f,0f,1f], start_interpolation: 0, interpolation_duration: 1 }
$data merge entity $(bone_neck_1) { transformation: [-0.8591602428336056f,-0.09054284365747536f,-0.5036324757166857f,0.15890685088337392f,-0.34357104978402275f,0.8314530609795269f,0.43662883681461073f,0.46010518799010375f,0.3792131470352848f,0.5481676758531037f,-0.7454593136217444f,0.6089093313742f,0f,0f,0f,1f], start_interpolation: 0, interpolation_duration: 1 }
$data merge entity $(bone_neck_2) { transformation: [-0.8746698987360436f,-0.3400364928755093f,-0.3454384920040082f,0.12531467840707344f,-0.4283718824772833f,0.8757542516945342f,0.22260283228614844f,0.48818104709010934f,0.2268261416767214f,0.3426801338739528f,-0.911657955211373f,0.5323963097487292f,0f,0f,0f,1f], start_interpolation: 0, interpolation_duration: 1 }
$data merge entity $(bone_body_0) { transformation: [-0.8487267505116685f,-0.37404325929296656f,-0.3738375892595592f,-0.05443680511883668f,-0.39726120928024045f,0.9175632440478662f,-0.01616244949124701f,0.4893046821076812f,0.3490650864338988f,0.13479366954664718f,-0.9273533480195368f,0.0966222325966953f,0f,0f,0f,1f], start_interpolation: 0, interpolation_duration: 1 }
$data merge entity $(bone_leg_left_3) { transformation: [-0.9951199943213743f,0.0014114716868586265f,0.09866207300429777f,0.4158560856404643f,0.007792645794473747f,0.9978987895803596f,0.06432169482822218f,0.05948245154167647f,-0.09836397497737688f,0.06477664318047263f,-0.9930400369194183f,-0.44157172805354433f,0f,0f,0f,1f], start_interpolation: 0, interpolation_duration: 1 }
$data merge entity $(bone_leg_left_2) { transformation: [-0.9742560221663996f,-0.29170496313242866f,0.1334002146066754f,0.35047130678219807f,-0.29260554390104343f,0.9829989426862403f,0.012540887400911874f,0.2885517055382019f,-0.1314130832587575f,-0.026143692591832458f,-1.0169116522032704f,-0.4792967811767217f,0f,0f,0f,1f], start_interpolation: 0, interpolation_duration: 1 }
$data merge entity $(bone_leg_left_1) { transformation: [-0.9717518063265631f,-0.20686678916166612f,0.11359823256989843f,0.3076002850598719f,0.10197574720511023f,0.06604066498141253f,0.9925923521520666f,0.2518186035656142f,-0.21283649565575302f,0.9761376757971982f,-0.04307974009001214f,-0.20758711926584855f,0f,0f,0f,1f], start_interpolation: 0, interpolation_duration: 1 }
$data merge entity $(bone_leg_left_0) { transformation: [-0.9713418003623145f,-0.03189675248446139f,0.2355370545155102f,0.16295902012011f,0.047150118378681674f,0.9454038468748338f,0.3224723750201588f,0.6022460221780177f,-0.2329634589496252f,0.3243364973221648f,-0.9168063390373213f,-0.03269627523527631f,0f,0f,0f,1f], start_interpolation: 0, interpolation_duration: 1 }
$data merge entity $(bone_leg_right_3) { transformation: [-0.8253539458880264f,0.00940727992584614f,0.5645373035428769f,-0.38713360632912897f,0.025237647952908598f,0.9994765144781098f,0.020242483357866325f,0.05670997505172684f,-0.5640513497305636f,0.030954807237087226f,-0.8251593026658818f,-0.07781664787226689f,0f,0f,0f,1f], start_interpolation: 0, interpolation_duration: 1 }
$data merge entity $(bone_leg_right_2) { transformation: [-0.8241922993969174f,0.2388457786906182f,0.5618914015334185f,-0.3128154069750603f,0.20110936642559593f,0.9974831402669495f,-0.129013980326841f,0.28492274020132985f,-0.5764757374351607f,0.006502183137332875f,-0.8483487757188848f,-0.10162444351900093f,0f,0f,0f,1f], start_interpolation: 0, interpolation_duration: 1 }
$data merge entity $(bone_leg_right_1) { transformation: [-0.8895174045465337f,-0.4566136433457965f,-0.01621011163676897f,-0.4537186362223852f,-0.16615528413685962f,0.29022618214410867f,0.9424230391663044f,0.3104764540800701f,-0.4256186186742754f,0.8409950914889648f,-0.33403000992316445f,0.1360868800531943f,0f,0f,0f,1f], start_interpolation: 0, interpolation_duration: 1 }
$data merge entity $(bone_leg_right_0) { transformation: [-0.8657219151055995f,0.4365833557389194f,0.2447867218572889f,-0.2015666341213183f,-0.15173828781299617f,0.23712201399406743f,-0.959556482178604f,0.4993356223688338f,-0.47697070949637344f,-0.8678525934576341f,-0.1390353131811649f,-0.13788184253052171f,0f,0f,0f,1f], start_interpolation: 0, interpolation_duration: 1 }
$data merge entity $(bone_tail_4) { transformation: [0.7823271965262972f,-1.0900228520660131f,-2.413602218914537f,-0.6384820738109864f,1.2596729818987886f,2.3669445287000905f,-0.6606503676915031f,0.7395392361728874f,2.3295599300832595f,-0.9138299139503911f,1.167787117637416f,-1.2399145585938462f,0f,0f,0f,1f], start_interpolation: 0, interpolation_duration: 1 }
$data merge entity $(bone_tail_3) { transformation: [-0.02248623166546544f,0.2553410139414827f,-2.066456111808152f,-0.29058619361138427f,1.2629586987105528f,1.6446815986543104f,0.18948163616480512f,0.6913156521848893f,1.65540787142664f,-1.2513068894926138f,-0.1726307434134657f,-1.1983977436598683f,0f,0f,0f,1f], start_interpolation: 0, interpolation_duration: 1 }
$data merge entity $(bone_tail_2) { transformation: [-0.22882853310721127f,0.830469881459025f,-1.7540613311478623f,0.035518383335983894f,0.7654154483043233f,1.6616626693757457f,0.6868698855699952f,0.5645894207308987f,1.7834098151955629f,-0.6066059876025622f,-0.5198581362945344f,-1.1005828617420936f,0f,0f,0f,1f], start_interpolation: 0, interpolation_duration: 1 }
$data merge entity $(bone_tail_1) { transformation: [-1.1595114095471255f,0.8466942269361781f,-0.47570834258291717f,0.12864331354924802f,0.8180015918006059f,1.250803332957512f,0.23242346713284875f,0.49850320942945536f,0.5235102071036566f,-0.07909588064701795f,-1.4168052635147006f,-0.7952354578765559f,0f,0f,0f,1f], start_interpolation: 0, interpolation_duration: 1 }
$data merge entity $(bone_tail_0) { transformation: [-1.2662097724759167f,-0.14894427935622828f,0.09145561938759511f,0.09832356515602012f,-0.1356694842068753f,1.2592428326513927f,0.1724441824335179f,0.4784987840427961f,-0.11019219448561346f,0.16111736916663522f,-1.2632238876031814f,-0.42220402874074947f,0f,0f,0f,1f], start_interpolation: 0, interpolation_duration: 1 }
$data merge entity $(bone_body_1) { transformation: [-1.146474365969459f,-0.2410399623419207f,0.3950960133757144f,0.022705028462209814f,-0.3236648340112597f,1.172001331276287f,-0.22418418714825836f,0.45167586047221653f,-0.3308204927988002f,-0.3113152921028246f,-1.1498892057513812f,-0.1339016016152656f,0f,0f,0f,1f], start_interpolation: 0, interpolation_duration: 1 }