# This file was generated by Animated Java via MC-Build. It is not recommended to edit this file directly.
$data merge entity $(bone_head_lower) { transformation: [-0.7204334408368014f,-0.40747546519333006f,-0.5611946209556237f,0.28133531737539924f,-0.5739468777085036f,0.8045412186004575f,0.15263816410567405f,0.36189190232800683f,0.38930789729044424f,0.43206153825395044f,-0.8134876694018929f,0.7328472947214659f,0f,0f,0f,1f], start_interpolation: 0, interpolation_duration: 1 }
$data merge entity $(bone_head_upper) { transformation: [-0.7498988683864263f,0.08193458212887325f,-0.717224061244205f,0.23349880946541995f,-0.5974210658622491f,0.5100919644015851f,0.6829100969384282f,0.42023844890967343f,0.4052304280779996f,0.9036397814880697f,-0.32046121146781964f,0.7311723306117719f,0f,0f,0f,1f], start_interpolation: 0, interpolation_duration: 1 }
$data merge entity $(bone_neck_0) { transformation: [-0.7136426814423634f,-0.3386511735010312f,-0.6132124476151213f,0.1995748821376f,-0.605476270922157f,0.7384369764111905f,0.29683213643218886f,0.4276415992351919f,0.35229619437903703f,0.5831176678467849f,-0.7320253935970902f,0.6742592673115817f,0f,0f,0f,1f], start_interpolation: 0, interpolation_duration: 1 }
$data merge entity $(bone_neck_1) { transformation: [-0.8644719523044258f,-0.12630805792101504f,-0.48655371561955624f,0.15777551097277123f,-0.3601947317211528f,0.8308043460954946f,0.4242922268309478f,0.467412131455169f,0.3506394143836391f,0.5420428147416579f,-0.763702552089254f,0.6120607610457888f,0f,0f,0f,1f], start_interpolation: 0, interpolation_duration: 1 }
$data merge entity $(bone_neck_2) { transformation: [-0.8710228219311279f,-0.3602422888575717f,-0.3339831387866642f,0.12498908598217234f,-0.4432509147097157f,0.8694358663588945f,0.21819693145816454f,0.49504013965696025f,0.21177315761005866f,0.3380928387402144f,-0.9169762058572998f,0.5350369082904363f,0f,0f,0f,1f], start_interpolation: 0, interpolation_duration: 1 }
$data merge entity $(bone_body_0) { transformation: [-0.84542055369518f,-0.39147465822134264f,-0.3633341153266755f,-0.049978205531238364f,-0.4116351242813875f,0.9110381880048363f,-0.023789587106782528f,0.49250697400296634f,0.34032427454940944f,0.12944887781416833f,-0.9313551289304585f,0.09732589097952193f,0f,0f,0f,1f], start_interpolation: 0, interpolation_duration: 1 }
$data merge entity $(bone_leg_left_3) { transformation: [-0.9954258411754593f,-0.00760185466375008f,0.09523448181095003f,0.41799384573394105f,-0.002720085870895158f,0.9986803119345198f,0.05128582345273936f,0.0551857974860645f,-0.09549866937808021f,0.05079218798242311f,-0.9941328672702534f,-0.4299199346182764f,0f,0f,0f,1f], start_interpolation: 0, interpolation_duration: 1 }
$data merge entity $(bone_leg_left_2) { transformation: [-0.9736251789407309f,-0.2954174599964008f,0.12978726733620247f,0.351633011669938f,-0.2986442809066031f,0.981237205291575f,-0.006880402172272331f,0.28323481985001736f,-0.1221793923503548f,-0.04432009455708687f,-1.0174331058128805f,-0.47188367095324574f,0f,0f,0f,1f], start_interpolation: 0, interpolation_duration: 1 }
$data merge entity $(bone_leg_left_1) { transformation: [-0.9733117890793251f,-0.2019795568995263f,0.10894227753206778f,0.3103677006541127f,0.09479397198239609f,0.07847391355635408f,0.9923990869438315f,0.2500327225802934f,-0.20899345471809327f,0.9762408019980631f,-0.05723314074184094f,-0.19947188614314493f,0f,0f,0f,1f], start_interpolation: 0, interpolation_duration: 1 }
$data merge entity $(bone_leg_left_0) { transformation: [-0.9729716698439338f,-0.030846652227789678f,0.22885500590427268f,0.16649318563049328f,0.0394120670188228f,0.9543159420273675f,0.29618874348246566f,0.6051992245143898f,-0.22753641171120426f,0.2972029051654036f,-0.9273066453481469f,-0.03374874836489465f,0f,0f,0f,1f], start_interpolation: 0, interpolation_duration: 1 }
$data merge entity $(bone_leg_right_3) { transformation: [-0.8340000798689676f,0.007255780978524459f,0.5517166124206769f,-0.384894853413101f,0.027733265599944434f,0.9992009090728177f,0.02878210011827259f,0.05704501377742471f,-0.5510669040667551f,0.0393051771456001f,-0.8335348644728876f,-0.07248365102403384f,0f,0f,0f,1f], start_interpolation: 0, interpolation_duration: 1 }
$data merge entity $(bone_leg_right_2) { transformation: [-0.8324580361670977f,0.2467147721527157f,0.5460839117966643f,-0.309218102060448f,0.2038764594968769f,0.9955781273505729f,-0.13899921260510675f,0.284500841971492f,-0.5634804404631375f,-0.0042676742442394f,-0.8570494616255868f,-0.09909093557686482f,0f,0f,0f,1f], start_interpolation: 0, interpolation_duration: 1 }
$data merge entity $(bone_leg_right_1) { transformation: [-0.8988807742765275f,-0.43786026422483415f,-0.017080475666356038f,-0.44516694075971963f,-0.16154758527750138f,0.2949025339211033f,0.9417721981338806f,0.31145125786235045f,-0.40732754795991744f,0.8493002322499807f,-0.3358174864016019f,0.14133571435902487f,0f,0f,0f,1f], start_interpolation: 0, interpolation_duration: 1 }
$data merge entity $(bone_leg_right_0) { transformation: [-0.8763722523157695f,0.414845960887516f,0.2446926727679001f,-0.20030371554339008f,-0.1460695114523775f,0.2551898514158811f,-0.9557938258633001f,0.5064390020726505f,-0.45895029490681105f,-0.8733733270885105f,-0.16304495801863073f,-0.13494142749112675f,0f,0f,0f,1f], start_interpolation: 0, interpolation_duration: 1 }
$data merge entity $(bone_tail_4) { transformation: [0.42451882336069385f,-1.0866923562828459f,-2.502907274153178f,-0.6083079141523846f,1.221190612147846f,2.3408431578100797f,-0.8092021570261065f,0.7232403781497444f,2.440110364105366f,-0.9824532380373996f,0.840421547591094f,-1.3041027077099618f,0f,0f,0f,1f], start_interpolation: 0, interpolation_duration: 1 }
$data merge entity $(bone_tail_3) { transformation: [-0.2669155717926028f,0.3072341172807034f,-2.0421333944573306f,-0.26504408274626007f,1.2341935560546227f,1.6746632906472663f,0.09063473504213938f,0.6914841813974681f,1.6557378626377783f,-1.198772533127808f,-0.3967645020543872f,-1.225095179897834f,0f,0f,0f,1f], start_interpolation: 0, interpolation_duration: 1 }
$data merge entity $(bone_tail_2) { transformation: [-0.3731681400796324f,0.8196094715948672f,-1.7342894015429684f,0.05727562020577548f,0.7560747748728247f,1.6866147572070966f,0.6343937819485865f,0.5745121734989534f,1.7629152983150647f,-0.5498589363154939f,-0.6391859480022054f,-1.1050991698548247f,0f,0f,0f,1f], start_interpolation: 0, interpolation_duration: 1 }
$data merge entity $(bone_tail_1) { transformation: [-1.1987499140269695f,0.8265396574195946f,-0.4092518641778353f,0.1363837138789577f,0.7962694281042197f,1.2661341210462536f,0.22475683613409858f,0.5099090949033949f,0.46541367780385745f,-0.037320667667270456f,-1.4386290440130693f,-0.7955106869453352f,0f,0f,0f,1f], start_interpolation: 0, interpolation_duration: 1 }
$data merge entity $(bone_tail_0) { transformation: [-1.2632465403862616f,-0.14701748037370546f,0.1281786068372407f,0.0953791521230441f,-0.12778651398894167f,1.2584309874494484f,0.18400481856078646f,0.48650679167526706f,-0.1473584121410201f,0.16903557872708655f,-1.2583911109347938f,-0.42370042697446586f,0f,0f,0f,1f], start_interpolation: 0, interpolation_duration: 1 }
$data merge entity $(bone_body_1) { transformation: [-1.1536176941729712f,-0.2358123570044573f,0.37704554503572835f,0.02360498015434468f,-0.31061205731189856f,1.1774308544006065f,-0.2139657169131957f,0.45694250000000003f,-0.318262408398725f,-0.29437002300796583f,-1.1578686989511304f,-0.13468426358048105f,0f,0f,0f,1f], start_interpolation: 0, interpolation_duration: 1 }