# This file was generated by Animated Java via MC-Build. It is not recommended to edit this file directly.
$data merge entity $(bone_head_lower) { transformation: [-0.8197939845220535f,-0.45077304533060825f,-0.353187605310301f,0.2397265512958521f,-0.5441293821912514f,0.8053993874427563f,0.23506391076258393f,0.40446208621911206f,0.178496606067518f,0.38488373349649657f,-0.9055404316275311f,0.7876550069359202f,0f,0f,0f,1f], start_interpolation: 0, interpolation_duration: 1 }
$data merge entity $(bone_head_upper) { transformation: [-0.8533232169081787f,-0.18251002585953321f,-0.5674517781536486f,0.19624481035673916f,-0.5663840472022977f,0.5571214418259115f,0.6725301128693569f,0.46315873330775037f,0.18579704288209364f,0.8601033264103082f,-0.5560338742717925f,0.7686945660852282f,0f,0f,0f,1f], start_interpolation: 0, interpolation_duration: 1 }
$data merge entity $(bone_neck_0) { transformation: [-0.7737167086545419f,-0.4947718584915398f,-0.395680758685093f,0.17894043277077484f,-0.610556017515635f,0.7490129455712808f,0.2572954660348312f,0.4678353419778263f,0.16906745465710027f,0.4406590693625415f,-0.8816097664864587f,0.7044806727131064f,0f,0f,0f,1f], start_interpolation: 0, interpolation_duration: 1 }
$data merge entity $(bone_neck_1) { transformation: [-0.8858418137817432f,-0.31605123343606417f,-0.33969971857423464f,0.14870739952269513f,-0.4344528470900672f,0.8220293135837172f,0.36812841681187464f,0.5028076368612787f,0.16289568628790144f,0.47368705434350344f,-0.8654972963193869f,0.633343909111319f,0f,0f,0f,1f], start_interpolation: 0, interpolation_duration: 1 }
$data merge entity $(bone_neck_2) { transformation: [-0.8541855136618451f,-0.4577791995591052f,-0.2465873328078209f,0.12262255528805056f,-0.5081790071963894f,0.8353855220828255f,0.20948777085858025f,0.529339283123914f,0.11009634369561072f,0.3042519251301954f,-0.9462079904330908f,0.5534278090939297f,0f,0f,0f,1f], start_interpolation: 0, interpolation_duration: 1 }
$data merge entity $(bone_body_0) { transformation: [-0.8299731142972133f,-0.4721630880971621f,-0.2969960400112038f,-0.021848508252065316f,-0.4773362035588845f,0.876683367691164f,-0.05980319043053209f,0.5095057686674362f,0.2886083476197045f,0.09213192200443254f,-0.9530041608681428f,0.10515819356437203f,0f,0f,0f,1f], start_interpolation: 0, interpolation_duration: 1 }
$data merge entity $(bone_leg_left_3) { transformation: [-0.994522063041297f,-0.08027369750065774f,0.06694773792784367f,0.4362030489179017f,-0.08010515421971305f,0.9967728416432612f,0.005202540711491746f,0.038999402029058855f,-0.06714931415523427f,-0.00018881734992176602f,-0.9977429197726686f,-0.3731564443673463f,0f,0f,0f,1f], start_interpolation: 0, interpolation_duration: 1 }
$data merge entity $(bone_leg_left_2) { transformation: [-0.9678669548494532f,-0.32387516774999875f,0.10198349339991752f,0.36235843652764727f,-0.33280281058951555f,0.9659483273324059f,-0.09082024932877569f,0.26083749908312764f,-0.06736502412127503f,-0.11878932670628305f,-1.0165693527184962f,-0.43236711893180535f,0f,0f,0f,1f], start_interpolation: 0, interpolation_duration: 1 }
$data merge entity $(bone_leg_left_1) { transformation: [-0.9816579694097506f,-0.1738397403974211f,0.07827755586937021f,0.3305303955281046f,0.052849010248372894f,0.14636644390700898f,0.9878177191232115f,0.2471580193657137f,-0.18317918334268365f,0.9738360276538209f,-0.13449452789364272f,-0.15702508926586803f,0f,0f,0f,1f], start_interpolation: 0, interpolation_duration: 1 }
$data merge entity $(bone_leg_left_0) { transformation: [-0.9814900768415593f,-0.03481530196359062f,0.1883218622750269f,0.18740682776300835f,-0.003850628284755424f,0.9867259370708882f,0.16234869193618537f,0.6209147584393164f,-0.1914742847574129f,0.15861847263405915f,-0.9685957765837487f,-0.038160364003451186f,0f,0f,0f,1f], start_interpolation: 0, interpolation_duration: 1 }
$data merge entity $(bone_leg_right_3) { transformation: [-0.862731983725499f,0.012057764526829537f,0.5055176896723604f,-0.366079272760074f,0.03738783421084887f,0.9985003229745038f,0.03999068482576451f,0.05356760852618006f,-0.5042773781462813f,0.05340145442239469f,-0.8618889780914275f,-0.0369197785069001f,0f,0f,0f,1f], start_interpolation: 0, interpolation_duration: 1 }
$data merge entity $(bone_leg_right_2) { transformation: [-0.8745884063906295f,0.27387488286025363f,0.4605972942235722f,-0.2866480982835707f,0.20653664517186804f,0.9857868427500469f,-0.1939822527004431f,0.27703775332660263f,-0.49446934496381423f,-0.07265706228489463f,-0.8957026391006558f,-0.08077014874680899f,0f,0f,0f,1f], start_interpolation: 0, interpolation_duration: 1 }
$data merge entity $(bone_leg_right_1) { transformation: [-0.9477464199931922f,-0.3175778743310985f,-0.030348263960709887f,-0.3901894866119481f,-0.14003103622206245f,0.3286378413495358f,0.9340173864161698f,0.3139927996726547f,-0.286649668209582f,0.8894613330372817f,-0.3559360964370968f,0.17403740826898856f,0f,0f,0f,1f], start_interpolation: 0, interpolation_duration: 1 }
$data merge entity $(bone_leg_right_0) { transformation: [-0.9333819747093911f,0.2767532644869624f,0.22848571045780336f,-0.19159775288715772f,-0.11817320437825661f,0.36414333955424694f,-0.9238153073126983f,0.5459123124984464f,-0.3388704517283449f,-0.8892734443657304f,-0.3071800092638478f,-0.11071150117805822f,0f,0f,0f,1f], start_interpolation: 0, interpolation_duration: 1 }
$data merge entity $(bone_tail_4) { transformation: [-0.32417285371771787f,-1.0440597271911494f,-2.535845535234757f,-0.5752154528280291f,1.0387543016148495f,2.316483193711486f,-1.0865341438394294f,0.7503326457467842f,2.5380234028450483f,-1.081437113710168f,0.1207986229270195f,-1.4203380579375913f,0f,0f,0f,1f], start_interpolation: 0, interpolation_duration: 1 }
$data merge entity $(bone_tail_3) { transformation: [-0.7229233191033091f,0.4003137289070115f,-1.9113022574123806f,-0.2550466045874155f,1.1422341076214637f,1.7397326214443776f,-0.06765482475713214f,0.7447797543984569f,1.583865096568296f,-1.071925767194391f,-0.8235848660228423f,-1.270198864358039f,0f,0f,0f,1f], start_interpolation: 0, interpolation_duration: 1 }
$data merge entity $(bone_tail_2) { transformation: [-0.6328853003727714f,0.80096283127922f,-1.6663398856427878f,0.054444948192574505f,0.7291487834325171f,1.7266418382976472f,0.5530134617364938f,0.6429257845516746f,1.6989915018015023f,-0.44265153354763775f,-0.8580567415136235f,-1.109537009664954f,0f,0f,0f,1f], start_interpolation: 0, interpolation_duration: 1 }
$data merge entity $(bone_tail_1) { transformation: [-1.2341563018468975f,0.8114817292077472f,-0.32559464948551364f,0.11576883651429937f,0.775711574252835f,1.2760567642817884f,0.24001445352495385f,0.5749377832562405f,0.4034675032537054f,0.028858057673688133f,-1.4574077796984357f,-0.7966573372671057f,0f,0f,0f,1f], start_interpolation: 0, interpolation_duration: 1 }
$data merge entity $(bone_tail_0) { transformation: [-1.2685276463378787f,-0.08684886559861653f,0.13088392416466926f,0.07542569401338958f,-0.05998279629384926f,1.2521847853863257f,0.24954166782283058f,0.532233357473233f,-0.14517365879965977f,0.24150829048971129f,-1.2467694538283673f,-0.42649429998153865f,0f,0f,0f,1f], start_interpolation: 0, interpolation_duration: 1 }
$data merge entity $(bone_body_1) { transformation: [-1.192012225325119f,-0.20076920842580265f,0.2596212138477603f,0.02859062945273977f,-0.23589116611053848f,1.2041122496475563f,-0.15190010880826235f,0.4864424999999999f,-0.22818152309667455f,-0.19598471943758325f,-1.199219653491596f,-0.13449156727772119f,0f,0f,0f,1f], start_interpolation: 0, interpolation_duration: 1 }