# This file was generated by Animated Java via MC-Build. It is not recommended to edit this file directly.
$data merge entity $(bone_head_lower) { transformation: [-0.8007012244848738f,-0.5276768432514749f,0.28361011654132195f,0.04479520492357248f,-0.3655405176701828f,0.8054284057488044f,0.46654604612444606f,0.45783220798853247f,-0.4746131888705143f,0.26989300159340457f,-0.8377947771626796f,0.8466363773344919f,0f,0f,0f,1f], start_interpolation: 0, interpolation_duration: 1 }
$data merge entity $(bone_head_upper) { transformation: [-0.833449570940795f,-0.6052648435524994f,0.14996074300122808f,0.04128331481702088f,-0.3804909725343443f,0.6919562161041751f,0.6781557029164966f,0.5200020541763012f,-0.494024670539823f,0.488183374089765f,-0.7752990137642759f,0.8039979751052156f,0f,0f,0f,1f], start_interpolation: 0, interpolation_duration: 1 }
$data merge entity $(bone_neck_0) { transformation: [-0.769823880247421f,-0.5645183988336147f,0.2978089501326926f,0.06995214135075464f,-0.5156368858467085f,0.8250621868661621f,0.23106490377799588f,0.521717452985582f,-0.3761512931721926f,0.024318001191674432f,-0.9262390833164668f,0.7438324364107047f,0f,0f,0f,1f], start_interpolation: 0, interpolation_duration: 1 }
$data merge entity $(bone_neck_1) { transformation: [-0.8194595141812859f,-0.548215304141586f,0.16717082557288332f,0.08158814501459623f,-0.4811463196921114f,0.8165068112264539f,0.3190843873766695f,0.5525096333949391f,-0.31142306219114124f,0.18104310957823408f,-0.9328660508399562f,0.6656404810130815f,0f,0f,0f,1f], start_interpolation: 0, interpolation_duration: 1 }
$data merge entity $(bone_neck_2) { transformation: [-0.8162518000145735f,-0.5770659482316346f,0.026979443368855632f,0.07830191030012787f,-0.5562463984250059f,0.7976946488752352f,0.23296607348501375f,0.5807291378494216f,-0.1559581457063987f,0.17515175861903248f,-0.9721105483639614f,0.5821911513340151f,0f,0f,0f,1f], start_interpolation: 0, interpolation_duration: 1 }
$data merge entity $(bone_body_0) { transformation: [-0.8370444925333237f,-0.5416971378595209f,-0.07694626926910779f,0.03687707978257289f,-0.5350040241682117f,0.8398014385917167f,-0.09221842474854203f,0.5452670985389109f,0.11457404437066114f,-0.03602436084216237f,-0.9927613176300047f,0.1139632881224624f,0f,0f,0f,1f], start_interpolation: 0, interpolation_duration: 1 }
$data merge entity $(bone_leg_left_3) { transformation: [-0.9667357185382701f,-0.2532101228638178f,0.03614808683159641f,0.49643376007143336f,-0.25457504216813576f,0.9662208755339949f,-0.04010944511474246f,0.03431682131143299f,-0.02477091858180039f,-0.047977633972622835f,-0.9985412100814886f,-0.2546418823494924f,0f,0f,0f,1f], start_interpolation: 0, interpolation_duration: 1 }
$data merge entity $(bone_leg_left_2) { transformation: [-0.94878577070878f,-0.3780067331557714f,0.09475584673328526f,0.40977739385970446f,-0.3896941726942368f,0.9218879244284272f,-0.22432856719975663f,0.24167023737393029f,-0.0024925026368587053f,-0.243507215463203f,-0.9963735358532247f,-0.34219933267901753f,0f,0f,0f,1f], start_interpolation: 0, interpolation_duration: 1 }
$data merge entity $(bone_leg_left_1) { transformation: [-0.985167542217698f,-0.17016063735460882f,0.02214206981773185f,0.3819959611929833f,-0.024967745493200803f,0.2698105786746733f,0.9625896650807263f,0.2644144421509558f,-0.16976903559167306f,0.9477592569478345f,-0.2700571521436934f,-0.0670188849582341f,0f,0f,0f,1f], start_interpolation: 0, interpolation_duration: 1 }
$data merge entity $(bone_leg_left_0) { transformation: [-0.98455752603893f,-0.05959889586900582f,0.16460391712014935f,0.23071566839400334f,-0.07791584321203922f,0.9911839321787517f,-0.10716125217271713f,0.6532493497199328f,-0.15676606551374092f,-0.11833167032482535f,-0.9805212983415905f,-0.051887254810327146f,0f,0f,0f,1f], start_interpolation: 0, interpolation_duration: 1 }
$data merge entity $(bone_leg_right_3) { transformation: [-0.9099238425493847f,0.016995853269793776f,0.4144270041054202f,-0.3132923777033132f,0.033388623214044094f,0.9989189955552803f,0.03234254409753601f,0.04567071103204981f,-0.41342931753811674f,0.04326639909285415f,-0.9095076789722584f,-0.0053379157239130115f,0f,0f,0f,1f], start_interpolation: 0, interpolation_duration: 1 }
$data merge entity $(bone_leg_right_2) { transformation: [-0.9471759557881974f,0.26426803532338844f,0.29168872755683467f,-0.2412079659650915f,0.19086040353880698f,0.9731585012160608f,-0.2619103613311405f,0.26412224472159196f,-0.34422698127603646f,-0.1875823459655012f,-0.9478306010803619f,-0.07782127297960995f,0f,0f,0f,1f], start_interpolation: 0, interpolation_duration: 1 }
$data merge entity $(bone_leg_right_1) { transformation: [-0.9939432709605831f,-0.06211775521835665f,-0.09065406002385765f,-0.27307046894285253f,-0.10771805307098367f,0.38734195537891963f,0.9156216634865257f,0.31864453776115975f,-0.021762241492401545f,0.9198410700169175f,-0.3916871337628526f,0.1924110088178565f,0f,0f,0f,1f], start_interpolation: 0, interpolation_duration: 1 }
$data merge entity $(bone_leg_right_0) { transformation: [-0.9952246003166986f,0.008576042410917374f,0.09723397770858558f,-0.16189832705158821f,-0.07090462191897996f,0.6211023512957435f,-0.7805154731364559f,0.6342928236703185f,-0.06708598598063589f,-0.7836825382203338f,-0.6175282582793608f,-0.057217100645744756f,0f,0f,0f,1f], start_interpolation: 0, interpolation_duration: 1 }
$data merge entity $(bone_tail_4) { transformation: [-1.539103427528747f,-0.8275781409027011f,-2.1382086875862454f,-0.47733219159187146f,0.6179022567608361f,2.330293901491415f,-1.3466953869980343f,0.8661637032101237f,2.2079444676121565f,-1.2290264785479397f,-1.1136141497704322f,-1.5904207261694732f,0f,0f,0f,1f], start_interpolation: 0, interpolation_duration: 1 }
$data merge entity $(bone_tail_3) { transformation: [-1.3632265790650255f,0.5895852671860677f,-1.4594341481862914f,-0.2356356468765942f,1.0022290875942892f,1.813867261557275f,-0.20339109979316958f,0.8829012024383597f,1.213711529217314f,-0.8355957732135135f,-1.4712680087860008f,-1.3327710806679773f,0f,0f,0f,1f], start_interpolation: 0, interpolation_duration: 1 }
$data merge entity $(bone_tail_2) { transformation: [-1.050139871872769f,0.830285672726053f,-1.4235890650646579f,0.028427499207285024f,0.728951264636922f,1.7479507774102934f,0.48173852714699983f,0.7943020117270461f,1.4780426848674073f,-0.2721537367360109f,-1.2490380459751214f,-1.09954946448559f,0f,0f,0f,1f], start_interpolation: 0, interpolation_duration: 1 }
$data merge entity $(bone_tail_1) { transformation: [-1.2297381154580813f,0.8564115038966917f,-0.20484080009366995f,0.06321306530193234f,0.8211512013196608f,1.2423544563517885f,0.2644283633692317f,0.7214289735748475f,0.3179797508661297f,0.10378338391216257f,-1.4750505541380114f,-0.7837074759837899f,0f,0f,0f,1f], start_interpolation: 0, interpolation_duration: 1 }
$data merge entity $(bone_tail_0) { transformation: [-1.2703390609795289f,0.10935741571486521f,0.0900851950202881f,0.03952706678660879f,0.13133089453757174f,1.2138129431694626f,0.3784786014007607f,0.6401201981210867f,-0.05316561740108355f,0.38540214219238683f,-1.2175690216591044f,-0.41860506869328284f,0f,0f,0f,1f], start_interpolation: 0, interpolation_duration: 1 }
$data merge entity $(bone_body_1) { transformation: [-1.234815372421227f,-0.05974989544061761f,0.016295431363186254f,0.03976318673002386f,-0.05962041609647875f,1.2348880258894126f,0.010077924175249381f,0.55459875f,-0.016762967307722913f,0.009279470137599602f,-1.2362190297100493f,-0.13182649912143377f,0f,0f,0f,1f], start_interpolation: 0, interpolation_duration: 1 }