# This file was generated by Animated Java via MC-Build. It is not recommended to edit this file directly.
$data merge entity $(bone_head_lower) { transformation: [-0.6764100158137523f,-0.5415579967109633f,0.499183760458258f,-0.0391145079262723f,-0.26583002736733224f,0.8115789974783016f,0.5202633250595304f,0.4766781019407807f,-0.6868798199515855f,0.21921329122688585f,-0.6929225396050802f,0.8310680130787291f,0f,0f,0f,1f], start_interpolation: 0, interpolation_duration: 1 }
$data merge entity $(bone_head_upper) { transformation: [-0.7040749036230282f,-0.6279455947793752f,0.43981223569712935f,-0.023113928423835303f,-0.2767023647241448f,0.7650367667428263f,0.6493277211634016f,0.5385338464136967f,-0.7149729183876805f,0.3222964754885888f,-0.684405326136014f,0.7909020470990048f,0f,0f,0f,1f], start_interpolation: 0, interpolation_duration: 1 }
$data merge entity $(bone_neck_0) { transformation: [-0.6933307921953031f,-0.4773814795855847f,0.5398141676007691f,0.0197642968209711f,-0.44281771150850063f,0.8732182508865729f,0.20347570049755048f,0.5376600827017285f,-0.5685111141993687f,-0.09796330571837783f,-0.8168220759532152f,0.7398586284132606f,0f,0f,0f,1f], start_interpolation: 0, interpolation_duration: 1 }
$data merge entity $(bone_neck_1) { transformation: [-0.7558182976366548f,-0.543043977040651f,0.36584414708657276f,0.04825436206190515f,-0.4566313860565634f,0.8375856387237334f,0.29989677402702675f,0.5669239279463721f,-0.46928294048014446f,0.05961154924700891f,-0.8810334755108233f,0.6654981524290651f,0f,0f,0f,1f], start_interpolation: 0, interpolation_duration: 1 }
$data merge entity $(bone_neck_2) { transformation: [-0.8038715807938576f,-0.5780159081903984f,0.14031425968451405f,0.054887806566089575f,-0.5390666883567632f,0.8076854494919581f,0.2388541818412358f,0.5957570910359604f,-0.2513913027454545f,0.11636934543857584f,-0.9608645005130226f,0.582458544323055f,0f,0f,0f,1f], start_interpolation: 0, interpolation_duration: 1 }
$data merge entity $(bone_body_0) { transformation: [-0.8527472212094029f,-0.5222199302742142f,0.010417348224786113f,0.05482266610860072f,-0.5205112080198098f,0.8479587973821733f,-0.10016965742148086f,0.5566253746229938f,0.04347710944163673f,-0.09084174352451208f,-0.9949158349267674f,0.11269306109720018f,0f,0f,0f,1f], start_interpolation: 0, interpolation_duration: 1 }
$data merge entity $(bone_leg_left_3) { transformation: [-0.9522636116791656f,-0.30322738838019936f,0.03531522062616929f,0.5154891120745749f,-0.30460933072714996f,0.9514482764074957f,-0.044264353097762416f,0.03898663080074599f,-0.020178441607545606f,-0.052908678468936016f,-0.9983954638503534f,-0.21620752624709552f,0f,0f,0f,1f], start_interpolation: 0, interpolation_duration: 1 }
$data merge entity $(bone_leg_left_2) { transformation: [-0.9444214064237736f,-0.3850218954129032f,0.10903461212794341f,0.42764557031342043f,-0.4001621139180687f,0.9081053146137049f,-0.2593785258182741f,0.24202790007544348f,0.0008301649584899917f,-0.2813628922294015f,-0.9863551252987652f,-0.31227431139259587f,0f,0f,0f,1f], start_interpolation: 0, interpolation_duration: 1 }
$data merge entity $(bone_leg_left_1) { transformation: [-0.9825700796942712f,-0.18526583809563582f,0.015251482692348797f,0.39607424745474584f,-0.04262241123694139f,0.30438815030692334f,0.9515940226867123f,0.27510052185721f,-0.18094023474601326f,0.934357759740589f,-0.3069791658445343f,-0.03855394510393394f,0f,0f,0f,1f], start_interpolation: 0, interpolation_duration: 1 }
$data merge entity $(bone_leg_left_0) { transformation: [-0.9822979585563035f,-0.059142791336376774f,0.17774377865078814f,0.24416610188721682f,-0.0933792229348312f,0.9771542431825306f,-0.19091858409925055f,0.6634472737216427f,-0.16239162952629566f,-0.20413651134306504f,-0.9653793261700175f,-0.058998851340750405f,0f,0f,0f,1f], start_interpolation: 0, interpolation_duration: 1 }
$data merge entity $(bone_leg_right_3) { transformation: [-0.9206591231827447f,0.01090642063271885f,0.3902151059215435f,-0.29757302123787827f,0.025298735766977f,0.9991752284850721f,0.031762190579310345f,0.04622131594686307f,-0.38954685580681053f,0.03911409938610305f,-0.9201757084167362f,-0.011031424659717931f,0f,0f,0f,1f], start_interpolation: 0, interpolation_duration: 1 }
$data merge entity $(bone_leg_right_2) { transformation: [-0.9649539443983902f,0.24835940320065703f,0.2434002701980749f,-0.23066163778648208f,0.18039507092247467f,0.9712861515081154f,-0.275904022761764f,0.2638201765101096f,-0.29729396744225717f,-0.21675566481885122f,-0.9574421539665333f,-0.0906848910765202f,0f,0f,0f,1f], start_interpolation: 0, interpolation_duration: 1 }
$data merge entity $(bone_leg_right_1) { transformation: [-0.9929716261600616f,0.015145886755509333f,-0.11737952017039388f,-0.2400972546295783f,-0.10149849130258264f,0.40112166643699887f,0.9103842402953296f,0.3224876261737548f,0.060872045343837174f,0.9158995637236622f,-0.39676514875485686f,0.18039163897453311f,0f,0f,0f,1f], start_interpolation: 0, interpolation_duration: 1 }
$data merge entity $(bone_leg_right_0) { transformation: [-0.9980037976111052f,-0.05663061714962109f,0.027953410437099632f,-0.14856434241636723f,-0.05980971728661126f,0.705403810349926f,-0.7062777513570005f,0.663901923195952f,0.020278502703788084f,-0.7065397635979582f,-0.7073827427800553f,-0.041791353927850466f,0f,0f,0f,1f], start_interpolation: 0, interpolation_duration: 1 }
$data merge entity $(bone_tail_4) { transformation: [-1.923828132072622f,-0.7244611468427079f,-1.8438282719823218f,-0.4108795691511994f,0.4627073532046934f,2.3347730230556873f,-1.4001421955293372f,0.9033839609430111f,1.9262524640182226f,-1.2843879122472128f,-1.5051778856125186f,-1.6439090808722308f,0f,0f,0f,1f], start_interpolation: 0, interpolation_duration: 1 }
$data merge entity $(bone_tail_3) { transformation: [-1.5512982736771062f,0.6549591464793195f,-1.224927634015151f,-0.20958639798728054f,0.9631304037555574f,1.8303581144413694f,-0.24106954246593654f,0.9263489557327296f,1.0008991045517683f,-0.7461656755615073f,-1.6665483170810715f,-1.3540222552111685f,0f,0f,0f,1f], start_interpolation: 0, interpolation_duration: 1 }
$data merge entity $(bone_tail_2) { transformation: [-1.1988949125267325f,0.8467175372774554f,-1.2901528110216616f,0.029565153751592473f,0.7443595376509156f,1.7484216466516425f,0.4557680322607657f,0.84258912891282f,1.3517964870602415f,-0.2118136742269874f,-1.3951899870572575f,-1.0937103064244704f,0f,0f,0f,1f], start_interpolation: 0, interpolation_duration: 1 }
$data merge entity $(bone_tail_1) { transformation: [-1.2200060736078746f,0.8813276888370742f,-0.1500097838442495f,0.052237824560015196f,0.8518194047505214f,1.2229973631429618f,0.25756048112206553f,0.7714013033227531f,0.27137636604974397f,0.12326883074996584f,-1.4828404881561508f,-0.7763856769281151f,0f,0f,0f,1f], start_interpolation: 0, interpolation_duration: 1 }
$data merge entity $(bone_tail_0) { transformation: [-1.2616344695323782f,0.18676674642490038f,0.08504330838836828f,0.031893207545539974f,0.20438763846511385f,1.1911466665237058f,0.4162103178155789f,0.6785194657340111f,-0.01843570216824074f,0.42440961092245333f,-1.2055589258208175f,-0.41385157907599013f,0f,0f,0f,1f], start_interpolation: 0, interpolation_duration: 1 }
$data merge entity $(bone_body_1) { transformation: [-1.2351816172357726f,0.004616274805067176f,-0.05394124123521278f,0.044122851668805516f,0.0014299239620920818f,1.2342167452820274f,0.07288056009082017f,0.5784425f,0.05411952343225088f,0.07274826959188181f,-1.2330382644148166f,-0.13208756692908188f,0f,0f,0f,1f], start_interpolation: 0, interpolation_duration: 1 }