# This file was generated by Animated Java via MC-Build. It is not recommended to edit this file directly.
$data merge entity $(bone_head_lower) { transformation: [-0.5111217194429997f,-0.5414529172384309f,0.6675202815852297f,-0.11525717625295508f,-0.17190915097399898f,0.8253375700387691f,0.5378337468901512f,0.503720578925574f,-0.8421412183980964f,0.1601456646197237f,-0.5149286692139765f,0.7987603767658271f,0f,0f,0f,1f], start_interpolation: 0, interpolation_duration: 1 }
$data merge entity $(bone_head_upper) { transformation: [-0.5320263848008353f,-0.5837890020956662f,0.6779456242881187f,-0.08179537491174974f,-0.17894016362002266f,0.8422573085364184f,0.5848546713878033f,0.5628960362400103f,-0.8765844433384044f,0.18238686858609657f,-0.5308546754507915f,0.7659879860317671f,0f,0f,0f,1f], start_interpolation: 0, interpolation_duration: 1 }
$data merge entity $(bone_neck_0) { transformation: [-0.5833966052860842f,-0.3507716539212057f,0.7325350829455575f,-0.02854609127713407f,-0.3659427487866026f,0.9187156483406758f,0.14848387826453546f,0.5577030499021588f,-0.7250753792201045f,-0.18144091131647708f,-0.6643379336975032f,0.7262100657795465f,0f,0f,0f,1f], start_interpolation: 0, interpolation_duration: 1 }
$data merge entity $(bone_neck_1) { transformation: [-0.6791854573583926f,-0.4944093524320671f,0.5424633690311033f,0.015129993826033396f,-0.4215730915701292f,0.8677899186631102f,0.26309083133145517f,0.5839880960646354f,-0.6008188104386167f,-0.050000492941335906f,-0.7978199720041791f,0.6583938967427408f,0f,0f,0f,1f], start_interpolation: 0, interpolation_duration: 1 }
$data merge entity $(bone_neck_2) { transformation: [-0.7931664478828276f,-0.5555838554649629f,0.249426473133115f,0.031542110386131104f,-0.5080101638393515f,0.8294748713463176f,0.23215751385842637f,0.6124479128722626f,-0.33587595833708134f,0.05742836713417113f,-0.9401538827550786f,0.5765916250662483f,0f,0f,0f,1f], start_interpolation: 0, interpolation_duration: 1 }
$data merge entity $(bone_body_0) { transformation: [-0.8722354335515966f,-0.4805086975688306f,0.0911961622973476f,0.06994507371104736f,-0.4885034891020464f,0.8650168700948572f,-0.11449958771289892f,0.5667250535153684f,-0.02386817111102106f,-0.14442024100521023f,-0.9892285400228866f,0.108996140439611f,0f,0f,0f,1f], start_interpolation: 0, interpolation_duration: 1 }
$data merge entity $(bone_leg_left_3) { transformation: [-0.9390365430853025f,-0.34154810595170243f,0.03943681111866147f,0.5293096576506688f,-0.3431291039674002f,0.9382254630471104f,-0.0446698835969426f,0.04467640172285289f,-0.021743706237288725f,-0.05547857073537382f,-0.9982230910113363f,-0.18094139719178223f,0f,0f,0f,1f], start_interpolation: 0, interpolation_duration: 1 }
$data merge entity $(bone_leg_left_2) { transformation: [-0.9427609739687589f,-0.3827334176190976f,0.12953407466677067f,0.4426356579116463f,-0.4040228681362955f,0.8973398350950668f,-0.289152108543539f,0.24428212679622907f,-0.00542839618053182f,-0.3167941774873053f,-0.9755378932290345f,-0.2849425719600862f,0f,0f,0f,1f], start_interpolation: 0, interpolation_duration: 1 }
$data merge entity $(bone_leg_left_1) { transformation: [-0.9783986192851707f,-0.2059243432822989f,0.018201830254822936f,0.40521251215992216f,-0.05293030828551328f,0.3346482979190517f,0.9408554082135483f,0.2863503091086083f,-0.19983624357376212f,0.919568203856373f,-0.3383190716035566f,-0.013201588928922342f,0f,0f,0f,1f], start_interpolation: 0, interpolation_duration: 1 }
$data merge entity $(bone_leg_left_0) { transformation: [-0.9788631358492017f,-0.049154476505199454f,0.19852153211923118f,0.25593405077908743f,-0.1019590118955196f,0.9587465539894384f,-0.2653477060512605f,0.6725309793310679f,-0.17728880722921128f,-0.27998014689059053f,-0.9434934001774293f,-0.06693900121082931f,0f,0f,0f,1f], start_interpolation: 0, interpolation_duration: 1 }
$data merge entity $(bone_leg_right_3) { transformation: [-0.9278287312767309f,0.0019611926600777776f,0.37300133932837576f,-0.28596631347749013f,0.015477224606536562f,0.9993273945163194f,0.033244760304495746f,0.04945321366793065f,-0.3726852572022279f,0.03661846928224366f,-0.9272350224034546f,-0.024612216822691574f,0f,0f,0f,1f], start_interpolation: 0, interpolation_duration: 1 }
$data merge entity $(bone_leg_right_2) { transformation: [-0.9781113443333583f,0.2310267016268209f,0.2049074442828199f,-0.2242643462277167f,0.16931495619717982f,0.9703960311530186f,-0.2858779247005806f,0.2665535396738448f,-0.25824957540145554f,-0.23878945822333877f,-0.9635086667731987f,-0.10964978353087829f,0f,0f,0f,1f], start_interpolation: 0, interpolation_duration: 1 }
$data merge entity $(bone_leg_right_1) { transformation: [-0.9866064671976269f,0.07947223228769701f,-0.142449440781733f,-0.21476812449203103f,-0.09780393048268064f,0.4106900617419382f,0.9065142383705518f,0.32809925320690064f,0.1305452797536438f,0.9083049253866309f,-0.3974167742464195f,0.16078566639797132f,0f,0f,0f,1f], start_interpolation: 0, interpolation_duration: 1 }
$data merge entity $(bone_leg_right_0) { transformation: [-0.994102275614806f,-0.09999097610890917f,-0.041981785505762585f,-0.13502038828174998f,-0.051900828552573226f,0.7785732735168852f,-0.6254038389398948f,0.6907390065626882f,0.09522063648716443f,-0.6195364900165196f,-0.7791710774438373f,-0.030106938015720258f,0f,0f,0f,1f], start_interpolation: 0, interpolation_duration: 1 }
$data merge entity $(bone_tail_4) { transformation: [-2.2632114587291734f,-0.6189606070723009f,-1.456167226512688f,-0.3223070697371236f,0.2959232838500233f,2.330975420951796f,-1.4507392352156259f,0.9297773378626741f,1.5543373619495817f,-1.345028879025015f,-1.8440699583899542f,-1.6932698734637912f,0f,0f,0f,1f], start_interpolation: 0, interpolation_duration: 1 }
$data merge entity $(bone_tail_3) { transformation: [-1.715069749542889f,0.7079089386137958f,-0.9451699396817609f,-0.16896862061564843f,0.9201416913233634f,1.845746558821166f,-0.28723585175400723f,0.9604198446628012f,0.7401490040092703f,-0.6542400945180286f,-1.8330561575231599f,-1.3760490351936823f,0f,0f,0f,1f], start_interpolation: 0, interpolation_duration: 1 }
$data merge entity $(bone_tail_2) { transformation: [-1.3484594243796015f,0.8557504094125319f,-1.126109360850399f,0.03957916669716107f,0.7621146123877105f,1.7503259402480553f,0.4175096351974045f,0.8837857523288533f,1.1914748731675966f,-0.151076850271059f,-1.5415373128553238f,-1.088635534696187f,0f,0f,0f,1f], start_interpolation: 0, interpolation_duration: 1 }
$data merge entity $(bone_tail_1) { transformation: [-1.2092438833376065f,0.9046187987174253f,-0.08396612184463048f,0.047744986642641235f,0.8840831355428278f,1.203893601123548f,0.23810387779819758f,0.8169874705898583f,0.2092426583164806f,0.1412843805267195f,-1.4912788081910888f,-0.7696559335613118f,0f,0f,0f,1f], start_interpolation: 0, interpolation_duration: 1 }
$data merge entity $(bone_tail_0) { transformation: [-1.2483563807172038f,0.259797121819766f,0.08914885754084026f,0.027962985794447563f,0.27450149002011726f,1.1656515418381512f,0.44692407808385615f,0.7145151156222801f,0.009539144794311392f,0.4556288567337838f,-1.194213995149984f,-0.4096837121182927f,0f,0f,0f,1f], start_interpolation: 0, interpolation_duration: 1 }
$data merge entity $(bone_body_1) { transformation: [-1.2295958800978102f,0.06926056444237125f,-0.10909418369402439f,0.04866066481481456f,0.05726630274998669f,1.227748135678306f,0.1340137342366103f,0.6006612499999999f,0.11584099996153466f,0.1282266922595217f,-1.2242317481491582f,-0.13370395711248634f,0f,0f,0f,1f], start_interpolation: 0, interpolation_duration: 1 }