# This file was generated by Animated Java via MC-Build. It is not recommended to edit this file directly.
$data merge entity $(bone_head_lower) { transformation: [-0.21203607293787913f,-0.45332148518171383f,0.8657599753082419f,-0.23667042370042846f,-0.0646358450912491f,0.890469300340168f,0.4504293870086982f,0.611182997365569f,-0.9751219981635234f,0.03954815070691331f,-0.21811243080861012f,0.678374472070376f,0f,0f,0f,1f], start_interpolation: 0, interpolation_duration: 1 }
$data merge entity $(bone_head_upper) { transformation: [-0.22070825997267468f,-0.3747425271553364f,0.945689084691461f,-0.17996036818910358f,-0.06727942422387907f,0.9709514176514681f,0.3690511701921764f,0.6584059847361821f,-1.0150040815875792f,0.01712674765807552f,-0.23009852554659918f,0.6625815762151429f,0f,0f,0f,1f], start_interpolation: 0, interpolation_duration: 1 }
$data merge entity $(bone_neck_0) { transformation: [-0.29847238100639795f,-0.012111459547877484f,0.9543414223033556f,-0.1179578268472403f,-0.23461769237526398f,0.9701678296966958f,-0.06106488881598986f,0.6387855824298643f,-0.9251317615350139f,-0.24213156499974f,-0.2924098647958016f,0.647902988586026f,0f,0f,0f,1f], start_interpolation: 0, interpolation_duration: 1 }
$data merge entity $(bone_neck_1) { transformation: [-0.5039174582385741f,-0.24648027498461256f,0.8278373447277458f,-0.04896464220047044f,-0.332934546290789f,0.93978850693837f,0.07715017895439961f,0.6496507033613024f,-0.7970080195133054f,-0.23673832868815137f,-0.5556376342198388f,0.5997425643356813f,0f,0f,0f,1f], start_interpolation: 0, interpolation_duration: 1 }
$data merge entity $(bone_neck_2) { transformation: [-0.8069993634926059f,-0.3665296732058866f,0.4630421427711683f,-0.011987232259376687f,-0.35338438659851623f,0.9279256834608351f,0.11863136719321885f,0.6691286732573161f,-0.47315061305140405f,-0.06789642577726668f,-0.8783612996573521f,0.5221267783323242f,0f,0f,0f,1f], start_interpolation: 0, interpolation_duration: 1 }
$data merge entity $(bone_body_0) { transformation: [-0.9394593409740143f,-0.2579805979365629f,0.22552640143664857f,0.0918449273426172f,-0.3038376233398301f,0.9314567266634045f,-0.20017758365186497f,0.583659018390508f,-0.15842615093435317f,-0.2565821066282474f,-0.953449934321848f,0.07032513443042365f,0f,0f,0f,1f], start_interpolation: 0, interpolation_duration: 1 }
$data merge entity $(bone_leg_left_3) { transformation: [-0.9274529271697424f,-0.3609339347982455f,0.09776381025375706f,0.5429782183841979f,-0.3655764054968359f,0.9301581628093375f,-0.03405413195445628f,0.06000167808563783f,-0.07864451429241466f,-0.06732374670362834f,-0.9946268413337217f,-0.09396508469259576f,0f,0f,0f,1f], start_interpolation: 0, interpolation_duration: 1 }
$data merge entity $(bone_leg_left_2) { transformation: [-0.9467946589965285f,-0.31711731187841263f,0.23468848225541777f,0.47484272204672706f,-0.38460244884032f,0.8778450739699638f,-0.3654191866246116f,0.25273633673958906f,-0.08788076889952103f,-0.42530793093283986f,-0.9292213589042984f,-0.22195718428630917f,0f,0f,0f,1f], start_interpolation: 0, interpolation_duration: 1 }
$data merge entity $(bone_leg_left_1) { transformation: [-0.9487140459072853f,-0.3042361482713636f,0.08591871264884358f,0.40652869478783116f,-0.04990774601275447f,0.41250443772929635f,0.909587437106276f,0.3175537389499174f,-0.3121712286328707f,0.8586503682749121f,-0.40653249448869644f,0.03908933208604354f,0f,0f,0f,1f], start_interpolation: 0, interpolation_duration: 1 }
$data merge entity $(bone_leg_left_0) { transformation: [-0.9495047681847333f,0.03082945687582002f,0.31223427067379694f,0.28281126005642776f,-0.11128801229092015f,0.8973625483257875f,-0.42703095342443853f,0.6917103450735159f,-0.29335247316972113f,-0.44021585779136907f,-0.8486190694500197f,-0.09878056673891555f,0f,0f,0f,1f], start_interpolation: 0, interpolation_duration: 1 }
$data merge entity $(bone_leg_right_3) { transformation: [-0.9209550837162853f,-0.027149161072333047f,0.38872182448403736f,-0.2782742120962962f,-0.011142880128782048f,0.9989968284612852f,0.04337249066779558f,0.0713751584116264f,-0.38950939654848604f,0.03561263508027612f,-0.9203337276352924f,-0.12888620731489858f,0f,0f,0f,1f], start_interpolation: 0, interpolation_duration: 1 }
$data merge entity $(bone_leg_right_2) { transformation: [-0.987319712817633f,0.2175312780173418f,0.1730379359173681f,-0.2206886333887628f,0.1585717946660334f,0.9652258502853567f,-0.3086361018707908f,0.28658365986011286f,-0.22829141490383417f,-0.2703357181834209f,-0.9627376739570095f,-0.22129981072495325f,0f,0f,0f,1f], start_interpolation: 0, interpolation_duration: 1 }
$data merge entity $(bone_leg_right_1) { transformation: [-0.97290029335591f,0.15892618507359238f,-0.16795084663656376f,-0.18798178966248918f,-0.09274355265343524f,0.39715299779755886f,0.9130542863278346f,0.3442056971214602f,0.2118104167155236f,0.9038871412064484f,-0.371650889051042f,0.048187385362509536f,0f,0f,0f,1f], start_interpolation: 0, interpolation_duration: 1 }
$data merge entity $(bone_leg_right_0) { transformation: [-0.9807795647540425f,-0.10873697491777248f,-0.1620114676391846f,-0.10344595705038485f,-0.03864699417586996f,0.9221301289111814f,-0.38494471706391575f,0.7420945642368346f,0.19125337958331895f,-0.3712846558100398f,-0.9086087437164465f,-0.04586271296107158f,0f,0f,0f,1f], start_interpolation: 0, interpolation_duration: 1 }
$data merge entity $(bone_tail_4) { transformation: [-2.607447396690945f,-0.33873882618385015f,0.8438811603094346f,0.26045092032830475f,-0.7760086145862024f,2.1647924413656803f,-1.528772595088629f,0.8887818168379621f,-0.4740148048084719f,-1.6806519642810067f,-2.139247594688558f,-1.787762439033998f,0f,0f,0f,1f], start_interpolation: 0, interpolation_duration: 1 }
$data merge entity $(bone_tail_3) { transformation: [-1.920286386855595f,0.5927654381154029f,0.5450457355831535f,0.1622306300923001f,0.463283834054959f,1.9660440616961088f,-0.5059489723452837f,0.9553327810309667f,-0.6586454339057272f,-0.34531928542982626f,-1.9449643466011957f,-1.454589140005246f,0f,0f,0f,1f], start_interpolation: 0, interpolation_duration: 1 }
$data merge entity $(bone_tail_2) { transformation: [-1.8387498658065289f,0.6449127311261365f,-0.1478525455671138f,0.18850989983925168f,0.6381304756834317f,1.84394060251976f,0.10698796841644662f,0.9363545847600395f,0.17482077108651944f,0.05238796248441863f,-1.945627681337368f,-1.0927594673455678f,0f,0f,0f,1f], start_interpolation: 0, interpolation_duration: 1 }
$data merge entity $(bone_tail_1) { transformation: [-1.1853902933219294f,0.8769095436167611f,0.33695067118495825f,0.10641505007256741f,0.9079877683944375f,1.2086491713288265f,0.04880208081865532f,0.9102109679386934f,-0.24096538121531003f,0.2405266782707995f,-1.4736820729369604f,-0.7783495057665614f,0f,0f,0f,1f], start_interpolation: 0, interpolation_duration: 1 }
$data merge entity $(bone_tail_0) { transformation: [-1.2024772355315672f,0.37418670982037916f,0.218788758409081f,0.0515096816046641f,0.4308928748013007f,1.1019772112823103f,0.48354242093528965f,0.795501307078277f,-0.04706957677585855f,0.5286456739559018f,-1.1628215352898656f,-0.42578886485570566f,0f,0f,0f,1f], start_interpolation: 0, interpolation_duration: 1 }
$data merge entity $(bone_body_1) { transformation: [-1.21482258636965f,0.19208828401551634f,-0.12614582770103316f,0.06789831044170354f,0.15846406157706097f,1.1917165419482534f,0.2886267830462869f,0.6481290569272977f,0.16643262868471984f,0.26742918660296094f,-1.1955694899579126f,-0.16584895922882775f,0f,0f,0f,1f], start_interpolation: 0, interpolation_duration: 1 }