# This file was generated by Animated Java via MC-Build. It is not recommended to edit this file directly.
$data merge entity $(bone_head_lower) { transformation: [-0.3401890775347664f,-0.4393365983711607f,0.8314173108961003f,-0.2229982439368392f,-0.08735624523928254f,0.8950921086294932f,0.43724021256844847f,0.6047073081761705f,-0.9362907016219585f,0.07611485006794104f,-0.3428793543732194f,0.6753508814745727f,0f,0f,0f,1f], start_interpolation: 0, interpolation_duration: 1 }
$data merge entity $(bone_head_upper) { transformation: [-0.35410266906048943f,-0.4259607516655703f,0.8812721942670423f,-0.17192042027586424f,-0.09092907927113368f,0.9474302997895765f,0.4214020315174624f,0.6550037239934576f,-0.974584601197171f,0.06637173844824963f,-0.35951577159870984f,0.6517546322431852f,0f,0f,0f,1f], start_interpolation: 0, interpolation_duration: 1 }
$data merge entity $(bone_neck_0) { transformation: [-0.3461327239133796f,-0.04605693937514663f,0.9370543718331923f,-0.11046929299694827f,-0.2296090855260736f,0.972578974979952f,-0.037010880438408264f,0.6368979431551672f,-0.9096547725814363f,-0.22796687426540732f,-0.34721650156275063f,0.6332972242268045f,0f,0f,0f,1f], start_interpolation: 0, interpolation_duration: 1 }
$data merge entity $(bone_neck_1) { transformation: [-0.5304075713266088f,-0.24311430207755497f,0.8121349914914098f,-0.042790797146246125f,-0.3160133117825684f,0.9456499100809537f,0.07669311794481647f,0.6477513477717705f,-0.7866405755207533f,-0.2159668578491332f,-0.5784072278725004f,0.5833036081128842f,0f,0f,0f,1f], start_interpolation: 0, interpolation_duration: 1 }
$data merge entity $(bone_neck_2) { transformation: [-0.830930483870181f,-0.32289649438269574f,0.4530920269554882f,-0.006257895885058762f,-0.31071200144245587f,0.9448490382529738f,0.10352945026442265f,0.6660719667009565f,-0.46153286246473324f,-0.054755354329928424f,-0.8854316845682189f,0.5051970626660874f,0f,0f,0f,1f], start_interpolation: 0, interpolation_duration: 1 }
$data merge entity $(bone_body_0) { transformation: [-0.9547236837030265f,-0.2178736453091811f,0.20256792060001186f,0.08713608665039799f,-0.2584753502025671f,0.9446115582595447f,-0.2022362414112147f,0.5797573903666262f,-0.14728605200148395f,-0.2454385435952634f,-0.958157993341209f,0.0512826845709263f,0f,0f,0f,1f], start_interpolation: 0, interpolation_duration: 1 }
$data merge entity $(bone_leg_left_3) { transformation: [-0.9340657265631153f,-0.3350648951774658f,0.12350196144124015f,0.546649044696211f,-0.34081849698648403f,0.9397056532736239f,-0.02821413329284128f,0.06049702614489011f,-0.10660192574242562f,-0.06844560778681241f,-0.991943157747812f,-0.08743064385387292f,0f,0f,0f,1f], start_interpolation: 0, interpolation_duration: 1 }
$data merge entity $(bone_leg_left_2) { transformation: [-0.9442567138124844f,-0.2990320249107531f,0.2664982288843907f,0.4837162034562119f,-0.38283687734684163f,0.874461816057678f,-0.37525279093048947f,0.2521418889419622f,-0.1178023058520573f,-0.44492536434280405f,-0.9166385527573321f,-0.2196530932449204f,0f,0f,0f,1f], start_interpolation: 0, interpolation_duration: 1 }
$data merge entity $(bone_leg_left_1) { transformation: [-0.9371436972163364f,-0.33334115307308526f,0.10317638506752297f,0.4063495429696249f,-0.05037631317235311f,0.4218286429080106f,0.905274998601832f,0.31973043369240456f,-0.3452881663753579f,0.8431751133010819f,-0.4121065523270056f,0.03814445159101529f,0f,0f,0f,1f], start_interpolation: 0, interpolation_duration: 1 }
$data merge entity $(bone_leg_left_0) { transformation: [-0.9345053427803222f,0.04038178991731321f,0.3536510644096899f,0.28475514633961185f,-0.12345041973726054f,0.8951069854645995f,-0.42841974562241114f,0.691700297368446f,-0.33385589433425744f,-0.4440189135786349f,-0.8314971113616224f,-0.10732204554651573f,0f,0f,0f,1f], start_interpolation: 0, interpolation_duration: 1 }
$data merge entity $(bone_leg_right_3) { transformation: [-0.9095867196698869f,-0.025357549627308115f,0.41473967024758174f,-0.2810692801086163f,-0.009629063228070625f,0.9991544348753664f,0.039971194756185935f,0.07232291146492814f,-0.4154025524013111f,0.032363713411562245f,-0.9090617743105747f,-0.17070197321390695f,0f,0f,0f,1f], start_interpolation: 0, interpolation_duration: 1 }
$data merge entity $(bone_leg_right_2) { transformation: [-0.9777209116749517f,0.23939095032268462f,0.19701774356082077f,-0.21766205143224815f,0.1724248811659855f,0.9615449407635547f,-0.31267105198211437f,0.28652720883922445f,-0.257669708598219f,-0.2649254598869431f,-0.9568087695434732f,-0.2616256467207687f,0f,0f,0f,1f], start_interpolation: 0, interpolation_duration: 1 }
$data merge entity $(bone_leg_right_1) { transformation: [-0.9807731898508907f,0.1275255554277774f,-0.14771994713831127f,-0.19471554220883808f,-0.09007114976484204f,0.3756965252118698f,0.9223553051420943f,0.3378801244284988f,0.17312174343434747f,0.917926660282053f,-0.35698670604616134f,0.01012740557985671f,0f,0f,0f,1f], start_interpolation: 0, interpolation_duration: 1 }
$data merge entity $(bone_leg_right_0) { transformation: [-0.9875346157972354f,-0.08891122379281188f,-0.12988524506606208f,-0.1042253028925517f,-0.0355367942644291f,0.9298168332801138f,-0.3663028703168302f,0.7369078382216754f,0.1533379237358265f,-0.357121059071858f,-0.9213859290828033f,-0.07291281827536314f,0f,0f,0f,1f], start_interpolation: 0, interpolation_duration: 1 }
$data merge entity $(bone_tail_4) { transformation: [-2.3229294643071334f,-0.30116903740224105f,1.4625174345504346f,0.4580655826057658f,-1.1542398291612825f,2.0780623592864567f,-1.405364215886593f,0.8653704314921207f,-0.9473069472095677f,-1.7934925072123977f,-1.8739411692850654f,-1.7655258738054058f,0f,0f,0f,1f], start_interpolation: 0, interpolation_duration: 1 }
$data merge entity $(bone_tail_3) { transformation: [-1.7943788132733505f,0.4577101464226881f,0.9521825572766441f,0.29213155485281184f,0.24879892994560354f,2.0070181508596865f,-0.4959059997843658f,0.9298175150383382f,-1.0267664257162343f,-0.31356831795627926f,-1.7842004212084541f,-1.4599229037759336f,0f,0f,0f,1f], start_interpolation: 0, interpolation_duration: 1 }
$data merge entity $(bone_tail_2) { transformation: [-1.8801490956827183f,0.5045010828106622f,0.17114879622452278f,0.25904514809176904f,0.5090337145605435f,1.886447292034869f,0.031227661100090134f,0.9248376490620598f,-0.15715575219166836f,0.07462671652937876f,-1.9464086923706163f,-1.0981882294749457f,0f,0f,0f,1f], start_interpolation: 0, interpolation_duration: 1 }
$data merge entity $(bone_tail_1) { transformation: [-1.1736821864006726f,0.8165702098136126f,0.493294504095363f,0.14403325024014224f,0.8638577502237671f,1.2415337290197952f,0.00019257345183771454f,0.9087944367217955f,-0.4048162085491008f,0.28189243010615855f,-1.4297960501920464f,-0.7935711654598117f,0f,0f,0f,1f], start_interpolation: 0, interpolation_duration: 1 }
$data merge entity $(bone_tail_0) { transformation: [-1.1998391312620618f,0.334891935414167f,0.28647716710216603f,0.06839950262321198f,0.4232328466855971f,1.107252107515574f,0.4782284438139933f,0.7957649361270529f,-0.12286469453319326f,0.5437608652531931f,-1.1502452368257787f,-0.4443208547691798f,0f,0f,0f,1f], start_interpolation: 0, interpolation_duration: 1 }
$data merge entity $(bone_body_1) { transformation: [-1.2233874590692038f,0.16385172219298758f,-0.07127645602048162f,0.07393370396134107f,0.14218282344105657f,1.1913780114738355f,0.29834053286677104f,0.6461571776406037f,0.1082209072535292f,0.2870115711383281f,-1.1977133164168219f,-0.1852015520855692f,0f,0f,0f,1f], start_interpolation: 0, interpolation_duration: 1 }