# This file was generated by Animated Java via MC-Build. It is not recommended to edit this file directly.
$data merge entity $(bone_head_lower) { transformation: [-0.5142310699394448f,-0.42397631599989694f,0.7455269882305334f,-0.19586877830793004f,-0.12054368501549878f,0.8963658002613362f,0.42661173463084506f,0.5803903837708696f,-0.8491381670327968f,0.12950843830812708f,-0.5120468120154366f,0.677548601012074f,0f,0f,0f,1f], start_interpolation: 0, interpolation_duration: 1 }
$data merge entity $(bone_head_upper) { transformation: [-0.5352629064370223f,-0.49140058103755174f,0.745312707883111f,-0.15568931483918455f,-0.12547387150609726f,0.9018003810602274f,0.5044643920758005f,0.6353775684401933f,-0.8838675642568686f,0.1695685237863803f,-0.5229690116814234f,0.6450297337301052f,0f,0f,0f,1f], start_interpolation: 0, interpolation_duration: 1 }
$data merge entity $(bone_neck_0) { transformation: [-0.4291736635837201f,-0.11310400771559063f,0.8961124092014349f,-0.09577043939416845f,-0.21895999633826943f,0.9755628533172538f,0.018265794016234724f,0.6207942060887747f,-0.8762799133208935f,-0.18837357210121078f,-0.44345113692960236f,0.6196961559679974f,0f,0f,0f,1f], start_interpolation: 0, interpolation_duration: 1 }
$data merge entity $(bone_neck_1) { transformation: [-0.5777278791785427f,-0.2569537503968098f,0.774729157691175f,-0.03132446522639058f,-0.28860400854383317f,0.9521506762763808f,0.10058238374020557f,0.6337012932821274f,-0.7635039121525797f,-0.1654806932045091f,-0.6242418732384593f,0.5660523272616071f,0f,0f,0f,1f], start_interpolation: 0, interpolation_duration: 1 }
$data merge entity $(bone_neck_2) { transformation: [-0.8595013358708528f,-0.2800488069793546f,0.4275863881669528f,0.0033934564241135112f,-0.2609021167651578f,0.9597323792785184f,0.10413378717714164f,0.6522205738681227f,-0.43953104452777814f,-0.02205506458468201f,-0.8979565886068689f,0.4871686625585315f,0f,0f,0f,1f], start_interpolation: 0, interpolation_duration: 1 }
$data merge entity $(bone_body_0) { transformation: [-0.96938721251177f,-0.181882080303836f,0.164946479450183f,0.07939945947219242f,-0.21181736762138623f,0.9592259351937611f,-0.18713366352850863f,0.5731630060635143f,-0.12418468099007705f,-0.21634350953056916f,-0.9683871389539357f,0.02871049306364709f,0f,0f,0f,1f], start_interpolation: 0, interpolation_duration: 1 }
$data merge entity $(bone_leg_left_3) { transformation: [-0.941099244483492f,-0.3019684130280472f,0.15214233324726936f,0.5514747753674092f,-0.3085013330149546f,0.9509972342243587f,-0.020765067435883522f,0.05992952281771524f,-0.1384165436665597f,-0.06647810189034697f,-0.9881404365819971f,-0.0851752469819625f,0f,0f,0f,1f], start_interpolation: 0, interpolation_duration: 1 }
$data merge entity $(bone_leg_left_2) { transformation: [-0.9393565331229556f,-0.2829249260258548f,0.2993743299168795f,0.493320096303268f,-0.3841230933978948f,0.870847683748017f,-0.3822773343135068f,0.2505128513588393f,-0.1487311409838177f,-0.46221206977390045f,-0.9034939124076449f,-0.2210689563696614f,0f,0f,0f,1f], start_interpolation: 0, interpolation_duration: 1 }
$data merge entity $(bone_leg_left_1) { transformation: [-0.9240979406424003f,-0.3635345397292258f,0.11783732228939499f,0.4067134606780393f,-0.053442540383532314f,0.42825239266730936f,0.9020774817342905f,0.32007717831197185f,-0.3784004373383167f,0.8273104173154018f,-0.41517536345932904f,0.033240856144527944f,0f,0f,0f,1f], start_interpolation: 0, interpolation_duration: 1 }
$data merge entity $(bone_leg_left_0) { transformation: [-0.9157510613533225f,0.04245824003844274f,0.3994962972082485f,0.28438292316205327f,-0.14057301086492352f,0.8976749668653243f,-0.4176348674137602f,0.6901864184686719f,-0.3763498668083109f,-0.4386079704202568f,-0.8160783210189998f,-0.11629732796285368f,0f,0f,0f,1f], start_interpolation: 0, interpolation_duration: 1 }
$data merge entity $(bone_leg_right_3) { transformation: [-0.8947170753180926f,-0.0201165165236432f,0.4461800991720639f,-0.283002150962284f,-0.005332001243234158f,0.9993950686290489f,0.03436664898824082f,0.07062033837917042f,-0.4466015280952146f,0.028369394827750527f,-0.8942830941822206f,-0.2180673644035227f,0f,0f,0f,1f], start_interpolation: 0, interpolation_duration: 1 }
$data merge entity $(bone_leg_right_2) { transformation: [-0.9630169367300028f,0.26803822329219623f,0.2298175144026651f,-0.21192643614457665f,0.19125978276126754f,0.9572226400212892f,-0.3149709707726736f,0.2837168158765312f,-0.2967832114018061f,-0.2528685978640496f,-0.9487040619418654f,-0.30586944927275783f,0f,0f,0f,1f], start_interpolation: 0, interpolation_duration: 1 }
$data merge entity $(bone_leg_right_1) { transformation: [-0.989473747351135f,0.07902124846103585f,-0.12123260945208404f,-0.20373509746826451f,-0.08658120733292725f,0.34799959870936525f,0.933488068394499f,0.3270244064337285f,0.11595429202782861f,0.9341584028363602f,-0.33749471191493513f,-0.031879047560242194f,0f,0f,0f,1f], start_interpolation: 0, interpolation_duration: 1 }
$data merge entity $(bone_leg_right_0) { transformation: [-0.9948635174255462f,-0.06442749794587775f,-0.07807483079779234f,-0.10699727058251275f,-0.031935946800509304f,0.93167741554625f,-0.36188021314105473f,0.7260039225684014f,0.09605559326569703f,-0.357528028089399f,-0.9289494238831739f,-0.10780280615277822f,0f,0f,0f,1f], start_interpolation: 0, interpolation_duration: 1 }
$data merge entity $(bone_tail_4) { transformation: [-1.9008320957831994f,-0.2633912285983291f,1.985730025944593f,0.6545317140853808f,-1.5191310289501236f,1.9738720904540086f,-1.1923637108733456f,0.8518113016007934f,-1.3056567665820082f,-1.9131427972904118f,-1.5035978108039505f,-1.7190777504204644f,0f,0f,0f,1f], start_interpolation: 0, interpolation_duration: 1 }
$data merge entity $(bone_tail_3) { transformation: [-1.588856887744391f,0.29507995285778194f,1.3131668354527926f,0.4289795567319207f,0.019645295947754517f,2.036500459115347f,-0.433849591926221f,0.9054474040829001f,-1.3457686943374692f,-0.31865220458812554f,-1.5566993672179592f,-1.452000802222956f,0f,0f,0f,1f], start_interpolation: 0, interpolation_duration: 1 }
$data merge entity $(bone_tail_2) { transformation: [-1.8612769747532334f,0.341283513197964f,0.4877985874061995f,0.33700376219921546f,0.3478683533146421f,1.9228724850573868f,-0.0179691394942877f,0.9095026104443058f,-0.48312473236048226f,0.06971975925991869f,-1.8922218482918771f,-1.1005815476415022f,0f,0f,0f,1f], start_interpolation: 0, interpolation_duration: 1 }
$data merge entity $(bone_tail_1) { transformation: [-1.14709535221002f,0.7356456421189737f,0.6562423273224107f,0.18789112972802102f,0.8018618481188408f,1.2819586732225656f,-0.035437080591903466f,0.9006915780945857f,-0.573451026217242f,0.32103535534392924f,-1.3622578578043107f,-0.8108153219607462f,0f,0f,0f,1f], start_interpolation: 0, interpolation_duration: 1 }
$data merge entity $(bone_tail_0) { transformation: [-1.1947364503250082f,0.2735433033048924f,0.3627872545526856f,0.08847734917080902f,0.3993784134694678f,1.11890311063773f,0.471580776160193f,0.7898858399542329f,-0.21665044127219857f,0.5541350077429569f,-1.131296908894523f,-0.46685180655355174f,0f,0f,0f,1f], start_interpolation: 0, interpolation_duration: 1 }
$data merge entity $(bone_body_1) { transformation: [-1.2309349266790501f,0.11576661767145523f,0.0013753438852295624f,0.08035989774566944f,0.11265009698370636f,1.1942389674411562f,0.2995126697668951f,0.6398128703703705f,0.02671623078679106f,0.2983219300256733f,-1.19953943834063f,-0.20806978903751017f,0f,0f,0f,1f], start_interpolation: 0, interpolation_duration: 1 }