# This file was generated by Animated Java via MC-Build. It is not recommended to edit this file directly.
$data merge entity $(bone_head_lower) { transformation: [-0.687272529224719f,-0.40818224988757146f,0.6008691383735549f,-0.15935696726934015f,-0.16490229351762106f,0.8932631075979416f,0.41819643015824154f,0.5392711255786158f,-0.7074345935602007f,0.18833021924584697f,-0.6812253844016124f,0.6767075653608731f,0f,0f,0f,1f], start_interpolation: 0, interpolation_duration: 1 }
$data merge entity $(bone_head_upper) { transformation: [-0.7153816893064563f,-0.5349169583207392f,0.534382661479054f,-0.13475152827003337f,-0.17164672861320282f,0.8313447304978454f,0.6023913032351629f,0.5994127371274406f,-0.7363683736723989f,0.32588606806345827f,-0.6595694288554558f,0.6383276823001012f,0f,0f,0f,1f], start_interpolation: 0, interpolation_duration: 1 }
$data merge entity $(bone_neck_0) { transformation: [-0.5282508532830767f,-0.1938330458100756f,0.8266678815326569f,-0.0779806682204283f,-0.19945890525956042f,0.97467878129367f,0.10108124657197345f,0.5901924260737725f,-0.8253285292041946f,-0.11149001591118168f,-0.5535366250156941f,0.6046113425284318f,0f,0f,0f,1f], start_interpolation: 0, interpolation_duration: 1 }
$data merge entity $(bone_neck_1) { transformation: [-0.6356192556690197f,-0.2752722769124515f,0.721258161400061f,-0.018148780407175852f,-0.24732030026329463f,0.9576360445772283f,0.1475326242027668f,0.6071020852623012f,-0.7313144541853631f,-0.08460720826215509f,-0.67677233203615f,0.5468900685355493f,0f,0f,0f,1f], start_interpolation: 0, interpolation_duration: 1 }
$data merge entity $(bone_neck_2) { transformation: [-0.8885946852133398f,-0.2346373627892901f,0.39413803850160545f,0.014083421370794665f,-0.20236576486118368f,0.971655349347477f,0.12220466151739345f,0.6273212433008915f,-0.4116401129904058f,0.028830367110386917f,-0.9108903486751445f,0.4673715096269817f,0f,0f,0f,1f], start_interpolation: 0, interpolation_duration: 1 }
$data merge entity $(bone_body_0) { transformation: [-0.9820744459747806f,-0.14508553639941124f,0.12033274571380531f,0.0694136720867898f,-0.1627191450084205f,0.9747841361559993f,-0.15270352892559774f,0.5646386801335468f,-0.09514337817765786f,-0.16954667506706633f,-0.9809187848964082f,0.003453020737390289f,0f,0f,0f,1f], start_interpolation: 0, interpolation_duration: 1 }
$data merge entity $(bone_leg_left_3) { transformation: [-0.9469528402939162f,-0.2645573894215554f,0.18245466823772177f,0.5562770827053434f,-0.2712476737978863f,0.962431250963352f,-0.012279520689055412f,0.05866998541861693f,-0.17235143665928937f,-0.061118531326995906f,-0.9831375831540115f,-0.08576158500590778f,0f,0f,0f,1f], start_interpolation: 0, interpolation_duration: 1 }
$data merge entity $(bone_leg_left_2) { transformation: [-0.9325143063460896f,-0.2685982098255787f,0.33216602721991423f,0.5024859655931063f,-0.38772284559857817f,0.8669659782728921f,-0.38743152558737776f,0.24818362187540483f,-0.17930494405204608f,-0.4777940913160358f,-0.8897329615354661f,-0.22490959750611447f,0f,0f,0f,1f], start_interpolation: 0, interpolation_duration: 1 }
$data merge entity $(bone_leg_left_1) { transformation: [-0.9099745579403606f,-0.39370458695889143f,0.13016528764910557f,0.4067479659031191f,-0.05853342723492842f,0.43272039325182365f,0.8996259773706627f,0.319193171754087f,-0.4105120482974635f,0.8110177306764113f,-0.416809427353923f,0.02570018861795656f,0f,0f,0f,1f], start_interpolation: 0, interpolation_duration: 1 }
$data merge entity $(bone_leg_left_0) { transformation: [-0.8935914301366154f,0.03817407745098533f,0.44725506793905084f,0.28142408945970093f,-0.16068932086171023f,0.9031437122257906f,-0.3981336173045685f,0.6875230589142588f,-0.41913398591309814f,-0.4276379015917374f,-0.8009073148466148f,-0.1257405548503157f,0f,0f,0f,1f], start_interpolation: 0, interpolation_duration: 1 }
$data merge entity $(bone_leg_right_3) { transformation: [-0.876720835031467f,-0.013120627018029685f,0.48082057627391706f,-0.28307501951774916f,0.0005874361453706012f,0.999597938099355f,0.028348140437993885f,0.06684560556928631f,-0.48099920201649277f,0.025135856742328544f,-0.8763606314556386f,-0.2690912432399889f,0f,0f,0f,1f], start_interpolation: 0, interpolation_duration: 1 }
$data merge entity $(bone_leg_right_2) { transformation: [-0.9434304830646373f,0.29958327626191456f,0.2687954309680462f,-0.20347199244391417f,0.21276380698422098f,0.9526606268695842f,-0.315010304515147f,0.2788441079596785f,-0.3416616536322173f,-0.23398673060095096f,-0.938392094937223f,-0.3521036828555595f,0f,0f,0f,1f], start_interpolation: 0, interpolation_duration: 1 }
$data merge entity $(bone_leg_right_1) { transformation: [-0.995552054915973f,0.017051278103344728f,-0.09265721702936397f,-0.2137525431026885f,-0.08256646015341762f,0.3157594719834001f,0.9452400412120183f,0.31284973922034504f,0.04537494474176643f,0.9486860438352649f,-0.3129471275181717f,-0.07687411870867951f,0f,0f,0f,1f], start_interpolation: 0, interpolation_duration: 1 }
$data merge entity $(bone_leg_right_0) { transformation: [-0.9992993933206153f,-0.035188309582114205f,-0.012747759717060818f,-0.11033670822974558f,-0.028037719541295355f,0.9294791255850734f,-0.36780761463641715f,0.710995393988861f,0.024791304765467523f,-0.3671925080531474f,-0.9298145262565352f,-0.14823574180495605f,0f,0f,0f,1f], start_interpolation: 0, interpolation_duration: 1 }
$data merge entity $(bone_tail_4) { transformation: [-1.3989676038860808f,-0.22243702647000863f,2.3704583405182262f,0.8345837445219121f,-1.8329086347283607f,1.8553514377956866f,-0.9076223391960401f,0.8508946543848669f,-1.5195383876741828f,-2.0331881720895035f,-1.0875708146414602f,-1.654026753846947f,0f,0f,0f,1f], start_interpolation: 0, interpolation_duration: 1 }
$data merge entity $(bone_tail_3) { transformation: [-1.3279280620993401f,0.12319483662288794f,1.599179671007294f,0.5622164104163592f,-0.20189525955759524f,2.046789242908941f,-0.3253269514271109f,0.886028643571045f,-1.5911602345778089f,-0.36252221088665243f,-1.293341517371414f,-1.4311762623714617f,0f,0f,0f,1f], start_interpolation: 0, interpolation_duration: 1 }
$data merge entity $(bone_tail_2) { transformation: [-1.7852713331847474f,0.17122120041915617f,0.7760563397322111f,0.41666986449289045f,0.17097069641364862f,1.946339837312894f,-0.036112790800846985f,0.8933314931188101f,-0.7761115660002538f,0.03490577629299756f,-1.7930996344054044f,-1.0984085425917767f,0f,0f,0f,1f], start_interpolation: 0, interpolation_duration: 1 }
$data merge entity $(bone_tail_1) { transformation: [-1.1040120027331386f,0.6396834508731518f,0.8121692129723843f,0.23513538394195227f,0.727488803833864f,1.324926681108715f,-0.05464046103959455f,0.8881986283975598f,-0.7345568651353956f,0.35075721284851946f,-1.274775211367557f,-0.8276770093901886f,0f,0f,0f,1f], start_interpolation: 0, interpolation_duration: 1 }
$data merge entity $(bone_tail_0) { transformation: [-1.1829306082249225f,0.19755231058932773f,0.4421357000847832f,0.11070034535050352f,0.36319120322568726f,1.1338490626145983f,0.4650958715055447f,0.7796486025655811f,-0.32031709696505595f,0.5560531488741363f,-1.105458081341425f,-0.491217911781872f,0f,0f,0f,1f], start_interpolation: 0, interpolation_duration: 1 }
$data merge entity $(bone_body_1) { transformation: [-1.2321319690855728f,0.05463610127226624f,0.08643091027709172f,0.08692624026980954f,0.07382314566714777f,1.1984281704838384f,0.29482988045789604f,0.6303821433470509f,-0.07074990443362515f,0.2989806209184416f,-1.1975849174042341f,-0.2329346605110894f,0f,0f,0f,1f], start_interpolation: 0, interpolation_duration: 1 }