# This file was generated by Animated Java via MC-Build. It is not recommended to edit this file directly.
$data merge entity $(bone_head_lower) { transformation: [-0.8182503649357045f,-0.4001803815273561f,0.4127008632450456f,-0.12017401557421498f,-0.22344464778887413f,0.8828652245670052f,0.4130635358207706f,0.4839041274522235f,-0.529659163667629f,0.24577358989702455f,-0.8118229565933924f,0.6656885392644446f,0f,0f,0f,1f], start_interpolation: 0, interpolation_duration: 1 }
$data merge entity $(bone_head_upper) { transformation: [-0.8517164639239228f,-0.531462094372317f,0.27495281396964544f,-0.11341773094446639f,-0.23258344078150253f,0.7347206362852301f,0.6996874104015097f,0.5485644913072958f,-0.5513220027703168f,0.5110827442259464f,-0.7199377892563427f,0.6273630065750174f,0f,0f,0f,1f], start_interpolation: 0, interpolation_duration: 1 }
$data merge entity $(bone_neck_0) { transformation: [-0.6250891393990072f,-0.270011675446733f,0.7323641600514434f,-0.06147691348017964f,-0.1725562944729508f,0.9628508243072053f,0.20770800506648596f,0.5464221633962544f,-0.761241021650287f,0.0034619724700222405f,-0.6484598073153373f,0.5856221612726028f,0f,0f,0f,1f], start_interpolation: 0, interpolation_duration: 1 }
$data merge entity $(bone_neck_1) { transformation: [-0.6940436175619749f,-0.2882943354608149f,0.659689194289776f,-0.0069207162698366395f,-0.19297936160926185f,0.9572859689418227f,0.21531962209700528f,0.5690726582560796f,-0.6935866369202687f,0.022134809877713647f,-0.7200330737384977f,0.5247278817951146f,0f,0f,0f,1f], start_interpolation: 0, interpolation_duration: 1 }
$data merge entity $(bone_neck_2) { transformation: [-0.9141823462695564f,-0.1854991600468749f,0.36036190058189055f,0.022833536221557413f,-0.13645541834995412f,0.9780769599517367f,0.15730664071967054f,0.5924298845189556f,-0.38164192192686003f,0.09463361999560417f,-0.9194530555686353f,0.4451034205151548f,0f,0f,0f,1f], start_interpolation: 0, interpolation_duration: 1 }
$data merge entity $(bone_body_0) { transformation: [-0.9915367429821391f,-0.10469324807291713f,0.0767737658599199f,0.05801939011526106f,-0.11209462340651039f,0.9887089790859231f,-0.09944521143938514f,0.5549804181991336f,-0.06549566947305586f,-0.10720950742734547f,-0.9920768310959903f,-0.023479974262398562f,0f,0f,0f,1f], start_interpolation: 0, interpolation_duration: 1 }
$data merge entity $(bone_leg_left_3) { transformation: [-0.9505926566072532f,-0.22552120023456548f,0.21333961059570167f,0.5599239706883716f,-0.23154829064583393f,0.9728176038507383f,-0.0033613594126130075f,0.05703364225081675f,-0.20678247097700767f,-0.052593705734330254f,-0.9769723188574864f,-0.08802043363728476f,0f,0f,0f,1f], start_interpolation: 0, interpolation_duration: 1 }
$data merge entity $(bone_leg_left_2) { transformation: [-0.9243251020209264f,-0.255503860650588f,0.3638723436417542f,0.5101776991046857f,-0.392650411650473f,0.8629047421724327f,-0.39151406062584293f,0.24546679733135843f,-0.2085928078947406f,-0.49211318071117244f,-0.8754289562069646f,-0.23010958380692417f,0f,0f,0f,1f], start_interpolation: 0, interpolation_duration: 1 }
$data merge entity $(bone_leg_left_1) { transformation: [-0.8951864354778277f,-0.42286266611065565f,0.14081339192807243f,0.40565911027715446f,-0.0647960981773737f,0.43606536572059534f,0.8975792235117475f,0.31761834885475426f,-0.44095658674918203f,0.7943765872863773f,-0.41775965120360725f,0.016636042014555874f,0f,0f,0f,1f], start_interpolation: 0, interpolation_duration: 1 }
$data merge entity $(bone_leg_left_0) { transformation: [-0.8687341176866357f,0.029405980816049615f,0.49440501722724106f,0.27594459311341984f,-0.18169218110248547f,0.9097179808510198f,-0.37336462960832945f,0.6840710364349907f,-0.46074828713023336f,-0.41418411800621907f,-0.7849602106463527f,-0.13565923160433863f,0f,0f,0f,1f], start_interpolation: 0, interpolation_duration: 1 }
$data merge entity $(bone_leg_right_3) { transformation: [-0.8561296409784984f,-0.0061322546098206004f,0.5167247171284031f,-0.2807203363833712f,0.006941944813506268f,0.999702882475544f,0.023365705045982954f,0.06172596749409745f,-0.5167144736121047f,0.023591147142306756f,-0.8558327000858734f,-0.32157220926983354f,0f,0f,0f,1f], start_interpolation: 0, interpolation_duration: 1 }
$data merge entity $(bone_leg_right_2) { transformation: [-0.9197260180134506f,0.3303503025964608f,0.3115042999129282f,-0.1926624393859092f,0.23474220379999272f,0.9482897644570509f,-0.3125777021506953f,0.27274670970377757f,-0.38866740157226926f,-0.20899138666728084f,-0.9259170863282753f,-0.39829981316618734f,0f,0f,0f,1f], start_interpolation: 0, interpolation_duration: 1 }
$data merge entity $(bone_leg_right_1) { transformation: [-0.99637477050934f,-0.0539526114514865f,-0.0657756217000295f,-0.22367461187070717f,-0.07835507255829917f,0.28087592417650825f,0.9565402227937814f,0.2967601242968388f,-0.03313305444483101f,0.9582263985799797f,-0.28408514527795814f,-0.12357269994814221f,0f,0f,0f,1f], start_interpolation: 0, interpolation_duration: 1 }
$data merge entity $(bone_leg_right_0) { transformation: [-0.9982142844014877f,-0.00145766018895796f,0.059716979525085534f,-0.11304028219660145f,-0.024093585996906877f,0.9246013657598343f,-0.38017339931781013f,0.6935386575970339f,-0.05466023719885976f,-0.38093331393017194f,-0.922985410939708f,-0.19164706497757414f,0f,0f,0f,1f], start_interpolation: 0, interpolation_duration: 1 }
$data merge entity $(bone_tail_4) { transformation: [-0.8923038499014806f,-0.1838126503377895f,2.6068502221314507f,0.985866259232425f,-2.0755252739263836f,1.7236753406575476f,-0.5888968406282186f,0.8584266920446201f,-1.5879704053740442f,-2.149608699550894f,-0.6951214009590758f,-1.5822771250315086f,0f,0f,0f,1f], start_interpolation: 0, interpolation_duration: 1 }
$data merge entity $(bone_tail_3) { transformation: [-1.0514809187243066f,-0.039715798316760344f,1.79687396858188f,0.6815714863366444f,-0.401312593291081f,2.0344145983151902f,-0.18987093161533225f,0.870713441541984f,-1.7519365302627603f,-0.44218256814414236f,-1.0349582099798884f,-1.4024593550257052f,0f,0f,0f,1f], start_interpolation: 0, interpolation_duration: 1 }
$data merge entity $(bone_tail_2) { transformation: [-1.6711085939248453f,0.011523195970112435f,1.012934923017238f,0.49203614562025644f,-0.005226544559835164f,1.9539178098826468f,-0.030850453126997766f,0.8769095490417387f,-1.0129869819229007f,-0.029090946715626245f,-1.670863539094889f,-1.0926054429308039f,0f,0f,0f,1f], start_interpolation: 0, interpolation_duration: 1 }
$data merge entity $(bone_tail_1) { transformation: [-1.0493099303371352f,0.5375015419607363f,0.9474687395823186f,0.2825835239367802f,0.6455676954389671f,1.3664803600094855f,-0.06024969970023324f,0.8725540442256804f,-0.8774094088289102f,0.36260139009410597f,-1.177424821888992f,-0.8428309329291948f,0f,0f,0f,1f], start_interpolation: 0, interpolation_duration: 1 }
$data merge entity $(bone_tail_0) { transformation: [-1.1626770195672005f,0.11639662613260988f,0.5181406085024648f,0.13397965335515474f,0.31876822188979187f,1.1504353634804183f,0.45685994763267f,0.76681100375583f,-0.4247407273473777f,0.5447807049287364f,-1.075474320778417f,-0.515405811197321f,0f,0f,0f,1f], start_interpolation: 0, interpolation_duration: 1 }
$data merge entity $(bone_body_1) { transformation: [-1.2234013795841159f,-0.012203122306807757f,0.17817054552842698f,0.0933794641783432f,0.02977673818755059f,1.2022729487877957f,0.2868060277125619f,0.6191510048010973f,-0.17608806135238766f,0.2880892838606009f,-1.1893704865306245f,-0.25829869119764703f,0f,0f,0f,1f], start_interpolation: 0, interpolation_duration: 1 }