# This file was generated by Animated Java via MC-Build. It is not recommended to edit this file directly.
$data merge entity $(bone_head_lower) { transformation: [-0.8242217611734152f,-0.005771131139744062f,-0.5662377437557139f,-0.6522819184078327f,-0.23488679875785934f,0.9133503548200452f,0.3325948302655682f,0.1423780882133906f,0.5152539957899195f,0.4071336677253123f,-0.7541588005367676f,0.0968734745009722f,0f,0f,0f,1f], start_interpolation: 0, interpolation_duration: 1 }
$data merge entity $(bone_head_upper) { transformation: [-0.8579320877796741f,0.22000242642089465f,-0.5468303280821534f,-0.6853051909132817f,-0.24449357095755633f,0.7458536481906569f,0.6836645170144615f,0.20618016760554392f,0.5363276695285624f,0.6919343974923586f,-0.5630731418283548f,0.07376039097529158f,0f,0f,0f,1f], start_interpolation: 0, interpolation_duration: 1 }
$data merge entity $(bone_neck_0) { transformation: [-0.9596758831150665f,-0.28056742210916286f,0.01743906586764657f,-0.6793133176215514f,-0.2730033722308883f,0.9449992170740507f,0.18012672894380288f,0.20257660468467525f,-0.06701759558414766f,0.16810235388134787f,-0.9834888105625144f,0.007459199107964831f,0f,0f,0f,1f], start_interpolation: 0, interpolation_duration: 1 }
$data merge entity $(bone_neck_1) { transformation: [-0.9224410292194273f,-0.2724569380476431f,0.2736233990767357f,-0.6573889994691073f,-0.11180216572863695f,0.866715197942975f,0.4861121695586893f,0.24774953424604523f,-0.3695981917582799f,0.4178181213929957f,-0.829954934972157f,-0.06092404118470597f,0f,0f,0f,1f], start_interpolation: 0, interpolation_duration: 1 }
$data merge entity $(bone_neck_2) { transformation: [-0.7206281142321085f,-0.3707254530500886f,0.585882035429558f,-0.6096909729389809f,-0.02529764884673763f,0.8585331514988044f,0.5121336317216025f,0.3010218575234886f,-0.6928601229260508f,0.35423645526447045f,-0.6280616083001413f,-0.11247875223903692f,0f,0f,0f,1f], start_interpolation: 0, interpolation_duration: 1 }
$data merge entity $(bone_body_0) { transformation: [-0.4793184963930703f,-0.11428631403594819f,0.8701680397713782f,-0.2006727589239644f,0.149844264744906f,0.9662703557482626f,0.20944759708620325f,0.40893865757817394f,-0.8647545752053264f,0.23078179743255872f,-0.44602610532933223f,-0.3204906979850643f,0f,0f,0f,1f], start_interpolation: 0, interpolation_duration: 1 }
$data merge entity $(bone_leg_left_3) { transformation: [0.006527259412538483f,-0.1144695361889446f,0.9934053151504925f,0.047816307776202605f,-0.0738445993508142f,0.9906588929452393f,0.11463827011618158f,0.013551505799531155f,-0.9972483993626056f,-0.07410589121791039f,-0.0019866694541543217f,0.06075361236575136f,0f,0f,0f,1f], start_interpolation: 0, interpolation_duration: 1 }
$data merge entity $(bone_leg_left_2) { transformation: [0.2698583670389274f,-0.16680726888141686f,0.9754045295609922f,0.03949679693344449f,-0.24598890095663226f,0.9679802014231673f,0.23359364237839766f,0.24602375331484874f,-0.9585030630341907f,-0.29538426532532375f,0.21466768143571838f,-0.0029528389600740335f,0f,0f,0f,1f], start_interpolation: 0, interpolation_duration: 1 }
$data merge entity $(bone_leg_left_1) { transformation: [0.29335355029323945f,-0.9495376336108229f,-0.11100440030517023f,-0.21841796724193946f,0.15593677648151782f,-0.06703169360251121f,0.9854899663585277f,0.1724410663110743f,-0.9432006235530725f,-0.3064066487684915f,0.12840385243269492f,-0.07421957912283347f,0f,0f,0f,1f], start_interpolation: 0, interpolation_duration: 1 }
$data merge entity $(bone_leg_left_0) { transformation: [0.2710751815472185f,0.4025945534328173f,0.8743202339505665f,-0.10000195662987585f,0.103728868952676f,0.8908220355968758f,-0.4423532780943725f,0.5702782098154501f,-0.9569527510253267f,0.21060324413757056f,0.19971906735159206f,-0.11905856041651863f,0f,0f,0f,1f], start_interpolation: 0, interpolation_duration: 1 }
$data merge entity $(bone_leg_right_3) { transformation: [0.4844880744583725f,-0.11551783075955646f,0.8671372074154269f,-0.1139024682381129f,0.12287708226891735f,0.9904020672905036f,0.06328481460645968f,0.02763618212682395f,-0.8661250073521122f,0.07589055200288586f,0.4940324845149364f,-0.7024972410327288f,0f,0f,0f,1f], start_interpolation: 0, interpolation_duration: 1 }
$data merge entity $(bone_leg_right_2) { transformation: [0.505183009282961f,0.1189938224300788f,0.8846992691621175f,-0.0596077408491166f,0.2530060547710965f,0.9557756173401253f,-0.27302583219900867f,0.24159586157235774f,-0.856060899049636f,0.35269765950779314f,0.44139132025533534f,-0.6053148855594507f,0f,0f,0f,1f], start_interpolation: 0, interpolation_duration: 1 }
$data merge entity $(bone_leg_right_1) { transformation: [0.3265603423339355f,-0.8634867340254364f,0.384381324958469f,-0.3080725932514237f,-0.09785595089060325f,0.37360405145421505f,0.9224121777233276f,0.2922222619431255f,-0.9400970990754298f,-0.3388372365887217f,0.0375069515007532f,-0.7180782234222689f,0f,0f,0f,1f], start_interpolation: 0, interpolation_duration: 1 }
$data merge entity $(bone_leg_right_0) { transformation: [0.3757799422132342f,0.8380960905593463f,0.3954546472344946f,-0.05489535749462202f,-0.07085008164735798f,0.45146369271097114f,-0.889472203103805f,0.5501283143302326f,-0.923996591422707f,0.3062278190382348f,0.2290301768027633f,-0.5090494359285442f,0f,0f,0f,1f], start_interpolation: 0, interpolation_duration: 1 }
$data merge entity $(bone_tail_4) { transformation: [0.8709836859485994f,-0.8255505052290406f,-2.4870695836119006f,-0.17480438561505324f,-2.5411976737987443f,-0.9059842323206784f,-0.5892098820167267f,0.22011321585437255f,-0.6398149209664038f,2.4745343533081914f,-1.0454558492860269f,0.4418421832516357f,0f,0f,0f,1f], start_interpolation: 0, interpolation_duration: 1 }
$data merge entity $(bone_tail_3) { transformation: [0.854852687294266f,0.06502613334125174f,-1.8976153485500966f,0.1463247210150918f,-1.8397099441835723f,-0.4864661614464179f,-0.8454368817860454f,0.36822852191973976f,-0.46972303577991115f,2.023627387093464f,-0.1422603033436637f,0.446161490933807f,0f,0f,0f,1f], start_interpolation: 0, interpolation_duration: 1 }
$data merge entity $(bone_tail_2) { transformation: [1.112624005630407f,0.6392277464609603f,-1.4738485625233584f,0.4212847800493774f,-1.5733752994392878f,0.07139834231936472f,-1.1567913895042428f,0.5821270795866045f,-0.3245487085354949f,1.8452815611367464f,0.5553179007734698f,0.3431282102278244f,0f,0f,0f,1f], start_interpolation: 0, interpolation_duration: 1 }
$data merge entity $(bone_tail_1) { transformation: [1.3809773426080463f,0.5614517347219193f,-0.255596906829813f,0.46810386830446804f,-0.6153783717382895f,1.297674844886695f,-0.4743476642137334f,0.6689265854159318f,0.04321213718334239f,0.5370923538145381f,1.4132659921876023f,0.03240245371321748f,0f,0f,0f,1f], start_interpolation: 0, interpolation_duration: 1 }
$data merge entity $(bone_tail_0) { transformation: [1.0703041917588352f,-0.06849079020926738f,0.6954089914172846f,0.26323639343022964f,0.04754899560425346f,1.2762511354637487f,0.052515224730993355f,0.6843786295227579f,-0.6971540337002443f,-0.0181043494230022f,1.071206890573187f,-0.2810659870784439f,0f,0f,0f,1f], start_interpolation: 0, interpolation_duration: 1 }
$data merge entity $(bone_body_1) { transformation: [0.1418653503338297f,-0.43355155866128364f,1.1491352676744726f,0.025281314689010494f,-0.06337369779594546f,1.1526507048933927f,0.44270161733687324f,0.5038175f,-1.2265653638753125f,-0.10969956037918616f,0.11003640147826238f,-0.299258865183826f,0f,0f,0f,1f], start_interpolation: 0, interpolation_duration: 1 }