# This file was generated by Animated Java via MC-Build. It is not recommended to edit this file directly.
$data merge entity $(bone_head_lower) { transformation: [-0.8656661910352867f,-0.47746429370392707f,-0.15049881705936663f,-0.06062638217110644f,-0.49580044810858376f,0.7760506607494726f,0.3897785109592815f,0.2575365806892441f,-0.06931061501520658f,0.4120354598673726f,-0.9085278303156685f,0.5332235837719922f,0f,0f,0f,1f], start_interpolation: 0, interpolation_duration: 1 }
$data merge entity $(bone_head_upper) { transformation: [-0.9010715775543838f,-0.25632266499895134f,-0.4536966454747014f,-0.09793840971148154f,-0.5160784798527048f,0.31348838763595294f,0.8478561057360142f,0.3228646402807245f,-0.07214539028990562f,0.9589033657302244f,-0.39846119062547514f,0.5272642446613903f,0f,0f,0f,1f], start_interpolation: 0, interpolation_duration: 1 }
$data merge entity $(bone_neck_0) { transformation: [-0.814822103796407f,-0.4156740791504446f,0.40407919902814554f,-0.06479943196802411f,-0.08328564663713128f,0.7737432437623455f,0.6280007116209017f,0.350939951855191f,-0.5736971677017698f,0.4780548636449103f,-0.6650827821530289f,0.47668439404464624f,0f,0f,0f,1f], start_interpolation: 0, interpolation_duration: 1 }
$data merge entity $(bone_neck_1) { transformation: [-0.8128830880105702f,-0.2843934225493791f,0.5082730235189058f,-0.023052200741046306f,0.023285607230705163f,0.8561144019439199f,0.5162614756885334f,0.39861808681333355f,-0.5819612235555709f,0.43149566857021293f,-0.6892986452060148f,0.4202795983591229f,0f,0f,0f,1f], start_interpolation: 0, interpolation_duration: 1 }
$data merge entity $(bone_neck_2) { transformation: [-0.9473197823678278f,-0.026504580711745475f,0.3191907535250138f,0.004651806787865427f,0.09154132606385043f,0.9325948079744285f,0.34912334462423317f,0.43833459626932575f,-0.3069290073568209f,0.35995059569395604f,-0.8810392460625818f,0.34661809391066134f,0f,0f,0f,1f], start_interpolation: 0, interpolation_duration: 1 }
$data merge entity $(bone_body_0) { transformation: [-0.9987882588027741f,0.040950134563034285f,0.02729653012732597f,0.017906660294267282f,0.044781516445034766f,0.9862661507988904f,0.15897702844506795f,0.5226552915306775f,-0.020411512991586944f,0.1600067694430778f,-0.9869048605968985f,-0.11698220150802258f,0f,0f,0f,1f], start_interpolation: 0, interpolation_duration: 1 }
$data merge entity $(bone_leg_left_3) { transformation: [-0.9392240491461019f,-0.10711872098177594f,0.3261652420489181f,0.5555257274435941f,-0.10440746847950652f,0.9941982921117646f,0.025861873245209166f,0.05180045666130961f,-0.3270432173754742f,-0.009763993920464176f,-0.9449589400558205f,-0.09141648618012577f,0f,0f,0f,1f], start_interpolation: 0, interpolation_duration: 1 }
$data merge entity $(bone_leg_left_2) { transformation: [-0.8890052914032402f,-0.20481541921407204f,0.46880959398235256f,0.5208926834130951f,-0.40918649595842516f,0.8488366872134515f,-0.40509861696437993f,0.23650889119679336f,-0.3070801245326697f,-0.5381348548397061f,-0.8174196441390085f,-0.24259326527879577f,0f,0f,0f,1f], start_interpolation: 0, interpolation_duration: 1 }
$data merge entity $(bone_leg_left_1) { transformation: [-0.8361400626378528f,-0.5182922652819761f,0.17956314599840723f,0.3872177676022862f,-0.0859658895023869f,0.4471393168162578f,0.8903237036040058f,0.3124753043649731f,-0.5417376316022646f,0.7289990117318187f,-0.4184265519777644f,-0.011566196273667673f,0f,0f,0f,1f], start_interpolation: 0, interpolation_duration: 1 }
$data merge entity $(bone_leg_left_0) { transformation: [-0.767502087047155f,-0.0011374536338581431f,0.6410454372175908f,0.24534427635468353f,-0.2431981402812796f,0.9257574592153032f,-0.2895302942197123f,0.6712493297241056f,-0.5931232679148479f,-0.3781161632441237f,-0.7107974086556271f,-0.1711293178690853f,0f,0f,0f,1f], start_interpolation: 0, interpolation_duration: 1 }
$data merge entity $(bone_leg_right_3) { transformation: [-0.770042608204219f,0.002558233146796457f,0.6379873329410315f,-0.2525855702570702f,0.02063842240582079f,0.9995684837874532f,0.020902194608482805f,0.04335016565988431f,-0.63765855837638f,0.029262632520308307f,-0.7697631202307229f,-0.4928565785969438f,0f,0f,0f,1f], start_interpolation: 0, interpolation_duration: 1 }
$data merge entity $(bone_leg_right_2) { transformation: [-0.8207826675559515f,0.40299452178662126f,0.4647294132615273f,-0.14301256748830365f,0.2951488919471745f,0.9379045023339463f,-0.292035058828152f,0.25249126441499836f,-0.5396898588289262f,-0.09996379050625978f,-0.8664896400797466f,-0.5420991408957839f,0f,0f,0f,1f], start_interpolation: 0, interpolation_duration: 1 }
$data merge entity $(bone_leg_right_1) { transformation: [-0.9508516375609315f,-0.30941403394136624f,-0.012004955136366458f,-0.24537079816406054f,-0.06576009173487968f,0.16389629587606053f,0.9842832999361146f,0.24350441775208365f,-0.30258349869534407f,0.9366968345191725f,-0.17618815657996661f,-0.28430966310479366f,0f,0f,0f,1f], start_interpolation: 0, interpolation_duration: 1 }
$data merge entity $(bone_leg_right_0) { transformation: [-0.9452893169752782f,0.12738111229562613f,0.30033674341102684f,-0.1098920154718284f,-0.012541555003394707f,0.9057498004637926f,-0.4236272044591763f,0.6350754055421801f,-0.3259920499191793f,-0.40421696054239104f,-0.8545980530046638f,-0.3355438267631593f,0f,0f,0f,1f], start_interpolation: 0, interpolation_duration: 1 }
$data merge entity $(bone_tail_4) { transformation: [0.2242003135202621f,-0.41969763032299096f,2.7201561444370586f,1.2445407653575045f,-2.448434818071734f,1.216204424792191f,0.38945483739444203f,0.9116661983902117f,-1.2572042366582488f,-2.443432427511995f,-0.2733803414867028f,-1.4713375733739649f,0f,0f,0f,1f], start_interpolation: 0, interpolation_duration: 1 }
$data merge entity $(bone_tail_3) { transformation: [-0.5061540745489564f,-0.5358998215956358f,1.9474508877185324f,0.9195692616187663f,-0.9021358427103282f,1.8562687957563204f,0.27633784620125873f,0.8466444640423768f,-1.8071813689165952f,-0.7765455976049254f,-0.6833871236170564f,-1.3478612628729278f,0f,0f,0f,1f], start_interpolation: 0, interpolation_duration: 1 }
$data merge entity $(bone_tail_2) { transformation: [-1.3761918475279873f,-0.3974125290477207f,1.32926037914179f,0.6713504767821703f,-0.49158189821320714f,1.8904907088352974f,0.05626714991264109f,0.8362708737180394f,-1.2973885736930864f,-0.29475758949700714f,-1.4313192261991412f,-1.0828116308279707f,0f,0f,0f,1f], start_interpolation: 0, interpolation_duration: 1 }
$data merge entity $(bone_tail_1) { transformation: [-0.9329536670667421f,0.2236645454251864f,1.1692851988400705f,0.41789059744462154f,0.3493310289470611f,1.471603351432457f,-0.002767357502833595f,0.8185438064081645f,-1.1380780014223568f,0.2683542382234825f,-0.9593855927133721f,-0.878555620758219f,0f,0f,0f,1f], start_interpolation: 0, interpolation_duration: 1 }
$data merge entity $(bone_tail_0) { transformation: [-1.0660448404637672f,-0.11507782549735183f,0.6958025645133893f,0.21178388321519026f,0.14660878972162694f,1.1973747460962487f,0.42265269048159537f,0.7239296524461761f,-0.6898477929811533f,0.4323037451535349f,-0.9854233663909572f,-0.5801597502767629f,0f,0f,0f,1f], start_interpolation: 0, interpolation_duration: 1 }
$data merge entity $(bone_body_1) { transformation: [-1.1172582716809398f,-0.21149281978260312f,0.4853960615797914f,0.11318164048362246f,-0.11377107840984117f,1.2028694470709742f,0.26223239707725f,0.5819425f,-0.5171022056946103f,0.19230308250213282f,-1.1064490175250719f,-0.3358788298683885f,0f,0f,0f,1f], start_interpolation: 0, interpolation_duration: 1 }