# This file was generated by Animated Java via MC-Build. It is not recommended to edit this file directly.
$data merge entity $(bone_head_lower) { transformation: [-0.8854468602429393f,-0.42524770642122084f,-0.18747865443674167f,-0.10818335266541473f,-0.46471026878746124f,0.8147614954480505f,0.3467103569533829f,0.2188142547025343f,0.005312604766559148f,0.3941168528732915f,-0.9190449839435753f,0.49347456641231946f,0f,0f,0f,1f], start_interpolation: 0, interpolation_duration: 1 }
$data merge entity $(bone_head_upper) { transformation: [-0.9216612678906838f,-0.1573473840041135f,-0.4574431665253133f,-0.14353758335311656f,-0.4837167251515898f,0.31101827115890696f,0.8676161060039478f,0.2854590968559233f,0.005529888087926098f,0.9808064938283666f,-0.3485110967893966f,0.4914745967556764f,0f,0f,0f,1f], start_interpolation: 0, interpolation_duration: 1 }
$data merge entity $(bone_neck_0) { transformation: [-0.7911410475604608f,-0.47162034849990364f,0.3894484429879846f,-0.110444196818383f,-0.08139309762954475f,0.7122519826076733f,0.6971888387873879f,0.3190057493954702f,-0.6061938687608145f,0.5198762931239203f,-0.6018784207167823f,0.44431331893848286f,0f,0f,0f,1f], start_interpolation: 0, interpolation_duration: 1 }
$data merge entity $(bone_neck_1) { transformation: [-0.786048825662645f,-0.31208088118627186f,0.53360356752216f,-0.06667868871194735f,0.0590516188872776f,0.8213500905733724f,0.5673596170172011f,0.37085241275031067f,-0.6153374277428345f,0.4774825151909893f,-0.6271923928952889f,0.39338159362226566f,0f,0f,0f,1f], start_interpolation: 0, interpolation_duration: 1 }
$data merge entity $(bone_neck_2) { transformation: [-0.9287218931730435f,-0.014868689578843804f,0.3704788350382318f,-0.0343675379352433f,0.13700574126569065f,0.9147177251548625f,0.38015905901050473f,0.41311285574041784f,-0.3445360242432075f,0.4038197684087813f,-0.8474812815873647f,0.3230895251656778f,0f,0f,0f,1f], start_interpolation: 0, interpolation_duration: 1 }
$data merge entity $(bone_body_0) { transformation: [-0.9931852485837867f,0.06333985478874074f,0.09783212555649967f,0.012343767260745389f,0.08224379436991011f,0.9756657545951586f,0.2032542584988069f,0.5182002614621483f,-0.0825773593862229f,0.2099152164698908f,-0.9742261450049456f,-0.13405989879621302f,0f,0f,0f,1f], start_interpolation: 0, interpolation_duration: 1 }
$data merge entity $(bone_leg_left_3) { transformation: [-0.9309814616093318f,-0.09498671247091278f,0.35249261353072414f,0.5549496559612079f,-0.08913212800758094f,0.9954781840089544f,0.032842790975726566f,0.05433261774361858f,-0.35401833553728895f,-0.0008423872050355441f,-0.9352381025638363f,-0.0847416481374215f,0f,0f,0f,1f], start_interpolation: 0, interpolation_duration: 1 }
$data merge entity $(bone_leg_left_2) { transformation: [-0.8778543053103081f,-0.19298164739860302f,0.49415797263240846f,0.5238757247957568f,-0.41677254122206286f,0.8420134075199767f,-0.41155348369391387f,0.23723930256946638f,-0.32822959499739635f,-0.5530223366416713f,-0.7990580877783081f,-0.23885403412232034f,0f,0f,0f,1f], start_interpolation: 0, interpolation_duration: 1 }
$data merge entity $(bone_leg_left_1) { transformation: [-0.8196766866293035f,-0.5412461456087722f,0.1875706247258734f,0.38321239194243795f,-0.09583271876879118f,0.4524028360913921f,0.8866497413916314f,0.31502700668971756f,-0.5647532376266546f,0.7087907192959801f,-0.4226931473659098f,-0.012632272264486932f,0f,0f,0f,1f], start_interpolation: 0, interpolation_duration: 1 }
$data merge entity $(bone_leg_left_0) { transformation: [-0.7405352404132168f,-0.007286443992386732f,0.6719780245216987f,0.2395420882493056f,-0.2600257742483809f,0.925160440672605f,-0.2765226134351433f,0.6705510729952193f,-0.6196726187533778f,-0.3795063461240371f,-0.687008572594923f,-0.17776482713716318f,0f,0f,0f,1f], start_interpolation: 0, interpolation_duration: 1 }
$data merge entity $(bone_leg_right_3) { transformation: [-0.7502561977718258f,-0.0017232907430576316f,0.6611449674420715f,-0.2429860550444233f,0.016837236689011742f,0.9996224736520919f,0.021712153977693105f,0.04041789237978399f,-0.660932784151037f,0.02742153239131173f,-0.7499439408353609f,-0.5231925060906878f,0f,0f,0f,1f], start_interpolation: 0, interpolation_duration: 1 }
$data merge entity $(bone_leg_right_2) { transformation: [-0.7999972099819687f,0.41234312562526193f,0.4919754163282446f,-0.1304241288687345f,0.3020527651117916f,0.935444321319165f,-0.29286558060096785f,0.2489491491506643f,-0.5664192710440571f,-0.08354201315512147f,-0.8510300470186719f,-0.5680879378314738f,0f,0f,0f,1f], start_interpolation: 0, interpolation_duration: 1 }
$data merge entity $(bone_leg_right_1) { transformation: [-0.935852821760462f,-0.3522903050834838f,-0.00842834189901659f,-0.2443214818932147f,-0.06410948251876625f,0.14668981492888294f,0.9871028682195722f,0.23517117290272715f,-0.3465104186805308f,0.9243233412287694f,-0.15986522637999545f,-0.3154004905684691f,0f,0f,0f,1f], start_interpolation: 0, interpolation_duration: 1 }
$data merge entity $(bone_leg_right_0) { transformation: [-0.9291398346302315f,0.14719967926221086f,0.33916282539277237f,-0.10609976259589823f,-0.01087072217336102f,0.9060565221337479f,-0.42301702814228054f,0.6266186402915223f,-0.3695686608774282f,-0.39672891642026753f,-0.8402530403237258f,-0.3597954807570604f,0f,0f,0f,1f], start_interpolation: 0, interpolation_duration: 1 }
$data merge entity $(bone_tail_4) { transformation: [0.06634229491329874f,-1.0296627766307906f,2.5614555623564126f,1.1670986809965191f,-2.5268098067939957f,1.0093870996801735f,0.4712018833673556f,0.9092993432658728f,-1.1119767226859265f,-2.3551207147448348f,-0.9179191243156711f,-1.5983917445018987f,0f,0f,0f,1f], start_interpolation: 0, interpolation_duration: 1 }
$data merge entity $(bone_tail_3) { transformation: [-0.7828076473306076f,-0.7815290296236828f,1.7641910580151536f,0.8756049468035407f,-1.061261587213182f,1.7644042737571712f,0.310720015926934f,0.8393466299629292f,-1.611484271356976f,-0.7823269525251831f,-1.061615989219351f,-1.4107252204158085f,0f,0f,0f,1f], start_interpolation: 0, interpolation_duration: 1 }
$data merge entity $(bone_tail_2) { transformation: [-1.4964145328214773f,-0.511694822558198f,1.147904974085656f,0.6609836437970655f,-0.5974050945393562f,1.8599327480758026f,0.050311039110662724f,0.8299947458394633f,-1.1057235522416442f,-0.31239791325344335f,-1.5806823984645972f,-1.1177717727005023f,0f,0f,0f,1f], start_interpolation: 0, interpolation_duration: 1 }
$data merge entity $(bone_tail_1) { transformation: [-1.0387698534162308f,0.1582868903539106f,1.0879148413252353f,0.4259340256510504f,0.24710035510653314f,1.49205976832885f,0.018849727867653324f,0.8074635326895105f,-1.0712398686287998f,0.19068077531976965f,-1.0505913743142972f,-0.8930036734465557f,0f,0f,0f,1f], start_interpolation: 0, interpolation_duration: 1 }
$data merge entity $(bone_tail_0) { transformation: [-1.0781839191214417f,-0.13674673801655568f,0.6727967618633336f,0.2260272322016988f,0.09659986957409777f,1.2099273444764789f,0.4007243477384309f,0.7195602666985849f,-0.6797231924322011f,0.3888597013242117f,-1.0102476087276078f,-0.5884019645516316f,0f,0f,0f,1f], start_interpolation: 0, interpolation_duration: 1 }
$data merge entity $(bone_body_1) { transformation: [-1.0870826708339514f,-0.242695640187846f,0.5366140960341841f,0.11761924529479828f,-0.13817246425160573f,1.2001674004745106f,0.26289004548887845f,0.5776022222222222f,-0.572506971094162f,0.17117719511756654f,-1.0823764275780035f,-0.3482946056675867f,0f,0f,0f,1f], start_interpolation: 0, interpolation_duration: 1 }