# This file was generated by Animated Java via MC-Build. It is not recommended to edit this file directly.
$data merge entity $(bone_head_lower) { transformation: [-0.9216141161439682f,-0.35860665957798127f,-0.14842063411296316f,-0.1612027201571214f,-0.38785283732185516f,0.8648526434395931f,0.3187476771945719f,0.2220859286019047f,0.014056937986590745f,0.35132772284844027f,-0.9361470149781874f,0.48100977533970657f,0f,0f,0f,1f], start_interpolation: 0, interpolation_duration: 1 }
$data merge entity $(bone_head_upper) { transformation: [-0.9593077494883748f,-0.14193513746424324f,-0.37822612430669417f,-0.19076154527594585f,-0.40371585676297017f,0.3721202152654204f,0.8843144208778152f,0.2912787711518008f,0.014631860893184814f,0.9616927288522726f,-0.39800118907231746f,0.47517172007644376f,0f,0f,0f,1f], start_interpolation: 0, interpolation_duration: 1 }
$data merge entity $(bone_neck_0) { transformation: [-0.744835805082899f,-0.5094317172050316f,0.43092800903636125f,-0.1543872251974129f,-0.09203401596433142f,0.7180930609795656f,0.6898348321725103f,0.3242585265276065f,-0.660870156212237f,0.47415364733230836f,-0.5817464699931425f,0.43007204348698985f,0f,0f,0f,1f], start_interpolation: 0, interpolation_duration: 1 }
$data merge entity $(bone_neck_1) { transformation: [-0.7421963675940786f,-0.34332655180484134f,0.5755618392110033f,-0.10721124567544724f,0.05198458580502362f,0.8267333736415525f,0.5601870506767693f,0.3755223794856639f,-0.6681632695448286f,0.44568913800209997f,-0.5957508182941167f,0.3816573640956215f,0f,0f,0f,1f], start_interpolation: 0, interpolation_duration: 1 }
$data merge entity $(bone_neck_2) { transformation: [-0.9048913867955194f,-0.037244238483761315f,0.42400995837721345f,-0.07042943761932055f,0.1357802403809463f,0.9188611283265202f,0.37048340471957275f,0.4169757290991558f,-0.40340464105581875f,0.392819415953793f,-0.8264124890297501f,0.31310337955727024f,0f,0f,0f,1f], start_interpolation: 0, interpolation_duration: 1 }
$data merge entity $(bone_body_0) { transformation: [-0.9840529686193262f,0.05312833817227486f,0.1697561033793592f,0.010082091149497388f,0.0859077746237811f,0.9776216313026831f,0.19203072740650268f,0.5167921588758099f,-0.1557549652841954f,0.20355177644062283f,-0.9665956057717134f,-0.14051041959909916f,0f,0f,0f,1f], start_interpolation: 0, interpolation_duration: 1 }
$data merge entity $(bone_leg_left_3) { transformation: [-0.921395431597302f,-0.10106734356441216f,0.3752543813154679f,0.5532705991663115f,-0.09573026856998423f,0.9948637310521564f,0.03289182750321751f,0.05382860490555752f,-0.37665126351990413f,-0.005616823107041868f,-0.9263381007963799f,-0.07769545936568961f,0f,0f,0f,1f], start_interpolation: 0, interpolation_duration: 1 }
$data merge entity $(bone_leg_left_2) { transformation: [-0.8681779635469441f,-0.18173205235274165f,0.5150754160895623f,0.5254803866337007f,-0.42029026222784976f,0.840029584131785f,-0.4120298445022156f,0.23625268438135696f,-0.3488342279487791f,-0.5598088588364202f,-0.7854876972176832f,-0.2330023535488364f,0f,0f,0f,1f], start_interpolation: 0, interpolation_duration: 1 }
$data merge entity $(bone_leg_left_1) { transformation: [-0.8051149271442426f,-0.5600315367885697f,0.19533210665877193f,0.3790120036028968f,-0.09976584830112359f,0.45250820439111017f,0.8861620057706661f,0.31417321217705196f,-0.5846680507794814f,0.6939747853927878f,-0.42019313135361414f,-0.010541593458101184f,0f,0f,0f,1f], start_interpolation: 0, interpolation_duration: 1 }
$data merge entity $(bone_leg_left_0) { transformation: [-0.7245233070033011f,-0.0011520723322783477f,0.6892493382937277f,0.23820605826854396f,-0.26317231897247495f,0.9246961552208726f,-0.27509516725378114f,0.6690329154298403f,-0.637029283577804f,-0.38070420702833996f,-0.6702671099011741f,-0.1795254842000748f,0f,0f,0f,1f], start_interpolation: 0, interpolation_duration: 1 }
$data merge entity $(bone_leg_right_3) { transformation: [-0.7334753118936415f,-0.003675881761093791f,0.6797061532278514f,-0.23708275554843025f,0.014164930022771575f,0.9996855523854449f,0.02069181261410774f,0.03775639146590984f,-0.679568481905963f,0.024804923807297097f,-0.733192603723564f,-0.5341582249682038f,0f,0f,0f,1f], start_interpolation: 0, interpolation_duration: 1 }
$data merge entity $(bone_leg_right_2) { transformation: [-0.7861784237146482f,0.4147076254033444f,0.5118625509046003f,-0.12337650453699053f,0.30004257925909056f,0.9349091918817243f,-0.29661667698783734f,0.24605010322056436f,-0.5864811473677545f,-0.07761821866079009f,-0.8379006357646607f,-0.5772359476379079f,0f,0f,0f,1f], start_interpolation: 0, interpolation_duration: 1 }
$data merge entity $(bone_leg_right_1) { transformation: [-0.9283749259727331f,-0.3716288930323908f,-0.003458711991796967f,-0.24264219114218466f,-0.06450984123841408f,0.151974381294816f,0.9862769731740939f,0.23374360749353207f,-0.36600338414899514f,0.9158579329205911f,-0.1650629258734539f,-0.32696083536887344f,0f,0f,0f,1f], start_interpolation: 0, interpolation_duration: 1 }
$data merge entity $(bone_leg_right_0) { transformation: [-0.921190161131192f,0.15531174525740823f,0.3567729653717983f,-0.10359333980532319f,-0.011284018261804179f,0.9058402325993044f,-0.42346917707940157f,0.6251910165921011f,-0.3889490428924536f,-0.3941214721244407f,-0.8326985692575124f,-0.3686935733136817f,0f,0f,0f,1f], start_interpolation: 0, interpolation_duration: 1 }
$data merge entity $(bone_tail_4) { transformation: [-0.14571112892565966f,-1.3743780841980398f,2.3907142196806666f,1.1013898151546901f,-2.564867258575058f,0.9468702403656234f,0.3880129191143204f,0.8904065950458581f,-1.0128600813522464f,-2.200041581694781f,-1.326496447796618f,-1.6762807012675847f,0f,0f,0f,1f], start_interpolation: 0, interpolation_duration: 1 }
$data merge entity $(bone_tail_3) { transformation: [-0.9928682105263983f,-0.880300376321643f,1.6047521584402142f,0.8378975815734566f,-1.1182064122261481f,1.7370709342903987f,0.2610450438990408f,0.8291443994886958f,-1.4490592335121701f,-0.7372932542319237f,-1.3009886706200269f,-1.448466106316659f,0f,0f,0f,1f], start_interpolation: 0, interpolation_duration: 1 }
$data merge entity $(bone_tail_2) { transformation: [-1.5819931005149812f,-0.5438238562069282f,1.0101125275661123f,0.6488206675774995f,-0.6195670892506823f,1.853149203462702f,0.02735921464091131f,0.8240412076641037f,-0.9655093613441613f,-0.2981065549909238f,-1.6726320665439272f,-1.1383123347837185f,0f,0f,0f,1f], start_interpolation: 0, interpolation_duration: 1 }
$data merge entity $(bone_tail_1) { transformation: [-1.1051061083542366f,0.14054986793281185f,1.0230554598369652f,0.42800825725973424f,0.20904450317580356f,1.4978502496315755f,0.02003185889050024f,0.8012211879466724f,-1.011284893079164f,0.15603401649222726f,-1.1138278595578255f,-0.8995702079007928f,0f,0f,0f,1f], start_interpolation: 0, interpolation_duration: 1 }
$data merge entity $(bone_tail_0) { transformation: [-1.089171369854838f,-0.13438840841133298f,0.655348151257965f,0.23325726406708247f,0.08190402460085403f,1.2159522636149827f,0.38547054355399224f,0.7179208301010975f,-0.6639526899009796f,0.3704531885114451f,-1.0275052200738373f,-0.5903696058087915f,0f,0f,0f,1f], start_interpolation: 0, interpolation_duration: 1 }
$data merge entity $(bone_body_1) { transformation: [-1.0749977227554601f,-0.2456864500804368f,0.5591266934905704f,0.11981686587336222f,-0.13788772501483332f,1.2003232803325603f,0.2623272632384318f,0.576083125f,-0.5949550120950818f,0.16573106526781523f,-1.0710585150421923f,-0.35252666755681084f,0f,0f,0f,1f], start_interpolation: 0, interpolation_duration: 1 }