# This file was generated by Animated Java via MC-Build. It is not recommended to edit this file directly.
$data merge entity $(bone_head_lower) { transformation: [-0.9578945944858499f,-0.2699412138846659f,-0.09782477652037981f,-0.22068638452228123f,-0.28696202333106496f,0.9113902658994621f,0.2949925090395499f,0.23246665141714334f,0.00952591310744516f,0.3106437256250006f,-0.9504786860889038f,0.4676957270816094f,0f,0f,0f,1f], start_interpolation: 0, interpolation_duration: 1 }
$data merge entity $(bone_head_upper) { transformation: [-0.9970720842775735f,-0.1228977037743918f,-0.27242495433580294f,-0.2425357983073147f,-0.2986986505177958f,0.44126693810071255f,0.8941669576212132f,0.3039239736211846f,0.009915518984409207f,0.9346933113752934f,-0.4579541884698361f,0.45711694111746926f,0f,0f,0f,1f], start_interpolation: 0, interpolation_duration: 1 }
$data merge entity $(bone_neck_0) { transformation: [-0.6904871272317061f,-0.5344414144681964f,0.48744220337239896f,-0.2021187715956663f,-0.09925602339003825f,0.7375022556805746f,0.6680109764718394f,0.3351798435565675f,-0.7165024556469446f,0.41287140536406475f,-0.5622823433868438f,0.41428855332771913f,0f,0f,0f,1f], start_interpolation: 0, interpolation_duration: 1 }
$data merge entity $(bone_neck_1) { transformation: [-0.6899093661870215f,-0.36908350258776784f,0.6227378538076577f,-0.15106502350481052f,0.0401033088819399f,0.8394509101698112f,0.5419537748109107f,0.3849576868381345f,-0.7227840556239065f,0.39887283378618393f,-0.5643435756728673f,0.36831880274494533f,0f,0f,0f,1f], start_interpolation: 0, interpolation_duration: 1 }
$data merge entity $(bone_neck_2) { transformation: [-0.8743275156123215f,-0.06462274661900305f,0.48101486054237663f,-0.1095572111884609f,0.12683356896823084f,0.9262310171609146f,0.35497795513501756f,0.42512479859501673f,-0.4684705339997031f,0.3713758250996875f,-0.8016329305271582f,0.30172574722140394f,0f,0f,0f,1f], start_interpolation: 0, interpolation_duration: 1 }
$data merge entity $(bone_body_0) { transformation: [-0.9679968250249551f,0.03882957548821943f,0.24794033719629238f,0.007666040199381857f,0.08357599243329801f,0.9814414412879532f,0.17259128254756828f,0.5158158793724454f,-0.2366372756570609f,0.18778967327845772f,-0.9532774194218462f,-0.14576139438672042f,0f,0f,0f,1f], start_interpolation: 0, interpolation_duration: 1 }
$data merge entity $(bone_leg_left_3) { transformation: [-0.9097366161209809f,-0.10809202039127824f,0.4008683130611331f,0.5492273615116018f,-0.10424797306980688f,0.9940536541669615f,0.031459382513776835f,0.05198832509117343f,-0.40188511965434137f,-0.013169956911197045f,-0.9155953816153581f,-0.0696622515189445f,0f,0f,0f,1f], start_interpolation: 0, interpolation_duration: 1 }
$data merge entity $(bone_leg_left_2) { transformation: [-0.8575045880156067f,-0.1672518962052541f,0.5373777854067155f,0.5255182539029364f,-0.42134459419620335f,0.8400595282208865f,-0.4108904008219625f,0.23445296273638352f,-0.3731176945341994f,-0.564259684685822f,-0.7710099829213857f,-0.22559687336867532f,0f,0f,0f,1f], start_interpolation: 0, interpolation_duration: 1 }
$data merge entity $(bone_leg_left_1) { transformation: [-0.7883479684789518f,-0.5798217359409473f,0.2057042418754076f,0.3727894685886032f,-0.10060888181287901f,0.45135207272171973f,0.8866561674911924f,0.3120499867413521f,-0.606947554155606f,0.6782979146217638f,-0.4141577061027528f,-0.007271415252251584f,0f,0f,0f,1f], start_interpolation: 0, interpolation_duration: 1 }
$data merge entity $(bone_leg_left_0) { transformation: [-0.7083501585851101f,0.010686552004819189f,0.7057803131560825f,0.23716657019244022f,-0.26188101252794643f,0.924543963820954f,-0.276833513577341f,0.6671415944236184f,-0.65548332405164f,-0.38092552627578863f,-0.6521022583320244f,-0.17996669066157076f,0f,0f,0f,1f], start_interpolation: 0, interpolation_duration: 1 }
$data merge entity $(bone_leg_right_3) { transformation: [-0.714340369322296f,-0.00460934221063744f,0.6997832455274069f,-0.23066170126430682f,0.012894120000863221f,0.999721853633633f,0.019747329863460616f,0.035471498007291935f,-0.6996796255615059f,0.023129404050217628f,-0.7140822447326307f,-0.5436664066758602f,0f,0f,0f,1f], start_interpolation: 0, interpolation_duration: 1 }
$data merge entity $(bone_leg_right_2) { transformation: [-0.770996574892016f,0.4156736791850729f,0.5337057929592105f,-0.11607876329132186f,0.2969142085621397f,0.9350437147456471f,-0.2993282542114492f,0.24371762025085256f,-0.6078391512229142f,-0.0705042087261513f,-0.8231785482464912f,-0.5845977511689833f,0f,0f,0f,1f], start_interpolation: 0, interpolation_duration: 1 }
$data merge entity $(bone_leg_right_1) { transformation: [-0.9204530077136879f,-0.39084507680017905f,0.0025271588569164283f,-0.2407245847099536f,-0.06518932428767585f,0.15989176645553682f,0.9849796825410384f,0.2336173017544363f,-0.385378531563114f,0.906462767553522f,-0.17265178380042182f,-0.33685839533525386f,0f,0f,0f,1f], start_interpolation: 0, interpolation_duration: 1 }
$data merge entity $(bone_leg_right_0) { transformation: [-0.9128099261766345f,0.16318038021465553f,0.3743664009849277f,-0.10099288423311006f,-0.011977800323700813f,0.9056084504338966f,-0.4239455941534506f,0.625093158912241f,-0.40820897953476315f,-0.3914658325010208f,-0.8246938407745448f,-0.37596061661314134f,0f,0f,0f,1f], start_interpolation: 0, interpolation_duration: 1 }
$data merge entity $(bone_tail_4) { transformation: [-0.40958465449963327f,-1.7093697055620376f,2.1297786157498084f,1.0184185031891309f,-2.5908236491893817f,0.924132051136387f,0.24346273321285325f,0.8644575858522631f,-0.8634434325417234f,-1.9620643448595687f,-1.7408131080134246f,-1.752583689040487f,0f,0f,0f,1f], start_interpolation: 0, interpolation_duration: 1 }
$data merge entity $(bone_tail_3) { transformation: [-1.217093748715247f,-0.9602848132779869f,1.39013719116869f,0.7920997476567959f,-1.1541760066473927f,1.7237567008599999f,0.1802390300799819f,0.8170273943497163f,-1.2338987310805494f,-0.6651777504339396f,-1.53979804124109f,-1.4849815566441014f,0f,0f,0f,1f], start_interpolation: 0, interpolation_duration: 1 }
$data merge entity $(bone_tail_2) { transformation: [-1.669152393602344f,-0.5620296585386082f,0.8466562613347391f,0.6333402149161758f,-0.6248351941089182f,1.8515797200715631f,-0.0027194531360624414f,0.8175114922321097f,-0.8014269412349528f,-0.2730367706838482f,-1.7612324249570526f,-1.1582298766448076f,0f,0f,0f,1f], start_interpolation: 0, interpolation_duration: 1 }
$data merge entity $(bone_tail_1) { transformation: [-1.1737131635273175f,0.1281782751169737f,0.9453168725621768f,0.42947305644291267f,0.1784033109610583f,1.501835282368658f,0.01786877921922706f,0.7951375039520112f,-0.9371370862370293f,0.12536891329468772f,-1.1805562109355405f,-0.9048245425586688f,0f,0f,0f,1f], start_interpolation: 0, interpolation_duration: 1 }
$data merge entity $(bone_tail_0) { transformation: [-1.1014827753904028f,-0.1275430268659463f,0.6358491868361207f,0.24058530510308906f,0.07161879064764458f,1.22166304242495f,0.369114990461254f,0.7167544301241f,-0.6445480284109572f,0.35370595648775166f,-1.0456030087947628f,-0.5907394865119756f,0f,0f,0f,1f], start_interpolation: 0, interpolation_duration: 1 }
$data merge entity $(bone_body_1) { transformation: [-1.0635496887479419f,-0.24381058915967893f,0.5813974984758848f,0.12184090416951932f,-0.13224708023152146f,1.2010821271307885f,0.2617575762293575f,0.5749980555555556f,-0.6164230401198869f,0.16298072142692413f,-1.059275467056972f,-0.35545068668686397f,0f,0f,0f,1f], start_interpolation: 0, interpolation_duration: 1 }