# This file was generated by Animated Java via MC-Build. It is not recommended to edit this file directly.
$data merge entity $(bone_head_lower) { transformation: [-0.9835106693358666f,-0.1737167967103356f,-0.05029152854324383f,-0.27664669641640716f,-0.18084069439617237f,0.9418305972707768f,0.2832874322925075f,0.2441970751295586f,-0.0018456849206066606f,0.28771096709244803f,-0.9577155072681565f,0.4522736334329227f,0f,0f,0f,1f], start_interpolation: 0, interpolation_duration: 1 }
$data merge entity $(bone_head_upper) { transformation: [-1.0237358459155914f,-0.09280137854952995f,-0.16378267463411014f,-0.2903390698262093f,-0.1882370034466865f,0.4954096510888782f,0.8958839493622571f,0.31702281298364565f,-0.0019211726648240895f,0.9107299952954279f,-0.5040229432756897f,0.4379772245058109f,0f,0f,0f,1f], start_interpolation: 0, interpolation_duration: 1 }
$data merge entity $(bone_neck_0) { transformation: [-0.6432788976675317f,-0.5372640763868817f,0.5454718801549686f,-0.24613917247190253f,-0.09430122733644368f,0.7626206088653643f,0.6399352197345145f,0.346053932858773f,-0.7598023021408172f,0.3602181549533171f,-0.5412424064165173f,0.39737797073235315f,0f,0f,0f,1f], start_interpolation: 0, interpolation_duration: 1 }
$data merge entity $(bone_neck_1) { transformation: [-0.6420065775603401f,-0.380457195590044f,0.6656424540945522f,-0.19150323879581788f,0.032547018987302695f,0.8538858572590597f,0.5194416563272537f,0.393991204230091f,-0.7660079933814654f,0.35514963761310475f,-0.5358175892773411f,0.35362331830148197f,0f,0f,0f,1f], start_interpolation: 0, interpolation_duration: 1 }
$data merge entity $(bone_neck_2) { transformation: [-0.8427438330152638f,-0.08869797530033058f,0.5309571556089654f,-0.1458558184002302f,0.1166448317532433f,0.9328097209615087f,0.3409692181194216f,0.43299545518077703f,-0.5255252754530447f,0.3492831139023673f,-0.7757734793112403f,0.28907944319977286f,0f,0f,0f,1f], start_interpolation: 0, interpolation_duration: 1 }
$data merge entity $(bone_body_0) { transformation: [-0.9473910806745367f,0.026252709260358047f,0.3189998989260412f,0.004737727585583509f,0.0793085683127577f,0.9848060136096807f,0.15449034452155933f,0.5151876835021452f,-0.31009722870498857f,0.17166219972580032f,-0.935078498274228f,-0.14998424946236433f,0f,0f,0f,1f], start_interpolation: 0, interpolation_duration: 1 }
$data merge entity $(bone_leg_left_3) { transformation: [-0.8974985486871675f,-0.11093785489041089f,0.42683620682498574f,0.5418354714805622f,-0.10902866491060134f,0.9936156127066685f,0.02899593787696092f,0.04871643499755224f,-0.4273278663184036f,-0.02051356960323797f,-0.903863976563893f,-0.06183959834406397f,0f,0f,0f,1f], start_interpolation: 0, interpolation_duration: 1 }
$data merge entity $(bone_leg_left_2) { transformation: [-0.8473532456293167f,-0.14996256546916686f,0.558180889658597f,0.5228151394368992f,-0.41822779792790155f,0.8427938150210265f,-0.40846822875638394f,0.2318981222219771f,-0.39892378427781844f,-0.5650416036195077f,-0.7573968576758515f,-0.21757581282411814f,0f,0f,0f,1f], start_interpolation: 0, interpolation_duration: 1 }
$data merge entity $(bone_leg_left_1) { transformation: [-0.7711310669840212f,-0.5979357058398052f,0.2187001811017513f,0.36413321332697757f,-0.09659933146659547f,0.4494062378157563f,0.8880892987602628f,0.3088106630809518f,-0.6293055273015575f,0.6637069572440399f,-0.404311301120271f,-0.003291205247121287f,0f,0f,0f,1f], start_interpolation: 0, interpolation_duration: 1 }
$data merge entity $(bone_leg_left_0) { transformation: [-0.6932365076625603f,0.02784857913826566f,0.720171924670628f,0.23583446663148286f,-0.2554606519345153f,0.9248792118838679f,-0.28167055000171415f,0.6651741964854283f,-0.6739161667128999f,-0.3792398977758741f,-0.6340458186739624f,-0.17893784546632652f,0f,0f,0f,1f], start_interpolation: 0, interpolation_duration: 1 }
$data merge entity $(bone_leg_right_3) { transformation: [-0.6947821101039083f,-0.004017934871186402f,0.7192090625672978f,-0.2237553582473547f,0.014524402068399597f,0.9997020820138887f,0.01961603837810566f,0.03443466489997671f,-0.7190736132164187f,0.024074954132183968f,-0.694516763915326f,-0.5527178069215019f,0f,0f,0f,1f], start_interpolation: 0, interpolation_duration: 1 }
$data merge entity $(bone_leg_right_2) { transformation: [-0.7553840990531849f,0.4151095322243282f,0.5560046210732439f,-0.10863900929967985f,0.2946062833498756f,0.9360148060904457f,-0.29857263788051963f,0.24293407952023904f,-0.6282230497276226f,-0.06018769422945569f,-0.8085638136566341f,-0.590761102966675f,0f,0f,0f,1f], start_interpolation: 0, interpolation_duration: 1 }
$data merge entity $(bone_leg_right_1) { transformation: [-0.9116232185221609f,-0.4109450661862441f,0.008201221157838348f,-0.2388704499261769f,-0.06574597391147771f,0.1654861264473817f,0.9840181953947156f,0.2343934814573574f,-0.40573461075649875f,0.8965146370978136f,-0.17787897881325848f,-0.345852516516871f,0f,0f,0f,1f], start_interpolation: 0, interpolation_duration: 1 }
$data merge entity $(bone_leg_right_0) { transformation: [-0.9034973816144991f,0.17145303417383206f,0.39280572613994674f,-0.0984745348964104f,-0.012539732817732092f,0.9055321837752796f,-0.4240922296482608f,0.6259166699440233f,-0.4284101265336802f,-0.3880918979053285f,-0.8159959817692951f,-0.3819891805112454f,0f,0f,0f,1f], start_interpolation: 0, interpolation_duration: 1 }
$data merge entity $(bone_tail_4) { transformation: [-0.6904167011801845f,-2.0033009745192207f,1.770810920403929f,0.9209183200104918f,-2.5940626240419786f,0.9450736315279826f,0.05776041151994868f,0.8350654097901622f,-0.6479392046171573f,-1.6490246717623265f,-2.118148661128212f,-1.8196438162442672f,0f,0f,0f,1f], start_interpolation: 0, interpolation_duration: 1 }
$data merge entity $(bone_tail_3) { transformation: [-1.428579368819356f,-1.0188605172966845f,1.1211733850400063f,0.7407790959242908f,-1.166180673998354f,1.7232407483777423f,0.0800592578513352f,0.8046270546016125f,-0.9670207591468127f,-0.5729835036620987f,-1.7528566062158852f,-1.5168170177045692f,0f,0f,0f,1f], start_interpolation: 0, interpolation_duration: 1 }
$data merge entity $(bone_tail_2) { transformation: [-1.74759011439192f,-0.5686371888068353f,0.6643451020277574f,0.615851236845494f,-0.6168006352549367f,1.8539304476078278f,-0.03567557686318326f,0.8112441243810341f,-0.6198867988846981f,-0.24159370426663396f,-1.8374293765013074f,-1.1757587699188528f,0f,0f,0f,1f], start_interpolation: 0, interpolation_duration: 1 }
$data merge entity $(bone_tail_1) { transformation: [-1.2398196700706112f,0.1182359066381171f,0.8582095933322255f,0.43091328448686783f,0.1534925867326871f,1.5046220182200172f,0.014451923942181135f,0.7895951392736503f,-0.852609794410145f,0.09893989422363737f,-1.2453608656959259f,-0.9081658846994454f,0f,0f,0f,1f], start_interpolation: 0, interpolation_duration: 1 }
$data merge entity $(bone_tail_0) { transformation: [-1.1136114846538994f,-0.11923070520749052f,0.6160269610712588f,0.2480186393556475f,0.06374455917435203f,1.226936135763972f,0.3527039360657415f,0.7161350061039614f,-0.6242129516492213f,0.3380051394229438f,-1.0629893853190964f,-0.5893790140196795f,0f,0f,0f,1f], start_interpolation: 0, interpolation_duration: 1 }
$data merge entity $(bone_body_1) { transformation: [-1.0514395793683347f,-0.2396075823466676f,0.6047045662767683f,0.12357256930291731f,-0.12346935620963875f,1.2020474547205893f,0.2616138943809757f,0.5743470138888889f,-0.6386193890504475f,0.1620947813410039f,-1.0461812237117885f,-0.3570747679993351f,0f,0f,0f,1f], start_interpolation: 0, interpolation_duration: 1 }