# This file was generated by Animated Java via MC-Build. It is not recommended to edit this file directly.
$data merge entity $(bone_head_lower) { transformation: [-0.9911993346610773f,0.12296360547464091f,0.04902887614574416f,-0.36721879994839984f,0.13229427274687883f,0.906974213909235f,0.39986997974604116f,0.26786837776859784f,0.0047015280295052975f,0.40283709738851237f,-0.915259618142189f,0.4291414177939666f,0f,0f,0f,1f], start_interpolation: 0, interpolation_duration: 1 }
$data merge entity $(bone_head_upper) { transformation: [-1.0317389744489927f,0.0697084551788198f,0.11885858178116813f,-0.35777999880639294f,0.13770505337961253f,0.4897347470846729f,0.9081129546235623f,0.34151090429469677f,0.004893818566942053f,0.915845266056445f,-0.4946467848529292f,0.41560835414779496f,0f,0f,0f,1f], start_interpolation: 0, interpolation_duration: 1 }
$data merge entity $(bone_neck_0) { transformation: [-0.6722061593992694f,-0.29840357958453134f,0.6775648920633526f,-0.3089065262327793f,0.13456525138730355f,0.8506911151674491f,0.508150390823655f,0.36051706810547396f,-0.7280323292167428f,0.43275851264452303f,-0.5316850546601288f,0.37443936496793984f,0f,0f,0f,1f], start_interpolation: 0, interpolation_duration: 1 }
$data merge entity $(bone_neck_1) { transformation: [-0.6401975474869309f,-0.26180613066994257f,0.7222220227432505f,-0.2489309498606076f,0.10938613252405084f,0.8994895398819365f,0.42302865346736584f,0.4004969831792802f,-0.7603826498567348f,0.34982298035808757f,-0.5472130373174923f,0.32969482927867066f,0f,0f,0f,1f], start_interpolation: 0, interpolation_duration: 1 }
$data merge entity $(bone_neck_2) { transformation: [-0.8082820660354618f,-0.11625030410969009f,0.5772053088112152f,-0.19950159890260297f,0.10451328902637089f,0.9364212845656312f,0.3349509669031324f,0.4390093496514468f,-0.5794454884994238f,0.3310604848163816f,-0.7447428289354697f,0.26769106095186185f,0f,0f,0f,1f], start_interpolation: 0, interpolation_duration: 1 }
$data merge entity $(bone_body_0) { transformation: [-0.9119964442235418f,0.009652946821819074f,0.410084511218446f,-0.006138350197605086f,0.07451639197794671f,0.986987851096619f,0.14248610147753754f,0.5155648079714388f,-0.40337301973509043f,0.16050483608082736f,-0.9008487134610678f,-0.15534655032494887f,0f,0f,0f,1f], start_interpolation: 0, interpolation_duration: 1 }
$data merge entity $(bone_leg_left_3) { transformation: [-0.870281700025542f,-0.07993797101375641f,0.48602436501769813f,0.5072621546881494f,-0.0858483810374344f,0.9962566497080891f,0.010136241200066176f,0.04066698179863476f,-0.48501527612427286f,-0.03290301965805398f,-0.8738864761646545f,-0.04394987727546462f,0f,0f,0f,1f], start_interpolation: 0, interpolation_duration: 1 }
$data merge entity $(bone_leg_left_2) { transformation: [-0.8254467532859419f,-0.10574360776868962f,0.5995983208836175f,0.49986316687700116f,-0.3941324380363241f,0.8627144980220067f,-0.3904427175539006f,0.22908660135999157f,-0.46406839827544333f,-0.5446137932694998f,-0.7349139659874249f,-0.19433064070529865f,0f,0f,0f,1f], start_interpolation: 0, interpolation_duration: 1 }
$data merge entity $(bone_leg_left_1) { transformation: [-0.7317003081389483f,-0.6330425190090214f,0.25272876408529577f,0.3290537800760301f,-0.06611037692440158f,0.4349337834726493f,0.898032305686761f,0.3009328822517324f,-0.6784129104994114f,0.6403825209364158f,-0.360091862927835f,0.012250217465217539f,0f,0f,0f,1f], start_interpolation: 0, interpolation_duration: 1 }
$data merge entity $(bone_leg_left_0) { transformation: [-0.6631340314258453f,0.09258688000443074f,0.7427522642280879f,0.22783539776674216f,-0.22157728042972905f,0.9235611336233994f,-0.31295102054095736f,0.663265131297267f,-0.7149522817379295f,-0.37210549863084075f,-0.5919296687330529f,-0.16879524353490982f,0f,0f,0f,1f], start_interpolation: 0, interpolation_duration: 1 }
$data merge entity $(bone_leg_right_3) { transformation: [-0.6568333024652724f,-0.005147145109158202f,0.7540182488970604f,-0.19659058055697654f,0.022585685432383526f,0.9993937199722527f,0.026496778928225356f,0.03568441189226457f,-0.7536974854582663f,0.03443398578798418f,-0.656318825752118f,-0.567760382884425f,0f,0f,0f,1f], start_interpolation: 0, interpolation_duration: 1 }
$data merge entity $(bone_leg_right_2) { transformation: [-0.7257699296052676f,0.3904375171290943f,0.6106379893189806f,-0.08558276949638649f,0.28085124430299124f,0.9481387855712586f,-0.27242911255887065f,0.24783919982792996f,-0.6681637429215395f,-0.025565367476739456f,-0.7777954899146384f,-0.5967204226897288f,0f,0f,0f,1f], start_interpolation: 0, interpolation_duration: 1 }
$data merge entity $(bone_leg_right_1) { transformation: [-0.8833251329599902f,-0.46875706247689086f,-0.0018777271505987791f,-0.23042179920767075f,-0.08415265702017426f,0.15463395250696443f,0.9843813646389888f,0.23596456350275435f,-0.46114535647413935f,0.8696868155319533f,-0.17603920896274536f,-0.36030123111636236f,0f,0f,0f,1f], start_interpolation: 0, interpolation_duration: 1 }
$data merge entity $(bone_leg_right_0) { transformation: [-0.8745629513736796f,0.18235056666860347f,0.4493193907680798f,-0.09371209322205509f,-0.03108756216991043f,0.9036094268822367f,-0.42722776961228515f,0.6291447281441269f,-0.4839144630643842f,-0.38760582359556334f,-0.7845944926851793f,-0.39234952258974376f,0f,0f,0f,1f], start_interpolation: 0, interpolation_duration: 1 }
$data merge entity $(bone_tail_4) { transformation: [-1.2832149516412592f,-2.4335918956421048f,0.23801513596700075f,0.5677222573072613f,-2.4131668708680736f,1.2170192385007366f,-0.5667020011115887f,0.7417489299465578f,0.39452043398170394f,-0.4713342658710028f,-2.6921847946578135f,-1.926333240854337f,0f,0f,0f,1f], start_interpolation: 0, interpolation_duration: 1 }
$data merge entity $(bone_tail_3) { transformation: [-1.7816867711676625f,-1.074151912470254f,0.08795137535644335f,0.5633203739545625f,-1.0763259391986766f,1.7646811014357846f,-0.25173122350618055f,0.7671644529804931f,0.05531950920499823f,-0.26085207535368937f,-2.0651492616102685f,-1.573607599531472f,0f,0f,0f,1f], start_interpolation: 0, interpolation_duration: 1 }
$data merge entity $(bone_tail_2) { transformation: [-1.8715446931913065f,-0.5587908541526074f,0.062025137691385644f,0.550273166068484f,-0.561931616620541f,1.8660938797888367f,-0.14387621436376835f,0.7939392518917351f,-0.01808852211932346f,-0.15562868672845367f,-1.9478774068810114f,-1.2115518517815147f,0f,0f,0f,1f], start_interpolation: 0, interpolation_duration: 1 }
$data merge entity $(bone_tail_1) { transformation: [-1.4022072100456164f,0.0763647312108187f,0.5618181359863604f,0.4297823208408385f,0.08170145107319939f,1.5102911115086954f,-0.0013716378398283891f,0.7756946091607534f,-0.561066897070771f,0.029076387755865796f,-1.4042844265626704f,-0.9091849120761718f,0f,0f,0f,1f], start_interpolation: 0, interpolation_duration: 1 }
$data merge entity $(bone_tail_0) { transformation: [-1.1476341968910952f,-0.10952362488239621f,0.5520652518523319f,0.2658130228917131f,0.02715482859350536f,1.2415456825337496f,0.30275840211279165f,0.7171822762425067f,-0.5621690866582901f,0.28355706719892143f,-1.1123834879354144f,-0.5772778655596562f,0f,0f,0f,1f], start_interpolation: 0, interpolation_duration: 1 }
$data merge entity $(bone_body_1) { transformation: [-1.0113031869529119f,-0.23675182443278134f,0.670685494656686f,0.12583495567486688f,-0.10731252277160834f,1.2033054261116256f,0.26295373928309573f,0.5749980555555556f,-0.7031034643432837f,0.15687326150213973f,-1.0048088839726708f,-0.35424040257885625f,0f,0f,0f,1f], start_interpolation: 0, interpolation_duration: 1 }