# This file was generated by Animated Java via MC-Build. It is not recommended to edit this file directly.
$data merge entity $(bone_head_lower) { transformation: [-0.940386813141878f,0.28870476354330343f,0.17978376227086676f,-0.3965287416923405f,0.33980821457728744f,0.8197062494770748f,0.4610987333251131f,0.2938247604119152f,-0.014248472713186744f,0.4947031676426105f,-0.8689451978978355f,0.44128879913531266f,0f,0f,0f,1f], start_interpolation: 0, interpolation_duration: 1 }
$data merge entity $(bone_head_upper) { transformation: [-0.9788482419715421f,0.15569332008885745f,0.3179428436880389f,-0.3714184098177894f,0.3537062289667425f,0.4692741585969772f,0.859154008456419f,0.3636998020091375f,-0.014831229310292453f,0.9159766900616602f,-0.4942050996138524f,0.42778301197820007f,0f,0f,0f,1f], start_interpolation: 0, interpolation_duration: 1 }
$data merge entity $(bone_neck_0) { transformation: [-0.6925274176346461f,-0.00028668897990063655f,0.7213914981712198f,-0.32454345651547034f,0.36133609991747584f,0.8653744069911372f,0.34722234752556663f,0.37198844411227716f,-0.6243732847589782f,0.5011257861397338f,-0.5991919122827989f,0.38110567894289954f,0f,0f,0f,1f], start_interpolation: 0, interpolation_duration: 1 }
$data merge entity $(bone_neck_1) { transformation: [-0.68935519448729f,-0.11471978403980625f,0.7152823127851343f,-0.2644781562473126f,0.19053542917943722f,0.9239044387829721f,0.3318084360358082f,0.40435328589165137f,-0.6989174958897497f,0.365020491406964f,-0.6150401407975093f,0.330685310391853f,0f,0f,0f,1f], start_interpolation: 0, interpolation_duration: 1 }
$data merge entity $(bone_neck_2) { transformation: [-0.8117252074024034f,-0.12361253062633412f,0.5708083127808132f,-0.21568131091803092f,0.09342537481267044f,0.9372776507590062f,0.3358307679900555f,0.4429511138978026f,-0.5765187655303488f,0.3259302803665717f,-0.7492633484506837f,0.2682352827436737f,0f,0f,0f,1f], start_interpolation: 0, interpolation_duration: 1 }
$data merge entity $(bone_body_0) { transformation: [-0.9040055463600574f,0.0012639119942292054f,0.4275188588550508f,-0.014181235593731162f,0.06723124795819446f,0.9879734515474322f,0.1392423008120639f,0.517987170204704f,-0.4222012925705436f,0.15461843862852956f,-0.8932184542360496f,-0.15126229126758803f,0f,0f,0f,1f], start_interpolation: 0, interpolation_duration: 1 }
$data merge entity $(bone_leg_left_3) { transformation: [-0.8587644866356339f,-0.046238456929881905f,0.5102798855473138f,0.478060707706632f,-0.060821932356888285f,0.9980774639356637f,-0.011919250317405428f,0.03723902659287612f,-0.5087477263220054f,-0.04127203756174791f,-0.8599257932389817f,-0.036745549938723004f,0f,0f,0f,1f], start_interpolation: 0, interpolation_duration: 1 }
$data merge entity $(bone_leg_left_2) { transformation: [-0.8171033942073438f,-0.08482734590208076f,0.6141730733781328f,0.47600063900798645f,-0.36991001755444075f,0.8821036036786732f,-0.3702998930470634f,0.23083830016789278f,-0.49756489183663855f,-0.516487902341383f,-0.7333018646146255f,-0.18057235360966042f,0f,0f,0f,1f], start_interpolation: 0, interpolation_duration: 1 }
$data merge entity $(bone_leg_left_1) { transformation: [-0.7152704427403619f,-0.6448885623711258f,0.2692711196265007f,0.3007684968722357f,-0.035531872648541935f,0.4183678346898505f,0.907582415499008f,0.29706863842549797f,-0.6979438944271197f,0.6395991690268432f,-0.3221602446176081f,0.024172913286951564f,0f,0f,0f,1f], start_interpolation: 0, interpolation_duration: 1 }
$data merge entity $(bone_leg_left_0) { transformation: [-0.6578067706286482f,0.1445661254250284f,0.7391825808923691f,0.220868880753331f,-0.187028943877314f,0.9193158038340858f,-0.3462349303190322f,0.6644606807282437f,-0.7295960708962497f,-0.3660042188288047f,-0.5776941103493015f,-0.15733856613273198f,0f,0f,0f,1f], start_interpolation: 0, interpolation_duration: 1 }
$data merge entity $(bone_leg_right_3) { transformation: [-0.6480412768757475f,-0.009809792756174274f,0.7615420352359623f,-0.176522597042718f,0.02716205806069779f,0.9989832352511688f,0.03598219405504474f,0.038110103120463534f,-0.7611207040063741f,0.04400299595696322f,-0.6471159171892259f,-0.5634127987310801f,0f,0f,0f,1f], start_interpolation: 0, interpolation_duration: 1 }
$data merge entity $(bone_leg_right_2) { transformation: [-0.7215238414041805f,0.35442800034805216f,0.6370607022531922f,-0.07309855916887559f,0.26114442595969817f,0.9624976004583387f,-0.2397168275336846f,0.254653438818243f,-0.6806387695218583f,-0.006431265965240362f,-0.7673015728789752f,-0.5875690447300845f,0f,0f,0f,1f], start_interpolation: 0, interpolation_duration: 1 }
$data merge entity $(bone_leg_right_1) { transformation: [-0.8671131671497045f,-0.4973723818268456f,-0.02711953450004484f,-0.22404987468218532f,-0.11007415682999823f,0.1382344121297538f,0.9842636472517445f,0.23781356027734524f,-0.4857967016703322f,0.8564531283724941f,-0.17461272447102633f,-0.3553116347400163f,0f,0f,0f,1f], start_interpolation: 0, interpolation_duration: 1 }
$data merge entity $(bone_leg_right_0) { transformation: [-0.8587327017979403f,0.17582531541262064f,0.48131445575929077f,-0.09434746483310019f,-0.05723159985707736f,0.9005038313597211f,-0.4310654169430231f,0.6331266899848405f,-0.5092177243975403f,-0.3977163664805806f,-0.7632293239864905f,-0.39012675968102584f,0f,0f,0f,1f], start_interpolation: 0, interpolation_duration: 1 }
$data merge entity $(bone_tail_4) { transformation: [-1.29548172917835f,-2.2833239545421513f,-0.8566330250340957f,0.32048080351286806f,-2.1206788368652782f,1.5337141956662632f,-0.8809672913811921f,0.6885017528505137f,1.2042050040739745f,0.24456863295561623f,-2.473001783973764f,-1.9076648417828186f,0f,0f,0f,1f], start_interpolation: 0, interpolation_duration: 1 }
$data merge entity $(bone_tail_3) { transformation: [-1.714330373876353f,-1.0070377877791608f,-0.6187825055981017f,0.4352581052371353f,-0.9154812269542602f,1.820851148726416f,-0.4270137507393126f,0.7430890470805127f,0.7476035168080287f,-0.0795079506149414f,-1.9418323803793476f,-1.5776237810762608f,0f,0f,0f,1f], start_interpolation: 0, interpolation_duration: 1 }
$data merge entity $(bone_tail_2) { transformation: [-1.85211829356546f,-0.527842305960911f,-0.33138225915219827f,0.49536620222005623f,-0.4974744859064848f,1.8779791376819337f,-0.21092029135736118f,0.7823776841059384f,0.3754341986487447f,-0.11554537408336019f,-1.9142811454997115f,-1.2215129785906906f,0f,0f,0f,1f], start_interpolation: 0, interpolation_duration: 1 }
$data merge entity $(bone_tail_1) { transformation: [-1.4701130459313618f,0.05064708912754975f,0.35193572501995457f,0.4204189571032817f,0.047413673861047494f,1.5116311264549491f,-0.019481557010140815f,0.768046471208076f,-0.35238590453281937f,-0.007903157308771055f,-1.4708562011261128f,-0.9045678669623356f,0f,0f,0f,1f], start_interpolation: 0, interpolation_duration: 1 }
$data merge entity $(bone_tail_0) { transformation: [-1.170156089319088f,-0.10589061311824834f,0.5033464227218941f,0.2707741044025209f,0.0019686682763056726f,1.249905252060387f,0.2675232733821599f,0.7200323931494486f,-0.5143603479650275f,0.24568222465072528f,-1.144075781369396f,-0.5643135831257777f,0f,0f,0f,1f], start_interpolation: 0, interpolation_duration: 1 }
$data merge entity $(bone_body_1) { transformation: [-0.9913910193823113f,-0.2346815283626979f,0.7004805650335346f,0.12372965155334792f,-0.0985489409396783f,1.2038584310912417f,0.2638514339291187f,0.5776022222222222f,-0.7321451686544271f,0.1557371284958487f,-0.984029467993768f,-0.3460305166662842f,0f,0f,0f,1f], start_interpolation: 0, interpolation_duration: 1 }