# This file was generated by Animated Java via MC-Build. It is not recommended to edit this file directly.
$data merge entity $(bone_head_lower) { transformation: [-0.9263740670569517f,0.3069118804931692f,0.21825715451391028f,-0.4001583362977834f,0.37381978159293905f,0.8197093477308467f,0.4339762160907866f,0.3047757191708854f,-0.04571497319445467f,0.48361315413749467f,-0.8740872143962606f,0.4539352989451705f,0f,0f,0f,1f], start_interpolation: 0, interpolation_duration: 1 }
$data merge entity $(bone_head_upper) { transformation: [-0.9642623804103865f,0.1563871326015024f,0.35946219420890735f,-0.37216566253689887f,0.389108854901848f,0.49769900863723937f,0.82726171096092f,0.37310145228142316f,-0.04758469655020237f,0.9007278746334524f,-0.5195160585545322f,0.43833206522836926f,0f,0f,0f,1f], start_interpolation: 0, interpolation_duration: 1 }
$data merge entity $(bone_neck_0) { transformation: [-0.6992598963954324f,0.08455452129392155f,0.7098493715020144f,-0.32741200127431197f,0.3922491780734856f,0.8755317500387799f,0.28210766911714075f,0.3770047956775914f,-0.597642183579543f,0.4757044120068542f,-0.6453906823029668f,0.38907143218105544f,0f,0f,0f,1f], start_interpolation: 0, interpolation_duration: 1 }
$data merge entity $(bone_neck_1) { transformation: [-0.7131370485658637f,-0.07252065458220804f,0.6972634399003987f,-0.26867872992267794f,0.20243440904725615f,0.9309584052914478f,0.30386963923842775f,0.40703535141347824f,-0.6711600852229349f,0.35785081008176034f,-0.6492202536330569f,0.33572252963320204f,0f,0f,0f,1f], start_interpolation: 0, interpolation_duration: 1 }
$data merge entity $(bone_neck_2) { transformation: [-0.8181548579345369f,-0.1252334516943428f,0.5611944502708828f,-0.22074000088356646f,0.08697024188771031f,0.9378129161125883f,0.3360700989353207f,0.4456593871877692f,-0.5683826224156672f,0.32376460113657235f,-0.7563846095649788f,0.27262742274874086f,0f,0f,0f,1f], start_interpolation: 0, interpolation_duration: 1 }
$data merge entity $(bone_body_0) { transformation: [-0.9033621856308983f,-0.002305707817603725f,0.4288722948426795f,-0.0186360613444147f,0.06271873744778209f,0.9885247774712353f,0.13742315779518643f,0.5198433402811842f,-0.42426774747218604f,0.15104121304102525f,-0.8928512924434691f,-0.14673118683178737f,0f,0f,0f,1f], start_interpolation: 0, interpolation_duration: 1 }
$data merge entity $(bone_leg_left_3) { transformation: [-0.8561632495432462f,-0.031252694528677294f,0.5157594005117568f,0.45975496601649884f,-0.049477516700517164f,0.9985410849046955f,-0.021625843301580627f,0.03380364696242277f,-0.5143310854621754f,-0.044033746627463566f,-0.8564604857699211f,-0.037235143886651945f,0f,0f,0f,1f], start_interpolation: 0, interpolation_duration: 1 }
$data merge entity $(bone_leg_left_2) { transformation: [-0.8186645466746145f,-0.07209696811108533f,0.6137202837677208f,0.46064591473216077f,-0.3501812501128353f,0.8934625412371405f,-0.3621601565277138f,0.2303328334887001f,-0.5091401099777492f,-0.4985869172932192f,-0.7377327658553503f,-0.17704414617091632f,0f,0f,0f,1f], start_interpolation: 0, interpolation_duration: 1 }
$data merge entity $(bone_leg_left_1) { transformation: [-0.7119925199546158f,-0.6433993965739183f,0.2812540986670131f,0.2851175182539629f,-0.012941819999687354f,0.41249601632309185f,0.9108674688519047f,0.2943438602622085f,-0.7020677750928126f,0.6448908845734271f,-0.3020208373114856f,0.028152725493735015f,0f,0f,0f,1f], start_interpolation: 0, interpolation_duration: 1 }
$data merge entity $(bone_leg_left_0) { transformation: [-0.6626760651693566f,0.17358270823300403f,0.7285118228650475f,0.21691324171404244f,-0.16010070346329897f,0.917443662269584f,-0.36423191967746393f,0.6655970043413797f,-0.7315929178185198f,-0.35800303066296735f,-0.5801772424302034f,-0.1502472695663808f,0f,0f,0f,1f], start_interpolation: 0, interpolation_duration: 1 }
$data merge entity $(bone_leg_right_3) { transformation: [-0.6469993531061561f,-0.011133492032899761f,0.7624092617717656f,-0.16694420100549462f,0.03585787507707031f,0.9983428409271096f,0.04500871876142387f,0.041613272707939464f,-0.7616469325581064f,0.056458987988991766f,-0.6455279488915144f,-0.5613250146579806f,0f,0f,0f,1f], start_interpolation: 0, interpolation_duration: 1 }
$data merge entity $(bone_leg_right_2) { transformation: [-0.7224306215067842f,0.33081030355336f,0.6486298942177653f,-0.06866646735254558f,0.2545764547280195f,0.9708159844229323f,-0.21158769479281977f,0.26097511723387457f,-0.6821634886947033f,0.011961059842697625f,-0.765879956155013f,-0.5811477364750033f,0f,0f,0f,1f], start_interpolation: 0, interpolation_duration: 1 }
$data merge entity $(bone_leg_right_1) { transformation: [-0.8584720352427365f,-0.5110724062787051f,-0.04278738420011122f,-0.22233659384737156f,-0.121637775152878f,0.12185003774703473f,0.9850669114110492f,0.23941121737996102f,-0.4982268723804968f,0.8508569585080327f,-0.1667705603408706f,-0.35107410455269855f,0f,0f,0f,1f], start_interpolation: 0, interpolation_duration: 1 }
$data merge entity $(bone_leg_right_0) { transformation: [-0.8502889983323523f,0.17243402863478258f,0.4972676593985819f,-0.09624620078562288f,-0.06883012489345199f,0.9002625022830928f,-0.4298718889275457f,0.6358810585564496f,-0.5217959689592446f,-0.39974233294931794f,-0.7536146455756547f,-0.3860048414398117f,0f,0f,0f,1f], start_interpolation: 0, interpolation_duration: 1 }
$data merge entity $(bone_tail_4) { transformation: [-1.1948525598077875f,-2.11195216725541f,-1.3181982912847183f,0.20891562089627425f,-1.9438573458382773f,1.7049599308295582f,-0.9696347688156796f,0.669096046298016f,1.5554444094699573f,0.5083611010795802f,-2.224370250555831f,-1.876651630237129f,0f,0f,0f,1f], start_interpolation: 0, interpolation_duration: 1 }
$data merge entity $(bone_tail_3) { transformation: [-1.6083087221706092f,-0.9505918976539688f,-0.9195997087586599f,0.37414803649078643f,-0.8188760347771453f,1.8526175821424333f,-0.48290336512477194f,0.7328492942861969f,1.0386195741955018f,-0.011343037326729479f,-1.804739937400013f,-1.5705234289185874f,0f,0f,0f,1f], start_interpolation: 0, interpolation_duration: 1 }
$data merge entity $(bone_tail_2) { transformation: [-1.8184130964167506f,-0.5071334142820433f,-0.5049389922569449f,0.4665498019666616f,-0.45955577367529876f,1.8844374838116753f,-0.23765044811654965f,0.7771365846551166f,0.5485947289798903f,-0.10239601909711497f,-1.872787428837379f,-1.2219950461176152f,0f,0f,0f,1f], start_interpolation: 0, interpolation_duration: 1 }
$data merge entity $(bone_tail_1) { transformation: [-1.4906957503487475f,0.040537935392186156f,0.25266401739528305f,0.41310795885233076f,0.03612371364307741f,1.5117821926426456f,-0.0294266770334093f,0.7649543901109801f,-0.2533327993071918f,-0.0229679734137465f,-1.4909564765587384f,-0.9006350602147959f,0f,0f,0f,1f], start_interpolation: 0, interpolation_duration: 1 }
$data merge entity $(bone_tail_0) { transformation: [-1.1806695520033863f,-0.1035561055218913f,0.4786765698937954f,0.27072854635552696f,-0.008543279274221898f,1.2534795504989176f,0.2501034694767397f,0.7221170378158036f,-0.4896755435340767f,0.2278176158118567f,-1.1585131473463888f,-0.5565929473184454f,0f,0f,0f,1f], start_interpolation: 0, interpolation_duration: 1 }
$data merge entity $(bone_body_1) { transformation: [-0.9849218267896312f,-0.23236696640868978f,0.7103092165329467f,0.12124316753733941f,-0.09346000674179344f,1.2041592409930748f,0.26432999172824884f,0.5795553472222222f,-0.7414841989614139f,0.15687801091693832f,-0.9768290881405741f,-0.34006071484088995f,0f,0f,0f,1f], start_interpolation: 0, interpolation_duration: 1 }