# This file was generated by Animated Java via MC-Build. It is not recommended to edit this file directly.
$data merge entity $(bone_head_lower) { transformation: [-0.9757854012773811f,-0.11747295792961018f,0.18450732996065014f,-0.3180388633744886f,-0.05207410161150368f,0.944050669214187f,0.325663356700751f,0.3407125868027992f,-0.21244090612519756f,0.3081694957511428f,-0.927308159833176f,0.5722329926064837f,0f,0f,0f,1f], start_interpolation: 0, interpolation_duration: 1 }
$data merge entity $(bone_head_upper) { transformation: [-1.0156946176123756f,-0.20976046283963448f,0.08852646251861362f,-0.31696149867786294f,-0.054203910669871846f,0.6158753289645666f,0.83739563996022f,0.4122529273545481f,-0.22112965066867393f,0.8125085045620112f,-0.6118852426665161f,0.5482272547330684f,0f,0f,0f,1f], start_interpolation: 0, interpolation_duration: 1 }
$data merge entity $(bone_neck_0) { transformation: [-0.8285780234104559f,-0.06570303924281255f,0.5560050087503521f,-0.2796749545087498f,0.006445194581764129f,0.9919050448945259f,0.12681814294331772f,0.40435066495718447f,-0.5598365105886046f,0.10866228668239025f,-0.8214472526370327f,0.49352803968180037f,0f,0f,0f,1f], start_interpolation: 0, interpolation_duration: 1 }
$data merge entity $(bone_neck_1) { transformation: [-0.8426085099279252f,-0.1021274226480529f,0.5287540908024329f,-0.23535303139055372f,0.06454673993140439f,0.9556224866578605f,0.2874358734710661f,0.433102689379245f,-0.5346443840173288f,0.27632526583197736f,-0.79862364734687f,0.4271471307751788f,0f,0f,0f,1f], start_interpolation: 0, interpolation_duration: 1 }
$data merge entity $(bone_neck_2) { transformation: [-0.903784294025213f,-0.09911650620114004f,0.4163530569982965f,-0.19984779349310097f,0.04911731601598748f,0.9423662153948934f,0.3309583136131968f,0.4713234740667138f,-0.42516048633514025f,0.31956507049548577f,-0.8468274479364033f,0.35608743689841016f,0f,0f,0f,1f], start_interpolation: 0, interpolation_duration: 1 }
$data merge entity $(bone_body_0) { transformation: [-0.9405637601781981f,-0.0075592562174146075f,0.33953301854884227f,-0.039899166464392344f,0.03642582453443797f,0.9917397517897101f,0.12298546266559635f,0.5387336222360111f,-0.33765807016334626f,0.1280434393693169f,-0.932519117920936f,-0.08218555261674285f,0f,0f,0f,1f], start_interpolation: 0, interpolation_duration: 1 }
$data merge entity $(bone_leg_left_3) { transformation: [-0.8993013609014546f,-0.004238003369650606f,0.43730893154408607f,0.36883691379382966f,-0.017465376173884987f,0.9995033430507881f,-0.026230285271106546f,0.018210178175911113f,-0.4369805749869163f,-0.031226696234756934f,-0.8989287349542042f,-0.059831879927612436f,0f,0f,0f,1f], start_interpolation: 0, interpolation_duration: 1 }
$data merge entity $(bone_leg_left_2) { transformation: [-0.8935201668682561f,-0.02299762718822698f,0.5031451282126551f,0.3776394506184745f,-0.22290953923252285f,0.9368774228470511f,-0.3530357366886628f,0.22533874258101172f,-0.45165833128545535f,-0.4168860794076409f,-0.8211412473364483f,-0.1830850552171299f,0f,0f,0f,1f], start_interpolation: 0, interpolation_duration: 1 }
$data merge entity $(bone_leg_left_1) { transformation: [-0.7700319029348164f,-0.5356714482773776f,0.34656452207778315f,0.2290694418371081f,0.11819103139758816f,0.4140292712583868f,0.9025578334037234f,0.28759542601565274f,-0.6269623182933403f,0.7359591442747794f,-0.2555041866556679f,0.04288937589884659f,0f,0f,0f,1f], start_interpolation: 0, interpolation_duration: 1 }
$data merge entity $(bone_leg_left_0) { transformation: [-0.7602036596709304f,0.26937855464718596f,0.5912068928210473f,0.19831512542038118f,0.0024361374348212637f,0.9111658061648036f,-0.4120326915554664f,0.6791740341044119f,-0.6496802760260796f,-0.3117884987812035f,-0.6933278235946112f,-0.0986296838544704f,0f,0f,0f,1f], start_interpolation: 0, interpolation_duration: 1 }
$data merge entity $(bone_leg_right_3) { transformation: [-0.6939068970177764f,0.029980134932399406f,0.7194403448379832f,-0.14546840159914695f,0.18361259028505733f,0.9734710852262585f,0.13653008063142202f,0.12218310986318168f,-0.6962611830053238f,0.22683746987181408f,-0.6810030303179139f,-0.5658803980472702f,0f,0f,0f,1f], start_interpolation: 0, interpolation_duration: 1 }
$data merge entity $(bone_leg_right_2) { transformation: [-0.7681621681029277f,0.15363778788753185f,0.6621061192355269f,-0.08800190146190076f,0.2959346562089279f,0.9750784729042327f,0.11707625905343878f,0.3526315603528275f,-0.6118919530853528f,0.27871060495157f,-0.7745778436913989f,-0.5239020096204526f,0f,0f,0f,1f], start_interpolation: 0, interpolation_duration: 1 }
$data merge entity $(bone_leg_right_1) { transformation: [-0.8222640927912598f,-0.53981509354057f,-0.1802260427683864f,-0.24147018301742162f,-0.11976374700152818f,-0.14545825443707766f,0.9820888662031925f,0.2586436176886783f,-0.5563617587598205f,0.8291209567981648f,0.05495482133330487f,-0.3126506454830308f,0f,0f,0f,1f], start_interpolation: 0, interpolation_duration: 1 }
$data merge entity $(bone_leg_right_0) { transformation: [-0.8149348786330826f,0.1576740109788093f,0.5576917157795491f,-0.13020477079210238f,-0.06520448587846375f,0.9312255992143059f,-0.35856276771198925f,0.6610439954295654f,-0.5758728319764775f,-0.32856930719379596f,-0.7486071678534616f,-0.3137563582731431f,0f,0f,0f,1f], start_interpolation: 0, interpolation_duration: 1 }
$data merge entity $(bone_tail_4) { transformation: [-0.8184472350651092f,-1.0325053248353113f,-2.4268782847932457f,-0.16526580650608888f,-1.0909695853264045f,2.445996326247038f,-0.6727173756331328f,0.6403901757139094f,2.401164471440267f,0.7594050683085577f,-1.1328611807808862f,-1.7076414958123756f,0f,0f,0f,1f], start_interpolation: 0, interpolation_duration: 1 }
$data merge entity $(bone_tail_3) { transformation: [-1.1444511341469448f,-0.568239266454884f,-1.644165826081126f,0.11908462621009921f,-0.37298563632447446f,2.00245345701393f,-0.43244351496239825f,0.694121036147934f,1.6991347335305242f,0.05683145780483191f,-1.2023547183582632f,-1.5043227079793235f,0f,0f,0f,1f], start_interpolation: 0, interpolation_duration: 1 }
$data merge entity $(bone_tail_2) { transformation: [-1.6568447585070976f,-0.36851452515565086f,-0.9684195196089552f,0.29779886508131703f,-0.24536539075204558f,1.9139929831158784f,-0.3085458808784424f,0.751753047445905f,1.0066951605284649f,-0.14000635819584448f,-1.66905270990346f,-1.193338373860107f,0f,0f,0f,1f], start_interpolation: 0, interpolation_duration: 1 }
$data merge entity $(bone_tail_1) { transformation: [-1.5081155408810791f,0.010384058662676639f,-0.11461211401357554f,0.32377599010798036f,0.017979781632808202f,1.5090928094308658f,-0.09985925083082471f,0.7547773660992889f,0.11366834566143458f,-0.10093222404042797f,-1.5048416672011866f,-0.8683880400075934f,0f,0f,0f,1f], start_interpolation: 0, interpolation_duration: 1 }
$data merge entity $(bone_tail_0) { transformation: [-1.2338078852268985f,-0.07316143607149231f,0.32588529148753076f,0.22677921787838523f,-0.036222246892017945f,1.2691273504141003f,0.14778171011666882f,0.7422184193541372f,-0.3320267576055422f,0.13341247800288536f,-1.2271084139272732f,-0.5065789600573055f,0f,0f,0f,1f], start_interpolation: 0, interpolation_duration: 1 }
$data merge entity $(bone_body_1) { transformation: [-1.033232189109818f,-0.1929178696422924f,0.6510134668470866f,0.08842209364350223f,-0.0570210199279416f,1.2058800932735796f,0.2668452716259562f,0.5989560498046875f,-0.6765976956286214f,0.1929779554131313f,-1.016651199798071f,-0.28322023188318357f,0f,0f,0f,1f], start_interpolation: 0, interpolation_duration: 1 }