# This file was generated by Animated Java via MC-Build. It is not recommended to edit this file directly.
$data merge entity $(bone_head_lower) { transformation: [-0.9301776337079246f,-0.3630515289247825f,0.054434888581719715f,-0.14392985987514373f,-0.3656135721635905f,0.9295194434678582f,-0.04816970069434029f,0.3956334844661852f,-0.033110203854785636f,-0.06470851227297009f,-0.9973547627800818f,0.7346456571541911f,0f,0f,0f,1f], start_interpolation: 0, interpolation_duration: 1 }
$data merge entity $(bone_head_upper) { transformation: [-0.9682215113525647f,-0.3256691543790583f,-0.19989659682869032f,-0.1653235830526006f,-0.38056701492609296f,0.772702341311211f,0.5844414268906023f,0.4531560246491972f,-0.034464397396528096f,0.6167192523358657f,-0.8378194982774584f,0.6907261572561164f,0f,0f,0f,1f], start_interpolation: 0, interpolation_duration: 1 }
$data merge entity $(bone_neck_0) { transformation: [-0.9085027642808066f,-0.249163538455944f,0.33547020493368246f,-0.1392934992284716f,-0.2472827388932298f,0.967700485565092f,0.049061362420424054f,0.44070073424922934f,-0.3368589828690877f,-0.038383607714736256f,-0.9407724083534789f,0.6306259348650289f,0f,0f,0f,1f], start_interpolation: 0, interpolation_duration: 1 }
$data merge entity $(bone_neck_1) { transformation: [-0.9556162347866636f,-0.10921487574756218f,0.27362332270405076f,-0.11661715177003756f,-0.03518504048737069f,0.9644110432066956f,0.2620560105528498f,0.46734323895286706f,-0.2925057687261272f,0.24079753042009763f,-0.9254495797208617f,0.5533375330598922f,0f,0f,0f,1f], start_interpolation: 0, interpolation_duration: 1 }
$data merge entity $(bone_neck_2) { transformation: [-0.9801459455827374f,-0.039479682493520234f,0.1943071795583808f,-0.09998091630328983f,0.024295337044750395f,0.9486785245489596f,0.31530745893094725f,0.5042546928405722f,-0.19678328677914694f,0.3137680859007491f,-0.9288842373054762f,0.47503229290617466f,0f,0f,0f,1f], start_interpolation: 0, interpolation_duration: 1 }
$data merge entity $(bone_body_0) { transformation: [-0.9877623576683925f,0.0031454893848836124f,0.15593470001865634f,-0.026459512221369427f,0.019480610191212794f,0.9944553881263679f,0.10333918353177025f,0.5624314931582961f,-0.1547450503245799f,0.10511225867121525f,-0.982346874824305f,0.013057220256426971f,0f,0f,0f,1f], start_interpolation: 0, interpolation_duration: 1 }
$data merge entity $(bone_leg_left_3) { transformation: [-0.9888479259306291f,-0.0001247355989058077f,0.14892872061400098f,0.2862135038500366f,-0.0014792389121084347f,0.9999585467505869f,-0.008984243579531037f,0.020748194072716497f,-0.14892142637959685f,-0.009104351788337683f,-0.9888071194846754f,-0.10964886896490075f,0f,0f,0f,1f], start_interpolation: 0, interpolation_duration: 1 }
$data merge entity $(bone_leg_left_2) { transformation: [-1.007851812638849f,-0.037287900368351515f,0.1868329086306814f,0.28173216272291823f,-0.09933524009643833f,0.9611664947048791f,-0.34402569530837973f,0.23400866698186112f,-0.16257131769246277f,-0.35613309512533514f,-0.9480516782965368f,-0.22221422927741463f,0f,0f,0f,1f], start_interpolation: 0, interpolation_duration: 1 }
$data merge entity $(bone_leg_left_1) { transformation: [-0.9037637802572089f,-0.23612538665069904f,0.3570095674828017f,0.21664884595103143f,0.23890737667112957f,0.4137858499977705f,0.8784671511865099f,0.29507275844781145f,-0.3551539030720601f,0.8792190126019117f,-0.31755256732075277f,0.04055701015181579f,0f,0f,0f,1f], start_interpolation: 0, interpolation_duration: 1 }
$data merge entity $(bone_leg_left_0) { transformation: [-0.9200915755402123f,0.28837800601367924f,0.26508417204258794f,0.20131169201368249f,0.15756693440504313f,0.8920648674346383f,-0.42354802970975813f,0.6981270680816825f,-0.3586142130509147f,-0.3479344736245543f,-0.8662202077194213f,-0.06723572503529612f,0f,0f,0f,1f], start_interpolation: 0, interpolation_duration: 1 }
$data merge entity $(bone_leg_right_3) { transformation: [-0.8776537938192376f,0.08056995133484071f,0.4724746566077391f,-0.21077077557414234f,0.17195989264895983f,0.9730725325298003f,0.15349150385672622f,0.1285960134264142f,-0.4473853076653923f,0.21595909190849685f,-0.8678756000183435f,-0.42284734873597385f,0f,0f,0f,1f], start_interpolation: 0, interpolation_duration: 1 }
$data merge entity $(bone_leg_right_2) { transformation: [-0.9161339199589733f,0.15641698418368064f,0.4339292191823252f,-0.1594785768990398f,0.23007489546113036f,0.9912796287814516f,0.12842289337245222f,0.36327376505426223f,-0.3997829194448533f,0.21203920421111866f,-0.9204755253119768f,-0.4012479202253045f,0f,0f,0f,1f], start_interpolation: 0, interpolation_duration: 1 }
$data merge entity $(bone_leg_right_1) { transformation: [-0.9220145707089519f,-0.3324064501213764f,-0.19848194708358868f,-0.257618779964215f,-0.17643643425828207f,-0.09557018412548685f,0.9796614336455445f,0.28183892202441274f,-0.34461473570729745f,0.9382815631908822f,0.029468493505167115f,-0.15477225703967556f,0f,0f,0f,1f], start_interpolation: 0, interpolation_duration: 1 }
$data merge entity $(bone_leg_right_0) { transformation: [-0.9227943788296068f,0.019334186931470904f,0.38480738508529083f,-0.17405478286104437f,-0.121899603524179f,0.9327863755061093f,-0.33919030695293095f,0.6898673321177283f,-0.36550105480166306f,-0.35991077628472634f,-0.8584131942444717f,-0.1837058622301017f,0f,0f,0f,1f], start_interpolation: 0, interpolation_duration: 1 }
$data merge entity $(bone_tail_4) { transformation: [-2.1134960738281015f,-0.4245456482494559f,-1.7258495502405913f,-0.1513653490551259f,-0.5200036476236548f,2.711888528889708f,-0.030300906496495052f,0.6571045838998991f,1.6995269588833524f,0.30179948811895785f,-2.155501453629721f,-1.804721456910895f,0f,0f,0f,1f], start_interpolation: 0, interpolation_duration: 1 }
$data merge entity $(bone_tail_3) { transformation: [-1.7624171804020379f,-0.23830659359919118f,-1.0830702542842388f,0.03461535925948504f,-0.14351892402968092f,2.065558605039215f,-0.22094228576317956f,0.6743551182901252f,1.0996515478612026f,-0.11235275982389464f,-1.7646781170204553f,-1.5043978004453862f,0f,0f,0f,1f], start_interpolation: 0, interpolation_duration: 1 }
$data merge entity $(bone_tail_2) { transformation: [-1.855695021151969f,-0.1872638935627723f,-0.5831827309191191f,0.1416110108015026f,-0.0863033859281578f,1.9219758962649272f,-0.3425408804168361f,0.7384262429137665f,0.6064005186771418f,-0.29952422831403197f,-1.8333950808823922f,-1.1631965321158244f,0f,0f,0f,1f], start_interpolation: 0, interpolation_duration: 1 }
$data merge entity $(bone_tail_1) { transformation: [-1.5090651305120815f,0.0114604751153929f,-0.10122914295144766f,0.16469601890185276f,0.022127947749772767f,1.503892020185414f,-0.15961013611615688f,0.7543678966729066f,0.09944363127389563f,-0.16072865062820701f,-1.5006443666193192f,-0.8384048710848513f,0f,0f,0f,1f], start_interpolation: 0, interpolation_duration: 1 }
$data merge entity $(bone_tail_0) { transformation: [-1.2681063374782016f,-0.030324129730223096f,0.1575515172499278f,0.11792402845538476f,-0.022526955928631257f,1.276396041102046f,0.06435370307636207f,0.7663639590865584f,-0.158853925630559f,0.061068076759921625f,-1.266835362979986f,-0.46673245255339163f,0f,0f,0f,1f], start_interpolation: 0, interpolation_duration: 1 }
$data merge entity $(bone_body_1) { transformation: [-1.1805699716354403f,-0.1035816814084861f,0.3523208373138563f,0.04299133031839976f,-0.025977802775103687f,1.2067508618320102f,0.2677351420470022f,0.6228360546875f,-0.3663117400410799f,0.24824944672756383f,-1.1544663340105612f,-0.21505656333124645f,0f,0f,0f,1f], start_interpolation: 0, interpolation_duration: 1 }