# This file was generated by Animated Java via MC-Build. It is not recommended to edit this file directly.
$data merge entity $(bone_head_lower) { transformation: [-0.9532587458884784f,-0.3021510669005769f,0.0015799234058579414f,-0.07834821721312832f,-0.30178951457164643f,0.9518348760575983f,-0.0541614033701725f,0.4068885600891862f,0.014861099613934753f,-0.05210663576992508f,-0.9985309440508114f,0.7760036453476462f,0f,0f,0f,1f], start_interpolation: 0, interpolation_duration: 1 }
$data merge entity $(bone_head_upper) { transformation: [-0.9922466314041731f,-0.23434184813104741f,-0.2097676411296631f,-0.09837915174255406f,-0.31413257997199573f,0.7725672228698164f,0.6228423162654125f,0.46707594551735465f,0.015468912396019847f,0.6570355598788025f,-0.8071783745787172f,0.7351172565489784f,0f,0f,0f,1f], start_interpolation: 0, interpolation_duration: 1 }
$data merge entity $(bone_neck_0) { transformation: [-0.9597381498971469f,-0.19542314644463038f,0.2017733318991438f,-0.08184991030207664f,-0.1861098041578619f,0.980420677623951f,0.06433067451624622f,0.4553817583954511f,-0.2103944496138712f,0.024188607257828704f,-0.9773172907764411f,0.6715974453145518f,0f,0f,0f,1f], start_interpolation: 0, interpolation_duration: 1 }
$data merge entity $(bone_neck_1) { transformation: [-0.9836931587022854f,-0.07273084701373025f,0.16449314093598438f,-0.06825024421316037f,-0.03117707915788804f,0.9696979099881243f,0.24230962238393738f,0.4803758407842409f,-0.17713203904856697f,0.23322990215092249f,-0.9561527354377899f,0.59167322012379f,0f,0f,0f,1f], start_interpolation: 0, interpolation_duration: 1 }
$data merge entity $(bone_neck_2) { transformation: [-0.9932806761026826f,-0.021912442157728217f,0.11363689259955026f,-0.05850933664874577f,0.014327753247985228f,0.9510740242555177f,0.30863071116348706f,0.5167258149312228f,-0.11483994935501476f,0.3081850828075543f,-0.9443694937719233f,0.5119566942745288f,0f,0f,0f,1f], start_interpolation: 0, interpolation_duration: 1 }
$data merge entity $(bone_body_0) { transformation: [-0.9959249513051781f,0.0030232040246346986f,0.09013518516763455f,-0.016000162088844305f,0.011687015109901458f,0.995336974471493f,0.09574821631631224f,0.5713334190783486f,-0.08942541610526211f,0.09641144894336881f,-0.9913162600638814f,0.04567149790789349f,0f,0f,0f,1f], start_interpolation: 0, interpolation_duration: 1 }
$data merge entity $(bone_leg_left_3) { transformation: [-0.9998444483393955f,0.0030074602735660344f,0.017379134259009374f,0.24610444713821997f,0.0030144837576239515f,0.999995385009833f,0.000377950673809635f,0.02531638918220444f,-0.017377917382838788f,0.00043028100090025667f,-0.9998489000072442f,-0.12191006465120893f,0f,0f,0f,1f], start_interpolation: 0, interpolation_duration: 1 }
$data merge entity $(bone_leg_left_2) { transformation: [-1.0239281058939156f,-0.04289767577760261f,0.04234646235605066f,0.23582525673213386f,-0.054493452279254534f,0.9667791300191476f,-0.3382761843801661f,0.2401324114503235f,-0.025766201114665193f,-0.3399413223969617f,-0.9673873059472193f,-0.23108646726420073f,0f,0f,0f,1f], start_interpolation: 0, interpolation_duration: 1 }
$data merge entity $(bone_leg_left_1) { transformation: [-0.9320449708162892f,-0.0973626065787641f,0.34901675492195394f,0.20942659735982297f,0.2817278997191907f,0.4110088504177343f,0.8670069869373065f,0.3001970855684476f,-0.22786303538721694f,0.9064172591684704f,-0.3556489693302125f,0.038559098926296734f,0f,0f,0f,1f], start_interpolation: 0, interpolation_duration: 1 }
$data merge entity $(bone_leg_left_0) { transformation: [-0.9518221310885296f,0.28474095380572506f,0.11382978518777813f,0.201284980773356f,0.21323596087678554f,0.8813456383973792f,-0.4216162836832446f,0.7053583721535195f,-0.22037480745095112f,-0.37703110601609807f,-0.8996012946507104f,-0.06186661738452348f,0f,0f,0f,1f], start_interpolation: 0, interpolation_duration: 1 }
$data merge entity $(bone_leg_right_3) { transformation: [-0.9360144905636086f,0.0660705421159289f,0.34570443578215093f,-0.2200672428456363f,0.10890317155329854f,0.9883886532260456f,0.10596211303874647f,0.08713639544919247f,-0.334689367444771f,0.1368303827317256f,-0.9323413933108989f,-0.31252808634413437f,0f,0f,0f,1f], start_interpolation: 0, interpolation_duration: 1 }
$data merge entity $(bone_leg_right_2) { transformation: [-0.9656892731628304f,0.153229196128535f,0.3098826239929265f,-0.1732748292513475f,0.14928758122890565f,1.0141313141362247f,-0.036236656576607164f,0.3221774558137436f,-0.3118006499187606f,0.010985929311216128f,-0.9770986969432012f,-0.3396802877050564f,0f,0f,0f,1f], start_interpolation: 0, interpolation_duration: 1 }
$data merge entity $(bone_leg_right_1) { transformation: [-0.9514636775098767f,-0.22008370700851537f,-0.21512794399791668f,-0.24060410921226527f,-0.23957444525194374f,0.09087619031685101f,0.9666155405411806f,0.29082873856863667f,-0.19318632343311534f,0.9712387347830015f,-0.13919182625251503f,-0.07229028855251454f,0f,0f,0f,1f], start_interpolation: 0, interpolation_duration: 1 }
$data merge entity $(bone_leg_right_0) { transformation: [-0.9584430787887902f,-0.08751716934731783f,0.2715282854350486f,-0.18562672567913213f,-0.18629096109612886f,0.9128367126109718f,-0.3633521899252496f,0.7004783362772694f,-0.2160614323190165f,-0.39883565685508493f,-0.8912056868564227f,-0.13121373856572416f,0f,0f,0f,1f], start_interpolation: 0, interpolation_duration: 1 }
$data merge entity $(bone_tail_4) { transformation: [-2.533622155759056f,-0.23346115161550776f,-1.0732734945637994f,-0.09164353404206747f,-0.30358828844390895f,2.742088175087617f,0.1201995123299573f,0.6559328525006997f,1.0555824243357448f,0.22827540894941445f,-2.541514787425493f,-1.8323773875935863f,0f,0f,0f,1f], start_interpolation: 0, interpolation_duration: 1 }
$data merge entity $(bone_tail_3) { transformation: [-1.9708401760710335f,-0.13237729816236188f,-0.6589467181494824f,0.02138489434220346f,-0.07699852695087255f,2.072534157339175f,-0.1860616015040029f,0.6672006505703133f,0.6676868676828507f,-0.15173642818411084f,-1.9664983674364533f,-1.4974470746351891f,0f,0f,0f,1f], start_interpolation: 0, interpolation_duration: 1 }
$data merge entity $(bone_tail_2) { transformation: [-1.9204015155307261f,-0.11101770914810069f,-0.3442484021830347f,0.0839334721431252f,-0.04474944821239546f,1.918480122957874f,-0.36906013019967737f,0.7362315408290223f,0.3589281000907438f,-0.3547998887736925f,-1.887872223667217f,-1.1463147696925753f,0f,0f,0f,1f], start_interpolation: 0, interpolation_duration: 1 }
$data merge entity $(bone_tail_1) { transformation: [-1.5113518649480826f,0.010364053711117479f,-0.05800324739723708f,0.09773233709342301f,0.017050223993563565f,1.50214446949565f,-0.1758622546921352f,0.7556966822968814f,0.05640106541299853f,-0.17638262146341188f,-1.5011210279874088f,-0.821188061173346f,0f,0f,0f,1f], start_interpolation: 0, interpolation_duration: 1 }
$data merge entity $(bone_tail_0) { transformation: [-1.274661112559311f,-0.01579017570622028f,0.09394378672511063f,0.06989873408807629f,-0.012993821681355315f,1.277571886763235f,0.038431124552488705f,0.7752962999023789f,-0.0943712101819168f,0.03736925323608225f,-1.2741794733024883f,-0.4479414177400255f,0f,0f,0f,1f], start_interpolation: 0, interpolation_duration: 1 }
$data merge entity $(bone_body_1) { transformation: [-1.216881029304698f,-0.06199390979250027f,0.20967095822556697f,0.025328903086879857f,-0.015348264167510286f,1.2069237297465842f,0.26777628053636254f,0.6317471875f,-0.21810453081408562f,0.2609529857646464f,-1.1886709165766336f,-0.18916911570589123f,0f,0f,0f,1f], start_interpolation: 0, interpolation_duration: 1 }