# This file was generated by Animated Java via MC-Build. It is not recommended to edit this file directly.
$data merge entity $(bone_head_lower) { transformation: [-0.9738781355132603f,-0.22676180205526272f,-0.01185167911587652f,-0.05172237525438225f,-0.2266429704937358f,0.9739204950436566f,-0.010575124571083339f,0.4085152392922637f,0.013940627496330793f,-0.007612782839946153f,-0.9998738442635855f,0.7893540148062759f,0f,0f,0f,1f], start_interpolation: 0, interpolation_duration: 1 }
$data merge entity $(bone_head_upper) { transformation: [-1.0137093454731962f,-0.16408426202013346f,-0.17012248658281298f,-0.06744932439098798f,-0.2359125735523586f,0.7484036844426403f,0.6838926270520034f,0.472392968166432f,0.014510793352335934f,0.7045851422315803f,-0.7660425293717688f,0.7523708386780723f,0f,0f,0f,1f], start_interpolation: 0, interpolation_duration: 1 }
$data merge entity $(bone_neck_0) { transformation: [-0.980256614415188f,-0.14325651493627573f,0.13628844713909624f,-0.05599459059622146f,-0.13296337866614646f,0.9877320380669743f,0.08189115281728485f,0.46169842446984233f,-0.14634790681440082f,0.06215297180645177f,-0.9872787338268105f,0.6875699739993533f,0f,0f,0f,1f], start_interpolation: 0, interpolation_duration: 1 }
$data merge entity $(bone_neck_1) { transformation: [-0.9922155269825386f,-0.05051111069141679f,0.11382871215771091f,-0.0465845030476828f,-0.02268110390160389f,0.9720580719897949f,0.23364218841058482f,0.48596913441233974f,-0.12244964491809769f,0.22924164625172722f,-0.9656367599067622f,0.6068239540618527f,0f,0f,0f,1f], start_interpolation: 0, interpolation_duration: 1 }
$data merge entity $(bone_neck_2) { transformation: [-0.9968317923250947f,-0.014798433871606145f,0.07814975473337923f,-0.03988288432650247f,0.009850902242033558f,0.9520050119545391f,0.3059238744172407f,0.5220910843105157f,-0.07892615241450408f,0.30572448964449267f,-0.9488430844437119f,0.5266914173728758f,0f,0f,0f,1f], start_interpolation: 0, interpolation_duration: 1 }
$data merge entity $(bone_body_0) { transformation: [-0.9981057235770959f,0.0023617881012578945f,0.061476715263640534f,-0.010886639976531318f,0.008068946754141323f,0.9956564798023736f,0.09275271600241398f,0.5752899640804857f,-0.060990627648195336f,0.09307306906141212f,-0.9937894883498058f,0.05920879554833999f,0f,0f,0f,1f], start_interpolation: 0, interpolation_duration: 1 }
$data merge entity $(bone_leg_left_3) { transformation: [-0.9990865567579189f,0.005127338240684203f,-0.0424236079108259f,0.22654921180685833f,0.004921033440981487f,0.9999755609623431f,0.00496597502206636f,0.027935040620595125f,0.042448033352307464f,0.004752670892525623f,-0.9990873718468813f,-0.12514678321150005f,0f,0f,0f,1f], start_interpolation: 0, interpolation_duration: 1 }
$data merge entity $(bone_leg_left_2) { transformation: [-1.0244498598518958f,-0.04481759220055644f,-0.023581085205519253f,0.21378422571453568f,-0.034664707746652985f,0.9687541610832182f,-0.3352251973248483f,0.24333649081161063f,0.036919401227057655f,-0.33401939811033293f,-0.9690873020526791f,-0.23289808228341802f,0f,0f,0f,1f], start_interpolation: 0, interpolation_duration: 1 }
$data merge entity $(bone_leg_left_1) { transformation: [-0.9385928944123754f,-0.033640562544295025f,0.34338271812993604f,0.2051260685671929f,0.30051647006322374f,0.40924278369726297f,0.8615162187750467f,0.30283840342305546f,-0.16950878968165425f,0.9118051636963996f,-0.37400282576103916f,0.038022467638800836f,0f,0f,0f,1f], start_interpolation: 0, interpolation_duration: 1 }
$data merge entity $(bone_leg_left_0) { transformation: [-0.9585877439008358f,0.28133890309270126f,0.04424882879468716f,0.20052634517726078f,0.23770331296835384f,0.8759368875396107f,-0.41979959987032867f,0.7085731058768615f,-0.15686514031796456f,-0.39189665813070523f,-0.9065375541581333f,-0.06029066644770176f,0f,0f,0f,1f], start_interpolation: 0, interpolation_duration: 1 }
$data merge entity $(bone_leg_right_3) { transformation: [-0.9562747463877185f,0.047928333068297024f,0.2885160035602868f,-0.2144350079200696f,0.07343644568900237f,0.9942260366797466f,0.07824114283833668f,0.06743681975771687f,-0.28310015518482373f,0.09600761885067902f,-0.9542729375063255f,-0.2550292353603086f,0f,0f,0f,1f], start_interpolation: 0, interpolation_duration: 1 }
$data merge entity $(bone_leg_right_2) { transformation: [-0.9841121298379056f,0.1325758928388473f,0.25692245531400776f,-0.17406497494336845f,0.10299652074832588f,1.0124660291476721f,-0.12793145053652283f,0.29932773970885274f,-0.2701429845847113f,-0.09694520081273511f,-0.9847266602564069f,-0.30764039147468764f,0f,0f,0f,1f], start_interpolation: 0, interpolation_duration: 1 }
$data merge entity $(bone_leg_right_1) { transformation: [-0.9549775633982924f,-0.174347849348296f,-0.24004308120311402f,-0.22771782741160385f,-0.27194269240517355f,0.19098202706530398f,0.9431717963263389f,0.29577338440780543f,-0.11859606002429421f,0.9659858657173259f,-0.22979617442651756f,-0.03538660611958683f,0f,0f,0f,1f], start_interpolation: 0, interpolation_duration: 1 }
$data merge entity $(bone_leg_right_0) { transformation: [-0.9651993468364014f,-0.14365471706213273f,0.21852584088016475f,-0.18968155003965823f,-0.21949409891228175f,0.8992815455273266f,-0.3783054882190691f,0.7051787905172344f,-0.1421708880512109f,-0.4131053426667117f,-0.8995173230410567f,-0.10782784863040387f,0f,0f,0f,1f], start_interpolation: 0, interpolation_duration: 1 }
$data merge entity $(bone_tail_4) { transformation: [-2.6570046487904295f,-0.1573329196773018f,-0.7356860609606964f,-0.060284932458902166f,-0.20936896890230458f,2.748357411550239f,0.16839686706603255f,0.6535852159148673f,0.722601039832379f,0.21780546908350307f,-2.6563263817668337f,-1.8359271417898446f,0f,0f,0f,1f], start_interpolation: 0, interpolation_duration: 1 }
$data merge entity $(bone_tail_3) { transformation: [-2.0316388576974838f,-0.08905969833243793f,-0.4477247458774705f,0.016504158230309943f,-0.05139835663054317f,2.073922104843534f,-0.17930654762581616f,0.6636940243179051f,0.4535937465108947f,-0.16389325556210302f,-2.0256695781770304f,-1.4908446140105318f,0f,0f,0f,1f], start_interpolation: 0, interpolation_duration: 1 }
$data merge entity $(bone_tail_2) { transformation: [-1.938943237645441f,-0.07602370023340761f,-0.23128638782819735f,0.058047960628742665f,-0.029366519585485626f,1.9159281928327607f,-0.3835761233950861f,0.7354341735972455f,0.24168285772729017f,-0.37711196204070246f,-1.9021434854840364f,-1.1371513182968604f,0f,0f,0f,1f], start_interpolation: 0, interpolation_duration: 1 }
$data merge entity $(bone_tail_1) { transformation: [-1.5120277656598122f,0.008764281957659631f,-0.03676238887184112f,0.06729623110273744f,0.013138447424460407f,1.5013988276547503f,-0.1824422964013984f,0.7563281185298798f,0.03543539294367303f,-0.18270467339044094f,-1.501006190942669f,-0.8119520108602978f,0f,0f,0f,1f], start_interpolation: 0, interpolation_duration: 1 }
$data merge entity $(bone_tail_0) { transformation: [-1.2765048158506076f,-0.00992610093510019f,0.06536546652828903f,0.04795538805102108f,-0.00854917055488769f,1.277899891957943f,0.027101557164273163f,0.7792464143994975f,-0.06555976950125827f,0.02662809114696594f,-1.2762556867527912f,-0.4383578529760198f,0f,0f,0f,1f], start_interpolation: 0, interpolation_duration: 1 }
$data merge entity $(bone_body_1) { transformation: [-1.2272479153656548f,-0.04272641190938607f,0.1436718588042029f,0.017431620451053037f,-0.010675505288995203f,1.2069795158784065f,0.26775189428462004f,0.6356992138671875f,-0.1495098086204714f,0.2645363813004313f,-1.1984456246117272f,-0.17755443536445714f,0f,0f,0f,1f], start_interpolation: 0, interpolation_duration: 1 }