# This file was generated by Animated Java via MC-Build. It is not recommended to edit this file directly.
$data merge entity $(bone_head_lower) { transformation: [-0.9984890629738112f,-0.054738907011030985f,-0.004821118222816917f,-0.013113729559174985f,-0.05494344799939492f,0.9959412819941081f,0.07128941255102739f,0.41079601859310666f,0.0008992461389757053f,0.07144658759640315f,-0.9974440217261373f,0.8065654434664891f,0f,0f,0f,1f], start_interpolation: 0, interpolation_duration: 1 }
$data merge entity $(bone_head_upper) { transformation: [-1.0393268496123307f,-0.037120985463440496f,-0.04351637274220256f,-0.017269812345857623f,-0.05719061212946684f,0.6873795629802862f,0.7795578957747751f,0.4799538589520072f,0.0009360249313739205f,0.7807709724488745f,-0.6883805306820304f,0.7766425996083273f,0f,0f,0f,1f], start_interpolation: 0, interpolation_duration: 1 }
$data merge entity $(bone_neck_0) { transformation: [-0.9988742251737389f,-0.03397284837132746f,0.033107821690677754f,-0.01425479425600612f,-0.029794254002966113f,0.9923963755615031f,0.11942251128158106f,0.47157711579844025f,-0.03691320511645741f,0.11830164557575444f,-0.9922913563778025f,0.7105708500147686f,0f,0f,0f,1f], start_interpolation: 0, interpolation_duration: 1 }
$data merge entity $(bone_neck_1) { transformation: [-0.9994930985677757f,-0.011497432517659835f,0.029687623025236642f,-0.011792830170146167f,-0.004666140502145529f,0.9753448454976352f,0.22063694045650784f,0.49476125230005186f,-0.0314924284265431f,0.22038657265517836f,-0.9749040904340811f,0.6289989713307159f,0f,0f,0f,1f], start_interpolation: 0, interpolation_duration: 1 }
$data merge entity $(bone_neck_2) { transformation: [-0.9997798454834744f,-0.003850427945328588f,0.0206260701462386f,-0.0100235298259118f,0.0025586060506641037f,0.9533102942695342f,0.301981682184221f,0.5305506161218387f,-0.020825803708794235f,0.30196797354085775f,-0.9530905669743619f,0.5484575446754579f,0f,0f,0f,1f], start_interpolation: 0, interpolation_duration: 1 }
$data merge entity $(bone_body_0) { transformation: [-0.9998749175897383f,0.0006925218105577557f,0.01580093631578878f,-0.002570010657893907f,0.0020884127090497707f,0.9960741813247832f,0.08849781822462988f,0.5817481576541336f,-0.015677618035607015f,0.08851974758044023f,-0.9959510362367342f,0.07991281735885913f,0f,0f,0f,1f], start_interpolation: 0, interpolation_duration: 1 }
$data merge entity $(bone_leg_left_3) { transformation: [-0.9903079182050978f,0.009867462998578339f,-0.13853829908822016f,0.1925050653666435f,0.008156985619662166f,0.9998834044005971f,0.012908957737672089f,0.032990907059361974f,0.1386495247950242f,0.011653788149956545f,-0.9902729414135629f,-0.12669022669432267f,0f,0f,0f,1f], start_interpolation: 0, interpolation_duration: 1 }
$data merge entity $(bone_leg_left_2) { transformation: [-1.0163525250056231f,-0.04638545908674458f,-0.1301465850520131f,0.17609382254278186f,-0.002150187612122447f,0.9713628261337635f,-0.3294113480124137f,0.24923054959129798f,0.13814890918361092f,-0.3261362425297666f,-0.9626069964947471f,-0.23224665791787447f,0f,0f,0f,1f], start_interpolation: 0, interpolation_duration: 1 }
$data merge entity $(bone_leg_left_1) { transformation: [-0.9405783295810883f,0.06995467322396189f,0.33229316817620325f,0.1962069429285723f,0.3311579747726138f,0.4055046822158884f,0.851997857066256f,0.30761151033987455f,-0.07514520388521634f,0.9114122538100526f,-0.40457496454665737f,0.03830927247394948f,0f,0f,0f,1f], start_interpolation: 0, interpolation_duration: 1 }
$data merge entity $(bone_leg_left_0) { transformation: [-0.9591750304433343f,0.274209261220033f,-0.06922818815477177f,0.1979773417273285f,0.27760575248526503f,0.8661135539191639f,-0.4156709731321222f,0.713792837829397f,-0.054021358379057444f,-0.4179193615743106f,-0.9068765627472142f,-0.058235398282109496f,0f,0f,0f,1f], start_interpolation: 0, interpolation_duration: 1 }
$data merge entity $(bone_leg_right_3) { transformation: [-0.9798739413884867f,0.003985617263173334f,0.1995774883167528f,-0.1904733077173094f,0.010235339480816197f,0.9994886609733034f,0.030292811218267157f,0.040870447581363406f,-0.19935470100678473f,0.03172587966983159f,-0.9794136877467411f,-0.15716490087775994f,0f,0f,0f,1f], start_interpolation: 0, interpolation_duration: 1 }
$data merge entity $(bone_leg_right_2) { transformation: [-1.0062086210090668f,0.07162442967932806f,0.18567808589286208f,-0.16647846241709036f,0.01823566543749359f,0.986126978613257f,-0.2815728006357062f,0.2620050633478224f,-0.19817636340839911f,-0.2729207258983719f,-0.9686602117677913f,-0.2504108186160433f,0f,0f,0f,1f], start_interpolation: 0, interpolation_duration: 1 }
$data merge entity $(bone_leg_right_1) { transformation: [-0.9454935918731877f,-0.11837155383734091f,-0.30336453808721764f,-0.2013770928161598f,-0.32561501091045303f,0.355365339801663f,0.876179399402562f,0.3055926248818378f,0.004090525213589233f,0.9272020548455348f,-0.37453920635054316f,0.021426624970290437f,0f,0f,0f,1f], start_interpolation: 0, interpolation_duration: 1 }
$data merge entity $(bone_leg_right_0) { transformation: [-0.9612801929280009f,-0.24034749418194173f,0.13480902315782256f,-0.1949461721341686f,-0.274840801175889f,0.8718099923280175f,-0.4054748713373218f,0.7128590363715992f,-0.020072984165298305f,-0.42682598247703196f,-0.904110975483218f,-0.07022484471725693f,0f,0f,0f,1f], start_interpolation: 0, interpolation_duration: 1 }
$data merge entity $(bone_tail_4) { transformation: [-2.7555902714498526f,-0.043300937148197625f,-0.17466715871340793f,-0.011345086672384411f,-0.05752144889974825f,2.751650826387694f,0.22532275552281789f,0.6470317108664658f,0.17051354904347238f,0.2284821439019027f,-2.7467039103461057f,-1.8277774897027759f,0f,0f,0f,1f], start_interpolation: 0, interpolation_duration: 1 }
$data merge entity $(bone_tail_3) { transformation: [-2.079564850717666f,-0.023008608957158942f,-0.1040488424630969f,0.006522909277040341f,-0.014012250719052212f,2.074563995012594f,-0.1786992262759334f,0.6570312586123651f,0.10563718348119774f,-0.17776490248552254f,-2.0720004707902255f,-1.474703209698703f,0f,0f,0f,1f], start_interpolation: 0, interpolation_duration: 1 }
$data merge entity $(bone_tail_2) { transformation: [-1.9533675893801066f,-0.019062211813281944f,-0.052588666487306174f,0.014850083714049065f,-0.0075730329014705704f,1.9104042303310125f,-0.4111839015681702f,0.7339184341968686f,0.05542188137189851f,-0.41081161597128063f,-1.9096952914669503f,-1.119751798424323f,0f,0f,0f,1f], start_interpolation: 0, interpolation_duration: 1 }
$data merge entity $(bone_tail_1) { transformation: [-1.5124853749834701f,0.0035163898323919197f,-0.005645835957451629f,0.01746700641596419f,0.0042082251898746615f,1.5001250994937732f,-0.19303685324193698f,0.7571163112521776f,0.00515085447892944f,-0.19305069508122588f,-1.5001203777786611f,-0.7945877056734058f,0f,0f,0f,1f], start_interpolation: 0, interpolation_duration: 1 }
$data merge entity $(bone_tail_0) { transformation: [-1.278090860045333f,-0.0018696823666302048f,0.0177756670889284f,0.01222742458158418f,-0.0017606504111084198f,1.2781905155807316f,0.00785000468924436f,0.7856673714684266f,-0.01778679742782168f,0.007824752477823662f,-1.2780681201211264f,-0.420917670691324f,0f,0f,0f,1f], start_interpolation: 0, interpolation_duration: 1 }
$data merge entity $(bone_body_1) { transformation: [-1.2357888428080221f,-0.011029212592237755f,0.03617855051069154f,0.004559314105449038f,-0.002936911083796922f,1.207044757459326f,0.26765448454956414f,0.6421384228515625f,-0.037708163582244436f,0.2674432743887986f,-1.206506023374812f,-0.15843612315379782f,0f,0f,0f,1f], start_interpolation: 0, interpolation_duration: 1 }