# This file was generated by Animated Java via MC-Build. It is not recommended to edit this file directly.
$data merge entity $(bone_head_lower) { transformation: [-0.9945336508947414f,-0.0649295399851588f,0.08177390827942851f,-0.29526988566453527f,-0.05728625373922092f,0.9940560970137506f,0.09257840526988431f,0.5675543480818008f,-0.08729892536854214f,0.08738781852812783f,-0.9923418094600229f,0.7637346957339156f,0f,0f,0f,1f], start_interpolation: 0, interpolation_duration: 1 }
$data merge entity $(bone_head_upper) { transformation: [-1.0352096628273153f,-0.09692082595348438f,0.049185872656261544f,-0.29437683139836934f,-0.05962923764788267f,0.9002952362705304f,0.519022912933167f,0.6235318012533453f,-0.09086941504156329f,0.5133680781160742f,-0.9009261392394603f,0.7131265572352304f,0f,0f,0f,1f], start_interpolation: 0, interpolation_duration: 1 }
$data merge entity $(bone_neck_0) { transformation: [-0.9879781805982889f,0.04659425068477893f,0.14740451304088042f,-0.2852824508049122f,0.016062424404496976f,0.9792767018518101f,-0.20188892919744583f,0.5945765973639396f,-0.1537566687462527f,-0.19709418310382848f,-0.9682524308271524f,0.653766430351596f,0f,0f,0f,1f], start_interpolation: 0, interpolation_duration: 1 }
$data merge entity $(bone_neck_1) { transformation: [-0.9715220462817921f,0.019938876962462077f,0.23610877741819647f,-0.2651890825160809f,0.013770808633265201f,0.9995201950098168f,-0.027744271428967335f,0.5968309580287294f,-0.2365486808630003f,-0.02370276256080764f,-0.9713304796149251f,0.5713727943513947f,0f,0f,0f,1f], start_interpolation: 0, interpolation_duration: 1 }
$data merge entity $(bone_neck_2) { transformation: [-0.9452902527802404f,-0.045026621300557165f,0.3231082502396456f,-0.23732321524738192f,-0.0046105287658796575f,0.9921742976638026f,0.12477542257928564f,0.617476227345409f,-0.3261979169509949f,0.1164592908685113f,-0.9381002891734099f,0.4903283825122946f,0f,0f,0f,1f], start_interpolation: 0, interpolation_duration: 1 }
$data merge entity $(bone_body_0) { transformation: [-0.9305419438682416f,0.0428025524349403f,0.3636751740316738f,-0.06551672169302333f,0.004542126794157308f,0.9944178953257862f,-0.10541545683636591f,0.5772673913217401f,-0.36615715176150776f,-0.0964416453659316f,-0.9255419759540958f,0.05320519280337188f,0f,0f,0f,1f], start_interpolation: 0, interpolation_duration: 1 }
$data merge entity $(bone_leg_left_3) { transformation: [-0.9875961746791607f,0.03593624198168153f,0.15284757855891107f,0.2520086095614059f,0.025940426108518325f,0.9974226600115362f,-0.0668964243350843f,0.015078059892532553f,-0.1548576444751665f,-0.062101721455569914f,-0.9859830049954496f,-0.05470292166671334f,0f,0f,0f,1f], start_interpolation: 0, interpolation_duration: 1 }
$data merge entity $(bone_leg_left_2) { transformation: [-1.0036093358188296f,-0.045341429090479425f,0.2068203456287971f,0.24627428559838832f,-0.11787951309306202f,0.9519245251042933f,-0.36332673779753993f,0.22555898525922558f,-0.17588325943910843f,-0.3792704217490375f,-0.9366329194172475f,-0.17232932028319467f,0f,0f,0f,1f], start_interpolation: 0, interpolation_duration: 1 }
$data merge entity $(bone_leg_left_1) { transformation: [-0.9005801680622075f,-0.25622564097821887f,0.35114638229426026f,0.1759779155874968f,0.21531552631698078f,0.4388042039490503f,0.8724047768802516f,0.29421115371418727f,-0.37761698190082443f,0.8612777086990819f,-0.34000900499570796f,0.0872061990383213f,0f,0f,0f,1f], start_interpolation: 0, interpolation_duration: 1 }
$data merge entity $(bone_leg_left_0) { transformation: [-0.9198133222820292f,0.30626249937742644f,0.24524831014216558f,0.16930991219512415f,0.16449292048212602f,0.8684894021165691f,-0.4676197574124358f,0.6924020069047117f,-0.3562099539088668f,-0.389781271851658f,-0.8492261352843227f,-0.03812081612846008f,0f,0f,0f,1f], start_interpolation: 0, interpolation_duration: 1 }
$data merge entity $(bone_leg_right_3) { transformation: [-0.8775936821908717f,0.00645757800062699f,0.47936168877480556f,-0.22010290297208085f,0.02163590459520926f,0.9994239557369134f,0.026146593115124017f,0.045903128934980386f,-0.47891671155955146f,0.03331750869357808f,-0.8772278649264623f,-0.14835959198432197f,0f,0f,0f,1f], start_interpolation: 0, interpolation_duration: 1 }
$data merge entity $(bone_leg_right_2) { transformation: [-0.9021153053325024f,0.16167959033071722f,0.4605538898500721f,-0.1667829250403195f,0.019680901121796997f,0.9790589830546336f,-0.30515302608979006f,0.2646592285062434f,-0.4877118386061331f,-0.2595484873221447f,-0.8641955477280052f,-0.23481085524715584f,0f,0f,0f,1f], start_interpolation: 0, interpolation_duration: 1 }
$data merge entity $(bone_leg_right_1) { transformation: [-0.9082172099180019f,-0.3852524654648745f,-0.16346876601356033f,-0.2808619237973667f,-0.31946026623102197f,0.38588144773652266f,0.8654713435997581f,0.31722755364936495f,-0.27034540482198866f,0.838257744459305f,-0.4735370270059503f,0.012648108813559406f,0f,0f,0f,1f], start_interpolation: 0, interpolation_duration: 1 }
$data merge entity $(bone_leg_right_0) { transformation: [-0.9143355027240175f,0.0054623989641734705f,0.4049206720531497f,-0.2053653498564682f,-0.2652580092307262f,0.7474582888747761f,-0.609051964064926f,0.6911276475152093f,-0.3059881974805077f,-0.6642862851135406f,-0.6819787052486915f,-0.15707597814746205f,0f,0f,0f,1f], start_interpolation: 0, interpolation_duration: 1 }
$data merge entity $(bone_tail_4) { transformation: [-2.6971545694822385f,-0.378557057309181f,-0.4557555422400216f,0.09405778868798775f,-0.547503916219793f,2.4043032198712337f,1.2430715265988541f,0.9007362021747763f,0.22640234461036937f,1.3044853057348822f,-2.4233698432300215f,-1.8118065065473894f,0f,0f,0f,1f], start_interpolation: 0, interpolation_duration: 1 }
$data merge entity $(bone_tail_3) { transformation: [-1.9893323855523275f,-0.44126198349773826f,-0.42870741509422505f,0.17106881870687132f,-0.5291841255607644f,1.9673557001472786f,0.4306056622908526f,0.808469274480907f,0.3137934784083624f,0.5203315645452393f,-1.9916661974062644f,-1.4791853726064887f,0f,0f,0f,1f], start_interpolation: 0, interpolation_duration: 1 }
$data merge entity $(bone_tail_2) { transformation: [-1.8754518795847162f,-0.4701037991427711f,-0.2836486213547777f,0.22229982182095512f,-0.4938011788100433f,1.885565104103241f,0.13992322536563367f,0.782541389348175f,0.24003024428339137f,0.20596245100125274f,-1.9284031802529233f,-1.1204729347658011f,0f,0f,0f,1f], start_interpolation: 0, interpolation_duration: 1 }
$data merge entity $(bone_tail_1) { transformation: [-1.4933571257973626f,-0.23342889965059346f,0.055242136437274665f,0.21469246898609623f,-0.22996043348851525f,1.492257577504305f,0.08911661691714906f,0.7453428781037822f,-0.06825645654453108f,0.07958970529469814f,-1.5088614200618586f,-0.7966904831985877f,0f,0f,0f,1f], start_interpolation: 0, interpolation_duration: 1 }
$data merge entity $(bone_tail_0) { transformation: [-1.2032125587468785f,-0.1341456097366662f,0.410024646144833f,0.09163656500077935f,-0.07974549527990944f,1.2630740967855008f,0.1792210885919424f,0.7234505384560318f,-0.4239763095272888f,0.1431240650690756f,-1.1973284042157153f,-0.4433494563422584f,0f,0f,0f,1f], start_interpolation: 0, interpolation_duration: 1 }
$data merge entity $(bone_body_1) { transformation: [-1.1783960292148385f,-0.04313438659922787f,0.3716541646203634f,0.008137584812518382f,-0.004008004254562789f,1.229508560863861f,0.12998934464264056f,0.6104137099125364f,-0.3741274238663176f,0.1226895207890068f,-1.1719985269854083f,-0.1791402257930968f,0f,0f,0f,1f], start_interpolation: 0, interpolation_duration: 1 }