# This file was generated by Animated Java via MC-Build. It is not recommended to edit this file directly.
$data merge entity $(bone_head_lower) { transformation: [-0.8198490546207237f,0.1517966266766622f,-0.5520917602782094f,-0.6589870006593724f,-0.08838897707966878f,0.919107933580045f,0.3839635336344188f,0.15185307298148495f,0.5657162861084303f,0.3635909660041153f,-0.7401126218839122f,0.13295907425488285f,0f,0f,0f,1f], start_interpolation: 0, interpolation_duration: 1 }
$data merge entity $(bone_head_upper) { transformation: [-0.8533805393509386f,0.36589511283012f,-0.47046186247945987f,-0.6834682377008091f,-0.09200404941348679f,0.7309285611367216f,0.7353574885656838f,0.21893092787002358f,0.5888538464951459f,0.6444657845884006f,-0.5669099951017227f,0.10853189864512376f,0f,0f,0f,1f], start_interpolation: 0, interpolation_duration: 1 }
$data merge entity $(bone_neck_0) { transformation: [-0.9847429865438109f,-0.17397553482789857f,-0.003709950690077596f,-0.6805659858566755f,-0.16809998656643943f,0.9455421099350338f,0.2787337669819846f,0.22166077184134936f,-0.044984941582034865f,0.2751047648096103f,-0.9603612463078202f,0.0419822093864779f,0f,0f,0f,1f], start_interpolation: 0, interpolation_duration: 1 }
$data merge entity $(bone_neck_1) { transformation: [-0.9548979362160731f,-0.13223911388793883f,0.2658622729317143f,-0.6586531709648196f,0.03293765633809534f,0.8426594268469066f,0.5374385556889236f,0.2710708980362999f,-0.2951017489023713f,0.5219558478493899f,-0.8002981011414347f,-0.023408958346217895f,0f,0f,0f,1f], start_interpolation: 0, interpolation_duration: 1 }
$data merge entity $(bone_neck_2) { transformation: [-0.7657473618235047f,-0.23504749642340325f,0.598651528257828f,-0.6085080690976422f,0.13302448586036192f,0.852811453118938f,0.5049921896334157f,0.3236615584228021f,-0.629234029612138f,0.4663317487092805f,-0.6217710479942075f,-0.07331508615616364f,0f,0f,0f,1f], start_interpolation: 0, interpolation_duration: 1 }
$data merge entity $(bone_body_0) { transformation: [-0.5433301851867466f,0.018761860513845596f,0.8393094199727504f,-0.21276595670108983f,0.2826595599379694f,0.9454678728341872f,0.16184583594912372f,0.4089456573073259f,-0.7905035629525075f,0.32517455931923117f,-0.5190044536715793f,-0.3148222447591629f,0f,0f,0f,1f], start_interpolation: 0, interpolation_duration: 1 }
$data merge entity $(bone_leg_left_3) { transformation: [-0.03565857348065321f,-0.07766727967868503f,0.996341437362031f,0.029463290495746048f,-0.03397907252429033f,0.9964932659575186f,0.0764630206812878f,0.016412492519929323f,-0.9987862077380293f,-0.03112819571756373f,-0.03817259047608859f,0.035292100302525775f,0f,0f,0f,1f], start_interpolation: 0, interpolation_duration: 1 }
$data merge entity $(bone_leg_left_2) { transformation: [0.2300479593840997f,-0.18469495667281574f,0.982358340354238f,0.017127328499145278f,-0.20560142528101005f,0.9777413193423872f,0.23197449401544093f,0.2511726597656811f,-0.9781963963368108f,-0.24894152914073886f,0.18226937417855427f,-0.018620421270673766f,0f,0f,0f,1f], start_interpolation: 0, interpolation_duration: 1 }
$data merge entity $(bone_leg_left_1) { transformation: [0.23263002077220882f,-0.9598376990540192f,-0.15682750049085215f,-0.23994600914026987f,0.19647337778583837f,-0.11154685888109134f,0.9741434751078433f,0.16529105705087416f,-0.9525132467619255f,-0.25742744560059716f,0.16263340676074717f,-0.07821098302195266f,0f,0f,0f,1f], start_interpolation: 0, interpolation_duration: 1 }
$data merge entity $(bone_leg_left_0) { transformation: [0.20634403196169326f,0.46912537620693295f,0.858687091944729f,-0.10166185466396106f,0.1465027946424526f,0.8528682927602049f,-0.5011512809184914f,0.557986417481614f,-0.9674497773195997f,0.22920963462079214f,0.10725610360841889f,-0.10943797585502466f,0f,0f,0f,1f], start_interpolation: 0, interpolation_duration: 1 }
$data merge entity $(bone_leg_right_3) { transformation: [0.42623423014277034f,0.01702860469733472f,0.9044525458401128f,-0.14049922058150155f,-0.005694165698109457f,0.9998535063345526f,-0.016141324217751635f,0.012851432767078508f,-0.9045949135008458f,0.0017298822393477936f,0.426268753224812f,-0.6812560613210624f,0f,0f,0f,1f], start_interpolation: 0, interpolation_duration: 1 }
$data merge entity $(bone_leg_right_2) { transformation: [0.4424578899522843f,0.1382171816033443f,0.9149804510640073f,-0.08069042153800166f,0.24348104843339854f,0.9610684015885139f,-0.2629195809036779f,0.22837195785640202f,-0.8927542742398044f,0.33061418251251845f,0.38176729515351887f,-0.5910070564057055f,0f,0f,0f,1f], start_interpolation: 0, interpolation_duration: 1 }
$data merge entity $(bone_leg_right_1) { transformation: [0.24771107850454913f,-0.8737379504186544f,0.41859433295772336f,-0.3353250710992864f,-0.10127427827113417f,0.4063407369033736f,0.908091804881799f,0.2885833133901645f,-0.963526202107018f,-0.26733723932709336f,0.012167921851918728f,-0.6834687975063043f,0f,0f,0f,1f], start_interpolation: 0, interpolation_duration: 1 }
$data merge entity $(bone_leg_right_0) { transformation: [0.29673727908616077f,0.838022301990347f,0.457892573173382f,-0.07806890948449989f,-0.0715946932671198f,0.4976623913943261f,-0.8644109810082626f,0.5626749164083188f,-0.9522715931374457f,0.22372028419095047f,0.20767293358786887f,-0.5018088431117862f,0f,0f,0f,1f], start_interpolation: 0, interpolation_duration: 1 }
$data merge entity $(bone_tail_4) { transformation: [0.3829845941992346f,-0.5754550962663442f,-2.6735436342777614f,-0.11932644989387498f,-2.5622188653454847f,-1.019262018274505f,-0.1476507899426221f,0.14317333263178975f,-0.9560432094177256f,2.5011232880216188f,-0.6752962397660592f,0.4349283170366983f,0f,0f,0f,1f], start_interpolation: 0, interpolation_duration: 1 }
$data merge entity $(bone_tail_3) { transformation: [0.7556984957962425f,0.2620017187587759f,-1.9225556972070248f,0.20410405747792842f,-1.7879019294528578f,-0.7075591137138385f,-0.7991947930909455f,0.2856112574005425f,-0.7538381790241778f,1.940788686594287f,-0.03182451692606026f,0.421332438118634f,0f,0f,0f,1f], start_interpolation: 0, interpolation_duration: 1 }
$data merge entity $(bone_tail_2) { transformation: [1.0778549877463144f,0.8497172159423173f,-1.3910367188986805f,0.4636939524555399f,-1.5107180659455568f,-0.10553551624630461f,-1.2350575108225197f,0.5140635457318868f,-0.6121547399300973f,1.7565923780845227f,0.5986849477306507f,0.3100035454140644f,0f,0f,0f,1f], start_interpolation: 0, interpolation_duration: 1 }
$data merge entity $(bone_tail_1) { transformation: [1.3835570838019318f,0.5992054422397731f,-0.11991198377031939f,0.48085119442338836f,-0.5898273317221506f,1.231859970565403f,-0.6498315025236414f,0.6394053237903083f,-0.1597803636715837f,0.6411942770399961f,1.3605132797867625f,0.009550978908071217f,0f,0f,0f,1f], start_interpolation: 0, interpolation_duration: 1 }
$data merge entity $(bone_tail_0) { transformation: [1.0113662268796f,-0.046736274704177745f,0.7802498268747808f,0.25171623075539845f,0.09669219086269716f,1.2736094030907132f,-0.04904513400039254f,0.6844719154928034f,-0.7756446943913955f,0.09782906301156294f,1.0112568907437842f,-0.28360099880651085f,0f,0f,0f,1f], start_interpolation: 0, interpolation_duration: 1 }
$data merge entity $(bone_body_1) { transformation: [0.07420247807321778f,-0.44267614740199607f,1.1520140692827368f,0.013706476770124574f,0.01474585882172836f,1.15433008965161f,0.44261631107401134f,0.5038175f,-1.2340507067992195f,-0.012824496188252968f,0.07455857027944005f,-0.3000710011700279f,0f,0f,0f,1f], start_interpolation: 0, interpolation_duration: 1 }