# This file was generated by Animated Java via MC-Build. It is not recommended to edit this file directly.
$data merge entity $(bone_head_lower) { transformation: [-0.8553712307639597f,0.1375621923089461f,-0.49941636019308144f,-0.6431534092931162f,-0.07669231596406298f,0.9198414429497439f,0.3847206889474501f,0.15204918953955285f,0.5123068867909326f,0.3673804064988891f,-0.7762559440463526f,0.16716893796382176f,0f,0f,0f,1f], start_interpolation: 0, interpolation_duration: 1 }
$data merge entity $(bone_head_upper) { transformation: [-0.8903555576975263f,0.3312238869999143f,-0.4254758044134855f,-0.6653234373227834f,-0.07982899973186151f,0.7313323505457641f,0.7363778014243263f,0.2192102285765958f,0.533260024999479f,0.6625071111387278f,-0.6001583257871875f,0.1408375653367554f,0f,0f,0f,1f], start_interpolation: 0, interpolation_duration: 1 }
$data merge entity $(bone_neck_0) { transformation: [-0.985052038939612f,-0.16823965056076232f,-0.03698513971997114f,-0.6646658258861854f,-0.1718464162623348f,0.9449695133794946f,0.27839078289539854f,0.22192839943459822f,-0.011886538550205189f,0.280585172028946f,-0.959755526912339f,0.0742273908235322f,0f,0f,0f,1f], start_interpolation: 0, interpolation_duration: 1 }
$data merge entity $(bone_neck_1) { transformation: [-0.9690065040857886f,-0.10170349621953688f,0.2251283942468414f,-0.6460630313774498f,0.0361817275757908f,0.8430636464112539f,0.5365953509763116f,0.2712689573123342f,-0.24437118821389298f,0.5281099193884571f,-0.813254348537066f,0.007767009924000909f,0f,0f,0f,1f], start_interpolation: 0, interpolation_duration: 1 }
$data merge entity $(bone_neck_2) { transformation: [-0.7955665611463554f,-0.20711268485147544f,0.5693664747413356f,-0.5982100205716722f,0.1371949038184511f,0.8537611747526452f,0.5022642878517531f,0.32362993141186935f,-0.5901282955019261f,0.4776988510124305f,-0.6508090369604552f,-0.044571772468318616f,0f,0f,0f,1f], start_interpolation: 0, interpolation_duration: 1 }
$data merge entity $(bone_body_0) { transformation: [-0.5931813044736479f,0.03710977579794622f,0.8042131586607917f,-0.2188338576924909f,0.27885840962995184f,0.946568714481757f,0.16200511147185412f,0.40899958314571794f,-0.7552310423980171f,0.32036000578190166f,-0.5718352378909719f,-0.3110237461991118f,0f,0f,0f,1f], start_interpolation: 0, interpolation_duration: 1 }
$data merge entity $(bone_leg_left_3) { transformation: [-0.0303549534336843f,-0.09990200842402608f,0.9945341449718482f,0.028850469910072014f,-0.02483955242578257f,0.9947607637486308f,0.09916662513935093f,0.02025642171870809f,-0.9992304906463402f,-0.02169358474497842f,-0.0326774378369353f,0.033362947517820575f,0f,0f,0f,1f], start_interpolation: 0, interpolation_duration: 1 }
$data merge entity $(bone_leg_left_2) { transformation: [0.23262653203429542f,-0.16857633431806687f,0.9846466958266173f,0.020346456156746517f,-0.2006070776322097f,0.9825137814665291f,0.21560535506545547f,0.2556309113656905f,-0.9786234702367689f,-0.24147647553523682f,0.18986156737349102f,-0.018575510675713516f,0f,0f,0f,1f], start_interpolation: 0, interpolation_duration: 1 }
$data merge entity $(bone_leg_left_1) { transformation: [0.22808973200302812f,-0.9579765507977696f,-0.17394252578480007f,-0.23522312621356378f,0.20142702270348045f,-0.12835870233244895f,0.9710567429663121f,0.16524710991823588f,-0.9525766261459487f,-0.2565247973532751f,0.16368506243167946f,-0.07797536473898528f,0f,0f,0f,1f], start_interpolation: 0, interpolation_duration: 1 }
$data merge entity $(bone_leg_left_0) { transformation: [0.20280477394865493f,0.45202152651911953f,0.8686465122401401f,-0.10487678749573093f,0.15094324833289596f,0.862047551900786f,-0.48382864119910846f,0.5606526912019738f,-0.9675155603122612f,0.2292390844188375f,0.10659776136704008f,-0.10914485040972507f,0f,0f,0f,1f], start_interpolation: 0, interpolation_duration: 1 }
$data merge entity $(bone_leg_right_3) { transformation: [0.41090034795553254f,0.04105352193115641f,0.9107554624525018f,-0.14560005301175458f,-0.009745005857362805f,0.9991263164286083f,-0.040640357781887515f,0.007012705322833435f,-0.9116281801868907f,0.007823819837390097f,0.4109414178837292f,-0.6702863406263787f,0f,0f,0f,1f], start_interpolation: 0, interpolation_duration: 1 }
$data merge entity $(bone_leg_right_2) { transformation: [0.42523821424229613f,0.11524084223251281f,0.9262581761745796f,-0.09077175886414723f,0.2319826874482574f,0.9728675120780693f,-0.22754128453536848f,0.22639477206514996f,-0.9041121022157602f,0.30382651583636106f,0.3772703995842108f,-0.5864028558469012f,0f,0f,0f,1f], start_interpolation: 0, interpolation_duration: 1 }
$data merge entity $(bone_leg_right_1) { transformation: [0.23219875630326023f,-0.8798640146067204f,0.41463604929065695f,-0.3471696736955262f,-0.11524550165389533f,0.3983975556272385f,0.9099438784995386f,0.2840717407855103f,-0.9658168625157468f,-0.2590727763976488f,-0.008892952819658018f,-0.6755480307534386f,0f,0f,0f,1f], start_interpolation: 0, interpolation_duration: 1 }
$data merge entity $(bone_leg_right_0) { transformation: [0.28145886899202577f,0.8424972119907058f,0.4593248881278009f,-0.08649660968658016f,-0.08552515139304594f,0.4987963873020807f,-0.8624891955807844f,0.5600719148320887f,-0.9557543374449975f,0.20347140291028568f,0.2124453686310763f,-0.5018219930075114f,0f,0f,0f,1f], start_interpolation: 0, interpolation_duration: 1 }
$data merge entity $(bone_tail_4) { transformation: [0.443532398187726f,-0.5102647473286878f,-2.677418575977884f,-0.08881004534374176f,-2.5664681279778176f,-0.9915231756462963f,-0.23618736594135464f,0.1536012601887819f,-0.9177045774277675f,2.5262963031659362f,-0.6334876705810842f,0.4699100641755958f,0f,0f,0f,1f], start_interpolation: 0, interpolation_duration: 1 }
$data merge entity $(bone_tail_3) { transformation: [0.7179947106027892f,0.37672681338984537f,-1.917943176860044f,0.23271567391138298f,-1.7993073384163585f,-0.6707331419656138f,-0.8053295475980112f,0.2967190415731352f,-0.763493433836795f,1.934977903332881f,0.09425399803738505f,0.4349927913172972f,0f,0f,0f,1f], start_interpolation: 0, interpolation_duration: 1 }
$data merge entity $(bone_tail_2) { transformation: [1.0384869859275037f,0.969450688736952f,-1.3418211569242144f,0.4831558838650436f,-1.5223052298981103f,-0.06298994510762074f,-1.2236800761812603f,0.5230578454256439f,-0.6503118037425177f,1.69557409272658f,0.7217318955057793f,0.30074700524517256f,0f,0f,0f,1f], start_interpolation: 0, interpolation_duration: 1 }
$data merge entity $(bone_tail_1) { transformation: [1.3733216852977714f,0.632438581338914f,-0.040807346457625446f,0.482894228273993f,-0.5901193590208218f,1.2406018615980843f,-0.6327103706343223f,0.644608765330057f,-0.231090763120781f,0.5904106298445088f,1.373196488987234f,-0.00174594079749274f,0f,0f,0f,1f], start_interpolation: 0, interpolation_duration: 1 }
$data merge entity $(bone_tail_0) { transformation: [0.9910466321912041f,-0.046040664847874654f,0.8059420243335533f,0.24626819367127642f,0.0843998144719911f,1.2750508963769343f,-0.030945105420678125f,0.684420893798547f,-0.8028318383843492f,0.07720871332154862f,0.9916327800388938f,-0.2896609030272867f,0f,0f,0f,1f], start_interpolation: 0, interpolation_duration: 1 }
$data merge entity $(bone_body_1) { transformation: [0.0578077357655482f,-0.44177616994452534f,1.153298173245348f,0.007899283633681194f,-0.0018266072982423128f,1.1545290296595867f,0.44233921173158636f,0.5038175f,-1.2350139773491184f,-0.02238594198797677f,0.05332860779987013f,-0.3005512052713505f,0f,0f,0f,1f], start_interpolation: 0, interpolation_duration: 1 }