# This file was generated by Animated Java via MC-Build. It is not recommended to edit this file directly.
$data merge entity $(bone_head_lower) { transformation: [-0.8612698743368904f,0.13322409214222497f,-0.49037286306707184f,-0.6386534844549387f,-0.07548759591036519f,0.9207682732475098f,0.3827367369935536f,0.15197647842792208f,0.5025095286891493f,0.36665668990716527f,-0.7829732085601204f,0.17478008641793075f,0f,0f,0f,1f], start_interpolation: 0, interpolation_duration: 1 }
$data merge entity $(bone_head_upper) { transformation: [-0.8964954533348216f,0.32344974268746246f,-0.41850699956979737f,-0.6605195737929467f,-0.07857500712993418f,0.733013929116219f,0.7348390916109735f,0.21906959154167133f,0.5230619590335653f,0.6644868593588019f,-0.6069063711438131f,0.1480248102734995f,0f,0f,0f,1f], start_interpolation: 0, interpolation_duration: 1 }
$data merge entity $(bone_neck_0) { transformation: [-0.9846304888835734f,-0.16864506786645683f,-0.045405301950474874f,-0.6603999813643102f,-0.17460974485808506f,0.9449348779732328f,0.27678423616656017f,0.22168533517404942f,-0.0037732428347648783f,0.28045840596072336f,-0.9598587631336601f,0.08140739635493335f,0f,0f,0f,1f], start_interpolation: 0, interpolation_duration: 1 }
$data merge entity $(bone_neck_1) { transformation: [-0.9718694320273714f,-0.09660844169851424f,0.2147943576618796f,-0.6426491431092546f,0.03450302738400626f,0.8437584736380711f,0.5356129005777317f,0.27094586759054473f,-0.23297928704529303f,0.5279568610753509f,-0.8166897848334639f,0.014655283790479576f,0f,0f,0f,1f], start_interpolation: 0, interpolation_duration: 1 }
$data merge entity $(bone_neck_2) { transformation: [-0.8022959599152037f,-0.20258922833846707f,0.5614969254278837f,-0.5954412763785325f,0.13551037172511954f,0.8542746818838758f,0.5018482908679902f,0.3232754247900816f,-0.581341665338604f,0.47871951334098284f,-0.6579281842936286f,-0.038297196379720455f,0f,0f,0f,1f], start_interpolation: 0, interpolation_duration: 1 }
$data merge entity $(bone_body_0) { transformation: [-0.6043791140956327f,0.03919211836164593f,0.7957322818029345f,-0.22004228204332363f,0.27573027708035114f,0.9473545293854886f,0.16276427726621218f,0.4090103543851661f,-0.7474615045245947f,0.31777881224387255f,-0.5833677448597093f,-0.31020898649292006f,0f,0f,0f,1f], start_interpolation: 0, interpolation_duration: 1 }
$data merge entity $(bone_leg_left_3) { transformation: [-0.029117639371913223f,-0.10343936273433964f,0.9942094655124343f,0.028484740102604832f,-0.023441038967592358f,0.994428324041842f,0.10277561011958207f,0.021251343898603697f,-0.9993010961514688f,-0.0203127196713359f,-0.03138013145330509f,0.03323082203348954f,0f,0f,0f,1f], start_interpolation: 0, interpolation_duration: 1 }
$data merge entity $(bone_leg_left_2) { transformation: [0.2331464462210405f,-0.1644086726487512f,0.9852282590715051f,0.0209709817259722f,-0.20026274584197004f,0.9834744488820868f,0.21150659688199705f,0.256723627927439f,-0.9785702666354767f,-0.24043709417360087f,0.19144826064245415f,-0.01841623940582826f,0f,0f,0f,1f], start_interpolation: 0, interpolation_duration: 1 }
$data merge entity $(bone_leg_left_1) { transformation: [0.22720026610778835f,-0.9575673784581529f,-0.17732668945573338f,-0.23429024368658743f,0.20176550955507003f,-0.13185245022545694f,0.9705182175124409f,0.16541250455047501f,-0.9527175437843752f,-0.2562804071370327f,0.16324715826973407f,-0.07772366902708946f,0f,0f,0f,1f], start_interpolation: 0, interpolation_duration: 1 }
$data merge entity $(bone_leg_left_0) { transformation: [0.20211524177055215f,0.4486050329399402f,0.8705762192163224f,-0.10552259737747807f,0.1511725254145543f,0.8639776655289685f,-0.4803014272588617f,0.5613154332494751f,-0.9676240471401159f,0.2286834447179522f,0.10680629900953457f,-0.1091409075438595f,0f,0f,0f,1f], start_interpolation: 0, interpolation_duration: 1 }
$data merge entity $(bone_leg_right_3) { transformation: [0.40779803523436053f,0.04577118626724547f,0.9119242079069318f,-0.14655268630794757f,-0.011193296293903837f,0.9989183159463162f,-0.04513211921740359f,0.005634701400558911f,-0.9130035446684048f,0.00819735168613412f,0.40786925705213645f,-0.6677537096640092f,0f,0f,0f,1f], start_interpolation: 0, interpolation_duration: 1 }
$data merge entity $(bone_leg_right_2) { transformation: [0.4217712171624178f,0.1104066180573659f,0.9284296519193916f,-0.09277875584576495f,0.22905520725316642f,0.975284888619971f,-0.2200347644360677f,0.2258167818278935f,-0.906479427182016f,0.29781196117577535f,0.3763844887573036f,-0.585295914839294f,0f,0f,0f,1f], start_interpolation: 0, interpolation_duration: 1 }
$data merge entity $(bone_leg_right_1) { transformation: [0.22910156297773815f,-0.8810681681652901f,0.4138011078851991f,-0.34952120194891695f,-0.11869116875859245f,0.3966503529895714f,0.9102641945786778f,0.2829334792140979f,-0.9661391619740277f,-0.2576574868291417f,-0.013701794809948098f,-0.6738079756470083f,0f,0f,0f,1f], start_interpolation: 0, interpolation_duration: 1 }
$data merge entity $(bone_leg_right_0) { transformation: [0.27840609988386367f,0.8433517944883058f,0.45961700825884444f,-0.0881814188458675f,-0.0889581581595779f,0.4991215543155515f,-0.8619536647143416f,0.5594169038459043f,-0.9563349254546294f,0.19908647556020095f,0.21398150762321927f,-0.501861145970005f,0f,0f,0f,1f], start_interpolation: 0, interpolation_duration: 1 }
$data merge entity $(bone_tail_4) { transformation: [0.45597661395836847f,-0.4967945724301883f,-2.677861425079156f,-0.08237054815672507f,-2.5672641832156273f,-0.9849293200688822f,-0.2544212641404852f,0.15628987906149389f,-0.9093411200980932f,2.531555000167398f,-0.6244912649718883f,0.4768847115394378f,0f,0f,0f,1f], start_interpolation: 0, interpolation_duration: 1 }
$data merge entity $(bone_tail_3) { transformation: [0.710437743826689f,0.3996652125771212f,-1.9161136333857063f,0.2386204778901781f,-1.8020992432362546f,-0.6620652205581762f,-0.8062589455621656f,0.29948042957963295f,-0.7639777848329141f,1.9333605167240233f,0.1200024278873379f,0.43761728388706633f,0f,0f,0f,1f], start_interpolation: 0, interpolation_duration: 1 }
$data merge entity $(bone_tail_2) { transformation: [1.0303586880791962f,0.9928837660949068f,-1.330908214689386f,0.4870315612569792f,-1.5251360546623591f,-0.05345630663217326f,-1.2206048963743168f,0.5252477395402398f,-0.6565781474214843f,1.6822895485941822f,0.7467133894755942f,0.29871969793675524f,0f,0f,0f,1f], start_interpolation: 0, interpolation_duration: 1 }
$data merge entity $(bone_tail_1) { transformation: [1.37077889087257f,0.6387496782020533f,-0.02490644364298428f,0.48327349146190446f,-0.590468102681626f,1.2426651674281117f,-0.6283207392537861f,0.645829171144424f,-0.24488548763397305f,0.5791704241910463f,1.375590406948462f,-0.004137813547653801f,0f,0f,0f,1f], start_interpolation: 0, interpolation_duration: 1 }
$data merge entity $(bone_tail_0) { transformation: [0.9869043289932214f,-0.04597577766601066f,0.8110128173256403f,0.24516721913399048f,0.08135677177342798f,1.2753445603147642f,-0.026702897711204106f,0.6844087145560613f,-0.8082305597322297f,0.07223708831046728f,0.9876137311577738f,-0.29099829045068776f,0f,0f,0f,1f], start_interpolation: 0, interpolation_duration: 1 }
$data merge entity $(bone_body_1) { transformation: [0.05453996565362157f,-0.441613468827603f,1.1535196276409012f,0.006735864976678753f,-0.0059710894662892f,1.1545358620871726f,0.44228484520890476f,0.5038175f,-1.2351495185981887f,-0.02508151432690959f,0.04879732986528744f,-0.3006535681219134f,0f,0f,0f,1f], start_interpolation: 0, interpolation_duration: 1 }