# This file was generated by Animated Java via MC-Build. It is not recommended to edit this file directly.
$data merge entity $(bone_head_lower) { transformation: [-0.8722447718976387f,0.12327334648003249f,-0.47327871275269684f,-0.6286157301065127f,-0.07426919763739848f,0.9231023707635061f,0.37731432436775025f,0.15182371492751776f,0.4833975012135799f,0.3642604770468635f,-0.7960158042916348f,0.19038290854223774f,0f,0f,0f,1f], start_interpolation: 0, interpolation_duration: 1 }
$data merge entity $(bone_head_upper) { transformation: [-0.9079192196329307f,0.3070712518983144f,-0.4060318700080562f,-0.6499931378236379f,-0.07730677687526906f,0.7374184877894016f,0.7305542955174906f,0.2187207423826603f,0.5031682575975899f,0.6673778260532045f,-0.620403485178969f,0.16275591723376243f,0f,0f,0f,1f], start_interpolation: 0, interpolation_duration: 1 }
$data merge entity $(bone_neck_0) { transformation: [-0.9832766018684151f,-0.17072797487305183f,-0.06339623659057864f,-0.651003500950407f,-0.18162499275033714f,0.9448885314587607f,0.27239314441840634f,0.22105556888211053f,0.013397246976226712f,0.27935214642714556f,-0.9600952515558051f,0.09613561998235101f,0f,0f,0f,1f], start_interpolation: 0, interpolation_duration: 1 }
$data merge entity $(bone_neck_1) { transformation: [-0.9773897160204317f,-0.08733475971550174f,0.1925668267457702f,-0.6350929036066036f,0.029440518745386085f,0.8456353051506943f,0.5329485777621465f,0.27009904451506356f,-0.2093862432766358f,0.5265677263449857f,-0.8239440701275602f,0.028762574670931837f,0f,0f,0f,1f], start_interpolation: 0, interpolation_duration: 1 }
$data merge entity $(bone_neck_2) { transformation: [-0.8160784423508871f,-0.19446920102458307f,0.544240485248029f,-0.5893173303165182f,0.1302531734838736f,0.855573231822805f,0.5010275000293505f,0.3223694078967001f,-0.5630720084745201f,0.4797667921408705f,-0.6728846397647438f,-0.02548994965795376f,0f,0f,0f,1f], start_interpolation: 0, interpolation_duration: 1 }
$data merge entity $(bone_body_0) { transformation: [-0.6273923380821482f,0.0419954272762314f,0.7775700857181315f,-0.22245140586629417f,0.2676550851877044f,0.9493357651941672f,0.16468867689178796f,0.40903017356644233f,-0.7312589209636887f,0.3114450015830914f,-0.6068462750152875f,-0.3085274204527966f,0f,0f,0f,1f], start_interpolation: 0, interpolation_duration: 1 }
$data merge entity $(bone_leg_left_3) { transformation: [-0.029597335042099687f,-0.10354383924883435f,0.9941844251003024f,0.024585901906348757f,-0.02318137559930277f,0.9944237568547925f,0.10287864515110068f,0.02292241790706004f,-0.9992930609104267f,-0.02000162884401252f,-0.031832581734075605f,0.03405462649398266f,0f,0f,0f,1f], start_interpolation: 0, interpolation_duration: 1 }
$data merge entity $(bone_leg_left_2) { transformation: [0.23000711663423037f,-0.14977621402393976f,0.988294496347601f,0.020572838567957608f,-0.20388558939753013f,0.9857713468553955f,0.19684439960440098f,0.25847135754790324f,-0.9785650679614124f,-0.24059122372241737f,0.19128112905909017f,-0.017633519368798728f,0f,0f,0f,1f], start_interpolation: 0, interpolation_duration: 1 }
$data merge entity $(bone_leg_left_1) { transformation: [0.22385689173870635f,-0.9583261097240334f,-0.17748002547409658f,-0.23481979266161657f,0.19823545326520628f,-0.13352422077620124f,0.9710169862236435f,0.16674991681037f,-0.9542488129884278f,-0.2525516776568889f,0.1600838937022323f,-0.07572970583944098f,0f,0f,0f,1f], start_interpolation: 0, interpolation_duration: 1 }
$data merge entity $(bone_leg_left_0) { transformation: [0.19880865100488476f,0.4478950496492298f,0.8717024405066973f,-0.10680706622671382f,0.14754075411659895f,0.8656419051683686f,-0.47843057792242194f,0.5627316947732655f,-0.9688688487924065f,0.2237277732338819f,0.10601432602948285f,-0.10917297057989403f,0f,0f,0f,1f], start_interpolation: 0, interpolation_duration: 1 }
$data merge entity $(bone_leg_right_3) { transformation: [0.40414785684757604f,0.04583773880161496f,0.9135444222954163f,-0.14280965404844925f,-0.011242042205635497f,0.9989170534679053f,-0.04514794323160523f,0.002173640879110428f,-0.9146245821606579f,0.007976339545961372f,0.40422549612176795f,-0.662323176938388f,0f,0f,0f,1f], start_interpolation: 0, interpolation_duration: 1 }
$data merge entity $(bone_leg_right_2) { transformation: [0.41519393900636f,0.09064037164106815f,0.9335204955124694f,-0.09347567321052197f,0.22616859849910406f,0.9810975332540991f,-0.19585095046071815f,0.22446250672756937f,-0.9102329139105158f,0.2851212948416598f,0.37715260725929106f,-0.5827939966301235f,0f,0f,0f,1f], start_interpolation: 0, interpolation_duration: 1 }
$data merge entity $(bone_leg_right_1) { transformation: [0.2266946980015631f,-0.8863803691434782f,0.4036574724875677f,-0.35117123215060064f,-0.12441166646944256f,0.38469880846160515f,0.9146193547123946f,0.27798743430242734f,-0.9659871899483328f,-0.25755905723793215f,-0.023066878645174996f,-0.6707796016484007f,0f,0f,0f,1f], start_interpolation: 0, interpolation_duration: 1 }
$data merge entity $(bone_leg_right_0) { transformation: [0.2757813602222368f,0.839815028998247f,0.46760598629898487f,-0.09156525762278897f,-0.09418933983849591f,0.5077404425526881f,-0.8563457311490429f,0.5580066526474059f,-0.9565944854611912f,0.19212069140275875f,0.21912697305481293f,-0.5019564577628969f,0f,0f,0f,1f], start_interpolation: 0, interpolation_duration: 1 }
$data merge entity $(bone_tail_4) { transformation: [0.48117226168686056f,-0.4692221044411012f,-2.6784258815369553f,-0.06910019463337241f,-2.56858907050223f,-0.9711600184618988f,-0.291306946428636f,0.16215632931919982f,-0.8924599560090323f,2.5421133269083316f,-0.605670200418848f,0.4907258329537785f,0f,0f,0f,1f], start_interpolation: 0, interpolation_duration: 1 }
$data merge entity $(bone_tail_3) { transformation: [0.6953263803998693f,0.44565215539860575f,-1.9115074959709257f,0.25065978238557624f,-1.80803013320204f,-0.6437891197392344f,-0.8077797551209366f,0.3054259069438957f,-0.7638676509696396f,1.929475382516813f,0.17197815590407575f,0.44268326163574456f,0f,0f,0f,1f], start_interpolation: 0, interpolation_duration: 1 }
$data merge entity $(bone_tail_2) { transformation: [1.0138698427043116f,1.0393006459635357f,-1.3079357722599723f,0.49479919131606576f,-1.5311829499809766f,-0.033721889707214944f,-1.2137196887440302f,0.5299134963592685f,-0.6680722945498234f,1.654536453650124f,0.7968452847326021f,0.29445116263324494f,0f,0f,0f,1f], start_interpolation: 0, interpolation_duration: 1 }
$data merge entity $(bone_tail_1) { transformation: [1.3652027452376843f,0.6510205452936894f,0.007068521839724755f,0.4840157943137695f,-0.5914322109018838f,1.246963813776313f,-0.618825853564751f,0.6484001090688939f,-0.2721868003838555f,0.5557964975941649f,1.3800945072562454f,-0.009063775971954902f,0f,0f,0f,1f], start_interpolation: 0, interpolation_duration: 1 }
$data merge entity $(bone_tail_0) { transformation: [0.978487625381334f,-0.04596035119530311f,0.8211487865652792f,0.24294792846040777f,0.07484361154601621f,1.2758990303594717f,-0.017771176734724697f,0.6843829763685748f,-0.8190214388954511f,0.061684901149245464f,0.9794052134759444f,-0.2937801762979291f,0f,0f,0f,1f], start_interpolation: 0, interpolation_duration: 1 }
$data merge entity $(bone_body_1) { transformation: [0.04793721004842964f,-0.44134771609257334f,1.1539145602898389f,0.004406857661726247f,-0.014860791311648315f,1.1544933485847442f,0.44218645389860883f,0.5038175f,-1.2353484430842232f,-0.031014458397723623f,0.03945785848131512f,-0.3008645318112628f,0f,0f,0f,1f], start_interpolation: 0, interpolation_duration: 1 }