# This file was generated by Animated Java via MC-Build. It is not recommended to edit this file directly.
$data merge entity $(bone_head_lower) { transformation: [-0.8965018103161458f,0.09262904693889812f,-0.4332486165737458f,-0.5993791076563736f,-0.07743993163217805f,0.9300824567436756f,0.3590956427561497f,0.15192313913873423f,0.4362196248321215f,0.3554806370547349f,-0.8266474191518915f,0.22970267488764795f,0f,0f,0f,1f], start_interpolation: 0, interpolation_duration: 1 }
$data merge entity $(bone_head_upper) { transformation: [-0.9331683608156554f,0.2616562870641443f,-0.37974299255672395f,-0.6199718485069162f,-0.08060719256929597f,0.7513881369009134f,0.7158144248436027f,0.21811669897690542f,0.4540608257295783f,0.6711361991040921f,-0.653358180000368f,0.1998730226602131f,0f,0f,0f,1f], start_interpolation: 0, interpolation_duration: 1 }
$data merge entity $(bone_neck_0) { transformation: [-0.9770572889172207f,-0.18136332763576096f,-0.1116530230787074f,-0.6239319638283546f,-0.20466450980482864f,0.9445867284443705f,0.2566483019096567f,0.21944577791091263f,0.05891937372443731f,0.27361150530568845f,-0.9600339845881891f,0.1333351590777011f,0f,0f,0f,1f], start_interpolation: 0, interpolation_duration: 1 }
$data merge entity $(bone_neck_1) { transformation: [-0.9889235757393569f,-0.0685699312437968f,0.1316370991632123f,-0.6130964668943027f,0.010517198724450116f,0.8522874079191034f,0.5229680323246596f,0.26767441575659284f,-0.14805252405100977f,0.5185598700552876f,-0.8421259474035747f,0.06438497893091967f,0f,0f,0f,1f], start_interpolation: 0, interpolation_duration: 1 }
$data merge entity $(bone_neck_2) { transformation: [-0.8501774836627438f,-0.17845072281001265f,0.4953317936509516f,-0.5714488308900387f,0.10986418425348585f,0.8599666674265556f,0.4983845823594265f,0.3197562542089195f,-0.5149059208158331f,0.4781345735709225f,-0.7115189542555778f,0.006731818455341931f,0f,0f,0f,1f], start_interpolation: 0, interpolation_duration: 1 }
$data merge entity $(bone_body_0) { transformation: [-0.6853182654832178f,0.042820098084902f,0.7269837097178128f,-0.22841621972956366f,0.2402319575689168f,0.9556828954976532f,0.17017288213998075f,0.4090621695964189f,-0.6874790771781203f,0.29126730412667495f,-0.6652337002806601f,-0.3040156447046204f,0f,0f,0f,1f], start_interpolation: 0, interpolation_duration: 1 }
$data merge entity $(bone_leg_left_3) { transformation: [-0.038034509437278624f,-0.08485626929299572f,0.9956670074143967f,0.006821000527201925f,-0.029281910295035154f,0.9960547335578571f,0.08377074361888207f,0.02695213768710933f,-0.9988473085618937f,-0.025968852856094196f,-0.04036920682896103f,0.03920174521442922f,0f,0f,0f,1f], start_interpolation: 0, interpolation_duration: 1 }
$data merge entity $(bone_leg_left_2) { transformation: [0.21111422276162653f,-0.09570050395199718f,0.9991668519280364f,0.015719601153071805f,-0.2241776274942179f,0.9907414718512326f,0.14226006743219263f,0.2619412252663408f,-0.9783850856281039f,-0.24765893684275145f,0.18300238993821932f,-0.01438944521456971f,0f,0f,0f,1f], start_interpolation: 0, interpolation_duration: 1 }
$data merge entity $(bone_leg_left_1) { transformation: [0.21084030870839704f,-0.964072239763859f,-0.1615892346056635f,-0.24181762861254208f,0.1783543594906384f,-0.12459059087334023f,0.9760465701576522f,0.17277596673476447f,-0.9611119012240104f,-0.2346101046044871f,0.14567776818389158f,-0.06671073739486842f,0f,0f,0f,1f], start_interpolation: 0, interpolation_duration: 1 }
$data merge entity $(bone_leg_left_0) { transformation: [0.18499199109327963f,0.4611398756703138f,0.8678294638338291f,-0.10989580928427474f,0.12769684901001394f,0.8643050269519916f,-0.4864877543560897f,0.5665813849117127f,-0.9744082706875272f,0.20081542633046115f,0.101003398771811f,-0.1093863131268028f,0f,0f,0f,1f], start_interpolation: 0, interpolation_duration: 1 }
$data merge entity $(bone_leg_right_3) { transformation: [0.3999718375366689f,0.022174977337102997f,0.9162591334102159f,-0.11927018031766841f,-0.004874104167353968f,0.9997445953763018f,-0.02206778476514952f,-0.007122864632863685f,-0.9165144692180841f,0.004360549962349657f,0.39997776602946267f,-0.6473501566182912f,0f,0f,0f,1f], start_interpolation: 0, interpolation_duration: 1 }
$data merge entity $(bone_leg_right_2) { transformation: [0.39871590540662655f,0.015288922645585951f,0.9449095592281866f,-0.08712297608979885f,0.22534832390894727f,0.9944443669979691f,-0.11117883502776885f,0.220895148963263f,-0.917772280681813f,0.250816365676247f,0.383206721002851f,-0.575618609848241f,0f,0f,0f,1f], start_interpolation: 0, interpolation_duration: 1 }
$data merge entity $(bone_leg_right_1) { transformation: [0.2296109389817071f,-0.9057262919023379f,0.35628457847173217f,-0.34750365827135593f,-0.13616007316678638f,0.3325725693624825f,0.9331966141081165f,0.25903976128410305f,-0.9637111865985338f,-0.262783885092823f,-0.046961458243625964f,-0.6637110303923798f,0f,0f,0f,1f], start_interpolation: 0, interpolation_duration: 1 }
$data merge entity $(bone_leg_right_0) { transformation: [0.27732562975106356f,0.8168358698027446f,0.5058356026287293f,-0.10021173907534843f,-0.10357819308514969f,0.5488365193838542f,-0.8294878135981456f,0.5540999274441547f,-0.9551764512384041f,0.17764469255851692f,0.23681281680981403f,-0.5021762551567943f,0f,0f,0f,1f], start_interpolation: 0, interpolation_duration: 1 }
$data merge entity $(bone_tail_4) { transformation: [0.5455586582443274f,-0.39521109496603823f,-2.6780282433966964f,-0.03323118925516916f,-2.569244172584207f,-0.9360677208518362f,-0.38525697296914113f,0.17892484029676795f,-0.8526496722902944f,2.5677318286758433f,-0.5526329016157644f,0.5241799247330314f,0f,0f,0f,1f], start_interpolation: 0, interpolation_duration: 1 }
$data merge entity $(bone_tail_3) { transformation: [0.6574849749802512f,0.5620713193387006f,-1.8941316917512667f,0.2824432405601727f,-1.8239509721649254f,-0.5947193236550435f,-0.8096031764107376f,0.32202341631166176f,-0.7595142426961377f,1.9147663784630706f,0.30455435819172344f,0.4538012678970693f,0f,0f,0f,1f], start_interpolation: 0, interpolation_duration: 1 }
$data merge entity $(bone_tail_2) { transformation: [0.9712363333170766f,1.153172971908223f,-1.2432481476792692f,0.5145529324812164f,-1.5477620482053074f,0.017543079217099803f,-1.1928532003183254f,0.5426319104201031f,-0.692752843359657f,1.577548164790766f,0.92206787211418f,0.28225399390921296f,0f,0f,0f,1f], start_interpolation: 0, interpolation_duration: 1 }
$data merge entity $(bone_tail_1) { transformation: [1.3482961802489735f,0.6796264027791737f,0.08866573730290882f,0.48587720009427426f,-0.5951480372640444f,1.257986057168461f,-0.5923901954881649f,0.6552986789121805f,-0.33993010173678934f,0.4931888914150343f,1.3888371010734215f,-0.022312219989264692f,0f,0f,0f,1f], start_interpolation: 0, interpolation_duration: 1 }
$data merge entity $(bone_tail_0) { transformation: [0.9562575439071116f,-0.04676599837459381f,0.8468885214128206f,0.23726814376979238f,0.0569967569659758f,1.2769295955289055f,0.006155838023785953f,0.6843143857571907f,-0.8462615411326025f,0.03315819721337531f,0.9573806215614868f,-0.3012809228405276f,0f,0f,0f,1f], start_interpolation: 0, interpolation_duration: 1 }
$data merge entity $(bone_body_1) { transformation: [0.030457494893978674f,-0.44122607607477426f,1.1545546699280596f,-0.0014299368716841725f,-0.039255593865599445f,1.1539772006572964f,0.44204096390454467f,0.5038175f,-1.2353687443072583f,-0.0475475047826631f,0.014418579468874735f,-0.3014303787272022f,0f,0f,0f,1f], start_interpolation: 0, interpolation_duration: 1 }