# This file was generated by Animated Java via MC-Build. It is not recommended to edit this file directly.
$data merge entity $(bone_head_lower) { transformation: [-0.8825368960123043f,0.08652047577154842f,-0.46221513870624364f,-0.5847678807162667f,-0.09264167549901414f,0.9316744740446892f,0.351283638067996f,0.15239060241972152f,0.46102727374603597f,0.35284115645119485f,-0.8142216965768481f,0.2433634618969609f,0f,0f,0f,1f], start_interpolation: 0, interpolation_duration: 1 }
$data merge entity $(bone_head_upper) { transformation: [-0.918632287335501f,0.26732026328719755f,-0.41003236467907767f,-0.6073169955809955f,-0.09643068142622571f,0.7560309206099282f,0.708936043197752f,0.21820932516594932f,0.4798830971475515f,0.6636483003076817f,-0.6424601848786472f,0.21412496592556518f,0f,0f,0f,1f], start_interpolation: 0, interpolation_duration: 1 }
$data merge entity $(bone_neck_0) { transformation: [-0.9736586678541083f,-0.18680725677896237f,-0.13073579206660418f,-0.6124237715274529f,-0.21466546870254613f,0.9443028182741787f,0.24942117782209108f,0.2190789246598345f,0.07686049088627867f,0.2709155518130361f,-0.9595296914252097f,0.14765767404113675f,0f,0f,0f,1f], start_interpolation: 0, interpolation_duration: 1 }
$data merge entity $(bone_neck_1) { transformation: [-0.9923183516888217f,-0.0623239015593957f,0.10686449455265784f,-0.6036580646663482f,0.0020725791498119317f,0.8553305669044393f,0.5180784937966426f,0.2669073738700491f,-0.12369314175510321f,0.5143202821329769f,-0.8486310470807715f,0.07813689532065388f,0f,0f,0f,1f], start_interpolation: 0, interpolation_duration: 1 }
$data merge entity $(bone_neck_2) { transformation: [-0.8627963534252359f,-0.1731759600709314f,0.47496582968633305f,-0.5637429966261722f,0.10051589883460998f,0.8619807678013207f,0.4968759503358112f,0.3188767641438486f,-0.4954583802879773f,0.47644437534108464f,-0.7263069258985883f,0.01917164952231709f,0f,0f,0f,1f], start_interpolation: 0, interpolation_duration: 1 }
$data merge entity $(bone_body_0) { transformation: [-0.7073315698736629f,0.04159589798358965f,0.7056570211731747f,-0.23077323583791823f,0.2279436620344796f,0.9583633143510533f,0.1719925714802094f,0.4090658266336649f,-0.669121616149389f,0.2825058211382605f,-0.6873621489612491f,-0.30208833259644263f,0f,0f,0f,1f], start_interpolation: 0, interpolation_duration: 1 }
$data merge entity $(bone_leg_left_3) { transformation: [-0.041463508522069814f,-0.07640884396044606f,0.9962140663660939f,-0.00031693968778489373f,-0.03182532923332533f,0.9966665902614014f,0.07511894751593387f,0.028894753174606463f,-0.9986330286347586f,-0.028590145528474865f,-0.04375703027434483f,0.041378400763630245f,0f,0f,0f,1f], start_interpolation: 0, interpolation_duration: 1 }
$data merge entity $(bone_leg_left_2) { transformation: [0.20308411230887252f,-0.07303537341679214f,1.002738688322277f,0.01396279796189187f,-0.23246207437164795f,0.9918596216970222f,0.11932340225858551f,0.26342278185819235f,-0.9781515357076539f,-0.2508834880529277f,0.17983116558552595f,-0.013062070583182324f,0f,0f,0f,1f], start_interpolation: 0, interpolation_duration: 1 }
$data merge entity $(bone_leg_left_1) { transformation: [0.20507808699292215f,-0.966336546658994f,-0.15535976579054567f,-0.2444052026461333f,0.17018113076448124f,-0.12110940713065632f,0.9779421732577973f,0.1752654914409406f,-0.9638367916649819f,-0.22699381069894994f,0.13961536067826952f,-0.06293845846227261f,0f,0f,0f,1f], start_interpolation: 0, interpolation_duration: 1 }
$data merge entity $(bone_leg_left_0) { transformation: [0.17891751579943932f,0.466289608658615f,0.8663501159445601f,-0.11104731602756433f,0.1195404690845141f,0.8637322019648322f,-0.48956793148656746f,0.568148357407071f,-0.9765749325019619f,0.1911561773680827f,0.09879634134324207f,-0.10947883095027064f,0f,0f,0f,1f], start_interpolation: 0, interpolation_duration: 1 }
$data merge entity $(bone_leg_right_3) { transformation: [0.39738344129464126f,0.012515609792754373f,0.9175673054857311f,-0.10985935857754824f,-0.002622269460448031f,0.9999183933197374f,-0.012503215736441156f,-0.010248480228262441f,-0.917648911233324f,0.0025624621735153806f,0.3973838314525443f,-0.6411600846735432f,0f,0f,0f,1f], start_interpolation: 0, interpolation_duration: 1 }
$data merge entity $(bone_leg_right_2) { transformation: [0.39146984804877694f,-0.015191504044835661f,0.9479360610158359f,-0.08471232371826581f,0.22455887628825094f,0.9978706294910707f,-0.07674449413441413f,0.2196335902817772f,-0.9210791869592536f,0.23682403700774288f,0.3841740573575078f,-0.5726551041114056f,0f,0f,0f,1f], start_interpolation: 0, interpolation_duration: 1 }
$data merge entity $(bone_leg_right_1) { transformation: [0.2303294511303493f,-0.9129499611431835f,0.3368541411214245f,-0.3460106239414663f,-0.14098891888731344f,0.3112010036687724f,0.9398276757291923f,0.25152435994261046f,-0.9628449868452232f,-0.26396269388724103f,-0.05703707165355004f,-0.6605161465060388f,0f,0f,0f,1f], start_interpolation: 0, interpolation_duration: 1 }
$data merge entity $(bone_leg_right_0) { transformation: [0.27746475022866907f,0.807133566073889f,0.5211033668068069f,-0.10378721226238416f,-0.10747591135432856f,0.5650725700352539f,-0.8180109529048554f,0.5524782486970573f,-0.9547053162411417f,0.17096314547469074f,0.24353513510436425f,-0.5022067840457756f,0f,0f,0f,1f], start_interpolation: 0, interpolation_duration: 1 }
$data merge entity $(bone_tail_4) { transformation: [0.5716457695152178f,-0.36300014997927327f,-2.6771464914924583f,-0.017631336982999457f,-2.5680063934427437f,-0.9229918916419257f,-0.4231908113374512f,0.1861053167585697f,-0.8391815113743536f,2.5772035601943206f,-0.528637429519676f,0.5368637597324669f,0f,0f,0f,1f], start_interpolation: 0, interpolation_duration: 1 }
$data merge entity $(bone_tail_3) { transformation: [0.6422563811336143f,0.6095262358512809f,-1.8846564765883904f,0.2959720628758102f,-1.8303581844246926f,-0.5746827888610012f,-0.8096135713665674f,0.3290095821509158f,-0.757126927038749f,1.9063480757826872f,0.3585266466484042f,0.45741577697371394f,0f,0f,0f,1f], start_interpolation: 0, interpolation_duration: 1 }
$data merge entity $(bone_tail_2) { transformation: [0.9535564933725458f,1.1979938381078798f,-1.2142135943916053f,0.522681886741419f,-1.554624937356604f,0.03798300031644055f,-1.1834155951476688f,0.5478634350803461f,-0.7018868805575469f,1.5434189096111555f,0.9715898061212269f,0.27664760834353586f,0f,0f,0f,1f], start_interpolation: 0, interpolation_duration: 1 }
$data merge entity $(bone_tail_1) { transformation: [1.3402625458125723f,0.6902272479763603f,0.12222481107771599f,0.48666270682490936f,-0.5970139995738325f,1.2622188724934789f,-0.5814069592240416f,0.658116774561977f,-0.36732389332149235f,0.4669540813316343f,1.390928931801647f,-0.028021879479118383f,0f,0f,0f,1f], start_interpolation: 0, interpolation_duration: 1 }
$data merge entity $(bone_tail_0) { transformation: [0.9467056695717242f,-0.04748613475302301f,0.857513357791585f,0.23493144819275785f,0.049648696110431115f,1.277152124072955f,0.01591149064358403f,0.6842870229791873f,-0.8573908669675198f,0.021522907939786853f,0.9477623026152328f,-0.30446066624037516f,0f,0f,0f,1f], start_interpolation: 0, interpolation_duration: 1 }
$data merge entity $(bone_body_1) { transformation: [0.02283384657351081f,-0.4414593956662035f,1.1546414216045333f,-0.00377108526806752f,-0.049284262270569555f,1.153595085206861f,0.442033975996496f,0.5038175f,-1.2351737821049122f,-0.05419018749603503f,0.0037076456197282013f,-0.3016725482229013f,0f,0f,0f,1f], start_interpolation: 0, interpolation_duration: 1 }