# This file was generated by Animated Java via MC-Build. It is not recommended to edit this file directly.
$data merge entity $(bone_head_lower) { transformation: [-0.8319689296015191f,0.06795017318022903f,-0.5506455067849726f,-0.5383174327451629f,-0.1394452576047202f,0.935005172399349f,0.3260680108781243f,0.1561648160990555f,0.5370127748101117f,0.34806335853008186f,-0.7684199230495681f,0.2843934079348681f,0f,0f,0f,1f], start_interpolation: 0, interpolation_duration: 1 }
$data merge entity $(bone_head_upper) { transformation: [-0.8659961121685007f,0.2846867509155733f,-0.5024700291019187f,-0.5668326570026391f,-0.14514851053856262f,0.7692782068703714f,0.6860137702016262f,0.2206856786380302f,0.5589763735445225f,0.6408092047333179f,-0.6003173490176462f,0.25757183500244235f,0f,0f,0f,1f], start_interpolation: 0, interpolation_duration: 1 }
$data merge entity $(bone_neck_0) { transformation: [-0.9611601991277569f,-0.2036661872049047f,-0.18625561951819725f,-0.5752598356081926f,-0.24380326302135005f,0.9428487577490923f,0.2271479450735482f,0.22014806641855808f,0.12934852358196122f,0.26373529191295186f,-0.9558831807531489f,0.19143992222087777f,0f,0f,0f,1f], start_interpolation: 0, interpolation_duration: 1 }
$data merge entity $(bone_neck_1) { transformation: [-0.9986569284794242f,-0.041604895771502885f,0.03087672016073617f,-0.5728358407078334f,-0.02054999411486516f,0.865149951055774f,0.5010920673190414f,0.2665827790346345f,-0.04756087616855936f,0.4997845484166494f,-0.8648429731587377f,0.12047881627179699f,0f,0f,0f,1f], start_interpolation: 0, interpolation_duration: 1 }
$data merge entity $(bone_neck_2) { transformation: [-0.8980555965740648f,-0.15500739704431177f,0.41166594749086016f,-0.5382884355097148f,0.07426423253557267f,0.8689945460611963f,0.4892170302450617f,0.31794985973935924f,-0.4335677216167078f,0.46991614760235917f,-0.768893910103764f,0.05771871582500082f,0f,0f,0f,1f], start_interpolation: 0, interpolation_duration: 1 }
$data merge entity $(bone_body_0) { transformation: [-0.771930393660561f,0.03804288890842589f,0.6345677315673657f,-0.23885663718054495f,0.19044396827997967f,0.9662008453664025f,0.17374412611372822f,0.40903908563945807f,-0.6065101501943931f,0.2549679686092944f,-0.7530848376474092f,-0.29477845547911763f,0f,0f,0f,1f], start_interpolation: 0, interpolation_duration: 1 }
$data merge entity $(bone_leg_left_3) { transformation: [-0.055544340398823f,-0.04485094387023461f,0.997448354093388f,-0.02428248760269893f,-0.03860894010727812f,0.9983398987115226f,0.04274103864507273f,0.03614965432778372f,-0.9977094647207937f,-0.03613640096379361f,-0.05718377857340015f,0.048115578189296855f,0f,0f,0f,1f], start_interpolation: 0, interpolation_duration: 1 }
$data merge entity $(bone_leg_left_2) { transformation: [0.17144122762892516f,0.007934443904026353f,1.0112404014722292f,0.009084847834081533f,-0.25894850658356683f,0.991818175436664f,0.03611893287905832f,0.26805554068479454f,-0.9775560218769674f,-0.2613349402091411f,0.16778102580046747f,-0.00913259090661573f,0f,0f,0f,1f], start_interpolation: 0, interpolation_duration: 1 }
$data merge entity $(bone_leg_left_1) { transformation: [0.1809734216233536f,-0.9743130881332166f,-0.1340247251750601f,-0.25210160089716105f,0.143814510788045f,-0.10859335255634534f,0.9836284208314481f,0.18352200163676785f,-0.9729162385080904f,-0.1972853012083966f,0.12046784954659501f,-0.049741770102252204f,0f,0f,0f,1f], start_interpolation: 0, interpolation_duration: 1 }
$data merge entity $(bone_leg_left_0) { transformation: [0.15374564614893843f,0.4837655968437845f,0.8615875600312612f,-0.11442124640619206f,0.09328209094764472f,0.8609544854623472f,-0.500055822354565f,0.5731148163648584f,-0.9836974777840395f,0.15725209465263684f,0.08724133727011182f,-0.10948151620095864f,0f,0f,0f,1f], start_interpolation: 0, interpolation_duration: 1 }
$data merge entity $(bone_leg_right_3) { transformation: [0.3827376178696703f,-0.021368234496190276f,0.9236099362945194f,-0.07768087306302296f,0.00675421840028271f,0.9997704820364556f,0.020331349743557096f,-0.01728669628136359f,-0.923832396271776f,-0.001543309142519867f,0.38279409843366063f,-0.6206276032946355f,0f,0f,0f,1f], start_interpolation: 0, interpolation_duration: 1 }
$data merge entity $(bone_leg_right_2) { transformation: [0.3618417079908899f,-0.12196995113450568f,0.9519748467681152f,-0.07725295816195538f,0.22273283241318995f,1.0002800161385321f,0.04349912849460895f,0.21687589816910652f,-0.9335538887627902f,0.191377688968278f,0.3793598772165126f,-0.5628455272236101f,0f,0f,0f,1f], start_interpolation: 0, interpolation_duration: 1 }
$data merge entity $(bone_leg_right_1) { transformation: [0.229419642562677f,-0.9361165553164648f,0.26655660274855314f,-0.3411346996526958f,-0.15523070430192404f,0.2351657640999985f,0.9594792816091409f,0.22678438780034216f,-0.9608694271587281f,-0.2615011630140493f,-0.09136238664766544f,-0.648178018109599f,0f,0f,0f,1f], start_interpolation: 0, interpolation_duration: 1 }
$data merge entity $(bone_leg_right_0) { transformation: [0.27439258411101997f,0.7709782359506303f,0.5747184262535269f,-0.11711442852588518f,-0.11855443594675859f,0.6202207718666347f,-0.7754166878927108f,0.5472119758952664f,-0.9542816960951429f,0.1446331699009935f,0.26158687020217125f,-0.5017254405413198f,0f,0f,0f,1f], start_interpolation: 0, interpolation_duration: 1 }
$data merge entity $(bone_tail_4) { transformation: [0.6619333971181905f,-0.2345735129756379f,-2.670670473193921f,0.04387417000676708f,-2.5544701438574493f,-0.8901554710028893f,-0.5549476130091273f,0.21047300266936217f,-0.8137492202887043f,2.6035091388458573f,-0.4303646152109066f,0.5764004542089457f,0f,0f,0f,1f], start_interpolation: 0, interpolation_duration: 1 }
$data merge entity $(bone_tail_3) { transformation: [0.5874711657423861f,0.7814793034891168f,-1.8385084317685059f,0.3479698710638737f,-1.8504541415123765f,-0.5092312125101771f,-0.8077428850875465f,0.35241957374010274f,-0.7527566842117177f,1.8616979337336186f,0.5508027813573568f,0.4647864810935167f,0f,0f,0f,1f], start_interpolation: 0, interpolation_duration: 1 }
$data merge entity $(bone_tail_2) { transformation: [0.8878040605932737f,1.352182019252719f,-1.0964404278420745f,0.552773989715938f,-1.5772841211166742f,0.10393205376106011f,-1.148976415979452f,0.5648701960296432f,-0.7367174670591657f,1.4069739834173993f,1.1386155886510951f,0.2529103615305069f,0f,0f,0f,1f], start_interpolation: 0, interpolation_duration: 1 }
$data merge entity $(bone_tail_1) { transformation: [1.3053138390779009f,0.7235718330827854f,0.24547063751277948f,0.4898594689136878f,-0.6039612668207848f,1.2747223114847013f,-0.545866345164578f,0.6673293874922132f,-0.46802010607659333f,0.37307248755747f,1.389039362054127f,-0.05010870413350016f,0f,0f,0f,1f], start_interpolation: 0, interpolation_duration: 1 }
$data merge entity $(bone_tail_0) { transformation: [0.9088507073275918f,-0.051934082674975665f,0.8972897856494703f,0.22639727666458515f,0.02586598238433836f,1.2770629909600126f,0.04771566471911855f,0.6842035661059809f,-0.8984192002230679f,-0.015769741944719435f,0.9090819393726661f,-0.3161441278127327f,0f,0f,0f,1f], start_interpolation: 0, interpolation_duration: 1 }
$data merge entity $(bone_body_1) { transformation: [-0.00847036203677031f,-0.4436999935826219f,1.1539771071030818f,-0.01199989281015532f,-0.08146735972803461f,1.1516964145619604f,0.4422250931825537f,0.5038175f,-1.2336514569853834f,-0.07300876273541869f,-0.03712678679786734f,-0.3025950116691676f,0f,0f,0f,1f], start_interpolation: 0, interpolation_duration: 1 }