# This file was generated by Animated Java via MC-Build. It is not recommended to edit this file directly.
$data merge entity $(bone_head_lower) { transformation: [-0.946483651910965f,0.14210903228766048f,0.28978219339281003f,-0.720650995316373f,0.21205849830018664f,0.9506663545639832f,0.22641703910858058f,0.8742488921188374f,-0.24331027508914016f,0.2757508027953708f,-0.9299255909984172f,0.2566331853317823f,0f,0f,0f,1f], start_interpolation: 0, interpolation_duration: 1 }
$data merge entity $(bone_head_upper) { transformation: [-0.9851944389059352f,0.23285861309617092f,0.24215847381261382f,-0.6990342820291424f,0.22073160252295668f,1.014284306606673f,-0.07731007439250707f,0.8917633466641222f,-0.25326156396100474f,-0.021820959233160436f,-1.009383162402503f,0.18648036585575775f,0f,0f,0f,1f], start_interpolation: 0, interpolation_duration: 1 }
$data merge entity $(bone_neck_0) { transformation: [-0.8142400622747201f,0.5497131409829379f,0.18662417747315735f,-0.6956265864635652f,0.27250856420392344f,0.6457813080062909f,-0.7132359950711967f,0.8350738741066247f,-0.5125936045468924f,-0.5298886343943949f,-0.6756225512201819f,0.15156006278745693f,0f,0f,0f,1f], start_interpolation: 0, interpolation_duration: 1 }
$data merge entity $(bone_neck_1) { transformation: [-0.689044421007666f,0.44703827727712553f,0.570416132772654f,-0.6452454038423477f,0.14897650832713014f,0.8576480801633068f,-0.4921846915120892f,0.797330448310777f,-0.7092416977623826f,-0.25415851203784956f,-0.6575558264617838f,0.09468557737077721f,0f,0f,0f,1f], start_interpolation: 0, interpolation_duration: 1 }
$data merge entity $(bone_neck_2) { transformation: [-0.49557164403353293f,0.21793213504014103f,0.8407819753935899f,-0.5694529051234264f,-0.010191235252685754f,0.9664848159996826f,-0.2565214204819632f,0.7843197383675504f,-0.8685072736332873f,-0.13569334898551755f,-0.47674147154109514f,0.051590926207829346f,0f,0f,0f,1f], start_interpolation: 0, interpolation_duration: 1 }
$data merge entity $(bone_body_0) { transformation: [-0.367219805752531f,0.44426657677892295f,0.8171761272946065f,-0.18008866626291548f,-0.03898571520576601f,0.8704335431641241f,-0.49073980982252075f,0.5613278738130505f,-0.9293168072691725f,-0.21206757340971835f,-0.30232038640347325f,-0.09291174692387288f,0f,0f,0f,1f], start_interpolation: 0, interpolation_duration: 1 }
$data merge entity $(bone_leg_left_3) { transformation: [-0.7056567415214092f,0.17706719377132835f,0.6860727162883932f,0.22015048092158535f,0.049737107143724896f,0.9782617920623361f,-0.20132085426989493f,0.01127712870066161f,-0.7068060436345748f,-0.10794014582597844f,-0.6991238385298459f,0.1824727028379291f,0f,0f,0f,1f], start_interpolation: 0, interpolation_duration: 1 }
$data merge entity $(bone_leg_left_2) { transformation: [-0.6525003169089657f,0.06973370181475762f,0.7883164001627799f,0.259755538481779f,-0.3872589265797527f,0.8628943530333439f,-0.3968703299418577f,0.19955069360752486f,-0.6901710365689733f,-0.5501024866650502f,-0.5226025200349991f,0.037023136874566626f,0f,0f,0f,1f], start_interpolation: 0, interpolation_duration: 1 }
$data merge entity $(bone_leg_left_1) { transformation: [-0.48609707701625504f,-0.7863285022812776f,0.38130974052118793f,0.035592345551387204f,-0.06811600246830268f,0.46909288665274274f,0.8805180713077586f,0.28164576796062885f,-0.8712461431329215f,0.4020439654961629f,-0.28158623525330395f,0.178531607864737f,0f,0f,0f,1f], start_interpolation: 0, interpolation_duration: 1 }
$data merge entity $(bone_leg_left_0) { transformation: [-0.5107078134674338f,0.4178773133518886f,0.7513694698676014f,0.07911551867630387f,-0.11734709378882396f,0.8318762955807857f,-0.5424126551161085f,0.6387786111185683f,-0.8517083942539428f,-0.3651854047420253f,-0.3758090357093259f,-0.033291772109047546f,0f,0f,0f,1f], start_interpolation: 0, interpolation_duration: 1 }
$data merge entity $(bone_leg_right_3) { transformation: [-0.3474677147083844f,-0.025129997212671673f,0.9373551463961902f,-0.30507987696459227f,0.05580715569264833f,0.9973146284400102f,0.04742460619826219f,0.12552735184657546f,-0.9360297797660229f,0.06878964413089297f,-0.34513220112228815f,-0.3458982036430106f,0f,0f,0f,1f], start_interpolation: 0, interpolation_duration: 1 }
$data merge entity $(bone_leg_right_2) { transformation: [-0.3612899579258496f,0.2605277433933459f,0.9239356366787691f,-0.2152369912497393f,0.05082759455848369f,0.9910116569609101f,-0.2595662745806615f,0.34843011685777686f,-0.9586179225499752f,-0.045644169295276975f,-0.36198133636419383f,-0.36623745886055903f,0f,0f,0f,1f], start_interpolation: 0, interpolation_duration: 1 }
$data merge entity $(bone_leg_right_1) { transformation: [-0.49968872421304533f,-0.8501691824462901f,0.16590220044636428f,-0.46495183416002384f,-0.29838247273701973f,0.3487472379665683f,0.8884499220406465f,0.39011131745067557f,-0.8131906780440126f,0.39444609926997126f,-0.42794064531547216f,-0.25257761367681764f,0f,0f,0f,1f], start_interpolation: 0, interpolation_duration: 1 }
$data merge entity $(bone_leg_right_0) { transformation: [-0.45647916054655147f,0.7750969721453214f,0.4368654938970011f,-0.14310975416470315f,-0.2423178911452913f,0.36414269200335203f,-0.8992675572328019f,0.6344672367912652f,-0.8561009377506921f,-0.5163572248276447f,0.021596313358503205f,-0.3575306450382506f,0f,0f,0f,1f], start_interpolation: 0, interpolation_duration: 1 }
$data merge entity $(bone_tail_4) { transformation: [-2.337063197270144f,-1.421813416006406f,-0.37715189729027554f,0.673101067375881f,-1.4196781102493552f,1.994786426349101f,1.277107085616631f,0.6484494710054258f,-0.38511168100211984f,1.2747294045865496f,-2.4191765685534703f,-1.5834895246287717f,0f,0f,0f,1f], start_interpolation: 0, interpolation_duration: 1 }
$data merge entity $(bone_tail_3) { transformation: [-1.5950455183350754f,-1.30439966252189f,-0.30052760421701147f,0.7368240180505505f,-1.321063798730189f,1.6093613042858912f,0.026308895762145054f,0.6282395906925486f,0.21579101039709686f,0.21081565104242186f,-2.060324374255618f,-1.2361976448938454f,0f,0f,0f,1f], start_interpolation: 0, interpolation_duration: 1 }
$data merge entity $(bone_tail_2) { transformation: [-1.4976840251814396f,-1.253527338929783f,0.06622421214870308f,0.7231073462417714f,-1.2544931668475447f,1.491027171994354f,-0.14784702130957894f,0.6551511945612916f,0.044309480384199594f,-0.15582380412797606f,-1.9474417801356592f,-0.8741767857422729f,0f,0f,0f,1f], start_interpolation: 0, interpolation_duration: 1 }
$data merge entity $(bone_tail_1) { transformation: [-1.218358735196434f,-0.6051634790742659f,0.6610865344002081f,0.5894103838612341f,-0.6864269279346792f,1.3473948629980639f,-0.03164499601182653f,0.6461461273746416f,-0.5762606311181648f,-0.32551573965195607f,-1.3600071464011263f,-0.5769887846150246f,0f,0f,0f,1f], start_interpolation: 0, interpolation_duration: 1 }
$data merge entity $(bone_tail_0) { transformation: [-0.563723421410397f,-0.4001244561220814f,1.0751521010305438f,0.26557023519496836f,-0.2664372998608295f,1.2108551253029314f,0.31092884612804994f,0.5845055829999406f,-1.1158238149368627f,-0.08698276682572627f,-0.6174195728020897f,-0.3986634843859693f,0f,0f,0f,1f], start_interpolation: 0, interpolation_duration: 1 }
$data merge entity $(bone_body_1) { transformation: [-0.6989235896523311f,0.11998629778415804f,1.0127752461567183f,0.022032248547101195f,-0.013559759349826554f,1.226579267423049f,-0.15467394321786046f,0.5378462900874637f,-1.019767887222443f,-0.09854534046944317f,-0.6920743219610787f,-0.23112817093999102f,0f,0f,0f,1f], start_interpolation: 0, interpolation_duration: 1 }