# This file was generated by Animated Java via MC-Build. It is not recommended to edit this file directly.
$data merge entity $(bone_head_lower) { transformation: [-0.780598136913958f,0.040930913129600704f,-0.62369159766413f,-0.4585294069453639f,-0.1728985205430158f,0.9447753171166815f,0.27839845861841694f,0.15101498730413507f,0.6006435300912633f,0.3251526726284917f,-0.7304129580189924f,0.33376078211249466f,0f,0f,0f,1f], start_interpolation: 0, interpolation_duration: 1 }
$data merge entity $(bone_head_upper) { transformation: [-0.8125242754645152f,0.2878000684894966f,-0.5834786756530294f,-0.49254264596628694f,-0.17996999799217495f,0.79766227341108f,0.6440633819608682f,0.21327044772284823f,0.6252096002038584f,0.6036372758019634f,-0.5728934784572285f,0.3080156134170585f,0f,0f,0f,1f], start_interpolation: 0, interpolation_duration: 1 }
$data merge entity $(bone_neck_0) { transformation: [-0.915923838475224f,-0.26373557715477164f,-0.3025344070608357f,-0.5075282071671174f,-0.3287252894858499f,0.9254288438597457f,0.1884705255599901f,0.21054207933203184f,0.23026768371887568f,0.272075357750852f,-0.9343188928516267f,0.2431101035144544f,0f,0f,0f,1f], start_interpolation: 0, interpolation_duration: 1 }
$data merge entity $(bone_neck_1) { transformation: [-0.9911491540010936f,-0.04372217641901532f,-0.12534642321223635f,-0.5183481169864889f,-0.0987053830400635f,0.8741108015202694f,0.47559179347893155f,0.2548578655807404f,0.08877275416382507f,0.4837547704723713f,-0.8706897956008168f,0.17157984778171792f,0f,0f,0f,1f], start_interpolation: 0, interpolation_duration: 1 }
$data merge entity $(bone_neck_2) { transformation: [-0.9494421475123235f,-0.15998113465311992f,0.27012153761277113f,-0.4962497596765412f,-0.0054232066570752135f,0.8686479370549868f,0.4954001920464609f,0.30676324411417977f,-0.31389520123242093f,0.4688888972936081f,-0.8255985735440934f,0.10384193611001896f,0f,0f,0f,1f], start_interpolation: 0, interpolation_duration: 1 }
$data merge entity $(bone_body_0) { transformation: [-0.8510114914959159f,-0.0020084106672288993f,0.5251432258236683f,-0.24877085925506187f,0.11937693611168254f,0.9730729145198704f,0.19717568347134543f,0.4089611401773567f,-0.5113986590386054f,0.2304887617963111f,-0.8278564744079249f,-0.2841280222495949f,0f,0f,0f,1f], start_interpolation: 0, interpolation_duration: 1 }
$data merge entity $(bone_leg_left_3) { transformation: [-0.09044036375524786f,-0.004306863455772261f,0.995892560234783f,-0.04838494450939196f,-0.01919960209557232f,0.9998123412270118f,0.0025802343949383744f,0.03755706336474532f,-0.9957167849761246f,-0.018887383549196633f,-0.09050608189218787f,0.044070676349240154f,0f,0f,0f,1f], start_interpolation: 0, interpolation_duration: 1 }
$data merge entity $(bone_leg_left_2) { transformation: [0.11175658539020962f,0.1075979325898095f,1.0139010553426864f,0.00820343809931462f,-0.26308711475492835f,0.9884767939314479f,-0.07590123457248374f,0.2652157330700756f,-0.9850674267137972f,-0.2517906119419444f,0.1352991207142648f,-0.011968213073602366f,0f,0f,0f,1f], start_interpolation: 0, interpolation_duration: 1 }
$data merge entity $(bone_leg_left_1) { transformation: [0.1309924059439399f,-0.985902826103988f,-0.10409902528451709f,-0.25672332399470454f,0.13934051214551188f,-0.08565205768037099f,0.9865332973043253f,0.18684966564876687f,-0.9815422615761608f,-0.1437335816546949f,0.1261564356054364f,-0.038158972189432316f,0f,0f,0f,1f], start_interpolation: 0, interpolation_duration: 1 }
$data merge entity $(bone_leg_left_0) { transformation: [0.10225804922675225f,0.5079766863412631f,0.8552794733314304f,-0.11501014373558399f,0.08933176284270128f,0.8516233193294764f,-0.5164857772694811f,0.573656935438128f,-0.9907386777126218f,0.1292184511128138f,0.04170688643678474f,-0.10601756886958366f,0f,0f,0f,1f], start_interpolation: 0, interpolation_duration: 1 }
$data merge entity $(bone_leg_right_3) { transformation: [0.34118775289318937f,-0.05980963442977209f,0.9380904673351464f,-0.04332878098663908f,0.04403228921062099f,0.9978951101031983f,0.04760784325085707f,-0.010042195904351847f,-0.93896329788899f,0.025063057704576695f,0.34310314536000536f,-0.6111261835924949f,0f,0f,0f,1f], start_interpolation: 0, interpolation_duration: 1 }
$data merge entity $(bone_leg_right_2) { transformation: [0.30478241027676584f,-0.25190496503389986f,0.9464215606577493f,-0.07327163002771431f,0.245403640559628f,0.9792135619967086f,0.18160410981718889f,0.22344273018668082f,-0.9481281216621836f,0.17247286190494512f,0.35123834688193106f,-0.5585972663603261f,0f,0f,0f,1f], start_interpolation: 0, interpolation_duration: 1 }
$data merge entity $(bone_leg_right_1) { transformation: [0.2099136860252534f,-0.9624321831838532f,0.17222234811793075f,-0.33968784345016567f,-0.14390216760819396f,0.14381628833807975f,0.9790858192039764f,0.20772017958359767f,-0.9670720813760236f,-0.2303066824489048f,-0.10830707014052585f,-0.634680038969781f,0f,0f,0f,1f], start_interpolation: 0, interpolation_duration: 1 }
$data merge entity $(bone_leg_right_0) { transformation: [0.2519249686033381f,0.7219369961600276f,0.6444693815610198f,-0.13798848457552398f,-0.10362488925028196f,0.6822433952271351f,-0.7237443139651033f,0.5465574687819698f,-0.9621827750079887f,0.11554619528304472f,0.24668478719519488f,-0.49751612737963147f,0f,0f,0f,1f], start_interpolation: 0, interpolation_duration: 1 }
$data merge entity $(bone_tail_4) { transformation: [0.6098431559712345f,-0.09067422932381189f,-2.691752373613066f,0.13937550948214644f,-2.5094753534239636f,-1.02121642868971f,-0.5341458489325814f,0.20637289843187595f,-0.9778988226154685f,2.56408980371413f,-0.30792645683103265f,0.5833302042076216f,0f,0f,0f,1f], start_interpolation: 0, interpolation_duration: 1 }
$data merge entity $(bone_tail_3) { transformation: [0.5034967810445496f,0.9784164536656635f,-1.7678059171522553f,0.42955549218735123f,-1.832684825449478f,-0.5459229365749195f,-0.8241237794973983f,0.3514561211781884f,-0.850707263451675f,1.7551680593499204f,0.7291280829818859f,0.4425213282462088f,0f,0f,0f,1f], start_interpolation: 0, interpolation_duration: 1 }
$data merge entity $(bone_tail_2) { transformation: [0.7848816452555305f,1.5347309310953015f,-0.9205083633966048f,0.601621556893982f,-1.5661185017616799f,0.10262466315093045f,-1.1642658167084035f,0.5667569549331448f,-0.8660297433596029f,1.2053393806954462f,1.2711897324805583f,0.20585636605295404f,0f,0f,0f,1f], start_interpolation: 0, interpolation_duration: 1 }
$data merge entity $(bone_tail_1) { transformation: [1.2407313430991955f,0.7473010705497144f,0.43564101529414895f,0.49755612741638616f,-0.5779735314277333f,1.282944544096836f,-0.5546675975222614f,0.6709847414554956f,-0.6435748450803693f,0.2885318989772411f,1.3379899147797658f,-0.08497628669278373f,0f,0f,0f,1f], start_interpolation: 0, interpolation_duration: 1 }
$data merge entity $(bone_tail_0) { transformation: [0.8381437364207407f,-0.07413732026090417f,0.9622133086936803f,0.21458596909615324f,0.04408500804148743f,1.2760494249227803f,0.05991739150072991f,0.684268832755173f,-0.9640577294688785f,-0.006102416144601716f,0.8392801506961404f,-0.3303807155838398f,0f,0f,0f,1f], start_interpolation: 0, interpolation_duration: 1 }
$data merge entity $(bone_body_1) { transformation: [-0.07226947798865327f,-0.44758430233007634f,1.1502391098876774f,-0.02268053262789f,-0.08523088427722121f,1.1512684943421019f,0.4426298062228108f,0.5038175f,-1.2313071972391052f,-0.05342042024562215f,-0.09815008804993824f,-0.30396395057470893f,0f,0f,0f,1f], start_interpolation: 0, interpolation_duration: 1 }