# This file was generated by Animated Java via MC-Build. It is not recommended to edit this file directly.
$data merge entity $(bone_head_lower) { transformation: [-0.6461966153993753f,0.05334305510077064f,-0.7613044415468149f,-0.4141061828852875f,-0.24571230141332434f,0.9298948989565797f,0.27371690088246203f,0.1577516021822216f,0.7225340124731565f,0.36393680133650674f,-0.5877878915496579f,0.3499992901309604f,0f,0f,0f,1f], start_interpolation: 0, interpolation_duration: 1 }
$data merge entity $(bone_head_upper) { transformation: [-0.6726257877206201f,0.35455241683088967f,-0.7108720531826367f,-0.45535925090336304f,-0.25576183216100373f,0.7852171122918207f,0.6336338961555384f,0.21898510057003243f,0.7520853525274701f,0.5841220872959489f,-0.4202867500054717f,0.3343756047116087f,0f,0f,0f,1f], start_interpolation: 0, interpolation_duration: 1 }
$data merge entity $(bone_neck_0) { transformation: [-0.891104257771193f,-0.2423168167772016f,-0.3836870627073775f,-0.47594798144764694f,-0.33482250166057986f,0.9217846085667796f,0.19546618068387134f,0.21677020728980953f,0.3063120862189445f,0.3026478080481549f,-0.9025393122295808f,0.27100420203951237f,0f,0f,0f,1f], start_interpolation: 0, interpolation_duration: 1 }
$data merge entity $(bone_neck_1) { transformation: [-0.9749578921344284f,0.019745255033183584f,-0.22151124907883693f,-0.49462192765798757f,-0.09036741958470017f,0.8749352442181324f,0.47573316880638006f,0.2611017679887579f,0.20320147155568247f,0.4838372074661387f,-0.8512406937106411f,0.2011219202832617f,0f,0f,0f,1f], start_interpolation: 0, interpolation_duration: 1 }
$data merge entity $(bone_neck_2) { transformation: [-0.9785061464194301f,-0.09749706057805518f,0.18171418381082846f,-0.47965695945850245f,0.004566532178800126f,0.870716098513763f,0.4917648041216765f,0.31270890786785904f,-0.20616708806998368f,0.48202468709352403f,-0.8515558307175952f,0.131238565795745f,0f,0f,0f,1f], start_interpolation: 0, interpolation_duration: 1 }
$data merge entity $(bone_body_0) { transformation: [-0.8805729078008215f,0.046561715992572694f,0.4716178120586972f,-0.25694169465505945f,0.15025443908192704f,0.9712496379946972f,0.184655745189109f,0.40898883498038857f,-0.44946074086996846f,0.23346551629522638f,-0.862252222448642f,-0.2729136223238584f,0f,0f,0f,1f], start_interpolation: 0, interpolation_duration: 1 }
$data merge entity $(bone_leg_left_3) { transformation: [-0.12597964210361295f,0.022539694489303652f,0.9917767349296785f,-0.0655502783557582f,-0.016623886539292164f,0.9995535069964393f,-0.024828069748730808f,0.04439401794604275f,-0.9918935306633341f,-0.019615015254849412f,-0.12554869575100217f,0.04738447680441498f,0f,0f,0f,1f], start_interpolation: 0, interpolation_duration: 1 }
$data merge entity $(bone_leg_left_2) { transformation: [0.05449958869440673f,0.18438011664475898f,1.007519710436922f,0.008649880471656435f,-0.2771448337648289f,0.9739626265047414f,-0.16324748938389544f,0.2659482569486834f,-0.9860439825131028f,-0.2635582938530771f,0.10157012253438162f,-0.01244133431388788f,0f,0f,0f,1f], start_interpolation: 0, interpolation_duration: 1 }
$data merge entity $(bone_leg_left_1) { transformation: [0.08182427148959459f,-0.9936024443929785f,-0.07783939292861114f,-0.2587821255972035f,0.12482059618241485f,-0.06726993152037847f,0.9898962446044081f,0.19268685385121065f,-0.9887995789662655f,-0.0907134984968677f,0.11851773633762638f,-0.02367853173764517f,0f,0f,0f,1f], start_interpolation: 0, interpolation_duration: 1 }
$data merge entity $(bone_leg_left_0) { transformation: [0.05185991608490928f,0.5274668466984282f,0.8479913176074876f,-0.11468324795464704f,0.07518231939397022f,0.8446621211327843f,-0.529993886732676f,0.5762153401451939f,-0.9958203492368538f,0.09123939257515123f,0.004147925783836118f,-0.10398228151095598f,0f,0f,0f,1f], start_interpolation: 0, interpolation_duration: 1 }
$data merge entity $(bone_leg_right_3) { transformation: [0.29546155266954954f,-0.08656748104370715f,0.9514244805132176f,-0.0157030606225389f,0.06384000267092825f,0.995449240914034f,0.07074788210716282f,-0.001496619424125989f,-0.9532192428571061f,0.039835662281685905f,0.29964344654523084f,-0.6003200683087511f,0f,0f,0f,1f], start_interpolation: 0, interpolation_duration: 1 }
$data merge entity $(bone_leg_right_2) { transformation: [0.24903411322991706f,-0.3596218649684132f,0.9277479852767794f,-0.07124517306372385f,0.25250707123396915f,0.947898074926189f,0.29965249544891465f,0.22832591586108072f,-0.9624366934636929f,0.1556391765866133f,0.318675787104714f,-0.5526991896244359f,0f,0f,0f,1f], start_interpolation: 0, interpolation_duration: 1 }
$data merge entity $(bone_leg_right_1) { transformation: [0.18852686921482367f,-0.978350073024276f,0.08537420100621906f,-0.3378056115030473f,-0.14375270061028783f,0.05850508418278544f,0.9878827441513562f,0.18896339788207367f,-0.9714899796968086f,-0.19851521286329343f,-0.1296106847853817f,-0.6191033348049413f,0f,0f,0f,1f], start_interpolation: 0, interpolation_duration: 1 }
$data merge entity $(bone_leg_right_0) { transformation: [0.22759351139042272f,0.6730847069201674f,0.7036747621473785f,-0.15727778170214074f,-0.10043594670667141f,0.735011647420936f,-0.6705747525553702f,0.5438200869640698f,-0.9685627569662754f,0.08194422167397683f,0.23488578150269968f,-0.4934303009210109f,0f,0f,0f,1f], start_interpolation: 0, interpolation_duration: 1 }
$data merge entity $(bone_tail_4) { transformation: [0.577794810754204f,-0.012577127796007344f,-2.700306705565484f,0.22055477965105846f,-2.4841710971442375f,-1.085062108210505f,-0.526493602087407f,0.20912422610440642f,-1.0586351819105155f,2.539319469618224f,-0.23834746577027252f,0.586333635180224f,0f,0f,0f,1f], start_interpolation: 0, interpolation_duration: 1 }
$data merge entity $(bone_tail_3) { transformation: [0.47008867779574476f,1.1961656702981025f,-1.6383375263519375f,0.4866508606361518f,-1.8264858854778974f,-0.4820970951165815f,-0.8760577761053323f,0.36238894953385814f,-0.8825596133988426f,1.6348442146348041f,0.9403820759227819f,0.41088135200546994f,0f,0f,0f,1f], start_interpolation: 0, interpolation_duration: 1 }
$data merge entity $(bone_tail_2) { transformation: [0.7305002282784535f,1.6265461849889913f,-0.799681686413828f,0.6362371456315179f,-1.5654511870310444f,0.13165299346994327f,-1.1622409153597524f,0.577320759368352f,-0.9135129295806372f,1.0750762170241417f,1.3522126793078222f,0.15908829326139987f,0f,0f,0f,1f], start_interpolation: 0, interpolation_duration: 1 }
$data merge entity $(bone_tail_1) { transformation: [1.1807518735437235f,0.7521598183271229f,0.5724830746992415f,0.5027227412478241f,-0.5673035884077232f,1.2966138447894349f,-0.5334936045353122f,0.6768148519951427f,-0.756074005440412f,0.20175330280932094f,1.2943353325559892f,-0.12118212321752012f,0f,0f,0f,1f], start_interpolation: 0, interpolation_duration: 1 }
$data merge entity $(bone_tail_0) { transformation: [0.7675054665677651f,-0.08375145562428514f,1.0187034745466603f,0.20301283729934338f,0.0327283361977331f,1.2752782229722885f,0.08018744668835578f,0.6841569515722399f,-1.0216163327699657f,-0.022065001189284582f,0.7678860077669026f,-0.3461087298023653f,0f,0f,0f,1f], start_interpolation: 0, interpolation_duration: 1 }
$data merge entity $(bone_body_1) { transformation: [-0.13396462088119518f,-0.451746259617633f,1.1430587877838505f,-0.03230400275722812f,-0.10188673120562053f,1.1499526337152248f,0.4425298060830501f,0.5038175f,-1.2248580201038166f,-0.04624772631326121f,-0.1618288399960354f,-0.3053706788003234f,0f,0f,0f,1f], start_interpolation: 0, interpolation_duration: 1 }