# This file was generated by Animated Java via MC-Build. It is not recommended to edit this file directly.
$data merge entity $(bone_head_lower) { transformation: [-0.6521209988698295f,0.03939499066611096f,-0.7570906402429187f,-0.40255766453869474f,-0.25205138933900834f,0.9305727155841212f,0.2655268689655904f,0.15406741365241966f,0.714988321558675f,0.36398139474540625f,-0.5969164466773366f,0.35590878134984266f,0f,0f,0f,1f], start_interpolation: 0, interpolation_duration: 1 }
$data merge entity $(bone_head_upper) { transformation: [-0.6787924760065228f,0.3394605353537803f,-0.7123757870939789f,-0.4442551945366953f,-0.2623601861415616f,0.7891313219458475f,0.6260278204962393f,0.21486241344800955f,0.7442310459986242f,0.5878011944908169f,-0.42904760634511135f,0.33976132075329885f,0f,0f,0f,1f], start_interpolation: 0, interpolation_duration: 1 }
$data merge entity $(bone_neck_0) { transformation: [-0.8840466842696463f,-0.25836829010231066f,-0.3894961960038279f,-0.4649612895019113f,-0.3515104613876051f,0.9167618694950193f,0.18970521915611693f,0.2123619263633564f,0.3080614477128176f,0.30462025754963445f,-0.9012794478537038f,0.27643880145780786f,0f,0f,0f,1f], start_interpolation: 0, interpolation_duration: 1 }
$data merge entity $(bone_neck_1) { transformation: [-0.9720407665645613f,0.007957791152334985f,-0.23467727136762884f,-0.4848048739768212f,-0.1067596691074761f,0.8751758785379057f,0.4718787499744689f,0.25636807577022663f,0.20913899968356478f,0.4837394496889632f,-0.8498570607025495f,0.2066732812196661f,0f,0f,0f,1f], start_interpolation: 0, interpolation_duration: 1 }
$data merge entity $(bone_neck_2) { transformation: [-0.9795741854595832f,-0.10920690466145469f,0.1688439135872476f,-0.47108208466817747f,-0.011623076723594063f,0.8690192748824276f,0.4946416925111522f,0.30821063968504325f,-0.20074690350954716f,0.48257574727402514f,-0.8525381685732579f,0.13670926179203913f,0f,0f,0f,1f], start_interpolation: 0, interpolation_duration: 1 }
$data merge entity $(bone_body_0) { transformation: [-0.8917058139949368f,0.02801683085990675f,0.45174749415596605f,-0.2579082893905946f,0.12891081589166026f,0.9724655268251814f,0.1941463383192401f,0.4089750306110508f,-0.4338694997735767f,0.23135655669375302f,-0.8707648367045125f,-0.2714749799804561f,0f,0f,0f,1f], start_interpolation: 0, interpolation_duration: 1 }
$data merge entity $(bone_leg_left_3) { transformation: [-0.1346958223218525f,0.02609049857200954f,0.9905434474738121f,-0.06655287375169654f,-0.007327007205721214f,0.9995997392727322f,-0.027325376690783443f,0.04212015264813401f,-0.9908599045346661f,-0.010938333060839927f,-0.134450743603012f,0.04381887307005365f,0f,0f,0f,1f], start_interpolation: 0, interpolation_duration: 1 }
$data merge entity $(bone_leg_left_2) { transformation: [0.042909832394750776f,0.19295602601232842f,1.0064735057665846f,0.009596004590985918f,-0.2698710905402111f,0.973926598937833f,-0.1752106557054021f,0.2633075625805868f,-0.9886306389522764f,-0.25748233222419237f,0.09151233697102824f,-0.014905483721145519f,0f,0f,0f,1f], start_interpolation: 0, interpolation_duration: 1 }
$data merge entity $(bone_leg_left_1) { transformation: [0.07172401359879925f,-0.9947625331696259f,-0.07282285681864209f,-0.2582160666604208f,0.13199976060720897f,-0.06290204695593488f,0.98925193741958f,0.1911239713133145f,-0.9886514699695333f,-0.08056571907891429f,0.12679682896815167f,-0.023827888304915418f,0f,0f,0f,1f], start_interpolation: 0, interpolation_duration: 1 }
$data merge entity $(bone_leg_left_0) { transformation: [0.04152309850029276f,0.531191180614987f,0.8462338695229537f,-0.11371374714840175f,0.08251251357419881f,0.8422481204808195f,-0.5327380112683853f,0.5747803542939778f,-0.9957246192570529f,0.09194581656270677f,-0.008857167832577312f,-0.1027844460964886f,0f,0f,0f,1f], start_interpolation: 0, interpolation_duration: 1 }
$data merge entity $(bone_leg_right_3) { transformation: [0.28558700539302473f,-0.0877774993238451f,0.9543244589567516f,-0.01430436660782769f,0.07446175802360053f,0.9948186652367914f,0.06921899947647081f,0.002597641668089401f,-0.9554556551419223f,0.05129263016205446f,0.29064335042863f,-0.6039127272190041f,0f,0f,0f,1f], start_interpolation: 0, interpolation_duration: 1 }
$data merge entity $(bone_leg_right_2) { transformation: [0.23837815255708875f,-0.3705033413062805f,0.9262641793597793f,-0.0724122602071855f,0.2617414480698716f,0.9422055361597426f,0.3095195332978412f,0.23138386408562978f,-0.9626678919785634f,0.16443296874869287f,0.3135195815937744f,-0.5544010195189751f,0f,0f,0f,1f], start_interpolation: 0, interpolation_duration: 1 }
$data merge entity $(bone_leg_right_1) { transformation: [0.18164999610935648f,-0.9804869035665116f,0.07515790609127593f,-0.33914833198363825f,-0.1349969113241815f,0.05084170365938773f,0.9895407799085101f,0.1900258861161327f,-0.9740529312344388f,-0.1898961640043455f,-0.12312730830336899f,-0.618858535227442f,0f,0f,0f,1f], start_interpolation: 0, interpolation_duration: 1 }
$data merge entity $(bone_leg_right_0) { transformation: [0.22039590113626878f,0.6679074688434854f,0.7108623353543364f,-0.16040146086244528f,-0.09139345327581559f,0.739716963792887f,-0.6666828707679195f,0.5453617902515481f,-0.9711193971189401f,0.08196600844326644f,0.22407295686723339f,-0.49199944071268653f,0f,0f,0f,1f], start_interpolation: 0, interpolation_duration: 1 }
$data merge entity $(bone_tail_4) { transformation: [0.544039443523588f,0.028490000223378536f,-2.7071887144005715f,0.22667975737375723f,-2.528220077911852f,-0.9823511358889429f,-0.5184118199473172f,0.20380098309163808f,-0.9683933359611329f,2.580665785665586f,-0.1674508320704724f,0.5818973012958982f,0f,0f,0f,1f], start_interpolation: 0, interpolation_duration: 1 }
$data merge entity $(bone_tail_3) { transformation: [0.4833876748116071f,1.2086329618453897f,-1.6252655922726946f,0.49043731916551886f,-1.8111870066484004f,-0.48995863994935124f,-0.9030435671280937f,0.36171843083019173f,-0.9065779110659373f,1.6232967753076661f,0.9375337841846016f,0.4070409839030974f,0f,0f,0f,1f], start_interpolation: 0, interpolation_duration: 1 }
$data merge entity $(bone_tail_2) { transformation: [0.7163183101792164f,1.6374919527797913f,-0.7901152182347798f,0.638237336449514f,-1.5662514559144445f,0.12449466942682534f,-1.1619515175483717f,0.576594147144926f,-0.9233191920190178f,1.0591954762311382f,1.3580723426178807f,0.1541475964881213f,0f,0f,0f,1f], start_interpolation: 0, interpolation_duration: 1 }
$data merge entity $(bone_tail_1) { transformation: [1.17885077757846f,0.7520372094356776f,0.5765475954566625f,0.5038516075674839f,-0.5688045344900758f,1.297583436589732f,-0.5295232540989192f,0.6752234463587006f,-0.7579106119762338f,0.1958915789720914f,1.2941615986968678f,-0.12601202624198124f,0f,0f,0f,1f], start_interpolation: 0, interpolation_duration: 1 }
$data merge entity $(bone_tail_0) { transformation: [0.7554763943635135f,-0.06961813072838394f,1.0287100903643447f,0.20155860020773253f,0.016024633653127177f,1.275937542645636f,0.07458092898138369f,0.684219811275563f,-1.0309385749208417f,-0.031183645157819313f,0.7550026169483675f,-0.3473938557141879f,0f,0f,0f,1f], start_interpolation: 0, interpolation_duration: 1 }
$data merge entity $(bone_body_1) { transformation: [-0.14683813431528958f,-0.4509468899662602f,1.1417924766772696f,-0.033517683473494195f,-0.09252470756403466f,1.15072591294256f,0.44257614805697754f,0.5038175f,-1.2241251308004608f,-0.03288420241574232f,-0.1704138739377919f,-0.3055600327465276f,0f,0f,0f,1f], start_interpolation: 0, interpolation_duration: 1 }