# This file was generated by Animated Java via MC-Build. It is not recommended to edit this file directly.
$data merge entity $(bone_head_lower) { transformation: [-0.6623098782404887f,0.046825688224613915f,-0.7477653242210153f,-0.39516823861586636f,-0.24561005027350646f,0.9293250485358203f,0.27573657241748095f,0.15415684002248808f,0.7078286009972432f,0.3662817345789799f,-0.6040003001026569f,0.3618347442589218f,0f,0f,0f,1f], start_interpolation: 0, interpolation_duration: 1 }
$data merge entity $(bone_head_upper) { transformation: [-0.6893980762980755f,0.3428917832243374f,-0.7004480423109581f,-0.4359697458301603f,-0.25565539899217193f,0.783864600707418f,0.6353491538575152f,0.2154782465071703f,0.7367784958494468f,0.5928350996175421f,-0.434943600135458f,0.34539155090789775f,0f,0f,0f,1f], start_interpolation: 0, interpolation_duration: 1 }
$data merge entity $(bone_neck_0) { transformation: [-0.876746638114035f,-0.2583478692636086f,-0.40567439037076347f,-0.457724643473172f,-0.3571780590135238f,0.9146161547422605f,0.18947591837437605f,0.2129995927201661f,0.3220856512095329f,0.3110203657824273f,-0.8941628293289186f,0.2824207881823031f,0f,0f,0f,1f], start_interpolation: 0, interpolation_duration: 1 }
$data merge entity $(bone_neck_1) { transformation: [-0.9664610392446739f,0.017096362067208305f,-0.25624358338536346f,-0.4793530773799458f,-0.10925432343587706f,0.8756158998046483f,0.47048941414219425f,0.2568900742699831f,0.23241461320810605f,0.4827054074830355f,-0.8443808010334931f,0.21311441531085112f,0f,0f,0f,1f], start_interpolation: 0, interpolation_duration: 1 }
$data merge entity $(bone_neck_2) { transformation: [-0.9838680416687197f,-0.10005068707340395f,0.14830218002139478f,-0.4673402529018495f,-0.013890514012257153f,0.8692083998852564f,0.49425075739890123f,0.308700240988934f,-0.1783556284602022f,0.484217531265703f,-0.8565761216678378f,0.14281271499888426f,0f,0f,0f,1f], start_interpolation: 0, interpolation_duration: 1 }
$data merge entity $(bone_body_0) { transformation: [-0.8975053080114075f,0.03384262780971625f,0.43970319379586204f,-0.25978739321966415f,0.13127460564359733f,0.9723549591653905f,0.1931134674215909f,0.4089767904389762f,-0.42101211384527454f,0.23104222542514793f,-0.877136414741817f,-0.26837742200742254f,0f,0f,0f,1f], start_interpolation: 0, interpolation_duration: 1 }
$data merge entity $(bone_leg_left_3) { transformation: [-0.1466479925748306f,0.030288509878699993f,0.9887249225356365f,-0.06933088747851647f,-0.004992118709864268f,0.999495722104525f,-0.03135889420149682f,0.04308707140780563f,-0.9891761445893039f,-0.009534551068715208f,-0.1464228373969001f,0.04390541094094864f,0f,0f,0f,1f], start_interpolation: 0, interpolation_duration: 1 }
$data merge entity $(bone_leg_left_2) { transformation: [0.02590628760565163f,0.20849764368083878f,1.003952088668939f,0.010336417365054529f,-0.2708926639039158f,0.9699832139352632f,-0.19445289616653127f,0.26275902775616655f,-0.9889429854173739f,-0.2602373854081109f,0.07956427797961207f,-0.015830877854564586f,0f,0f,0f,1f], start_interpolation: 0, interpolation_duration: 1 }
$data merge entity $(bone_leg_left_1) { transformation: [0.056823753507756855f,-0.9962250044538417f,-0.0656262259941322f,-0.25795789595123675f,0.13082098351872065f,-0.057736025873147134f,0.9897234066079119f,0.19197735410364208f,-0.9897762026379926f,-0.06482508632711953f,0.12704635718586024f,-0.0204678787013315f,0f,0f,0f,1f], start_interpolation: 0, interpolation_duration: 1 }
$data merge entity $(bone_leg_left_0) { transformation: [0.026304511789821572f,0.5361621487113948f,0.8437050568466917f,-0.1130675023325547f,0.08145762833753536f,0.8400407561953291f,-0.5363731748665324f,0.5749403217229478f,-0.9963296279069107f,0.08283524744913763f,-0.021577635063116538f,-0.10203636424379467f,0f,0f,0f,1f], start_interpolation: 0, interpolation_duration: 1 }
$data merge entity $(bone_leg_right_3) { transformation: [0.27089342745641604f,-0.09204210495903123f,0.9581988321197363f,-0.008892902123321292f,0.08100149603377672f,0.9940673065473833f,0.07258751748008543f,0.00628611369928439f,-0.9591952400847311f,0.05795205749878321f,0.27674184799276785f,-0.6031684203094364f,0f,0f,0f,1f], start_interpolation: 0, interpolation_duration: 1 }
$data merge entity $(bone_leg_right_2) { transformation: [0.2219448506770259f,-0.39464004303609235f,0.9203596683857451f,-0.07278400741949159f,0.26533098109489717f,0.9321760972231684f,0.33572219726687225f,0.23353869942105274f,-0.9656097313251696f,0.165436270808273f,0.30379415164199525f,-0.5537188397973667f,0f,0f,0f,1f], start_interpolation: 0, interpolation_duration: 1 }
$data merge entity $(bone_leg_right_1) { transformation: [0.1736936462340922f,-0.9833578130026375f,0.053272214751937386f,-0.33929773625700843f,-0.13252169076673428f,0.030263211981732097f,0.9907179919012654f,0.18657704899546518f,-0.9758424661461663f,-0.17914114437286383f,-0.12505971237192537f,-0.6151877050072689f,0f,0f,0f,1f], start_interpolation: 0, interpolation_duration: 1 }
$data merge entity $(bone_leg_right_0) { transformation: [0.21167441216566985f,0.6552671569949662f,0.7251337091861422f,-0.16566154482268763f,-0.08822313110377426f,0.7517278437894171f,-0.653545658703323f,0.5451907326094791f,-0.9733502054104494f,0.0743653268361561f,0.21693126974225568f,-0.49047211851774897f,0f,0f,0f,1f], start_interpolation: 0, interpolation_duration: 1 }
$data merge entity $(bone_tail_4) { transformation: [0.53338642479804f,0.09110062028915983f,-2.7079255769729143f,0.23757974785027974f,-2.55333787931284f,-0.9064098635429532f,-0.5334305624336254f,0.21119683678669354f,-0.9064358375016811f,2.6068722960388713f,-0.09084181987196888f,0.5801703628464061f,0f,0f,0f,1f], start_interpolation: 0, interpolation_duration: 1 }
$data merge entity $(bone_tail_3) { transformation: [0.4414058630199113f,1.2356773828715548f,-1.6168511977284103f,0.49964588838259977f,-1.8235909359713682f,-0.4940539806268626f,-0.8754269178602312f,0.36447159748222946f,-0.9031182028832991f,1.6015484993377191f,0.9774279727603384f,0.3987622892802438f,0f,0f,0f,1f], start_interpolation: 0, interpolation_duration: 1 }
$data merge entity $(bone_tail_2) { transformation: [0.6899201487054065f,1.659593298340578f,-0.7671597926873694f,0.6431642812856244f,-1.5716604315316236f,0.11938122832786832f,-1.1551647005009877f,0.5780804429331298f,-0.9341667685006338f,1.024827830139652f,1.3768929668652943f,0.14235398985761002f,0f,0f,0f,1f], start_interpolation: 0, interpolation_duration: 1 }
$data merge entity $(bone_tail_1) { transformation: [1.1632734738291823f,0.7636633299736232f,0.5926798406719972f,0.5051798380262855f,-0.5811720639917773f,1.2935254476929068f,-0.5260106445751866f,0.6760152880799637f,-0.7724571878887039f,0.17682331470839158f,1.2882933121982019f,-0.13629585586871393f,0f,0f,0f,1f], start_interpolation: 0, interpolation_duration: 1 }
$data merge entity $(bone_tail_0) { transformation: [0.7343346714478385f,-0.07187526544967358f,1.0437539236382116f,0.19843620425113664f,0.014997375832608217f,1.2757880543529003f,0.07730223588360502f,0.6842128164521463f,-1.0461182464768304f,-0.032163693367024244f,0.7337832294358202f,-0.35150053743439413f,0f,0f,0f,1f], start_interpolation: 0, interpolation_duration: 1 }
$data merge entity $(bone_body_1) { transformation: [-0.16541420560131623f,-0.45154652209712576f,1.1390120605259302f,-0.03595328214303026f,-0.09356581881100373f,1.1506441936483842f,0.442569737137252f,0.5038175f,-1.2216743318870875f,-0.026986534818308722f,-0.18811738038519546f,-0.3059481469697885f,0f,0f,0f,1f], start_interpolation: 0, interpolation_duration: 1 }