# This file was generated by Animated Java via MC-Build. It is not recommended to edit this file directly.
$data merge entity $(bone_head_lower) { transformation: [-0.6392017259203719f,0.05174520140805405f,-0.7672962841768867f,-0.36975395970019914f,-0.2683369599183143f,0.9200199270031562f,0.28558468071467635f,0.15524636042679169f,0.7207055081808482f,0.38844017306188433f,-0.574193175185354f,0.3701744314147837f,0f,0f,0f,1f], start_interpolation: 0, interpolation_duration: 1 }
$data merge entity $(bone_head_upper) { transformation: [-0.6653448101764627f,0.355402576334166f,-0.7172706845325489f,-0.41142678217560535f,-0.27931182977190677f,0.7709933369067088f,0.6411131871818222f,0.21666875972433852f,0.7501820631714833f,0.6022708906829238f,-0.39745262474322834f,0.35653180618124225f,0f,0f,0f,1f], start_interpolation: 0, interpolation_duration: 1 }
$data merge entity $(bone_neck_0) { transformation: [-0.8487844561723439f,-0.26397040550055917f,-0.458131609889657f,-0.4364914329646541f,-0.3800026021118398f,0.9070198879241282f,0.18141925283258237f,0.21379982367110129f,0.367645167720792f,0.32807704572245244f,-0.8701738232799116f,0.29482063425068855f,0f,0f,0f,1f], start_interpolation: 0, interpolation_duration: 1 }
$data merge entity $(bone_neck_1) { transformation: [-0.9460309372588553f,0.03260450943322291f,-0.32243202650132413f,-0.46365545263026886f,-0.12716861939165583f,0.8777783270452114f,0.46188023427261965f,0.2569709567224734f,0.29808322326349046f,0.47795622658809334f,-0.8262591829895263f,0.22702752139106203f,0f,0f,0f,1f], start_interpolation: 0, interpolation_duration: 1 }
$data merge entity $(bone_neck_2) { transformation: [-0.9930530208002192f,-0.0840488791885173f,0.08234976494631696f,-0.45726388665553946f,-0.032659652292388125f,0.8692317769157255f,0.49332490826236497f,0.3087002409889341f,-0.11304443812810927f,0.48720827569642594f,-0.8659382490115652f,0.1559349097650216f,0f,0f,0f,1f], start_interpolation: 0, interpolation_duration: 1 }
$data merge entity $(bone_body_0) { transformation: [-0.9108588137812874f,0.04141859125014141f,0.41063453539102124f,-0.2633388061503622f,0.13127460564359733f,0.9723549591653906f,0.1931134674215907f,0.4089767904389762f,-0.39128403912000315f,0.22980499055791953f,-0.8911152939124154f,-0.26185520678224516f,0f,0f,0f,1f], start_interpolation: 0, interpolation_duration: 1 }
$data merge entity $(bone_leg_left_3) { transformation: [-0.17378615904614073f,0.03520013769791455f,0.9841541145725284f,-0.07319329184990778f,0.000471270719977053f,0.9993638358775248f,-0.03566092320830605f,0.04438593226078558f,-0.984783300441218f,-0.005733571854267906f,-0.17369219132100913f,0.04368875090430345f,0f,0f,0f,1f], start_interpolation: 0, interpolation_duration: 1 }
$data merge entity $(bone_leg_left_2) { transformation: [-0.010627071442480176f,0.23484182424894762f,0.9983980080292013f,0.012386480204929717f,-0.27126095463196503f,0.962254849163093f,-0.22922761451222004f,0.2611811520861367f,-0.9891242385794649f,-0.26641531927844214f,0.05213748947786338f,-0.018335497111576473f,0f,0f,0f,1f], start_interpolation: 0, interpolation_duration: 1 }
$data merge entity $(bone_leg_left_1) { transformation: [0.024558626389139915f,-0.9984153202395192f,-0.050633212231664726f,-0.25665546651684973f,0.13009687625971153f,-0.04702591779425136f,0.9903854632632053f,0.19328838815411664f,-0.991197092740563f,-0.03090972931985088f,0.12873582242728562f,-0.013820060300836517f,0f,0f,0f,1f], start_interpolation: 0, interpolation_duration: 1 }
$data merge entity $(bone_leg_left_0) { transformation: [-0.006597954299262437f,0.5460302788279532f,0.8377394592605343f,-0.11123064218022949f,0.08100323304082535f,0.8352964092015034f,-0.5437999494409762f,0.574940321722948f,-0.9966920001866167f,0.06427163743162331f,-0.04974146545749713f,-0.1004266456987643f,0f,0f,0f,1f], start_interpolation: 0, interpolation_duration: 1 }
$data merge entity $(bone_leg_right_3) { transformation: [0.2384024775777248f,-0.0977058478897227f,0.9662390107902664f,0.0003515785480524003f,0.09483816756352334f,0.9925131803020101f,0.07696303593273074f,0.014827230665222846f,-0.9665246922132903f,0.07328815876347372f,0.24588384478664801f,-0.6032712265919614f,0f,0f,0f,1f], start_interpolation: 0, interpolation_duration: 1 }
$data merge entity $(bone_leg_right_2) { transformation: [0.18675253202680697f,-0.43969327135477043f,0.9076648711984014f,-0.07437909835069062f,0.27355702376177987f,0.9105734713245812f,0.3848177589082832f,0.23854878671190072f,-0.9707482918001287f,0.17201156922119165f,0.28305825111077354f,-0.5529218139208639f,0f,0f,0f,1f], start_interpolation: 0, interpolation_duration: 1 }
$data merge entity $(bone_leg_right_1) { transformation: [0.155283422714903f,-0.9878248320923351f,0.009442443099890785f,-0.34014846106152524f,-0.12594043353738202f,-0.01031529794162872f,0.9919841741826285f,0.1806271395095595f,-0.9798091986863366f,-0.1552278832237474f,-0.1260088823834005f,-0.6079228529056864f,0f,0f,0f,1f], start_interpolation: 0, interpolation_duration: 1 }
$data merge entity $(bone_leg_right_0) { transformation: [0.1917030922462661f,0.6295218204421612f,0.7529622845869552f,-0.17656396774179248f,-0.08031143811863209f,0.7746803977519571f,-0.62723229687747f,0.545190732609479f,-0.9781615394864678f,0.05977088694386981f,0.19906643047838685f,-0.4869237673890773f,0f,0f,0f,1f], start_interpolation: 0, interpolation_duration: 1 }
$data merge entity $(bone_tail_4) { transformation: [0.5027826699440235f,0.1356746872295882f,-2.7119113734871783f,0.27384623223911286f,-2.532491116419766f,-0.9714436281493714f,-0.5181190540628254f,0.21210940459624553f,-0.9794690723340523f,2.5813854784152523f,-0.05244692334094612f,0.5803114495770815f,0f,0f,0f,1f], start_interpolation: 0, interpolation_duration: 1 }
$data merge entity $(bone_tail_3) { transformation: [0.38050915700565596f,1.36074110323485f,-1.5295561308583918f,0.5198865086565416f,-1.820372097856034f,-0.48693638703792863f,-0.8860496071722603f,0.3671157296058528f,-0.936698314734532f,1.499073757688426f,1.1005996830036955f,0.37902080145298966f,0f,0f,0f,1f], start_interpolation: 0, interpolation_duration: 1 }
$data merge entity $(bone_tail_2) { transformation: [0.6580487274632711f,1.69644584043686f,-0.7126129789382332f,0.6532499700270067f,-1.5722624439114774f,0.12524219565519468f,-1.153724002912201f,0.5804577020007382f,-0.9558956819403752f,0.9618522640690305f,1.407081213845101f,0.11696952029777555f,0f,0f,0f,1f], start_interpolation: 0, interpolation_duration: 1 }
$data merge entity $(bone_tail_1) { transformation: [1.1367767636899793f,0.7756634761815607f,0.6274878574542109f,0.5076538547318263f,-0.5931786645569005f,1.2903348131589725f,-0.5204146345602639f,0.6772388212070548f,-0.8022056540869245f,0.1450465155318746f,1.2740030796207018f,-0.15818836742299006f,0f,0f,0f,1f], start_interpolation: 0, interpolation_duration: 1 }
$data merge entity $(bone_tail_0) { transformation: [0.6885496716451335f,-0.07640959218381857f,1.0741958110529521f,0.19190497253750963f,0.01445092594003834f,1.2755351029465125f,0.08146832804674993f,0.6842128164521463f,-1.076813000014804f,-0.03174101380800355f,0.6879694670736383f,-0.3599950028048383f,0f,0f,0f,1f], start_interpolation: 0, interpolation_duration: 1 }
$data merge entity $(bone_body_1) { transformation: [-0.2054806901197146f,-0.45218956415395106f,1.1322132657385868f,-0.040860575858673455f,-0.09356581881100383f,1.1506441936483842f,0.442569737137252f,0.5038175f,-1.2155771133886992f,-0.01212982892582367f,-0.22545452692744505f,-0.30676295335166187f,0f,0f,0f,1f], start_interpolation: 0, interpolation_duration: 1 }