# This file was generated by Animated Java via MC-Build. It is not recommended to edit this file directly.
$data merge entity $(bone_head_lower) { transformation: [-0.6216787905062429f,0.06207675659000356f,-0.7808085282103163f,-0.3711447465875913f,-0.28096284169492525f,0.9128419111796602f,0.2962760989019828f,0.15856152240223748f,0.7311466084318574f,0.40356674972689516f,-0.5500531933308466f,0.3692189292529629f,0f,0f,0f,1f], start_interpolation: 0, interpolation_duration: 1 }
$data merge entity $(bone_head_upper) { transformation: [-0.6471051940051189f,0.37072047989352963f,-0.7261495274821954f,-0.4130800315305116f,-0.29245410485239703f,0.7598317180965609f,0.6485355035099608f,0.22024088569512462f,0.7610502000723003f,0.6072018021592542f,-0.36821258398915785f,0.35770613148973474f,0f,0f,0f,1f], start_interpolation: 0, interpolation_duration: 1 }
$data merge entity $(bone_neck_0) { transformation: [-0.8489831014611211f,-0.2501837180954614f,-0.46544151150642604f,-0.43884107386353083f,-0.37069814535921297f,0.9096938430971503f,0.18718973491721458f,0.21769867002442134f,0.37657745346833504f,0.3314592268003228f,-0.8650573405897646f,0.2962680155380154f,0f,0f,0f,1f], start_interpolation: 0, interpolation_duration: 1 }
$data merge entity $(bone_neck_1) { transformation: [-0.9431868897565043f,0.05045709662468425f,-0.3284091539401103f,-0.4664291900353908f,-0.11497340761917627f,0.8777788547366817f,0.46506493924783693f,0.2611395918174558f,0.3117364376069739f,0.47640147310578984f,-0.8221082835556072f,0.2288193757860481f,0f,0f,0f,1f], start_interpolation: 0, interpolation_duration: 1 }
$data merge entity $(bone_neck_2) { transformation: [-0.9948519059265036f,-0.0661580939199083f,0.07676452229570419f,-0.4603517712366545f,-0.019992983077942665f,0.8707440325730967f,0.49132994043309336f,0.31270890786785904f,-0.09934770204714416f,0.48726577588337394f,-0.8675840580316846f,0.15758314190904543f,0f,0f,0f,1f], start_interpolation: 0, interpolation_duration: 1 }
$data merge entity $(bone_body_0) { transformation: [-0.9077328509427798f,0.06152524525834224f,0.4150129100584631f,-0.26417163815687134f,0.15025443908192704f,0.9712496379946972f,0.184655745189109f,0.40898883498038857f,-0.391720148646286f,0.2299756180360658f,-0.8908796440897395f,-0.2600942883204674f,0f,0f,0f,1f], start_interpolation: 0, interpolation_duration: 1 }
$data merge entity $(bone_leg_left_3) { transformation: [-0.17862659726944125f,0.034241560280033f,0.9833209314855098f,-0.07409312449267075f,-0.005103942534304483f,0.9993485589959734f,-0.03572684429498876f,0.04696649632931177f,-0.9839036988031641f,-0.011400578154669709f,-0.178335465623616f,0.04665121633550964f,0f,0f,0f,1f], start_interpolation: 0, interpolation_duration: 1 }
$data merge entity $(bone_leg_left_2) { transformation: [-0.01724645573088607f,0.2397271031318823f,0.9971437585872028f,0.012576367881921846f,-0.2779112566116618f,0.9588771767532914f,-0.2353340027511092f,0.26277535373811006f,-0.987182907425946f,-0.27413076337092845f,0.048830639565976774f,-0.01727067523111292f,0f,0f,0f,1f], start_interpolation: 0, interpolation_duration: 1 }
$data merge entity $(bone_leg_left_1) { transformation: [0.018468019273216306f,-0.9986534342972981f,-0.04847938149704867f,-0.25652319984624755f,0.12337400347515193f,-0.04584090863572249f,0.9913008959755683f,0.19528985885803507f,-0.9921883830859123f,-0.024288459433723465f,0.12236128148928099f,-0.01059862239338874f,0f,0f,0f,1f], start_interpolation: 0, interpolation_duration: 1 }
$data merge entity $(bone_leg_left_0) { transformation: [-0.012764942485160968f,0.5471466685630008f,0.8369394119790037f,-0.11131198617365212f,0.07427273485336167f,0.835214213882806f,-0.5448860227474444f,0.5762153401451939f,-0.9971562651363889f,0.05520634029290572f,-0.05129954084308289f,-0.10069168369297657f,0f,0f,0f,1f], start_interpolation: 0, interpolation_duration: 1 }
$data merge entity $(bone_leg_right_3) { transformation: [0.23210499906573417f,-0.10006020011337902f,0.9675304779499021f,0.0037932747620124385f,0.09203278065665109f,0.9924915570446122f,0.08056349346798569f,0.015198886500680159f,-0.9683270298268556f,0.07034533067966904f,0.23957107037008404f,-0.6001121936540099f,0f,0f,0f,1f], start_interpolation: 0, interpolation_duration: 1 }
$data merge entity $(bone_leg_right_2) { transformation: [0.1797071468442864f,-0.4519631365361329f,0.9030486498999936f,-0.07392922175267524f,0.2693122940719398f,0.9054662140527711f,0.3995798080125481f,0.23819274691266418f,-0.973261747494213f,0.1671001433932856f,0.2773108588626639f,-0.5510813480555443f,0f,0f,0f,1f], start_interpolation: 0, interpolation_duration: 1 }
$data merge entity $(bone_leg_right_1) { transformation: [0.15296833182011207f,-0.9882278037518106f,-0.0025489903970751238f,-0.3392181850878232f,-0.13056989847776523f,-0.022767586368664494f,0.9911776524026616f,0.17683877828176015f,-0.9795673489207763f,-0.15128597060804308f,-0.13251552371516373f,-0.6046615881218802f,0f,0f,0f,1f], start_interpolation: 0, interpolation_duration: 1 }
$data merge entity $(bone_leg_right_0) { transformation: [0.18892360395409297f,0.6217534809937124f,0.760085837745447f,-0.17894050931753935f,-0.08456082762427782f,0.7814500165484523f,-0.6182114024085297f,0.5438200869640698f,-0.9783441819219317f,0.052521238643285895f,0.20021034236742313f,-0.48658083485553194f,0f,0f,0f,1f], start_interpolation: 0, interpolation_duration: 1 }
$data merge entity $(bone_tail_4) { transformation: [0.5128756249090507f,0.15757677670547404f,-2.7088354480140104f,0.28423389860929016f,-2.557163496379171f,-0.8939287605053406f,-0.5361600092577201f,0.21597458843733927f,-0.9074881694876268f,2.608011169873415f,-0.020107005134970733f,0.5806733761739615f,0f,0f,0f,1f], start_interpolation: 0, interpolation_duration: 1 }
$data merge entity $(bone_tail_3) { transformation: [0.3467050447300067f,1.3917994450721207f,-1.5095149693527872f,0.5265720043813451f,-1.8324460157275184f,-0.4808423446610199f,-0.8642209006207154f,0.3672199364877389f,-0.9262195946143394f,1.4722874958112877f,1.144741157762147f,0.37216008974191783f,0f,0f,0f,1f], start_interpolation: 0, interpolation_duration: 1 }
$data merge entity $(bone_tail_2) { transformation: [0.6184601608706282f,1.7191835344090722f,-0.693317300689507f,0.656324578242136f,-1.5696629875131918f,0.09687248669383261f,-1.1599774575204862f,0.58171958393675f,-0.9861232225486909f,0.924011672729982f,1.4115726313625176f,0.1092425079983406f,0f,0f,0f,1f], start_interpolation: 0, interpolation_duration: 1 }
$data merge entity $(bone_tail_1) { transformation: [1.1279773486537894f,0.7776964246746556f,0.6407118088284518f,0.5078663721698669f,-0.5917017508239023f,1.2896770219937719f,-0.5237160175259163f,0.6792177537392413f,-0.8156055351675205f,0.1399203344390478f,1.2660435067621365f,-0.16412710431033647f,0f,0f,0f,1f], start_interpolation: 0, interpolation_duration: 1 }
$data merge entity $(bone_tail_0) { transformation: [0.6777909522046053f,-0.09200369180965882f,1.0798011216825973f,0.19010317452760575f,0.03225668876277989f,1.2747496078112688f,0.0883666226530436f,0.6841569515722399f,-1.083233422547358f,-0.019608025459937593f,0.6782747188255851f,-0.3628079183053296f,0f,0f,0f,1f], start_interpolation: 0, interpolation_duration: 1 }
$data merge entity $(bone_body_1) { transformation: [-0.21269934582296188f,-0.45378871478547544f,1.1302386410294423f,-0.04209558714039085f,-0.10188673120562053f,1.1499526337152248f,0.4425298060830501f,0.5038175f,-1.213664977391606f,-0.01700992654347971f,-0.23522878248264548f,-0.30697478214494595f,0f,0f,0f,1f], start_interpolation: 0, interpolation_duration: 1 }