# This file was generated by Animated Java via MC-Build. It is not recommended to edit this file directly.
$data merge entity $(bone_head_lower) { transformation: [-0.5657818125248716f,-0.04498858165611036f,-0.8233267687477691f,-0.33221672551173453f,-0.39834026454527427f,0.8891755212827689f,0.22514867530926497f,0.16012212121857675f,0.7219528892234397f,0.4553492284742419f,-0.5210001016025242f,0.38170111480560004f,0f,0f,0f,1f], start_interpolation: 0, interpolation_duration: 1 }
$data merge entity $(bone_head_upper) { transformation: [-0.588922052914717f,0.2846959079683535f,-0.8096857403711005f,-0.38182437420551907f,-0.4146322153900658f,0.7654051039156294f,0.5707075393265254f,0.2165234510258831f,0.7514804615789746f,0.6454263780397315f,-0.3196464437141015f,0.3743916908311423f,0f,0f,0f,1f], start_interpolation: 0, interpolation_duration: 1 }
$data merge entity $(bone_neck_0) { transformation: [-0.8276430684457613f,-0.2610696101840724f,-0.4968396219023009f,-0.4094458742867148f,-0.39475368792915905f,0.9000408946849932f,0.18465078868221785f,0.21398152073030124f,0.3989692683904526f,0.34895421839114293f,-0.8479707992301466f,0.313767210809176f,0f,0f,0f,1f], start_interpolation: 0, interpolation_duration: 1 }
$data merge entity $(bone_neck_1) { transformation: [-0.924652445019861f,0.05824321735799407f,-0.3763317466685242f,-0.4410577933617477f,-0.13186734109021736f,0.8781230334969746f,0.4599031880688232f,0.2569867600390153f,0.35725181633210634f,0.47487647412128203f,-0.8042782317416968f,0.24782198498558022f,0f,0f,0f,1f], start_interpolation: 0, interpolation_duration: 1 }
$data merge entity $(bone_neck_2) { transformation: [-0.9979228343880928f,-0.05761902968683373f,0.028810831726673924f,-0.4390978747337808f,-0.03594927613836269f,0.869202449871853f,0.49314779800978187f,0.308700240988934f,-0.05345714313319311f,0.4910877198166502f,-0.8694683348422303f,0.1764580935477194f,0f,0f,0f,1f], start_interpolation: 0, interpolation_duration: 1 }
$data merge entity $(bone_body_0) { transformation: [-0.9306851463654114f,0.053784926405645694f,0.36184574064970243f,-0.2680489654319317f,0.13127460564359733f,0.9723549591653905f,0.1931134674215909f,0.4089767904389762f,-0.3414559067404027f,0.22722899260000062f,-0.9120169124934463f,-0.2512074170562642f,0f,0f,0f,1f], start_interpolation: 0, interpolation_duration: 1 }
$data merge entity $(bone_leg_left_3) { transformation: [-0.22173512052988667f,0.03141043677038208f,0.9746009033371f,-0.07454232532915478f,0.006388346282269863f,0.9995063937438324f,-0.030759679728132344f,0.045773571451536904f,-0.975086009209123f,-0.0005944132344476078f,-0.22182633143414737f,0.04406348481965629f,0f,0f,0f,1f], start_interpolation: 0, interpolation_duration: 1 }
$data merge entity $(bone_leg_left_2) { transformation: [-0.07009571894402011f,0.2601661649760995f,0.9896779053247805f,0.0165787651794585f,-0.27173369374628253f,0.9516502944637493f,-0.269415508519379f,0.25885416564466307f,-0.9865645388769132f,-0.2806020013281852f,0.003889342090198719f,-0.022754770985483008f,0f,0f,0f,1f], start_interpolation: 0, interpolation_duration: 1 }
$data merge entity $(bone_leg_left_1) { transformation: [-0.02864098093814011f,-0.9992121853256951f,-0.027471856645494397f,-0.2528485528997307f,0.12900334262353666f,-0.03094819965704998f,0.991161110279223f,0.19530985629859854f,-0.9912304635163587f,0.024843865130789643f,0.1297880986936308f,-0.0031479690496048485f,0f,0f,0f,1f], start_interpolation: 0, interpolation_duration: 1 }
$data merge entity $(bone_leg_left_0) { transformation: [-0.06069699000887646f,0.5596900701228003f,0.826476194944414f,-0.10743394963583493f,0.08032154490404393f,0.8280563869791848f,-0.5548613064606378f,0.5749403217229478f,-0.994919255431359f,0.032705433629797664f,-0.09521570134697793f,-0.09824045794199182f,0f,0f,0f,1f], start_interpolation: 0, interpolation_duration: 1 }
$data merge entity $(bone_leg_right_3) { transformation: [0.1832889997931489f,-0.09886041977653653f,0.9780755389827688f,0.01073994760957285f,0.1135776683566667f,0.9903975225722579f,0.0788217009039851f,0.029049040912779933f,-0.9764759371359285f,0.09664038847366668f,0.192757307280862f,-0.6053530315670981f,0f,0f,0f,1f], start_interpolation: 0, interpolation_duration: 1 }
$data merge entity $(bone_leg_right_2) { transformation: [0.1294451322523639f,-0.4991642195053339f,0.8866460619675095f,-0.07841399085084283f,0.28467029152496576f,0.8758659390591977f,0.45153502789898287f,0.24672494314646448f,-0.9768669215199955f,0.18909293551657289f,0.24907243701073406f,-0.55206279878694f,0f,0f,0f,1f], start_interpolation: 0, interpolation_duration: 1 }
$data merge entity $(bone_leg_right_1) { transformation: [0.12283108713175654f,-0.9908117994118877f,-0.05660832253483389f,-0.34213804286662464f,-0.11595775517817092f,-0.07097808367294262f,0.9907148483050794f,0.17258924433625022f,-0.9856299118066932f,-0.11512640784934498f,-0.123610627243923f,-0.5964126376825214f,0f,0f,0f,1f], start_interpolation: 0, interpolation_duration: 1 }
$data merge entity $(bone_leg_right_0) { transformation: [0.15680093698237638f,0.5891645808302592f,0.7926528640310042f,-0.19357190474452327f,-0.0684496364990269f,0.807133579641129f,-0.5863872712455894f,0.5451907326094791f,-0.9852553544257446f,0.037689273153012515f,0.16688740295360133f,-0.4806390996675128f,0f,0f,0f,1f], start_interpolation: 0, interpolation_duration: 1 }
$data merge entity $(bone_tail_4) { transformation: [0.4993192182041534f,0.30004251336773646f,-2.6993177175175145f,0.3066957378792139f,-2.560248765326182f,-0.8638979849063108f,-0.5696208062567407f,0.22772555147931828f,-0.9063486688784596f,2.6056316112311015f,0.1219726550315949f,0.5627939854947792f,0f,0f,0f,1f], start_interpolation: 0, interpolation_duration: 1 }
$data merge entity $(bone_tail_3) { transformation: [0.3288189519361025f,1.4180999306811495f,-1.4888976490995631f,0.5452805371321572f,-1.8451623726408002f,-0.4618301865834992f,-0.8473690007282944f,0.37592739116267293f,-0.9073033899874178f,1.4531520881885742f,1.183678627480859f,0.3478655980847685f,0f,0f,0f,1f], start_interpolation: 0, interpolation_duration: 1 }
$data merge entity $(bone_tail_2) { transformation: [0.5951870169442147f,1.747964082200909f,-0.6396466659018526f,0.6650454964144279f,-1.583230225651531f,0.12231123982046174f,-1.1389450769022014f,0.5865131859907048f,-0.9787279205413659f,0.8651216116546223f,1.4534201490290612f,0.07716010956652158f,0f,0f,0f,1f], start_interpolation: 0, interpolation_duration: 1 }
$data merge entity $(bone_tail_1) { transformation: [1.1020312955625209f,0.7903964799540452f,0.6696690810221467f,0.5102255515172415f,-0.6182915079393065f,1.2863247898364274f,-0.500739848886036f,0.6791335213294486f,-0.8312032752647998f,0.09109439899646066f,1.2603408966071612f,-0.19437061639759268f,0f,0f,0f,1f], start_interpolation: 0, interpolation_duration: 1 }
$data merge entity $(bone_tail_0) { transformation: [0.6121826853394152f,-0.08330785358915703f,1.1189852000294809f,0.18122170152584496f,0.01282095253654836f,1.275124206000269f,0.08791813824386167f,0.6842128164521463f,-1.1220087787226558f,-0.03088328652489514f,0.6115376028231978f,-0.37382138611641114f,0f,0f,0f,1f], start_interpolation: 0, interpolation_duration: 1 }
$data merge entity $(bone_body_1) { transformation: [-0.2709136005109066f,-0.4521838630875147f,1.1183649538847855f,-0.04832469235556108f,-0.09356581881100373f,1.1506441936483842f,0.442569737137252f,0.5038175f,-1.2026869308613497f,0.012340528463630804f,-0.2863502274292706f,-0.3080801915333824f,0f,0f,0f,1f], start_interpolation: 0, interpolation_duration: 1 }