# This file was generated by Animated Java via MC-Build. It is not recommended to edit this file directly.
$data merge entity $(bone_head_lower) { transformation: [-0.7918491974517889f,-0.07178107999875905f,-0.6064835736020967f,-0.2775572731715791f,-0.31809443404738447f,0.8962048879115739f,0.30924542019483026f,0.16288474514377893f,0.5213355728540229f,0.4377947869009117f,-0.7324922832626657f,0.49390946485857684f,0f,0f,0f,1f], start_interpolation: 0, interpolation_duration: 1 }
$data merge entity $(bone_head_upper) { transformation: [-0.8242354996904016f,0.18171788302368366f,-0.6091686093545959f,-0.31572719147372497f,-0.331104363860575f,0.7287613461829866f,0.6653936752972275f,0.22501659125223666f,0.5426579805605971f,0.7206645918056882f,-0.519265639952176f,0.47446344912888827f,0f,0f,0f,1f], start_interpolation: 0, interpolation_duration: 1 }
$data merge entity $(bone_neck_0) { transformation: [-0.9228674517571531f,-0.16690559818680403f,-0.34707086852855307f,-0.3351620522387423f,-0.22872443987132235f,0.9625904647000241f,0.14527466356575008f,0.21885958187382298f,0.30983995399691244f,0.21345284856964802f,-0.9265187987001097f,0.41098814939067985f,0f,0f,0f,1f], start_interpolation: 0, interpolation_duration: 1 }
$data merge entity $(bone_neck_1) { transformation: [-0.9515194194023782f,0.21117233677756028f,-0.22364489415156832f,-0.3531348655536237f,0.06274937780351572f,0.8450673251154138f,0.5309649061920678f,0.26773239787607594f,0.3011200924638426f,0.4911898413059703f,-0.8173489032918456f,0.3440108197776713f,0f,0f,0f,1f], start_interpolation: 0, interpolation_duration: 1 }
$data merge entity $(bone_neck_2) { transformation: [-0.9941117642014377f,0.09940079304858392f,0.04314258473501843f,-0.3483820556720093f,0.10721154668168088f,0.8444581284502692f,0.5247820057437093f,0.3219750103081265f,0.015731641186710332f,0.5263173487883345f,-0.8501426726320657f,0.27468492137803835f,0f,0f,0f,1f], start_interpolation: 0, interpolation_duration: 1 }
$data merge entity $(bone_body_0) { transformation: [-0.9762117039574449f,0.1419186156186828f,0.16392015006514216f,-0.2697751514348331f,0.18208392986514746f,0.9470560775119915f,0.2644432425539835f,0.45562801182005785f,-0.11771215545289371f,0.28799981352160187f,-0.9503683264241063f,-0.17047654876085863f,0f,0f,0f,1f], start_interpolation: 0, interpolation_duration: 1 }
$data merge entity $(bone_leg_left_3) { transformation: [-0.6131675394084102f,-0.11724365353435051f,0.7812038750043124f,0.21487069636038272f,-0.07741410690236748f,0.99308290622186f,0.0882802210149772f,0.024713422337695468f,-0.786150510187677f,-0.006345634393943363f,-0.6180025147649432f,-0.1356225563181708f,0f,0f,0f,1f], start_interpolation: 0, interpolation_duration: 1 }
$data merge entity $(bone_leg_left_2) { transformation: [-0.5219950748552825f,-0.14561192071995782f,0.8708504520707142f,0.20703213685893174f,-0.1866201464953024f,1.0069961321671468f,0.0565146903306782f,0.2608997972789944f,-0.8629926200435287f,-0.12968484046080833f,-0.5389691822412065f,-0.18384729419248158f,0f,0f,0f,1f], start_interpolation: 0, interpolation_duration: 1 }
$data merge entity $(bone_leg_left_1) { transformation: [-0.5225118460158675f,-0.8514648060842681f,-0.04459882030917611f,-0.011512738512041445f,0.21450639226764034f,-0.1818991548086898f,0.9596351937878298f,0.15631600035102616f,-0.8252080819098974f,0.4918540245639596f,0.277689106863817f,-0.04851898034434067f,0f,0f,0f,1f], start_interpolation: 0, interpolation_duration: 1 }
$data merge entity $(bone_leg_left_0) { transformation: [-0.5392114786691081f,0.2821460010661365f,0.7935014904547196f,-0.028026181145195866f,0.15857224268854922f,0.9593714786344486f,-0.23336925639740028f,0.5704322250908298f,-0.8271069006604878f,-0.000008070899841117196f,-0.5620446377421128f,-0.09894057476683982f,0f,0f,0f,1f], start_interpolation: 0, interpolation_duration: 1 }
$data merge entity $(bone_leg_right_3) { transformation: [-0.31651143815256844f,-0.3006693504327542f,0.899676859338362f,0.017104659065873468f,0.25745511507910396f,0.8856083975321898f,0.3865418863979328f,0.22620426710920716f,-0.9129826795937578f,0.3539713377249811f,-0.20289632532648053f,-0.7145332470768324f,0f,0f,0f,1f], start_interpolation: 0, interpolation_duration: 1 }
$data merge entity $(bone_leg_right_2) { transformation: [-0.4056278038245968f,-0.6026992856184094f,0.7240731008539041f,-0.10037728512960595f,0.3953103953216261f,0.6066876563559644f,0.7264447525288219f,0.38945939966754384f,-0.8551362321968288f,0.566344293024182f,-0.007639741084952141f,-0.5814286771048521f,0f,0f,0f,1f], start_interpolation: 0, interpolation_duration: 1 }
$data merge entity $(bone_leg_right_1) { transformation: [-0.29655227354459773f,-0.8694360677514122f,-0.3951425984989367f,-0.3215250370937198f,0.02277076247694563f,-0.4200742190418713f,0.9072040249428903f,0.22767715617179002f,-0.9547451185692172f,0.26003571791068164f,0.14437168690199534f,-0.5374563772961657f,0f,0f,0f,1f], start_interpolation: 0, interpolation_duration: 1 }
$data merge entity $(bone_leg_right_0) { transformation: [-0.28570985034017027f,0.2080223911612745f,0.9354659620713857f,-0.2827803701540047f,0.08015986410267163f,0.9779226219360795f,-0.19298119517897275f,0.6180305971506928f,-0.9549577360310972f,0.019850195999265796f,-0.29607717256342475f,-0.39452170528089175f,0f,0f,0f,1f], start_interpolation: 0, interpolation_duration: 1 }
$data merge entity $(bone_tail_4) { transformation: [0.9536956838555571f,2.5065132713591405f,-0.6584201505845476f,1.2255996451711075f,-2.5905631577178516f,0.9027021992049977f,-0.3158680057007499f,0.2613182013074812f,-0.07147307234329581f,0.7267608214887195f,2.663150697928837f,0.008020043862930093f,0f,0f,0f,1f], start_interpolation: 0, interpolation_duration: 1 }
$data merge entity $(bone_tail_3) { transformation: [0.4608516817671331f,1.8068468804133155f,0.9267500224966378f,1.05077567337906f,-1.9113599211043337f,0.7068938278401193f,-0.42772642448417975f,0.3269272855809287f,-0.6857583433345033f,-0.7560099159049812f,1.8149738366282049f,-0.2923342975114186f,0f,0f,0f,1f], start_interpolation: 0, interpolation_duration: 1 }
$data merge entity $(bone_tail_2) { transformation: [-0.11422759797208897f,1.3722518269552921f,1.3865968607645724f,0.7932524117374118f,-1.247799957257211f,1.016289389924162f,-1.1085689052103402f,0.5323269733546347f,-1.4995736719258597f,-0.9501866523732135f,0.8168218919209725f,-0.44551465508069665f,0f,0f,0f,1f], start_interpolation: 0, interpolation_duration: 1 }
$data merge entity $(bone_tail_1) { transformation: [0.2190848095465147f,0.4833158180145369f,1.4163558579265687f,0.4823510893760714f,-0.3752602257139428f,1.4034616581367807f,-0.42086979831900406f,0.6060961024596174f,-1.4487366424658032f,-0.29044353013434066f,0.32320418713255306f,-0.5101301357636603f,0f,0f,0f,1f], start_interpolation: 0, interpolation_duration: 1 }
$data merge entity $(bone_tail_0) { transformation: [-0.12071192384308155f,0.18096667583410583f,1.2595695337152624f,0.118642644756513f,0.11658733556642215f,1.261475421407308f,-0.17006725421081126f,0.6862353559105587f,-1.2671510333072582f,0.0988258063809038f,-0.13563714596503243f,-0.46810896646140726f,0f,0f,0f,1f], start_interpolation: 0, interpolation_duration: 1 }
$data merge entity $(bone_body_1) { transformation: [-0.8012307060520302f,-0.16079560163758605f,0.9277816150526061f,-0.08622285973755352f,0.14970225769725212f,1.1809599961235546f,0.33395705809647075f,0.5290489814814813f,-0.929636049632307f,0.32875957340602374f,-0.7458542439204717f,-0.3168525928130062f,0f,0f,0f,1f], start_interpolation: 0, interpolation_duration: 1 }