# This file was generated by Animated Java via MC-Build. It is not recommended to edit this file directly.
$data merge entity $(bone_head_lower) { transformation: [0.43235311021967415f,-0.28837098233591113f,0.8543494394157438f,-0.4856097183084444f,0.3522013446992553f,0.9262245897535796f,0.13439576677800955f,1.1090521735099723f,-0.8300752983166109f,0.24279659363844971f,0.5020207298928554f,-0.8459652094492418f,0f,0f,0f,1f], start_interpolation: 0, interpolation_duration: 1 }
$data merge entity $(bone_head_upper) { transformation: [0.4500361722805296f,0.06218485043647117f,0.93652145228969f,-0.4195123481980912f,0.3666062329468946f,0.944461559162965f,-0.23888109136441704f,1.113905780127772f,-0.8640250321530527f,0.4331250976602044f,0.3864393046433838f,-0.8098676103726896f,0f,0f,0f,1f], start_interpolation: 0, interpolation_duration: 1 }
$data merge entity $(bone_neck_0) { transformation: [0.4794600419344561f,0.49220076746632385f,0.7265373167936876f,-0.3806773498952098f,0.30413387491088856f,0.683396765719317f,-0.6636802292791797f,1.0597998879672594f,-0.8231771706746351f,0.5391727599850893f,0.17796651530600927f,-0.8068457575259955f,0f,0f,0f,1f], start_interpolation: 0, interpolation_duration: 1 }
$data merge entity $(bone_neck_1) { transformation: [0.6534348125674909f,0.05378493818700534f,0.7550696167566987f,-0.3164652625800873f,0.4236659355860325f,0.8006318060932306f,-0.4236695482282185f,1.0275979272212046f,-0.6273197914532104f,0.5967377074528735f,0.5003738479926676f,-0.7617084291682398f,0f,0f,0f,1f], start_interpolation: 0, interpolation_duration: 1 }
$data merge entity $(bone_neck_2) { transformation: [0.7018684575811792f,0.18341069612423344f,0.6882885912172597f,-0.25437031447827985f,0.2862327227506799f,0.8122121671090438f,-0.5083131161270213f,0.9910179506487085f,-0.6522664307469367f,0.5537796602867014f,0.5175679580242549f,-0.7109437452991353f,0f,0f,0f,1f], start_interpolation: 0, interpolation_duration: 1 }
$data merge entity $(bone_body_0) { transformation: [0.7075645635275453f,0.3226250072501373f,0.6287014340185035f,0.0450077202195799f,0.2809164094620047f,0.6879523057252682f,-0.6691842765204978f,0.6821875162180501f,-0.6484121832099157f,0.6501036300038139f,0.3961400142889061f,-0.5180513923845036f,0f,0f,0f,1f], start_interpolation: 0, interpolation_duration: 1 }
$data merge entity $(bone_leg_left_3) { transformation: [0.8713780359384666f,0.06541989716379679f,0.4862309693336063f,-0.10609824133478592f,-0.05349740714404367f,0.9978301524633453f,-0.038379867949766f,-0.014483334254542402f,-0.48768672927698625f,0.007431277821161736f,0.8729870733275836f,-0.25361585506265977f,0f,0f,0f,1f], start_interpolation: 0, interpolation_duration: 1 }
$data merge entity $(bone_leg_left_2) { transformation: [0.8959665838759837f,0.1826082385564109f,0.4647153013293396f,-0.04778075862735974f,-0.03344432972216778f,0.9744479695672942f,-0.31842555003690726f,0.20276641204408813f,-0.49818425997589366f,0.26299731047711655f,0.8571505452922306f,-0.16659464494773815f,0f,0f,0f,1f], start_interpolation: 0, interpolation_duration: 1 }
$data merge entity $(bone_leg_left_1) { transformation: [0.930689013790465f,-0.35448951837776776f,-0.09030581913713882f,-0.15783025436320863f,0.27496882540131407f,0.515100514788756f,0.8118273244488512f,0.2941706720714225f,-0.2412677033238245f,-0.7803900569744958f,0.5768719565971204f,-0.4043923644424937f,0f,0f,0f,1f], start_interpolation: 0, interpolation_duration: 1 }
$data merge entity $(bone_leg_left_0) { transformation: [0.9345400035100876f,-0.03338988622117586f,0.35428815579624184f,-0.09111725605209461f,0.2268651639355817f,0.8229402815174327f,-0.5208660964667311f,0.6860644165471479f,-0.27416633497175913f,0.5671458441654539f,0.7766456155892516f,-0.27681514288006437f,0f,0f,0f,1f], start_interpolation: 0, interpolation_duration: 1 }
$data merge entity $(bone_leg_right_3) { transformation: [0.8920607605967198f,-0.4500797292353856f,-0.04069197384009235f,0.5865856941889819f,0.4514809410652767f,0.8836350773634535f,0.1239112985473686f,0.3893617918656412f,-0.019813108247143094f,-0.12890805787182125f,0.9914585989123811f,-0.24437132414159624f,0f,0f,0f,1f], start_interpolation: 0, interpolation_duration: 1 }
$data merge entity $(bone_leg_right_2) { transformation: [0.8259558887276734f,-0.5755173900934998f,-0.1965675534688744f,0.44507723828683476f,0.6042739295267102f,0.73920779678115f,0.3748160225670725f,0.5723160925096926f,-0.06864464633983469f,-0.4176287422802913f,0.9343106258899955f,-0.3127391005428492f,0f,0f,0f,1f], start_interpolation: 0, interpolation_duration: 1 }
$data merge entity $(bone_leg_right_1) { transformation: [0.9696884986182828f,-0.06364031085936339f,-0.2359112682369021f,0.4596119560913843f,0.23067673493741156f,-0.07995052282184051f,0.9697402527786133f,0.5037587187806449f,-0.08057580037477236f,-0.9947652108584404f,-0.06284676331941735f,-0.5812572826934875f,0f,0f,0f,1f], start_interpolation: 0, interpolation_duration: 1 }
$data merge entity $(bone_leg_right_0) { transformation: [0.9598209370424481f,-0.19406777643505574f,0.20268563581198726f,0.2553109829772313f,0.2767961369840141f,0.7734975464295408f,-0.5701626471614981f,0.8216891533492304f,-0.046126644856126386f,0.6033566472800588f,0.7961363506443373f,-0.4038069242151413f,0f,0f,0f,1f], start_interpolation: 0, interpolation_duration: 1 }
$data merge entity $(bone_tail_4) { transformation: [0.4515441838009764f,-2.2737627435741032f,2.2899959987147795f,1.361353009190497f,3.2178860794003534f,0.1427765988328955f,-0.49274218506939577f,0.28712125660215193f,0.24349100229117704f,2.3297185810479135f,2.265191890998015f,1.1126947207054814f,0f,0f,0f,1f], start_interpolation: 0, interpolation_duration: 1 }
$data merge entity $(bone_tail_3) { transformation: [0.056648116987310856f,-1.5510916907986965f,1.9048034302891488f,1.0535473876628467f,2.3836813364732814f,-0.42561775462048435f,-0.4174725901961068f,0.3620741844301831f,0.5934853220215486f,1.857507643093652f,1.4949284527554896f,0.8410329283449244f,0f,0f,0f,1f], start_interpolation: 0, interpolation_duration: 1 }
$data merge entity $(bone_tail_2) { transformation: [0.5880550640245834f,-1.180751454920228f,1.8913693417555086f,0.7020998291919746f,2.2168973999112196f,0.10051465526442407f,-0.6265169318524509f,0.4802055051110275f,0.23836506349668266f,1.9781262723432744f,1.1608011417651967f,0.6258894901514866f,0f,0f,0f,1f], start_interpolation: 0, interpolation_duration: 1 }
$data merge entity $(bone_tail_1) { transformation: [0.8839314120253698f,-1.0652194666291157f,1.1266345056180436f,0.4718373777849846f,1.548729838742148f,0.6682514851675593f,-0.5832738650591744f,0.5960712362371523f,-0.07371368885459594f,1.266522800026012f,1.2553162356911165f,0.34034793297316596f,0f,0f,0f,1f], start_interpolation: 0, interpolation_duration: 1 }
$data merge entity $(bone_tail_0) { transformation: [1.2266746126776762f,-0.2851925013564309f,0.8299924599378791f,0.22241208708799515f,0.5035496175623891f,1.3969939018417965f,-0.2641943841969424f,0.7069869271259537f,-0.7187906712224646f,0.49196150983434866f,1.231367814902056f,-0.007614454607143828f,0f,0f,0f,1f], start_interpolation: 0, interpolation_duration: 1 }
$data merge entity $(bone_body_1) { transformation: [1.0895559505175816f,-0.34693678988371346f,0.4702204691133331f,0.13646106959237006f,0.42655511985436245f,1.1521872570822533f,-0.13827454357022437f,0.6615258333333338f,-0.3994034995765679f,0.284084465430103f,1.135067159283332f,-0.2906367741327893f,0f,0f,0f,1f], start_interpolation: 0, interpolation_duration: 1 }