# This file was generated by Animated Java via MC-Build. It is not recommended to edit this file directly.
$data merge entity $(bone_head_lower) { transformation: [-0.043765801564506004f,-0.06632537266682581f,0.9968377498640502f,-0.7869521432728215f,0.33365114826012654f,0.9395334091818278f,0.07716141714529803f,1.1245397230347698f,-0.9416801292785759f,0.33597309114239843f,-0.018989896000408527f,-0.4808559390894202f,0f,0f,0f,1f], start_interpolation: 0, interpolation_duration: 1 }
$data merge entity $(bone_head_upper) { transformation: [-0.04555580461274365f,0.20685291697280772f,1.0191214265186623f,-0.7120659112805335f,0.347297341202654f,0.9645545199575842f,-0.1802528152525457f,1.133880196641311f,-0.9801944541993493f,0.33214212523066344f,-0.111231214987545f,-0.4813700427750773f,0f,0f,0f,1f], start_interpolation: 0, interpolation_duration: 1 }
$data merge entity $(bone_neck_0) { transformation: [0.007934741911904047f,0.6339982009849123f,0.773293812867196f,-0.6723568268767337f,0.2880021800838f,0.7391014490155704f,-0.6089201855170039f,1.0824162126832544f,-0.9575968797660996f,0.22754192846809274f,-0.17672828480820918f,-0.4961816336846887f,0f,0f,0f,1f], start_interpolation: 0, interpolation_duration: 1 }
$data merge entity $(bone_neck_1) { transformation: [0.2493569947044169f,0.29964161321143434f,0.9208886973049623f,-0.5929650560939879f,0.4199470924290718f,0.8234068715165344f,-0.3816353803039257f,1.053880019538363f,-0.8726199222756434f,0.4818879823894788f,0.07948863866143055f,-0.4872279050028126f,0f,0f,0f,1f], start_interpolation: 0, interpolation_duration: 1 }
$data merge entity $(bone_neck_2) { transformation: [0.2852175395941752f,0.4080246484227652f,0.8672755279536739f,-0.5129903989553222f,0.2817414225359829f,0.8291931685410752f,-0.48276335825351624f,1.0197046479959155f,-0.9161182925448251f,0.382040018223603f,0.12154299050320949f,-0.4728394169088822f,0f,0f,0f,1f], start_interpolation: 0, interpolation_duration: 1 }
$data merge entity $(bone_body_0) { transformation: [0.2885345207474589f,0.5790454961851454f,0.7625314050481677f,-0.148096075090856f,0.2808811319092112f,0.7101735001105217f,-0.6455690431535354f,0.722215669146994f,-0.9153434437818597f,0.4004496386419515f,0.04226661610652033f,-0.4491045358675767f,0f,0f,0f,1f], start_interpolation: 0, interpolation_duration: 1 }
$data merge entity $(bone_leg_left_3) { transformation: [0.49370546024391543f,0.043085875721310785f,0.8685611814021346f,-0.18276395880087132f,-0.03804676660246806f,0.998885717489554f,-0.02792430744847363f,0.02326427519158747f,-0.868796502108774f,-0.019259561487929483f,0.4947946111416853f,-0.17215159320094386f,0f,0f,0f,1f], start_interpolation: 0, interpolation_duration: 1 }
$data merge entity $(bone_leg_left_2) { transformation: [0.5108476030195093f,0.3377642268691504f,0.8228075431335092f,-0.07781065150378436f,-0.02732420219748134f,0.9543761562074211f,-0.3748089379106562f,0.23410230633795898f,-0.8890164868910967f,0.1647533884656953f,0.4843224200112756f,-0.12015928631097622f,0f,0f,0f,1f], start_interpolation: 0, interpolation_duration: 1 }
$data merge entity $(bone_leg_left_1) { transformation: [0.689558449376899f,-0.6744855313124767f,0.2637772032285061f,-0.28877003387663047f,0.2632824576864077f,0.5727580248696095f,0.77629285222915f,0.34328766652635556f,-0.6746788068166449f,-0.46585138509785456f,0.5725303438551345f,-0.2636447621235581f,0f,0f,0f,1f], start_interpolation: 0, interpolation_duration: 1 }
$data merge entity $(bone_leg_left_0) { transformation: [0.6731004652293573f,0.311598870054327f,0.6707025479964195f,-0.1427603925455242f,0.21741417521119996f,0.7834565708912887f,-0.5821742676763522f,0.7235707716813993f,-0.7068711623239814f,0.5376820117022048f,0.4595989710243199f,-0.17213944459253816f,0f,0f,0f,1f], start_interpolation: 0, interpolation_duration: 1 }
$data merge entity $(bone_leg_right_3) { transformation: [0.7669085063505965f,-0.40906079997983974f,0.49449024743360714f,0.43070098071178664f,0.44840514562300815f,0.8927899925471984f,0.043114435939510476f,0.4117555294539189f,-0.4591123699770082f,0.1886671437411055f,0.8681132072527568f,-0.5409957915068263f,0f,0f,0f,1f], start_interpolation: 0, interpolation_duration: 1 }
$data merge entity $(bone_leg_right_2) { transformation: [0.6928516237978958f,-0.6678701344580619f,0.35492014651225895f,0.2849151693705749f,0.605172254498102f,0.7782553861706525f,0.28310297734701967f,0.600976028956097f,-0.45363572311602346f,0.01817242130353361f,0.9197535503153351f,-0.5076315614730541f,0f,0f,0f,1f], start_interpolation: 0, interpolation_duration: 1 }
$data merge entity $(bone_leg_right_1) { transformation: [0.7890005947638836f,-0.5866541392845523f,-0.18252392260341826f,0.15093339702908473f,0.23373704050882868f,0.011870551576322053f,0.9722273838456967f,0.5572926115255443f,-0.5681945594216931f,-0.8097505855913749f,0.1464886745725188f,-0.7467006506117104f,0f,0f,0f,1f], start_interpolation: 0, interpolation_duration: 1 }
$data merge entity $(bone_leg_right_0) { transformation: [0.8023861612818975f,0.21416156747335696f,0.5570558959392273f,0.09637440474686138f,0.2753677856056564f,0.6952471433628875f,-0.6639307134757224f,0.8522987838096925f,-0.5294799626368666f,0.6861240650662963f,0.4988834899081779f,-0.45635266415432707f,0f,0f,0f,1f], start_interpolation: 0, interpolation_duration: 1 }
$data merge entity $(bone_tail_4) { transformation: [0.16121168202508412f,1.7559026541461151f,2.540953804597852f,1.746908349660925f,3.046382977251019f,-0.5097991209664587f,0.15901316466282167f,0.5475717501941049f,0.5091081651799574f,2.4945020143875376f,-1.7561031150597752f,-0.31969032093652106f,0f,0f,0f,1f], start_interpolation: 0, interpolation_duration: 1 }
$data merge entity $(bone_tail_3) { transformation: [0.3444638791522898f,1.1189293844517947f,2.0170155518586936f,1.3939474466576327f,2.170696716835072f,-0.8469136279543619f,0.09911174590718627f,0.5390537754071936f,0.7800195301086673f,1.862724995071912f,-1.1665484101628814f,-0.14011504578651612f,0f,0f,0f,1f], start_interpolation: 0, interpolation_duration: 1 }
$data merge entity $(bone_tail_2) { transformation: [0.3057060724715489f,0.8366413354947728f,1.999211099858897f,1.0227236037888665f,2.1660481540602152f,-0.05175489973457692f,-0.3095589983335636f,0.5981894753246724f,-0.07105730328288176f,2.0217869954321266f,-0.8352234153537476f,0.015579709975858103f,0f,0f,0f,1f], start_interpolation: 0, interpolation_duration: 1 }
$data merge entity $(bone_tail_1) { transformation: [0.37607226086821616f,0.16296448858370097f,1.64366913643413f,0.666672982693644f,1.5993764319645103f,0.3851193514949468f,-0.40412140995075135f,0.6789162084300848f,-0.4125538552503661f,1.6415729227069882f,-0.06836414230644358f,0.010618519880361207f,0f,0f,0f,1f], start_interpolation: 0, interpolation_duration: 1 }
$data merge entity $(bone_tail_0) { transformation: [0.41055246213231267f,-0.11206370147683897f,1.366884020512131f,0.2645334058189918f,0.5557252035906056f,1.3180245798798054f,-0.05885769116985821f,0.7279220747371594f,-1.2538339989066651f,0.5474819234705164f,0.4214823478412205f,-0.09933670425323199f,0f,0f,0f,1f], start_interpolation: 0, interpolation_duration: 1 }
$data merge entity $(bone_body_1) { transformation: [0.7521059544562074f,-0.10939950939603492f,0.9751784327350939f,0.045186913592859805f,0.4048641415771196f,1.1538063897329691f,-0.18281257323456795f,0.692706388888889f,-0.8938826853635712f,0.4305428636170028f,0.7377067048983165f,-0.2998432967267927f,0f,0f,0f,1f], start_interpolation: 0, interpolation_duration: 1 }