# This file was generated by Animated Java via MC-Build. It is not recommended to edit this file directly.
$data merge entity $(bone_head_lower) { transformation: [-0.8262580336399178f,0.18634447275644422f,0.5315763344230248f,-0.813975307315297f,0.45885635498851673f,0.7700282781457022f,0.44329143499803564f,0.7918252151320606f,-0.3267239007666094f,0.6101902886224f,-0.7217473964890784f,-0.2690448668267641f,0f,0f,0f,1f], start_interpolation: 0, interpolation_duration: 1 }
$data merge entity $(bone_head_upper) { transformation: [-0.8600516429416099f,0.35055459790638654f,0.4699942424579653f,-0.7739705162455458f,0.4776233887173992f,0.9028286868233134f,0.200619548854311f,0.8260764457682674f,-0.3400867721730051f,0.3814233589059413f,-0.9068236605081293f,-0.3230997128922908f,0f,0f,0f,1f], start_interpolation: 0, interpolation_duration: 1 }
$data merge entity $(bone_neck_0) { transformation: [-0.5949299099600356f,0.6825730863792018f,0.4244436169689856f,-0.7574124004298649f,0.4235120346204599f,0.7150133591510133f,-0.5562314740890009f,0.7783666209244026f,-0.6831514903493826f,-0.15116176099250492f,-0.7144607499695572f,-0.3666237024646993f,0f,0f,0f,1f], start_interpolation: 0, interpolation_duration: 1 }
$data merge entity $(bone_neck_1) { transformation: [-0.3125266600975439f,0.461943303683661f,0.8300213677430838f,-0.6849705814944165f,0.2951506091017856f,0.8777638289818004f,-0.3773814760663987f,0.7504412050093457f,-0.9028915796900088f,0.12703953995915546f,-0.41066744527883725f,-0.4008273698093867f,0f,0f,0f,1f], start_interpolation: 0, interpolation_duration: 1 }
$data merge entity $(bone_neck_2) { transformation: [0.03156757125699816f,0.26577812672953677f,0.9635172420860318f,-0.597957110736353f,0.08123136493865722f,0.9601265375395119f,-0.2675042004578453f,0.7364060696493329f,-0.9961952387936499f,0.08671227862607826f,0.008719342884433767f,-0.39921452257471524f,0f,0f,0f,1f], start_interpolation: 0, interpolation_duration: 1 }
$data merge entity $(bone_body_0) { transformation: [0.3046631228568539f,0.5159780610137475f,0.8005916700313608f,-0.2157259228656031f,0.007244501898570734f,0.8392716670606957f,-0.5436640378592303f,0.4881743590647565f,-0.9524326216396366f,0.17143427143268197f,0.2519571229693543f,-0.2788349496302341f,0f,0f,0f,1f], start_interpolation: 0, interpolation_duration: 1 }
$data merge entity $(bone_leg_left_3) { transformation: [-0.2084673332096101f,0.09068119253916748f,0.9738163545064068f,0.014267803880037122f,-0.019583449045884396f,0.9951057322192309f,-0.0968559251047395f,0.011752661662334157f,-0.9778332472911424f,-0.039261979370659866f,-0.20567118774382878f,0.2056524102269469f,0f,0f,0f,1f], start_interpolation: 0, interpolation_duration: 1 }
$data merge entity $(bone_leg_left_2) { transformation: [-0.006176412793961288f,0.1463229381669837f,1.0151914347510393f,0.07973984887362823f,-0.47079946204237993f,0.9015390100431018f,-0.13280617234075906f,0.2170654022842624f,-0.911247451555448f,-0.4667753320789123f,0.061733871553766154f,0.09734192168273628f,0f,0f,0f,1f], start_interpolation: 0, interpolation_duration: 1 }
$data merge entity $(bone_leg_left_1) { transformation: [0.15746085740556903f,-0.9521431365459536f,0.2619723762413445f,-0.19595765068058812f,-0.10937864508004125f,0.24683391755892523f,0.9628651666474219f,0.23523405050891655f,-0.9814491277623907f,-0.18026775826793617f,-0.06527744590205317f,0.07137704885409957f,0f,0f,0f,1f], start_interpolation: 0, interpolation_duration: 1 }
$data merge entity $(bone_leg_left_0) { transformation: [0.12809634548080695f,0.5193721993586381f,0.8448928007787929f,-0.04592031754830954f,-0.15979530663756142f,0.8515888177951736f,-0.4992613998526487f,0.5916581961922855f,-0.9788037526752078f,-0.0710563434155591f,0.19207865526742074f,-0.08596940202702863f,0f,0f,0f,1f], start_interpolation: 0, interpolation_duration: 1 }
$data merge entity $(bone_leg_right_3) { transformation: [0.3448920140162592f,-0.10529244843246377f,0.9327180704644386f,-0.18880810136886556f,0.09862377527557967f,0.9922531431403862f,0.07554502550410719f,0.13561712410694796f,-0.9334467577843958f,0.06593330138193582f,0.3526045237240701f,-0.6293302051391249f,0f,0f,0f,1f], start_interpolation: 0, interpolation_duration: 1 }
$data merge entity $(bone_leg_right_2) { transformation: [0.359644884795402f,0.18086821756826935f,0.943400468631892f,-0.1180506276306238f,0.12445938378594315f,0.9900893378932762f,-0.2372660200668678f,0.3588798448739909f,-0.9524849700277793f,0.19766636123636513f,0.3252116095828213f,-0.5717263034319049f,0f,0f,0f,1f], start_interpolation: 0, interpolation_duration: 1 }
$data merge entity $(bone_leg_right_1) { transformation: [0.17189439231905898f,-0.9097390333755174f,0.37792487221965265f,-0.3818186274011892f,-0.2317616238030601f,0.33552097424768673f,0.913078433417443f,0.39698847489325345f,-0.9574648127327866f,-0.24454154451312043f,-0.1531684216335315f,-0.6491056306120737f,0f,0f,0f,1f], start_interpolation: 0, interpolation_duration: 1 }
$data merge entity $(bone_leg_right_0) { transformation: [0.23861746372885184f,0.9588988668383244f,0.15354044802522718f,-0.04556831489533164f,-0.19133989471814208f,0.20143202003020375f,-0.9606321803873747f,0.5765268617782083f,-0.9520770718239466f,0.1998452013002289f,0.23154080595957724f,-0.4787854217732091f,0f,0f,0f,1f], start_interpolation: 0, interpolation_duration: 1 }
$data merge entity $(bone_tail_4) { transformation: [-0.28711473685744765f,2.729870716984673f,-0.30171564100800075f,0.6053821237731707f,-2.2941005229091775f,-0.07157754317260365f,1.5354610961210364f,0.5309821858266519f,1.5100759087764826f,0.41029727693827517f,2.2752995903550635f,0.9224688849780294f,0f,0f,0f,1f], start_interpolation: 0, interpolation_duration: 1 }
$data merge entity $(bone_tail_3) { transformation: [0.05383392499019412f,1.9874252739009401f,-0.6190219828280489f,0.6908968600825639f,-2.01805554227177f,0.20165956758053033f,0.471943612260905f,0.4489845922672001f,0.5103912840858357f,0.587724191698327f,1.9313276619119308f,0.5892357414296128f,0f,0f,0f,1f], start_interpolation: 0, interpolation_duration: 1 }
$data merge entity $(bone_tail_2) { transformation: [0.4651847985981765f,1.8579180804249023f,-0.3879657002702659f,0.7638049119404039f,-1.8970334245464846f,0.4424330636511132f,-0.15585584796377006f,0.47666038034161795f,-0.06034206086462337f,0.41372365852258586f,1.9089173489368456f,0.2344260026992686f,0f,0f,0f,1f], start_interpolation: 0, interpolation_duration: 1 }
$data merge entity $(bone_tail_1) { transformation: [0.8718807837422438f,1.0352667090485f,0.6750577679553807f,0.6050519754832862f,-0.9979692655214538f,1.0770620192381681f,-0.3628374316263012f,0.5425264087177336f,-0.7290661794484655f,-0.23625515412470835f,1.303956386591948f,-0.04258635888596318f,0f,0f,0f,1f], start_interpolation: 0, interpolation_duration: 1 }
$data merge entity $(bone_tail_0) { transformation: [0.7675892026100352f,0.2149417123805386f,0.9992209930237858f,0.31824330366992565f,-0.3343627111193834f,1.2336793180037002f,-0.008522577476823145f,0.5747877834898482f,-0.9658385527785761f,-0.2562637648846878f,0.7970699400665785f,-0.2816928221429203f,0f,0f,0f,1f], start_interpolation: 0, interpolation_duration: 1 }
$data merge entity $(bone_body_1) { transformation: [0.0011070881121720002f,0.009163332379585715f,1.2363330468574651f,0.030195973079651592f,-0.047589756240205734f,1.2354176404700545f,-0.009113932886026778f,0.49369250000000003f,-1.235450761670881f,-0.04758026913915511f,0.0014589488462163926f,-0.2788271385334135f,0f,0f,0f,1f], start_interpolation: 0, interpolation_duration: 1 }