# This file was generated by Animated Java via MC-Build. It is not recommended to edit this file directly.
$data merge entity $(bone_head_lower) { transformation: [-0.4455778760384068f,0.09326467149166595f,0.8903718646928676f,-0.891983928062708f,0.2789993167062996f,0.9594942482980048f,0.039117371594527814f,1.0723747094275196f,-0.8506584142077951f,0.2658429772151185f,-0.45355018884670506f,-0.12800578869347956f,0f,0f,0f,1f], start_interpolation: 0, interpolation_duration: 1 }
$data merge entity $(bone_head_upper) { transformation: [-0.46380182551092936f,0.2036539661900356f,0.9093321017600252f,-0.8248679499974669f,0.290410272509872f,0.9967410466123744f,-0.07510727130123443f,1.0896687204006108f,-0.8854499889078881f,0.2202368966287057f,-0.5009450759213883f,-0.15786913017773985f,0f,0f,0f,1f], start_interpolation: 0, interpolation_duration: 1 }
$data merge entity $(bone_neck_0) { transformation: [-0.3945507299244737f,0.5673137326588484f,0.7228311353647889f,-0.7872094098660958f,0.238758463748184f,0.8229245282031926f,-0.5155478802886884f,1.0428976709040418f,-0.8873128633715802f,-0.03082774104986473f,-0.46013642854819736f,-0.18683530939523915f,0f,0f,0f,1f], start_interpolation: 0, interpolation_duration: 1 }
$data merge entity $(bone_neck_1) { transformation: [-0.1540977330811917f,0.3766225638390754f,0.9134600883818185f,-0.7080922981427097f,0.3961730629749598f,0.8704837278812043f,-0.2920701690811298f,1.0221657038857836f,-0.9051523589055473f,0.31688093016355995f,-0.28334728385216734f,-0.20937871243547101f,0f,0f,0f,1f], start_interpolation: 0, interpolation_duration: 1 }
$data merge entity $(bone_neck_2) { transformation: [-0.12391692238222012f,0.45262926119347097f,0.8830466285869459f,-0.6262992672684065f,0.25783491294250405f,0.8740263926793278f,-0.4118240189302862f,0.9946440957981746f,-0.958209660781632f,0.1766482856169686f,-0.2250102868167046f,-0.22736180401639683f,0f,0f,0f,1f], start_interpolation: 0, interpolation_duration: 1 }
$data merge entity $(bone_body_0) { transformation: [-0.12402878674224033f,0.626205808644908f,0.7697292675211362f,-0.25756335688584464f,0.2613256169031014f,0.7689479794122605f,-0.5834620183936701f,0.7269858252006829f,-0.9572490699966554f,0.1287838894317876f,-0.2590153042068359f,-0.34820791805498824f,0f,0f,0f,1f], start_interpolation: 0, interpolation_duration: 1 }
$data merge entity $(bone_leg_left_3) { transformation: [0.08638870672443219f,0.017950886272428745f,0.9960997726294866f,-0.19003495434648568f,-0.02856570639125056f,0.9994712043001913f,-0.01553422650454278f,0.02695672071445443f,-0.9958518924864526f,-0.027112311903633387f,0.08685580449452512f,-0.08011484974943407f,0f,0f,0f,1f], start_interpolation: 0, interpolation_duration: 1 }
$data merge entity $(bone_leg_left_2) { transformation: [0.09170756735333417f,0.39959530286763234f,0.9401997210789598f,-0.06769121364497124f,-0.0295382443926254f,0.9446229313372686f,-0.39859404061109854f,0.23478278827757715f,-1.0211657131479834f,0.008562185387264292f,0.09596600842516526f,-0.07673745157560438f,0f,0f,0f,1f], start_interpolation: 0, interpolation_duration: 1 }
$data merge entity $(bone_leg_left_1) { transformation: [0.35327066417128605f,-0.7876808218530401f,0.5047363279187441f,-0.31548440605947614f,0.2523132541458892f,0.5997527948212905f,0.7593646073437733f,0.3524180530473482f,-0.9008539613157566f,-0.14090957380167762f,0.4106173795551513f,-0.11885471567644162f,0f,0f,0f,1f], start_interpolation: 0, interpolation_duration: 1 }
$data merge entity $(bone_leg_left_0) { transformation: [0.324234047143853f,0.5186846238844641f,0.7910995788259212f,-0.13853189908302602f,0.20678191266360232f,0.7771929077907845f,-0.5943167713222364f,0.7299940432146199f,-0.9230999530212859f,0.3562828160682708f,0.14473780330847474f,-0.09808308867211751f,0f,0f,0f,1f], start_interpolation: 0, interpolation_duration: 1 }
$data merge entity $(bone_leg_right_3) { transformation: [0.5190783923848098f,-0.2294203573474701f,0.8233613557811421f,0.1863156112817766f,0.4391915980947786f,0.8979975792555668f,-0.02666622984406128f,0.4050246200694962f,-0.7332587283641129f,0.37545525337342256f,0.5668906331843411f,-0.7017303623080852f,0f,0f,0f,1f], start_interpolation: 0, interpolation_duration: 1 }
$data merge entity $(bone_leg_right_2) { transformation: [0.46614906999491523f,-0.5294808834212934f,0.7445919944069884f,0.08518244033615568f,0.5986578041251419f,0.808470219104171f,0.20011731030176072f,0.5987336308198788f,-0.6902000272411132f,0.3436394890197496f,0.6764599200864058f,-0.5996520935404009f,0f,0f,0f,1f], start_interpolation: 0, interpolation_duration: 1 }
$data merge entity $(bone_leg_right_1) { transformation: [0.47621435537681095f,-0.8788219785381011f,-0.02986331815833493f,-0.14249808311684076f,0.2310309662969069f,0.09227788294005124f,0.968560522080071f,0.5770349560298366f,-0.8484365505710878f,-0.46814177591674055f,0.24697914344445038f,-0.7568275764004551f,0f,0f,0f,1f], start_interpolation: 0, interpolation_duration: 1 }
$data merge entity $(bone_leg_right_0) { transformation: [0.5093516720845521f,0.5624959912231818f,0.651275006431631f,-0.03388691585165619f,0.2680581773570036f,0.6154463915339359f,-0.7411953539384193f,0.8478485135267876f,-0.8177442679081965f,0.552108684052069f,0.1626969984283069f,-0.4582125901964924f,0f,0f,0f,1f], start_interpolation: 0, interpolation_duration: 1 }
$data merge entity $(bone_tail_4) { transformation: [0.3122057832270991f,2.893619536606222f,-0.3125485537898245f,1.1734283384554443f,2.7785259833704083f,-0.2027639180388633f,0.8982612233992903f,0.7907503444211702f,0.8663220999379013f,-0.3924867425762128f,-2.7683267957824014f,-1.197620276131841f,0f,0f,0f,1f], start_interpolation: 0, interpolation_duration: 1 }
$data merge entity $(bone_tail_3) { transformation: [0.6424979742152808f,2.086696683140364f,0.3236691192619439f,1.098126051503747f,1.9983152830161486f,-0.7101762201720891f,0.611763155992342f,0.6939675521866353f,0.682495989626963f,0.1149568698974794f,-2.0959132938339846f,-0.8433557773651235f,0f,0f,0f,1f], start_interpolation: 0, interpolation_duration: 1 }
$data merge entity $(bone_tail_2) { transformation: [-0.0602118469374333f,1.8462341818703736f,0.9373196920661254f,0.9242751613888297f,2.070542054747734f,0.05273254420814877f,0.02914110937294515f,0.6900938834297732f,0.0021116255665791887f,0.9377702012902139f,-1.8469859004775042f,-0.4997804259728277f,0f,0f,0f,1f], start_interpolation: 0, interpolation_duration: 1 }
$data merge entity $(bone_tail_1) { transformation: [-0.04769273522851744f,1.033381555568764f,1.224850409689569f,0.6481145612352357f,1.5663635628094716f,0.2889625876755322f,-0.18280146204743056f,0.7244019896882858f,-0.33858699710597295f,1.1912320286300828f,-1.0182021714063556f,-0.2949127832284337f,0f,0f,0f,1f], start_interpolation: 0, interpolation_duration: 1 }
$data merge entity $(bone_tail_0) { transformation: [-0.3032809931595128f,0.010593048606150806f,1.3204871213545482f,0.2624931625320214f,0.5553309686654985f,1.2302592313927445f,0.1176756133095795f,0.7197027872114947f,-1.1980842898490205f,0.5675630555700172f,-0.2797213319051785f,-0.19947540116136003f,0f,0f,0f,1f], start_interpolation: 0, interpolation_duration: 1 }
$data merge entity $(bone_body_1) { transformation: [0.32912029484380395f,0.11366155315285775f,1.1863243561155854f,-0.02096654471105474f,0.3706656240943735f,1.1599268464821912f,-0.21396565374110366f,0.6913175f,-1.132647969005775f,0.41262011245334296f,0.27469586120350353f,-0.29113123374511757f,0f,0f,0f,1f], start_interpolation: 0, interpolation_duration: 1 }