# This file was generated by Animated Java via MC-Build. It is not recommended to edit this file directly.
$data merge entity $(bone_head_lower) { transformation: [-0.8295143854114085f,0.1740691966920597f,0.5306654305289861f,-0.7449326876050577f,0.18619826139950427f,0.9820209435439144f,-0.031065638459908347f,0.995905510387198f,-0.5265321375256548f,0.07303958655483278f,-0.8470118812322317f,0.2828289214405035f,0f,0f,0f,1f], start_interpolation: 0, interpolation_duration: 1 }
$data merge entity $(bone_head_upper) { transformation: [-0.8634411781437413f,0.15338978526382996f,0.5607252876819194f,-0.7031014732701455f,0.1938136927081351f,1.0225250213433978f,0.01872901035899347f,1.020217333400046f,-0.5480670825620635f,0.11994205720641468f,-0.8767601259800247f,0.22491051969412015f,0f,0f,0f,1f], start_interpolation: 0, interpolation_duration: 1 }
$data merge entity $(bone_neck_0) { transformation: [-0.7943795395018526f,0.36560969185554143f,0.4850677276856508f,-0.677413931424288f,0.15200219881544802f,0.8928112082255966f,-0.42400881833049126f,0.978259012549253f,-0.5880956374401137f,-0.26309256866746844f,-0.7648044335226228f,0.17991734510512153f,0f,0f,0f,1f], start_interpolation: 0, interpolation_duration: 1 }
$data merge entity $(bone_neck_1) { transformation: [-0.6119068749618823f,0.3762483066307006f,0.6957062513244463f,-0.6167451518749495f,0.33356027185970993f,0.9203168814101226f,-0.20433889210921846f,0.9651886112726895f,-0.7171523697313282f,0.10702359342255692f,-0.6886497143248255f,0.12207272009125687f,0f,0f,0f,1f], start_interpolation: 0, interpolation_duration: 1 }
$data merge entity $(bone_neck_2) { transformation: [-0.5942763226283506f,0.3872282569583666f,0.7049041987222873f,-0.5511990506321036f,0.19479495907564595f,0.9196667354846279f,-0.34098096656817245f,0.9443202333761725f,-0.7803144086085056f,-0.06532513035603515f,-0.6219662780745635f,0.06694423553044745f,0f,0f,0f,1f], start_interpolation: 0, interpolation_duration: 1 }
$data merge entity $(bone_body_0) { transformation: [-0.5969050072561233f,0.5269795274638485f,0.6049768507526107f,-0.2610555908120861f,0.20221155704725097f,0.8285138480398289f,-0.5221831956342159f,0.7061098815056396f,-0.7764115522769439f,-0.18936045321083947f,-0.6011054152565021f,-0.2181583875520345f,0f,0f,0f,1f], start_interpolation: 0, interpolation_duration: 1 }
$data merge entity $(bone_leg_left_3) { transformation: [-0.40694920890073f,-0.026023557584214985f,0.9130800161134461f,-0.02621826376761023f,-0.030484529506319472f,0.9994242081720242f,0.014897838115016937f,0.007481221089379403f,-0.9129419668499463f,-0.021772151257603706f,-0.40750820678087896f,-0.01367500160266042f,0f,0f,0f,1f], start_interpolation: 0, interpolation_duration: 1 }
$data merge entity $(bone_leg_left_2) { transformation: [-0.4198100373206192f,0.31619746590497955f,0.8808183096534857f,0.07405685333139508f,-0.05519458842156304f,0.9553360223170503f,-0.36925443988272577f,0.2186714169886495f,-0.9342244320689376f,-0.19853071933431446f,-0.3739952720379832f,-0.07295968860381045f,0f,0f,0f,1f], start_interpolation: 0, interpolation_duration: 1 }
$data merge entity $(bone_leg_left_1) { transformation: [-0.141919868875365f,-0.7741308549455962f,0.6169118010215071f,-0.16614257398646232f,0.2352579538628917f,0.5789853630478841f,0.780659749519953f,0.3298750720082861f,-0.9615157024004574f,0.25592453731033815f,0.09995091415212065f,0.010415175031536217f,0f,0f,0f,1f], start_interpolation: 0, interpolation_duration: 1 }
$data merge entity $(bone_leg_left_0) { transformation: [-0.17379085548544962f,0.5530425352293018f,0.814825559722314f,-0.035539634335043466f,0.18661700911687157f,0.8309194635562206f,-0.5241630824387732f,0.7204902185835002f,-0.9669388969619068f,0.06096555839643436f,-0.24761334824985082f,-0.05792191581146769f,0f,0f,0f,1f], start_interpolation: 0, interpolation_duration: 1 }
$data merge entity $(bone_leg_right_3) { transformation: [0.09854876276293109f,0.03951931594237215f,0.9943472054696703f,-0.09272207220391948f,0.3994226657121888f,0.9136197997049632f,-0.07589727071793634f,0.3631076913895995f,-0.9114547029190562f,0.40464439357849724f,0.07425119037581654f,-0.7337899541885082f,0f,0f,0f,1f], start_interpolation: 0, interpolation_duration: 1 }
$data merge entity $(bone_leg_right_2) { transformation: [0.08480306771080016f,-0.22118192105066575f,0.9979725432134238f,-0.11356899686042149f,0.5623568028170596f,0.8463312700770095f,0.13978700624845236f,0.5638338981124862f,-0.8535956100712484f,0.5355969927014782f,0.19123962815515164f,-0.6017086620498306f,0f,0f,0f,1f], start_interpolation: 0, interpolation_duration: 1 }
$data merge entity $(bone_leg_right_1) { transformation: [-0.00927989154915214f,-0.9870643702787323f,0.16005565450519232f,-0.3903971070499665f,0.19464934746820553f,0.15521763446207876f,0.968513870567788f,0.5585118984875267f,-0.9808289938327873f,0.040142432390750965f,0.19069103276954633f,-0.6204505773373008f,0f,0f,0f,1f], start_interpolation: 0, interpolation_duration: 1 }
$data merge entity $(bone_leg_right_0) { transformation: [0.038178795353163014f,0.820400877830373f,0.5705127336357487f,-0.11916362489920396f,0.22776977203590526f,0.5487553221949182f,-0.8043559705189385f,0.8129666031546978f,-0.9729662432644276f,0.16065489727333293f,-0.1659117037764418f,-0.4307337357086045f,0f,0f,0f,1f], start_interpolation: 0, interpolation_duration: 1 }
$data merge entity $(bone_tail_4) { transformation: [0.6699647620207977f,2.0636615784838277f,-1.7082474758477044f,0.5201316454250418f,2.628500964411195f,-0.16623018368106582f,0.8300671886797932f,0.7299575701502135f,0.5174854870813604f,-1.82738330602066f,-2.0046297301838987f,-1.5787528054203057f,0f,0f,0f,1f], start_interpolation: 0, interpolation_duration: 1 }
$data merge entity $(bone_tail_3) { transformation: [0.8298125594112663f,1.7342813153899095f,-0.7997655665113458f,0.6387710266739005f,1.8988945971440687f,-0.6561649749218602f,0.547350308913135f,0.6435682740226959f,0.20385276849931155f,-0.9474499305080372f,-1.843021487666361f,-1.25697292698437f,0f,0f,0f,1f], start_interpolation: 0, interpolation_duration: 1 }
$data merge entity $(bone_tail_2) { transformation: [-0.09341341256192462f,1.9468676514311014f,-0.1405494829853903f,0.6652930572828507f,1.951850589889681f,0.0918631971926685f,-0.024785131664418376f,0.6496409211343916f,-0.01808546664084845f,-0.14156756625536054f,-1.9489498236444402f,-0.8947144711568001f,0f,0f,0f,1f], start_interpolation: 0, interpolation_duration: 1 }
$data merge entity $(bone_tail_1) { transformation: [-0.22844354634172473f,1.405132798020135f,0.510951676837373f,0.5383839088007477f,1.4636134099433142f,0.3157609290363326f,-0.21397913900241983f,0.6904286981934583f,-0.30545962477702515f,0.46211806459196025f,-1.4074081007329968f,-0.5972130387687264f,0f,0f,0f,1f], start_interpolation: 0, interpolation_duration: 1 }
$data merge entity $(bone_tail_0) { transformation: [-0.8153668935421442f,0.246126470321241f,0.953118201539908f,0.2658000879474237f,0.46835752172247724f,1.1855561424824441f,0.09451762508735534f,0.6914180329499552f,-0.8658254889672865f,0.4095291323134191f,-0.8464442267658309f,-0.3399796950387119f,0f,0f,0f,1f], start_interpolation: 0, interpolation_duration: 1 }
$data merge entity $(bone_body_1) { transformation: [-0.2630068979956747f,0.29767083360304897f,1.1708219512312745f,-0.026449858173295097f,0.2908486772735961f,1.1786043478977437f,-0.2343148162216465f,0.6665055787037039f,-1.172535293111104f,0.22558470913351017f,-0.32074463435926304f,-0.28060579148760106f,0f,0f,0f,1f], start_interpolation: 0, interpolation_duration: 1 }