# This file was generated by Animated Java via MC-Build. It is not recommended to edit this file directly.
$data merge entity $(bone_head_lower) { transformation: [-0.9907129395107734f,-0.11664628283681736f,-0.0698678480152046f,-0.3196581591549808f,-0.1079206165175447f,0.987156723048208f,-0.11779110607849916f,0.7170353002385076f,0.08271041056841369f,-0.1091569917187003f,-0.9905774776071418f,0.6868173581216852f,0f,0f,0f,1f], start_interpolation: 0, interpolation_duration: 1 }
$data merge entity $(bone_head_upper) { transformation: [-1.031232685939706f,-0.08516083649347726f,-0.11304300934077231f,-0.3296834345956558f,-0.11233452476618874f,0.9982268621484384f,0.2727563543060801f,0.7582184531975644f,0.08609323189799074f,0.2824229208058732f,-0.9981468788752209f,0.6243761997685093f,0f,0f,0f,1f], start_interpolation: 0, interpolation_duration: 1 }
$data merge entity $(bone_neck_0) { transformation: [-0.9928224121684346f,-0.11803280507998025f,0.01928509323291913f,-0.3261997248277759f,-0.11957545690366296f,0.9827699323352574f,-0.14094314528927404f,0.7331912442788502f,-0.002316894976306938f,-0.14223753731945932f,-0.9898298414247592f,0.5626814768637981f,0f,0f,0f,1f], start_interpolation: 0, interpolation_duration: 1 }
$data merge entity $(bone_neck_1) { transformation: [-0.9792885896757865f,0.10403776811320253f,0.1736951379193804f,-0.3110061779043427f,0.11790577435042657f,0.9904470829631948f,0.07150387559093717f,0.7438114269350957f,-0.16459673904921507f,0.09050258922109042f,-0.982200180634601f,0.47989316430239454f,0f,0f,0f,1f], start_interpolation: 0, interpolation_duration: 1 }
$data merge entity $(bone_neck_2) { transformation: [-0.9657407583350636f,0.015612737343905767f,0.2590386653050977f,-0.28815958957706866f,-0.007973775592040672f,0.9959320211359741f,-0.08975426551881083f,0.7456990770630909f,-0.25938621126271166f,-0.08874486863274764f,-0.9616876528780703f,0.3947732455234214f,0f,0f,0f,1f], start_interpolation: 0, interpolation_duration: 1 }
$data merge entity $(bone_body_0) { transformation: [-0.9697154199508562f,0.07537974183889048f,0.23231422433815085f,-0.1779526805591467f,0.004159727860418502f,0.9561405708208092f,-0.2928786531903349f,0.6167749002222173f,-0.2442021723360826f,-0.2830425822217558f,-0.9274978143777906f,-0.04504933067491734f,0f,0f,0f,1f], start_interpolation: 0, interpolation_duration: 1 }
$data merge entity $(bone_leg_left_3) { transformation: [-0.8411589944240092f,-0.11044968758884458f,0.5293887159839318f,0.31276052755735834f,-0.05973636368083131f,0.9919075350980938f,0.11203128433529069f,-0.022971630124116016f,-0.5374784767353769f,0.0626123656089588f,-0.8409498074909515f,-0.14268513517215164f,0f,0f,0f,1f], start_interpolation: 0, interpolation_duration: 1 }
$data merge entity $(bone_leg_left_2) { transformation: [-0.8549804131766466f,-0.040287294652029806f,0.5651969802419374f,0.31951033790282013f,-0.16090014029694344f,0.998251812240135f,-0.17224013386085113f,0.2041468093067857f,-0.543306393701941f,-0.232233616751754f,-0.8384198884292311f,-0.22357225773679554f,0f,0f,0f,1f], start_interpolation: 0, interpolation_duration: 1 }
$data merge entity $(bone_leg_left_1) { transformation: [-0.7007878021104957f,-0.5853299901184659f,0.4077808959245848f,0.1528239286797508f,0.1812188068597281f,0.4068044623356797f,0.8953601920255976f,0.2635672362992585f,-0.6899682604681733f,0.701355068486494f,-0.179010802620478f,-0.009800792157038475f,0f,0f,0f,1f], start_interpolation: 0, interpolation_duration: 1 }
$data merge entity $(bone_leg_left_0) { transformation: [-0.712957148836697f,0.197662661584835f,0.6727715631162234f,0.0927653655153235f,0.12409621865270846f,0.9798700083391502f,-0.1563806102863557f,0.6754557717885837f,-0.6901392848104988f,-0.02800426704330748f,-0.7231345162475789f,-0.0421748850020342f,0f,0f,0f,1f], start_interpolation: 0, interpolation_duration: 1 }
$data merge entity $(bone_leg_right_3) { transformation: [-0.4661396437896601f,0.22577755001809574f,0.8554170505639193f,-0.35037687269811685f,0.25138600967908087f,0.9608361332031496f,-0.11661474721855931f,0.21246991700398604f,-0.8482446030628649f,0.16068112222363165f,-0.5046411302457188f,-0.48507634062089955f,0f,0f,0f,1f], start_interpolation: 0, interpolation_duration: 1 }
$data merge entity $(bone_leg_right_2) { transformation: [-0.4481014589804052f,0.12621457352128185f,0.9139678131045793f,-0.292015564784572f,0.42170256274457973f,0.9317359778812151f,0.07808466941137672f,0.4314151664665926f,-0.8206303860660898f,0.4098782117327915f,-0.4589420666189175f,-0.402444581941848f,0f,0f,0f,1f], start_interpolation: 0, interpolation_duration: 1 }
$data merge entity $(bone_leg_right_1) { transformation: [-0.5871946058052407f,-0.7808884862070262f,0.21310951884542062f,-0.5271554410119326f,0.046638906897501796f,0.2302013890594981f,0.9720247593752351f,0.4433299849164159f,-0.8081010501642932f,0.5807068904226782f,-0.09875322849907023f,-0.25554100346652653f,0f,0f,0f,1f], start_interpolation: 0, interpolation_duration: 1 }
$data merge entity $(bone_leg_right_0) { transformation: [-0.5437973385897589f,0.7644875733904655f,0.3461837729794002f,-0.1919439212039441f,0.07407475445079925f,0.4546231819332339f,-0.8875982724194295f,0.6854727798904723f,-0.8359410178330458f,-0.4570301003002532f,-0.30385210567608645f,-0.3130508495332982f,0f,0f,0f,1f], start_interpolation: 0, interpolation_duration: 1 }
$data merge entity $(bone_tail_4) { transformation: [0.6328617624713099f,0.36334298756112154f,-2.663292923167083f,-0.32129268739752076f,2.6860012897573826f,-0.19000944517571453f,0.6123355401785007f,0.5133403787749893f,-0.1026858930106081f,-2.730849614265527f,-0.39696010283457717f,-1.5705315451872233f,0f,0f,0f,1f], start_interpolation: 0, interpolation_duration: 1 }
$data merge entity $(bone_tail_3) { transformation: [0.5741502860106996f,0.8582705494011862f,-1.8082225081966163f,-0.023083822415610356f,1.9591774046616852f,-0.626105804291465f,0.32490143880888955f,0.4643760380302554f,-0.4097814932148357f,-1.7908960639600415f,-0.9801611816203984f,-1.3868071058319758f,0f,0f,0f,1f], start_interpolation: 0, interpolation_duration: 1 }
$data merge entity $(bone_tail_2) { transformation: [-0.3694556770578923f,1.4476120535471044f,-1.2596411076642453f,0.21115197959085535f,1.918468348013013f,0.250636692633393f,-0.27465309206487043f,0.5169116895152444f,-0.04189958668882606f,-1.2885551853660386f,-1.4685516109093262f,-1.1141441667467817f,0f,0f,0f,1f], start_interpolation: 0, interpolation_duration: 1 }
$data merge entity $(bone_tail_1) { transformation: [-0.5940764195614727f,1.3407265889883595f,-0.3703804413041543f,0.27503228463168183f,1.3756892069113076f,0.5068597610443393f,-0.3717911223009689f,0.5894068591757787f,-0.20544747189673487f,-0.4829095631831225f,-1.4185365487281345f,-0.8027915788297879f,0f,0f,0f,1f], start_interpolation: 0, interpolation_duration: 1 }
$data merge entity $(bone_tail_0) { transformation: [-1.2227354485701227f,0.22871684252472446f,0.2940107911957808f,0.1946348428311321f,0.24602444873973078f,1.2533918414299987f,0.04813085333813258f,0.6055884830205779f,-0.2796885947198425f,0.10263144920669118f,-1.243011179435407f,-0.43707814223980707f,0f,0f,0f,1f], start_interpolation: 0, interpolation_duration: 1 }
$data merge entity $(bone_body_1) { transformation: [-0.8954428726185181f,0.18251959964314998f,0.8327504143974055f,-0.01126195382633053f,0.03150462218200256f,1.2139593751271507f,-0.23219536898551074f,0.5778018749999996f,-0.8519355114761419f,-0.14694837985922968f,-0.8838646123693841f,-0.22169398463313109f,0f,0f,0f,1f], start_interpolation: 0, interpolation_duration: 1 }