# This file was generated by Animated Java via MC-Build. It is not recommended to edit this file directly.
$data merge entity $(bone_head_lower) { transformation: [-0.8423850022012749f,-0.40038980119055634f,-0.3606598330406984f,0.052921377400967445f,-0.3671098619211864f,0.9163421763599044f,-0.1598354313167184f,0.453745213877354f,0.39448429290222115f,-0.0022411886534866587f,-0.9188999508797755f,0.7886859783989644f,0f,0f,0f,1f], start_interpolation: 0, interpolation_duration: 1 }
$data merge entity $(bone_head_upper) { transformation: [-0.8768381977975562f,-0.10098987586303483f,-0.5517497280831312f,0.012345308123433322f,-0.3821245023113205f,0.8570874971783801f,0.4503929723001163f,0.5039211696353944f,0.41061853611346666f,0.5819570514541227f,-0.7590720325808114f,0.7495527117636731f,0f,0f,0f,1f], start_interpolation: 0, interpolation_duration: 1 }
$data merge entity $(bone_neck_0) { transformation: [-0.8792401230308209f,-0.29482879278335206f,-0.3741828283054392f,-0.006780326571984876f,-0.35776740109223726f,0.9273072197183111f,0.11001730306639257f,0.4960987634485233f,0.31454616953390635f,0.23060204509979393f,-0.9208058449137578f,0.6861669380187554f,0f,0f,0f,1f], start_interpolation: 0, interpolation_duration: 1 }
$data merge entity $(bone_neck_1) { transformation: [-0.9685357880504315f,-0.02177938461575224f,-0.24791951450276795f,-0.02788269829649885f,-0.09776615082441091f,0.9493773794993164f,0.29853705138221887f,0.5257624329145776f,0.22886722574127477f,0.3133819549699219f,-0.9216352550118306f,0.6095360469503334f,0f,0f,0f,1f], start_interpolation: 0, interpolation_duration: 1 }
$data merge entity $(bone_neck_2) { transformation: [-0.9745724655150514f,-0.18154054259579708f,-0.13134512116533673f,-0.04116691137384308f,-0.19890510990762722f,0.9708079745304073f,0.13404713290780518f,0.547010783936435f,0.10317590180147768f,0.1567638605744054f,-0.9822320628574798f,0.5250199676759829f,0f,0f,0f,1f], start_interpolation: 0, interpolation_duration: 1 }
$data merge entity $(bone_body_0) { transformation: [-0.9735714164154942f,-0.19449243972556932f,-0.11971377543258716f,-0.09944034841249923f,-0.18663401007555097f,0.9796543294291807f,-0.07379119943313996f,0.5215657004163187f,0.1316299488028742f,-0.04949834058085259f,-0.9900623570552991f,0.05793575796270109f,0f,0f,0f,1f], start_interpolation: 0, interpolation_duration: 1 }
$data merge entity $(bone_leg_left_3) { transformation: [-0.959948316192121f,-0.13598145332858802f,0.244965864133263f,0.4634723579998621f,-0.08824827261371594f,0.9765690216633951f,0.19627834396105578f,0.029671096600002278f,-0.2659162887463017f,0.16679925143130694f,-0.949455916354914f,-0.36761242408984307f,0f,0f,0f,1f], start_interpolation: 0, interpolation_duration: 1 }
$data merge entity $(bone_leg_left_2) { transformation: [-0.9455073410603227f,-0.27036337243442227f,0.2915162334204017f,0.4079933662302682f,-0.2660642454147837f,0.9890984346376033f,0.05437189908398348f,0.26149607453611756f,-0.29544523149577834f,-0.02549770468146081f,-0.9818982542723445f,-0.40435930345618676f,0f,0f,0f,1f], start_interpolation: 0, interpolation_duration: 1 }
$data merge entity $(bone_leg_left_1) { transformation: [-0.901757253152375f,-0.39162087849824684f,0.18293972753708937f,0.3098588338649715f,0.11573648357326097f,0.18901867920469725f,0.9751292249142202f,0.2588243810817881f,-0.4164599893833493f,0.9005026520982451f,-0.1251241415828594f,-0.14479069735888492f,0f,0f,0f,1f], start_interpolation: 0, interpolation_duration: 1 }
$data merge entity $(bone_leg_left_0) { transformation: [-0.8992979879167737f,-0.06195816645458385f,0.43292529902793636f,0.14572278334423383f,0.05984306045318162f,0.9631688857938079f,0.2621535915342597f,0.622613137078496f,-0.43322273375763526f,0.26166177223335607f,-0.8624680747177024f,-0.022216733996861443f,0f,0f,0f,1f], start_interpolation: 0, interpolation_duration: 1 }
$data merge entity $(bone_leg_right_3) { transformation: [-0.714092727122971f,0.15234342028919562f,0.6832737806799465f,-0.361311728165933f,0.08662574767360681f,0.987762131343593f,-0.129699466936266f,0.06292946576250738f,-0.6946708262983745f,-0.03342834393374168f,-0.7185506168056506f,-0.239480048435896f,0f,0f,0f,1f], start_interpolation: 0, interpolation_duration: 1 }
$data merge entity $(bone_leg_right_2) { transformation: [-0.705877127096356f,0.15869800271886064f,0.7270588868007416f,-0.30075499550889495f,0.2599764953212147f,0.9915545569506005f,0.035971960909737345f,0.29476776614160943f,-0.6972889665148786f,0.20903756605987747f,-0.7226019600395982f,-0.21200357353009847f,0f,0f,0f,1f], start_interpolation: 0, interpolation_duration: 1 }
$data merge entity $(bone_leg_right_1) { transformation: [-0.7964268138278587f,-0.5998569739185782f,0.07665468711860496f,-0.48364420470597225f,-0.11574051953447013f,0.27561325396767017f,0.9542753619240328f,0.31672704288224174f,-0.5935557786374385f,0.7511384326997246f,-0.2889335435139115f,-0.0044398170983417085f,0f,0f,0f,1f], start_interpolation: 0, interpolation_duration: 1 }
$data merge entity $(bone_leg_right_0) { transformation: [-0.7649462459654666f,0.5662194082741563f,0.30700622546945827f,-0.19737568558785434f,-0.0932501264138268f,0.3742694182446228f,-0.922619540488189f,0.5496270939391369f,-0.637308131681328f,-0.7343827232856828f,-0.2334959550663759f,-0.1996709102778566f,0f,0f,0f,1f], start_interpolation: 0, interpolation_duration: 1 }
$data merge entity $(bone_tail_4) { transformation: [0.34816250704434915f,-0.6474273681543631f,-2.661819303268594f,-0.6603760408124646f,2.7174884086435154f,-0.2572564724342391f,0.4180157746770178f,0.2914929813101414f,-0.34597824957174517f,-2.6721373920431946f,0.6046835043788319f,-1.3326649374513353f,0f,0f,0f,1f], start_interpolation: 0, interpolation_duration: 1 }
$data merge entity $(bone_tail_3) { transformation: [0.1913311794003133f,0.3190088840482863f,-2.048797510182984f,-0.31609744698261677f,1.992648956531307f,-0.5971829641005384f,0.09310300460905097f,0.2815500563992622f,-0.5733132144547365f,-1.9691499093087874f,-0.360147357126517f,-1.2523275768429305f,0f,0f,0f,1f], start_interpolation: 0, interpolation_duration: 1 }
$data merge entity $(bone_tail_2) { transformation: [-0.6529050603136947f,0.9085613379063361f,-1.6021876146323792f,-0.018520861402147454f,1.8401063683040277f,0.3961497213433098f,-0.5252121729447607f,0.3806407746366403f,0.08060651677445066f,-1.684148321420724f,-0.9878870866207454f,-1.0690226689909839f,0f,0f,0f,1f], start_interpolation: 0, interpolation_duration: 1 }
$data merge entity $(bone_tail_1) { transformation: [-0.870214835418628f,1.0106275362821258f,-0.7134524322795808f,0.12348364322504582f,1.2368143233440312f,0.6924701769660492f,-0.5276662141767801f,0.48454230653972974f,-0.02593684229771642f,-0.8870024165248532f,-1.224830699848226f,-0.7945853003025983f,0f,0f,0f,1f], start_interpolation: 0, interpolation_duration: 1 }
$data merge entity $(bone_tail_0) { transformation: [-1.2750237266876552f,0.00969388673615805f,-0.08975656815797191f,0.1499465293326273f,0.009938554712497575f,1.2781733492747345f,-0.003135429486089693f,0.5163031516937138f,0.08972980607232385f,-0.0038254866072288648f,-1.2750567219298397f,-0.4220764068856182f,0f,0f,0f,1f], start_interpolation: 0, interpolation_duration: 1 }
$data merge entity $(bone_body_1) { transformation: [-1.0790834473709954f,-0.09998168333654701f,0.5951362631056593f,0.018320160583864525f,-0.22954935149062655f,1.1956323897946632f,-0.21534827317716168f,0.48583428240740734f,-0.5581134328220482f,-0.29844839843320164f,-1.0620934726437667f,-0.15505193448381768f,0f,0f,0f,1f], start_interpolation: 0, interpolation_duration: 1 }