# This file was generated by Animated Java via MC-Build. It is not recommended to edit this file directly.
$data merge entity $(bone_head_lower) { transformation: [-0.7207378824001018f,-0.4780754175599321f,-0.501976891896742f,0.25503891773822857f,-0.46083846253124156f,0.8713933113375059f,-0.1682308188415486f,0.3653619369924135f,0.5178463250089338f,0.110079934961613f,-0.8483617103533073f,0.7661608895888845f,0f,0f,0f,1f], start_interpolation: 0, interpolation_duration: 1 }
$data merge entity $(bone_head_upper) { transformation: [-0.7502157614828151f,0.010922420206588526f,-0.7214769258563282f,0.2053145708483519f,-0.4796865636327433f,0.76994369716454f,0.5104502389560773f,0.41769100544297066f,0.5390260239324971f,0.7003851415592262f,-0.5498941185265516f,0.744146930079769f,0f,0f,0f,1f], start_interpolation: 0, interpolation_duration: 1 }
$data merge entity $(bone_neck_0) { transformation: [-0.7722486649191012f,-0.2593980299410228f,-0.579952292514981f,0.17227381745088563f,-0.4463655247423244f,0.8711136163322802f,0.2047410211999692f,0.4169343682922543f,0.4520949212855363f,0.4169816896498132f,-0.7885026649572034f,0.6862463914860144f,0f,0f,0f,1f], start_interpolation: 0, interpolation_duration: 1 }
$data merge entity $(bone_neck_1) { transformation: [-0.8899342694937469f,0.005580732287166837f,-0.45605465835552017f,0.13366571190683763f,-0.18504438633139353f,0.9095109524145323f,0.37222090554568327f,0.4526563676602636f,0.41686397189955054f,0.41564249405606934f,-0.8083722818522301f,0.6196814623417358f,0f,0f,0f,1f], start_interpolation: 0, interpolation_duration: 1 }
$data merge entity $(bone_neck_2) { transformation: [-0.9180086229976879f,-0.19511868060492243f,-0.3452374090113689f,0.10150999176457652f,-0.27593916536854446f,0.9395518095474965f,0.20273128567573337f,0.47961594820545145f,0.2848117713817322f,0.281373590898327f,-0.9163575487916171f,0.5421564916993631f,0f,0f,0f,1f], start_interpolation: 0, interpolation_duration: 1 }
$data merge entity $(bone_body_0) { transformation: [-0.9090360349029648f,-0.24890388170810124f,-0.3342160153531474f,-0.05837588356442604f,-0.2623552653274003f,0.9649580832296349f,-0.005060866010692916f,0.48642321297322566f,0.3237641147546854f,0.08308282181310611f,-0.9424829137531814f,0.09875929648971238f,0f,0f,0f,1f], start_interpolation: 0, interpolation_duration: 1 }
$data merge entity $(bone_leg_left_3) { transformation: [-0.9914292168524405f,-0.10826618983308783f,0.07312003904801044f,0.4481818964731772f,-0.08995185421075688f,0.9715836410454501f,0.2189381017020852f,0.06554787883289487f,-0.09474582785222532f,0.2104843476173267f,-0.9729951528721532f,-0.4794149376647171f,0f,0f,0f,1f], start_interpolation: 0, interpolation_duration: 1 }
$data merge entity $(bone_leg_left_2) { transformation: [-0.9690815833162069f,-0.31669267420746294f,0.11246703731037781f,0.3763336170149688f,-0.3021561242798061f,0.9713176518979685f,0.1315518725534437f,0.2955573968513191f,-0.1471215855619241f,0.09115902980745712f,-1.0109933085075304f,-0.4896383630125635f,0f,0f,0f,1f], start_interpolation: 0, interpolation_duration: 1 }
$data merge entity $(bone_leg_left_1) { transformation: [-0.9653876123470088f,-0.23564559341784108f,0.11179406169245046f,0.3256132330708479f,0.08857967691422504f,0.10692916833066873f,0.9903129776984056f,0.2703201040587495f,-0.2453169353402113f,0.9659385628821665f,-0.08235468397378248f,-0.21796961735927955f,0f,0f,0f,1f], start_interpolation: 0, interpolation_duration: 1 }
$data merge entity $(bone_leg_left_0) { transformation: [-0.9623243688558933f,-0.07670905371659356f,0.26085921525606803f,0.16236432760407862f,0.03553782634626061f,0.9156665065433388f,0.4003647233377345f,0.6013805258994674f,-0.2695716454019041f,0.39455109919074155f,-0.8784421199616329f,-0.022889965629528816f,0f,0f,0f,1f], start_interpolation: 0, interpolation_duration: 1 }
$data merge entity $(bone_leg_right_3) { transformation: [-0.8209230659693688f,0.10291055594214399f,0.5616891820527884f,-0.35743011674277286f,0.025568721917739325f,0.9892647718659628f,-0.14387999028523313f,0.016319228249297768f,-0.5704660903322342f,-0.10375272825648653f,-0.8147415609629787f,-0.11435774948566829f,0f,0f,0f,1f], start_interpolation: 0, interpolation_duration: 1 }
$data merge entity $(bone_leg_right_2) { transformation: [-0.8186245035807908f,0.17046381138539912f,0.5940186955355542f,-0.2980674151518929f,0.1986271458780068f,1.0061730545609224f,-0.015008021075252048f,0.2500847454553782f,-0.5852037068903062f,0.10305373736163684f,-0.8360494890605089f,-0.1152658745990433f,0f,0f,0f,1f], start_interpolation: 0, interpolation_duration: 1 }
$data merge entity $(bone_leg_right_1) { transformation: [-0.8784240912781237f,-0.4778734031969618f,-0.0028506804725581536f,-0.44523386064730575f,-0.1716887058400324f,0.3100189805782404f,0.9350995775681883f,0.2812937515322968f,-0.4459754524064945f,0.82190342632099f,-0.35437360744366947f,0.11793236921874836f,0f,0f,0f,1f], start_interpolation: 0, interpolation_duration: 1 }
$data merge entity $(bone_leg_right_0) { transformation: [-0.854716239911651f,0.43532594039117745f,0.28275691831293204f,-0.19794626374470178f,-0.1530912305543907f,0.3090894247239545f,-0.938630280063006f,0.4968634548363348f,-0.4960072825661248f,-0.8455501482149664f,-0.19753916698978102f,-0.1403036197525748f,0f,0f,0f,1f], start_interpolation: 0, interpolation_duration: 1 }
$data merge entity $(bone_tail_4) { transformation: [0.39201308028805887f,-1.232783705888217f,-2.439719535311299f,-0.8381598093936238f,2.7134219874381422f,-0.1226354438339468f,0.49795883123295953f,0.25914654577954044f,-0.3306481431526749f,-2.4679680334259118f,1.193929195144135f,-1.1736607624045394f,0f,0f,0f,1f], start_interpolation: 0, interpolation_duration: 1 }
$data merge entity $(bone_tail_3) { transformation: [0.10269674195905534f,-0.031303204856660806f,-2.0795237470635293f,-0.4852431024427998f,2.0188493866619486f,-0.4986975825865343f,0.10720728119611968f,0.2458482999952971f,-0.49964593384727174f,-2.0214515469168415f,0.005754155180311629f,-1.1548549641281118f,0f,0f,0f,1f], start_interpolation: 0, interpolation_duration: 1 }
$data merge entity $(bone_tail_2) { transformation: [-0.6695091884731142f,0.5611135789911146f,-1.7480511643040173f,-0.16064575560143748f,1.8112601087217126f,0.5057013447867094f,-0.5313914220582592f,0.3460924650494582f,0.29978015295589183f,-1.8022740014646697f,-0.6933355309956689f,-1.0261725886243815f,0f,0f,0f,1f], start_interpolation: 0, interpolation_duration: 1 }
$data merge entity $(bone_tail_1) { transformation: [-0.9369153121990131f,0.7811080346772723f,-0.8942685200372623f,0.023137716303118616f,1.1720479707132352f,0.7908019017875634f,-0.5372077405214484f,0.45090709916671406f,0.19013022409394376f,-1.025747941890103f,-1.0951474364642437f,-0.7781520150253327f,0f,0f,0f,1f], start_interpolation: 0, interpolation_duration: 1 }
$data merge entity $(bone_tail_0) { transformation: [-1.2384943127783619f,-0.07529411896219126f,-0.3070803631777661f,0.1110567544200785f,-0.07950393870753293f,1.275716734124693f,0.007852043571149252f,0.47939786682109325f,0.30601744644655515f,0.026708173055485618f,-1.2407561051819957f,-0.4149297274439757f,0f,0f,0f,1f], start_interpolation: 0, interpolation_duration: 1 }
$data merge entity $(bone_body_1) { transformation: [-1.1332175169626968f,-0.23814439129148804f,0.4332550094361947f,0.026371748405947876f,-0.3287179966234366f,1.1722314332699622f,-0.2154589070007893f,0.45053093883574197f,-0.3692792073770535f,-0.3126744485987095f,-1.1377487206095722f,-0.12935824421761002f,0f,0f,0f,1f], start_interpolation: 0, interpolation_duration: 1 }