# This file was generated by Animated Java via MC-Build. It is not recommended to edit this file directly.
$data merge entity $(bone_head_lower) { transformation: [-0.6743707032417423f,-0.48709473257098046f,-0.5549440297100625f,0.3182044581778791f,-0.4947072553682081f,0.8559884214642418f,-0.15016175879767119f,0.3392591538058933f,0.5481686657364616f,0.17327014694043563f,-0.8182228120041308f,0.7419999963172723f,0f,0f,0f,1f], start_interpolation: 0, interpolation_duration: 1 }
$data merge entity $(bone_head_upper) { transformation: [-0.7019521840165366f,0.0830746689468978f,-0.7640900950262899f,0.2671776137388786f,-0.5149405759847447f,0.7173842156658928f,0.5510608250469619f,0.3931966559544394f,0.5705885357614722f,0.7496201898803834f,-0.4426852565477918f,0.7284920912106139f,0f,0f,0f,1f], start_interpolation: 0, interpolation_duration: 1 }
$data merge entity $(bone_neck_0) { transformation: [-0.7273205618147938f,-0.22106865241622023f,-0.6497179782646385f,0.22898900523205273f,-0.4798757709882827f,0.8406144192836881f,0.25117054467184086f,0.3959481259991821f,0.49063636715984904f,0.4944654174067425f,-0.7174816417226031f,0.6739137452554445f,0f,0f,0f,1f], start_interpolation: 0, interpolation_duration: 1 }
$data merge entity $(bone_neck_1) { transformation: [-0.8532229550033017f,0.030847187447571728f,-0.5206333067351802f,0.18502663997610463f,-0.21430094718684717f,0.8893509215382399f,0.40389360281379f,0.4342603437877085f,0.47548469280330563f,0.456183504070081f,-0.7522040398217019f,0.6122937707848365f,0f,0f,0f,1f], start_interpolation: 0, interpolation_duration: 1 }
$data merge entity $(bone_neck_2) { transformation: [-0.8914131985355427f,-0.19290253950992473f,-0.41008672220306686f,0.14721133103481007f,-0.30263633254664674f,0.9269338671241614f,0.22182167658045274f,0.46276884821154307f,0.33733330653724186f,0.3218419118587096f,-0.8846604004202866f,0.5379419182233078f,0f,0f,0f,1f], start_interpolation: 0, interpolation_duration: 1 }
$data merge entity $(bone_body_0) { transformation: [-0.8768107656017712f,-0.2571097868597423f,-0.40632184143333244f,-0.046735921232886744f,-0.28647330010404365f,0.958013306815499f,0.011981330974946663f,0.4775418788340954f,0.38618121348964507f,0.12690571880482973f,-0.9136514701363396f,0.10855034214482852f,0f,0f,0f,1f], start_interpolation: 0, interpolation_duration: 1 }
$data merge entity $(bone_leg_left_3) { transformation: [-0.9962643340776078f,-0.08418854151742315f,0.019226703359395268f,0.42786920544303236f,-0.07808480042337604f,0.973314149237496f,0.2157830642959056f,0.07549810449885386f,-0.03688008389012418f,0.21347565756136822f,-0.9762520182007303f,-0.5112934012505161f,0f,0f,0f,1f], start_interpolation: 0, interpolation_duration: 1 }
$data merge entity $(bone_leg_left_2) { transformation: [-0.9736761699083439f,-0.31771518156552475f,0.05544347622667773f,0.3540131696088288f,-0.3074967295156094f,0.9676943864106706f,0.14517415523148205f,0.30507574884469996f,-0.09727629202697168f,0.12118926277833351f,-1.0138602887466408f,-0.5145280965197309f,0f,0f,0f,1f], start_interpolation: 0, interpolation_duration: 1 }
$data merge entity $(bone_leg_left_1) { transformation: [-0.9788468948371263f,-0.17906232398476993f,0.09897191822375428f,0.31961278017188743f,0.08551138780049962f,0.08140814852343764f,0.9930057985280945f,0.27282348227902664f,-0.18586704663320178f,0.9804638685250769f,-0.06437424556988608f,-0.24105087595514862f,0f,0f,0f,1f], start_interpolation: 0, interpolation_duration: 1 }
$data merge entity $(bone_leg_left_0) { transformation: [-0.9766971553980993f,-0.06230592134905172f,0.20537925601702625f,0.1648642232680337f,0.03333263431332033f,0.9012865046810592f,0.43193931514685435f,0.5954110688422167f,-0.21201792878668524f,0.42871973204489316f,-0.8782071448288036f,-0.025882542560189695f,0f,0f,0f,1f], start_interpolation: 0, interpolation_duration: 1 }
$data merge entity $(bone_leg_right_3) { transformation: [-0.8494758977917668f,0.08918817314948053f,0.5200347765689624f,-0.36363462778167094f,0.014593628635185735f,0.9892043666192796f,-0.1458140839034694f,0.014114980081332551f,-0.5274255635387145f,-0.1162763554279545f,-0.8416068465110426f,-0.0699447049765801f,0f,0f,0f,1f], start_interpolation: 0, interpolation_duration: 1 }
$data merge entity $(bone_leg_right_2) { transformation: [-0.8475500316859854f,0.18740734233186496f,0.546442706356199f,-0.3017478504566723f,0.18742630095264462f,1.0069499725933404f,-0.054638209214561605f,0.24685422217795872f,-0.5464362039625381f,0.05470320132380441f,-0.8663008912985333f,-0.08311831672999398f,0f,0f,0f,1f], start_interpolation: 0, interpolation_duration: 1 }
$data merge entity $(bone_leg_right_1) { transformation: [-0.9002721165247651f,-0.4348346106572677f,-0.020711774008100148f,-0.4367098326370954f,-0.17976528386147647f,0.32800816266890753f,0.9274131161142645f,0.2831971378590986f,-0.39647769032597896f,0.8386474268708575f,-0.37346477006093515f,0.15662705132847424f,0f,0f,0f,1f], start_interpolation: 0, interpolation_duration: 1 }
$data merge entity $(bone_leg_right_0) { transformation: [-0.8786643073762396f,0.39972691143268274f,0.26108893354472473f,-0.1988510855750135f,-0.1639878108189623f,0.26090886313515893f,-0.9513330452792667f,0.4821506779766358f,-0.4483938367616549f,-0.8787177939554924f,-0.16370096438370557f,-0.12292255765928514f,0f,0f,0f,1f], start_interpolation: 0, interpolation_duration: 1 }
$data merge entity $(bone_tail_4) { transformation: [0.5992480624376998f,-1.453710153080076f,-2.27008587548942f,-0.895638901839994f,2.6873741717768302f,0.14001541296495632f,0.6197395231861941f,0.3093288114614069f,-0.21114722856684873f,-2.3436688773297645f,1.4450932056114532f,-1.1286502323967815f,0f,0f,0f,1f], start_interpolation: 0, interpolation_duration: 1 }
$data merge entity $(bone_tail_3) { transformation: [0.17895473878056664f,-0.1485192141015163f,-2.0692662396499615f,-0.5433144384167555f,2.044390092463395f,-0.3404660854381414f,0.20123995763362937f,0.2785376792274423f,-0.3526894914084283f,-2.0488949250153223f,0.11655571603730121f,-1.128363729267193f,0f,0f,0f,1f], start_interpolation: 0, interpolation_duration: 1 }
$data merge entity $(bone_tail_2) { transformation: [-0.5862209812189544f,0.4586220872030343f,-1.8068714999443087f,-0.20774532074966054f,1.8026118461807954f,0.6221787264816212f,-0.42691689978864866f,0.3593815799930684f,0.4750888003206656f,-1.7948073123447037f,-0.6096976450394329f,-1.0150980462636214f,0f,0f,0f,1f], start_interpolation: 0, interpolation_duration: 1 }
$data merge entity $(bone_tail_1) { transformation: [-0.936568576471443f,0.7079874149821114f,-0.953545684166838f,-0.01031257170483768f,1.1433094491191824f,0.866171932214754f,-0.47983949128656805f,0.45095734214958866f,0.32146392506943516f,-1.0179176067198703f,-1.071522720621754f,-0.7723824382181466f,0f,0f,0f,1f], start_interpolation: 0, interpolation_duration: 1 }
$data merge entity $(bone_tail_0) { transformation: [-1.2203107321653721f,-0.08898837496178338f,-0.36980873795477387f,0.09560668867359226f,-0.10750731833018025f,1.272763463585312f,0.04848771856668024f,0.46750215343041057f,0.364855601644671f,0.0773947767488825f,-1.2225899374134093f,-0.4132455690424106f,0f,0f,0f,1f], start_interpolation: 0, interpolation_duration: 1 }
$data merge entity $(bone_body_1) { transformation: [-1.1439257381403463f,-0.2786660103027709f,0.37733772058760645f,0.02665108764215942f,-0.35621672520494047f,1.1631490464670862f,-0.22090390545037145f,0.44051287451658866f,-0.3052018108736946f,-0.31310404893724186f,-1.15646975932567f,-0.12329276992307632f,0f,0f,0f,1f], start_interpolation: 0, interpolation_duration: 1 }