# This file was generated by Animated Java via MC-Build. It is not recommended to edit this file directly.
$data merge entity $(bone_head_lower) { transformation: [-0.6488195616059412f,-0.5854035491924756f,-0.48614386869560255f,0.42459460755845735f,-0.5972160092216948f,0.7876578008287507f,-0.15142069582104167f,1.101091905764442f,0.4715572232579914f,0.19208819168930855f,-0.8606601604621563f,0.13264815248085404f,0f,0f,0f,1f], start_interpolation: 0, interpolation_duration: 1 }
$data merge entity $(bone_head_upper) { transformation: [-0.6753560113341402f,-0.7129473322959236f,-0.34506854668380604f,0.38458779732917764f,-0.6216418951588584f,0.7581193732149865f,-0.3496974588453939f,1.093815078944867f,0.49084371720706693f,-0.020810091584347448f,-0.9176662399533436f,0.0690717463342875f,0f,0f,0f,1f], start_interpolation: 0, interpolation_duration: 1 }
$data merge entity $(bone_neck_0) { transformation: [-0.351478206296842f,-0.8878232674590283f,0.29704026032968917f,0.4183195852074797f,-0.502930218790269f,-0.08855353296690979f,-0.859778731317919f,1.039820073297603f,0.7896355270160575f,-0.45158400941292576f,-0.4153885132218029f,0.049286850429025766f,0f,0f,0f,1f], start_interpolation: 0, interpolation_duration: 1 }
$data merge entity $(bone_neck_1) { transformation: [-0.6086520055087878f,-0.7924642780032708f,-0.03928236600416568f,0.41134106935514675f,-0.2192442415777469f,0.21555920596910022f,-0.9515598726601335f,0.9602035171769601f,0.7625448830889426f,-0.5705563923143143f,-0.30494377262725864f,0.020825628520638233f,0f,0f,0f,1f], start_interpolation: 0, interpolation_duration: 1 }
$data merge entity $(bone_neck_2) { transformation: [-0.7245091802334775f,-0.5893992503365018f,-0.35734433178684133f,0.3742644387728052f,-0.03666074635787302f,0.5506606523316978f,-0.8339237588953277f,0.8925368534187726f,0.6882895011794806f,-0.591084909024413f,-0.4205665142277774f,-0.021806243061988972f,0f,0f,0f,1f], start_interpolation: 0, interpolation_duration: 1 }
$data merge entity $(bone_body_0) { transformation: [-0.662513632921492f,-0.5718272679777235f,-0.48382771912148587f,0.14079087959322284f,0.056957772637592705f,0.6055934209038507f,-0.7937332175826685f,0.5242223987975122f,0.7468811808643534f,-0.5534168267726454f,-0.3686438898389134f,-0.20081871297452483f,0f,0f,0f,1f], start_interpolation: 0, interpolation_duration: 1 }
$data merge entity $(bone_leg_left_3) { transformation: [-0.14831283728140454f,0.040880399575615345f,-0.9880951853076088f,0.06227867681723445f,0.031784985942958935f,0.9988260909383418f,0.03655345030824653f,0.022486985686288458f,0.9884295710702637f,-0.025985245647666803f,-0.14943811442361318f,-0.5800577259811792f,0f,0f,0f,1f], start_interpolation: 0, interpolation_duration: 1 }
$data merge entity $(bone_leg_left_2) { transformation: [-0.16067037092244407f,-0.1152807146626928f,-1.0064579416126624f,0.004053590630458459f,-0.18918017900264916f,1.0045257814420028f,-0.08485878735613697f,0.2537244801904316f,0.9952176100134404f,0.17233836121388416f,-0.17861578170459336f,-0.543861972915322f,0f,0f,0f,1f], start_interpolation: 0, interpolation_duration: 1 }
$data merge entity $(bone_leg_left_1) { transformation: [-0.23680342477280827f,0.9711813318902085f,-0.027036246112019657f,0.2740431984027562f,0.2038631810882128f,0.07687774750210952f,0.9759762370752665f,0.21878757938770227f,0.9499283875179558f,0.22560282029922124f,-0.21619302962994397f,-0.4900250867031092f,0f,0f,0f,1f], start_interpolation: 0, interpolation_duration: 1 }
$data merge entity $(bone_leg_left_0) { transformation: [-0.20898167679510465f,-0.4952813733820764f,-0.8432218094574349f,0.12392368491156364f,0.15494963756002128f,0.834597773816782f,-0.5286181663167561f,0.6075274783683583f,0.9655657764150118f,-0.24112842453936403f,-0.09767197292591034f,-0.4644770696737953f,0f,0f,0f,1f], start_interpolation: 0, interpolation_duration: 1 }
$data merge entity $(bone_leg_right_3) { transformation: [-0.9615131401137348f,0.02770854718514302f,-0.2733582224874799f,-0.16013776456113257f,0.050114652152260054f,0.9958988466000933f,-0.07532601795039005f,0.022129621406362432f,0.2701499639612852f,-0.08612620828466318f,-0.9589584314339302f,-0.19925049934472203f,0f,0f,0f,1f], start_interpolation: 0, interpolation_duration: 1 }
$data merge entity $(bone_leg_right_2) { transformation: [-0.9855129227384206f,0.07630748048803064f,-0.2738679372212803f,-0.1492854442555635f,0.05012019167320711f,1.0192210864088258f,0.10362694102861833f,0.2628333580660006f,0.27984718151682564f,0.08618436599451526f,-0.9830157727910104f,-0.2099747880432114f,0f,0f,0f,1f], start_interpolation: 0, interpolation_duration: 1 }
$data merge entity $(bone_leg_right_1) { transformation: [-0.8722816209953116f,0.32731603380949814f,-0.36330288697588287f,-0.05846771741433951f,-0.3274585055399956f,0.16079087497039934f,0.9310838961531698f,0.25061247499386674f,0.3631744771088741f,0.9311339906466057f,-0.03307250578989751f,0.05197210765913457f,0f,0f,0f,1f], start_interpolation: 0, interpolation_duration: 1 }
$data merge entity $(bone_leg_right_0) { transformation: [-0.8990918009938544f,-0.43388397986284954f,-0.05812594432782647f,-0.11955039288946656f,-0.2873719285612971f,0.685155854255203f,-0.6693122067128195f,0.6075274783683583f,0.33022917505966654f,-0.5850693526396659f,-0.7407040870288313f,-0.15584479657976535f,0f,0f,0f,1f], start_interpolation: 0, interpolation_duration: 1 }
$data merge entity $(bone_tail_4) { transformation: [-1.386114234173f,-0.5877952245512479f,2.3149180191569956f,-0.3235752689081399f,0.9138101703862661f,2.342352178496544f,1.1419275703787504f,0.3869966486036323f,-2.206648960283811f,1.3392327570244251f,-0.9812325515346175f,-1.579324225044295f,0f,0f,0f,1f], start_interpolation: 0, interpolation_duration: 1 }
$data merge entity $(bone_tail_3) { transformation: [-1.5738952742088048f,-0.16199325168293552f,1.353719830052299f,-0.5515308954070381f,0.3272462216373456f,1.962214540950344f,0.6152800433555083f,0.2634660806407018f,-1.323521477835444f,0.6778036645937118f,-1.457675758190436f,-1.33878912456826f,0f,0f,0f,1f], start_interpolation: 0, interpolation_duration: 1 }
$data merge entity $(bone_tail_2) { transformation: [-1.865186628010123f,-0.015629513924404953f,0.5827593293886346f,-0.6612475039266147f,-0.07182619362881987f,1.944743399991301f,-0.17773007933899568f,0.2969153599936621f,-0.578527195215402f,-0.19105680173062967f,-1.8567653211732065f,-0.9940937583463303f,0f,0f,0f,1f], start_interpolation: 0, interpolation_duration: 1 }
$data merge entity $(bone_tail_1) { transformation: [-1.4391642144002599f,-0.033957318364032325f,-0.46401456283096015f,-0.5596067168391351f,0.11261954776000074f,1.4381805669716436f,-0.4545434459404901f,0.3770401729486438f,0.45141937425415884f,-0.4670543943853285f,-1.3659198333845728f,-0.6948850657119165f,0f,0f,0f,1f], start_interpolation: 0, interpolation_duration: 1 }
$data merge entity $(bone_tail_0) { transformation: [-0.7849358062850693f,-0.27196233019250315f,-0.9714669256088443f,-0.28228443767008166f,0.334611271201832f,1.0910231073920746f,-0.5757947489385982f,0.5716291123720373f,0.951707304679506f,-0.6078986648092205f,-0.5987888911184516f,-0.5345747122367221f,0f,0f,0f,1f], start_interpolation: 0, interpolation_duration: 1 }
$data merge entity $(bone_body_1) { transformation: [-0.7657534818991375f,-0.07810755989620775f,-0.9675357404781788f,-0.05208483257692311f,0f,1.232358341164623f,-0.09948625039787656f,0.5117501923076924f,0.970683367538353f,-0.06161755517130904f,-0.7632703793121829f,-0.3529746611521673f,0f,0f,0f,1f], start_interpolation: 0, interpolation_duration: 1 }