# This file was generated by Animated Java via MC-Build. It is not recommended to edit this file directly.
$data merge entity $(bone_head_lower) { transformation: [-0.6183784242227015f,-0.5864292607414234f,-0.5231719092249854f,0.4529752044543368f,-0.5951414326095343f,0.7842055689603398f,-0.17557989863039716f,1.073440258375828f,0.513239514892725f,0.20278645851697655f,-0.8339441543621631f,0.1497913784676841f,0f,0f,0f,1f], start_interpolation: 0, interpolation_duration: 1 }
$data merge entity $(bone_head_upper) { transformation: [-0.6436698441157332f,-0.6957039011148669f,-0.43029891509634344f,0.40748987014983895f,-0.6194824692276675f,0.7721420118797322f,-0.3217298966422275f,1.0684069866054673f,0.5342307972020397f,0.05713788626981311f,-0.8915181769638791f,0.08978132072491381f,0f,0f,0f,1f], start_interpolation: 0, interpolation_duration: 1 }
$data merge entity $(bone_neck_0) { transformation: [-0.35695927387447995f,-0.9034955097417047f,0.2372255059465179f,0.4376100848047238f,-0.5291331287551695f,-0.013713167786820551f,-0.8484280058337392f,1.0139396075133453f,0.7698040067762505f,-0.42837811907919354f,-0.4731743634701726f,0.06588961634293991f,0f,0f,0f,1f], start_interpolation: 0, interpolation_duration: 1 }
$data merge entity $(bone_neck_1) { transformation: [-0.5975646983111542f,-0.7967109825443628f,-0.09037721850939745f,0.42628360028827583f,-0.24656961188304133f,0.2898406801186486f,-0.9247679744910099f,0.9369348822775133f,0.7629677960622886f,-0.5303244199936066f,-0.3696432763223201f,0.03213284095807963f,0f,0f,0f,1f], start_interpolation: 0, interpolation_duration: 1 }
$data merge entity $(bone_neck_2) { transformation: [-0.7101818372136998f,-0.5852172540882673f,-0.39135983903456734f,0.386267900511747f,-0.07154337421900142f,0.6130079203185705f,-0.7868308809598545f,0.8740043265436919f,0.7003736886099693f,-0.5307937971982052f,-0.47721550808704505f,-0.014871619687349902f,0f,0f,0f,1f], start_interpolation: 0, interpolation_duration: 1 }
$data merge entity $(bone_body_0) { transformation: [-0.6530234042171685f,-0.5636920938670366f,-0.5057782684699064f,0.14252662744118602f,0.03177068958496991f,0.6468592020562721f,-0.7619473708849045f,0.5210635304218657f,0.7566710360704422f,-0.5136383903359627f,-0.40450531164023673f,-0.21040650388441273f,0f,0f,0f,1f], start_interpolation: 0, interpolation_duration: 1 }
$data merge entity $(bone_leg_left_3) { transformation: [-0.1352061212790827f,0.03521388880123294f,-0.9901915404628342f,0.06160479645114434f,0.03512011963029898f,0.9989105757498575f,0.030728469734793665f,0.017348328355328735f,0.9901948707026408f,-0.030620968152281592f,-0.13629554043914086f,-0.5864983819267182f,0f,0f,0f,1f], start_interpolation: 0, interpolation_duration: 1 }
$data merge entity $(bone_leg_left_2) { transformation: [-0.14630680656200343f,-0.11830181750667096f,-1.0082961855669899f,0.0026409689277998027f,-0.1858753670320419f,1.004614335614532f,-0.09089875746769675f,0.2484249295917677f,0.9980515346338719f,0.16975545986237306f,-0.1647374200434802f,-0.5504713993882275f,0f,0f,0f,1f], start_interpolation: 0, interpolation_duration: 1 }
$data merge entity $(bone_leg_left_1) { transformation: [-0.2251296907724446f,0.9736955431822405f,-0.035122806262387674f,0.2735100004561136f,0.20656970827140358f,0.0829279679777748f,0.9749112307034651f,0.21513426638664046f,0.9521793832872936f,0.21222615605556f,-0.21980555208754488f,-0.5001217701736866f,0f,0f,0f,1f], start_interpolation: 0, interpolation_duration: 1 }
$data merge entity $(bone_leg_left_0) { transformation: [-0.196841042962405f,-0.5029014749427774f,-0.8416315763479003f,0.12168079231160936f,0.15786886183072843f,0.8309673465438157f,-0.533451676763885f,0.6031816542174717f,0.9676419928205591f,-0.23787260346309175f,-0.08417599569917611f,-0.4741526555115669f,0f,0f,0f,1f], start_interpolation: 0, interpolation_duration: 1 }
$data merge entity $(bone_leg_right_3) { transformation: [-0.9573102725249784f,0.02162297176955983f,-0.28825247476822147f,-0.15680190698503418f,0.04692828444649204f,0.9955949506842516f,-0.08116914617594262f,0.019115150868606323f,0.28522759024515937f,-0.09123125157463963f,-0.9541080025338139f,-0.20384272155780944f,0f,0f,0f,1f], start_interpolation: 0, interpolation_duration: 1 }
$data merge entity $(bone_leg_right_2) { transformation: [-0.9811554718012484f,0.07477794792871917f,-0.28948989301655015f,-0.14679566695990787f,0.04684931412597996f,1.0192868247652453f,0.10450698601817783f,0.2598664827440942f,0.29529863091638126f,0.08674575992086381f,-0.9784355324779231f,-0.2143185712490702f,0f,0f,0f,1f], start_interpolation: 0, interpolation_duration: 1 }
$data merge entity $(bone_leg_right_1) { transformation: [-0.8655738985645615f,0.3413765197860187f,-0.3663930919961947f,-0.05186066409850658f,-0.3305463549524465f,0.16014868380893355f,0.9301029546786299f,0.2474616654081881f,0.3761926811507598f,0.9261827415866979f,-0.0257797563128615f,0.046155710395652166f,0f,0f,0f,1f], start_interpolation: 0, interpolation_duration: 1 }
$data merge entity $(bone_leg_right_0) { transformation: [-0.893036926457317f,-0.44533953699958184f,-0.06448057667752755f,-0.1176278911424363f,-0.2907392851011742f,0.680415745277631f,-0.6726849795239552f,0.6031816542174717f,0.34344681696374274f,-0.5819854898219404f,-0.7371140844904468f,-0.1622795072930302f,0f,0f,0f,1f], start_interpolation: 0, interpolation_duration: 1 }
$data merge entity $(bone_tail_4) { transformation: [-1.6939331068085532f,-0.4200096970950938f,2.1400569655044257f,-0.370089651091315f,0.8648451335930382f,2.358222866788286f,1.1473836050150261f,0.373141641717729f,-2.0020726400803652f,1.3740589858164474f,-1.3150393069937925f,-1.620028094285863f,0f,0f,0f,1f], start_interpolation: 0, interpolation_duration: 1 }
$data merge entity $(bone_tail_3) { transformation: [-1.693245604289913f,-0.06864226383943885f,1.21002193749218f,-0.5745929379447997f,0.3331272961861435f,1.9725159851102283f,0.5780591830122409f,0.2558215484862015f,-1.1652858250802853f,0.6636372911041594f,-1.592997180715439f,-1.356408852148585f,0f,0f,0f,1f], start_interpolation: 0, interpolation_duration: 1 }
$data merge entity $(bone_tail_2) { transformation: [-1.896543726954999f,0.008324435497375894f,0.47098457567532886f,-0.663548350818695f,-0.039591834372442236f,1.944132796540893f,-0.19378862471231278f,0.2922797665909088f,-0.46939136485607047f,-0.19761641680415765f,-1.886635463837892f,-1.006081552581159f,0f,0f,0f,1f], start_interpolation: 0, interpolation_duration: 1 }
$data merge entity $(bone_tail_1) { transformation: [-1.4332060880861714f,-0.036296792039106816f,-0.48193267368005227f,-0.5580288807668937f,0.11503418265442436f,1.4392628455028615f,-0.4504951147082902f,0.3715178872207363f,0.4694078140527302f,-0.46353128744743527f,-1.3610478682484173f,-0.7079815044800759f,0f,0f,0f,1f], start_interpolation: 0, interpolation_duration: 1 }
$data merge entity $(bone_tail_0) { transformation: [-0.80335936909943f,-0.272817064603141f,-0.9560440836726721f,-0.28523414073569137f,0.3045802024652952f,1.1025143762778942f,-0.5705511957316307f,0.5648518433136525f,0.9464038994691396f,-0.5864031172716592f,-0.6279225746122806f,-0.5386388857051425f,0f,0f,0f,1f], start_interpolation: 0, interpolation_duration: 1 }
$data merge entity $(bone_body_1) { transformation: [-0.7526528460799397f,-0.08548900124575654f,-0.9771437555498269f,-0.0523036142679786f,0f,1.2316627483929463f,-0.10775652777156526f,0.5069425000000001f,0.9808762859525236f,-0.06559801783123598f,-0.7497887747684985f,-0.35990500642231893f,0f,0f,0f,1f], start_interpolation: 0, interpolation_duration: 1 }