# This file was generated by Animated Java via MC-Build. It is not recommended to edit this file directly.
$data merge entity $(bone_head_lower) { transformation: [-0.5445529624237557f,-0.21627165382225272f,-0.9895396115712091f,0.5475293804554299f,-0.9065266242558374f,0.6052453919188232f,0.3665890002118802f,0.6757165556383917f,0.45185346145717115f,0.9536270693064548f,-0.4570818986299448f,0.5882896144014651f,0f,0f,0f,1f], start_interpolation: 0, interpolation_duration: 1 }
$data merge entity $(bone_head_upper) { transformation: [-0.5668249516898197f,-0.7467126237625307f,-0.7443261218862327f,0.4792743052956315f,-0.9436031854684744f,0.736276034068816f,-0.020056771832266614f,0.6905738569360773f,0.4703340797584939f,0.5772430192183019f,-0.9372662344543082f,0.5367847940107344f,0f,0f,0f,1f], start_interpolation: 0, interpolation_duration: 1 }
$data merge entity $(bone_neck_0) { transformation: [-0.5585626288357489f,-0.8288017339525917f,0.03309796769099968f,0.4950479736399652f,-0.7146032139853706f,0.46057359463973463f,-0.5265113583603034f,0.6492835784427293f,0.4211294768000402f,-0.3177414825259848f,-0.8495235806334711f,0.48687446899474585f,0f,0f,0f,1f], start_interpolation: 0, interpolation_duration: 1 }
$data merge entity $(bone_neck_1) { transformation: [-0.7389962815115251f,-0.6246121360991245f,-0.2524760886694565f,0.4707824251465068f,-0.4647911238507814f,0.7439652911537638f,-0.48008838430858036f,0.6120411462324326f,0.4877024780556954f,-0.23743488580279087f,-0.84010176044462f,0.414612990709948f,0f,0f,0f,1f], start_interpolation: 0, interpolation_duration: 1 }
$data merge entity $(bone_neck_2) { transformation: [-0.8447969293842188f,-0.35554175551272105f,-0.3998852437761706f,0.4322685026523192f,-0.3102830318789051f,0.9343531487847418f,-0.175238789895595f,0.6058368152439748f,0.43593874366822377f,-0.023963585770299722f,-0.8996572449138618f,0.33556165014422445f,0f,0f,0f,1f], start_interpolation: 0, interpolation_duration: 1 }
$data merge entity $(bone_body_0) { transformation: [-0.8110543522014454f,-0.27096160113621276f,-0.5184309486178399f,0.18535269273196475f,-0.11825888644310345f,0.9439009379455092f,-0.30832751275684955f,0.4695150510199478f,0.5728923751913011f,-0.1887613044437021f,-0.7975985809869408f,-0.042141757456698875f,0f,0f,0f,1f], start_interpolation: 0, interpolation_duration: 1 }
$data merge entity $(bone_leg_left_3) { transformation: [-0.4549748261833246f,0.23861245821843502f,-0.857940558734933f,0.1414184916954817f,-0.12197355818855678f,0.9376535382162965f,0.32546627071523543f,0.05865099559290929f,0.8821113073996252f,0.25272502261037744f,-0.39750434501311827f,-0.5674917166330751f,0f,0f,0f,1f], start_interpolation: 0, interpolation_duration: 1 }
$data merge entity $(bone_leg_left_2) { transformation: [-0.49629981768812453f,-0.010961165925197601f,-0.8975681273892189f,0.11035463561012018f,-0.3439937195745371f,0.9496467406070446f,0.17861015774133798f,0.28499846150990976f,0.8291061520436953f,0.38744434490216934f,-0.46317606560283314f,-0.4902069601537028f,0f,0f,0f,1f], start_interpolation: 0, interpolation_duration: 1 }
$data merge entity $(bone_leg_left_1) { transformation: [-0.5263129675136394f,0.8252691069283943f,0.20475732313301323f,0.334176753417599f,0.06675945832475685f,-0.1999584396741983f,0.9775273894511831f,0.1775020588056906f,0.8476661105359655f,0.5281548291483007f,0.050146201213628894f,-0.3662651647592796f,0f,0f,0f,1f], start_interpolation: 0, interpolation_duration: 1 }
$data merge entity $(bone_leg_left_0) { transformation: [-0.5132064839015237f,-0.25174330405061845f,-0.8205147248813472f,0.2424557727426146f,0.010827040418660602f,0.9540403669069157f,-0.2994824761282209f,0.5777279793791631f,0.8581968772241062f,-0.16258009465428286f,-0.48689406727233475f,-0.2906757953374576f,0f,0f,0f,1f], start_interpolation: 0, interpolation_duration: 1 }
$data merge entity $(bone_leg_right_3) { transformation: [-0.9625254527969471f,0.1013556037305534f,-0.2515388524869403f,-0.18503963440464358f,0.12152919276286157f,0.9903934264581399f,-0.06596602257914094f,0.015134493219542161f,0.24243639995767705f,-0.09406328944343606f,-0.9655965459521076f,-0.19351539711972116f,0f,0f,0f,1f], start_interpolation: 0, interpolation_duration: 1 }
$data merge entity $(bone_leg_right_2) { transformation: [-0.9867771768229561f,0.16578594871074906f,-0.2254950598396502f,-0.15183311315724038f,0.12312360239154213f,0.9992675190814851f,0.1958754791788826f,0.2539247194225779f,0.2513435524061435f,0.1613742359222942f,-0.9812476619819532f,-0.18661417385392437f,0f,0f,0f,1f], start_interpolation: 0, interpolation_duration: 1 }
$data merge entity $(bone_leg_right_1) { transformation: [-0.9318276329154016f,0.2985957387732834f,-0.20624705409221353f,-0.07833334142855862f,-0.22019324678423738f,-0.013450618201593822f,0.9753635296342643f,0.19415569665997107f,0.28846524332386253f,0.9542848975313564f,0.07828242291646687f,0.0742283708614657f,0f,0f,0f,1f], start_interpolation: 0, interpolation_duration: 1 }
$data merge entity $(bone_leg_right_0) { transformation: [-0.9523749842471231f,-0.2694217342526866f,-0.14280692732695616f,-0.06175369754711714f,-0.179069234798388f,0.8732228737772223f,-0.4532284433494539f,0.594728391809177f,0.2468118686955948f,-0.40607110439493743f,-0.8798807644484928f,-0.042278752843992656f,0f,0f,0f,1f], start_interpolation: 0, interpolation_duration: 1 }
$data merge entity $(bone_tail_4) { transformation: [-1.8150713880353841f,0.291997624569839f,2.060561713509418f,-0.1609926357417787f,1.3414064195735032f,2.254565371699511f,0.8621050596420593f,0.5433157604847624f,-1.5911649837343382f,1.5675884994407863f,-1.6237369314512393f,-1.6600146234856248f,0f,0f,0f,1f], start_interpolation: 0, interpolation_duration: 1 }
$data merge entity $(bone_tail_3) { transformation: [-1.6433340162915224f,0.4526054487327469f,1.1960548251317933f,-0.36822843456167587f,0.8130404416214115f,1.873017662823177f,0.40830821824316504f,0.45575282707539483f,-0.9870988183721416f,0.7892392974087625f,-1.6548966071143205f,-1.387128640307684f,0f,0f,0f,1f], start_interpolation: 0, interpolation_duration: 1 }
$data merge entity $(bone_tail_2) { transformation: [-1.842178374626841f,0.4850947433593969f,0.43570150450172374f,-0.45047115250749137f,0.4657230330009278f,1.8928163132739837f,-0.13828353386820244f,0.48225421166860466f,-0.4563493920149365f,-0.026521108041376883f,-1.8999515094440258f,-1.034275560501558f,0f,0f,0f,1f], start_interpolation: 0, interpolation_duration: 1 }
$data merge entity $(bone_tail_1) { transformation: [-1.42637604589735f,0.31694408530750096f,-0.3907097035892914f,-0.36890637787997205f,0.3788628573296847f,1.4495388403830973f,-0.20725910247034537f,0.5087729883309149f,0.3310144423227288f,-0.29332549669167474f,-1.4463906256486716f,-0.7197590760001495f,0f,0f,0f,1f], start_interpolation: 0, interpolation_duration: 1 }
$data merge entity $(bone_tail_0) { transformation: [-1.0054901761329949f,0.06488656544728938f,-0.786520791783994f,-0.13750089366718857f,0.30632221594075065f,1.2061006900188183f,-0.2921019379280231f,0.623237321804134f,0.7273183087927969f,-0.4182661541944473f,-0.9643117849192762f,-0.4480582671320857f,0f,0f,0f,1f], start_interpolation: 0, interpolation_duration: 1 }
$data merge entity $(bone_body_1) { transformation: [-0.9567731530394101f,0.13481734210523358f,-0.7713715142179908f,0.0327512734734251f,0.05346821776502666f,1.2263109947255328f,0.14801043530966349f,0.5062262208867525f,0.7812367620435605f,0.08118019179088459f,-0.9548211838604852f,-0.2315437788107307f,0f,0f,0f,1f], start_interpolation: 0, interpolation_duration: 1 }