# This file was generated by Animated Java via MC-Build. It is not recommended to edit this file directly.
$data merge entity $(bone_head_lower) { transformation: [-0.3219670141399509f,-0.010666474221892486f,-1.181883441009933f,0.5236532446903976f,-1.1623895200939611f,0.2246872909571489f,0.3146287095261168f,0.4219793137079714f,0.21403935474939392f,1.20417060569091f,-0.06917591349922292f,0.7276270413719419f,0f,0f,0f,1f], start_interpolation: 0, interpolation_duration: 1 }
$data merge entity $(bone_head_upper) { transformation: [-0.33513533086535235f,-0.8788615247951788f,-0.8609133603794524f,0.44446550690388287f,-1.2099307671368376f,0.39703637120157403f,0.06568669970493729f,0.4350473313844118f,0.22279347517557968f,0.834176015009516f,-0.9382955436542421f,0.6817437819381886f,0f,0f,0f,1f], start_interpolation: 0, interpolation_duration: 1 }
$data merge entity $(bone_neck_0) { transformation: [-0.6083256267153816f,-0.7936790482575767f,0.003674267040593565f,0.4577825562195467f,-0.7755449568993763f,0.5934296191835253f,-0.2153399798078402f,0.41174116709188824f,0.16873041133501432f,-0.1338463874471159f,-0.9765322282741488f,0.6207174338761346f,0f,0f,0f,1f], start_interpolation: 0, interpolation_duration: 1 }
$data merge entity $(bone_neck_1) { transformation: [-0.7821344328122609f,-0.5751147016940888f,-0.23980994329835942f,0.4348180249753029f,-0.5661430093033121f,0.8166558418941131f,-0.1120505641092788f,0.40601124502980435f,0.26028411789126343f,0.04812811855388521f,-0.9643318216143397f,0.5392475919564044f,0f,0f,0f,1f], start_interpolation: 0, interpolation_duration: 1 }
$data merge entity $(bone_neck_2) { transformation: [-0.8942420816234616f,-0.3251015521120265f,-0.3076362791806092f,0.40468383226334087f,-0.4019690523329243f,0.8856340700005325f,0.23253639504572826f,0.435054088325372f,0.19685522705864136f,0.33160409356436404f,-0.9226520171283689f,0.4616629666943844f,0f,0f,0f,1f], start_interpolation: 0, interpolation_duration: 1 }
$data merge entity $(bone_body_0) { transformation: [-0.8810919515234844f,-0.17706200943719247f,-0.43854990340279576f,0.19631017038433995f,-0.19507086912133018f,0.980780716886421f,-0.0040671124901073f,0.44248043576469553f,0.43084141975997015f,0.08196481072888451f,-0.8986976359273412f,0.038890958276169285f,0f,0f,0f,1f], start_interpolation: 0, interpolation_duration: 1 }
$data merge entity $(bone_leg_left_3) { transformation: [-0.6083519663871737f,0.25497599072643273f,-0.7515950566268607f,0.2247238582507057f,-0.19627508778405756f,0.8692423133122985f,0.45375532025844617f,0.09298987459315974f,0.7690149380267067f,0.42356232705536834f,-0.47875983560781515f,-0.552334303423669f,0f,0f,0f,1f], start_interpolation: 0, interpolation_duration: 1 }
$data merge entity $(bone_leg_left_2) { transformation: [-0.6467692505220615f,-0.04016335322130751f,-0.7950714692012576f,0.18978718552970605f,-0.4184596388831729f,0.8886074824149068f,0.2955172961481283f,0.3086066074596855f,0.6772320626680266f,0.5107111186913367f,-0.5767088399185056f,-0.4500605263683226f,0f,0f,0f,1f], start_interpolation: 0, interpolation_duration: 1 }
$data merge entity $(bone_leg_left_1) { transformation: [-0.681996450029296f,0.6906451872949364f,0.24060354821527563f,0.37823557587171963f,-0.0019181670272239543f,-0.33067104924719204f,0.9437441273062405f,0.16875916887286835f,0.7313529673028569f,0.6431686267660325f,0.22684125453982767f,-0.3019278704211069f,0f,0f,0f,1f], start_interpolation: 0, interpolation_duration: 1 }
$data merge entity $(bone_leg_left_0) { transformation: [-0.6736699054857532f,-0.17302667579722533f,-0.718491912205961f,0.29045802251073516f,-0.05948452830706342f,0.9817470180067347f,-0.18064989213107968f,0.5620143844949592f,0.7366345425887267f,-0.0789592432679444f,-0.6716658310258543f,-0.19259939711046634f,0f,0f,0f,1f], start_interpolation: 0, interpolation_duration: 1 }
$data merge entity $(bone_leg_right_3) { transformation: [-0.9652912280046381f,0.12268809846840709f,-0.23056555603885082f,-0.18979465680570962f,0.1359690238889783f,0.9897984352553671f,-0.04256150970895414f,0.02611059290335846f,0.2229916358969018f,-0.07243402556970988f,-0.972125528036267f,-0.20153929930721326f,0f,0f,0f,1f], start_interpolation: 0, interpolation_duration: 1 }
$data merge entity $(bone_leg_right_2) { transformation: [-0.9897328893127161f,0.18876212013524468f,-0.1919892427076187f,-0.15019235810459258f,0.13777444462597171f,0.9834605723162972f,0.25668210807923625f,0.26307271096154283f,0.231320577816593f,0.22189268622927405f,-0.9743288077324048f,-0.18028642634889938f,0f,0f,0f,1f], start_interpolation: 0, interpolation_duration: 1 }
$data merge entity $(bone_leg_right_1) { transformation: [-0.9526447277234198f,0.26602498944864134f,-0.14730488019621696f,-0.08908169845557716f,-0.18295797413757356f,-0.1145045824265788f,0.9764297620939205f,0.1765354988109049f,0.24288763336210933f,0.9571412673122844f,0.1577535798883447f,0.07620954603706884f,0f,0f,0f,1f], start_interpolation: 0, interpolation_duration: 1 }
$data merge entity $(bone_leg_right_0) { transformation: [-0.9705959105455138f,-0.1906930535795513f,-0.14690043481498422f,-0.03913872917236928f,-0.1381863748069183f,0.9410932584229901f,-0.308622754780851f,0.5872308258272069f,0.19709922437708094f,-0.27924834514694225f,-0.9397724498423263f,0.020153085654678604f,0f,0f,0f,1f], start_interpolation: 0, interpolation_duration: 1 }
$data merge entity $(bone_tail_4) { transformation: [-2.0205074849568447f,0.7231224564970875f,1.7379023987966018f,-0.10403855654700608f,1.5495715504529217f,2.0864429087220597f,0.9334052336848985f,0.6685624417760732f,-1.0686621752735026f,1.6581650198798215f,-1.9323848616636023f,-1.670692482487846f,0f,0f,0f,1f], start_interpolation: 0, interpolation_duration: 1 }
$data merge entity $(bone_tail_3) { transformation: [-1.6812211078278148f,0.7150667027925655f,0.9990599197225497f,-0.280439688604179f,1.012788826895645f,1.7651585602899338f,0.4409303518640516f,0.5765234860216643f,-0.6954853735011273f,0.8419265963473194f,-1.772965094877353f,-1.378302033486256f,0f,0f,0f,1f], start_interpolation: 0, interpolation_duration: 1 }
$data merge entity $(bone_tail_2) { transformation: [-1.8164808149845006f,0.662918279154053f,0.2823307970439095f,-0.33410981145988f,0.6662128825863106f,1.8369045340298142f,-0.02675823124811902f,0.5824275072911809f,-0.27446624359301275f,0.07137900970816391f,-1.933480590309559f,-1.0190581825790432f,0f,0f,0f,1f], start_interpolation: 0, interpolation_duration: 1 }
$data merge entity $(bone_tail_1) { transformation: [-1.3958745270824398f,0.43279655167411774f,-0.3897148951494768f,-0.2542044255225465f,0.46323387757959417f,1.43849403736474f,-0.061688970883499554f,0.5776756213705573f,0.35299423409589636f,-0.17629038352980142f,-1.4601277414561948f,-0.703037256251005f,0f,0f,0f,1f], start_interpolation: 0, interpolation_duration: 1 }
$data merge entity $(bone_tail_0) { transformation: [-1.0913081388135784f,0.19597141143555455f,-0.6359854311564281f,-0.06362556161158299f,0.30413946330418284f,1.2333768714799465f,-0.14183228244448312f,0.648885891766657f,0.5919302742758767f,-0.27241955763550585f,-1.0996553330918688f,-0.3882663787523041f,0f,0f,0f,1f], start_interpolation: 0, interpolation_duration: 1 }
$data merge entity $(bone_body_1) { transformation: [-1.0366190212259005f,0.21392933504441117f,-0.6389521417886965f,0.07051220219689765f,0.07930855689308315f,1.2029878535916838f,0.2741075919610045f,0.5041299473355505f,0.6691305946468469f,0.1888360632256985f,-1.0223550183714205f,-0.1633026068259116f,0f,0f,0f,1f], start_interpolation: 0, interpolation_duration: 1 }