# This file was generated by Animated Java via MC-Build. It is not recommended to edit this file directly.
$data merge entity $(bone_head_lower) { transformation: [-0.3536431663600668f,-0.7301688104377044f,-1.0157706528300634f,0.3085861015562522f,-1.2434954199162878f,0.08992872490182234f,0.36828245286023076f,0.19059165085588992f,-0.13658569300641188f,1.0718051747876196f,-0.7228955773584722f,0.9348135290405095f,0f,0f,0f,1f], start_interpolation: 0, interpolation_duration: 1 }
$data merge entity $(bone_head_upper) { transformation: [-0.36810702451287425f,-1.1201373171065665f,-0.6639707766880313f,0.2375470471434805f,-1.2943538644677723f,0.23942754124157242f,0.3136719767503725f,0.2171898482491913f,-0.14217199093966873f,0.7204404390971155f,-1.136582720998315f,0.8725936759813537f,0f,0f,0f,1f], start_interpolation: 0, interpolation_duration: 1 }
$data merge entity $(bone_neck_0) { transformation: [-0.8402496110877746f,-0.5250343111515744f,0.13534978086585478f,0.255092814720012f,-0.5179397053808393f,0.8510782197118862f,0.08604839058376232f,0.20910666251478502f,-0.1603716080135529f,0.002199101097713041f,-0.9870542595508666f,0.8087850213737668f,0f,0f,0f,1f], start_interpolation: 0, interpolation_duration: 1 }
$data merge entity $(bone_neck_1) { transformation: [-0.9218762717633527f,-0.3861124775985362f,-0.03257751068483426f,0.25055430006494206f,-0.38141514909126434f,0.8894018527988983f,0.25196592682657615f,0.23454884673039852f,-0.06831268991475331f,0.24470696532915998f,-0.96718761236691f,0.7279788706697781f,0f,0f,0f,1f], start_interpolation: 0, interpolation_duration: 1 }
$data merge entity $(bone_neck_2) { transformation: [-0.9530979646726678f,-0.3025246556151021f,0.009116056262526095f,0.24839102950757969f,-0.2529376650733425f,0.812693015688035f,0.5249310429371964f,0.2884935156312397f,-0.16621313824142595f,0.4980049146312221f,-0.85109593917436f,0.6582922625458716f,0f,0f,0f,1f], start_interpolation: 0, interpolation_duration: 1 }
$data merge entity $(bone_body_0) { transformation: [-0.9873346546798305f,-0.07411404875516542f,-0.14027611145657276f,0.18157339525656102f,-0.10830301177067185f,0.9609710754885397f,0.2545683596125038f,0.4176250795931368f,0.11593419387592932f,0.26653648878064756f,-0.9568268196694856f,0.2098824637624634f,0f,0f,0f,1f], start_interpolation: 0, interpolation_duration: 1 }
$data merge entity $(bone_leg_left_3) { transformation: [-0.8113759389192899f,-0.11372403465948325f,-0.5733549770287238f,0.567030522322399f,-0.15786705673823737f,0.9870740517117954f,0.027618994081340553f,0.02452696913135849f,0.5628028768047f,0.11292324994449832f,-0.818841414122616f,-0.11688414539058778f,0f,0f,0f,1f], start_interpolation: 0, interpolation_duration: 1 }
$data merge entity $(bone_leg_left_2) { transformation: [-0.7339116371021919f,-0.4801719004719019f,-0.5318560467117734f,0.4375278408261216f,-0.45005443854199617f,0.9013211141136512f,-0.19270041801269772f,0.22797010144195903f,0.5575723368096046f,0.09548504988123466f,-0.855603818349678f,-0.12020370363541258f,0f,0f,0f,1f], start_interpolation: 0, interpolation_duration: 1 }
$data merge entity $(bone_leg_left_1) { transformation: [-0.921039375177038f,0.37087695784144414f,-0.11889807195983784f,0.5629325030419496f,-0.08317892525168957f,0.1109227628718849f,0.9903420656878316f,0.20723688067978985f,0.38048355518664007f,0.9220338512327751f,-0.07131508545456416f,0.12648879708385713f,0f,0f,0f,1f], start_interpolation: 0, interpolation_duration: 1 }
$data merge entity $(bone_leg_left_0) { transformation: [-0.9016949681665108f,-0.3612745792350436f,-0.23754339136616076f,0.33557673253093184f,-0.12758295987912815f,0.747249628236495f,-0.6521814022562286f,0.538888224216481f,0.4131207725734396f,-0.5577621997759996f,-0.719883709893037f,0.014132139470246607f,0f,0f,0f,1f], start_interpolation: 0, interpolation_duration: 1 }
$data merge entity $(bone_leg_right_3) { transformation: [-0.9832026899546202f,0.09730620812893662f,-0.15441493556507674f,-0.17847216789294318f,0.09468659987056852f,0.9952117913957309f,0.024247434335437634f,0.04922615940512742f,0.15603499053401304f,0.009219117445210478f,-0.987708504368866f,-0.1983000133397947f,0f,0f,0f,1f], start_interpolation: 0, interpolation_duration: 1 }
$data merge entity $(bone_leg_right_2) { transformation: [-1.0082926721032173f,0.14983054140171778f,-0.11383714572544598f,-0.14550072057417351f,0.09506792525415912f,0.9411183296235442f,0.39663658269901675f,0.2807098362769641f,0.16238896659415583f,0.3793537900305633f,-0.9390328668468555f,-0.1391454440351642f,0f,0f,0f,1f], start_interpolation: 0, interpolation_duration: 1 }
$data merge entity $(bone_leg_right_1) { transformation: [-0.9713224794587667f,0.19816314266396678f,-0.13139257889094885f,-0.10404191190334797f,-0.1719411568570413f,-0.20373593191389341f,0.9638090623281355f,0.17082001633989996f,0.16422204321203696f,0.9587612001623335f,0.23196569053751498f,0.11228800703601118f,0f,0f,0f,1f], start_interpolation: 0, interpolation_duration: 1 }
$data merge entity $(bone_leg_right_0) { transformation: [-0.9870457719847323f,-0.13002672180078445f,-0.09398774188587186f,-0.03267407509676544f,-0.12028112350100031f,0.9873992287283639f,-0.10283586162409153f,0.5808622886847065f,0.10617483381856996f,-0.09019875123511173f,-0.9902479941606677f,0.14513987645480766f,0f,0f,0f,1f], start_interpolation: 0, interpolation_duration: 1 }
$data merge entity $(bone_tail_4) { transformation: [-2.393421340431663f,1.2724417128336896f,0.52734021865127f,-0.07115040491385292f,1.3572859668361967f,1.998832136129051f,1.3372008926886436f,0.7937244466893697f,0.23445772112650445f,1.418176121156551f,-2.3578522850224366f,-1.6224052935517341f,0f,0f,0f,1f], start_interpolation: 0, interpolation_duration: 1 }
$data merge entity $(bone_tail_3) { transformation: [-1.8303801285039347f,0.9339441901771447f,0.3367526701552959f,-0.1373905904778374f,0.992631805958748f,1.7346193478428473f,0.5845710751762988f,0.6776281825478353f,-0.01833600342055842f,0.6743808225091048f,-1.9699796504672196f,-1.294968889491963f,0f,0f,0f,1f], start_interpolation: 0, interpolation_duration: 1 }
$data merge entity $(bone_tail_2) { transformation: [-1.818515352150508f,0.7052696895025921f,-0.11987682872268454f,-0.11628262096701615f,0.6992749466372418f,1.8215313254273233f,0.10868327606048002f,0.6583747129096666f,0.1509646912399503f,0.058242343348055566f,-1.9474576674328328f,-0.9328152736061583f,0f,0f,0f,1f], start_interpolation: 0, interpolation_duration: 1 }
$data merge entity $(bone_tail_1) { transformation: [-1.391038275148993f,0.4403819753305403f,-0.3984124532121038f,-0.03460296196069715f,0.44406691972498646f,1.445082649668727f,0.046871701829290374f,0.6301995540293278f,0.3943010751652573f,-0.07386542784268449f,-1.458330144615114f,-0.6184726727301282f,0f,0f,0f,1f], start_interpolation: 0, interpolation_duration: 1 }
$data merge entity $(bone_tail_0) { transformation: [-1.2197255716368598f,0.2921101650253727f,-0.24652971011221522f,0.044487887848306526f,0.29818672347795544f,1.2429456490924478f,-0.0025510640255945708f,0.6609395268557994f,0.23914414987752616f,-0.05994565434650688f,-1.2542138217578183f,-0.2534088387943373f,0f,0f,0f,1f], start_interpolation: 0, interpolation_duration: 1 }
$data merge entity $(bone_body_1) { transformation: [-1.1581903942296625f,0.24168915931413576f,-0.35886760238340737f,0.11164009844250657f,0.132013174898517f,1.173986169812585f,0.3646005894101651f,0.49709869733555045f,0.41203413380884185f,0.30322832719759635f,-1.1255598825551643f,-0.012156512377657552f,0f,0f,0f,1f], start_interpolation: 0, interpolation_duration: 1 }