# This file was generated by Animated Java via MC-Build. It is not recommended to edit this file directly.
$data merge entity $(bone_head_lower) { transformation: [-0.8522357505621977f,0.6965223920578395f,0.691773649993777f,-0.28171029264501446f,0.5396194929550471f,1.0976584661083428f,-0.44040514824831156f,0.34071356152686705f,-0.8200640391375696f,-0.001564973707347428f,-1.0087083436606787f,1.1023029208317545f,0f,0f,0f,1f], start_interpolation: 0, interpolation_duration: 1 }
$data merge entity $(bone_head_upper) { transformation: [-0.8870918376619623f,0.003495203106060981f,1.0218235846147303f,-0.21146536155554752f,0.5616897053754532f,1.1320565846063055f,0.4837562889419318f,0.39965684153541325f,-0.8536043166449467f,0.7412848681653232f,-0.7435885944528466f,1.0674222547084298f,0f,0f,0f,1f], start_interpolation: 0, interpolation_duration: 1 }
$data merge entity $(bone_neck_0) { transformation: [-0.6194761763651998f,0.44705035043503044f,0.6452869525194725f,-0.176796194460082f,0.4678156400536527f,0.8703314467549386f,-0.15385610066112554f,0.37542994340548846f,-0.6303949506754816f,0.20656513976315477f,-0.7482867426311156f,1.0158873877327033f,0f,0f,0f,1f], start_interpolation: 0, interpolation_duration: 1 }
$data merge entity $(bone_neck_1) { transformation: [-0.7551861278295695f,0.27370673311303173f,0.595632887425109f,-0.12507733850741773f,0.39594291963544115f,0.9146324831820702f,0.08171061802949596f,0.3865655027254078f,-0.522420440569034f,0.2975433497102418f,-0.7990900063940639f,0.9495647211539886f,0f,0f,0f,1f], start_interpolation: 0, interpolation_duration: 1 }
$data merge entity $(bone_neck_2) { transformation: [-0.7775393720514775f,0.12029223284332617f,0.6172214380814725f,-0.0698263752285134f,0.2745559167545067f,0.9479772963943203f,0.16111515787165198f,0.40996168913615927f,-0.5657310080638027f,0.2947351764524926f,-0.7701166160242432f,0.8849823713025998f,0f,0f,0f,1f], start_interpolation: 0, interpolation_duration: 1 }
$data merge entity $(bone_body_0) { transformation: [-0.8658444958726711f,0.2510319963851552f,0.43277736280665546f,0.13653136650271688f,0.27869972220515704f,0.9603781518794413f,0.0005198417036804681f,0.41935549095103897f,-0.4154994269668352f,0.1210650328687521f,-0.9015006844183313f,0.46126177513317285f,0f,0f,0f,1f], start_interpolation: 0, interpolation_duration: 1 }
$data merge entity $(bone_leg_left_3) { transformation: [-0.9935948925565881f,-0.07484235406395949f,-0.08466292886280247f,0.6683359552715499f,-0.07298608456046148f,0.9970241595372753f,-0.024816461462575268f,0.0003148005357717365f,0.08626830788879647f,-0.01847829367542536f,-0.9961005630541773f,0.33112680158121477f,0f,0f,0f,1f], start_interpolation: 0, interpolation_duration: 1 }
$data merge entity $(bone_leg_left_2) { transformation: [-0.8872496877551957f,-0.5138265030851408f,-0.028853350001313574f,0.546295585792415f,-0.4884442708059293f,0.8588817657139783f,-0.2753298137536104f,0.19125220676498506f,0.162087585569859f,-0.22442512504626058f,-0.9876351438425015f,0.24854274025051803f,0f,0f,0f,1f], start_interpolation: 0, interpolation_duration: 1 }
$data merge entity $(bone_leg_left_1) { transformation: [-0.9721008359958927f,-0.20181527263154714f,-0.11954313191790297f,0.517168798087755f,-0.15106552704760295f,0.14877849390679937f,0.9772636114624625f,0.18284884140520924f,-0.17944127505653973f,0.968057619919124f,-0.17511502883134977f,0.5243948733733261f,0f,0f,0f,1f], start_interpolation: 0, interpolation_duration: 1 }
$data merge entity $(bone_leg_left_0) { transformation: [-0.9696481143844532f,-0.06684642112444476f,0.23518947734439138f,0.3590303867254207f,-0.19751446076756918f,0.7811294873770716f,-0.5923046190413593f,0.5147968453793358f,-0.14411999187611327f,-0.6207803797905399f,-0.7706238693479084f,0.3266322781389301f,0f,0f,0f,1f], start_interpolation: 0, interpolation_duration: 1 }
$data merge entity $(bone_leg_right_3) { transformation: [-0.9999138605983195f,0.00387329441648119f,-0.012540692713242891f,-0.11050117594227317f,0.0020643623202042825f,0.9899838443388769f,0.14116559905384013f,0.0689357251534714f,0.01296185910954315f,0.14112755060009335f,-0.9899065636059003f,-0.1617466295847213f,0f,0f,0f,1f], start_interpolation: 0, interpolation_duration: 1 }
$data merge entity $(bone_leg_right_2) { transformation: [-1.02558956772343f,0.008558009170311751f,-0.012449841629657009f,-0.10729999491623718f,-0.00042672767151841017f,0.8285130516895848f,0.6046719280603328f,0.2807486475548038f,0.015101522474804974f,0.604611514246749f,-0.8284196161124449f,-0.04643786838306188f,0f,0f,0f,1f], start_interpolation: 0, interpolation_duration: 1 }
$data merge entity $(bone_leg_right_1) { transformation: [-0.9814809474848065f,0.09002215309394614f,-0.1690892121829681f,-0.0934227378780094f,-0.18179188048856346f,-0.1594503767499152f,0.9703232912502626f,0.18234815544069843f,0.06038925328863219f,0.983092869115955f,0.17286280334589393f,0.212672437372156f,0f,0f,0f,1f], start_interpolation: 0, interpolation_duration: 1 }
$data merge entity $(bone_leg_right_0) { transformation: [-0.9922768564974879f,-0.12244625459594655f,0.019838215516743328f,-0.027736460005281516f,-0.1216905652239518f,0.9919278637679596f,0.035644346202550775f,0.5830592463815386f,-0.024042595428515195f,0.032954936142508134f,-0.9991676164632759f,0.3097456729249156f,0f,0f,0f,1f], start_interpolation: 0, interpolation_duration: 1 }
$data merge entity $(bone_tail_4) { transformation: [-2.1198077665985937f,1.2733153975411322f,-1.229123371616109f,0.10211062598224238f,0.7737774917163773f,2.391672564338797f,1.1431675598538453f,0.5999218067528445f,1.5916484403226092f,0.5331337308534813f,-2.1927345938450586f,-1.4104127185013768f,0f,0f,0f,1f], start_interpolation: 0, interpolation_duration: 1 }
$data merge entity $(bone_tail_3) { transformation: [-1.8801499075607437f,0.7420238997826857f,-0.500382237189798f,0.17969567582508694f,0.6878189503618615f,1.9428884553417562f,0.29670704013770227f,0.530598568468167f,0.5726141306908861f,0.10261826492132825f,-1.9993819232658132f,-1.0723956300141602f,0f,0f,0f,1f], start_interpolation: 0, interpolation_duration: 1 }
$data merge entity $(bone_tail_2) { transformation: [-1.8412796620380887f,0.48921944530584105f,-0.43488781944580174f,0.25929525775012563f,0.5344096364282672f,1.8732428495540354f,-0.15537516561555667f,0.5603233824759083f,0.3779807159899642f,-0.265328920270859f,-1.898816741397229f,-0.7191933848928913f,0f,0f,0f,1f], start_interpolation: 0, interpolation_duration: 1 }
$data merge entity $(bone_tail_1) { transformation: [-1.466601963399254f,0.32449300850510754f,-0.1773110780091258f,0.29488518197019975f,0.34097299930659963f,1.4673778914984728f,-0.1348917613694717f,0.5710876496720974f,0.14308160153323574f,-0.17077078489250183f,-1.4960017527830254f,-0.3953196983350503f,0f,0f,0f,1f], start_interpolation: 0, interpolation_duration: 1 }
$data merge entity $(bone_tail_0) { transformation: [-1.1882366672000577f,0.2914422235851527f,0.3701226413191569f,0.19375976374006504f,0.2849129081466128f,1.2443536168331162f,-0.06514927190544477f,0.6201542505284323f,-0.37517192602427923f,0.021936799450048988f,-1.2217203114203958f,-0.037775253868398445f,0f,0f,0f,1f], start_interpolation: 0, interpolation_duration: 1 }
$data merge entity $(bone_body_1) { transformation: [-1.2164254291137195f,0.19773188610714615f,0.09907508101568364f,0.1574075494922076f,0.2146929633016185f,1.188722690004378f,0.26353347573652863f,0.4788175f,-0.05311028121299654f,0.2764870024820628f,-1.203884890902868f,0.22348775781977145f,0f,0f,0f,1f], start_interpolation: 0, interpolation_duration: 1 }