# This file was generated by Animated Java via MC-Build. It is not recommended to edit this file directly.
$data merge entity $(bone_head_lower) { transformation: [-0.6649793317590118f,0.804583073957283f,0.7748861628876772f,-0.32771132731839875f,0.719658165305066f,0.9982824443771764f,-0.41895618668075035f,0.3418724101395558f,-0.854338699488139f,0.2146584224990456f,-0.9560476704679203f,1.062794002217962f,0f,0f,0f,1f], start_interpolation: 0, interpolation_duration: 1 }
$data merge entity $(bone_head_upper) { transformation: [-0.6921767093532339f,0.02185773293445812f,1.1625322470822141f,-0.24729347875497448f,0.7490918844084744f,1.04312611602781f,0.42639985663719837f,0.3949229536432146f,-0.8892807963227458f,0.861671473670696f,-0.5456826181214515f,1.044248627119753f,0f,0f,0f,1f], start_interpolation: 0, interpolation_duration: 1 }
$data merge entity $(bone_neck_0) { transformation: [-0.5691759952942916f,0.404394336205827f,0.7158937820832093f,-0.2073826078271542f,0.4418862416282651f,0.8847064220797128f,-0.1484287579634062f,0.3708220433026583f,-0.6933795755864167f,0.2318615267256763f,-0.6822499516922221f,0.9965935669809156f,0f,0f,0f,1f], start_interpolation: 0, interpolation_duration: 1 }
$data merge entity $(bone_neck_1) { transformation: [-0.7174629095878681f,0.23167217776002447f,0.6569436622859214f,-0.15066357248205098f,0.3805365537188862f,0.920271980426172f,0.091057198102316f,0.38277536108747534f,-0.5834714257351976f,0.3153212395231548f,-0.7484207448060999f,0.9346451524088917f,0f,0f,0f,1f], start_interpolation: 0, interpolation_duration: 1 }
$data merge entity $(bone_neck_2) { transformation: [-0.7521957920118675f,0.10035736611425017f,0.6512525543491174f,-0.0926264029892983f,0.27150693208432386f,0.9477409606016473f,0.16754419544712748f,0.40673246553250014f,-0.6004044272903041f,0.3028456218347514f,-0.7401344830675874f,0.8727688685998238f,0f,0f,0f,1f], start_interpolation: 0, interpolation_duration: 1 }
$data merge entity $(bone_body_0) { transformation: [-0.8484740018918505f,0.2312274050011783f,0.47605226109120546f,0.1339379725339002f,0.26554574985107576f,0.9640852345919908f,0.005011504538152245f,0.41827848579422117f,-0.4577961586226539f,0.13066578595074946f,-0.8794027118062663f,0.45955442322911316f,0f,0f,0f,1f], start_interpolation: 0, interpolation_duration: 1 }
$data merge entity $(bone_leg_left_3) { transformation: [-0.9935178082349059f,-0.07441387499553223f,-0.08593567319954085f,0.6693545714056184f,-0.0740831236538354f,0.9972272488523554f,-0.007035974421002067f,0.001983157675749525f,0.08622096908408924f,-0.0006239827816335031f,-0.9962758428947722f,0.3205833571548377f,0f,0f,0f,1f], start_interpolation: 0, interpolation_duration: 1 }
$data merge entity $(bone_leg_left_2) { transformation: [-0.8845995899155529f,-0.5183685108518938f,-0.028980199777094817f,0.546255657588743f,-0.49545834297555535f,0.8599767795807007f,-0.2588883320248679f,0.19367304399714702f,0.155134765277958f,-0.20927547644167813f,-0.9920681322686239f,0.24138287126484587f,0f,0f,0f,1f], start_interpolation: 0, interpolation_duration: 1 }
$data merge entity $(bone_leg_left_1) { transformation: [-0.9705154051393262f,-0.2065340400364435f,-0.12427203504197731f,0.5160661566835654f,-0.15278889150821562f,0.12836349809137965f,0.9798869154088315f,0.17961875391935117f,-0.18642801028531206f,0.9699827331782606f,-0.15613485939113797f,0.5168905056876891f,0f,0f,0f,1f], start_interpolation: 0, interpolation_duration: 1 }
$data merge entity $(bone_leg_left_0) { transformation: [-0.9680334392012395f,-0.06945835833080703f,0.24101202676673528f,0.3566159693382416f,-0.1997634198022608f,0.7945734379559466f,-0.5733651784018395f,0.5150420018622188f,-0.15167675068093334f,-0.603182052246962f,-0.7830488970364605f,0.3261703938498136f,0f,0f,0f,1f], start_interpolation: 0, interpolation_duration: 1 }
$data merge entity $(bone_leg_right_3) { transformation: [-0.9999510904744179f,0.0022102896252018354f,-0.009640087074040746f,-0.11101250818683657f,0.0008868861631484238f,0.9908205112131754f,0.13518109332371747f,0.06644339026139742f,0.009850385370937402f,0.13516593202073768f,-0.99077401092732f,-0.1616243527799519f,0f,0f,0f,1f], start_interpolation: 0, interpolation_duration: 1 }
$data merge entity $(bone_leg_right_2) { transformation: [-1.025629643713756f,0.005486097687854926f,-0.010767365901060415f,-0.10847532705808167f,-0.0015831512075509015f,0.8450353919348015f,0.5813560694708063f,0.2813888757696655f,0.011980278316551556f,0.5813323392092083f,-0.8449682738551207f,-0.05224851889718585f,0f,0f,0f,1f], start_interpolation: 0, interpolation_duration: 1 }
$data merge entity $(bone_leg_right_1) { transformation: [-0.9814662233139984f,0.08622348364890298f,-0.1711419392235697f,-0.0955208876140806f,-0.1829848189934156f,-0.15637396053309505f,0.9705996808597978f,0.183785733019324f,0.056926342862541376f,0.9839271798942447f,0.16925334901754518f,0.2072109089209488f,0f,0f,0f,1f], start_interpolation: 0, interpolation_duration: 1 }
$data merge entity $(bone_leg_right_0) { transformation: [-0.9921866934893797f,-0.12297156806188851f,0.021060833578278065f,-0.030150877392460668f,-0.12185535632469738f,0.9913898104885575f,0.04793240860256723f,0.5833044028644216f,-0.02677381925674098f,0.04499152262218681f,-0.9986285222716927f,0.30928378863579914f,0f,0f,0f,1f], start_interpolation: 0, interpolation_duration: 1 }
$data merge entity $(bone_tail_4) { transformation: [-1.792695524781654f,1.205651889682556f,-1.719973141631203f,0.023804770208514403f,0.6273261789714913f,2.4653616030462944f,1.074297613793327f,0.5997946637538528f,2.004586229675556f,0.30668716753377334f,-1.8743634547934545f,-1.3854767493581313f,0f,0f,0f,1f], start_interpolation: 0, interpolation_duration: 1 }
$data merge entity $(bone_tail_3) { transformation: [-1.806725019772588f,0.6505839991540623f,-0.8052519413307202f,0.153979266893558f,0.6010324867873548f,1.9779870926825545f,0.2495446594336768f,0.5381249546708954f,0.8428820669574097f,-0.015907459582492924f,-1.904006906493693f,-1.0624718719503983f,0f,0f,0f,1f], start_interpolation: 0, interpolation_duration: 1 }
$data merge entity $(bone_tail_2) { transformation: [-1.8142022123397978f,0.4128528596696511f,-0.5974920284043552f,0.2638084667496052f,0.4850366642232023f,1.8853680090458043f,-0.17000229359825242f,0.5705352964423808f,0.5405401392157554f,-0.3061271986152641f,-1.852802302235012f,-0.717713114883407f,0f,0f,0f,1f], start_interpolation: 0, interpolation_duration: 1 }
$data merge entity $(bone_tail_1) { transformation: [-1.4721107001386529f,0.29899391965342353f,-0.17649071518798778f,0.29953882095484646f,0.3145920852928161f,1.4739632638255118f,-0.12696600633226174f,0.5795387337927471f,0.14689505236189154f,-0.16028469329018455f,-1.4967922069173365f,-0.39380115631584467f,0f,0f,0f,1f], start_interpolation: 0, interpolation_duration: 1 }
$data merge entity $(bone_tail_0) { transformation: [-1.1834329196917677f,0.2826435804978275f,0.391707604696685f,0.1918934478134693f,0.2816114551918197f,1.2458771123086954f,-0.048175988979161095f,0.6236821115419183f,-0.39245028918143515f,0.04169585126535492f,-1.2157631114212561f,-0.037520723029186354f,0f,0f,0f,1f], start_interpolation: 0, interpolation_duration: 1 }
$data merge entity $(bone_body_1) { transformation: [-1.2164254291137195f,0.1967969067585214f,0.10091951224630201f,0.15517540663506474f,0.2146929633016185f,1.1862067337367395f,0.27463632571572927f,0.47993357142857146f,-0.05311028121299654f,0.2877310504345057f,-1.2012471584572355f,0.22237168639120003f,0f,0f,0f,1f], start_interpolation: 0, interpolation_duration: 1 }