# This file was generated by Animated Java via MC-Build. It is not recommended to edit this file directly.
$data merge entity $(bone_head_lower) { transformation: [-0.5756645910789634f,0.5572408705141324f,0.8933604484229989f,-0.34719588913799315f,0.5189942843697063f,1.0360569184546518f,-0.31181884887515654f,0.3093686510026379f,-0.9161087333769209f,0.23678824707088664f,-0.738021757592302f,1.0282488068060978f,0f,0f,0f,1f], start_interpolation: 0, interpolation_duration: 1 }
$data merge entity $(bone_head_upper) { transformation: [-0.5992090329938468f,-0.2473931363014422f,1.0676819602343037f,-0.27933386673581356f,0.5402209343528088f,0.9920731648510077f,0.5330588851053266f,0.36856076689287215f,-0.9535771988600648f,0.7174866333345113f,-0.3689214741930203f,1.01863128736964f,0f,0f,0f,1f], start_interpolation: 0, interpolation_duration: 1 }
$data merge entity $(bone_neck_0) { transformation: [-0.5578159073416242f,0.2516501092664457f,0.7908942002713297f,-0.23209767367193335f,0.2890843991543701f,0.9521632165393767f,-0.09907279765376947f,0.34660572932814193f,-0.777992046027591f,0.1733707921640027f,-0.603879909205654f,0.9770205358183881f,0f,0f,0f,1f], start_interpolation: 0, interpolation_duration: 1 }
$data merge entity $(bone_neck_1) { transformation: [-0.7032633803922652f,0.1011161767372312f,0.7037017383816022f,-0.1720190707589891f,0.2689371389517597f,0.9541150556280216f,0.13167108990351345f,0.3621554876229208f,-0.6580983460636304f,0.2818509879812064f,-0.6981880745775683f,0.9191732944534452f,0f,0f,0f,1f], start_interpolation: 0, interpolation_duration: 1 }
$data merge entity $(bone_neck_2) { transformation: [-0.7402090769658939f,0.0074891763657332355f,0.6723350612712847f,-0.11304415316130922f,0.2049009121136693f,0.9548886135990469f,0.21494964953187617f,0.3903356453768029f,-0.6403952986962705f,0.2968697489746184f,-0.7083517583457116f,0.8600229081702279f,0f,0f,0f,1f], start_interpolation: 0, interpolation_duration: 1 }
$data merge entity $(bone_body_0) { transformation: [-0.8422026364805554f,0.15846920642042442f,0.5153467082670484f,0.13134643517245723f,0.20675694418440446f,0.9776828323880404f,0.03725379558146774f,0.4172068706146517f,-0.4979420499784372f,0.13792675545440647f,-0.8561716679457992f,0.45782633646527504f,0f,0f,0f,1f], start_interpolation: 0, interpolation_duration: 1 }
$data merge entity $(bone_leg_left_3) { transformation: [-0.9934556322610367f,-0.0749976423959439f,-0.08614673739541004f,0.6696895381560484f,-0.07574061552939748f,0.9971130184284429f,0.0053840170641897f,0.0037549641900312125f,0.08549424476566599f,0.011873588992786566f,-0.9962679117568622f,0.31365798066486644f,0f,0f,0f,1f], start_interpolation: 0, interpolation_duration: 1 }
$data merge entity $(bone_leg_left_2) { transformation: [-0.8825412975832544f,-0.5219635917523986f,-0.02714896767273883f,0.5458124026654707f,-0.5011089905043717f,0.8601384134211402f,-0.24721223451469243f,0.1958346045449326f,0.14856930098930074f,-0.19944452397344306f,-0.9950935856296391f,0.2366453899423332f,0f,0f,0f,1f], start_interpolation: 0, interpolation_duration: 1 }
$data merge entity $(bone_leg_left_1) { transformation: [-0.9689598168962585f,-0.21139530305372636f,-0.12817526706503266f,0.5144782807902462f,-0.15455918632932913f,0.11335568726719031f,0.9814590903778916f,0.17765503552338668f,-0.19294644635645655f,0.9708050854888464f,-0.14251019201239207f,0.5117836492525663f,0f,0f,0f,1f], start_interpolation: 0, interpolation_duration: 1 }
$data merge entity $(bone_leg_left_0) { transformation: [-0.9667462580467816f,-0.07097637515722148f,0.24569091705247692f,0.35420084758422443f,-0.20140347889178364f,0.8033563437302302f,-0.5604063023188471f,0.5152811053158735f,-0.1576017488571513f,-0.5912537011790603f,-0.7909366280551369f,0.325700173452534f,0f,0f,0f,1f], start_interpolation: 0, interpolation_duration: 1 }
$data merge entity $(bone_leg_right_3) { transformation: [-0.9999773555733806f,0.0006181498721672613f,-0.006701211174457362f,-0.11153985120230718f,-0.0002527964480110328f,0.9916192323214015f,0.12919455942209868f,0.06417423222723648f,0.00672491148083048f,0.12919332792776017f,-0.9915966214063687f,-0.16140171723710006f,0f,0f,0f,1f], start_interpolation: 0, interpolation_duration: 1 }
$data merge entity $(bone_leg_right_2) { transformation: [-1.0256591602849696f,0.002542211916917451f,-0.008889520954195599f,-0.10963080596108751f,-0.00269887794277391f,0.8608990692459179f,0.5575909864139276f,0.2820848012845264f,0.008843216726712531f,0.5575917227064764f,-0.8608574027025864f,-0.058045965072981626f,0f,0f,0f,1f], start_interpolation: 0, interpolation_duration: 1 }
$data merge entity $(bone_leg_right_1) { transformation: [-0.9814450278474993f,0.08239254293173824f,-0.17313903714258952f,-0.0976107726875726f,-0.18414343875384842f,-0.15330422812270433f,0.9708702321132362f,0.1852781852403687f,0.05344952083348359f,0.98473817967465f,0.1656317186221512f,0.20175662065308128f,0f,0f,0f,1f], start_interpolation: 0, interpolation_duration: 1 }
$data merge entity $(bone_leg_right_0) { transformation: [-0.9920920338673206f,-0.12351997026806406f,0.02227584525848389f,-0.032565999146477814f,-0.12199497939120799f,0.990702565161595f,0.060213390417531876f,0.5835435063180763f,-0.029506293232835587f,0.057019683682145716f,-0.9979369390559937f,0.3088135682385196f,0f,0f,0f,1f], start_interpolation: 0, interpolation_duration: 1 }
$data merge entity $(bone_tail_4) { transformation: [-1.5075729930988075f,1.09416123411114f,-2.0385524756178075f,-0.025410122246953576f,0.5023071805932013f,2.5298910240485486f,0.9864077424488814f,0.6021559901230774f,2.2584447078473304f,0.16770191354595965f,-1.5801787561505218f,-1.3606610526981484f,0f,0f,0f,1f], start_interpolation: 0, interpolation_duration: 1 }
$data merge entity $(bone_tail_3) { transformation: [-1.7306043674714404f,0.5455948038618199f,-1.0214109649559298f,0.14244435857596827f,0.5128516165373179f,2.007856170110444f,0.20357393155540832f,0.5479889253083686f,1.038237578181546f,-0.08237375912782159f,-1.8031147553894942f,-1.0541133308149282f,0f,0f,0f,1f], start_interpolation: 0, interpolation_duration: 1 }
$data merge entity $(bone_tail_2) { transformation: [-1.7909031980016328f,0.33931486174948944f,-0.7044892014688563f,0.27216382896906005f,0.4297194321769956f,1.897984142238551f,-0.1782450011171404f,0.5818936663992119f,0.6532846393416751f,-0.31826953264441404f,-1.8140279930566952f,-0.7164821540826256f,0f,0f,0f,1f], start_interpolation: 0, interpolation_duration: 1 }
$data merge entity $(bone_tail_1) { transformation: [-1.4782466189331258f,0.27871257241163105f,-0.1573610040399902f,0.30403146336854175f,0.29103083969597004f,1.4799515102782281f,-0.1126979483888269f,0.5877760864945395f,0.1332074846194503f,-0.14042463888108603f,-1.500064310900195f,-0.39209576717585176f,0f,0f,0f,1f], start_interpolation: 0, interpolation_duration: 1 }
$data merge entity $(bone_tail_0) { transformation: [-1.177774895206369f,0.2759908872132579f,0.4129298281559394f,0.19002392194231635f,0.2809035919309734f,1.2465582235007142f,-0.03196066405831542f,0.6271974058489806f,-0.4096036924222389f,0.06129716291974779f,-1.209257288403128f,-0.03724347201759304f,0f,0f,0f,1f], start_interpolation: 0, interpolation_duration: 1 }
$data merge entity $(bone_body_1) { transformation: [-1.2164254291137195f,0.19584472313811513f,0.10275512094639719f,0.1529432637779219f,0.2146929633016185f,1.1835870775513913f,0.28571516658794477f,0.4810496428571429f,-0.05311028121299654f,0.2989499445200854f,-1.1985044112380916f,0.22125561496262863f,0f,0f,0f,1f], start_interpolation: 0, interpolation_duration: 1 }