# This file was generated by Animated Java via MC-Build. It is not recommended to edit this file directly.
$data merge entity $(bone_head_lower) { transformation: [-0.9919919378650424f,0.09306101534147476f,-0.08539111566416852f,0.3125921724145016f,-0.0084045050340047f,0.6259548078143644f,0.7798140437753196f,0.3871405711389625f,0.12602126608589118f,0.7742869145205129f,-0.6201599910478044f,0.6420877790775504f,0f,0f,0f,1f], start_interpolation: 0, interpolation_duration: 1 }
$data merge entity $(bone_head_upper) { transformation: [-1.0325639947937486f,0.12301115544654594f,-0.04638744307232355f,0.3118359898826949f,-0.008748245788018395f,0.30217132625793147f,0.9960360939075766f,0.46258713692357717f,0.13117548335994328f,0.9884496384777202f,-0.2987176716266663f,0.6437310657486065f,0f,0f,0f,1f], start_interpolation: 0, interpolation_duration: 1 }
$data merge entity $(bone_neck_0) { transformation: [-0.9689096623588926f,-0.16566266652442682f,-0.1837660118400379f,0.3029554296256867f,-0.19533201507274042f,0.9680563599389492f,0.15720142451445643f,0.45710182261523924f,0.1518534493358617f,0.18820936454323456f,-0.9703183833273658f,0.5778844012107783f,0f,0f,0f,1f], start_interpolation: 0, interpolation_duration: 1 }
$data merge entity $(bone_neck_1) { transformation: [-0.952437582423193f,-0.021757512016784143f,-0.3039560202705365f,0.27710613114783395f,-0.0724590923917039f,0.9850100432101344f,0.15654039320552293f,0.47490066665522157f,0.29599380317438034f,0.1711193310120417f,-0.9397371137910631f,0.4990646589911129f,0f,0f,0f,1f], start_interpolation: 0, interpolation_duration: 1 }
$data merge entity $(bone_neck_2) { transformation: [-0.9369584612820818f,0.09796014046226531f,-0.33542905764487174f,0.24867912098042422f,0.023539500423049857f,0.9754158470723447f,0.21911142644776282f,0.5036464017254867f,0.3486470045070611f,0.19740247252948315f,-0.9162300639509162f,0.42072872724614196f,0f,0f,0f,1f], start_interpolation: 0, interpolation_duration: 1 }
$data merge entity $(bone_body_0) { transformation: [-0.9246724722448801f,0.04792248462480373f,-0.37773569402417717f,0.07111022646483915f,0.022629965290000525f,0.9972112202518643f,0.0711172755015355f,0.5466633903665015f,0.3800903889123148f,0.05721204131276364f,-0.9231782485442949f,-0.013816703165796418f,0f,0f,0f,1f], start_interpolation: 0, interpolation_duration: 1 }
$data merge entity $(bone_leg_left_3) { transformation: [-0.7332452241918891f,0.001879575046112858f,-0.6799616962722472f,0.1922219149035202f,-0.03936718798767745f,0.9982014610745211f,0.045211366033696854f,0.03628503420958548f,0.6788237368490649f,0.05991919814496924f,-0.7318524605300815f,-0.35820170984072836f,0f,0f,0f,1f], start_interpolation: 0, interpolation_duration: 1 }
$data merge entity $(bone_leg_left_2) { transformation: [-0.741706534771467f,-0.23753229403974008f,-0.6674668718866988f,0.11507509861811732f,-0.1510780786247482f,0.9971357939810598f,-0.18697010996816832f,0.26270334689864466f,0.692177022109988f,-0.03688925521982134f,-0.7560372691957516f,-0.38909165127934686f,0f,0f,0f,1f], start_interpolation: 0, interpolation_duration: 1 }
$data merge entity $(bone_leg_left_1) { transformation: [-0.7984107632850668f,0.6000525055806384f,0.04977191594619154f,0.2913517463240254f,0.22477793815671787f,0.2203527578797126f,0.949167814779251f,0.26774941054969037f,0.5585831465310885f,0.7690134281280152f,-0.3108105786008992f,-0.1748150394549054f,0f,0f,0f,1f], start_interpolation: 0, interpolation_duration: 1 }
$data merge entity $(bone_leg_left_0) { transformation: [-0.7916585496206691f,-0.14763300089899317f,-0.5928585310662708f,0.18959802924942823f,0.17354434738984448f,0.8760584938617391f,-0.4498931815683963f,0.6685215414108832f,0.5857978322779382f,-0.4590490304730629f,-0.6679183238392321f,-0.2325658727903203f,0f,0f,0f,1f], start_interpolation: 0, interpolation_duration: 1 }
$data merge entity $(bone_leg_right_3) { transformation: [-0.9972818721498025f,0.07342552268520947f,0.006128629519626633f,-0.21003232282372603f,0.07324571205442874f,0.9969832118038074f,-0.02568153124339216f,0.022794870161795877f,-0.00799582059733552f,-0.025162829725001015f,-0.9996513886616702f,-0.13268247817915557f,0f,0f,0f,1f], start_interpolation: 0, interpolation_duration: 1 }
$data merge entity $(bone_leg_right_2) { transformation: [-1.0229773497089028f,0.07457634179111275f,-0.004232106839249426f,-0.19119245204300564f,0.07451915927746773f,1.0149114710975076f,-0.12831134102630257f,0.255288257923311f,-0.005141632408399492f,-0.12827811419117383f,-1.0176347520286575f,-0.1940254156875209f,0f,0f,0f,1f], start_interpolation: 0, interpolation_duration: 1 }
$data merge entity $(bone_leg_right_1) { transformation: [-0.9452623275568166f,0.0694012092047855f,-0.31884573740726585f,-0.17425342009153574f,-0.285935479034018f,0.2946382023532603f,0.9118274132442097f,0.28127775963855817f,0.1572260599628963f,0.9530854116368337f,-0.2586661249440886f,0.08174804325460766f,0f,0f,0f,1f], start_interpolation: 0, interpolation_duration: 1 }
$data merge entity $(bone_leg_right_0) { transformation: [-0.9626586206039742f,-0.2695102673045811f,0.025545958472269148f,-0.1702177780285198f,-0.23905304265253438f,0.8019798046625795f,-0.5474322201989363f,0.6685215414108832f,0.12705126121144691f,-0.5330971850711502f,-0.8364600219339811f,-0.0742431284066768f,0f,0f,0f,1f], start_interpolation: 0, interpolation_duration: 1 }
$data merge entity $(bone_tail_4) { transformation: [-2.6906515744108996f,0.5562946370204278f,0.2767520795630141f,-0.5054068080209101f,0.593802587172785f,2.66434116029294f,0.4175476028380191f,0.5287576982405893f,-0.18290413933820532f,0.46635157337697436f,-2.7156442361660282f,-1.802518432678613f,0f,0f,0f,1f], start_interpolation: 0, interpolation_duration: 1 }
$data merge entity $(bone_tail_3) { transformation: [-2.0446703526773535f,0.38709539474057053f,-0.07366023552330997f,-0.4967047864580502f,0.3876276655643934f,2.045878621707598f,-0.008425210582641863f,0.5101657741502328f,0.0708058459154774f,-0.021985146233423136f,-2.080973020385832f,-1.4494471670478575f,0f,0f,0f,1f], start_interpolation: 0, interpolation_duration: 1 }
$data merge entity $(bone_tail_2) { transformation: [-1.9096852339083616f,0.18996885202388825f,-0.3684942572902135f,-0.4295694124263658f,0.26370708311250196f,1.8968675991649004f,-0.3887489685612795f,0.5830797203341149f,0.3198980411184725f,-0.42962660706931177f,-1.879324372424689f,-1.0999505547972372f,0f,0f,0f,1f], start_interpolation: 0, interpolation_duration: 1 }
$data merge entity $(bone_tail_1) { transformation: [-1.4166652536783801f,0.11831981998393733f,-0.5164457660000121f,-0.31852894097322204f,0.21411985542190518f,1.4763996851413046f,-0.24910420957655302f,0.6184321419353016f,0.4846323312929844f,-0.3064321130587091f,-1.3996024841189378f,-0.7954889037059648f,0f,0f,0f,1f], start_interpolation: 0, interpolation_duration: 1 }
$data merge entity $(bone_tail_0) { transformation: [-1.1156325033323087f,0.04090138392431868f,-0.6225165948676301f,-0.13562810006758183f,0.1771740897340805f,1.2437210370872347f,-0.23580296948422994f,0.7173524543090035f,0.5981715272556976f,-0.2920972017732388f,-1.0911946505004768f,-0.48366529091071775f,0f,0f,0f,1f], start_interpolation: 0, interpolation_duration: 1 }
$data merge entity $(bone_body_1) { transformation: [-1.131661365160213f,0.07574876282669332f,-0.4921476146342661f,-0.026312890282126206f,0f,1.221978049793249f,0.18808041067516185f,0.5913175f,0.4979429180739222f,0.17215215888847543f,-1.1184905362077564f,-0.23522757837713232f,0f,0f,0f,1f], start_interpolation: 0, interpolation_duration: 1 }