# This file was generated by Animated Java via MC-Build. It is not recommended to edit this file directly.
$data merge entity $(bone_head_lower) { transformation: [-0.36728715732175105f,-0.017513970314161798f,0.9299426890461275f,-0.34438690250740517f,-0.010262402337958828f,0.9998381466172299f,0.014777133256368036f,0.24231785777670528f,-0.9300509809493029f,-0.00411599475913868f,-0.36740744606278947f,0.9932015246468412f,0f,0f,0f,1f], start_interpolation: 0, interpolation_duration: 1 }
$data merge entity $(bone_head_upper) { transformation: [-0.38230904901989515f,-0.6973538284413213f,0.671572312993354f,-0.31386805207003315f,-0.010682130317580371f,0.7250316540909586f,0.7467843967582034f,0.3100762847720675f,-0.9680896785488875f,0.26739237294258766f,-0.2734513407587361f,0.9800542119597422f,0f,0f,0f,1f], start_interpolation: 0, interpolation_duration: 1 }
$data merge entity $(bone_neck_0) { transformation: [-0.47849348959761506f,-0.027913318915170543f,0.8776473249773155f,-0.2565100317359731f,-0.01979412120620675f,0.9995835158384092f,0.020999705469330054f,0.29521544639642733f,-0.8778679702428895f,-0.007324035176362334f,-0.4788467242556476f,0.949493628843127f,0f,0f,0f,1f], start_interpolation: 0, interpolation_duration: 1 }
$data merge entity $(bone_neck_1) { transformation: [-0.6452000385027937f,-0.13525070814765536f,0.7519469105339497f,-0.19343334221664454f,0.04762833451946412f,0.9751715089702038f,0.21626851329696067f,0.318028721242304f,-0.7625276729843289f,0.17535043210192935f,-0.6227389291627519f,0.8975472856164863f,0f,0f,0f,1f], start_interpolation: 0, interpolation_duration: 1 }
$data merge entity $(bone_neck_2) { transformation: [-0.7161183848178037f,-0.16404158480296097f,0.6784281961867986f,-0.13560401366042105f,0.07011049725318f,0.9501677615060975f,0.3037527665213989f,0.3539424779753232f,-0.6944486857218841f,0.2650878787304779f,-0.6689315655949593f,0.8415392394963215f,0f,0f,0f,1f], start_interpolation: 0, interpolation_duration: 1 }
$data merge entity $(bone_body_0) { transformation: [-0.8316151717131144f,0.01733425226919535f,0.5550817326077623f,0.12616905578179946f,0.09386241153276603f,0.9895205300392089f,0.10972223262482661f,0.41508057470231763f,-0.5473628174052573f,0.143347983345392f,-0.8245273202223127f,0.45430817417934033f,0f,0f,0f,1f], start_interpolation: 0, interpolation_duration: 1 }
$data merge entity $(bone_leg_left_3) { transformation: [-0.9934380436323493f,-0.07799792285380197f,-0.08364913325565776f,0.6682690295356216f,-0.07971039041698973f,0.9966674711739478f,0.017326441160794043f,0.0069333585617848414f,0.08201894368681861f,0.023880450879741527f,-0.9963446275974385f,0.30865229452263365f,0f,0f,0f,1f], start_interpolation: 0, interpolation_duration: 1 }
$data merge entity $(bone_leg_left_2) { transformation: [-0.8802327656321167f,-0.5262042039633753f,-0.019016138924611434f,0.5436583357384297f,-0.5084883277868438f,0.8591065520812934f,-0.23545222907465763f,0.19912446223566338f,0.1367190488295932f,-0.19263246715690607f,-0.9981296678212049f,0.23311537159076834f,0f,0f,0f,1f], start_interpolation: 0, interpolation_duration: 1 }
$data merge entity $(bone_leg_left_1) { transformation: [-0.9660637650193928f,-0.22125833254859156f,-0.13328747951091446f,0.5098581928632946f,-0.15778136898879003f,0.09692032683614754f,0.9827062072898478f,0.17647794876722223f,-0.20451367073273807f,0.9703871395086557f,-0.12854165845993243f,0.5076296179043428f,0f,0f,0f,1f], start_interpolation: 0, interpolation_duration: 1 }
$data merge entity $(bone_leg_left_0) { transformation: [-0.9650748028717662f,-0.07064803836897861f,0.252268665387989f,0.34936855502097924f,-0.20304411672613867f,0.8101980817648998f,-0.5498655789985207f,0.5157414603212228f,-0.16554066426387182f,-0.581883083599353f,-0.7962464225954075f,0.32473449922223036f,0f,0f,0f,1f], start_interpolation: 0, interpolation_duration: 1 }
$data merge entity $(bone_leg_right_3) { transformation: [-0.999996982811302f,-0.002350425911460457f,-0.0007140492469777135f,-0.11265167673452464f,-0.00241792149611033f,0.9931034996843118f,0.11721600816616623f,0.060313603871001875f,0.00043361726328887927f,0.11721738101837487f,-0.9931061864489931f,-0.16067159343311635f,0f,0f,0f,1f], start_interpolation: 0, interpolation_duration: 1 }
$data merge entity $(bone_leg_right_2) { transformation: [-1.0256864633329696f,-0.0029227599895155945f,-0.004575577585689528f,-0.11188314597974872f,-0.004807529774952399f,0.890603052405382f,0.5087880602022551f,0.28364317057648436f,0.002523111900396973f,0.5088023781596883f,-0.8906042742913813f,-0.06959807334282872f,0f,0f,0f,1f], start_interpolation: 0, interpolation_duration: 1 }
$data merge entity $(bone_leg_right_1) { transformation: [-0.9813831706863447f,0.07463695479179241f,-0.17696439549532217f,-0.10176594905576745f,-0.18635705532903388f,-0.14718427590419925f,0.9713947893908262f,0.18842724819306894f,0.04645557256894253f,0.9862890620431539f,0.15835329447576157f,0.19087257012941058f,0f,0f,0f,1f], start_interpolation: 0, interpolation_duration: 1 }
$data merge entity $(bone_leg_right_0) { transformation: [-0.9918892582748526f,-0.12468563965949885f,0.024681786435836087f,-0.037398291709722975f,-0.12219867479861213f,0.9888809291793952f,0.08474663286974288f,0.5840038613234256f,-0.03497403603282956f,0.08104319322433895f,-0.9960967912987055f,0.3078478940082159f,0f,0f,0f,1f], start_interpolation: 0, interpolation_duration: 1 }
$data merge entity $(bone_tail_4) { transformation: [-1.2647353507743515f,0.8604709189309454f,-2.299064075178378f,-0.03921799161644696f,0.2719885194659898f,2.6194509498770917f,0.830758868786062f,0.622729888102416f,2.439698356227748f,0.15403847072122423f,-1.2844475122625636f,-1.3374364744598812f,0f,0f,0f,1f], start_interpolation: 0, interpolation_duration: 1 }
$data merge entity $(bone_tail_3) { transformation: [-1.667453735750204f,0.366430792020911f,-1.1921711453629722f,0.15934436602109237f,0.34031920953377254f,2.048540655457474f,0.15365397685908666f,0.5766292732267911f,1.1998859949176177f,-0.07179960752840102f,-1.700312895205988f,-1.0484236254855201f,0f,0f,0f,1f], start_interpolation: 0, interpolation_duration: 1 }
$data merge entity $(bone_tail_2) { transformation: [-1.7902249925197016f,0.22352350076654037f,-0.7509364791816165f,0.29767123250069455f,0.3077466017661296f,1.9230347784401505f,-0.1612549069449262f,0.6072913615915404f,0.7205278483598058f,-0.2659856396828369f,-1.7969043197185754f,-0.7139135384684211f,0f,0f,0f,1f], start_interpolation: 0, interpolation_duration: 1 }
$data merge entity $(bone_tail_1) { transformation: [-1.4897244681619541f,0.25039517831765407f,-0.07536254795887656f,0.31225083051425584f,0.25377557785836286f,1.4895310505975479f,-0.06746447501033243f,0.6033585355329332f,0.06304930643740449f,-0.0790933245036266f,-1.5091140715587825f,-0.38826242884374346f,0f,0f,0f,1f], start_interpolation: 0, interpolation_duration: 1 }
$data merge entity $(bone_tail_0) { transformation: [-1.1646040469476873f,0.26848376962180603f,0.45326548055941945f,0.18627511384771123f,0.2861713937052537f,1.2457667264154721f,-0.0026293278415416704f,0.6341894564865576f,-0.4423110487449857f,0.0990830227121208f,-1.1951481947241387f,-0.03662129867794062f,0f,0f,0f,1f], start_interpolation: 0, interpolation_duration: 1 }
$data merge entity $(bone_body_1) { transformation: [-1.2164254291137195f,0.19388907754381032f,0.10639922965399695f,0.14847897806363616f,0.21469296330161847f,1.178037590529756f,0.3077969490814794f,0.48328178571428576f,-0.05311028121299654f,0.3213083502872393f,-1.1927048407386545f,0.21902347210548578f,0f,0f,0f,1f], start_interpolation: 0, interpolation_duration: 1 }