# This file was generated by Animated Java via MC-Build. It is not recommended to edit this file directly.
$data merge entity $(bone_head_lower) { transformation: [-0.3374366770020672f,-0.05337976820863677f,0.939833543431918f,-0.3505803322713896f,-0.04602173139997886f,0.9981325466736926f,0.04016739361269894f,0.2305653989902735f,-0.9402225743156517f,-0.029698815072010887f,-0.3392631591118726f,0.9847894068684032f,0f,0f,0f,1f], start_interpolation: 0, interpolation_duration: 1 }
$data merge entity $(bone_head_upper) { transformation: [-0.35123769649283637f,-0.7310319669915806f,0.6524540492497034f,-0.32212603283144003f,-0.04790400103851658f,0.705088365151724f,0.7642169499531389f,0.2990662042617425f,-0.978677285845756f,0.2278477630954439f,-0.2715660317593026f,0.9708808119595408f,0f,0f,0f,1f], start_interpolation: 0, interpolation_duration: 1 }
$data merge entity $(bone_neck_0) { transformation: [-0.45340844355440213f,-0.044241919265165436f,0.8902041540530518f,-0.263699126190985f,-0.04411553390917307f,0.9986571080236346f,0.02716247893288834f,0.28462675856578434f,-0.8902104262372372f,-0.02695613424817403f,-0.4547513208830858f,0.9422009367380912f,0f,0f,0f,1f], start_interpolation: 0, interpolation_duration: 1 }
$data merge entity $(bone_neck_1) { transformation: [-0.6252404322745806f,-0.15083068876335812f,0.7657182936147385f,-0.1995275947985097f,0.03438794319583047f,0.9748691331072075f,0.22010825217960903f,0.30776391668379033f,-0.7796742083792796f,0.16395205592481293f,-0.6043408410377136f,0.8917606421562969f,0f,0f,0f,1f], start_interpolation: 0, interpolation_duration: 1 }
$data merge entity $(bone_neck_2) { transformation: [-0.7100602126031892f,-0.1706568089241476f,0.6831476766012903f,-0.14134957154053512f,0.0652062057812974f,0.9500807608428877f,0.305114238612043f,0.34379609679212236f,-0.7011152866722571f,0.26119494911660635f,-0.663486664033613f,0.8361914960356669f,0f,0f,0f,1f], start_interpolation: 0, interpolation_duration: 1 }
$data merge entity $(bone_body_0) { transformation: [-0.8307726910958505f,0.002340670778368933f,0.5566069142488854f,0.12099947768403858f,0.0877514465896414f,0.9880366364054816f,0.12681990672590598f,0.4129781272649493f,-0.5496511797047142f,0.1542015771023418f,-0.8210392525746663f,0.45070773796829505f,0f,0f,0f,1f], start_interpolation: 0, interpolation_duration: 1 }
$data merge entity $(bone_leg_left_3) { transformation: [-0.9935932758259632f,-0.08180993265664588f,-0.07797138675274777f,0.6641876490752043f,-0.08338976070089475f,0.9963682098803586f,0.017220283100361805f,0.009241022467182974f,0.07627942083995545f,0.02361197277916738f,-0.9968068642910703f,0.31203740910938127f,0f,0f,0f,1f], start_interpolation: 0, interpolation_duration: 1 }
$data merge entity $(bone_leg_left_2) { transformation: [-0.8801079980491773f,-0.5267035756828604f,-0.0074467867871261f,0.5398182908186843f,-0.5112883622204485f,0.8576669645404601f,-0.23463543657039163f,0.20111745900976488f,0.1267135427982937f,-0.19761811860134756f,-0.9984753160557663f,0.2353121336612118f,0f,0f,0f,1f], start_interpolation: 0, interpolation_duration: 1 }
$data merge entity $(bone_leg_left_1) { transformation: [-0.9636715127334228f,-0.2305717991653471f,-0.13481046315376055f,0.5035211002514036f,-0.1599655734554715f,0.09404961312951221f,0.9826320194148217f,0.17773849678080283f,-0.21388836072853218f,0.9684995176559685f,-0.1275164830326549f,0.5094459034557866f,0f,0f,0f,1f], start_interpolation: 0, interpolation_duration: 1 }
$data merge entity $(bone_leg_left_0) { transformation: [-0.9643889974658828f,-0.06623936284706124f,0.25605899393765685f,0.3445336377196485f,-0.20270171628667083f,0.8070035053287332f,-0.5546686908430789f,0.5161785299509256f,-0.16989960500597867f,-0.5868199802296721f,-0.7916921339902652f,0.32373481259158166f,0f,0f,0f,1f], start_interpolation: 0, interpolation_duration: 1 }
$data merge entity $(bone_leg_right_3) { transformation: [-0.9999727337792862f,-0.005026444742532105f,0.00540985685867251f,-0.11385399788113802f,-0.004429323047973784f,0.9944379328827364f,0.10523107307847324f,0.05736871943522262f,-0.005908705045756033f,0.10520424182113836f,-0.9944330820661197f,-0.15958949612255857f,0f,0f,0f,1f], start_interpolation: 0, interpolation_duration: 1 }
$data merge entity $(bone_leg_right_2) { transformation: [-1.025671366464107f,-0.007762791188553473f,0.00043195984661146294f,-0.11405893945632402f,-0.006751304341180101f,0.917535541481724f,0.4584159132362519f,0.2854225008050819f,-0.0038558275426853893f,0.45839990040519957f,-0.9175602778036758f,-0.08108788551567486f,0f,0f,0f,1f], start_interpolation: 0, interpolation_duration: 1 }
$data merge entity $(bone_leg_right_1) { transformation: [-0.981295278659967f,0.06676167819138704f,-0.18056149757001802f,-0.10588868185273223f,-0.18843143352710218f,-0.14108937475595862f,0.9718988544030155f,0.19179432634167892f,0.039410289755078515f,0.9877432189876285f,0.15103033604338686f,0.18002587799959285f,0f,0f,0f,1f], start_interpolation: 0, interpolation_duration: 1 }
$data merge entity $(bone_leg_right_0) { transformation: [-0.9916686006262833f,-0.1259424204254587f,0.02705352600468689f,-0.04223320901105368f,-0.12230158021832589f,0.9864640492893625f,0.10922913043567917f,0.5844409309531284f,-0.04044391187817603f,0.10501040994592487f,-0.9936483803614734f,0.30684820737756724f,0f,0f,0f,1f], start_interpolation: 0, interpolation_duration: 1 }
$data merge entity $(bone_tail_4) { transformation: [-1.2889576169082013f,0.61899639541147f,-2.3624337146006744f,0.007217076790713012f,-0.0006410172195998149f,2.6712007460915808f,0.7002481665643332f,0.6590713277186498f,2.442181234575201f,0.327400928751574f,-1.2466839138054808f,-1.3387254636922257f,0f,0f,0f,1f], start_interpolation: 0, interpolation_duration: 1 }
$data merge entity $(bone_tail_3) { transformation: [-1.694931371499635f,0.2079571624986653f,-1.1915985022298052f,0.20723312419119602f,0.1496932313836757f,2.071582302557531f,0.14860762515025283f,0.6136009070032792f,1.2003104216946232f,0.035300259777918126f,-1.7011626345753457f,-1.0506165866040307f,0f,0f,0f,1f], start_interpolation: 0, interpolation_duration: 1 }
$data merge entity $(bone_tail_2) { transformation: [-1.8317267409588487f,0.11973604676895691f,-0.6702345116175338f,0.3305022863797953f,0.16688647803245155f,1.9439866664916996f,-0.10880541785771078f,0.6344135771517847f,0.6600756963477565f,-0.1592262371891304f,-1.8324085121730886f,-0.7095256450887935f,0f,0f,0f,1f], start_interpolation: 0, interpolation_duration: 1 }
$data merge entity $(bone_tail_1) { transformation: [-1.4940859147208494f,0.2305267596500144f,0.047126876811731534f,0.3189705644967461f,0.23042595213528352f,1.4948289119818332f,-0.006830408901201864f,0.6173905232561566f,-0.047617328939280286f,0.00043242163929629824f,-1.5117501953021917f,-0.3841736633439351f,0f,0f,0f,1f], start_interpolation: 0, interpolation_duration: 1 }
$data merge entity $(bone_tail_0) { transformation: [-1.150183720883594f,0.2677983286253519f,0.4890778874411176f,0.18251308926934168f,0.2984351569581447f,1.2427045787645432f,0.021389333627644856f,0.6411287380052997f,-0.4710091101982699f,0.13343575865237636f,-1.1807544338291205f,-0.035909731941518475f,0f,0f,0f,1f], start_interpolation: 0, interpolation_duration: 1 }
$data merge entity $(bone_body_1) { transformation: [-1.2164254291137195f,0.19186563317081318f,0.11000613287320231f,0.14401469234935044f,0.21469296330161847f,1.1720761694739636f,0.3297711016997404f,0.4855139285714286f,-0.05311028121299654f,0.34355440153701067f,-1.1864882073877823f,0.21679132924834293f,0f,0f,0f,1f], start_interpolation: 0, interpolation_duration: 1 }