# This file was generated by Animated Java via MC-Build. It is not recommended to edit this file directly.
$data merge entity $(bone_head_lower) { transformation: [-0.327059141367502f,-0.04803383717703236f,0.9437823205241784f,-0.35555110136551377f,-0.06041053168514471f,0.9977273496864809f,0.029844653610136274f,0.22801803473719678f,-0.9430709865696593f,-0.04725342499376356f,-0.32921759995007616f,0.9810686660606458f,0f,0f,0f,1f], start_interpolation: 0, interpolation_duration: 1 }
$data merge entity $(bone_head_upper) { transformation: [-0.34043572397479066f,-0.7300036237540319f,0.6592952068165288f,-0.3265987461293251f,-0.06288129726001226f,0.7123879461110852f,0.7563208970232376f,0.29613376770185257f,-0.981642196974114f,0.20753328919746514f,-0.2770928970187133f,0.9663219870866493f,0f,0f,0f,1f], start_interpolation: 0, interpolation_duration: 1 }
$data merge entity $(bone_neck_0) { transformation: [-0.4385003908914995f,-0.031531751526200885f,0.8981776861143301f,-0.2678673829738998f,-0.048671444747744874f,0.9987509137052002f,0.011300568091697494f,0.2806686105964124f,-0.8974121113814819f,-0.0387603020978656f,-0.4394873619651798f,0.938823038890282f,0f,0f,0f,1f], start_interpolation: 0, interpolation_duration: 1 }
$data merge entity $(bone_neck_1) { transformation: [-0.611214326235236f,-0.14114039546164994f,0.778778810814557f,-0.20254481238535732f,0.036313038627842145f,0.9779340504089812f,0.20573370233458904f,0.30260217536747314f,-0.7906316529398626f,0.15402721129597038f,-0.5926020650908729f,0.8893314501840198f,0f,0f,0f,1f], start_interpolation: 0, interpolation_duration: 1 }
$data merge entity $(bone_neck_2) { transformation: [-0.7072452685171005f,-0.15683664882714315f,0.6893521565534163f,-0.14368792214502712f,0.06954594613551224f,0.9549183449713263f,0.28860754635549535f,0.33723560840604716f,-0.7035392608350233f,0.2520579695663169f,-0.6644541281697441f,0.8335880902086742f,0f,0f,0f,1f], start_interpolation: 0, interpolation_duration: 1 }
$data merge entity $(bone_body_0) { transformation: [-0.8347206604700919f,-0.00046631138022942137f,0.5506734073278556f,0.11583794750452779f,0.08940787778585932f,0.9866163196088593f,0.13636153882711197f,0.41090104401416827f,-0.54336695738166f,0.16305833445477652f,-0.8235073340235846f,0.4470255062944612f,0f,0f,0f,1f], start_interpolation: 0, interpolation_duration: 1 }
$data merge entity $(bone_leg_left_3) { transformation: [-0.9939395034362838f,-0.0846343044697995f,-0.07015196373407581f,0.6577043722861189f,-0.08562192431799992f,0.9962648870974483f,0.011187529342602254f,0.010646999288400627f,0.06894308946454669f,0.017126273489062843f,-0.9974735791846628f,0.3197395095119632f,0f,0f,0f,1f], start_interpolation: 0, interpolation_duration: 1 }
$data merge entity $(bone_leg_left_2) { transformation: [-0.8818094885732739f,-0.5238844647204285f,0.004392378333644405f,0.5343553882777485f,-0.5103083652862087f,0.8569513557214274f,-0.23933646973835698f,0.20221286581880543f,0.11857317437663996f,-0.20794624558402677f,-0.997377040424758f,0.24062807550540777f,0f,0f,0f,1f], start_interpolation: 0, interpolation_duration: 1 }
$data merge entity $(bone_leg_left_1) { transformation: [-0.9620681559597062f,-0.23825719321635186f,-0.1328848116563985f,0.4958362551289005f,-0.16022158978438086f,0.09922209546716709f,0.9820814721488591f,0.180273403088546f,-0.2208028655956623f,0.9661203266942326f,-0.1336323646912439f,0.5145775635800062f,0f,0f,0f,1f], start_interpolation: 0, interpolation_duration: 1 }
$data merge entity $(bone_leg_left_0) { transformation: [-0.9643674396587999f,-0.05859177703595858f,0.25799698639654595f,0.33969622528200893f,-0.20048047279460243f,0.7981575775313168f,-0.5681127189716779f,0.5165929419029109f,-0.17263551591136647f,-0.5995927660446787f,-0.781463686650191f,0.3227006825975445f,0f,0f,0f,1f], start_interpolation: 0, interpolation_duration: 1 }
$data merge entity $(bone_leg_right_3) { transformation: [-0.9999046132949727f,-0.007404291136483693f,0.011659364656681508f,-0.11516268345239482f,-0.006285359545153978f,0.9956237509868957f,0.09324076751170424f,0.05535214136612429f,-0.012298722162055084f,0.09315859028318191f,-0.9955753203498118f,-0.15818983273008919f,0f,0f,0f,1f], start_interpolation: 0, interpolation_duration: 1 }
$data merge entity $(bone_leg_right_2) { transformation: [-1.0256137484528363f,-0.011909502705057163f,0.006066484198840869f,-0.11616017480839219f,-0.008528893204694308f,0.9416157047505602f,0.40663167860915944f,0.2874213667454739f,-0.010290600853179918f,0.40654671049353974f,-0.9416347886636602f,-0.09250915285511416f,0f,0f,0f,1f], start_interpolation: 0, interpolation_duration: 1 }
$data merge entity $(bone_leg_right_1) { transformation: [-0.9811812662290849f,0.058773119434468675f,-0.1839267333288763f,-0.10997940886275943f,-0.19036533598614222f,-0.13501827390762752f,0.9723842371027449f,0.19537826290629168f,0.03231658484390095f,0.9890984714086588f,0.14366576558484762f,0.16922210402441937f,0f,0f,0f,1f], start_interpolation: 0, interpolation_duration: 1 }
$data merge entity $(bone_leg_right_0) { transformation: [-0.991430138080776f,-0.12728940681957346f,0.02938857289245224f,-0.047070621448693256f,-0.12230365966656996f,0.9834533893885798f,0.13364597162757297f,0.5848553429051138f,-0.04591400807267476f,0.12890631408753941f,-0.9905932899283474f,0.30581407738353f,0f,0f,0f,1f], start_interpolation: 0, interpolation_duration: 1 }
$data merge entity $(bone_tail_4) { transformation: [-1.4702006861503114f,0.36501234461903603f,-2.3088822538879863f,0.08401302929229423f,-0.29211621531053567f,2.677514963496114f,0.6092971923511958f,0.7036982000027833f,2.3192325003750276f,0.5686307590432614f,-1.3868961751602322f,-1.349259468816022f,0f,0f,0f,1f], start_interpolation: 0, interpolation_duration: 1 }
$data merge entity $(bone_tail_3) { transformation: [-1.7673216068266515f,0.05278705123531535f,-1.0998788075556267f,0.269995267254493f,-0.04659073578694846f,2.0744520178609918f,0.17442377984590318f,0.6538222310473483f,1.1001587010186022f,0.17264958400987113f,-1.7594852883041463f,-1.0526052958838108f,0f,0f,0f,1f], start_interpolation: 0, interpolation_duration: 1 }
$data merge entity $(bone_tail_2) { transformation: [-1.8836161785957894f,0.011486753722604185f,-0.5202230494930883f,0.3653134986622706f,0.021139105303519375f,1.9537685242680456f,-0.03340010193404003f,0.6605117731165321f,0.5199202871228809f,-0.03782172750091919f,-1.8833550613120416f,-0.7021182508203183f,0f,0f,0f,1f], start_interpolation: 0, interpolation_duration: 1 }
$data merge entity $(bone_tail_1) { transformation: [-1.4857336112748687f,0.21155165099743503f,0.18840855948814436f,0.3236035064953672f,0.2202618858282806f,1.495251494828023f,0.05799930056415939f,0.6295426338752398f,-0.178147657799668f,0.08441040323811799f,-1.4995981281148865f,-0.38028309741578653f,0f,0f,0f,1f], start_interpolation: 0, interpolation_duration: 1 }
$data merge entity $(bone_tail_0) { transformation: [-1.1360832504492293f,0.2730093772734583f,0.5182822055150069f,0.1787376026418157f,0.315330587840283f,1.2380947991900835f,0.03903338538733044f,0.6480136044215528f,-0.4936772072974838f,0.16255111418643922f,-1.167773808087736f,-0.03510980115932333f,0f,0f,0f,1f], start_interpolation: 0, interpolation_duration: 1 }
$data merge entity $(bone_body_1) { transformation: [-1.2164254291137195f,0.18977509757345817f,0.11357456934868002f,0.13955040663506474f,0.21469296330161852f,1.165704898962846f,0.35162994056115393f,0.48774607142857146f,-0.05311028121299654f,0.3656803193108089f,-1.1798566850064764f,0.21455918639120003f,0f,0f,0f,1f], start_interpolation: 0, interpolation_duration: 1 }