# This file was generated by Animated Java via MC-Build. It is not recommended to edit this file directly.
$data merge entity $(bone_head_lower) { transformation: [-0.33146345544117795f,-0.035617449123144795f,0.9427955107153165f,-0.3567438447760944f,-0.061110034109207005f,0.9979992654104571f,0.01621819877051134f,0.22867466374732104f,-0.9414868779957402f,-0.052238525612314624f,-0.33297686857150577f,0.9812653938146264f,0f,0f,0f,1f], start_interpolation: 0, interpolation_duration: 1 }
$data merge entity $(bone_head_upper) { transformation: [-0.3450201726589491f,-0.7201385061778299f,0.6677076867625981f,-0.3269914598717887f,-0.06360940904175937f,0.7226175242409888f,0.746491593606177f,0.2963422668761157f,-0.9799932990195669f,0.20663104356145295f,-0.2835289902231479f,0.9660552797089779f,0f,0f,0f,1f], start_interpolation: 0, interpolation_duration: 1 }
$data merge entity $(bone_neck_0) { transformation: [-0.4381312005622765f,-0.01885699082203529f,0.8987132273372835f,-0.2684313220427775f,-0.045234311309294443f,0.9989758084427801f,-0.0010914332174839225f,0.28007105864401055f,-0.8977721916913177f,-0.04113086484906513f,-0.4385354532789064f,0.9386564787423011f,0f,0f,0f,1f], start_interpolation: 0, interpolation_duration: 1 }
$data merge entity $(bone_neck_1) { transformation: [-0.6086298496741792f,-0.13001691561821532f,0.7827293962403046f,-0.20272284053603676f,0.041364722363229425f,0.9799426152586107f,0.19493955612940042f,0.30109947076551447f,-0.792375331411446f,0.15102341690360663f,-0.5910442129970994f,0.889283022449899f,0f,0f,0f,1f], start_interpolation: 0, interpolation_duration: 1 }
$data merge entity $(bone_neck_2) { transformation: [-0.7086597107218733f,-0.14508687954085267f,0.6904717313436437f,-0.14365282956235312f,0.07422959887927193f,0.9578657155543341f,0.2774585331464975f,0.3347850232294955f,-0.7016347917897268f,0.2478771234920273f,-0.6680311000241718f,0.8331853598167205f,0f,0f,0f,1f], start_interpolation: 0, interpolation_duration: 1 }
$data merge entity $(bone_body_0) { transformation: [-0.8383781705642732f,0.0016688342344828109f,0.5450864684741312f,0.11326027668737434f,0.092591519220247f,0.9858987350480584f,0.13939330973588807f,0.40987248520785957f,-0.5371674354331142f,0.1673346922276921f,-0.8267104977483198f,0.445153874504138f,0f,0f,0f,1f], start_interpolation: 0, interpolation_duration: 1 }
$data merge entity $(bone_leg_left_3) { transformation: [-0.9941999847655119f,-0.08509198237864944f,-0.06577039476183646f,0.6536448583708598f,-0.08579167599564463f,0.99628190975622f,0.007883186053716684f,0.011004520966145737f,0.06485505856997237f,0.013480015852021854f,-0.9978036432838454f,0.32394962241094727f,0f,0f,0f,1f], start_interpolation: 0, interpolation_duration: 1 }
$data merge entity $(bone_leg_left_2) { transformation: [-0.8832683378848669f,-0.521354583969662f,0.009414911822198292f,0.5310385414465192f,-0.5085635631787015f,0.8572270160582349f,-0.2420478147961097f,0.20255355766216288f,0.11516225509159718f,-0.2131042942186045f,-0.9966877215499864f,0.24365186617148787f,0f,0f,0f,1f], start_interpolation: 0, interpolation_duration: 1 }
$data merge entity $(bone_leg_left_1) { transformation: [-0.9616575827482305f,-0.24113660729067368f,-0.1306439059702889f,0.491610135419058f,-0.15923720318148846f,0.10309469307185731f,0.9818426540863647f,0.18165922002245138f,-0.22328951311194106f,0.9649998035672148f,-0.13753971226329287f,0.5175536973309328f,0f,0f,0f,1f], start_interpolation: 0, interpolation_duration: 1 }
$data merge entity $(bone_leg_left_0) { transformation: [-0.9644985771402121f,-0.05383894071227524f,0.2585418015669541f,0.33727662412744686f,-0.19865719728365f,0.7929657267277533f,-0.5759693344289532f,0.5167918495778382f,-0.17400520872063335f,-0.606882793213077f,-0.7755098082164936f,0.3221705699525762f,0f,0f,0f,1f], start_interpolation: 0, interpolation_duration: 1 }
$data merge entity $(bone_leg_right_3) { transformation: [-0.9998541061780188f,-0.008479748870455248f,0.0148276841768724f,-0.11586143969715973f,-0.007154616571947027f,0.9961612899006298f,0.08724388783875875f,0.05469525306945747f,-0.0155105712552272f,0.08712507309958223f,-0.996076625474531f,-0.15738195106024633f,0f,0f,0f,1f], start_interpolation: 0, interpolation_duration: 1 }
$data merge entity $(bone_leg_right_2) { transformation: [-1.0255689531634984f,-0.013703200765889578f,0.009096378212791707f,-0.11718347166491692f,-0.009354978553395355f,0.95256330825678f,0.38026021043472125f,0.2885026340138881f,-0.013527977826931178f,0.3801283540494747f,-0.9525658128256785f,-0.09819214692644504f,0f,0f,0f,1f], start_interpolation: 0, interpolation_duration: 1 }
$data merge entity $(bone_leg_right_1) { transformation: [-0.9811144413771128f,0.05473839183319652f,-0.18552132325097137f,-0.11201291319486399f,-0.19127923854659287f,-0.13199122996735171f,0.9726204645763638f,0.19725115385812747f,0.028752492453900283f,0.9897383612203892f,0.13996881976521527f,0.16383803903360086f,0f,0f,0f,1f], start_interpolation: 0, interpolation_duration: 1 }
$data merge entity $(bone_leg_right_0) { transformation: [-0.991304255787109f,-0.12799642688409457f,0.030541564519039964f,-0.04949022260325536f,-0.12226688804685686f,0.9817259504728233f,0.14582512216888197f,0.585054250580041f,-0.048648541043935026f,0.1408228421568625f,-0.9888388375165895f,0.30528396473856173f,0f,0f,0f,1f], start_interpolation: 0, interpolation_duration: 1 }
$data merge entity $(bone_tail_4) { transformation: [-1.596551240779413f,0.23760261527236975f,-2.2405870802942354f,0.1285976551127027f,-0.43141780151095677f,2.663017872829143f,0.5898099873111686f,0.7273790649223744f,2.2114619932762074f,0.6910442372296283f,-1.502516238210606f,-1.3548581197967329f,0f,0f,0f,1f], start_interpolation: 0, interpolation_duration: 1 }
$data merge entity $(bone_tail_3) { transformation: [-1.8102183954682283f,-0.022262918948324044f,-1.0288630857372505f,0.303272673855813f,-0.13799995679506272f,2.068254910922069f,0.19804838150248208f,0.6735578801090477f,1.0198092462208015f,0.2403570509285972f,-1.7994896819476114f,-1.0520832507485414f,0f,0f,0f,1f], start_interpolation: 0, interpolation_duration: 1 }
$data merge entity $(bone_tail_2) { transformation: [-1.9057817649872486f,-0.04369572784780184f,-0.4299539773193352f,0.3817805608434036f,-0.046898726628850154f,1.9535831593720614f,0.009339371565881549f,0.6722518930607261f,0.42961639713290434f,0.019426728713400135f,-1.9062597484416488f,-0.6973914266988264f,0f,0f,0f,1f], start_interpolation: 0, interpolation_duration: 1 }
$data merge entity $(bone_tail_1) { transformation: [-1.4764150440122794f,0.20167173618785925f,0.25919756680415335f,0.3249494331515097f,0.21950735170364785f,1.4938977158905178f,0.08799083477922824f,0.6348461796823217f,-0.24427728171541052f,0.12350860407303182f,-1.4875249525159782f,-0.37856904271246244f,0f,0f,0f,1f], start_interpolation: 0, interpolation_duration: 1 }
$data merge entity $(bone_tail_0) { transformation: [-1.1296767792533386f,0.2775611081555798f,0.5297413729729612f,0.17684473560529523f,0.3247685082666501f,1.2354404707696345f,0.04525456669538494f,0.6514351227836582f,-0.5021867252706769f,0.1745920702895145f,-1.1623948634340928f,-0.03467702938225109f,0f,0f,0f,1f], start_interpolation: 0, interpolation_duration: 1 }
$data merge entity $(bone_body_1) { transformation: [-1.2164254291137195f,0.1887048980982458f,0.11534397208126812f,0.13731826377792186f,0.2146929633016185f,1.1623662608011935f,0.3625137270726058f,0.4888621428571429f,-0.05311028121299654f,0.3766958086321543f,-1.1763860594399673f,0.21344311496262863f,0f,0f,0f,1f], start_interpolation: 0, interpolation_duration: 1 }