# This file was generated by Animated Java via MC-Build. It is not recommended to edit this file directly.
$data merge entity $(bone_head_lower) { transformation: [-0.3626034725597107f,-0.0024993694554685253f,0.9319401669849647f,-0.3547803694944132f,-0.05150418759189483f,0.9985218552313815f,-0.017361546180534815f,0.23066762229163693f,-0.9305192315842475f,-0.05429417811888326f,-0.3621962201269596f,0.9863504193080687f,0f,0f,0f,1f], start_interpolation: 0, interpolation_duration: 1 }
$data merge entity $(bone_head_upper) { transformation: [-0.3774338035026227f,-0.6877728725065329f,0.6840936649327803f,-0.32318167879354526f,-0.053610687404325175f,0.7477177686448628f,0.7221606297994166f,0.29722463611853384f,-0.9685770804396968f,0.22662426366205138f,-0.3065482424514186f,0.9700059049918217f,0f,0f,0f,1f], start_interpolation: 0, interpolation_duration: 1 }
$data merge entity $(bone_neck_0) { transformation: [-0.4572499244155413f,0.01032299771736131f,0.8892783267009878f,-0.26569908751894344f,-0.029265570728215177f,0.9992164252061179f,-0.0266469879772237f,0.27929189223847306f,-0.8888565874155031f,-0.038209571005624096f,-0.45658952648044027f,0.9413893948694098f,0f,0f,0f,1f], start_interpolation: 0, interpolation_duration: 1 }
$data merge entity $(bone_neck_1) { transformation: [-0.6163096167149137f,-0.10165797136565645f,0.7809149205915683f,-0.20001366980334007f,0.05716064546537141f,0.9832426279050442f,0.17310862277877634f,0.29848614051993944f,-0.7854267101103058f,0.15132610986938744f,-0.6001710518819614f,0.8912441700023562f,0f,0f,0f,1f], start_interpolation: 0, interpolation_duration: 1 }
$data merge entity $(bone_neck_2) { transformation: [-0.7200555140445647f,-0.11788362214167326f,0.6838300288264452f,-0.14125918489095807f,0.0868419275768002f,0.962408338250328f,0.2573493152914688f,0.33045444979601896f,-0.688460991130771f,0.2446909113494026f,-0.6827501897430974f,0.8338258097083681f,0f,0f,0f,1f], start_interpolation: 0, interpolation_duration: 1 }
$data merge entity $(bone_body_0) { transformation: [-0.8486167247941825f,0.010981428901283787f,0.5288941884903641f,0.10811127462841451f,0.10266725397829804f,0.9841941439570231f,0.14429595268495238f,0.407836270650485f,-0.5189499873399656f,0.17675207274594656f,-0.836331044156476f,0.4413499092718326f,0f,0f,0f,1f], start_interpolation: 0, interpolation_duration: 1 }
$data merge entity $(bone_leg_left_3) { transformation: [-0.9949526241011841f,-0.0828206250081406f,-0.05665703722776576f,0.6440240457838838f,-0.08321504198111762f,0.9965208393885508f,0.004633945664173161f,0.010875440371475031f,0.05607613201932102f,0.00932527412994591f,-0.9983829459081084f,0.33060256903569735f,0f,0f,0f,1f], start_interpolation: 0, interpolation_duration: 1 }
$data merge entity $(bone_leg_left_2) { transformation: [-0.887360735677083f,-0.5142043914315464f,0.01571521911503197f,0.5232727872167604f,-0.5026537127167461f,0.8599484476121892f,-0.24472456362643785f,0.2029852836966855f,0.10950967706733142f,-0.21941903012863898f,-0.9959543761371353f,0.24884675139539508f,0f,0f,0f,1f], start_interpolation: 0, interpolation_duration: 1 }
$data merge entity $(bone_leg_left_1) { transformation: [-0.9618001282890661f,-0.24430200943903302f,-0.12351939688642592f,0.4826094219830448f,-0.15403255546472971f,0.1099509637739301f,0.9819290999976467f,0.18384534196912145f,-0.22630617552364912f,0.9634455427003825f,-0.14338131388233505f,0.5226962338091848f,0f,0f,0f,1f], start_interpolation: 0, interpolation_duration: 1 }
$data merge entity $(bone_leg_left_0) { transformation: [-0.9648264072001285f,-0.04297950294702613f,0.25935066280177194f,0.3324357138847903f,-0.19349044179441494f,0.7839515023367392f,-0.5898995600254091f,0.5171734692174978f,-0.1779647518569166f,-0.6193325474334412f,-0.7646932344320239f,0.3210839932443733f,0f,0f,0f,1f], start_interpolation: 0, interpolation_duration: 1 }
$data merge entity $(bone_leg_right_3) { transformation: [-0.9997202143311902f,-0.010400643934162181f,0.02124428542818517f,-0.11735591657046161f,-0.008774637813709768f,0.9971263037687266f,0.07524719306230018f,0.05408955976819302f,-0.02196585506730023f,0.0750397290658196f,-0.9969385840024902f,-0.15557266018268176f,0f,0f,0f,1f], start_interpolation: 0, interpolation_duration: 1 }
$data merge entity $(bone_leg_right_2) { transformation: [-1.0254473023537445f,-0.016695621536057494f,0.015533377535077563f,-0.11917673409013999f,-0.010880991464363277f,0.9722327334504706f,0.3266608570564775f,0.2908277624918605f,-0.020040798908101735f,0.32641533010819906f,-0.972169531589102f,-0.10949902281006535f,0f,0f,0f,1f], start_interpolation: 0, interpolation_duration: 1 }
$data merge entity $(bone_leg_right_1) { transformation: [-0.9809611139583101f,0.04659216389427842f,-0.18853239288069343f,-0.11605650172844358f,-0.19300023897419546f,-0.1259532645339631f,0.9730810258704773f,0.2011579076148558f,0.021591680286046827f,0.9909414439899492f,0.13254755344984262f,0.15310898722792177f,0f,0f,0f,1f], start_interpolation: 0, interpolation_duration: 1 }
$data merge entity $(bone_leg_right_0) { transformation: [-0.9910392441810529f,-0.12947688616297887f,0.03281695358479317f,-0.05433113284591187f,-0.12211773819262069f,0.977828173389046f,0.1701156117038064f,0.5854358702197007f,-0.05411538147113065f,0.16458371510019057f,-0.9848775183808661f,0.30419738803035884f,0f,0f,0f,1f], start_interpolation: 0, interpolation_duration: 1 }
$data merge entity $(bone_tail_4) { transformation: [-1.8767296608921582f,0.0012484349702922772f,-2.0257209958278395f,0.2196655749279101f,-0.6640791586021781f,2.6084792212136f,0.6168438661501913f,0.7732587859676423f,1.9137779345153472f,0.9063641241283863f,-1.7724614025290237f,-1.3628437690297974f,0f,0f,0f,1f], start_interpolation: 0, interpolation_duration: 1 }
$data merge entity $(bone_tail_3) { transformation: [-1.892189214897588f,-0.15841503503126506f,-0.8546754809550449f,0.3661371681948978f,-0.2898627379338996f,2.0452236596054805f,0.2626505309186992f,0.7087088428045284f,0.8194785501934487f,0.35764561357642044f,-1.8805557813866711f,-1.047470845908242f,0f,0f,0f,1f], start_interpolation: 0, interpolation_duration: 1 }
$data merge entity $(bone_tail_2) { transformation: [-1.9334499100330633f,-0.14854039192040666f,-0.2418286012117853f,0.409627551493085f,-0.16136368942202006f,1.9451600514345293f,0.09533104972730345f,0.6913305457563091f,0.23346751408285976f,0.11428911266663944f,-1.9368027244912214f,-0.6872236178530893f,0f,0f,0f,1f], start_interpolation: 0, interpolation_duration: 1 }
$data merge entity $(bone_tail_1) { transformation: [-1.4503364568327404f,0.1838156687401615f,0.3878043474581744f,0.32531503670227896f,0.2249068516714293f,1.489572800024995f,0.1350778719736958f,0.6438399364229168f,-0.3655096716273033f,0.18719220964373387f,-1.4556847208772912f,-0.37591554074357825f,0f,0f,0f,1f], start_interpolation: 0, interpolation_duration: 1 }
$data merge entity $(bone_tail_0) { transformation: [-1.1192446161437437f,0.2899866989402782f,0.5450091010753785f,0.173048605789404f,0.3441280689943104f,1.2299088820225326f,0.05230421241505044f,0.6582353221058282f,-0.5125456837663536f,0.19252940799740698f,-1.1550173443254768f,-0.03374655005494767f,0f,0f,0f,1f], start_interpolation: 0, interpolation_duration: 1 }
$data merge entity $(bone_body_1) { transformation: [-1.2164254291137195f,0.18651510357854462f,0.11885237313086533f,0.13285397806363616f,0.2146929633016185f,1.1553844379832015f,0.3841852769579564f,0.49109428571428576f,-0.05311028121299654f,0.39862703327744403f,-1.1691365965643836f,0.21121097210548578f,0f,0f,0f,1f], start_interpolation: 0, interpolation_duration: 1 }