# This file was generated by Animated Java via MC-Build. It is not recommended to edit this file directly.
$data merge entity $(bone_head_lower) { transformation: [-0.3903242135808424f,0.01386337881005345f,0.9205730905367948f,-0.3509132313687672f,-0.04191555772498059f,0.9985822765045707f,-0.032810411023834474f,0.23064807214594293f,-0.9197228355940181f,-0.05139303239660112f,-0.3891897505176375f,0.9914040763073838f,0f,0f,0f,1f], start_interpolation: 0, interpolation_duration: 1 }
$data merge entity $(bone_head_upper) { transformation: [-0.4062883112812099f,-0.6673629685441118f,0.6877706150423707f,-0.31861171968032803f,-0.04362988657111658f,0.7591330243643464f,0.7108343174754153f,0.29668370471644745f,-0.9573391163519654f,0.2486275570385122f,-0.3242808917697848f,0.9743346865862539f,0f,0f,0f,1f], start_interpolation: 0, interpolation_duration: 1 }
$data merge entity $(bone_neck_0) { transformation: [-0.47879089947213505f,0.023491909518115778f,0.8776146106178137f,-0.2620901218598026f,-0.017441873572517103f,0.9991901031423235f,-0.03626180950688354f,0.27812585517279437f,-0.8777556924503221f,-0.03266906747407762f,-0.47799338531137614f,0.9442406430821516f,0f,0f,0f,1f], start_interpolation: 0, interpolation_duration: 1 }
$data merge entity $(bone_neck_1) { transformation: [-0.6280254152046396f,-0.08693266680618877f,0.7733219182843613f,-0.19698009346033257f,0.06708599767572157f,0.9839931724055792f,0.16509665525096928f,0.2966448423122776f,-0.7752957801851454f,0.1555639678754965f,-0.61214075597524f,0.8931009504581331f,0f,0f,0f,1f], start_interpolation: 0, interpolation_duration: 1 }
$data merge entity $(bone_neck_2) { transformation: [-0.7310399812486043f,-0.10480350381196525f,0.6742379189906007f,-0.13893788677687252f,0.09410365224413347f,0.9632057614178275f,0.251752187291031f,0.3281306084682581f,-0.6758143594585392f,0.2474891649350302f,-0.6942795292887483f,0.8346999302014111f,0f,0f,0f,1f], start_interpolation: 0, interpolation_duration: 1 }
$data merge entity $(bone_body_0) { transformation: [-0.8549714695603443f,0.017379679774715065f,0.518383769970428f,0.10554000324550666f,0.10918029402865212f,0.9830756377417432f,0.1471120453072485f,0.40682898804543166f,-0.5070536950202043f,0.1823738939914188f,-0.8423991412369581f,0.4394177132408482f,0f,0f,0f,1f], start_interpolation: 0, interpolation_duration: 1 }
$data merge entity $(bone_leg_left_3) { transformation: [-0.9954672643086573f,-0.07955002071994867f,-0.052122163167824614f,0.638504445876288f,-0.07998310691429625f,0.9967764789615966f,0.006273244555791091f,0.010283391790339103f,0.05145510954389156f,0.010413702145548875f,-0.9986210124513951f,0.3320607105190597f,0f,0f,0f,1f], start_interpolation: 0, interpolation_duration: 1 }
$data merge entity $(bone_leg_left_2) { transformation: [-0.8899998393400343f,-0.5096063652322039f,0.0162430905380965f,0.5188371998834638f,-0.4984674845610335f,0.8627923571366876f,-0.2432729224607775f,0.20310750293411098f,0.10720378869612288f,-0.21898150716906076f,-0.9963014838430471f,0.2503925743573792f,0f,0f,0f,1f], start_interpolation: 0, interpolation_duration: 1 }
$data merge entity $(bone_leg_left_1) { transformation: [-0.9624112511955413f,-0.24434640038308864f,-0.1185724259347849f,0.47791157712396554f,-0.14936311856683468f,0.11154158124187069f,0.9824709331405443f,0.18427795071354586f,-0.22683748011345578f,0.9632514273406969f,-0.14384521313511656f,0.5242245064337641f,0f,0f,0f,1f], start_interpolation: 0, interpolation_duration: 1 }
$data merge entity $(bone_leg_left_0) { transformation: [-0.9649321515531243f,-0.03704172002980757f,0.259872764783637f,0.33001443772175987f,-0.19008162521938993f,0.7813694783736211f,-0.5944162800765894f,0.5173563429576611f,-0.18103844523474447f,-0.622968417532838f,-0.7610094822691883f,0.32052742903408f,0f,0f,0f,1f], start_interpolation: 0, interpolation_duration: 1 }
$data merge entity $(bone_leg_right_3) { transformation: [-0.9996368380373469f,-0.011244919369616968f,0.02448966776144125f,-0.11815456383863782f,-0.009525023874900193f,0.9975540327921663f,0.06924756732383167f,0.054142422914668836f,-0.025208450148264665f,0.06898915457125737f,-0.9972988672372319f,-0.15458042796878527f,0f,0f,0f,1f], start_interpolation: 0, interpolation_duration: 1 }
$data merge entity $(bone_leg_right_2) { transformation: [-1.025370409729199f,-0.017881408760998547f,0.01892029527229542f,-0.12014723499977953f,-0.011580636758168249f,0.9809399211058069f,0.2994744722574919f,0.2920711627913388f,-0.023315471360110307f,0.2991643794009408f,-0.980825806345653f,-0.11512138504629277f,0f,0f,0f,1f], start_interpolation: 0, interpolation_duration: 1 }
$data merge entity $(bone_leg_right_1) { transformation: [-0.9808745974629983f,0.04248233227365962f,-0.18994808631937118f,-0.11806670935595308f,-0.1938070653814586f,-0.12294196929513507f,0.9733057554510101f,0.20319139546136483f,0.01799570671098928f,0.9915041722708102f,0.12882403079219196f,0.14776536629766657f,0f,0f,0f,1f], start_interpolation: 0, interpolation_duration: 1 }
$data merge entity $(bone_leg_right_0) { transformation: [-0.9909001380363636f,-0.13025005994729555f,0.03393874368979319f,-0.05675240900894235f,-0.12200537299699518f,0.9756584316193945f,0.18222325254985325f,0.5856187439598639f,-0.05684721100792582f,0.17642433702216212f,-0.9826712817147507f,0.3036408238200655f,0f,0f,0f,1f], start_interpolation: 0, interpolation_duration: 1 }
$data merge entity $(bone_tail_4) { transformation: [-2.0167882365691927f,-0.09584836926246315f,-1.8838894953117218f,0.2619971626658818f,-0.7426855698263125f,2.5754856865014846f,0.6640428861133463f,0.7934900026078969f,1.7339679018966574f,0.9916389969821197f,-1.906742968115106f,-1.364910531785859f,0f,0f,0f,1f], start_interpolation: 0, interpolation_duration: 1 }
$data merge entity $(bone_tail_3) { transformation: [-1.9271514360460311f,-0.2136748955866613f,-0.759194248915384f,0.3928194285226221f,-0.3437135331105077f,2.0315975178387333f,0.30069595726021053f,0.7226223035673782f,0.7098548272336094f,0.40360883359011357f,-1.9155029521631173f,-1.0440616461347219f,0f,0f,0f,1f], start_interpolation: 0, interpolation_duration: 1 }
$data merge entity $(bone_tail_2) { transformation: [-1.9385587396375237f,-0.19308883148781547f,-0.15323377934523105f,0.4198258498104502f,-0.20371665351923904f,1.9388938356037406f,0.13403019935639435f,0.6980171103756376f,0.1387926981388983f,0.14893378533852727f,-1.9435352298146902f,-0.6826246230638111f,0f,0f,0f,1f], start_interpolation: 0, interpolation_duration: 1 }
$data merge entity $(bone_tail_1) { transformation: [-1.4358535869107458f,0.17812358116189297f,0.4407410995012926f,0.3241776799600419f,0.23029900367470962f,1.4874054030742725f,0.14914350744131563f,0.6475210758984243f,-0.4158642757703308f,0.20869452973071503f,-1.4391524406394534f,-0.3750888444864694f,0f,0f,0f,1f], start_interpolation: 0, interpolation_duration: 1 }
$data merge entity $(bone_tail_0) { transformation: [-1.115658184357219f,0.29758377663305746f,0.5482576293546565f,0.17114528459887296f,0.35344718212369425f,1.2272282398438015f,0.053119237219039064f,0.6616136037197536f,-0.5140210323611294f,0.19796580461968444f,-1.153441647885019f,-0.033249118985747034f,0f,0f,0f,1f], start_interpolation: 0, interpolation_duration: 1 }
$data merge entity $(bone_body_1) { transformation: [-1.2164254291137195f,0.18539569996907732f,0.1205910647383526f,0.1306218352064933f,0.2146929633016185f,1.1517418636879662f,0.39497114577344805f,0.4922103571428572f,-0.05311028121299654f,0.40954085134183676f,-1.1653583930138962f,0.21009490067691433f,0f,0f,0f,1f], start_interpolation: 0, interpolation_duration: 1 }