# This file was generated by Animated Java via MC-Build. It is not recommended to edit this file directly.
$data merge entity $(bone_head_lower) { transformation: [-0.9838860351980219f,0.12326964287654546f,-0.12951009569684566f,0.4147968799006204f,-0.04483013176920974f,0.5311251264517496f,0.8461065886383161f,0.43020732590338895f,0.17308532297070262f,0.8382784115058087f,-0.5170404005253607f,0.5712309874109482f,0f,0f,0f,1f], start_interpolation: 0, interpolation_duration: 1 }
$data merge entity $(bone_head_upper) { transformation: [-1.0241265640851065f,0.1574079973064113f,-0.09929474156634255f,0.41116839880774114f,-0.04666366547934885f,0.32042870576715565f,0.9892521869715146f,0.5055844216164168f,0.1801644405613198f,0.9777628083987842f,-0.3082087076201063f,0.5719952246938158f,0f,0f,0f,1f], start_interpolation: 0, interpolation_duration: 1 }
$data merge entity $(bone_neck_0) { transformation: [-0.9324322349884824f,-0.2599331518514179f,-0.2510077363807167f,0.39945826252899713f,-0.2832111558412079f,0.95712176159609f,0.06090463599993762f,0.49407826138708894f,0.22441383282113134f,0.12787763701204982f,-0.9660671516984436f,0.5073793037500797f,0f,0f,0f,1f], start_interpolation: 0, interpolation_duration: 1 }
$data merge entity $(bone_neck_1) { transformation: [-0.9115498228886607f,-0.07899839385997588f,-0.4035296447092773f,0.36491006956982086f,-0.10532489061320079f,0.9934891038707263f,0.04342888333193563f,0.5023341379247921f,0.3974714930771372f,0.08208930659766668f,-0.9139353138670949f,0.43033516243887443f,0f,0f,0f,1f], start_interpolation: 0, interpolation_duration: 1 }
$data merge entity $(bone_neck_2) { transformation: [-0.8909450673981858f,0.07928233895250981f,-0.4471366654715999f,0.32651376779932456f,0.027007189690012912f,0.9921495682734427f,0.12210587979237197f,0.5227452931555796f,0.4533072893566678f,0.09671372655957827f,-0.8860919571416215f,0.35365374913268716f,0f,0f,0f,1f], start_interpolation: 0, interpolation_duration: 1 }
$data merge entity $(bone_body_0) { transformation: [-0.8675261036555513f,0.027244373491757123f,-0.4966449472100358f,0.09270640331076256f,0.028991944245853718f,0.9995708594789512f,0.004190948503169867f,0.534242633369178f,0.49654599650491893f,-0.010762945393922294f,-0.8679436804086913f,-0.055507383163686363f,0f,0f,0f,1f], start_interpolation: 0, interpolation_duration: 1 }
$data merge entity $(bone_leg_left_3) { transformation: [-0.5827898025978505f,0.013709541244690676f,-0.8125072888699636f,0.16897830680310935f,-0.04617111408602493f,0.9976838627791416f,0.0499513580811034f,0.03937910597964034f,0.8113102206998342f,0.06662550884572273f,-0.580806996651241f,-0.43476907706998613f,0f,0f,0f,1f], start_interpolation: 0, interpolation_duration: 1 }
$data merge entity $(bone_leg_left_2) { transformation: [-0.5872695639073645f,-0.23191967083923204f,-0.8083253831759648f,0.08902621607684225f,-0.19478440559783955f,0.9966249897493374f,-0.14442944521019277f,0.26692524298364295f,0.818068269855667f,0.07081027881353033f,-0.6146644692597741f,-0.4359900558044654f,0f,0f,0f,1f], start_interpolation: 0, interpolation_duration: 1 }
$data merge entity $(bone_leg_left_1) { transformation: [-0.6626052136580387f,0.7489579796465603f,0.004034297575456314f,0.30547692715342084f,0.18979837621064902f,0.1626996358162226f,0.968248627622611f,0.25599342010832143f,0.7245211571934844f,0.642332291908955f,-0.24995663533901866f,-0.262660974047157f,0f,0f,0f,1f], start_interpolation: 0, interpolation_duration: 1 }
$data merge entity $(bone_leg_left_0) { transformation: [-0.6480814492544197f,-0.2783014053666517f,-0.7088996846544916f,0.17855954000174024f,0.13871797264688576f,0.8721291427459525f,-0.46919940583716424f,0.6527449488472028f,0.7488309283122785f,-0.4024165579895496f,-0.5266053120305705f,-0.2907230453606598f,0f,0f,0f,1f], start_interpolation: 0, interpolation_duration: 1 }
$data merge entity $(bone_leg_right_3) { transformation: [-0.9942640835928391f,0.0944817356468315f,-0.05012119019390773f,-0.21220273922482777f,0.09650996772848545f,0.9945393404711151f,-0.039715568538371666f,0.02339021590152307f,0.04609509959137019f,-0.044324957805299874f,-0.9979531752087469f,-0.13613490937250916f,0f,0f,0f,1f], start_interpolation: 0, interpolation_duration: 1 }
$data merge entity $(bone_leg_right_2) { transformation: [-1.0197513486270744f,0.09486599899317238f,-0.05630123186027398f,-0.19024755274524163f,0.09818336288931295f,1.019162250973588f,-0.061078088893556405f,0.25891555078622974f,0.05029327714220272f,-0.0661131448818695f,-1.0223315694278547f,-0.1832184360045382f,0f,0f,0f,1f], start_interpolation: 0, interpolation_duration: 1 }
$data merge entity $(bone_leg_right_1) { transformation: [-0.9428877358480764f,0.12496337150034068f,-0.308782890346204f,-0.15870042181008398f,-0.26968809651197084f,0.2577369854832559f,0.9278146242185205f,0.2743558201004283f,0.19552761489630524f,0.9581001002490668f,-0.20931590889297047f,0.09206280613344453f,0f,0f,0f,1f], start_interpolation: 0, interpolation_duration: 1 }
$data merge entity $(bone_leg_right_0) { transformation: [-0.960725621146589f,-0.2774985502955184f,0.0009140330334765912f,-0.15602080730828766f,-0.22433391907348443f,0.774717528019397f,-0.5911742928550312f,0.6527449488472028f,0.16334189182702635f,-0.5681613383216079f,-0.8065433156445891f,-0.0843508143067917f,0f,0f,0f,1f], start_interpolation: 0, interpolation_duration: 1 }
$data merge entity $(bone_tail_4) { transformation: [-2.6188876262139584f,0.6870205555810508f,0.5432234246353118f,-0.6232278662258782f,0.771573465661452f,2.6202178584348568f,0.405948387145742f,0.48207677781104513f,-0.41444338570013256f,0.5367703998435062f,-2.676896626599775f,-1.7523147022041192f,0f,0f,0f,1f], start_interpolation: 0, interpolation_duration: 1 }
$data merge entity $(bone_tail_3) { transformation: [-2.0226569976953876f,0.49438614822582433f,0.019660421174401713f,-0.6313995037084552f,0.4945825097237766f,2.0225846778499688f,0.022020173621317876f,0.45855039117018814f,-0.013868554129829087f,0.026059228948989707f,-2.0820840775140126f,-1.3995251942716356f,0f,0f,0f,1f], start_interpolation: 0, interpolation_duration: 1 }
$data merge entity $(bone_tail_2) { transformation: [-1.8936979877680282f,0.23994262588578452f,-0.41846068203491954f,-0.5549517673570796f,0.3259498807091252f,1.8861775665619573f,-0.3935285728722836f,0.5323963367574138f,0.35558189125966805f,-0.45114919780957574f,-1.8678329140816505f,-1.0521435541462258f,0f,0f,0f,1f], start_interpolation: 0, interpolation_duration: 1 }
$data merge entity $(bone_tail_1) { transformation: [-1.355718998566738f,0.13405389269417878f,-0.6570477918528748f,-0.4139058677649579f,0.2764104260482032f,1.4619288266677166f,-0.27206181674355573f,0.57280635991709f,0.6109660574017608f,-0.36393668351993724f,-1.334888316336411f,-0.7610254316678893f,0f,0f,0f,1f], start_interpolation: 0, interpolation_duration: 1 }
$data merge entity $(bone_tail_0) { transformation: [-0.9926632237374184f,-0.00314546227014476f,-0.8052611668833723f,-0.178665744398537f,0.2504363429964222f,1.2136147806129853f,-0.3134589589855443f,0.6936930397178838f,0.765334618928114f,-0.4012044203754863f,-0.941877725994917f,-0.49546864620370146f,0f,0f,0f,1f], start_interpolation: 0, interpolation_duration: 1 }
$data merge entity $(bone_body_1) { transformation: [-1.0522929925092523f,0.084719850102025f,-0.6435111498419146f,-0.034764899333961694f,0f,1.2257902046445845f,0.16137834195962467f,0.5736091666666667f,0.6490639821867892f,0.13735179741207598f,-1.0432904800829679f,-0.2621698420281302f,0f,0f,0f,1f], start_interpolation: 0, interpolation_duration: 1 }