# This file was generated by Animated Java via MC-Build. It is not recommended to edit this file directly.
$data merge entity $(bone_head_lower) { transformation: [-0.4266475464703643f,0.027307110144924818f,0.9040056376076155f,-0.34462791444790086f,-0.029760582033317426f,0.9985789068082294f,-0.044209440561036484f,0.2290011455047526f,-0.9039281934135347f,-0.045765583282796424f,-0.42522856505522866f,0.9981509358534746f,0f,0f,0f,1f], start_interpolation: 0, interpolation_duration: 1 }
$data merge entity $(bone_head_upper) { transformation: [-0.4440972533511912f,-0.6452739220047965f,0.6854714711277073f,-0.3120006329595445f,-0.030977777438237597f,0.7675205394439331f,0.7024418420198133f,0.2946504899380648f,-0.940898479887401f,0.27929505848788166f,-0.3466644825091486f,0.9802322146392595f,0f,0f,0f,1f], start_interpolation: 0, interpolation_duration: 1 }
$data merge entity $(bone_neck_0) { transformation: [-0.509483573033822f,0.033634070665111954f,0.8598227945915279f,-0.2567841960447571f,-0.0035881739229100817f,0.9991440593341983f,-0.041210116538044794f,0.27576894448433986f,-0.8604729012680117f,-0.02408107114882016f,-0.5089268004298224f,0.9479929747286923f,0f,0f,0f,1f], start_interpolation: 0, interpolation_duration: 1 }
$data merge entity $(bone_neck_1) { transformation: [-0.6458125678908117f,-0.07340859978344183f,0.7599587519280967f,-0.19274389954095564f,0.0778150471560293f,0.9838552969263951f,0.16116318793688572f,0.29395408014046354f,-0.7595202074931126f,0.16321743836891173f,-0.6296738220872055f,0.8954032598653768f,0f,0f,0f,1f], start_interpolation: 0, interpolation_duration: 1 }
$data merge entity $(bone_neck_2) { transformation: [-0.7460632310023398f,-0.09351366802371613f,0.6592760038398937f,-0.1359019342905468f,0.10154591669439363f,0.9625307858132832f,0.25144166950678387f,0.32540603417663233f,-0.6580866828534404f,0.2545381705253923f,-0.7086128968601556f,0.8358155432795009f,0f,0f,0f,1f], start_interpolation: 0, interpolation_duration: 1 }
$data merge entity $(bone_body_0) { transformation: [-0.8619824995945974f,0.02445034072775034f,0.5063480534483636f,0.10297092455282425f,0.11642890953020535f,0.9816841334411784f,0.1507997718017164f,0.405829169603831f,-0.49338674426686546f,0.18894031594167351f,-0.8490412696645572f,0.4374654694760957f,0f,0f,0f,1f], start_interpolation: 0, interpolation_duration: 1 }
$data merge entity $(bone_leg_left_3) { transformation: [-0.9960797645287075f,-0.07449343947141812f,-0.04770566184587594f,0.6325374051201408f,-0.07510411700588751f,0.9971135085384157f,0.011136547893152243f,0.009266520003783613f,0.04673836010388944f,0.014675781612189798f,-0.9987993527875707f,0.33161789008856707f,0f,0f,0f,1f], start_interpolation: 0, interpolation_duration: 1 }
$data merge entity $(bone_leg_left_2) { transformation: [-0.8930307439545311f,-0.5043279934536247f,0.014545269738031585f,0.5140433675779655f,-0.49344490562939486f,0.8668670250676112f,-0.23898929988499762f,0.20318060537049998f,0.10521603946694068f,-0.21507448795746228f,-0.9973639000732986f,0.2508245572611672f,0f,0f,0f,1f], start_interpolation: 0, interpolation_duration: 1 }
$data merge entity $(bone_leg_left_1) { transformation: [-0.9634058611263167f,-0.24322067908513434f,-0.11266254041528814f,0.47312993822885013f,-0.14302408863110586f,0.11096510294396805f,0.9834789555449959f,0.1840147345400297f,-0.2267008090384812f,0.9636028472321989f,-0.14169084651909386f,0.524634977723885f,0f,0f,0f,1f], start_interpolation: 0, interpolation_duration: 1 }
$data merge entity $(bone_leg_left_0) { transformation: [-0.964933065512044f,-0.030864787587734616f,0.26067516945173996f,0.3275926362275493f,-0.18606313036712288f,0.7809157449398413f,-0.5962810669667786f,0.5175340345999925f,-0.1851612556652075f,-0.623873355892217f,-0.7592742226681128f,0.31996194877735334f,0f,0f,0f,1f], start_interpolation: 0, interpolation_duration: 1 }
$data merge entity $(bone_leg_right_3) { transformation: [-0.9995425147951577f,-0.012011013740004208f,0.027757821706854775f,-0.1189892461106697f,-0.010235413823947302f,0.9979454029222994f,0.06324720618415589f,0.05443329022283888f,-0.028460453629987406f,0.06293415873105801f,-0.9976117953612962f,-0.15353599354846348f,0f,0f,0f,1f], start_interpolation: 0, interpolation_duration: 1 }
$data merge entity $(bone_leg_right_2) { transformation: [-1.0252827797595467f,-0.018852393754127804f,0.022405541255917392f,-0.12110067869936302f,-0.012237860698726085f,0.9888866206248699f,0.2720582397490222f,0.29336812943681706f,-0.026601800592250816f,0.27168002926155094f,-0.9887085037595188f,-0.12072202505592416f,0f,0f,0f,1f], start_interpolation: 0, interpolation_duration: 1 }
$data merge entity $(bone_leg_right_1) { transformation: [-0.9807815044117089f,0.03834914496887021f,-0.19130338126667204f,-0.12006927711619621f,-0.19457793470702422f,-0.11993554050155714f,0.9735270378627128f,0.20527802652543875f,0.014389855074118163f,0.9920407296098057f,0.12509245727137167f,0.14243658802676146f,0f,0f,0f,1f], start_interpolation: 0, interpolation_duration: 1 }
$data merge entity $(bone_leg_right_0) { transformation: [-0.9907566477502718f,-0.13104501314758815f,0.035049528781316716f,-0.05917421050315294f,-0.12186782665245902f,0.973341890149717f,0.19430336514528643f,0.5857964356021953f,-0.059577661632948406f,0.18823594080016914f,-0.9803151191455864f,0.3030753435633389f,0f,0f,0f,1f], start_interpolation: 0, interpolation_duration: 1 }
$data merge entity $(bone_tail_4) { transformation: [-2.150716485820611f,-0.16922651276653033f,-1.7237872016569558f,0.29954860206532247f,-0.785898125002513f,2.5444107042533264f,0.7307527877460545f,0.8104447513887236f,1.5435167852462683f,1.0597159464016643f,-2.029832352241202f,-1.3661650113165118f,0f,0f,0f,1f], start_interpolation: 0, interpolation_duration: 1 }
$data merge entity $(bone_tail_3) { transformation: [-1.9572337720912045f,-0.2555146157533952f,-0.6632448782813731f,0.41451083489649604f,-0.3787301642780213f,2.019178711149763f,0.33974449392149114f,0.7330773913080626f,0.6014523672711095f,0.43997174866168626f,-1.944383047737251f,-1.0407749683659229f,0f,0f,0f,1f], start_interpolation: 0, interpolation_duration: 1 }
$data merge entity $(bone_tail_2) { transformation: [-1.9393822275661863f,-0.22819205625377628f,-0.07415413586488015f,0.426807561344145f,-0.23380520785541786f,1.9329707187470102f,0.16653288038441283f,0.7024063624496659f,0.05390338748982772f,0.17414494230989816f,-1.9456468947082306f,-0.6790021633120056f,0f,0f,0f,1f], start_interpolation: 0, interpolation_duration: 1 }
$data merge entity $(bone_tail_1) { transformation: [-1.422369517204592f,0.1764894826480639f,0.4830866061502791f,0.3220542037776496f,0.23700550255463393f,1.48574966825704f,0.15502440141126944f,0.6506586576504865f,-0.4564532816028401f,0.221485068997248f,-1.4248687714752133f,-0.3746576445090689f,0f,0f,0f,1f], start_interpolation: 0, interpolation_duration: 1 }
$data merge entity $(bone_tail_0) { transformation: [-1.1134424649179886f,0.30587168829081735f,0.548200788218611f,0.16923842078946466f,0.3621173997081347f,1.2247399917680537f,0.052140751592541f,0.6649770758555077f,-0.5127890236052254f,0.20072413768687894f,-1.1535133091576735f,-0.03273041442846339f,0f,0f,0f,1f], start_interpolation: 0, interpolation_duration: 1 }
$data merge entity $(bone_body_1) { transformation: [-1.2164254291137195f,0.18426008879790617f,0.12231921409959032f,0.12838969234935044f,0.2146929633016185f,1.1479986024440816f,0.4057224856369877f,0.4933264285714286f,-0.05311028121299654f,0.42041886674942835f,-1.1614783121379637f,0.20897882924834288f,0f,0f,0f,1f], start_interpolation: 0, interpolation_duration: 1 }