# This file was generated by Animated Java via MC-Build. It is not recommended to edit this file directly.
$data merge entity $(bone_head_lower) { transformation: [-0.4717546005864025f,0.03584255825908583f,0.881001082770622f,-0.33551226263024525f,-0.015774427549598756f,0.9986704421552501f,-0.04907662784788397f,0.22499074438835334f,-0.8815887727625882f,-0.03704941271978937f,-0.47056197971794567f,1.006483027733096f,0f,0f,0f,1f], start_interpolation: 0, interpolation_duration: 1 }
$data merge entity $(bone_head_upper) { transformation: [-0.4910491671859695f,-0.6220596233983687f,0.6748218156868916f,-0.3031124446091563f,-0.0164195950636992f,0.7711702939511644f,0.6989268325144813f,0.29048424687562324f,-0.9176453862399228f,0.3190770208715469f,-0.37361576846785843f,0.9876068677436501f,0f,0f,0f,1f], start_interpolation: 0, interpolation_duration: 1 }
$data merge entity $(bone_neck_0) { transformation: [-0.5499100673614793f,0.03933394800250366f,0.8342971642940122f,-0.24962599969543933f,0.011658319386171328f,0.9991546371246371f,-0.03942200783096417f,0.27171322566307926f,-0.8351425036504748f,-0.011952056177533754f,-0.5499037615342758f,0.9525129191566497f,0f,0f,0f,1f], start_interpolation: 0, interpolation_duration: 1 }
$data merge entity $(bone_neck_1) { transformation: [-0.6700922045853409f,-0.06211609257674638f,0.7396742718230471f,-0.1872520417211991f,0.08882747468809185f,0.9826210287522356f,0.1629895505682333f,0.2900473920858928f,-0.7369437679324619f,0.1749214249224357f,-0.6529290757874169f,0.8980070978827753f,0f,0f,0f,1f], start_interpolation: 0, interpolation_duration: 1 }
$data merge entity $(bone_neck_2) { transformation: [-0.7653367496334207f,-0.08486921294434752f,0.63801009110731f,-0.13218849530249865f,0.10876940210184512f,0.9599566264621375f,0.2581714400894091f,0.3220637218694816f,-0.6343728216332711f,0.26698406695089344f,-0.725458910736785f,0.8370653972408935f,0f,0f,0f,1f], start_interpolation: 0, interpolation_duration: 1 }
$data merge entity $(bone_body_0) { transformation: [-0.8695180269554487f,0.031856326749004654f,0.4928727779514348f,0.10040406800578795f,0.12422693266917909f,0.9799425090699844f,0.15582152648857922f,0.40483700029985253f,-0.47802308521567327f,0.19671769967057962f,-0.8560350907744405f,0.4354932510769769f,0f,0f,0f,1f], start_interpolation: 0, interpolation_duration: 1 }
$data merge entity $(bone_leg_left_3) { transformation: [-0.9967792248859706f,-0.06739486310360973f,-0.04346388458213929f,0.6261459676201864f,-0.06831282703034057f,0.997463644786028f,0.019990872749726496f,0.007792870508602945f,0.042006362599570406f,0.02289562747379259f,-0.9988549723276824f,0.32877878679901984f,0f,0f,0f,1f], start_interpolation: 0, interpolation_duration: 1 }
$data merge entity $(bone_leg_left_2) { transformation: [-0.8964272253215069f,-0.4983720313528386f,0.010283363667796482f,0.5089032749813884f,-0.48760415648505046f,0.8722901161091018f,-0.2311154244475404f,0.2032234697536615f,0.10355006413122737f,-0.20687549686782564f,-0.9992707903840699f,0.2498351108804428f,0f,0f,0f,1f], start_interpolation: 0, interpolation_duration: 1 }
$data merge entity $(bone_leg_left_1) { transformation: [-0.9647858045709478f,-0.24082905141646938f,-0.10578146951254183f,0.4683021123709833f,-0.1348332460939344f,0.10749673262548559f,0.9850200242749471f,0.18287049283939877f,-0.22585027572744243f,0.9645961955495617f,-0.13618308443103294f,0.5236063430893375f,0f,0f,0f,1f], start_interpolation: 0, interpolation_duration: 1 }
$data merge entity $(bone_leg_left_0) { transformation: [-0.9647720560934135f,-0.024523225457468156f,0.2619417706179174f,0.32517032598239237f,-0.18137797334299238f,0.7832060611819314f,-0.5947186700565852f,0.5177066261790175f,-0.19056996239511673f,-0.6212784215961851f,-0.7600632949246244f,0.3193875043407124f,0f,0f,0f,1f], start_interpolation: 0, interpolation_duration: 1 }
$data merge entity $(bone_leg_right_3) { transformation: [-0.999437250271317f,-0.012698408823443148f,0.031047273365973543f,-0.11986114014783576f,-0.010905627222855395f,0.9983005263735153f,0.0572461905914963f,0.05496262371351898f,-0.031721444875429404f,0.056875385323657435f,-0.9978772171361062f,-0.15244404452654847f,0f,0f,0f,1f], start_interpolation: 0, interpolation_duration: 1 }
$data merge entity $(bone_leg_right_2) { transformation: [-1.0251843922022643f,-0.019603283114208885f,0.02597831358483843f,-0.1220373419245575f,-0.012852533587736022f,0.9960669467205571f,0.2444333232844022f,0.2947184064507946f,-0.029899395745468627f,0.2439847299373982f,-0.995811065007878f,-0.1263001952330935f,0f,0f,0f,1f], start_interpolation: 0, interpolation_duration: 1 }
$data merge entity $(bone_leg_right_1) { transformation: [-0.9806818297233972f,0.034193451477025585f,-0.19259791464722015f,-0.12206427011798475f,-0.19531272089624516f,-0.11693377746011474f,0.9737450553122278f,0.20741759219852463f,0.01077450260917201f,0.9925509052763974f,0.12135324688086549f,0.13712332832835433f,0f,0f,0f,1f], start_interpolation: 0, interpolation_duration: 1 }
$data merge entity $(bone_leg_right_0) { transformation: [-0.9906087858669068f,-0.13186160349023526f,0.03614900950616333f,-0.061596520748309874f,-0.12170511118351401f,0.9708789043829396f,0.2063541105381508f,0.5859690271812203f,-0.06230649464623414f,0.20001667567772152f,-0.977809403808192f,0.302500899126698f,0f,0f,0f,1f], start_interpolation: 0, interpolation_duration: 1 }
$data merge entity $(bone_tail_4) { transformation: [-2.276118340957757f,-0.2107671249793309f,-1.5493624006615276f,0.33047272452067483f,-0.785996110744886f,2.5196538730048514f,0.81192105881395f,0.8228856058375704f,1.351723619476118f,1.1102175061129231f,-2.136801740281672f,-1.367368194789588f,0f,0f,0f,1f], start_interpolation: 0, interpolation_duration: 1 }
$data merge entity $(bone_tail_3) { transformation: [-1.9830022271047865f,-0.27980159232094876f,-0.570402281093407f,0.42992995091848546f,-0.39203170835973594f,2.0100231890625024f,0.37691304715544255f,0.7393054266311803f,0.4999588312875842f,0.4663296842472236f,-1.9668562018235802f,-1.0384254684741274f,0f,0f,0f,1f], start_interpolation: 0, interpolation_duration: 1 }
$data merge entity $(bone_tail_2) { transformation: [-1.9380385363702508f,-0.25041221626608284f,-0.008615595820438898f,0.43003891215133655f,-0.2500575498358114f,1.9287505486471865f,0.19017470353878457f,0.7042264125706548f,-0.015865948340495376f,0.1897074538352734f,-1.944873576519916f,-0.6768443090242304f,0f,0f,0f,1f], start_interpolation: 0, interpolation_duration: 1 }
$data merge entity $(bone_tail_1) { transformation: [-1.411493368283613f,0.1803462250983477f,0.5126577419528136f,0.3188646406267461f,0.2447233602821297f,1.484868263775551f,0.15143634360484276f,0.6532542186142054f,-0.48523519887123245f,0.22427155041368277f,-1.4148870355796743f,-0.37465431284124817f,0f,0f,0f,1f], start_interpolation: 0, interpolation_duration: 1 }
$data merge entity $(bone_tail_0) { transformation: [-1.1127963357301518f,0.3146254899177741f,0.5445464469295306f,0.16732798592481168f,0.3698223468153091f,1.2225499685230137f,0.049383426819363314f,0.6683255420420525f,-0.5086761873388538f,0.20054448918483578f,-1.1553640815241004f,-0.032190579297590755f,0f,0f,0f,1f], start_interpolation: 0, interpolation_duration: 1 }
$data merge entity $(bone_body_1) { transformation: [-1.2164254291137195f,0.18310836934181127f,0.12403667013724819f,0.1261575494922076f,0.2146929633016185f,1.144154981492889f,0.41643835665080925f,0.4944425f,-0.05311028121299654f,0.43126012852829265f,-1.1574966931388992f,0.20786275781977148f,0f,0f,0f,1f], start_interpolation: 0, interpolation_duration: 1 }