# This file was generated by Animated Java via MC-Build. It is not recommended to edit this file directly.
$data merge entity $(bone_head_lower) { transformation: [-0.692769244861744f,-0.044018805803568595f,0.7198146414941256f,-0.2621593765728775f,-0.03186516150886329f,0.9990289729317572f,0.03042569185626598f,0.2600860561280053f,-0.7204549846143776f,-0.0018590262359932663f,-0.6934992135292948f,1.024106897669563f,0f,0f,0f,1f], start_interpolation: 0, interpolation_duration: 1 }
$data merge entity $(bone_head_upper) { transformation: [-0.7211032183227374f,-0.4934891203880192f,0.5656417410046369f,-0.2344705439600656f,-0.03316843333742517f,0.8045314333693607f,0.659621838885046f,0.3236138921531999f,-0.7499212932955288f,0.43894145778544086f,-0.5730797440868594f,0.994223807295699f,0f,0f,0f,1f], start_interpolation: 0, interpolation_duration: 1 }
$data merge entity $(bone_neck_0) { transformation: [-0.7565310999015745f,0.034630999549334754f,0.6530401126668467f,-0.19256141776897015f,0.015819139347727707f,0.9992737537871407f,-0.03466583076249849f,0.3051471363160087f,-0.6537663571276906f,-0.015895246533822016f,-0.7565295046629824f,0.9457744489403473f,0f,0f,0f,1f], start_interpolation: 0, interpolation_duration: 1 }
$data merge entity $(bone_neck_1) { transformation: [-0.7945076434319261f,-0.03976763570069777f,0.6059506082834013f,-0.14141265267235104f,0.06750642770987343f,0.9858844126287412f,0.15321490512849528f,0.3226682959794511f,-0.6034902540605764f,0.16263597414612427f,-0.7806081303493076f,0.8803959384214446f,0f,0f,0f,1f], start_interpolation: 0, interpolation_duration: 1 }
$data merge entity $(bone_neck_2) { transformation: [-0.8546245530437178f,-0.08314061882012005f,0.5125470815808371f,-0.09732368284389356f,0.07179180581884258f,0.9586977812552095f,0.27521718847776944f,0.35616563628361914f,-0.5142594772603567f,0.2720040472466283f,-0.8133578476472446f,0.8118027804087626f,0f,0f,0f,1f], start_interpolation: 0, interpolation_duration: 1 }
$data merge entity $(bone_body_0) { transformation: [-0.9070811954334804f,0.038861568313009714f,0.4191580649340073f,0.10059414633190239f,0.10015644632814366f,0.9870592778613853f,0.12523046053847436f,0.4245892561669021f,-0.40886720478645133f,0.15557557808349617f,-0.8992351463071825f,0.38947867993670415f,0f,0f,0f,1f], start_interpolation: 0, interpolation_duration: 1 }
$data merge entity $(bone_leg_left_3) { transformation: [-0.9991596226445981f,-0.04034995878363571f,0.007206198919195453f,0.6128654017463454f,-0.04041800217990365f,0.9991371195532007f,-0.009560409547576254f,0.032242259096781384f,-0.006814218699852999f,-0.009843635359508884f,-0.9999283320650633f,0.30419700845557435f,0f,0f,0f,1f], start_interpolation: 0, interpolation_duration: 1 }
$data merge entity $(bone_leg_left_2) { transformation: [-0.8964912898517532f,-0.4979263049640942f,-0.020855731716677997f,0.4947641703697611f,-0.4714158630244756f,0.8611975787027237f,-0.29693099202701684f,0.22307832231013885f,0.16165596434874568f,-0.24994064247749592f,-0.9815595875590578f,0.21585240935309657f,0f,0f,0f,1f], start_interpolation: 0, interpolation_duration: 1 }
$data merge entity $(bone_leg_left_1) { transformation: [-0.9748783062630114f,-0.2061853636455443f,-0.0842608081857557f,0.4626342384161918f,-0.1185727809353519f,0.1601628710292562f,0.9799430342448088f,0.21697851656941747f,-0.1885544579134079f,0.9653162438092608f,-0.18058728039084138f,0.4914315186889642f,0f,0f,0f,1f], start_interpolation: 0, interpolation_duration: 1 }
$data merge entity $(bone_leg_left_0) { transformation: [-0.9544093176285319f,-0.015671211112698716f,0.29808936171239203f,0.3212403346040046f,-0.2063900149139408f,0.756099801734867f,-0.6210605860625177f,0.5404079573303566f,-0.21565253573205057f,-0.6542686779594111f,-0.7248630773281122f,0.26847762350372834f,0f,0f,0f,1f], start_interpolation: 0, interpolation_duration: 1 }
$data merge entity $(bone_leg_right_3) { transformation: [-0.9999764301635733f,-0.0025972223297530926f,0.006355592300176554f,-0.11947444353416078f,-0.0023857226709026857f,0.9994504552039547f,0.033062001148524506f,0.051244548227495496f,-0.006437968985151527f,0.03304605920192799f,-0.9994330945724023f,-0.16844655371001446f,0f,0f,0f,1f], start_interpolation: 0, interpolation_duration: 1 }
$data merge entity $(bone_leg_right_2) { transformation: [-1.0256850819320569f,-0.004883837007386707f,0.002908666156392299f,-0.11893174247342127f,-0.004088213380754046f,0.9984489462875951f,0.23483012513142054f,0.2912451929923625f,-0.003949520740227292f,0.23481492562009443f,-0.9984530792644418f,-0.14456208063601966f,0f,0f,0f,1f], start_interpolation: 0, interpolation_duration: 1 }
$data merge entity $(bone_leg_right_1) { transformation: [-0.9817117066626099f,0.058382105504664564f,-0.1812005925995498f,-0.11301235112734564f,-0.18766257295594382f,-0.13671512521131501f,0.9726724696679814f,0.1987796481211569f,0.03201380504002678f,0.9888885196498626f,0.14517097503138313f,0.11702627819810107f,0f,0f,0f,1f], start_interpolation: 0, interpolation_duration: 1 }
$data merge entity $(bone_leg_right_0) { transformation: [-0.9849331769152251f,-0.16847688981777714f,0.03901505618361244f,-0.06781420225711782f,-0.16288689525539807f,0.9795686605739211f,0.11795379847835008f,0.5927277393866996f,-0.058090415437822826f,0.10982156809453608f,-0.9922523503703673f,0.2476758372918592f,0f,0f,0f,1f], start_interpolation: 0, interpolation_duration: 1 }
$data merge entity $(bone_tail_4) { transformation: [-2.7237673532614783f,-0.05742763957863559f,-0.45105964474710936f,0.41933501711376187f,-0.20338618447235374f,2.603905254008857f,0.8966453143305034f,0.6600294600227263f,0.40667775556666447f,0.9176278254049925f,-2.5725927988645543f,-1.4510725974586418f,0f,0f,0f,1f], start_interpolation: 0, interpolation_duration: 1 }
$data merge entity $(bone_tail_3) { transformation: [-2.0714815894284646f,-0.17747659170494853f,-0.11580850616497039f,0.44070860793733724f,-0.189981377622213f,2.0594202476549035f,0.242158720161442f,0.5988152459477634f,0.09389689483754553f,0.25146735173826534f,-2.0649196280228566f,-1.1033993413038772f,0f,0f,0f,1f], start_interpolation: 0, interpolation_duration: 1 }
$data merge entity $(bone_tail_2) { transformation: [-1.9356490100602652f,-0.1891347889172599f,0.1904332336455899f,0.4038311745860192f,-0.19349575760631763f,1.9442355067876336f,-0.03579889575627405f,0.6057897394643157f,-0.1860004748484518f,-0.05431575066437803f,-1.9445378622152594f,-0.7420644615610722f,0f,0f,0f,1f], start_interpolation: 0, interpolation_duration: 1 }
$data merge entity $(bone_tail_1) { transformation: [-1.390180719597561f,0.2362198126805203f,0.5470411474070189f,0.2845546194309603f,0.21053995975119072f,1.49373184671369f,-0.10997429454775906f,0.6109945079888522f,-0.5574286880015908f,-0.024932312578061916f,-1.4058121807632538f,-0.4387120414721988f,0f,0f,0f,1f], start_interpolation: 0, interpolation_duration: 1 }
$data merge entity $(bone_tail_0) { transformation: [-1.1466055674430897f,0.3317663728001729f,0.45723348868117125f,0.15894648050890836f,0.32018528420777154f,1.2340050698329434f,-0.09245857443963212f,0.667791792899489f,-0.46541677351522964f,0.03159553907812256f,-1.1900523792779307f,-0.09018862021603749f,0f,0f,0f,1f], start_interpolation: 0, interpolation_duration: 1 }
$data merge entity $(bone_body_1) { transformation: [-1.2236204730325515f,0.13718901794651714f,0.11196743449197608f,0.12367496648366003f,0.16455162555165112f,1.1697241928039432f,0.3650652960139089f,0.5041300000000001f,-0.06542396778057684f,0.37620351032424454f,-1.175923134527003f,0.1578570603557531f,0f,0f,0f,1f], start_interpolation: 0, interpolation_duration: 1 }