# This file was generated by Animated Java via MC-Build. It is not recommended to edit this file directly.
$data merge entity $(bone_head_lower) { transformation: [-0.7743255566175286f,-0.05249930011771148f,0.6306058641149042f,-0.22902280481544682f,-0.021154012903670326f,0.9981430456119731f,0.05712239696061089f,0.270632186635128f,-0.6324337436498987f,0.030891487235235715f,-0.7739982402495302f,1.0304086621268576f,0f,0f,0f,1f], start_interpolation: 0, interpolation_duration: 1 }
$data merge entity $(bone_head_upper) { transformation: [-0.805995149247537f,-0.42247423983740373f,0.5053308605723141f,-0.20392337792119736f,-0.0220192032172584f,0.8154150900104723f,0.6465951811267984f,0.3335098498663758f,-0.6583000202511198f,0.48998539798705054f,-0.64033376896768f,0.9970638765081901f,0f,0f,0f,1f], start_interpolation: 0, interpolation_duration: 1 }
$data merge entity $(bone_neck_0) { transformation: [-0.8300374578789081f,0.03981616926265301f,0.556284541564088f,-0.16833106165902104f,0.02887994207988633f,0.9991786650017729f,-0.028424361923135855f,0.315444002304487f,-0.556959394806643f,-0.00752781977220271f,-0.8305056077270612f,0.9436639848485555f,0f,0f,0f,1f], start_interpolation: 0, interpolation_duration: 1 }
$data merge entity $(bone_neck_1) { transformation: [-0.8410081333737067f,-0.025305868316471726f,0.5404303217141161f,-0.12266610123396338f,0.06827120850649693f,0.9859564668715585f,0.152410260557536f,0.332897329956699f,-0.5366976445712577f,0.16507409991547128f,-0.8274697455791125f,0.8743269126016421f,0f,0f,0f,1f], start_interpolation: 0, interpolation_duration: 1 }
$data merge entity $(bone_neck_2) { transformation: [-0.8865797132262861f,-0.0763548507003097f,0.4562305873898962f,-0.08344444175934074f,0.0657370849045772f,0.955475814349793f,0.28765361784766147f,0.3674526496771565f,-0.4578810410618075f,0.28501913087919817f,-0.842086128177529f,0.8033443675555934f,0f,0f,0f,1f], start_interpolation: 0, interpolation_duration: 1 }
$data merge entity $(bone_body_0) { transformation: [-0.9199531739125624f,0.04633262027458927f,0.389280677797773f,0.10046345800809872f,0.09856913213257218f,0.9884285306811589f,0.11529599267154511f,0.43120723595368454f,-0.37943416293058574f,0.1444379729640934f,-0.9138749301557569f,0.3740144922441225f,0f,0f,0f,1f], start_interpolation: 0, interpolation_duration: 1 }
$data merge entity $(bone_leg_left_3) { transformation: [-0.9992412315537125f,-0.02589810072624844f,0.02909036854000497f,0.6053213902117861f,-0.026332148442422154f,0.9995460710372297f,-0.014637958616014857f,0.03897753465780757f,-0.028698068252522704f,-0.015392863697539227f,-0.9994695996506163f,0.29310771160364457f,0f,0f,0f,1f], start_interpolation: 0, interpolation_duration: 1 }
$data merge entity $(bone_leg_left_2) { transformation: [-0.8978572956921046f,-0.49450791998127563f,-0.03709977289616921f,0.48751284658796884f,-0.46085549112000757f,0.8604063302465678f,-0.3152385805653643f,0.2290797556485816f,0.18310295567710425f,-0.2592779656047182f,-0.9753514462361154f,0.20281172780798673f,0f,0f,0f,1f], start_interpolation: 0, interpolation_duration: 1 }
$data merge entity $(bone_leg_left_1) { transformation: [-0.9793354456269434f,-0.18933382303456042f,-0.07109703505627979f,0.45935156116126635f,-0.10492215124338235f,0.17510914001308814f,0.9789423533908101f,0.22682159565784538f,-0.17289715763174618f,0.966172599766209f,-0.19135589968398847f,0.4788827845602977f,0f,0f,0f,1f], start_interpolation: 0, interpolation_duration: 1 }
$data merge entity $(bone_leg_left_0) { transformation: [-0.9502369174894862f,-0.009519368531234168f,0.3113826942250416f,0.3197760587655058f,-0.21236673970733255f,0.7510901034860185f,-0.6251112095551f,0.5479188647289819f,-0.22792579605248126f,-0.66013107642962f,-0.7157351419524643f,0.25145696920398797f,0f,0f,0f,1f], start_interpolation: 0, interpolation_duration: 1 }
$data merge entity $(bone_leg_right_3) { transformation: [-0.9999993716235563f,0.001112700417950272f,-0.00013656600076989746f,-0.11872526882178146f,0.0011088885039740558f,0.9996791911248566f,0.025303857378637773f,0.05087852655584557f,0.00016467780186578754f,0.02530369004182162f,-0.9996797968107037f,-0.17359343325504212f,0f,0f,0f,1f], start_interpolation: 0, interpolation_duration: 1 }
$data merge entity $(bone_leg_right_2) { transformation: [-1.025696815905878f,0.0001561545344446127f,-0.002866523504091584f,-0.11718621407489338f,-0.0004960691593380099f,0.999134584371667f,0.23193110125323796f,0.2909438269651178f,0.002827588482663417f,0.23193157919721058f,-0.9991305954754642f,-0.1504125161914833f,0f,0f,0f,1f], start_interpolation: 0, interpolation_duration: 1 }
$data merge entity $(bone_leg_right_1) { transformation: [-0.9821332785943127f,0.06443615008689249f,-0.17681121468833882f,-0.1098633200174654f,-0.18446265569867146f,-0.14364374283554837f,0.9722859681167823f,0.19668022014973036f,0.037252539915819914f,0.9875294718164997f,0.15296336346866185f,0.1104976854345616f,0f,0f,0f,1f], start_interpolation: 0, interpolation_duration: 1 }
$data merge entity $(bone_leg_right_0) { transformation: [-0.9826813133082012f,-0.1805916405061032f,0.04152223325139677f,-0.06988775272836756f,-0.17642172810404355f,0.9803311895639414f,0.08846543178513558f,0.5949020135788136f,-0.05668165777085163f,0.07960790254404354f,-0.9952134301369161f,0.22936162371061097f,0f,0f,0f,1f], start_interpolation: 0, interpolation_duration: 1 }
$data merge entity $(bone_tail_4) { transformation: [-2.736984489067741f,0.0737325327056747f,0.3593615892432123f,0.4944678961739568f,0.1866057264599075f,2.6088122679082173f,0.8859673725730273f,0.5938793676596268f,-0.315841005974479f,0.9023986901765704f,-2.5906721897053355f,-1.4652813001648084f,0f,0f,0f,1f], start_interpolation: 0, interpolation_duration: 1 }
$data merge entity $(bone_tail_3) { transformation: [-2.063177198307976f,-0.032296466598993746f,0.27964676410020955f,0.4473661853651982f,-0.005169176155443024f,2.0725416404848698f,0.20122115723402928f,0.5394782483152599f,-0.28145808576832926f,0.19867967371109713f,-2.05359520335779f,-1.1190116790778097f,0f,0f,0f,1f], start_interpolation: 0, interpolation_duration: 1 }
$data merge entity $(bone_tail_2) { transformation: [-1.925542748524165f,-0.09052589795659818f,0.32072427474068005f,0.38629886934247776f,-0.11174218960433635f,1.9471986253721205f,-0.12126446888569271f,0.5624017625578385f,-0.313962866707533f,-0.13782761026315515f,-1.923851538757789f,-0.7616368347229054f,0f,0f,0f,1f], start_interpolation: 0, interpolation_duration: 1 }
$data merge entity $(bone_tail_1) { transformation: [-1.3872047114680053f,0.27265671553389503f,0.5375664181803382f,0.2686129235167141f,0.2024250080306702f,1.4813024327810533f,-0.22896171898532808f,0.5933709868175685f,-0.5677529873146883f,-0.13804951325956163f,-1.395082480459147f,-0.45920072196076506f,0f,0f,0f,1f], start_interpolation: 0, interpolation_duration: 1 }
$data merge entity $(bone_tail_0) { transformation: [-1.1615266500377721f,0.3389144309600121f,0.4121026162536588f,0.15636556983359318f,0.30550386641076327f,1.2318292720789572f,-0.15198601462479513f,0.6675110674210957f,-0.43744593430975404f,-0.039615268779917605f,-1.2003780244653721f,-0.10937835083504627f,0f,0f,0f,1f], start_interpolation: 0, interpolation_duration: 1 }
$data merge entity $(bone_body_1) { transformation: [-1.2255367105871842f,0.1216523109849815f,0.10892695392513263f,0.12284743241980023f,0.1477673111950147f,1.1772015071942552f,0.3478017082448264f,0.5073591666666667f,-0.06949235786466232f,0.35777356211413536f,-1.181428578250426f,0.14118865608343223f,0f,0f,0f,1f], start_interpolation: 0, interpolation_duration: 1 }