# This file was generated by Animated Java via MC-Build. It is not recommended to edit this file directly.
$data merge entity $(bone_head_lower) { transformation: [-0.950909221574049f,0.007935781766158972f,0.3093681879140078f,-0.12195713404904995f,0.07107272878021623f,0.9785510649884002f,0.193355838892445f,0.29573205264459557f,-0.30119814001612083f,0.20585149156085125f,-0.9310772491437016f,1.0296730686731794f,0f,0f,0f,1f], start_interpolation: 0, interpolation_duration: 1 }
$data merge entity $(bone_head_upper) { transformation: [-0.989801012524252f,-0.14258263450584727f,0.28885306044223485f,-0.1055532829633045f,0.07397957377369009f,0.8078146172376214f,0.6522534089025561f,0.3588589133508122f,-0.3135170184435552f,0.6407633565506958f,-0.7580246319425624f,0.991707694728867f,0f,0f,0f,1f], start_interpolation: 0, interpolation_duration: 1 }
$data merge entity $(bone_neck_0) { transformation: [-0.9730395278735068f,0.06175765569613369f,0.22221626663820399f,-0.09187239165708683f,0.06600805216860965f,0.9977499745102552f,0.011744165091263165f,0.3434016313665622f,-0.2209909822698874f,0.02609559977663939f,-0.9749266666922637f,0.9283149356705667f,0f,0f,0f,1f], start_interpolation: 0, interpolation_duration: 1 }
$data merge entity $(bone_neck_1) { transformation: [-0.9488562871388908f,0.018798052908143036f,0.315148186673923f,-0.06508860364586427f,0.07378330792663959f,0.9837857421481802f,0.1634675411736431f,0.3617816555563066f,-0.30696542122591247f,0.17835987988563085f,-0.9348582691610433f,0.8499418519294918f,0f,0f,0f,1f], start_interpolation: 0, interpolation_duration: 1 }
$data merge entity $(bone_neck_2) { transformation: [-0.9613789157401657f,-0.04044298528606327f,0.2722406018789537f,-0.04163424721957018f,0.05462888934854621f,0.9414248847651054f,0.33276849429228117f,0.400151809432421f,-0.2697522285706052f,0.3347888159514278f,-0.9028566795981703f,0.7741226271227695f,0f,0f,0f,1f], start_interpolation: 0, interpolation_duration: 1 }
$data merge entity $(bone_body_0) { transformation: [-0.9521518726725849f,0.06755138878507998f,0.2980664711759721f,0.09948687431381242f,0.09790864934483366f,0.9912877835655262f,0.08810463402805141f,0.45111844830565506f,-0.28951806118023116f,0.11307227788876215f,-0.9504703847166868f,0.3272466538569755f,0f,0f,0f,1f], start_interpolation: 0, interpolation_duration: 1 }
$data merge entity $(bone_leg_left_3) { transformation: [-0.9980152774413744f,0.03579566127757999f,0.05180904001540265f,0.5695711090672713f,0.03537285133220865f,0.999333159330027f,-0.009055277582551202f,0.047877976745757195f,-0.05209863128956754f,-0.0072046718987293645f,-0.9986159548698319f,0.2424534392480155f,0f,0f,0f,1f], start_interpolation: 0, interpolation_duration: 1 }
$data merge entity $(bone_leg_left_2) { transformation: [-0.9153554027504236f,-0.4463749357335571f,-0.12221334994658825f,0.46032475723650124f,-0.3995796995858621f,0.8989135934843443f,-0.2904352158892416f,0.2478177818856973f,0.2335010703084178f,-0.2115796958562449f,-0.9761011637975324f,0.16333086978590777f,0f,0f,0f,1f], start_interpolation: 0, interpolation_duration: 1 }
$data merge entity $(bone_leg_left_1) { transformation: [-0.9905135594798742f,-0.13502084688154983f,-0.025539369489065655f,0.44472502153333004f,-0.053862826611261155f,0.21050591824148357f,0.9761076038504954f,0.2543092865134774f,-0.12641868689380992f,0.9682234397558755f,-0.21578157083343802f,0.4403288738823713f,0f,0f,0f,1f], start_interpolation: 0, interpolation_duration: 1 }
$data merge entity $(bone_leg_left_0) { transformation: [-0.9417398809645929f,0.017961248823242272f,0.335862159436731f,0.31493451939869166f,-0.2152327261312382f,0.7351612958089442f,-0.6428162589314534f,0.5702604453174577f,-0.25845864311899097f,-0.6776542353481042f,-0.688464862655943f,0.20025269978232957f,0f,0f,0f,1f], start_interpolation: 0, interpolation_duration: 1 }
$data merge entity $(bone_leg_right_3) { transformation: [-0.9998125546722787f,0.012987496902729361f,-0.014358984779344065f,-0.11473071056449996f,0.012942462633766019f,0.9999110426869129f,0.003224806001016628f,0.05248414988598443f,0.014399589600589567f,0.0030383609022333613f,-0.9998917042271942f,-0.1887446434069799f,0f,0f,0f,1f], start_interpolation: 0, interpolation_duration: 1 }
$data merge entity $(bone_leg_right_2) { transformation: [-1.0254862404900422f,0.015193846536676804f,-0.014467795053626718f,-0.11004524958227042f,0.011661800533327287f,1.0007827766759396f,0.22441041824704003f,0.2926823572822522f,0.017440541121614226f,0.22419897510227482f,-1.0007461449284576f,-0.16743878306248433f,0f,0f,0f,1f], start_interpolation: 0, interpolation_duration: 1 }
$data merge entity $(bone_leg_right_1) { transformation: [-0.9836956048573126f,0.07649486057730936f,-0.16276207571072562f,-0.100222609070382f,-0.1735097179616349f,-0.16564585475251997f,0.9708016422401542f,0.1927383219039145f,0.04730047311898606f,0.9832141105113192f,0.1762177009671702f,0.09126585776452789f,0f,0f,0f,1f], start_interpolation: 0, interpolation_duration: 1 }
$data merge entity $(bone_leg_right_0) { transformation: [-0.9748891586243197f,-0.21613634763562922f,0.05363028647598802f,-0.07609475786709714f,-0.21641950848022223f,0.9763003149250803f,0.0005398392056283341f,0.6011859226291335f,-0.05247594445024441f,-0.011080356849819478f,-0.9985607147019833f,0.17430610597331692f,0f,0f,0f,1f], start_interpolation: 0, interpolation_duration: 1 }
$data merge entity $(bone_tail_4) { transformation: [-1.2003011198137408f,0.25624804855273364f,2.4737169383312216f,0.7304267362919659f,0.8398386801060791f,2.6271674575164057f,0.13536422409359733f,0.32978027405454347f,-2.340856583554738f,0.8111654697900414f,-1.219861618155413f,-1.365252826818052f,0f,0f,0f,1f], start_interpolation: 0, interpolation_duration: 1 }
$data merge entity $(bone_tail_3) { transformation: [-1.4044776208358127f,0.37505626050612484f,1.490879250667531f,0.47395848956848496f,0.3041955165594958f,2.0472468105578825f,-0.22845373800864732f,0.3484836684513655f,-1.5069350438293352f,0.0637089017342468f,-1.4356299925688865f,-1.1224464741511864f,0f,0f,0f,1f], start_interpolation: 0, interpolation_duration: 1 }
$data merge entity $(bone_tail_2) { transformation: [-1.7772069719795418f,0.2324879208706948f,0.7786261107870098f,0.32795477056332806f,0.05142093752068181f,1.9009033625747371f,-0.45021791205962386f,0.4326685433681303f,-0.810965560880718f,-0.38895969946005293f,-1.734883018034399f,-0.8006277288285242f,0f,0f,0f,1f], start_interpolation: 0, interpolation_duration: 1 }
$data merge entity $(bone_tail_1) { transformation: [-1.3876215284608735f,0.3590524830023564f,0.482953474158486f,0.22096522018286324f,0.15923132615943325f,1.389600468614485f,-0.5755972310530271f,0.539392090212282f,-0.5803517282833032f,-0.4772296114830328f,-1.312669044124351f,-0.5117679052856537f,0f,0f,0f,1f], start_interpolation: 0, interpolation_duration: 1 }
$data merge entity $(bone_tail_0) { transformation: [-1.2019891190750924f,0.3382203396121047f,0.2732487439710991f,0.14927744558431758f,0.26291945562780633f,1.2051486288251085f,-0.3351505018306941f,0.6664132396670231f,-0.34631089220740474f,-0.25895849261543974f,-1.2028486944021173f,-0.16651668969751757f,0f,0f,0f,1f], start_interpolation: 0, interpolation_duration: 1 }
$data merge entity $(bone_body_1) { transformation: [-1.2298312547074532f,0.07456745930191316f,0.10275881477615f,0.12036481301903583f,0.09726412004386426f,1.1965103846308396f,0.2958161345817754f,0.5170466666666667f,-0.08160496892367733f,0.3023362177114542f,-1.1960510171239136f,0.09118392798762773f,0f,0f,0f,1f], start_interpolation: 0, interpolation_duration: 1 }