# This file was generated by Animated Java via MC-Build. It is not recommended to edit this file directly.
$data merge entity $(bone_head_lower) { transformation: [-0.9821586803563905f,0.12296186397742301f,0.14228389440759417f,-0.06356264198862002f,0.16296677145050587f,0.9340843166226762f,0.31769217938524524f,0.3111998686805509f,-0.09384113172587097f,0.3352116785655685f,-0.9374577177396651f,1.0109966504565733f,0f,0f,0f,1f], start_interpolation: 0, interpolation_duration: 1 }
$data merge entity $(bone_head_upper) { transformation: [-1.0223285611501836f,0.060565340269272655f,0.18613998817602323f,-0.04968802291128384f,0.16963204450001013f,0.7680516339462329f,0.6817577279758372f,0.3754975053972256f,-0.09767919491298754f,0.6999289033424012f,-0.7642187172076861f,0.9739998215396755f,0f,0f,0f,1f], start_interpolation: 0, interpolation_duration: 1 }
$data merge entity $(bone_neck_0) { transformation: [-0.9973340370277928f,0.060378704713497294f,0.0409784163062184f,-0.04769607770524997f,0.06211588475408074f,0.9971622697124876f,0.04253263127362192f,0.3620418605721111f,-0.03829406542877384f,0.04496465143821787f,-0.9982543486877361f,0.9087333367949505f,0f,0f,0f,1f], start_interpolation: 0, interpolation_duration: 1 }
$data merge entity $(bone_neck_1) { transformation: [-0.9833960568329432f,0.03163420938637371f,0.17869379452548959f,-0.03241263310452101f,0.06403966087927083f,0.9818333519585033f,0.17861184399808905f,0.38169581156250554f,-0.16979728278122364f,0.18708967309402416f,-0.9675568908243506f,0.8276304676956711f,0f,0f,0f,1f], start_interpolation: 0, interpolation_duration: 1 }
$data merge entity $(bone_neck_2) { transformation: [-0.9870288069479768f,-0.017627536158057948f,0.15957256726596125f,-0.01860546401396579f,0.04074587020553937f,0.9339028908075733f,0.35519736007246916f,0.42195725727536737f,-0.15528653617119131f,0.3570919496575838f,-0.921070806818726f,0.7504339103569158f,0f,0f,0f,1f], start_interpolation: 0, interpolation_duration: 1 }
$data merge entity $(bone_body_0) { transformation: [-0.9667139973863841f,0.0675165577898357f,0.24679052186307684f,0.09834916308429076f,0.08727014968231768f,0.9937230608012294f,0.06998856625379574f,0.4644090604016155f,-0.24051604568440726f,0.08919637243771666f,-0.9665381725065432f,0.2957578011156637f,0f,0f,0f,1f], start_interpolation: 0, interpolation_duration: 1 }
$data merge entity $(bone_leg_left_3) { transformation: [-0.994716456988305f,0.10262641253941857f,0.0026437938502985037f,0.5275958223820284f,0.10265694345566061f,0.9941393068553562f,0.03389086197624264f,0.045106505035975436f,0.0008497981966862078f,0.03398320194508633f,-0.9994220428970858f,0.1869492413653328f,0f,0f,0f,1f], start_interpolation: 0, interpolation_duration: 1 }
$data merge entity $(bone_leg_left_2) { transformation: [-0.9435751593332102f,-0.34617254963926913f,-0.2046770237868657f,0.43911422485760837f,-0.3218530307570216f,0.9630364468433302f,-0.14502974917094574f,0.2646075178699008f,0.24111977269092036f,-0.06919224977058859f,-0.994553109335976f,0.14045855057219553f,0f,0f,0f,1f], start_interpolation: 0, interpolation_duration: 1 }
$data merge entity $(bone_leg_left_1) { transformation: [-0.9945254876385626f,-0.10444154547334261f,0.0033193397564814375f,0.43037127208238934f,-0.020148166413376217f,0.2228332976293012f,0.9746483329169706f,0.27385393197528973f,-0.10253343760675421f,0.9692457299605663f,-0.22371769962555682f,0.41767949181352315f,0f,0f,0f,1f], start_interpolation: 0, interpolation_duration: 1 }
$data merge entity $(bone_leg_left_0) { transformation: [-0.9436927549833126f,0.04428987589529294f,0.3278450717719959f,0.31134381401225236f,-0.20029119407002804f,0.7122416209382083f,-0.6727520427180553f,0.5849803774133386f,-0.2633010098157771f,-0.7005357095084399f,-0.6632663853486764f,0.16600494455278067f,0f,0f,0f,1f], start_interpolation: 0, interpolation_duration: 1 }
$data merge entity $(bone_leg_right_3) { transformation: [-0.9995835058613445f,0.02131190995377131f,-0.019458090966641153f,-0.11071154036908243f,0.021515744854969772f,0.9997151722071859f,-0.010327012253919077f,0.0558377225367272f,0.019232460406291816f,-0.010741366434448424f,-0.999757338314574f,-0.1987786079100466f,0f,0f,0f,1f], start_interpolation: 0, interpolation_duration: 1 }
$data merge entity $(bone_leg_right_2) { transformation: [-1.0252518754495594f,0.024801377822263552f,-0.017483793809500346f,-0.10388014925313412f,0.020465935947592925f,1.0015015565414296f,0.22054019409526532f,0.2960702106699807f,0.022403947278210046f,0.22009480549051053f,-1.001558055852552f,-0.17846221534781292f,0f,0f,0f,1f], start_interpolation: 0, interpolation_duration: 1 }
$data merge entity $(bone_leg_right_1) { transformation: [-0.9849797470612779f,0.07946827341520793f,-0.15329609062042984f,-0.09377734023866588f,-0.16550615105134833f,-0.18144269504838678f,0.9693741601557915f,0.19206977176845963f,0.049220034978345505f,0.9801853610077962f,0.19186986793852395f,0.0786277059211349f,0f,0f,0f,1f], start_interpolation: 0, interpolation_duration: 1 }
$data merge entity $(bone_leg_right_0) { transformation: [-0.9688618986292067f,-0.23879840114352963f,0.06543657231168833f,-0.08020927663860346f,-0.24256022803833494f,0.9684481270073242f,-0.05720805074459759f,0.6051749159918901f,-0.04971073484268608f,-0.07129901056325691f,-0.9962154856927795f,0.13751171080137736f,0f,0f,0f,1f], start_interpolation: 0, interpolation_duration: 1 }
$data merge entity $(bone_tail_4) { transformation: [-0.2764629128471338f,0.1979986389108519f,2.7404426884008237f,0.7858919299841427f,0.6833512185739916f,2.6726906715388217f,-0.1241652847731604f,0.21174190112512625f,-2.661251717048487f,0.6657194941255736f,-0.3165725592145851f,-1.2881571864220107f,0f,0f,0f,1f], start_interpolation: 0, interpolation_duration: 1 }
$data merge entity $(bone_tail_3) { transformation: [-1.0323556303110055f,0.41454844879176467f,1.76020935181414f,0.48336878889882795f,0.17128703928724867f,2.0401453740302613f,-0.380017274659427f,0.256214363571167f,-1.8002355759127247f,-0.04361149471998758f,-1.0455598666699641f,-1.1104420980737617f,0f,0f,0f,1f], start_interpolation: 0, interpolation_duration: 1 }
$data merge entity $(bone_tail_2) { transformation: [-1.6722852510185544f,0.297257866960872f,0.9663713958714114f,0.30255662749501105f,-0.01889222672653976f,1.858287282893304f,-0.6043056619039f,0.3689816812987101f,-1.0108803084430422f,-0.5264788787498225f,-1.5873609757188833f,-0.816227927255706f,0f,0f,0f,1f], start_interpolation: 0, interpolation_duration: 1 }
$data merge entity $(bone_tail_1) { transformation: [-1.3918579035110858f,0.3678865855376912f,0.4637319124398762f,0.19959940227727926f,0.1076131833257205f,1.3224336205045442f,-0.7261163626676846f,0.5089656257747932f,-0.5820714983644456f,-0.635204714671312f,-1.2431266995970711f,-0.5404001149103766f,0f,0f,0f,1f], start_interpolation: 0, interpolation_duration: 1 }
$data merge entity $(bone_tail_0) { transformation: [-1.219770545620768f,0.3174242902285163f,0.21269074402278323f,0.1451062370459652f,0.23022295078171878f,1.178414532250944f,-0.43837461114573495f,0.6655061177499553f,-0.3049474144068133f,-0.38002200822681137f,-1.181704728049223f,-0.20424913600948424f,0f,0f,0f,1f], start_interpolation: 0, interpolation_duration: 1 }
$data merge entity $(bone_body_1) { transformation: [-1.2314787069828788f,0.0429344899604868f,0.10110103301084682f,0.1187097204876267f,0.06351410536816814f,1.206801355281413f,0.2611532928501494f,0.5235050000000001f,-0.08961443925678894f,0.2653143673437749f,-1.2042350824543826f,0.05784784657211657f,0f,0f,0f,1f], start_interpolation: 0, interpolation_duration: 1 }