# This file was generated by Animated Java via MC-Build. It is not recommended to edit this file directly.
$data merge entity $(bone_head_lower) { transformation: [-0.9795515879482767f,0.17462800579243062f,0.09991869765448325f,-0.04398504553018085f,0.1997795195918098f,0.9030084762613295f,0.3803469933519358f,0.3074476235572323f,-0.02380819396079591f,0.3925312107248935f,-0.9194304859570268f,0.9948487081450368f,0f,0f,0f,1f], start_interpolation: 0, interpolation_duration: 1 }
$data merge entity $(bone_head_upper) { transformation: [-1.0196148397488662f,0.13177971280306705f,0.1627624908906889f,-0.03012206719941988f,0.20795041870164835f,0.7328208533935036f,0.7093674384808857f,0.3728693982322557f,-0.02478193917371165f,0.7273786130404615f,-0.7441627183389613f,0.9598734923205678f,0f,0f,0f,1f], start_interpolation: 0, interpolation_duration: 1 }
$data merge entity $(bone_neck_0) { transformation: [-0.9988757367922271f,0.04638897705340604f,-0.009763465354254458f,-0.03118360953018128f,0.045588020446804295f,0.9964689158493649f,0.07050838345709456f,0.3612393129972511f,0.012999801518750714f,0.06998401641753277f,-0.9974634041440035f,0.8942354659973807f,0f,0f,0f,1f], start_interpolation: 0, interpolation_duration: 1 }
$data merge entity $(bone_neck_1) { transformation: [-0.9907708540259126f,0.03671353276037411f,0.13048076994337696f,-0.0199610410996363f,0.06219031834161171f,0.9784452895012459f,0.19691922140154786f,0.38242853075781413f,-0.12043869443551988f,0.20321646578236657f,-0.9716983013865939f,0.8128560591855317f,0f,0f,0f,1f], start_interpolation: 0, interpolation_duration: 1 }
$data merge entity $(bone_neck_2) { transformation: [-0.9931554922068334f,-0.005206038314374328f,0.11668361266463888f,-0.009789651871990615f,0.038782337467443716f,0.9276287727418638f,0.3714845761024064f,0.4240554312118316f,-0.11017303935157423f,0.3734672102695129f,-0.9210777080428904f,0.7358192212837091f,0f,0f,0f,1f], start_interpolation: 0, interpolation_duration: 1 }
$data merge entity $(bone_body_0) { transformation: [-0.9710305500725845f,0.06824027762511686f,0.22900422558411604f,0.09878925482468359f,0.08684069745040066f,0.9936066259918163f,0.07214267843299632f,0.46752135014311313f,-0.22261707951561516f,0.0899396313913155f,-0.9707484218957725f,0.27916591776435523f,0f,0f,0f,1f], start_interpolation: 0, interpolation_duration: 1 }
$data merge entity $(bone_leg_left_3) { transformation: [-0.9863396467489595f,0.15915891013030775f,-0.04245636085759061f,0.491464107915713f,0.1542058643431712f,0.9827859474013025f,0.10174641513438798f,0.04138572764138254f,0.05791936337109371f,0.09380950333871468f,-0.9939039814942036f,0.13690159833710655f,0f,0f,0f,1f], start_interpolation: 0, interpolation_duration: 1 }
$data merge entity $(bone_leg_left_2) { transformation: [-0.9632299011921813f,-0.24751279095001943f,-0.2509736545259805f,0.42451869169598355f,-0.25939298794994237f,0.9922137263141944f,0.017011719983464187f,0.2727926283126786f,0.2386747467839765f,0.07944519576743875f,-0.9943767020690758f,0.1250597389017099f,0f,0f,0f,1f], start_interpolation: 0, interpolation_duration: 1 }
$data merge entity $(bone_leg_left_1) { transformation: [-0.9964344645354046f,-0.08019356589848972f,0.02621735826748378f,0.42118675065564737f,0.009242163634473888f,0.20512274823800308f,0.9786926180198979f,0.27642781909547093f,-0.08386262753691084f,0.9754453598965821f,-0.2036502137460996f,0.4025287808084459f,0f,0f,0f,1f], start_interpolation: 0, interpolation_duration: 1 }
$data merge entity $(bone_leg_left_0) { transformation: [-0.950137743994755f,0.063539389105763f,0.30528841030838955f,0.31080413517796834f,-0.17397851785304547f,0.7044635339582843f,-0.6880861898400976f,0.5888081530840809f,-0.2587851285569067f,-0.7068902852317831f,-0.6582829041397881f,0.14847862099364778f,0f,0f,0f,1f], start_interpolation: 0, interpolation_duration: 1 }
$data merge entity $(bone_leg_right_3) { transformation: [-0.9996499022918571f,0.0239218780694952f,-0.011305600271924378f,-0.10940502644247263f,0.02404141426222222f,0.9996552073609567f,-0.01055825726125384f,0.04652144492630664f,0.011049128841340617f,-0.010826363459204985f,-0.9998803461445257f,-0.2001506342908061f,0f,0f,0f,1f], start_interpolation: 0, interpolation_duration: 1 }
$data merge entity $(bone_leg_right_2) { transformation: [-1.0253430080990131f,0.025306142585494955f,-0.0096702838946699f,-0.10221436155777187f,0.023153099886384816f,1.0086743759013168f,0.18466763892581262f,0.2873131153974394f,0.014065888127380945f,0.18438492901597425f,-1.0088937249500842f,-0.18837193163504035f,0f,0f,0f,1f], start_interpolation: 0, interpolation_duration: 1 }
$data merge entity $(bone_leg_right_1) { transformation: [-0.9835096986950901f,0.0714779673239075f,-0.16613119141189378f,-0.09357226646490048f,-0.17493687359893081f,-0.14291038081792334f,0.9741528182528179f,0.19333944129828046f,0.045888591481158265f,0.9871512159956641f,0.15305787771348736f,0.07260248938831682f,0f,0f,0f,1f], start_interpolation: 0, interpolation_duration: 1 }
$data merge entity $(bone_leg_right_0) { transformation: [-0.9682885108974251f,-0.2406721687447389f,0.06703929337150849f,-0.0809370474506761f,-0.24567811940408565f,0.9660020944866515f,-0.08051220462435676f,0.6077438322020469f,-0.04538305091241818f,-0.09442913024647814f,-0.9944966154043836f,0.12176172661382784f,0f,0f,0f,1f], start_interpolation: 0, interpolation_duration: 1 }
$data merge entity $(bone_tail_4) { transformation: [-0.37019280499917845f,0.17671040882361266f,2.7308225958747725f,0.754942716379099f,0.6391589750347813f,2.6850605200691855f,-0.0871041893268229f,0.19124915703665415f,-2.6608446823066028f,0.6203908176135327f,-0.40085177018629303f,-1.3118456034634918f,0f,0f,0f,1f], start_interpolation: 0, interpolation_duration: 1 }
$data merge entity $(bone_tail_3) { transformation: [-1.1449684471333554f,0.3495311574373853f,1.7037666363366666f,0.4626264192860908f,0.10952646454688302f,2.0502522044437015f,-0.34700918976598627f,0.23002576479964182f,-1.735798587013291f,-0.10118989178108471f,-1.1457353085108437f,-1.1165810122571158f,0f,0f,0f,1f], start_interpolation: 0, interpolation_duration: 1 }
$data merge entity $(bone_tail_2) { transformation: [-1.6790130372638175f,0.2627737655846572f,0.964696347987991f,0.2821124652058447f,-0.07069323503836206f,1.8495538566184921f,-0.6268387934630796f,0.3469415603281283f,-0.9973422492909436f,-0.5734756791625061f,-1.5796227265366751f,-0.8238065374349475f,0f,0f,0f,1f], start_interpolation: 0, interpolation_duration: 1 }
$data merge entity $(bone_tail_1) { transformation: [-1.400883559763543f,0.3616224000595019f,0.4409203349352694f,0.1841492330123435f,0.09311833410220108f,1.2988482737282503f,-0.76940131770564f,0.49654209866803023f,-0.562592639338852f,-0.6854769519162184f,-1.2252620619905747f,-0.551227079174715f,0f,0f,0f,1f], start_interpolation: 0, interpolation_duration: 1 }
$data merge entity $(bone_tail_0) { transformation: [-1.2280241289113814f,0.3124303973573034f,0.1678681095462388f,0.14263377181920436f,0.2267519415280068f,1.156796723055924f,-0.49420705693502903f,0.668876452724974f,-0.2727196590067352f,-0.445021690390773f,-1.1667970685843432f,-0.221001022973091f,0f,0f,0f,1f], start_interpolation: 0, interpolation_duration: 1 }
$data merge entity $(bone_body_1) { transformation: [-1.23207027750328f,0.04023695342414817f,0.09480724618078495f,0.11788217076572018f,0.05955485014120027f,1.2068763956502273f,0.2617387638528645f,0.5267341666666667f,-0.08402765124588578f,0.2653958331581513f,-1.2046198573096163f,0.04117992707179451f,0f,0f,0f,1f], start_interpolation: 0, interpolation_duration: 1 }