# This file was generated by Animated Java via MC-Build. It is not recommended to edit this file directly.
$data merge entity $(bone_head_lower) { transformation: [-0.9759738592804156f,0.19874698486841424f,0.08930096307994781f,-0.028199860570113814f,0.21771900813660602f,0.8734271375122629f,0.4355725759883732f,0.3052135428973958f,0.008570851609050224f,0.44454996509149436f,-0.8957130506137815f,0.9782294587614391f,0f,0f,0f,1f], start_interpolation: 0, interpolation_duration: 1 }
$data merge entity $(bone_head_upper) { transformation: [-1.01589078346921f,0.1635840793474812f,0.1570926721074513f,-0.014012429911597235f,0.22662362485313983f,0.7038067927497813f,0.7326456672370326f,0.371594350970659f,0.00892139586867221f,0.749245080095165f,-0.722512395210249f,0.9452482273919581f,0f,0f,0f,1f], start_interpolation: 0, interpolation_duration: 1 }
$data merge entity $(bone_neck_0) { transformation: [-0.9995444434493416f,0.017419650236592445f,-0.024646731125674712f,-0.015565909545698746f,0.015136624025633691f,0.9958301132950347f,0.0899625926032861f,0.3612424199463695f,0.026111073946759114f,0.08954854125240122f,-0.9956401310598694f,0.8794062918235708f,0f,0f,0f,1f], start_interpolation: 0, interpolation_duration: 1 }
$data merge entity $(bone_neck_1) { transformation: [-0.9952798430799207f,0.04091335400777457f,0.0880007467163956f,-0.007922608581274823f,0.058780326503440665f,0.975676495495431f,0.21118771118107907f,0.38362761057730166f,-0.07721986256759084f,0.21536358466924826f,-0.9734760496403873f,0.7979322466600016f,0f,0f,0f,1f], start_interpolation: 0, interpolation_duration: 1 }
$data merge entity $(bone_neck_2) { transformation: [-0.9968746992950402f,0.00609349717136122f,0.07876359055836524f,-0.0009626681756894767f,0.03585902079644523f,0.9232919862366137f,0.38242128442173406f,0.4261701888550266f,-0.07039150895486831f,0.38405048814377435f,-0.9206249279829355f,0.7210386925922192f,0f,0f,0f,1f], start_interpolation: 0, interpolation_duration: 1 }
$data merge entity $(bone_body_0) { transformation: [-0.9750947231719264f,0.06764021973332976f,0.21122282432703937f,0.09923021448728758f,0.08501255422406209f,0.9936080196217191f,0.07426956959419032f,0.4706385168908039f,-0.20484908217164502f,0.0903764572100071f,-0.9746122046822533f,0.2625685640467376f,0f,0f,0f,1f], start_interpolation: 0, interpolation_duration: 1 }
$data merge entity $(bone_leg_left_3) { transformation: [-0.9725426291415152f,0.21909443499592782f,-0.0784758756327344f,0.4483826264955804f,0.20143119416377958f,0.9613564172525715f,0.18766809271971005f,0.04657665675457537f,0.11656032138023201f,0.16670773095785058f,-0.9790925512527515f,0.08137524992196948f,0f,0f,0f,1f], start_interpolation: 0, interpolation_duration: 1 }
$data merge entity $(bone_leg_left_2) { transformation: [-0.9812518971896362f,-0.12553691485931912f,-0.2710118019017586f,0.409222382450984f,-0.18506098780498378f,0.9860639675791547f,0.21328966720259535f,0.28273124236871783f,0.23443409426761616f,0.25294373751954063f,-0.9659825674385963f,0.11084657574548706f,0f,0f,0f,1f], start_interpolation: 0, interpolation_duration: 1 }
$data merge entity $(bone_leg_left_1) { transformation: [-0.9970736003308779f,-0.05658115142395323f,0.05140825640654015f,0.41098189455282624f,0.0402197760299684f,0.1836253289679316f,0.9821731559035392f,0.27972472294098866f,-0.06501234605303893f,0.9813665532638446f,-0.18081228662820825f,0.388337567703532f,0f,0f,0f,1f], start_interpolation: 0, interpolation_duration: 1 }
$data merge entity $(bone_leg_left_0) { transformation: [-0.9569053879206386f,0.084456094849843f,0.2778475240328164f,0.310258805164321f,-0.14390412094249105f,0.6931371654351628f,-0.7062948915773615f,0.592637177963516f,-0.25223735358630184f,-0.7158407909131905f,-0.651113108085344f,0.13095082888378803f,0f,0f,0f,1f], start_interpolation: 0, interpolation_duration: 1 }
$data merge entity $(bone_leg_right_3) { transformation: [-0.999655785648497f,0.026112968135773636f,-0.0025343864398757647f,-0.10794961983916707f,0.02613849403081214f,0.9996018778018375f,-0.010623795218330734f,0.03763963313171628f,0.002255958618358005f,-0.01068638340037964f,-0.9999403541514523f,-0.2011282724872972f,0f,0f,0f,1f], start_interpolation: 0, interpolation_duration: 1 }
$data merge entity $(bone_leg_right_2) { transformation: [-1.025373560875135f,0.025872891041522912f,-0.001361494801240111f,-0.10037002051417941f,0.02540209901891895f,1.0145421454740466f,0.1487318658628515f,0.2786850067734833f,0.0050983844866140686f,0.14865069144395426f,-1.0148591911736105f,-0.19784961636181156f,0f,0f,0f,1f], start_interpolation: 0, interpolation_duration: 1 }
$data merge entity $(bone_leg_right_1) { transformation: [-0.981863793037688f,0.06300022346678923f,-0.1788140480073619f,-0.09332563310482192f,-0.18466667778547508f,-0.10430853573841344f,0.9772501969750548f,0.1948401991910086f,0.04291514927528588f,0.9925475813356468f,0.11405081651368025f,0.06660039877762888f,0f,0f,0f,1f], start_interpolation: 0, interpolation_duration: 1 }
$data merge entity $(bone_leg_right_0) { transformation: [-0.9676857932494227f,-0.2425997648391091f,0.06877179395104363f,-0.08165836871064314f,-0.24879415429499369f,0.9629838462761113f,-0.10374767756391332f,0.6103133593776979f,-0.04105696447467515f,-0.11750517397662025f,-0.9922231904953892f,0.10601114186241446f,0f,0f,0f,1f], start_interpolation: 0, interpolation_duration: 1 }
$data merge entity $(bone_tail_4) { transformation: [-0.8190981321497628f,0.13712310613618944f,2.6336166834359807f,0.697421651761676f,0.6260505399872915f,2.68900156039818f,0.05470522057147539f,0.2000654218613379f,-2.561796303941902f,0.6132937253386144f,-0.8286928473022395f,-1.3730388676214278f,0f,0f,0f,1f], start_interpolation: 0, interpolation_duration: 1 }
$data merge entity $(bone_tail_3) { transformation: [-1.4131521901138482f,0.21618430333061744f,1.5140048746996604f,0.4385868406152063f,0.05336841516635267f,2.0670999219913306f,-0.24534720461116102f,0.2214390456292901f,-1.528429987236416f,-0.127701940241074f,-1.4083818781209865f,-1.1329796828761591f,0f,0f,0f,1f], start_interpolation: 0, interpolation_duration: 1 }
$data merge entity $(bone_tail_2) { transformation: [-1.7141587373380727f,0.17389385813022512f,0.9220599895423869f,0.26595175490358963f,-0.13026969262972757f,1.8576152031277013f,-0.5925111301011673f,0.3319312682221385f,-0.9292273701266434f,-0.5812061236912354f,-1.6178720009302672f,-0.8330462237606816f,0f,0f,0f,1f], start_interpolation: 0, interpolation_duration: 1 }
$data merge entity $(bone_tail_1) { transformation: [-1.4130888083389344f,0.33723865155079247f,0.42084006658997475f,0.17261929910917173f,0.07645565231681158f,1.2936430910851084f,-0.7799348281212842f,0.48387804751937796f,-0.5338452987299429f,-0.7073993884560332f,-1.225663719066518f,-0.5601398186408912f,0f,0f,0f,1f], start_interpolation: 0, interpolation_duration: 1 }
$data merge entity $(bone_tail_0) { transformation: [-1.2339229561051055f,0.3044894834796938f,0.13622044424804644f,0.14016039287897802f,0.2186055015902574f,1.1324176780701223f,-0.551069463545906f,0.6722406086103452f,-0.2519553326590605f,-0.5086767867994078f,-1.1452520043641572f,-0.23774584182623004f,0f,0f,0f,1f], start_interpolation: 0, interpolation_duration: 1 }
$data merge entity $(bone_body_1) { transformation: [-1.2326237898560948f,0.03754116325802433f,0.08850903229774194f,0.11705461892772603f,0.05559358756726473f,1.206943530539631f,0.26229994694277364f,0.5299633333333333f,-0.07843813331823515f,0.26548553671719166f,-1.2049769641332508f,0.024512088381598473f,0f,0f,0f,1f], start_interpolation: 0, interpolation_duration: 1 }