# This file was generated by Animated Java via MC-Build. It is not recommended to edit this file directly.
$data merge entity $(bone_head_lower) { transformation: [-0.9717859153087361f,0.21618229181292783f,0.09432577332878093f,-0.00898573380834014f,0.23352966446180326f,0.8257423234167649f,0.5134330639281431f,0.313868665299036f,0.03310635322592882f,0.5209748861747496f,-0.8529297376403798f,0.9515050238029222f,0f,0f,0f,1f], start_interpolation: 0, interpolation_duration: 1 }
$data merge entity $(bone_head_upper) { transformation: [-1.0115315543340655f,0.1879270002691285f,0.15798512505886175f,0.005811187289520431f,0.24308093043426418f,0.6725968693457953f,0.7563048692088097f,0.38118477466358713f,0.03446038927855547f,0.771860632821489f,-0.6975066936271568f,0.9207633739148575f,0f,0f,0f,1f], start_interpolation: 0, interpolation_duration: 1 }
$data merge entity $(bone_neck_0) { transformation: [-0.9992707999500371f,-0.026577504755367257f,-0.027413584373294574f,0.004792865635707385f,-0.029261561745564168f,0.9942847443382451f,0.10267233405567927f,0.3716941097518874f,0.024528134283386644f,0.10339962967636242f,-0.9943374111494384f,0.8547813570099455f,0f,0f,0f,1f], start_interpolation: 0, interpolation_duration: 1 }
$data merge entity $(bone_neck_1) { transformation: [-0.9986962016251907f,0.046955069250777116f,0.02002793876242697f,0.006705811050235879f,0.05012992408391628f,0.9761747713223214f,0.2111156236405872f,0.3940754891164409f,-0.009637819813504835f,0.21184437048330548f,-0.9772558902988381f,0.7729708971523441f,0f,0f,0f,1f], start_interpolation: 0, interpolation_duration: 1 }
$data merge entity $(bone_neck_2) { transformation: [-0.9995398746554254f,0.024713416723809424f,0.017586529153080482f,0.008488482698625927f,0.029495812769610774f,0.9271424752188039f,0.37354628585251626f,0.43587824965070443f,-0.007073613141590218f,0.3738931367101903f,-0.9274448157805069f,0.6953804229454565f,0f,0f,0f,1f], start_interpolation: 0, interpolation_duration: 1 }
$data merge entity $(bone_body_0) { transformation: [-0.9823846988193371f,0.06301338856559763f,0.1759250305872404f,0.09200157118835064f,0.07776133757923537f,0.993897979635985f,0.07823030393265354f,0.48221601915903156f,-0.169921975928744f,0.09053241925955673f,-0.9812901727621057f,0.23376447881979537f,0f,0f,0f,1f], start_interpolation: 0, interpolation_duration: 1 }
$data merge entity $(bone_leg_left_3) { transformation: [-0.9428709986187233f,0.3227158636646013f,-0.08275718278760752f,0.35227283876856497f,0.2716722871721504f,0.8885452229203804f,0.3697046864837164f,0.09519466034148902f,0.19284306662772058f,0.3261009938110906f,-0.9254564784413335f,-0.02425066323301707f,0f,0f,0f,1f], start_interpolation: 0, interpolation_duration: 1 }
$data merge entity $(bone_leg_left_2) { transformation: [-1.0005151268310044f,0.1164110876711875f,-0.1935978800251812f,0.3718728751983131f,-0.018535688915852416f,0.8337567371691308f,0.5971334281064768f,0.30796748691877357f,0.2251401979199806f,0.5859695908432359f,-0.8111804542691199f,0.08761816579580978f,0f,0f,0f,1f], start_interpolation: 0, interpolation_duration: 1 }
$data merge entity $(bone_leg_left_1) { transformation: [-0.9942229250267729f,-0.014898391084590346f,0.10629587618670133f,0.3819884841931807f,0.10308342247918245f,0.14342444880843136f,0.9842780275379386f,0.2926760413221781f,-0.029909586442916358f,0.9895491222911003f,-0.1410600978722385f,0.36452470563550887f,0f,0f,0f,1f], start_interpolation: 0, interpolation_duration: 1 }
$data merge entity $(bone_leg_left_0) { transformation: [-0.969256923855f,0.12482820790360981f,0.21203521893948712f,0.3010381488842846f,-0.07659099139130864f,0.6658736058950724f,-0.742122739855066f,0.6056274237867075f,-0.23382650747261216f,-0.7355475915832141f,-0.6358418867291564f,0.10029799617681287f,0f,0f,0f,1f], start_interpolation: 0, interpolation_duration: 1 }
$data merge entity $(bone_leg_right_3) { transformation: [-0.9994367113213862f,0.029052217834049224f,0.01679966374708047f,-0.1127180944780915f,0.02888342249936594f,0.9995306987532889f,-0.010204418380534763f,0.0265663902690082f,-0.017088240629600675f,-0.009713438561334817f,-0.9998068019089987f,-0.1975574194487657f,0f,0f,0f,1f], start_interpolation: 0, interpolation_duration: 1 }
$data merge entity $(bone_leg_right_2) { transformation: [-1.0252024148510253f,0.02723465311178088f,0.01674758950420651f,-0.10426168408591344f,0.028417177244657785f,1.0224180062918993f,0.07691608380721238f,0.2672235087673711f,-0.014651693477756906f,0.077342702181094f,-1.0226757226991627f,-0.21111147807928715f,0f,0f,0f,1f], start_interpolation: 0, interpolation_duration: 1 }
$data merge entity $(bone_leg_right_1) { transformation: [-0.9780299219643529f,0.04458163824465912f,-0.2036417179111983f,-0.10082793025408827f,-0.20495662828833763f,-0.02718600199172766f,0.978393428951964f,0.2038657637422724f,0.038082177761755376f,0.9986357688502491f,0.035726025664687994f,0.05905030889237661f,0f,0f,0f,1f], start_interpolation: 0, interpolation_duration: 1 }
$data merge entity $(bone_leg_right_0) { transformation: [-0.9663923919545047f,-0.24659517799299097f,0.07263995431617665f,-0.09119467838871752f,-0.25502024945075086f,0.9552371901999352f,-0.14995526942728493f,0.6207828648678053f,-0.032410139501828f,-0.16344029077781855f,-0.9860207169263404f,0.07891509713775191f,0f,0f,0f,1f], start_interpolation: 0, interpolation_duration: 1 }
$data merge entity $(bone_tail_4) { transformation: [-2.338652202651512f,-0.022479010506342358f,1.468285360793292f,0.49070815429488657f,0.25067873564177373f,2.7144957578693973f,0.44083362349767513f,0.2663154069114079f,-1.4469026844021935f,0.5066249166747567f,-2.296838075980548f,-1.5192342439951638f,0f,0f,0f,1f], start_interpolation: 0, interpolation_duration: 1 }
$data merge entity $(bone_tail_3) { transformation: [-1.9538497442286042f,-0.11158418175931635f,0.711312641110339f,0.3711877551198336f,-0.1369040625689794f,2.0771813964765093f,-0.050202089881336245f,0.25450097549619344f,-0.7068762131196458f,-0.09387194765982337f,-1.9563894302547808f,-1.18658428258507f,0f,0f,0f,1f], start_interpolation: 0, interpolation_duration: 1 }
$data merge entity $(bone_tail_2) { transformation: [-1.8105118139991545f,-0.05640535792216773f,0.7332388982930051f,0.23352804969645294f,-0.2365701058407077f,1.889517501011069f,-0.4387847688767001f,0.3363447912315458f,-0.696315611913724f,-0.495293775423571f,-1.757442038769603f,-0.8605123897488944f,0f,0f,0f,1f], start_interpolation: 0, interpolation_duration: 1 }
$data merge entity $(bone_tail_1) { transformation: [-1.4405221060569564f,0.26804209205294094f,0.3751076496808804f,0.15090876524076177f,0.05551984292546921f,1.3225052619634485f,-0.731815297134819f,0.47760397559261636f,-0.45767877272467267f,-0.6832199638234197f,-1.2694080793938425f,-0.5785610221896949f,0f,0f,0f,1f], start_interpolation: 0, interpolation_duration: 1 }
$data merge entity $(bone_tail_0) { transformation: [-1.2444010009364137f,0.2729140600705604f,0.10401817758585273f,0.1270981385660304f,0.1905342911393672f,1.1036008990843755f,-0.6161148075027942f,0.6842788977727223f,-0.22135615950882936f,-0.5843104379865114f,-1.1150867586387803f,-0.2668072060141988f,0f,0f,0f,1f], start_interpolation: 0, interpolation_duration: 1 }
$data merge entity $(bone_body_1) { transformation: [-1.2336165554548144f,0.03215494208746729f,0.07590025601670018f,0.10728652869842377f,0.047665574431508366f,1.2070541365192908f,0.26334938690271104f,0.5417501923076924f,-0.06725163327506138f,0.2656896051170822f,-1.2056080816794552f,-0.004416295272329153f,0f,0f,0f,1f], start_interpolation: 0, interpolation_duration: 1 }