# This file was generated by Animated Java via MC-Build. It is not recommended to edit this file directly.
$data merge entity $(bone_head_lower) { transformation: [-0.9745936466218706f,0.19864655814781573f,0.10347351786960354f,-0.0037123146921697065f,0.2235553748761368f,0.8342726790171915f,0.5039961224151113f,0.3674511196673302f,0.013791966077199666f,0.5143234799049179f,-0.8574853582949511f,0.9301461846487766f,0f,0f,0f,1f], start_interpolation: 0, interpolation_duration: 1 }
$data merge entity $(bone_head_upper) { transformation: [-1.014454120688019f,0.18055004333633404f,0.14750071679098153f,0.010195284054993228f,0.23269869656049796f,0.7435757823992613f,0.6902306245247878f,0.43180283446580114f,0.014356051743104602f,0.7056689594024108f,-0.7650471659301634f,0.8932559150457902f,0f,0f,0f,1f], start_interpolation: 0, interpolation_duration: 1 }
$data merge entity $(bone_neck_0) { transformation: [-0.9992438233768506f,-0.02446549110409998f,-0.03021954976913302f,0.008961232759109275f,-0.024344055228037335f,0.9996940448729787f,-0.004379911021557353f,0.41530057860503705f,0.030317460617079517f,-0.0036409326466852465f,-0.9995336888725631f,0.828673495431766f,0f,0f,0f,1f], start_interpolation: 0, interpolation_duration: 1 }
$data merge entity $(bone_neck_1) { transformation: [-0.9991421435846477f,0.04137372185424228f,0.0017866317480603822f,0.009303187482578945f,0.04134993868148957f,0.994342829286594f,0.09783925805814439f,0.42816966102449355f,0.0022714497820634566f,0.09782920313617455f,-0.9952006267731288f,0.7448176272460536f,0f,0f,0f,1f], start_interpolation: 0, interpolation_duration: 1 }
$data merge entity $(bone_neck_2) { transformation: [-0.9996545152508506f,0.026159664515485192f,0.002553838488291868f,0.009783042353338899f,0.02599020664476637f,0.9693150841812818f,0.24444381100203177f,0.45907497269291647f,0.003919093919435762f,0.24442573418335461f,-0.9696600956890917f,0.6622612111167103f,0f,0f,0f,1f], start_interpolation: 0, interpolation_duration: 1 }
$data merge entity $(bone_body_0) { transformation: [-0.9909623223441313f,0.04960210068101238f,0.12463268954153564f,0.06899448357329135f,0.06021477938250812f,0.9947387776827888f,0.08287909578456487f,0.5076117100204733f,-0.11986599200040843f,0.08963479113704632f,-0.9887354288077149f,0.19712779470656155f,0f,0f,0f,1f], start_interpolation: 0, interpolation_duration: 1 }
$data merge entity $(bone_leg_left_3) { transformation: [-0.9243044666571835f,0.3792757285268191f,0.042557897833779765f,0.25040977837148193f,0.3481915200763196f,0.7923396204715536f,0.5009596702110227f,0.18001447421964661f,0.1562815352641565f,0.47785755992915413f,-0.8644236427551215f,-0.12827497478390743f,0f,0f,0f,1f], start_interpolation: 0, interpolation_duration: 1 }
$data merge entity $(bone_leg_left_2) { transformation: [-0.9875575811767767f,0.2727842805297316f,0.04879507820308382f,0.3139713091873913f,0.18907313495984573f,0.531237152232536f,0.856796730400517f,0.33061726371513317f,0.20259213458923908f,0.8339292679145137f,-0.5617656118158479f,0.049065950167249905f,0f,0f,0f,1f], start_interpolation: 0, interpolation_duration: 1 }
$data merge entity $(bone_leg_left_1) { transformation: [-0.9832244367819639f,0.02976603026823385f,0.17995468973288886f,0.33209521668326447f,0.18238232200180243f,0.1467590932112618f,0.9722131747621194f,0.3152923241973755f,0.0025289397028322447f,0.9887243053560884f,-0.14972592448237126f,0.3255619824455157f,0f,0f,0f,1f], start_interpolation: 0, interpolation_duration: 1 }
$data merge entity $(bone_leg_left_0) { transformation: [-0.9801582189982564f,0.16698217512562719f,0.10680271026748618f,0.27499492791265556f,0.026146770285882f,0.6430285683620747f,-0.7653957190067358f,0.6331144658719122f,-0.19648463587207918f,-0.7474163588392585f,-0.6346357809056162f,0.06091897413398502f,0f,0f,0f,1f], start_interpolation: 0, interpolation_duration: 1 }
$data merge entity $(bone_leg_right_3) { transformation: [-0.9983256723807143f,0.029164196030000634f,0.04995299325884871f,-0.13101118328817582f,0.028801861375873858f,0.9995534602940583f,-0.007958190463906608f,0.021553268856549457f,-0.05016278149066146f,-0.006506126658662098f,-0.9987198634597302f,-0.1830456440414217f,0f,0f,0f,1f], start_interpolation: 0, interpolation_duration: 1 }
$data merge entity $(bone_leg_right_2) { transformation: [-1.0241546084563338f,0.030001644579776738f,0.04763862719324574f,-0.12095674531674097f,0.028638881704436125f,1.024869313623268f,-0.029747335154361728f,0.25948506218172757f,-0.04847011381323162f,-0.028372360081166257f,-1.0241620266105613f,-0.22123519847923834f,0f,0f,0f,1f], start_interpolation: 0, interpolation_duration: 1 }
$data merge entity $(bone_leg_right_1) { transformation: [-0.970872788436735f,0.01331892625240659f,-0.23922507158858097f,-0.12398634694457801f,-0.23720647363294886f,0.08721607207044255f,0.9675362761360554f,0.2271403324593475f,0.03375081539311066f,0.996100377962024f,-0.08151637555861918f,0.05436963753226655f,0f,0f,0f,1f], start_interpolation: 0, interpolation_duration: 1 }
$data merge entity $(bone_leg_right_0) { transformation: [-0.9642324934152712f,-0.2528555461850036f,0.07949698991567175f,-0.11762046820021502f,-0.26434293603852277f,0.9393757382368011f,-0.2183942182810674f,0.6444850714367657f,-0.019455354242531517f,-0.2315972693611661f,-0.97261718780605f,0.04487632408880153f,0f,0f,0f,1f], start_interpolation: 0, interpolation_duration: 1 }
$data merge entity $(bone_tail_4) { transformation: [-2.250360756397908f,-0.7725147062390197f,-1.4016985504410984f,0.1984675382751953f,-0.7950614378182795f,2.638549923470181f,-0.1777440380148789f,0.35671609658855147f,1.3890338756699077f,0.25872120438793833f,-2.372616606668994f,-1.6233833793828762f,0f,0f,0f,1f], start_interpolation: 0, interpolation_duration: 1 }
$data merge entity $(bone_tail_3) { transformation: [-2.0052943478140492f,-0.41435735523892814f,-0.3782169837922038f,0.266653974065727f,-0.40028747785234126f,2.0403309543682244f,-0.11298255513975541f,0.3559075225898287f,0.3930776510361316f,-0.036098543609084696f,-2.044537204711537f,-1.2763521709634633f,0f,0f,0f,1f], start_interpolation: 0, interpolation_duration: 1 }
$data merge entity $(bone_tail_2) { transformation: [-1.888786587649643f,-0.2374666740163753f,0.44143932771015604f,0.18313820753108453f,-0.308022603352598f,1.9075514651254841f,-0.291793349348962f,0.4103774105259719f,-0.3954506001278569f,-0.3516118053080667f,-1.881159705136514f,-0.9270247714977247f,0f,0f,0f,1f], start_interpolation: 0, interpolation_duration: 1 }
$data merge entity $(bone_tail_1) { transformation: [-1.4692110106009957f,0.19350427311155338f,0.3027067105572173f,0.11703735380367904f,0.05423289264159922f,1.3792203938179448f,-0.6184384760284561f,0.5265471135521872f,-0.3551535578936615f,-0.589884269636209f,-1.3466843537931337f,-0.6296832940107497f,0f,0f,0f,1f], start_interpolation: 0, interpolation_duration: 1 }
$data merge entity $(bone_tail_0) { transformation: [-1.259245675968067f,0.1997381596506875f,0.0907783659200254f,0.0953298429909979f,0.1443440548456047f,1.1525177748070545f,-0.5335759450805034f,0.7102827130998084f,-0.1652296522131624f,-0.5154058235188848f,-1.157968788740165f,-0.30373556087861897f,0f,0f,0f,1f], start_interpolation: 0, interpolation_duration: 1 }
$data merge entity $(bone_body_1) { transformation: [-1.234819777678064f,0.024089454087061365f,0.05695972184916171f,0.08046490985623933f,0.035761839129764696f,1.2071610824927521f,0.2647410184184425f,0.5674232692307692f,-0.050455946858654226f,0.26605716335585594f,-1.2063467073399263f,-0.04119768767294364f,0f,0f,0f,1f], start_interpolation: 0, interpolation_duration: 1 }