# This file was generated by Animated Java via MC-Build. It is not recommended to edit this file directly.
$data merge entity $(bone_head_lower) { transformation: [-0.978472110757832f,0.17532706153383598f,0.1088703355511661f,-0.004010231312790111f,0.20636089182729367f,0.8381820205120301f,0.5048426317325181f,0.38436112318937454f,-0.0027405826674282378f,0.5164410150097313f,-0.8563183795892517f,0.9214901020380064f,0f,0f,0f,1f], start_interpolation: 0, interpolation_duration: 1 }
$data merge entity $(bone_head_upper) { transformation: [-1.0184912123911147f,0.15967127982487642f,0.14371038676682593f,0.009165991723788465f,0.21480096631932508f,0.7662040820108406f,0.6710169835121287f,0.44789085671427675f,-0.0028526713566166084f,0.6862276077895135f,-0.7826592331002811f,0.8829438104324301f,0f,0f,0f,1f], start_interpolation: 0, interpolation_duration: 1 }
$data merge entity $(bone_neck_0) { transformation: [-0.9995433835435447f,-0.021026176292027722f,-0.021700790880959806f,0.008427049617550366f,-0.020259884317486106f,0.9991837833699005f,-0.034947162088700426f,0.4294190278891252f,0.022417883525539528f,-0.034491549126538124f,-0.999153527510706f,0.8188892886660878f,0f,0f,0f,1f], start_interpolation: 0, interpolation_duration: 1 }
$data merge entity $(bone_neck_1) { transformation: [-0.9992741034262911f,0.037669799233226824f,0.00567912381541054f,0.009081685999558288f,0.03795972985276084f,0.9971609466328786f,0.06503157248388775f,0.4395218514539187f,-0.003213274200531021f,0.06519994429407214f,-0.9978670463207823f,0.7346572208311044f,0f,0f,0f,1f], start_interpolation: 0, interpolation_duration: 1 }
$data merge entity $(bone_neck_2) { transformation: [-0.9996958321129923f,0.02377325014008001f,0.006563218241796329f,0.009889428118829181f,0.024613132791454176f,0.9785588957531518f,0.20449127423086405f,0.46701752394983237f,-0.001561073381525141f,0.20459061591419436f,-0.9788463837241f,0.6509060062679302f,0f,0f,0f,1f], start_interpolation: 0, interpolation_duration: 1 }
$data merge entity $(bone_body_0) { transformation: [-0.9931502651119775f,0.043980312884057175f,0.10825101840920304f,0.061326694609379284f,0.05322024002007731f,0.9950432898406215f,0.08400272254729788f,0.5160867232160085f,-0.10401998346574826f,0.08918847135013239f,-0.990568149910955f,0.18490458352065847f,0f,0f,0f,1f], start_interpolation: 0, interpolation_duration: 1 }
$data merge entity $(bone_leg_left_3) { transformation: [-0.9271668711209257f,0.36744912081296277f,0.073094026497476f,0.2320043713258716f,0.3544112691179916f,0.7969749415427014f,0.48910489148564235f,0.17854710067363153f,0.12146705486677221f,0.47938719858459766f,-0.8691568721555413f,-0.14811224379378896f,0f,0f,0f,1f], start_interpolation: 0, interpolation_duration: 1 }
$data merge entity $(bone_leg_left_2) { transformation: [-0.9833588313416225f,0.27877334429389744f,0.08574981536032229f,0.29811052496212687f,0.2222138542421791f,0.5207707315359885f,0.8552666529562585f,0.32671431024711084f,0.18891429619266176f,0.8385376957462092f,-0.5596678666918116f,0.030346509212736683f,0f,0f,0f,1f], start_interpolation: 0, interpolation_duration: 1 }
$data merge entity $(bone_leg_left_1) { transformation: [-0.9797690257451565f,0.039569005035714436f,0.19618091148445335f,0.31796819973556173f,0.20009507636112128f,0.1749534571668231f,0.9640296926139845f,0.3191301589737473f,0.0038231670672773943f,0.9837812671858822f,-0.17933154136323975f,0.30704406804154316f,0f,0f,0f,1f], start_interpolation: 0, interpolation_duration: 1 }
$data merge entity $(bone_leg_left_0) { transformation: [-0.9815812182540047f,0.17499351434814708f,0.07665234443296084f,0.26630239120311905f,0.05645794859544237f,0.6490111739387971f,-0.7586810898809713f,0.6422791044575478f,-0.18251249823335058f,-0.7403794743499233f,-0.6469369536129097f,0.0477899806565036f,0f,0f,0f,1f], start_interpolation: 0, interpolation_duration: 1 }
$data merge entity $(bone_leg_right_3) { transformation: [-0.9976867129994372f,0.02787631431030299f,0.062001079061998324f,-0.13685078493130284f,0.027513188587146256f,0.9995989668097182f,-0.006702984910678243f,0.020890938851689078f,-0.062163069085648434f,-0.0049816316019800355f,-0.998053573806755f,-0.1775999999257469f,0f,0f,0f,1f], start_interpolation: 0, interpolation_duration: 1 }
$data merge entity $(bone_leg_right_2) { transformation: [-1.023532894127399f,0.03115612784540438f,0.05892291436755287f,-0.12617946808348912f,0.027419665693858192f,1.023286186111929f,-0.06477455323222993f,0.25737310098765553f,-0.06075175777804467f,-0.06306248100795545f,-1.0219562353235554f,-0.22378854887727484f,0f,0f,0f,1f], start_interpolation: 0, interpolation_duration: 1 }
$data merge entity $(bone_leg_right_1) { transformation: [-0.9680993958962236f,0.0019419796076880214f,-0.25055895190667266f,-0.13164349022927854f,-0.2483684212020377f,0.12472431977328305f,0.9606024002711525f,0.23536363964518087f,0.03311626511208923f,0.9921895347020626f,-0.12026321221691477f,0.05279618268462842f,0f,0f,0f,1f], start_interpolation: 0, interpolation_duration: 1 }
$data merge entity $(bone_leg_right_0) { transformation: [-0.9634539542076594f,-0.25499050650980837f,0.0820750858147382f,-0.12641626454687988f,-0.2674457047274121f,0.932969134246934f,-0.24091780665900261f,0.6523872749164699f,-0.01514176820860795f,-0.254063842630938f,-0.9670689172562207f,0.0335285336002869f,0f,0f,0f,1f], start_interpolation: 0, interpolation_duration: 1 }
$data merge entity $(bone_tail_4) { transformation: [-1.919373205011275f,-0.9803037311513658f,-1.7264624021899404f,0.1604028215377204f,-0.9116931841581547f,2.56839116571749f,-0.44479623359906983f,0.39387445611333866f,1.7636562503629531f,0.26083087653701104f,-2.108825553714822f,-1.6485648405592315f,0f,0f,0f,1f], start_interpolation: 0, interpolation_duration: 1 }
$data merge entity $(bone_tail_3) { transformation: [-1.9902092518184513f,-0.41824252198876066f,-0.4473095715733884f,0.2403428263663941f,-0.4040676184247838f,2.0397800437566254f,-0.10941781791457304f,0.3924668255058134f,0.46015434341230566f,-0.017778974580798603f,-2.0307356830336367f,-1.304053131558173f,0f,0f,0f,1f], start_interpolation: 0, interpolation_duration: 1 }
$data merge entity $(bone_tail_2) { transformation: [-1.9000999111342194f,-0.2346648091956527f,0.39156944471661426f,0.16609006328907683f,-0.29266885532867715f,1.9126051122948207f,-0.27397171486687144f,0.44363626629870906f,-0.3503414674729663f,-0.3250353623094882f,-1.8948315873501809f,-0.9521444793862395f,0f,0f,0f,1f], start_interpolation: 0, interpolation_duration: 1 }
$data merge entity $(bone_tail_1) { transformation: [-1.4773620359718516f,0.1708630805985954f,0.2754332448297862f,0.10614270754489266f,0.05496790935130007f,1.3987369048389622f,-0.5728611088065478f,0.5497589570067277f,-0.3194310467231611f,-0.5495426541496828f,-1.372451429981939f,-0.649785477444841f,0f,0f,0f,1f], start_interpolation: 0, interpolation_duration: 1 }
$data merge entity $(bone_tail_0) { transformation: [-1.26337023666179f,0.17339032597636336f,0.08756230101459754f,0.0847391854847726f,0.12814828032992046f,1.1770041311027282f,-0.4817416425840972f,0.7189382680196518f,-0.14597732683415143f,-0.46736793515275543f,-1.180717387788218f,-0.31603083512597285f,0f,0f,0f,1f], start_interpolation: 0, interpolation_duration: 1 }
$data merge entity $(bone_body_1) { transformation: [-1.2351445409029f,0.02140476749417803f,0.050639846588777855f,0.07152436751459622f,0.031791338094214326f,1.2071810598383512f,0.26515617029589345f,0.5759809615384616f,-0.04485386222159843f,0.2661960175365621f,-1.2065373621847484f,-0.05345799015397383f,0f,0f,0f,1f], start_interpolation: 0, interpolation_duration: 1 }