# This file was generated by Animated Java via MC-Build. It is not recommended to edit this file directly.
$data merge entity $(bone_head_lower) { transformation: [-0.9825471774174719f,0.1617605591335905f,0.0918398914293076f,-0.003315829501524009f,0.1856943703436585f,0.8818848372410812f,0.433355206114965f,0.3960891679053907f,-0.010892427260764365f,0.44284608539882087f,-0.896531482813241f,0.9109853652764764f,0f,0f,0f,1f], start_interpolation: 0, interpolation_duration: 1 }
$data merge entity $(bone_head_upper) { transformation: [-1.0227329475791893f,0.13906326140139982f,0.13472442186885072f,0.008776860426487565f,0.19328919271805983f,0.7757006336384131f,0.6666331506419946f,0.4595232562283331f,-0.01133792299721827f,0.6800160872250578f,-0.7879857328662357f,0.8719297666926757f,0f,0f,0f,1f], start_interpolation: 0, interpolation_duration: 1 }
$data merge entity $(bone_neck_0) { transformation: [-0.999701979533112f,-0.017655893038436787f,-0.01685887180663454f,0.00829635111603585f,-0.016867978190140007f,0.9988088196195091f,-0.04578660461379369f,0.4403555190806128f,0.01764719324295558f,-0.045488584186564734f,-0.9988089733674539f,0.8080775684710377f,0f,0f,0f,1f], start_interpolation: 0, interpolation_duration: 1 }
$data merge entity $(bone_neck_1) { transformation: [-0.9994314183636005f,0.03316092199199534f,0.006098626104488846f,0.00896575301405555f,0.03343373053158348f,0.9980860917332509f,0.052022486978093446f,0.44936056438665256f,-0.00436184026106153f,0.05219680776910832f,-0.998627291640005f,0.7237211940547179f,0f,0f,0f,1f], start_interpolation: 0, interpolation_duration: 1 }
$data merge entity $(bone_neck_2) { transformation: [-0.9997507338751036f,0.02124192767836776f,0.00687390898241734f,0.009775930743408698f,0.022143131516028012f,0.9827500816929592f,0.18360816610147196f,0.47506775431696247f,-0.002855143228535431f,0.18371460867603545f,-0.9829754781865901f,0.639403850690055f,0f,0f,0f,1f], start_interpolation: 0, interpolation_duration: 1 }
$data merge entity $(bone_body_0) { transformation: [-0.9950007338941881f,0.03802864256041046f,0.09234371605604558f,0.05365944818787888f,0.04592139864804047f,0.9953299709606875f,0.0849086217860387f,0.524566631493255f,-0.08868350859226748f,0.08872469358870372f,-0.9921003800278254f,0.17267587557166542f,0f,0f,0f,1f], start_interpolation: 0, interpolation_duration: 1 }
$data merge entity $(bone_leg_left_3) { transformation: [-0.9392111254190746f,0.3340058580009156f,0.07951445598196247f,0.21713141289534765f,0.3319029623454118f,0.8239639814731055f,0.45926439097901756f,0.15623556790139354f,0.08787994922264888f,0.4577373090060062f,-0.8847336720553615f,-0.16210729209363745f,0f,0f,0f,1f], start_interpolation: 0, interpolation_duration: 1 }
$data merge entity $(bone_leg_left_2) { transformation: [-0.9846224692061637f,0.2760549519965421f,0.07984019108969154f,0.28241931899371936f,0.22849380746115766f,0.5792535954920955f,0.81505708484871f,0.3168021349743252f,0.1742738436683916f,0.8002006842588679f,-0.6175513677625354f,0.005603586866910426f,0f,0f,0f,1f], start_interpolation: 0, interpolation_duration: 1 }
$data merge entity $(bone_leg_left_1) { transformation: [-0.9763986146269796f,0.04827546579621298f,0.21051181619252043f,0.3038150857901342f,0.21596504978554504f,0.2083040599361488f,0.9539226991141598f,0.31849827686157517f,0.0022005966558824586f,0.9768719967407579f,-0.21381360891693058f,0.28228522688962193f,0f,0f,0f,1f], start_interpolation: 0, interpolation_duration: 1 }
$data merge entity $(bone_leg_left_0) { transformation: [-0.9821535473811509f,0.1825502898545775f,0.04527472849870012f,0.25760409903690384f,0.0901459543195758f,0.6681662605382704f,-0.738530673159969f,0.6514448559440265f,-0.16507003448971053f,-0.721269186886778f,-0.6726980331183167f,0.0346597056987744f,0f,0f,0f,1f], start_interpolation: 0, interpolation_duration: 1 }
$data merge entity $(bone_leg_right_3) { transformation: [-0.9968864194027613f,0.02585392133088832f,0.07449188923740832f,-0.14256877931511586f,0.02554037151040921f,0.9996604801095138f,-0.00515886909373986f,0.020750470229066287f,-0.07459997475503832f,-0.0032402560133901054f,-0.9972082753906104f,-0.17188042970604256f,0f,0f,0f,1f], start_interpolation: 0, interpolation_duration: 1 }
$data merge entity $(bone_leg_right_2) { transformation: [-1.0227472331963725f,0.03244183556479122f,0.07069528835110761f,-0.13123516563586843f,0.025498779195151724f,1.0205509580231724f,-0.09943718538975281f,0.25552680409832523f,-0.07348543222582357f,-0.09739337186824475f,-1.0184186869197815f,-0.22594237863405872f,0f,0f,0f,1f], start_interpolation: 0, interpolation_duration: 1 }
$data merge entity $(bone_leg_right_1) { transformation: [-0.9651273573607253f,-0.009904414434920822f,-0.26159336124719296f,-0.13927306914587612f,-0.25970549948767196f,0.1618035697484565f,0.9520360593761747f,0.24381915784510239f,0.03289737998324278f,0.9867732806432074f,-0.15873328258081354f,0.051206874993186074f,0f,0f,0f,1f], start_interpolation: 0, interpolation_duration: 1 }
$data merge entity $(bone_leg_right_0) { transformation: [-0.9626461481621001f,-0.25713959197478137f,0.08480344136716887f,-0.13520567760931973f,-0.27054590785388444f,0.9260087004289634f,-0.26327323918959133f,0.6602902505709578f,-0.010830751229225347f,-0.27638219365383376f,-0.9609867729885283f,0.02217992520039229f,0f,0f,0f,1f], start_interpolation: 0, interpolation_duration: 1 }
$data merge entity $(bone_tail_4) { transformation: [-1.7637952659862304f,-1.0667619386008123f,-1.8375817145469202f,0.13256151980137304f,-0.9385550610528722f,2.5337403623178307f,-0.5700311441785816f,0.43338692459448036f,1.9062533904642895f,0.26046127219634924f,-1.980913745883262f,-1.675656322457341f,0f,0f,0f,1f], start_interpolation: 0, interpolation_duration: 1 }
$data merge entity $(bone_tail_3) { transformation: [-1.9940459098051406f,-0.39229971709263733f,-0.4536820115486935f,0.2133281842492309f,-0.3800751383332511f,2.0449766370992033f,-0.09776997997256369f,0.4299533983621638f,0.4639712543410335f,-0.010817196120628448f,-2.0299160547810193f,-1.3313517185869532f,0f,0f,0f,1f], start_interpolation: 0, interpolation_duration: 1 }
$data merge entity $(bone_tail_2) { transformation: [-1.9116905805781497f,-0.2129892977189616f,0.3447441923930501f,0.14777672039423362f,-0.2626212227366478f,1.9172753101440938f,-0.2717707737836276f,0.48073701887353737f,-0.3086147963074046f,-0.3121935604265841f,-1.9042231915747396f,-0.9776632773800565f,0f,0f,0f,1f], start_interpolation: 0, interpolation_duration: 1 }
$data merge entity $(bone_tail_1) { transformation: [-1.4853719945713844f,0.1472170176900549f,0.2442405319464265f,0.09483838962535618f,0.05478494173770133f,1.4185603315345172f,-0.5218634361166505f,0.5756434332904989f,-0.2798658569776314f,-0.5036566146682944f,-1.3984496296252682f,-0.670308461838232f,0f,0f,0f,1f], start_interpolation: 0, interpolation_duration: 1 }
$data merge entity $(bone_tail_0) { transformation: [-1.267159310268646f,0.14587307761105495f,0.08284952752910676f,0.07414800929201258f,0.1108533442541005f,1.2018955934174067f,-0.42070682805907583f,0.7275876282440412f,-0.1259147928211732f,-0.4098825982353069f,-1.2041500891486503f,-0.32831901597423646f,0f,0f,0f,1f], start_interpolation: 0, interpolation_duration: 1 }
$data merge entity $(bone_body_1) { transformation: [-1.2354311264161835f,0.01872203418312504f,0.04431717922359314f,0.06258382404428071f,0.02781976543671286f,1.2071932231519418f,0.2655469406401104f,0.5845386538461539f,-0.039250319608080335f,0.26634301655632336f,-1.2067002133912927f,-0.06571821180505662f,0f,0f,0f,1f], start_interpolation: 0, interpolation_duration: 1 }