# This file was generated by Animated Java via MC-Build. It is not recommended to edit this file directly.
$data merge entity $(bone_head_lower) { transformation: [-0.989119223296272f,0.13514290280771085f,0.058133965342865676f,-0.001288022028800932f,0.14680545914437526f,0.9323674122625769f,0.3303621735553193f,0.4049580655871807f,-0.009556111719159356f,0.3353019599875483f,-0.9420622465407049f,0.8852332320164995f,0f,0f,0f,1f], start_interpolation: 0, interpolation_duration: 1 }
$data merge entity $(bone_head_upper) { transformation: [-1.02957378739608f,0.10542053915800514f,0.11106875714634874f,0.00841634666722937f,0.1528097412544389f,0.7563267209156259f,0.6986351099037862f,0.4701506826032356f,-0.009946952706759759f,0.7073389171650034f,-0.7635736094046187f,0.8484744996307606f,0f,0f,0f,1f], start_interpolation: 0, interpolation_duration: 1 }
$data merge entity $(bone_neck_0) { transformation: [-0.9998515636080477f,-0.01176247084613551f,-0.012589480931953624f,0.008116291217848967f,-0.011607502175601869f,0.9998568242969561f,-0.012312465230382513f,0.4531287351998221f,0.012732503437486664f,-0.012164505185160296f,-0.9998449420634256f,0.7840159895051022f,0f,0f,0f,1f], start_interpolation: 0, interpolation_duration: 1 }
$data merge entity $(bone_neck_1) { transformation: [-0.9997535336499843f,0.022092277963128747f,0.002191622405782088f,0.008403726763704175f,0.02219743804083163f,0.9964203791099366f,0.08157022642382326f,0.46462918812115384f,-0.000381705112764768f,0.08159877051040793f,-0.9966651869872836f,0.6999612822725952f,0f,0f,0f,1f], start_interpolation: 0, interpolation_duration: 1 }
$data merge entity $(bone_neck_2) { transformation: [-0.9998879166284692f,0.014790142476174318f,0.002325051808891629f,0.008752223478732443f,0.014958483517286413f,0.9803367653934822f,0.1967639961697965f,0.4914652995592799f,0.000630833767831622f,0.19677672144687008f,-0.9804481240460294f,0.6159932403336484f,0f,0f,0f,1f], start_interpolation: 0, interpolation_duration: 1 }
$data merge entity $(bone_body_0) { transformation: [-0.9977298289711843f,0.02574029766959118f,0.06223042227891696f,0.0383263966453774f,0.03106219934892749f,0.9958001368808005f,0.0861233252945248f,0.5415411408620803f,-0.05975222299411942f,0.08786082439893161f,-0.9943390505170764f,0.14820195877482012f,0f,0f,0f,1f], start_interpolation: 0, interpolation_duration: 1 }
$data merge entity $(bone_leg_left_3) { transformation: [-0.9750391089094456f,0.22120372254888962f,0.019174181275572553f,0.19859328440924942f,0.21328246045803995f,0.9091069111347012f,0.35782008913431196f,0.07842581843340496f,0.06171975500631273f,0.3529780974191406f,-0.9335936667439022f,-0.16662010675057332f,0f,0f,0f,1f], start_interpolation: 0, interpolation_duration: 1 }
$data merge entity $(bone_leg_left_2) { transformation: [-0.9987389146503977f,0.23218479950364793f,-0.02594221931699609f,0.25036407141616457f,0.17548244225515258f,0.8207172330763675f,0.5896535722713235f,0.28822899000623897f,0.15423583346229028f,0.5697154041375544f,-0.8388670129795724f,-0.059505743210102074f,0f,0f,0f,1f], start_interpolation: 0, interpolation_duration: 1 }
$data merge entity $(bone_leg_left_1) { transformation: [-0.9690607551719549f,0.06289628079374034f,0.2386740678160819f,0.27409209847205984f,0.24670379322389624f,0.27678424064846213f,0.9287237062429252f,0.30925333578575487f,-0.007647953615295536f,0.9588714939922707f,-0.28373749631398576f,0.21619036353851281f,0f,0f,0f,1f], start_interpolation: 0, interpolation_duration: 1 }
$data merge entity $(bone_leg_left_0) { transformation: [-0.9795508626314152f,0.20063908071260306f,-0.014968861307796396f,0.2401901924240318f,0.16040341080217382f,0.7338681070923402f,-0.6600820761054905f,0.6697796186948052f,-0.1214530910313918f,-0.6489850234662637f,-0.7510443302464997f,0.008395419753667144f,0f,0f,0f,1f], start_interpolation: 0, interpolation_duration: 1 }
$data merge entity $(bone_leg_right_3) { transformation: [-0.9947325031101917f,0.019442580558720255f,0.10064409231222204f,-0.1536592028424434f,0.019429610507925167f,0.9998106120342555f,-0.0011091885312910499f,0.02207137919114452f,-0.10064659701968924f,0.0008521296293978187f,-0.994921874512492f,-0.15969400210513002f,0f,0f,0f,1f], start_interpolation: 0, interpolation_duration: 1 }
$data merge entity $(bone_leg_right_2) { transformation: [-1.020612936549486f,0.03543993501943891f,0.09568408569008735f,-0.14085778186892237f,0.01943558717196727f,1.0117567256886455f,-0.16742994199296088f,0.25270591584870594f,-0.10016831435045159f,-0.16478634206239104f,-1.0074095342861216f,-0.229083527163501f,0f,0f,0f,1f], start_interpolation: 0, interpolation_duration: 1 }
$data merge entity $(bone_leg_right_1) { transformation: [-0.9585770906567526f,-0.03497748320769213f,-0.28267744327500244f,-0.15445858133031917f,-0.28282919215447133f,0.23440350170115526f,0.9300874402202655f,0.2614249520200982f,0.03372846473360051f,0.9715099454244883f,-0.23458648001967664f,0.04795867597894164f,0f,0f,0f,1f], start_interpolation: 0, interpolation_duration: 1 }
$data merge entity $(bone_leg_right_0) { transformation: [-0.9609427906026343f,-0.2614555075381198f,0.0907191863213424f,-0.1527653960886863f,-0.27673821238340734f,0.9104430282082538f,-0.30742389984160456f,0.6760986097458194f,-0.002216978948557005f,-0.32052224566318177f,-0.9472383939850478f,-0.0005198685182069424f,0f,0f,0f,1f], start_interpolation: 0, interpolation_duration: 1 }
$data merge entity $(bone_tail_4) { transformation: [-2.040405612295391f,-0.8663674566033965f,-1.6467585430329592f,0.09388446419686715f,-0.8232024293273736f,2.611999309224911f,-0.3542014971144241f,0.5120524201747935f,1.668755233478829f,0.22919068555931904f,-2.188238773989225f,-1.7299624574037318f,0f,0f,0f,1f], start_interpolation: 0, interpolation_duration: 1 }
$data merge entity $(bone_tail_3) { transformation: [-2.03460957431733f,-0.2799506422241603f,-0.34341963260562164f,0.1548552799271986f,-0.2708924822184792f,2.0631632738014436f,-0.07694215202907459f,0.5049092934796671f,0.35060899762871306f,-0.030503599781574f,-2.052337298600451f,-1.3816633922241637f,0f,0f,0f,1f], start_interpolation: 0, interpolation_duration: 1 }
$data merge entity $(bone_tail_2) { transformation: [-1.933313462091645f,-0.13801785473763095f,0.24904618863097913f,0.10709571669409487f,-0.17616342995024634f,1.9226317545714449f,-0.3020388340337545f,0.56138488564589f,-0.22369483285529795f,-0.32126637404174024f,-1.9145554088787007f,-1.0259935796473887f,0f,0f,0f,1f], start_interpolation: 0, interpolation_duration: 1 }
$data merge entity $(bone_tail_1) { transformation: [-1.4993839989896078f,0.09881360836487543f,0.17245215097483024f,0.07021051291633229f,0.04845497995038342f,1.4544678930299926f,-0.41210619148819233f,0.6322398802060379f,-0.19275888693375606f,-0.40300777777458296f,-1.4450207585226076f,-0.7099307243685969f,0f,0f,0f,1f], start_interpolation: 0, interpolation_duration: 1 }
$data merge entity $(bone_tail_0) { transformation: [-1.2731780176260772f,0.0917533203812127f,0.0665941455143261f,0.05296432687009416f,0.07488882580404829f,1.244319046132521f,-0.2826614437548412f,0.7448677588774043f,-0.08511824591385567f,-0.2776457386939386f,-1.2447905223697975f,-0.35287408836580847f,0f,0f,0f,1f], start_interpolation: 0, interpolation_duration: 1 }
$data merge entity $(bone_body_1) { transformation: [-1.235889721209842f,0.013362542846448675f,0.03166440450704951f,0.044702734281941964f,0.019873940762424415f,1.2071941593160096f,0.26625529712690127f,0.6016540384615385f,-0.02803958884650199f,0.266661394315412f,-1.206942449868812f,-0.09023841261023852f,0f,0f,0f,1f], start_interpolation: 0, interpolation_duration: 1 }