# This file was generated by Animated Java via MC-Build. It is not recommended to edit this file directly.
$data merge entity $(bone_head_lower) { transformation: [-0.9927712470416065f,0.1126438314819545f,0.041432092350240986f,-0.0007651423181769933f,0.11982081340499266f,0.9501553687066218f,0.2878328473141138f,0.40589295435268835f,-0.006944330235507903f,0.29071660177404557f,-0.9567840057873729f,0.8709544476301424f,0f,0f,0f,1f], start_interpolation: 0, interpolation_duration: 1 }
$data merge entity $(bone_head_upper) { transformation: [-1.033375177390922f,0.08396814825170935f,0.09250424538888416f,0.007176550018540508f,0.12472143474791796f,0.7379796700760612f,0.7233965115013731f,0.4723718595698402f,-0.0072283504486692456f,0.7292511907546769f,-0.7427061291763956f,0.836127142598677f,0f,0f,0f,1f], start_interpolation: 0, interpolation_duration: 1 }
$data merge entity $(bone_neck_0) { transformation: [-0.999931338760557f,-0.008311405236281709f,-0.008260648129468383f,0.007100413526480514f,-0.00845828775095791f,0.9998038606420483f,0.01790803209673776f,0.4573038682965458f,0.008110186979507671f,0.017976673447946387f,-0.99980551312688f,0.7711834277640651f,0f,0f,0f,1f], start_interpolation: 0, interpolation_duration: 1 }
$data merge entity $(bone_neck_1) { transformation: [-0.999854749301703f,0.01679406146687749f,0.0029051330908466677f,0.007423884571067266f,0.017011698754469444f,0.9937902151100041f,0.10996185910168535f,0.47119734830909416f,-0.0010403866185098821f,0.10999530831384788f,-0.9939315619018374f,0.687491113755218f,0f,0f,0f,1f], start_interpolation: 0, interpolation_duration: 1 }
$data merge entity $(bone_neck_2) { transformation: [-0.999931884845436f,0.011346809536729213f,0.002734151201219351f,0.0077745090795486305f,0.0116698075833651f,0.9760380984912497f,0.2172865524705861f,0.49978930296270196f,-0.00020312661364944862f,0.2173036589819019f,-0.9761040305892894f,0.6041046185315865f,0f,0f,0f,1f], start_interpolation: 0, interpolation_duration: 1 }
$data merge entity $(bone_body_0) { transformation: [-0.9986450758524485f,0.019710540711805058f,0.04816126099372698f,0.03066049831961926f,0.023828439408107138f,0.995968415822242f,0.08648190654644267f,0.5500357453321174f,-0.04626248967610562f,0.08751233781234366f,-0.9950886255904982f,0.1359567452812155f,0f,0f,0f,1f], start_interpolation: 0, interpolation_duration: 1 }
$data merge entity $(bone_leg_left_3) { transformation: [-0.9867867425348922f,0.15934127192482628f,-0.02936466956659771f,0.1952771492359962f,0.1443275864356385f,0.9468109987956675f,0.28760820633843776f,0.04360771699949503f,0.07363064953563964f,0.279569833173983f,-0.9572978824942792f,-0.15710573173818576f,0f,0f,0f,1f], start_interpolation: 0, interpolation_duration: 1 }
$data merge entity $(bone_leg_left_2) { transformation: [-1.0057920108824132f,0.18108703541129076f,-0.08747637367744576f,0.23322449861385777f,0.1333158565708949f,0.9344006785853485f,0.40147783717996555f,0.27402944525582423f,0.1505706237370848f,0.38231538939190546f,-0.9398008458190675f,-0.09679903319999264f,0f,0f,0f,1f], start_interpolation: 0, interpolation_duration: 1 }
$data merge entity $(bone_leg_left_1) { transformation: [-0.9641870673475643f,0.06954333133551716f,0.2559434004354523f,0.2577453584004127f,0.26475462336987904f,0.30970225891458786f,0.9132302558651212f,0.3044588088536494f,-0.01575717499989325f,0.9482870008019512f,-0.317022831269394f,0.17794842707239109f,0f,0f,0f,1f], start_interpolation: 0, interpolation_duration: 1 }
$data merge entity $(bone_leg_left_0) { transformation: [-0.9760528003417067f,0.21354467420072415f,-0.04146809696163081f,0.23147455056907906f,0.1943364320099338f,0.7703223780241651f,-0.607319343598443f,0.6789485903502582f,-0.09774600830090702f,-0.6008345080267127f,-0.7933748242952616f,-0.004738536816564165f,0f,0f,0f,1f], start_interpolation: 0, interpolation_duration: 1 }
$data merge entity $(bone_leg_right_3) { transformation: [-0.9933427920865108f,0.014976475280142062f,0.11421822358081989f,-0.15904171767028205f,0.01524138177863207f,0.9998827973437251f,0.0014463255390105012f,0.023548814316927236f,-0.11418317604293925f,0.00317754060085898f,-0.9934546318501297f,-0.1532648850359698f,0f,0f,0f,1f], start_interpolation: 0, interpolation_duration: 1 }
$data merge entity $(bone_leg_right_2) { transformation: [-1.019227262946046f,0.037167423397942025f,0.10888787171289527f,-0.14543171523825738f,0.015241295316358637f,1.005769624537785f,-0.2006423803060979f,0.25176786021561626f,-0.11404248719352529f,-0.1977580453376688f,-0.9999741327252586f,-0.2300887549522137f,0f,0f,0f,1f], start_interpolation: 0, interpolation_duration: 1 }
$data merge entity $(bone_leg_right_1) { transformation: [-0.9549942404858104f,-0.04818742681336553f,-0.2926840831614125f,-0.16201917421146667f,-0.2945773544767716f,0.26979146897345213f,0.9167533722319287f,0.27057391818901066f,0.03478768271093338f,0.9617122933425843f,-0.2718442237115774f,0.04628883829311259f,0f,0f,0f,1f], start_interpolation: 0, interpolation_duration: 1 }
$data merge entity $(bone_leg_right_0) { transformation: [-0.9600472694046761f,-0.26360979033081183f,0.09391016425483822f,-0.16153572324282744f,-0.2798301113202508f,0.9018470302036135f,-0.3291914988443943f,0.6840040388158141f,0.002085499249897066f,-0.34231829129432784f,-0.9395817357410745f,-0.011871115267054533f,0f,0f,0f,1f], start_interpolation: 0, interpolation_duration: 1 }
$data merge entity $(bone_tail_4) { transformation: [-2.3050637614331704f,-0.656960882828343f,-1.371402488608275f,0.07777437843648224f,-0.6768888074844986f,2.673396259913398f,-0.14295212969127274f,0.5472464003472278f,1.361676881506688f,0.21683211827232032f,-2.3925888143297334f,-1.7541508985929934f,0f,0f,0f,1f], start_interpolation: 0, interpolation_duration: 1 }
$data merge entity $(bone_tail_3) { transformation: [-2.0559402876960267f,-0.20852963152755105f,-0.2560672807053031f,0.12323455265474548f,-0.19994054030477734f,2.07107739342889f,-0.08128798690379989f,0.5407627207766745f,0.2628285369122965f,-0.055671799389120105f,-2.0648891827363918f,-1.403477207116092f,0f,0f,0f,1f], start_interpolation: 0, interpolation_duration: 1 }
$data merge entity $(bone_tail_2) { transformation: [-1.9418077887339755f,-0.09618174284429877f,0.19724466775626348f,0.08510845294708613f,-0.12853332740303858f,1.922138210312497f,-0.3280819397744268f,0.6021147718192571f,-0.1778639096656454f,-0.33898030592186384f,-1.9163065143234126f,-1.047452193496135f,0f,0f,0f,1f], start_interpolation: 0, interpolation_duration: 1 }
$data merge entity $(bone_tail_1) { transformation: [-1.5046801576460302f,0.07520336342783702f,0.13393404091365066f,0.056805587361749524f,0.041566002282873105f,1.4689702717893218f,-0.3578475346476856f,0.6611232137296601f,-0.1478720414430631f,-0.3523166824440009f,-1.4634421972292293f,-0.7280877800406074f,0f,0f,0f,1f], start_interpolation: 0, interpolation_duration: 1 }
$data merge entity $(bone_tail_0) { transformation: [-1.2752659238499655f,0.06718664582421405f,0.05494082884352594f,0.04237193367624768f,0.05720094752503123f,1.2591923768236675f,-0.21212808945405967f,0.7534985268907525f,-0.06527320777593677f,-0.20917989711270663f,-1.2592930141847785f,-0.3651409761416636f,0f,0f,0f,1f], start_interpolation: 0, interpolation_duration: 1 }
$data merge entity $(bone_body_1) { transformation: [-1.2360617126540256f,0.010685842132131912f,0.02533476554015608f,0.03576218827208021f,0.015899956578640996f,1.207182957885372f,0.2665728655136742f,0.6102117307692309f,-0.022432765051256083f,0.26683274541424123f,-1.2070218109392656f,-0.10249839176138292f,0f,0f,0f,1f], start_interpolation: 0, interpolation_duration: 1 }