# This file was generated by Animated Java via MC-Build. It is not recommended to edit this file directly.
$data merge entity $(bone_head_lower) { transformation: [-0.7215196319194483f,-0.08610095423849856f,-0.6870196841678147f,0.4726652386157041f,-0.5406540331090375f,0.6899326043939347f,0.48133794560281046f,1.0248034099574517f,0.43255362354019833f,0.7187347404108295f,-0.5443507469351189f,0.2602061983433685f,0f,0f,0f,1f], start_interpolation: 0, interpolation_duration: 1 }
$data merge entity $(bone_head_upper) { transformation: [-0.7510294842317738f,-0.5614151114827091f,-0.45192889816532006f,0.4286708820346827f,-0.5627665577906834f,0.8645789764125035f,-0.13881259871294171f,1.0344732286517515f,0.45024488651231603f,0.1441811663424603f,-0.9273420490979294f,0.19965499945153672f,0f,0f,0f,1f], start_interpolation: 0, interpolation_duration: 1 }
$data merge entity $(bone_neck_0) { transformation: [-0.47450429277838274f,-0.8701325766235023f,0.13309761543105017f,0.45155443082326796f,-0.5403870281515375f,0.1685909273601001f,-0.8243536613719932f,0.9786070409437516f,0.6948579250036918f,-0.46308357594542926f,-0.5502054759352706f,0.1713698704945771f,0f,0f,0f,1f], start_interpolation: 0, interpolation_duration: 1 }
$data merge entity $(bone_neck_1) { transformation: [-0.6702622760299397f,-0.7200666031100189f,-0.17959000088190702f,0.4330235437976064f,-0.23904904547279576f,0.4385805046595539f,-0.8663155861411684f,0.90723922596793f,0.7025695945525328f,-0.5377278382399123f,-0.46609520142576066f,0.129408244499505f,0f,0f,0f,1f], start_interpolation: 0, interpolation_duration: 1 }
$data merge entity $(bone_neck_2) { transformation: [-0.757815551158399f,-0.48795932744171144f,-0.43314118389403294f,0.3902997007393758f,-0.05513985090161942f,0.7093701260014f,-0.7026760428385935f,0.8526247114348304f,0.6501347454682289f,-0.5086154923902637f,-0.5644777175722445f,0.0749760993021111f,0f,0f,0f,1f], start_interpolation: 0, interpolation_duration: 1 }
$data merge entity $(bone_body_0) { transformation: [-0.7002049845767307f,-0.47222874120726344f,-0.5354558763817086f,0.13344278511428734f,0.03259284674822295f,0.7280739582243262f,-0.6847233147019377f,0.5368529954727718f,0.713197508348667f,-0.4968987093295427f,-0.49440973569690916f,-0.16277093642508386f,0f,0f,0f,1f], start_interpolation: 0, interpolation_duration: 1 }
$data merge entity $(bone_leg_left_3) { transformation: [-0.20065536731211758f,0.06231944521819765f,-0.9776777129077534f,0.06537943967012853f,0.018431812973098302f,0.9980381331124155f,0.05983438078571139f,0.0432620045506881f,0.9794884847916101f,-0.006014283097832269f,-0.20141036855002076f,-0.5545229248183596f,0f,0f,0f,1f], start_interpolation: 0, interpolation_duration: 1 }
$data merge entity $(bone_leg_left_2) { transformation: [-0.21776281031344932f,-0.10414464643745917f,-0.9968928982410797f,0.009957185530373225f,-0.20231379289348947f,1.0037186897496242f,-0.0606639971733055f,0.2750387193381066f,0.9816876729134035f,0.18375223526915016f,-0.23363781454240629f,-0.5173880315986978f,0f,0f,0f,1f], start_interpolation: 0, interpolation_duration: 1 }
$data merge entity $(bone_leg_left_1) { transformation: [-0.283422191333956f,0.9589856608294851f,0.004285298460342146f,0.27590087519466144f,0.192945310212948f,0.052645483259608605f,0.9797961830703322f,0.2335335102103167f,0.9393848884915532f,0.2785228095072251f,-0.19995268404778738f,-0.44982578472391704f,0f,0f,0f,1f], start_interpolation: 0, interpolation_duration: 1 }
$data merge entity $(bone_leg_left_0) { transformation: [-0.2574723139008308f,-0.46469041189241755f,-0.8472135673310521f,0.13247904229383997f,0.14320312170340793f,0.8487416151577076f,-0.5090486584147772f,0.624867827250818f,0.955615442272126f,-0.2523895635614533f,-0.15198234994994664f,-0.4254350340535036f,0f,0f,0f,1f], start_interpolation: 0, interpolation_duration: 1 }
$data merge entity $(bone_leg_right_3) { transformation: [-0.9758002719493558f,0.050513582707996274f,-0.21274916504081892f,-0.1731561963278359f,0.06295245018505086f,0.9966556633630257f,-0.05210064972825228f,0.03429259594540407f,0.209405869734499f,-0.06423290938770974f,-0.9757168211485997f,-0.18154479748815508f,0f,0f,0f,1f], start_interpolation: 0, interpolation_duration: 1 }
$data merge entity $(bone_leg_right_2) { transformation: [-1.0003552093652128f,0.08283850659865943f,-0.2109251915278952f,-0.15881326454649508f,0.06329899278823387f,1.018856317772293f,0.09993618337806441f,0.27477679931681603f,0.2175888143002085f,0.0844498967476155f,-0.9987920315718588f,-0.19306435923106915f,0f,0f,0f,1f], start_interpolation: 0, interpolation_duration: 1 }
$data merge entity $(bone_leg_right_1) { transformation: [-0.8969992123759378f,0.27061969011193765f,-0.34951022348518734f,-0.08462193995705594f,-0.31496116146890596f,0.16348894989801133f,0.9349175525293143f,0.26333446854770937f,0.31014815776190685f,0.948702454189386f,-0.06141476737667373f,0.07410245398120172f,0f,0f,0f,1f], start_interpolation: 0, interpolation_duration: 1 }
$data merge entity $(bone_leg_right_0) { transformation: [-0.9211822952727992f,-0.38783960233183096f,-0.03167998956793244f,-0.12721037634706475f,-0.2737747866503961f,0.7038047338595463f,-0.6555198416458675f,0.624867827250818f,0.27653308133108995f,-0.5951800899391545f,-0.7545131645435702f,-0.13031656224565666f,0f,0f,0f,1f], start_interpolation: 0, interpolation_duration: 1 }
$data merge entity $(bone_tail_4) { transformation: [-2.030630726688345f,0.19375768019364084f,1.8613592197088518f,-0.5835241063685808f,0.7381413274663208f,2.6068663939325263f,0.5339066552043364f,0.26440977610983785f,-1.719694032121826f,0.8901499295911915f,-1.9687424591178435f,-1.5937434471325755f,0f,0f,0f,1f], start_interpolation: 0, interpolation_duration: 1 }
$data merge entity $(bone_tail_3) { transformation: [-1.8942532031233972f,0.2526535462903803f,0.8269924510224322f,-0.7262238785771391f,0.3434047555780721f,2.0474562710664026f,0.16106370777325604f,0.2170633562438884f,-0.793614202460843f,0.2829037462851967f,-1.904228844974964f,-1.273625039395269f,0f,0f,0f,1f], start_interpolation: 0, interpolation_duration: 1 }
$data merge entity $(bone_tail_2) { transformation: [-1.952342642573842f,0.077827802407751f,-0.03278588359256063f,-0.7215541850777569f,0.08359421495769717f,1.8887778498319772f,-0.49427129818802495f,0.3094585644916946f,0.012003675111030728f,-0.4952120173816962f,-1.8903425204516127f,-0.9223234546783667f,0f,0f,0f,1f], start_interpolation: 0, interpolation_duration: 1 }
$data merge entity $(bone_tail_1) { transformation: [-1.3088834258737603f,-0.03907489286856519f,-0.7569369724225917f,-0.5569416731317529f,0.2519327743482773f,1.402176842664297f,-0.5080218785693807f,0.40139835188184614f,0.7148498476478463f,-0.5657115030148254f,-1.2069036584063197f,-0.6563789615894731f,0f,0f,0f,1f], start_interpolation: 0, interpolation_duration: 1 }
$data merge entity $(bone_tail_0) { transformation: [-0.7372249767548041f,-0.2825476872299112f,-1.00523721313625f,-0.27000637457415533f,0.3924022603520511f,1.0653710381763117f,-0.5872314140692377f,0.5987103205439138f,0.9676546472288071f,-0.6472921071975031f,-0.5277244813729383f,-0.5177859142705589f,0f,0f,0f,1f], start_interpolation: 0, interpolation_duration: 1 }
$data merge entity $(bone_body_1) { transformation: [-0.816752560817356f,-0.049821624384731686f,-0.9268428427722836f,-0.051172556668597574f,0f,1.2345851162184616f,-0.06636404047447417f,0.5309809615384615f,0.9281809357310358f,-0.0438405247660695f,-0.8155751062838691f,-0.32522315598999474f,0f,0f,0f,1f], start_interpolation: 0, interpolation_duration: 1 }