# This file was generated by Animated Java via MC-Build. It is not recommended to edit this file directly.
$data merge entity $(bone_head_lower) { transformation: [-0.9785887548142698f,0.13495726129044702f,0.15540458994521003f,-0.44828883975511463f,0.2048804334821927f,0.5664411145913308f,0.7982283330455516f,0.6266204579950271f,0.019699160571092944f,0.8129766302456136f,-0.5819630071982937f,0.6632582434890859f,0f,0f,0f,1f], start_interpolation: 0, interpolation_duration: 1 }
$data merge entity $(bone_head_upper) { transformation: [-1.018612627140859f,0.11025336771123878f,0.1836966339404039f,-0.43346577402747455f,0.21325995784476712f,0.43637082167243585f,0.9206370831964564f,0.6999515465137071f,0.020504848030467076f,0.9385609428719912f,-0.4496163367872587f,0.6533443809271755f,0f,0f,0f,1f], start_interpolation: 0, interpolation_duration: 1 }
$data merge entity $(bone_neck_0) { transformation: [-0.8949465973232329f,0.15765593908035097f,0.41739093523010273f,-0.4087463654243923f,0.2394092834429285f,0.9590953015463088f,0.1510609067665713f,0.6940741538119343f,-0.37650203577259816f,0.23511870921831785f,-0.8960833720333178f,0.5917071896572945f,0f,0f,0f,1f], start_interpolation: 0, interpolation_duration: 1 }
$data merge entity $(bone_neck_1) { transformation: [-0.7936423201106986f,0.18420196622885554f,0.5798288569627515f,-0.3587786555527291f,0.18318818718804736f,0.981185566430523f,-0.06096697715297012f,0.6934296499118522f,-0.5801499425183669f,0.05783182398850498f,-0.812454013670988f,0.5231480952245695f,0f,0f,0f,1f], start_interpolation: 0, interpolation_duration: 1 }
$data merge entity $(bone_neck_2) { transformation: [-0.7936423201106986f,0.2093184262902778f,0.5712422114520853f,-0.30668419529554225f,0.18318818718804736f,0.9775923529912727f,-0.10370766339930615f,0.6939153209216027f,-0.5801499425183669f,0.022338034567714105f,-0.8142033262076415f,0.4520364806435231f,0f,0f,0f,1f], start_interpolation: 0, interpolation_duration: 1 }
$data merge entity $(bone_body_0) { transformation: [-0.7936423201106986f,0.37140637716226954f,0.4818601153161624f,-0.07604721992202532f,0.18318818718804736f,0.9011609021324125f,-0.3928754466019139f,0.5173392802649843f,-0.5801499425183669f,-0.22353149995267851f,-0.7832366901038543f,0.08077054878374024f,0f,0f,0f,1f], start_interpolation: 0, interpolation_duration: 1 }
$data merge entity $(bone_leg_left_3) { transformation: [-0.9155213398960603f,-0.2152449016668718f,-0.33983865068785407f,0.33543474236423015f,-0.15383631294314104f,0.9679266655638464f,-0.19862617881466219f,0.08079111425543628f,0.3716921643174397f,-0.1295669803494421f,-0.9192699998303786f,0.038430127519475485f,0f,0f,0f,1f], start_interpolation: 0, interpolation_duration: 1 }
$data merge entity $(bone_leg_left_2) { transformation: [-0.9979288096098471f,-0.23599306770671802f,-0.022529146582604697f,0.27818068430227844f,-0.22731891017144468f,0.9802308835442395f,-0.19883593117251488f,0.30278393147217664f,0.06727855178163994f,-0.18845924344840884f,-1.0059915056946118f,-0.03648471750892457f,0f,0f,0f,1f], start_interpolation: 0, interpolation_duration: 1 }
$data merge entity $(bone_leg_left_1) { transformation: [-0.9968154075599057f,-0.021905268709877884f,0.07667595746990798f,0.2880153039352737f,0.07564865835656708f,0.04440277562168382f,0.9961454080634725f,0.2605083708118611f,-0.025225458172855358f,0.9987735242385223f,-0.042604266689277304f,0.2376127886586724f,0f,0f,0f,1f], start_interpolation: 0, interpolation_duration: 1 }
$data merge entity $(bone_leg_left_0) { transformation: [-0.9991333483176179f,0.009914086612020756f,-0.040426020905784454f,0.1790239727773557f,0.03719884101977111f,0.6484510062121941f,-0.7603469857697729f,0.5813336258076405f,0.01867614806140072f,-0.7611918309000975f,-0.6482578175884547f,-0.0063120441357180646f,0f,0f,0f,1f], start_interpolation: 0, interpolation_duration: 1 }
$data merge entity $(bone_leg_right_3) { transformation: [-0.7978223984957526f,0.08411215778563763f,0.5969962858939146f,-0.2855915182018844f,0.010582692801065764f,0.9920212933972422f,-0.12562547536045837f,0.023463336467004742f,-0.6027996574912454f,-0.09390898976725755f,-0.7923469407837264f,-0.12770439416154822f,0f,0f,0f,1f], start_interpolation: 0, interpolation_duration: 1 }
$data merge entity $(bone_leg_right_2) { transformation: [-0.8155960635949561f,0.25186010762194333f,0.5687106001630091f,-0.20804228990168067f,0.13076630161663755f,0.9863199867858544f,-0.24926944764441786f,0.24546668287129797f,-0.6080834111457187f,-0.12570429330818325f,-0.8163915697959961f,-0.18129267125042198f,0f,0f,0f,1f], start_interpolation: 0, interpolation_duration: 1 }
$data merge entity $(bone_leg_right_1) { transformation: [-0.892211470522057f,-0.4515512431288791f,0.007756719514905364f,-0.34889498806643765f,-0.20660594905086782f,0.42338103602846666f,0.8820784999920657f,0.3095892572535861f,-0.401587691153077f,0.7853979711969122f,-0.4710385898778514f,0.04905966438796788f,0f,0f,0f,1f], start_interpolation: 0, interpolation_duration: 1 }
$data merge entity $(bone_leg_right_0) { transformation: [-0.8800014031995498f,0.2409795572753583f,0.409299869707035f,-0.1852754364049542f,-0.16845819442388082f,0.6473649039765521f,-0.7433306921087514f,0.643865103911646f,-0.44409387194406263f,-0.7230819691257704f,-0.5290870427698344f,-0.1401375322603584f,0f,0f,0f,1f], start_interpolation: 0, interpolation_duration: 1 }
$data merge entity $(bone_tail_4) { transformation: [-1.700947843947625f,-1.3312264004581975f,-1.7205446912222415f,0.15781659597629305f,-0.896152461681902f,2.418909057099189f,-0.9856221743168015f,0.40525710786738445f,1.982258441574002f,-0.0487501364780205f,-1.9219615570041928f,-1.7120853587764824f,0f,0f,0f,1f], start_interpolation: 0, interpolation_duration: 1 }
$data merge entity $(bone_tail_3) { transformation: [-1.5309171133427022f,-1.2053008236858198f,-0.7344986334508583f,0.29415523625134493f,-0.9286668269513889f,1.6761433968122788f,-0.8149029168478166f,0.5270321495209978f,1.0629281455672022f,-0.2715488239512849f,-1.7698560731359445f,-1.409325853834067f,0f,0f,0f,1f], start_interpolation: 0, interpolation_duration: 1 }
$data merge entity $(bone_tail_2) { transformation: [-1.6927049784535069f,-0.9667895562170341f,-0.1372650170697552f,0.31819079052164995f,-0.8617138935173252f,1.6081326819636939f,-0.7000945064219878f,0.6569236589527994f,0.45931786013685666f,-0.5458947757514315f,-1.8192855389326241f,-1.0709149026554918f,0f,0f,0f,1f], start_interpolation: 0, interpolation_duration: 1 }
$data merge entity $(bone_tail_1) { transformation: [-1.4672992326631937f,-0.3274202998927123f,0.16578648631348197f,0.2879195797299944f,-0.3392348402859518f,1.4707168777827562f,-0.09781532876347651f,0.6603185273135652f,-0.14003190694327033f,-0.13207597292130274f,-1.5002010706617706f,-0.7463400951536643f,0f,0f,0f,1f], start_interpolation: 0, interpolation_duration: 1 }
$data merge entity $(bone_tail_0) { transformation: [-1.134991805884902f,-0.1952831836992024f,0.5545212307229187f,0.12116305675112804f,-0.07020399339584897f,1.2420318409449793f,0.29370737473568675f,0.6044628468288351f,-0.5836957396361846f,0.23034127035153104f,-1.1135878498292975f,-0.41536529807333095f,0f,0f,0f,1f], start_interpolation: 0, interpolation_duration: 1 }
$data merge entity $(bone_body_1) { transformation: [-1.1457627996978168f,0.18649640988366378f,0.4255012232478011f,0.009678125992354986f,0.19666856331856802f,1.2206132636483658f,-0.005415889968030194f,0.5235050000000001f,-0.4208962794882856f,0.06266533940257467f,-1.1608290021388719f,-0.1497097710132268f,0f,0f,0f,1f], start_interpolation: 0, interpolation_duration: 1 }