# This file was generated by Animated Java via MC-Build. It is not recommended to edit this file directly.
$data merge entity $(bone_head_lower) { transformation: [-0.856009484476342f,0.17017511088082862f,0.4881477175233377f,-0.5767765135636393f,0.45518273381577634f,0.6957389020140589f,0.5556582214457624f,0.898406994809717f,-0.24506415756397942f,0.6978451202530326f,-0.6730198710413294f,0.5879480108619424f,0f,0f,0f,1f], start_interpolation: 0, interpolation_duration: 1 }
$data merge entity $(bone_head_upper) { transformation: [-0.8910199157208059f,0.3580979210324059f,0.4016482681708751f,-0.5413235440128297f,0.4737995179693692f,0.8904064537145063f,0.25722034627738366f,0.9362800103044098f,-0.2550871794982806f,0.40300641275212046f,-0.9251963600878393f,0.533137627364242f,0f,0f,0f,1f], start_interpolation: 0, interpolation_duration: 1 }
$data merge entity $(bone_neck_0) { transformation: [-0.7452508421089876f,0.45255086987938f,0.489692651065197f,-0.5167640389939001f,0.290988172009806f,0.881521805814145f,-0.3718133801042673f,0.89783508268195f,-0.5999392186598873f,-0.13459946524999697f,-0.7886418184880757f,0.48452122573242756f,0f,0f,0f,1f], start_interpolation: 0, interpolation_duration: 1 }
$data merge entity $(bone_neck_1) { transformation: [-0.6238041587512604f,0.37160417319487604f,0.6875890560420407f,-0.45680428736539164f,0.1733271673436745f,0.9236092209017137f,-0.34191183092421257f,0.8731256152394299f,-0.7621194555876724f,-0.0941081586765037f,-0.6405603717724567f,0.4298238103649182f,0f,0f,0f,1f], start_interpolation: 0, interpolation_duration: 1 }
$data merge entity $(bone_neck_2) { transformation: [-0.6238041587512604f,0.34125827497907407f,0.7031437699951117f,-0.3918624877370778f,0.1733271673436745f,0.9376441341763367f,-0.3012991382419234f,0.8559096730870708f,-0.7621194555876724f,-0.06607773757487787f,-0.6440556404626354f,0.3727527634936438f,0f,0f,0f,1f], start_interpolation: 0, interpolation_duration: 1 }
$data merge entity $(bone_body_0) { transformation: [-0.6238041587512604f,0.5369032109534713f,0.5679817898423191f,-0.11906012590275926f,0.1733271673436745f,0.8036447062786312f,-0.5693091244051429f,0.5952521380473302f,-0.7621194555876724f,-0.25669072468280746f,-0.5943768226273338f,0.09017989588645663f,0f,0f,0f,1f], start_interpolation: 0, interpolation_duration: 1 }
$data merge entity $(bone_leg_left_3) { transformation: [-0.9443971305696056f,0.07421118246254502f,-0.3203228998517054f,0.25526061256260446f,0.06300080296358676f,0.9969878016938167f,0.0452351865219352f,0.06181679087597147f,0.3227149804360472f,0.022539380453814595f,-0.9462277832165573f,0.24518860382988553f,0f,0f,0f,1f], start_interpolation: 0, interpolation_duration: 1 }
$data merge entity $(bone_leg_left_2) { transformation: [-1.0116136826459121f,-0.11718719255930758f,0.12234017526690634f,0.2301559120183964f,-0.16346668061515357f,0.8697018907489736f,-0.5186130205239918f,0.24826197493041224f,-0.04448146707262448f,-0.5309877424464925f,-0.8764334635095462f,0.09426140475858835f,0f,0f,0f,1f], start_interpolation: 0, interpolation_duration: 1 }
$data merge entity $(bone_leg_left_1) { transformation: [-0.9484112512699363f,-0.21676755047951463f,0.23136103285493903f,0.17788462378638487f,0.08616716658805025f,0.5260411625657021f,0.8460826878554554f,0.34458179408232925f,-0.3051086984449647f,0.8223700653268186f,-0.4802251115753777f,0.34921942193960115f,0f,0f,0f,1f], start_interpolation: 0, interpolation_duration: 1 }
$data merge entity $(bone_leg_left_0) { transformation: [-0.9640937471658946f,0.24211443442424901f,0.1091047538792406f,0.1519642075796755f,0.051983930568829655f,0.5749549836320389f,-0.8165319575860439f,0.6428430753823219f,-0.26042449508108645f,-0.7815416607194448f,-0.5668965645703397f,0.05822866836586525f,0f,0f,0f,1f], start_interpolation: 0, interpolation_duration: 1 }
$data merge entity $(bone_leg_right_3) { transformation: [-0.5457779776156998f,0.10045665822614974f,0.8318863257487473f,-0.1107447511864687f,-0.031142383150315218f,0.9896698523231865f,-0.1399418999953936f,0.013254338031143037f,-0.8373509127727965f,-0.10228412985715986f,-0.5370115507676981f,-0.3401070922478716f,0f,0f,0f,1f], start_interpolation: 0, interpolation_duration: 1 }
$data merge entity $(bone_leg_right_2) { transformation: [-0.5425203979664633f,0.3707098400531372f,0.7875963634875301f,0.0008490840286588808f,0.14581857243915383f,0.9536281552786405f,-0.34841424323979425f,0.224549895944812f,-0.8581787466622625f,-0.07231704811680809f,-0.5571011423696364f,-0.3728496519209625f,0f,0f,0f,1f], start_interpolation: 0, interpolation_duration: 1 }
$data merge entity $(bone_leg_right_1) { transformation: [-0.6999464156376176f,-0.6834540696913466f,0.20728133022148257f,-0.2097573235506942f,-0.1846826385865127f,0.45356641743832526f,0.8718771862922475f,0.2978505510166683f,-0.6899038615928852f,0.5719860484264444f,-0.44369428908283937f,-0.20766690248167693f,0f,0f,0f,1f], start_interpolation: 0, interpolation_duration: 1 }
$data merge entity $(bone_leg_right_0) { transformation: [-0.699346022806066f,0.0413463011645447f,0.7135864515006911f,-0.17029692313314465f,-0.12782879523050347f,0.9749970389802104f,-0.18177066069566916f,0.7103267168297464f,-0.7032602217495707f,-0.21833748500849054f,-0.6765750535933996f,-0.15654383528611546f,0f,0f,0f,1f], start_interpolation: 0, interpolation_duration: 1 }
$data merge entity $(bone_tail_4) { transformation: [-1.75391977030868f,-0.7270230158722809f,-2.005209292146912f,0.4065486842558289f,-1.7512764716116682f,1.9728058650303022f,0.8165347944095406f,0.8746953763834028f,1.2175621096682228f,1.7902893299391627f,-1.7140793318298448f,-1.6193476317355187f,0f,0f,0f,1f], start_interpolation: 0, interpolation_duration: 1 }
$data merge entity $(bone_tail_3) { transformation: [-1.7027101964902542f,-0.9902075534660234f,-0.6754350552580142f,0.5307674678013105f,-1.163558500351583f,1.6472506680307881f,0.5183072245069948f,0.7706899837145539f,0.2878456688438101f,0.8012488775501662f,-1.9002869870619283f,-1.304970031475823f,0f,0f,0f,1f], start_interpolation: 0, interpolation_duration: 1 }
$data merge entity $(bone_tail_2) { transformation: [-1.8143621932716822f,-0.7044446985883739f,0.17498963757857927f,0.4967280306763939f,-0.643251818852774f,1.7787313624032999f,0.4910353479621167f,0.6793551899415395f,-0.3362897622166715f,0.39830425811986225f,-1.883357849372927f,-0.9550118109182822f,0f,0f,0f,1f], start_interpolation: 0, interpolation_duration: 1 }
$data merge entity $(bone_tail_1) { transformation: [-1.434685139835231f,-0.17605386230761727f,0.44535360905973836f,0.40441563729001406f,-0.07970139209743585f,1.474746391153623f,0.32623154335088045f,0.5912026949227992f,-0.4722102155117934f,0.28597966596584645f,-1.4081510547595273f,-0.6550380843219729f,0f,0f,0f,1f], start_interpolation: 0, interpolation_duration: 1 }
$data merge entity $(bone_tail_0) { transformation: [-1.0345445878770665f,0.04057836073112456f,0.7496043015609454f,0.1863430660774293f,0.006196277615555518f,1.2767652002568253f,-0.060563571071130105f,0.6397113966579265f,-0.7506762407469741f,-0.04538432149489061f,-1.0335672022294762f,-0.35410093001648363f,0f,0f,0f,1f], start_interpolation: 0, interpolation_duration: 1 }
$data merge entity $(bone_body_1) { transformation: [-1.0135476645105541f,0.23404072129046913f,0.6682444669425163f,0.015221284679665895f,0.21224367651914192f,1.2136390013908007f,-0.10313869854244015f,0.5819425f,-0.6754837885538696f,0.03016471676027196f,-1.0350924288776986f,-0.11548824737531911f,0f,0f,0f,1f], start_interpolation: 0, interpolation_duration: 1 }