# This file was generated by Animated Java via MC-Build. It is not recommended to edit this file directly.
$data merge entity $(bone_head_lower) { transformation: [-0.9985414268426961f,0.028413940735150613f,0.04590933293843625f,-0.10751155399223206f,0.03977019596174464f,0.962176376736924f,0.26950872260943465f,0.3675337557353826f,-0.03651507075328313f,0.2709414475884119f,-0.9619030000923057f,0.7950870562614261f,0f,0f,0f,1f], start_interpolation: 0, interpolation_duration: 1 }
$data merge entity $(bone_head_upper) { transformation: [-1.0393813551416347f,-0.008770723796008933f,0.055510499651334005f,-0.10420440437301542f,0.04139678040566501f,0.5758676899876856f,0.8661031421163412f,0.4401844320859222f,-0.0380085219324796f,0.8670475307708615f,-0.5746789314288171f,0.7749277289164442f,0f,0f,0f,1f], start_interpolation: 0, interpolation_duration: 1 }
$data merge entity $(bone_neck_0) { transformation: [-0.9948172260304862f,0.02395516946378764f,0.09881718802399728f,-0.09788208671333512f,0.04496229556827013f,0.9753104236616706f,0.21621278748983375f,0.4383195109991626f,-0.09119801955218289f,0.21953525309811575f,-0.9713326895955401f,0.7085855355320894f,0f,0f,0f,1f], start_interpolation: 0, interpolation_duration: 1 }
$data merge entity $(bone_neck_1) { transformation: [-0.9913630103042685f,0.012367632157622028f,0.13056195263273518f,-0.08676479956431801f,0.046688674502184654f,0.9636024304821906f,0.2632309321528232f,0.4650578218054189f,-0.12255427154403017f,0.267053173813061f,-0.955857234571504f,0.6288421627277894f,0f,0f,0f,1f], start_interpolation: 0, interpolation_duration: 1 }
$data merge entity $(bone_neck_2) { transformation: [-0.9913630103042685f,0.0034044587188579445f,0.131102217606303f,-0.0752459302567295f,0.046688674502184654f,0.9433312070830863f,0.32855197673487907f,0.5030772412065677f,-0.12255427154403017f,0.331835265461643f,-0.9353426148328284f,0.5501480092447327f,0f,0f,0f,1f], start_interpolation: 0, interpolation_duration: 1 }
$data merge entity $(bone_body_0) { transformation: [-0.9913630103042685f,0.03319075972606516f,0.12687692961789956f,-0.015133125641459076f,0.046688674502184654f,0.993382105241537f,0.10493884247084528f,0.561997730422475f,-0.12255427154403017f,0.10995620243850933f,-0.9863519068119722f,0.08633152465738067f,0f,0f,0f,1f], start_interpolation: 0, interpolation_duration: 1 }
$data merge entity $(bone_leg_left_3) { transformation: [-0.9892728219555761f,0.004461116694722217f,-0.14601158234156264f,0.20666332676787622f,-0.00177716814631914f,0.9990920644097797f,0.04256628368537771f,0.02959796266001083f,0.14606890638815145f,0.042369154714726215f,-0.9883666977975982f,-0.2144929960711505f,0f,0f,0f,1f], start_interpolation: 0, interpolation_duration: 1 }
$data merge entity $(bone_leg_left_2) { transformation: [-1.0213290665995525f,-0.02483725095413775f,-0.09128114911975063f,0.19646833552832937f,-0.0095151975351501f,1.0116697436917323f,-0.1688075537861551f,0.26018503984253216f,0.09412012662256693f,-0.16724126334263265f,-1.0075881902348827f,-0.2844696640117085f,0f,0f,0f,1f], start_interpolation: 0, interpolation_duration: 1 }
$data merge entity $(bone_leg_left_1) { transformation: [-0.9547425732588228f,0.03562370370724045f,0.2952923475833738f,0.20949927887588482f,0.2946519920929532f,0.24873588361616722f,0.9226649791540472f,0.2729559373439967f,-0.04058105916281191f,0.967916014918579f,-0.2479753328485741f,-0.007557251230617193f,0f,0f,0f,1f], start_interpolation: 0, interpolation_duration: 1 }
$data merge entity $(bone_leg_left_0) { transformation: [-0.9703029260582812f,0.23753492982003846f,-0.04570983261976877f,0.19366169910339864f,0.2406199240165209f,0.9284447583326492f,-0.2830059767759553f,0.6885102112694316f,-0.02478475033204094f,-0.28560022380946803f,-0.9580283024582104f,-0.04458555194382646f,0f,0f,0f,1f], start_interpolation: 0, interpolation_duration: 1 }
$data merge entity $(bone_leg_right_3) { transformation: [-0.9792861325655379f,-0.001013353809510821f,0.20247874870931076f,-0.22366099421934316f,0.04702533232533226f,0.9715068222240216f,0.23229961793312498f,0.0935793004121282f,-0.19694488742925906f,0.23700942488905474f,-0.9513355053971425f,-0.19210024612828294f,0f,0f,0f,1f], start_interpolation: 0, interpolation_duration: 1 }
$data merge entity $(bone_leg_right_2) { transformation: [-1.0044048611322132f,0.08601598946849504f,0.1892995615167387f,-0.19620237572392307f,0.09036021895721426f,1.0215992667924834f,0.01523707385818443f,0.3320433171562109f,-0.18726479985485292f,0.03159726484224828f,-1.0079661239796234f,-0.2155951190714697f,0f,0f,0f,1f], start_interpolation: 0, interpolation_duration: 1 }
$data merge entity $(bone_leg_right_1) { transformation: [-0.9511365657639868f,-0.12145893531920468f,-0.28387842520666207f,-0.23308560489709887f,-0.2962359428364407f,0.09965786063455928f,0.9499013511862946f,0.3028383140965697f,-0.08708329023695753f,0.9875809019239226f,-0.13076873753553558f,0.05790091538206857f,0f,0f,0f,1f], start_interpolation: 0, interpolation_duration: 1 }
$data merge entity $(bone_leg_right_0) { transformation: [-0.9616725381857192f,-0.14896621064566573f,0.23020642342321254f,-0.19849574683234822f,-0.24764301905272024f,0.8323003070817818f,-0.4959325901229176f,0.6987933236487931f,-0.1177236782210373f,-0.5339337664143774f,-0.8372907909852267f,-0.06988973644353333f,0f,0f,0f,1f], start_interpolation: 0, interpolation_duration: 1 }
$data merge entity $(bone_tail_4) { transformation: [-2.749037147312997f,-0.1340214110529577f,-0.2247094917278658f,0.05254370854141104f,-0.15670269712522442f,2.7426217584939594f,0.2813031925684175f,0.6723325819042735f,0.2095241251190464f,0.2927891439498364f,-2.7378888746218717f,-1.8215848559706345f,0f,0f,0f,1f], start_interpolation: 0, interpolation_duration: 1 }
$data merge entity $(bone_tail_3) { transformation: [-2.0766625425622927f,-0.12933905641699753f,-0.0817900901596297f,0.06767796955752908f,-0.12354601564212589f,2.073737425051126f,-0.1424605208671095f,0.6761954730185595f,0.09030278169644163f,-0.13722254359956063f,-2.0758036774199997f,-1.4682624314763764f,0f,0f,0f,1f], start_interpolation: 0, interpolation_duration: 1 }
$data merge entity $(bone_tail_2) { transformation: [-1.9518862852805305f,-0.09436815677940277f,0.0029078037429005827f,0.06567164746626655f,-0.09311443711669547f,1.9141801725355616f,-0.38212281229330664f,0.7476179009130538f,0.015604676766602025f,-0.38181512942857937f,-1.9164413833992477f,-1.1120794792812123f,0f,0f,0f,1f], start_interpolation: 0, interpolation_duration: 1 }
$data merge entity $(bone_tail_1) { transformation: [-1.5113971896138998f,-0.016916964904853702f,0.05521414244207899f,0.05544091886399093f,-0.021854246115094157f,1.506145953288924f,-0.13675894602599073f,0.7586567008644927f,-0.053452569198749765f,-0.137457024883441f,-1.505292210554564f,-0.7864260529416038f,0f,0f,0f,1f], start_interpolation: 0, interpolation_duration: 1 }
$data merge entity $(bone_tail_0) { transformation: [-1.2732493203378459f,-0.005371140994951066f,0.11244125438491934f,0.022453355754764807f,0.0016218096167369947f,1.2757522171559712f,0.07930552779736588f,0.766267955963238f,-0.11255778327956198f,0.07914005212320792f,-1.2707884616084435f,-0.41316233815443376f,0f,0f,0f,1f], start_interpolation: 0, interpolation_duration: 1 }
$data merge entity $(bone_body_1) { transformation: [-1.2333794726327139f,0.01420322029568155f,0.08472272468311794f,0.0017998213622860812f,0.032341550198585166f,1.2064101813770844f,0.2685760478090203f,0.6225675f,-0.07958451906779018f,0.2701431802936974f,-1.2038660895306443f,-0.15147639607865576f,0f,0f,0f,1f], start_interpolation: 0, interpolation_duration: 1 }