# This file was generated by Animated Java via MC-Build. It is not recommended to edit this file directly.
$data merge entity $(bone_head_lower) { transformation: [-0.4934553783311885f,-1.0680834877506056f,-0.5529009430182997f,0.2611917756586614f,-0.9359945571739174f,-0.03424881910833094f,0.9015216066908699f,0.4657838910290249f,-0.7552588817993643f,0.7402868914037223f,-0.7560154362703106f,0.7890763351083565f,0f,0f,0f,1f], start_interpolation: 0, interpolation_duration: 1 }
$data merge entity $(bone_head_upper) { transformation: [-0.5136374976985265f,-1.219161437696736f,0.2844107817178359f,0.2532629100748164f,-0.9742763445645986f,0.5823296497872196f,0.736712539846218f,0.529344527755052f,-0.7861486553737577f,0.07486755490897885f,-1.0988324366536109f,0.7147628099553129f,0f,0f,0f,1f], start_interpolation: 0, interpolation_duration: 1 }
$data merge entity $(bone_neck_0) { transformation: [-0.8146401054060841f,-0.5677035402217405f,0.11863468752294376f,0.27041217489608516f,-0.5563672636991729f,0.8227247084137367f,0.11653120633301225f,0.523705065598256f,-0.16375886708162996f,0.028926537733276525f,-0.9860762084478596f,0.6505846560634398f,0f,0f,0f,1f], start_interpolation: 0, interpolation_duration: 1 }
$data merge entity $(bone_neck_1) { transformation: [-0.8633077573044909f,-0.37562102194585567f,-0.3370586952598033f,0.2401284404167277f,-0.44271725267689216f,0.8842824146204827f,0.1484791075377049f,0.5403569733438408f,0.24228320280224702f,0.27740486489122634f,-0.929701775073365f,0.5731046829158738f,0f,0f,0f,1f], start_interpolation: 0, interpolation_duration: 1 }
$data merge entity $(bone_neck_2) { transformation: [-0.8633077573044909f,-0.3112462110778805f,-0.3972725918906984f,0.20227708688732893f,-0.44271725267689216f,0.8449603577876987f,0.3000723711865336f,0.5749182536055303f,0.24228320280224702f,0.43493423624376537f,-0.86725489896739f,0.5013849273613122f,0f,0f,0f,1f], start_interpolation: 0, interpolation_duration: 1 }
$data merge entity $(bone_body_0) { transformation: [-0.9042395038584304f,-0.277752937175234f,-0.3243520087071914f,0.04676525758589673f,-0.2892656085034463f,0.9571575830731615f,-0.013220019011895068f,0.5778058306460461f,0.3141278838291667f,0.08186981773568583f,-0.9458440704180237f,0.0563920762397663f,0f,0f,0f,1f], start_interpolation: 0, interpolation_duration: 1 }
$data merge entity $(bone_leg_left_3) { transformation: [-0.806206482331137f,0.07826412305241867f,-0.5864348513603959f,0.32711044163070163f,0.05800668483992578f,0.9968924686737128f,0.05329756481784062f,0.12492291363566041f,0.5887837738602646f,0.0089517006465957f,-0.8082410127520123f,-0.06815532162294795f,0f,0f,0f,1f], start_interpolation: 0, interpolation_duration: 1 }
$data merge entity $(bone_leg_left_2) { transformation: [-0.8195761156365862f,-0.2182548401558703f,-0.5768206089654518f,0.2571377422200948f,-0.11679164052254844f,0.9968915904809864f,-0.21125593253926672f,0.3505869533821047f,0.6055715505890208f,-0.10312216579144821f,-0.8214080079597377f,-0.11663866482990579f,0f,0f,0f,1f], start_interpolation: 0, interpolation_duration: 1 }
$data merge entity $(bone_leg_left_1) { transformation: [-0.9028897065663103f,0.4290549188420117f,-0.026496309065163842f,0.39308543338724755f,0.2063114625104528f,0.486580812944871f,0.8489256109405031f,0.43364310195501865f,0.3771283047099487f,0.7610197034843338f,-0.5278477552241905f,0.11059092635557372f,0f,0f,0f,1f], start_interpolation: 0, interpolation_duration: 1 }
$data merge entity $(bone_leg_left_0) { transformation: [-0.8866597892535965f,-0.3090655743101791f,-0.34396640664036776f,0.19664033841464335f,0.1792423173775033f,0.45597855929214537f,-0.8717544064282106f,0.704482873264106f,0.42627058282493535f,-0.8346029141107635f,-0.3489002235251667f,-0.13913376506059136f,0f,0f,0f,1f], start_interpolation: 0, interpolation_duration: 1 }
$data merge entity $(bone_leg_right_3) { transformation: [-0.9394799201998341f,-0.09278364580260717f,0.3298009621163799f,-0.29737016255520987f,-0.05598223638722228f,0.9912663560655112f,0.11940268230524936f,0.19447340888450085f,-0.337999214126895f,0.0937134270218492f,-0.9364690730853964f,0.14102977018502294f,0f,0f,0f,1f], start_interpolation: 0, interpolation_duration: 1 }
$data merge entity $(bone_leg_right_2) { transformation: [-0.9921575972211087f,0.1565297942095461f,0.20780742359657853f,-0.252921902857898f,0.09442071002233182f,0.9800675571515484f,-0.28742740377105563f,0.4138964570218603f,-0.2424257232556177f,-0.258898061878431f,-0.962425977288787f,0.051313828335171174f,0f,0f,0f,1f], start_interpolation: 0, interpolation_duration: 1 }
$data merge entity $(bone_leg_right_1) { transformation: [-0.9792127003655426f,-0.09371969069382821f,-0.1798863725218654f,-0.2883437483901317f,-0.2023091785691981f,0.5151500285244937f,0.8328814107529771f,0.505644600878084f,0.014611081735398362f,0.8519607195683766f,-0.5234018041648834f,0.3108151898302389f,0f,0f,0f,1f], start_interpolation: 0, interpolation_duration: 1 }
$data merge entity $(bone_leg_right_0) { transformation: [-0.9805151580045751f,0.009258575494770022f,0.19622513524793578f,-0.18667247034450296f,-0.19172173442499665f,0.1725875107061033f,-0.9661554366132508f,0.6743517221835461f,-0.04281123067997594f,-0.9849506738553349f,-0.16744960017744914f,-0.057299109003486864f,0f,0f,0f,1f], start_interpolation: 0, interpolation_duration: 1 }
$data merge entity $(bone_tail_4) { transformation: [-2.6132454767527573f,0.7893454405265569f,0.4165851477803643f,-0.43734999894509957f,0.8925250856358485f,2.306938270783822f,1.2276384312588415f,0.8796627237407189f,0.0028950547444773042f,1.2963915002470832f,-2.4382415853120754f,-1.7940343316043856f,0f,0f,0f,1f], start_interpolation: 0, interpolation_duration: 1 }
$data merge entity $(bone_tail_3) { transformation: [-1.8713254410628308f,0.8851061376313869f,-0.22510829572162205f,-0.40784140909297684f,0.8238508200525756f,1.8575021887481327f,0.4548636841285957f,0.7843575348282674f,0.3941528205837726f,0.3197159207289939f,-2.0194976628118964f,-1.4547308280473683f,0f,0f,0f,1f], start_interpolation: 0, interpolation_duration: 1 }
$data merge entity $(bone_tail_2) { transformation: [-1.7344047943057053f,0.5629838662533562f,-0.7026115931512824f,-0.27837598183740236f,0.5219983719527928f,1.8713157858437734f,0.21087627731281447f,0.7459873695402565f,0.7335745253011404f,-0.0005205699765420579f,-1.8112542670312424f,-1.1174803016868555f,0f,0f,0f,1f], start_interpolation: 0, interpolation_duration: 1 }
$data merge entity $(bone_tail_1) { transformation: [-1.4533451642929176f,0.1949645432558175f,-0.37071944958343245f,-0.19959604741262088f,0.1631440105797761f,1.496432871353794f,0.14740740600046462f,0.6958187312429704f,0.38578247139850513f,0.10165499694993044f,-1.4589360494404036f,-0.8051447342881819f,0f,0f,0f,1f], start_interpolation: 0, interpolation_duration: 1 }
$data merge entity $(bone_tail_0) { transformation: [-1.2005576810544323f,0.10917976479716762f,-0.424943231507535f,-0.0727830563552781f,0.10205541675283972f,1.2735418298976233f,0.038879506123987044f,0.7151900688808354f,0.4267102798816025f,0.002589023730308104f,-1.20488478726537f,-0.45298691756677023f,0f,0f,0f,1f], start_interpolation: 0, interpolation_duration: 1 }
$data merge entity $(bone_body_1) { transformation: [-1.2055620894628667f,-0.06929969832841822f,-0.2653718058079406f,-0.00642000230447617f,-0.09476587430561384f,1.2278236867296437f,0.10987728804884266f,0.6069424999999999f,0.2573792388155457f,0.1274799638118319f,-1.2025428812768029f,-0.18199922283604933f,0f,0f,0f,1f], start_interpolation: 0, interpolation_duration: 1 }