# This file was generated by Animated Java via MC-Build. It is not recommended to edit this file directly.
$data merge entity $(bone_head_lower) { transformation: [-0.9970963576251867f,0.03549200800065948f,0.067373369951836f,-0.1679683485257661f,0.05916635576720404f,0.9180575252418839f,0.39200729928405176f,0.3428717780948007f,-0.04793950308268198f,0.3948552870544204f,-0.9174917472813349f,0.7774346518587271f,0f,0f,0f,1f], start_interpolation: 0, interpolation_duration: 1 }
$data merge entity $(bone_head_upper) { transformation: [-1.0378771831952411f,-0.013942983850146437f,0.07802876641068585f,-0.1632245237154029f,0.06158623506543445f,0.5032201736380439f,0.909092148837327f,0.4168609899207291f,-0.04990020878397073f,0.9110691481048838f,-0.5009340466750736f,0.7633439048471828f,0f,0f,0f,1f], start_interpolation: 0, interpolation_duration: 1 }
$data merge entity $(bone_neck_0) { transformation: [-0.9874782141837434f,0.03171389968681017f,0.1545348021616489f,-0.15342771081239734f,0.07374371589253234f,0.958765787648741f,0.27446316474283117f,0.4190218979138458f,-0.1394583840392771f,0.28242236632558676f,-0.9490990286161974f,0.6974342000391224f,0f,0f,0f,1f], start_interpolation: 0, interpolation_duration: 1 }
$data merge entity $(bone_neck_1) { transformation: [-0.978273402081414f,0.0170756618364715f,0.20661455068049434f,-0.1358460811141589f,0.07838554296239136f,0.9530873488104278f,0.2923699919485597f,0.4481802278680842f,-0.19192930322008464f,0.3022133804290542f,-0.9337184882260265f,0.6197282482981841f,0f,0f,0f,1f], start_interpolation: 0, interpolation_duration: 1 }
$data merge entity $(bone_neck_2) { transformation: [-0.978273402081414f,0.005669587725839205f,0.20724142094445094f,-0.11763466952143961f,0.07838554296239136f,0.935537064612378f,0.3444214096001385f,0.48751361908284896f,-0.19192930322008464f,0.353183035424232f,-0.9156554406838734f,0.5429678469346719f,0f,0f,0f,1f], start_interpolation: 0, interpolation_duration: 1 }
$data merge entity $(bone_body_0) { transformation: [-0.978273402081414f,0.05437534622798993f,0.20006117190160194f,-0.02282859629160486f,0.07838554296239136f,0.9903699084950384f,0.1141190212104032f,0.5507319971737833f,-0.19192930322008464f,0.12732150670690157f,-0.9731147807403489f,0.08555539645543986f,0f,0f,0f,1f], start_interpolation: 0, interpolation_duration: 1 }
$data merge entity $(bone_leg_left_3) { transformation: [-0.9883441910520436f,-0.0016245986260507673f,-0.1522272008971653f,0.22433521986736144f,-0.011222216159395282f,0.9979999853469611f,0.06221005635696383f,0.040006891868088534f,0.1518216778926958f,0.06319327437923303f,-0.9863857197846474f,-0.27745954107976056f,0f,0f,0f,1f], start_interpolation: 0, interpolation_duration: 1 }
$data merge entity $(bone_leg_left_2) { transformation: [-1.0237078301907425f,-0.017269232010107664f,-0.061532524185487505f,0.21681999825172554f,-0.01417833979424256f,1.0243044604305873f,-0.051590178555382164f,0.27715441080681225f,0.06231735382327723f,-0.05063936678591379f,-1.0225528844244096f,-0.32076829044165234f,0f,0f,0f,1f], start_interpolation: 0, interpolation_duration: 1 }
$data merge entity $(bone_leg_left_1) { transformation: [-0.9654095877316307f,0.0087813965869727f,0.2605901283430084f,0.2246116414120986f,0.25939020605950347f,0.13383596798565273f,0.9564542093972671f,0.2576207982988149f,-0.026477328344295146f,0.9909645910663636f,-0.1314843349468779f,-0.044053430090758905f,0f,0f,0f,1f], start_interpolation: 0, interpolation_duration: 1 }
$data merge entity $(bone_leg_left_0) { transformation: [-0.9789466422934955f,0.20298171854842068f,-0.021491707177907923f,0.1922307876331853f,0.2034393819772734f,0.9617084467086922f,-0.18365533313753687f,0.6738245232534142f,-0.016609918813656054f,-0.18416103134019515f,-0.9827557301449427f,-0.03828990626258344f,0f,0f,0f,1f], start_interpolation: 0, interpolation_duration: 1 }
$data merge entity $(bone_leg_right_3) { transformation: [-0.9737753492919424f,-0.01423886988726775f,0.2270656814573461f,-0.2464988789496879f,0.0686307080172113f,0.933162938334929f,0.3528409789624458f,0.14512642941617865f,-0.21691333529410267f,0.3591715260184947f,-0.9077138425016628f,-0.21872153113909001f,0f,0f,0f,1f], start_interpolation: 0, interpolation_duration: 1 }
$data merge entity $(bone_leg_right_2) { transformation: [-0.9996857473805264f,0.08667627811765731f,0.21255076757472158f,-0.21817510284701788f,0.1323742472221533f,0.9936167402590839f,0.21740522452318004f,0.3832504815964784f,-0.18753043661576918f,0.23932236792509928f,-0.9796016226273394f,-0.19291898191357168f,0f,0f,0f,1f], start_interpolation: 0, interpolation_duration: 1 }
$data merge entity $(bone_leg_right_1) { transformation: [-0.9507063655344657f,-0.14183778292690233f,-0.27575251561251035f,-0.2610170281424842f,-0.26648926365724657f,-0.08099160053303223f,0.9604289838392612f,0.3050027427835013f,-0.15855875531696578f,0.9865710334169953f,0.039200983850611715f,0.06986466762992524f,0f,0f,0f,1f], start_interpolation: 0, interpolation_duration: 1 }
$data merge entity $(bone_leg_right_0) { transformation: [-0.9564065502473624f,-0.0654675145652427f,0.28460589449375284f,-0.1986836312695479f,-0.21944299569588577f,0.8041386594426745f,-0.552454331171142f,0.6912228218604394f,-0.1926947904951115f,-0.5908257111250221f,-0.7834498687150677f,-0.07592928531922086f,0f,0f,0f,1f], start_interpolation: 0, interpolation_duration: 1 }
$data merge entity $(bone_tail_4) { transformation: [-2.7212007166405807f,-0.23869883059613325f,-0.40466141356303326f,0.06977387282396816f,-0.2804545425288705f,2.7335314653465366f,0.2735183890259277f,0.6908572027436876f,0.3769260417239908f,0.3106282791898625f,-2.717921662380619f,-1.8179652769976258f,0f,0f,0f,1f], start_interpolation: 0, interpolation_duration: 1 }
$data merge entity $(bone_tail_3) { transformation: [-2.0634876162050007f,-0.2305819508962114f,-0.1574685610969594f,0.09873114708381435f,-0.2205609753444077f,2.0661587356342697f,-0.13522744307929613f,0.6935677945829387f,0.17122277876548217f,-0.11732676219660136f,-2.0719224688556115f,-1.4654956578896994f,0f,0f,0f,1f], start_interpolation: 0, interpolation_duration: 1 }
$data merge entity $(bone_tail_2) { transformation: [-1.9463934463146466f,-0.17365153849483286f,-0.013098485582219767f,0.0996855551607932f,-0.16814714500760386f,1.9122772827228158f,-0.3656446452647885f,0.7618710318586763f,0.04530965429091101f,-0.36306282123538725f,-1.9196109757102913f,-1.1086970580437674f,0f,0f,0f,1f], start_interpolation: 0, interpolation_duration: 1 }
$data merge entity $(bone_tail_1) { transformation: [-1.5101119416158495f,-0.03789058781116838f,0.07604260085329936f,0.0852279276752908f,-0.04279687413833577f,1.5087062510517808f,-0.09813320335783127f,0.7645867139394236f,-0.07339346941790882f,-0.100129922563668f,-1.5073963139314748f,-0.7830280864220379f,0f,0f,0f,1f], start_interpolation: 0, interpolation_duration: 1 }
$data merge entity $(bone_tail_0) { transformation: [-1.266304533205532f,-0.015830558693054622f,0.17337225608099105f,0.03418250532136237f,0.002671377216731245f,1.271003657115446f,0.1355665295231679f,0.7556426054939547f,-0.17407300052251906f,0.1346655620218316f,-1.2591264803340685f,-0.4118323441490344f,0f,0f,0f,1f], start_interpolation: 0, interpolation_duration: 1 }
$data merge entity $(bone_body_1) { transformation: [-1.229470012179175f,0.027219943234756197f,0.12754277282028334f,0.002697140887276122f,0.054719614744112195f,1.2052256495068037f,0.2702618962958143f,0.61163f,-0.11838009955497458f,0.2743989859993113f,-1.1997066072870293f,-0.15140008214540596f,0f,0f,0f,1f], start_interpolation: 0, interpolation_duration: 1 }