# This file was generated by Animated Java via MC-Build. It is not recommended to edit this file directly.
$data merge entity $(bone_head_lower) { transformation: [-0.3878725853411476f,0.3290983975860969f,1.0313821320185048f,-0.7190452589208759f,0.32872039506282297f,1.0796551124813676f,-0.2208794693098171f,0.2649105754335935f,-1.0315026705784696f,0.22031587051120027f,-0.4582173695860692f,0.5174574716848426f,0f,0f,0f,1f], start_interpolation: 0, interpolation_duration: 1 }
$data merge entity $(bone_head_upper) { transformation: [-0.40373641246802333f,-0.5168998982910463f,1.0013506121538267f,-0.6617469677130164f,0.3421649222540612f,0.9572287667963248f,0.6320821924901437f,0.3300851932573629f,-1.0736907000123497f,0.49941888954161634f,-0.17510196327482025f,0.5162674184985178f,0f,0f,0f,1f], start_interpolation: 0, interpolation_duration: 1 }
$data merge entity $(bone_neck_0) { transformation: [-0.4063367417996129f,0.25770780051145215f,0.8766282802985679f,-0.6091143226756183f,0.21783512526455057f,0.9590609276418837f,-0.18096959764465181f,0.3027456146859459f,-0.8873772086686993f,0.11742583457757134f,-0.4458395035313813f,0.4858192925430267f,0f,0f,0f,1f], start_interpolation: 0, interpolation_duration: 1 }
$data merge entity $(bone_neck_1) { transformation: [-0.6756371140866121f,0.12726886048982564f,0.7261660465887508f,-0.5470122158685206f,0.23177452821649352f,0.9717121756585861f,0.04534330983594931f,0.3110633446892296f,-0.6998535976464908f,0.19894241585563985f,-0.6860224901814702f,0.4286206864215175f,0f,0f,0f,1f], start_interpolation: 0, interpolation_duration: 1 }
$data merge entity $(bone_neck_2) { transformation: [-0.6756371140866121f,-0.16031061984298656f,0.7195936320134246f,-0.4855399579143047f,0.23177452821649352f,0.8803928571401651f,0.4137499065457281f,0.3559305359438725f,-0.6998535976464908f,0.4463282673796657f,-0.5576701709784463f,0.38413442961033734f,0f,0f,0f,1f], start_interpolation: 0, interpolation_duration: 1 }
$data merge entity $(bone_body_0) { transformation: [-0.6756371140866121f,0.03139636876481974f,0.7365655151424739f,-0.13810030309039273f,0.23177452821649352f,0.9574805537155302f,0.1717892817571097f,0.4460153793510242f,-0.6998535976464908f,0.2867843393300708f,-0.6541862766645893f,0.07855086992939703f,0f,0f,0f,1f], start_interpolation: 0, interpolation_duration: 1 }
$data merge entity $(bone_leg_left_3) { transformation: [-0.9901449936286769f,0.05994362428322802f,-0.12656876984413948f,0.1653042203296068f,0.06675249975074507f,0.9965031843289878f,-0.05025442666287607f,0.037679535071709236f,0.12311374971583938f,-0.05820795074539961f,-0.9906840258634069f,0.14310947846740874f,0f,0f,0f,1f], start_interpolation: 0, interpolation_duration: 1 }
$data merge entity $(bone_leg_left_2) { transformation: [-1.0158248112320014f,-0.11412666417895191f,-0.0844822875492151f,0.13451465096748366f,-0.10705766364211766f,1.01647703211973f,-0.08587956293118235f,0.2717987053060052f,0.09327812734856329f,-0.07623481617439935f,-1.0186018080005041f,0.09400460484660189f,0f,0f,0f,1f], start_interpolation: 0, interpolation_duration: 1 }
$data merge entity $(bone_leg_left_1) { transformation: [-0.9650842834211472f,-0.007579475096088875f,0.2618298635579198f,0.13778932702335867f,0.23992204076714627f,0.37555898188053904f,0.8952054878534765f,0.3215698050164417f,-0.10511774468480026f,0.9267675019583506f,-0.3606275877775585f,0.3669981941305054f,0f,0f,0f,1f], start_interpolation: 0, interpolation_duration: 1 }
$data merge entity $(bone_leg_left_0) { transformation: [-0.9754630737134368f,0.1468561685528963f,-0.1640276122471394f,0.09538012587174645f,0.21340651273256606f,0.4475422685043632f,-0.868425919825804f,0.59279871793785f,-0.05412441357520337f,-0.882121977767209f,-0.4679010196560897f,0.05244515405998501f,0f,0f,0f,1f], start_interpolation: 0, interpolation_duration: 1 }
$data merge entity $(bone_leg_right_3) { transformation: [-0.277916031243062f,-0.09611087808548954f,0.9557852157737856f,-0.2513510575577976f,0.19703547124991663f,0.9681230544327913f,0.1546440252484589f,0.051134566506174456f,-0.9401806755339257f,0.2313016441561945f,-0.2501196648870545f,-0.5401493924268959f,0f,0f,0f,1f], start_interpolation: 0, interpolation_duration: 1 }
$data merge entity $(bone_leg_right_2) { transformation: [-0.6556819748599346f,0.34798219166088606f,0.7078500841501378f,-0.14734396499642052f,0.400089893558995f,0.9400087246532809f,-0.09150887469726039f,0.26680051051060505f,-0.6797583573715168f,0.21761018212228297f,-0.7366387063689896f,-0.5111356481042031f,0f,0f,0f,1f], start_interpolation: 0, interpolation_duration: 1 }
$data merge entity $(bone_leg_right_1) { transformation: [-0.808911040488268f,-0.5569250634857366f,0.18840754294241085f,-0.32474549932736485f,0.0819060503729562f,0.21058537448903905f,0.9741381826843736f,0.27397654995938897f,-0.582197842222462f,0.803422848637453f,-0.12472930208571567f,-0.2978504265471953f,0f,0f,0f,1f], start_interpolation: 0, interpolation_duration: 1 }
$data merge entity $(bone_leg_right_0) { transformation: [-0.8099236223331387f,0.015050088948336482f,0.5863422386366299f,-0.2723938927533206f,0.13897777328793506f,0.9761269582691189f,0.1669171647021518f,0.6274878900127913f,-0.5698323477293078f,0.21667869337552567f,-0.7926799097481784f,-0.08198861819004896f,0f,0f,0f,1f], start_interpolation: 0, interpolation_duration: 1 }
$data merge entity $(bone_tail_4) { transformation: [-1.996093214073452f,-0.4650368381698368f,-1.850679321620825f,-0.13170590268125748f,-0.8662255509024358f,2.607179567624142f,0.2791582503293924f,0.8808683411825222f,1.7002724803082847f,0.7823150087453237f,-2.0304477465323054f,-1.6538353313189542f,0f,0f,0f,1f], start_interpolation: 0, interpolation_duration: 1 }
$data merge entity $(bone_tail_3) { transformation: [-1.8436926523857113f,0.08001826939384601f,-0.9645413449648489f,0.031061624055465906f,0.05649090881667241f,2.0805236465277805f,0.06461934311225208f,0.8495517313168383f,0.9662047954778795f,0.031047686651446874f,-1.8442965760401948f,-1.3414146123816593f,0f,0f,0f,1f], start_interpolation: 0, interpolation_duration: 1 }
$data merge entity $(bone_tail_2) { transformation: [-1.8519598946631237f,0.07627660144688396f,-0.6190317468707419f,0.14478700150650187f,0.13277104660839195f,1.9432591117130247f,-0.1577648532772626f,0.8794404539669476f,0.6094179786851064f,-0.1915718659375569f,-1.846803677286608f,-0.9976927964445488f,0f,0f,0f,1f], start_interpolation: 0, interpolation_duration: 1 }
$data merge entity $(bone_tail_1) { transformation: [-1.505274041473653f,0.08722046051281776f,0.11915914288676477f,0.11951719991506135f,0.09724692110321778f,1.5039658638592734f,0.12761648279895024f,0.8335014747110764f,-0.11112761313697414f,0.1346681908022907f,-1.502388558923595f,-0.6759355520641215f,0f,0f,0f,1f], start_interpolation: 0, interpolation_duration: 1 }
$data merge entity $(bone_tail_0) { transformation: [-1.2390204478378453f,0.11410129857406896f,0.2926515677173873f,0.03675107756098954f,0.18588287519541957f,1.2263330402782078f,0.30885360223756414f,0.7728408744941699f,-0.2532026917961526f,0.3419413466806062f,-1.2053216288117723f,-0.3154609040338104f,0f,0f,0f,1f], start_interpolation: 0, interpolation_duration: 1 }
$data merge entity $(bone_body_1) { transformation: [-1.1566908389497212f,-0.10655332944669954f,0.4234587183302092f,-0.05452001984565534f,0.10910136528904922f,1.0904414579044195f,0.5723975139984446f,0.5663175f,-0.4228094017853739f,0.5728773079144933f,-1.0107662414697016f,-0.11905926358048108f,0f,0f,0f,1f], start_interpolation: 0, interpolation_duration: 1 }