# This file was generated by Animated Java via MC-Build. It is not recommended to edit this file directly.
$data merge entity $(bone_head_lower) { transformation: [-0.31656074784877436f,0.3696748146927403f,0.8735730217350535f,-0.7262535454019758f,0.37177291268952645f,0.8956076399016477f,-0.24427823632109735f,0.26295688215237695f,-0.8726821840233535f,0.24744188556444557f,-0.4209493068726226f,0.487259264462668f,0f,0f,0f,1f], start_interpolation: 0, interpolation_duration: 1 }
$data merge entity $(bone_head_upper) { transformation: [-0.32950795053547766f,-0.4544915892641976f,0.8765465466280269f,-0.6761345129520175f,0.3869782699131478f,0.7906940334614886f,0.5554482033879811f,0.3191229725898242f,-0.9083745217323321f,0.5017093614036049f,-0.08133503261849014f,0.492636007254488f,0f,0f,0f,1f], start_interpolation: 0, interpolation_duration: 1 }
$data merge entity $(bone_neck_0) { transformation: [-0.3785224771166986f,0.28306291636712755f,0.8812469118783762f,-0.6236237670921903f,0.256954327975917f,0.9468026948943701f,-0.19375017490367094f,0.2911433116385591f,-0.8892104405886624f,0.153101411876229f,-0.43112034286220136f,0.4625611606780919f,0f,0f,0f,1f], start_interpolation: 0, interpolation_duration: 1 }
$data merge entity $(bone_neck_1) { transformation: [-0.65772285009673f,0.15602979436527836f,0.7369228967340905f,-0.5604779158668767f,0.2653009357879369f,0.9636088882194833f,0.03276162411200334f,0.2983578768940784f,-0.7049936637521497f,0.21705440289185587f,-0.6751824347941677f,0.40636428918389167f,0f,0f,0f,1f], start_interpolation: 0, interpolation_duration: 1 }
$data merge entity $(bone_neck_2) { transformation: [-0.6494748807474016f,-0.16167926423015672f,0.7429954204408957f,-0.49696888561695424f,0.2672943373737989f,0.8662259598318034f,0.42214490843947494f,0.343821830498168f,-0.7118539994170504f,0.472770982645367f,-0.519376050162581f,0.36549177527123566f,0f,0f,0f,1f], start_interpolation: 0, interpolation_duration: 1 }
$data merge entity $(bone_body_0) { transformation: [-0.6511280838402377f,0.02929227951668663f,0.7584023871239176f,-0.13925763899665777f,0.2556517387271839f,0.9493248035054704f,0.18282397527421745f,0.43902958986439333f,-0.7146148661484086f,0.31292871362343244f,-0.6256206624382509f,0.07362014029972738f,0f,0f,0f,1f], start_interpolation: 0, interpolation_duration: 1 }
$data merge entity $(bone_leg_left_3) { transformation: [-0.9914548944531761f,0.053472701441233575f,-0.11898681635129853f,0.16508824071600575f,0.05951986038353162f,0.9970791240570444f,-0.047860281962834164f,0.02807637630197235f,0.11608005205359738f,-0.05453338949867148f,-0.991741665427555f,0.13216406521353027f,0f,0f,0f,1f], start_interpolation: 0, interpolation_duration: 1 }
$data merge entity $(bone_leg_left_2) { transformation: [-1.0159627108309375f,-0.11893374368141678f,-0.07574123259935868f,0.1334480719172717f,-0.11389772638881156f,1.017006503996174f,-0.06919016009255893f,0.2628241314388552f,0.08312206461106796f,-0.0601226658099721f,-1.020557782259971f,0.086738706188011f,0f,0f,0f,1f], start_interpolation: 0, interpolation_duration: 1 }
$data merge entity $(bone_leg_left_1) { transformation: [-0.9654374819094823f,-0.01658184190013151f,0.2601067301003128f,0.1343755089419362f,0.23737576503756735f,0.35615817068076305f,0.9037721524976094f,0.3069210039265071f,-0.10762534412073935f,0.9342785451761866f,-0.33991232005674804f,0.36072409148645845f,0f,0f,0f,1f], start_interpolation: 0, interpolation_duration: 1 }
$data merge entity $(bone_leg_left_0) { transformation: [-0.9761828259014942f,0.15327076949958734f,-0.153542051673076f,0.09354760879553183f,0.20915420211953534f,0.47686314361247917f,-0.8537306729875439f,0.5879715203316513f,-0.05763341175666875f,-0.8655111862252438f,-0.49756283660283324f,0.05469963435518588f,0f,0f,0f,1f], start_interpolation: 0, interpolation_duration: 1 }
$data merge entity $(bone_leg_right_3) { transformation: [-0.25333462322971717f,-0.07747638847346258f,0.9642712159460982f,-0.2373862581015637f,0.20707349762149657f,0.9693404448992271f,0.1322863124641726f,0.08246234344679826f,-0.9449561552029053f,0.2331877164682516f,-0.2295241896455903f,-0.5821978017222942f,0f,0f,0f,1f], start_interpolation: 0, interpolation_duration: 1 }
$data merge entity $(bone_leg_right_2) { transformation: [-0.6565454838612875f,0.3540028952014826f,0.7040541011250562f,-0.13209172153561066f,0.4281044307077017f,0.9295908949532398f,-0.06818771098345973f,0.29637717374688755f,-0.6616168253078792f,0.25020974743142493f,-0.7427788757500579f,-0.5458030491738728f,0f,0f,0f,1f], start_interpolation: 0, interpolation_duration: 1 }
$data merge entity $(bone_leg_right_1) { transformation: [-0.7897710530186923f,-0.5769398720433355f,0.20833162952457684f,-0.31560616791293183f,0.12167230045377338f,0.1855403664857784f,0.9750746759641589f,0.2974915688102414f,-0.6012133856760282f,0.7954339422296124f,-0.0763368091619292f,-0.3376334266199716f,0f,0f,0f,1f], start_interpolation: 0, interpolation_duration: 1 }
$data merge entity $(bone_leg_right_0) { transformation: [-0.8029902498515873f,-0.006023533556864857f,0.5959617233403289f,-0.2731180188224717f,0.18989790140341478f,0.9452466626273345f,0.26541954305300325f,0.6249388222257393f,-0.5649295935653083f,0.3263011857707161f,-0.7578799974130207f,-0.08213326618564497f,0f,0f,0f,1f], start_interpolation: 0, interpolation_duration: 1 }
$data merge entity $(bone_tail_4) { transformation: [-1.3902726482673529f,-1.1325290903343657f,-2.1000431316108945f,-0.10853369892740879f,-1.1507296503692002f,2.4474543728351623f,-0.558076783472688f,0.8409865363096306f,2.090125490692092f,0.5941433194410726f,-1.704121615590473f,-1.6322878060657933f,0f,0f,0f,1f], start_interpolation: 0, interpolation_duration: 1 }
$data merge entity $(bone_tail_3) { transformation: [-1.7612988534339837f,-0.1843638865654976f,-1.0953455309933213f,0.07900057095812511f,-0.11245455965566789f,2.072456247825767f,-0.1680017824460154f,0.8491928188576183f,1.105045631161549f,-0.08294928705451765f,-1.7629347959786728f,-1.3325474884907162f,0f,0f,0f,1f], start_interpolation: 0, interpolation_duration: 1 }
$data merge entity $(bone_tail_2) { transformation: [-1.8844694494523075f,0.02503984337054006f,-0.5166447283459618f,0.1736561943301529f,0.08525525903456202f,1.9402177041710122f,-0.21693472804300645f,0.8900452329685347f,0.5101767437767456f,-0.23173722546911252f,-1.87210881720161f,-0.9842044432113486f,0f,0f,0f,1f], start_interpolation: 0, interpolation_duration: 1 }
$data merge entity $(bone_tail_1) { transformation: [-1.4994704129771181f,0.06934625078654193f,0.18556893088036422f,0.13430869642336354f,0.08519086146675332f,1.504830827808137f,0.1260275636550602f,0.8444491161147125f,-0.17884979096656464f,0.1353939702502583f,-1.4957732030929987f,-0.6638149216361948f,0f,0f,0f,1f], start_interpolation: 0, interpolation_duration: 1 }
$data merge entity $(bone_tail_0) { transformation: [-1.2278338689580153f,0.10250042034394534f,0.3402254703177492f,0.03736042415225131f,0.1913000937358052f,1.222056407030213f,0.32220820715355314f,0.7797827871730301f,-0.2994394445631559f,0.3604268558941597f,-1.189228412532255f,-0.30759699717753747f,0f,0f,0f,1f], start_interpolation: 0, interpolation_duration: 1 }
$data merge entity $(bone_body_1) { transformation: [-1.1532048240087052f,-0.11886095638340666f,0.4296455539010308f,-0.05452001984565534f,0.11626634094882145f,1.0701703439097214f,0.6081300584864812f,0.5663175f,-0.4303549313086515f,0.6076282606331115f,-0.9870091818390322f,-0.11905926358048108f,0f,0f,0f,1f], start_interpolation: 0, interpolation_duration: 1 }