# This file was generated by Animated Java via MC-Build. It is not recommended to edit this file directly.
$data merge entity $(bone_head_lower) { transformation: [-0.2941975529638025f,0.20464173449927303f,0.9335788988249676f,-0.7165239478394272f,0.16493203415563415f,0.9730238661499224f,-0.1613132976909904f,0.22338211074487066f,-0.9414059825279396f,0.10651908938676813f,-0.3200132179407882f,0.49109910466546575f,0f,0f,0f,1f], start_interpolation: 0, interpolation_duration: 1 }
$data merge entity $(bone_head_upper) { transformation: [-0.3062301102977083f,-0.5445247016140823f,0.8325790721983436f,-0.6714503608750597f,0.1716776856309187f,0.8291367770379635f,0.6054179711596084f,0.28378937151239925f,-0.9799090949608397f,0.3154314456085503f,-0.15412044419166257f,0.48725318520111577f,0f,0f,0f,1f], start_interpolation: 0, interpolation_duration: 1 }
$data merge entity $(bone_neck_0) { transformation: [-0.3578265890341121f,0.18207570493924052f,0.915864929916574f,-0.6150686246264393f,0.16658099516439487f,0.977519930981947f,-0.12924997711059344f,0.25951101783495106f,-0.9188095037766275f,0.10631661301945092f,-0.3801129747401683f,0.4612455398905415f,0f,0f,0f,1f], start_interpolation: 0, interpolation_duration: 1 }
$data merge entity $(bone_neck_1) { transformation: [-0.6289742050585646f,0.014405606930639053f,0.7772926912430775f,-0.5491553668811495f,0.15312827413519045f,0.9825371655495156f,0.10569981066350659f,0.272991605012706f,-0.7621962877312671f,0.1855079426948698f,-0.6201964383691609f,0.40956137338592247f,0f,0f,0f,1f], start_interpolation: 0, interpolation_duration: 1 }
$data merge entity $(bone_neck_2) { transformation: [-0.6770738636240928f,-0.24400200825753096f,0.694286686580864f,-0.49071957814861283f,0.1405797322406953f,0.8831754799046435f,0.44748006724136524f,0.32084105493649534f,-0.7223630126745678f,0.4005796945196975f,-0.5636732974500639f,0.36410129055122287f,0f,0f,0f,1f], start_interpolation: 0, interpolation_duration: 1 }
$data merge entity $(bone_body_0) { transformation: [-0.659419433900251f,-0.0728290701098187f,0.7482392242736353f,-0.1387710255746732f,0.1544639718118423f,0.960935577828366f,0.22965995879947015f,0.43823304484212755f,-0.7357356125720591f,0.267018242467819f,-0.6224101273136662f,0.07330541411857847f,0f,0f,0f,1f], start_interpolation: 0, interpolation_duration: 1 }
$data merge entity $(bone_leg_left_3) { transformation: [-0.9950860380869561f,0.018777056870306806f,-0.09721727696090963f,0.17887725193465784f,0.025942228150111598f,0.9969965723321771f,-0.07297147083962177f,0.04096590894788507f,0.09555510244362928f,-0.07513492459022976f,-0.9925844878416182f,0.1500696806743363f,0f,0f,0f,1f], start_interpolation: 0, interpolation_duration: 1 }
$data merge entity $(bone_leg_left_2) { transformation: [-1.0126652787612407f,-0.15426021872443524f,-0.05267843592213143f,0.13972039237826928f,-0.14896537441985516f,1.0103648680335622f,-0.09504919867189722f,0.2733119450792672f,0.06618572290203653f,-0.08619059034086471f,-1.019927856135581f,0.0985611191555813f,0f,0f,0f,1f], start_interpolation: 0, interpolation_duration: 1 }
$data merge entity $(bone_leg_left_1) { transformation: [-0.9710011873085672f,-0.048250075567534106f,0.23415512903432198f,0.13353174022017741f,0.1994007174057178f,0.37688631605785833f,0.9045419054230829f,0.32375547891073225f,-0.13189407925846314f,0.9250019648498391f,-0.35633596068948603f,0.3713807228112306f,0f,0f,0f,1f], start_interpolation: 0, interpolation_duration: 1 }
$data merge entity $(bone_leg_left_0) { transformation: [-0.9817182720395954f,0.15322997591741497f,-0.11291505136136445f,0.08873689398413391f,0.17204891328996286f,0.460625449236847f,-0.8707602235696665f,0.595502419981548f,-0.08141502182849275f,-0.8742681339244278f,-0.478567470922298f,0.057606440350419424f,0f,0f,0f,1f], start_interpolation: 0, interpolation_duration: 1 }
$data merge entity $(bone_leg_right_3) { transformation: [-0.26977642565495474f,-0.04733213729259968f,0.9617589869297565f,-0.23169902825093847f,0.11539768403652534f,0.9900038018521412f,0.08109159535557436f,0.07375505931435375f,-0.9559832920505684f,0.1328613604386936f,-0.26161766802442166f,-0.5803174107520732f,0f,0f,0f,1f], start_interpolation: 0, interpolation_duration: 1 }
$data merge entity $(bone_leg_right_2) { transformation: [-0.697495535125744f,0.31470908431941574f,0.683022964641147f,-0.13615024924786123f,0.40248705877653457f,0.9431394437894205f,-0.023544778331743024f,0.2922474454916475f,-0.6352687191242464f,0.252008692937588f,-0.764844737634261f,-0.5442261364660487f,0f,0f,0f,1f], start_interpolation: 0, interpolation_duration: 1 }
$data merge entity $(bone_leg_right_1) { transformation: [-0.7270243560230831f,-0.6410153165258132f,0.24603851269371016f,-0.3378221835285573f,0.1396461625648438f,0.21280153025632115f,0.9670648675251733f,0.30155061774051795f,-0.6722607641608535f,0.7374380466858753f,-0.06519656639720994f,-0.3538179760071123f,0f,0f,0f,1f], start_interpolation: 0, interpolation_duration: 1 }
$data merge entity $(bone_leg_right_0) { transformation: [-0.7824154209863983f,0.05461645620060866f,0.6203572774738476f,-0.27590310532389567f,0.26164651994201565f,0.932791249383065f,0.2478741286956201f,0.6171931620394535f,-0.5651258334255388f,0.35625486352675584f,-0.7441204637749338f,-0.08765432231406474f,0f,0f,0f,1f], start_interpolation: 0, interpolation_duration: 1 }
$data merge entity $(bone_tail_4) { transformation: [-2.1884822812371363f,-1.5588775960954242f,-0.6372654679981107f,0.32350216474842824f,-1.2970677444332235f,2.226683880158129f,-0.9925499966222607f,0.775594504760511f,1.0741610226879441f,-0.48727904719543536f,-2.496877762146617f,-1.651662618718507f,0f,0f,0f,1f], start_interpolation: 0, interpolation_duration: 1 }
$data merge entity $(bone_tail_3) { transformation: [-2.0589692426205852f,-0.2688838846130628f,-0.15586096555021917f,0.3525616647017231f,-0.2364006741617527f,2.032865644467964f,-0.384080094306073f,0.8208271091494876f,0.20175704508821057f,-0.3620832144434239f,-2.040621318770348f,-1.3021053839236592f,0f,0f,0f,1f], start_interpolation: 0, interpolation_duration: 1 }
$data merge entity $(bone_tail_2) { transformation: [-1.937929465896994f,0.03646383998823868f,0.24874414281401547f,0.3048963562686502f,-0.003548968001782999f,1.9293435005178217f,-0.31047534014561534f,0.8790002653553062f,-0.25137753486954567f,-0.30834707779663734f,-1.91324470196051f,-0.9466966245518986f,0f,0f,0f,1f], start_interpolation: 0, interpolation_duration: 1 }
$data merge entity $(bone_tail_1) { transformation: [-1.4041987884013687f,0.008812004857395203f,0.5619647330771937f,0.18520162997444045f,0.05876513563736495f,1.506326734766361f,0.12321800583370926f,0.834015694477043f,-0.5589531925713016f,0.1362290963726439f,-1.3988099269793028f,-0.6468195866195473f,0f,0f,0f,1f], start_interpolation: 0, interpolation_duration: 1 }
$data merge entity $(bone_tail_0) { transformation: [-1.1658142253280195f,0.04297496951751613f,0.522365830239523f,0.0335912560346323f,0.17272043807511167f,1.2342545676504981f,0.2839349029074285f,0.7808280779353152f,-0.4948540783685623f,0.3295520153373027f,-1.1315257959468492f,-0.30820877276207037f,0f,0f,0f,1f], start_interpolation: 0, interpolation_duration: 1 }
$data merge entity $(bone_body_1) { transformation: [-1.1468339941223973f,-0.17182815760038933f,0.42877904477384987f,-0.05452001984565534f,0.06821983434881713f,1.0720586830683805f,0.6120791038055126f,0.5663175f,-0.45686150985056667f,0.5914134419926513f,-0.9849427884419051f,-0.11905926358048108f,0f,0f,0f,1f], start_interpolation: 0, interpolation_duration: 1 }