# This file was generated by Animated Java via MC-Build. It is not recommended to edit this file directly.
$data merge entity $(bone_head_lower) { transformation: [-0.9961259048541996f,0.034513218708081266f,0.08088275102152781f,-0.22550438196206712f,0.07148080469504328f,0.8535216442660889f,0.5161310854128639f,0.3236858695465913f,-0.05122183361176556f,0.5199131086092369f,-0.8526820528530719f,0.7563186816262298f,0f,0f,0f,1f], start_interpolation: 0, interpolation_duration: 1 }
$data merge entity $(bone_head_upper) { transformation: [-1.0368670393102761f,-0.01846247490999923f,0.0896539034044106f,-0.22006032123360802f,0.07440433982340193f,0.42384074084102635f,0.9477842387391134f,0.3985639470405359f,-0.05331678526405611f,0.9505209655799471f,-0.420879028921113f,0.7486315361617197f,0f,0f,0f,1f], start_interpolation: 0, interpolation_duration: 1 }
$data merge entity $(bone_neck_0) { transformation: [-0.9779754483571448f,0.03272514487093929f,0.20613851484819076f,-0.20694620049796023f,0.10122720773383502f,0.9380700981813186f,0.33132694323357126f,0.4047288228116213f,-0.18252965464562945f,0.3448964421261362f,-0.9207221998972764f,0.6835565763203582f,0f,0f,0f,1f], start_interpolation: 0, interpolation_duration: 1 }
$data merge entity $(bone_neck_1) { transformation: [-0.9598787029854687f,0.018334570478799286f,0.2798155090060097f,-0.183157689232221f,0.11017705314631931f,0.94226969307948f,0.31621012391113523f,0.43585688925707633f,-0.2578640969870127f,0.3343526118176144f,-0.9064846598017048f,0.6083057487125612f,0f,0f,0f,1f], start_interpolation: 0, interpolation_duration: 1 }
$data merge entity $(bone_neck_2) { transformation: [-0.9598787029854687f,0.00709508076051639f,0.2803257665358932f,-0.1585295843653568f,0.11017705314631931f,0.9288265474364702f,0.35375452186119055f,0.47594223094702587f,-0.2578640969870127f,0.3704468984972721f,-0.892342536741819f,0.5337567565905521f,0f,0f,0f,1f], start_interpolation: 0, interpolation_duration: 1 }
$data merge entity $(bone_body_0) { transformation: [-0.9598787029854687f,0.0754576584454587f,0.2700722446621697f,-0.030526719708227675f,0.11017705314631931f,0.98714540022894f,0.11577985907246034f,0.5399126382223358f,-0.2578640969870127f,0.14089038501180323f,-0.9558535488746687f,0.08460872048694767f,0f,0f,0f,1f], start_interpolation: 0, interpolation_duration: 1 }
$data merge entity $(bone_leg_left_3) { transformation: [-0.9849399526527695f,-0.011918607704081546f,-0.17248546738423076f,0.24099713712801765f,-0.02610450599456217f,0.9964360199373722f,0.08021105246877686f,0.05981917718656285f,0.1709147285494736f,0.08350571813813228f,-0.9817407756648872f,-0.3385781293006111f,0f,0f,0f,1f], start_interpolation: 0, interpolation_duration: 1 }
$data merge entity $(bone_leg_left_2) { transformation: [-1.0247317486545755f,-0.011940251909244252f,-0.042947330352116744f,0.23529687028669252f,-0.014923262750046433f,1.0230876335642334f,0.07163232355245983f,0.30049002713724776f,0.042004035864701694f,0.07218950015739813f,-1.022294740541492f,-0.35327918395557484f,0f,0f,0f,1f], start_interpolation: 0, interpolation_duration: 1 }
$data merge entity $(bone_leg_left_1) { transformation: [-0.9755945664784873f,-0.007207805605894204f,0.21946136196606456f,0.24112890262694672f,0.2193732786476732f,0.011332231447180527f,0.9755751868235467f,0.24745883483447606f,-0.009518743248070869f,0.9999098099672667f,-0.009474463478325965f,-0.08094287403437765f,0f,0f,0f,1f], start_interpolation: 0, interpolation_duration: 1 }
$data merge entity $(bone_leg_left_0) { transformation: [-0.9867462154567926f,0.16209752178070047f,-0.00750331355150774f,0.19064994154768677f,0.16217156082170217f,0.983466967420964f,-0.08057982906699215f,0.6590162302221414f,-0.005682529573161857f,-0.08072866544399238f,-0.9967199162419111f,-0.03216108076544828f,0f,0f,0f,1f], start_interpolation: 0, interpolation_duration: 1 }
$data merge entity $(bone_leg_right_3) { transformation: [-0.9639372079326775f,-0.03153201870360279f,0.26425516259749826f,-0.2621423599941599f,0.08301713688828537f,0.9077813713802649f,0.41114612579694565f,0.18002521947833602f,-0.2528501812256148f,0.4182567555598376f,-0.8724265426285086f,-0.22525280239534212f,0f,0f,0f,1f], start_interpolation: 0, interpolation_duration: 1 }
$data merge entity $(bone_leg_right_2) { transformation: [-0.9921202711847047f,0.07747520741730612f,0.2485098775516336f,-0.2348637794639745f,0.15759300879450852f,0.9581398532741335f,0.33044615998315197f,0.4133340082045087f,-0.20718110576057952f,0.3578097445628922f,-0.9386747975802677f,-0.1705357098793838f,0f,0f,0f,1f], start_interpolation: 0, interpolation_duration: 1 }
$data merge entity $(bone_leg_right_1) { transformation: [-0.9459253111604068f,-0.17572194612730385f,-0.2726666524445563f,-0.2869794179453129f,-0.24256864388972552f,-0.17491476783982518f,0.9542354410694669f,0.3103751563090364f,-0.21537353297837464f,0.9687758366313507f,0.12283167202167339f,0.08184658090547756f,0f,0f,0f,1f], start_interpolation: 0, interpolation_duration: 1 }
$data merge entity $(bone_leg_right_0) { transformation: [-0.947155962836176f,0.011365885145481924f,0.320571986796626f,-0.19848221379483916f,-0.1976319957757477f,0.7664879240588572f,-0.6110956197827297f,0.6840500127788359f,-0.2526601992985268f,-0.642158141680695f,-0.7237373451492091f,-0.08199060981835435f,0f,0f,0f,1f], start_interpolation: 0, interpolation_duration: 1 }
$data merge entity $(bone_tail_4) { transformation: [-2.667924628060112f,-0.3706127523741295f,-0.6086753636939688f,0.08403636465840074f,-0.4301175821151607f,2.7180164029834817f,0.2303194092301905f,0.7052759829638835f,0.5681886800577084f,0.31732373452108525f,-2.6836781854320515f,-1.8108911635790041f,0f,0f,0f,1f], start_interpolation: 0, interpolation_duration: 1 }
$data merge entity $(bone_tail_3) { transformation: [-2.037275974923458f,-0.3546154649066444f,-0.24433583464805775f,0.1289368837170376f,-0.33917710137355533f,2.0492793082155702f,-0.14614628585014308f,0.7100031854894835f,0.2653507526802053f,-0.10318776581069722f,-2.0627376927480356f,-1.4601173042631872f,0f,0f,0f,1f], start_interpolation: 0, interpolation_duration: 1 }
$data merge entity $(bone_tail_2) { transformation: [-1.9347438813250577f,-0.2728778598495414f,-0.032827766935351034f,0.1335439251289166f,-0.26233925962583204f,1.9030948332780155f,-0.3580251994095798f,0.7768181495442243f,0.08196402587109758f,-0.3500594294648169f,-1.920810810389338f,-1.1030654596846534f,0f,0f,0f,1f], start_interpolation: 0, interpolation_duration: 1 }
$data merge entity $(bone_tail_1) { transformation: [-1.5079765545376502f,-0.06886695749897473f,0.09444735639281866f,0.11550241362386317f,-0.07266549834460148f,1.509582176441065f,-0.05947796164789271f,0.7712334832477635f,-0.09155701128307109f,-0.06383764356781886f,-1.5083760535584687f,-0.777611941707357f,0f,0f,0f,1f], start_interpolation: 0, interpolation_duration: 1 }
$data merge entity $(bone_tail_0) { transformation: [-1.2559690505958807f,-0.03376270546745195f,0.23502667986598483f,0.046007401012846214f,0.0026867484863587416f,1.2631255742059413f,0.19581185294437609f,0.7444941788928465f,-0.23742418139667465f,0.19289784884870292f,-1.2410704631815592f,-0.4102873384943528f,0f,0f,0f,1f], start_interpolation: 0, interpolation_duration: 1 }
$data merge entity $(bone_body_1) { transformation: [-1.2238645919257467f,0.041881511344122845f,0.17031146377800863f,0.0035913543671191213f,0.07873407440754517f,1.2040205178866725f,0.2697037876844638f,0.6006925000000001f,-0.15671949851203254f,0.27782211317980304f,-1.194511811272997f,-0.15129336570429458f,0f,0f,0f,1f], start_interpolation: 0, interpolation_duration: 1 }