# This file was generated by Animated Java via MC-Build. It is not recommended to edit this file directly.
$data merge entity $(bone_head_lower) { transformation: [-0.3533244715934689f,0.0908150670829394f,0.9310824031007767f,-0.6741019461497716f,-0.06327285040549196f,0.9906780058551735f,-0.12063844791931444f,0.2129074279081331f,-0.9333586471312943f,-0.10153675347152955f,-0.3442846547839472f,0.5462690944662641f,0f,0f,0f,1f], start_interpolation: 0, interpolation_duration: 1 }
$data merge entity $(bone_head_upper) { transformation: [-0.367775295263112f,-0.626277811182874f,0.7456469526509358f,-0.6368760803331746f,-0.06586068362338893f,0.811229405943703f,0.6488768479984426f,0.2758347851637316f,-0.9715326268995281f,0.18208486135789173f,-0.3262535834553956f,0.527565107863728f,0f,0f,0f,1f], start_interpolation: 0, interpolation_duration: 1 }
$data merge entity $(bone_neck_0) { transformation: [-0.42125756764075084f,0.10515106810054975f,0.9008247968293901f,-0.5801977400656727f,0.059188374728599655f,0.9943261698663775f,-0.08838667442463702f,0.25396063372833605f,-0.905007623173631f,0.01608480015957492f,-0.42509114458130215f,0.5001092615318526f,0f,0f,0f,1f], start_interpolation: 0, interpolation_duration: 1 }
$data merge entity $(bone_neck_1) { transformation: [-0.6259978310109903f,-0.1091750530312714f,0.7721447554475487f,-0.5152899007017836f,0.019878717645300192f,0.9875957869416498f,0.1557542879020722f,0.2717047965296371f,-0.7795713900306462f,0.11285109397219964f,-0.6160625604879457f,0.4484405677209604f,0f,0f,0f,1f], start_interpolation: 0, interpolation_duration: 1 }
$data merge entity $(bone_neck_2) { transformation: [-0.7430669605939659f,-0.2875186637711546f,0.6043049809962642f,-0.46516323949663785f,-0.008231374870009911f,0.90686136510013f,0.421348678598234f,0.3174968404426154f,-0.6691664490553861f,0.3081160211218791f,-0.6762253921486734f,0.39221480009759185f,0f,0f,0f,1f], start_interpolation: 0, interpolation_duration: 1 }
$data merge entity $(bone_body_0) { transformation: [-0.6986390070893751f,-0.15708199552160143f,0.6980177536826148f,-0.1376864921124355f,0.03243390966741397f,0.96764514013044f,0.25022175022492976f,0.444643442508229f,-0.7147388189239885f,0.19745411989850367f,-0.6709398566624653f,0.07788435898671758f,0f,0f,0f,1f], start_interpolation: 0, interpolation_duration: 1 }
$data merge entity $(bone_leg_left_3) { transformation: [-0.9965009712063867f,-0.005358721420742528f,-0.08340922304795322f,0.1896981660859634f,0.0020425310591358154f,0.9960832375363796f,-0.08839690020536327f,0.060349886903973304f,0.08355622329665702f,-0.08825796283497239f,-0.9925869682524648f,0.1681145513021881f,0f,0f,0f,1f], start_interpolation: 0, interpolation_duration: 1 }
$data merge entity $(bone_leg_left_2) { transformation: [-1.009164589189181f,-0.17947678745592013f,-0.03790928899133486f,0.14512522465797537f,-0.1739333827548646f,1.0035687105568687f,-0.1210752702056375f,0.29026869158453694f,0.05827700910973262f,-0.1126948333173302f,-1.0178240831565628f,0.11048063582932083f,0f,0f,0f,1f], start_interpolation: 0, interpolation_duration: 1 }
$data merge entity $(bone_leg_left_1) { transformation: [-0.9741570003596156f,-0.06976531629493388f,0.21482769675398888f,0.13417945846509433f,0.1698429888356359f,0.4007421661114539f,0.9003105438923162f,0.3480061905662894f,-0.1489009663962394f,0.9135307969316457f,-0.3785366366201537f,0.3817000250210756f,0f,0f,0f,1f], start_interpolation: 0, interpolation_duration: 1 }
$data merge entity $(bone_leg_left_0) { transformation: [-0.984740294340402f,0.15124930902522912f,-0.0860825140302556f,0.08607121426160387f,0.1441249803375252f,0.4315266695263015f,-0.8905126184003493f,0.6066891006475869f,-0.09754251762737307f,-0.8893302985994175f,-0.44674050325438885f,0.05754569844809618f,0f,0f,0f,1f], start_interpolation: 0, interpolation_duration: 1 }
$data merge entity $(bone_leg_right_3) { transformation: [-0.337775079333687f,-0.0609416853942894f,0.9392518867494626f,-0.23988346597921142f,-0.0009454950282573849f,0.9979231723910532f,0.06440844699360644f,0.03914652981242417f,-0.9412263818127249f,0.02086751030382223f,-0.33713119878386694f,-0.5260494568017204f,0f,0f,0f,1f], start_interpolation: 0, interpolation_duration: 1 }
$data merge entity $(bone_leg_right_2) { transformation: [-0.7576032721977346f,0.25278743019005845f,0.6435821599406606f,-0.15989418233529554f,0.31952708478092917f,0.9746383783660576f,-0.006683786956312195f,0.26563105436347356f,-0.6131899571481748f,0.1955524125511696f,-0.7986360434507898f,-0.5041966147203362f,0f,0f,0f,1f], start_interpolation: 0, interpolation_duration: 1 }
$data merge entity $(bone_leg_right_1) { transformation: [-0.7115003475011853f,-0.6723030429493709f,0.2043914722944884f,-0.36754804096522936f,0.07147322937377555f,0.22012256462591379f,0.9728502629004087f,0.2752585806201851f,-0.6990413671511695f,0.7067918187016082f,-0.1085656116267821f,-0.32034729763147274f,0f,0f,0f,1f], start_interpolation: 0, interpolation_duration: 1 }
$data merge entity $(bone_leg_right_0) { transformation: [-0.785504277959028f,0.12272808100639511f,0.6065647924505291f,-0.27740417197505207f,0.24849536343472334f,0.960202152507178f,0.12752207915504982f,0.6129901043152692f,-0.5667742792854229f,0.2508976772572233f,-0.784740257593186f,-0.09205192021324363f,0f,0f,0f,1f], start_interpolation: 0, interpolation_duration: 1 }
$data merge entity $(bone_tail_4) { transformation: [-2.1885280049802045f,-0.8911858424283434f,1.4289136773341662f,0.7897311053666929f,-1.4696288062760565f,2.1548239785001186f,-0.9069653383920102f,0.7821454567722292f,-0.8223123948846813f,-1.4792507385619937f,-2.182035955084796f,-1.4963518302903918f,0f,0f,0f,1f], start_interpolation: 0, interpolation_duration: 1 }
$data merge entity $(bone_tail_3) { transformation: [-1.8109354145969774f,-0.1106891257751198f,1.0218641630070298f,0.6175438854130153f,-0.33190441708414126f,2.0222554610449017f,-0.3691447334563393f,0.8249494048587869f,-0.9727784476040544f,-0.483917651831027f,-1.7763646371642947f,-1.190410517703169f,0f,0f,0f,1f], start_interpolation: 0, interpolation_duration: 1 }
$data merge entity $(bone_tail_2) { transformation: [-1.6507201757580345f,0.08424061611456911f,1.0424971438544943f,0.4225453718448733f,-0.06423401511987319f,1.9359769173217762f,-0.258149650206288f,0.8733520347773593f,-1.0439208627332437f,-0.25233067430791445f,-1.6325845577354854f,-0.8877485790780397f,0f,0f,0f,1f], start_interpolation: 0, interpolation_duration: 1 }
$data merge entity $(bone_tail_1) { transformation: [-1.206612944115881f,-0.07508122895990253f,0.9089027792618289f,0.22903018896133426f,0.03792511387109653f,1.5019310153664018f,0.17441662999356966f,0.8174237343040535f,-0.9112097117732395f,0.16193296186484116f,-1.1962988034064943f,-0.6314273427386637f,0f,0f,0f,1f], start_interpolation: 0, interpolation_duration: 1 }
$data merge entity $(bone_tail_0) { transformation: [-1.0827709973632846f,-0.007208272833201882f,0.6792574803825925f,0.030361417316983677f,0.14825144060293757f,1.24482601011132f,0.24953042197999278f,0.7745450144618073f,-0.662920956232415f,0.29015851174336016f,-1.0536505874505109f,-0.31652411020715043f,0f,0f,0f,1f], start_interpolation: 0, interpolation_duration: 1 }
$data merge entity $(bone_body_1) { transformation: [-1.143171154437269f,-0.20430019078261563f,0.4242944010530879f,-0.05452001984565534f,0.019817368409667285f,1.0921012393635325f,0.579246709050817f,0.5663175f,-0.47050141193000394f,0.5423844670370578f,-1.0065048963343646f,-0.11905926358048108f,0f,0f,0f,1f], start_interpolation: 0, interpolation_duration: 1 }