# This file was generated by Animated Java via MC-Build. It is not recommended to edit this file directly.
$data merge entity $(bone_head_lower) { transformation: [-0.40964790720043126f,0.040314584321558655f,0.911352471010688f,-0.6586022734735766f,-0.10069046099279282f,0.9909206126014385f,-0.08909416696197581f,0.21247660711269073f,-0.9066697431762936f,-0.12826173947272612f,-0.4018692610738779f,0.565061636258776f,0f,0f,0f,1f], start_interpolation: 0, interpolation_duration: 1 }
$data merge entity $(bone_head_upper) { transformation: [-0.42640233591830096f,-0.6411075366869293f,0.700452794205392f,-0.6248431709514607f,-0.10480865889303931f,0.7949202043819878f,0.6637687521041105f,0.27605226362881946f,-0.9437521578931444f,0.2013825654122599f,-0.390190811531381f,0.5423919342924653f,0f,0f,0f,1f], start_interpolation: 0, interpolation_duration: 1 }
$data merge entity $(bone_neck_0) { transformation: [-0.4756118857666985f,0.08503881355810133f,0.875535113120014f,-0.5694560862100184f,0.03882933438791842f,0.9963756337349785f,-0.07568275424567386f,0.2549728833656239f,-0.8787978248200415f,-0.0019991717911014284f,-0.47719009462028167f,0.5118523398966521f,0f,0f,0f,1f], start_interpolation: 0, interpolation_duration: 1 }
$data merge entity $(bone_neck_1) { transformation: [-0.6388215313362337f,-0.1310304143350818f,0.7581148208684529f,-0.5058374513654765f,-0.0036854424494132537f,0.9859000547765254f,0.16729464876557187f,0.2736868541731815f,-0.7693461305648985f,0.10407743516642212f,-0.6302970877879712f,0.45893737564586606f,0f,0f,0f,1f], start_interpolation: 0, interpolation_duration: 1 }
$data merge entity $(bone_neck_2) { transformation: [-0.7607616870100427f,-0.29108844256499994f,0.5800941080399945f,-0.45786679457835067f,-0.03267992145954948f,0.9098307356400014f,0.4136907724595408f,0.3188370800675562f,-0.6482080517172182f,0.29576266006691354f,-0.7016771127798823f,0.40036089928172014f,0f,0f,0f,1f], start_interpolation: 0, interpolation_duration: 1 }
$data merge entity $(bone_body_0) { transformation: [-0.7110521702986059f,-0.1666103315567316f,0.6831147843021688f,-0.13750453008817196f,0.013541862784209963f,0.9680962548841179f,0.25021242821186707f,0.4459835861352931f,-0.7030088399628955f,0.18716473679061738f,-0.6861107288449314f,0.07878246376618878f,0f,0f,0f,1f], start_interpolation: 0, interpolation_duration: 1 }
$data merge entity $(bone_leg_left_3) { transformation: [-0.9966290578943068f,-0.008178030497009802f,-0.08163112628095376f,0.1910264334477853f,-0.001020903196011634f,0.9961784100000333f,-0.08733574987637904f,0.06249525896883332f,0.08203340001104065f,-0.08695800864207427f,-0.9928286992304534f,0.16794056881250075f,0f,0f,0f,1f], start_interpolation: 0, interpolation_duration: 1 }
$data merge entity $(bone_leg_left_2) { transformation: [-1.0087212044061327f,-0.18234232050852034f,-0.03598623950490146f,0.14584565912605008f,-0.17702078917075906f,1.0030850215088496f,-0.12060795714481914f,0.29231096876605334f,0.0566336603399222f,-0.11240069962795161f,-1.0179493655090828f,0.11036879423411916f,0f,0f,0f,1f], start_interpolation: 0, interpolation_duration: 1 }
$data merge entity $(bone_leg_left_1) { transformation: [-0.9744343114273679f,-0.07241508118686324f,0.2126824598545251f,0.1342993327609276f,0.16693348239375275f,0.4002059181205655f,0.901092911722853f,0.34991923670981046f,-0.15036949547353795f,0.9135596746343259f,-0.3778858765726214f,0.3815907613970981f,0f,0f,0f,1f], start_interpolation: 0, interpolation_duration: 1 }
$data merge entity $(bone_leg_left_0) { transformation: [-0.98501671366012f,0.15127464281129685f,-0.08281338208606107f,0.085902766823701f,0.14119971498600212f,0.43170547908463286f,-0.8908945054360695f,0.6083633041694818f,-0.0990187573043067f,-0.8892392039100738f,-0.44659704872657724f,0.05728887277349243f,0f,0f,0f,1f], start_interpolation: 0, interpolation_duration: 1 }
$data merge entity $(bone_leg_right_3) { transformation: [-0.35926209342692317f,-0.06885692688448417f,0.9306930062305884f,-0.24080507209655866f,-0.025294217229032658f,0.9976264032055039f,0.06404500138199878f,0.03458454453911561f,-0.9328938582718161f,-0.0005322098031107086f,-0.36015103213992095f,-0.5115625746575323f,0f,0f,0f,1f], start_interpolation: 0, interpolation_duration: 1 }
$data merge entity $(bone_leg_right_2) { transformation: [-0.7725840373359876f,0.23759005292190388f,0.6314483918000638f,-0.16471002197882798f,0.2961663790324874f,0.9819862332400285f,-0.007121317191356178f,0.26280456304029426f,-0.6061860941040341f,0.1769638493600368f,-0.8082601158261293f,-0.49435099225156603f,0f,0f,0f,1f], start_interpolation: 0, interpolation_duration: 1 }
$data merge entity $(bone_leg_right_1) { transformation: [-0.7172336117166918f,-0.6735308730151877f,0.17869557722346938f,-0.3714488112931362f,0.04794185852362461f,0.2081367139276698f,0.9769240945522287f,0.26849120550859584f,-0.6951816485100356f,0.7092497947907989f,-0.11699232523579899f,-0.30931012987231377f,0f,0f,0f,1f], start_interpolation: 0, interpolation_duration: 1 }
$data merge entity $(bone_leg_right_0) { transformation: [-0.7922967441099862f,0.12827217909800354f,0.5964998888031455f,-0.2775190048994667f,0.2334529079669792f,0.9669887559946214f,0.10213953956101196f,0.6127027385723374f,-0.563707024113126f,0.22017945828215701f,-0.7960875561871945f,-0.09250862955183711f,0f,0f,0f,1f], start_interpolation: 0, interpolation_duration: 1 }
$data merge entity $(bone_tail_4) { transformation: [-1.9515400088311725f,-0.6070432482064559f,1.8570545011760387f,0.890002700007487f,-1.4755623728437162f,2.178342679990042f,-0.8385703214290533f,0.7951881758985357f,-1.2805735470401736f,-1.5849236558713984f,-1.8638159048790708f,-1.4278503958610334f,0f,0f,0f,1f], start_interpolation: 0, interpolation_duration: 1 }
$data merge entity $(bone_tail_3) { transformation: [-1.644108877974491f,-0.05874593039737849f,1.2764797057030135f,0.6741337881623f,-0.3355752372166378f,2.026932519972221f,-0.3389385573972138f,0.8328245040749531f,-1.2329804473619617f,-0.4733275833767281f,-1.6098651313952632f,-1.150244878741979f,0f,0f,0f,1f], start_interpolation: 0, interpolation_duration: 1 }
$data merge entity $(bone_tail_2) { transformation: [-1.530469199967419f,0.08942644747109023f,1.211792397008071f,0.4477538097626734f,-0.0663525444936437f,1.9398100942589651f,-0.22695376853672228f,0.8754272333067338f,-1.2132745949673083f,-0.21889171685219466f,-1.5161876692887295f,-0.8693381383263585f,0f,0f,0f,1f], start_interpolation: 0, interpolation_duration: 1 }
$data merge entity $(bone_tail_1) { transformation: [-1.1464792692628365f,-0.098268047251445f,0.9816236172993911f,0.23881589875868536f,0.038774289694732206f,1.4993263133780412f,0.1953801690829481f,0.8150188416243982f,-0.9857677665704143f,0.17326351866910764f,-1.1339743883744366f,-0.6264956944281157f,0f,0f,0f,1f], start_interpolation: 0, interpolation_duration: 1 }
$data merge entity $(bone_tail_0) { transformation: [-1.0605624992838494f,-0.0160576824590994f,0.7132917022725457f,0.029987984431065f,0.1465695963007931f,1.2457330507912727f,0.24597202318661873f,0.7732018571218171f,-0.6982551504550796f,0.28587940391769867f,-1.0317695614150688f,-0.3180898687609143f,0f,0f,0f,1f], start_interpolation: 0, interpolation_duration: 1 }
$data merge entity $(bone_body_1) { transformation: [-1.143002530735088f,-0.2069600765758961f,0.4234587777967696f,-0.05452001984565534f,0.01364801145761f,1.0958008292830195f,0.5723974749963087f,0.5663175f,-0.4711300686357088f,0.533847042047248f,-1.010766238643222f,-0.11905926358048108f,0f,0f,0f,1f], start_interpolation: 0, interpolation_duration: 1 }