# This file was generated by Animated Java via MC-Build. It is not recommended to edit this file directly.
$data merge entity $(bone_head_lower) { transformation: [-0.9602816124355499f,-0.2568294264077942f,0.10907736038804697f,-0.3279711521011036f,-0.23369088329269014f,0.9538513080469646f,0.1885636582244224f,0.23616299515792916f,-0.15247227906758254f,0.15558382907017632f,-0.9759845676278901f,0.7942777173569581f,0f,0f,0f,1f], start_interpolation: 0, interpolation_duration: 1 }
$data merge entity $(bone_head_upper) { transformation: [-0.9995567302668255f,-0.28266807869605054f,-0.06676108782878984f,-0.3392310135970624f,-0.24324874304815983f,0.6839788379482704f,0.7459724799400653f,0.30287142528407063f,-0.1587083317513304f,0.7319451134536825f,-0.7228692543658866f,0.7608313818178531f,0f,0f,0f,1f], start_interpolation: 0, interpolation_duration: 1 }
$data merge entity $(bone_neck_0) { transformation: [-0.9861917975000574f,-0.06836391205146691f,0.1508380392096943f,-0.32804920546094246f,-0.07673760403963961f,0.9957764761630836f,-0.050403865392321445f,0.28347369338984113f,-0.1467551657348438f,-0.06128282833919374f,-0.9872726757491507f,0.6980346349398223f,0f,0f,0f,1f], start_interpolation: 0, interpolation_duration: 1 }
$data merge entity $(bone_neck_1) { transformation: [-0.9100905216903656f,-0.17221389339683096f,0.3769318469570634f,-0.29691149867333044f,-0.11016778061618236f,0.9773764175335087f,0.1805502660299045f,0.30327132162834036f,-0.3994975625000269f,0.12279134077967177f,-0.9084734361477322f,0.6216406955423144f,0f,0f,0f,1f], start_interpolation: 0, interpolation_duration: 1 }
$data merge entity $(bone_neck_2) { transformation: [-0.9557326476265926f,-0.20989467660678968f,0.20620216049497278f,-0.28090164296592046f,-0.12625056510527816f,0.9255486363544211f,0.3569601049880361f,0.3436054036438873f,-0.2657741542574471f,0.31512528694886255f,-0.91107637026439f,0.5449088459469105f,0f,0f,0f,1f], start_interpolation: 0, interpolation_duration: 1 }
$data merge entity $(bone_body_0) { transformation: [-0.9121588907745035f,-0.1337546733181901f,0.38739623816781144f,-0.09959742911002147f,-0.05774148162157987f,0.9777584687797767f,0.20162911007483877f,0.44794681872620934f,-0.4057487883915024f,0.16154895262727925f,-0.8995942733387408f,0.1224723941108526f,0f,0f,0f,1f], start_interpolation: 0, interpolation_duration: 1 }
$data merge entity $(bone_leg_left_3) { transformation: [-0.980614392137034f,-0.006021290496898169f,-0.19585494120513502f,0.23959439644457348f,0.0008968524238767545f,0.9993793592613752f,-0.03521493913175968f,0.06710124948228663f,0.1959454250281052f,-0.034707929109581336f,-0.980000382687415f,0.13916590766770465f,0f,0f,0f,1f], start_interpolation: 0, interpolation_duration: 1 }
$data merge entity $(bone_leg_left_2) { transformation: [-0.9966599516276415f,-0.18967741955997433f,-0.15084302049266587f,0.1891729437584087f,-0.18506128338141312f,1.0078811711981628f,-0.044610151738580926f,0.30037113355156875f,0.15647191989461154f,-0.016131359334673776f,-1.0135672237356557f,0.10432469125185317f,0f,0f,0f,1f], start_interpolation: 0, interpolation_duration: 1 }
$data merge entity $(bone_leg_left_1) { transformation: [-0.9847958601402245f,0.029063869199813158f,0.17126705858924446f,0.20759815129008682f,0.1706875170365521f,0.3451710981886797f,0.922888229691504f,0.34179745487915747f,-0.03229373590299339f,0.9380896569530854f,-0.344883908205458f,0.37810883485488145f,0f,0f,0f,1f], start_interpolation: 0, interpolation_duration: 1 }
$data merge entity $(bone_leg_left_0) { transformation: [-0.9893146587815793f,0.04644796949504415f,-0.13819946472282274f,0.12205225357645214f,0.14445976783864067f,0.44033405148488963f,-0.8861361625500388f,0.6036210861241803f,0.019694704767864002f,-0.8966317578764932f,-0.44233879478451427f,0.06436122279944f,0f,0f,0f,1f], start_interpolation: 0, interpolation_duration: 1 }
$data merge entity $(bone_leg_right_3) { transformation: [-0.8692170039146173f,-0.1598531625449404f,0.4678768711211071f,-0.2664041451711746f,0.005435140303688996f,0.9431475740723705f,0.3323298252809712f,0.09013245775743495f,-0.4944009095416143f,0.29140971148158845f,-0.8189310842181052f,-0.29904736554849626f,0f,0f,0f,1f], start_interpolation: 0, interpolation_duration: 1 }
$data merge entity $(bone_leg_right_2) { transformation: [-0.9813310955542519f,0.02382135325288082f,0.29746264223963903f,-0.25013607854286435f,0.08617204861513916f,1.0014926981567538f,0.20408075136295717f,0.3297522754732273f,-0.285702394873505f,0.22024331583183318f,-0.9601714549473115f,-0.27693933460852077f,0f,0f,0f,1f], start_interpolation: 0, interpolation_duration: 1 }
$data merge entity $(bone_leg_right_1) { transformation: [-0.8959598363026169f,-0.32145441800746827f,-0.306468642565708f,-0.3390548510355196f,-0.2132345321295791f,-0.293963211063102f,0.9317277847359436f,0.1962296106755833f,-0.38959851904244636f,0.9001403711005019f,0.19483404803828003f,-0.050491690453186244f,0f,0f,0f,1f], start_interpolation: 0, interpolation_duration: 1 }
$data merge entity $(bone_leg_right_0) { transformation: [-0.9211593735761496f,0.01934585807003472f,0.3887044458818675f,-0.2559936278272321f,-0.09063425611918427f,0.9606392433340155f,-0.2625979356056938f,0.6053234663559953f,-0.3784849271642369f,-0.2771244881676537f,-0.8831484461670633f,-0.0433973963987839f,0f,0f,0f,1f], start_interpolation: 0, interpolation_duration: 1 }
$data merge entity $(bone_tail_4) { transformation: [-0.32353817581191724f,0.49653933489369456f,2.697115694458735f,1.1218848481947818f,-1.2693363824160295f,2.380290442853429f,-0.5904776774236391f,0.7937799290041037f,-2.431001754147307f,-1.3089413387023714f,-0.050639656088488076f,-1.142795931781604f,0f,0f,0f,1f], start_interpolation: 0, interpolation_duration: 1 }
$data merge entity $(bone_tail_3) { transformation: [-0.7620275941565563f,0.1069067343746734f,1.93489803915704f,0.7927514768981128f,-0.2953276248759741f,2.048429085391277f,-0.22948943799795235f,0.8126473703583164f,-1.9152130601511497f,-0.35840585697340827f,-0.734472397002141f,-1.0147492723546594f,0f,0f,0f,1f], start_interpolation: 0, interpolation_duration: 1 }
$data merge entity $(bone_tail_2) { transformation: [-1.0262576170111748f,0.06875035823267056f,1.6615783360324006f,0.483125191624855f,-0.07440139388636739f,1.9486445141430804f,-0.12658145634579157f,0.8365872564747486f,-1.6613348883103272f,-0.12973750708925857f,-1.0207391650857502f,-0.8262554281852645f,0f,0f,0f,1f], start_interpolation: 0, interpolation_duration: 1 }
$data merge entity $(bone_tail_1) { transformation: [-0.983393182644069f,-0.1663543236647864f,1.1370665492077414f,0.24141417248235467f,0.022183801296292827f,1.4935415226184345f,0.23769276214192042f,0.7671602300262216f,-1.1489569083691589f,0.17121976875536435f,-0.9686268959192413f,-0.6188130308253288f,0f,0f,0f,1f], start_interpolation: 0, interpolation_duration: 1 }
$data merge entity $(bone_tail_0) { transformation: [-1.0441322035785283f,-0.00258510807617695f,0.7373038554425908f,0.02589446612322805f,0.1282801533790555f,1.2580763370840056f,0.18607484758119533f,0.7431444578613072f,-0.7260632619016888f,0.2259932827974175f,-1.0274214775013972f,-0.3131229751169691f,0f,0f,0f,1f], start_interpolation: 0, interpolation_duration: 1 }
$data merge entity $(bone_body_1) { transformation: [-1.188997007883008f,-0.13003632384943425f,0.3130195916891292f,-0.03811933502514831f,0.005354178160575677f,1.1344170089133905f,0.4916034761069856f,0.5524425000000001f,-0.33891303173193105f,0.4741236119663012f,-1.0903895416568108f,-0.09155827048775335f,0f,0f,0f,1f], start_interpolation: 0, interpolation_duration: 1 }