# This file was generated by Animated Java via MC-Build. It is not recommended to edit this file directly.
$data merge entity $(bone_head_lower) { transformation: [-0.9556882777023636f,-0.17576556660845533f,-0.2361490661787555f,-0.20389626340206002f,-0.23764273492425464f,0.9340794910046509f,0.26649847095661255f,0.24810619141848278f,0.17374074478949952f,0.31080857465536693f,-0.9344582299496802f,0.8294655226808582f,0f,0f,0f,1f], start_interpolation: 0, interpolation_duration: 1 }
$data merge entity $(bone_head_upper) { transformation: [-0.9947755300569414f,-0.016358753108023965f,-0.30598362469287294f,-0.22566610661878497f,-0.24736222376485045f,0.656325332988589f,0.7691039787408676f,0.31578701704525763f,0.18084666885941308f,0.8077384422309464f,-0.6311299659248364f,0.8041507787438917f,0f,0f,0f,1f], start_interpolation: 0, interpolation_duration: 1 }
$data merge entity $(bone_neck_0) { transformation: [-0.98231721777935f,-0.09469353510457433f,-0.16151166541038348f,-0.23425528886247252f,-0.08858202716811849f,0.9950678193567434f,-0.04464593311156276f,0.29677693390634685f,0.16494274193496244f,-0.029549438065962524f,-0.9858603971115598f,0.7408295426399328f,0f,0f,0f,1f], start_interpolation: 0, interpolation_duration: 1 }
$data merge entity $(bone_neck_1) { transformation: [-0.9637275976631108f,-0.15678798213971634f,0.21597834650502598f,-0.21668139083291885f,-0.118676163166495f,0.9765919426654617f,0.17939940305636187f,0.31647345496825274f,-0.2390503833892942f,0.1472606742394436f,-0.9597756029530944f,0.6602023635336539f,0f,0f,0f,1f], start_interpolation: 0, interpolation_duration: 1 }
$data merge entity $(bone_neck_2) { transformation: [-0.9839168822044496f,-0.16364345774628747f,0.07161276178108247f,-0.2120097475336799f,-0.12996862894934838f,0.9308695405637202f,0.34145285756560173f,0.35550108078301296f,-0.12253866492704105f,0.32665381857178344f,-0.9371667719303597f,0.5812976706042192f,0f,0f,0f,1f], start_interpolation: 0, interpolation_duration: 1 }
$data merge entity $(bone_body_0) { transformation: [-0.9568569727840547f,-0.1082359138516244f,0.2696474004829982f,-0.08595702123812371f,-0.06003274866352337f,0.9816486739393981f,0.18100262440341394f,0.4501583695846156f,-0.28428999757718687f,0.15700594863165174f,-0.9457950778957556f,0.137043675041644f,0f,0f,0f,1f], start_interpolation: 0, interpolation_duration: 1 }
$data merge entity $(bone_leg_left_3) { transformation: [-0.9737605684035121f,0.004268453594291071f,-0.22753491100572376f,0.24728762037065466f,0.007397324146976796f,0.9998894263827608f,-0.012900178425869742f,0.06110971762430131f,0.22745468783459666f,-0.014244834567944434f,-0.973684471309982f,0.12474333872920312f,0f,0f,0f,1f], start_interpolation: 0, interpolation_duration: 1 }
$data merge entity $(bone_leg_left_2) { transformation: [-0.9932571601868129f,-0.17780278328067375f,-0.1840885208153088f,0.1986119723057836f,-0.17626238838678163f,1.0101423804307614f,-0.02461993498281238f,0.2955381239337883f,0.18556396115224008f,0.007793652289922694f,-1.0087454955568176f,0.09567315354447181f,0f,0f,0f,1f], start_interpolation: 0, interpolation_duration: 1 }
$data merge entity $(bone_leg_left_1) { transformation: [-0.983113107832061f,0.06398926439211144f,0.17144675923254776f,0.22648227458042874f,0.1829672587261241f,0.32626957685661445f,0.9274002078132473f,0.33134563545775086f,0.0034057955068198652f,0.9431084440616376f,-0.33246783798828333f,0.3694512644835074f,0f,0f,0f,1f], start_interpolation: 0, interpolation_duration: 1 }
$data merge entity $(bone_leg_left_0) { transformation: [-0.9863131148666824f,0.023571134522151815f,-0.1631895862465539f,0.13433754643426074f,0.1554939300213126f,0.46218961247794105f,-0.8730420378446953f,0.6019675307692252f,0.054845940310199515f,-0.8864678018601857f,-0.45952884468405325f,0.06518096127048044f,0f,0f,0f,1f], start_interpolation: 0, interpolation_duration: 1 }
$data merge entity $(bone_leg_right_3) { transformation: [-0.9507771930184278f,-0.05393383107223082f,0.3051456555513642f,-0.26793667735066384f,0.018999974219271753f,0.9727374268304099f,0.23112961606644084f,0.07181705679268363f,-0.3092923054582294f,0.22555052717567656f,-0.9238318188258664f,-0.1822566235932007f,0f,0f,0f,1f], start_interpolation: 0, interpolation_duration: 1 }
$data merge entity $(bone_leg_right_2) { transformation: [-0.9983839964542685f,0.05806038780879134f,0.22786089285393069f,-0.2458120917915156f,0.06855544502349982f,1.0226327995727589f,0.03980587514809914f,0.3113151019867989f,-0.22492609026595292f,0.05397543984229234f,-0.999278292225043f,-0.20020825661220715f,0f,0f,0f,1f], start_interpolation: 0, interpolation_duration: 1 }
$data merge entity $(bone_leg_right_1) { transformation: [-0.9183119824046856f,-0.20945620720156977f,-0.33590355793993826f,-0.3031884897814934f,-0.29086825748312606f,-0.21854569917898503f,0.9314684289653081f,0.1967486494668193f,-0.26851212218577064f,0.9530823021308823f,0.1397689722513269f,0.04595401216684156f,0f,0f,0f,1f], start_interpolation: 0, interpolation_duration: 1 }
$data merge entity $(bone_leg_right_0) { transformation: [-0.9346225731128237f,-0.06334877307291784f,0.3499536809038024f,-0.24787586993331914f,-0.2097373617346445f,0.8928555745853387f,-0.3985212190391821f,0.6041422266641525f,-0.2872122645719631f,-0.44586528894055066f,-0.8477695790705184f,-0.02669766302612943f,0f,0f,0f,1f], start_interpolation: 0, interpolation_duration: 1 }
$data merge entity $(bone_tail_4) { transformation: [-0.22226270828658193f,0.5014100056406364f,2.7064457552939376f,1.1046847661419736f,-1.2114109818705299f,2.420323296544651f,-0.5478867627591613f,0.7662760414796863f,-2.4715873549418785f,-1.2313750354975899f,0.025155525132976746f,-1.1532702863861604f,0f,0f,0f,1f], start_interpolation: 0, interpolation_duration: 1 }
$data merge entity $(bone_tail_3) { transformation: [-0.732220277476451f,0.09913939773381368f,1.9467846237100115f,0.7736118788503681f,-0.3110103877628914f,2.0470172613040623f,-0.22122024471380863f,0.7837551490407967f,-1.9243366467435807f,-0.3685610367152747f,-0.7050083391417982f,-1.0301202659475397f,0f,0f,0f,1f], start_interpolation: 0, interpolation_duration: 1 }
$data merge entity $(bone_tail_2) { transformation: [-1.032170818477751f,0.06282117848014905f,1.6581467896480433f,0.4646177272023046f,-0.10432972289432173f,1.946446755253571f,-0.13868746477752592f,0.8099228623672664f,-1.6560533159915292f,-0.16177887222993204f,-1.0247384476520078f,-0.840886682787209f,0f,0f,0f,1f], start_interpolation: 0, interpolation_duration: 1 }
$data merge entity $(bone_tail_1) { transformation: [-1.0141852233266648f,-0.15557312927681316f,1.1112522594950545f,0.22835928408194583f,0.00046207812912436993f,1.4978342651137115f,0.21011556518989935f,0.7463984190049422f,-1.1220892875656758f,0.1412294788572424f,-1.0043037961852308f,-0.6254260827957507f,0f,0f,0f,1f], start_interpolation: 0, interpolation_duration: 1 }
$data merge entity $(bone_tail_0) { transformation: [-1.068516890525541f,0.00765525244536596f,0.7014618794743263f,0.023560554286758968f,0.1112617618590859f,1.2638106273539018f,0.15568954723865408f,0.7314003164591583f,-0.6926241344291061f,0.19120620251802178f,-1.0571412928785804f,-0.3118906804962888f,0f,0f,0f,1f], start_interpolation: 0, interpolation_duration: 1 }
$data merge entity $(bone_body_1) { transformation: [-1.2021043761842343f,-0.10058752958408666f,0.2709830487449974f,-0.03266392474225213f,0.006839664282344195f,1.1488673106500809f,0.4567950487564481f,0.5478175000000001f,-0.28896865367625596f,0.4456351046181971f,-1.116472599655142f,-0.08234312710947846f,0f,0f,0f,1f], start_interpolation: 0, interpolation_duration: 1 }