# This file was generated by Animated Java via MC-Build. It is not recommended to edit this file directly.
$data merge entity $(bone_head_lower) { transformation: [-0.9275911500702462f,-0.12209350590633558f,-0.3530833246230378f,-0.15285133558976774f,-0.23401652894754751f,0.9265942640195828f,0.29437957481005667f,0.25273968249996126f,0.29122314896089485f,0.35569122241279416f,-0.8880725374696556f,0.8396927294941101f,0f,0f,0f,1f], start_interpolation: 0, interpolation_duration: 1 }
$data merge entity $(bone_head_upper) { transformation: [-0.9655292416118068f,0.09222455905914222f,-0.37778281708196176f,-0.1771235375161317f,-0.24358770747461517f,0.6448144990097924f,0.7799687386155417f,0.3209121950325265f,0.30313405441041674f,0.8118995228207766f,-0.5765421515237243f,0.8182725231356288f,0f,0f,0f,1f], start_interpolation: 0, interpolation_duration: 1 }
$data merge entity $(bone_neck_0) { transformation: [-0.9563055790976203f,-0.09718021311927141f,-0.2757456174898487f,-0.19306734285398683f,-0.0903653622521122f,0.9952082551876607f,-0.03734474677082322f,0.3023725169954284f,0.27805348530779017f,-0.01079513707302357f,-0.9605049319622285f,0.7562498525713407f,0f,0f,0f,1f], start_interpolation: 0, interpolation_duration: 1 }
$data merge entity $(bone_neck_1) { transformation: [-0.9781563340752607f,-0.1454998354636813f,0.14845869455336275f,-0.18116124245945275f,-0.11786040909458867f,0.9764920045165977f,0.18047794625164987f,0.3221599444192951f,-0.17122823971676865f,0.1590382438132378f,-0.9723105095227028f,0.6746150601487975f,0f,0f,0f,1f], start_interpolation: 0, interpolation_duration: 1 }
$data merge entity $(bone_neck_2) { transformation: [-0.9897573105481444f,-0.14160208930708246f,0.01814702511082511f,-0.1809577999126783f,-0.12735524900633732f,0.9332298133544351f,0.33595052614481813f,0.36072863327990057f,-0.06450664126303346f,0.3301983703326159f,-0.9417047995325536f,0.5953475053432871f,0f,0f,0f,1f], start_interpolation: 0, interpolation_duration: 1 }
$data merge entity $(bone_body_0) { transformation: [-0.9711783225380776f,-0.09589781533981151f,0.21821153692043246f,-0.07902906741872279f,-0.05845231198086219f,0.9833596078576531f,0.17200932782304218f,0.45116371391227494f,-0.23107573013239147f,0.1542967616221879f,-0.9606229834314229f,0.14407936511364872f,0f,0f,0f,1f], start_interpolation: 0, interpolation_duration: 1 }
$data merge entity $(bone_leg_left_3) { transformation: [-0.9713158397786772f,0.009887188577670682f,-0.2375874215885021f,0.24826273058842913f,0.010980591403321052f,0.9999343347622731f,-0.003279142565258842f,0.054288643276572374f,0.2375393988530668f,-0.005793933513560504f,-0.9713606252710495f,0.11774593646888055f,0f,0f,0f,1f], start_interpolation: 0, interpolation_duration: 1 }
$data merge entity $(bone_leg_left_2) { transformation: [-0.9924724673831927f,-0.16965349619359818f,-0.1956483892504627f,0.20113063515387447f,-0.16849599360441336f,1.0115187124403895f,-0.022387363017831157f,0.2891189156690841f,0.1966461317348329f,0.010477839134071184f,-1.0066194480842805f,0.08938432836880306f,0f,0f,0f,1f], start_interpolation: 0, interpolation_duration: 1 }
$data merge entity $(bone_leg_left_1) { transformation: [-0.9813228199725186f,0.07833387035980509f,0.17569669250056286f,0.23263686337606704f,0.19166773702401843f,0.3202766939770984f,0.9277318135534598f,0.3231074856042313f,0.016401267794772436f,0.9440797869086877f,-0.32930890416927844f,0.3629999718483753f,0f,0f,0f,1f], start_interpolation: 0, interpolation_duration: 1 }
$data merge entity $(bone_leg_left_0) { transformation: [-0.9843130153858406f,0.01985475690228905f,-0.17531022893825998f,0.14025222348038702f,0.1631077269214005f,0.48120298401850825f,-0.8613010841687225f,0.6011241605001034f,0.06725888164821055f,-0.8763843202613989f,-0.47689282447883163f,0.06554563021651824f,0f,0f,0f,1f], start_interpolation: 0, interpolation_duration: 1 }
$data merge entity $(bone_leg_right_3) { transformation: [-0.9690515515196079f,-0.004042554270699654f,0.24682533956709019f,-0.26256940920695493f,0.04007267710247316f,0.9840280561536171f,0.1734444154545631f,0.06237846012454781f,-0.24358421756608517f,0.17796753203183602f,-0.9534119185825275f,-0.13127679734821557f,0f,0f,0f,1f], start_interpolation: 0, interpolation_duration: 1 }
$data merge entity $(bone_leg_right_2) { transformation: [-1.0016290354626702f,0.0736538218904388f,0.20827047159822515f,-0.23741041428585571f,0.06439698470754965f,1.0223632823724813f,-0.05185119784379388f,0.2989875184960043f,-0.21131612143750714f,-0.03755839291279873f,-1.0029940495551863f,-0.17070078163631663f,0f,0f,0f,1f], start_interpolation: 0, interpolation_duration: 1 }
$data merge entity $(bone_leg_right_1) { transformation: [-0.923356355554957f,-0.1747785413006192f,-0.3418559669759996f,-0.2851507425178867f,-0.31705243916514114f,-0.15507189278129785f,0.9356444083564336f,0.2009219629875329f,-0.21654281672616743f,0.972319479168269f,0.08777265493446151f,0.08448031786534817f,0f,0f,0f,1f], start_interpolation: 0, interpolation_duration: 1 }
$data merge entity $(bone_leg_right_0) { transformation: [-0.9357780077152832f,-0.10172161284935932f,0.3375977395595838f,-0.2437643469526357f,-0.2549678740869895f,0.8565676374165831f,-0.44864603610656606f,0.6034073961766856f,-0.24353829978049985f,-0.5059096717892416f,-0.8274929005919781f,-0.018475599386210517f,0f,0f,0f,1f], start_interpolation: 0, interpolation_duration: 1 }
$data merge entity $(bone_tail_4) { transformation: [-0.3095437215837497f,0.42200980750840716f,2.711411392318547f,1.076008135715361f,-1.1656122025813864f,2.449982019055188f,-0.5143905433613944f,0.7516143288607879f,-2.4841884407631905f,-1.202146896295531f,-0.0964985083074851f,-1.188338768991199f,0f,0f,0f,1f], start_interpolation: 0, interpolation_duration: 1 }
$data merge entity $(bone_tail_3) { transformation: [-0.7959357439459994f,0.07767664259606774f,1.9226019236307283f,0.749245770615277f,-0.3153820255040657f,2.047191614514911f,-0.21327493404811168f,0.767744499161973f,-1.898148043631615f,-0.37271753205245933f,-0.7707536388513785f,-1.0540001007120328f,0f,0f,0f,1f], start_interpolation: 0, interpolation_duration: 1 }
$data merge entity $(bone_tail_2) { transformation: [-1.0857986314577912f,0.05781821769617346f,1.6237217312795944f,0.44661031684189617f,-0.11836548867655834f,1.9449263630536677f,-0.14840797954277646f,0.7957084944938686f,-1.6204335277997444f,-0.18081031774776413f,-1.07716140201049f,-0.854999394548466f,0f,0f,0f,1f], start_interpolation: 0, interpolation_duration: 1 }
$data merge entity $(bone_tail_1) { transformation: [-1.0528646093080105f,-0.14322684928327237f,1.0763913944802228f,0.21773957560920215f,-0.010163540239705072f,1.5005195643596758f,0.18972081968947183f,0.7365500992265612f,-1.0858310489742349f,0.1248333153378376f,-1.0454873631303618f,-0.6305107643779774f,0f,0f,0f,1f], start_interpolation: 0, interpolation_duration: 1 }
$data merge entity $(bone_tail_0) { transformation: [-1.0884075519120457f,0.010695242877225447f,0.6701420217421477f,0.02216659656896655f,0.09989193918424238f,1.2663669763162324f,0.14202816046729083f,0.7256058606697368f,-0.662741516740024f,0.17330900051499948f,-1.079154015381332f,-0.31097462430534f,0f,0f,0f,1f], start_interpolation: 0, interpolation_duration: 1 }
$data merge entity $(bone_body_1) { transformation: [-1.207775499436796f,-0.08747297430189434f,0.2494622552275762f,-0.029937957791165856f,0.007181034158256332f,1.155433849802167f,0.4399154993132336f,0.545505f,-0.26425625965124494f,0.43119101631918755f,-1.1282054474859666f,-0.0777264362995522f,0f,0f,0f,1f], start_interpolation: 0, interpolation_duration: 1 }