# This file was generated by Animated Java via MC-Build. It is not recommended to edit this file directly.
$data merge entity $(bone_head_lower) { transformation: [-0.8907450215749867f,-0.057763630808035954f,-0.45081777859269206f,-0.08452678978975711f,-0.21893799147849052f,0.9237579052067391f,0.3142252193179634f,0.27076623795791654f,0.3982956972234836f,0.378595688728663f,-0.8354794085130576f,0.8441280919501256f,0f,0f,0f,1f], start_interpolation: 0, interpolation_duration: 1 }
$data merge entity $(bone_head_upper) { transformation: [-0.9271761218136447f,0.20324369402548734f,-0.42720999819876726f,-0.10970156013025893f,-0.2278924641057977f,0.6318325567329716f,0.7951883975760533f,0.3397013198528066f,0.4145858252833836f,0.8018426053002282f,-0.5183039382282807f,0.826531446978863f,0f,0f,0f,1f], start_interpolation: 0, interpolation_duration: 1 }
$data merge entity $(bone_neck_0) { transformation: [-0.9197194270574285f,-0.0878768950745435f,-0.3826144623576233f,-0.13271853755231378f,-0.08867979202366297f,0.995938399412397f,-0.015575591883211531f,0.3225568799282389f,0.3824291698861311f,0.01960499650421199f,-0.9237767988709581f,0.7663565088042177f,0f,0f,0f,1f], start_interpolation: 0, interpolation_duration: 1 }
$data merge entity $(bone_neck_1) { transformation: [-0.9905955011710932f,-0.1221819334506476f,0.06158025818273399f,-0.128064758338013f,-0.10890751166958096f,0.9765562045445777f,0.18568019083205659f,0.3427853015090301f,-0.08282334792515175f,0.17722740900817344f,-0.980678713205665f,0.6840966149074617f,0f,0f,0f,1f], start_interpolation: 0, interpolation_duration: 1 }
$data merge entity $(bone_neck_2) { transformation: [-0.993240306471174f,-0.10719302231020174f,-0.04453481300121134f,-0.13301582865207245f,-0.11589221365595005f,0.9373700159814758f,0.3284911687592398f,0.38074102988882386f,0.006533637193164105f,0.33143190719496574f,-0.9434565185943313f,0.6046876734710894f,0f,0f,0f,1f], start_interpolation: 0, interpolation_duration: 1 }
$data merge entity $(bone_body_0) { transformation: [-0.9865992353053924f,-0.0761071793384531f,0.14432479394739994f,-0.0657211104998131f,-0.05313738123019421f,0.9861983806635759f,0.1568093514192875f,0.4640394615014626f,-0.1542671955109443f,0.14703894460205139f,-0.9770267044249625f,0.1456193812717615f,0f,0f,0f,1f], start_interpolation: 0, interpolation_duration: 1 }
$data merge entity $(bone_leg_left_3) { transformation: [-0.9701779738892203f,0.019423880530684286f,-0.24161417972738394f,0.24328651417117175f,0.01751690753201945f,0.9997961741384865f,0.010038332957189526f,0.04323199301616509f,0.24175991588913487f,0.005506636284922199f,-0.9703204728470404f,0.09326184892127418f,0f,0f,0f,1f], start_interpolation: 0, interpolation_duration: 1 }
$data merge entity $(bone_leg_left_2) { transformation: [-0.9937068801033764f,-0.15079127496534822f,-0.20462362358787606f,0.20027188513484068f,-0.1457231664177712f,1.0145104927617572f,-0.039942688269179974f,0.2782524361444154f,0.20826328218168128f,-0.009625537455907121f,-1.0042887800947957f,0.06030422360203613f,0f,0f,0f,1f], start_interpolation: 0, interpolation_duration: 1 }
$data merge entity $(bone_leg_left_1) { transformation: [-0.9764381664897132f,0.09658102864290191f,0.192978268021262f,0.2357214651521261f,0.2140177711330943f,0.31879620801157793f,0.923344665548386f,0.31162636728824766f,0.027656837516779085f,0.9428897510651592f,-0.3319548413185938f,0.3335127404099323f,0f,0f,0f,1f], start_interpolation: 0, interpolation_duration: 1 }
$data merge entity $(bone_leg_left_0) { transformation: [-0.9802726231852673f,0.034147496305392155f,-0.1946780232320743f,0.15099507789273256f,0.1822409982274476f,0.5374334913703803f,-0.8233792934720343f,0.6108586291674566f,0.07651014833692502f,-0.8426144971750228f,-0.5330544121869223f,0.054965129906670435f,0f,0f,0f,1f], start_interpolation: 0, interpolation_duration: 1 }
$data merge entity $(bone_leg_right_3) { transformation: [-0.9796316405791617f,0.03995492603764388f,0.1967878366706283f,-0.24591504944039314f,0.056330309088364984f,0.9953347574158172f,0.07833017910106332f,0.053687778364131966f,-0.19274009716244514f,0.08781984152412178f,-0.9773120946660226f,-0.07530013603376587f,0f,0f,0f,1f], start_interpolation: 0, interpolation_duration: 1 }
$data merge entity $(bone_leg_right_2) { transformation: [-1.0040726021042135f,0.08510558474608622f,0.19146135027570038f,-0.21860235146776968f,0.0494130652866141f,1.007021123615089f,-0.18849139256920378f,0.2825210534857007f,-0.20361423865572018f,-0.17529317025692565f,-0.9898867338128244f,-0.14643677070682465f,0f,0f,0f,1f], start_interpolation: 0, interpolation_duration: 1 }
$data merge entity $(bone_leg_right_1) { transformation: [-0.9263697107189025f,-0.14108025087988957f,-0.3491926715643443f,-0.2568588088167774f,-0.34892612444398496f,-0.02743900208786193f,0.9367484512103141f,0.21843602719461108f,-0.14173820495221942f,0.9896178373372669f,-0.02380792474855692f,0.1208513482512381f,0f,0f,0f,1f], start_interpolation: 0, interpolation_duration: 1 }
$data merge entity $(bone_leg_right_0) { transformation: [-0.936180187431134f,-0.15892636162411253f,0.3135427693988949f,-0.2359278681623633f,-0.3050524499775103f,0.810521212963249f,-0.4999983660966324f,0.6128461536123742f,-0.17467014462730984f,-0.5637355540654727f,-0.807274777048292f,-0.014462459125905228f,0f,0f,0f,1f], start_interpolation: 0, interpolation_duration: 1 }
$data merge entity $(bone_tail_4) { transformation: [-0.7273730077630031f,0.15112593085085121f,2.6596523818353153f,0.9763309655962213f,-1.039856016831353f,2.5221883689409323f,-0.42769922543618377f,0.7321967266403612f,-2.452608673114697f,-1.1141759808053409f,-0.6074404595999691f,-1.3139874622108678f,0f,0f,0f,1f], start_interpolation: 0, interpolation_duration: 1 }
$data merge entity $(bone_tail_3) { transformation: [-1.049239447717399f,0.013244014050480575f,1.7985735190672532f,0.6712297584026764f,-0.31010652964798696f,2.0497226636148596f,-0.1960011953477087f,0.7453731408914219f,-1.7716873447840098f,-0.36661577216464547f,-1.0308551566426538f,-1.1356048988497265f,0f,0f,0f,1f], start_interpolation: 0, interpolation_duration: 1 }
$data merge entity $(bone_tail_2) { transformation: [-1.2705535676562756f,0.045220713255022665f,1.4840561289288872f,0.3944182213317544f,-0.13688328804610508f,1.9413754898913345f,-0.1763463855757885f,0.7785162870489646f,-1.478421615160024f,-0.21860962774924786f,-1.2590683990497649f,-0.9026920637024253f,0f,0f,0f,1f], start_interpolation: 0, interpolation_duration: 1 }
$data merge entity $(bone_tail_1) { transformation: [-1.1612151318063773f,-0.10931456316691919f,0.962956901394618f,0.1896462897998466f,-0.02676322027934618f,1.5058915079504778f,0.13867496646084262f,0.7302925822836117f,-0.9687721082402083f,0.08942786233754146f,-1.158075778925352f,-0.6536547023402717f,0f,0f,0f,1f], start_interpolation: 0, interpolation_duration: 1 }
$data merge entity $(bone_tail_0) { transformation: [-1.1367164826625302f,0.012244829411042851f,0.5844325613619145f,0.019157001439320944f,0.07487021861624449f,1.2704598703908f,0.1190037170636904f,0.7261753900520427f,-0.579746328139911f,0.14006248056961423f,-1.1305363387034515f,-0.3199057509063666f,0f,0f,0f,1f], start_interpolation: 0, interpolation_duration: 1 }
$data merge entity $(bone_body_1) { transformation: [-1.2169163791247275f,-0.06651814763755001f,0.20807320180427358f,-0.024736634049834724f,0.006250988925806578f,1.1665675038790386f,0.40949454097353827f,0.5523970454545455f,-0.21835761129775694f,0.40410418209237636f,-1.147878198529809f,-0.08025943334749003f,0f,0f,0f,1f], start_interpolation: 0, interpolation_duration: 1 }