# This file was generated by Animated Java via MC-Build. It is not recommended to edit this file directly.
$data merge entity $(bone_head_lower) { transformation: [-0.8922341886624279f,-0.046791382802703396f,-0.4491422036252097f,-0.06358059837473362f,-0.20448615950092136f,0.928662248865198f,0.3094702539909074f,0.28504391825369346f,0.40262086775831973f,0.36796330527383275f,-0.8381523983247283f,0.8411135558406638f,0f,0f,0f,1f], start_interpolation: 0, interpolation_duration: 1 }
$data merge entity $(bone_head_upper) { transformation: [-0.928726195214476f,0.216843151691567f,-0.4170355434137689f,-0.08774907756720768f,-0.2128495582219426f,0.6293911400479478f,0.8012701173620388f,0.35434810627008395f,0.41908789349094017f,0.8001985897120287f,-0.5172228698885172f,0.823555918507907f,0f,0f,0f,1f], start_interpolation: 0, interpolation_duration: 1 }
$data merge entity $(bone_neck_0) { transformation: [-0.9182280171904169f,-0.07767396838681831f,-0.388360738336921f,-0.11130371451079396f,-0.08422540797628347f,0.996446715538991f,-0.00015408694262986078f,0.33819115952362333f,0.3869927507044333f,0.03256835468059188f,-0.9215074135217881f,0.7633158288284854f,0f,0f,0f,1f], start_interpolation: 0, interpolation_duration: 1 }
$data merge entity $(bone_neck_1) { transformation: [-0.9933646932687995f,-0.1088749515438457f,0.03705173536163765f,-0.10866651951403018f,-0.09999344708383014f,0.9767919897964515f,0.1894167870326764f,0.35873720607861437f,-0.05681458181907906f,0.18445501781142815f,-0.9811974570375267f,0.6810452872109634f,0f,0f,0f,1f], start_interpolation: 0, interpolation_duration: 1 }
$data merge entity $(bone_neck_2) { transformation: [-0.994100325029138f,-0.09237870715475932f,-0.05683940746856181f,-0.11455052318356929f,-0.10594038520373218f,0.9393621300946984f,0.32615245411745086f,0.3965075495576674f,0.023263244826266766f,0.33024984936918034f,-0.9436068346678013f,0.601611603874284f,0f,0f,0f,1f], start_interpolation: 0, interpolation_duration: 1 }
$data merge entity $(bone_body_0) { transformation: [-0.9906931453643885f,-0.06664514096726262f,0.11868242040617691f,-0.05925082177935403f,-0.048547161967590735f,0.9875946652078437f,0.14933167888261226f,0.47629508350068295f,-0.1271623560371045f,0.14218017596859556f,-0.9816386976727396f,0.14032341070755894f,0f,0f,0f,1f], start_interpolation: 0, interpolation_duration: 1 }
$data merge entity $(bone_leg_left_3) { transformation: [-0.9715695701419175f,0.023554386335456458f,-0.2355796282758959f,0.23674954379953306f,0.020685903882703256f,0.9996788215702181f,0.014640597137222225f,0.03909420807836658f,0.23584881546194972f,0.00935118111999389f,-0.9717447667247071f,0.07423740609542351f,0f,0f,0f,1f], start_interpolation: 0, interpolation_duration: 1 }
$data merge entity $(bone_leg_left_2) { transformation: [-0.9959035599487043f,-0.13911578047079556f,-0.20220063898561996f,0.19652792877350103f,-0.12973466598642958f,1.015702638936242f,-0.05982696047800699f,0.27380282988581073f,0.20834398293106784f,-0.03251381833388602f,-1.003791729341532f,0.03596004202782599f,0f,0f,0f,1f], start_interpolation: 0, interpolation_duration: 1 }
$data merge entity $(bone_leg_left_1) { transformation: [-0.9731661300427734f,0.10067753583715727f,0.20690992512523335f,0.23228635427967176f,0.22866520852778582f,0.3227424017279442f,0.9184495438160017f,0.30821672457344157f,0.02568863068588937f,0.9411170893701992f,-0.3371034238165608f,0.30899924162655373f,0f,0f,0f,1f], start_interpolation: 0, interpolation_duration: 1 }
$data merge entity $(bone_leg_left_0) { transformation: [-0.9781457758683676f,0.05373598147941723f,-0.2008563801458966f,0.15600130029393655f,0.19470511032648372f,0.5756351938492f,-0.7941876627189225f,0.6215211076345557f,0.07294354778608614f,-0.815939071191371f,-0.5735178035072159f,0.043804534557311633f,0f,0f,0f,1f], start_interpolation: 0, interpolation_duration: 1 }
$data merge entity $(bone_leg_right_3) { transformation: [-0.9812727550955013f,0.042785203908608384f,0.18781162486327438f,-0.2370340759317635f,0.053253931038967146f,0.9972751844063706f,0.0510512036698032f,0.05420739960120757f,-0.18511563666038983f,0.06009686259479444f,-0.9808774480892505f,-0.0681886672533092f,0f,0f,0f,1f], start_interpolation: 0, interpolation_duration: 1 }
$data merge entity $(bone_leg_right_2) { transformation: [-1.005013430056244f,0.08352304280805954f,0.18717399987006894f,-0.21022130493823737f,0.04090928947509715f,0.9995699240240964f,-0.2263815286674219f,0.280146028569526f,-0.20083982409353043f,-0.21435033894827218f,-0.9827408085306798f,-0.1482129343076276f,0f,0f,0f,1f], start_interpolation: 0, interpolation_duration: 1 }
$data merge entity $(bone_leg_right_1) { transformation: [-0.9269286282833527f,-0.1316200676855655f,-0.3513964653367897f,-0.24580197637922774f,-0.35759018428363104f,0.026033000557568686f,0.9335156897374399f,0.23058657777603897f,-0.11372149389073896f,0.990958344565712f,-0.07119677775603245f,0.1225106559401043f,0f,0f,0f,1f], start_interpolation: 0, interpolation_duration: 1 }
$data merge entity $(bone_leg_right_0) { transformation: [-0.9371472372982145f,-0.1808115744743468f,0.29843295756405985f,-0.23212140411185272f,-0.3163442866186057f,0.8011711168525618f,-0.5079873363037549f,0.6232888700513874f,-0.14724587582709958f,-0.570466489863626f,-0.8080140073009773f,-0.018574531618962248f,0f,0f,0f,1f], start_interpolation: 0, interpolation_duration: 1 }
$data merge entity $(bone_tail_4) { transformation: [-1.0266407784206395f,-0.007845047541318463f,2.5635148719898115f,0.9041948688697637f,-0.9627212996109565f,2.560499819310912f,-0.3777164362113125f,0.7246335680549416f,-2.375886727720674f,-1.0341375450769874f,-0.9546638814278496f,-1.395424098461407f,0f,0f,0f,1f], start_interpolation: 0, interpolation_duration: 1 }
$data merge entity $(bone_tail_3) { transformation: [-1.2160732105083059f,-0.020857377115078186f,1.6901705365282957f,0.6178085104615141f,-0.30080255804009504f,2.0515702586269873f,-0.19110944779935823f,0.7369624425243909f,-1.6633187589289677f,-0.35576673506880857f,-1.2011437309739093f,-1.1882730521045426f,0f,0f,0f,1f], start_interpolation: 0, interpolation_duration: 1 }
$data merge entity $(bone_tail_2) { transformation: [-1.3856679359184165f,0.03943115720326396f,1.377368298681215f,0.3607435096276174f,-0.1411266732983776f,1.9390347610941774f,-0.19748754987328881f,0.7740319902165107f,-1.3706865099117689f,-0.23950627155219398f,-1.372089323781742f,-0.934275182134515f,0f,0f,0f,1f], start_interpolation: 0, interpolation_duration: 1 }
$data merge entity $(bone_tail_1) { transformation: [-1.2231884350989035f,-0.08903203290846727f,0.8851777219047497f,0.1725200643108799f,-0.03272207135032059f,1.5083910772909757f,0.10649823470609131f,0.7327074973940728f,-0.8890419384297015f,0.066976899488964f,-1.2217916257071026f,-0.6713286135604155f,0f,0f,0f,1f], start_interpolation: 0, interpolation_duration: 1 }
$data merge entity $(bone_tail_0) { transformation: [-1.1624474145928454f,0.012080511296240628f,0.5314186542992815f,0.017518706463076614f,0.062144958459281245f,1.272211027535477f,0.1070178589733859f,0.7321351100150648f,-0.5279107206986158f,0.12316200407582975f,-1.1575738025316233f,-0.3300865253901447f,0f,0f,0f,1f], start_interpolation: 0, interpolation_duration: 1 }
$data merge entity $(bone_body_1) { transformation: [-1.2206897546839597f,-0.05731771846009362f,0.187712005520142f,-0.022260950300842505f,0.0055598125192021985f,1.1718971552921176f,0.3939933260338862f,0.5616015909090909f,-0.1961892105866571f,0.38984141856019133f,-1.1567791738618969f,-0.08741015740984788f,0f,0f,0f,1f], start_interpolation: 0, interpolation_duration: 1 }