# This file was generated by Animated Java via MC-Build. It is not recommended to edit this file directly.
$data merge entity $(bone_head_lower) { transformation: [-0.9042743021547265f,-0.04437009498128258f,-0.42464017842631696f,-0.048340645078779956f,-0.18549074720063963f,0.9366450430310087f,0.29713506368045584f,0.299369844148858f,0.38455320719704145f,0.3474584263430548f,-0.8552142847249905f,0.8388800889360304f,0f,0f,0f,1f], start_interpolation: 0, interpolation_duration: 1 }
$data merge entity $(bone_head_upper) { transformation: [-0.9412587443318956f,0.21191233516824753f,-0.3906367635102852f,-0.07080387257625627f,-0.19307724147333447f,0.6290903175379494f,0.8064976712852661f,0.36903378896325384f,0.4002812731408975f,0.8017546240384582f,-0.5295624304925338f,0.8205008970307724f,0f,0f,0f,1f], start_interpolation: 0, interpolation_duration: 1 }
$data merge entity $(bone_neck_0) { transformation: [-0.9258962995435012f,-0.06539626258365101f,-0.37207441638970723f,-0.09350221777803051f,-0.07745226955671212f,0.9968419088930206f,0.01753153202185631f,0.3540118242000972f,0.36975287481257724f,0.04505038861773719f,-0.928037323631558f,0.7596415349403557f,0f,0f,0f,1f], start_interpolation: 0, interpolation_duration: 1 }
$data merge entity $(bone_neck_1) { transformation: [-0.9953015269163356f,-0.09454827426078594f,0.020868501439205614f,-0.09216995388803356f,-0.088756462878019f,0.9770599161468048f,0.19358773348686587f,0.37491243896663556f,-0.03869316238553984f,0.19082595235844152f,-0.9808609968242695f,0.6774288460180281f,0f,0f,0f,1f], start_interpolation: 0, interpolation_duration: 1 }
$data merge entity $(bone_neck_2) { transformation: [-0.9951026769382911f,-0.07828520536828303f,-0.060349722208911244f,-0.09822350326525961f,-0.09371534948970442f,0.9413515868188417f,0.3241521606648203f,0.4125270197617771f,0.03143398829721676f,0.32822037812130833f,-0.9440780093644993f,0.5979340144521716f,0f,0f,0f,1f], start_interpolation: 0, interpolation_duration: 1 }
$data merge entity $(bone_body_0) { transformation: [-0.9935722960612251f,-0.05706471518256386f,0.09776354525464999f,-0.05269152374304567f,-0.04286944272945999f,0.9889959154924972f,0.14159551553358946f,0.4886818775895349f,-0.10476785470596732f,0.13649431277635815f,-0.9850852750904455f,0.13496729731891202f,0f,0f,0f,1f], start_interpolation: 0, interpolation_duration: 1 }
$data merge entity $(bone_leg_left_3) { transformation: [-0.9737583933693248f,0.0268368593979102f,-0.22599640333520338f,0.22824909213311584f,0.02334837098852155f,0.9995636113746015f,0.018095313977577673f,0.03342927482903338f,0.22638340247238412f,0.012343815999177693f,-0.973960053231961f,0.05385098339400711f,0f,0f,0f,1f], start_interpolation: 0, interpolation_duration: 1 }
$data merge entity $(bone_leg_left_2) { transformation: [-0.9986944888572452f,-0.12618699991391072f,-0.19684602734011766f,0.1912023087805135f,-0.11146383055279414f,1.0160102077372926f,-0.08579785401055366f,0.26743531851754737f,0.20554155761149043f,-0.0621473919569031f,-1.0029718686325608f,0.00868706608726505f,0f,0f,0f,1f], start_interpolation: 0, interpolation_duration: 1 }
$data merge entity $(bone_leg_left_1) { transformation: [-0.9693378759013698f,0.10245018512838693f,0.22335631155214686f,0.2264938109678017f,0.2449233206313601f,0.3291376483376163f,0.9119654464165249f,0.3036067036044098f,0.019916057690427483f,0.9387078182341629f,-0.344138028459699f,0.28155979545762216f,0f,0f,0f,1f], start_interpolation: 0, interpolation_duration: 1 }
$data merge entity $(bone_leg_left_0) { transformation: [-0.9758416842109267f,0.07987669969044378f,-0.20335368254089853f,0.16094365824567672f,0.2085420218236216f,0.61805673585651f,-0.7579684006580435f,0.632227583987965f,0.06514009894142023f,-0.7820649487791655f,-0.6197831745061679f,0.03252410922270471f,0f,0f,0f,1f], start_interpolation: 0, interpolation_duration: 1 }
$data merge entity $(bone_leg_right_3) { transformation: [-0.9821900794421644f,0.04185405778378784f,0.18316900854791357f,-0.2282530291628374f,0.04857210548526125f,0.9982958757919005f,0.032343391065421306f,0.05272771602347465f,-0.18150316364769767f,0.04066426224479516f,-0.9825492452604923f,-0.06690041910088226f,0f,0f,0f,1f], start_interpolation: 0, interpolation_duration: 1 }
$data merge entity $(bone_leg_right_2) { transformation: [-1.0056108948088947f,0.08114691739421727f,0.18499758252410808f,-0.20206046370390895f,0.03323856361233076f,0.9929728700876129f,-0.25487698338542025f,0.27625984430951667f,-0.19925894115782392f,-0.24388984515161508f,-0.9761535828450755f,-0.15360917993049977f,0f,0f,0f,1f], start_interpolation: 0, interpolation_duration: 1 }
$data merge entity $(bone_leg_right_1) { transformation: [-0.9279012191144052f,-0.1258589669550002f,-0.3509399492833788f,-0.23611960576460994f,-0.3620349859063451f,0.07934394782017012f,0.9287815711587426f,0.24134587081432857f,-0.08905052804892781f,0.9888700917619713f,-0.11918869523942632f,0.11958374632607788f,0f,0f,0f,1f], start_interpolation: 0, interpolation_duration: 1 }
$data merge entity $(bone_leg_right_0) { transformation: [-0.938799375125296f,-0.19982571446068925f,0.2805805002216453f,-0.22825919785146156f,-0.3219338429576132f,0.7987304872455829f,-0.5083190036807368f,0.6337668215397132f,-0.12253299156919516f,-0.5675379217151124f,-0.8141783424977567f,-0.02272328084994507f,0f,0f,0f,1f], start_interpolation: 0, interpolation_duration: 1 }
$data merge entity $(bone_tail_4) { transformation: [-1.3578765294922304f,-0.15834383396697035f,2.399324882649028f,0.8170463397291007f,-0.8755343803713981f,2.598871427516505f,-0.3239879374698999f,0.7142618628491743f,-2.239480343973085f,-0.9200303609571634f,-1.328131490280697f,-1.4787625239172209f,0f,0f,0f,1f], start_interpolation: 0, interpolation_duration: 1 }
$data merge entity $(bone_tail_3) { transformation: [-1.3927794843256593f,-0.05100264716508091f,1.5470971411220908f,0.5552149371626502f,-0.2859219966276705f,2.0538281778117167f,-0.18969436975170376f,0.7263286968628825f,-1.5213018917790253f,-0.3393141200321673f,-1.3807432810123685f,-1.2413190325729926f,0f,0f,0f,1f], start_interpolation: 0, interpolation_duration: 1 }
$data merge entity $(bone_tail_2) { transformation: [-1.5047670704444973f,0.03421138920984947f,1.2463063506044543f,0.3224247569010836f,-0.1410672120938868f,1.9362165179494353f,-0.22347150219793063f,0.7682279778988967f,-1.2387695428854877f,-0.26204780378944903f,-1.488473998144134f,-0.9655933243200389f,0f,0f,0f,1f], start_interpolation: 0, interpolation_duration: 1 }
$data merge entity $(bone_tail_1) { transformation: [-1.285313708424166f,-0.06822170233098035f,0.7943366542392343f,0.1535542637773525f,-0.03676378801192493f,1.5104210250952275f,0.07023532473974312f,0.7346859060427076f,-0.7964127980061171f,0.04037791823937973f,-1.285205247768123f,-0.6887642019962301f,0f,0f,0f,1f], start_interpolation: 0, interpolation_duration: 1 }
$data merge entity $(bone_tail_0) { transformation: [-1.187607733175844f,0.011631642078911488f,0.47253390734158895f,0.0157495655856351f,0.04989724177754554f,1.2737740770623838f,0.09405095667186823f,0.737940468064465f,-0.470036013458495f,0.10583015681009153f,-1.1839348970892043f,-0.3402370376558914f,0f,0f,0f,1f], start_interpolation: 0, interpolation_duration: 1 }
$data merge entity $(bone_body_1) { transformation: [-1.2240869537866326f,-0.04853779992557752f,0.16691257173741286f,-0.01978590399739964f,0.004841076000231613f,1.1772099931108906f,0.3778330202076934f,0.5708061363636363f,-0.17375928351824071f,0.37473365095023403f,-1.165326991574891f,-0.0945558064324587f,0f,0f,0f,1f], start_interpolation: 0, interpolation_duration: 1 }