# This file was generated by Animated Java via MC-Build. It is not recommended to edit this file directly.
$data merge entity $(bone_head_lower) { transformation: [-0.9916911473062292f,-0.037306723630398025f,-0.12311326787320609f,-0.020955968616558865f,-0.05689613200062854f,0.9855308190835785f,0.1596616259463054f,0.37225872226799483f,0.115375467573578f,0.1653396897554122f,-0.979464796954828f,0.8277545835039717f,0f,0f,0f,1f], start_interpolation: 0, interpolation_duration: 1 }
$data merge entity $(bone_head_upper) { transformation: [-1.0322509020264095f,0.05650097908751619f,-0.12139875292326235f,-0.028376604466769643f,-0.05922316009273259f,0.653736049779217f,0.8078327408017102f,0.4426096687954239f,0.12009427612422587f,0.8080276970282173f,-0.6450895660766659f,0.8014651373692535f,0f,0f,0f,1f], start_interpolation: 0, interpolation_duration: 1 }
$data merge entity $(bone_neck_0) { transformation: [-0.9934898910673541f,-0.012533990655178247f,-0.11322868640602037f,-0.03517371204295278f,-0.0242468284444508f,0.9944201524933881f,0.10266767565992976f,0.43311488434917433f,0.11131005191519033f,0.10474473444179942f,-0.9882502784969781f,0.7358268508954741f,0f,0f,0f,1f], start_interpolation: 0, interpolation_duration: 1 }
$data merge entity $(bone_neck_1) { transformation: [-0.9995788735796304f,-0.027233053296493965f,0.01002179132828304f,-0.03445019405384131f,-0.024500573046150862f,0.9770877409353367f,0.21142201501804625f,0.45552642502167145f,-0.015549836452116012f,0.21108743999118254f,-0.9773434888841699f,0.6540054832038027f,0f,0f,0f,1f], start_interpolation: 0, interpolation_duration: 1 }
$data merge entity $(bone_neck_2) { transformation: [-0.9996625660254655f,-0.02282133659013775f,-0.012407283490807088f,-0.035760600290815014f,-0.02554597371989277f,0.9502714682634748f,0.31037322666602996f,0.49202119907078284f,0.0047071556256578495f,0.3105854523325584f,-0.9505338076498364f,0.5737724183443631f,0f,0f,0f,1f], start_interpolation: 0, interpolation_duration: 1 }
$data merge entity $(bone_body_0) { transformation: [-0.9992655533698785f,-0.015445473891107954f,0.03506837870032347f,-0.01938014236142786f,-0.011749983841957641f,0.9945869142617598f,0.1032415025994145f,0.5501532156822382f,-0.036473164492595536f,0.10275362434264929f,-0.9940379273228693f,0.1062649275532164f,0f,0f,0f,1f], start_interpolation: 0, interpolation_duration: 1 }
$data merge entity $(bone_leg_left_3) { transformation: [-0.9847301192246958f,0.022690033704535734f,-0.17260288138441904f,0.18599656201505044f,0.019632428597699012f,0.9996190032814665f,0.019401443913384775f,0.019253648509736487f,0.17297733966931345f,0.015716572433421838f,-0.9848004007472133f,-0.06329455060458242f,0f,0f,0f,1f], start_interpolation: 0, interpolation_duration: 1 }
$data merge entity $(bone_leg_left_2) { transformation: [-1.0105742138428588f,-0.06271028175369765f,-0.1639188164273839f,0.16474527785675167f,-0.020406638410767876f,0.9934763510009597f,-0.25426464286503736f,0.2429419687006084f,0.17431444841250163f,-0.24725363508932413f,-0.9800726057341135f,-0.1509472196901547f,0f,0f,0f,1f], start_interpolation: 0, interpolation_duration: 1 }
$data merge entity $(bone_leg_left_1) { transformation: [-0.9469038783543964f,0.09761508615273055f,0.3063402358698538f,0.19387529151070557f,0.31995260395360253f,0.37995941121204935f,0.8679062029129082f,0.29376252056296864f,-0.031676116881837184f,0.9198381057483909f,-0.39101724109366376f,0.12031298651910713f,0f,0f,0f,1f], start_interpolation: 0, interpolation_duration: 1 }
$data merge entity $(bone_leg_left_0) { transformation: [-0.9620732437451011f,0.22956343565706838f,-0.14736248735381186f,0.1841399169352367f,0.2727902457547751f,0.8081394986075476f,-0.5220115253626026f,0.685278209305586f,-0.0007453125711553432f,-0.5424123706182086f,-0.8401120548531051f,-0.024352028307292467f,0f,0f,0f,1f], start_interpolation: 0, interpolation_duration: 1 }
$data merge entity $(bone_leg_right_3) { transformation: [-0.9829124720518487f,0.007471737911249658f,0.18392184594960276f,-0.19401844084612488f,0.010551703169710575f,0.9998199200319663f,0.015773048769678f,0.03367427157769193f,-0.18377087322299512f,0.017444215082883963f,-0.9828143087659031f,-0.10517132816112779f,0f,0f,0f,1f], start_interpolation: 0, interpolation_duration: 1 }
$data merge entity $(bone_leg_right_2) { transformation: [-1.0077338813138221f,0.062031462875952084f,0.18079469451934482f,-0.17240825459050016f,0.004297478613965571f,0.9772917082825612f,-0.31135935524793534f,0.2518504841032252f,-0.19109200828510953f,-0.3051478560244475f,-0.9604326263897647f,-0.20568606441420742f,0f,0f,0f,1f], start_interpolation: 0, interpolation_duration: 1 }
$data merge entity $(bone_leg_right_1) { transformation: [-0.9367188731239983f,-0.1185280809136031f,-0.32940681044605813f,-0.205793470029238f,-0.35008120952481536f,0.3145963954897776f,0.8823107472327887f,0.283549954164071f,-0.0009484044228352862f,0.9417962635197583f,-0.33618283500094553f,0.06798153806686127f,0f,0f,0f,1f], start_interpolation: 0, interpolation_duration: 1 }
$data merge entity $(bone_leg_right_0) { transformation: [-0.9524178518540877f,-0.2539163339032262f,0.16860228600701246f,-0.20847157386026335f,-0.3034461386001116f,0.8419112730685732f,-0.4462127847212991f,0.6857195810129504f,-0.028647450817253756f,-0.4761427345420696f,-0.8789012571981414f,-0.04408851843600871f,0f,0f,0f,1f], start_interpolation: 0, interpolation_duration: 1 }
$data merge entity $(bone_tail_4) { transformation: [-2.632147967292157f,-0.29245587583552757f,0.7822582505599064f,0.2591916685092235f,-0.2963758492299552f,2.745354970341462f,0.029133733276965668f,0.6541245199515714f,-0.7807815096894863f,-0.05618700126101177f,-2.6481851496102573f,-1.7740119134017795f,0f,0f,0f,1f], start_interpolation: 0, interpolation_duration: 1 }
$data merge entity $(bone_tail_3) { transformation: [-2.021286797760736f,-0.06214945724489664f,0.4964701926669528f,0.1756168516861451f,-0.11158017536358557f,2.070125112160543f,-0.19513433965495608f,0.6669542935347916f,-0.4877448838362407f,-0.21602081152266084f,-2.012805371446804f,-1.4306005706398406f,0f,0f,0f,1f], start_interpolation: 0, interpolation_duration: 1 }
$data merge entity $(bone_tail_2) { transformation: [-1.9143343792681917f,0.013654249990260471f,0.39231533338865165f,0.10127399216501401f,-0.062409405297308505f,1.9175601081780165f,-0.3712710231859292f,0.736382906483645f,-0.3875600927405732f,-0.37623219955805726f,-1.878036309961392f,-1.0818538274129534f,0f,0f,0f,1f], start_interpolation: 0, interpolation_duration: 1 }
$data merge entity $(bone_tail_1) { transformation: [-1.4918193737560483f,-0.00037886489728839075f,0.24926103295040497f,0.04906567242838655f,-0.020914992981491506f,1.507354710098146f,-0.12288446205082015f,0.7444203991422603f,-0.24838230443149012f,-0.1246510505624597f,-1.4867496751097604f,-0.7601608572366239f,0f,0f,0f,1f], start_interpolation: 0, interpolation_duration: 1 }
$data merge entity $(bone_tail_0) { transformation: [-1.2695262234348772f,0.005263237730939721f,0.14869829495926765f,0.005739585873448967f,0.0085067312400601f,1.2778939081939218f,0.027395465108329697f,0.7672526638806836f,-0.14854803976766282f,0.02819883532133801f,-1.2692415145084615f,-0.3885784986517067f,0f,0f,0f,1f], start_interpolation: 0, interpolation_duration: 1 }
$data merge entity $(bone_body_1) { transformation: [-1.2348074950137187f,-0.013690888707630687f,0.06056075363294615f,-0.007417762513406738f,0.0013881638849547594f,1.1995465927643507f,0.29948395590534677f,0.6168288636363637f,-0.06207349124403779f,0.2991740737598806f,-1.1980176752998866f,-0.1302076676538653f,0f,0f,0f,1f], start_interpolation: 0, interpolation_duration: 1 }