# This file was generated by Animated Java via MC-Build. It is not recommended to edit this file directly.
$data merge entity $(bone_head_lower) { transformation: [-0.9996720364134305f,-0.011805644175178123f,-0.02272545662101727f,-0.010431011547731723f,-0.014117866954043925f,0.9944315078971747f,0.10443496509320538f,0.39998909195653326f,0.02136598805795251f,0.10472154920053556f,-0.994272041087019f,0.8182774473455892f,0f,0f,0f,1f], start_interpolation: 0, interpolation_duration: 1 }
$data merge entity $(bone_head_upper) { transformation: [-1.0405582061727248f,0.007699138431113852f,-0.025520294228843294f,-0.012340450306468052f,-0.014695281830019759f,0.6657418124798106f,0.8000273935257093f,0.47008536736094997f,0.022239848067027744f,0.8001253057909256f,-0.6654147779952292f,0.7903790117290234f,0f,0f,0f,1f], start_interpolation: 0, interpolation_duration: 1 }
$data merge entity $(bone_neck_0) { transformation: [-0.9997662466403665f,-0.003341366359088069f,-0.02136088363078669f,-0.013344398984175937f,-0.005957551668141302f,0.9923126418336968f,0.12361281662979198f,0.46197323412898195f,0.020783639160529208f,0.12371118028651859f,-0.992100591782588f,0.7242131471478346f,0f,0f,0f,1f], start_interpolation: 0, interpolation_duration: 1 }
$data merge entity $(bone_neck_1) { transformation: [-0.9999407674057093f,-0.007840661545803169f,0.007548887772738715f,-0.012741030058331774f,-0.006033204305783718f,0.9765646356544228f,0.21513975187061346f,0.4846973060275467f,-0.009058814816846263f,0.21508146460276073f,-0.9765540955105587f,0.6424770514078286f,0f,0f,0f,1f], start_interpolation: 0, interpolation_duration: 1 }
$data merge entity $(bone_neck_2) { transformation: [-0.999973349824524f,-0.007107943010718776f,0.0016663693697695405f,-0.012664634808309008f,-0.006267029119546019f,0.9528173226845256f,0.3034796104160994f,0.5206130730969833f,-0.0037448613772600847f,0.30346107944586415f,-0.9528364756215076f,0.561972503500767f,0f,0f,0f,1f], start_interpolation: 0, interpolation_duration: 1 }
$data merge entity $(bone_body_0) { transformation: [-0.9998997444175524f,-0.004243853429434416f,0.013508916380782268f,-0.006338361185214901f,-0.0029915446988610767f,0.995809033529659f,0.09140798324567292f,0.5731796386263937f,-0.0138402230483546f,0.09135840655788594f,-0.9957218937922254f,0.0935628119340649f,0f,0f,0f,1f], start_interpolation: 0, interpolation_duration: 1 }
$data merge entity $(bone_leg_left_3) { transformation: [-0.9857781556011249f,0.015171220325781179f,-0.16736565362544042f,0.17992868391698924f,0.012561117993183804f,0.9997825928193148f,0.01664287866474462f,0.0280480675614877f,0.16758175990962032f,0.014303886510829644f,-0.9857544078401473f,-0.10731698870082379f,0f,0f,0f,1f], start_interpolation: 0, interpolation_duration: 1 }
$data merge entity $(bone_leg_left_2) { transformation: [-1.0116162520030196f,-0.048448204595998696f,-0.1623192214603117f,0.16204968729046051f,0.002725405463144047f,0.978072583825482f,-0.3089155101879821f,0.24649272195081162f,0.16937334604098409f,-0.3051048864588441f,-0.9645132852431382f,-0.20798151330792172f,0f,0f,0f,1f], start_interpolation: 0, interpolation_duration: 1 }
$data merge entity $(bone_leg_left_1) { transformation: [-0.9404061356127971f,0.10043043551006146f,0.3248846375639587f,0.19083161125299666f,0.33724769076072003f,0.3979199030360979f,0.8531844735133806f,0.302628921034069f,-0.043592375231997f,0.9119065074836354f,-0.4080762507554575f,0.06226599114913203f,0f,0f,0f,1f], start_interpolation: 0, interpolation_duration: 1 }
$data merge entity $(bone_leg_left_0) { transformation: [-0.9575417126356291f,0.2638434419449412f,-0.11619168087893625f,0.19254508939371648f,0.28774702915884853f,0.8498321903075566f,-0.44157320517363546f,0.7057054428860053f,-0.017762763666808692f,-0.45625857412185394f,-0.8896699375426876f,-0.046516636548767795f,0f,0f,0f,1f], start_interpolation: 0, interpolation_duration: 1 }
$data merge entity $(bone_leg_right_3) { transformation: [-0.9839880655009097f,-0.007012311828597129f,0.1780963627775587f,-0.18449048110863445f,-0.0038377751073305952f,0.9998276721527326f,0.018163080131771314f,0.032258140036309724f,-0.1781930369964068f,0.017188760294625793f,-0.9838454086316256f,-0.12131531911194682f,0f,0f,0f,1f], start_interpolation: 0, interpolation_duration: 1 }
$data merge entity $(bone_leg_right_2) { transformation: [-1.0096859571730754f,0.05181721985149281f,0.17294925011415044f,-0.16550065103641037f,-0.004860144165247185f,0.9743919220232197f,-0.32031072538284305f,0.2494959861006711f,-0.18047949021115361f,-0.3161290203753084f,-0.9589326334995403f,-0.2243598563624022f,0f,0f,0f,1f], start_interpolation: 0, interpolation_duration: 1 }
$data merge entity $(bone_leg_right_1) { transformation: [-0.9388119617801259f,-0.11180870139180957f,-0.32577740055385773f,-0.19729459649884937f,-0.3433078596814909f,0.38005491208979264f,0.8588934609585368f,0.30035535008773356f,0.02778153882464667f,0.9181813971593503f,-0.39518490357178054f,0.04659374812834555f,0f,0f,0f,1f], start_interpolation: 0, interpolation_duration: 1 }
$data merge entity $(bone_leg_right_0) { transformation: [-0.9559079610343532f,-0.2650704456373687f,0.1264026458613601f,-0.20051103802346978f,-0.29365257274542783f,0.8586041472270144f,-0.42019886349746693f,0.7058226930842675f,0.0028524640465580064f,-0.43878990099383375f,-0.8985851580316051f,-0.05287065169240905f,0f,0f,0f,1f], start_interpolation: 0, interpolation_duration: 1 }
$data merge entity $(bone_tail_4) { transformation: [-2.7532796274451377f,-0.0905245040746174f,0.1921404144307115f,0.06828911946768484f,-0.077788985686111f,2.7542933141387866f,0.18297143218630352f,0.6436432465020313f,-0.19763981987819915f,0.17701690725019922f,-2.7486842029862375f,-1.8119368405302319f,0f,0f,0f,1f], start_interpolation: 0, interpolation_duration: 1 }
$data merge entity $(bone_tail_3) { transformation: [-2.0783691932045616f,-0.017987606506967242f,0.12650481727907795f,0.047014600183391625f,-0.029296142229735686f,2.07372211909899f,-0.18645062310031008f,0.6549653831199793f,-0.12437346514879084f,-0.1878790696596864f,-2.0700672023862263f,-1.4590913963391634f,0f,0f,0f,1f], start_interpolation: 0, interpolation_duration: 1 }
$data merge entity $(bone_tail_2) { transformation: [-1.9515181351283508f,0.005093161672342472f,0.10161152972039877f,0.026683410349967122f,-0.016400147376543252f,1.9104454517789256f,-0.41073481219154145f,0.7317625566133534f,-0.10040855757338497f,-0.4110305468990991f,-1.907811805730491f,-1.104605401083319f,0f,0f,0f,1f], start_interpolation: 0, interpolation_duration: 1 }
$data merge entity $(bone_tail_1) { transformation: [-1.5110379886849832f,0.002131580160067946f,0.06645226193938918f,0.01380117186020434f,-0.005744430805911103f,1.5018838253942857f,-0.17879660660578248f,0.7518841013519555f,-0.0662378159781562f,-0.1788761621487001f,-1.5004239801967296f,-0.7794810427715287f,0f,0f,0f,1f], start_interpolation: 0, interpolation_duration: 1 }
$data merge entity $(bone_tail_0) { transformation: [-1.277550018207484f,0.0017302930286635038f,0.04121496873855058f,0.0017989551228306624f,0.0019659884442993778f,1.278193596164571f,0.0072788870953062025f,0.7806021297431367f,-0.04120439844872904f,0.007338487170002519f,-1.2775304539378158f,-0.40597986079281845f,0f,0f,0f,1f], start_interpolation: 0, interpolation_duration: 1 }
$data merge entity $(bone_body_1) { transformation: [-1.2362059274230792f,-0.004103334762851541f,0.019561766385447727f,-0.0024724928295164557f,0.00036876512022749214f,1.2051447475730075f,0.27609888892519663f,0.6352379545454546f,-0.019984095490688643f,0.27606864200279235f,-1.2049860314071708f,-0.144432669814748f,0f,0f,0f,1f], start_interpolation: 0, interpolation_duration: 1 }