# This file was generated by Animated Java via MC-Build. It is not recommended to edit this file directly.
$data merge entity $(bone_head_lower) { transformation: [-0.9951390245187745f,0.059461168550430724f,0.0785028108696719f,-0.3902668107171461f,0.09847214739366925f,0.5907019251949768f,0.8008585841199601f,0.35102186915096534f,0.0012482257414841436f,0.8046959705413999f,-0.5936858065735892f,0.7016809970958042f,0f,0f,0f,1f], start_interpolation: 0, interpolation_duration: 1 }
$data merge entity $(bone_head_upper) { transformation: [-1.0358397959803323f,0.029679318468596748f,0.09811726505651648f,-0.383157978002744f,0.10249961719200891f,0.2872566142273798f,0.9952132478226067f,0.42611133869640505f,0.0012992776542167862f,1.0000373584128592f,-0.2887828530915839f,0.7042290458826199f,0f,0f,0f,1f], start_interpolation: 0, interpolation_duration: 1 }
$data merge entity $(bone_neck_0) { transformation: [-0.9371780175242439f,0.05330772775999956f,0.34475447731740044f,-0.3614279658113777f,0.1847082129110328f,0.9141882865617622f,0.3607528971421873f,0.4345396236020695f,-0.2959395876738033f,0.40176866835821684f,-0.8666035411727353f,0.6417670027043111f,0f,0f,0f,1f], start_interpolation: 0, interpolation_duration: 1 }
$data merge entity $(bone_neck_1) { transformation: [-0.8663362704375961f,0.06272544742964206f,0.49550679588581603f,-0.31916306837752567f,0.1882312098503593f,0.9599364904658004f,0.20758358776760705f,0.45654698544008987f,-0.4626342812228105f,0.27310703490930627f,-0.8434346858651834f,0.571575184702726f,0f,0f,0f,1f], start_interpolation: 0, interpolation_duration: 1 }
$data merge entity $(bone_neck_2) { transformation: [-0.8663362704375961f,0.07268579091237798f,0.4941439489902903f,-0.2751607130447073f,0.1882312098503593f,0.9639200664241043f,0.18822092652842815f,0.4824739301612627f,-0.4626342812228105f,0.2560759288656238f,-0.8487606497081859f,0.499724529474466f,0f,0f,0f,1f], start_interpolation: 0, interpolation_duration: 1 }
$data merge entity $(bone_body_0) { transformation: [-0.8663362704375961f,0.20894307206958398f,0.4536565431671863f,-0.05936364152174644f,0.1882312098503593f,0.9779054754546043f,-0.09093895047873635f,0.44893051585724797f,-0.4626342812228105f,0.006608608781633468f,-0.8865245896913548f,0.08197177007954787f,0f,0f,0f,1f], start_interpolation: 0, interpolation_duration: 1 }
$data merge entity $(bone_leg_left_3) { transformation: [-0.9515744150873122f,-0.09200969492606155f,-0.2933263516816254f,0.27506490903290837f,-0.11046054227435793f,0.9927717387055578f,0.04693339352741735f,0.04391413728193963f,0.28688778494682277f,0.07706160436402582f,-0.9548596273699865f,-0.41089720531120183f,0f,0f,0f,1f], start_interpolation: 0, interpolation_duration: 1 }
$data merge entity $(bone_leg_left_2) { transformation: [-1.0246497703342927f,-0.010308481799650108f,-0.04526348260531559f,0.2696735531353161f,-0.024134609538678777f,0.9726035919781043f,0.3248414582444798f,0.28062823657427594f,0.03965562100120171f,0.32557362850048327f,-0.9718494963978396f,-0.3649794468312943f,0f,0f,0f,1f], start_interpolation: 0, interpolation_duration: 1 }
$data merge entity $(bone_leg_left_1) { transformation: [-0.9954115630819983f,-0.003238435183946408f,0.0956312324516013f,0.2835460929558311f,0.0928900836098793f,-0.2725392695066971f,0.957650133892178f,0.15394769791644636f,0.022961978346877167f,0.9621392098414431f,0.27158955877588914f,-0.11845768425432407f,0f,0f,0f,1f], start_interpolation: 0, interpolation_duration: 1 }
$data merge entity $(bone_leg_left_0) { transformation: [-0.9992197222805254f,0.03579407330348007f,-0.016695236505503086f,0.18277420831844135f,0.034762073794709074f,0.9976836059937443f,0.058472391406632004f,0.5449526700906149f,0.01874952882396755f,0.05784640565898852f,-0.9981494119224913f,-0.012309591637643613f,0f,0f,0f,1f], start_interpolation: 0, interpolation_duration: 1 }
$data merge entity $(bone_leg_right_3) { transformation: [-0.8782970664097621f,0.033548632293442335f,0.47693684320593766f,-0.3005727230404496f,0.05156996722785755f,0.9983628629178046f,0.024741310124623363f,0.062188343046228056f,-0.4753259950982311f,0.04632583747547897f,-0.8785892755810716f,-0.08137107831731119f,0f,0f,0f,1f], start_interpolation: 0, interpolation_duration: 1 }
$data merge entity $(bone_leg_right_2) { transformation: [-0.9051950128269098f,0.14740539024460952f,0.459299291509163f,-0.2506140353404769f,0.1386931114286183f,1.0149295140438728f,-0.05238799352534351f,0.29693275002501507f,-0.46200477172452853f,0.015872364354339655f,-0.9156210233793587f,-0.10525129987176551f,0f,0f,0f,1f], start_interpolation: 0, interpolation_duration: 1 }
$data merge entity $(bone_leg_right_1) { transformation: [-0.9248363590731515f,-0.35813684757769737f,-0.1281237969443063f,-0.3595321134388293f,-0.23072513813419804f,0.26041420815535515f,0.937523520144308f,0.31336138531241275f,-0.30239646090731936f,0.8966172196639595f,-0.32347170174962686f,0.1494648909479791f,0f,0f,0f,1f], start_interpolation: 0, interpolation_duration: 1 }
$data merge entity $(bone_leg_right_0) { transformation: [-0.9138295298047284f,0.2203398225857546f,0.3411245418314946f,-0.19453310805939714f,-0.20221858195247433f,0.481557110079043f,-0.8527663190144479f,0.5953699574959301f,-0.35216932798016265f,-0.8482647654566344f,-0.39550430100670475f,-0.11044619385462241f,0f,0f,0f,1f], start_interpolation: 0, interpolation_duration: 1 }
$data merge entity $(bone_tail_4) { transformation: [-2.161414528179779f,-1.0528401195531758f,-1.3584830700574209f,0.13666203100323804f,-0.9804229506258225f,2.5480080616925753f,-0.41483380652473384f,0.5640177429689923f,1.4116371371069611f,0.15761957939577045f,-2.3681423084205826f,-1.7582317240314906f,0f,0f,0f,1f], start_interpolation: 0, interpolation_duration: 1 }
$data merge entity $(bone_tail_3) { transformation: [-1.766395149867441f,-0.9520714391376535f,-0.5561957167648646f,0.2402890373080093f,-0.8478318971856394f,1.8443025679999578f,-0.4644078356658109f,0.6247162015882889f,0.7049643783084528f,-0.16749190574938624f,-1.9521570666493668f,-1.4255789859992927f,0f,0f,0f,1f], start_interpolation: 0, interpolation_duration: 1 }
$data merge entity $(bone_tail_2) { transformation: [-1.7973776876209782f,-0.7625700444280704f,-0.08181839882332079f,0.25398838126068984f,-0.7198232865668703f,1.7492634114343708f,-0.4906178029136651f,0.7158049521275974f,0.26469181921833224f,-0.42111556580199416f,-1.8898078727957859f,-1.074172310664867f,0f,0f,0f,1f], start_interpolation: 0, interpolation_duration: 1 }
$data merge entity $(bone_tail_1) { transformation: [-1.4818812559481842f,-0.26156295995759427f,0.15254183441815047f,0.225776165095039f,-0.26243799615127983f,1.4895505785961785f,0.004649944073937573f,0.6968468448982413f,-0.1510314253575503f,-0.02191213777822436f,-1.5047809198592517f,-0.7499481011614264f,0f,0f,0f,1f], start_interpolation: 0, interpolation_duration: 1 }
$data merge entity $(bone_tail_0) { transformation: [-1.1863372267951182f,-0.16165599381603726f,0.44755674563952785f,0.09108863473693667f,-0.028825950427970298f,1.2244037909601266f,0.36584168413184126f,0.6194864464028706f,-0.47498291073050186f,0.32945168527395197f,-1.1400388318685295f,-0.40885200148942197f,0f,0f,0f,1f], start_interpolation: 0, interpolation_duration: 1 }
$data merge entity $(bone_body_1) { transformation: [-1.1866741374351222f,0.10350154907755024f,0.33120464359275914f,0.0071166307111354314f,0.15856806493412404f,1.2114145738325126f,0.18956659554227717f,0.4938175f,-0.3086507012496595f,0.22442538782630925f,-1.1759985480319926f,-0.15056545469126892f,0f,0f,0f,1f], start_interpolation: 0, interpolation_duration: 1 }