# This file was generated by Animated Java via MC-Build. It is not recommended to edit this file directly.
$data merge entity $(bone_head_lower) { transformation: [-1f,-6.643638727671519e-17f,1.0287761793624934e-16f,-9.985502008591496e-17f,0f,0.8400595013017366f,0.5424942711888097f,0.35340973847538204f,-1.2246467991473532e-16f,0.5424942711888097f,-0.8400595013017366f,0.8157821052435896f,0f,0f,0f,1f], start_interpolation: 0, interpolation_duration: 1 }
$data merge entity $(bone_head_upper) { transformation: [-1.0408995833333334f,-8.642311610572231e-17f,9.370443668188532e-17f,-0.00032312500000009536f,0f,0.7651547919541046f,0.7056982973857724f,0.4192400685159432f,-1.2747343429629804e-16f,0.7056982973857724f,-0.7651547919541046f,0.7788806184336787f,0f,0f,0f,1f], start_interpolation: 0, interpolation_duration: 1 }
$data merge entity $(bone_neck_0) { transformation: [-1f,-1.5832239557837546e-18f,1.2245444552373103e-16f,-8.744153288527446e-17f,0f,0.9999164298554374f,0.01292800468580868f,0.4038454990390766f,-1.2246467991473532e-16f,0.01292800468580868f,-0.9999164298554374f,0.7140143014798607f,0f,0f,0f,1f], start_interpolation: 0, interpolation_duration: 1 }
$data merge entity $(bone_neck_1) { transformation: [-1f,-2.2823162538820786e-17f,1.2031916338782092e-16f,-7.73540640142276e-17f,0f,0.9824805280313622f,0.18636526510918222f,0.4241592480205034f,-1.2246467991473532e-16f,0.18636526510918222f,-0.9824805280313622f,0.6316438671793738f,0f,0f,0f,1f], start_interpolation: 0, interpolation_duration: 1 }
$data merge entity $(bone_neck_2) { transformation: [-1f,-1.7944829415596102e-17f,1.2114281210151815e-16f,-6.691673619854092e-17f,0f,0.9892061301745327f,0.1465306521691805f,0.446681378398655f,-1.2246467991473532e-16f,0.1465306521691805f,-0.9892061301745327f,0.5464166177965023f,0f,0f,0f,1f], start_interpolation: 0, interpolation_duration: 1 }
$data merge entity $(bone_body_0) { transformation: [-1f,-1.0279134263069154e-17f,1.2203252527674894e-16f,-9.501186260352495e-18f,0f,0.9964711895847257f,0.08393550099690691f,0.49573249893015f,-1.2246467991473532e-16f,0.08393550099690691f,-0.9964711895847257f,0.0775830734785539f,0f,0f,0f,1f], start_interpolation: 0, interpolation_duration: 1 }
$data merge entity $(bone_leg_left_3) { transformation: [-0.9899437569129672f,-0.12434545816653222f,0.06745046465662871f,0.2540498390840977f,-0.016408851795373585f,0.574527920044046f,0.8183204865287315f,0.19694008389605233f,-0.140506610989652f,0.80898447211502f,-0.5707906938142782f,-0.41224708162088175f,0f,0f,0f,1f], start_interpolation: 0, interpolation_duration: 1 }
$data merge entity $(bone_leg_left_2) { transformation: [-1.0151570486878219f,-0.09411534710864684f,0.11251963134824158f,0.2340141563199009f,-0.014343651116339227f,0.8466795930313779f,0.5787833151686108f,0.4121646121657365f,-0.14598844362749405f,0.571260157619568f,-0.8392922054590897f,-0.3052515400629271f,0f,0f,0f,1f], start_interpolation: 0, interpolation_duration: 1 }
$data merge entity $(bone_leg_left_1) { transformation: [-0.9375761470196818f,-0.16925622606399082f,0.3038145791075588f,0.19059175793717473f,0.3475270388734457f,-0.4892807488952083f,0.7998933091434124f,0.22989776301369014f,0.013263702031577848f,0.855544667857336f,0.5175590744149873f,-0.10054033695317395f,0f,0f,0f,1f], start_interpolation: 0, interpolation_duration: 1 }
$data merge entity $(bone_leg_left_0) { transformation: [-0.9561733076250296f,0.2900567395640019f,-0.03999617005303593f,0.19655375000000003f,0.29229871723973455f,0.9535848400434666f,-0.07236997125384298f,0.644184746728188f,0.017148343518145356f,-0.08088906398751994f,-0.9965755835067437f,-0.049178596914120964f,0f,0f,0f,1f], start_interpolation: 0, interpolation_duration: 1 }
$data merge entity $(bone_leg_right_3) { transformation: [-0.9759738698268517f,-0.03500244902199452f,0.2150577456816235f,-0.20596233762871702f,-0.016484945761628973f,0.9960454107776002f,0.0873028420620891f,0.032759348763524626f,-0.2172630939171109f,0.0816600773410398f,-0.9726913075535423f,0.07082443165025848f,0f,0f,0f,1f], start_interpolation: 0, interpolation_duration: 1 }
$data merge entity $(bone_leg_right_2) { transformation: [-1.0017214806777002f,0.10674349279358265f,0.19293030191184707f,-0.17356412500057938f,-0.01612469340291192f,0.8596234187631591f,-0.5593297521831778f,0.21587554040531215f,-0.2199005887036963f,-0.5492864500066057f,-0.8378486297820166f,-0.08276556881567598f,0f,0f,0f,1f], start_interpolation: 0, interpolation_duration: 1 }
$data merge entity $(bone_leg_right_1) { transformation: [-0.9433802738426258f,-0.1442057260039619f,-0.2987279155222734f,-0.2156849136835471f,-0.33077851022087446f,0.4765184341840101f,0.8145647666446653f,0.2955415863994637f,0.024884455000485136f,0.8672571074776436f,-0.4972382461444808f,0.17970832690759037f,0f,0f,0f,1f], start_interpolation: 0, interpolation_duration: 1 }
$data merge entity $(bone_leg_right_0) { transformation: [-0.9561733076250295f,-0.18787667921909096f,0.2245772900161934f,-0.19655374999999997f,-0.29229871723973455f,0.657398066610835f,-0.6945424694835747f,0.644184746728188f,-0.017148343518145565f,-0.7297466241250748f,-0.6835025961125829f,-0.04917859691412102f,0f,0f,0f,1f], start_interpolation: 0, interpolation_duration: 1 }
$data merge entity $(bone_tail_4) { transformation: [-2.7375473547596023f,-0.2748710490223826f,0.23652001703457615f,0.05752878781218866f,-0.22010734576349367f,2.6909430841549016f,0.5796890595654355f,0.7864931794579054f,-0.2881814851610893f,0.5558170165155468f,-2.6895501868085874f,-1.8064808698856856f,0f,0f,0f,1f], start_interpolation: 0, interpolation_duration: 1 }
$data merge entity $(bone_tail_3) { transformation: [-2.0710797516262325f,-0.1507765601562951f,0.1544040716940517f,0.03282303013099373f,-0.14614118165375195f,2.0760760836701855f,0.06705502130307747f,0.7548070914736025f,-0.15879843662049012f,0.05585740563744615f,-2.0754779046780496f,-1.4551031232931975f,0f,0f,0f,1f], start_interpolation: 0, interpolation_duration: 1 }
$data merge entity $(bone_tail_2) { transformation: [-1.9515306688630496f,-0.07197389511475108f,0.07156592703043427f,0.018058904617196714f,-0.07897894160496394f,1.9422670506145028f,-0.2003369808172645f,0.7924530661166541f,-0.0637514727098467f,-0.20295895526442817f,-1.9425543202721705f,-1.0940819533320327f,0f,0f,0f,1f], start_interpolation: 0, interpolation_duration: 1 }
$data merge entity $(bone_tail_1) { transformation: [-1.5112289997074255f,0.0008173202661193052f,0.0619878409922192f,0.006153607661670323f,0.000223025221287835f,1.5124304354166054f,-0.014504422956078558f,0.7770861433937339f,-0.06199282783552248f,-0.01448309404515284f,-1.511159614098999f,-0.7686609973546147f,0f,0f,0f,1f], start_interpolation: 0, interpolation_duration: 1 }
$data merge entity $(bone_tail_0) { transformation: [-1.2780404666965692f,0.001065176764333972f,0.021145861734725113f,4.8287147783920186e-17f,0.0037427660916639054f,1.2678588233605486f,0.1623444249514475f,0.7602410210873918f,-0.020839236359005087f,0.16238406944430786f,-1.2676879966311536f,-0.3942944840711589f,0f,0f,0f,1f], start_interpolation: 0, interpolation_duration: 1 }
$data merge entity $(bone_body_1) { transformation: [-1.2363675f,-5.0864931431980894e-17f,1.4261190589496611e-16f,1.8557991432579204e-17f,0f,1.1645145848930325f,0.4153436849497752f,0.5852411111111111f,-1.5141135014448153e-16f,0.4153436849497752f,-1.1645145848930325f,-0.1515375f,0f,0f,0f,1f], start_interpolation: 0, interpolation_duration: 1 }