# This file was generated by Animated Java via MC-Build. It is not recommended to edit this file directly.
$data merge entity $(bone_head_lower) { transformation: [-1f,-8.283554700241231e-17f,9.019905753071762e-17f,-9.990923019453923e-17f,0f,0.7365311989833947f,0.6764035725246306f,0.3547489810957711f,-1.2246467991473532e-16f,0.6764035725246306f,-0.7365311989833947f,0.815816177436595f,0f,0f,0f,1f], start_interpolation: 0, interpolation_duration: 1 }
$data merge entity $(bone_head_upper) { transformation: [-1.0408995833333334f,-8.65453983538137e-17f,9.359150856286216e-17f,-0.0003231250000000954f,0f,0.7642326638833683f,0.7066968077168864f,0.4206274396658799f,-1.2747343429629804e-16f,0.7066968077168864f,-0.7642326638833683f,0.7790006809920582f,0f,0f,0f,1f], start_interpolation: 0, interpolation_duration: 1 }
$data merge entity $(bone_neck_0) { transformation: [-1f,-2.222786294041235e-18f,1.2244450599234573e-16f,-8.744649772086283e-17f,0f,0.9998352674223817f,0.018150427499494803f,0.4055718792586571f,-1.2246467991473532e-16f,0.018150427499494803f,-0.9998352674223817f,0.7140548424390322f,0f,0f,0f,1f], start_interpolation: 0, interpolation_duration: 1 }
$data merge entity $(bone_neck_1) { transformation: [-1f,-2.3451282506559453e-17f,1.2019831602570857e-16f,-7.737215987768489e-17f,0f,0.9814937344334329f,0.19149425387701302f,0.4263155748719403f,-1.2246467991473532e-16f,0.19149425387701302f,-0.9814937344334329f,0.6317916311180857f,0f,0f,0f,1f], start_interpolation: 0, interpolation_duration: 1 }
$data merge entity $(bone_neck_2) { transformation: [-1f,-1.8735361472012817e-17f,1.2102307241650904e-16f,-6.695306195936749e-17f,0f,0.9882283814465528f,0.15298583628403808f,0.44939365502129436f,-1.2246467991473532e-16f,0.15298583628403808f,-0.9882283814465528f,0.5467132401438751f,0f,0f,0f,1f], start_interpolation: 0, interpolation_duration: 1 }
$data merge entity $(bone_body_0) { transformation: [-1f,-1.0119779763484304e-17f,1.2204584337107573e-16f,-9.529717202464031e-18f,0f,0.9965799400778151f,0.08263427275954255f,0.49783254754851014f,-1.2246467991473532e-16f,0.08263427275954255f,-0.9965799400778151f,0.07781604630085176f,0f,0f,0f,1f], start_interpolation: 0, interpolation_duration: 1 }
$data merge entity $(bone_leg_left_3) { transformation: [-0.9740277649497449f,0.034120545089390164f,-0.2238430287272919f,0.20343645591542758f,0.02334992655500701f,0.9984465448892905f,0.0505893064640518f,0.02866291402378235f,0.22522143334256647f,0.044048670824905434f,-0.9733113687621648f,0.07258056836248561f,0f,0f,0f,1f], start_interpolation: 0, interpolation_duration: 1 }
$data merge entity $(bone_leg_left_2) { transformation: [-0.9997519556260915f,-0.1103724275170629f,-0.20093818444111167f,0.1699479199120964f,0.023094544476881994f,0.8459467509406321f,-0.5795713382225589f,0.20797635145600266f,0.22808960681693682f,-0.5694332457081104f,-0.8220602833400457f,-0.0852049860416183f,0f,0f,0f,1f], start_interpolation: 0, interpolation_duration: 1 }
$data merge entity $(bone_leg_left_1) { transformation: [-0.94315928047991f,0.15231609255557552f,0.2953817523023716f,0.214445108466315f,0.33139588790864594f,0.49801570846303744f,0.8013470656346722f,0.2941712569146229f,-0.02504669882156952f,0.8536862199149406f,-0.5201850639969215f,0.17480236797652376f,0f,0f,0f,1f], start_interpolation: 0, interpolation_duration: 1 }
$data merge entity $(bone_leg_left_0) { transformation: [-0.9561733076250295f,0.19171115487188103f,-0.22131298850971273f,0.19655375000000003f,0.2923425038463321f,0.6673684696200106f,-0.6849490391276583f,0.6459532476279848f,0.016384939129209353f,-0.7196291814919228f,-0.6941652360317372f,-0.04933287884205917f,0f,0f,0f,1f], start_interpolation: 0, interpolation_duration: 1 }
$data merge entity $(bone_leg_right_3) { transformation: [-0.9934001934262117f,0.10180543279634335f,-0.052836630796390796f,-0.24530730982174984f,0.02794792599145968f,0.6616093444252937f,0.7493276912018589f,0.17162931283300312f,0.11124283857193132f,0.742905599132408f,-0.6600881014259968f,-0.39648725654054784f,0f,0f,0f,1f], start_interpolation: 0, interpolation_duration: 1 }
$data merge entity $(bone_leg_right_2) { transformation: [-1.018759523783944f,0.0802357216121963f,-0.08805374028157921f,-0.22774525318690791f,0.026342913697093937f,0.8911207071905628f,0.5072200071121333f,0.39498275813172967f,0.11617780811391268f,0.5015259850638404f,-0.8871508342487683f,-0.3071794477780495f,0f,0f,0f,1f], start_interpolation: 0, interpolation_duration: 1 }
$data merge entity $(bone_leg_right_1) { transformation: [-0.937650315915057f,0.14448659239481024f,-0.31612578142652265f,-0.19040052733696375f,-0.34742079241392304f,-0.4171245018905909f,0.8398249477843629f,0.23020279800289323f,-0.010520364198800128f,0.8972907970890274f,0.441314567396616f,-0.08702876789970532f,0f,0f,0f,1f], start_interpolation: 0, interpolation_duration: 1 }
$data merge entity $(bone_leg_right_0) { transformation: [-0.9561733076250295f,-0.2886501217964008f,0.049129552942537985f,-0.19655374999999997f,-0.29234250384633215f,0.9505296272073682f,-0.10502041823321268f,0.6459532476279848f,-0.01638493912920956f,-0.11478037719028744f,-0.9932557569839641f,-0.049332878842059225f,0f,0f,0f,1f], start_interpolation: 0, interpolation_duration: 1 }
$data merge entity $(bone_tail_4) { transformation: [-2.739003118208739f,0.2977933017308755f,-0.18666118902178816f,-0.05584125588523805f,0.24321652733015905f,2.664746261883999f,0.6823740998958797f,0.6851223735650719f,0.25371040750482027f,0.6603846158258669f,-2.6693041265289086f,-1.784990593148388f,0f,0f,0f,1f], start_interpolation: 0, interpolation_duration: 1 }
$data merge entity $(bone_tail_3) { transformation: [-2.0717511661884607f,0.1590098720295247f,-0.13604591885959472f,-0.034328931935602026f,0.16099331266007524f,2.0759056141839785f,-0.02534877359200457f,0.6691062226711088f,0.13369287460419313f,-0.03573888136242701f,-2.07768969619707f,-1.4323414668718675f,0f,0f,0f,1f], start_interpolation: 0, interpolation_duration: 1 }
$data merge entity $(bone_tail_2) { transformation: [-1.9519431662432862f,0.04902534168142494f,-0.07929859161379087f,-0.021019185843046052f,0.07350195899221064f,1.8317506329207844f,-0.6768020063662559f,0.7954124584384168f,0.05735165894042319f,-0.6790139981400248f,-1.8315088458834852f,-1.0919871376289658f,0f,0f,0f,1f], start_interpolation: 0, interpolation_duration: 1 }
$data merge entity $(bone_tail_1) { transformation: [-1.5112163285037234f,-0.009052608775096074f,-0.06164015524064893f,-0.006200479749269145f,-0.0031645195096042774f,1.5056699028018738f,-0.14354225723761435f,0.8078989148668092f,0.062220931204857256f,-0.14329146545053265f,-1.5044109683357934f,-0.7665625359861332f,0f,0f,0f,1f], start_interpolation: 0, interpolation_duration: 1 }
$data merge entity $(bone_tail_0) { transformation: [-1.2780404666965692f,0.0006878225941652072f,-0.02116149735066803f,4.8343014839791403e-17f,-0.0036883311059513996f,1.2507746988214923f,0.2634098813364564f,0.7611078468671912f,0.020848939630020654f,0.26343480459520174f,-1.2506011122768999f,-0.39475067320185453f,0f,0f,0f,1f], start_interpolation: 0, interpolation_duration: 1 }
$data merge entity $(bone_body_1) { transformation: [-1.2363675f,-5.049232317659423e-17f,1.4274425471032155e-16f,1.8557991432579204e-17f,0f,1.1655952949838733f,0.41230110764792716f,0.5867425f,-1.5141135014448153e-16f,0.41230110764792716f,-1.1655952949838733f,-0.1515375f,0f,0f,0f,1f], start_interpolation: 0, interpolation_duration: 1 }