# This file was generated by Animated Java via MC-Build. It is not recommended to edit this file directly.
$data merge entity $(bone_head_lower) { transformation: [-1f,-8.282650910763073e-17f,9.020735677128633e-17f,-9.974659986866641e-17f,0f,0.7365989674254831f,0.6763297725131668f,0.3823289240324253f,-1.2246467991473532e-16f,0.6763297725131668f,-0.7365989674254831f,0.8146873413595388f,0f,0f,0f,1f], start_interpolation: 0, interpolation_duration: 1 }
$data merge entity $(bone_head_upper) { transformation: [-1.0408995833333334f,-8.874234294212374e-17f,9.151105408875539e-17f,-0.00032312500000009547f,0f,0.7472444638933361f,0.7246362216755852f,0.4490626129987889f,-1.2747343429629804e-16f,0.7246362216755852f,-0.7472444638933361f,0.779445791464963f,0f,0f,0f,1f], start_interpolation: 0, interpolation_duration: 1 }
$data merge entity $(bone_neck_0) { transformation: [-1f,-1.3820921049865113e-17f,1.216822911024935e-16f,-8.73620348027949e-17f,0f,0.9936113105200084f,0.11285638487348165f,0.4402319438594829f,-1.2246467991473532e-16f,0.11285638487348165f,-0.9936113105200084f,0.7133651503733136f,0f,0f,0f,1f], start_interpolation: 0, interpolation_duration: 1 }
$data merge entity $(bone_neck_1) { transformation: [-1f,-3.474085830796172e-17f,1.1743368592803645e-16f,-7.75739070791799e-17f,0f,0.9589188165093671f,0.28368063618138434f,0.4686810361752026f,-1.2246467991473532e-16f,0.28368063618138434f,-0.9589188165093671f,0.6334390220363117f,0f,0f,0f,1f], start_interpolation: 0, interpolation_duration: 1 }
$data merge entity $(bone_neck_2) { transformation: [-1f,-3.293317975437656e-17f,1.179533954487301e-16f,-6.756274140043796e-17f,0f,0.9631625667976582f,0.2689198206152657f,0.5016703928653079f,-1.2246467991473532e-16f,0.2689198206152657f,-0.9631625667976582f,0.5516916505842971f,0f,0f,0f,1f], start_interpolation: 0, interpolation_duration: 1 }
$data merge entity $(bone_body_0) { transformation: [-1f,-7.220262621883027e-18f,1.222516487998817e-16f,-1.0014779791538431e-17f,0f,0.9982604689368237f,0.05895791853545085f,0.5389667175710807f,-1.2246467991473532e-16f,0.05895791853545085f,-0.9982604689368237f,0.08177688292257904f,0f,0f,0f,1f], start_interpolation: 0, interpolation_duration: 1 }
$data merge entity $(bone_leg_left_3) { transformation: [-0.980111663511183f,0.004160927593843455f,-0.19840315957892546f,0.18967034758073653f,0.014629305632911593f,0.9985747671219352f,-0.051326580677774236f,0.031938836253155495f,0.19790682268694196f,-0.053208280830449706f,-0.9787756476256586f,-0.021789810697781326f,0f,0f,0f,1f], start_interpolation: 0, interpolation_duration: 1 }
$data merge entity $(bone_leg_left_2) { transformation: [-1.005911904636577f,-0.08515176949189693f,-0.18152855357630923f,0.1626509984652374f,0.014427136533372223f,0.8954669064639138f,-0.4999930766121568f,0.22524122833472224f,0.19998824301082205f,-0.4928999848661405f,-0.8769928774380653f,-0.1634768321744665f,0f,0f,0f,1f], start_interpolation: 0, interpolation_duration: 1 }
$data merge entity $(bone_leg_left_1) { transformation: [-0.940395627040569f,0.12952042963220567f,0.31445273563902043f,0.19988882444212655f,0.33876678254309717f,0.4380182083697573f,0.8326926901215994f,0.2933274375897272f,-0.029885308905426008f,0.8895867059733059f,-0.4557876269351665f,0.10296452738812888f,0f,0f,0f,1f], start_interpolation: 0, interpolation_duration: 1 }
$data merge entity $(bone_leg_left_0) { transformation: [-0.9561733076250295f,0.23985045043235106f,-0.16794155892097976f,0.19655375000000003f,0.2927906916144118f,0.7881125251196927f,-0.5414353688607868f,0.6808866722667563f,0.0024933289724851787f,-0.5668777726960725f,-0.8237981391905271f,-0.052257879046876635f,0f,0f,0f,1f], start_interpolation: 0, interpolation_duration: 1 }
$data merge entity $(bone_leg_right_3) { transformation: [-0.9873635904284682f,0.009944264084128913f,0.15815894507750394f,-0.19612939554141762f,0.009907918101177469f,0.9999503968819392f,-0.0010182998343532534f,0.04332240064535292f,-0.15816122614314868f,0.0005615936942168775f,-0.9874131410698452f,-0.05026387875358104f,0f,0f,0f,1f], start_interpolation: 0, interpolation_duration: 1 }
$data merge entity $(bone_leg_right_2) { transformation: [-1.0132292839147465f,0.05469598452240789f,0.14978974262421635f,-0.17717876507995825f,0.010053263291588998f,0.9834707636931903f,-0.29111232945139465f,0.26355573640238483f,-0.15914631511754995f,-0.28610453638233657f,-0.972048786916916f,-0.14674819609302886f,0f,0f,0f,1f], start_interpolation: 0, interpolation_duration: 1 }
$data merge entity $(bone_leg_right_1) { transformation: [-0.9410479506717464f,-0.09017817843868596f,-0.32603167126827876f,-0.2031274189609678f,-0.33666273449661993f,0.34360962567799025f,0.8766930068973348f,0.30370237563952435f,0.03296904211172673f,0.9347728714906697f,-0.35371276622045067f,0.12661657921551778f,0f,0f,0f,1f], start_interpolation: 0, interpolation_duration: 1 }
$data merge entity $(bone_leg_right_0) { transformation: [-0.9561733076250296f,-0.22844893681845677f,0.18314936268501555f,-0.19655374999999997f,-0.2927906916144118f,0.7513233221699672f,-0.5914278286210739f,0.6808866722667563f,-0.0024933289724854424f,-0.6191319316833859f,-0.7852830282647362f,-0.052257879046876676f,0f,0f,0f,1f], start_interpolation: 0, interpolation_duration: 1 }
$data merge entity $(bone_tail_4) { transformation: [-2.5184807770241933f,0.9358271122979176f,-0.6380779915086842f,-0.1862605677825696f,0.8177808810531922f,2.578702040503821f,0.5542486341753935f,0.6442402990097733f,0.7836774450904405f,0.3165197210120803f,-2.628940140031141f,-1.7788952937254925f,0f,0f,0f,1f], start_interpolation: 0, interpolation_duration: 1 }
$data merge entity $(bone_tail_3) { transformation: [-1.9682931895676223f,0.49619263940091773f,-0.46428473004236354f,-0.11239066932396378f,0.5378193168192811f,2.007105593539546f,-0.1349927586307879f,0.6474889783950036f,0.41535265546545047f,-0.2475187407673596f,-2.0253795127361154f,-1.4330436093017602f,0f,0f,0f,1f], start_interpolation: 0, interpolation_duration: 1 }
$data merge entity $(bone_tail_2) { transformation: [-1.9296992060435068f,0.16839638129671078f,-0.2582198829757473f,-0.06577499308658152f,0.2522723083043995f,1.8033808996225005f,-0.7091895997138468f,0.7799414372074251f,0.17718219905116275f,-0.7336442357476062f,-1.802538897970438f,-1.0979991214309464f,0f,0f,0f,1f], start_interpolation: 0, interpolation_duration: 1 }
$data merge entity $(bone_tail_1) { transformation: [-1.4986169300758598f,-0.026649847854093262f,-0.20271490448252671f,-0.02039550397287808f,0.0005146870481285273f,1.4991003089925936f,-0.2008836695093778f,0.8048439172841281f,0.2044585092072442f,-0.19910876220715176f,-1.4853311646986633f,-0.776133861651894f,0f,0f,0f,1f], start_interpolation: 0, interpolation_duration: 1 }
$data merge entity $(bone_tail_0) { transformation: [-1.2763150229077764f,0.0015632359845555329f,-0.06966516473250138f,4.9322795775397664e-17f,-0.008878921779653657f,1.2638296401356068f,0.19102754263917215f,0.779519689963175f,0.06911471357085086f,0.1912273871389413f,-1.2619393643753491f,-0.4027511916883963f,0f,0f,0f,1f], start_interpolation: 0, interpolation_duration: 1 }
$data merge entity $(bone_body_1) { transformation: [-1.2363675f,-4.366149043538801e-17f,1.4497955443970474e-16f,1.8557991432579204e-17f,0f,1.1838479024372182f,0.356523125408786f,0.6168925000000001f,-1.5141135014448153e-16f,0.356523125408786f,-1.1838479024372182f,-0.1515375f,0f,0f,0f,1f], start_interpolation: 0, interpolation_duration: 1 }