# This file was generated by Animated Java via MC-Build. It is not recommended to edit this file directly.
$data merge entity $(bone_head_lower) { transformation: [-1f,-8.072797311521199e-17f,9.209013075964321e-17f,-9.947554932554503e-17f,0f,0.7519729837513963f,0.6591939257214241f,0.40866786101592134f,-1.2246467991473532e-16f,0.6591939257214241f,-0.7519729837513963f,0.8122071125979522f,0f,0f,0f,1f], start_interpolation: 0, interpolation_duration: 1 }
$data merge entity $(bone_head_upper) { transformation: [-1.0408995833333334f,-9.013732981205014e-17f,9.013732981205016e-17f,-0.00032312500000009525f,0f,0.736027153909252f,0.7360271539092518f,0.4759349291101976f,-1.2747343429629804e-16f,0.7360271539092518f,-0.736027153909252f,0.7779946348737177f,0f,0f,0f,1f], start_interpolation: 0, interpolation_duration: 1 }
$data merge entity $(bone_neck_0) { transformation: [-1f,-2.12657684957577e-17f,1.2060416625018976e-16f,-8.713318911664012e-17f,0f,0.984807753012208f,0.17364817766693033f,0.47117806952254937f,-1.2246467991473532e-16f,0.17364817766693033f,-0.984807753012208f,0.711496483535544f,0f,0f,0f,1f], start_interpolation: 0, interpolation_duration: 1 }
$data merge entity $(bone_neck_1) { transformation: [-1f,-4.1885387376769905e-17f,1.1507915602278503e-16f,-7.757743493155879e-17f,0f,0.9396926207859084f,0.3420201433256687f,0.5044807111189977f,-1.2246467991473532e-16f,0.3420201433256687f,-0.9396926207859084f,0.6334678291371132f,0f,0f,0f,1f], start_interpolation: 0, interpolation_duration: 1 }
$data merge entity $(bone_neck_2) { transformation: [-1f,-4.1885387376769905e-17f,1.1507915602278503e-16f,-6.790572189107833e-17f,0f,0.9396926207859084f,0.3420201433256687f,0.5436444188907833f,-1.2246467991473532e-16f,0.3420201433256687f,-0.9396926207859084f,0.5544922988273595f,0f,0f,0f,1f], start_interpolation: 0, interpolation_duration: 1 }
$data merge entity $(bone_body_0) { transformation: [-1f,-5.341834311772722e-18f,1.2234812067540777e-16f,-1.0294399071323717e-17f,0f,0.9990482215818578f,0.04361938736533602f,0.5737192557042077f,-1.2246467991473532e-16f,0.04361938736533602f,-0.9990482215818578f,0.08406014761554986f,0f,0f,0f,1f], start_interpolation: 0, interpolation_duration: 1 }
$data merge entity $(bone_leg_left_3) { transformation: [-0.9899284021806882f,-0.014570495264163888f,-0.14081711268076055f,0.18911519576504307f,-0.012840038751745275f,0.9998305708712685f,-0.013189501737642717f,0.059761371017185455f,0.14098543173265374f,-0.011248565196974314f,-0.989947765197824f,-0.14980111770805032f,0f,0f,0f,1f], start_interpolation: 0, interpolation_duration: 1 }
$data merge entity $(bone_leg_left_2) { transformation: [-1.0158061331467274f,-0.05552303609108309f,-0.13083306854696658f,0.1705536292542501f,-0.01312918600185126f,0.9768152733954574f,-0.3126047754545364f,0.27777433688043746f,0.14151934085882328f,-0.30791445829204034f,-0.9681028674879015f,-0.25127469569852806f,0f,0f,0f,1f], start_interpolation: 0, interpolation_duration: 1 }
$data merge entity $(bone_leg_left_1) { transformation: [-0.938567781532621f,0.07622693826617725f,0.33657090389916144f,0.19210381166151339f,0.343922920744244f,0.2869255719995679f,0.8940865398379898f,0.3014546112016654f,-0.028417319642827954f,0.9549152685004493f,-0.2955152888245077f,0.024384913069333866f,0f,0f,0f,1f], start_interpolation: 0, interpolation_duration: 1 }
$data merge entity $(bone_leg_left_0) { transformation: [-0.9561733076250295f,0.2720523024795643f,-0.10825964391673522f,0.19655375000000003f,0.29272914385181026f,0.8799879650769905f,-0.3740732945018178f,0.7114556541873795f,-0.006500317315088183f,-0.3893696521754426f,-0.9210586408256416f,-0.05427016536723839f,0f,0f,0f,1f], start_interpolation: 0, interpolation_duration: 1 }
$data merge entity $(bone_leg_right_3) { transformation: [-0.9425442495519148f,0.06371740418925707f,0.32794882228786987f,-0.20833967976759316f,-0.1453502646130224f,0.8056549045012348f,-0.5742764799554575f,0.13196131040756762f,-0.3008049836913319f,-0.588948441934003f,-0.7501040558015724f,0.2703895492584262f,0f,0f,0f,1f], start_interpolation: 0, interpolation_duration: 1 }
$data merge entity $(bone_leg_right_2) { transformation: [-0.9677921404127195f,0.1598727474380494f,0.2998020631728061f,-0.16030693614797678f,-0.1473598789580983f,0.6179992842641238f,-0.8052478812286189f,0.25135889084967483f,-0.30614643314844653f,-0.8028572655063508f,-0.5601399576845445f,0.06640880165964322f,0f,0f,0f,1f], start_interpolation: 0, interpolation_duration: 1 }
$data merge entity $(bone_leg_right_1) { transformation: [-0.9462152132140085f,-0.23817578732185765f,-0.21897274856927218f,-0.23224282848932992f,-0.31828493644616096f,0.8067212274386314f,0.49789111302710704f,0.43777471732569906f,0.058064356655626814f,0.540807873032116f,-0.8391396635558632f,0.2589906094507213f,0f,0f,0f,1f], start_interpolation: 0, interpolation_duration: 1 }
$data merge entity $(bone_leg_right_0) { transformation: [-0.9561733076250295f,-0.13881619681343926f,0.25780354785701287f,-0.19655374999999997f,-0.29272914385181026f,0.43366021183841374f,-0.852202129197087f,0.7114556541873795f,0.006500317315087975f,-0.8903195404856141f,-0.4552898655848694f,-0.05427016536723844f,0f,0f,0f,1f], start_interpolation: 0, interpolation_duration: 1 }
$data merge entity $(bone_tail_4) { transformation: [-2.2049988720965255f,1.3304325787484244f,-0.9967900777284403f,-0.2852349681691555f,1.2223478871752294f,2.419741834200233f,0.52571516065218f,0.6392053262165119f,1.1267239894363237f,-0.021446231046798027f,-2.5210502657429466f,-1.765024070971405f,0f,0f,0f,1f], start_interpolation: 0, interpolation_duration: 1 }
$data merge entity $(bone_tail_3) { transformation: [-1.8204867713714137f,0.7039720745930221f,-0.7253942097227736f,-0.1691238359232451f,0.8075546527056698f,1.9116465977167578f,-0.17148846718019814f,0.6495764703201932f,0.6079711540850896f,-0.4312494981742996f,-1.9443097675445913f,-1.4311208697688422f,0f,0f,0f,1f], start_interpolation: 0, interpolation_duration: 1 }
$data merge entity $(bone_tail_2) { transformation: [-1.8965224370652236f,0.2712068296400877f,-0.3852575453739148f,-0.09884313927433913f,0.39467918630614063f,1.787197401701702f,-0.6847829307526472f,0.7775932338237654f,0.25730305207611576f,-0.7423921995212736f,-1.789252032689933f,-1.0984892177725905f,0f,0f,0f,1f], start_interpolation: 0, interpolation_duration: 1 }
$data merge entity $(bone_tail_1) { transformation: [-1.480604066897857f,-0.033233825591892474f,-0.3071861974797274f,-0.03091932015356324f,0.012957052320017924f,1.4957242262961572f,-0.22427082660466277f,0.8075577512133967f,0.30870691906839853f,-0.22217290948108417f,-1.4638973619800015f,-0.7810539338287876f,0f,0f,0f,1f], start_interpolation: 0, interpolation_duration: 1 }
$data merge entity $(bone_tail_0) { transformation: [-1.2738343251313928f,0.0007998152635665623f,-0.10574114145696054f,4.9919964405814774e-17f,-0.010268035967035339f,1.2712035014039267f,0.13331144751972532f,0.7992774527409883f,0.10524445894419547f,0.1337039075643228f,-1.266839605296425f,-0.4076274436071771f,0f,0f,0f,1f], start_interpolation: 0, interpolation_duration: 1 }
$data merge entity $(bone_body_1) { transformation: [-1.2363675f,-3.9188141062078126e-17f,1.4625213349785177e-16f,1.8557991432579204e-17f,0f,1.1942392990344497f,0.3199954557457908f,0.6444425f,-1.5141135014448153e-16f,0.3199954557457908f,-1.1942392990344497f,-0.1515375f,0f,0f,0f,1f], start_interpolation: 0, interpolation_duration: 1 }