# This file was generated by Animated Java via MC-Build. It is not recommended to edit this file directly.
$data merge entity $(bone_head_lower) { transformation: [-1f,-6.81005961818672e-17f,1.0178362651376118e-16f,-9.990923019453923e-17f,0f,0.8311263834162381f,0.5560835681706879f,0.3620564440123196f,-1.2246467991473532e-16f,0.5560835681706879f,-0.8311263834162381f,0.8158314545673307f,0f,0f,0f,1f], start_interpolation: 0, interpolation_duration: 1 }
$data merge entity $(bone_head_upper) { transformation: [-1.0408995833333334f,-8.717743981044278e-17f,9.300306682786991e-17f,-0.00032312500000009547f,0f,0.759427672473584f,0.7118578178715619f,0.42818279421369576f,-1.2747343429629804e-16f,0.7118578178715619f,-0.759427672473584f,0.7794630906905188f,0f,0f,0f,1f], start_interpolation: 0, interpolation_duration: 1 }
$data merge entity $(bone_neck_0) { transformation: [-1f,-5.539547392875115e-18f,1.2233932826896125e-16f,-8.745609031381541e-17f,0f,0.9989764261347733f,0.04523383719070645f,0.4148924384629252f,-1.2246467991473532e-16f,0.04523383719070645f,-0.9989764261347733f,0.7141331719047953f,0f,0f,0f,1f], start_interpolation: 0, interpolation_duration: 1 }
$data merge entity $(bone_neck_1) { transformation: [-1f,-2.6699390631583473e-17f,1.1951878666770628e-16f,-7.745428115420156e-17f,0f,0.9759449561369035f,0.2180170694944259f,0.43785740214294333f,-1.2246467991473532e-16f,0.2180170694944259f,-0.9759449561369035f,0.6324622022294775f,0f,0f,0f,1f], start_interpolation: 0, interpolation_duration: 1 }
$data merge entity $(bone_neck_2) { transformation: [-1f,-2.2823162538820777e-17f,1.203191633878209e-16f,-6.713687307343468e-17f,0f,0.9824805280313621f,0.1863652651091821f,0.4638034955257531f,-1.2246467991473532e-16f,0.1863652651091821f,-0.9824805280313621f,0.5482141717936795f,0f,0f,0f,1f], start_interpolation: 0, interpolation_duration: 1 }
$data merge entity $(bone_body_0) { transformation: [-1f,-9.2927588020655e-18f,1.221115983863335e-16f,-9.67465981598782e-18f,0f,0.997116870524239f,0.07588113412402236f,0.5090647740719834f,-1.2246467991473532e-16f,0.07588113412402236f,-0.997116870524239f,0.0789995925578191f,0f,0f,0f,1f], start_interpolation: 0, interpolation_duration: 1 }
$data merge entity $(bone_leg_left_3) { transformation: [-0.9959694252894096f,-0.0851591871426993f,0.028157001507229218f,0.2375900097892491f,-0.04070949360000655f,0.7089206332271522f,0.7041124007682618f,0.14540210790297273f,-0.07992271904480246f,0.7001281658596581f,-0.7095300630350183f,-0.32248888515887997f,0f,0f,0f,1f], start_interpolation: 0, interpolation_duration: 1 }
$data merge entity $(bone_leg_left_2) { transformation: [-1.021457870013119f,-0.0691504172148848f,0.06248391063277076f,0.22181751309173844f,-0.03969899937169985f,0.9449916900915754f,0.39683358553359455f,0.37788064589532555f,-0.08432086774839612f,0.39277363068002696f,-0.9437590083306658f,-0.26023111627112716f,0f,0f,0f,1f], start_interpolation: 0, interpolation_duration: 1 }
$data merge entity $(bone_leg_left_1) { transformation: [-0.9382328236305658f,-0.11840264095969358f,0.3251153384200531f,0.19109381033635667f,0.3459932431086944f,-0.31344646617111593f,0.8843302485881437f,0.23893480440973164f,-0.002800782987586447f,0.9421953764791089f,0.3350522767510274f,-0.02198021305641777f,0f,0f,0f,1f], start_interpolation: 0, interpolation_duration: 1 }
$data merge entity $(bone_leg_left_0) { transformation: [-0.9561733076250296f,0.2780355018034139f,-0.09180885318058603f,0.19655375000000003f,0.29253766264365544f,0.9204395565701948f,-0.2592541969493455f,0.6554492001351164f,0.012422629367304386f,-0.2747494903321697f,-0.9614355911041651f,-0.050144477237113266f,0f,0f,0f,1f], start_interpolation: 0, interpolation_duration: 1 }
$data merge entity $(bone_leg_right_3) { transformation: [-0.9783062281540603f,-0.025109079281234625f,0.20563671387333668f,-0.1998384486145075f,-0.013210169573217807f,0.9981685778613086f,0.059033732646514736f,0.03013005668737634f,-0.20674238891630983f,0.055036572458521116f,-0.9768462316645312f,0.035572132936516454f,0f,0f,0f,1f], start_interpolation: 0, interpolation_duration: 1 }
$data merge entity $(bone_leg_right_2) { transformation: [-1.0040834447235532f,0.09694405588123296f,0.1856892176785567f,-0.1699445881393557f,-0.012873354610515277f,0.878968037591034f,-0.5284994466743872f,0.2187032013676765f,-0.20907633121386549f,-0.5196914838857355f,-0.8592264246422399f,-0.11179678602976484f,0f,0f,0f,1f], start_interpolation: 0, interpolation_duration: 1 }
$data merge entity $(bone_leg_right_1) { transformation: [-0.9422259870629011f,-0.1356349070798652f,-0.306289668916172f,-0.20931291777265315f,-0.3339408912753113f,0.45222422002541374f,0.8270288604133822f,0.2910452389808015f,0.026337623992922155f,0.8815307293587915f,-0.4713914538454901f,0.15321293053857332f,0f,0f,0f,1f], start_interpolation: 0, interpolation_duration: 1 }
$data merge entity $(bone_leg_right_0) { transformation: [-0.9561733076250296f,-0.20792525668191614f,0.20615453771180953f,-0.19655374999999997f,-0.29253766264365544f,0.7082620251469408f,-0.642484723296781f,0.6554492001351164f,-0.012422629367304608f,-0.674634709578831f,-0.7380472118442621f,-0.05014447723711331f,0f,0f,0f,1f], start_interpolation: 0, interpolation_duration: 1 }
$data merge entity $(bone_tail_4) { transformation: [-2.652266760582804f,-0.5851515444496816f,0.49873844080414975f,0.1237245231139103f,-0.4843656737784824f,2.6627816587410074f,0.5483111010526859f,0.7576503181577153f,-0.59710322086949f,0.43915013321259977f,-2.6601271089417207f,-1.8034192845439998f,0f,0f,0f,1f], start_interpolation: 0, interpolation_duration: 1 }
$data merge entity $(bone_tail_3) { transformation: [-2.0310848850025987f,-0.3185921752019022f,0.33036153205018626f,0.07082509004994275f,-0.32048300460377216f,2.057436768694833f,0.013788133562802781f,0.735178726232889f,-0.32852756310325665f,-0.03739645393787454f,-2.055873700293564f,-1.4544531243326684f,0f,0f,0f,1f], start_interpolation: 0, interpolation_duration: 1 }
$data merge entity $(bone_tail_2) { transformation: [-1.942228626750738f,-0.1493816566494055f,0.1555858511864063f,0.04043030309442005f,-0.17040615634465184f,1.9268901015125972f,-0.2771825275434791f,0.7870388557852164f,-0.13222548284109809f,-0.28905627886663965f,-1.9281433464185143f,-1.0961820428065636f,0f,0f,0f,1f], start_interpolation: 0, interpolation_duration: 1 }
$data merge entity $(bone_tail_1) { transformation: [-1.506641652985332f,0.003442227227923202f,0.13294860120113672f,0.013218572854810672f,-0.001054095211209941f,1.5116367182860964f,-0.05108395846571787f,0.7795543634821259f,-0.13298897838886214f,-0.05097875048442065f,-1.5057793160440658f,-0.7714049175172972f,0f,0f,0f,1f], start_interpolation: 0, interpolation_duration: 1 }
$data merge entity $(bone_tail_0) { transformation: [-1.2774080311400897f,0.0019396064349103096f,0.04539467468442446f,4.8629590465397896e-17f,0.00731053619598987f,1.2691860408396891f,0.15148949264628858f,0.7659133328094528f,-0.0448441147014209f,0.15165338192266095f,-1.2683950385081506f,-0.39709074076914025f,0f,0f,0f,1f], start_interpolation: 0, interpolation_duration: 1 }
$data merge entity $(bone_body_1) { transformation: [-1.2363675f,-4.855371650316125e-17f,1.4341524872308881e-16f,1.8557991432579204e-17f,0f,1.171074376897405f,0.39647118285015925f,0.5948591666666667f,-1.5141135014448153e-16f,0.39647118285015925f,-1.171074376897405f,-0.1515375f,0f,0f,0f,1f], start_interpolation: 0, interpolation_duration: 1 }