# This file was generated by Animated Java via MC-Build. It is not recommended to edit this file directly.
$data merge entity $(bone_head_lower) { transformation: [-1f,-7.303129214840498e-17f,9.83057892178935e-17f,-9.980080997729068e-17f,0f,0.8027276867610955f,0.5963457561743695f,0.4234946919657036f,-1.2246467991473532e-16f,0.5963457561743695f,-0.8027276867610955f,0.8148900699485869f,0f,0f,0f,1f], start_interpolation: 0, interpolation_duration: 1 }
$data merge entity $(bone_head_upper) { transformation: [-1.0408995833333334f,-8.857614722133646e-17f,9.16719291534587e-17f,-0.00032312500000009547f,0f,0.7485581084871511f,0.7232791306277582f,0.490164324192634f,-1.2747343429629804e-16f,0.7232791306277582f,-0.7485581084871511f,0.7795274877357863f,0f,0f,0f,1f], start_interpolation: 0, interpolation_duration: 1 }
$data merge entity $(bone_neck_0) { transformation: [-1f,-1.2937379207682658e-17f,1.2177939910286635e-16f,-8.73801020658095e-17f,0f,0.9944042575186075f,0.10564171822185939f,0.48085427016357124f,-1.2246467991473532e-16f,0.10564171822185939f,-0.9944042575186075f,0.7135126807716877f,0f,0f,0f,1f], start_interpolation: 0, interpolation_duration: 1 }
$data merge entity $(bone_neck_1) { transformation: [-1f,-3.388760207897137e-17f,1.1768274407047057e-16f,-7.756694500385228e-17f,0f,0.9609525305778438f,0.2767132703287613f,0.5087225042113962f,-1.2246467991473532e-16f,0.2767132703287613f,-0.9609525305778438f,0.6333821723770264f,0f,0f,0f,1f], start_interpolation: 0, interpolation_duration: 1 }
$data merge entity $(bone_neck_2) { transformation: [-1f,-3.1861688086667147e-17f,1.1824732833720394e-16f,-6.75195380264742e-17f,0f,0.9655627109753794f,0.2601704271701073f,0.5409688473268448f,-1.2246467991473532e-16f,0.2601704271701073f,-0.9655627109753794f,0.5513388682637632f,0f,0f,0f,1f], start_interpolation: 0, interpolation_duration: 1 }
$data merge entity $(bone_body_0) { transformation: [-1f,-7.442080119432332e-18f,1.2223834615256593e-16f,-9.979958994305692e-18f,0f,0.9981518445781512f,0.0607691958580531f,0.5791177854596733f,-1.2246467991473532e-16f,0.0607691958580531f,-0.9981518445781512f,0.08149254953554058f,0f,0f,0f,1f], start_interpolation: 0, interpolation_duration: 1 }
$data merge entity $(bone_leg_left_3) { transformation: [-0.9987627583865091f,-0.04958750788071469f,-0.0037458673697726187f,0.22085837933186175f,-0.04560782958570434f,0.8833704216380929f,0.4664510950307864f,0.1677903431628471f,-0.019821158912970614f,0.4660448232060072f,-0.8845390576013186f,-0.3602117725648528f,0f,0f,0f,1f], start_interpolation: 0, interpolation_duration: 1 }
$data merge entity $(bone_leg_left_2) { transformation: [-1.0244470950839593f,-0.04906797419946158f,0.012754716096132034f,0.2082255786691615f,-0.04517728372657704f,1.0006237067622468f,0.22084702850879476f,0.4077893516965395f,-0.02300786625961494f,0.22001529690918534f,-1.0015618336961716f,-0.339914966996568f,0f,0f,0f,1f], start_interpolation: 0, interpolation_duration: 1 }
$data merge entity $(bone_leg_left_1) { transformation: [-0.9375836718270637f,-0.06712888739477986f,0.34121924154481664f,0.19056433355658053f,0.34774598996232065f,-0.17224174758179234f,0.9216319801607886f,0.3051911685940325f,-0.0030959309434286358f,0.9827647189775942f,0.18483485154181395f,-0.08266979424321297f,0f,0f,0f,1f], start_interpolation: 0, interpolation_duration: 1 }
$data merge entity $(bone_leg_left_0) { transformation: [-0.9561733076250296f,0.28991244974319924f,-0.04102898084656217f,0.19655375000000003f,0.29277971514516604f,0.9483713506232296f,-0.12195007058869128f,0.7215232252172945f,0.003555866269425237f,-0.12861785568484774f,-0.9916878556350812f,-0.05202629439470678f,0f,0f,0f,1f], start_interpolation: 0, interpolation_duration: 1 }
$data merge entity $(bone_leg_right_3) { transformation: [-0.9448527442164085f,0.025406724823548665f,0.3265084839333621f,-0.2178117337113079f,-0.1277772133060407f,0.8893707992359172f,-0.4389676129581873f,0.15884644284711116f,-0.3015398406620005f,-0.45648009792345484f,-0.8370780397868105f,0.2675889461348497f,0f,0f,0f,1f], start_interpolation: 0, interpolation_duration: 1 }
$data merge entity $(bone_leg_right_2) { transformation: [-0.9701266727724112f,0.17556114056121008f,0.28301011324875386f,-0.1666373731564093f,-0.12928460748159545f,0.6047393428885335f,-0.8183141309618023f,0.2747213029812404f,-0.30692332681722845f,-0.809648573510932f,-0.5498449402948552f,0.06234452190678716f,0f,0f,0f,1f], start_interpolation: 0, interpolation_duration: 1 }
$data merge entity $(bone_leg_right_1) { transformation: [-0.9469599270701649f,-0.2320873815497423f,-0.22226638038320676f,-0.2367593854737588f,-0.3176756343541651f,0.7804109041374158f,0.5385545580914719f,0.4518449348076085f,0.04846738966508087f,0.5805981984374444f,-0.8127463590261402f,0.2641451861697384f,0f,0f,0f,1f], start_interpolation: 0, interpolation_duration: 1 }
$data merge entity $(bone_leg_right_0) { transformation: [-0.9561733076250295f,-0.12596133970049123f,0.2643224294044455f,-0.19655374999999997f,-0.2927797151451661f,0.42227270159539076f,-0.8578844933246232f,0.7215232252172945f,-0.003555866269425473f,-0.8976744991299395f,-0.4406448109610351f,-0.05202629439470684f,0f,0f,0f,1f], start_interpolation: 0, interpolation_duration: 1 }
$data merge entity $(bone_tail_4) { transformation: [-2.3389797773393233f,1.1357564511843607f,-0.9299958152544539f,-0.24708122451393785f,1.0008536191286195f,2.5136731670125982f,0.5526305946271908f,0.7411933153200456f,1.0738374950963643f,0.13101841333936162f,-2.5407417304974547f,-1.7822152364492894f,0f,0f,0f,1f], start_interpolation: 0, interpolation_duration: 1 }
$data merge entity $(bone_tail_3) { transformation: [-1.8836918326940397f,0.6080689765393039f,-0.6464539622097285f,-0.14341695397375218f,0.6628604055687191f,1.9725028836284328f,-0.07611821629043404f,0.7347976626635149f,0.5901412442928278f,-0.2746452619150879f,-1.9779405496466647f,-1.4441419927945542f,0f,0f,0f,1f], start_interpolation: 0, interpolation_duration: 1 }
$data merge entity $(bone_tail_2) { transformation: [-1.9089461046867178f,0.2677318507780134f,-0.32096464054964435f,-0.08509818140746259f,0.3402979124831639f,1.8668603444875427f,-0.4666943967332725f,0.8222509880940274f,0.24268492982421416f,-0.511787050697467f,-1.8702812394336261f,-1.0964031243794072f,0f,0f,0f,1f], start_interpolation: 0, interpolation_duration: 1 }
$data merge entity $(bone_tail_1) { transformation: [-1.4890448081787195f,-0.016667311428115998f,-0.26480938421014955f,-0.026487824177586314f,0.006505835974299452f,1.5067656562928944f,-0.1314198657529387f,0.8321062078843887f,0.2652536207750535f,-0.1305209092291465f,-1.4833276977524965f,-0.7758654859231753f,0f,0f,0f,1f], start_interpolation: 0, interpolation_duration: 1 }
$data merge entity $(bone_tail_0) { transformation: [-1.274985752661493f,-0.0018422994291276697f,-0.09079456496425153f,4.9250316600471996e-17f,-0.01190815026473671f,1.2703099010978713f,0.1414449282018157f,0.8214275531498001f,0.09002912335187269f,0.1419333565077561f,-1.2671169621794838f,-0.4021593543114797f,0f,0f,0f,1f], start_interpolation: 0, interpolation_duration: 1 }
$data merge entity $(bone_body_1) { transformation: [-1.2363675f,-4.4187341794685197e-17f,1.4482014976409347e-16f,1.8557991432579204e-17f,0f,1.182546264481505f,0.36081702761522866f,0.657889765625f,-1.5141135014448153e-16f,0.36081702761522866f,-1.182546264481505f,-0.1515375f,0f,0f,0f,1f], start_interpolation: 0, interpolation_duration: 1 }