# This file was generated by Animated Java via MC-Build. It is not recommended to edit this file directly.
$data merge entity $(bone_head_lower) { transformation: [-1f,-7.032418555947167e-17f,1.0026019525223144e-16f,-9.996344030316351e-17f,0f,0.8186866231311467f,0.5742405533451286f,0.41973605442395145f,-1.2246467991473532e-16f,0.5742405533451286f,-0.8186866231311467f,0.8156266956415694f,0f,0f,0f,1f], start_interpolation: 0, interpolation_duration: 1 }
$data merge entity $(bone_head_upper) { transformation: [-1.0408995833333334f,-8.772104051276442e-17f,9.249051574432134e-17f,-0.0003231250000000955f,0f,0.7552423752604983f,0.7162966544626517f,0.4860744265830864f,-1.2747343429629804e-16f,0.7162966544626517f,-0.7552423752604983f,0.7796465280306848f,0f,0f,0f,1f], start_interpolation: 0, interpolation_duration: 1 }
$data merge entity $(bone_neck_0) { transformation: [-1f,-8.405939384201713e-18f,1.221758487168708e-16f,-8.744259888682136e-17f,0f,0.997641514287502f,0.06863970403592495f,0.47431920619076895f,-1.2246467991473532e-16f,0.06863970403592495f,-0.997641514287502f,0.7140230060430673f,0f,0f,0f,1f], start_interpolation: 0, interpolation_duration: 1 }
$data merge entity $(bone_neck_1) { transformation: [-1f,-2.9493847761507695e-17f,1.1886004699157568e-16f,-7.750946733842444e-17f,0f,0.9705659384757358f,0.24083554361994383f,0.4991924136597036f,-1.2246467991473532e-16f,0.24083554361994383f,-0.9705659384757358f,0.6329128316212442f,0f,0f,0f,1f], start_interpolation: 0, interpolation_duration: 1 }
$data merge entity $(bone_neck_2) { transformation: [-1f,-2.6338877382232384e-17f,1.1959875151882774e-16f,-6.728959378610915e-17f,0f,0.976597918698657f,0.21507325541185046f,0.5275959478809564f,-1.2246467991473532e-16f,0.21507325541185046f,-0.976597918698657f,0.5494612310501182f,0f,0f,0f,1f], start_interpolation: 0, interpolation_duration: 1 }
$data merge entity $(bone_body_0) { transformation: [-1f,-8.57689377422765e-18f,1.221639665359806e-16f,-9.79588010689275e-18f,0f,0.9975444889174243f,0.07003565256692146f,0.570106346489599f,-1.2246467991473532e-16f,0.07003565256692146f,-0.9975444889174243f,0.07998943135043529f,0f,0f,0f,1f], start_interpolation: 0, interpolation_duration: 1 }
$data merge entity $(bone_leg_left_3) { transformation: [-0.9958721283260504f,-0.0806904581108269f,0.04156626027449957f,0.23808727081696124f,-0.03556303260375335f,0.7681989834179113f,0.63922264711735f,0.2188397250650846f,-0.08351032711806912f,0.6351057957896091f,-0.7678975539869107f,-0.4170862018655896f,0f,0f,0f,1f], start_interpolation: 0, interpolation_duration: 1 }
$data merge entity $(bone_leg_left_2) { transformation: [-1.0213440552812634f,-0.06694906853541155f,0.0666058740995024f,0.22295546900406896f,-0.034375051406089055f,0.9373404902937886f,0.41505826169023924f,0.45010626307485746f,-0.0879595138864848f,0.4110630450171056f,-0.935602744993201f,-0.3503187768973818f,0f,0f,0f,1f], start_interpolation: 0, interpolation_duration: 1 }
$data merge entity $(bone_leg_left_1) { transformation: [-0.9374748692357538f,-0.1212509355947841f,0.32625002707861317f,0.1913826988386787f,0.3479728322556537f,-0.3466257703296474f,0.8710714570891173f,0.3028104133281808f,0.0074684378142253535f,0.9301337462756464f,0.3671449801860934f,-0.1172512362760984f,0f,0f,0f,1f], start_interpolation: 0, interpolation_duration: 1 }
$data merge entity $(bone_leg_left_0) { transformation: [-0.9561733076250296f,0.2920819074715915f,-0.020512559888206397f,0.19655375000000003f,0.29266318146860865f,0.9555256767649034f,-0.036317258371820815f,0.7149668947646586f,0.008992663569979006f,-0.04072886409820453f,-0.9991297671629983f,-0.05086167682400983f,0f,0f,0f,1f], start_interpolation: 0, interpolation_duration: 1 }
$data merge entity $(bone_leg_right_3) { transformation: [-0.9527048548461168f,-0.0014099918226273822f,0.30389384902577393f,-0.21681809964695198f,-0.09691785502996769f,0.9491822564164561f,-0.29943275285204757f,0.14179189728775243f,-0.28802845159641777f,-0.31472377734646195f,-0.9044271972048084f,0.2286456300239124f,0f,0f,0f,1f], start_interpolation: 0, interpolation_duration: 1 }
$data merge entity $(bone_leg_right_2) { transformation: [-0.9781098957000479f,0.16155389668516432f,0.2631797292729345f,-0.16950926999103993f,-0.09782279042146015f,0.6670329161601749f,-0.7730200449753595f,0.27353827986073376f,-0.2929060141214157f,-0.7622529939104121f,-0.6206759538332487f,0.03223830485110432f,0f,0f,0f,1f], start_interpolation: 0, interpolation_duration: 1 }
$data merge entity $(bone_leg_right_1) { transformation: [-0.9464785479189974f,-0.21447599524595343f,-0.24120200204891348f,-0.2338329576742467f,-0.3200662235242659f,0.7201316958228263f,0.6156037306825353f,0.43015192525601414f,0.04166498395608624f,0.6598563390122116f,-0.7502357236078144f,0.2521201252424235f,0f,0f,0f,1f], start_interpolation: 0, interpolation_duration: 1 }
$data merge entity $(bone_leg_right_0) { transformation: [-0.9561733076250296f,-0.1342692826120408f,0.2602006255416357f,-0.19655374999999997f,-0.29266318146860865f,0.4655565086919874f,-0.8352277530274003f,0.7149668947646586f,-0.008992663569979256f,-0.8747736261235677f,-0.484448382225126f,-0.05086167682400987f,0f,0f,0f,1f], start_interpolation: 0, interpolation_duration: 1 }
$data merge entity $(bone_tail_4) { transformation: [-2.5082771880453913f,0.8853187460303887f,-0.7419013394369114f,-0.18988456699694506f,0.7541748267755246f,2.598657924636009f,0.5512337553022126f,0.7816843300768039f,0.8748869699505247f,0.29807556131567087f,-2.6021885176053514f,-1.794132836583357f,0f,0f,0f,1f], start_interpolation: 0, interpolation_duration: 1 }
$data merge entity $(bone_tail_3) { transformation: [-1.9634530603185203f,0.47782673805371156f,-0.5024730981567386f,-0.10935960776087694f,0.4990323712808205f,2.021420989648042f,-0.02773807975717388f,0.766606492038725f,0.48141904655312806f,-0.14657529483417006f,-2.0205684622414055f,-1.4500847394008662f,0f,0f,0f,1f], start_interpolation: 0, interpolation_duration: 1 }
$data merge entity $(bone_tail_2) { transformation: [-1.9267745579747357f,0.2179736652622467f,-0.2424895028577124f,-0.0656542151558481f,0.26085005371842174f,1.9024406730931758f,-0.3625611808214681f,0.8346513991923742f,0.19562956632149178f,-0.3898472029086561f,-1.9048680022951558f,-1.0959220462260597f,0f,0f,0f,1f], start_interpolation: 0, interpolation_duration: 1 }
$data merge entity $(bone_tail_1) { transformation: [-1.4987056576143964f,-0.008847320670610464f,-0.20361563484062514f,-0.020298431654533274f,0.0026868326181889806f,1.5100852218367424f,-0.08539118057948511f,0.8345648297856152f,0.2037900457948848f,-0.08497410021428761f,-1.4962971862326317f,-0.7730915606650648f,0f,0f,0f,1f], start_interpolation: 0, interpolation_duration: 1 }
$data merge entity $(bone_tail_0) { transformation: [-1.2763150229077764f,-0.0022368503171975454f,-0.06964679019601981f,4.887307695264021e-17f,-0.010411079201049205f,1.2693387892118162f,0.1500212125540181f,0.8213565507722247f,0.06890056831274635f,0.15036539258408782f,-1.2674693988350334f,-0.39907895882035166f,0f,0f,0f,1f], start_interpolation: 0, interpolation_duration: 1 }
$data merge entity $(bone_body_1) { transformation: [-1.2363675f,-4.686927405070072e-17f,1.4397453977191625e-16f,1.8557991432579204e-17f,0f,1.1756413348906554f,0.3827166664162511f,0.6531925000000001f,-1.5141135014448153e-16f,0.3827166664162511f,-1.1756413348906554f,-0.1515375f,0f,0f,0f,1f], start_interpolation: 0, interpolation_duration: 1 }