# This file was generated by Animated Java via MC-Build. It is not recommended to edit this file directly.
$data merge entity $(bone_head_lower) { transformation: [-1f,-6.801350135910034e-17f,1.018418453264385e-16f,-9.990923019453923e-17f,0f,0.8316017760985845f,0.5553723849721733f,0.39792339184413106f,-1.2246467991473532e-16f,0.5553723849721733f,-0.8316017760985845f,0.8158577212896901f,0f,0f,0f,1f], start_interpolation: 0, interpolation_duration: 1 }
$data merge entity $(bone_head_upper) { transformation: [-1.0408995833333334f,-8.692955712240143e-17f,9.323480331826603e-17f,-0.0003231250000000954f,0f,0.7613199445193485f,0.7098337021166038f,0.46395269530654043f,-1.2747343429629804e-16f,0.7098337021166038f,-0.7613199445193485f,0.7793134581790417f,0f,0f,0f,1f], start_interpolation: 0, interpolation_duration: 1 }
$data merge entity $(bone_neck_0) { transformation: [-1f,-4.236589141564555e-18f,1.2239137689830988e-16f,-8.745554950969314e-17f,0f,0.9994014354467229f,0.0345943756560195f,0.44996747332592124f,-1.2246467991473532e-16f,0.0345943756560195f,-0.9994014354467229f,0.7141287559040135f,0f,0f,0f,1f], start_interpolation: 0, interpolation_duration: 1 }
$data merge entity $(bone_neck_1) { transformation: [-1f,-2.542526539347806e-17f,1.1979630088733865e-16f,-7.742436151759599e-17f,0f,0.9782110317092695f,0.20761304737970254f,0.4720615193069345f,-1.2246467991473532e-16f,0.20761304737970254f,-0.9782110317092695f,0.6322178898560946f,0f,0f,0f,1f], start_interpolation: 0, interpolation_duration: 1 }
$data merge entity $(bone_neck_2) { transformation: [-1f,-2.121974056796535e-17f,1.2061227316010097e-16f,-6.706557631922068e-17f,0f,0.9848739509552956f,0.17327233111407592f,0.49688400658108267f,-1.2246467991473532e-16f,0.17327233111407592f,-0.9848739509552956f,0.5476319896145923f,0f,0f,0f,1f], start_interpolation: 0, interpolation_duration: 1 }
$data merge entity $(bone_body_0) { transformation: [-1f,-9.617786484443632e-18f,1.2208642844214186e-16f,-9.61832185704331e-18f,0f,0.9969113423326891f,0.0785351865626881f,0.5433941721760247f,-1.2246467991473532e-16f,0.0785351865626881f,-0.9969113423326891f,0.07853955821172248f,0f,0f,0f,1f], start_interpolation: 0, interpolation_duration: 1 }
$data merge entity $(bone_leg_left_3) { transformation: [-0.9907567608630947f,-0.11426883945569936f,0.07310043182852194f,0.25363344854762443f,-0.017271610749882323f,0.6407661424078953f,0.7675418178873442f,0.24709614727814153f,-0.13454639447481775f,0.7591846831128457f,-0.6368169946387063f,-0.4520862133879663f,0f,0f,0f,1f], start_interpolation: 0, interpolation_duration: 1 }
$data merge entity $(bone_leg_left_2) { transformation: [-1.0159980593923532f,-0.08959960040660785f,0.10854517224935906f,0.2345262464690771f,-0.01526135213171594f,0.8564862188055179f,0.5641459453262357f,0.4641528017849267f,-0.13991866902875594f,0.5571942821888041f,-0.8497173044336678f,-0.3486821727074046f,0f,0f,0f,1f], start_interpolation: 0, interpolation_duration: 1 }
$data merge entity $(bone_leg_left_1) { transformation: [-0.9374491597678188f,-0.16427646587429506f,0.3069239573745619f,0.1922892545187841f,0.3477427547108115f,-0.48304738819464416f,0.8035796147890193f,0.2833795579991813f,0.016249596817978985f,0.8600456171146874f,0.5099583189683925f,-0.14240455273389432f,0f,0f,0f,1f], start_interpolation: 0, interpolation_duration: 1 }
$data merge entity $(bone_leg_left_0) { transformation: [-0.9561733076250295f,0.2927351089581509f,-0.006225895009564437f,0.19655375000000003f,0.29246737891969776f,0.9558821163305246f,0.02742648259109437f,0.6904640832168943f,0.013979916067436968f,0.024403599380770524f,-0.9996044349061334f,-0.04982333449275775f,0f,0f,0f,1f], start_interpolation: 0, interpolation_duration: 1 }
$data merge entity $(bone_leg_right_3) { transformation: [-0.9609403446896373f,-0.02276555841253236f,0.27581766313622225f,-0.21507859924009454f,-0.06579271225578642f,0.9868312154336041f,-0.14776830262226004f,0.10646100629135077f,-0.2688214518259068f,-0.16014331580182234f,-0.9497837361432393f,0.18341692374743937f,0f,0f,0f,1f], start_interpolation: 0, interpolation_duration: 1 }
$data merge entity $(bone_leg_right_2) { transformation: [-0.986476189904241f,0.1448112692977857f,0.24074181717572535f,-0.1723529044180191f,-0.06613632391113561f,0.7345362656060446f,-0.7128426619316097f,0.2557529145921976f,-0.2730437930300331f,-0.701105106453081f,-0.6971089701717241f,-0.001129854018735943f,0f,0f,0f,1f], start_interpolation: 0, interpolation_duration: 1 }
$data merge entity $(bone_leg_right_1) { transformation: [-0.9458100887371694f,-0.1931303406486969f,-0.26104395714880263f,-0.22981198912529782f,-0.322848847534176f,0.6454713103994543f,0.6921960770598649f,0.38796607787814025f,0.03481232093443325f,0.738963773788763f,-0.6728451852685197f,0.23600200528804746f,0f,0f,0f,1f], start_interpolation: 0, interpolation_duration: 1 }
$data merge entity $(bone_leg_right_0) { transformation: [-0.9561733076250295f,-0.14581439938012267f,0.25391094249524726f,-0.19655374999999997f,-0.29246737891969776f,0.5170328989148386f,-0.8044500069659771f,0.6904640832168943f,-0.013979916067437162f,-0.8434542918102516f,-0.5370190123018131f,-0.049823334492757804f,0f,0f,0f,1f], start_interpolation: 0, interpolation_duration: 1 }
$data merge entity $(bone_tail_4) { transformation: [-2.6522667605828043f,0.5851515444496815f,-0.49873844080414875f,-0.12373098682629191f,0.4811798474159746f,2.6604058969433497f,0.5624657763364711f,0.8017478352972234f,0.5996735084596787f,0.45332048832719024f,-2.6571702146671856f,-1.8024719484520761f,0f,0f,0f,1f], start_interpolation: 0, interpolation_duration: 1 }
$data merge entity $(bone_tail_3) { transformation: [-2.0310848850025987f,0.31859217520190225f,-0.3303615320501855f,-0.07083155376232449f,0.31872939054033483f,2.057606707509921f,0.0247333552194703f,0.7774186752658245f,0.3302291500825025f,-0.026442185135616737f,-2.055771155874478f,-1.4536303721048134f,0f,0f,0f,1f], start_interpolation: 0, interpolation_duration: 1 }
$data merge entity $(bone_tail_2) { transformation: [-1.942228626750738f,0.1493816566494056f,-0.1555858511864058f,-0.04330910929417356f,0.1696997763077397f,1.928401720728527f,-0.2669132151376848f,0.8276216113964403f,0.13313084674042455f,-0.2787934704233799f,-1.9295917323356881f,-1.0948913803245728f,0f,0f,0f,1f], start_interpolation: 0, interpolation_duration: 1 }
$data merge entity $(bone_tail_1) { transformation: [-1.506641652985332f,-0.0034422272279231716f,-0.1329486012011363f,-0.01321857285481048f,0.00034605047740098683f,1.5118867042102895f,-0.043066505328576116f,0.8184074591496391f,0.13299270558453394f,-0.042930114184107714f,-1.5060299451064862f,-0.7704128201484153f,0f,0f,0f,1f], start_interpolation: 0, interpolation_duration: 1 }
$data merge entity $(bone_tail_0) { transformation: [-1.2774080311400897f,-0.001939606434910344f,-0.04539467468442414f,4.8517637181807294e-17f,-0.007549181465416564f,1.2683606547832378f,0.1582402472225909f,0.8027737830517978f,0.044804558049703534f,0.15840834545169058f,-1.2675705362043f,-0.39617657283379304f,0f,0f,0f,1f], start_interpolation: 0, interpolation_duration: 1 }
$data merge entity $(bone_body_1) { transformation: [-1.2363675f,-4.931656735967871e-17f,1.4315471747879306e-16f,1.8557991432579204e-17f,0f,1.1689469778426151f,0.40270033281444756f,0.6304147222222223f,-1.5141135014448153e-16f,0.40270033281444756f,-1.1689469778426151f,-0.1515375f,0f,0f,0f,1f], start_interpolation: 0, interpolation_duration: 1 }