# This file was generated by Animated Java via MC-Build. It is not recommended to edit this file directly.
$data merge entity $(bone_head_lower) { transformation: [-1f,-6.640342930756586e-17f,1.0289889407964346e-16f,-9.985502008591496e-17f,0f,0.8402332341968775f,0.5422251489474231f,0.36701886452927684f,-1.2246467991473532e-16f,0.5422251489474231f,-0.8402332341968775f,0.8157557297706948f,0f,0f,0f,1f], start_interpolation: 0, interpolation_duration: 1 }
$data merge entity $(bone_head_upper) { transformation: [-1.0408995833333334f,-8.634670985103463e-17f,9.377484816939911e-17f,-0.00032312500000009536f,0f,0.7657297453820056f,0.7050743929690795f,0.43281909467028695f,-1.2747343429629804e-16f,0.7050743929690795f,-0.7657297453820056f,0.7788005975774345f,0f,0f,0f,1f], start_interpolation: 0, interpolation_duration: 1 }
$data merge entity $(bone_neck_0) { transformation: [-1f,-1.1839706445541253e-18f,1.2245895655333426e-16f,-8.743792209493689e-17f,0f,0.9999532652075271f,0.009667853991685238f,0.4172131198299251f,-1.2246467991473532e-16f,0.009667853991685238f,-0.9999532652075271f,0.7139848171392321f,0f,0f,0f,1f], start_interpolation: 0, interpolation_duration: 1 }
$data merge entity $(bone_neck_1) { transformation: [-1f,-2.2430758114576057e-17f,1.2039293549467077e-16f,-7.734239600004899e-17f,0f,0.9830829229986393f,0.18316103982138543f,0.43725820403233345f,-1.2246467991473532e-16f,0.18316103982138543f,-0.9830829229986393f,0.6315485906132102f,0f,0f,0f,1f], start_interpolation: 0, interpolation_duration: 1 }
$data merge entity $(bone_neck_2) { transformation: [-1f,-1.7450970249109858e-17f,1.2121493911223674e-16f,-6.689391412736889e-17f,0f,0.9897950919124704f,0.14249798604185226f,0.4594328089162506f,-1.2246467991473532e-16f,0.14249798604185226f,-0.9897950919124704f,0.5462302614430794f,0f,0f,0f,1f], start_interpolation: 0, interpolation_duration: 1 }
$data merge entity $(bone_body_0) { transformation: [-1f,-1.0378598335416088e-17f,1.220241063200656e-16f,-9.483279531513446e-18f,0f,0.9964024435863755f,0.0847476867831776f,0.5088660546715514f,-1.2246467991473532e-16f,0.0847476867831776f,-0.9964024435863755f,0.07743685394120228f,0f,0f,0f,1f], start_interpolation: 0, interpolation_duration: 1 }
$data merge entity $(bone_leg_left_3) { transformation: [-0.9862142146623024f,-0.13997195979311233f,0.0882574261447355f,0.2637067057492646f,-0.0010799286892611251f,0.5387955155141095f,0.8424358884899855f,0.2481642855503854f,-0.16547010772959633f,0.8307269364439561f,-0.5315189559313906f,-0.4649741512351738f,0f,0f,0f,1f], start_interpolation: 0, interpolation_duration: 1 }
$data merge entity $(bone_leg_left_2) { transformation: [-1.011284479198044f,-0.10759644736222711f,0.1333750581962865f,0.24117913201366786f,0.0015355811072375663f,0.7925919432090426f,0.6510436644737982f,0.4530388643314574f,-0.17135794006843813f,0.6420928403088108f,-0.7812908807226412f,-0.33971447114265074f,0f,0f,0f,1f], start_interpolation: 0, interpolation_duration: 1 }
$data merge entity $(bone_leg_left_1) { transformation: [-0.9374497631909623f,-0.1903956185362381f,0.29144030252422565f,0.1926675895157508f,0.3474517386387134f,-0.5635999835929532f,0.7494213419772343f,0.25326014510797257f,0.021569209770965714f,0.8038062993882461f,0.5944999598432532f,-0.15330503133430182f,0f,0f,0f,1f], start_interpolation: 0, interpolation_duration: 1 }
$data merge entity $(bone_leg_left_0) { transformation: [-0.9561733076250296f,0.29279854277281975f,-0.0012724525625205955f,0.19655375000000003f,0.2922703739735718f,0.9546920647373691f,0.05604542822431946f,0.6575247494773424f,0.017624820077352554f,0.053217242296197176f,-0.998427408898428f,-0.04908264422279582f,0f,0f,0f,1f], start_interpolation: 0, interpolation_duration: 1 }
$data merge entity $(bone_leg_right_3) { transformation: [-0.9680003250722388f,-0.035290076593719355f,0.24845518942869646f,-0.21301051827351633f,-0.040327274799678535f,0.9990707192060403f,-0.015212131091861647f,0.06450090724670793f,-0.24768746752161538f,-0.024744868541460685f,-0.9685239335780993f,0.13944067816361938f,0f,0f,0f,1f], start_interpolation: 0, interpolation_duration: 1 }
$data merge entity $(bone_leg_right_2) { transformation: [-0.9936405415883834f,0.12904895590514948f,0.21928757509815494f,-0.1746109133743848f,-0.040256564399672644f,0.793119429686316f,-0.6491557430828763f,0.22937652779341744f,-0.2512371044160739f,-0.6374716752409767f,-0.7632640304185595f,-0.03235155728066269f,0f,0f,0f,1f], start_interpolation: 0, interpolation_duration: 1 }
$data merge entity $(bone_leg_right_1) { transformation: [-0.9450631170418197f,-0.1718866520278623f,-0.27804798805575315f,-0.22538204530629322f,-0.3255959275123322f,0.5705261801043564f,0.7539808815897888f,0.3378978970595636f,0.029034407081665697f,0.803090814709136f,-0.5951488440173872f,0.21796582172990286f,0f,0f,0f,1f], start_interpolation: 0, interpolation_duration: 1 }
$data merge entity $(bone_leg_right_0) { transformation: [-0.9561733076250295f,-0.15872800088453848f,0.24604476730995228f,-0.19655374999999997f,-0.29227037397357186f,0.5679846171801847f,-0.7693968437315216f,0.6575247494773424f,-0.017624820077352804f,-0.8075883211029473f,-0.5894832222679149f,-0.04908264422279586f,0f,0f,0f,1f], start_interpolation: 0, interpolation_duration: 1 }
$data merge entity $(bone_tail_4) { transformation: [-2.7375473547596028f,0.2748710490223826f,-0.2365200170345756f,-0.057530260071857006f,0.21963726577926115f,2.6900334271366195f,0.5840727385939373f,0.8025804445073604f,0.2885399167008114f,0.5602029979364147f,-2.6886016159285004f,-1.8061266140538739f,0f,0f,0f,1f], start_interpolation: 0, interpolation_duration: 1 }
$data merge entity $(bone_tail_3) { transformation: [-2.0710797516262325f,0.15077656015629512f,-0.15440407169405124f,-0.03282450239066216f,0.1458821175308822f,2.075982267506461f,0.0704383335115157f,0.7703215898646708f,0.15903646196068522f,0.0592417078637067f,-2.0753658351868625f,-1.4548009883598383f,0f,0f,0f,1f], start_interpolation: 0, interpolation_duration: 1 }
$data merge entity $(bone_tail_2) { transformation: [-1.9515306688630496f,0.07197389511475108f,-0.07156592703043381f,-0.02094647606126552f,0.07887491032524588f,1.9425953293463152f,-0.19717000260141224f,0.8074956325306535f,0.06388013784345638f,-0.1997924418657205f,-1.9428783243335672f,-1.0936244567142641f,0f,0f,0f,1f], start_interpolation: 0, interpolation_duration: 1 }
$data merge entity $(bone_tail_1) { transformation: [-1.5112289997074255f,-0.0008173202661192927f,-0.06198784099221885f,-0.006153607661670139f,-0.00032408435529175813f,1.5124520358262221f,-0.01204094242352233f,0.7915988549326636f,0.061992381891847595f,-0.012017541874215215f,-1.5111812509671623f,-0.7683474355379436f,0f,0f,0f,1f], start_interpolation: 0, interpolation_duration: 1 }
$data merge entity $(bone_tail_0) { transformation: [-1.2780404666965692f,-0.001065176764334011f,-0.021145861734724818f,4.825217140493664e-17f,-0.0037767328121318367f,1.267592423538136f,0.16441076808411298f,0.7741434704344093f,0.020833107288859797f,0.1644506910025097f,-1.2674216616633613f,-0.39400888026271474f,0f,0f,0f,1f], start_interpolation: 0, interpolation_duration: 1 }
$data merge entity $(bone_body_1) { transformation: [-1.2363675f,-5.1097346835490725e-17f,1.425287974373893e-16f,1.8557991432579204e-17f,0f,1.1638359528365516f,0.41724150074181954f,0.5987480555555557f,-1.5141135014448153e-16f,0.41724150074181954f,-1.1638359528365516f,-0.1515375f,0f,0f,0f,1f], start_interpolation: 0, interpolation_duration: 1 }