# This file was generated by Animated Java via MC-Build. It is not recommended to edit this file directly.
$data merge entity $(bone_head_lower) { transformation: [-1f,-6.58002245545064e-17f,1.032856634543009e-16f,-9.990923019453923e-17f,0f,0.8433914458128858f,0.5372996083468237f,0.35052056990680147f,-1.2246467991473532e-16f,0.5372996083468237f,-0.8433914458128858f,0.8156544264894912f,0f,0f,0f,1f], start_interpolation: 0, interpolation_duration: 1 }
$data merge entity $(bone_head_upper) { transformation: [-1.0408995833333334f,-8.61198039417172e-17f,9.398327415201497e-17f,-0.00032312500000009536f,0f,0.767431672686768f,0.7032215656112208f,0.4162312873388325f,-1.2747343429629804e-16f,0.7032215656112208f,-0.767431672686768f,0.778540363163051f,0f,0f,0f,1f], start_interpolation: 0, interpolation_duration: 1 }
$data merge entity $(bone_neck_0) { transformation: [-1f,0f,1.2246467991473532e-16f,-8.742490055090317e-17f,0f,1f,-2.7755575615628914e-17f,0.3999994123388325f,-1.2246467991473532e-16f,-2.7755575615628914e-17f,-1f,0.7138784881630509f,0f,0f,0f,1f], start_interpolation: 0, interpolation_duration: 1 }
$data merge entity $(bone_neck_1) { transformation: [-1f,-2.1265768495757716e-17f,1.2060416625018979e-16f,-7.730611347706897e-17f,0f,0.9848077530122081f,0.17364817766693033f,0.41924657833671153f,-1.2246467991473532e-16f,0.17364817766693033f,-0.9848077530122081f,0.6312523213296479f,0f,0f,0f,1f], start_interpolation: 0, interpolation_duration: 1 }
$data merge entity $(bone_neck_2) { transformation: [-1f,-1.5984848350717833e-17f,1.2141697760125282e-16f,-6.682557726775096e-17f,0f,0.9914448613738104f,0.13052619222005157f,0.4403885165675177f,-1.2246467991473532e-16f,0.13052619222005157f,-0.9914448613738104f,0.5456722486375463f,0f,0f,0f,1f], start_interpolation: 0, interpolation_duration: 1 }
$data merge entity $(bone_body_0) { transformation: [-1f,-1.067350013832297e-17f,1.21998664834562e-16f,-9.429742456907718e-18f,0f,0.9961946980917455f,0.08715574274765814f,0.49095469103315015f,-1.2246467991473532e-16f,0.08715574274765814f,-0.9961946980917455f,0.07699969055137429f,0f,0f,0f,1f], start_interpolation: 0, interpolation_duration: 1 }
$data merge entity $(bone_leg_left_3) { transformation: [-0.985248319995509f,-0.14721412324459504f,0.08725680410920619f,0.2650587671369441f,0.0019649512158270363f,0.5001183603309348f,0.8659548282829866f,0.23434036762435723f,-0.1711195106139177f,0.853351995121136f,-0.49245150574450547f,-0.4571248641288691f,0f,0f,0f,1f], start_interpolation: 0, interpolation_duration: 1 }
$data merge entity $(bone_leg_left_2) { transformation: [-1.0102851356786697f,-0.11150381213154661f,0.1376700548687303f,0.2417546773417285f,0.004690036493181326f,0.7799476052962957f,0.6661245649658636f,0.4367385307248579f,-0.17709925941437238f,0.6567425921724596f,-0.7677155849936709f,-0.3280397176619912f,0f,0f,0f,1f], start_interpolation: 0, interpolation_duration: 1 }
$data merge entity $(bone_leg_left_1) { transformation: [-0.9374506768463615f,-0.1951738365955798f,0.28825926175729477f,0.19211377098579613f,0.34743652301757894f,-0.5763482238509774f,0.7396692418488678f,0.2340140308548137f,0.02177362977902352f,0.7935552270462247f,0.6081085517190667f,-0.14514099369605538f,0f,0f,0f,1f], start_interpolation: 0, interpolation_duration: 1 }
$data merge entity $(bone_leg_left_0) { transformation: [-0.9561733076250295f,0.29267252003665006f,-0.008683421031327385f,0.19655375000000003f,0.2921817610658011f,0.9556586398565123f,0.03669308610743899f,0.6402232421088687f,0.019037444311085727f,0.03254781226131093f,-0.9992888549519127f,-0.04879971571426288f,0f,0f,0f,1f], start_interpolation: 0, interpolation_duration: 1 }
$data merge entity $(bone_leg_right_3) { transformation: [-0.9727645695254828f,-0.039143914052631526f,0.228466291317871f,-0.21054011970429654f,-0.024508212659013418f,0.9974819949887358f,0.06655086164395169f,0.03968696289778978f,-0.2304960732597473f,0.05913901982559383f,-0.9712744908345454f,0.10418448760589072f,0f,0f,0f,1f], start_interpolation: 0, interpolation_duration: 1 }
$data merge entity $(bone_leg_right_2) { transformation: [-0.9984701468864609f,0.11708589749727796f,0.20349559672012674f,-0.17540963667192747f,-0.024216675489628928f,0.8329382112788777f,-0.5980716414615128f,0.21539812723668933f,-0.2335232705865813f,-0.5869983205252766f,-0.8080606742663234f,-0.057254379940299305f,0f,0f,0f,1f], start_interpolation: 0, interpolation_duration: 1 }
$data merge entity $(bone_leg_right_1) { transformation: [-0.9443379362968262f,-0.15571947832172697f,-0.28978838165437315f,-0.2211515438542879f,-0.3279821623776713f,0.514098717604686f,0.7925466609098071f,0.30649701062767676f,0.02556488280274865f,0.8434772982294347f,-0.536556133259937f,0.20085810916474428f,0f,0f,0f,1f], start_interpolation: 0, interpolation_duration: 1 }
$data merge entity $(bone_leg_right_0) { transformation: [-0.9561733076250295f,-0.17127872044873557f,0.2374788531782452f,-0.19655374999999997f,-0.2921817610658012f,0.6108787016725113f,-0.7358376385748383f,0.6402232421088687f,-0.019037444311085963f,-0.7729752982886008f,-0.6341504269096974f,-0.04879971571426292f,0f,0f,0f,1f], start_interpolation: 0, interpolation_duration: 1 }
$data merge entity $(bone_tail_4) { transformation: [-2.76146f,-7.319583325910529e-17f,3.3016506751447634e-16f,2.2111582128015112e-16f,0f,2.696002371821411f,0.5976893363055132f,0.7988035227806501f,-3.38181314997345e-16f,0.5976893363055132f,-2.696002371821411f,-1.8066941413389463f,0f,0f,0f,1f], start_interpolation: 0, interpolation_duration: 1 }
$data merge entity $(bone_tail_3) { transformation: [-2.0822933333333333f,-1.1123265975175581e-17f,2.547646760282638e-16f,1.7802599672211983e-16f,0f,2.080311451478425f,0.09082835951492317f,0.7630449087595516f,-2.550073865552539e-16f,0.09082835951492317f,-2.080311451478425f,-1.454839022066744f,0f,0f,0f,1f], start_interpolation: 0, interpolation_duration: 1 }
$data merge entity $(bone_tail_2) { transformation: [-1.954168333333333f,2.0857815976139717e-17f,2.38405927528648e-16f,-0.0014449999999998663f,0f,1.9467321328454492f,-0.17031699254562008f,0.7951696962131589f,-2.393165994411784e-16f,-0.17031699254562008f,-1.9467321328454492f,-1.0929862979161564f,0f,0f,0f,1f], start_interpolation: 0, interpolation_duration: 1 }
$data merge entity $(bone_tail_1) { transformation: [-1.5125000000000002f,9.321500930834223e-33f,1.852278283710372e-16f,9.399325505151999e-17f,0f,1.5125000000000002f,-1.259409243559162e-16f,0.776680946213159f,-1.852278283710372e-16f,-1.259409243559162e-16f,-1.5125000000000002f,-0.7675131729161564f,0f,0f,0f,1f], start_interpolation: 0, interpolation_duration: 1 }
$data merge entity $(bone_tail_0) { transformation: [-1.2782158333333333f,-2.0432086255319742e-17f,1.5519710320540005e-16f,4.814799174071492e-17f,0f,1.2672805196849763f,0.16684064556037997f,0.7585079682451479f,-1.5653629289111334e-16f,0.16684064556037997f,-1.2672805196849763f,-0.3931581887466446f,0f,0f,0f,1f], start_interpolation: 0, interpolation_duration: 1 }
$data merge entity $(bone_body_1) { transformation: [-1.2363675f,-5.1785731677548575e-17f,1.4228012843400068e-16f,1.8557991432579204e-17f,0f,1.1618054163295217f,0.42286258955319866f,0.5819425f,-1.5141135014448153e-16f,0.42286258955319866f,-1.1618054163295217f,-0.1515375f,0f,0f,0f,1f], start_interpolation: 0, interpolation_duration: 1 }