# This file was generated by Animated Java via MC-Build. It is not recommended to edit this file directly.
$data merge entity $(bone_head_lower) { transformation: [-1f,-7.042105774012576e-17f,1.0019217760574144e-16f,-9.985502008591496e-17f,0f,0.8181312168986126f,0.5750315747295927f,0.37425119295743736f,-1.2246467991473532e-16f,0.5750315747295927f,-0.8181312168986126f,0.8153214110820116f,0f,0f,0f,1f], start_interpolation: 0, interpolation_duration: 1 }
$data merge entity $(bone_head_upper) { transformation: [-1.0408995833333334f,-8.814954408129334e-17f,9.208221505563775e-17f,-0.0003231250000000955f,0f,0.7519083471230156f,0.719795651633324f,0.4407559120427915f,-1.2747343429629804e-16f,0.719795651633324f,-0.7519083471230156f,0.779649651643916f,0f,0f,0f,1f], start_interpolation: 0, interpolation_duration: 1 }
$data merge entity $(bone_neck_0) { transformation: [-1f,-1.067350013832297e-17f,1.2199866483456194e-16f,-8.741763169844994e-17f,0f,0.9961946980917453f,0.08715574274765805f,0.4302214579707848f,-1.2246467991473532e-16f,0.08715574274765805f,-0.9961946980917453f,0.7138191334784326f,0f,0f,0f,1f], start_interpolation: 0, interpolation_duration: 1 }
$data merge entity $(bone_neck_1) { transformation: [-1f,-3.169619151431764e-17f,1.1829179713786693e-16f,-7.754278429331771e-17f,0f,0.9659258262890682f,0.25881904510252063f,0.4565967276319207f,-1.2246467991473532e-16f,0.25881904510252063f,-0.9659258262890682f,0.6331848852036852f,0f,0f,0f,1f], start_interpolation: 0, interpolation_duration: 1 }
$data merge entity $(bone_neck_2) { transformation: [-1f,-2.9108126723973015e-17f,1.189550956673975e-16f,-6.740641250284308e-17f,0f,0.9713420698132613f,0.23768589232617296f,0.48692984039615145f,-1.2246467991473532e-16f,0.23768589232617296f,-0.9713420698132613f,0.5504151282620758f,0f,0f,0f,1f], start_interpolation: 0, interpolation_duration: 1 }
$data merge entity $(bone_body_0) { transformation: [-1f,-8.009573286591534e-18f,1.22202473634478e-16f,-9.889146135711137e-18f,0f,0.9978589232386035f,0.06540312923014296f,0.5272599435080849f,-1.2246467991473532e-16f,0.06540312923014296f,-0.9978589232386035f,0.08075100627051282f,0f,0f,0f,1f], start_interpolation: 0, interpolation_duration: 1 }
$data merge entity $(bone_leg_left_3) { transformation: [-0.998631568188591f,-0.0439128099994284f,-0.02840169246980609f,0.22368794639767178f,-0.05228811259817646f,0.8484763583309464f,0.526643923950876f,0.10819540489780807f,0.0009717500274084038f,0.5274083185458963f,-0.8496113942447299f,-0.19645970200206725f,0f,0f,0f,1f], start_interpolation: 0, interpolation_duration: 1 }
$data merge entity $(bone_leg_left_2) { transformation: [-1.0243681146227765f,-0.05197590736597305f,-0.005538077135244052f,0.20981210401786213f,-0.052239297314436266f,1.0142702783281774f,0.14348887697961113f,0.34897374021539906f,-0.0017947314467809457f,0.143584494477154f,-1.0155995625173673f,-0.19437972460891417f,0f,0f,0f,1f], start_interpolation: 0, interpolation_duration: 1 }
$data merge entity $(bone_leg_left_1) { transformation: [-0.9397486301199749f,-0.05056502026108543f,0.33810603501509173f,0.19685897328197238f,0.3411613812310805f,-0.07523525266999359f,0.9369890974350682f,0.27204584301468687f,-0.02194137972261014f,0.9958829426602697f,0.08795305778760631f,0.07194282549937314f,0f,0f,0f,1f], start_interpolation: 0, interpolation_duration: 1 }
$data merge entity $(bone_leg_left_0) { transformation: [-0.9561733076250295f,0.251194793675226f,-0.15044527714711192f,0.19655375000000003f,0.2927340704292952f,0.8311251921018721f,-0.4727977147401655f,0.6708991309661521f,0.006274535465438644f,-0.49611701309679673f,-0.868232998405731f,-0.05143966958605979f,0f,0f,0f,1f], start_interpolation: 0, interpolation_duration: 1 }
$data merge entity $(bone_leg_right_3) { transformation: [-0.9803985930021211f,-0.012666044880785057f,0.19661681043730556f,-0.19376404921986234f,-0.011171180307585495f,0.9998996638576222f,0.008710163485835754f,0.03151626129112883f,-0.19670740598665035f,0.006342990185434438f,-0.9804417182604536f,-0.0033785649185713584f,0f,0f,0f,1f], start_interpolation: 0, interpolation_duration: 1 }
$data merge entity $(bone_leg_right_2) { transformation: [-1.0062007946021079f,0.08700476219315154f,0.17903165027026394f,-0.16638948751462238f,-0.010889840756850665f,0.8970895631558182f,-0.49716589439128733f,0.22527877720168055f,-0.19875505480634054f,-0.48961483487871477f,-0.8791108810362387f,-0.14436719164241335f,0f,0f,0f,1f], start_interpolation: 0, interpolation_duration: 1 }
$data merge entity $(bone_leg_right_1) { transformation: [-0.9410500111175579f,-0.1274532380627632f,-0.313337754959342f,-0.20313788900378643f,-0.337053920364381f,0.4316916793827994f,0.8366821073255125f,0.2914687952276068f,0.028627457844621382f,0.8929714251077553f,-0.4492020732347295f,0.12261936637406134f,0f,0f,0f,1f], start_interpolation: 0, interpolation_duration: 1 }
$data merge entity $(bone_leg_right_0) { transformation: [-0.9561733076250295f,-0.22841297112170564f,0.18319421499808747f,-0.19655374999999997f,-0.2927340704292952f,0.7591426561447681f,-0.5813855791394926f,0.6708991309661521f,-0.0062745354654388935f,-0.6095325604467914f,-0.7927362032604992f,-0.05143966958605983f,0f,0f,0f,1f], start_interpolation: 0, interpolation_duration: 1 }
$data merge entity $(bone_tail_4) { transformation: [-2.5082771880453905f,-0.8853187460303897f,0.7419013394369127f,0.1898704120708077f,-0.7622667180535176f,2.601313876585845f,0.5270454417124237f,0.7218049452179204f,-0.8678457985604506f,0.27393094934509066f,-2.6071952049111835f,-1.79535882327411f,0f,0f,0f,1f], start_interpolation: 0, interpolation_duration: 1 }
$data merge entity $(bone_tail_3) { transformation: [-1.9634530603185196f,-0.47782673805371195f,0.5024730981567397f,0.1093454528347394f,-0.5034814264822942f,2.019972696642078f,-0.046500366152660746f,0.7099226702926583f,-0.4767641546484356f,-0.1653403739741952f,-2.020223756820239f,-1.4511855443615895f,0f,0f,0f,1f], start_interpolation: 0, interpolation_duration: 1 }
$data merge entity $(bone_tail_2) { transformation: [-1.9267745579747355f,-0.21797366526224682f,0.24248950285771315f,0.0627905726100596f,-0.26265546935370987f,1.8987384291156941f,-0.3802346081311184f,0.7808650444817387f,-0.1931988151170222f,-0.4074969129382268f,-1.901419038188576f,-1.0979557230825492f,0f,0f,0f,1f], start_interpolation: 0, interpolation_duration: 1 }
$data merge entity $(bone_tail_1) { transformation: [-1.4987056576143964f,0.008847320670610509f,0.20361563484062573f,0.020298431654533475f,-0.004579159914038492f,1.509231020071022f,-0.09928247252090709f,0.7837851095745281f,-0.2037563081945718f,-0.09899344913848795f,-1.4954397058720168f,-0.7747490273355431f,0f,0f,0f,1f], start_interpolation: 0, interpolation_duration: 1 }
$data merge entity $(bone_tail_0) { transformation: [-1.2763150229077764f,0.002236850317197511f,0.06964679019602017f,4.906301209357496e-17f,0.009770803125408659f,1.2706803868266703f,0.13824471969784502f,0.7740505706251639f,-0.06899427722814773f,0.1385715252810248f,-1.2688078809162102f,-0.4006298969444459f,0f,0f,0f,1f], start_interpolation: 0, interpolation_duration: 1 }
$data merge entity $(bone_body_1) { transformation: [-1.2363675f,-4.5530271099217747e-17f,1.4440357116846702e-16f,1.8557991432579204e-17f,0f,1.1791446421042084f,0.37178287756859935f,0.6081925f,-1.5141135014448153e-16f,0.37178287756859935f,-1.1791446421042084f,-0.1515375f,0f,0f,0f,1f], start_interpolation: 0, interpolation_duration: 1 }