# This file was generated by Animated Java via MC-Build. It is not recommended to edit this file directly.
$data merge entity $(bone_head_lower) { transformation: [-1f,-7.558994045679725e-17f,9.635226374277056e-17f,-9.952975943416931e-17f,0f,0.7867759407026972f,0.6172387051468711f,0.4000350132313646f,-1.2246467991473532e-16f,0.6172387051468711f,-0.7867759407026972f,0.8128421234530174f,0f,0f,0f,1f], start_interpolation: 0, interpolation_duration: 1 }
$data merge entity $(bone_head_upper) { transformation: [-1.0408995833333334f,-8.98455274426324e-17f,9.042819057046203e-17f,-0.0003231250000000953f,0f,0.7384022122412902f,0.7336444067398564f,0.4671911523202279f,-1.2747343429629804e-16f,0.7336444067398564f,-0.7384022122412902f,0.7784124115066695f,0f,0f,0f,1f], start_interpolation: 0, interpolation_duration: 1 }
$data merge entity $(bone_neck_0) { transformation: [-1f,-1.97048200859998e-17f,1.2086901129734185e-16f,-8.719256374040573e-17f,0f,0.9869703769404826f,0.16090206661805725f,0.4615750018519256f,-1.2246467991473532e-16f,0.16090206661805725f,-0.9869703769404826f,0.7119813141316551f,0f,0f,0f,1f], start_interpolation: 0, interpolation_duration: 1 }
$data merge entity $(bone_neck_1) { transformation: [-1f,-4.0394143140590315e-17f,1.1561103332535381e-16f,-7.758488259111668e-17f,0f,0.9440357285533f,0.3298432100481077f,0.4938661055321112f,-1.2246467991473532e-16f,0.3298432100481077f,-0.9440357285533f,0.6335286438925437f,0f,0f,0f,1f], start_interpolation: 0, interpolation_duration: 1 }
$data merge entity $(bone_neck_2) { transformation: [-1f,-4.002026740009934e-17f,1.157409867931111e-16f,-6.783692752115329e-17f,0f,0.945096879146661f,0.32679028294495205f,0.5317484743776064f,-1.2246467991473532e-16f,0.32679028294495205f,-0.945096879146661f,0.5539305501666605f,0f,0f,0f,1f], start_interpolation: 0, interpolation_duration: 1 }
$data merge entity $(bone_body_0) { transformation: [-1f,-5.737246006879865e-18f,1.2233021636077946e-16f,-1.0237809728402334e-17f,0f,0.9989020217580329f,0.04684816888325968f,0.5633436310764258f,-1.2246467991473532e-16f,0.04684816888325968f,-0.9989020217580329f,0.08359806056350533f,0f,0f,0f,1f], start_interpolation: 0, interpolation_duration: 1 }
$data merge entity $(bone_leg_left_3) { transformation: [-0.9877507317223709f,0.0058017946112368796f,-0.15593213639660553f,0.21915199349300052f,-0.012704222294677263f,0.9930008982230283f,0.11742154344133943f,0.12631457956481712f,0.15552200718164633f,0.11796421197781959f,-0.9807636565323188f,0.06686278376525316f,0f,0f,0f,1f], start_interpolation: 0, interpolation_duration: 1 }
$data merge entity $(bone_leg_left_2) { transformation: [-1.0136151067708812f,-0.06846410982937294f,-0.1412773176834159f,0.1972545065146475f,-0.013172402855138026f,0.9568613124226472f,-0.3691952276134206f,0.33792734060360896f,0.15643881433190185f,-0.3630307066279312f,-0.9464659544412299f,-0.046766488412243734f,0f,0f,0f,1f], start_interpolation: 0, interpolation_duration: 1 }
$data merge entity $(bone_leg_left_1) { transformation: [-0.9444532573346706f,0.08325245060417223f,0.3179262086999597f,0.2218193587216623f,0.3244674736107873f,0.38997429791836413f,0.8617661547842965f,0.39170435289541006f,-0.052238905794086916f,0.9170545656783349f,-0.3953252082652429f,0.22437551616244528f,0f,0f,0f,1f], start_interpolation: 0, interpolation_duration: 1 }
$data merge entity $(bone_leg_left_0) { transformation: [-0.9561733076250295f,0.16928188377738904f,-0.23890636159422207f,0.19655375000000003f,0.2927650468779495f,0.5398985495224705f,-0.7891756354260341f,0.7019713380160799f,-0.004607940099725635f,-0.8245321097739683f,-0.5657964005185313f,-0.05383901531372877f,0f,0f,0f,1f], start_interpolation: 0, interpolation_duration: 1 }
$data merge entity $(bone_leg_right_3) { transformation: [-0.9859273258178407f,0.008444990788837203f,0.16696104436741474f,-0.1871917437666844f,0.0002516094163952413f,0.9987970795259045f,-0.04903397417328653f,0.045635803014481474f,-0.16717429496900216f,-0.04830192605995537f,-0.984743458490848f,-0.09691554486732983f,0f,0f,0f,1f], start_interpolation: 0, interpolation_duration: 1 }
$data merge entity $(bone_leg_right_2) { transformation: [-1.0117820364330277f,0.06522868275379358f,0.1552563338428892f,-0.16561925971434538f,0.0004827904553815607f,0.946751747460463f,-0.39461765684600475f,0.254126058594418f,-0.16840153552003578f,-0.3891896030567362f,-0.9339349951724314f,-0.2162365963462705f,0f,0f,0f,1f], start_interpolation: 0, interpolation_duration: 1 }
$data merge entity $(bone_leg_right_1) { transformation: [-0.9391564785414065f,-0.10085915078965008f,-0.3283482001103327f,-0.19430907015028073f,-0.34210387733032405f,0.3604315774578276f,0.8677868488786984f,0.2992066819071146f,0.030822815076873768f,0.9273168334896401f,-0.3730059575898007f,0.05608310150655563f,0f,0f,0f,1f], start_interpolation: 0, interpolation_duration: 1 }
$data merge entity $(bone_leg_right_0) { transformation: [-0.9561733076250295f,-0.26162146303143424f,0.13147933627267253f,-0.19655374999999997f,-0.2927650468779495f,0.8471797316860847f,-0.44336793924103896f,0.7019713380160799f,0.004607940099725413f,-0.46242914300634796f,-0.8866442660878443f,-0.05383901531372881f,0f,0f,0f,1f], start_interpolation: 0, interpolation_duration: 1 }
$data merge entity $(bone_tail_4) { transformation: [-2.198078269247916f,-1.3070802479089223f,1.0419474455971545f,0.28682128649154365f,-1.1956268369729954f,2.432344367464457f,0.5289978037514728f,0.6610858835048923f,-1.1681565479720755f,-0.03005719864326521f,-2.5020328087056902f,-1.7709708698381896f,0f,0f,0f,1f], start_interpolation: 0, interpolation_duration: 1 }
$data merge entity $(bone_tail_3) { transformation: [-1.8170950642704151f,-0.6953994073367393f,0.7419775722515153f,0.16781433850525757f,-0.7914379571078478f,1.9210941649177211f,-0.13772688776155936f,0.6656398595068774f,-0.6385428830528908f,-0.40219696647195124f,-1.940733395576968f,-1.4379583909904317f,0f,0f,0f,1f], start_interpolation: 0, interpolation_duration: 1 }
$data merge entity $(bone_tail_2) { transformation: [-1.8944946011566082f,-0.2939001944256581f,0.3785323723379569f,0.0959751882958079f,-0.3990542178446143f,1.822169009501476f,-0.5824342941788461f,0.7740516344139624f,-0.26536731602001107f,-0.6419475457790516f,-1.8265424744744823f,-1.0987571122077298f,0f,0f,0f,1f], start_interpolation: 0, interpolation_duration: 1 }
$data merge entity $(bone_tail_1) { transformation: [-1.4806648844271506f,0.02506287014061227f,0.30766800705411085f,0.030876683766394f,-0.014037129339716303f,1.500480270766547f,-0.18978452529184592f,0.7965627362778563f,-0.30836781450766493f,-0.1886453274816686f,-1.4686655444297387f,-0.7801160727923159f,0f,0f,0f,1f], start_interpolation: 0, interpolation_duration: 1 }
$data merge entity $(bone_tail_0) { transformation: [-1.2738343251313928f,0.0009517600581767103f,0.10573988298588424f,4.979673740376827e-17f,0.010948136082321484f,1.2724821174738208f,0.1204371853278387f,0.7920754517270312f,-0.10517588610228015f,0.12093002706590646f,-1.268128415469217f,-0.4066212187745781f,0f,0f,0f,1f], start_interpolation: 0, interpolation_duration: 1 }
$data merge entity $(bone_body_1) { transformation: [-1.2363675f,-4.013271619933886e-17f,1.459957603598067e-16f,1.8557991432579204e-17f,0f,1.192145853493878f,0.32770849707263205f,0.6355883333333334f,-1.5141135014448153e-16f,0.32770849707263205f,-1.192145853493878f,-0.1515375f,0f,0f,0f,1f], start_interpolation: 0, interpolation_duration: 1 }