# This file was generated by Animated Java via MC-Build. It is not recommended to edit this file directly.
$data merge entity $(bone_head_lower) { transformation: [-1f,-8.067329989205232e-17f,9.21380296682405e-17f,-9.969238976004213e-17f,0f,0.7523641080219258f,0.6587474849746081f,0.4220355627622575f,-1.2246467991473532e-16f,0.6587474849746081f,-0.7523641080219258f,0.8137717200698111f,0f,0f,0f,1f], start_interpolation: 0, interpolation_duration: 1 }
$data merge entity $(bone_head_upper) { transformation: [-1.0408995833333334f,-8.935425041902886e-17f,9.091366444790406e-17f,-0.0003231250000000954f,0f,0.7423664072874047f,0.7296328254092588f,0.48900416895469123f,-1.2747343429629804e-16f,0.7296328254092588f,-0.7423664072874047f,0.7789786479623647f,0f,0f,0f,1f], start_interpolation: 0, interpolation_duration: 1 }
$data merge entity $(bone_neck_0) { transformation: [-1f,-1.7080813727597882e-17f,1.2126765285525106e-16f,-8.727872333932999e-17f,0f,0.9902255322896554f,0.13947542866637305f,0.4819496946267535f,-1.2246467991473532e-16f,0.13947542866637305f,-0.9902255322896554f,0.7126848606479584f,0f,0f,0f,1f], start_interpolation: 0, interpolation_duration: 1 }
$data merge entity $(bone_neck_1) { transformation: [-1f,-3.7879224714956017e-17f,1.1645927254457863e-16f,-7.758759928021075e-17f,0f,0.9509621274122637f,0.3093073426667101f,0.5125330498602187f,-1.2246467991473532e-16f,0.3093073426667101f,-0.9509621274122637f,0.6335508273424652f,0f,0f,0f,1f], start_interpolation: 0, interpolation_duration: 1 }
$data merge entity $(bone_neck_2) { transformation: [-1f,-3.6870410109785115e-17f,1.1678257868772567e-16f,-6.771755387680694e-17f,0f,0.95360212241631f,0.3010697462766875f,0.5482453784369359f,-1.2246467991473532e-16f,0.3010697462766875f,-0.95360212241631f,0.5529557903875184f,0f,0f,0f,1f], start_interpolation: 0, interpolation_duration: 1 }
$data merge entity $(bone_body_0) { transformation: [-1f,-6.399971638506482e-18f,1.222973351698429e-16f,-1.0140246156088188e-17f,0f,0.9986335264583311f,0.05225973434105563f,0.5823884278892952f,-1.2246467991473532e-16f,0.05225973434105563f,-0.9986335264583311f,0.08280139353769772f,0f,0f,0f,1f], start_interpolation: 0, interpolation_duration: 1 }
$data merge entity $(bone_leg_left_3) { transformation: [-0.9711042500988629f,0.02266446820894566f,-0.23757705554352357f,0.22611005316960844f,0.04314595472371563f,0.9957498365877917f,-0.08136761964298972f,0.17554958203183935f,0.23472316040583618f,-0.08926693013760945f,-0.9679547784648332f,0.1955880675732889f,0f,0f,0f,1f], start_interpolation: 0, interpolation_duration: 1 }
$data merge entity $(bone_leg_left_2) { transformation: [-0.9967908654332461f,-0.11640159720050702f,-0.21194536621192056f,0.190880549018705f,0.04317445637417049f,0.798914741628949f,-0.6418203809676349f,0.3420073036776339f,0.2379204413377066f,-0.6326516444915132f,-0.7714972195779778f,0.024644272693836344f,0f,0f,0f,1f], start_interpolation: 0, interpolation_duration: 1 }
$data merge entity $(bone_leg_left_1) { transformation: [-0.9471436568041209f,0.15807816508027261f,0.27915978775706823f,0.23788281612496512f,0.31620185473399426f,0.6069535539254305f,0.729125346178606f,0.46193018527616136f,-0.05417822845478879f,0.7788572893041088f,-0.6248568175665183f,0.27045451457920416f,0f,0f,0f,1f], start_interpolation: 0, interpolation_duration: 1 }
$data merge entity $(bone_leg_left_0) { transformation: [-0.9561733076250295f,0.12279169612842797f,-0.26580971605137843f,0.19655375000000003f,0.29279779029010045f,0.3965345615738196f,-0.8700745919050237f,0.7224972973351628f,-0.0014351956817727496f,-0.909770597919807f,-0.41510890062005723f,-0.05312540904233827f,0f,0f,0f,1f], start_interpolation: 0, interpolation_duration: 1 }
$data merge entity $(bone_leg_right_3) { transformation: [-0.9981398481220454f,0.027713157423820845f,0.05430307999094208f,-0.20603733957725162f,0.042773875866470086f,0.9530259490146655f,0.29985319082520323f,0.12053671516982509f,-0.04344236566141314f,0.3016181715518786f,-0.9524385751613808f,-0.29070898456677396f,0f,0f,0f,1f], start_interpolation: 0, interpolation_duration: 1 }
$data merge entity $(bone_leg_right_2) { transformation: [-1.0239611475840158f,0.0417128503237753f,0.04272944952823421f,-0.19340505226049223f,0.042810206992043076f,1.0244825381305527f,0.025787879780493572f,0.3600726534939758f,-0.04162996416546632f,0.027527562262959333f,-1.02448590956642f,-0.31588896936285965f,0f,0f,0f,1f], start_interpolation: 0, interpolation_duration: 1 }
$data merge entity $(bone_leg_right_1) { transformation: [-0.9378154643738312f,0.012291003707162712f,-0.34691654040873543f,-0.1903439993885393f,-0.34686268727407865f,0.006339711898309813f,0.9378944952552236f,0.30514456097052706f,0.013727015637059137f,0.9999043650674381f,-0.0016821892827476037f,-0.04388360127830117f,0f,0f,0f,1f], start_interpolation: 0, interpolation_duration: 1 }
$data merge entity $(bone_leg_right_0) { transformation: [-0.9561733076250295f,-0.2855908565224075f,0.06457916425758625f,-0.19655374999999997f,-0.29279779029010056f,0.9315345420799037f,-0.2156683818115636f,0.7224972973351628f,0.0014351956817725137f,-0.22512498658030322f,-0.974328835984327f,-0.053125409042338326f,0f,0f,0f,1f], start_interpolation: 0, interpolation_duration: 1 }
$data merge entity $(bone_tail_4) { transformation: [-2.303648473083864f,-1.2321860452403839f,0.8947528116598683f,0.2578729440094391f,-1.1068096520258188f,2.4692502939666725f,0.5508508977282219f,0.6735142523370382f,-1.045866835806961f,0.10090523901346127f,-2.5537505802444316f,-1.7694268678320704f,0f,0f,0f,1f], start_interpolation: 0, interpolation_duration: 1 }
$data merge entity $(bone_tail_3) { transformation: [-1.867144133242084f,-0.6519199220048525f,0.6517044783007842f,0.1537474958956263f,-0.730810426354409f,1.9441344083572791f,-0.14900687573875204f,0.6797554305877218f,-0.5618135210866658f,-0.3623359540246092f,-1.9720607876000482f,-1.4314924922738763f,0f,0f,0f,1f], start_interpolation: 0, interpolation_duration: 1 }
$data merge entity $(bone_tail_2) { transformation: [-1.907229535736368f,-0.24033592235765486f,0.3514086189069778f,0.08695392119665998f,-0.3523046058140414f,1.7965640006301327f,-0.6833835902074638f,0.8069619351206401f,-0.2390205801595906f,-0.7303220598250645f,-1.7967394708737894f,-1.0978330737756254f,0f,0f,0f,1f], start_interpolation: 0, interpolation_duration: 1 }
$data merge entity $(bone_tail_1) { transformation: [-1.4862737113334372f,0.032561401771224435f,0.27854346180412165f,0.02803639057462593f,-0.0059981529541638864f,1.4982357057337574f,-0.20714739251462794f,0.8332290895695468f,-0.2803760459815884f,-0.2046601455563926f,-1.472127626145426f,-0.7782780109439015f,0f,0f,0f,1f], start_interpolation: 0, interpolation_duration: 1 }
$data merge entity $(bone_tail_0) { transformation: [-1.2746172774720244f,-0.0012545471201758163f,0.0958380856724289f,4.958723588230826e-17f,0.010949593747606567f,1.267832667257606f,0.16222253485645816f,0.8164189551885929f,-0.09521879515408155f,0.16258680921285001f,-1.2642525962415174f,-0.40491050902866704f,0f,0f,0f,1f], start_interpolation: 0, interpolation_duration: 1 }
$data merge entity $(bone_body_1) { transformation: [-1.2363675f,-4.171240572833035e-17f,1.4555230043159724e-16f,1.8557991432579204e-17f,0f,1.188524728378308f,0.34060764097348034f,0.657176875f,-1.5141135014448153e-16f,0.34060764097348034f,-1.188524728378308f,-0.1515375f,0f,0f,0f,1f], start_interpolation: 0, interpolation_duration: 1 }