# This file was generated by Animated Java via MC-Build. It is not recommended to edit this file directly.
$data merge entity $(bone_head_lower) { transformation: [-0.9996470566838404f,0.014520773820122844f,0.022246554587165766f,-0.04970536332358421f,0.017960227565392672f,0.9864334257453701f,0.16317636715545858f,0.3927455979259288f,-0.01957529793219557f,0.163518328330247f,-0.9863460670631519f,0.8069401123233088f,0f,0f,0f,1f], start_interpolation: 0, interpolation_duration: 1 }
$data merge entity $(bone_head_upper) { transformation: [-1.0405322047826027f,-0.004797234581149566f,0.02723343412308927f,-0.048258693711920896f,0.01869479338938908f,0.6333204836702366f,0.8258496305304817f,0.46390434318603824f,-0.02037591946124823f,0.8260472710974707f,-0.6330107980137764f,0.7818443634435003f,0f,0f,0f,1f], start_interpolation: 0, interpolation_duration: 1 }
$data merge entity $(bone_neck_0) { transformation: [-0.9988992425153177f,0.011556860240011249f,0.04546143732568583f,-0.04518389212731763f,0.01892241192518794f,0.9860963184724235f,0.16509389153468434f,0.45856731727995964f,-0.042921388948377714f,0.1657724032416899f,-0.9852295492392708f,0.7154606455302194f,0f,0f,0f,1f], start_interpolation: 0, interpolation_duration: 1 }
$data merge entity $(bone_neck_1) { transformation: [-0.998227324484883f,0.0054297995831227375f,0.05926825396651256f,-0.040138078712566215f,0.01925770133015768f,0.9717259948829109f,0.23532473692388411f,0.48297903132726094f,-0.05631473689213469f,0.2360489528578848f,-0.9701080054630339f,0.6343672128196259f,0f,0f,0f,1f], start_interpolation: 0, interpolation_duration: 1 }
$data merge entity $(bone_neck_2) { transformation: [-0.998227324484883f,0.0007079112916649043f,0.05951224675102634f,-0.034917428661335716f,0.01925770133015768f,0.9499793564590854f,0.31171840375739807f,0.5195887930212695f,-0.05631473689213469f,0.3123118972488639f,-0.9483089840582472f,0.5543459621677451f,0f,0f,0f,1f], start_interpolation: 0, interpolation_duration: 1 }
$data merge entity $(bone_body_0) { transformation: [-0.998227324484883f,0.013860520310387455f,0.05788000197371497f,-0.007506761999524427f,0.01925770133015768f,0.9954088039029002f,0.09375742131733272f,0.5732588272159784f,-0.05631473689213469f,0.0947058556232017f,-0.9939111888491078f,0.08682153768724943f,0f,0f,0f,1f], start_interpolation: 0, interpolation_duration: 1 }
$data merge entity $(bone_leg_left_3) { transformation: [-0.9881512630269914f,0.008440152887152164f,-0.15325092233785464f,0.1909714241591327f,0.004528495164083416f,0.9996554289692506f,0.025855677594136234f,0.028986521332350884f,0.15341634238147683f,0.024855324410365864f,-0.9878489959192877f,-0.16030191619435752f,0f,0f,0f,1f], start_interpolation: 0, interpolation_duration: 1 }
$data merge entity $(bone_leg_left_2) { transformation: [-1.0170661841161206f,-0.03492642887991485f,-0.12813555788251885f,0.1772923072306741f,-0.0006692421447190398f,0.9909327625941807f,-0.26479050517930347f,0.2517872586344565f,0.1328086169761579f,-0.2624778163652223f,-0.9826135897053934f,-0.25164623886255233f,0f,0f,0f,1f], start_interpolation: 0, interpolation_duration: 1 }
$data merge entity $(bone_leg_left_1) { transformation: [-0.9452633583605476f,0.06959285155736548f,0.31880090707689906f,0.19811601618559127f,0.3227972991943051f,0.34236673859096917f,0.8823757249264312f,0.2915709930461458f,-0.047739783973132714f,0.9369855128648988f,-0.3460911176373951f,0.022209586858549832f,0f,0f,0f,1f], start_interpolation: 0, interpolation_duration: 1 }
$data merge entity $(bone_leg_left_0) { transformation: [-0.9622242169397167f,0.26130543295671316f,-0.0764462362844225f,0.19505300079869553f,0.2709214030700041f,0.891188542530673f,-0.36384691151724097f,0.7026015465798623f,-0.026947164847705672f,-0.3708132311142085f,-0.9283164320086719f,-0.05094627799833869f,0f,0f,0f,1f], start_interpolation: 0, interpolation_duration: 1 }
$data merge entity $(bone_leg_right_3) { transformation: [-0.9823285210464524f,-0.002238377893765353f,0.187151453115103f,-0.19860624421452613f,0.017075954623057575f,0.9946863551843311f,0.10152569420507271f,0.05236858677162312f,-0.18638424963607086f,0.10292737475771638f,-0.9770705537539673f,-0.1543891197225748f,0f,0f,0f,1f], start_interpolation: 0, interpolation_duration: 1 }
$data merge entity $(bone_leg_right_2) { transformation: [-1.0078861589182169f,0.06934053737183865f,0.17725569113222386f,-0.17540145812236319f,0.0352526476953572f,1.0066934447335851f,-0.19335914424094255f,0.28099701325608095f,-0.18704261811748873f,-0.1839086667563745f,-0.9915920838733755f,-0.22761242592813657f,0f,0f,0f,1f], start_interpolation: 0, interpolation_duration: 1 }
$data merge entity $(bone_leg_right_1) { transformation: [-0.9460087361825666f,-0.11305216162907616f,-0.303787227870522f,-0.2088428174293203f,-0.3237924651430983f,0.2861308456751402f,0.901824583092402f,0.3044518990784393f,-0.01503032211293749f,0.9514979495007978f,-0.3072877178036229f,0.0468778826048402f,0f,0f,0f,1f], start_interpolation: 0, interpolation_duration: 1 }
$data merge entity $(bone_leg_right_0) { transformation: [-0.960747641652065f,-0.2219436722590852f,0.16644811625292427f,-0.19782350079093025f,-0.27420466913313907f,0.8508302522165482f,-0.44821834114492776f,0.7068866016970563f,-0.0421398681248642f,-0.47626556484515736f,-0.8782911494812767f,-0.06372122839312967f,0f,0f,0f,1f], start_interpolation: 0, interpolation_duration: 1 }
$data merge entity $(bone_tail_4) { transformation: [-2.7595950492892984f,-0.05551136501898485f,-0.08494106128203631f,0.03011723466744264f,-0.06347292297730893f,2.74785375017135f,0.26633116099691145f,0.6548465781879896f,0.07916870332843805f,0.26810368819353325f,-2.7472739325357276f,-1.822239003832135f,0f,0f,0f,1f], start_interpolation: 0, interpolation_duration: 1 }
$data merge entity $(bone_tail_3) { transformation: [-2.0814645725530734f,-0.05249917756439726f,-0.02635518176671192f,0.035099845230006595f,-0.05031931331353242f,2.0755050049410646f,-0.16028869959136136f,0.6617151724322329f,0.030310492548770916f,-0.15958802230774394f,-2.0759476060878317f,-1.4686733105870813f,0f,0f,0f,1f], start_interpolation: 0, interpolation_duration: 1 }
$data merge entity $(bone_tail_2) { transformation: [-1.953805649261077f,-0.03646536298004056f,0.009361475365060521f,0.031906158552827246f,-0.03761195743328345f,1.9118456564979902f,-0.4027473170495136f,0.7370121362403741f,-0.0016433430298085203f,-0.4028527498171986f,-1.912192677632457f,-1.1132979434387318f,0f,0f,0f,1f], start_interpolation: 0, interpolation_duration: 1 }
$data merge entity $(bone_tail_1) { transformation: [-1.5121844344528328f,-0.004922360746759573f,0.030500107593990414f,0.026847744981646226f,-0.008344382766964923f,1.5027583632384116f,-0.17118388648832641f,0.7554873021443576f,-0.02974655399881824f,-0.17131643844561037f,-1.502471986575293f,-0.7878601495428916f,0f,0f,0f,1f], start_interpolation: 0, interpolation_duration: 1 }
$data merge entity $(bone_tail_0) { transformation: [-1.2770675934920677f,-0.0009011318396923086f,0.05415963624151952f,0.010999294568295088f,0.00047010536553080795f,1.2778064230619837f,0.03234564524803168f,0.7768708980209944f,-0.05416509242447133f,0.03233650764961653f,-1.2766582195794232f,-0.414010607952078f,0f,0f,0f,1f], start_interpolation: 0, interpolation_duration: 1 }
$data merge entity $(bone_body_1) { transformation: [-1.2356409839016342f,0.004476697523386157f,0.042141584428394066f,0.0009004291512030575f,0.013476982460541667f,1.207134129220617f,0.2669272561406776f,0.633505f,-0.04017866227999148f,0.2672297668792097f,-1.206473589369997f,-0.1515222196204176f,0f,0f,0f,1f], start_interpolation: 0, interpolation_duration: 1 }