# This file was generated by Animated Java via MC-Build. It is not recommended to edit this file directly.
$data merge entity $(bone_head_lower) { transformation: [-0.9642338623801692f,0.16896100286572754f,0.2042186038293984f,-0.45965493947174346f,0.2644791001914472f,0.5626588806819479f,0.7832405693984832f,0.7257157719744399f,0.017431701045611703f,0.8092386319870951f,-0.5872213997278293f,0.6453625538699862f,0f,0f,0f,1f], start_interpolation: 0, interpolation_duration: 1 }
$data merge entity $(bone_head_upper) { transformation: [-1.0036706255874088f,0.1652003021107775f,0.22096623746399482f,-0.44102414815256397f,0.2752961851896524f,0.5448519330352233f,0.8431016095769907f,0.7961569417105967f,0.018144650355168455f,0.8713880730385261f,-0.569056711069468f,0.6257057048646139f,0f,0f,0f,1f], start_interpolation: 0, interpolation_duration: 1 }
$data merge entity $(bone_neck_0) { transformation: [-0.8767599363556675f,0.21628916967878387f,0.4295474468336047f,-0.41647628055048513f,0.25847365805657097f,0.9651216903821277f,0.041611186534382866f,0.7830983451140537f,-0.405565509002505f,0.1475097211495116f,-0.902085084719802f,0.5651118808772102f,0f,0f,0f,1f], start_interpolation: 0, interpolation_duration: 1 }
$data merge entity $(bone_neck_1) { transformation: [-0.7684741320775832f,0.23362093330877365f,0.5957086266351554f,-0.3649356787616261f,0.17730773156344107f,0.972258347039524f,-0.1525636750337354f,0.7746532721129793f,-0.6148247527998788f,-0.011617492496663922f,-0.7885781871270964f,0.4982554380030935f,0f,0f,0f,1f], start_interpolation: 0, interpolation_duration: 1 }
$data merge entity $(bone_neck_2) { transformation: [-0.7684741320775832f,0.25652132634105607f,0.5862118366766667f,-0.31106762116926706f,0.17730773156344107f,0.9656188236505019f,-0.19011116679366186f,0.7674521198634068f,-0.6148247527998788f,-0.04215562292323771f,-0.7875363018937741f,0.42884862153925185f,0f,0f,0f,1f], start_interpolation: 0, interpolation_duration: 1 }
$data merge entity $(bone_body_0) { transformation: [-0.7684741320775832f,0.4236111331719521f,0.4795843160283498f,-0.08100590590891162f,0.17730773156344107f,0.8611116969923758f,-0.4764961842772064f,0.551084420377724f,-0.6148247527998788f,-0.2811409844823151f,-0.7368515930558084f,0.07889500962209864f,0f,0f,0f,1f], start_interpolation: 0, interpolation_duration: 1 }
$data merge entity $(bone_leg_left_3) { transformation: [-0.907937263558199f,-0.2131590845399222f,-0.36085056480564326f,0.34234008110266795f,-0.13113775035287262f,0.9622572103357129f,-0.23846163546641835f,0.15114813615434808f,0.398061321751859f,-0.16918707348681736f,-0.9016223812051969f,0.14318639391401197f,0f,0f,0f,1f], start_interpolation: 0, interpolation_duration: 1 }
$data merge entity $(bone_leg_left_2) { transformation: [-0.9865688622881946f,-0.2806060910659939f,0.002073914350862853f,0.2754647604296501f,-0.2632924152858978f,0.9230239337683729f,-0.3616159858805619f,0.3547196551204532f,0.09706278131699025f,-0.34835217646530603f,-0.9598394538336027f,0.03247325008398f,0f,0f,0f,1f], start_interpolation: 0, interpolation_duration: 1 }
$data merge entity $(bone_leg_left_1) { transformation: [-0.9954099763780778f,-0.03938245122973188f,0.08722385833092075f,0.27996396458653433f,0.07877233000807213f,0.18043384117302053f,0.9804277377678828f,0.35017088041761735f,-0.05434978336749953f,0.9827983778449612f,-0.17650339813504723f,0.30991234514886656f,0f,0f,0f,1f], start_interpolation: 0, interpolation_duration: 1 }
$data merge entity $(bone_leg_left_0) { transformation: [-0.9986534377719748f,0.025714340306608297f,-0.04505645268785066f,0.17760907452325406f,0.051810509542462885f,0.45012315247136486f,-0.8914621801906074f,0.6054987515650905f,-0.0026424093488601197f,-0.8925961686629833f,-0.4508493067101209f,-0.004155216467875977f,0f,0f,0f,1f], start_interpolation: 0, interpolation_duration: 1 }
$data merge entity $(bone_leg_right_3) { transformation: [-0.7642272318430391f,0.09743042503702305f,0.6375453320248146f,-0.2670867062914757f,-0.005637207511748109f,0.9874766193691178f,-0.15766466976088153f,0.017859769751569637f,-0.6449224449505504f,-0.12408560946557531f,-0.7541072878062914f,-0.16602336302734982f,0f,0f,0f,1f], start_interpolation: 0, interpolation_duration: 1 }
$data merge entity $(bone_leg_right_2) { transformation: [-0.7770120417209232f,0.28962012408998733f,0.6036842471387481f,-0.17971468904816773f,0.1280791410325539f,0.971995851478091f,-0.30146641246155137f,0.23491522980592852f,-0.6571987676142889f,-0.1529916596817461f,-0.772493062373235f,-0.22453942859434867f,0f,0f,0f,1f], start_interpolation: 0, interpolation_duration: 1 }
$data merge entity $(bone_leg_right_1) { transformation: [-0.8726622424354696f,-0.4853283273636037f,0.054009492554036906f,-0.33180730400410174f,-0.20085472344946995f,0.45754897095226343f,0.8662022392308633f,0.30927672094621f,-0.4451044716642767f,0.7450539267992429f,-0.49676619799005384f,-0.00464947709354574f,0f,0f,0f,1f], start_interpolation: 0, interpolation_duration: 1 }
$data merge entity $(bone_leg_right_0) { transformation: [-0.8615739821609768f,0.22192705192651643f,0.45655082618092185f,-0.18165756822284798f,-0.1574633885182323f,0.7381729352194958f,-0.6559771329747633f,0.6708171983295808f,-0.48259253469115465f,-0.6370628707848538f,-0.6010452097203067f,-0.1497384795116379f,0f,0f,0f,1f], start_interpolation: 0, interpolation_duration: 1 }
$data merge entity $(bone_tail_4) { transformation: [-1.3874307503388383f,-1.3791468502714446f,-1.9490128809221763f,0.09558925921404693f,-1.0633440116927633f,2.375206715104008f,-0.9237715653352658f,0.46650870939239625f,2.137755074233563f,0.2863710137412335f,-1.724429243743411f,-1.7054219980998286f,0f,0f,0f,1f], start_interpolation: 0, interpolation_duration: 1 }
$data merge entity $(bone_tail_3) { transformation: [-1.3649242926059366f,-1.2731189595029653f,-0.9230900911897576f,0.2645696951893826f,-1.0517919310431059f,1.6477554600742412f,-0.7173431561202652f,0.5720190191097798f,1.1690427431412596f,-0.003947758105132873f,-1.723156698028112f,-1.4131996679542818f,0f,0f,0f,1f], start_interpolation: 0, interpolation_duration: 1 }
$data merge entity $(bone_tail_2) { transformation: [-1.6184943096295226f,-1.0508516991406485f,-0.30815702346830237f,0.320408572076177f,-0.9438150792954446f,1.617420638346691f,-0.558513607486418f,0.675532449446069f,0.5553945811710489f,-0.31374362155456087f,-1.8471263286907151f,-1.0694868902791184f,0f,0f,0f,1f], start_interpolation: 0, interpolation_duration: 1 }
$data merge entity $(bone_tail_1) { transformation: [-1.4663931908575738f,-0.3552027739434328f,0.10572723958107673f,0.30340018753631526f,-0.35679725344294594f,1.4697742285576776f,-0.010755789290155603f,0.660221377786623f,-0.10021466829817889f,-0.03536886272662181f,-1.5087618479426474f,-0.7442900838083111f,0f,0f,0f,1f], start_interpolation: 0, interpolation_duration: 1 }
$data merge entity $(bone_tail_0) { transformation: [-1.1247770941078719f,-0.1922501019199894f,0.5759792561073993f,0.13044632447548607f,-0.07771255360102036f,1.24806505323462f,0.26482088001383364f,0.6129525946039938f,-0.6022233507321748f,0.19801322630129134f,-1.1099340136362583f,-0.41516315587692654f,0f,0f,0f,1f], start_interpolation: 0, interpolation_duration: 1 }
$data merge entity $(bone_body_1) { transformation: [-1.1299341806640457f,0.21429953043663977f,0.45379406527406013f,0.01051096679126414f,0.20543389462194417f,1.2175289573772226f,-0.06344090119665505f,0.5456925f,-0.45787580997884375f,0.017422521597618694f,-1.1483252124000625f,-0.14936715993633526f,0f,0f,0f,1f], start_interpolation: 0, interpolation_duration: 1 }