# This file was generated by Animated Java via MC-Build. It is not recommended to edit this file directly.
$data merge entity $(bone_head_lower) { transformation: [-0.9417061631337527f,0.1949144993219458f,0.2742222461252577f,-0.47207099688433446f,0.3357058596068549f,0.5980800810537757f,0.7277374474852396f,0.7979433596306559f,-0.022160282974926282f,0.7773728542988778f,-0.6286496379205884f,0.6305384142065695f,0f,0f,0f,1f], start_interpolation: 0, interpolation_duration: 1 }
$data merge entity $(bone_head_upper) { transformation: [-0.9802215528283552f,0.22577948422911098f,0.26769623541527793f,-0.44885119383346744f,0.3494360893873338f,0.6830077729090005f,0.7034676567995731f,0.861883800543248f,-0.02306662931514953f,0.7523270227970222f,-0.7189881250513902f,0.5978594109479154f,0f,0f,0f,1f], start_interpolation: 0, interpolation_duration: 1 }
$data merge entity $(bone_neck_0) { transformation: [-0.8530893880895135f,0.2875948189744491f,0.4353478104092332f,-0.4250933367789763f,0.274390351723399f,0.9569642186827338f,-0.09449560329483306f,0.8401515516954164f,-0.4437887231669695f,0.03884204242826256f,-0.8952892632718389f,0.5394812485711227f,0f,0f,0f,1f], start_interpolation: 0, interpolation_duration: 1 }
$data merge entity $(bone_neck_1) { transformation: [-0.743545499652788f,0.28343743543049243f,0.6056428899464367f,-0.37248167410223376f,0.1733271673436745f,0.9564596731306154f,-0.23482458716134155f,0.8246651172467979f,-0.6458310793130847f,-0.06962839845538671f,-0.7602986933579685f,0.47475320099521834f,0f,0f,0f,1f], start_interpolation: 0, interpolation_duration: 1 }
$data merge entity $(bone_neck_2) { transformation: [-0.743545499652788f,0.2956402467502544f,0.5997807386433269f,-0.31704188025069924f,0.1733271673436745f,0.9515097652840193f,-0.2541394491805012f,0.8117164707484511f,-0.6458310793130847f,-0.08500594726605545f,-0.7587332903746197f,0.40745021290627204f,0f,0f,0f,1f], start_interpolation: 0, interpolation_duration: 1 }
$data merge entity $(bone_body_0) { transformation: [-0.743545499652788f,0.465341050020338f,0.4802059944566034f,-0.0862896406580251f,0.1733271673436745f,0.8277127298193891f,-0.5337127785200134f,0.5680646380473302f,-0.6458310793130847f,-0.31360698981512586f,-0.696098321311287f,0.07639418585424107f,0f,0f,0f,1f], start_interpolation: 0, interpolation_duration: 1 }
$data merge entity $(bone_leg_left_3) { transformation: [-0.9052264583303782f,-0.15983559896063534f,-0.39372279644889185f,0.33278556718012875f,-0.08009601362041904f,0.9741326138988484f,-0.21130612660478135f,0.1586191934641803f,0.41731245816625034f,-0.1597442701429172f,-0.8946128103351467f,0.18497024594836758f,0f,0f,0f,1f], start_interpolation: 0, interpolation_duration: 1 }
$data merge entity $(bone_leg_left_2) { transformation: [-0.9885275238336372f,-0.27334311478167805f,0.012612522566206515f,0.2679258873063097f,-0.2512010718147837f,0.8877750263981464f,-0.44812467408475715f,0.3513194955996846f,0.10850601662182928f,-0.43497269294280594f,-0.9225439828277252f,0.0552363353869158f,0f,0f,0f,1f], start_interpolation: 0, interpolation_duration: 1 }
$data merge entity $(bone_leg_left_1) { transformation: [-0.9922866016826549f,-0.062300140174068236f,0.1071727234672134f,0.26507885459704394f,0.08431463325191976f,0.294591128855341f,0.9518965854646875f,0.3791864954381947f,-0.09087542429437456f,0.9535904568178248f,-0.28706601666740394f,0.33133180870098256f,0f,0f,0f,1f], start_interpolation: 0, interpolation_duration: 1 }
$data merge entity $(bone_leg_left_0) { transformation: [-0.9974474750435357f,0.05866168856356224f,-0.040710451043275586f,0.17544659662185938f,0.06061094593991448f,0.3941840707192959f,-0.91703066013271f,0.6156555753823219f,-0.0377471556748859f,-0.9171574154342519f,-0.3967334464756143f,-0.0008664922054204272f,0f,0f,0f,1f], start_interpolation: 0, interpolation_duration: 1 }
$data merge entity $(bone_leg_right_3) { transformation: [-0.7268275837386788f,0.10607288826533298f,0.6785795501572709f,-0.24011909881911508f,-0.01846021765103184f,0.9846280563784443f,-0.1736859549781843f,0.0041899309915045535f,-0.6865718344651712f,-0.1387664691755811f,-0.7136967024946045f,-0.2150323865003751f,0f,0f,0f,1f], start_interpolation: 0, interpolation_duration: 1 }
$data merge entity $(bone_leg_right_2) { transformation: [-0.7343221243488242f,0.3228652811686819f,0.6392114105743048f,-0.14396596346031723f,0.12847852421816622f,0.9600814465897161f,-0.3373411985358666f,0.2173588493932934f,-0.7045044258251658f,-0.1614429485321697f,-0.7277856056990183f,-0.27406338559491716f,0f,0f,0f,1f], start_interpolation: 0, interpolation_duration: 1 }
$data merge entity $(bone_leg_right_1) { transformation: [-0.847364923276758f,-0.5221702862210079f,0.09649289604963113f,-0.30781673581336666f,-0.19569211742419929f,0.47600389411508237f,0.8573942430208586f,0.29730392605517886f,-0.49363679155651224f,0.7076429078109583f,-0.5055336121828539f,-0.06483839957125873f,0f,0f,0f,1f], start_interpolation: 0, interpolation_duration: 1 }
$data merge entity $(bone_leg_right_0) { transformation: [-0.8383024382747649f,0.1873690989981332f,0.5119978932800524f,-0.17845522660138916f,-0.14723088218004537f,0.8264022060013769f,-0.5434909946342658f,0.6831392168297463f,-0.5249496064529143f,-0.530991727484229f,-0.6651884665478234f,-0.15813366682398483f,0f,0f,0f,1f], start_interpolation: 0, interpolation_duration: 1 }
$data merge entity $(bone_tail_4) { transformation: [-1.049728299194518f,-1.2559989825697409f,-2.2240050326503225f,0.0013808452514735836f,-1.3811141360749084f,2.301787732352326f,-0.6480419044524791f,0.5976444527399015f,2.1485473168176314f,0.865968314995481f,-1.503164873332145f,-1.6861877133998695f,0f,0f,0f,1f], start_interpolation: 0, interpolation_duration: 1 }
$data merge entity $(bone_tail_3) { transformation: [-1.2020923867307065f,-1.223916046948501f,-1.1802325744659283f,0.21348165478755898f,-1.228577566981161f,1.6244514441064408f,-0.4332438039898484f,0.6552100590710345f,1.1753793352442303f,0.4462426938414768f,-1.6599085524565433f,-1.4090953984637964f,0f,0f,0f,1f], start_interpolation: 0, interpolation_duration: 1 }
$data merge entity $(bone_tail_2) { transformation: [-1.5577831829882736f,-1.0379314707617302f,-0.5610558722659374f,0.31638184224531285f,-1.014843236789613f,1.6526987985116863f,-0.23969514209342316f,0.6994117061575268f,0.6018127902795697f,0.100293660832561f,-1.8564849641339674f,-1.063510025820305f,0f,0f,0f,1f], start_interpolation: 0, interpolation_duration: 1 }
$data merge entity $(bone_tail_1) { transformation: [-1.4729124530191446f,-0.34283736865383485f,0.02544984077831444f,0.3165033322852737f,-0.3382631187635734f,1.4652760910142593f,0.16186503509502514f,0.6469918371183605f,-0.06134507498950271f,0.15193671628835329f,-1.5035984390847328f,-0.7417510794506431f,0f,0f,0f,1f], start_interpolation: 0, interpolation_duration: 1 }
$data merge entity $(bone_tail_0) { transformation: [-1.1214076322456488f,-0.16195677431582534f,0.591650777214438f,0.1397009184748443f,-0.06456045907838702f,1.2571740448115045f,0.2217680877851844f,0.6125238966579265f,-0.6100103163462268f,0.1646789023813376f,-1.1111273507774353f,-0.4130798472869459f,0f,0f,0f,1f], start_interpolation: 0, interpolation_duration: 1 }
$data merge entity $(bone_body_1) { transformation: [-1.1130612171580796f,0.23577340544282607f,0.4838493806968422f,0.011331703091833312f,0.21224367651914192f,1.2136390013908007f,-0.10313869854244015f,0.554755f,-0.4946230319065852f,-0.009791355640730593f,-1.1330740402632584f,-0.14899648747814012f,0f,0f,0f,1f], start_interpolation: 0, interpolation_duration: 1 }