# This file was generated by Animated Java via MC-Build. It is not recommended to edit this file directly.
$data merge entity $(bone_head_lower) { transformation: [-0.4159113495484201f,1.0383397281140463f,0.662471401901139f,-0.27900707463824054f,1.0153785296171325f,-0.10672232408517485f,0.8047464116940246f,0.41323666081339233f,0.6971543522846013f,0.7748941570059146f,-0.7768621850294495f,0.8464214629641944f,0f,0f,0f,1f], start_interpolation: 0, interpolation_duration: 1 }
$data merge entity $(bone_head_upper) { transformation: [-0.43292195044855486f,1.269689814105512f,-0.17757799340756283f,-0.2628726758698237f,1.0569070884040859f,0.45954539823296714f,0.7091071966989391f,0.47276770742569263f,0.7256676748120615f,0.08816680716540057f,-1.1387276332878034f,0.7701256102802998f,0f,0f,0f,1f], start_interpolation: 0, interpolation_duration: 1 }
$data merge entity $(bone_neck_0) { transformation: [-0.8280055965908886f,0.5605362082216024f,-0.014348912387879609f,-0.27263150780546336f,0.5568788479655705f,0.8250545171483133f,0.09576529863004744f,0.4653879479267608f,0.06551855235508175f,0.07130359742475578f,-0.9953005155688319f,0.7045890509924737f,0f,0f,0f,1f], start_interpolation: 0, interpolation_duration: 1 }
$data merge entity $(bone_neck_1) { transformation: [-0.8678082920317906f,0.36858924576303187f,0.3332427586440637f,-0.24270342775552942f,0.4472431620269485f,0.8716262139842904f,0.20060233576792755f,0.4863970716865101f,-0.21652326041560305f,0.3231249154789073f,-0.9212534758120295f,0.6280353862343218f,0f,0f,0f,1f], start_interpolation: 0, interpolation_duration: 1 }
$data merge entity $(bone_neck_2) { transformation: [-0.8678082920317906f,0.29837022532692f,0.3973461676161347f,-0.20497169238875748f,0.4472431620269485f,0.817461996974895f,0.36294550213765336f,0.526197283629167f,-0.21652326041560305f,0.4926774727346276f,-0.8428443424255851f,0.5590195208867648f,0f,0f,0f,1f], start_interpolation: 0, interpolation_duration: 1 }
$data merge entity $(bone_body_0) { transformation: [-0.9064357746964262f,0.2650531030538179f,0.32881763777515316f,-0.04747621064850302f,0.298497797274512f,0.9528361850783189f,0.05479296877939596f,0.5610979600493656f,-0.2987862971636316f,0.14781764768436045f,-0.9428025730025922f,0.11608835160654501f,0f,0f,0f,1f], start_interpolation: 0, interpolation_duration: 1 }
$data merge entity $(bone_leg_left_3) { transformation: [-0.7637227349746512f,0.03415597032728125f,-0.6446401738751942f,0.37917095817357527f,-0.04184394296094468f,0.9938799254858274f,0.10223393836573025f,0.026874694053035747f,0.6441868273415094f,0.10505266968187271f,-0.7576194744542882f,-0.04896938642557647f,0f,0f,0f,1f], start_interpolation: 0, interpolation_duration: 1 }
$data merge entity $(bone_leg_left_2) { transformation: [-0.9529123288629278f,-0.34034304085597855f,-0.16788956948730172f,0.2931706223141645f,-0.26835174445646914f,0.925153042156268f,-0.3523370394052652f,0.23122141716733902f,0.2683423825058123f,-0.2834090023810165f,-0.9485430420498565f,-0.14392954149353365f,0f,0f,0f,1f], start_interpolation: 0, interpolation_duration: 1 }
$data merge entity $(bone_leg_left_1) { transformation: [-0.9991513943910815f,0.0408926456414988f,-0.004927739724904965f,0.32443994956468836f,0.011917118931922582f,0.4015311611496628f,0.9157678247799308f,0.2914986576342033f,0.039426810202196294f,0.914931974606988f,-0.40167774207570617f,0.1251471559642081f,0f,0f,0f,1f], start_interpolation: 0, interpolation_duration: 1 }
$data merge entity $(bone_leg_left_0) { transformation: [-0.9969463599187636f,-0.0674885770557083f,-0.03928418780785667f,0.18521915815656714f,-0.03924421203968011f,0.8679295595978263f,-0.495134498290826f,0.668019907911938f,0.0675118305640712f,-0.492080858745104f,-0.8679277511351788f,0.010444941977550748f,0f,0f,0f,1f], start_interpolation: 0, interpolation_duration: 1 }
$data merge entity $(bone_leg_right_3) { transformation: [-0.7939238011921489f,-0.07868207004497124f,0.602904743515962f,-0.3381204456421546f,-0.030596731733817994f,0.995505259990205f,0.08962765945311674f,0.11988534718928578f,-0.6072469332222423f,0.05271061738656932f,-0.7927627343076293f,-0.018982853942208125f,0f,0f,0f,1f], start_interpolation: 0, interpolation_duration: 1 }
$data merge entity $(bone_leg_right_2) { transformation: [-0.8118867666825645f,0.2476942881504764f,0.5758034536228961f,-0.2613288173931966f,0.14669465402820767f,0.9911378944690523f,-0.2195189106379977f,0.3439064548292943f,-0.6094118115576447f,-0.09140794968588654f,-0.8199536756237801f,-0.06468472730242433f,0f,0f,0f,1f], start_interpolation: 0, interpolation_duration: 1 }
$data merge entity $(bone_leg_right_1) { transformation: [-0.9004907060017666f,-0.4330833214695178f,0.03943760983338973f,-0.39900948013391124f,-0.1825251418880805f,0.4587077424446979f,0.869638878845711f,0.4187655265674716f,-0.394716431103617f,0.7759033726477925f,-0.49211065354308753f,0.16434265129136225f,0f,0f,0f,1f], start_interpolation: 0, interpolation_duration: 1 }
$data merge entity $(bone_leg_right_0) { transformation: [-0.8835657700849602f,0.32083945326653746f,0.3411357137002823f,-0.19807090054741605f,-0.15344432215394493f,0.4898892479239074f,-0.8581744372604353f,0.6988145639473388f,-0.4424549354825732f,-0.8105988958764858f,-0.3836183781715029f,-0.07124916193826722f,0f,0f,0f,1f], start_interpolation: 0, interpolation_duration: 1 }
$data merge entity $(bone_tail_4) { transformation: [-2.704279420526894f,-0.5512070151553741f,-0.0933004488640248f,0.3839115275910182f,-0.5464631130956988f,2.509096525277036f,1.0156150966131108f,0.859589011220262f,-0.11795004595371197f,1.013048263848374f,-2.566219463213019f,-1.7468711889014703f,0f,0f,0f,1f], start_interpolation: 0, interpolation_duration: 1 }
$data merge entity $(bone_tail_3) { transformation: [-1.9313304359551926f,-0.743300609285434f,0.2311113961566427f,0.35199735532318804f,-0.7024231446040267f,1.930639561702253f,0.3393790428991845f,0.7831500432142947f,-0.3354251021050163f,0.23681345626986375f,-2.0414100308002325f,-1.4030408917876067f,0f,0f,0f,1f], start_interpolation: 0, interpolation_duration: 1 }
$data merge entity $(bone_tail_2) { transformation: [-1.8056968294710707f,-0.5119252400809358f,0.5442107896844529f,0.24937273057169368f,-0.5033891888908081f,1.885392352553629f,0.10329025337815105f,0.7640250166498657f,-0.5521160743437507f,-0.044744837726206806f,-1.8740169729623255f,-1.0550841362522883f,0f,0f,0f,1f], start_interpolation: 0, interpolation_duration: 1 }
$data merge entity $(bone_tail_1) { transformation: [-1.4756267916924237f,-0.1618168745421743f,0.28982256770811876f,0.19039396405645512f,-0.13986186057935837f,1.5007551010903526f,0.125813498904394f,0.718739794737572f,-0.30103235971371084f,0.0959462123519634f,-1.479131533279075f,-0.7376767784681256f,0f,0f,0f,1f], start_interpolation: 0, interpolation_duration: 1 }
$data merge entity $(bone_tail_0) { transformation: [-1.211825189776693f,-0.09607845564970086f,0.39507512749688317f,0.07262528511801156f,-0.08384097345535704f,1.274372058541159f,0.05274717209153706f,0.7340787129612651f,-0.3978518784381546f,0.024093637200816635f,-1.2144830571291205f,-0.3821951795778288f,0f,0f,0f,1f], start_interpolation: 0, interpolation_duration: 1 }
$data merge entity $(bone_body_1) { transformation: [-1.205490537969123f,0.05293257045970564f,0.26943515158140213f,0.006420002304476193f,0.09685267235005268f,1.2171715948109634f,0.19420984449877735f,0.6069425f,-0.25693718645189956f,0.21046626054100506f,-1.1909205810835235f,-0.11949922283604925f,0f,0f,0f,1f], start_interpolation: 0, interpolation_duration: 1 }