# This file was generated by Animated Java via MC-Build. It is not recommended to edit this file directly.
$data merge entity $(bone_head_lower) { transformation: [-0.912667471918035f,-0.28505548974645506f,-0.2928847101986569f,0.6708873586673346f,-0.30172750228965967f,0.9533136626858704f,0.012392533981980092f,0.6009115847663982f,0.2756784359807383f,0.0996816347270637f,-0.956067451403589f,0.534080787486068f,0f,0f,0f,1f], start_interpolation: 0, interpolation_duration: 1 }
$data merge entity $(bone_head_upper) { transformation: [-0.9499951912413694f,-0.0864430896824786f,-0.4165437209320623f,0.6399359695347824f,-0.31406803141351414f,0.8299696980597385f,0.5440436696903787f,0.656955776541374f,0.2869535691463356f,0.6222136571406004f,-0.7835686036368514f,0.494124354076016f,0f,0f,0f,1f], start_interpolation: 0, interpolation_duration: 1 }
$data merge entity $(bone_neck_0) { transformation: [-0.7301152906489115f,-0.23339482031701203f,-0.6422293361485794f,0.602432570531734f,-0.25163926750198806f,0.9656457216136742f,-0.06485383088353f,0.6371692765263057f,0.6353025589525971f,0.11425934613149274f,-0.7637640083231765f,0.44267801567697407f,0f,0f,0f,1f], start_interpolation: 0, interpolation_duration: 1 }
$data merge entity $(bone_neck_1) { transformation: [-0.5679275273456118f,-0.14096625370964094f,-0.8109172824636112f,0.5330878195076753f,-0.20373778622851973f,0.9786410301500271f,-0.02743444130278397f,0.6393536961666902f,0.7974642550897194f,0.14963371753038499f,-0.5845173328757972f,0.3938510696248479f,0f,0f,0f,1f], start_interpolation: 0, interpolation_duration: 1 }
$data merge entity $(bone_neck_2) { transformation: [-0.5679275273456118f,-0.1054603700066479f,-0.8162943305212649f,0.4605417910114371f,-0.20373778622851973f,0.9789062542607595f,0.01527939239208731f,0.6502763895813019f,0.7974642550897194f,0.1749875873518756f,-0.5774340708054628f,0.3449767521141752f,0f,0f,0f,1f], start_interpolation: 0, interpolation_duration: 1 }
$data merge entity $(bone_body_0) { transformation: [-0.5679275273456118f,-0.3460437817977223f,-0.7468011949389406f,0.10528068876484493f,-0.20373778622851973f,0.9381940897871422f,-0.2797905723057477f,0.5273496135160838f,0.7974642550897194f,-0.006749145694543934f,-0.6033284436246914f,0.060566025066349144f,0f,0f,0f,1f], start_interpolation: 0, interpolation_duration: 1 }
$data merge entity $(bone_leg_left_3) { transformation: [-0.3825594166157063f,-0.010524012356106338f,-0.9238709530678937f,0.10211372726973002f,-0.06846308046266017f,0.99750902905555f,0.01698657017226074f,0.05179762761954851f,0.9213908504929997f,0.06974942377240376f,-0.38232697852911707f,-0.5147271735278455f,0f,0f,0f,1f], start_interpolation: 0, interpolation_duration: 1 }
$data merge entity $(bone_leg_left_2) { transformation: [-0.5716550788167875f,-0.3552174946625717f,-0.7740111122259885f,-0.005494218525817163f,-0.28819369814608436f,0.957906441629254f,-0.22676384397597027f,0.26762911241689025f,0.8013844662286324f,0.09109324931914758f,-0.6336774863577084f,-0.5118336915678141f,0f,0f,0f,1f], start_interpolation: 0, interpolation_duration: 1 }
$data merge entity $(bone_leg_left_1) { transformation: [-0.7307689938888474f,0.6521508627419204f,-0.2016827454088475f,0.1969250089168095f,0.039815708015124865f,0.33566980707608757f,0.9411378698218219f,0.3081127312597158f,0.6814626820053579f,0.6797242329374985f,-0.2712629355286001f,-0.3263588452228593f,0f,0f,0f,1f], start_interpolation: 0, interpolation_duration: 1 }
$data merge entity $(bone_leg_left_0) { transformation: [-0.7365515509238609f,0.0675180208331346f,-0.673003068116655f,0.1925784423170554f,-0.018057833359407367f,0.9926876712404823f,0.11935284672563155f,0.686058419799275f,0.676140316418137f,0.10006250161736226f,-0.7299464146662114f,-0.14903021685844242f,0f,0f,0f,1f], start_interpolation: 0, interpolation_duration: 1 }
$data merge entity $(bone_leg_right_3) { transformation: [-0.9726889974983819f,0.08843180921777696f,0.21460645205599926f,-0.25903739635426554f,0.1192187863408889f,0.9836436910585687f,0.1350258124362931f,0.015295722941996548f,-0.19915570574050498f,0.1569232428901028f,-0.9673221287202391f,-0.007668503640921361f,0f,0f,0f,1f], start_interpolation: 0, interpolation_duration: 1 }
$data merge entity $(bone_leg_right_2) { transformation: [-1.010573276446782f,0.16803925339297712f,-0.05066223200216536f,-0.2198655988252646f,0.15999351790560404f,1.0037312455306453f,0.1377964457973561f,0.2532743358378086f,0.07215210780358108f,0.1278616266333466f,-1.0151392403384223f,-0.009348428802305964f,0f,0f,0f,1f], start_interpolation: 0, interpolation_duration: 1 }
$data merge entity $(bone_leg_right_1) { transformation: [-0.9532852447011925f,0.18982458307265587f,-0.23497631773495828f,-0.17481920034267656f,-0.17440116648280313f,0.28927493564508067f,0.9412248640664846f,0.27846895058275795f,0.24664037658993573f,0.9382359187692756f,-0.24265589909735935f,0.263322506633371f,0f,0f,0f,1f], start_interpolation: 0, interpolation_duration: 1 }
$data merge entity $(bone_leg_right_0) { transformation: [-0.9690009749230876f,-0.24167903108175887f,-0.05126749977800782f,-0.15286555362529042f,-0.13384997311788782f,0.687974756170001f,-0.7132845992793959f,0.6222195127252798f,0.2076566764986056f,-0.6843113186322506f,-0.698996941264655f,0.027396952725021517f,0f,0f,0f,1f], start_interpolation: 0, interpolation_duration: 1 }
$data merge entity $(bone_tail_4) { transformation: [0.1775477053144127f,1.3510269783404967f,2.4018460083306192f,0.07841026373214458f,2.687890232088145f,0.44591586944894424f,-0.4495180410380993f,1.3086753761757763f,-0.6077698941069101f,2.366758642694632f,-1.2863633291755234f,-1.4252967284437148f,0f,0f,0f,1f], start_interpolation: 0, interpolation_duration: 1 }
$data merge entity $(bone_tail_3) { transformation: [-0.9267288453941621f,1.137260605557353f,1.4777542042593446f,-0.18329122804059125f,1.838459036028654f,0.8331322423334275f,0.5117661239995396f,1.213745900362768f,-0.3117491716162863f,1.5324733302332672f,-1.3748758024508112f,-1.207165054309586f,0f,0f,0f,1f], start_interpolation: 0, interpolation_duration: 1 }
$data merge entity $(bone_tail_2) { transformation: [-1.5064237047899172f,0.9615285846137361f,0.7905215225536251f,-0.3311325714474775f,1.2441019924916337f,1.1222488197056082f,1.0057542910425452f,1.0279653617050104f,0.04088678182669889f,1.278590725229481f,-1.4772636540007955f,-0.932210489690591f,0f,0f,0f,1f], start_interpolation: 0, interpolation_duration: 1 }
$data merge entity $(bone_tail_1) { transformation: [-1.4506677530528984f,0.4273162629511957f,0.02490244305041518f,-0.3403288720182085f,0.3548019806656678f,1.1511931852034762f,0.9146179830162944f,0.816738660892777f,0.2394470187080512f,0.8830692564903954f,-1.2043712315865598f,-0.6840666082052314f,0f,0f,0f,1f], start_interpolation: 0, interpolation_duration: 1 }
$data merge entity $(bone_tail_0) { transformation: [-1.0928407432734617f,0.22275165803797897f,-0.6244329629887154f,-0.15247965275485312f,-0.00480847011146469f,1.2012133965717167f,0.43691986804888466f,0.7180479395194972f,0.6629567897236761f,0.3759039655576924f,-1.026167734934843f,-0.37512531339705785f,0f,0f,0f,1f], start_interpolation: 0, interpolation_duration: 1 }
$data merge entity $(bone_body_1) { transformation: [-1.0864603948112113f,-0.06526341520235297f,-0.5864717317987646f,-0.011737236116686724f,-0.20078057513989897f,1.1963510957324757f,0.2388217147632235f,0.5819425f,0.5548833807291476f,0.30510545297008435f,-1.0618943880700948f,-0.1488007603784237f,0f,0f,0f,1f], start_interpolation: 0, interpolation_duration: 1 }