# This file was generated by Animated Java via MC-Build. It is not recommended to edit this file directly.
$data merge entity $(bone_head_lower) { transformation: [-0.9189510251548678f,-0.2502367715771788f,-0.3048123546010694f,0.601346914267317f,-0.34151867100962907f,0.8914594359544843f,0.2977668070815306f,0.806576527949562f,0.19721564521770063f,0.37773222287533736f,-0.9046680922211319f,0.4831107809425435f,0f,0f,0f,1f], start_interpolation: 0, interpolation_duration: 1 }
$data merge entity $(bone_head_upper) { transformation: [-0.9565357391874415f,-0.22979083373762935f,-0.34015804410715744f,0.5724404863807616f,-0.3554866423544767f,0.8950214186178098f,0.3950162653694284f,0.8537950247553793f,0.2052816829339191f,0.4791709251707948f,-0.9009587103226704f,0.4318244428198498f,0f,0f,0f,1f], start_interpolation: 0, interpolation_duration: 1 }
$data merge entity $(bone_neck_0) { transformation: [-0.7710516074365941f,-0.3366607652979426f,-0.5404987953533734f,0.5432046023483447f,-0.2446717622971814f,0.9402860761940516f,-0.236638592900621f,0.8233099831512334f,0.5878904212553865f,-0.05021577465894411f,-0.8073804732414367f,0.38024284166659506f,0f,0f,0f,1f], start_interpolation: 0, interpolation_duration: 1 }
$data merge entity $(bone_neck_1) { transformation: [-0.6133661772071963f,-0.26629328608897895f,-0.7435521625563087f,0.4789891951753406f,-0.15651780528584816f,0.9637570068318729f,-0.21604307073121026f,0.8094482075558451f,0.7741344258504019f,-0.016134359807646687f,-0.6328155917381191f,0.326560726362896f,0f,0f,0f,1f], start_interpolation: 0, interpolation_duration: 1 }
$data merge entity $(bone_neck_2) { transformation: [-0.6133661772071963f,-0.26629328608897895f,-0.7435521625563087f,0.4112412713900738f,-0.15651780528584816f,0.9637570068318729f,-0.21604307073121026f,0.799956997681774f,0.7741344258504019f,-0.016134359807646687f,-0.6328155917381191f,0.27096336894320694f,0f,0f,0f,1f], start_interpolation: 0, interpolation_duration: 1 }
$data merge entity $(bone_body_0) { transformation: [-0.6106204251589459f,-0.48471630040292724f,-0.6262529876195461f,0.11147305811697193f,-0.1670801673616225f,0.8518521607367453f,-0.4964192924560351f,0.5741114033658098f,0.7740974835594806f,-0.19848930543441737f,-0.6011448091558657f,-0.014244784064812832f,0f,0f,0f,1f], start_interpolation: 0, interpolation_duration: 1 }
$data merge entity $(bone_leg_left_3) { transformation: [-0.492461735857044f,-0.08186141930759017f,-0.866475704648211f,0.1006137325392807f,-0.0014165670136011554f,0.9956408416722057f,-0.09325935734369176f,0.02926181926113222f,0.8703329432203303f,-0.04469924410109541f,-0.49043097936634056f,-0.5172731525894986f,0f,0f,0f,1f], start_interpolation: 0, interpolation_duration: 1 }
$data merge entity $(bone_leg_left_2) { transformation: [-0.561464826475219f,-0.3794064230542204f,-0.769980658378539f,-0.012492249330602972f,-0.20309194509607104f,0.9526613982643884f,-0.32132868156255434f,0.24108024002743128f,0.8340102577120625f,-0.02343556918098737f,-0.5966069590852228f,-0.5398799116525813f,0f,0f,0f,1f], start_interpolation: 0, interpolation_duration: 1 }
$data merge entity $(bone_leg_left_1) { transformation: [-0.7203458306952951f,0.6619596968101306f,-0.2071502932629958f,0.19267412622769478f,0.12509169153956443f,0.4177396061468583f,0.8999142682300567f,0.3043476793271066f,0.6822418580735689f,0.6223367105155437f,-0.38372264180918053f,-0.36404653847075596f,0f,0f,0f,1f], start_interpolation: 0, interpolation_duration: 1 }
$data merge entity $(bone_leg_left_0) { transformation: [-0.7242397280584477f,0.0352899709850303f,-0.6886446356791733f,0.17837866610390632f,0.06695766318173466f,0.997569181888952f,-0.01929763422413167f,0.7053822533061744f,0.686289652874839f,-0.06008614893037101f,-0.7248421670016516f,-0.24883287236412668f,0f,0f,0f,1f], start_interpolation: 0, interpolation_duration: 1 }
$data merge entity $(bone_leg_right_3) { transformation: [-0.9474130299368758f,0.0036875290511298765f,0.3199921137080198f,-0.26355577099303323f,0.024660571256224978f,0.9978014618347756f,0.06151503056734697f,0.02694561813457308f,-0.3190617603711632f,0.0661713298179965f,-0.945421042805253f,0.04953245820722235f,0f,0f,0f,1f], start_interpolation: 0, interpolation_duration: 1 }
$data merge entity $(bone_leg_right_2) { transformation: [-1.0122241812864965f,0.14418045742575944f,-0.08170925294038305f,-0.2309023549953856f,0.1617904650465237f,0.9692646196886211f,-0.293959422268783f,0.24354413263009334f,0.0358922239434437f,-0.3029856303804947f,-0.9792720028388547f,-0.05141262591297674f,0f,0f,0f,1f], start_interpolation: 0, interpolation_duration: 1 }
$data merge entity $(bone_leg_right_1) { transformation: [-0.9551664435984756f,0.19221305239389186f,-0.2251914907647788f,-0.18576349981906992f,-0.11924407008999378f,0.446432279288917f,0.8868365530114751f,0.3154165265861234f,0.27099431132740254f,0.8739292663015268f,-0.40349686582408706f,0.21280362718316875f,0f,0f,0f,1f], start_interpolation: 0, interpolation_duration: 1 }
$data merge entity $(bone_leg_right_0) { transformation: [-0.9700691751170764f,-0.22819325780053604f,-0.08302790243076921f,-0.15580519930021156f,-0.08196318449411132f,0.6295510022957309f,-0.7726238230186959f,0.6350254390916608f,0.22857784642274392f,-0.7426933233864559f,-0.6294114675805658f,-0.05414191378259203f,0f,0f,0f,1f], start_interpolation: 0, interpolation_duration: 1 }
$data merge entity $(bone_tail_4) { transformation: [-0.6199079084418618f,1.0073254246321146f,2.495329839027491f,-0.12415853581252334f,2.4447754852694517f,1.2808520828183239f,0.09028898141787756f,1.1045627863099443f,-1.1244769198506268f,2.229433731338452f,-1.1793380456398228f,-1.6377022518904663f,0f,0f,0f,1f], start_interpolation: 0, interpolation_duration: 1 }
$data merge entity $(bone_tail_3) { transformation: [-1.2630741098068021f,1.1097056688710707f,1.2284716714908845f,-0.34332127535836643f,1.6016193094256796f,1.2100448453291606f,0.553671911886074f,0.9988392517424155f,-0.4188136899087783f,1.2807381960463977f,-1.5875296193700628f,-1.3810489229269105f,0f,0f,0f,1f], start_interpolation: 0, interpolation_duration: 1 }
$data merge entity $(bone_tail_2) { transformation: [-1.6852143247398141f,0.9108373366141095f,0.3862666189618565f,-0.41615678309323173f,0.983923392535111f,1.4631001679900277f,0.8426188527753976f,0.8432739535473076f,0.10354377005260387f,0.9211336057597966f,-1.7203387582177023f,-1.060945953900361f,0f,0f,0f,1f], start_interpolation: 0, interpolation_duration: 1 }
$data merge entity $(bone_tail_1) { transformation: [-1.4638594831029608f,0.3301565833055771f,-0.18912507562330547f,-0.3780964698353994f,0.2184558804526541f,1.3448280555324312f,0.6567882302146685f,0.6852926139042221f,0.3115263905758052f,0.6083505416721908f,-1.349265421042859f,-0.7783331695502542f,0f,0f,0f,1f], start_interpolation: 0, interpolation_duration: 1 }
$data merge entity $(bone_tail_0) { transformation: [-1.064773904763689f,0.09935419411461452f,-0.7001578339418549f,-0.17109648388754753f,0.0028102708766113748f,1.2661221834763452f,0.17539223321093841f,0.6645927105512197f,0.7071664236202921f,0.14456513135938284f,-1.0549181431197197f,-0.4665729554119733f,0f,0f,0f,1f], start_interpolation: 0, interpolation_duration: 1 }
$data merge entity $(bone_body_1) { transformation: [-1.0510460121214318f,-0.1896206541918383f,-0.6228570325233108f,-0.013518651961413808f,-0.2212801294769566f,1.216400504699208f,0.003084075618992652f,0.5819425f,0.6123250605344736f,0.11409826785548337f,-1.0680094571538596f,-0.2259610450909557f,0f,0f,0f,1f], start_interpolation: 0, interpolation_duration: 1 }