# This file was generated by Animated Java via MC-Build. It is not recommended to edit this file directly.
$data merge entity $(bone_head_lower) { transformation: [-0.8560094844763422f,-0.17017511088082893f,-0.4881477175233375f,0.5768480913362691f,-0.45518273381577634f,0.6957389020140589f,0.5556582214457624f,0.8985131055452842f,0.24506415756397915f,0.6978451202530325f,-0.6730198710413294f,0.4006773488701758f,0f,0f,0f,1f], start_interpolation: 0, interpolation_duration: 1 }
$data merge entity $(bone_head_upper) { transformation: [-0.8910199157208061f,-0.3580979210324061f,-0.4016482681708748f,0.5408419256561166f,-0.4737995179693692f,0.8904064537145063f,0.25722034627738366f,0.9360919591982485f,0.25508717949828025f,0.4030064127521204f,-0.9251963600878393f,0.3460253380843012f,0f,0f,0f,1f], start_interpolation: 0, interpolation_duration: 1 }
$data merge entity $(bone_neck_0) { transformation: [-0.745250842108988f,-0.45255086987938f,-0.4896926510651967f,0.5167640389939f,-0.290988172009806f,0.881521805814145f,-0.3718133801042673f,0.89783508268195f,0.5999392186598871f,-0.13459946524999708f,-0.7886418184880758f,0.2970212257324278f,0f,0f,0f,1f], start_interpolation: 0, interpolation_duration: 1 }
$data merge entity $(bone_neck_1) { transformation: [-0.6238041587512607f,-0.3716041731948761f,-0.6875890560420405f,0.45680428736539147f,-0.1733271673436745f,0.9236092209017137f,-0.34191183092421257f,0.8731256152394299f,0.7621194555876721f,-0.09410815867650377f,-0.640560371772457f,0.24232381036491837f,0f,0f,0f,1f], start_interpolation: 0, interpolation_duration: 1 }
$data merge entity $(bone_neck_2) { transformation: [-0.6238041587512607f,-0.3412582749790741f,-0.7031437699951115f,0.3918624877370777f,-0.1733271673436745f,0.9376441341763367f,-0.3012991382419234f,0.8559096730870708f,0.7621194555876721f,-0.06607773757487792f,-0.6440556404626356f,0.18525276349364395f,0f,0f,0f,1f], start_interpolation: 0, interpolation_duration: 1 }
$data merge entity $(bone_body_0) { transformation: [-0.6238041587512607f,-0.5369032109534713f,-0.5679817898423188f,0.11906012590275926f,-0.1733271673436745f,0.8036447062786312f,-0.5693091244051429f,0.5952521380473302f,0.7621194555876721f,-0.2566907246828076f,-0.594376822627334f,-0.0973201041135433f,0f,0f,0f,1f], start_interpolation: 0, interpolation_duration: 1 }
$data merge entity $(bone_leg_left_3) { transformation: [-0.5457779776157001f,-0.10045665822614958f,-0.8318863257487472f,0.11074475118646879f,0.031142383150315218f,0.9896698523231865f,-0.1399418999953936f,0.013254338031143037f,0.8373509127727964f,-0.10228412985715987f,-0.5370115507676984f,-0.5276070922478716f,0f,0f,0f,1f], start_interpolation: 0, interpolation_duration: 1 }
$data merge entity $(bone_leg_left_2) { transformation: [-0.5425203979664637f,-0.37070984005313706f,-0.78759636348753f,-0.0008490840286587698f,-0.14581857243915383f,0.9536281552786405f,-0.34841424323979425f,0.224549895944812f,0.8581787466622623f,-0.0723170481168082f,-0.5571011423696366f,-0.5603496519209625f,0f,0f,0f,1f], start_interpolation: 0, interpolation_duration: 1 }
$data merge entity $(bone_leg_left_1) { transformation: [-0.6999464156376178f,0.6834540696913465f,-0.20728133022148243f,0.2097573235506943f,0.1846826385865127f,0.45356641743832526f,0.8718771862922475f,0.2978505510166683f,0.689903861592885f,0.5719860484264446f,-0.4436942890828395f,-0.39516690248167685f,0f,0f,0f,1f], start_interpolation: 0, interpolation_duration: 1 }
$data merge entity $(bone_leg_left_0) { transformation: [-0.6993460228060662f,-0.041346301164544644f,-0.7135864515006909f,0.17029692313314473f,0.12782879523050347f,0.9749970389802104f,-0.18177066069566916f,0.7103267168297464f,0.7032602217495705f,-0.21833748500849054f,-0.6765750535934f,-0.3440438352861154f,0f,0f,0f,1f], start_interpolation: 0, interpolation_duration: 1 }
$data merge entity $(bone_leg_right_3) { transformation: [-0.9443971305696056f,-0.07421118246254503f,0.3203228998517059f,-0.2552606125626046f,-0.06300080296358676f,0.9969878016938167f,0.0452351865219352f,0.06181679087597147f,-0.32271498043604746f,0.022539380453814817f,-0.9462277832165572f,0.05768860382988547f,0f,0f,0f,1f], start_interpolation: 0, interpolation_duration: 1 }
$data merge entity $(bone_leg_right_2) { transformation: [-1.0116136826459123f,0.11718719255930782f,-0.12234017526690609f,-0.23015591201839647f,0.16346668061515357f,0.8697018907489736f,-0.5186130205239918f,0.24826197493041224f,0.044481467072624195f,-0.5309877424464923f,-0.8764334635095463f,-0.09323859524141165f,0f,0f,0f,1f], start_interpolation: 0, interpolation_duration: 1 }
$data merge entity $(bone_leg_right_1) { transformation: [-0.9484112512699366f,0.2167675504795144f,-0.2313610328549389f,-0.177884623786385f,-0.08616716658805025f,0.5260411625657021f,0.8460826878554554f,0.34458179408232925f,0.30510869844496435f,0.8223700653268187f,-0.4802251115753776f,0.16171942193960115f,0f,0f,0f,1f], start_interpolation: 0, interpolation_duration: 1 }
$data merge entity $(bone_leg_right_0) { transformation: [-0.9640937471658948f,-0.2421144344242488f,-0.10910475387924043f,-0.15196420757967552f,-0.051983930568829655f,0.5749549836320389f,-0.8165319575860439f,0.6428430753823219f,0.26042449508108617f,-0.7815416607194449f,-0.5668965645703398f,-0.12927133163413473f,0f,0f,0f,1f], start_interpolation: 0, interpolation_duration: 1 }
$data merge entity $(bone_tail_4) { transformation: [-1.6757521430429525f,0.935413943827058f,1.985577205847424f,-0.43131595130547196f,1.9215420521106072f,1.8325322236452728f,0.758395096814494f,0.9305857113994864f,-1.0607507853673777f,1.8418707160372632f,-1.7629467854552139f,-1.7913256035369738f,0f,0f,0f,1f], start_interpolation: 0, interpolation_duration: 1 }
$data merge entity $(bone_tail_3) { transformation: [-1.6277254240511283f,1.1346171397993539f,0.6317431566828031f,-0.5495393646216137f,1.2886138960461373f,1.5367718394701582f,0.5601357570917475f,0.820568867411596f,-0.16102700661322053f,0.8288074478004427f,-1.903442681999158f,-1.4766825962770147f,0f,0f,0f,1f], start_interpolation: 0, interpolation_duration: 1 }
$data merge entity $(bone_tail_2) { transformation: [-1.7498094046563255f,0.8424991026836317f,-0.21710869249370982f,-0.5102727455987192f,0.7482901910583348f,1.7061435106529017f,0.5898389492273712f,0.7118783962539336f,0.44384987590956215f,0.4450207388842049f,-1.8503317823084593f,-1.132275862778413f,0f,0f,0f,1f], start_interpolation: 0, interpolation_duration: 1 }
$data merge entity $(bone_tail_1) { transformation: [-1.4172291086452222f,0.26089472334555935f,-0.4594037950856663f,-0.4132493620819399f,0.14038749474113557f,1.4539005600274262f,0.3925821734009899f,0.6094925379364328f,0.5093223487428924f,0.3252127840082262f,-1.3865365628747923f,-0.8383706466518994f,0f,0f,0f,1f], start_interpolation: 0, interpolation_duration: 1 }
$data merge entity $(bone_tail_0) { transformation: [-1.0163828470187866f,0.01956600042263534f,-0.7748669540620989f,-0.18634306607742915f,0.02298039311546574f,1.2780074692182255f,0.0021276133843420564f,0.6397113966579265f,0.7747732096570404f,-0.01223915168285825f,-1.0165689319214115f,-0.5416009300164837f,0f,0f,0f,1f], start_interpolation: 0, interpolation_duration: 1 }
$data merge entity $(bone_body_1) { transformation: [-1.0135476645105546f,-0.23404072129046918f,-0.668244466942516f,-0.015221284679665843f,-0.21224367651914192f,1.2136390013908007f,-0.10313869854244015f,0.5819425f,0.6754837885538694f,0.030164716760271874f,-1.0350924288776988f,-0.3029882473753191f,0f,0f,0f,1f], start_interpolation: 0, interpolation_duration: 1 }