# This file was generated by Animated Java via MC-Build. It is not recommended to edit this file directly.
$data merge entity $(bone_head_lower) { transformation: [-0.5669144460042841f,-1.1274113641126204f,0.31233255831145124f,-0.0752757986211284f,-0.7198118137879782f,0.6097534463422067f,0.8944672645799077f,0.33363007723026017f,-0.9222141636533874f,0.21712749881929244f,-0.8901554277841375f,0.8558973559080233f,0f,0f,0f,1f], start_interpolation: 0, interpolation_duration: 1 }
$data merge entity $(bone_head_upper) { transformation: [-0.5901010106315069f,-1.0328607429300087f,0.6450171051467332f,-0.05418581789943404f,-0.7492518170503175f,0.8729879768892347f,0.7124473944227502f,0.4021144487114481f,-0.9599323386909094f,-0.04645708651044023f,-0.9525960461887762f,0.7888867220718782f,0f,0f,0f,1f], start_interpolation: 0, interpolation_duration: 1 }
$data merge entity $(bone_neck_0) { transformation: [-0.7946415372052853f,-0.3579901516781401f,0.4902936657244141f,-0.016414890233090076f,-0.3492032220974388f,0.9301833633416113f,0.11320786297450768f,0.39444889760642243f,-0.4965903110460253f,-0.08125245758714186f,-0.8641736521737176f,0.7344869738759817f,0f,0f,0f,1f], start_interpolation: 0, interpolation_duration: 1 }
$data merge entity $(bone_neck_1) { transformation: [-0.9507192190133358f,-0.301275783681403f,0.07325209052190458f,-0.011597416608143929f,-0.27881206126654573f,0.9340739857694188f,0.2230910657133804f,0.41765080103577473f,-0.13563480781485573f,0.191673397413382f,-0.9720414125092813f,0.6530253235756153f,0f,0f,0f,1f], start_interpolation: 0, interpolation_duration: 1 }
$data merge entity $(bone_neck_2) { transformation: [-0.9507192190133358f,-0.3099715977237471f,-0.007111624516265298f,-0.015255263926916719f,-0.27881206126654573f,0.8446655272770288f,0.4569507429932892f,0.46595291668055605f,-0.13563480781485573f,0.436414660196477f,-0.8894635705157465f,0.5793744161041431f,0f,0f,0f,1f], start_interpolation: 0, interpolation_duration: 1 }
$data merge entity $(bone_body_0) { transformation: [-0.9839003961582428f,-0.17275752265728253f,0.04576951829516418f,0.004670007059686621f,-0.16311751370441285f,0.9727117934661725f,0.16499831385415126f,0.5529822989788477f,-0.07302525017104389f,0.15487609633878568f,-0.9852312965087515f,0.11651398908967778f,0f,0f,0f,1f], start_interpolation: 0, interpolation_duration: 1 }
$data merge entity $(bone_leg_left_3) { transformation: [-0.88063612053197f,0.12131522223679873f,-0.4579985153557135f,0.340680486680242f,0.04971690275776024f,0.9849878130875191f,0.16530952074591043f,0.21336052339709458f,0.4711775172847032f,0.12280726738553932f,-0.8734472635956452f,0.08912125334766824f,0f,0f,0f,1f], start_interpolation: 0, interpolation_duration: 1 }
$data merge entity $(bone_leg_left_2) { transformation: [-0.9111639630814684f,-0.15825916196852616f,-0.4436174810976081f,0.2886671786331994f,-0.1250289881766065f,1.0126778742408848f,-0.10446757697578504f,0.44599178223116126f,0.45410371502323205f,-0.03872673723252882f,-0.9188864213416785f,0.05240088753662847f,0f,0f,0f,1f], start_interpolation: 0, interpolation_duration: 1 }
$data merge entity $(bone_leg_left_1) { transformation: [-0.9522041963393364f,0.2974395806543991f,0.0695475688568162f,0.38474741715904254f,0.20490985091449387f,0.45312823740764696f,0.8675752148730618f,0.5189987203379696f,0.22653724080591756f,0.8403597422080465f,-0.49241890926737086f,0.30230478989281695f,0f,0f,0f,1f], start_interpolation: 0, interpolation_duration: 1 }
$data merge entity $(bone_leg_left_0) { transformation: [-0.9394419131036608f,-0.24957845625926892f,-0.2348605673061657f,0.19663972639176883f,0.19403988602620045f,0.1775153389032318f,-0.9647988531735564f,0.6897997773036777f,0.28248436157612855f,-0.951944798097721f,-0.11833717437735326f,-0.028980244749639672f,0f,0f,0f,1f], start_interpolation: 0, interpolation_duration: 1 }
$data merge entity $(bone_leg_right_3) { transformation: [-0.9015345050567083f,-0.13125753578212446f,0.41231904575529904f,-0.326691509188368f,-0.06425585244290133f,0.9829273242836137f,0.17240957225018658f,0.2079161020101126f,-0.4279097119942383f,0.1289392666221605f,-0.8945769636559775f,0.10532381058823204f,0f,0f,0f,1f], start_interpolation: 0, interpolation_duration: 1 }
$data merge entity $(bone_leg_right_2) { transformation: [-0.9340431104989596f,0.13966045100108923f,0.4001507536620356f,-0.28032135602223734f,0.10997578708785508f,1.0151083027312833f,-0.09758411490153017f,0.44134997321579544f,-0.40930550141004624f,-0.045959674203376974f,-0.9393715528816512f,0.06621487637501278f,0f,0f,0f,1f], start_interpolation: 0, interpolation_duration: 1 }
$data merge entity $(bone_leg_right_1) { transformation: [-0.9586072399016691f,-0.26365999159833753f,-0.10749682989962234f,-0.3653395699321711f,-0.22049825245720453f,0.44855078655518327f,0.8661308864969808f,0.5128795099726904f,-0.18014627465319014f,0.8539822016360126f,-0.48812059884570136f,0.32051551407510664f,0f,0f,0f,1f], start_interpolation: 0, interpolation_duration: 1 }
$data merge entity $(bone_leg_right_0) { transformation: [-0.9487537317255735f,0.20016417610117013f,0.24454173292617729f,-0.19633890137767665f,-0.2094437879207269f,0.18118433973248263f,-0.9608878887451552f,0.6865938572787146f,-0.23664246499353336f,-0.9628637170656312f,-0.1299761752027666f,-0.01943945078440079f,0f,0f,0f,1f], start_interpolation: 0, interpolation_duration: 1 }
$data merge entity $(bone_tail_4) { transformation: [-2.6123845275237154f,0.5777766054185783f,-0.6835807239717008f,-0.4088721698235112f,0.23035478441980745f,2.471999089625685f,1.209056866232806f,0.9272282091361941f,0.8648959967820375f,1.0867640161142496f,-2.386746785821577f,-1.7149081725801398f,0f,0f,0f,1f], start_interpolation: 0, interpolation_duration: 1 }
$data merge entity $(bone_tail_3) { transformation: [-1.8515001114682919f,0.6613289300435071f,-0.6859569298176494f,-0.2990308462322294f,0.5554597858724714f,1.967132945630416f,0.39723787148049866f,0.8406214055139888f,0.7741816902742237f,0.17022792528653696f,-1.9255156945455494f,-1.3900776804264232f,0f,0f,0f,1f], start_interpolation: 0, interpolation_duration: 1 }
$data merge entity $(bone_tail_2) { transformation: [-1.708012225109945f,0.38819023573953243f,-0.8664735741811384f,-0.13912591139585556f,0.3931775689950471f,1.9124591528516504f,0.08176345709344024f,0.8261675657895844f,0.8642219119629493f,-0.10286984277820208f,-1.7496605834654526f,-1.0642050330604056f,0f,0f,0f,1f], start_interpolation: 0, interpolation_duration: 1 }
$data merge entity $(bone_tail_1) { transformation: [-1.4722320649683678f,0.18012986696876246f,-0.29621314607017696f,-0.07617951961172165f,0.15843050921686763f,1.4990468047398222f,0.12415595414080881f,0.7809749310269283f,0.30836467149830915f,0.08982292705733053f,-1.4780051830580951f,-0.7475474032401286f,0f,0f,0f,1f], start_interpolation: 0, interpolation_duration: 1 }
$data merge entity $(bone_tail_0) { transformation: [-1.2492777256015937f,0.1627154742470179f,-0.216019803120698f,-0.009126898126746205f,0.13969322058989467f,1.2624771448954288f,0.1430838192177485f,0.7696283358861175f,0.23157436175224608f,0.11623618043140588f,-1.251678146298714f,-0.3789729710944839f,0f,0f,0f,1f], start_interpolation: 0, interpolation_duration: 1 }
$data merge entity $(bone_body_1) { transformation: [-1.235962182275179f,-0.0025394593161609897f,-0.03155360816465981f,-0.0016200756179062569f,-0.010082980676948612f,1.1997766929687816f,0.29839372574806683f,0.6194425f,0.030006874920517866f,0.2985532334635246f,-1.1994040809094442f,-0.12023800221312028f,0f,0f,0f,1f], start_interpolation: 0, interpolation_duration: 1 }