# This file was generated by Animated Java via MC-Build. It is not recommended to edit this file directly.
$data merge entity $(bone_head_lower) { transformation: [-0.3017708488684037f,0.30693988406376066f,0.9026196664953454f,-0.7299258809844644f,0.3411495914097002f,0.9188336606128584f,-0.19839773286448842f,0.25289689235611734f,-0.8902535094310147f,0.24805767816316354f,-0.38198962976769774f,0.4800462558533526f,0f,0f,0f,1f], start_interpolation: 0, interpolation_duration: 1 }
$data merge entity $(bone_head_upper) { transformation: [-0.3141131508492678f,-0.4692989543975444f,0.8743931395250217f,-0.6802830152308756f,0.35510246755269387f,0.8032678029537125f,0.5586904481547996f,0.30955894011561863f,-0.926664507027781f,0.46689535307474894f,-0.08230166022427757f,0.4845689447955657f,0f,0f,0f,1f], start_interpolation: 0, interpolation_duration: 1 }
$data merge entity $(bone_neck_0) { transformation: [-0.36892855472585256f,0.2561747184629151f,0.8934574612864006f,-0.6265493665203614f,0.24533740265846082f,0.9540154241571652f,-0.1722327765758422f,0.28285731208454346f,-0.8964938819449322f,0.15565694359928173f,-0.4148127716749282f,0.4555094487393358f,0f,0f,0f,1f], start_interpolation: 0, interpolation_duration: 1 }
$data merge entity $(bone_neck_1) { transformation: [-0.6519663583296461f,0.12882176942532875f,0.7472247448582703f,-0.5626561575170684f,0.25414691385442f,0.9655844944162459f,0.05528046961808952f,0.29198862048507324f,-0.7143872995684158f,0.22594586932504432f,-0.6622682616208453f,0.4004475390858633f,0f,0f,0f,1f], start_interpolation: 0, interpolation_duration: 1 }
$data merge entity $(bone_neck_2) { transformation: [-0.6426123195104403f,-0.18162963443160982f,0.7443521227951538f,-0.4992235965588989f,0.25651804745042334f,0.8644306368460916f,0.4323865925466269f,0.33833224509547316f,-0.7219749982829282f,0.4687967043165942f,-0.5089024974160231f,0.3604536762766887f,0f,0f,0f,1f], start_interpolation: 0, interpolation_duration: 1 }
$data merge entity $(bone_body_0) { transformation: [-0.6461764453781731f,0.016969081951375267f,0.7629993785686568f,-0.1394631989702213f,0.25023272539399544f,0.9491972076004153f,0.1908094448015282f,0.4373023107939188f,-0.7209990184322875f,0.3142239827595942f,-0.6175950971942508f,0.0723767991664164f,0f,0f,0f,1f], start_interpolation: 0, interpolation_duration: 1 }
$data merge entity $(bone_leg_left_3) { transformation: [-0.9922362902152879f,0.04794479528542762f,-0.1147538277568183f,0.16670822443147493f,0.05402729725282536f,0.9972619799345609f,-0.05049350976664936f,0.02733586837446797f,0.11201872848482924f,-0.05630133197392642f,-0.9921098550496328f,0.13183804085881662f,0f,0f,0f,1f], start_interpolation: 0, interpolation_duration: 1 }
$data merge entity $(bone_leg_left_2) { transformation: [-1.0156648906540928f,-0.12420755573739334f,-0.07113025018265282f,0.13398169974135318f,-0.11949091951304913f,1.0164021017204787f,-0.06863590367158104f,0.26195119006607653f,0.0787968879285878f,-0.05967788716627656f,-1.0209269316345968f,0.08649824073502349f,0f,0f,0f,1f], start_interpolation: 0, interpolation_duration: 1 }
$data merge entity $(bone_leg_left_1) { transformation: [-0.9662540512836685f,-0.022273786610192123f,0.25662616158128093f,0.1335636720531267f,0.23239201666685835f,0.35437735118411606f,0.9057652254073573f,0.3055578188976345f,-0.11111732073537743f,0.9348371897810726f,-0.3372423010756772f,0.36056332941755564f,0f,0f,0f,1f], start_interpolation: 0, interpolation_duration: 1 }
$data merge entity $(bone_leg_left_0) { transformation: [-0.9770719679709872f,0.15459451134207025f,-0.1463929864037512f,0.09257015183126592f,0.20389441717920925f,0.4814577450007229f,-0.8524233141004354f,0.5876943131666427f,-0.061297928582073474f,-0.8627276376943797f,-0.5019398241919261f,0.05556200406655523f,0f,0f,0f,1f], start_interpolation: 0, interpolation_duration: 1 }
$data merge entity $(bone_leg_right_3) { transformation: [-0.24852974491309265f,-0.06873318847996049f,0.9661825472936318f,-0.23325412261420952f,0.199498329155854f,0.9724613129063596f,0.12049652096414182f,0.08949233412691171f,-0.947857258534984f,0.2226987734627599f,-0.22797340577516245f,-0.5918562508750982f,0f,0f,0f,1f], start_interpolation: 0, interpolation_duration: 1 }
$data merge entity $(bone_leg_right_2) { transformation: [-0.6604162952991953f,0.3515919029806015f,0.7016378340443591f,-0.1285902532171051f,0.4327387009247337f,0.9281490519115526f,-0.05778194924329255f,0.30338546804781946f,-0.65471347406782f,0.25881396928075534f,-0.745940879480325f,-0.5535642964938693f,0f,0f,0f,1f], start_interpolation: 0, interpolation_duration: 1 }
$data merge entity $(bone_leg_right_1) { transformation: [-0.7774459100513252f,-0.5895288141053731f,0.21916576896034484f,-0.31585386095048323f,0.13508942274511662f,0.18381223489004234f,0.9736343821821001f,0.30437398191795645f,-0.6142708725040263f,0.7865550455271652f,-0.06326496304354884f,-0.3487601224183059f,0f,0f,0f,1f], start_interpolation: 0, interpolation_duration: 1 }
$data merge entity $(bone_leg_right_0) { transformation: [-0.7986539999086256f,-0.004206219307295617f,0.6017757856121264f,-0.27362967640201674f,0.21099098797223956f,0.9345432582045996f,0.2865513942364085f,0.6234458543120766f,-0.5635908014015588f,0.3558246847303743f,-0.7454892368854686f,-0.0828324310234824f,0f,0f,0f,1f], start_interpolation: 0, interpolation_duration: 1 }
$data merge entity $(bone_tail_4) { transformation: [-1.4693665814952876f,-1.2754247663788125f,-1.959570066645335f,-0.05340127693161657f,-1.1724690192752576f,2.404318752474956f,-0.6857325039233495f,0.8278685599475812f,2.022854314977865f,0.4671234669815067f,-1.820856232262891f,-1.6400176347504765f,0f,0f,0f,1f], start_interpolation: 0, interpolation_duration: 1 }
$data merge entity $(bone_tail_3) { transformation: [-1.814874324700122f,-0.2298858815448697f,-0.9946502868119314f,0.11750426910419394f,-0.13891177400728266f,2.065551652569534f,-0.22393172096391414f,0.8456260601112563f,1.0113754152790488f,-0.12881916813133343f,-1.8156186045906026f,-1.3308952173218724f,0f,0f,0f,1f], start_interpolation: 0, interpolation_duration: 1 }
$data merge entity $(bone_tail_2) { transformation: [-1.909969114348155f,0.012519007949799777f,-0.4130800548063942f,0.19288561089577827f,0.06535814033223677f,1.9378403005691192f,-0.24346900826444987f,0.8913958604259389f,0.4080688308744156f,-0.2517779158959654f,-1.8944290921907445f,-0.9784831535981755f,0f,0f,0f,1f], start_interpolation: 0, interpolation_duration: 1 }
$data merge entity $(bone_tail_1) { transformation: [-1.4924228803202984f,0.0590597045284986f,0.23841591305420776f,0.1422850414270049f,0.07942056273481557f,1.5052928846919253f,0.1242656650517274f,0.8461787491072026f,-0.23242755970699847f,0.13513523817594492f,-1.4884126265561513f,-0.6596231965445295f,0f,0f,0f,1f], start_interpolation: 0, interpolation_duration: 1 }
$data merge entity $(bone_tail_0) { transformation: [-1.2206791378099409f,0.09239722137000721f,0.36775115578704703f,0.03704931591680104f,0.1895905656062095f,1.2223246500825944f,0.32220115427727564f,0.7815209543625795f,-0.3283802316411947f,0.36224428203574605f,-1.1810085605886647f,-0.30576344614066614f,0f,0f,0f,1f], start_interpolation: 0, interpolation_duration: 1 }
$data merge entity $(bone_body_1) { transformation: [-1.151739832318674f,-0.1279873068630974f,0.4309515088600275f,-0.05452001984565534f,0.11244263604008352f,1.0655179491691078f,0.6169544137576668f,0.5663175f,-0.4352661338849605f,0.6139180273755124f,-0.9809447708268031f,-0.11905926358048108f,0f,0f,0f,1f], start_interpolation: 0, interpolation_duration: 1 }