# This file was generated by Animated Java via MC-Build. It is not recommended to edit this file directly.
$data merge entity $(bone_head_lower) { transformation: [-0.2977985800600835f,0.21768894729344507f,0.9294770185112002f,-0.7228181497175103f,0.22061502321461693f,0.9629897207842497f,-0.15485415459678975f,0.2289868966258188f,-0.9287868524296691f,0.1589412466609728f,-0.3348024236227145f,0.48373664732438226f,0f,0f,0f,1f], start_interpolation: 0, interpolation_duration: 1 }
$data merge entity $(bone_head_upper) { transformation: [-0.30997841790179925f,-0.5238953482449603f,0.8443453008727512f,-0.6764713668517304f,0.22963808574116845f,0.822763446111595f,0.5948097207537981f,0.28853773366262936f,-0.9667738476995208f,0.36340874839961046f,-0.129438601562282f,0.48267362427461186f,0f,0f,0f,1f], start_interpolation: 0, interpolation_duration: 1 }
$data merge entity $(bone_neck_0) { transformation: [-0.3617540393140095f,0.19969004229045575f,0.9106359876756651f,-0.620712388477395f,0.19228113168129077f,0.9717705130735675f,-0.13671150763596113f,0.26386192290724075f,-0.9122291277082528f,0.12564217815196999f,-0.389938535707704f,0.45571482332739743f,0f,0f,0f,1f], start_interpolation: 0, interpolation_duration: 1 }
$data merge entity $(bone_neck_1) { transformation: [-0.6351289250106298f,0.04556566842601012f,0.7710609693634692f,-0.5551834888583562f,0.18525360351922643f,0.9781079915825603f,0.0947937718706851f,0.2763982208066655f,-0.7498615545538944f,0.20304808953354173f,-0.6296658815108179f,0.4033092759662062f,0f,0f,0f,1f], start_interpolation: 0, interpolation_duration: 1 }
$data merge entity $(bone_neck_2) { transformation: [-0.6634264233561036f,-0.22928813509468f,0.7122445730911061f,-0.4950303965689385f,0.17780182026455385f,0.8763170488858022f,0.44772194780096497f,0.32420171295538613f,-0.726809392828367f,0.42366895205677096f,-0.5406040376833842f,0.3600962915685899f,0f,0f,0f,1f], start_interpolation: 0, interpolation_duration: 1 }
$data merge entity $(bone_body_0) { transformation: [-0.6525913626667523f,-0.04725785411806649f,0.7562348898304726f,-0.1390699190054659f,0.1858786788447977f,0.9575709186065882f,0.22024316695381835f,0.4371235515922206f,-0.734556757591722f,0.2842967306584627f,-0.6161182831350206f,0.07243033690105163f,0f,0f,0f,1f], start_interpolation: 0, interpolation_duration: 1 }
$data merge entity $(bone_leg_left_3) { transformation: [-0.9944806161819483f,0.026428428997720965f,-0.10153739300910276f,0.17547672737835984f,0.03331028800990228f,0.9972175543220485f,-0.06669013468759635f,0.03589470049983659f,0.09949235523933446f,-0.06970428604228575f,-0.9925938664712096f,0.14391362689808115f,0f,0f,0f,1f], start_interpolation: 0, interpolation_duration: 1 }
$data merge entity $(bone_leg_left_2) { transformation: [-1.0136077904838088f,-0.14624728062621414f,-0.05721170754892028f,0.13804611146779636f,-0.1411948102610342f,1.0122795442535184f,-0.08611822885971372f,0.2689751069328012f,0.0687420695540681f,-0.07722730537847906f,-1.0204766879640599f,0.09448139858885435f,0f,0f,0f,1f], start_interpolation: 0, interpolation_duration: 1 }
$data merge entity $(bone_leg_left_1) { transformation: [-0.9698070141165218f,-0.0416137124504526f,0.24029701268739873f,0.13331082659989482f,0.20861209344854031f,0.3687972626797687f,0.9057977553002254f,0.31697104186530795f,-0.12631448783656732f,0.9285778793273082f,-0.3489810484633584f,0.3677712684467399f,0f,0f,0f,1f], start_interpolation: 0, interpolation_duration: 1 }
$data merge entity $(bone_leg_left_0) { transformation: [-0.9805764040057664f,0.15403265717670458f,-0.12142428270409489f,0.08965661514668448f,0.18076484610239357f,0.4694645669274832f,-0.8642494378437099f,0.5926719396975121f,-0.07611823908038168f,-0.8694118477008892f,-0.4881895664151656f,0.057302907222334304f,0f,0f,0f,1f], start_interpolation: 0, interpolation_duration: 1 }
$data merge entity $(bone_leg_right_3) { transformation: [-0.2591647531729429f,-0.049783737610742215f,0.964549226417352f,-0.2303271308126945f,0.14229495518047613f,0.98580466307438f,0.08911403924744041f,0.08221555251566279f,-0.9552935551143398f,0.160345706928227f,-0.24840184747037053f,-0.5890598743242053f,0f,0f,0f,1f], start_interpolation: 0, interpolation_duration: 1 }
$data merge entity $(bone_leg_right_2) { transformation: [-0.6852257569647107f,0.3273687198123911f,0.6894618066152973f,-0.13164745516713688f,0.4164334022366601f,0.9368495211859801f,-0.030957965952144822f,0.2989910301101244f,-0.6396179195382458f,0.2592390700544391f,-0.7587794284662508f,-0.5510890171545779f,0f,0f,0f,1f], start_interpolation: 0, interpolation_duration: 1 }
$data merge entity $(bone_leg_right_1) { transformation: [-0.7381779912754969f,-0.6290265890238875f,0.24375972492896708f,-0.3301637000927802f,0.14621463767136678f,0.20356375523398085f,0.9680821645323658f,0.30586144923454006f,-0.6585700668319988f,0.7502581874634979f,-0.05829338913533344f,-0.35729148491682605f,0f,0f,0f,1f], start_interpolation: 0, interpolation_duration: 1 }
$data merge entity $(bone_leg_right_0) { transformation: [-0.7856599870779872f,0.03498857986893705f,0.6176683446505673f,-0.27535500415411507f,0.2544421909217857f,0.9283245278350524f,0.2710585591689527f,0.6187005438015887f,-0.5639127203597544f,0.3701207509699802f,-0.73825000746216f,-0.08630258048635818f,0f,0f,0f,1f], start_interpolation: 0, interpolation_duration: 1 }
$data merge entity $(bone_tail_4) { transformation: [-2.023330465632965f,-1.5507161743131461f,-1.061637652480868f,0.20949859817169542f,-1.2617937221082476f,2.277033655988949f,-0.9212250886411077f,0.7900230094570169f,1.3927209919038708f,-0.18989051534292936f,-2.376958384678431f,-1.6610337041335463f,0f,0f,0f,1f], start_interpolation: 0, interpolation_duration: 1 }
$data merge entity $(bone_tail_3) { transformation: [-2.0223735589437912f,-0.280805787838558f,-0.4087772298524408f,0.28156001543328646f,-0.21316129664838576f,2.041898955134356f,-0.34807534339112656f,0.8290621405783778f,0.4477867525292004f,-0.29621325524364817f,-2.0118872378246646f,-1.3169932968870925f,0f,0f,0f,1f], start_interpolation: 0, interpolation_duration: 1 }
$data merge entity $(bone_tail_2) { transformation: [-1.9532090474220676f,0.02094251400517245f,0.05753001980270468f,0.2694260030761444f,0.01190800560767441f,1.9311669318387892f,-0.2987078100378074f,0.8850596021115997f,-0.060054071250865454f,-0.298210609271834f,-1.930346553354266f,-0.9582614555137727f,0f,0f,0f,1f], start_interpolation: 0, interpolation_duration: 1 }
$data merge entity $(bone_tail_1) { transformation: [-1.4399483560440425f,0.022513322122002945f,0.4622749530886259f,0.17105007487721346f,0.06298301211820811f,1.5061876521861086f,0.12283381695045072f,0.8401553748948012f,-0.45851730840893884f,0.1361916176904074f,-1.434876291239176f,-0.6507188338694077f,0f,0f,0f,1f], start_interpolation: 0, interpolation_duration: 1 }
$data merge entity $(bone_tail_0) { transformation: [-1.1869154502718855f,0.05384449622531535f,0.47134721884843794f,0.03461082601055411f,0.1753310945090395f,1.2298306505640435f,0.3010171005366832f,0.7818691861787805f,-0.4408247245654191f,0.3441701000137742f,-1.1493720986053033f,-0.30654015516538996f,0f,0f,0f,1f], start_interpolation: 0, interpolation_duration: 1 }
$data merge entity $(bone_body_1) { transformation: [-1.1480027809845432f,-0.16073668710228575f,0.4299510755043962f,-0.05452001984565534f,0.08186290056701245f,1.0678227089587866f,0.6177845278079763f,0.5663175f,-0.45165548310494424f,0.6020988080934481f,-0.9808613280836077f,-0.11905926358048108f,0f,0f,0f,1f], start_interpolation: 0, interpolation_duration: 1 }