# This file was generated by Animated Java via MC-Build. It is not recommended to edit this file directly.
$data merge entity $(bone_head_lower) { transformation: [-0.2941975529638025f,0.19568189098345207f,0.935497940869594f,-0.7165239478394272f,0.16493203415563415f,0.9745256955387034f,-0.15197727739399314f,0.22338211074487066f,-0.9414059825279396f,0.10958223522061554f,-0.3189772872551561f,0.49109910466546575f,0f,0f,0f,1f], start_interpolation: 0, interpolation_duration: 1 }
$data merge entity $(bone_head_upper) { transformation: [-0.3062301102977083f,-0.5445247016140823f,0.8325790721983436f,-0.6714503608750597f,0.1716776856309187f,0.8291367770379635f,0.6054179711596084f,0.28378937151239925f,-0.9799090949608397f,0.3154314456085503f,-0.15412044419166257f,0.48725318520111577f,0f,0f,0f,1f], start_interpolation: 0, interpolation_duration: 1 }
$data merge entity $(bone_neck_0) { transformation: [-0.3578265890341121f,0.18207570493924052f,0.915864929916574f,-0.6150686246264393f,0.16658099516439487f,0.977519930981947f,-0.12924997711059344f,0.25951101783495106f,-0.9188095037766275f,0.10631661301945092f,-0.3801129747401683f,0.4612455398905415f,0f,0f,0f,1f], start_interpolation: 0, interpolation_duration: 1 }
$data merge entity $(bone_neck_1) { transformation: [-0.6289742050585646f,0.014405606930639053f,0.7772926912430775f,-0.5491553668811495f,0.15312827413519045f,0.9825371655495156f,0.10569981066350659f,0.272991605012706f,-0.7621962877312671f,0.1855079426948698f,-0.6201964383691609f,0.40956137338592247f,0f,0f,0f,1f], start_interpolation: 0, interpolation_duration: 1 }
$data merge entity $(bone_neck_2) { transformation: [-0.6770738636240928f,-0.24400200825753096f,0.694286686580864f,-0.49071957814861283f,0.1405797322406953f,0.8831754799046435f,0.44748006724136524f,0.32084105493649534f,-0.7223630126745678f,0.4005796945196975f,-0.5636732974500639f,0.36410129055122287f,0f,0f,0f,1f], start_interpolation: 0, interpolation_duration: 1 }
$data merge entity $(bone_body_0) { transformation: [-0.659419433900251f,-0.0728290701098187f,0.7482392242736353f,-0.1387710255746732f,0.1544639718118423f,0.960935577828366f,0.22965995879947015f,0.43823304484212755f,-0.7357356125720591f,0.267018242467819f,-0.6224101273136662f,0.07330541411857847f,0f,0f,0f,1f], start_interpolation: 0, interpolation_duration: 1 }
$data merge entity $(bone_leg_left_3) { transformation: [-0.9950860380869561f,0.018777056870306806f,-0.09721727696090963f,0.17887725193465784f,0.025942228150111598f,0.9969965723321771f,-0.07297147083962177f,0.04096590894788507f,0.09555510244362928f,-0.07513492459022976f,-0.9925844878416182f,0.1500696806743363f,0f,0f,0f,1f], start_interpolation: 0, interpolation_duration: 1 }
$data merge entity $(bone_leg_left_2) { transformation: [-1.0126652787612407f,-0.15426021872443524f,-0.05267843592213143f,0.13972039237826928f,-0.14896537441985516f,1.0103648680335622f,-0.09504919867189722f,0.2733119450792672f,0.06618572290203653f,-0.08619059034086471f,-1.019927856135581f,0.0985611191555813f,0f,0f,0f,1f], start_interpolation: 0, interpolation_duration: 1 }
$data merge entity $(bone_leg_left_1) { transformation: [-0.9710011873085672f,-0.048250075567534106f,0.23415512903432198f,0.13353174022017741f,0.1994007174057178f,0.37688631605785833f,0.9045419054230829f,0.32375547891073225f,-0.13189407925846314f,0.9250019648498391f,-0.35633596068948603f,0.3713807228112306f,0f,0f,0f,1f], start_interpolation: 0, interpolation_duration: 1 }
$data merge entity $(bone_leg_left_0) { transformation: [-0.9817182720395954f,0.15322997591741497f,-0.11291505136136445f,0.08873689398413391f,0.17204891328996286f,0.460625449236847f,-0.8707602235696665f,0.595502419981548f,-0.08141502182849275f,-0.8742681339244278f,-0.478567470922298f,0.057606440350419424f,0f,0f,0f,1f], start_interpolation: 0, interpolation_duration: 1 }
$data merge entity $(bone_leg_right_3) { transformation: [-0.26977642565495474f,-0.04733213729259968f,0.9617589869297565f,-0.23169902825093847f,0.11539768403652534f,0.9900038018521412f,0.08109159535557436f,0.07375505931435375f,-0.9559832920505684f,0.1328613604386936f,-0.26161766802442166f,-0.5803174107520732f,0f,0f,0f,1f], start_interpolation: 0, interpolation_duration: 1 }
$data merge entity $(bone_leg_right_2) { transformation: [-0.697495535125744f,0.31470908431941574f,0.683022964641147f,-0.13615024924786123f,0.40248705877653457f,0.9431394437894205f,-0.023544778331743024f,0.2922474454916475f,-0.6352687191242464f,0.252008692937588f,-0.764844737634261f,-0.5442261364660487f,0f,0f,0f,1f], start_interpolation: 0, interpolation_duration: 1 }
$data merge entity $(bone_leg_right_1) { transformation: [-0.7270243560230831f,-0.6410153165258132f,0.24603851269371016f,-0.3378221835285573f,0.1396461625648438f,0.21280153025632115f,0.9670648675251733f,0.30155061774051795f,-0.6722607641608535f,0.7374380466858753f,-0.06519656639720994f,-0.3538179760071123f,0f,0f,0f,1f], start_interpolation: 0, interpolation_duration: 1 }
$data merge entity $(bone_leg_right_0) { transformation: [-0.7824154209863983f,0.05461645620060866f,0.6203572774738476f,-0.27590310532389567f,0.26164651994201565f,0.932791249383065f,0.2478741286956201f,0.6171931620394535f,-0.5651258334255388f,0.35625486352675584f,-0.7441204637749338f,-0.08765432231406474f,0f,0f,0f,1f], start_interpolation: 0, interpolation_duration: 1 }
$data merge entity $(bone_tail_4) { transformation: [-2.2080239809331403f,-1.5445406516842248f,-0.6038920487297733f,0.32102823967324545f,-1.3070460326291007f,2.2396707683724557f,-0.9492980825254308f,0.7821189182753815f,1.02074585466349f,-0.4732128022283464f,-2.5218661494208012f,-1.6546279342953554f,0f,0f,0f,1f], start_interpolation: 0, interpolation_duration: 1 }
$data merge entity $(bone_tail_3) { transformation: [-2.0604466217707222f,-0.26866865595097195f,-0.13536025335217056f,0.34660947024225686f,-0.24103551886918742f,2.034933495641964f,-0.36999063907385765f,0.8249422361733666f,0.1800197864722846f,-0.3504402198211824f,-2.044683362981809f,-1.304495862754417f,0f,0f,0f,1f], start_interpolation: 0, interpolation_duration: 1 }
$data merge entity $(bone_tail_2) { transformation: [-1.9375517832649518f,0.03319861044792802f,0.252120634684888f,0.2983159816498332f,-0.006554432387562407f,1.930280550202604f,-0.30454541849843303f,0.8820110334947926f,-0.2542125126457409f,-0.3028014609882781f,-1.9137557703741825f,-0.9489928735953945f,0f,0f,0f,1f], start_interpolation: 0, interpolation_duration: 1 }
$data merge entity $(bone_tail_1) { transformation: [-1.409307908747402f,0.006709833947670336f,0.5490559593251134f,0.18142965742128608f,0.05668018049310659f,1.5060857158235108f,0.1270803829536721f,0.8362002602680998f,-0.5461637350477372f,0.13898577164867548f,-1.4035826943211889f,-0.6481347055767421f,0f,0f,0f,1f], start_interpolation: 0, interpolation_duration: 1 }
$data merge entity $(bone_tail_0) { transformation: [-1.171766487452059f,0.03939960475540137f,0.5091627309744988f,0.0335912560346323f,0.16805123625377943f,1.2331772845234754f,0.291321615251789f,0.7808280779353152f,-0.4822424675014304f,0.3340017554810949f,-1.1356587279890498f,-0.30820877276207037f,0f,0f,0f,1f], start_interpolation: 0, interpolation_duration: 1 }
$data merge entity $(bone_body_1) { transformation: [-1.1468339941223973f,-0.17182815760038933f,0.42877904477384987f,-0.05452001984565534f,0.06821983434881713f,1.0720586830683805f,0.6120791038055126f,0.5663175f,-0.45686150985056667f,0.5914134419926513f,-0.9849427884419051f,-0.11905926358048108f,0f,0f,0f,1f], start_interpolation: 0, interpolation_duration: 1 }