# This file was generated by Animated Java via MC-Build. It is not recommended to edit this file directly.
$data merge entity $(bone_head_lower) { transformation: [-0.3182621980547664f,0.11605922444597672f,0.9408716329608131f,-0.6874220372643776f,-0.013872912024254851f,0.9918013126107103f,-0.12703424190209228f,0.2139026041702256f,-0.9479012161619564f,-0.05348282644616309f,-0.3140427863747449f,0.5290987507840801f,0f,0f,0f,1f], start_interpolation: 0, interpolation_duration: 1 }
$data merge entity $(bone_head_upper) { transformation: [-0.3312789893459572f,-0.6070843295482101f,0.7779298108559848f,-0.6475283621993115f,-0.014440308345666866f,0.8234933488805377f,0.6364920458481049f,0.2762675317456146f,-0.9866699809441405f,0.19177920572894286f,-0.2705088307933266f,0.5144506454418768f,0f,0f,0f,1f], start_interpolation: 0, interpolation_duration: 1 }
$data merge entity $(bone_neck_0) { transformation: [-0.3857361793124901f,0.12513478177544188f,0.9140836320377992f,-0.5903285317779282f,0.08372043364669973f,0.991419314550695f,-0.10039238878440146f,0.2536563250995915f,-0.9188027475793763f,0.037802501581805814f,-0.3929026366859182f,0.48872810691876994f,0f,0f,0f,1f], start_interpolation: 0, interpolation_duration: 1 }
$data merge entity $(bone_neck_1) { transformation: [-0.6203506897288463f,-0.08175479768503735f,0.780052033398044f,-0.5246245204997608f,0.049695181374163004f,0.9884571823330759f,0.14311808985011337f,0.2703340044166861f,-0.7827486254865823f,0.12754823303219337f,-0.6091272753285899f,0.4377146306689999f,0f,0f,0f,1f], start_interpolation: 0, interpolation_duration: 1 }
$data merge entity $(bone_neck_2) { transformation: [-0.7257375591762385f,-0.2801993040198711f,0.6283258272804767f,-0.472321791897206f,0.02387990774468369f,0.9024917794731618f,0.43004457674695895f,0.3168450932524498f,-0.687557085053322f,0.32710386425437654f,-0.6482810476813536f,0.3841229000552212f,0f,0f,0f,1f], start_interpolation: 0, interpolation_duration: 1 }
$data merge entity $(bone_body_0) { transformation: [-0.6873215874204979f,-0.14155982630684288f,0.7124253301516892f,-0.13790693968705853f,0.05813676884886343f,0.9669566174186816f,0.24822372194863898f,0.4430434730445707f,-0.7240228943711524f,0.2120276293462669f,-0.6563803263506771f,0.07679314187643077f,0f,0f,0f,1f], start_interpolation: 0, interpolation_duration: 1 }
$data merge entity $(bone_leg_left_3) { transformation: [-0.9962919894038412f,-0.0009348112372272563f,-0.08603137786695508f,0.18770004465308848f,0.006577948207986981f,0.996186519568561f,-0.08700085532481713f,0.05662049543546491f,0.08578462826817587f,-0.0872441651792683f,-0.9924865002583481f,0.16581927299246277f,0f,0f,0f,1f], start_interpolation: 0, interpolation_duration: 1 }
$data merge entity $(bone_leg_left_2) { transformation: [-1.0098576874001093f,-0.1748976085408972f,-0.04074895368316094f,0.14410566956580037f,-0.16925766264112102f,1.0047510298606452f,-0.1178533458665104f,0.28692172273324673f,0.06001245151517931f,-0.10930870972315954f,-1.0180924865367051f,0.10896905547397079f,0f,0f,0f,1f], start_interpolation: 0, interpolation_duration: 1 }
$data merge entity $(bone_leg_left_1) { transformation: [-0.9736649181950443f,-0.065708347671669f,0.21830950534160548f,0.13406759277302716f,0.17508109454587698f,0.39781871964749416f,0.9006036179311327f,0.3437451489714166f,-0.14602478354325704f,0.9151080151240549f,-0.3758378416908779f,0.3804165106188354f,0f,0f,0f,1f], start_interpolation: 0, interpolation_duration: 1 }
$data merge entity $(bone_leg_left_0) { transformation: [-0.9842628795630659f,0.1514403584282879f,-0.09106262544717864f,0.08649528467093605f,0.1491413667703742f,0.43551280102846335f,-0.887741771495634f,0.6043508630416207f,-0.09478099298955536f,-0.8873524767416012f,-0.45124510566704235f,0.05772654197981525f,0f,0f,0f,1f], start_interpolation: 0, interpolation_duration: 1 }
$data merge entity $(bone_leg_right_3) { transformation: [-0.3176925814472297f,-0.054345366339848676f,0.9466350959323149f,-0.2381778882393355f,0.026844829314524775f,0.9974404641081726f,0.06627122828760473f,0.046038112949806226f,-0.947813683606894f,0.04646613516380989f,-0.31542054379901946f,-0.5409707020282087f,0f,0f,0f,1f], start_interpolation: 0, interpolation_duration: 1 }
$data merge entity $(bone_leg_right_2) { transformation: [-0.7419694211882869f,0.268815367199354f,0.6551960591148951f,-0.154117848262354f,0.3428162245540734f,0.9666792604663815f,-0.008393036837491569f,0.27057842493154416f,-0.6196939677814397f,0.21291243562164455f,-0.7891196870903993f,-0.5147670755572847f,0f,0f,0f,1f], start_interpolation: 0, interpolation_duration: 1 }
$data merge entity $(bone_leg_right_1) { transformation: [-0.709928675699139f,-0.6678399453834972f,0.22358685732894518f,-0.36154597316873993f,0.09329913953267946f,0.22549050635861356f,0.9697676536699901f,0.2822624198846563f,-0.6980662905358834f,0.7093263275054039f,-0.09777328431206672f,-0.3307821769391589f,0f,0f,0f,1f], start_interpolation: 0, interpolation_duration: 1 }
$data merge entity $(bone_leg_right_0) { transformation: [-0.7814764520251809f,0.11078184904151263f,0.6140211208525961f,-0.27716791281234443f,0.25854360558144773f,0.9531415236715511f,0.15708736380122623f,0.6136465466394466f,-0.5678465980730005f,0.2815113102097633f,-0.7734995948808912f,-0.09125726794238957f,0f,0f,0f,1f], start_interpolation: 0, interpolation_duration: 1 }
$data merge entity $(bone_tail_4) { transformation: [-2.3139619182507443f,-1.125700690792982f,1.0020177280036195f,0.6762709038228127f,-1.4429849914756097f,2.1846138146326117f,-0.8780194342339356f,0.7841690866460547f,-0.43478257423851346f,-1.2593338585397236f,-2.418822787529915f,-1.5580738203961388f,0f,0f,0f,1f], start_interpolation: 0, interpolation_duration: 1 }
$data merge entity $(bone_tail_3) { transformation: [-1.926241318455573f,-0.16336869730997858f,0.7738543647600752f,0.5466524916304115f,-0.31765053093495815f,2.0256459575595906f,-0.3630456181579276f,0.8259056714953333f,-0.7243190245435489f,-0.4538883666786067f,-1.8987608662816273f,-1.231672490526597f,0f,0f,0f,1f], start_interpolation: 0, interpolation_duration: 1 }
$data merge entity $(bone_tail_2) { transformation: [-1.7535092776237844f,0.07110836541830856f,0.8596061241392047f,0.3855738874244906f,-0.055413481547564265f,1.9342059730087577f,-0.2730393287473386f,0.8770823610317428f,-0.860760381495842f,-0.26937841292047865f,-1.7335803157922496f,-0.9101042805239493f,0f,0f,0f,1f], start_interpolation: 0, interpolation_duration: 1 }
$data merge entity $(bone_tail_1) { transformation: [-1.275849934871059f,-0.05363825268390274f,0.810546810208104f,0.21302784056365406f,0.03937532158947602f,1.5033414178612114f,0.16146335619194557f,0.8239228343593733f,-0.8113647624461144f,0.1573015231714542f,-1.2667279514831518f,-0.638666251803772f,0f,0f,0f,1f], start_interpolation: 0, interpolation_duration: 1 }
$data merge entity $(bone_tail_0) { transformation: [-1.116150721018121f,-0.0021390142353430266f,0.6229275312368662f,0.03094231952956958f,0.14610793200305966f,1.2416528209721474f,0.26605725128574387f,0.7761380161682673f,-0.6055540906975571f,0.30352827442272523f,-1.0839790341373978f,-0.31457770606207164f,0f,0f,0f,1f], start_interpolation: 0, interpolation_duration: 1 }
$data merge entity $(bone_body_1) { transformation: [-1.1437618420264426f,-0.19895117661173217f,0.4252433104768803f,-0.05452001984565534f,0.02923597512292462f,1.0875095052219645f,0.5874290841171721f,0.5663175f,-0.46857091409853935f,0.5534854112196052f,-1.0013489866595833f,-0.11905926358048108f,0f,0f,0f,1f], start_interpolation: 0, interpolation_duration: 1 }