# This file was generated by Animated Java via MC-Build. It is not recommended to edit this file directly.
$data merge entity $(bone_head_lower) { transformation: [-0.6139211525301581f,-0.05845090389340157f,0.7872002987233218f,-0.5768956251786121f,-0.15547433441489752f,0.9866735931429199f,-0.047989081390296284f,0.21150771326456452f,-0.7739047420802426f,-0.15185095465121112f,-0.6148274048521494f,0.6456763204090806f,0f,0f,0f,1f], start_interpolation: 0, interpolation_duration: 1 }
$data merge entity $(bone_head_upper) { transformation: [-0.6390302718681614f,-0.6291132682343961f,0.5285156099407547f,-0.5547860968318233f,-0.16183316991149418f,0.7527978527132565f,0.7004122790544257f,0.2766459296788866f,-0.8055571235710154f,0.34782730091994535f,-0.5599694920102741f,0.6146338010132528f,0f,0f,0f,1f], start_interpolation: 0, interpolation_duration: 1 }
$data merge entity $(bone_neck_0) { transformation: [-0.6669476280261043f,0.03296834251842762f,0.7443748718635934f,-0.5069730524766489f,-0.0029962769612379946f,0.9988938935629464f,-0.046925597780195866f,0.25739867989433934f,-0.7450985732067434f,-0.033527269412297944f,-0.6661111306764286f,0.572346776768004f,0f,0f,0f,1f], start_interpolation: 0, interpolation_duration: 1 }
$data merge entity $(bone_neck_1) { transformation: [-0.7217292571123286f,-0.16376164519476116f,0.6725243512254345f,-0.4507558424749515f,-0.04609828326866312f,0.9808245279473671f,0.18936259835697922f,0.27795871335646644f,-0.6906387099690898f,0.10566630938917895f,-0.7154388886217338f,0.5122265042453974f,0f,0f,0f,1f], start_interpolation: 0, interpolation_duration: 1 }
$data merge entity $(bone_neck_2) { transformation: [-0.8282072365715284f,-0.2799009840736597f,0.48551849852003526f,-0.41096118618805366f,-0.0734280948062673f,0.9130730925419032f,0.401130705093847f,0.32204032784964376f,-0.5555907560279187f,0.29656865443023805f,-0.7767663387568771f,0.44707953970503533f,0f,0f,0f,1f], start_interpolation: 0, interpolation_duration: 1 }
$data merge entity $(bone_body_0) { transformation: [-0.7750425080131782f,-0.16742391878662743f,0.6093261377872867f,-0.12538298452826327f,-0.019568409298207412f,0.9701588751758681f,0.2416791970257932f,0.4451848030955553f,-0.6316060387062339f,0.1753881077371643f,-0.7551905875566751f,0.09283183871560886f,0f,0f,0f,1f], start_interpolation: 0, interpolation_duration: 1 }
$data merge entity $(bone_leg_left_3) { transformation: [-0.9935827048912471f,-0.012724765278342608f,-0.11238989674167477f,0.2070651376538409f,-0.0036845794030734604f,0.9967655331586458f,-0.08028010825592088f,0.059845920925712115f,0.11304792088143703f,-0.07935081761123199f,-0.9904158799861871f,0.1609006033205163f,0f,0f,0f,1f], start_interpolation: 0, interpolation_duration: 1 }
$data merge entity $(bone_leg_left_2) { transformation: [-1.0060664236125536f,-0.18805078210919582f,-0.06730121936681685f,0.15959007464889433f,-0.18044296365763215f,1.0039359008140603f,-0.10777403872828345f,0.2902512859302616f,0.08563228156829056f,-0.09387124109904432f,-1.0178003251859515f,0.10769761246650272f,0f,0f,0f,1f], start_interpolation: 0, interpolation_duration: 1 }
$data merge entity $(bone_leg_left_1) { transformation: [-0.979020151975459f,-0.04478602958789411f,0.19878066701694508f,0.15637832703639695f,0.1663504109194613f,0.38770590072232f,0.9066485952848657f,0.34418064938297355f,-0.11767362836623897f,0.9206944911852393f,-0.37212171542155054f,0.3799010182031403f,0f,0f,0f,1f], start_interpolation: 0, interpolation_duration: 1 }
$data merge entity $(bone_leg_left_0) { transformation: [-0.9879379867550587f,0.12249597374017424f,-0.0947273495027072f,0.09731251887020448f,0.13990669650878906f,0.4439164915487743f,-0.8850786771824435f,0.6067953658936257f,-0.06636754175317253f,-0.887655836993411f,-0.45569997196968026f,0.060758386230917935f,0f,0f,0f,1f], start_interpolation: 0, interpolation_duration: 1 }
$data merge entity $(bone_leg_right_3) { transformation: [-0.5142102086653445f,-0.17212080820792575f,0.8402156203536049f,-0.23309200808129565f,0.0022400187178659645f,0.979382848868366f,0.2020005387582578f,0.0632145490356596f,-0.8576612639151231f,0.10575283790203144f,-0.5032231052477422f,-0.4746832134594601f,0f,0f,0f,1f], start_interpolation: 0, interpolation_duration: 1 }
$data merge entity $(bone_leg_right_2) { transformation: [-0.8602375777165007f,0.10674649979424224f,0.548323530560945f,-0.18992934696179783f,0.21454970124947348f,0.9927161171711318f,0.1433364430391903f,0.2987121249550981f,-0.5157731430376182f,0.2349086950094511f,-0.854902432696707f,-0.44554649286212294f,0f,0f,0f,1f], start_interpolation: 0, interpolation_duration: 1 }
$data merge entity $(bone_leg_right_1) { transformation: [-0.7778644852116143f,-0.6278425004520769f,-0.027214651799244424f,-0.3745428285682929f,-0.024702829570960805f,-0.012724034007341956f,0.9996138600328467f,0.24174765966702477f,-0.6279463455245666f,0.778236399550075f,-0.005611912123137275f,-0.24633229215510047f,0f,0f,0f,1f], start_interpolation: 0, interpolation_duration: 1 }
$data merge entity $(bone_leg_right_0) { transformation: [-0.8381210264381564f,0.1256299490435654f,0.5308203659860484f,-0.27097547684425877f,0.16058788883280847f,0.9868188300729189f,0.020003164093137737f,0.6089039642472077f,-0.5213105360554999f,0.10200839434490988f,-0.847248259060295f,-0.0766934692744072f,0f,0f,0f,1f], start_interpolation: 0, interpolation_duration: 1 }
$data merge entity $(bone_tail_4) { transformation: [-1.2560643401160936f,-0.097426953145823f,2.4573301963491687f,1.014225225214596f,-1.397632365712134f,2.2986577251069806f,-0.6232638002643095f,0.8215013627836518f,-2.0235087040590227f,-1.5272007016783105f,-1.0948661438690337f,-1.304295871404805f,0f,0f,0f,1f], start_interpolation: 0, interpolation_duration: 1 }
$data merge entity $(bone_tail_3) { transformation: [-1.2585460491677756f,0.014071528067402885f,1.6588578481191436f,0.7328065348688255f,-0.3104083850749539f,2.0434447699562024f,-0.25283518872627075f,0.8443761561790767f,-1.6296177474008393f,-0.4001012250430354f,-1.2329681800921382f,-1.0913147267324337f,0f,0f,0f,1f], start_interpolation: 0, interpolation_duration: 1 }
$data merge entity $(bone_tail_2) { transformation: [-1.3121042425614071f,0.08138269164761923f,1.44586762504571f,0.4630720376694384f,-0.056781854021733524f,1.9466885269687644f,-0.16110082254543337f,0.8747456803249078f,-1.4470425538694385f,-0.15018159498137265f,-1.304717291532016f,-0.8498763764380155f,0f,0f,0f,1f], start_interpolation: 0, interpolation_duration: 1 }
$data merge entity $(bone_tail_1) { transformation: [-1.079129505626442f,-0.1343134439946099f,1.0512353013710765f,0.23953074257900836f,0.0415436940748326f,1.4937893207846356f,0.23350339738940723f,0.8061986334561196f,-1.0589664213604921f,0.1954727957340499f,-1.062090746856815f,-0.6227040437174802f,0f,0f,0f,1f], start_interpolation: 0, interpolation_duration: 1 }
$data merge entity $(bone_tail_0) { transformation: [-1.056584611464454f,-0.02457465517893535f,0.7189302898914285f,0.028849572172796274f,0.1376652779991198f,1.2469506499624874f,0.24494502316965586f,0.7647111450651602f,-0.7060544926802477f,0.2799033395031126f,-1.028093814048636f,-0.31551656994281624f,0f,0f,0f,1f], start_interpolation: 0, interpolation_duration: 1 }
$data merge entity $(bone_body_1) { transformation: [-1.1583073549639773f,-0.18775742823745212f,0.38945579291398824f,-0.049046649061705604f,0.006631780047244995f,1.1058521901103076f,0.5528576201680606f,0.5616925f,-0.4323016146002813f,0.520041033790743f,-1.0350252326605835f,-0.10991615583738869f,0f,0f,0f,1f], start_interpolation: 0, interpolation_duration: 1 }