# This file was generated by Animated Java via MC-Build. It is not recommended to edit this file directly.
$data merge entity $(bone_head_lower) { transformation: [-0.8371093319606404f,-0.1660558135682282f,0.5212230166872953f,-0.4608122074447832f,-0.20266979655252285f,0.9791533823391239f,-0.013550181519541127f,0.2171218678302146f,-0.5081071933261422f,-0.11697914615027483f,-0.8533129317291419f,0.7291609659102868f,0f,0f,0f,1f], start_interpolation: 0, interpolation_duration: 1 }
$data merge entity $(bone_head_upper) { transformation: [-0.8713467548422758f,-0.5153491495604982f,0.24216116422047096f,-0.45596077464550033f,-0.21095890678577248f,0.7033508308031016f,0.7377437841417883f,0.2837080500142778f,-0.5288885658218508f,0.5684934524155624f,-0.6932272514024875f,0.6939728935882392f,0f,0f,0f,1f], start_interpolation: 0, interpolation_duration: 1 }
$data merge entity $(bone_neck_0) { transformation: [-0.8722145597108737f,-0.03074159445224349f,0.488156446437923f,-0.42361483547743106f,-0.04679895034396467f,0.9986892910988842f,-0.020725783244815305f,0.26617240418269866f,-0.48687947181522256f,-0.04092253920447425f,-0.8725100146760427f,0.6383763325533887f,0f,0f,0f,1f], start_interpolation: 0, interpolation_duration: 1 }
$data merge entity $(bone_neck_1) { transformation: [-0.8225558664998717f,-0.1855941415405415f,0.5375468920126643f,-0.37893256743181036f,-0.08166671010820786f,0.9739996694039171f,0.2113177523568759f,0.2885608860798109f,-0.5627898319503893f,0.12992097069714895f,-0.8163260049921007f,0.5698213353236227f,0f,0f,0f,1f], start_interpolation: 0, interpolation_duration: 1 }
$data merge entity $(bone_neck_2) { transformation: [-0.8990069642255297f,-0.25343831909303777f,0.35714912388145786f,-0.3501249451042358f,-0.10457064564408046f,0.9161707947862104f,0.3869057441423989f,0.3314266157474699f,-0.4252663381265645f,0.31048364400737577f,-0.8501461335913513f,0.49838198685212803f,0f,0f,0f,1f], start_interpolation: 0, interpolation_duration: 1 }
$data merge entity $(bone_body_0) { transformation: [-0.8480186226863168f,-0.15509351993325154f,0.5067646550933842f,-0.11276612317044458f,-0.04448611985917973f,0.97367730340911f,0.2235475205987277f,0.446059217314049f,-0.5280960146763818f,0.1670284673361939f,-0.8325959946950531f,0.10757377172429113f,0f,0f,0f,1f], start_interpolation: 0, interpolation_duration: 1 }
$data merge entity $(bone_leg_left_3) { transformation: [-0.9889458014861747f,-0.012120573700393789f,-0.14778123499294782f,0.22112201480183355f,-0.0018360696521834462f,0.997578069533784f,-0.06953146074606988f,0.05602208779388293f,0.1482660803120521f,-0.0684915095352936f,-0.9865728977376569f,0.14713769477730895f,0f,0f,0f,1f], start_interpolation: 0, interpolation_duration: 1 }
$data merge entity $(bone_leg_left_2) { transformation: [-1.002948716031146f,-0.1883154322864632f,-0.10340875434377962f,0.17247421440743838f,-0.18005786230478418f,1.0061162288665295f,-0.08585743843325412f,0.28761360265612124f,0.11719743484565318f,-0.06579993521920084f,-1.0168565922938408f,0.10055621963303724f,0f,0f,0f,1f], start_interpolation: 0, interpolation_duration: 1 }
$data merge entity $(bone_leg_left_1) { transformation: [-0.9820593376877461f,-0.01090412983450069f,0.18825662594675874f,0.17908580310473066f,0.1712259769206568f,0.36667728123999294f,0.9144558142688004f,0.33531898177786446f,-0.07900077270427275f,0.9302842959950468f,-0.35823177767630854f,0.37385801135331526f,0f,0f,0f,1f], start_interpolation: 0, interpolation_duration: 1 }
$data merge entity $(bone_leg_left_0) { transformation: [-0.9892320521890461f,0.09228131050353047f,-0.11359624401184858f,0.10954231385178366f,0.1436484780955214f,0.46360905970902777f,-0.8743178795475659f,0.6052247223668439f,-0.028018951848506835f,-0.8812211978200832f,-0.47187301135988796f,0.06301742059320732f,0f,0f,0f,1f], start_interpolation: 0, interpolation_duration: 1 }
$data merge entity $(bone_leg_right_3) { transformation: [-0.7257358056275123f,-0.2213133311038657f,0.6514045977009192f,-0.2483698929853372f,0.03224579536736198f,0.9348623775365137f,0.35354284570317956f,0.0976483990774695f,-0.6872173958154086f,0.2775837613090629f,-0.6713266763254687f,-0.4086347960483499f,0f,0f,0f,1f], start_interpolation: 0, interpolation_duration: 1 }
$data merge entity $(bone_leg_right_2) { transformation: [-0.9412680598896683f,0.017107623414377417f,0.4071657747814098f,-0.23033862178764664f,0.1353461990310381f,0.979750387024318f,0.2717218891334353f,0.334214242058273f,-0.38439308700870867f,0.3030820150512139f,-0.9013575574172021f,-0.3652464651310086f,0f,0f,0f,1f], start_interpolation: 0, interpolation_duration: 1 }
$data merge entity $(bone_leg_right_1) { transformation: [-0.8503188518445701f,-0.47642474877008145f,-0.22355605327768863f,-0.36484639440819694f,-0.11229388071169802f,-0.2507570829736494f,0.9615149347218964f,0.21285982949848226f,-0.514147775014576f,0.8426982521032725f,0.1597238909795589f,-0.155022414849667f,0f,0f,0f,1f], start_interpolation: 0, interpolation_duration: 1 }
$data merge entity $(bone_leg_right_0) { transformation: [-0.8870262232405274f,0.08872322216697637f,0.4531144106425611f,-0.26375759037341073f,0.04314147991097571f,0.9929969053182215f,-0.10998162910016213f,0.6066795763797003f,-0.4596991320360928f,-0.07800856284244767f,-0.8846419457207073f,-0.06018392461662377f,0f,0f,0f,1f], start_interpolation: 0, interpolation_duration: 1 }
$data merge entity $(bone_tail_4) { transformation: [-0.650079102889543f,0.2817603286582632f,2.6690203462657824f,1.0905879576247042f,-1.3106195832648155f,2.3631603296997725f,-0.5686922680114659f,0.8179978880038861f,-2.34207916167432f,-1.4006233272824111f,-0.4225882477344353f,-1.1990251347092227f,0f,0f,0f,1f], start_interpolation: 0, interpolation_duration: 1 }
$data merge entity $(bone_tail_3) { transformation: [-0.9364316923454619f,0.07169956591558926f,1.8584672135561002f,0.7747589596987295f,-0.2886951767051335f,2.049921267260561f,-0.22455159546191256f,0.8360134515666f,-1.8373068079563226f,-0.35864675702537013f,-0.9119329597930864f,-1.0408853643370668f,0f,0f,0f,1f], start_interpolation: 0, interpolation_duration: 1 }
$data merge entity $(bone_tail_2) { transformation: [-1.1288325789102f,0.07389037552206369f,1.5934400196427014f,0.47772481315849347f,-0.05502745278875386f,1.9491050011282574f,-0.12936594999911563f,0.8604854045095275f,-1.5942028927439902f,-0.11959841965845813f,-1.1238270462062525f,-0.8331756551816849f,0f,0f,0f,1f], start_interpolation: 0, interpolation_duration: 1 }
$data merge entity $(bone_tail_1) { transformation: [-1.0169742516493896f,-0.15781512119538277f,1.108383511698118f,0.24211376315173247f,0.0376529695440549f,1.4917294528804668f,0.24694481831667991f,0.789074810669513f,-1.1189288964749635f,0.19363335696886066f,-0.9990798254905816f,-0.619482798022265f,0f,0f,0f,1f], start_interpolation: 0, interpolation_duration: 1 }
$data merge entity $(bone_tail_0) { transformation: [-1.04728299920066f,-0.017618359304778855f,0.732614243367344f,0.027601691306185616f,0.13406742112202866f,1.2516738846922324f,0.2217524059783161f,0.7544787241361717f,-0.7204581617019736f,0.258530068616575f,-1.0236884083753952f,-0.31409846127610874f,0f,0f,0f,1f], start_interpolation: 0, interpolation_duration: 1 }
$data merge entity $(bone_body_1) { transformation: [-1.1740703734656375f,-0.16054170764329165f,0.3526892588575455f,-0.04357999769552383f,0.004575680236932926f,1.1194509244609872f,0.5247983288178999f,0.5570675f,-0.387482149726769f,0.49966046760441946f,-1.0624507498292355f,-0.10074922283604927f,0f,0f,0f,1f], start_interpolation: 0, interpolation_duration: 1 }