# This file was generated by Animated Java via MC-Build. It is not recommended to edit this file directly.
$data merge entity $(bone_head_lower) { transformation: [-0.9155676194634222f,-0.20853687519819308f,0.34387251398251556f,-0.39483335907782563f,-0.22165950212887248f,0.9751234170545829f,0.0011775516015468668f,0.22195924315294874f,-0.3355637037971517f,-0.07514448212854463f,-0.9390156055676449f,0.7638092351022264f,0f,0f,0f,1f], start_interpolation: 0, interpolation_duration: 1 }
$data merge entity $(bone_head_upper) { transformation: [-0.9530139536129681f,-0.41098622271922514f,0.07954037677475514f,-0.3988744848351307f,-0.2307252834078175f,0.6807278786318306f,0.752892649342054f,0.2890756197342331f,-0.3492881194642454f,0.6716932503545784f,-0.7143514048511f,0.7295379965922202f,0f,0f,0f,1f], start_interpolation: 0, interpolation_duration: 1 }
$data merge entity $(bone_neck_0) { transformation: [-0.9443854974503035f,-0.05907863517210439f,0.3234899489501093f,-0.3766929066072145f,-0.06653256484269049f,0.9977118290313927f,-0.012021814600397057f,0.2721250313014249f,-0.32203951624140187f,-0.03287584336613314f,-0.9461552350972697f,0.668995520648489f,0f,0f,0f,1f], start_interpolation: 0, interpolation_duration: 1 }
$data merge entity $(bone_neck_1) { transformation: [-0.8691939310888818f,-0.18811139646965075f,0.45729204309335447f,-0.3388208742887529f,-0.0948833618279037f,0.971075173375807f,0.2191121979748768f,0.2951603322568411f,-0.48528245157484484f,0.14706158632146032f,-0.8619012890245172f,0.5966586633591787f,0f,0f,0f,1f], start_interpolation: 0, interpolation_duration: 1 }
$data merge entity $(bone_neck_2) { transformation: [-0.9291557194798437f,-0.23453304406671993f,0.2857689629730498f,-0.31608159494965715f,-0.1150687187609508f,0.9180759967852994f,0.37933580649523735f,0.3373815317303987f,-0.35132440695261624f,0.3195789657775945f,-0.8800229802180826f,0.5226909279315393f,0f,0f,0f,1f], start_interpolation: 0, interpolation_duration: 1 }
$data merge entity $(bone_body_0) { transformation: [-0.882069172697265f,-0.14528124303944095f,0.4481599435447988f,-0.10624947959828623f,-0.052636844498004286f,0.9756997738752021f,0.21269535458296282f,0.44691881470864797f,-0.46817020107911106f,0.16402229019494352f,-0.868281838541352f,0.11503547082586418f,0f,0f,0f,1f], start_interpolation: 0, interpolation_duration: 1 }
$data merge entity $(bone_leg_left_3) { transformation: [-0.9860711409576438f,-0.010001681087467571f,-0.16602310485566493f,0.22708022310008552f,0.00033752333724895505f,0.9980679468661577f,-0.06213098676480774f,0.05392708531361917f,0.16632375371090946f,-0.061321609680409644f,-0.984162623318787f,0.13913396210719034f,0f,0f,0f,1f], start_interpolation: 0, interpolation_duration: 1 }
$data merge entity $(bone_leg_left_2) { transformation: [-1.0012399345970546f,-0.18621801619461856f,-0.12208047883802291f,0.17834693839779925f,-0.1784142053267803f,1.0073948081510604f,-0.07339122119569486f,0.286204447034893f,0.13322598923030574f,-0.05040585735331561f,-1.0157619233062334f,0.09619952068837107f,0f,0f,0f,1f], start_interpolation: 0, interpolation_duration: 1 }
$data merge entity $(bone_leg_left_1) { transformation: [-0.9827608131466228f,0.0072706010624837f,0.1847385246871346f,0.19009659073957808f,0.1752497387899522f,0.3549474818204002f,0.9183135707389984f,0.33043846954149403f,-0.058895782509806226f,0.9348579696988986f,-0.35010264679520897f,0.369912294563648f,0f,0f,0f,1f], start_interpolation: 0, interpolation_duration: 1 }
$data merge entity $(bone_leg_left_0) { transformation: [-0.9890942904527382f,0.07773698351278366f,-0.12509774573559465f,0.11579483847612568f,0.14705863767766647f,0.4743146869837171f,-0.8679857918168513f,0.6044286342513381f,-0.008138899076849948f,-0.8769164949445706f,-0.48057384366603356f,0.06378173774628931f,0f,0f,0f,1f], start_interpolation: 0, interpolation_duration: 1 }
$data merge entity $(bone_leg_right_3) { transformation: [-0.8072624282138507f,-0.19968988748545194f,0.5553839400183669f,-0.2591926141099452f,0.02081703241226905f,0.9308019987206176f,0.36493052809986887f,0.0985740911192835f,-0.589825417522697f,0.3061561497238795f,-0.7472445308133246f,-0.35764908679122204f,0f,0f,0f,1f], start_interpolation: 0, interpolation_duration: 1 }
$data merge entity $(bone_leg_right_2) { transformation: [-0.9657422204855008f,0.012476209349113802f,0.3453237716588676f,-0.24411414502007783f,0.10638067080494178f,0.9859826604084495f,0.2618846038881642f,0.33633358829200527f,-0.3287663546525391f,0.2823911065788853f,-0.9296397939386675f,-0.320044122490002f,0f,0f,0f,1f], start_interpolation: 0, interpolation_duration: 1 }
$data merge entity $(bone_leg_right_1) { transformation: [-0.8769407889700539f,-0.39335047484235675f,-0.2761344900259146f,-0.3537948628861022f,-0.16278377025234916f,-0.29749536441833624f,0.9407432977662035f,0.20237795725909663f,-0.4521905536198315f,0.8699263831445132f,0.1968547462625592f,-0.10315840442001364f,0f,0f,0f,1f], start_interpolation: 0, interpolation_duration: 1 }
$data merge entity $(bone_leg_right_0) { transformation: [-0.9066564270853782f,0.05721575357153126f,0.41797186600059344f,-0.2599335780189194f,-0.023648729096089754f,0.982309438409347f,-0.18576572564402938f,0.6059368296946673f,-0.42120643494243526f,-0.17831019251617342f,-0.8892640858642216f,-0.05180108511628229f,0f,0f,0f,1f], start_interpolation: 0, interpolation_duration: 1 }
$data merge entity $(bone_tail_4) { transformation: [-0.4252574664565352f,0.40700556969736507f,2.697992565790034f,1.110819916855534f,-1.2753530016426535f,2.384271636025468f,-0.5607002928887364f,0.8097969385705538f,-2.412113625023507f,-1.3323875425264842f,-0.17919996678624917f,-1.1631829780381078f,0f,0f,0f,1f], start_interpolation: 0, interpolation_duration: 1 }
$data merge entity $(bone_tail_3) { transformation: [-0.8196411961792921f,0.09056565273923413f,1.9120490836048483f,0.785720794369896f,-0.285228044545887f,2.0509626363186753f,-0.21941456896414827f,0.8269312616598041f,-1.892822970637971f,-0.34827525466663556f,-0.7949031858387416f,-1.024988625888293f,0f,0f,0f,1f], start_interpolation: 0, interpolation_duration: 1 }
$data merge entity $(bone_tail_2) { transformation: [-1.0643849217098873f,0.0701838428501106f,1.637355441448864f,0.4805696403507015f,-0.06051261487491316f,1.9493611725531454f,-0.1228947410835942f,0.8501962359803883f,-1.6377413827831349f,-0.11763979831585133f,-1.0595932785623774f,-0.8292515621018015f,0f,0f,0f,1f], start_interpolation: 0, interpolation_duration: 1 }
$data merge entity $(bone_tail_1) { transformation: [-0.9980211752853373f,-0.16404081726304445f,1.1245890778207597f,0.24152932878658157f,0.03178045792015226f,1.4920477929230829f,0.24584473988219377f,0.7790240858003084f,-1.1360457676416298f,0.18585005758683676f,-0.9810790079899326f,-0.6193207842608648f,0f,0f,0f,1f], start_interpolation: 0, interpolation_duration: 1 }
$data merge entity $(bone_tail_0) { transformation: [-1.0465534984957447f,-0.01170671067800203f,0.733774109856328f,0.026820975607190177f,0.13086576721135257f,1.2545914046120652f,0.20666464387925096f,0.7489073989773022f,-0.7221050078364843f,0.24433394562085534f,-1.026012181827703f,-0.3135999646384845f,0f,0f,0f,1f], start_interpolation: 0, interpolation_duration: 1 }
$data merge entity $(bone_body_1) { transformation: [-1.1817083189227826f,-0.14541770822568095f,0.33320224215832056f,-0.04084896366972531f,0.0047434450621785225f,1.1268904473381331f,0.5086256132788188f,0.554755f,-0.36352103621920345f,0.48741789553595916f,-1.076513282033094f,-0.09615676033757223f,0f,0f,0f,1f], start_interpolation: 0, interpolation_duration: 1 }