# This file was generated by Animated Java via MC-Build. It is not recommended to edit this file directly.
$data merge entity $(bone_head_lower) { transformation: [-0.9962863870209058f,0.030226564629192973f,0.08062127403822922f,-0.2748096908053886f,0.07438085530350626f,0.7737900159965241f,0.6290600126445949f,0.2979521038340427f,-0.04336961379985871f,0.6327206065356307f,-0.7731647370800321f,0.73569533236698f,0f,0f,0f,1f], start_interpolation: 0, interpolation_duration: 1 }
$data merge entity $(bone_head_upper) { transformation: [-1.037034085130733f,-0.016739291100460817f,0.08804569832777126f,-0.2694378537169087f,0.07742300129339663f,0.3477536238985038f,0.978031205289324f,0.3732077484958157f,-0.04514341293360052f,0.9809480902588167f,-0.3452171187380406f,0.7339098899476759f,0f,0f,0f,1f], start_interpolation: 0, interpolation_duration: 1 }
$data merge entity $(bone_neck_0) { transformation: [-0.9686065097490512f,0.028768123626441176f,0.24692878393329376f,-0.2536249551645383f,0.12402313814211217f,0.9167632052595082f,0.37968867073919293f,0.38283826913318575f,-0.21545229281013473f,0.398393800836969f,-0.8915507214833767f,0.6698634882851117f,0f,0f,0f,1f], start_interpolation: 0, interpolation_duration: 1 }
$data merge entity $(bone_neck_1) { transformation: [-0.9392457057941773f,0.017593751951467257f,0.3427943465687092f,-0.22450472261834853f,0.13785382659272266f,0.933938259096622f,0.329781216398561f,0.4150776033579848f,-0.3143466663429749f,0.3570011037627772f,-0.8796228653640248f,0.5969925459985681f,0f,0f,0f,1f], start_interpolation: 0, interpolation_duration: 1 }
$data merge entity $(bone_neck_2) { transformation: [-0.9392457057941773f,0.009251081796199406f,0.34312085572404094f,-0.19435418837779367f,0.13785382659272266f,0.9256410173854643f,0.35239896343114585f,0.45501299963261854f,-0.3143466663429749f,0.37828973607435157f,-0.870679647711979f,0.5244181717088938f,0f,0f,0f,1f], start_interpolation: 0, interpolation_duration: 1 }
$data merge entity $(bone_body_0) { transformation: [-0.9392457057941773f,0.09611211572648125f,0.32951474224650035f,-0.03813953799486211f,0.13785382659272266f,0.9847969974552384f,0.10569388012979165f,0.5142075513827468f,-0.3143466663429749f,0.1446973911780261f,-0.9382157738736498f,0.08361901931410434f,0f,0f,0f,1f], start_interpolation: 0, interpolation_duration: 1 }
$data merge entity $(bone_leg_left_3) { transformation: [-0.9786330616930629f,-0.027907592259060178f,-0.20371179851830912f,0.2543364085753902f,-0.04744530012866016f,0.9946590821802456f,0.09166380819087126f,0.06868533232272803f,0.20006567435960487f,0.09937040067672824f,-0.9747303470254647f,-0.38868076226233955f,0f,0f,0f,1f], start_interpolation: 0, interpolation_duration: 1 }
$data merge entity $(bone_leg_left_2) { transformation: [-1.025031054621944f,-0.007894383991083697f,-0.03621070646536568f,0.24978695518700833f,-0.014296209937153125f,1.0088232275415525f,0.1847525736079798f,0.3095280651439318f,0.03419290778439873f,0.1851366354202767f,-1.0082745017023893f,-0.37663283351517224f,0f,0f,0f,1f], start_interpolation: 0, interpolation_duration: 1 }
$data merge entity $(bone_leg_left_1) { transformation: [-0.984011510104083f,-0.01192761546236416f,0.17770503642852756f,0.25671899029650136f,0.17797562590919241f,-0.10385624326617496f,0.9785389912092762f,0.22587103495884336f,0.006784140690871642f,0.9945207955211488f,0.10431856359760408f,-0.11212038796748618f,0f,0f,0f,1f], start_interpolation: 0, interpolation_duration: 1 }
$data merge entity $(bone_leg_left_0) { transformation: [-0.9927300324337281f,0.12029028223789553f,-0.004163016124971414f,0.18885745509119328f,0.12024283450789693f,0.9926919591109221f,0.010214453780106686f,0.6287839509506029f,0.0053612921610231845f,0.009639622173449519f,-0.9999391652649261f,-0.0263108737452908f,0f,0f,0f,1f], start_interpolation: 0, interpolation_duration: 1 }
$data merge entity $(bone_leg_right_3) { transformation: [-0.9494174143458399f,-0.032705955832961f,0.312308971676948f,-0.27400966346859723f,0.09020118949046334f,0.9242415160496951f,0.37100049248574773f,0.16908017927425723f,-0.30078284317986914f,0.3804049690306559f,-0.8745408742794247f,-0.19845263170266597f,0f,0f,0f,1f], start_interpolation: 0, interpolation_duration: 1 }
$data merge entity $(bone_leg_right_2) { transformation: [-0.9791106251660355f,0.0759043699027893f,0.29604579006858117f,-0.2456483531481981f,0.16889647539793387f,0.9624454622721982f,0.31182513088348845f,0.4027995900485443f,-0.2547127083320048f,0.3464093796103248f,-0.931227242638906f,-0.1460890454022061f,0f,0f,0f,1f], start_interpolation: 0, interpolation_duration: 1 }
$data merge entity $(bone_leg_right_1) { transformation: [-0.9408688346718797f,-0.219723152201689f,-0.2578518418195478f,-0.3104027633927009f,-0.23210825486531594f,-0.13631407840329435f,0.9630909770382226f,0.31006599996707385f,-0.2467622215140664f,0.9659918262674971f,0.07725411068563859f,0.10732905435440979f,0f,0f,0f,1f], start_interpolation: 0, interpolation_duration: 1 }
$data merge entity $(bone_leg_right_0) { transformation: [-0.9381846234270205f,0.07841637375669872f,0.33713570664044157f,-0.19797089668800588f,-0.19130582691861792f,0.6942469173179739f,-0.6938467398363085f,0.6613775684868268f,-0.2884643703338142f,-0.715452367472035f,-0.6363302734638485f,-0.08823816104209184f,0f,0f,0f,1f], start_interpolation: 0, interpolation_duration: 1 }
$data merge entity $(bone_tail_4) { transformation: [-2.5836673814635747f,-0.5274688625229754f,-0.8198175361809937f,0.0971395748103269f,-0.5946533385818261f,2.692963302370722f,0.14141213030735145f,0.6949709422801905f,0.7724711000902527f,0.3088471834958088f,-2.6331659933190807f,-1.8005041939438122f,0f,0f,0f,1f], start_interpolation: 0, interpolation_duration: 1 }
$data merge entity $(bone_tail_3) { transformation: [-1.9942993697902927f,-0.4974123914037191f,-0.33361124467937175f,0.15857528434587612f,-0.4733397468009111f,2.019626714630772f,-0.18166712331241364f,0.7060113401052432f,0.36696734704457806f,-0.09815483927036737f,-2.047351000628695f,-1.452388600147019f,0f,0f,0f,1f], start_interpolation: 0, interpolation_duration: 1 }
$data merge entity $(bone_tail_2) { transformation: [-1.914441706400908f,-0.3886449623181554f,-0.0513996212075107f,0.16662225812876985f,-0.37262059239519413f,1.8835720075707996f,-0.3634339849567454f,0.7737455930869865f,0.12182250169246488f,-0.3462447986081592f,-1.919387322173657f,-1.095570998065671f,0f,0f,0f,1f], start_interpolation: 0, interpolation_duration: 1 }
$data merge entity $(bone_tail_1) { transformation: [-1.504401744808048f,-0.10969398644365294f,0.11135021130021165f,0.14543909381261613f,-0.1118167278411829f,1.5081542137435595f,-0.02498273288568805f,0.7607927977783746f,-0.10921840318093334f,-0.033080914522523215f,-1.5081887294039036f,-0.7705168861980065f,0f,0f,0f,1f], start_interpolation: 0, interpolation_duration: 1 }
$data merge entity $(bone_tail_0) { transformation: [-1.242240606666096f,-0.059518000790887704f,0.29518062151119195f,0.057744180190001576f,0.0005416881934877006f,1.2525551172445768f,0.25483543988690704f,0.7165503455269618f,-0.3011207370935762f,0.24778822092728353f,-1.2172768854479825f,-0.4088207169560793f,0f,0f,0f,1f], start_interpolation: 0, interpolation_duration: 1 }
$data merge entity $(bone_body_1) { transformation: [-1.21661886943996f,0.05688368979831586f,0.2126202422485057f,0.004481432019702996f,0.10251060951321797f,1.2033573989049209f,0.2646264168488507f,0.5739737500000001f,-0.19476831496963978f,0.27802843630096924f,-1.1888524244615792f,-0.15115636965067553f,0f,0f,0f,1f], start_interpolation: 0, interpolation_duration: 1 }