# This file was generated by Animated Java via MC-Build. It is not recommended to edit this file directly.
$data merge entity $(bone_head_lower) { transformation: [-0.9595030542943462f,-0.23552968707653416f,0.15453043488404253f,-0.32776762099618956f,-0.23594724439577922f,0.9716357860889975f,0.015899592864427492f,0.2276896003523912f,-0.1538921267052341f,-0.02120532237071676f,-0.9878600850531891f,0.7914331610046206f,0f,0f,0f,1f], start_interpolation: 0, interpolation_duration: 1 }
$data merge entity $(bone_head_upper) { transformation: [-0.9987463294220458f,-0.28326643254802125f,-0.07574853292978966f,-0.3396602375857531f,-0.24559738838021478f,0.6612427060313114f,0.7654488546759437f,0.2952294175228716f,-0.16018625056575875f,0.7523231715794835f,-0.7013003302564302f,0.7599308553901327f,0f,0f,0f,1f], start_interpolation: 0, interpolation_duration: 1 }
$data merge entity $(bone_neck_0) { transformation: [-0.9853375237226354f,-0.08086763091371746f,0.15023445215578263f,-0.3283147757558719f,-0.08281315558815092f,0.9965423750695744f,-0.006728740760687524f,0.27864533226546356f,-0.14917086044425054f,-0.01907146981998492f,-0.9886274998366308f,0.6963621141225992f,0f,0f,0f,1f], start_interpolation: 0, interpolation_duration: 1 }
$data merge entity $(bone_neck_1) { transformation: [-0.9091374195293562f,-0.18425203067498078f,0.37352421822908555f,-0.29752119804031996f,-0.10457291006815228f,0.9690776070541067f,0.2235018970527201f,0.3020432958092252f,-0.4031546339698722f,0.16413342346527862f,-0.9002924860345031f,0.6208516663818242f,0f,0f,0f,1f], start_interpolation: 0, interpolation_duration: 1 }
$data merge entity $(bone_neck_2) { transformation: [-0.9535475618264893f,-0.21256073883776783f,0.2134595503590787f,-0.28090164296592046f,-0.12198677470895836f,0.9203610540207926f,0.37155720560613775f,0.3436054036438873f,-0.2754383309034231f,0.3282582254056676f,-0.9035376380221569f,0.5449088459469105f,0f,0f,0f,1f], start_interpolation: 0, interpolation_duration: 1 }
$data merge entity $(bone_body_0) { transformation: [-0.9121588907745035f,-0.1337546733181901f,0.38739623816781144f,-0.09959742911002147f,-0.05774148162157987f,0.9777584687797767f,0.20162911007483877f,0.44794681872620934f,-0.4057487883915024f,0.16154895262727925f,-0.8995942733387408f,0.1224723941108526f,0f,0f,0f,1f], start_interpolation: 0, interpolation_duration: 1 }
$data merge entity $(bone_leg_left_3) { transformation: [-0.9829091747287443f,-0.006757691455602183f,-0.18396708357815103f,0.2322694778967532f,0.003064093633535769f,0.9985870364944222f,-0.05305225608296122f,0.05182189885435742f,0.18406565558045984f,-0.052709241613573626f,-0.9814996537361882f,0.1311513885229555f,0f,0f,0f,1f], start_interpolation: 0, interpolation_duration: 1 }
$data merge entity $(bone_leg_left_2) { transformation: [-0.9994629845893757f,-0.18273300707332057f,-0.14051544421284806f,0.1837815774795581f,-0.17584796851557138f,1.0086746802191666f,-0.060951463923376886f,0.2847860223195171f,0.14904171867413105f,-0.035302083669352335f,-1.014200438021971f,0.09181040788879213f,0f,0f,0f,1f], start_interpolation: 0, interpolation_duration: 1 }
$data merge entity $(bone_leg_left_1) { transformation: [-0.9828805822179122f,0.025591110391946087f,0.18245782024316046f,0.20063168497721243f,0.18005014495826224f,0.3434987836252902f,0.9217323532069678f,0.3256328688075627f,-0.039085884913699666f,0.9388043889527002f,-0.3422259675764828f,0.36578302452969863f,0f,0f,0f,1f], start_interpolation: 0, interpolation_duration: 1 }
$data merge entity $(bone_leg_left_0) { transformation: [-0.9884259609715706f,0.06407065260355196f,-0.1375102583532666f,0.12205225357645214f,0.1512725807984938f,0.48458015684787925f,-0.8615675701231146f,0.6036210861241803f,0.011433546081173918f,-0.872397285108247f,-0.4886637401729023f,0.06436122279944f,0f,0f,0f,1f], start_interpolation: 0, interpolation_duration: 1 }
$data merge entity $(bone_leg_right_3) { transformation: [-0.8692170039146173f,-0.1598531625449404f,0.4678768711211071f,-0.2664041451711746f,0.005435140303688996f,0.9431475740723705f,0.3323298252809712f,0.09013245775743495f,-0.4944009095416143f,0.29140971148158845f,-0.8189310842181052f,-0.29904736554849626f,0f,0f,0f,1f], start_interpolation: 0, interpolation_duration: 1 }
$data merge entity $(bone_leg_right_2) { transformation: [-0.9813310955542519f,0.02382135325288082f,0.29746264223963903f,-0.25013607854286435f,0.08617204861513916f,1.0014926981567538f,0.20408075136295717f,0.3297522754732273f,-0.285702394873505f,0.22024331583183318f,-0.9601714549473115f,-0.27693933460852077f,0f,0f,0f,1f], start_interpolation: 0, interpolation_duration: 1 }
$data merge entity $(bone_leg_right_1) { transformation: [-0.8959598363026169f,-0.32145441800746827f,-0.306468642565708f,-0.3390548510355196f,-0.2132345321295791f,-0.293963211063102f,0.9317277847359436f,0.1962296106755833f,-0.38959851904244636f,0.9001403711005019f,0.19483404803828003f,-0.050491690453186244f,0f,0f,0f,1f], start_interpolation: 0, interpolation_duration: 1 }
$data merge entity $(bone_leg_right_0) { transformation: [-0.9211593735761496f,0.01934585807003472f,0.3887044458818675f,-0.2559936278272321f,-0.09063425611918427f,0.9606392433340155f,-0.2625979356056938f,0.6053234663559953f,-0.3784849271642369f,-0.2771244881676537f,-0.8831484461670633f,-0.0433973963987839f,0f,0f,0f,1f], start_interpolation: 0, interpolation_duration: 1 }
$data merge entity $(bone_tail_4) { transformation: [-0.2814903828351137f,0.48769356742536907f,2.703438455053723f,1.1200543160958034f,-1.252661771342148f,2.395818542256609f,-0.5626307232966987f,0.7972658138951317f,-2.444844163252393f,-1.2836938219339267f,-0.022989574580128524f,-1.1426538676963847f,0f,0f,0f,1f], start_interpolation: 0, interpolation_duration: 1 }
$data merge entity $(bone_tail_3) { transformation: [-0.7465818902567795f,0.10291942870832733f,1.9411256008768243f,0.7899039993818038f,-0.28971778587779956f,2.050256036419293f,-0.22013476716947641f,0.8145291706204509f,-1.9221406326622215f,-0.3490032985016701f,-0.7207757015523443f,-1.0170216730845505f,0f,0f,0f,1f], start_interpolation: 0, interpolation_duration: 1 }
$data merge entity $(bone_tail_2) { transformation: [-1.0252503631868055f,0.06760816347334714f,1.6622468841961662f,0.4801539054853611f,-0.07162574393967203f,1.9489495865931872f,-0.12344689840619504f,0.8378884742955497f,-1.662078614444332f,-0.12569216424575616f,-1.0200343299403236f,-0.8286584435727902f,0f,0f,0f,1f], start_interpolation: 0, interpolation_duration: 1 }
$data merge entity $(bone_tail_1) { transformation: [-0.9892794699453065f,-0.16591255371092045f,1.1320138713221917f,0.2395303896631542f,0.02308391360863712f,1.4933129591250405f,0.23903930438679774f,0.7681736209899069f,-1.1438747804184004f,0.17362511520611312f,-0.9741976473449425f,-0.6200515408567941f,0f,0f,0f,1f], start_interpolation: 0, interpolation_duration: 1 }
$data merge entity $(bone_tail_0) { transformation: [-1.0487633552179594f,-0.004595315101625392f,0.7306914700577208f,0.02589446612322805f,0.12652735499054102f,1.2577402848579686f,0.18951496212310392f,0.7431444578613072f,-0.7196679580022263f,0.22782444010364783f,-1.031508493082046f,-0.3131229751169691f,0f,0f,0f,1f], start_interpolation: 0, interpolation_duration: 1 }
$data merge entity $(bone_body_1) { transformation: [-1.188997007883008f,-0.13003632384943425f,0.3130195916891292f,-0.03811933502514831f,0.005354178160575677f,1.1344170089133905f,0.4916034761069856f,0.5524425000000001f,-0.33891303173193105f,0.4741236119663012f,-1.0903895416568108f,-0.09155827048775335f,0f,0f,0f,1f], start_interpolation: 0, interpolation_duration: 1 }