# This file was generated by Animated Java via MC-Build. It is not recommended to edit this file directly.
$data merge entity $(bone_head_lower) { transformation: [-0.9694511009427662f,-0.2435404416656297f,-0.02919959167810926f,-0.26307997502668024f,-0.2444327340359611f,0.9691272818897885f,0.03232568682356868f,0.23401877873533672f,0.02042550886914095f,0.03847550870645383f,-0.9990507663863815f,0.8120483372386573f,0f,0f,0f,1f], start_interpolation: 0, interpolation_duration: 1 }
$data merge entity $(bone_head_upper) { transformation: [-1.0091012470333667f,-0.1459160287888129f,-0.20951164254454552f,-0.281112915443311f,-0.25442993101105943f,0.6458363013137052f,0.7756499369526485f,0.30191314302361844f,0.02126090367126012f,0.8031661889244608f,-0.6617733671938951f,0.784468909223972f,0f,0f,0f,1f], start_interpolation: 0, interpolation_duration: 1 }
$data merge entity $(bone_neck_0) { transformation: [-0.9954004920987096f,-0.0943697641337356f,-0.016498725617141496f,-0.28032631697761823f,-0.09430056282772348f,0.9955315911975257f,-0.004924914019257737f,0.2854658153714138f,0.01688976554074051f,-0.0033464227266761792f,-0.9998517576495594f,0.719865481062212f,0f,0f,0f,1f], start_interpolation: 0, interpolation_duration: 1 }
$data merge entity $(bone_neck_1) { transformation: [-0.9406796401234747f,-0.17477578656601783f,0.29081822344447356f,-0.25649536666442496f,-0.11083494241262087f,0.9683876482135935f,0.22347478230828774f,0.30885830338630754f,-0.32068275631464965f,0.17798535675042315f,-0.9303138086607462f,0.6418756473902878f,0f,0f,0f,1f], start_interpolation: 0, interpolation_duration: 1 }
$data merge entity $(bone_neck_2) { transformation: [-0.9715134220368035f,-0.18864259974966943f,0.14344211502214294f,-0.24577569052579668f,-0.12558427880036618f,0.9231156062996235f,0.36343660564707914f,0.34973595454846135f,-0.2009732811110262f,0.3350694658809792f,-0.9205097464523141f,0.5645126292673577f,0f,0f,0f,1f], start_interpolation: 0, interpolation_duration: 1 }
$data merge entity $(bone_body_0) { transformation: [-0.9372328453999874f,-0.12115261506670069f,0.3269810963434172f,-0.09282485609753459f,-0.060037493493248356f,0.9797650240176327f,0.19093453612894615f,0.4490561719815711f,-0.34349686007078933f,0.15931899313712578f,-0.9255416606221899f,0.12982602795571951f,0f,0f,0f,1f], start_interpolation: 0, interpolation_duration: 1 }
$data merge entity $(bone_leg_left_3) { transformation: [-0.9795669027330656f,-0.002482780279332791f,-0.20110325425520392f,0.2367320022367082f,0.006103732733976481f,0.9990962018726965f,-0.042065708721761f,0.04977023182375087f,0.2010259374226641f,-0.04243365651975341f,-0.9786664177735449f,0.12377477232006846f,0f,0f,0f,1f], start_interpolation: 0, interpolation_duration: 1 }
$data merge entity $(bone_leg_left_2) { transformation: [-0.9976535282873379f,-0.17807283956432793f,-0.15823937817754802f,0.18878543830345937f,-0.17243422318308815f,1.0098986174171987f,-0.04932971431875123f,0.28338411340121594f,0.1643656766839261f,-0.021378630662925432f,-1.0122198763015413f,0.08776430984982753f,0f,0f,0f,1f], start_interpolation: 0, interpolation_duration: 1 }
$data merge entity $(bone_leg_left_1) { transformation: [-0.982457158613366f,0.04351981023831f,0.18133934378995814f,0.21055710032856745f,0.18539268247864196f,0.33317898628985976f,0.9244573091161292f,0.3211764720302503f,-0.020186252072253975f,0.9418586885577278f,-0.3354023345410591f,0.3618283863386745f,0f,0f,0f,1f], start_interpolation: 0, interpolation_duration: 1 }
$data merge entity $(bone_leg_left_0) { transformation: [-0.9872824863727417f,0.05157717735233433f,-0.15037648379325397f,0.1282526738946079f,0.15609838017191519f,0.49366338617067596f,-0.8555289339713802f,0.6028006004979929f,0.030109596632322155f,-0.8681222586311608f,-0.49543632916831093f,0.06480799946495425f,0f,0f,0f,1f], start_interpolation: 0, interpolation_duration: 1 }
$data merge entity $(bone_leg_right_3) { transformation: [-0.9179928404012895f,-0.1086974053026141f,0.38141056494603287f,-0.2694153685039023f,0.00524730407697984f,0.958295210065778f,0.28573196559872327f,0.08092213498523501f,-0.39656224072886265f,0.26430127590585994f,-0.8791377734932323f,-0.23937334583532854f,0f,0f,0f,1f], start_interpolation: 0, interpolation_duration: 1 }
$data merge entity $(bone_leg_right_2) { transformation: [-0.9919445993610629f,0.040486057454658365f,0.25781580721688263f,-0.2504715827485062f,0.07461473147643775f,1.014982547917328f,0.12769208577919935f,0.3213435949431919f,-0.25008149300940646f,0.1422445291591961f,-0.9845242202603036f,-0.2362545898407365f,0f,0f,0f,1f], start_interpolation: 0, interpolation_duration: 1 }
$data merge entity $(bone_leg_right_1) { transformation: [-0.9095659243726584f,-0.25895765632921874f,-0.32500886364619286f,-0.32169960806442355f,-0.2562234934226302f,-0.26626977990340694f,0.9292200631327839f,0.19462121808953703f,-0.3271686883526824f,0.9284618121057373f,0.1758388831371373f,0.00013786620200813282f,0f,0f,0f,1f], start_interpolation: 0, interpolation_duration: 1 }
$data merge entity $(bone_leg_right_0) { transformation: [-0.9302538260856479f,-0.021940202437203432f,0.36626008050295034f,-0.2519640592395421f,-0.1538853468557742f,0.9295059435835282f,-0.33516861557427f,0.6047533954791865f,-0.3330872544485771f,-0.36815394654941463f,-0.8680527360500624f,-0.03501649148193717f,0f,0f,0f,1f], start_interpolation: 0, interpolation_duration: 1 }
$data merge entity $(bone_tail_4) { transformation: [-0.23552920006127998f,0.5244251875445537f,2.7009564139740116f,1.1185107099232043f,-1.2461876844212207f,2.396502147467369f,-0.573981745337919f,0.7801067144462871f,-2.452998895783561f,-1.2678395054000908f,0.03226046235693553f,-1.1398822409269649f,0f,0f,0f,1f], start_interpolation: 0, interpolation_duration: 1 }
$data merge entity $(bone_tail_3) { transformation: [-0.7259230382026384f,0.10890140569537564f,1.948620474204422f,0.7870310013182962f,-0.30349876149872934f,2.04745775015606f,-0.2274879977912406f,0.7986442907807549f,-1.9279185072040346f,-0.3633218562210388f,-0.6979061429853661f,-1.0179877599952403f,0f,0f,0f,1f], start_interpolation: 0, interpolation_duration: 1 }
$data merge entity $(bone_tail_2) { transformation: [-1.015946685011965f,0.06678557563908545f,1.6679825823738483f,0.4762213374793004f,-0.0887655663372988f,1.9476799538660108f,-0.1320505454138312f,0.8235900175743307f,-1.6669573727149698f,-0.14441730920435977f,-1.009539812665233f,-0.8315835015992173f,0f,0f,0f,1f], start_interpolation: 0, interpolation_duration: 1 }
$data merge entity $(bone_tail_1) { transformation: [-0.9920890034224368f,-0.16300343198739153f,1.1299759025964264f,0.23600349293077005f,0.01168967884113727f,1.495475668708284f,0.22599142839962494f,0.7566673704469289f,-1.141612460818849f,0.1569670521537675f,-0.9796624846554495f,-0.6215991606098296f,0f,0f,0f,1f], start_interpolation: 0, interpolation_duration: 1 }
$data merge entity $(bone_tail_0) { transformation: [-1.0540835445953158f,0.0034082577592914293f,0.723002061806499f,0.024807733670574067f,0.12101336554041767f,1.2610022378134278f,0.17048412880422673f,0.7372781758672984f,-0.7128108886359575f,0.2090393661313609f,-1.0402109867875087f,-0.31258084124211993f,0f,0f,0f,1f], start_interpolation: 0, interpolation_duration: 1 }
$data merge entity $(bone_body_1) { transformation: [-1.1958245818338145f,-0.1149276692986613f,0.2922324338053711f,-0.035391019554005115f,0.006141760838729605f,1.141807192762005f,0.4741763473508559f,0.55013f,-0.3139593019995313f,0.4600788632862601f,-1.1037941797733126f,-0.08695373252780741f,0f,0f,0f,1f], start_interpolation: 0, interpolation_duration: 1 }