# This file was generated by Animated Java via MC-Build. It is not recommended to edit this file directly.
$data merge entity $(bone_head_lower) { transformation: [-0.9537716464215038f,-0.23244510615781316f,-0.19049650680707209f,-0.20393753972458983f,-0.24624793175527535f,0.967812246859246f,0.05197509918708071f,0.24081752645095666f,0.17228349482368632f,0.09648174673242921f,-0.980311006751835f,0.826905876893515f,0f,0f,0f,1f], start_interpolation: 0, interpolation_duration: 1 }
$data merge entity $(bone_head_upper) { transformation: [-0.9927805093552907f,-0.01519543035644402f,-0.31245463946633767f,-0.22612673623538815f,-0.25631936956076123f,0.6355166737142809f,0.7835118893817867f,0.3090215619815067f,0.1793298179771856f,0.824232733462416f,-0.6098796275141929f,0.8034259793777782f,0f,0f,0f,1f], start_interpolation: 0, interpolation_duration: 1 }
$data merge entity $(bone_neck_0) { transformation: [-0.9816673811800153f,-0.09968520178197204f,-0.16245618877980042f,-0.23469617900002548f,-0.09988311851893528f,0.99497476689814f,-0.00696963922482588f,0.2924528607293826f,0.1623345784548165f,0.009384763272423102f,-0.9866911425852661f,0.7394198933873166f,0f,0f,0f,1f], start_interpolation: 0, interpolation_duration: 1 }
$data merge entity $(bone_neck_1) { transformation: [-0.9634071398538766f,-0.16147710828768558f,0.21394351211855017f,-0.21731626036823057f,-0.1141028711699113f,0.9693047127583716f,0.21778179128474756f,0.3153673024858f,-0.2425432284549618f,0.18540096365299136f,-0.9522600826492659f,0.6596050850377679f,0f,0f,0f,1f], start_interpolation: 0, interpolation_duration: 1 }
$data merge entity $(bone_neck_2) { transformation: [-0.9832377392898831f,-0.1643538788005927f,0.07893890396578737f,-0.2120097475336799f,-0.1263940075623025f,0.9264460210227288f,0.35457344088847664f,0.35550108078301296f,-0.13140815381269283f,0.33865258400660925f,-0.9316900366845114f,0.5812976706042192f,0f,0f,0f,1f], start_interpolation: 0, interpolation_duration: 1 }
$data merge entity $(bone_body_0) { transformation: [-0.9568569727840547f,-0.1082359138516244f,0.2696474004829982f,-0.08595702123812371f,-0.06003274866352337f,0.9816486739393981f,0.18100262440341394f,0.4501583695846156f,-0.28428999757718687f,0.15700594863165174f,-0.9457950778957556f,0.137043675041644f,0f,0f,0f,1f], start_interpolation: 0, interpolation_duration: 1 }
$data merge entity $(bone_leg_left_3) { transformation: [-0.9761858373584346f,0.002695640543077439f,-0.21691921183443913f,0.24057324783103437f,0.009194202738393113f,0.9995384363396012f,-0.028954808163575627f,0.04782117674524303f,0.21674103805421138f,-0.030259672864171167f,-0.9757600497157768f,0.11758778706321085f,0f,0f,0f,1f], start_interpolation: 0, interpolation_duration: 1 }
$data merge entity $(bone_leg_left_2) { transformation: [-0.9958572701072735f,-0.17255220223552684f,-0.1748034169541693f,0.19340442012873982f,-0.1682789332563237f,1.0110378602645764f,-0.0393299533998432f,0.2820160980055366f,0.17892092582282554f,-0.00950695093023982f,-1.0099302548628823f,0.08443793615718553f,0f,0f,0f,1f], start_interpolation: 0, interpolation_duration: 1 }
$data merge entity $(bone_leg_left_1) { transformation: [-0.9815812084379756f,0.06051425164139748f,0.1812080478061751f,0.21978245915818106f,0.19102463916325998f,0.32485629487722073f,0.9262710051119976f,0.31733908589025556f,-0.0028139783207707233f,0.9438254144845462f,-0.33043254757829826f,0.35842675206692826f,0f,0f,0f,1f], start_interpolation: 0, interpolation_duration: 1 }
$data merge entity $(bone_leg_left_0) { transformation: [-0.9857671278046862f,0.04047713292446112f,-0.1631709883830908f,0.13433754643426074f,0.16132505103234013f,0.5008358505039083f,-0.8503750224221308f,0.6019675307692252f,0.047301137926186454f,-0.864595311437809f,-0.5002374933875365f,0.06518096127048044f,0f,0f,0f,1f], start_interpolation: 0, interpolation_duration: 1 }
$data merge entity $(bone_leg_right_3) { transformation: [-0.9507771930184278f,-0.05393383107223082f,0.3051456555513642f,-0.26793667735066384f,0.018999974219271753f,0.9727374268304099f,0.23112961606644084f,0.07181705679268363f,-0.3092923054582294f,0.22555052717567656f,-0.9238318188258664f,-0.1822566235932007f,0f,0f,0f,1f], start_interpolation: 0, interpolation_duration: 1 }
$data merge entity $(bone_leg_right_2) { transformation: [-0.9983839964542685f,0.05806038780879134f,0.22786089285393069f,-0.2458120917915156f,0.06855544502349982f,1.0226327995727589f,0.03980587514809914f,0.3113151019867989f,-0.22492609026595292f,0.05397543984229234f,-0.999278292225043f,-0.20020825661220715f,0f,0f,0f,1f], start_interpolation: 0, interpolation_duration: 1 }
$data merge entity $(bone_leg_right_1) { transformation: [-0.9183119824046856f,-0.20945620720156977f,-0.33590355793993826f,-0.3031884897814934f,-0.29086825748312606f,-0.21854569917898503f,0.9314684289653081f,0.1967486494668193f,-0.26851212218577064f,0.9530823021308823f,0.1397689722513269f,0.04595401216684156f,0f,0f,0f,1f], start_interpolation: 0, interpolation_duration: 1 }
$data merge entity $(bone_leg_right_0) { transformation: [-0.9346225731128237f,-0.06334877307291784f,0.3499536809038024f,-0.24787586993331914f,-0.2097373617346445f,0.8928555745853387f,-0.3985212190391821f,0.6041422266641525f,-0.2872122645719631f,-0.44586528894055066f,-0.8477695790705184f,-0.02669766302612943f,0f,0f,0f,1f], start_interpolation: 0, interpolation_duration: 1 }
$data merge entity $(bone_tail_4) { transformation: [-0.27919070218802355f,0.5211358361120235f,2.6974305039669844f,1.107997828090509f,-1.2496356161533895f,2.3905180365724905f,-0.5911815924591559f,0.7598428935918681f,-2.446655821780557f,-1.2804305091419164f,-0.0058594032013316085f,-1.1526001207227616f,0f,0f,0f,1f], start_interpolation: 0, interpolation_duration: 1 }
$data merge entity $(bone_tail_3) { transformation: [-0.7526591679286324f,0.10773236487526594f,1.9385157828957196f,0.7782429417037022f,-0.32262138788233463f,2.043239652734472f,-0.23881517459917617f,0.7803424179217721f,-1.9145143360806411f,-0.3866665037164991f,-0.7218513682814515f,-1.0264169687529465f,0f,0f,0f,1f], start_interpolation: 0, interpolation_duration: 1 }
$data merge entity $(bone_tail_2) { transformation: [-1.033361880526257f,0.06622948321058786f,1.6572720821976312f,0.46941132655127327f,-0.10935930531203011f,1.9456400480923586f,-0.14594252500080526f,0.8078549200398595f,-1.6549856921495374f,-0.16991860938578496f,-1.0251457944933946f,-0.837108808129362f,0f,0f,0f,1f], start_interpolation: 0, interpolation_duration: 1 }
$data merge entity $(bone_tail_1) { transformation: [-1.0046578206365855f,-0.15649260587300715f,1.1197450503310218f,0.23132746703599028f,-0.0013624799366500414f,1.4981082418023306f,0.20814920007617635f,0.744752010560747f,-1.1306268425445103f,0.137251630777217f,-0.9952392590562463f,-0.623542013771236f,0f,0f,0f,1f], start_interpolation: 0, interpolation_duration: 1 }
$data merge entity $(bone_tail_0) { transformation: [-1.0615238533774984f,0.011619541204807342f,0.7119464948693862f,0.023560554286758968f,0.11449928125555882f,1.2641990977223716f,0.15008754943009167f,0.7314003164591583f,-0.7027750279332465f,0.18841800382171428f,-1.0509241802020224f,-0.3118906804962888f,0f,0f,0f,1f], start_interpolation: 0, interpolation_duration: 1 }
$data merge entity $(bone_body_1) { transformation: [-1.2021043761842343f,-0.10058752958408666f,0.2709830487449974f,-0.03266392474225213f,0.006839664282344195f,1.1488673106500809f,0.4567950487564481f,0.5478175000000001f,-0.28896865367625596f,0.4456351046181971f,-1.116472599655142f,-0.08234312710947846f,0f,0f,0f,1f], start_interpolation: 0, interpolation_duration: 1 }