# This file was generated by Animated Java via MC-Build. It is not recommended to edit this file directly.
$data merge entity $(bone_head_lower) { transformation: [-0.9261595063944295f,-0.20575605818645717f,-0.3160585598189013f,-0.15296134613556644f,-0.2408102017329445f,0.9676129292990949f,0.07573417850986064f,0.24818445460041033f,0.2902395828562419f,0.14625205493529353f,-0.945712070860174f,0.8380763046401853f,0f,0f,0f,1f], start_interpolation: 0, interpolation_duration: 1 }
$data merge entity $(bone_head_upper) { transformation: [-0.9640390443061674f,0.09335923862860665f,-0.3812934777824628f,-0.17744962223204064f,-0.2506592386462379f,0.6316921774978986f,0.7884204979278248f,0.31664275568719075f,0.3021102608619027f,0.8220224984963352f,-0.5625658582168873f,0.8178465780495604f,0f,0f,0f,1f], start_interpolation: 0, interpolation_duration: 1 }
$data merge entity $(bone_neck_0) { transformation: [-0.9559786384046451f,-0.09870319365018858f,-0.2763376964463121f,-0.19340709731847489f,-0.09872650190374885f,0.995018029439324f,-0.013863582240302375f,0.2996272031896383f,0.2763293700203615f,0.014028565640789414f,-0.9609606020072895f,0.7553920648710418f,0f,0f,0f,1f], start_interpolation: 0, interpolation_duration: 1 }
$data merge entity $(bone_neck_1) { transformation: [-0.9780912184599696f,-0.14687942729604547f,0.14752627633299056f,-0.18158634059231818f,-0.11507005972286513f,0.9720083357066821f,0.20483817191163922f,0.3214576057531192f,-0.17348328371018473f,0.18337455972383887f,-0.967614241895612f,0.6742672223203864f,0f,0f,0f,1f], start_interpolation: 0, interpolation_duration: 1 }
$data merge entity $(bone_neck_2) { transformation: [-0.9896547078427855f,-0.1416140136154605f,0.023000660693362512f,-0.1809577999126783f,-0.12514677228033638f,0.9304913104507326f,0.3442734473692272f,0.36072863327990057f,-0.07015585957298684f,0.33783337952813164f,-0.9385876427080088f,0.5953475053432871f,0f,0f,0f,1f], start_interpolation: 0, interpolation_duration: 1 }
$data merge entity $(bone_body_0) { transformation: [-0.9711783225380776f,-0.09589781533981151f,0.21821153692043246f,-0.07902906741872279f,-0.05845231198086219f,0.9833596078576531f,0.17200932782304218f,0.45116371391227494f,-0.23107573013239147f,0.1542967616221879f,-0.9606229834314229f,0.14407936511364872f,0f,0f,0f,1f], start_interpolation: 0, interpolation_duration: 1 }
$data merge entity $(bone_leg_left_3) { transformation: [-0.9729368352676337f,0.008609579671192299f,-0.230910783025147f,0.2439508804775057f,0.01205463447339574f,0.999836032815585f,-0.01351270777103264f,0.04601435821856825f,0.23075658250007514f,-0.015930556219978315f,-0.972881090890047f,0.11316691957322722f,0f,0f,0f,1f], start_interpolation: 0, interpolation_duration: 1 }
$data merge entity $(bone_leg_left_2) { transformation: [-0.9941308791059544f,-0.16656798365923692f,-0.18979225887378154f,0.19771642136983883f,-0.1635122133984028f,1.0120854831212618f,-0.031763665176606413f,0.2806947060278613f,0.19243115854318268f,-0.000530259929247015f,-1.007488048339448f,0.08220595690818167f,0f,0f,0f,1f], start_interpolation: 0, interpolation_duration: 1 }
$data merge entity $(bone_leg_left_1) { transformation: [-0.9803895694315378f,0.07604141438710528f,0.1818075780814771f,0.228257176220302f,0.1966776433860434f,0.3194111847973269f,0.926981337254683f,0.3143881711982362f,0.012417598075159257f,0.9445603201089787f,-0.32810304011646596f,0.3559675290064991f,0f,0f,0f,1f], start_interpolation: 0, interpolation_duration: 1 }
$data merge entity $(bone_leg_left_0) { transformation: [-0.9840252951138443f,0.030921624354326327f,-0.17532276441866163f,0.14025222348038702f,0.1667252973591593f,0.505379325782566f,-0.8466371196044141f,0.6011241605001034f,0.06242510549940235f,-0.8623430815045998f,-0.5024614572129286f,0.06554563021651824f,0f,0f,0f,1f], start_interpolation: 0, interpolation_duration: 1 }
$data merge entity $(bone_leg_right_3) { transformation: [-0.9690515515196079f,-0.004042554270699654f,0.24682533956709019f,-0.26256940920695493f,0.04007267710247316f,0.9840280561536171f,0.1734444154545631f,0.06237846012454781f,-0.24358421756608517f,0.17796753203183602f,-0.9534119185825275f,-0.13127679734821557f,0f,0f,0f,1f], start_interpolation: 0, interpolation_duration: 1 }
$data merge entity $(bone_leg_right_2) { transformation: [-1.0016290354626702f,0.0736538218904388f,0.20827047159822515f,-0.23741041428585571f,0.06439698470754965f,1.0223632823724813f,-0.05185119784379388f,0.2989875184960043f,-0.21131612143750714f,-0.03755839291279873f,-1.0029940495551863f,-0.17070078163631663f,0f,0f,0f,1f], start_interpolation: 0, interpolation_duration: 1 }
$data merge entity $(bone_leg_right_1) { transformation: [-0.923356355554957f,-0.1747785413006192f,-0.3418559669759996f,-0.2851507425178867f,-0.31705243916514114f,-0.15507189278129785f,0.9356444083564336f,0.2009219629875329f,-0.21654281672616743f,0.972319479168269f,0.08777265493446151f,0.08448031786534817f,0f,0f,0f,1f], start_interpolation: 0, interpolation_duration: 1 }
$data merge entity $(bone_leg_right_0) { transformation: [-0.9357780077152832f,-0.10172161284935932f,0.3375977395595838f,-0.2437643469526357f,-0.2549678740869895f,0.8565676374165831f,-0.44864603610656606f,0.6034073961766856f,-0.24353829978049985f,-0.5059096717892416f,-0.8274929005919781f,-0.018475599386210517f,0f,0f,0f,1f], start_interpolation: 0, interpolation_duration: 1 }
$data merge entity $(bone_tail_4) { transformation: [-0.3938093199345784f,0.4853171598357333f,2.689803488268547f,1.0895713028915273f,-1.2511832059173091f,2.384115917732148f,-0.6133459119018279f,0.7382108057868907f,-2.4300444720957577f,-1.3061852383123833f,-0.12010544721898748f,-1.1775906791930097f,0f,0f,0f,1f], start_interpolation: 0, interpolation_duration: 1 }
$data merge entity $(bone_tail_3) { transformation: [-0.8169901766411986f,0.09961260805216594f,1.9127336211906962f,0.7642675765676437f,-0.34128919208995195f,2.0386248303061176f,-0.2519444674256362f,0.7609817326589932f,-1.884673516734083f,-0.4123489488538135f,-0.7835302200584124f,-1.0406977503619455f,0f,0f,0f,1f], start_interpolation: 0, interpolation_duration: 1 }
$data merge entity $(bone_tail_2) { transformation: [-1.07274817056603f,0.06452088490984244f,1.6321220214679f,0.4600817722126795f,-0.12998907414004904f,1.9430777361584952f,-0.1622517391344918f,0.7915102177741107f,-1.628216225860136f,-0.19763562851471167f,-1.0623680883715145f,-0.8444568474017313f,0f,0f,0f,1f], start_interpolation: 0, interpolation_duration: 1 }
$data merge entity $(bone_tail_1) { transformation: [-1.0251608542441368f,-0.14783902553039388f,1.1022001158844323f,0.22568719378318491f,-0.014776646647151262f,1.5007536689459169f,0.18755352798397398f,0.7328197450468131f,-1.1119726271987533f,0.11635419062325895f,-1.018643622021514f,-0.6256160673520934f,0f,0f,0f,1f], start_interpolation: 0, interpolation_duration: 1 }
$data merge entity $(bone_tail_0) { transformation: [-1.070597391354945f,0.019372075203525962f,0.6980556316729518f,0.02216659656896655f,0.10725150188495379f,1.2671257922978028f,0.1293253974326599f,0.7256058606697368f,-0.6900391710268604f,0.1668911794553644f,-1.0629341434221542f,-0.31097462430534f,0f,0f,0f,1f], start_interpolation: 0, interpolation_duration: 1 }
$data merge entity $(bone_body_1) { transformation: [-1.207775499436796f,-0.08747297430189434f,0.2494622552275762f,-0.029937957791165856f,0.007181034158256332f,1.155433849802167f,0.4399154993132336f,0.545505f,-0.26425625965124494f,0.43119101631918755f,-1.1282054474859666f,-0.0777264362995522f,0f,0f,0f,1f], start_interpolation: 0, interpolation_duration: 1 }