# This file was generated by Animated Java via MC-Build. It is not recommended to edit this file directly.
$data merge entity $(bone_head_lower) { transformation: [-0.902014543451157f,-0.17011402642828805f,-0.3967757318876194f,-0.11226546479525962f,-0.22809460421623323f,0.9681258188902121f,0.10346617962211474f,0.25646838598702915f,0.3665277819347945f,0.18383040230199021f,-0.9120656600593227f,0.8479297199474525f,0f,0f,0f,1f], start_interpolation: 0, interpolation_duration: 1 }
$data merge entity $(bone_head_upper) { transformation: [-0.9389065624389162f,0.16682916996944888f,-0.41724625539356097f,-0.13757468093287747f,-0.23742357848925877f,0.636412973390698f,0.7887208088169553f,0.32505750266668987f,0.3815186154960185f,0.8066092597601532f,-0.5360009241434998f,0.8292098603486174f,0f,0f,0f,1f], start_interpolation: 0, interpolation_duration: 1 }
$data merge entity $(bone_neck_0) { transformation: [-0.9319212771208364f,-0.09442680342607881f,-0.3501518414119816f,-0.15838230440074752f,-0.09053092685793773f,0.9955133928493906f,-0.027517920338162333f,0.3071483461937074f,0.3511792769109698f,0.006055035278790921f,-0.9362886584894963f,0.768455920769834f,0f,0f,0f,1f], start_interpolation: 0, interpolation_duration: 1 }
$data merge entity $(bone_neck_1) { transformation: [-0.9863684215363222f,-0.13372273890231762f,0.09589351436049542f,-0.1508749090748182f,-0.11461678771041842f,0.9764626785520848f,0.18271187528410054f,0.32712488162588843f,-0.1180691702811908f,0.169230217441657f,-0.9784788217093716f,0.6863455444944919f,0f,0f,0f,1f], start_interpolation: 0, interpolation_duration: 1 }
$data merge entity $(bone_neck_2) { transformation: [-0.9922336667351419f,-0.12250373575236807f,-0.021568155323280713f,-0.15396382938015307f,-0.12269617607470468f,0.9354134440636868f,0.3315830771338566f,0.3653323283066789f,-0.02044502320811256f,0.3316542226349999f,-0.9431794514483408f,0.6069630528252171f,0f,0f,0f,1f], start_interpolation: 0, interpolation_duration: 1 }
$data merge entity $(bone_body_0) { transformation: [-0.980798727749208f,-0.08514833603955696f,0.17545260475475888f,-0.07208481904269987f,-0.05617380511228462f,0.9848686486440054f,0.16394587075415426f,0.4519815073602414f,-0.1867574878411627f,0.1509420610294742f,-0.9707410236244434f,0.15089436047873764f,0f,0f,0f,1f], start_interpolation: 0, interpolation_duration: 1 }
$data merge entity $(bone_leg_left_3) { transformation: [-0.970010840364653f,0.015044309586783357f,-0.2425956271743506f,0.2470572434471175f,0.014391224762554451f,0.9998864760344944f,0.0044640444838709055f,0.04438876109334028f,0.24263524522396382f,0.0008389233441457415f,-0.9701172269281324f,0.11107674101413578f,0f,0f,0f,1f], start_interpolation: 0, interpolation_duration: 1 }
$data merge entity $(bone_leg_left_2) { transformation: [-0.9925430249467628f,-0.1605685568568217f,-0.20282574215109295f,0.20182091236681582f,-0.15827718908588367f,1.0130436527146534f,-0.027442459990285373f,0.27943412294220316f,0.20461885188148074f,0.004742967864601227f,-1.005072549227783f,0.08143851755614062f,0f,0f,0f,1f], start_interpolation: 0, interpolation_duration: 1 }
$data merge entity $(bone_leg_left_1) { transformation: [-0.9790540612993378f,0.08958777541835132f,0.1828310027015756f,0.23596091410253328f,0.2020715559149292f,0.3177237662828106f,0.9264009362199421f,0.3125925283891833f,0.02490444424981516f,0.9439415441830372f,-0.3291718849202509f,0.35483999174650505f,0f,0f,0f,1f], start_interpolation: 0, interpolation_duration: 1 }
$data merge entity $(bone_leg_left_0) { transformation: [-0.9822343447200063f,0.02300909604744647f,-0.18624251273954404f,0.1459464252303016f,0.17205980717993657f,0.5065794288939456f,-0.8448506998131011f,0.6002745649032722f,0.07490737484161948f,-0.8618862243478328f,-0.5015386540175879f,0.06597373164569248f,0f,0f,0f,1f], start_interpolation: 0, interpolation_duration: 1 }
$data merge entity $(bone_leg_right_3) { transformation: [-0.9768163008622203f,0.03253859178698385f,0.21159195262194685f,-0.2544425858671021f,0.058060217448161325f,0.991603722579212f,0.11554682391533683f,0.05106400073662065f,-0.2060556369520632f,0.12515309589286888f,-0.9705038779256422f,-0.08960280907601798f,0f,0f,0f,1f], start_interpolation: 0, interpolation_duration: 1 }
$data merge entity $(bone_leg_right_2) { transformation: [-1.0025823826523783f,0.08565763920750342f,0.1988807037929307f,-0.2267742254392165f,0.05897636734148151f,1.0144420167886479f,-0.13961154024534783f,0.2831228453593002f,-0.20835679396404855f,-0.12502944821070305f,-0.9965025253303899f,-0.14922014321329152f,0f,0f,0f,1f], start_interpolation: 0, interpolation_duration: 1 }
$data merge entity $(bone_leg_right_1) { transformation: [-0.926078886631409f,-0.15552455568269502f,-0.34378773729618395f,-0.2692356145202336f,-0.3350601034880302f,-0.08006445933799394f,0.9387887991457426f,0.20490906494929934f,-0.17352989018068377f,0.9845820407313017f,0.022035931640501383f,0.11363536966603212f,0f,0f,0f,1f], start_interpolation: 0, interpolation_duration: 1 }
$data merge entity $(bone_leg_right_0) { transformation: [-0.9357940848553485f,-0.13423504327006364f,0.3259913862482027f,-0.2396683493458759f,-0.28682298818660995f,0.8275483373087631f,-0.4825933307301351f,0.6024680730431979f,-0.2049926930342752f,-0.5451098078147063f,-0.8129165352154977f,-0.010380316752895413f,0f,0f,0f,1f], start_interpolation: 0, interpolation_duration: 1 }
$data merge entity $(bone_tail_4) { transformation: [-0.5702133863634694f,0.4202157725758711f,2.669070386874496f,1.0632745887770187f,-1.248440981305113f,2.37823365962578f,-0.6411404744834762f,0.7157121110710313f,-2.396228941860488f,-1.3390611249309847f,-0.301103791887008f,-1.2125743409497354f,0f,0f,0f,1f], start_interpolation: 0, interpolation_duration: 1 }
$data merge entity $(bone_tail_3) { transformation: [-0.9128565806859738f,0.08491960118000107f,1.8696061217481577f,0.7454274752266699f,-0.35784369413387734f,2.033851133755507f,-0.2671010713840436f,0.741099752243809f,-1.8370047032360526f,-0.43838767444045856f,-0.8770265065730651f,-1.0595730876275498f,0f,0f,0f,1f], start_interpolation: 0, interpolation_duration: 1 }
$data merge entity $(bone_tail_2) { transformation: [-1.1303762338943502f,0.0611974119830955f,1.5928836497422447f,0.448492594860444f,-0.14939578298110703f,1.940065790095535f,-0.18055333043515526f,0.7750153963135279f,-1.587042641165342f,-0.22621556504877302f,-1.1175401774680753f,-0.8530521688847456f,0f,0f,0f,1f], start_interpolation: 0, interpolation_duration: 1 }
$data merge entity $(bone_tail_1) { transformation: [-1.0520876798028165f,-0.13789378150038617f,1.077846496042294f,0.21924279850530004f,-0.02799779677690069f,1.5032140759788852f,0.16498428759911204f,0.7211641274925734f,-1.0862706326614773f,0.09481032012640252f,-1.0481809795139214f,-0.627616482454388f,0f,0f,0f,1f], start_interpolation: 0, interpolation_duration: 1 }
$data merge entity $(bone_tail_0) { transformation: [-1.0809160641510507f,0.02612875058463833f,0.6817429627338409f,0.02065219290969786f,0.09935081718849714f,1.2696907722213673f,0.10885988537525394f,0.7199926389360926f,-0.6749708097156552f,0.1450460199826985f,-1.075737781572721f,-0.30976068136761314f,0f,0f,0f,1f], start_interpolation: 0, interpolation_duration: 1 }
$data merge entity $(bone_body_1) { transformation: [-1.2128020320289288f,-0.07599946214128939f,0.2279032863233568f,-0.027213025638985075f,0.006898830918233837f,1.1613711089713556f,0.4239978165449148f,0.5431925f,-0.2401421085414069f,0.4171879960606829f,-1.1388110197501642f,-0.0731036435840382f,0f,0f,0f,1f], start_interpolation: 0, interpolation_duration: 1 }