# This file was generated by Animated Java via MC-Build. It is not recommended to edit this file directly.
$data merge entity $(bone_head_lower) { transformation: [-0.906572935697202f,-0.05634715049697536f,-0.41827085828710053f,-0.08929036454399022f,-0.18369001984554456f,0.9449361722226719f,0.27083871036893525f,0.27912588159821305f,0.37997827420853947f,0.32236722701918047f,-0.8670039688914142f,0.848177861045926f,0f,0f,0f,1f], start_interpolation: 0, interpolation_duration: 1 }
$data merge entity $(bone_head_upper) { transformation: [-0.9436513910284944f,0.19669687481274417f,-0.3928159037416814f,-0.11224621811432482f,-0.1912028651197191f,0.6540662915192392f,0.7868358744057027f,0.3479958046890198f,0.3955192272993879f,0.7854804697258082f,-0.5568275452052693f,0.8275521738544508f,0f,0f,0f,1f], start_interpolation: 0, interpolation_duration: 1 }
$data merge entity $(bone_neck_0) { transformation: [-0.9209661856058611f,-0.08864592404784631f,-0.3794248082562521f,-0.13504406088056156f,-0.06630482456785383f,0.9952287473398849f,-0.07157800435405505f,0.3272344328419393f,0.38395957496801203f,-0.04076322629511153f,-0.9224496756855614f,0.7684424448876378f,0f,0f,0f,1f], start_interpolation: 0, interpolation_duration: 1 }
$data merge entity $(bone_neck_1) { transformation: [-0.9901337703435321f,-0.12357636472923733f,0.06606056997640715f,-0.13001716442384095f,-0.11448127433172613f,0.9852503040719766f,0.12718441788781087f,0.34254754732709325f,-0.0808031846692031f,0.11836688897822628f,-0.9896767780143835f,0.6851491337437697f,0f,0f,0f,1f], start_interpolation: 0, interpolation_duration: 1 }
$data merge entity $(bone_neck_2) { transformation: [-0.9927104108099681f,-0.1100927123324105f,-0.04904727271517878f,-0.13539194982991548f,-0.11990161674192938f,0.9434131435626854f,0.3091848037272258f,0.37887105932831966f,0.012232848081108916f,0.31281182081958603f,-0.9497363435097975f,0.6050077302629469f,0f,0f,0f,1f], start_interpolation: 0, interpolation_duration: 1 }
$data merge entity $(bone_body_0) { transformation: [-0.9860046301961068f,-0.07722056087518722f,0.14775606319187062f,-0.06649069370086108f,-0.05359319227496957f,0.9860340276004451f,0.15768533906429819f,0.4625807749647306f,-0.15786905641580526f,0.14755975532700658f,-0.9763726131115198f,0.14625267021997068f,0f,0f,0f,1f], start_interpolation: 0, interpolation_duration: 1 }
$data merge entity $(bone_leg_left_3) { transformation: [-0.9692944040385469f,0.024662320958884612f,-0.24466329562171552f,0.2484540072039324f,0.014100519441322644f,0.9988952476445171f,0.04482699615949061f,0.054140317742804284f,0.24549854103648522f,0.040000676970759715f,-0.9685713252986782f,0.09965795883377865f,0f,0f,0f,1f], start_interpolation: 0, interpolation_duration: 1 }
$data merge entity $(bone_leg_left_2) { transformation: [-0.9928167543718306f,-0.153358125134197f,-0.20702264898943465f,0.20476828941141004f,-0.15295384214443533f,1.0140781173661986f,-0.017688797386336056f,0.2897365021872275f,0.20732152303254417f,0.013749794000046948f,-1.0044356269831913f,0.07214309008619102f,0f,0f,0f,1f], start_interpolation: 0, interpolation_duration: 1 }
$data merge entity $(bone_leg_left_1) { transformation: [-0.977782297078496f,0.09431550154583002f,0.18720674584014957f,0.23993526560817807f,0.20769839076349586f,0.31515574532461615f,0.9260336034200589f,0.32210467661194797f,0.028340042239806743f,0.9443418037750122f,-0.3277428864961096f,0.34550909150069103f,0f,0f,0f,1f], start_interpolation: 0, interpolation_duration: 1 }
$data merge entity $(bone_leg_left_0) { transformation: [-0.9809311658724447f,0.022407481092627968f,-0.19305945356601964f,0.1503910326763409f,0.1778281317252543f,0.5043217664459463f,-0.8450069298271734f,0.6095837151162156f,0.07842960784826211f,-0.863225034785208f,-0.49868961883404384f,0.05629479148465838f,0f,0f,0f,1f], start_interpolation: 0, interpolation_duration: 1 }
$data merge entity $(bone_leg_right_3) { transformation: [-0.9793673237331464f,0.039324190960659575f,0.19822525875645625f,-0.24696719729811464f,0.05659878584493539f,0.9950035811447653f,0.08224628228662642f,0.053482201365852855f,-0.19400057382557812f,0.09176863033946775f,-0.9766996958333533f,-0.07660907012247317f,0f,0f,0f,1f], start_interpolation: 0, interpolation_duration: 1 }
$data merge entity $(bone_leg_right_2) { transformation: [-1.0039276171784184f,0.08523208701067317f,0.19216407133218907f,-0.21960351952952822f,0.050498728824030115f,1.0079367257924f,-0.18323655390436597f,0.28268961580258417f,-0.20406228792776648f,-0.16988598424648108f,-0.9907368644110223f,-0.14651087533679558f,0f,0f,0f,1f], start_interpolation: 0, interpolation_duration: 1 }
$data merge entity $(bone_leg_right_1) { transformation: [-0.9263253782018434f,-0.14252290700131015f,-0.34872412402801706f,-0.2582758685582106f,-0.3475574166330005f,-0.03382042990901113f,0.9370485689995818f,0.21688229654150482f,-0.14534488584950914f,0.9892135257368175f,-0.018206170841987113f,0.12029847946929025f,0f,0f,0f,1f], start_interpolation: 0, interpolation_duration: 1 }
$data merge entity $(bone_leg_right_0) { transformation: [-0.9361074221464768f,-0.1561108291107303f,0.3151702765754383f,-0.2363804084192782f,-0.3032563270108824f,0.8121503826410041f,-0.49844493788576005f,0.6115967838369563f,-0.1781530081984209f,-0.5621753863434711f,-0.807601597732089f,-0.013971177969933232f,0f,0f,0f,1f], start_interpolation: 0, interpolation_duration: 1 }
$data merge entity $(bone_tail_4) { transformation: [-1.0147440907558742f,0.24601820886412715f,2.556448865669588f,1.0096342644085958f,-1.1904838828773803f,2.390557425046628f,-0.7025985011111454f,0.6986496417221589f,-2.2756765777423715f,-1.3602836358869133f,-0.7723897170813779f,-1.29460354518287f,0f,0f,0f,1f], start_interpolation: 0, interpolation_duration: 1 }
$data merge entity $(bone_tail_3) { transformation: [-1.1350242697178892f,0.048688621026438964f,1.7450773195988658f,0.7132571824339722f,-0.35666706473774856f,2.0311117397962737f,-0.28865070836142986f,0.7277181120987594f,-1.7089335967576902f,-0.4562455968979212f,-1.0987863501284174f,-1.103825263544373f,0f,0f,0f,1f], start_interpolation: 0, interpolation_duration: 1 }
$data merge entity $(bone_tail_2) { transformation: [-1.2522743462610435f,0.054430990783201835f,1.4992064914285868f,0.4336449341557652f,-0.161241549556257f,1.936685531478496f,-0.20499802404249745f,0.7661684076844341f,-1.4915039387798983f,-0.25506919533136546f,-1.2365797916834305f,-0.8751113607065236f,0f,0f,0f,1f], start_interpolation: 0, interpolation_duration: 1 }
$data merge entity $(bone_tail_1) { transformation: [-1.0969387785440858f,-0.11833258045634672f,1.0345912074480204f,0.21350692731032928f,-0.03894516249253917f,1.5063133912740687f,0.13099424257136208f,0.7196039902035575f,-1.0406079186920691f,0.0683638623174361f,-1.0954988780845025f,-0.6392137346785927f,0f,0f,0f,1f], start_interpolation: 0, interpolation_duration: 1 }
$data merge entity $(bone_tail_0) { transformation: [-1.0898140873022495f,0.03272710018862053f,0.6671355998706987f,0.019344162579909712f,0.09027561258938044f,1.2721832662544383f,0.08506331417143743f,0.7254465611576111f,-0.6618091004762665f,0.11964276225271868f,-1.086982079222727f,-0.31868511433765045f,0f,0f,0f,1f], start_interpolation: 0, interpolation_duration: 1 }
$data merge entity $(bone_body_1) { transformation: [-1.2164398789104454f,-0.06764411962962102f,0.21048251502707935f,-0.02503376228032599f,0.00633132855921165f,1.1659337737011044f,0.4112942312724887f,0.5512925f,-0.22099441244354232f,0.4057429031774748f,-1.1467949953004235f,-0.079401005850602f,0f,0f,0f,1f], start_interpolation: 0, interpolation_duration: 1 }