# This file was generated by Animated Java via MC-Build. It is not recommended to edit this file directly.
$data merge entity $(bone_head_lower) { transformation: [-0.9307952588980123f,0.06474717322817382f,-0.35976101730446464f,-0.07317287041370171f,-0.12155337523813872f,0.8733565580807361f,0.47167054118906554f,0.3084955009801295f,0.3447389780416463f,0.48275886943310575f,-0.8050459061460226f,0.8517424418116024f,0f,0f,0f,1f], start_interpolation: 0, interpolation_duration: 1 }
$data merge entity $(bone_head_upper) { transformation: [-0.9688643971555833f,0.18496428417846042f,-0.3325085503956333f,-0.09224257298510365f,-0.12652485763813892f,0.7012530074216926f,0.758753993442662f,0.37650917631562386f,0.35883865860230885f,0.746662156362493f,-0.6302399415556861f,0.8251728557592549f,0f,0f,0f,1f], start_interpolation: 0, interpolation_duration: 1 }
$data merge entity $(bone_neck_0) { transformation: [-0.9202443512002594f,-0.0819152282365357f,-0.38267509648129727f,-0.11536007053807676f,-0.028462558895186892f,0.9892675713360929f,-0.14331627627009538f,0.3511936065788434f,0.3903078487875332f,-0.12099408120129099f,-0.9126994113557341f,0.7679938430877565f,0f,0f,0f,1f], start_interpolation: 0, interpolation_duration: 1 }
$data merge entity $(bone_neck_1) { transformation: [-0.9921934101209633f,-0.11478403191996611f,0.0487530812229357f,-0.11175884036135435f,-0.1129371466840271f,0.9928328192712509f,0.03909212039234822f,0.3590790789544357f,-0.05289081027366198f,0.03328091035557007f,-0.9980455616826819f,0.6835996056591307f,0f,0f,0f,1f], start_interpolation: 0, interpolation_duration: 1 }
$data merge entity $(bone_neck_2) { transformation: [-0.9926196410888567f,-0.09977955311837727f,-0.068922339659404f,-0.11877385842031521f,-0.1151305497039468f,0.9539119697047038f,0.2771225551609955f,0.3926964875840928f,0.03809468006817174f,0.28301235809340347f,-0.9583594317983806f,0.6024109996063123f,0f,0f,0f,1f], start_interpolation: 0, interpolation_duration: 1 }
$data merge entity $(bone_body_0) { transformation: [-0.9898374287946625f,-0.06893778633735675f,0.1243762283238898f,-0.06081252700921841f,-0.04976519234824053f,0.9872568872966752f,0.151153114806882f,0.47333923969100566f,-0.1332114491615268f,0.14342740358866138f,-0.9806545210787034f,0.14159852657980998f,0f,0f,0f,1f], start_interpolation: 0, interpolation_duration: 1 }
$data merge entity $(bone_leg_left_3) { transformation: [-0.9691881553737349f,0.03691203817087037f,-0.24354018338116068f,0.2501136238621398f,0.01345037411867903f,0.9951637568352716f,0.09730459659017487f,0.06616149327714654f,0.24595407481748438f,0.09103075589920867f,-0.9649974065048541f,0.0924293077887198f,0f,0f,0f,1f], start_interpolation: 0, interpolation_duration: 1 }
$data merge entity $(bone_leg_left_2) { transformation: [-0.9935847963282688f,-0.1453753604310312f,-0.2090871985214658f,0.20822368157993307f,-0.14659404560303937f,1.015129526732655f,-0.00918853905497159f,0.30227532222478964f,0.2082345739778606f,0.02098208845130685f,-1.0041216627805496f,0.06661139576446484f,0f,0f,0f,1f], start_interpolation: 0, interpolation_duration: 1 }
$data merge entity $(bone_leg_left_1) { transformation: [-0.9765914853124722f,0.09642071169793755f,0.19228134899371482f,0.24366972390513048f,0.21328766719788816f,0.31819597281608625f,0.9237205713336192f,0.3354807920663392f,0.027882644000568533f,0.943108885144917f,-0.3313128263805219f,0.33984089731187817f,0f,0f,0f,1f], start_interpolation: 0, interpolation_duration: 1 }
$data merge entity $(bone_leg_left_0) { transformation: [-0.9797529928324873f,0.02257093548899089f,-0.19893372239752594f,0.15480486348521727f,0.184206942474166f,0.4908854348287667f,-0.8515276226977562f,0.6189568154575068f,0.07843389178220983f,-0.8709317095755125f,-0.4851041969265697f,0.04649526617118324f,0f,0f,0f,1f], start_interpolation: 0, interpolation_duration: 1 }
$data merge entity $(bone_leg_right_3) { transformation: [-0.980958051609981f,0.04247894250771252f,0.18951738818635155f,-0.23917158160025476f,0.05413641814744383f,0.9969188823871328f,0.056762577197960656f,0.05427476701438558f,-0.18652224857028452f,0.06594149970554053f,-0.9802352622737405f,-0.06931399504085592f,0f,0f,0f,1f], start_interpolation: 0, interpolation_duration: 1 }
$data merge entity $(bone_leg_right_2) { transformation: [-1.004825586333522f,0.08398252769046188f,0.18797519940914745f,-0.21222723611001837f,0.04286791158658038f,1.0013044998849672f,-0.21820595813821034f,0.2808673462823872f,-0.20137051101487816f,-0.20590879790220237f,-0.9844357184401482f,-0.14742210814565931f,0f,0f,0f,1f], start_interpolation: 0, interpolation_duration: 1 }
$data merge entity $(bone_leg_right_1) { transformation: [-0.926759522644141f,-0.13350804401737712f,-0.3511301601558286f,-0.2483315677047594f,-0.35593087307515386f,0.013179049684685973f,0.934419352454436f,0.22780099806071474f,-0.12012493821169046f,0.9909600974974033f,-0.05973344446434409f,0.12256645751273826f,0f,0f,0f,1f], start_interpolation: 0, interpolation_duration: 1 }
$data merge entity $(bone_leg_right_0) { transformation: [-0.9368533463649402f,-0.17581785298729688f,0.30231422390577406f,-0.23304042977569872f,-0.314199671001961f,0.8027467093662032f,-0.5068296433161661f,0.6207783091976945f,-0.15357204871679192f,-0.5698120770681065f,-0.8072978525180515f,-0.017584506083081985f,0f,0f,0f,1f], start_interpolation: 0, interpolation_duration: 1 }
$data merge entity $(bone_tail_4) { transformation: [-1.5782235346690963f,0.013135614746977917f,2.265987480513032f,0.9223837014274487f,-1.0985058383012907f,2.4108092918202506f,-0.7790666295581652f,0.6737493364626227f,-1.9819578021326694f,-1.346657842845895f,-1.372595081029754f,-1.3977191095944592f,0f,0f,0f,1f], start_interpolation: 0, interpolation_duration: 1 }
$data merge entity $(bone_tail_3) { transformation: [-1.4145248300850992f,0.006174453650725906f,1.5280794832858924f,0.6632174680299044f,-0.3396283160215172f,2.0289246117999027f,-0.3225880540774038f,0.7085937293121314f,-1.489871685103638f,-0.4683719908354602f,-1.3772637968710706f,-1.1596026775948083f,0f,0f,0f,1f], start_interpolation: 0, interpolation_duration: 1 }
$data merge entity $(bone_tail_2) { transformation: [-1.4120899618666094f,0.04984213559872253f,1.3499228037622344f,0.4112374644442417f,-0.16324883124627546f,1.9322284898300661f,-0.24210897791805278f,0.753940325327612f,-1.340942069477671f,-0.2877198283239401f,-1.3920723909685728f,-0.90187947725786f,0f,0f,0f,1f], start_interpolation: 0, interpolation_duration: 1 }
$data merge entity $(bone_tail_1) { transformation: [-1.1580552484716595f,-0.09191158933634647f,0.9685641699097224f,0.20504315904776935f,-0.047546576325793954f,1.5092829611174106f,0.08637428066477207f,0.7169495434484986f,-0.9717528567320699f,0.03568547360380937f,-1.1584814121973357f,-0.6520950352346102f,0f,0f,0f,1f], start_interpolation: 0, interpolation_duration: 1 }
$data merge entity $(bone_tail_0) { transformation: [-1.103600388795722f,0.0402174865997542f,0.6436493239377769f,0.017924386383842254f,0.08033112641276917f,1.2743649362994391f,0.058108827589364045f,0.730721489446879f,-0.6398818707880498f,0.09062162813673859f,-1.1028030778587172f,-0.32764348304084356f,0f,0f,0f,1f], start_interpolation: 0, interpolation_duration: 1 }
$data merge entity $(bone_body_1) { transformation: [-1.2198172652919763f,-0.0594922621628039f,0.19264242807493462f,-0.02285505360983261f,0.005728803601614096f,1.1706141904168106f,0.397786617497798f,0.5593925f,-0.2015381233443149f,0.393354398721811f,-1.1546684792187343f,-0.08569444614268865f,0f,0f,0f,1f], start_interpolation: 0, interpolation_duration: 1 }