# This file was generated by Animated Java via MC-Build. It is not recommended to edit this file directly.
$data merge entity $(bone_head_lower) { transformation: [-0.9621595095915498f,0.1305939797835367f,-0.2391532783527029f,-0.055576077007389396f,-0.042931857867743756f,0.7940532090395688f,0.6063302374069652f,0.362123610883449f,0.26908350689436933f,0.5936536984288568f,-0.7583992040206579f,0.8591609361848148f,0f,0f,0f,1f], start_interpolation: 0, interpolation_duration: 1 }
$data merge entity $(bone_head_upper) { transformation: [-1.0015114326340486f,0.13593521914252513f,-0.24893454779012916f,-0.06999547728579318f,-0.04468775296626037f,0.8265296544337835f,0.6311288914793113f,0.4241776064927404f,0.2800889102082212f,0.6179338873388894f,-0.7894174154654345f,0.8187030690100602f,0f,0f,0f,1f], start_interpolation: 0, interpolation_duration: 1 }
$data merge entity $(bone_neck_0) { transformation: [-0.9333986254117502f,-0.07247362678633677f,-0.35144641056623377f,-0.09124267387339706f,0.02939953383858024f,0.9606552025493604f,-0.2761833616004435f,0.3907163375976002f,0.3576348326009775f,-0.2681215307193398f,-0.89454355471111f,0.7650967599094355f,0f,0f,0f,1f], start_interpolation: 0, interpolation_duration: 1 }
$data merge entity $(bone_neck_1) { transformation: [-0.9938233592284029f,-0.10423709622605551f,0.03807569332701248f,-0.0884973701778006f,-0.10813224212408357f,0.9867370362870675f,-0.12106791248151921f,0.3850060705781092f,-0.024950929144847783f,-0.12443732956703249f,-0.9919137070053193f,0.6804953828360314f,0f,0f,0f,1f], start_interpolation: 0, interpolation_duration: 1 }
$data merge entity $(bone_neck_2) { transformation: [-0.9923299977622037f,-0.08756443090785768f,-0.087256208839532f,-0.09699897900006715f,-0.10495711873493123f,0.9697275522409313f,0.22048237492297038f,0.4138162190553323f,0.06530833613044006f,0.2279494348854473f,-0.9714802501169432f,0.5976181942598366f,0f,0f,0f,1f], start_interpolation: 0, interpolation_duration: 1 }
$data merge entity $(bone_body_0) { transformation: [-0.99376163356647f,-0.05630154670761806f,0.09627020042376179f,-0.052163537162923254f,-0.042381587715524735f,0.9891065557496481f,0.14096816092926603f,0.4896764609974019f,-0.10315821185932142f,0.13600866594227767f,-0.9853222955533835f,0.13453514387806803f,0f,0f,0f,1f], start_interpolation: 0, interpolation_duration: 1 }
$data merge entity $(bone_leg_left_3) { transformation: [-0.9699728073012632f,0.05639942368994276f,-0.23658372324305987f,0.2524884792145487f,0.01203000456597121f,0.9826763332316057f,0.18493918756344685f,0.08557727825049949f,0.24291568925503568f,0.17653987967008297f,-0.9538478069376806f,0.08595659568237451f,0f,0f,0f,1f], start_interpolation: 0, interpolation_duration: 1 }
$data merge entity $(bone_leg_left_2) { transformation: [-0.995366896441596f,-0.132818138248989f,-0.2089647891894512f,0.21352662547594603f,-0.13540162035653935f,1.0167236555962207f,-0.0012684071013702952f,0.32232482755984365f,0.2073001258411166f,0.026354312812588057f,-1.004188382487632f,0.061387429736275256f,0f,0f,0f,1f], start_interpolation: 0, interpolation_duration: 1 }
$data merge entity $(bone_leg_left_1) { transformation: [-0.9748385038375647f,0.09642658674393066f,0.20097712507808876f,0.2484781607915035f,0.22181562309157593f,0.33029427346558277f,0.9174440158769024f,0.35898007300871215f,0.02208440146878536f,0.9389396180185163f,-0.343372498792503f,0.33423934711992515f,0f,0f,0f,1f], start_interpolation: 0, interpolation_duration: 1 }
$data merge entity $(bone_leg_left_0) { transformation: [-0.9781411132993176f,0.024923426267478413f,-0.2064431769196096f,0.16133570353950719f,0.19448385573143362f,0.4610112741611747f,-0.8658202093715097f,0.6330849904075313f,0.07359342588442645f,-0.887044208548469f,-0.45578128499008574f,0.03161752872884545f,0f,0f,0f,1f], start_interpolation: 0, interpolation_duration: 1 }
$data merge entity $(bone_leg_right_3) { transformation: [-0.9822410496861818f,0.04164053033535173f,0.18294421703015995f,-0.22756588043480086f,0.048129750969039f,0.9983545171995086f,0.031173467227672114f,0.05253338281274822f,-0.18134510575983537f,0.03942491877895385f,-0.9826289372882456f,-0.06700971788608519f,0f,0f,0f,1f], start_interpolation: 0, interpolation_duration: 1 }
$data merge entity $(bone_leg_right_2) { transformation: [-1.0056486389306905f,0.0809277680261068f,0.1848883741068019f,-0.2014277148492313f,0.032656834199936965f,0.9924967219428642f,-0.25679950859260103f,0.2758960094998162f,-0.19916461959289328f,-0.24589256352251923f,-0.9756702829375486f,-0.15417051965666612f,0f,0f,0f,1f], start_interpolation: 0, interpolation_duration: 1 }
$data merge entity $(bone_leg_right_1) { transformation: [-0.9279978533191724f,-0.12552378112955617f,-0.3508044535149849f,-0.23540490811374698f,-0.3622354442006263f,0.08357488361624243f,0.9283322259801751f,0.24215128837468708f,-0.08720932977487475f,0.9885641199231696f,-0.12302647520247956f,0.11917949368487124f,0f,0f,0f,1f], start_interpolation: 0, interpolation_duration: 1 }
$data merge entity $(bone_leg_right_0) { transformation: [-0.9389601862783176f,-0.20122044330023078f,0.2790413979721393f,-0.2279481251118665f,-0.3221700561857879f,0.7987992458179086f,-0.5080612362481386f,0.6346057179108997f,-0.12066575107060602f,-0.5669480558911895f,-0.8148678901759274f,-0.023056914063362965f,0f,0f,0f,1f], start_interpolation: 0, interpolation_duration: 1 }
$data merge entity $(bone_tail_4) { transformation: [-2.3546442710904247f,-0.3282053818543222f,1.4048462248740616f,0.732730026480642f,-0.8663980104015464f,2.4718314963697945f,-0.8746798687099794f,0.6296173186250031f,-1.1535450471452278f,-1.1865882236378895f,-2.2106568126533324f,-1.5522635826635476f,0f,0f,0f,1f], start_interpolation: 0, interpolation_duration: 1 }
$data merge entity $(bone_tail_3) { transformation: [-1.8118282649495066f,-0.04772812468903584f,1.0251565199949584f,0.559368421623955f,-0.2681689986541977f,2.02978983764683f,-0.37945240701688043f,0.6740953374463285f,-0.9906105453382325f,-0.46219126684065215f,-1.7722910332011967f,-1.2472256125057173f,0f,0f,0f,1f], start_interpolation: 0, interpolation_duration: 1 }
$data merge entity $(bone_tail_2) { transformation: [-1.6582961486862569f,0.04735853905482771f,1.0327559862008533f,0.36616638977555693f,-0.1380988865796778f,1.9244754271771283f,-0.3099950043462645f,0.7320785496397322f,-1.0245762322934089f,-0.3360437084261204f,-1.6297521422748424f,-0.9450958291964151f,0f,0f,0f,1f], start_interpolation: 0, interpolation_duration: 1 }
$data merge entity $(bone_tail_1) { transformation: [-1.260148546339116f,-0.04849043736828567f,0.8350632123637385f,0.18826675931128473f,-0.0531056491402312f,1.5115481357285854f,0.0076337019088584136f,0.7120094833606982f,-0.834782415476517f,-0.02295998386913644f,-1.2610580509841411f,-0.6726520165337099f,0f,0f,0f,1f], start_interpolation: 0, interpolation_duration: 1 }
$data merge entity $(bone_tail_0) { transformation: [-1.130155389964384f,0.050347993694909485f,0.5950206640524149f,0.01560287848319215f,0.06481748393499726f,1.2764820266796386f,0.015101189496410091f,0.7384003499624892f,-0.5936187369809142f,0.04352506954351106f,-1.1311755301501374f,-0.3410458981972564f,0f,0f,0f,1f], start_interpolation: 0, interpolation_duration: 1 }
$data merge entity $(bone_body_1) { transformation: [-1.2243416216178202f,-0.04785708419671052f,0.1652328300389657f,-0.019587925719421386f,0.004782859806849045f,1.177630194561794f,0.37652203675836804f,0.5715425000000001f,-0.1719572995908135f,0.37349888809043436f,-1.1659905071521357f,-0.0951272388553918f,0f,0f,0f,1f], start_interpolation: 0, interpolation_duration: 1 }