# This file was generated by Animated Java via MC-Build. It is not recommended to edit this file directly.
$data merge entity $(bone_head_lower) { transformation: [-0.9745578361612447f,-0.05085968240348893f,-0.21828952490334708f,-0.02311343594348797f,0.043189524330881975f,0.9130502812339983f,-0.4055537559024561f,0.4854817359269746f,0.2199356473261779f,-0.404663411546353f,-0.8876237008951946f,0.8662461242444983f,0f,0f,0f,1f], start_interpolation: 0, interpolation_duration: 1 }
$data merge entity $(bone_head_upper) { transformation: [-1.0144168455944746f,0.05697254567558947f,-0.22623999424705185f,-0.037745425659539214f,0.04495595788037991f,1.0382034838091974f,0.059870114756949484f,0.5129355643219627f,0.22893092366196555f,0.048575691752106374f,-1.0142499578238053f,0.7974882252422398f,0f,0f,0f,1f], start_interpolation: 0, interpolation_duration: 1 }
$data merge entity $(bone_neck_0) { transformation: [-0.9779955251359026f,-0.05356780557566156f,-0.20163145344900507f,-0.04959777277033914f,0.04868416306049518f,0.8811915362403452f,-0.4702460299943847f,0.46820945237371936f,0.2028659781265683f,-0.46971477160526764f,-0.8591934754492505f,0.7494899645210928f,0f,0f,0f,1f], start_interpolation: 0, interpolation_duration: 1 }
$data merge entity $(bone_neck_1) { transformation: [-0.9965841570576525f,-0.07837239248373173f,0.026034323460853895f,-0.047753375688332884f,-0.08250121652558366f,0.9307655338647596f,-0.35618684737262263f,0.4423236719177097f,0.0036833644249807534f,-0.35711803240080886f,-0.9340520027068555f,0.6687183023237703f,0f,0f,0f,1f], start_interpolation: 0, interpolation_duration: 1 }
$data merge entity $(bone_neck_2) { transformation: [-0.9937949350962317f,-0.05995337534970205f,-0.0936868174358299f,-0.05654802456237554f,-0.07198258133230515f,0.9887917192059383f,0.13080307341382635f,0.46346389109766223f,0.0847946635220334f,0.1367352508095206f,-0.9869718011292129f,0.5835908938212997f,0f,0f,0f,1f], start_interpolation: 0, interpolation_duration: 1 }
$data merge entity $(bone_body_0) { transformation: [-0.9981540470485429f,-0.02883565006082306f,0.05345094616734926f,-0.03163148968614388f,-0.022436762619249935f,0.9929173771688112f,0.11666907816287905f,0.5279083692910383f,-0.05643660198649933f,0.11525444634276935f,-0.99173147704126f,0.11728951035426564f,0f,0f,0f,1f], start_interpolation: 0, interpolation_duration: 1 }
$data merge entity $(bone_leg_left_3) { transformation: [-0.9740150718742737f,0.08285948379567383f,-0.21078174898901475f,0.2504956627565704f,0.010092983751492552f,0.9456283703321049f,0.3250924743854264f,0.11168266955081876f,0.22625819640566772f,0.31451755303664913f,-0.9218925845189845f,0.06687189394161372f,0f,0f,0f,1f], start_interpolation: 0, interpolation_duration: 1 }
$data merge entity $(bone_leg_left_2) { transformation: [-1.0003295254398288f,-0.10467159707099268f,-0.20111413873874973f,0.21832964824780132f,-0.10172902019220219f,1.0203362001111616f,-0.025048846163932843f,0.34858961459935f,0.20261847518120316f,-0.0044827458122933f,-1.0054789197222986f,0.035067508011219606f,0f,0f,0f,1f], start_interpolation: 0, interpolation_duration: 1 }
$data merge entity $(bone_leg_left_1) { transformation: [-0.9692133753603716f,0.09569212272851269f,0.2268665922304713f,0.25159654444078106f,0.24621516849253974f,0.36964061343061994f,0.8959597690224852f,0.39658754273445174f,0.0018771858581238068f,0.9242341881527356f,-0.38182147873437905f,0.3063660486858586f,0f,0f,0f,1f], start_interpolation: 0, interpolation_duration: 1 }
$data merge entity $(bone_leg_left_0) { transformation: [-0.9739812818913486f,0.049929441476590286f,-0.22105997692735177f,0.17594584732786284f,0.22012273492459494f,0.4404615111056813f,-0.8703675308763628f,0.6659753123841237f,0.05391144678639265f,-0.8963820101431842f,-0.43999187242159643f,-0.0034959853776224403f,0f,0f,0f,1f], start_interpolation: 0, interpolation_duration: 1 }
$data merge entity $(bone_leg_right_3) { transformation: [-0.9828381497203437f,0.022898036033766285f,0.18304330471253996f,-0.20438367301013885f,0.025687519111771424f,0.9995870082485203f,0.01288271332657226f,0.04036394841879651f,-0.1826727205035656f,0.017363550517351223f,-0.9830204394097093f,-0.08697344197479959f,0f,0f,0f,1f], start_interpolation: 0, interpolation_duration: 1 }
$data merge entity $(bone_leg_right_2) { transformation: [-1.006747230352114f,0.07009534657256963f,0.18332718311236115f,-0.18081707260106095f,0.013405260705662168f,0.9803780270222232f,-0.30123316985040083f,0.2595583922313603f,-0.19581244256802244f,-0.29327080663028593f,-0.9631780317338332f,-0.1847971774017157f,0f,0f,0f,1f], start_interpolation: 0, interpolation_duration: 1 }
$data merge entity $(bone_leg_right_1) { transformation: [-0.9332863425639544f,-0.12036451396771015f,-0.33836221207592637f,-0.21415786760093974f,-0.35800490176673816f,0.23718842445277355f,0.903091435911447f,0.26896860047730803f,-0.02844456177523856f,0.9639782337184426f,-0.26445580315524697f,0.09054483724426898f,0f,0f,0f,1f], start_interpolation: 0, interpolation_duration: 1 }
$data merge entity $(bone_leg_right_0) { transformation: [-0.9472643622519283f,-0.24091100216219213f,0.2113104754730718f,-0.215805594290297f,-0.31497939019536725f,0.8213307191999086f,-0.4756089080859561f,0.6667916972145237f,-0.058976366110519096f,-0.5170858137057804f,-0.8538993204732213f,-0.03610960311856323f,0f,0f,0f,1f], start_interpolation: 0, interpolation_duration: 1 }
$data merge entity $(bone_tail_4) { transformation: [-2.483846734195028f,-0.4327864759703068f,-1.1264380137610315f,0.21826220506322014f,-0.1493511229388076f,2.668183304146133f,-0.6958113459499904f,0.5610897662953849f,1.1974393407206947f,-0.5649380968681643f,-2.4233541432488495f,-1.726247813532898f,0f,0f,0f,1f], start_interpolation: 0, interpolation_duration: 1 }
$data merge entity $(bone_tail_3) { transformation: [-2.05268717676065f,-0.03990497729434784f,-0.3476039027312205f,0.2775934830982764f,0.02822310608081962f,2.0430808100251343f,-0.40121040120444773f,0.609127074284246f,0.3487468088599366f,-0.4002173441251901f,-2.013491312823533f,-1.3809176527842664f,0f,0f,0f,1f], start_interpolation: 0, interpolation_duration: 1 }
$data merge entity $(bone_tail_2) { transformation: [-1.9446408941423516f,0.055207572974318275f,0.18465587377144893f,0.24184154129617294f,0.013340529810491823f,1.906347346362331f,-0.4294597772602797f,0.6894261943250255f,-0.19226985748262077f,-0.42610537887517813f,-1.8974299415261768f,-1.0284331368871902f,0f,0f,0f,1f], start_interpolation: 0, interpolation_duration: 1 }
$data merge entity $(bone_tail_1) { transformation: [-1.4335444603493164f,0.015042589802637257f,0.48205834781053014f,0.13929365115981665f,-0.03783132350114597f,1.5035988611063937f,-0.15942241323511405f,0.705388319184432f,-0.48080694791562656f,-0.1631577009263904f,-1.4247317268399953f,-0.7193929812481815f,0f,0f,0f,1f], start_interpolation: 0, interpolation_duration: 1 }
$data merge entity $(bone_tail_0) { transformation: [-1.1957300594439855f,0.053942896216007986f,0.44850362927621906f,0.009532204667638261f,0.032000015317251704f,1.2759963457529102f,-0.06815453931282066f,0.7560967244415245f,-0.450601088043301f,-0.05252814633200151f,-1.1950042551728195f,-0.37145256114536956f,0f,0f,0f,1f], start_interpolation: 0, interpolation_duration: 1 }
$data merge entity $(bone_body_1) { transformation: [-1.2321025431843458f,-0.024610402382364286f,0.09961047248906822f,-0.011968149617574688f,0.0025676225251354185f,1.1925054315967507f,0.32638749667085243f,0.5998924999999999f,-0.10257351241663569f,0.3254684604736308f,-1.1883406712065732f,-0.11710261158912656f,0f,0f,0f,1f], start_interpolation: 0, interpolation_duration: 1 }