# This file was generated by Animated Java via MC-Build. It is not recommended to edit this file directly.
$data merge entity $(bone_head_lower) { transformation: [-0.9865303044775194f,-0.05053144275007051f,-0.15557805642534872f,-0.016967504945400037f,0.01574002746845182f,0.9173531771034357f,-0.3977629947513027f,0.4826372595253943f,0.1628195623467433f,-0.3948540512035159f,-0.9042013428243659f,0.8630404714628502f,0f,0f,0f,1f], start_interpolation: 0, interpolation_duration: 1 }
$data merge entity $(bone_head_upper) { transformation: [-1.0268789828763565f,0.04595810150459601f,-0.163949229996422f,-0.027556528516737303f,0.016383788033566722f,1.0242851703006437f,0.18450854716072002f,0.5183619314179055f,0.1694788146052408f,0.17944270782559485f,-1.0112117427085823f,0.7974121476249298f,0f,0f,0f,1f], start_interpolation: 0, interpolation_duration: 1 }
$data merge entity $(bone_neck_0) { transformation: [-0.9896239700626347f,-0.03909739772212346f,-0.13825986897443404f,-0.035542274563901265f,0.015979131374687677f,0.9263484446498943f,-0.3763286149832778f,0.47898628214010674f,0.14279028411618225f,-0.37463309061811356f,-0.9161118830011652f,0.7442094939475157f,0f,0f,0f,1f], start_interpolation: 0, interpolation_duration: 1 }
$data merge entity $(bone_neck_1) { transformation: [-0.9983232616360641f,-0.0566599333545119f,0.011845557335692578f,-0.034799825615100644f,-0.057760450060594236f,0.9616811957120694f,-0.2680168058585169f,0.4607120860218095f,0.003794164615368009f,-0.2682516165208825f,-0.9633414112083032f,0.6613660308962908f,0f,0f,0f,1f], start_interpolation: 0, interpolation_duration: 1 }
$data merge entity $(bone_neck_2) { transformation: [-0.9965354716430821f,-0.04024238308610981f,-0.07278464371453053f,-0.041570304371223825f,-0.051290023531840166f,0.9862767612484522f,0.1569314618149176f,0.4841167249783581f,0.06547050666677055f,0.16012089440424207f,-0.9849238102168015f,0.5766470018244988f,0f,0f,0f,1f], start_interpolation: 0, interpolation_duration: 1 }
$data merge entity $(bone_body_0) { transformation: [-0.9990139569172238f,-0.018943196652453483f,0.04015307192703886f,-0.022826769773140573f,-0.014556466862578672f,0.9941679236996509f,0.10685620599293227f,0.5439483463351984f,-0.04194309427152615f,0.10616635430922453f,-0.9934633773097116f,0.10944280481883492f,0f,0f,0f,1f], start_interpolation: 0, interpolation_duration: 1 }
$data merge entity $(bone_leg_left_3) { transformation: [-0.9783610268459482f,0.07331364199769379f,-0.19348077694173166f,0.23465004158257313f,0.011421326599084746f,0.9528291763124698f,0.3032921266146181f,0.09089117152147164f,0.20658957971703024f,0.29451938928487287f,-0.9330482703952707f,0.03831912240452827f,0f,0f,0f,1f], start_interpolation: 0, interpolation_duration: 1 }
$data merge entity $(bone_leg_left_2) { transformation: [-1.0045132745879013f,-0.08859756406333033f,-0.18752533780646868f,0.20664432506672265f,-0.0751638727197166f,1.0198712765484803f,-0.07921597698597138f,0.3260569491913533f,0.1933020251191393f,-0.06383768803858554f,-1.0052966110414487f,-0.007329633562849824f,0f,0f,0f,1f], start_interpolation: 0, interpolation_duration: 1 }
$data merge entity $(bone_leg_left_1) { transformation: [-0.9630787323889987f,0.09478918861364638f,0.25198088209617475f,0.23821177927256765f,0.26894657388327375f,0.3809096318556901f,0.8846330271677696f,0.37726433524292813f,-0.01212829816785927f,0.9197406493580293f,-0.39233919292115366f,0.26358490113119815f,0f,0f,0f,1f], start_interpolation: 0, interpolation_duration: 1 }
$data merge entity $(bone_leg_left_0) { transformation: [-0.970674083471688f,0.0984895643283638f,-0.21929803782708052f,0.181868478303612f,0.23760235728905615f,0.5317975829605187f,-0.8128569680872731f,0.6798643498882868f,0.03656423781623563f,-0.841124923228268f,-0.5396034840854519f,-0.018489454557162f,0f,0f,0f,1f], start_interpolation: 0, interpolation_duration: 1 }
$data merge entity $(bone_leg_right_3) { transformation: [-0.9828457962854643f,0.01179965306551689f,0.18405137573929f,-0.1967192387795282f,0.014742551569871327f,0.9997842967793041f,0.014629322838835224f,0.03519871282691353f,-0.1838390543306878f,0.01709175535299412f,-0.982807750275583f,-0.10007891804172953f,0f,0f,0f,1f], start_interpolation: 0, interpolation_duration: 1 }
$data merge entity $(bone_leg_right_2) { transformation: [-1.0073926263057251f,0.0644144228676509f,0.18186005084178258f,-0.1745211931431131f,0.006745198247469967f,0.9780120730259233f,-0.30904544458191546f,0.2536105541930072f,-0.1928128581452768f,-0.30233320466475233f,-0.9609786858155002f,-0.199951769142575f,0f,0f,0f,1f], start_interpolation: 0, interpolation_duration: 1 }
$data merge entity $(bone_leg_right_1) { transformation: [-0.9358259632905092f,-0.11930175091514153f,-0.3316577432534512f,-0.20797942665157268f,-0.35236177845026395f,0.2941821751798903f,0.888424462120329f,0.27939445107333116f,-0.008422797561244137f,0.9482741903241965f,-0.3173406945953081f,0.07432750993611131f,0f,0f,0f,1f], start_interpolation: 0, interpolation_duration: 1 }
$data merge entity $(bone_leg_right_0) { transformation: [-0.9510750929468261f,-0.2507733288672609f,0.18046857096186758f,-0.2105456044485867f,-0.3067429610947477f,0.8362675243820816f,-0.4544946462640575f,0.6804056941533547f,-0.03694486967106711f,-0.48761600178080433f,-0.8722761669404311f,-0.04182186035654897f,0f,0f,0f,1f], start_interpolation: 0, interpolation_duration: 1 }
$data merge entity $(bone_tail_4) { transformation: [-1.808252529710678f,-0.2145680491928285f,-2.0760165395922354f,-0.03146850021793654f,0.12086654439931159f,2.7314516303516827f,-0.3875881849258385f,0.5721873120464891f,2.0835727486315196f,-0.3446648733403519f,-1.7792110773726022f,-1.717621185599694f,0f,0f,0f,1f], start_interpolation: 0, interpolation_duration: 1 }
$data merge entity $(bone_tail_3) { transformation: [-1.8255313583135588f,0.0017056091500439851f,-1.0016875145252264f,0.13836399503286917f,0.1754212650234651f,2.0506552115308962f,-0.3162058020390948f,0.605736859822579f,0.986208986795327f,-0.3616017427544389f,-1.7979381357670603f,-1.4092187620753795f,0f,0f,0f,1f], start_interpolation: 0, interpolation_duration: 1 }
$data merge entity $(bone_tail_2) { transformation: [-1.939407036340371f,0.04881356090549182f,-0.23471569753206292f,0.18057466104846165f,0.10043835354329275f,1.9026696741996f,-0.43420516236161616f,0.6869816655265478f,0.21768408194847313f,-0.44298896392087567f,-1.8908062548324025f,-1.0576664541754242f,0f,0f,0f,1f], start_interpolation: 0, interpolation_duration: 1 }
$data merge entity $(bone_tail_1) { transformation: [-1.4742777696506615f,0.01670946497642219f,0.33746422283565713f,0.10916035299857385f,-0.0283731878964664f,1.49919097340617f,-0.19818586595933968f,0.7113300987639459f,-0.33668422909673706f,-0.19950806760044396f,-1.4609916190176704f,-0.7405169194075676f,0f,0f,0f,1f], start_interpolation: 0, interpolation_duration: 1 }
$data merge entity $(bone_tail_0) { transformation: [-1.2277924743256872f,0.03820867725303891f,0.35341399739654933f,0.006806612298675518f,0.01813827522137908f,1.2758890128667564f,-0.07492627310840495f,0.7640147718921052f,-0.35501036540533365f,-0.06695551069549761f,-1.2260996356847615f,-0.38383786439746714f,0f,0f,0f,1f], start_interpolation: 0, interpolation_duration: 1 }
$data merge entity $(bone_body_1) { transformation: [-1.2341866244147695f,-0.01655564044944065f,0.07151141126586545f,-0.008703649234048906f,0.001702588873632206f,1.1977289116252674f,0.3066710786890897f,0.6120425f,-0.07338305228766576f,0.30622860755081543f,-1.1955933935124787f,-0.12650581786969828f,0f,0f,0f,1f], start_interpolation: 0, interpolation_duration: 1 }