# This file was generated by Animated Java via MC-Build. It is not recommended to edit this file directly.
$data merge entity $(bone_head_lower) { transformation: [-0.9900990950482262f,-0.04395985906124717f,-0.1333090873721622f,-0.01564149228431653f,0.005691638927541486f,0.9363432203233255f,-0.3510398538640057f,0.4738166098780811f,0.14025472266915645f,-0.3483229888276961f,-0.9268223714515844f,0.8607854395250011f,0f,0f,0f,1f], start_interpolation: 0, interpolation_duration: 1 }
$data merge entity $(bone_head_upper) { transformation: [-1.0305937354944092f,0.04346284532768666f,-0.13949722584771543f,-0.024602042592363264f,0.005924424588161714f,1.0053943109780739f,0.26947935585074045f,0.5149715093258775f,0.14599108238685718f,0.26601729852107825f,-0.9956873722883948f,0.7981640431702759f,0f,0f,0f,1f], start_interpolation: 0, interpolation_duration: 1 }
$data merge entity $(bone_neck_0) { transformation: [-0.9925420774608139f,-0.032614914681283476f,-0.11745846844780651f,-0.031347011019805f,0.006253789970046299f,0.9486521044839055f,-0.31625950542120895f,0.47912115358441576f,0.1217420000689257f,-0.31463542711937204f,-0.941373163745721f,0.7423608743675965f,0f,0f,0f,1f], start_interpolation: 0, interpolation_duration: 1 }
$data merge entity $(bone_neck_1) { transformation: [-0.9988335647828924f,-0.04760690829252329f,0.008067970372200348f,-0.03088286711280861f,-0.04823980660984193f,0.9765716336219105f,-0.2097159160943156f,0.46585440641447046f,0.0021049753785917155f,-0.209860493394684f,-0.9777290741257494f,0.65856758803454f,0f,0f,0f,1f], start_interpolation: 0, interpolation_duration: 1 }
$data merge entity $(bone_neck_2) { transformation: [-0.9975139444618908f,-0.03315876885678584f,-0.06218059707000355f,-0.03665499884195742f,-0.043604848087196044f,0.9836030123904465f,0.17499637493311643f,0.49081548957460874f,0.055358358243109404f,0.17727269971527362f,-0.9826036037529507f,0.5742197533444031f,0f,0f,0f,1f], start_interpolation: 0, interpolation_duration: 1 }
$data merge entity $(bone_body_0) { transformation: [-0.9992294571457043f,-0.015968235034110323f,0.0358539738689652f,-0.019909272808909823f,-0.012169045711370407f,0.9945251959858664f,0.10378607264825424f,0.5492035720642189f,-0.03731496079021933f,0.10326979238465403f,-0.9939531898847423f,0.1067571161358904f,0f,0f,0f,1f], start_interpolation: 0, interpolation_duration: 1 }
$data merge entity $(bone_leg_left_3) { transformation: [-0.9802583963530136f,0.06569663036924465f,-0.1864870749879055f,0.22541289824430774f,0.012210225415762364f,0.9614983602695691f,0.27453927513969023f,0.07749143144656356f,0.19734332209303182f,0.2668423803616232f,-0.9433190113997646f,0.021941141223128874f,0f,0f,0f,1f], start_interpolation: 0, interpolation_duration: 1 }
$data merge entity $(bone_leg_left_2) { transformation: [-1.006319389432796f,-0.08156179410711502f,-0.1809175494371061f,0.19924861778019912f,-0.06269282841488227f,1.017840369557478f,-0.11014894854302282f,0.31124718757892167f,0.18828992330350894f,-0.09700956314621716f,-1.0035926708287748f,-0.031395046949636574f,0f,0f,0f,1f], start_interpolation: 0, interpolation_duration: 1 }
$data merge entity $(bone_leg_left_1) { transformation: [-0.9598454859156705f,0.09429602943894158f,0.26420617328018775f,0.22996932032564754f,0.27991387474420815f,0.3842775840142684f,0.8797607408550583f,0.3634095281272212f,-0.018570565230872086f,0.9183893494897508f,-0.39524187132792327f,0.23943463075094884f,0f,0f,0f,1f], start_interpolation: 0, interpolation_duration: 1 }
$data merge entity $(bone_leg_left_0) { transformation: [-0.9689906593604515f,0.12518210481640812f,-0.21304117608089607f,0.18379277179901274f,0.24553428140473227f,0.5846183819221518f,-0.7732620928079864f,0.6844477242391817f,0.027749211290761192f,-0.801592657247095f,-0.5972262495238148f,-0.023452191984232817f,0f,0f,0f,1f], start_interpolation: 0, interpolation_duration: 1 }
$data merge entity $(bone_leg_right_3) { transformation: [-0.9828983426987691f,0.008129365052300074f,0.1839694576386511f,-0.19442434191831479f,0.011188140376773775f,0.9998157994320818f,0.015594637568628666f,0.033884054803869745f,-0.18380879585842064f,0.0173862195382935f,-0.9828082447432169f,-0.10440056608908732f,0f,0f,0f,1f], start_interpolation: 0, interpolation_duration: 1 }
$data merge entity $(bone_leg_right_2) { transformation: [-1.0076775328678376f,0.06240386523537096f,0.18098051513289506f,-0.17272169394189485f,0.004669390134520003f,0.9773986606489808f,-0.3110180934576702f,0.25209516731314663f,-0.19138021331855076f,-0.30472908503449087f,-0.9605081978748967f,-0.20481957581479066f,0f,0f,0f,1f], start_interpolation: 0, interpolation_duration: 1 }
$data merge entity $(bone_leg_right_1) { transformation: [-0.9365877933542736f,-0.11866643382936809f,-0.3297295601276793f,-0.20612476757597661f,-0.35042679456823045f,0.31153822854423774f,0.883258169395649f,0.2829066987217911f,-0.002089734051989702f,0.9427948926663413f,-0.33336680004741515f,0.06894724077154403f,0f,0f,0f,1f], start_interpolation: 0, interpolation_duration: 1 }
$data merge entity $(bone_leg_right_0) { transformation: [-0.9522197767035345f,-0.2534515759957562f,0.17041066715419628f,-0.2087906371875877f,-0.3039450521130937f,0.8410646665221995f,-0.4474680234652195f,0.6849041160853916f,-0.029914915186903743f,-0.47788338049483237f,-0.8779137614231773f,-0.04373926301955845f,0f,0f,0f,1f], start_interpolation: 0, interpolation_duration: 1 }
$data merge entity $(bone_tail_4) { transformation: [-1.5917024210468833f,-0.17530501588947908f,-2.249758406104416f,-0.10974886077798547f,0.15700663712810262f,2.7378390108562307f,-0.3244191704130665f,0.577772716479132f,2.2511094265564293f,-0.31490797645942115f,-1.5681200998746927f,-1.705985119313083f,0f,0f,0f,1f], start_interpolation: 0, interpolation_duration: 1 }
$data merge entity $(bone_tail_3) { transformation: [-1.7200761223448775f,0.002851358355218181f,-1.173573827732617f,0.08921798922860087f,0.20661861652348115f,2.0504969101459474f,-0.29785347879836993f,0.6082119375310163f,1.1552456044882309f,-0.3624911271767881f,-1.6940936520963552f,-1.4151821794122341f,0f,0f,0f,1f], start_interpolation: 0, interpolation_duration: 1 }
$data merge entity $(bone_tail_2) { transformation: [-1.9193932334865618f,0.03798553243247153f,-0.36504874958640865f,0.15566950750193154f,0.1210650588107755f,1.9004136587331437f,-0.4387995581566001f,0.6903255468671389f,0.34647762089913137f,-0.45360654760387387f,-1.8689484297833763f,-1.0676004841949738f,0f,0f,0f,1f], start_interpolation: 0, interpolation_duration: 1 }
$data merge entity $(bone_tail_1) { transformation: [-1.4850863835276809f,0.013923516193017207f,0.28632292810303844f,0.09530461708562582f,-0.025213813525424428f,1.4985151722824073f,-0.20364869763132037f,0.7158547631244968f,-0.28555025313975824f,-0.20473071126787637f,-1.4711229176365819f,-0.7482558175397429f,0f,0f,0f,1f], start_interpolation: 0, interpolation_duration: 1 }
$data merge entity $(bone_tail_0) { transformation: [-1.2400833694043343f,0.030092996481017424f,0.3084207597967667f,0.005903100318674514f,0.013868510239572416f,1.276289324644522f,-0.06876729459701748f,0.7667492998199401f,-0.3095748987475506f,-0.06336945593305641f,-1.2385408393364425f,-0.38785461577273156f,0f,0f,0f,1f], start_interpolation: 0, interpolation_duration: 1 }
$data merge entity $(bone_body_1) { transformation: [-1.2347191745521027f,-0.014120744228858052f,0.06223953431740577f,-0.007615587241524534f,0.0014354039185693552f,1.1992762491504079f,0.30056449041024397f,0.6160925f,-0.06380513039885519f,0.30023603691496176f,-1.1976609797971347f,-0.12963824223748216f,0f,0f,0f,1f], start_interpolation: 0, interpolation_duration: 1 }