# This file was generated by Animated Java via MC-Build. It is not recommended to edit this file directly.
$data merge entity $(bone_head_lower) { transformation: [-0.9938134999642602f,-0.10092534045991677f,0.046355182470108273f,-0.10312680229707703f,0.11070039722853377f,-0.933815289344011f,0.34019762997529157f,0.8124832502608544f,0.008952616502005498f,0.3432245344383331f,0.9392107163024476f,-0.11584836392822992f,0f,0f,0f,1f], start_interpolation: 0, interpolation_duration: 1 }
$data merge entity $(bone_head_upper) { transformation: [-0.9938134999642602f,-0.10458140942765892f,0.03738256399595296f,-0.10352063200856383f,0.11070039722853377f,-0.9599120173630026f,0.25751571015286634f,0.8039241105284276f,0.008952616502005498f,0.2600608538865753f,0.9655507251996409f,-0.09701511173723094f,0f,0f,0f,1f], start_interpolation: 0, interpolation_duration: 1 }
$data merge entity $(bone_neck_0) { transformation: [-0.9938134999642602f,-0.0965011687108879f,0.054975010015641604f,-0.09155860000840424f,0.11070039722853377f,-0.9006116631200236f,0.4202904404166596f,0.8981357143043587f,0.008952616502005498f,0.4237760690383751f,0.9057227467432568f,0.06585815854120051f,0f,0f,0f,1f], start_interpolation: 0, interpolation_duration: 1 }
$data merge entity $(bone_neck_1) { transformation: [-0.9938134999642602f,-0.04309285888190023f,0.10236079719390515f,-0.07404211466150075f,0.11070039722853377f,-0.4586466621347651f,0.8816964678198973f,1.0483193401647937f,0.008952616502005498f,0.8875732335002126f,0.4605796411390157f,0.153288751545138f,0f,0f,0f,1f], start_interpolation: 0, interpolation_duration: 1 }
$data merge entity $(bone_neck_2) { transformation: [-0.9938134999642602f,-0.056084958590696135f,0.09586033960229355f,-0.06031670382373565f,0.11070039722853377f,-0.5698073589981636f,0.8142880299285891f,1.1516034742160532f,0.008952616502005498f,0.8198622146747694f,0.5724908729458923f,0.399798128524792f,0f,0f,0f,1f], start_interpolation: 0, interpolation_duration: 1 }
$data merge entity $(bone_arm_right_2) { transformation: [-0.9690558459587362f,0.13139830099518515f,-0.208962326529872f,-0.41762192391543007f,0.1859497203771732f,-0.1681419961249198f,-0.9680655817819263f,1.5409551020989667f,-0.16233751539570038f,-0.976966097484814f,0.1385055069679345f,-0.1703229930949543f,0f,0f,0f,1f], start_interpolation: 0, interpolation_duration: 1 }
$data merge entity $(bone_arm_right_1) { transformation: [-0.8726942580292278f,-0.45630835021768346f,0.17374527770397508f,-0.43058408540139637f,0.2690088892279531f,-0.15237358048018076f,0.9510081542699793f,1.4554746675996915f,-0.4074787718632205f,0.8766783797341338f,0.255726551197907f,0.16399536057576292f,0f,0f,0f,1f], start_interpolation: 0, interpolation_duration: 1 }
$data merge entity $(bone_arm_right_0) { transformation: [-0.17599014264693408f,0.629931700240908f,0.7564479643192323f,-0.2134576366032206f,0.23178003415448023f,-0.7203204657117541f,0.6537709403484906f,1.230713657728998f,0.9567159899669598f,0.2903867760563499f,-0.01923628948470984f,0.2365544898981811f,0f,0f,0f,1f], start_interpolation: 0, interpolation_duration: 1 }
$data merge entity $(bone_arm_left_2) { transformation: [-0.9562224503906878f,0.25202372087470165f,-0.14873691366065922f,0.45574132329498346f,0.04449236929627998f,-0.37714559095217004f,-0.9250846622335389f,1.443940322011193f,-0.28923874989916415f,-0.8912043802303751f,0.34942194867374865f,0.028466006324259996f,0f,0f,0f,1f], start_interpolation: 0, interpolation_duration: 1 }
$data merge entity $(bone_arm_left_1) { transformation: [-0.963392747071052f,-0.096735269056275f,-0.25003340299148347f,0.28257364554619435f,-0.26064094767302415f,0.11957410902346188f,0.9580022593122379f,1.4445668966993033f,-0.06277508492227757f,0.9881013714047024f,-0.14041000157091924f,0.32722384588821773f,0f,0f,0f,1f], start_interpolation: 0, interpolation_duration: 1 }
$data merge entity $(bone_arm_left_0) { transformation: [-0.7247126529723289f,-0.4890900994429446f,-0.48536836037045f,0.10333049643266654f,0.5785576652950811f,-0.8145015016235596f,-0.043108372519401555f,1.1955337410004914f,-0.374249380159959f,-0.3120547683978837f,0.8732463701442046f,0.23351891308110767f,0f,0f,0f,1f], start_interpolation: 0, interpolation_duration: 1 }
$data merge entity $(bone_finger_right_1_fire) { transformation: [3.640013885393788f,1.2207281984833702f,-0.7118450246575367f,-1.7511883078535193f,1.438922857560338f,3.6964915338408932f,0.6764605750205387f,2.377569834025833f,3.111237683644691f,-3.137797476841062f,0.5199702995597953f,1.1570365264129894f,0f,0f,0f,1f], start_interpolation: 0, interpolation_duration: 1 }
$data merge entity $(bone_finger_right_1_fire_s) { transformation: [0.000007280027770787576f,0.0000024414563969667404f,-0.000006406284907672448f,-1.7511883078535193f,0.000002877845715120676f,0.000007392983067681787f,0.000006087840783145692f,2.377569834025833f,0.000006222475367289382f,-0.0000062755949536821244f,0.000004679498721102103f,1.1570365264129894f,0f,0f,0f,1f], start_interpolation: 0, interpolation_duration: 1 }
$data merge entity $(bone_finger_right_1) { transformation: [1.447347174462125f,0.4853875739185556f,-1.2736377733509643f,-1.095518120462913f,0.5721464251869517f,1.4698038923411945f,1.2103276846577171f,1.7201840801284314f,1.2370944760877136f,-1.2476552164715122f,0.9303342604081232f,0.6926988268481395f,0f,0f,0f,1f], start_interpolation: 0, interpolation_duration: 1 }
$data merge entity $(bone_finger_right_2_fire) { transformation: [2.297349155959181f,2.399979437197355f,0.8304002253890386f,-0.08292688084506222f,-3.4894850936688866f,3.5777407623596233f,-0.033896825994408734f,1.6493107926939412f,-2.746940231726251f,-2.5376898428256047f,0.7375485285541886f,1.2568100006217493f,0f,0f,0f,1f], start_interpolation: 0, interpolation_duration: 1 }
$data merge entity $(bone_finger_right_2_fire_s) { transformation: [0.000004594698311918362f,0.00000479995887439471f,0.000007473228367082994f,-0.08292688084506222f,-0.000006978970187337774f,0.000007155481524719247f,-3.0505618114062163e-7f,1.6493107926939412f,-0.000005493880463452502f,-0.0000050753796856512096f,0.00000663760487674386f,1.2568100006217493f,0f,0f,0f,1f], start_interpolation: 0, interpolation_duration: 1 }
$data merge entity $(bone_finger_right_2) { transformation: [0.5708173671913398f,0.5963176908049794f,0.9284284301871579f,-0.4834043705603156f,-0.8670248006728719f,0.8889534954518437f,-0.037898324186475554f,1.6665174564561895f,-0.6825262876731861f,-0.6305342969188851f,0.8246156511236569f,0.9005871900973292f,0f,0f,0f,1f], start_interpolation: 0, interpolation_duration: 1 }
$data merge entity $(bone_finger_film_right) { transformation: [3.0010921591595627f,0.000004145036879925957f,0.057073212027745464f,-0.8557509987289775f,-1.1377805359163033f,0.000008630488382579599f,0.4144877124177921f,1.7746669518731868f,0.4542159789216648f,-0.000005768260264296047f,0.6611702282334547f,0.8253950174034235f,0f,0f,0f,1f], start_interpolation: 0, interpolation_duration: 1 }
$data merge entity $(bone_finger_right_0_fire) { transformation: [4.842989528386416f,1.2234145738029412f,-0.04904725843444634f,-0.884635023022849f,-0.9727235443660006f,4.281994511677789f,0.5314273236113198f,2.1415757710877457f,0.7741197156613061f,-2.273275122497903f,0.9746131167137472f,1.4233382229746496f,0f,0f,0f,1f], start_interpolation: 0, interpolation_duration: 1 }
$data merge entity $(bone_finger_right_0_fire_s) { transformation: [0.000009685979056772833f,0.0000024468291476058826f,-4.414032557472298e-7f,-0.884635023022849f,-0.0000019454470887320014f,0.00000856398902335558f,0.000004782606782162771f,2.1415757710877457f,0.0000015482394313226122f,-0.000004546550244995805f,0.000008771079496448903f,1.4233382229746496f,0f,0f,0f,1f], start_interpolation: 0, interpolation_duration: 1 }
$data merge entity $(bone_fire_large_right) { transformation: [0.000025829277484727554f,0.00000652487772694902f,-0.0000011770753486592793f,-0.9101826985948521f,-0.000005187858903285337f,0.000022837304062281543f,0.000012753618085767389f,2.0511764050022867f,0.000004128638483526966f,-0.00001212413398665548f,0.00002338954532386374f,1.4784852598205829f,0f,0f,0f,1f], start_interpolation: 0, interpolation_duration: 1 }
$data merge entity $(bone_finger_right_0) { transformation: [1.416638606664278f,0.3578649730804632f,-0.06455815044960167f,-0.8718496223451797f,-0.28453452531401807f,1.252540131093033f,0.699487926661237f,1.7447859159848667f,0.22644027391716456f,-0.6649630942260096f,1.282828484757316f,0.8396645848005678f,0f,0f,0f,1f], start_interpolation: 0, interpolation_duration: 1 }
$data merge entity $(bone_wing_right_1_model) { transformation: [-0.603804384588949f,-0.5181975840908228f,0.6307682712656328f,-0.6392202059161827f,0.3884122999280929f,0.5076949308798021f,0.7888972211038405f,1.4773387116362469f,-0.7180064299555885f,0.7104183303119559f,-0.10368049739967018f,0.4795820791318152f,0f,0f,0f,1f], start_interpolation: 0, interpolation_duration: 1 }
$data merge entity $(bone_wing_right_0) { transformation: [-0.4971494442994031f,0.2550647986744696f,-0.8293276665528208f,-0.22108310086522526f,-0.7247341289086097f,0.403475352699802f,0.5585410299690157f,1.2738342247383359f,0.47707742812658127f,0.878720426666481f,-0.01573338270062072f,0.5274647034089461f,0f,0f,0f,1f], start_interpolation: 0, interpolation_duration: 1 }
$data merge entity $(bone_finger_left_1_fire) { transformation: [3.062971254245649f,0.22210560489157438f,0.876875291962004f,1.8744867797538602f,-2.246662597135953f,4.204812875786052f,0.3349798641834782f,1.7990001988156858f,-3.2512634882911526f,-2.6963341372870637f,0.5946171659557764f,1.2168504202697163f,0f,0f,0f,1f], start_interpolation: 0, interpolation_duration: 1 }
$data merge entity $(bone_finger_left_1_fire_s) { transformation: [0.000006125942508491298f,4.4421120978314874e-7f,0.000007891483053505361f,1.8744867797538602f,-0.000004493325194271906f,0.000008409625751572105f,0.0000030146680442490915f,1.7990001988156858f,-0.000006502526976582305f,-0.000005392668274574127f,0.0000053512869292555255f,1.2168504202697163f,0f,0f,0f,1f], start_interpolation: 0, interpolation_duration: 1 }
$data merge entity $(bone_finger_left_1) { transformation: [1.2179027140748273f,0.08831392675779431f,1.568911006856103f,1.054668295947754f,-0.8933209774233272f,1.6719233020872177f,0.5993481636558581f,1.456829045186583f,-1.2927717232323124f,-1.0721199747802652f,1.0638929219299105f,0.6797419782105256f,0f,0f,0f,1f], start_interpolation: 0, interpolation_duration: 1 }
$data merge entity $(bone_finger_left_2_fire) { transformation: [3.227625596997218f,-0.9510751763778978f,-0.8218995414142183f,0.05582561747250697f,2.1874765660096975f,4.429694666305259f,0.17109822651210885f,1.673761544337952f,3.1300765611669585f,-2.1150085513265604f,0.7279408642318547f,1.230957954273596f,0f,0f,0f,1f], start_interpolation: 0, interpolation_duration: 1 }
$data merge entity $(bone_finger_left_2_fire_s) { transformation: [0.000006455251193994436f,-0.0000019021503527557957f,-0.000007396726036426144f,0.05582561747250697f,0.000004374953132019395f,0.00000885938933261052f,0.000001539807048256567f,1.673761544337952f,0.000006260153122333917f,-0.000004230017102653121f,0.000006551140221075639f,1.230957954273596f,0f,0f,0f,1f], start_interpolation: 0, interpolation_duration: 1 }
$data merge entity $(bone_finger_left_2) { transformation: [0.8019611388971052f,-0.2363115884117341f,-0.918924246015529f,0.45251389141396275f,0.5435175628238698f,1.1006366360650908f,0.19129626051585227f,1.5921051406210778f,0.7777233413206049f,-0.5255115922295825f,0.813873808296759f,0.8794702235720104f,0f,0f,0f,1f], start_interpolation: 0, interpolation_duration: 1 }
$data merge entity $(bone_finger_film_left) { transformation: [3.2245177571609633f,-7.614904886923631e-7f,0.05967939603753686f,0.8422053145651458f,0.09368228918013727f,0.000010089854067498372f,0.33592689639969625f,1.5748906924591588f,-0.3179932603599818f,-0.000004749154036948266f,0.7041271021219391f,0.8175311793523964f,0f,0f,0f,1f], start_interpolation: 0, interpolation_duration: 1 }
$data merge entity $(bone_finger_left_0_fire) { transformation: [4.914253612772526f,0.3824823467187505f,0.18644021547695103f,0.9692253295380356f,-0.6512801434184207f,4.6603340401070374f,0.3756414450524575f,1.8439572908303967f,-0.652645082829134f,-1.7705913952880652f,1.0289921826345036f,1.4535040773620855f,0f,0f,0f,1f], start_interpolation: 0, interpolation_duration: 1 }
$data merge entity $(bone_finger_left_0_fire_s) { transformation: [0.000009828507225545052f,7.64964693437501e-7f,0.0000016778780453902898f,0.9692253295380356f,-0.0000013025602868368414f,0.000009320668080214076f,0.0000033806039752733536f,1.8439572908303967f,-0.000001305290165658268f,-0.0000035411827905761308f,0.000009260466620379515f,1.4535040773620855f,0f,0f,0f,1f], start_interpolation: 0, interpolation_duration: 1 }
$data merge entity $(bone_fire_large_left) { transformation: [0.00002620935260145347f,0.000002039905849166669f,0.000004474341454374106f,0.9606021163085962f,-0.000003473494098231577f,0.000024855114880570868f,0.000009014943934062276f,1.7448995849377127f,-0.000003480773775088715f,-0.000009443154108203015f,0.000024694577654345372f,1.4979915574609857f,0f,0f,0f,1f], start_interpolation: 0, interpolation_duration: 1 }
$data merge entity $(bone_finger_left_0) { transformation: [1.437484295596333f,0.11188115430632854f,0.2454007800803806f,0.8467123558978336f,-0.19050807141178835f,1.3632094561573398f,0.4944357278850642f,1.5399746161602312f,-0.1909073342748692f,-0.5179214434577467f,1.354404593821864f,0.8283115659924842f,0f,0f,0f,1f], start_interpolation: 0, interpolation_duration: 1 }
$data merge entity $(bone_wing_left_1_model) { transformation: [-0.7274286212582274f,0.6302713945884475f,-0.3233924136088037f,0.5520869750055866f,-0.23501051677413323f,0.22256901020609776f,0.9623981378531822f,1.4075210134005367f,0.6682774431489882f,0.7643285209262122f,-0.01357402367905522f,0.43978126930926453f,0f,0f,0f,1f], start_interpolation: 0, interpolation_duration: 1 }
$data merge entity $(bone_wing_left_0) { transformation: [-0.4818267917791922f,-0.14021832115554514f,0.8649750083881562f,0.12573530487606f,0.7700592344527204f,0.40329308014091125f,0.4943313331608128f,1.2353193898644244f,-0.41815274500816196f,0.9042640731129246f,-0.0863409979057593f,0.524141365813837f,0f,0f,0f,1f], start_interpolation: 0, interpolation_duration: 1 }
$data merge entity $(bone_body_0) { transformation: [-0.9938451232498421f,0.019598420109932846f,0.1090310640216841f,-0.011194286864704316f,0.11036836620708054f,0.09056388106521829f,0.9897560341756875f,1.6114788833239206f,0.00952337824964217f,0.9956977881745039f,-0.09216951714701938f,0.1965485069798117f,0f,0f,0f,1f], start_interpolation: 0, interpolation_duration: 1 }
$data merge entity $(bone_leg_right_3) { transformation: [-0.9997092955650779f,0.00951172254982878f,0.02215516858231821f,-0.2407558444419979f,0.023048502334488574f,0.10727950077623127f,0.9939617071363159f,1.5826313989422358f,0.0070774925583105275f,0.9941834015146993f,-0.1074675451089746f,-0.45895940853842f,0f,0f,0f,1f], start_interpolation: 0, interpolation_duration: 1 }
$data merge entity $(bone_leg_right_2) { transformation: [-0.9078678127147214f,0.39464986270696134f,0.1415186224564252f,-0.1685615285501343f,0.40122981771061517f,0.7199248737434738f,0.5663239439979115f,1.6993004775584377f,0.12161689034214826f,0.570928771416207f,-0.8119419129178433f,-0.35632742643114546f,0f,0f,0f,1f], start_interpolation: 0, interpolation_duration: 1 }
$data merge entity $(bone_leg_right_1) { transformation: [-0.9351284625163973f,0.27195228830100227f,0.22710506704952155f,-0.24972403416906225f,0.3497459005716686f,0.6059819378134461f,0.7144674212846748f,1.4629839960039106f,0.056679481516961755f,0.747547887383617f,-0.6617851558045554f,-0.1546962318269806f,0f,0f,0f,1f], start_interpolation: 0, interpolation_duration: 1 }
$data merge entity $(bone_leg_right_0) { transformation: [-0.9307381541890755f,0.36497115030976984f,-0.02285930397620106f,-0.09940459622938581f,0.3621682591573579f,0.9286313737405377f,0.08048555003036567f,1.7677078817357297f,0.050602770632069166f,0.06663205794754523f,-0.9964936168676813f,-0.05668100606754637f,0f,0f,0f,1f], start_interpolation: 0, interpolation_duration: 1 }
$data merge entity $(bone_leg_left_3) { transformation: [-0.997057401795794f,-0.07434128994511781f,-0.018705884996875942f,0.2552919083087415f,-0.02588478064983367f,0.0968087308135418f,0.9949663550939705f,1.5586561032684483f,-0.07215618930438618f,0.9925227666142308f,-0.09844816959955399f,-0.4671661082317092f,0f,0f,0f,1f], start_interpolation: 0, interpolation_duration: 1 }
$data merge entity $(bone_leg_left_2) { transformation: [-0.8982210409484197f,-0.4309231879184027f,-0.08662659933171918f,0.17656570149790257f,-0.4095357488720024f,0.7489123008537232f,0.5209710510439431f,1.6805518082479831f,-0.15962278030840535f,0.5034238490022332f,-0.8491672369223812f,-0.3760582689848319f,0f,0f,0f,1f], start_interpolation: 0, interpolation_duration: 1 }
$data merge entity $(bone_leg_left_1) { transformation: [-0.9301207255191712f,-0.32539788549720655f,-0.1702693515393688f,0.24025451556914312f,-0.3529928597752953f,0.664168896675091f,0.6589959921251806f,1.4611942751866405f,-0.10134829503918164f,0.6730496956416657f,-0.7326203862091965f,-0.15041700932340105f,0f,0f,0f,1f], start_interpolation: 0, interpolation_duration: 1 }
$data merge entity $(bone_leg_left_0) { transformation: [-0.9301207255191712f,-0.3603457719331039f,0.07089683074458097f,0.08786429306142073f,-0.3529928597752953f,0.9304596413358879f,0.09818806848466677f,1.7654176626298326f,-0.10134829503918164f,0.0663006824627494f,-0.9926392812082467f,-0.054058745249642236f,0f,0f,0f,1f], start_interpolation: 0, interpolation_duration: 1 }
$data merge entity $(bone_tail_3) { transformation: [-2.43158786955195f,0.13377940758476844f,-0.18436710006968796f,-0.020218137626426096f,0.16266036240964882f,2.4035486806408426f,-0.4012518799014572f,1.9137594703678318f,0.15946712508413646f,-0.4117821447439901f,-2.4019811460795166f,-1.3964392739372014f,0f,0f,0f,1f], start_interpolation: 0, interpolation_duration: 1 }
$data merge entity $(bone_tail_2) { transformation: [-1.154409069173267f,0.034721752491150525f,-0.05521017491780347f,0.002216920742458964f,0.053268475060316095f,1.0667087471042291f,-0.44295482943080544f,2.089774985828386f,0.03763287226959503f,-0.44479311062028476f,-1.0666100122207138f,-0.9573774708793741f,0f,0f,0f,1f], start_interpolation: 0, interpolation_duration: 1 }
$data merge entity $(bone_tail_1) { transformation: [-1.3853177360538191f,0.014849798656616162f,-0.007320787686901669f,0.004335314575477333f,0.013801045582246981f,1.374148237226472f,0.17579958346365482f,2.0302852774893996f,0.009145577802165973f,0.175714102692458f,-1.3741980398761406f,-0.5467234032491317f,0f,0f,0f,1f], start_interpolation: 0, interpolation_duration: 1 }
$data merge entity $(bone_tail_0) { transformation: [-1.1977096983048008f,0.00018656477842982335f,0.022266208882174992f,-0.002274329560828103f,0.014647481729419504f,0.9088195261835694f,0.7802799884555777f,1.813066617955268f,-0.016771110380279567f,0.7804174359269744f,-0.908664787386172f,-0.2644088498163036f,0f,0f,0f,1f], start_interpolation: 0, interpolation_duration: 1 }
$data merge entity $(bone_body_1) { transformation: [-1.0206569602945257f,0.0061187350725194975f,0.017961762939522882f,-0.007278442382812501f,0.012482201821592272f,0.9443014570714761f,0.38760759442355663f,1.7202381768511188f,-0.014291902758846932f,0.3877602528602481f,-0.9442131233263666f,0.011886008317076526f,0f,0f,0f,1f], start_interpolation: 0, interpolation_duration: 1 }
data modify entity @s data merge value {"locators":{"body_1":{"posx":-0.006752875324774511,"posy":1.5696309792626983,"posz":-0.15718406952650033,"roty":1.0898059681532857,"rotx":22.31492998322423},"body_0":{"posx":-0.03432146745745465,"posy":1.4144676146147739,"posz":0.06623510744039063,"roty":49.790459593354086,"rotx":81.79189070912332},"neck_1":{"posx":-0.056686315053913576,"posy":1.2094381099983325,"posz":0.08766728002121815,"roty":170.49433175399366,"rotx":54.51702461509208},"neck_0":{"posx":-0.08830907077517808,"posy":0.9377027872142543,"posz":-0.0626701513142883,"roty":167.47003460377482,"rotx":61.84768934758661},"head_0":{"posx":-0.08071295190220483,"posy":1.0222459091075469,"posz":-0.2648268831287609,"roty":177.78282604325358,"rotx":14.922704085522907},"arm_right_0":{"posx":-0.3280229083566533,"posy":1.6323753103063803,"posz":-0.2633961182713546,"roty":145.8070978352598,"rotx":71.99103520848287},"arm_left_0":{"posx":0.43415689809112595,"posy":1.4989457966699382,"posz":-0.1183561821694272,"roty":299.31704086786556,"rotx":73.33588003871493},"finger_right_0":{"posx":-1.0816753947503186,"posy":1.5071541294774118,"posz":0.7439311555027719,"roty":233.8535768697252,"rotx":37.50163574511205},"finger_right_1":{"posx":-1.357865852680218,"posy":1.905086373098586,"posz":1.1052673149614622,"roty":233.8535768697252,"rotx":37.50163574511205},"finger_right_2":{"posx":-1.7475349689894282,"posy":2.302759475591324,"posz":1.4221504744332178,"roty":233.8535768697252,"rotx":37.50163574511205},"finger_right_3":{"posx":-2.1657159518421425,"posy":2.7295304559202758,"posz":1.762220222628505,"roty":233.8535768697252,"rotx":37.50163574511205},"finger_left_0":{"posx":0.9678248434503408,"posy":1.2569500839408487,"posz":0.7062890691728514,"roty":124.1415551558456,"rotx":17.545724112419045},"finger_left_1":{"posx":1.3473462280870443,"posy":1.4964352585909835,"posz":1.111017903608328,"roty":124.1415551558456,"rotx":17.545724112419045},"finger_left_2":{"posx":1.835295293356493,"posy":1.7019347594314878,"posz":1.4716791272866958,"roty":124.1415551558456,"rotx":17.545724112419045},"finger_left_3":{"posx":2.3589474185225208,"posy":1.9224708357254396,"posz":1.8587301944214782,"roty":124.1415551558456,"rotx":17.545724112419045},"leg_right_0":{"posx":-0.30097373403424743,"posy":1.334285115562473,"posz":-0.16609682438513895,"roty":358.6858802221233,"rotx":4.61647570344418},"leg_left_0":{"posx":0.2909654941617431,"posy":1.3322750840001099,"posz":-0.16173716249461317,"roty":4.085273646422337,"rotx":5.634840931547403},"tail_0":{"posx":0.001046163901113245,"posy":1.7904730882176472,"posz":-0.5212747006084633,"roty":1.4037129601129266,"rotx":40.64453314598273},"tail_1":{"posx":0.001076910712772711,"posy":1.878531818315545,"posz":-0.8112849549901192,"roty":359.6947701444582,"rotx":7.290083409143211},"tail_2":{"posx":-0.01628727519879378,"posy":1.802597518007163,"posz":-1.118510689369344,"roty":357.0368838494612,"rotx":-22.525592631489864},"tail_3":{"posx":-0.04864277499731526,"posy":1.6546026573509156,"posz":-1.5655177738912216,"roty":355.6107961949143,"rotx":-9.456401377594455},"tail_4":{"posx":-0.08167015925939844,"posy":1.5827226960217007,"posz":-1.9958068779225873,"roty":355.6107961949143,"rotx":-9.456401377594455},"shadow":{"posx":-0.007278442382812468,"posy":1.5569791698873074,"posz":-0.25233767004964985,"roty":0,"rotx":71.82}},"cameras":{}}