# This file was generated by Animated Java via MC-Build. It is not recommended to edit this file directly.
$data merge entity $(bone_head_lower) { transformation: [-0.9830667785708007f,-0.18151182808241853f,0.02516277283222823f,-0.13253622349868963f,0.16159741119395024f,-0.9234556493566279f,-0.3480171552764919f,1.2118427111513368f,0.08640593478367764f,-0.3380578647768857f,0.9371504118852275f,-0.564087785489947f,0f,0f,0f,1f], start_interpolation: 0, interpolation_duration: 1 }
$data merge entity $(bone_head_upper) { transformation: [-0.9830667785708007f,-0.18308166396659004f,0.007798281198596858f,-0.13443921997821257f,0.16159741119395024f,-0.8862007295726702f,-0.4342056466701931f,1.193189757029352f,0.08640593478367764f,-0.4255929642558626f,0.9007800193221799f,-0.5553384272384707f,0f,0f,0f,1f], start_interpolation: 0, interpolation_duration: 1 }
$data merge entity $(bone_neck_0) { transformation: [-0.9850934366172261f,-0.1565815634367525f,0.07122594418724734f,-0.1184055223954967f,0.13021131745066833f,-0.949319931737147f,-0.28607111006590624f,1.155593612692726f,0.11240967014195842f,-0.2725323489024393f,0.9555575256677618f,-0.3712838996124368f,0f,0f,0f,1f], start_interpolation: 0, interpolation_duration: 1 }
$data merge entity $(bone_neck_1) { transformation: [-0.9890419327205747f,-0.08354489921000152f,0.12172224585645999f,-0.09783308828988022f,0.11811940229340029f,-0.9423970285444494f,0.31294671653884176f,1.202689776686973f,0.08856558091154638f,0.3238951842905092f,0.9419384520610767f,-0.2043564194885439f,0f,0f,0f,1f], start_interpolation: 0, interpolation_duration: 1 }
$data merge entity $(bone_neck_2) { transformation: [-0.9890419327205747f,-0.08884576527978699f,0.11790880082588745f,-0.08378057130865504f,0.11811940229340029f,-0.955313766107984f,0.27096755356763663f,1.1279607164374135f,0.08856558091154638f,0.2819255899637865f,0.9553397822771599f,0.05223852689386496f,0f,0f,0f,1f], start_interpolation: 0, interpolation_duration: 1 }
$data merge entity $(bone_arm_right_2) { transformation: [-0.9032036072040791f,0.23575147399904395f,-0.3586704426640396f,-0.3153384575537114f,0.42758936356327765f,0.4216204421827285f,-0.7996271249158529f,1.8470149406927445f,-0.037290482714642484f,-0.8755897699499007f,-0.4816139269767749f,-0.15280896008016165f,0f,0f,0f,1f], start_interpolation: 0, interpolation_duration: 1 }
$data merge entity $(bone_arm_right_1) { transformation: [-0.7603552146360049f,-0.6037218628449996f,0.2395409357475221f,-0.3907858429606289f,0.629401570855954f,-0.5938248663438226f,0.5012241920695759f,1.5696060329761528f,-0.16035463878507772f,0.531875869385616f,0.8315013225397795f,0.03849099775678981f,0f,0f,0f,1f], start_interpolation: 0, interpolation_duration: 1 }
$data merge entity $(bone_arm_right_0) { transformation: [-0.2500092481993576f,0.4387601971724593f,0.8631250576781887f,-0.23154246063054182f,-0.27894233403903756f,-0.8862781826872441f,0.3697325481661713f,1.2979310615600885f,0.9271928332853129f,-0.1483255617544756f,0.343966535631845f,-0.022831825596204752f,0f,0f,0f,1f], start_interpolation: 0, interpolation_duration: 1 }
$data merge entity $(bone_arm_left_2) { transformation: [-0.9363974371337005f,0.23657219706833685f,-0.25921696569417924f,0.45039128913101323f,0.29771956272956296f,0.1444392277231934f,-0.9436632722867009f,1.5597675488190108f,-0.185803395279944f,-0.9608178313650234f,-0.20568469372672654f,-0.038487391166259904f,0f,0f,0f,1f], start_interpolation: 0, interpolation_duration: 1 }
$data merge entity $(bone_arm_left_1) { transformation: [-0.973214383717163f,-0.13766440952372555f,-0.18412570074953286f,0.2631282716750871f,-0.07936163181440681f,-0.5504936139682477f,0.831058669635262f,1.3778789869424386f,-0.21576722346495741f,0.8234107670723411f,0.5248230310757726f,0.18754976787058006f,0f,0f,0f,1f], start_interpolation: 0, interpolation_duration: 1 }
$data merge entity $(bone_arm_left_0) { transformation: [-0.7057474384073783f,-0.48943734946351364f,-0.512222250718918f,0.08374308925243931f,0.7016291107860223f,-0.38267373153708867f,-0.6010635624366991f,1.2606160867853085f,0.0981689567991808f,-0.783589111806443f,0.613474498067646f,-0.05118984373118235f,0f,0f,0f,1f], start_interpolation: 0, interpolation_duration: 1 }
$data merge entity $(bone_finger_right_1_fire) { transformation: [1.145213514362282f,0.000003641806779677975f,-0.000011548316838806783f,-1.7908184922036323f,-0.507135602092345f,0.000015876354177204964f,-2.2448313251643057e-8f,1.4787389333209375f,1.0995804951845054f,0.0000035293624349471246f,0.000012017223141871902f,1.4123287941691756f,0f,0f,0f,1f], start_interpolation: 0, interpolation_duration: 1 }
$data merge entity $(bone_finger_right_1_fire_s) { transformation: [0.0000068712810861736925f,0.000002185084067806785f,-0.00000692899010328407f,-1.7908184922036323f,-0.00000304281361255407f,0.000009525812506322978f,-1.3468987950985834e-8f,1.4787389333209375f,0.000006597482971107032f,0.0000021176174609682748f,0.000007210333885123141f,1.4123287941691756f,0f,0f,0f,1f], start_interpolation: 0, interpolation_duration: 1 }
$data merge entity $(bone_finger_right_1) { transformation: [1.3660839735962491f,0.4344180202433788f,-1.3775571417606414f,-1.0799984952538408f,-0.604943802854283f,1.893833134923742f,-0.0026777784738607944f,1.4474879251610153f,1.3116499878077696f,0.42100493916007664f,1.4334912865905882f,0.6564007356063573f,0f,0f,0f,1f], start_interpolation: 0, interpolation_duration: 1 }
$data merge entity $(bone_finger_right_2_fire) { transformation: [0.8909805100782772f,0.000009124468039517285f,0.000010730201947758043f,-0.17766497888033939f,-0.13835478939093965f,0.000013202318550970983f,-0.000010077815134329674f,0.9099748608551519f,-1.401709477991434f,0.000004496737222953198f,0.000007815253422403072f,1.0287363705450865f,0f,0f,0f,1f], start_interpolation: 0, interpolation_duration: 1 }
$data merge entity $(bone_finger_right_2_fire_s) { transformation: [0.0000053458830604696636f,0.000005474680823710371f,0.000006438121168654826f,-0.17766497888033939f,-8.301287363456379e-7f,0.000007921391130582589f,-0.000006046689080597804f,0.9099748608551519f,-0.000008410256867948606f,0.0000026980423337719185f,0.000004689152053441843f,1.0287363705450865f,0f,0f,0f,1f], start_interpolation: 0, interpolation_duration: 1 }
$data merge entity $(bone_finger_right_2) { transformation: [0.664139990644133f,0.6801410412294321f,0.7998330087565662f,-0.5225979895029986f,-0.10313014425376926f,0.9841054456008695f,-0.7512038673482307f,1.2349570081693209f,-1.0448391508779877f,0.3351883664569593f,0.5825517254446227f,0.777776609040906f,0f,0f,0f,1f], start_interpolation: 0, interpolation_duration: 1 }
$data merge entity $(bone_finger_film_right) { transformation: [2.834942553494597f,0.014961267142828633f,-0.019435468718700576f,-0.8643882520963148f,-1.1204459510947193f,0.03410694547775565f,-0.27203454444068625f,1.3694179105069164f,-0.3310297454664918f,0.012685699609042865f,0.7543176103610371f,0.7936323994943858f,0f,0f,0f,1f], start_interpolation: 0, interpolation_duration: 1 }
$data merge entity $(bone_finger_right_0_fire) { transformation: [1.5941355033280715f,0.0000043098038548263895f,-0.000002253124100798001f,-0.9564781682404492f,-0.4855812412257329f,0.000014531957180254954f,-0.000006559045975291076f,1.1264283307751075f,0.026844607957823466f,0.000006930049712804232f,0.000015155201267492252f,1.4459250232852345f,0f,0f,0f,1f], start_interpolation: 0, interpolation_duration: 1 }
$data merge entity $(bone_finger_right_0_fire_s) { transformation: [0.00000956481301996843f,0.0000025858823128958334f,-0.0000013518744604788004f,-0.9564781682404492f,-0.0000029134874473543973f,0.000008719174308152971f,-0.0000039354275851746455f,1.1264283307751075f,1.610676477469408e-7f,0.000004158029827682539f,0.000009093120760495351f,1.4459250232852345f,0f,0f,0f,1f], start_interpolation: 0, interpolation_duration: 1 }
$data merge entity $(bone_fire_large_right) { transformation: [0.000025506168053249145f,0.000006895686167722222f,-0.000003604998561276801f,-0.9841248868408989f,-0.000007769299859611726f,0.00002325113148840792f,-0.000010494473560465721f,1.0287477078388603f,4.295137273251754e-7f,0.00001108807954048677f,0.0000242483220279876f,1.4064271797733907f,0f,0f,0f,1f], start_interpolation: 0, interpolation_duration: 1 }
$data merge entity $(bone_finger_right_0) { transformation: [1.39891727105664f,0.37820241973133856f,-0.1977205960133252f,-0.880734416160363f,-0.4261168410299193f,1.2752370070971635f,-0.5755823565395437f,1.3408567179128343f,0.023557210556156415f,0.6081394092461797f,1.3299291531474833f,0.7776706388680689f,0f,0f,0f,1f], start_interpolation: 0, interpolation_duration: 1 }
$data merge entity $(bone_wing_right_1_model) { transformation: [-0.5225154199792116f,-0.5439660003759704f,0.6797467979775691f,-0.6354638303086717f,0.832196227798569f,-0.07919154401109571f,0.5763290907431373f,1.3766082180705579f,-0.2557423652108131f,0.8537018055702756f,0.4865862234427426f,0.3373661608723121f,0f,0f,0f,1f], start_interpolation: 0, interpolation_duration: 1 }
$data merge entity $(bone_wing_right_0) { transformation: [-0.5957912124635412f,0.21258609454772368f,-0.7744933721835001f,-0.24174202160827912f,-0.7859766893173363f,-0.3526247120988917f,0.5078350679767332f,1.1484181238534013f,-0.16514682861315494f,0.9112974074483698f,0.37717841955352793f,0.23032451689490197f,0f,0f,0f,1f], start_interpolation: 0, interpolation_duration: 1 }
$data merge entity $(bone_finger_left_1_fire) { transformation: [1.0214404191980604f,0.000002586030897279215f,0.000012913410431754423f,1.8369161627461248f,0.3376634586086781f,0.000015281674998250797f,-0.00000573118887297013f,0.8632887811015466f,-1.2729574370444172f,0.0000061286728762376806f,0.000008841667427650577f,0.9928715840906591f,0f,0f,0f,1f], start_interpolation: 0, interpolation_duration: 1 }
$data merge entity $(bone_finger_left_1_fire_s) { transformation: [0.000006128642515188363f,0.000001551618538367529f,0.000007748046259052654f,1.8369161627461248f,0.0000020259807516520687f,0.000009169004998950477f,-0.000003438713323782078f,0.8632887811015466f,-0.000007637744622266504f,0.000003677203725742608f,0.000005305000456590346f,0.9928715840906591f,0f,0f,0f,1f], start_interpolation: 0, interpolation_duration: 1 }
$data merge entity $(bone_finger_left_1) { transformation: [1.218439504206275f,0.30847831602520737f,1.5403942421264307f,1.0281565504118007f,0.40278658388978217f,1.8228959965113436f,-0.683652888376664f,1.1885701305115026f,-1.5184651001825518f,0.7310673241840383f,1.0546906774416978f,0.42916167954742923f,0f,0f,0f,1f], start_interpolation: 0, interpolation_duration: 1 }
$data merge entity $(bone_finger_left_2_fire) { transformation: [1.1318109786475843f,-0.000003190382341418831f,-0.00001181099611187051f,0.08490541619628861f,-0.4000703236749359f,0.000014240253119902418f,-0.000007680321768672861f,0.8860836545578319f,1.1561684230704485f,0.000008050740920837662f,0.0000089045385143087f,0.9395920115046439f,0f,0f,0f,1f], start_interpolation: 0, interpolation_duration: 1 }
$data merge entity $(bone_finger_left_2_fire_s) { transformation: [0.000006790865871885506f,-0.0000019142294048512984f,-0.000007086597667122306f,0.08490541619628861f,-0.0000024004219420496155f,0.00000854415187194145f,-0.000004608193061203716f,0.8860836545578319f,0.000006937010538422691f,0.000004830444552502597f,0.000005342723108585219f,0.9395920115046439f,0f,0f,0f,1f], start_interpolation: 0, interpolation_duration: 1 }
$data merge entity $(bone_finger_left_2) { transformation: [0.8436558648223345f,-0.23781221636317912f,-0.8803957840274668f,0.46497220527793254f,-0.29821381951343007f,1.061473451646118f,-0.5724938727494939f,1.1338797038604456f,0.861811989146193f,0.6001050459985615f,0.6637474174450503f,0.6537260751436278f,0f,0f,0f,1f], start_interpolation: 0, interpolation_duration: 1 }
$data merge entity $(bone_finger_film_left) { transformation: [3.055039403819687f,-0.00008485502008165947f,0.06850003761550064f,0.8285876858132315f,0.1373606464528203f,0.03400983217710255f,-0.4017070050833044f,1.1543655165592193f,-0.2230367620768838f,0.019783183106452728f,0.6908797399170349f,0.6035679477353265f,0f,0f,0f,1f], start_interpolation: 0, interpolation_duration: 1 }
$data merge entity $(bone_finger_left_0_fire) { transformation: [1.6298904433730719f,0.000002157285235981764f,0.0000027330591739854103f,0.9548076651192168f,-0.017987814868561745f,0.000013586520197564617f,-0.000009651522706317992f,0.7772014744563756f,-0.347723106645447f,0.00000940905771634767f,0.000013310006565689595f,1.1822094237239267f,0f,0f,0f,1f], start_interpolation: 0, interpolation_duration: 1 }
$data merge entity $(bone_finger_left_0_fire_s) { transformation: [0.000009779342660238433f,0.0000012943711415890583f,0.0000016398355043912462f,0.9548076651192168f,-1.0792688921137047e-7f,0.00000815191211853877f,-0.000005790913623790795f,0.7772014744563756f,-0.000002086338639872682f,0.000005645434629808602f,0.000007986003939413756f,1.1822094237239267f,0f,0f,0f,1f], start_interpolation: 0, interpolation_duration: 1 }
$data merge entity $(bone_fire_large_left) { transformation: [0.000026078247093969153f,0.0000034516563775708222f,0.0000043728946783766566f,0.9404105420271357f,-2.878050378969879e-7f,0.000021738432316103385f,-0.000015442436330108785f,0.684944019172143f,-0.000005563569706327152f,0.000015054492346156271f,0.00002129601050510335f,1.1261094274688364f,0f,0f,0f,1f], start_interpolation: 0, interpolation_duration: 1 }
$data merge entity $(bone_finger_left_0) { transformation: [1.4302936522049947f,0.1893103546662128f,0.23983680642743632f,0.8311871583419673f,-0.015785022562803955f,1.1922711537540802f,-0.8469594822821613f,1.1257433373520118f,-0.3051408480748689f,0.8256822156139304f,1.1680059834153604f,0.580946493221973f,0f,0f,0f,1f], start_interpolation: 0, interpolation_duration: 1 }
$data merge entity $(bone_wing_left_1_model) { transformation: [-0.7241666909645198f,0.6587742060297915f,-0.2693997628231236f,0.520948267340906f,-0.6232375354365075f,-0.40134518278392195f,0.6938833487849441f,1.3155776437636706f,0.3437072317574442f,0.6602391027255189f,0.6905988337028064f,0.23020637574136407f,0f,0f,0f,1f], start_interpolation: 0, interpolation_duration: 1 }
$data merge entity $(bone_wing_left_0) { transformation: [-0.5178277986557415f,-0.077123456722333f,0.8520013752116524f,0.10343136198968755f,0.8254737800098922f,-0.306523344111137f,0.47395830832585417f,1.1075658358032063f,0.22460500763680422f,0.9487335832245657f,0.22238969986568005f,0.19927826984864272f,0f,0f,0f,1f], start_interpolation: 0, interpolation_duration: 1 }
$data merge entity $(bone_body_0) { transformation: [-0.989131136887784f,0.008648479899172997f,0.14678146284362129f,-0.014816723796155333f,0.11706658752872179f,-0.5576961517141685f,0.821748389987828f,1.6108866910140618f,0.08896633140385132f,0.830000124191943f,0.5506221805538707f,0.1835218206660364f,0f,0f,0f,1f], start_interpolation: 0, interpolation_duration: 1 }
$data merge entity $(bone_leg_right_3) { transformation: [-0.9996901915153245f,0.024513458423495976f,0.004314086713736245f,-0.2493627020178394f,-0.003539388640394034f,-0.3115680994865508f,0.950217234168267f,1.8945666635268334f,0.02463724246149214f,0.9499075795773284f,0.3115583357020564f,-0.38891699211786684f,0f,0f,0f,1f], start_interpolation: 0, interpolation_duration: 1 }
$data merge entity $(bone_leg_right_2) { transformation: [-0.911588280442316f,0.39326737734563644f,0.11978137115556062f,-0.1772285777917895f,0.2806978741664006f,0.3825419784568782f,0.880267197024154f,1.9520588519196518f,0.3003589692329579f,0.8360636367131284f,-0.459110101138423f,-0.24452747276323672f,0f,0f,0f,1f], start_interpolation: 0, interpolation_duration: 1 }
$data merge entity $(bone_leg_right_1) { transformation: [-0.9391695807576719f,0.27545490131422523f,0.2051465230546917f,-0.25141861679168026f,0.26439474172473504f,0.19860119036560225f,0.9437441325558937f,1.6477382797341975f,0.2192166032210366f,0.9405754432938042f,-0.25934902418342426f,-0.17400940509211701f,0f,0f,0f,1f], start_interpolation: 0, interpolation_duration: 1 }
$data merge entity $(bone_leg_right_0) { transformation: [-0.9330079286511829f,0.3576080926803636f,-0.04015790237974894f,-0.10225422464433767f,0.2851581680818224f,0.8027887092504339f,0.5236555236758622f,1.877080455704765f,0.21950176366090565f,0.4771234015949488f,-0.8509830993622711f,0.05007030143007332f,0f,0f,0f,1f], start_interpolation: 0, interpolation_duration: 1 }
$data merge entity $(bone_leg_left_3) { transformation: [-0.9855735240649638f,-0.15917878594528634f,0.05750602374667206f,0.2740947663413672f,0.07019392606087393f,-0.07526514775046411f,0.9946898864863668f,1.8319682172935539f,-0.15400532914911946f,0.9843765903550764f,0.08535272083879802f,-0.41081025627788975f,0f,0f,0f,1f], start_interpolation: 0, interpolation_duration: 1 }
$data merge entity $(bone_leg_left_2) { transformation: [-0.8969239969727114f,-0.4417229890973715f,0.020202587888161053f,0.1927767582869245f,-0.2766161452960133f,0.5961445908086284f,0.7537208601406676f,1.9269201748989908f,-0.3449794947762407f,0.6704419644924507f,-0.6568840996944845f,-0.2936414711153367f,0f,0f,0f,1f], start_interpolation: 0, interpolation_duration: 1 }
$data merge entity $(bone_leg_left_1) { transformation: [-0.9309269963939026f,-0.34949551440987925f,-0.10596137405866614f,0.23619571560474326f,-0.24438054244278512f,0.3805319483507828f,0.8918932597344411f,1.6364885733526002f,-0.2713910054891222f,0.85618241145899f,-0.4396573671029205f,-0.16382525726364433f,0f,0f,0f,1f], start_interpolation: 0, interpolation_duration: 1 }
$data merge entity $(bone_leg_left_0) { transformation: [-0.9309269963939026f,-0.3478019245396479f,0.11139456302505851f,0.08500399403150055f,-0.24438054244278512f,0.8199185333344572f,0.517698511848395f,1.873188529656371f,-0.2713910054891222f,0.4547168569353788f,-0.848280320506384f,0.05105554330305096f,0f,0f,0f,1f], start_interpolation: 0, interpolation_duration: 1 }
$data merge entity $(bone_tail_3) { transformation: [-2.4227039766719694f,0.08869720783429481f,-0.2952049653617848f,-0.03364361323741562f,0.07184130613384869f,2.4370069428321406f,0.1426313855887086f,2.679382081421006f,0.29975322014089406f,0.13280696798124758f,-2.420127691074341f,-1.0124282560054128f,0f,0f,0f,1f], start_interpolation: 0, interpolation_duration: 1 }
$data merge entity $(bone_tail_2) { transformation: [-1.1529090728705425f,0.037504273822255976f,-0.07942393617702001f,-0.0013062288841902076f,0.029820945058323157f,1.1505781417726342f,0.11042967631420719f,2.6283434087550672f,0.0826162419177644f,0.10806216553492408f,-1.1482208792089126f,-0.5427374982754559f,0f,0f,0f,1f], start_interpolation: 0, interpolation_duration: 1 }
$data merge entity $(bone_tail_1) { transformation: [-1.3852191901308026f,0.018531716850288017f,-0.014272737709424655f,0.0028757195381114596f,0.005138831605015071f,1.0658077293289907f,0.8851027153896288f,2.3579752405177272f,0.022819464955966415f,0.8849236124383504f,-1.0657245481107966f,-0.2279934099062989f,0f,0f,0f,1f], start_interpolation: 0, interpolation_duration: 1 }
$data merge entity $(bone_tail_0) { transformation: [-1.1976414525909354f,0.0014658993048896627f,0.02563478989342555f,-0.004713902186403093f,0.02489146804308642f,0.35978309817365844f,1.142340088312146f,2.024466710086083f,-0.006301280212159778f,1.1426103070100364f,-0.35973090006266667f,-0.10291903884334029f,0f,0f,0f,1f], start_interpolation: 0, interpolation_duration: 1 }
$data merge entity $(bone_body_1) { transformation: [-1.0205988030774926f,0.008125146211434729f,0.020316485923418795f,-0.01035156250000001f,0.02121185972367364f,0.6000023064682238f,0.8256197573243503f,1.8003991244807307f,-0.005369786615579636f,0.8258522317438507f,-0.6000332917095924f,0.08347555099521374f,0f,0f,0f,1f], start_interpolation: 0, interpolation_duration: 1 }
data modify entity @s data merge value {"locators":{"body_1":{"posx":-0.009997202195819645,"posy":1.7610042241400485,"posz":-0.13949397980243966,"roty":1.9392330180825468,"rotx":53.975967074098214},"body_0":{"posx":-0.04332562681730549,"posy":1.5410151526958553,"posz":-0.04150062079626797,"roty":165.07354901621753,"rotx":55.26019921572704},"neck_1":{"posx":-0.07357412239086435,"posy":1.3685416105472503,"posz":-0.1546439353789193,"roty":172.96409033338944,"rotx":15.721850030010875},"neck_0":{"posx":-0.11026579689883344,"posy":1.2728305132949491,"posz":-0.4367429947728998,"roty":172.63674353836717,"rotx":18.236903358510325},"pos_head":{"posx":-0.13762293041136084,"posy":1.2420592760646119,"posz":-0.6829640671834245,"roty":179.50398828950787,"rotx":-25.734758709783268},"head_0":{"posx":-0.0884621020328314,"posy":1.4652721070388661,"posz":-0.541101571442493,"roty":179.50398828950787,"rotx":-25.734758709783268},"arm_right_0":{"posx":-0.2022129972752667,"posy":1.9576032175608362,"posz":-0.15740329833794697,"roty":163.92923749767058,"rotx":30.081024999282135},"arm_left_0":{"posx":0.4394234904366241,"posy":1.6990269889630658,"posz":-0.11288336155750014,"roty":199.33259893627488,"rotx":56.20764304271055},"finger_right_0":{"posx":-1.0546002220639996,"posy":1.2760981500885653,"posz":0.5215726778865508,"roty":223.86008097867207,"rotx":-0.07717163972374318},"finger_right_1":{"posx":-1.3671928851065696,"posy":1.233226159857069,"posz":1.0369782261326,"roty":223.86008097867207,"rotx":-0.07717163972374318},"finger_right_2":{"posx":-1.7914581421786095,"posy":1.2238613612943314,"posz":1.5168867024045634,"roty":223.86008097867207,"rotx":-0.07717163972374318},"finger_right_3":{"posx":-2.2467666829222064,"posy":1.2138112320772525,"posz":2.03191035752815,"roty":223.86008097867207,"rotx":-0.07717163972374318},"finger_left_0":{"posx":0.9223348126492648,"posy":1.0611063565776195,"posz":0.28510308528677686,"roty":124.39900547366432,"rotx":-20.112912923745494},"finger_left_1":{"posx":1.2933807945022382,"posy":0.8307969211585111,"posz":0.7028081283553999,"roty":124.39900547366432,"rotx":-20.112912923745494},"finger_left_2":{"posx":1.7721421359755083,"posy":0.6050525454839919,"posz":1.0636791692692413,"roty":124.39900547366432,"rotx":-20.112912923745494},"finger_left_3":{"posx":2.2859342706855657,"posy":0.36279036225048855,"posz":1.4509554460965488,"roty":124.39900547366432,"rotx":-20.112912923745494},"leg_right_0":{"posx":-0.3016837788009551,"posy":1.5374526499071344,"posz":-0.24205645069776752,"roty":357.2982158391028,"rotx":31.57777779155566},"leg_left_0":{"posx":0.28525181896568264,"posy":1.5237884251051597,"posz":-0.22872581490280408,"roty":7.481166242243091,"rotx":31.177998456574755},"tail_0":{"posx":-0.0010837373007931512,"posy":2.140886740185133,"posz":-0.33299458526376124,"roty":4.076065253733219,"rotx":72.47880334317874},"tail_1":{"posx":-0.0020922411818921622,"posy":2.3717001725174995,"posz":-0.5326563217194185,"roty":359.23271097764865,"rotx":39.707694137844854},"tail_2":{"posx":-0.02573538531260785,"posy":2.4506215111806258,"posz":-0.8194961672116136,"roty":356.0430790042808,"rotx":5.4804869028588},"tail_3":{"posx":-0.06743436698295718,"posy":2.4640934437275344,"posz":-1.2339383919605207,"roty":353.04546926490593,"rotx":3.3480938395038877},"tail_4":{"posx":-0.12031716344389476,"posy":2.489644323347006,"posz":-1.667478254475079,"roty":353.04546926490593,"rotx":3.3480938395038877},"shadow":{"posx":-0.010351562499999972,"posy":1.8163772910692226,"posz":-0.22670561180633933,"roty":180,"rotx":73.52}},"cameras":{}}