# This file was generated by Animated Java via MC-Build. It is not recommended to edit this file directly.
$data merge entity $(bone_head_lower) { transformation: [-0.9663521599542174f,-0.25718343272756644f,-0.004492758872239121f,-0.14385792137090178f,0.14172214110859935f,-0.5177742928836838f,-0.8436969932081038f,1.812172545931776f,0.21465865384701596f,-0.8159451351403881f,0.5368008930407254f,-0.7285853281680239f,0f,0f,0f,1f], start_interpolation: 0, interpolation_duration: 1 }
$data merge entity $(bone_head_upper) { transformation: [-0.9663521599542174f,-0.2553836853898517f,-0.030703032236507874f,-0.147333225389274f,0.14172214110859935f,-0.42901321725650887f,-0.8921112565923678f,1.7922308459480543f,0.21465865384701596f,-0.8664449391945899f,0.4507713718423898f,-0.7328697448879231f,0f,0f,0f,1f], start_interpolation: 0, interpolation_duration: 1 }
$data merge entity $(bone_neck_0) { transformation: [-0.9750414136468376f,-0.2049241570807555f,0.08544197749536517f,-0.12780927540554854f,0.04288712260209696f,-0.5514248162607146f,-0.833121459768472f,1.6451575785607566f,0.21784153963027653f,-0.8086635653079584f,0.5464506398156483f,-0.616530207052094f,0f,0f,0f,1f], start_interpolation: 0, interpolation_duration: 1 }
$data merge entity $(bone_neck_1) { transformation: [-0.9857659153785281f,-0.12826529593179303f,0.10869026606583598f,-0.10986683465872708f,0.06463928859673754f,-0.8859471077920821f,-0.4592597136311352f,1.5579702361247953f,0.15520090994462737f,-0.4456969105281908f,0.8816274391703022f,-0.4662554804094653f,0f,0f,0f,1f], start_interpolation: 0, interpolation_duration: 1 }
$data merge entity $(bone_neck_2) { transformation: [-0.9857659153785281f,-0.11972404181212588f,0.11803268144925368f,-0.10018584811105372f,0.06463928859673754f,-0.9179899692315365f,-0.3913006245330949f,1.3385268377813149f,0.15520090994462737f,-0.3781012697710109f,0.9126620992184941f,-0.313370734240302f,0f,0f,0f,1f], start_interpolation: 0, interpolation_duration: 1 }
$data merge entity $(bone_arm_right_2) { transformation: [-0.8759784179485299f,0.22344336515376723f,-0.427474997932219f,-0.291863381203291f,0.3996011401558247f,0.8325246971586734f,-0.3836946147745939f,2.0443269126657233f,0.27014947727981126f,-0.506927698187443f,-0.8185618905958333f,-0.018541577565160314f,0f,0f,0f,1f], start_interpolation: 0, interpolation_duration: 1 }
$data merge entity $(bone_arm_right_1) { transformation: [-0.7195760358743357f,-0.64608678386267f,0.25452346908167023f,-0.3865323336789835f,0.6248646745326217f,-0.7623284323559917f,-0.1685215112171043f,1.7137054122014828f,0.302909998376774f,0.03777868366747539f,0.9522700793071968f,-0.049700794204883436f,0f,0f,0f,1f], start_interpolation: 0, interpolation_duration: 1 }
$data merge entity $(bone_arm_right_0) { transformation: [-0.32203162285756415f,0.3876206081757966f,0.8637394850284136f,-0.2421263482349361f,-0.7599323687536369f,-0.6499485305854991f,0.00834880292239118f,1.521894459921711f,0.56462237716921f,-0.6536950142896729f,0.5038694270270957f,-0.2624957742379866f,0f,0f,0f,1f], start_interpolation: 0, interpolation_duration: 1 }
$data merge entity $(bone_arm_left_2) { transformation: [-0.9272965851805643f,0.17611207501364967f,-0.330311338205111f,0.4483639189737615f,0.36356601334764815f,0.6337927941428589f,-0.6827345370135354f,1.7367912778730479f,0.08911114998114672f,-0.7531873811522436f,-0.6517422587358158f,-0.13100521804942594f,0f,0f,0f,1f], start_interpolation: 0, interpolation_duration: 1 }
$data merge entity $(bone_arm_left_1) { transformation: [-0.9824000275041498f,-0.13573218871201376f,-0.1283236490569541f,0.2604539359810334f,0.08675896714325981f,-0.9399706447201028f,0.33004252557013036f,1.4569687747854845f,-0.1654178575005761f,0.3131005589453997f,0.9352031717268703f,-0.0559526433357283f,0f,0f,0f,1f], start_interpolation: 0, interpolation_duration: 1 }
$data merge entity $(bone_arm_left_0) { transformation: [-0.6916184320785651f,-0.5187467360037725f,-0.5025592186942945f,0.07214606968255821f,0.505414221036665f,0.14947043442729757f,-0.8498323684150992f,1.5018004928957873f,0.5159655120093671f,-0.841760306214036f,0.15880546999194967f,-0.31179731909667135f,0f,0f,0f,1f], start_interpolation: 0, interpolation_duration: 1 }
$data merge entity $(bone_finger_right_1_fire) { transformation: [1.0084554190758375f,-0.013885923406990783f,-0.44209854051061837f,-1.8998303780426506f,-1.2234237978186078f,0.2052934789133707f,-0.3165268597255883f,0.641038078310386f,0.5138381617255089f,0.5160462614489343f,0.1140245712961924f,0.6011301696245177f,0f,0f,0f,1f], start_interpolation: 0, interpolation_duration: 1 }
$data merge entity $(bone_finger_right_1_fire_s) { transformation: [0.000006050732514455026f,-2.499466213258343e-7f,-0.000007957773729191138f,-1.8998303780426506f,-0.000007340542786911647f,0.000003695282620440676f,-0.000005697483475060595f,0.641038078310386f,0.0000030830289703530537f,0.000009288832706080826f,0.000002052442283331465f,0.6011301696245177f,0f,0f,0f,1f], start_interpolation: 0, interpolation_duration: 1 }
$data merge entity $(bone_finger_right_1) { transformation: [1.20295016502048f,-0.04969205441687f,-1.5820903002829763f,-1.0737987913480205f,-1.4593782051610955f,0.7346616012915578f,-1.1327204879991135f,1.2199920089647334f,0.6129390449485375f,1.8467190228510661f,0.4080474186439841f,0.3558689063563474f,0f,0f,0f,1f], start_interpolation: 0, interpolation_duration: 1 }
$data merge entity $(bone_finger_right_2_fire) { transformation: [1.150690637264846f,0.3107718208673623f,0.2548369224255335f,-0.37581130881170455f,0.7828440586795248f,0.07533838433348572f,-0.48463618750817433f,0.5156473785540907f,-0.9169754712526228f,0.4542983364590336f,-0.09395682005509759f,0.24216984258496807f,0f,0f,0f,1f], start_interpolation: 0, interpolation_duration: 1 }
$data merge entity $(bone_finger_right_2_fire_s) { transformation: [0.000006904143823589077f,0.000005593892775612527f,0.0000045870646036596075f,-0.37581130881170455f,0.000004697064352077149f,0.0000013560909180027443f,-0.000008723451375147146f,0.5156473785540907f,-0.000005501852827515737f,0.000008177370056262614f,-0.000001691222760991758f,0.24216984258496807f,0f,0f,0f,1f], start_interpolation: 0, interpolation_duration: 1 }
$data merge entity $(bone_finger_right_2) { transformation: [0.8577288284344465f,0.6949512089277152f,0.5698690017156639f,-0.6215180181570621f,0.5835347012939232f,0.1684724860995764f,-1.083748531185749f,0.9834223105190785f,-0.6835167256858543f,1.0159067101222246f,-0.21010722755381994f,0.33375480746568637f,0f,0f,0f,1f], start_interpolation: 0, interpolation_duration: 1 }
$data merge entity $(bone_finger_film_right) { transformation: [2.5067376100906222f,0.03124112287820081f,-0.17493501778625864f,-0.9068352185712307f,-0.6503296038116673f,0.022697098383068246f,-0.8117651778867523f,1.0561821875570225f,-0.4876696384835257f,0.1303191703685694f,0.1833182364899939f,0.396805689840143f,0f,0f,0f,1f], start_interpolation: 0, interpolation_duration: 1 }
$data merge entity $(bone_finger_right_0_fire) { transformation: [1.5836032890170233f,0.06740509096649869f,-0.15954357962583549f,-1.1102786679105618f,-0.4992919448910129f,0.05575133768665448f,-0.5271001830413542f,0.3965330714412393f,-0.14382612613567614f,0.5486258446032121f,0.07316569241514202f,0.5253348970041416f,0f,0f,0f,1f], start_interpolation: 0, interpolation_duration: 1 }
$data merge entity $(bone_finger_right_0_fire_s) { transformation: [0.00000950161973410214f,0.0000012132916373969774f,-0.000002871784433265041f,-1.1102786679105618f,-0.0000029957516693460774f,0.0000010035240783597816f,-0.000009487803294744385f,0.3965330714412393f,-8.629567568140568e-7f,0.000009875265202857827f,0.0000013169824634725576f,0.5253348970041416f,0f,0f,0f,1f], start_interpolation: 0, interpolation_duration: 1 }
$data merge entity $(bone_fire_large_right) { transformation: [0.00002533765262427237f,0.0000032354443663919397f,-0.00000765809182204011f,-1.1239602334835852f,-0.000007988671118256205f,0.0000026760642089594176f,-0.000025300808785985025f,0.3792650061554603f,-0.0000023012180181708178f,0.000026334040540954205f,0.0000035119532359268204f,0.4186552200575507f,0f,0f,0f,1f], start_interpolation: 0, interpolation_duration: 1 }
$data merge entity $(bone_finger_right_0) { transformation: [1.3896748343431764f,0.1774519400264057f,-0.42001749893688267f,-0.9180017734570263f,-0.43814852849667324f,0.14677204480713718f,-1.3876540885531938f,1.0559209010452808f,-0.1262131427725697f,1.444322959549926f,0.19261741029168203f,0.36249185136878914f,0f,0f,0f,1f], start_interpolation: 0, interpolation_duration: 1 }
$data merge entity $(bone_wing_right_1_model) { transformation: [-0.4423602482870194f,-0.6206184785484942f,0.6709151942395095f,-0.6333194643579837f,0.8093256519198888f,-0.6122870767219946f,-0.03276595589207292f,1.3720770261939692f,0.42460155784185855f,0.5204943062178745f,0.7614304152809233f,0.08990213988341535f,0f,0f,0f,1f], start_interpolation: 0, interpolation_duration: 1 }
$data merge entity $(bone_wing_right_0) { transformation: [-0.6615571771093816f,0.11340897969682352f,-0.7412695223325936f,-0.25905789352725406f,-0.3455134394042402f,-0.9234197663957926f,0.16708201046370028f,1.2464761425968334f,-0.6655543288163018f,0.3666528853747983f,0.6500793005781802f,-0.1604940262860809f,0f,0f,0f,1f], start_interpolation: 0, interpolation_duration: 1 }
$data merge entity $(bone_finger_left_1_fire) { transformation: [1.0593951368739594f,0.20032248305743022f,0.3792240391438126f,1.707448514935436f,1.1575845650348064f,0.06603957787700779f,-0.39419745756485947f,0.4082279057280095f,-0.561656208493026f,0.5139568583491942f,-0.09715692406357009f,-0.1381582959363987f,0f,0f,0f,1f], start_interpolation: 0, interpolation_duration: 1 }
$data merge entity $(bone_finger_left_1_fire_s) { transformation: [0.000006356370821243757f,0.000003605804695033747f,0.000006826032704588633f,1.707448514935436f,0.000006945507390208839f,0.0000011887124017861412f,-0.000007095554236167477f,0.4082279057280095f,-0.0000033699372509581564f,0.000009251223450285505f,-0.0000017488246331442632f,-0.1381582959363987f,0f,0f,0f,1f], start_interpolation: 0, interpolation_duration: 1 }
$data merge entity $(bone_finger_left_1) { transformation: [1.2637143205520187f,0.7168724352894559f,1.3570881126877359f,0.9872766766501154f,1.3808409545856792f,0.23632870507403725f,-1.4106718680619468f,1.140859328259643f,-0.669979471487825f,1.8392419016335613f,-0.3476849911984997f,0.011081931071209868f,0f,0f,0f,1f], start_interpolation: 0, interpolation_duration: 1 }
$data merge entity $(bone_finger_left_2_fire) { transformation: [1.1687678794163663f,-0.1484659859992668f,-0.3671784429695273f,0.15309462212145303f,-1.141368666127881f,0.0028490937139464306f,-0.40482949631011594f,0.5931363703196407f,0.33020749507515684f,0.5353426089663667f,-0.09967469711222171f,-0.00776541664593966f,0f,0f,0f,1f], start_interpolation: 0, interpolation_duration: 1 }
$data merge entity $(bone_finger_left_2_fire_s) { transformation: [0.000007012607276498198f,-0.000002672387747986805f,-0.000006609211973451497f,0.15309462212145303f,-0.000006848211996767286f,5.12836868510358e-8f,-0.000007286930933582094f,0.5931363703196407f,0.0000019812449704509413f,0.000009636166961394609f,-0.0000017941445480199927f,-0.00776541664593966f,0f,0f,0f,1f], start_interpolation: 0, interpolation_duration: 1 }
$data merge entity $(bone_finger_left_2) { transformation: [0.8712036680045373f,-0.33200119678441364f,-0.8210882895421087f,0.5075013343379593f,-0.8507801985220539f,0.006371173278611009f,-0.9052839703583933f,0.9836948756076851f,0.24613782255525465f,1.1971387632679842f,-0.22289360426667004f,0.08935778381322158f,0f,0f,0f,1f], start_interpolation: 0, interpolation_duration: 1 }
$data merge entity $(bone_finger_film_left) { transformation: [2.621625437382009f,0.01188808938119804f,0.04381965732596928f,0.8077345323094178f,0.1469277651315184f,-0.006331885596680385f,-0.848146835331262f,0.9973292634926688f,-0.2235531561852413f,0.13525099909024316f,-0.043558278852475346f,0.07066423867630293f,0f,0f,0f,1f], start_interpolation: 0, interpolation_duration: 1 }
$data merge entity $(bone_finger_left_0_fire) { transformation: [1.6290013402271197f,0.10171726196157081f,0.05870339653943649f,0.8950565810710751f,0.21851740646697065f,-0.07385381341266385f,-0.5457857179280761f,0.3045442369855845f,-0.27637393941356964f,0.5411480279665537f,-0.08552097198412634f,-0.0032932992307296155f,0f,0f,0f,1f], start_interpolation: 0, interpolation_duration: 1 }
$data merge entity $(bone_finger_left_0_fire_s) { transformation: [0.00000977400804136272f,0.000001830910715308276f,0.0000010566611377098578f,0.8950565810710751f,0.000001311104438801824f,-0.0000013293686414279505f,-0.000009824142922705378f,0.3045442369855845f,-0.0000016582436364814177f,0.000009740664503397977f,-0.0000015393774957142754f,-0.0032932992307296155f,0f,0f,0f,1f], start_interpolation: 0, interpolation_duration: 1 }
$data merge entity $(bone_fire_large_left) { transformation: [0.000026064021443633917f,0.000004882428574155402f,0.000002817763033892954f,0.8744605125016602f,0.000003496278503471531f,-0.0000035449830438078678f,-0.000026197714460547673f,0.3126662068662881f,-0.000004421983030617113f,0.000025975105342394605f,-0.000004105006655238068f,-0.10995050880145098f,0f,0f,0f,1f], start_interpolation: 0, interpolation_duration: 1 }
$data merge entity $(bone_finger_left_0) { transformation: [1.4295134288525717f,0.2677828218973243f,0.15454369177010405f,0.8085645489690932f,0.19175771024167382f,-0.1944289708760872f,-1.4368459873925243f,1.0040557764798206f,-0.24252911769949903f,1.424636715524289f,-0.2251441571241219f,0.03522041234963204f,0f,0f,0f,1f], start_interpolation: 0, interpolation_duration: 1 }
$data merge entity $(bone_wing_left_1_model) { transformation: [-0.7249060876009168f,0.6786350162213104f,-0.21199708007251838f,0.4869711395918879f,-0.6841936098508222f,-0.7481816450106963f,-0.05550147160417644f,1.3865879147839213f,-0.19330636678669713f,0.10322705008489727f,0.9914403198036364f,-0.039282645307840564f,0f,0f,0f,1f], start_interpolation: 0, interpolation_duration: 1 }
$data merge entity $(bone_wing_left_0) { transformation: [-0.567107076377631f,-0.012911475539511531f,0.823542869389207f,0.08500631716796414f,0.391422469510152f,-0.8839769319672272f,0.2556819002439985f,1.224477346296723f,0.7246916684252618f,0.4673521986138509f,0.5063634151138977f,-0.21446916425797735f,0f,0f,0f,1f], start_interpolation: 0, interpolation_duration: 1 }
$data merge entity $(bone_body_0) { transformation: [-0.9859526836627271f,-0.01545931119546203f,0.16630789300459578f,-0.018012319542928944f,0.06303989655191744f,-0.9565066033296437f,0.28481764206156723f,1.6278424404698122f,0.15467151328214823f,0.29130075091586927f,0.9440448058725074f,0.09252679673501463f,0f,0f,0f,1f], start_interpolation: 0, interpolation_duration: 1 }
$data merge entity $(bone_leg_right_3) { transformation: [-0.9996293120435557f,0.026042210572077687f,-0.007939884876227252f,-0.2553458345045976f,-0.025285036192556898f,-0.7798871930506525f,0.6254091725105377f,2.187164099406198f,0.010094822834962082f,0.625378101138898f,0.7802565764976522f,-0.22717380545042934f,0f,0f,0f,1f], start_interpolation: 0, interpolation_duration: 1 }
$data merge entity $(bone_leg_right_2) { transformation: [-0.9156479572195155f,0.38658980011134836f,0.11016871102811536f,-0.18426104606089722f,0.06340836796729712f,-0.13172948719942013f,0.9892556398999712f,2.1572653018771053f,0.3969486078971085f,0.9127955240096464f,0.09610480756185921f,-0.07417043404396564f,0f,0f,0f,1f], start_interpolation: 0, interpolation_duration: 1 }
$data merge entity $(bone_leg_right_1) { transformation: [-0.943474073825981f,0.2780759150101807f,0.1803620179235593f,-0.2505607129742009f,0.09053278490244836f,-0.307265035116942f,0.9473077710292422f,1.8583478055248095f,0.31884241699625615f,0.9100889976732136f,0.2647216074258962f,-0.17081749789909018f,0f,0f,0f,1f], start_interpolation: 0, interpolation_duration: 1 }
$data merge entity $(bone_leg_right_0) { transformation: [-0.935163011119912f,0.3524210247285595f,-0.03563094108231697f,-0.10347628461644005f,0.1139856440452765f,0.3946449340480641f,0.9117360632232239f,1.9216264268011687f,0.3353765280766126f,0.8485604264632371f,-0.40922828232638775f,0.14449433420161872f,0f,0f,0f,1f], start_interpolation: 0, interpolation_duration: 1 }
$data merge entity $(bone_leg_left_3) { transformation: [-0.9710378623395782f,-0.20015218170811527f,0.13047825129293966f,0.2918801274994255f,0.2074801268411482f,-0.4355895252818146f,0.8759073937527553f,2.10790965521542f,-0.11847981629359028f,0.8776108873653772f,0.4645015215354969f,-0.2956899684338235f,0f,0f,0f,1f], start_interpolation: 0, interpolation_duration: 1 }
$data merge entity $(bone_leg_left_2) { transformation: [-0.8966581287714069f,-0.43161455806648263f,0.09855492566702928f,0.21174138413340882f,-0.025819694547324162f,0.273212643182558f,0.9616070897090365f,2.1477179841953262f,-0.4419700707985118f,0.8596881555949661f,-0.25612249344421756f,-0.14957324913360492f,0f,0f,0f,1f], start_interpolation: 0, interpolation_duration: 1 }
$data merge entity $(bone_leg_left_1) { transformation: [-0.9317107318617398f,-0.3615041473016962f,-0.03506941141984826f,0.2326029764657192f,-0.028070216991413943f,-0.024596277034938552f,0.9993033003418308f,1.8277210745391879f,-0.3621148644445791f,0.9320460153016554f,0.012769115419241917f,-0.1655338940465757f,0f,0f,0f,1f], start_interpolation: 0, interpolation_duration: 1 }
$data merge entity $(bone_leg_left_0) { transformation: [-0.9317107318617398f,-0.3339829722188702f,0.14272521291457374f,0.08375144934684912f,-0.028070216991413943f,0.45800427641874536f,0.8885066942348809f,1.9167100534458887f,-0.3621148644445791f,0.823824894652978f,-0.43610247407953695f,0.14266044228392027f,0f,0f,0f,1f], start_interpolation: 0, interpolation_duration: 1 }
$data merge entity $(bone_tail_3) { transformation: [-2.4211554667545627f,0.013094007355661076f,-0.31991010863974356f,-0.030255325032436105f,-0.10930920237796896f,2.259774397953558f,0.9197711092783635f,3.1809450656183973f,0.30094090601647167f,0.9261511443382386f,-2.2396844317360824f,-0.23764367205155407f,0f,0f,0f,1f], start_interpolation: 0, interpolation_duration: 1 }
$data merge entity $(bone_tail_2) { transformation: [-1.1526537986972132f,0.03919833605490204f,-0.08226039933899601f,0.0032351305944588837f,-0.021263324262949367f,0.8992807845685754f,0.7264681713929493f,2.8788867833760725f,0.08860673727303581f,0.725721450321164f,-0.8957629625931026f,0.1255356830086818f,0f,0f,0f,1f], start_interpolation: 0, interpolation_duration: 1 }
$data merge entity $(bone_tail_1) { transformation: [-1.385208551887199f,0.022873720561851354f,-0.0073075963219816015f,0.005309614897181377f,-0.0021460543429915446f,0.3019997803308155f,1.3520986899663328f,2.4724717613553646f,0.02391657389977978f,1.351906899851308f,-0.30191898235304576f,0.20921843297985693f,0f,0f,0f,1f], start_interpolation: 0, interpolation_duration: 1 }
$data merge entity $(bone_tail_0) { transformation: [-1.1974464824813336f,0.0006613107414589568f,0.033553308912276855f,-0.00464449499422577f,0.03144349320597498f,-0.39647545358418707f,1.1299658675013138f,2.1305646915589924f,0.011728964398669288f,1.1304030775131026f,0.39630247793928614f,0.10957099525605503f,0f,0f,0f,1f], start_interpolation: 0, interpolation_duration: 1 }
$data merge entity $(bone_body_1) { transformation: [-1.0204326546362665f,0.009692183280863884f,0.026906381764855776f,-0.012130737304687516f,0.02679532464509172f,-0.011644012225324817f,1.0204151713890306f,1.8395746753687543f,0.009995117487561654f,1.0207209084793896f,0.011385036840661103f,0.12537529554363996f,0f,0f,0f,1f], start_interpolation: 0, interpolation_duration: 1 }
data modify entity @s data merge value {"locators":{"body_1":{"posx":-0.011448408118415793,"posy":1.9410599966338313,"posz":-0.07702964363228226,"roty":112.93493177007903,"rotx":88.35998700924355},"body_0":{"posx":-0.04657433531360057,"posy":1.7166167089743063,"posz":-0.12572358490654398,"roty":170.00898709499694,"rotx":16.547948487519324},"neck_1":{"posx":-0.08106990671495062,"posy":1.6552415202322746,"posz":-0.3238627364695465,"roty":172.63095909532845,"rotx":-23.03545229266735},"neck_0":{"posx":-0.11343761606115296,"posy":1.7734389950588307,"posz":-0.5786755808864659,"roty":172.97182959576807,"rotx":-27.339348487120546},"pos_head":{"posx":-0.14611087348849014,"posy":1.908769644329961,"posz":-0.804311218849136,"roty":183.89652365699942,"rotx":-63.13975719477032},"head_0":{"posx":-0.07883501480578001,"posy":1.9955181365471732,"posz":-0.5587213562880069,"roty":183.89652365699942,"rotx":-63.13975719477032},"arm_right_0":{"posx":-0.1724188724465308,"posy":2.1252578640464064,"posz":0.04650790455702362,"roty":165.03573890224555,"rotx":-9.701867715029286},"arm_left_0":{"posx":0.44138060679670676,"posy":1.8923493881862443,"posz":-0.10270058318663584,"roty":187.8130343111495,"rotx":19.27135663988855},"pos_wing_r_0":{"posx":-0.4430092984681192,"posy":1.6819972052799825,"posz":0.22570240877346665,"roty":255.53764969319647,"rotx":-34.732679124710856},"pos_wing_r_1":{"posx":-0.9403701565425653,"posy":1.3259044880886954,"posz":0.3539800514816832,"roty":255.53764969319647,"rotx":-34.732679124710856},"pos_wing_r_2":{"posx":-1.4377310146170115,"posy":0.9698117708974083,"posz":0.4822576941898998,"roty":255.53764969319647,"rotx":-34.732679124710856},"pos_wing_r_3":{"posx":-1.9350918726914574,"posy":0.6137190537061213,"posz":0.6105353368981163,"roty":255.53764969319647,"rotx":-34.732679124710856},"pos_wing_r_4":{"posx":-2.4324527307659034,"posy":0.25762633651483413,"posz":0.7388129796063329,"roty":255.53764969319647,"rotx":-34.732679124710856},"pos_wing_r_5":{"posx":-2.92981358884035,"posy":-0.09846638067645319,"posz":0.8670906223145495,"roty":255.53764969319647,"rotx":-34.732679124710856},"finger_right_0":{"posx":-0.9896686854496668,"posy":1.2306495546037632,"posz":0.15336785838031847,"roty":255.53764969319647,"rotx":-34.732679124710856},"finger_right_1":{"posx":-1.3741298944923457,"posy":0.7939656785517937,"posz":0.3167442056125153,"roty":255.53764969319647,"rotx":-34.732679124710856},"finger_right_2":{"posx":-1.8665318315119501,"posy":0.4088056045798097,"posz":0.4567188577658271,"roty":255.53764969319647,"rotx":-34.732679124710856},"finger_right_3":{"posx":-2.3949626481061506,"posy":-0.004536925505806588,"posz":0.6069355765564173,"roty":255.53764969319647,"rotx":-34.732679124710856},"pos_wing_l_0":{"posx":0.4574634812833408,"posy":1.705139887376859,"posz":0.18188278429091376,"roty":75.62994857070684,"rotx":-45.19875487726431},"pos_wing_l_1":{"posx":0.8840905253201303,"posy":1.2616677476163916,"posz":0.07258124471939734,"roty":75.62994857070684,"rotx":-45.19875487726431},"pos_wing_l_2":{"posx":1.31071756935692,"posy":0.8181956078559244,"posz":-0.036720294852119105,"roty":75.62994857070684,"rotx":-45.19875487726431},"pos_wing_l_3":{"posx":1.7373446133937094,"posy":0.3747234680954572,"posz":-0.14602183442363553,"roty":75.62994857070684,"rotx":-45.19875487726431},"pos_wing_l_4":{"posx":2.163971657430499,"posy":-0.06874867166500986,"posz":-0.255323373995152,"roty":75.62994857070684,"rotx":-45.19875487726431},"pos_wing_l_5":{"posx":2.5905987014672887,"posy":-0.5122208114254774,"posz":-0.36462491356666843,"roty":75.62994857070684,"rotx":-45.19875487726431},"finger_left_0":{"posx":0.8541981425355727,"posy":1.2134604856010585,"posz":-0.14771765375040655,"roty":75.62994857070684,"rotx":-45.19875487726431},"finger_left_1":{"posx":1.1678548440664276,"posy":0.6999942709025236,"posz":-0.2039935779561241,"roty":75.62994857070684,"rotx":-45.19875487726431},"finger_left_2":{"posx":1.586969519122588,"posy":0.22645936077079637,"posz":-0.3065042186102,"roty":75.62994857070684,"rotx":-45.19875487726431},"finger_left_3":{"posx":2.0367506275013927,"posy":-0.28172438611020095,"posz":-0.4165154528534695,"roty":75.62994857070684,"rotx":-45.19875487726431},"leg_right_0":{"posx":-0.3000962500029314,"posy":1.8055410964600653,"posz":-0.28946651442621907,"roty":355.02388487786936,"rotx":65.74637596346321},"leg_left_0":{"posx":0.27980705440827713,"posy":1.76601427637333,"posz":-0.28078992711877165,"roty":18.12195125090858,"rotx":62.68619445508872},"tail_0":{"posx":0.0003006621626024486,"posy":2.361589739556262,"posz":-0.004904029026838244,"roty":175.160542400653,"rotx":70.60917818894198},"tail_1":{"posx":0.000987223288829206,"posy":2.669670599757072,"posz":-0.02343254872957814,"roty":358.6134932872485,"rotx":77.40897853994267},"tail_2":{"posx":-0.02212888821081265,"posy":2.883675982054957,"posz":-0.20326660943867642,"roty":354.7530860277109,"rotx":38.924574786824735},"tail_3":{"posx":-0.059119462503760545,"posy":3.0493568229428094,"posz":-0.5176600088018233,"roty":351.8710210597072,"rotx":22.123888588795136},"tail_4":{"posx":-0.116427919833598,"posy":3.2141239307826392,"posz":-0.918875400944961,"roty":351.8710210597072,"rotx":22.123888588795136},"shadow":{"posx":-0.012130737304687486,"posy":2.0291190852957097,"posz":-0.12067464294425212,"roty":180,"rotx":38.860000000000035}},"cameras":{}}