# This file was generated by Animated Java via MC-Build. It is not recommended to edit this file directly.
$data merge entity $(bone_head_lower) { transformation: [-0.9999999692216034f,0.00012724787040668925f,-0.00021299007407335574f,-0.0001664467329589217f,0.0001734709362527992f,0.9723470205211838f,-0.23354066367853535f,0.6714192357024904f,0.00017738271181935524f,-0.2335406934381157f,-0.9723470126677088f,1.0689809763848825f,0f,0f,0f,1f], start_interpolation: 0, interpolation_duration: 1 }
$data merge entity $(bone_head_upper) { transformation: [-0.9999999692216034f,0.00007660529319283594f,-0.00023598394274113396f,0.00021829336661057495f,0.0001734709362527992f,0.8958924154773328f,-0.4442710319141059f,0.6761115685142032f,0.00017738271181935524f,-0.4442710591765113f,-0.8958924011919926f,1.0488330397478338f,0f,0f,0f,1f], start_interpolation: 0, interpolation_duration: 1 }
$data merge entity $(bone_neck_0) { transformation: [-0.9999999692216034f,0.00010545233252587029f,-0.00022458093806390698f,0.0001749577362478227f,0.0001734709362527992f,0.9443261750875634f,-0.3290107064402718f,0.5982973625055732f,0.00017738271181935524f,-0.3290107352721153f,-0.9443261643156328f,0.8771019530684951f,0f,0f,0f,1f], start_interpolation: 0, interpolation_duration: 1 }
$data merge entity $(bone_neck_1) { transformation: [-0.9999999692216034f,0.00018336865589829336f,-0.00016713087150752382f,0.00014725758650180394f,0.0001734709362527992f,0.9983505716034958f,0.057411724297458944f,0.6162663148168326f,0.00017738271181935524f,0.057411693538069464f,-0.9983505726849984f,0.7033689011927713f,0f,0f,0f,1f], start_interpolation: 0, interpolation_duration: 1 }
$data merge entity $(bone_neck_2) { transformation: [-0.9999999692216034f,0.0002259430188956695f,-0.0001025014360344395f,0.0001562293758409898f,0.0001734709362527992f,0.932090943687146f,0.3622242987490486f,0.8311318047334395f,0.00017738271181935524f,0.3622242698193455f,-0.9320909541934282f,0.5438204967799265f,0f,0f,0f,1f], start_interpolation: 0, interpolation_duration: 1 }
$data merge entity $(bone_arm_right_2) { transformation: [-0.9842964986906159f,0.06748276015225313f,-0.16311492803427868f,-0.36093469712215426f,0.05122893141513796f,0.9934767867748073f,0.10187968750279625f,0.3096303326813481f,0.168926017094637f,0.09192361623564338f,-0.9813327924443904f,0.5262419339437804f,0f,0f,0f,1f], start_interpolation: 0, interpolation_duration: 1 }
$data merge entity $(bone_arm_right_1) { transformation: [-0.9227112955399543f,-0.36969519748685725f,-0.10922145411105115f,-0.34002456768871325f,-0.1388188507840571f,0.5829820351804059f,-0.8005381148476979f,0.5105100867485386f,0.3596292420674002f,-0.7235035643395722f,-0.5892447714133422f,0.2461459239638921f,0f,0f,0f,1f], start_interpolation: 0, interpolation_duration: 1 }
$data merge entity $(bone_arm_right_0) { transformation: [-0.8610284416333928f,0.5073238692365634f,0.0353908801983399f,-0.15926153095204382f,0.3446391846530603f,0.5309137837180042f,0.7741798154562713f,0.6853828143070163f,0.37397039334691307f,0.678787924142051f,-0.6319755524851262f,0.44532043859823f,0f,0f,0f,1f], start_interpolation: 0, interpolation_duration: 1 }
$data merge entity $(bone_arm_left_2) { transformation: [-0.9502719486455378f,-0.00017951713752693225f,0.3114212442833816f,0.34151895486944345f,-0.03209434915014843f,0.9947316714632104f,-0.09735940910172294f,0.21292119643732343f,-0.3097630971727275f,-0.10251277755287666f,-0.9452713653064682f,0.27645826005406543f,0f,0f,0f,1f], start_interpolation: 0, interpolation_duration: 1 }
$data merge entity $(bone_arm_left_1) { transformation: [-0.9675734475982088f,0.2520752733211857f,-0.016114592237026444f,0.2770280381059093f,0.24708205589215565f,0.9312971288633765f,-0.2676492395411164f,0.5395375700728204f,-0.05246028172838743f,-0.2629519240296249f,-0.9633816504844261f,0.18477211038101915f,0f,0f,0f,1f], start_interpolation: 0, interpolation_duration: 1 }
$data merge entity $(bone_arm_left_0) { transformation: [-0.9394860179824762f,-0.29780314420823395f,-0.1693496658252387f,0.15948845923734223f,-0.2909310090737468f,0.4325076686721432f,0.8534027563226636f,0.6853275204460858f,-0.180900994952382f,0.8510290264376873f,-0.4929750766375117f,0.4452638978588376f,0f,0f,0f,1f], start_interpolation: 0, interpolation_duration: 1 }
$data merge entity $(bone_finger_right_1_fire) { transformation: [0.11627590928450851f,-0.000012519709936341332f,-0.000007994515180729233f,-1.2898712969154964f,0.22686468441754354f,0.000005242567026153302f,0.000005730857002012006f,1.7093124320309971f,-0.027541740623324356f,-0.000009672131712499778f,0.00001345447073746705f,0.9691095272529648f,0f,0f,0f,1f], start_interpolation: 0, interpolation_duration: 1 }
$data merge entity $(bone_finger_right_1_fire_s) { transformation: [0.1813904184838333f,-0.300473038472192f,-0.19186836433750157f,-1.2898712969154964f,0.3539089076913679f,0.12582160862767924f,0.13754056804828815f,1.7093124320309971f,-0.04296511537238599f,-0.23213116109999465f,0.3229072976992091f,0.9691095272529648f,0f,0f,0f,1f], start_interpolation: 0, interpolation_duration: 1 }
$data merge entity $(bone_finger_right_1) { transformation: [0.9015587506429138f,-1.4934311273503866f,-0.9536369356545394f,-0.7666191686310551f,1.759021646934816f,0.6253669473085331f,0.683613300684805f,1.3409969403520268f,-0.21354808076485765f,-1.1537537723099334f,1.604935378177789f,0.15166238392665524f,0f,0f,0f,1f], start_interpolation: 0, interpolation_duration: 1 }
$data merge entity $(bone_finger_right_2_fire) { transformation: [0.1758085353354725f,0.000010057592402772427f,0.000006784806865598654f,-0.31844350857621123f,-0.18571271164578898f,0.000008493945480230412f,0.000007740397299511568f,1.6638617089314942f,0.018664598274203074f,-0.000010221325893265764f,0.000013108410400197913f,0.5709080677527028f,0f,0f,0f,1f], start_interpolation: 0, interpolation_duration: 1 }
$data merge entity $(bone_finger_right_2_fire_s) { transformation: [0.27426131512333707f,0.24138221766653822f,0.16283536477436766f,-0.31844350857621123f,-0.2897118301674308f,0.20385469152552985f,0.1857695351882776f,1.6638617089314942f,0.029116773307756794f,-0.24531182143837832f,0.3146018496047499f,0.5709080677527028f,0f,0f,0f,1f], start_interpolation: 0, interpolation_duration: 1 }
$data merge entity $(bone_finger_right_2) { transformation: [0.8518139341980765f,0.7496964578599975f,0.5057418784441264f,-0.5364293370274712f,-0.8998008841592019f,0.6331416689772927f,0.5769719238446469f,1.415485492026041f,0.09043226971795204f,-0.7619012095480925f,0.9771054991743924f,0.14857595524581835f,0f,0f,0f,1f], start_interpolation: 0, interpolation_duration: 1 }
$data merge entity $(bone_finger_film_right) { transformation: [1.3913605631983657f,-0.08251441319223742f,-0.09232791250483235f,-0.6582443724310613f,0.3109819017828737f,0.30223464460843763f,0.614550435110803f,1.4495794544013136f,-0.08213104352778425f,-0.2534704899869999f,0.7628375827150199f,0.18278246125492295f,0f,0f,0f,1f], start_interpolation: 0, interpolation_duration: 1 }
$data merge entity $(bone_finger_right_0_fire) { transformation: [0.2486396599704573f,-0.0000037622202166433836f,-0.000001557843594061423f,-0.7383302491014454f,0.06133477317328228f,0.000013321698925553153f,0.000009187810303536557f,1.8627258381705807f,-0.0127508698499646f,-0.000009282015651579859f,0.000013817924697306995f,0.7448222850236106f,0f,0f,0f,1f], start_interpolation: 0, interpolation_duration: 1 }
$data merge entity $(bone_finger_right_0_fire_s) { transformation: [0.38787786955391335f,-0.0902932851994412f,-0.037388246257474146f,-0.7383302491014454f,0.09568224615032035f,0.3197207742132757f,0.22050744728487734f,1.8627258381705807f,-0.019891356965944778f,-0.2227683756379166f,0.33163019273536787f,0.7448222850236106f,0f,0f,0f,1f], start_interpolation: 0, interpolation_duration: 1 }
$data merge entity $(bone_fire_large_right) { transformation: [0.000025858524636927555f,-0.000006019552346629414f,-0.000002492549750498276f,-0.7130314418290166f,0.000006378816410021357f,0.000021314718280885043f,0.000014700496485658488f,1.779590865519722f,-0.0000013260904643963185f,-0.000014851225042527772f,0.00002210867951569119f,0.810506921443441f,0f,0f,0f,1f], start_interpolation: 0, interpolation_duration: 1 }
$data merge entity $(bone_finger_right_0) { transformation: [1.4182427028286406f,-0.33014977883581803f,-0.13670696780717626f,-0.6573558744690955f,0.34985405985912743f,1.1690320344705183f,0.8062668756812893f,1.4183934039545427f,-0.07273106841273308f,-0.8145337694383475f,1.2125778184393605f,0.20233504089802662f,0f,0f,0f,1f], start_interpolation: 0, interpolation_duration: 1 }
$data merge entity $(bone_wing_right_1_model) { transformation: [-0.7399062326107413f,-0.5484014290401457f,0.42751809623961573f,-0.4062901190522678f,-0.2721177943336374f,0.8028450432296185f,0.5588996561194758f,1.0012383818949913f,-0.6398966760287286f,0.29269914969162114f,-0.7320085619847806f,0.06723678991694215f,0f,0f,0f,1f], start_interpolation: 0, interpolation_duration: 1 }
$data merge entity $(bone_wing_right_0) { transformation: [-0.901176678535047f,-0.02247191048665461f,-0.43286904174775565f,-0.17431409730479105f,-0.12068998510069041f,0.972171111446558f,0.2007915774258452f,0.9779306311937848f,0.4163106070723344f,0.2331916450215228f,-0.8788100677229526f,0.47244014380088384f,0f,0f,0f,1f], start_interpolation: 0, interpolation_duration: 1 }
$data merge entity $(bone_finger_left_1_fire) { transformation: [0.055479334797244366f,-0.028029127654839062f,-0.004737437629904476f,1.2246871888788378f,-0.1530099627990481f,-0.007501354902309388f,-0.003254610145668225f,1.621227560944423f,0.024682353762984287f,0.016499857615016263f,-0.009527368873394376f,1.069994806545087f,0f,0f,0f,1f], start_interpolation: 0, interpolation_duration: 1 }
$data merge entity $(bone_finger_left_1_fire_s) { transformation: [0.13480711360318443f,0.33589087340553647f,0.17030667422283818f,1.2246871888788378f,-0.3717930561506088f,0.08989350938385707f,0.1170003434560971f,1.621227560944423f,0.05997470733707999f,-0.1977282937101321f,0.3425004472206004f,1.069994806545087f,0f,0f,0f,1f], start_interpolation: 0, interpolation_duration: 1 }
$data merge entity $(bone_finger_left_1) { transformation: [0.6700273031714541f,1.669467211725091f,0.8464695860006317f,0.754213599924545f,-1.8479106338834992f,0.446794713240272f,0.5815229070683908f,1.3092558447812928f,0.29809028872057747f,-0.9827623472843457f,1.7023185561389762f,0.1987903680187654f,0f,0f,0f,1f], start_interpolation: 0, interpolation_duration: 1 }
$data merge entity $(bone_finger_left_2_fire) { transformation: [0.12618256282396245f,0.01578780965501111f,0.004833917183544466f,0.30273012190161563f,0.10571788891389586f,-0.01904648238565787f,-0.005695135764877243f,1.682895441800251f,0.0009553509082317499f,0.022408127963028f,-0.008246528568403508f,0.5695006930355748f,0f,0f,0f,1f], start_interpolation: 0, interpolation_duration: 1 }
$data merge entity $(bone_finger_left_2_fire_s) { transformation: [0.30660618306829f,-0.18919536988396124f,-0.17377502846716875f,0.30273012190161563f,0.2568798546844195f,0.22824611891613011f,0.20473507138991925f,1.682895441800251f,0.0023213706308407244f,-0.26853085709876034f,0.2964553761094566f,0.5695006930355748f,0f,0f,0f,1f], start_interpolation: 0, interpolation_duration: 1 }
$data merge entity $(bone_finger_left_2) { transformation: [0.9522721749197671f,-0.5876120453970803f,-0.5397188101334466f,0.5355222846091219f,0.7978297615052403f,0.7088977329229148f,0.6358759949449819f,1.4091213873032153f,0.007209824137607849f,-0.8340160030808991f,0.9207453122741888f,0.17146984517250896f,0f,0f,0f,1f], start_interpolation: 0, interpolation_duration: 1 }
$data merge entity $(bone_finger_film_left) { transformation: [1.3306874068017465f,0.14269446586219944f,0.07831845240545394f,0.6560133301766834f,-0.46488270218433103f,0.2895544895454486f,0.6047484624590155f,1.4295102388737675f,0.22911692857615068f,-0.2412430000573571f,0.7721809214757542f,0.21877300409287234f,0f,0f,0f,1f], start_interpolation: 0, interpolation_duration: 1 }
$data merge entity $(bone_finger_left_0_fire) { transformation: [0.15238584783801645f,-0.012437441481488436f,-0.0007257215660321001f,0.7211770950928461f,-0.05701831980697992f,-0.025554477875370515f,-0.006032181745128454f,1.8343311667765554f,0.025033746776496887f,0.017505037380400674f,-0.009321623879431121f,0.7887433065117806f,0f,0f,0f,1f], start_interpolation: 0, interpolation_duration: 1 }
$data merge entity $(bone_finger_left_0_fire_s) { transformation: [0.37027654307847624f,0.1490457760081648f,0.026089045593452792f,0.7211770950928461f,-0.13854663441393725f,0.3062355703210323f,0.21685157496020846f,1.8343311667765554f,0.060828543780236326f,-0.20977400249858424f,0.3351040974642056f,0.7887433065117806f,0f,0f,0f,1f], start_interpolation: 0, interpolation_duration: 1 }
$data merge entity $(bone_fire_large_left) { transformation: [0.000024685102871898417f,0.000009936385067210988f,0.000001739269706230186f,0.6797899241006355f,-0.000009236442294262483f,0.00002041570468806882f,0.000014456771664013897f,1.7549527822162154f,0.000004055236252015754f,-0.000013984933499905614f,0.000022340273164280373f,0.8508085861012915f,0f,0f,0f,1f], start_interpolation: 0, interpolation_duration: 1 }
$data merge entity $(bone_finger_left_0) { transformation: [1.3538849376831261f,0.5449733042365039f,0.0953923939492382f,0.6495315632823732f,-0.5065840788622828f,1.1197245242526088f,0.792899486990365f,1.398736878208606f,0.22241443792405266f,-0.7670209404546124f,1.2252798579696442f,0.23792109833476976f,0f,0f,0f,1f], start_interpolation: 0, interpolation_duration: 1 }
$data merge entity $(bone_wing_left_1_model) { transformation: [-0.76331788991663f,0.5429706064256768f,-0.39179816555568003f,0.4005533368698678f,0.2350695977649201f,0.7736384238778783f,0.614168508105252f,0.9951574060677412f,0.6269490937721358f,0.3710034941874876f,-0.7072964895719563f,0.0634581629311154f,0f,0f,0f,1f], start_interpolation: 0, interpolation_duration: 1 }
$data merge entity $(bone_wing_left_0) { transformation: [-0.9040023473146825f,0.05430322743140191f,0.4240647539469381f,0.1746521419545873f,0.14729717934972877f,0.9707312584243996f,0.1896954529591985f,0.9778700956916766f,-0.4013518369275983f,0.23394867686805826f,-0.8855420484576254f,0.4723782432211253f,0f,0f,0f,1f], start_interpolation: 0, interpolation_duration: 1 }
$data merge entity $(bone_body_0) { transformation: [-0.9999999692216034f,0.0001970737574328891f,-0.00015072732435790782f,0.000052507374729829026f,0.0001734709362527992f,0.9897037767241528f,0.14313072432494284f,0.7416083357829107f,0.00017738271181935524f,0.1431306937727987f,-0.9897037804492266f,0.0466340627765304f,0f,0f,0f,1f], start_interpolation: 0, interpolation_duration: 1 }
$data merge entity $(bone_leg_right_3) { transformation: [-0.9915832832643285f,-0.06702269700312008f,0.11077251661473594f,-0.2680537794313356f,-0.03249437300995681f,0.9570268817088088f,0.2881729748074988f,0.05997832419413354f,-0.1253264061298489f,0.28214802103353764f,-0.9511497180535955f,-0.1884502938399029f,0f,0f,0f,1f], start_interpolation: 0, interpolation_duration: 1 }
$data merge entity $(bone_leg_right_2) { transformation: [-0.8925236250991887f,0.36759905957055383f,0.2612900879150354f,-0.20142663180097203f,0.29829128540962985f,0.9156870582784965f,-0.26933161780590126f,0.21666634517674543f,-0.33826600137831364f,-0.16244427568898084f,-0.9269239287058074f,-0.20759981557570412f,0f,0f,0f,1f], start_interpolation: 0, interpolation_duration: 1 }
$data merge entity $(bone_leg_right_1) { transformation: [-0.9270752196527421f,0.3559581098509659f,0.11758129586438185f,-0.24864821049044286f,0.2304435311223912f,0.7885270589104146f,-0.5701937007104998f,0.38913952950845665f,-0.2956811053646532f,-0.5015166013178616f,-0.8130521401072122f,0.05906681826270832f,0f,0f,0f,1f], start_interpolation: 0, interpolation_duration: 1 }
$data merge entity $(bone_leg_right_0) { transformation: [-0.9270752196527421f,0.3631992986516575f,-0.09283214187318792f,-0.09367035298721896f,0.2304435311223912f,0.3568212476590146f,-0.9053034718716744f,0.5756817905771895f,-0.2956811053646532f,-0.8606769816127349f,-0.41449706543271053f,-0.19831113914185844f,0f,0f,0f,1f], start_interpolation: 0, interpolation_duration: 1 }
$data merge entity $(bone_leg_left_3) { transformation: [-0.9979236694850928f,-0.007935027107030077f,-0.06391701828322302f,0.2799805996881935f,-0.023092895943721214f,0.9704824765352045f,0.24006349346584988f,0.06822045486132153f,0.06012543586818836f,0.2410410713610992f,-0.9686506769102852f,-0.14691984449780168f,0f,0f,0f,1f], start_interpolation: 0, interpolation_duration: 1 }
$data merge entity $(bone_leg_left_2) { transformation: [-0.8922218979698301f,-0.41594521692293795f,-0.17586830670147502f,0.20448274774695926f,-0.29651314617077823f,0.833305353255088f,-0.46656418892186646f,0.21221461423049875f,0.3406171442118272f,-0.3641315212328402f,-0.8668265087741819f,-0.2009825240775179f,0f,0f,0f,1f], start_interpolation: 0, interpolation_duration: 1 }
$data merge entity $(bone_leg_left_1) { transformation: [-0.9270501585955446f,-0.3591335912171352f,-0.10770824995077766f,0.2485840242221879f,-0.23012189424719692f,0.7718015254789246f,-0.5927616038986385f,0.39216733728048314f,0.2960099951624226f,-0.5247337123988586f,-0.7981432288982061f,0.061238881018075536f,0f,0f,0f,1f], start_interpolation: 0, interpolation_duration: 1 }
$data merge entity $(bone_leg_left_0) { transformation: [-0.9270501585955446f,-0.362351585544027f,0.09632928890895655f,0.09363089124794885f,-0.23012189424719692f,0.34705056806395695f,-0.9091753499708218f,0.5756492992539907f,0.2960099951624226f,-0.8650186308168247f,-0.40511831741323207f,-0.1983443631455106f,0f,0f,0f,1f], start_interpolation: 0, interpolation_duration: 1 }
$data merge entity $(bone_tail_3) { transformation: [-2.442234091498615f,0.0005841288397323061f,-0.0001610883640974194f,-0.00033470981224921324f,0.0004236566474402415f,2.110305944710163f,1.2292747313233199f,0.055381948138011054f,0.0004332101193812165f,1.2292746655440654f,-2.1103059810877056f,-1.4652203810099065f,0f,0f,0f,1f], start_interpolation: 0, interpolation_duration: 1 }
$data merge entity $(bone_tail_2) { transformation: [-1.1562499644124788f,0.000199828258480233f,-0.00020582713187606243f,-0.0002514260967712096f,0.00020057577004229906f,1.1562423304183453f,-0.004206615993226465f,0.051262243941447475f,0.0002050987605411295f,-0.0042066515687786896f,-1.1562423294954551f,-0.9916772662543378f,0f,0f,0f,1f], start_interpolation: 0, interpolation_duration: 1 }
$data merge entity $(bone_tail_1) { transformation: [-1.385416624025763f,0.00015628239446425f,-0.000306148082369406f,-0.00016052265422287896f,0.0002403295262668989f,1.322613259122637f,-0.41239962331759394f,0.16817635596361755f,0.00024574896533306506f,-0.41239966373238907f,-1.3226132455251747f,-0.5935424167390201f,0f,0f,0f,1f], start_interpolation: 0, interpolation_duration: 1 }
$data merge entity $(bone_tail_0) { transformation: [-1.1979166297967125f,0.00003080717994728765f,-0.00029560984694525417f,-0.00007224056321490901f,0.00020780372571949904f,0.9386490821349198f,-0.7442729322652155f,0.40419590774698844f,0.00021248970686693597f,-0.7442729606374048f,-0.9386490585889566f,-0.3266643473746757f,0f,0f,0f,1f], start_interpolation: 0, interpolation_duration: 1 }
$data merge entity $(bone_body_1) { transformation: [-1.0208333019137201f,0.000004197683897007738f,-0.0002532405088549777f,1.5729647407600174e-17f,0.00017708491409139916f,0.7415699019108516f,-0.7015516685642672f,0.6179458346602574f,0.00018107818498225845f,-0.7015516909014998f,-0.7415698798146954f,-0.12844231837744374f,0f,0f,0f,1f], start_interpolation: 0, interpolation_duration: 1 }
data modify entity @s data merge value {"locators":{"body_1":{"posx":-0.000025446795184159902,"posy":0.4019149796400062,"posz":-0.06063255182510294,"roty":359.98043392512284,"rotx":-43.41157553819434},"body_0":{"posx":0.00005129145835104323,"posy":0.5685332612309882,"posz":0.2090375945960266,"roty":359.99127411691575,"rotx":8.229048521576548},"neck_1":{"posx":0.00010437103542098053,"posy":0.5141573271130613,"posz":0.5614519815231593,"roty":359.99369922041546,"rotx":21.23686081123406},"neck_0":{"posx":0.0001546936188895962,"posy":0.4647734037421714,"posz":0.8934418171657907,"roty":359.99040828569014,"rotx":3.2912592448229723},"pos_head":{"posx":0.0002519489530870087,"posy":0.7470088502767311,"posz":1.1657100870248975,"roty":359.98490791570373,"rotx":-26.37670902809986},"head_0":{"posx":0.00022410647810138743,"posy":0.4937541257690654,"posz":1.2564171231113719,"roty":359.98490791570373,"rotx":-26.37670902809986},"arm_right_0":{"posx":-0.30463819996938857,"posy":0.16927329831227214,"posz":0.5729201087081957,"roty":349.49892917760775,"rotx":-53.18151930471135},"arm_left_0":{"posx":0.2906989185095076,"posy":0.06868980936771243,"posz":0.2356798886270272,"roty":359.0416964803528,"rotx":-15.52443066731776},"finger_right_0":{"posx":-0.5805131814007023,"posy":1.2258868184580136,"posz":0.1693359173443797,"roty":210.71836818739052,"rotx":20.11169794664035},"finger_right_1":{"posx":-0.7999807329566789,"posy":1.5505236883176836,"posz":0.6293793459888994,"roty":210.71836818739052,"rotx":20.11169794664035},"finger_right_2":{"posx":-1.0943057894883943,"posy":1.7953178249716357,"posz":1.1430421197672327,"roty":210.71836818739052,"rotx":20.11169794664035},"finger_right_3":{"posx":-1.410166476260424,"posy":2.058023882920413,"posz":1.6942896062713593,"roty":210.71836818739052,"rotx":20.11169794664035},"finger_left_0":{"posx":0.5555379576853589,"posy":1.2158947973869727,"posz":0.19565405821444717,"roty":153.56136255272446,"rotx":17.007738251993125},"finger_left_1":{"posx":0.759400097789367,"posy":1.5165063683733282,"posz":0.6786322884884365,"roty":153.56136255272446,"rotx":17.007738251993125},"finger_left_2":{"posx":1.0224798884484976,"posy":1.7296847187610211,"posz":1.2224565873947404,"roty":153.56136255272446,"rotx":17.007738251993125},"finger_left_3":{"posx":1.3048091316239703,"posy":1.9584616763584066,"posz":1.806072505468135,"roty":153.56136255272446,"rotx":17.007738251993125},"leg_right_0":{"posx":-0.2998018879368341,"posy":0.3376993804363653,"posz":0.177629541835422,"roty":347.376163943123,"rotx":-64.86418667811279},"leg_left_0":{"posx":0.29962747716992,"posy":0.34207651760457214,"posz":0.1804252173540673,"roty":13.375437896450762,"rotx":-65.39163861512563},"tail_0":{"posx":-0.00012144983274581207,"posy":0.14768925458538557,"posz":-0.3532329948430087,"roty":359.98195577367545,"rotx":-38.4115756701926},"tail_1":{"posx":-0.0002350287933837178,"posy":-0.07997427087706861,"posz":-0.7708946230234988,"roty":359.986737625098,"rotx":-17.31782608494871},"tail_2":{"posx":-0.0003327989013518415,"posy":-0.15318878229182384,"posz":-1.2504763942343353,"roty":359.98980055863694,"rotx":-0.20845135061368336},"tail_3":{"posx":-0.00040318498887905563,"posy":-0.03550416095649605,"posz":-1.7623692719286925,"roty":359.9956263767168,"rotx":30.221235644081254},"tail_4":{"posx":-0.0004320422378089614,"posy":0.18470719399641175,"posz":-2.1404079052944684,"roty":359.9956263767168,"rotx":30.221235644081254},"shadow":{"posx":-1.6585995697744382e-18,"posy":0.34170737815626717,"posz":0.013543493282546615,"roty":0,"rotx":-13.671875000000002}},"cameras":{}}