# This file was generated by Animated Java via MC-Build. It is not recommended to edit this file directly.
$data merge entity $(bone_head_lower) { transformation: [0.10196290865008925f,0.990584003078736f,-0.09136136001680484f,0.24684431385854597f,-0.9132441455859064f,0.12962512335057752f,0.38624145032533186f,1.4973546908550037f,0.39444732957985906f,0.044052925451713285f,0.9178619961336586f,-0.8578437288906106f,0f,0f,0f,1f], start_interpolation: 0, interpolation_duration: 1 }
$data merge entity $(bone_head_upper) { transformation: [0.10196290865008925f,0.9941475288842538f,0.03569672356036699f,0.2604527344760098f,-0.9132441455859064f,0.07931619300803279f,0.3996174071280939f,1.5051321191461184f,0.39444732957985906f,-0.07334597698609124f,0.9159867203443914f,-0.8443371430760762f,0f,0f,0f,1f], start_interpolation: 0, interpolation_duration: 1 }
$data merge entity $(bone_neck_0) { transformation: [0.4740042689067393f,0.8655285583814263f,0.16180317575485853f,0.2761373080391205f,-0.6948181555508219f,0.2547895952753333f,0.6725399563270469f,1.6270901554481412f,0.5408767731888122f,-0.4312105944496287f,0.7221563123446727f,-0.7014146109116385f,0f,0f,0f,1f], start_interpolation: 0, interpolation_duration: 1 }
$data merge entity $(bone_neck_1) { transformation: [0.38484902735712617f,0.763397979186615f,0.5187627121488847f,0.37273051827899395f,-0.8457183036102148f,0.06655542117523724f,0.5294628663568841f,1.7199999575568765f,0.36966441143412077f,-0.642490390033952f,0.6712334330418038f,-0.589416496033812f,0f,0f,0f,1f], start_interpolation: 0, interpolation_duration: 1 }
$data merge entity $(bone_neck_2) { transformation: [0.38484902735712617f,0.9216082878690333f,0.05029304000936252f,0.5154365375995845f,-0.8457183036102148f,0.330286141281967f,0.4191319789943611f,1.8620112145620629f,0.36966441143412077f,-0.20383627893036627f,0.9065312980316165f,-0.41309103808244485f,0f,0f,0f,1f], start_interpolation: 0, interpolation_duration: 1 }
$data merge entity $(bone_arm_right_2) { transformation: [0.32996271035862335f,0.8066287328718218f,0.49038219490351664f,-0.04936131635042712f,-0.8225524620065514f,-0.00920731268020114f,0.5686146961169491f,1.2002474455262915f,0.46317605402239076f,-0.5909867280225575f,0.6604563803018632f,-0.36510351386914713f,0f,0f,0f,1f], start_interpolation: 0, interpolation_duration: 1 }
$data merge entity $(bone_arm_right_1) { transformation: [0.07841763017327347f,0.8804983440429046f,-0.46751827923163664f,0.21286986249429052f,-0.914822670809768f,0.24991863411698068f,0.3172383288532239f,1.4141598102016169f,0.3961693529924939f,0.40281924291027305f,0.8250978737645028f,-0.29640130870517717f,0f,0f,0f,1f], start_interpolation: 0, interpolation_duration: 1 }
$data merge entity $(bone_arm_right_0) { transformation: [0.6072364655050219f,0.696343492025569f,-0.38258282250331743f,0.4167521044984806f,-0.46590541175736916f,0.7021291076506698f,0.5384671424375596f,1.6569595929235885f,0.6435806260727284f,-0.1487294769146683f,0.7507885990347246f,-0.345457709707864f,0f,0f,0f,1f], start_interpolation: 0, interpolation_duration: 1 }
$data merge entity $(bone_arm_left_2) { transformation: [-0.09820065600926162f,0.9605256754531036f,0.2602826501223432f,-0.16115430180646048f,-0.8860220804018466f,-0.20347591999146947f,0.4166082368652943f,1.963919849907763f,0.4531241598058251f,-0.18970497299487052f,0.871028426069598f,-0.7816303269793968f,0f,0f,0f,1f], start_interpolation: 0, interpolation_duration: 1 }
$data merge entity $(bone_arm_left_1) { transformation: [0.2755676661638345f,0.3421125980679721f,-0.8983437157392486f,-0.015396944700469983f,-0.8274362437274093f,0.5600960489607203f,-0.04051763202442071f,2.016220673988645f,0.48929717343480905f,0.7544874990228619f,0.43742072411687805f,-0.47298311645642876f,0f,0f,0f,1f], start_interpolation: 0, interpolation_duration: 1 }
$data merge entity $(bone_arm_left_0) { transformation: [-0.20402754933300773f,0.9684591285193869f,0.14303732205489972f,0.29227641567909357f,-0.8775844574295948f,-0.24568672807650221f,0.41168380065903387f,1.9258805315412997f,0.4338413064602901f,-0.041532493719170116f,0.9000315398775179f,-0.4628838318694532f,0f,0f,0f,1f], start_interpolation: 0, interpolation_duration: 1 }
$data merge entity $(bone_finger_right_1_fire) { transformation: [0.7339834240053865f,1.216867700465323f,-0.8707922316071409f,0.5245918930350797f,-0.8572254957123003f,-0.4530277680889241f,-1.3556209162663984f,0.31087573365637367f,-1.2264626209403648f,1.0448811505058286f,0.4263690872137478f,0.4796231876466676f,0f,0f,0f,1f], start_interpolation: 0, interpolation_duration: 1 }
$data merge entity $(bone_finger_right_1_fire_s) { transformation: [0.000004403900544032319f,0.0000073012062027919385f,-0.000005224753389642846f,0.5245918930350797f,-0.000005143352974273802f,-0.0000027181666085335444f,-0.00000813372549759839f,0.31087573365637367f,-0.0000073587757256421896f,0.000006269286903034972f,0.000002558214523282487f,0.4796231876466676f,0f,0f,0f,1f], start_interpolation: 0, interpolation_duration: 1 }
$data merge entity $(bone_finger_right_1) { transformation: [0.8755424030927613f,1.451557672647867f,-1.0387367045638205f,1.0411224623572777f,-1.0225534337173574f,-0.5404005155536263f,-1.617071388661201f,1.1645675274229819f,-1.4630031078654073f,1.2464011087169848f,0.50860033485014f,0.19313511545429396f,0f,0f,0f,1f], start_interpolation: 0, interpolation_duration: 1 }
$data merge entity $(bone_finger_right_2_fire) { transformation: [-0.9835616258273516f,0.869648206711076f,-1.0266919219229516f,0.7043046985270396f,1.2915146639717434f,0.25355914474007335f,-1.0224849195183354f,0.8677529015583101f,-0.37732503060834766f,-1.3989987614221355f,-0.8235326736648139f,-0.24343117436916606f,0f,0f,0f,1f], start_interpolation: 0, interpolation_duration: 1 }
$data merge entity $(bone_finger_right_2_fire_s) { transformation: [-0.00000590136975496411f,0.000005217889240266456f,-0.00000616015153153771f,0.7043046985270396f,0.000007749087983830462f,0.00000152135486844044f,-0.000006134909517110013f,0.8677529015583101f,-0.000002263950183650086f,-0.000008393992568532813f,-0.000004941196041988884f,-0.24343117436916606f,0f,0f,0f,1f], start_interpolation: 0, interpolation_duration: 1 }
$data merge entity $(bone_finger_right_2) { transformation: [-0.7331502783573982f,0.6482388170511594f,-0.7652997520230946f,1.0352909511423196f,0.9626995508258613f,0.18900387394625723f,-0.7621638377061855f,1.1966349046297569f,-0.2812593984530694f,-1.0428185732597246f,-0.6138641373141099f,0.020874914133883482f,0f,0f,0f,1f], start_interpolation: 0, interpolation_duration: 1 }
$data merge entity $(bone_finger_film_right) { transformation: [-0.09064232700128501f,0.4162170381814617f,-0.4675186503659477f,1.036052673513754f,0.23111772199675132f,-0.2050420074603461f,-0.8913076112676089f,1.1078137328628f,-1.0848316361737544f,-0.07845984548941907f,-0.15082525331392466f,0.06853948103144797f,0f,0f,0f,1f], start_interpolation: 0, interpolation_duration: 1 }
$data merge entity $(bone_finger_right_0_fire) { transformation: [-0.13979831678887333f,1.4059311133373857f,-0.8840768704986434f,0.693132234318447f,0.3349779026753378f,-0.8450995677418668f,-1.3969159971521272f,0.5016174463710878f,-1.6266603865343274f,-0.29485963258843795f,-0.21168741513746542f,-0.019875149535445835f,0f,0f,0f,1f], start_interpolation: 0, interpolation_duration: 1 }
$data merge entity $(bone_finger_right_0_fire_s) { transformation: [-8.387899007332401e-7f,0.000008435586680024314f,-0.00000530446122299186f,0.693132234318447f,0.000002009867416052027f,-0.000005070597406451201f,-0.000008381495982912764f,0.5016174463710878f,-0.000009759962319205964f,-0.0000017691577955306276f,-0.0000012701244908247926f,-0.019875149535445835f,0f,0f,0f,1f], start_interpolation: 0, interpolation_duration: 1 }
$data merge entity $(bone_fire_large_right) { transformation: [-0.0000022367730686219734f,0.00002249489781339817f,-0.000014145229927978293f,0.5979641321357025f,0.000005359646442805405f,-0.000013521593083869869f,-0.000022350655954434034f,0.5517838736897555f,-0.000026026566184549237f,-0.000004717754121415007f,-0.000003386998642199447f,-0.002778755597324295f,0f,0f,0f,1f], start_interpolation: 0, interpolation_duration: 1 }
$data merge entity $(bone_finger_right_0) { transformation: [-0.12267857996532872f,1.233760437715311f,-0.7758125959181619f,1.0055634041902732f,0.29395642496924024f,-0.7416084634013058f,-1.2258493149118785f,1.1262323016618512f,-1.427459148934237f,-0.25875104826674966f,-0.18576412135787762f,0.08270953804044354f,0f,0f,0f,1f], start_interpolation: 0, interpolation_duration: 1 }
$data merge entity $(bone_wing_right_1_model) { transformation: [-0.5514124809275287f,0.7864849348246136f,0.3291850637758515f,0.5986867175577127f,-0.6555966492949005f,-0.6417591037377428f,0.4351038602964463f,1.4246366489196987f,0.5450820051629734f,0.02374411728182798f,0.8563287380345583f,0.05606238428618872f,0f,0f,0f,1f], start_interpolation: 0, interpolation_duration: 1 }
$data merge entity $(bone_wing_right_0) { transformation: [0.12832810950167778f,0.9910843024976473f,0.03583017798556665f,0.6433681653745013f,-0.6640371809288855f,0.11270358075068208f,-0.7391566310532522f,1.797970490543072f,-0.7366047234818308f,0.07106200270697699f,0.6725798637452132f,-0.22173474888457873f,0f,0f,0f,1f], start_interpolation: 0, interpolation_duration: 1 }
$data merge entity $(bone_finger_left_1_fire) { transformation: [-1.381875585556817f,-0.009776073801352597f,-0.9317199537419024f,-0.10125185903472955f,-0.47057994039745166f,1.4457382557655258f,0.6827687700015045f,3.3623709872766314f,0.8042090297399761f,0.8291701284868297f,-1.2014584937847823f,-1.0539643276894117f,0f,0f,0f,1f], start_interpolation: 0, interpolation_duration: 1 }
$data merge entity $(bone_finger_left_1_fire_s) { transformation: [-0.000008291253513340902f,-5.865644280811558e-8f,-0.000005590319722451415f,-0.10125185903472955f,-0.00000282347964238471f,0.000008674429534593154f,0.000004096612620009027f,3.3623709872766314f,0.000004825254178439857f,0.0000049750207709209785f,-0.000007208750962708694f,-1.0539643276894117f,0f,0f,0f,1f], start_interpolation: 0, interpolation_duration: 1 }
$data merge entity $(bone_finger_left_1) { transformation: [-1.6483896384896468f,-0.011661526498976664f,-1.1114151909003807f,0.4783112219126259f,-0.5613378700222658f,1.7245691187254881f,0.8144502860590747f,2.9071618898062805f,0.9593120000517469f,0.9890871961473137f,-1.4331765847300904f,-0.3228280640009641f,0f,0f,0f,1f], start_interpolation: 0, interpolation_duration: 1 }
$data merge entity $(bone_finger_left_2_fire) { transformation: [0.3180862197356893f,1.634189443735056f,-0.07761312116482219f,0.5799356209196681f,1.6234691094336489f,-0.3250677794621415f,-0.19093655293852801f,2.7435814887204413f,-0.2023536145136865f,-0.039160931018543954f,-1.653873397196044f,-0.918688104174881f,0f,0f,0f,1f], start_interpolation: 0, interpolation_duration: 1 }
$data merge entity $(bone_finger_left_2_fire_s) { transformation: [0.000001908517318414136f,0.000009805136662410336f,-4.6567872698893316e-7f,0.5799356209196681f,0.000009740814656601894f,-0.000001950406676772849f,-0.000001145619317631168f,2.7435814887204413f,-0.000001214121687082119f,-2.3496558611126375e-7f,-0.000009923240383176265f,-0.918688104174881f,0f,0f,0f,1f], start_interpolation: 0, interpolation_duration: 1 }
$data merge entity $(bone_finger_left_2) { transformation: [0.23710258149275185f,1.2181305310231636f,-0.05785309216218253f,0.6058314721834054f,1.2101395563137247f,-0.24230666054830835f,-0.14232477483831404f,2.805147487110697f,-0.15083509249615268f,-0.029190695044481227f,-1.2328030188268213f,-0.38660539207655287f,0f,0f,0f,1f], start_interpolation: 0, interpolation_duration: 1 }
$data merge entity $(bone_finger_film_left) { transformation: [-0.7687416682671249f,0.32502363298754616f,-0.21771472197589106f,0.5676040543407725f,0.6925942847918259f,0.3381283844066359f,0.3159296240592363f,2.8900119290309543f,0.4096834337048271f,0.038257400699416654f,-0.9426239843423929f,-0.42531434110913313f,0f,0f,0f,1f], start_interpolation: 0, interpolation_duration: 1 }
$data merge entity $(bone_finger_left_0_fire) { transformation: [-1.1498151247805963f,1.11591665121733f,-0.45872975065877336f,0.39251992408773245f,1.0323620316262194f,1.2379178558310078f,0.4237520450087823f,3.0975617973862f,0.6244450274124577f,0.008196799890195044f,-1.5452439930280242f,-1.0727354650707945f,0f,0f,0f,1f], start_interpolation: 0, interpolation_duration: 1 }
$data merge entity $(bone_finger_left_0_fire_s) { transformation: [-0.000006898890748683578f,0.000006695499907303979f,-0.0000027523785039526403f,0.39251992408773245f,0.000006194172189757317f,0.0000074275071349860474f,0.000002542512270052694f,3.0975617973862f,0.000003746670164474746f,4.918079934117026e-8f,-0.000009271463958168145f,-1.0727354650707945f,0f,0f,0f,1f], start_interpolation: 0, interpolation_duration: 1 }
$data merge entity $(bone_fire_large_left) { transformation: [-0.000018397041996489538f,0.000017854666419477276f,-0.000007339676010540374f,0.31893956937036605f,0.00001651779250601951f,0.000019806685693296125f,0.000006780032720140517f,3.0175316907324867f,0.000009991120438599323f,1.3114879824312068e-7f,-0.000024723903888448386f,-1.0795939063903428f,0f,0f,0f,1f], start_interpolation: 0, interpolation_duration: 1 }
$data merge entity $(bone_finger_left_0) { transformation: [-1.0090084771461831f,0.9792612191300929f,-0.4025535907106623f,0.5375219991586575f,0.9059387191427647f,1.0863221257264786f,0.3718592636389956f,2.866528728836046f,0.5479753332442713f,0.0071930177264417855f,-1.356013027330814f,-0.4216757973414478f,0f,0f,0f,1f], start_interpolation: 0, interpolation_duration: 1 }
$data merge entity $(bone_wing_left_1_model) { transformation: [0.7698320475773751f,0.3942131563555405f,0.5319132343915394f,0.3172051154272138f,-0.5928963708180999f,0.7735164987447076f,0.2848213522232764f,2.483012461968021f,-0.29463468063925f,-0.5265408783444754f,0.8166530422637731f,-0.1773816975740674f,0f,0f,0f,1f], start_interpolation: 0, interpolation_duration: 1 }
$data merge entity $(bone_wing_left_0) { transformation: [0.30684026318838725f,0.9171678508800747f,-0.25426794174356043f,0.5070926693949924f,-0.34039255105637717f,0.35523617417426545f,0.8705975946115192f,2.092384079549826f,0.8888092956713568f,-0.18058348171983063f,0.4211978656856308f,-0.3502924069324899f,0f,0f,0f,1f], start_interpolation: 0, interpolation_duration: 1 }
$data merge entity $(bone_body_0) { transformation: [0.3905119649235671f,0.7774924046120587f,-0.4929563530598767f,0.15496976871922197f,-0.8436735329183092f,0.5165298070014227f,0.14632815290371254f,1.8496164687872876f,0.3683956773696917f,0.35875133344648635f,0.8576608336899234f,-0.05936954987691723f,0f,0f,0f,1f], start_interpolation: 0, interpolation_duration: 1 }
$data merge entity $(bone_leg_right_3) { transformation: [-0.21311689437512268f,0.9700021964203176f,-0.11694840003892026f,-0.6417296997647044f,-0.9427978647757486f,-0.23557774910988233f,-0.23587138507799427f,1.87347962401504f,-0.25634620244152756f,0.059990524785853094f,0.9647215978870413f,-0.22427762366295892f,0f,0f,0f,1f], start_interpolation: 0, interpolation_duration: 1 }
$data merge entity $(bone_leg_right_2) { transformation: [-0.25600717652121346f,0.27426017147573384f,-0.9269529027473498f,-0.5866817383033444f,-0.9554540164508887f,0.07389045462564207f,0.2857408321592864f,1.8900802393727512f,0.14686030102618516f,0.9588125776486859f,0.24312649572841993f,-0.06287391115234295f,0f,0f,0f,1f], start_interpolation: 0, interpolation_duration: 1 }
$data merge entity $(bone_leg_right_1) { transformation: [-0.27938771375869015f,0.25606324877275566f,-0.9254048400719732f,-0.29492678805569994f,-0.9581188476484679f,-0.011256863297609908f,0.28614953574918034f,1.793993947176617f,0.06285522397911429f,0.9665944835641477f,0.24848405414008895f,-0.15633215780907186f,0f,0f,0f,1f], start_interpolation: 0, interpolation_duration: 1 }
$data merge entity $(bone_leg_right_0) { transformation: [-0.28552702570278915f,0.39171659231619155f,-0.8746613223971377f,-0.08602816863341467f,-0.9490457851344662f,0.011435455415474458f,0.31493067185961066f,1.7971480565532436f,0.13336572015260795f,0.9200148594797977f,0.3684918493325803f,0.1289939413059152f,0f,0f,0f,1f], start_interpolation: 0, interpolation_duration: 1 }
$data merge entity $(bone_leg_left_3) { transformation: [-0.5352021083874888f,0.7369383328027872f,-0.4128929604914999f,-0.3244618145309016f,-0.8234877458276283f,-0.5640841451897842f,0.06063835104323134f,2.455391896641747f,-0.18821964735201802f,0.37246606663071924f,0.9087587103072647f,-0.2495172646340987f,0f,0f,0f,1f], start_interpolation: 0, interpolation_duration: 1 }
$data merge entity $(bone_leg_left_2) { transformation: [-0.4056290560843658f,-0.11024763524046577f,-0.9073646057588933f,-0.3394686134351894f,-0.7229372081248195f,-0.5687466301564157f,0.3922869661286404f,2.3508099298242002f,-0.5593092721999146f,0.8150906266235719f,0.15099804111840512f,-0.11463055251338816f,0f,0f,0f,1f], start_interpolation: 0, interpolation_duration: 1 }
$data merge entity $(bone_leg_left_1) { transformation: [-0.4316072104216495f,-0.27922151574462634f,-0.8577590343781378f,-0.0582976854236045f,-0.7605740318935083f,-0.39862674401554654f,0.5124683999670779f,2.195810966579462f,-0.4850178944341073f,0.8735743037090994f,-0.04031845703729203f,-0.11214036289878271f,0f,0f,0f,1f], start_interpolation: 0, interpolation_duration: 1 }
$data merge entity $(bone_leg_left_0) { transformation: [-0.4316072104216495f,-0.07839680164788837f,-0.8986485171653174f,-0.027086827130332884f,-0.7605740318935083f,-0.5040158343023724f,0.4092617509390982f,1.9722011778275397f,-0.4850178944341073f,0.8601290486106521f,0.1579102967346973f,0.16004359904164805f,0f,0f,0f,1f], start_interpolation: 0, interpolation_duration: 1 }
$data merge entity $(bone_tail_3) { transformation: [-1.9641373499481753f,-1.110106003710825f,0.9350598140748889f,-0.9779397688631538f,-0.3904942940992308f,1.9195098623615217f,1.4585965238566927f,2.5335770332672305f,-1.3979221729583262f,1.0235498393610656f,-1.721239974416536f,0.46205021036911886f,0f,0f,0f,1f], start_interpolation: 0, interpolation_duration: 1 }
$data merge entity $(bone_tail_2) { transformation: [-0.8808956944145389f,-0.6246361384219181f,-0.4132390744342565f,-0.8055475791462142f,-0.6189592685666006f,0.2479545275943655f,0.944627989528658f,2.14546577439672f,-0.4216945125531349f,0.9408837916144634f,-0.5232833756768555f,0.6715988779711733f,0f,0f,0f,1f], start_interpolation: 0, interpolation_duration: 1 }
$data merge entity $(bone_tail_1) { transformation: [-0.7138712678649852f,0.39747783370385154f,-1.1188290865492856f,-0.4724728705364114f,-1.1816647888523462f,-0.36528233187325554f,0.6241926666387196f,1.960358794234961f,-0.11591151789687243f,1.275915173517859f,0.5272421931935198f,0.5073523540145242f,0f,0f,0f,1f], start_interpolation: 0, interpolation_duration: 1 }
$data merge entity $(bone_tail_0) { transformation: [-0.3769692692506505f,0.8811270057926911f,-0.7186888826058291f,-0.24496959671236984f,-1.1195816980746292f,-0.41986590810553664f,0.0724829692053349f,1.9321297579969983f,-0.19858331162194573f,0.6945013744776163f,0.9556342655387268f,0.2346354267111211f,0f,0f,0f,1f], start_interpolation: 0, interpolation_duration: 1 }
$data merge entity $(bone_body_1) { transformation: [-0.32124337727446733f,0.5111271847940031f,-0.823196445550086f,-0.0008568294984437064f,-0.9540783166201187f,-0.31831367392237303f,0.17467588612572318f,1.8764146195806728f,-0.1692275177300059f,0.824333731205416f,0.5778725130029481f,0.0853511693752737f,0f,0f,0f,1f], start_interpolation: 0, interpolation_duration: 1 }
data modify entity @s data merge value {"locators":{"body_1":{"posx":-0.18276343018195484,"posy":1.9568549668528734,"posz":-0.022846957072001614,"roty":234.9316760966023,"rotx":9.852425411900636},"body_0":{"posx":0.13130872809359645,"posy":1.746000778259903,"posz":-0.2715813130125264,"roty":209.88892870551967,"rotx":8.414197149600469},"neck_1":{"posx":0.24243318038621325,"posy":1.7115268046047343,"posz":-0.4731518465707855,"roty":176.8245685384734,"rotx":24.779797820837846},"neck_0":{"posx":0.16265037601640708,"posy":1.6055846478204874,"posz":-0.6324663075608519,"roty":142.30135947747792,"rotx":31.969170052937645},"pos_head":{"posx":0.2671139441294751,"posy":1.4516214255253934,"posz":-0.9699512498810058,"roty":177.76826770553987,"rotx":23.554262931101693},"head_0":{"posx":0.002605673866974993,"posy":1.4429171741788125,"posz":-0.9217295366442723,"roty":177.76826770553987,"rotx":23.554262931101693},"arm_right_0":{"posx":-0.20749643776589088,"posy":1.205464354015383,"posz":-0.36132040289752954,"roty":209.5368278049086,"rotx":18.49599267159146},"arm_left_0":{"posx":-0.27420891837813266,"posy":1.8713585603736944,"posz":-0.842452247694819,"roty":244.03766407811725,"rotx":-2.322124970422511},"finger_right_0":{"posx":0.9564723108676207,"posy":1.318348444417339,"posz":0.06128704436465293,"roty":243.91207960264902,"rotx":-54.42675968580797},"finger_right_1":{"posx":0.7100141910048339,"posy":0.7687312816160803,"posz":0.11001515950632984,"roty":243.91207960264902,"rotx":-54.42675968580797},"finger_right_2":{"posx":0.3879279599732507,"posy":0.23378768385620705,"posz":0.25318170728826017,"roty":243.91207960264902,"rotx":-54.42675968580797},"finger_right_3":{"posx":0.04227480647922488,"posy":-0.3402979660921585,"posz":0.40682350404682865,"roty":243.91207960264902,"rotx":-54.42675968580797},"finger_left_0":{"posx":0.5274158372850105,"posy":2.6931844695325053,"posz":-0.32355798935105223,"roty":322.20675288198436,"rotx":24.183557587992112},"finger_left_1":{"posx":0.3132112056785944,"posy":2.9732254019662125,"posz":-0.8143619335663419,"roty":322.20675288198436,"rotx":24.183557587992112},"finger_left_2":{"posx":-0.021409119896520445,"posy":3.243304871529698,"posz":-1.2892168284979553,"roty":322.20675288198436,"rotx":24.183557587992112},"finger_left_3":{"posx":-0.38051335138839704,"posy":3.533146179579553,"posz":-1.7988170686674245,"roty":322.20675288198436,"rotx":24.183557587992112},"leg_right_0":{"posx":-0.3514144532374271,"posy":1.7926028636075269,"posz":-0.28332473886264775,"roty":247.15447302587745,"rotx":18.35662856944152},"leg_left_0":{"posx":-0.049134483443431055,"posy":2.2671375691235656,"posz":-0.2310876561543005,"roty":260.03374591238526,"rotx":24.158467583962764},"tail_0":{"posx":-0.4887693740355558,"posy":2.0076931943701113,"posz":0.2714239334308429,"roty":216.94515405484432,"rotx":3.468944573097006},"tail_1":{"posx":-0.7216802120459302,"posy":2.118464908779183,"posz":0.430341304755019,"roty":244.7680943005534,"rotx":26.77866126834453},"tail_2":{"posx":-0.7883662226835331,"posy":2.3138628928324083,"posz":0.3885362896885866,"roty":321.70170165435894,"rotx":54.783171592517036},"tail_3":{"posx":-0.7934657757859932,"posy":2.4803250427963253,"posz":0.2177321302389176,"roty":28.51292365403276,"rotx":36.6723821550817},"tail_4":{"posx":-0.6259598608162927,"posy":2.7416169319595483,"posz":-0.09060951000397524,"roty":28.51292365403276,"rotx":36.6723821550817},"shadow":{"posx":0.011355904430055283,"posy":1.9412001410132254,"posz":-0.21816380703801164,"roty":251.65833363628633,"rotx":23.34067337350705}},"cameras":{}}