# This file was generated by Animated Java via MC-Build. It is not recommended to edit this file directly.
$data merge entity $(bone_head_lower) { transformation: [0.6544961162283782f,0.701138376817321f,-0.28291307922388653f,0.20456673630006444f,-0.6000814936325858f,0.709357498631023f,0.3697487527167916f,1.165359799943499f,0.459931554518337f,-0.07222821948456315f,0.8850118922751469f,-0.9063534313057093f,0f,0f,0f,1f], start_interpolation: 0, interpolation_duration: 1 }
$data merge entity $(bone_head_upper) { transformation: [0.6544961162283782f,0.7323797542124334f,-0.18776242824831707f,0.2109498302031884f,-0.6000814936325858f,0.654265152048731f,0.4602600480319096f,1.1815475289268422f,0.459931554518337f,-0.18856565550064036f,0.8677015378135273f,-0.8951588386165419f,0f,0f,0f,1f], start_interpolation: 0, interpolation_duration: 1 }
$data merge entity $(bone_neck_0) { transformation: [0.9543853539336825f,0.29361495516349906f,-0.054211200883356764f,0.19578412942844944f,-0.1586385494116899f,0.6524675521121004f,0.7410262506020946f,1.3096122097486274f,0.2529474388829311f,-0.6986246141850285f,0.6692841262254664f,-0.757623178830353f,0f,0f,0f,1f], start_interpolation: 0, interpolation_duration: 1 }
$data merge entity $(bone_neck_1) { transformation: [0.9446065713723308f,0.2918607999441363f,0.15011894875790363f,0.22430127340625458f,-0.2530464677791928f,0.35636127493403313f,0.8994298899146416f,1.46938146806474f,0.20901174719303048f,-0.887594454231976f,0.41047554659438307f,-0.6930738649301726f,0f,0f,0f,1f], start_interpolation: 0, interpolation_duration: 1 }
$data merge entity $(bone_neck_2) { transformation: [0.9446065713723308f,0.32815563706397277f,0.005683588949545765f,0.27234508186879447f,-0.2530464677791928f,0.7171558033465034f,0.6493497046052341f,1.7186688828917775f,0.20901174719303048f,-0.6148182101967777f,0.7604687093797796f,-0.6083953584155415f,0f,0f,0f,1f], start_interpolation: 0, interpolation_duration: 1 }
$data merge entity $(bone_arm_right_2) { transformation: [0.9475958620866046f,0.20771833183370117f,-0.24272448738553043f,0.3867513310125722f,-0.11264658261252233f,0.9282169538108088f,0.35457585095985084f,0.8903671211260971f,0.2989528885661826f,-0.3086525251450351f,0.9029733047767965f,-0.42120719918456706f,0f,0f,0f,1f], start_interpolation: 0, interpolation_duration: 1 }
$data merge entity $(bone_arm_right_1) { transformation: [0.8814440469799437f,0.3258193272187195f,-0.3419037262949314f,0.3573750935797707f,-0.38014117602864306f,0.9190381583367861f,-0.10421875938854808f,1.233157780763624f,0.28026608487503213f,0.22183468964900152f,0.9339380558351569f,-0.39162199590264557f,0f,0f,0f,1f], start_interpolation: 0, interpolation_duration: 1 }
$data merge entity $(bone_arm_right_0) { transformation: [0.9524315704013379f,0.1071879997742505f,-0.2852802769334684f,0.3672148978962214f,-0.007206304067109592f,0.9437642851567142f,0.33054053192358746f,1.5403300897288814f,0.30466731509063055f,-0.3127614214813442f,0.8996433295192243f,-0.4836795020050512f,0f,0f,0f,1f], start_interpolation: 0, interpolation_duration: 1 }
$data merge entity $(bone_arm_left_2) { transformation: [0.5669606592051576f,0.7568514382621481f,-0.3251638222714371f,-0.3015537467036953f,-0.6726685214273592f,0.653227797088233f,0.3475780565455537f,1.257108435084731f,0.47547099932002557f,0.02166438348468147f,0.8794646003642471f,-0.8114981056723543f,0f,0f,0f,1f], start_interpolation: 0, interpolation_duration: 1 }
$data merge entity $(bone_arm_left_1) { transformation: [0.8089957120899657f,-0.029863974642125507f,-0.5870554325092507f,-0.1923575138324944f,-0.38096930191460354f,0.7339239854273184f,-0.5623326191971977f,1.428668672853576f,0.44764754977409293f,0.6785747760070774f,0.5823640996388734f,-0.5324157675405626f,0f,0f,0f,1f], start_interpolation: 0, interpolation_duration: 1 }
$data merge entity $(bone_arm_left_0) { transformation: [0.5885226079707434f,0.7781745316992309f,-0.21928414927211956f,0.06526527788097215f,-0.6448458634236998f,0.6154124590438399f,0.4532563487464427f,1.6191835976234228f,0.4876627444583581f,-0.12534713187104196f,0.8639867731620929f,-0.5485648914650216f,0f,0f,0f,1f], start_interpolation: 0, interpolation_duration: 1 }
$data merge entity $(bone_finger_right_1_fire) { transformation: [1.5405503899986728f,0.6319229034976924f,-0.07180332643938285f,1.1138554676060115f,-0.46603950800117167f,0.9936237814945456f,-1.2543112594600598f,0.8634018456452262f,-0.4327695121363567f,1.179475732120548f,1.095137125880469f,0.4174229350211931f,0f,0f,0f,1f], start_interpolation: 0, interpolation_duration: 1 }
$data merge entity $(bone_finger_right_1_fire_s) { transformation: [0.000009243302339992038f,0.0000037915374209861545f,-4.3081995863629713e-7f,1.1138554676060115f,-0.00000279623704800703f,0.000005961742688967273f,-0.000007525867556760359f,0.8634018456452262f,-0.0000025966170728181406f,0.000007076854392723288f,0.0000065708227552828145f,0.4174229350211931f,0f,0f,0f,1f], start_interpolation: 0, interpolation_duration: 1 }
$data merge entity $(bone_finger_right_1) { transformation: [1.8376671004153768f,0.7537980823578713f,-0.08565160318978798f,1.1447349069427775f,-0.5559217516723096f,1.1852580384887095f,-1.4962227462045647f,1.6238732684167014f,-0.5162351713250231f,1.4069541397202452f,1.3063496525262797f,-0.28855057628885583f,0f,0f,0f,1f], start_interpolation: 0, interpolation_duration: 1 }
$data merge entity $(bone_finger_right_2_fire) { transformation: [-1.2966951092310957f,1.0389707489720372f,0.12999751633942314f,1.231045717960131f,-0.06920594437055802f,0.12142820349584901f,-1.6607960460084572f,1.0382048939108772f,-1.0447823260075344f,-1.2975256267041628f,-0.051331443443874136f,-0.45633935590742547f,0f,0f,0f,1f], start_interpolation: 0, interpolation_duration: 1 }
$data merge entity $(bone_finger_right_2_fire_s) { transformation: [-0.000007780170655386574f,0.000006233824493832224f,7.799850980365388e-7f,1.231045717960131f,-4.152356662233481e-7f,7.285692209750941e-7f,-0.000009964776276050744f,1.0382048939108772f,-0.0000062686939560452065f,-0.000007785153760224977f,-3.0798866066324485e-7f,-0.45633935590742547f,0f,0f,0f,1f], start_interpolation: 0, interpolation_duration: 1 }
$data merge entity $(bone_finger_right_2) { transformation: [-0.9665610728537408f,0.7744524326813779f,0.09690060367071317f,1.1900099456842659f,-0.051586353154619236f,0.09051300788451808f,-1.2379631854808648f,1.572650624669015f,-0.778784402544157f,-0.9671801434849763f,-0.03826263760311583f,-0.44031418656360133f,0f,0f,0f,1f], start_interpolation: 0, interpolation_duration: 1 }
$data merge entity $(bone_finger_film_right) { transformation: [0.22178282881201214f,0.4598861495027732f,0.19598818130665027f,1.223464394092447f,-0.3601768072845038f,0.12262621222066677f,-0.9247455570564678f,1.5363787513357008f,-0.9674175387508894f,0.05977536197640498f,0.3892204766529437f,-0.35492123607169457f,0f,0f,0f,1f], start_interpolation: 0, interpolation_duration: 1 }
$data merge entity $(bone_finger_right_0_fire) { transformation: [0.3691415144556255f,1.613567786854715f,0.19470828772284432f,1.3343917344311387f,-0.5726756895243601f,0.3159944600460854f,-1.532960480125224f,0.8997239994956231f,-1.5210374336981267f,0.2726247901837568f,0.6244186310833915f,-0.08086705469235644f,0f,0f,0f,1f], start_interpolation: 0, interpolation_duration: 1 }
$data merge entity $(bone_finger_right_0_fire_s) { transformation: [0.000002214849086733753f,0.000009681406721128291f,0.000001168249726337066f,1.3343917344311387f,-0.000003436054137146161f,0.0000018959667602765125f,-0.000009197762880751345f,0.8997239994956231f,-0.00000912622460218876f,0.0000016357487411025407f,0.0000037465117865003494f,-0.08086705469235644f,0f,0f,0f,1f], start_interpolation: 0, interpolation_duration: 1 }
$data merge entity $(bone_fire_large_right) { transformation: [0.000005906264231290007f,0.00002581708458967544f,0.000003115332603565509f,1.2301515026344574f,-0.000009162811032389762f,0.000005055911360737367f,-0.000024527367682003585f,0.8728722668688155f,-0.000024336598939170025f,0.0000043619966429401085f,0.000009990698097334264f,-0.09756685464877635f,0f,0f,0f,1f], start_interpolation: 0, interpolation_duration: 1 }
$data merge entity $(bone_finger_right_0) { transformation: [0.323936352310011f,1.41596987228454f,0.17086426213123287f,1.183133350454853f,-0.5025456814162846f,0.27729769947022676f,-1.345233756488969f,1.53241350556664f,-1.3347708093080957f,0.23923909022165638f,0.5479521694162616f,-0.35492081158489885f,0f,0f,0f,1f], start_interpolation: 0, interpolation_duration: 1 }
$data merge entity $(bone_wing_right_1_model) { transformation: [0.18878263159221598f,0.9149175279740076f,0.3978242301028041f,0.7208597581009272f,-0.5844283500900832f,-0.22672615835527785f,0.7987589347045079f,1.616134722600115f,0.8085676871245479f,-0.3774894027191079f,0.48445549766172624f,-0.16891611535035378f,0f,0f,0f,1f], start_interpolation: 0, interpolation_duration: 1 }
$data merge entity $(bone_wing_right_0) { transformation: [0.20960361842107883f,0.7259827827386902f,0.6549926124100779f,0.4592759969426047f,-0.8082729784604425f,0.5056084023084711f,-0.30175310405323086f,1.8193320117933678f,-0.5502373264651135f,-0.4661642872229304f,0.6927696167431576f,-0.498811086720177f,0f,0f,0f,1f], start_interpolation: 0, interpolation_duration: 1 }
$data merge entity $(bone_finger_left_1_fire) { transformation: [0.20165494918300453f,-0.004380663020616312f,-1.6544164738781095f,-1.2449157555513597f,-0.9624200393259434f,1.355326293026122f,-0.12089700208730061f,2.5558010160619f,1.3456822534133488f,0.9699738279981309f,0.1614553301219982f,-0.6726278598903256f,0f,0f,0f,1f], start_interpolation: 0, interpolation_duration: 1 }
$data merge entity $(bone_finger_left_1_fire_s) { transformation: [0.0000012099296950980272f,-2.6283978123697874e-8f,-0.000009926498843268657f,-1.2449157555513597f,-0.000005774520235955661f,0.000008131957758156733f,-7.253820125238037e-7f,2.5558010160619f,0.000008074093520480093f,0.000005819842967988786f,9.687319807319893e-7f,-0.6726278598903256f,0f,0f,0f,1f], start_interpolation: 0, interpolation_duration: 1 }
$data merge entity $(bone_finger_left_1) { transformation: [0.2405469293022355f,-0.005225535213424456f,-1.9734938526961372f,-0.21482181834671893f,-1.1480362177905021f,1.6167199432043122f,-0.14421368149786576f,2.60253029033453f,1.605215915535661f,1.1570468603611623f,0.19259425091064725f,-0.7925935998224433f,0f,0f,0f,1f], start_interpolation: 0, interpolation_duration: 1 }
$data merge entity $(bone_finger_left_2_fire) { transformation: [-0.6875053370912089f,0.8297955381325601f,-1.2714375934917828f,-0.5728116616429393f,1.5169350107071498f,0.4337268544960565f,-0.5371842949655486f,2.3907359285520244f,0.0634220981975573f,-1.378803161572394f,-0.9341612584966094f,-1.2460210978577364f,0f,0f,0f,1f], start_interpolation: 0, interpolation_duration: 1 }
$data merge entity $(bone_finger_left_2_fire_s) { transformation: [-0.000004125032022547253f,0.000004978773228795361f,-0.000007628625560950697f,-0.5728116616429393f,0.000009101610064242899f,0.0000026023611269763394f,-0.0000032231057697932923f,2.3907359285520244f,3.8053258918534383e-7f,-0.000008272818969434364f,-0.000005604967550979656f,-1.2460210978577364f,0f,0f,0f,1f], start_interpolation: 0, interpolation_duration: 1 }
$data merge entity $(bone_finger_left_2) { transformation: [-0.5124688845364669f,0.6185324984083937f,-0.9477340322203519f,-0.16341053169870173f,1.1307286662536469f,0.32330151538535123f,-0.4004190536123523f,2.5640900134740816f,0.0472750539738029f,-1.027764702447128f,-0.6963270716477773f,-0.946167707305632f,0f,0f,0f,1f], start_interpolation: 0, interpolation_duration: 1 }
$data merge entity $(bone_finger_film_left) { transformation: [-0.3061732666021273f,0.0261196752881761f,-0.9767717993028496f,-0.24719586635897914f,0.31423726966101545f,0.4576312108304614f,-0.036757856770659694f,2.610926177648982f,0.9603772795722103f,-0.1414107130459761f,-0.29937268413436113f,-0.9235138703598957f,0f,0f,0f,1f], start_interpolation: 0, interpolation_duration: 1 }
$data merge entity $(bone_finger_left_0_fire) { transformation: [-0.47497987204942843f,-0.036561787922666816f,-1.5971334116439941f,-0.9217789114332962f,0.4792004182389814f,1.5862429099996316f,-0.17882440385267342f,2.567632783498052f,1.5239878142837209f,-0.5101709947827071f,-0.44154781822009903f,-1.1127313101687577f,0f,0f,0f,1f], start_interpolation: 0, interpolation_duration: 1 }
$data merge entity $(bone_finger_left_0_fire_s) { transformation: [-0.000002849879232296571f,-2.193707275360009e-7f,-0.000009582800469863966f,-0.9217789114332962f,0.0000028752025094338885f,0.00000951745745999779f,-0.0000010729464231160404f,2.567632783498052f,0.000009143926885702326f,-0.000003061025968696243f,-0.0000026492869093205944f,-1.1127313101687577f,0f,0f,0f,1f], start_interpolation: 0, interpolation_duration: 1 }
$data merge entity $(bone_fire_large_left) { transformation: [-0.000007599677952790855f,-5.84988606762669e-7f,-0.000025554134586303907f,-0.9250021555127352f,0.000007667206691823702f,0.000025379886559994107f,-0.000002861190461642774f,2.4630695685519894f,0.000024383805028539534f,-0.000008162735916523315f,-0.0000070647650915215845f,-1.082365711764976f,0f,0f,0f,1f], start_interpolation: 0, interpolation_duration: 1 }
$data merge entity $(bone_finger_left_0) { transformation: [-0.41681371817328744f,-0.03208442223321006f,-1.4015480547707178f,-0.24746038536260667f,0.4205174152213312f,1.3919912066803493f,-0.15692552265077406f,2.5753396513507614f,1.3373598855495827f,-0.4476953272188681f,-0.38747576201391115f,-0.9041271369886044f,0f,0f,0f,1f], start_interpolation: 0, interpolation_duration: 1 }
$data merge entity $(bone_wing_left_1_model) { transformation: [0.8044635473120934f,-0.2483773288355949f,0.5675598528863521f,-0.14997758189000118f,-0.35810721562196024f,0.5726268627381351f,0.7581785945488094f,2.2760221605570288f,-0.5055439705973855f,-0.8008646962084269f,0.36608484699787047f,-0.5088930214029928f,0f,0f,0f,1f], start_interpolation: 0, interpolation_duration: 1 }
$data merge entity $(bone_wing_left_0) { transformation: [0.7211543043117568f,0.506780346355687f,-0.47234537143941174f,0.12870273706606666f,0.3421110169022589f,0.33236657925639185f,0.8789155301321663f,1.905660523006869f,0.6024089321106788f,-0.7954282730334739f,0.0663124496022986f,-0.569847356648445f,0f,0f,0f,1f], start_interpolation: 0, interpolation_duration: 1 }
$data merge entity $(bone_body_0) { transformation: [0.947292925538037f,0.2735273688100992f,-0.1667899629396528f,0.14871043754426486f,-0.24738355417895325f,0.9553341707945057f,0.16167250611703526f,1.6435226710071371f,0.20356200614892697f,-0.11189012746528537f,0.9726474741798421f,-0.12437435270366243f,0f,0f,0f,1f], start_interpolation: 0, interpolation_duration: 1 }
$data merge entity $(bone_leg_right_3) { transformation: [0.35722845163042044f,0.8614640728380076f,0.3609258712742605f,-0.5492494406826061f,-0.8942317078064015f,0.42702532878502697f,-0.13416043131149374f,1.160023525296994f,-0.26969888041921647f,-0.27482543511362123f,0.9228940860766364f,-0.14823902155321728f,0f,0f,0f,1f], start_interpolation: 0, interpolation_duration: 1 }
$data merge entity $(bone_leg_right_2) { transformation: [0.3778881622786935f,0.2878570076369393f,-0.8799652720215376f,-0.49616805938040376f,-0.9159752920523108f,0.2546875156426076f,-0.3100379552981865f,1.2115035595749235f,0.13486957091692586f,0.9231861202000946f,0.3599133038810608f,0.0063222605756166755f,0f,0f,0f,1f], start_interpolation: 0, interpolation_duration: 1 }
$data merge entity $(bone_leg_right_1) { transformation: [0.3613053402270065f,0.20604147685721874f,-0.9093983510750078f,-0.2058236397242035f,-0.9310756314942873f,0.1326053246793383f,-0.33987350044421105f,1.3142224058217682f,0.05056302563099857f,0.9695167547191661f,0.23975121012803158f,-0.08443525707651844f,0f,0f,0f,1f], start_interpolation: 0, interpolation_duration: 1 }
$data merge entity $(bone_leg_right_0) { transformation: [0.37788815410855997f,0.5888846782885337f,-0.714433606895305f,0.04239178525510239f,-0.9159753016170226f,0.35019767612028463f,-0.19583369083882543f,1.4723380421503156f,0.134869528849291f,0.7284067705046147f,0.6717393742151848f,0.11164664619207221f,0f,0f,0f,1f], start_interpolation: 0, interpolation_duration: 1 }
$data merge entity $(bone_leg_left_3) { transformation: [0.08385962718592956f,0.9960156448464534f,-0.03033806436376557f,-0.6476340474039289f,-0.9904734459968391f,0.07997858542636174f,-0.1120971839447576f,1.8323826205065536f,-0.10922415347982145f,0.03944947520945252f,0.9932340223745433f,-0.23329739297757385f,0f,0f,0f,1f], start_interpolation: 0, interpolation_duration: 1 }
$data merge entity $(bone_leg_left_2) { transformation: [0.04571081494823876f,0.43475001065448426f,-0.8993903210690526f,-0.5666379287705552f,-0.8681573811573305f,-0.42810198411728156f,-0.25106065549363177f,1.75548488718494f,-0.4941794035963187f,0.7922885329416124f,0.3578625401329599f,-0.1033613153091986f,0f,0f,0f,1f], start_interpolation: 0, interpolation_duration: 1 }
$data merge entity $(bone_leg_left_1) { transformation: [0.042728100641927794f,-0.03608835780708547f,-0.9984347449114143f,-0.24610532679225716f,-0.9080586762335552f,-0.4181693198148483f,-0.023745746620188718f,1.7734286018779826f,-0.41665783315869204f,0.9076519434212517f,-0.05063792720016019f,-0.09837688131997885f,0f,0f,0f,1f], start_interpolation: 0, interpolation_duration: 1 }
$data merge entity $(bone_leg_left_0) { transformation: [0.042728100641927794f,0.47027327141971137f,-0.881485881681457f,-0.015601222159581166f,-0.9080586762335552f,-0.349669961170994f,-0.23056530261866948f,1.6483437739125133f,-0.41665783315869204f,0.8102925202930593f,0.4120949910210335f,0.1388597263083743f,0f,0f,0f,1f], start_interpolation: 0, interpolation_duration: 1 }
$data merge entity $(bone_tail_3) { transformation: [-2.1629904630300234f,-0.9512064813084827f,0.6174027952576221f,-0.8974609504654241f,-0.11125452341166951f,1.501237084470335f,1.9231269776240663f,1.7581085809383399f,-1.1285399473193818f,1.6751122860757037f,-1.3729181116063056f,0.6793725825365199f,0f,0f,0f,1f], start_interpolation: 0, interpolation_duration: 1 }
$data merge entity $(bone_tail_2) { transformation: [-0.7899072161173125f,-0.4411355137427816f,-0.7199722987314785f,-0.6003779519825132f,-0.8032318257419161f,0.08859191270818005f,0.8269728953345532f,1.4189864719538712f,-0.26034455350766444f,1.0651126672881128f,-0.3669738164246824f,0.8242792685160805f,0f,0f,0f,1f], start_interpolation: 0, interpolation_duration: 1 }
$data merge entity $(bone_tail_1) { transformation: [-0.0033960120937336635f,0.8027779613245436f,-1.1291214957617477f,-0.2662393849248471f,-1.3807603803841793f,0.09049331354144033f,0.06849140415705227f,1.3980247922943854f,0.11343976084677412f,1.125494489232923f,0.7998580596850459f,0.5791419554801909f,0f,0f,0f,1f], start_interpolation: 0, interpolation_duration: 1 }
$data merge entity $(bone_tail_0) { transformation: [0.37090403898624824f,1.075336737393479f,-0.3756134121053366f,-0.13752222473764406f,-1.1256742787717609f,0.2856860689667416f,-0.293675379267285f,1.4898014486462827f,-0.17404583377128327f,0.4438904273444699f,1.0989420715108602f,0.25986452353800316f,0f,0f,0f,1f], start_interpolation: 0, interpolation_duration: 1 }
$data merge entity $(bone_body_1) { transformation: [0.3160747462665419f,0.7644193902629055f,-0.5982143804749874f,0.04720760703537785f,-0.9592702549533266f,0.14986115671965458f,-0.3153456930304757f,1.5824575615777523f,-0.14831731921378918f,0.6597767227942944f,0.7647204347501774f,0.05426602343781262f,0f,0f,0f,1f], start_interpolation: 0, interpolation_duration: 1 }
data modify entity @s data merge value {"locators":{"body_1":{"posx":-0.16333668240523214,"posy":1.5219330140585499,"posz":-0.0029648837692864694,"roty":218.03484427898604,"rotx":-17.993558326120684},"body_0":{"posx":0.1391553870434128,"posy":1.4720963821159727,"posz":-0.2882389830148048,"roty":189.73046244976928,"rotx":9.303987800611381},"neck_1":{"posx":0.17674162198036195,"posy":1.4261388847574918,"posz":-0.5304859876366315,"roty":179.57179093338584,"rotx":40.492590314271126},"neck_0":{"posx":0.1535521274883153,"posy":1.2408750223933964,"posz":-0.6499788746623036,"roty":159.91154384868574,"rotx":64.08322970560495},"pos_head":{"posx":0.24501315156324566,"posy":1.1264410720916842,"posz":-1.0155317526263603,"roty":192.21001182943388,"rotx":27.40388919879},"head_0":{"posx":0.0434628601018512,"posy":0.9660127282796611,"posz":-0.9380336934906102,"roty":192.21001182943388,"rotx":27.40388919879},"arm_right_0":{"posx":0.30157984451542713,"posy":0.7627568032888159,"posz":-0.38235273538405484,"roty":200.10708349699576,"rotx":-5.982157823619865},"arm_left_0":{"posx":-0.33100516521229467,"posy":1.1067626139054294,"posz":-0.8512094729321626,"roty":225.22985089990445,"rotx":-34.217267894347124},"pos_wing_r_0":{"posx":1.1939856408441438,"posy":2.239480487960336,"posz":-0.785430460465002,"roty":183.75126313258792,"rotx":-48.81495023606668},"pos_wing_r_1":{"posx":1.1670593934293754,"posy":1.7691137656628135,"posz":-0.3747540382598262,"roty":183.75126313258792,"rotx":-48.81495023606668},"pos_wing_r_2":{"posx":1.1401331460146067,"posy":1.298747043365291,"posz":0.035922383945349634,"roty":183.75126313258792,"rotx":-48.81495023606668},"pos_wing_r_3":{"posx":1.1132068985998382,"posy":0.8283803210677688,"posz":0.4465988061505255,"roty":183.75126313258792,"rotx":-48.81495023606668},"pos_wing_r_4":{"posx":1.0862806511850696,"posy":0.3580135987702464,"posz":0.8572752283557012,"roty":183.75126313258792,"rotx":-48.81495023606668},"pos_wing_r_5":{"posx":1.059354403770301,"posy":-0.11235312352727611,"posz":1.2679516505608772,"roty":183.75126313258792,"rotx":-48.81495023606668},"finger_right_0":{"posx":1.061162751831275,"posy":1.604471701816436,"posz":-0.49063324880775494,"roty":183.75126313258792,"rotx":-48.81495023606668},"finger_right_1":{"posx":1.1636459441885472,"posy":1.123072160222891,"posz":-0.13999563483136962,"roty":183.75126313258792,"rotx":-48.81495023606668},"finger_right_2":{"posx":1.161902046655954,"posy":0.633591142521146,"posz":0.2732913665844293,"roty":183.75126313258792,"rotx":-48.81495023606668},"finger_right_3":{"posx":1.1600308745855954,"posy":0.10829465657477494,"posz":0.7168185227718266,"roty":183.75126313258792,"rotx":-48.81495023606668},"pos_wing_l_0":{"posx":0.5708875406065987,"posy":2.6890513479808993,"posz":-0.8514358693222592,"roty":264.426126553651,"rotx":-4.159786225930187},"pos_wing_l_1":{"posx":-0.04951863709769233,"posy":2.643714972198161,"posz":-0.7908901205265099,"roty":264.426126553651,"rotx":-4.159786225930187},"pos_wing_l_2":{"posx":-0.6699248148019834,"posy":2.5983785964154236,"posz":-0.7303443717307606,"roty":264.426126553651,"rotx":-4.159786225930187},"pos_wing_l_3":{"posx":-1.2903309925062743,"posy":2.553042220632686,"posz":-0.6697986229350112,"roty":264.426126553651,"rotx":-4.159786225930187},"pos_wing_l_4":{"posx":-1.9107371702105653,"posy":2.5077058448499483,"posz":-0.609252874139262,"roty":264.426126553651,"rotx":-4.159786225930187},"pos_wing_l_5":{"posx":-2.5311433479148566,"posy":2.4623694690672107,"posz":-0.5487071253435126,"roty":264.426126553651,"rotx":-4.159786225930187},"finger_left_0":{"posx":-0.09825010173387103,"posy":2.448198844524386,"posz":-0.896473203927343,"roty":264.426126553651,"rotx":-4.159786225930187},"finger_left_1":{"posx":-0.6989360386762972,"posy":2.485383175902714,"posz":-0.951143034335091,"roty":264.426126553651,"rotx":-4.159786225930187},"finger_left_2":{"posx":-1.3376284720916733,"posy":2.4550937686761447,"posz":-0.9117047190058154,"roty":264.426126553651,"rotx":-4.159786225930187},"finger_left_3":{"posx":-2.0230541302127243,"posy":2.422588286873179,"posz":-0.8693809839357101,"roty":264.426126553651,"rotx":-4.159786225930187},"leg_right_0":{"posx":-0.28902506052798016,"posy":1.2646574585876742,"posz":-0.1841385501803196,"roty":226.76415663180472,"rotx":-11.293429598912825},"leg_left_0":{"posx":-0.3134010523786688,"posy":1.8219892661953525,"posz":-0.2098804878656069,"roty":244.94389295929716,"rotx":-13.330355749959738},"tail_0":{"posx":-0.35962642517065996,"posy":1.4016309655795636,"posz":0.3568039305498458,"roty":198.87019528438012,"rotx":-14.190999792019268},"tail_1":{"posx":-0.5711138840476274,"posy":1.3980212762571687,"posz":0.5699722227232447,"roty":234.68663531389288,"rotx":2.8337097198414374},"tail_2":{"posx":-0.6843458214791066,"posy":1.5890227140518982,"posz":0.554438036199812,"roty":297.00818778475,"rotx":45.6612155768867},"tail_3":{"posx":-0.7552744147822992,"posy":1.7840593790707342,"posz":0.4042956877667551,"roty":24.213502327734346,"rotx":51.9474518527598},"tail_4":{"posx":-0.644673340318633,"posy":2.12856690590584,"posz":0.15835216522257156,"roty":24.213502327734346,"rotx":51.9474518527598},"shadow":{"posx":0.11417834683669836,"posy":1.6772443204325334,"posz":-0.23382779100589007,"roty":269.8348144014621,"rotx":-3.0010968510178277}},"cameras":{}}