# This file was generated by Animated Java via MC-Build. It is not recommended to edit this file directly.
$data merge entity $(bone_head_lower) { transformation: [0.11486135456701056f,0.8357881695858466f,-0.5369031614801423f,0.42399281921006143f,-0.754330280165654f,0.42506089289744203f,0.5003089702917944f,1.0636461755913285f,0.6463688557257674f,0.34753614619139916f,0.6792833940544938f,-0.8385869668470021f,0f,0f,0f,1f], start_interpolation: 0, interpolation_duration: 1 }
$data merge entity $(bone_head_upper) { transformation: [0.11486135456701056f,0.8997155260892149f,-0.4210924380003026f,0.4290610642254216f,-0.754330280165654f,0.35481658917387693f,0.5523504471549041f,1.0774247109133326f,0.6463688557257674f,0.25419905617650007f,0.7194373789196241f,-0.8240071787917803f,0f,0f,0f,1f], start_interpolation: 0, interpolation_duration: 1 }
$data merge entity $(bone_neck_0) { transformation: [0.6245811741931406f,0.7731455720199976f,-0.11020109486474516f,0.39523951262349966f,-0.45283136651998124f,0.4734995482172052f,0.7554746397687676f,1.211241565291322f,0.6362720411421238f,-0.42195272520031635f,0.6458434697021116f,-0.6955713162049803f,0f,0f,0f,1f], start_interpolation: 0, interpolation_duration: 1 }
$data merge entity $(bone_neck_1) { transformation: [0.6057569008103282f,0.7618068161295762f,0.2295843026410658f,0.4413647425682174f,-0.5359554692552081f,0.17742230789628355f,0.8253926699675653f,1.3566676994184004f,0.5880563851333445f,-0.6230342683667365f,0.5157693169864115f,-0.6105433207922016f,0f,0f,0f,1f], start_interpolation: 0, interpolation_duration: 1 }
$data merge entity $(bone_neck_2) { transformation: [0.6057569008103282f,0.7897357591701033f,-0.09682978781700935f,0.5319516515641699f,-0.5359554692552081f,0.49495574376986035f,0.6839375312736202f,1.5821312674722607f,0.5880563851333445f,-0.36240342492482763f,0.7230860567779321f,-0.4983690653355126f,0f,0f,0f,1f], start_interpolation: 0, interpolation_duration: 1 }
$data merge entity $(bone_arm_right_2) { transformation: [0.6214455625103359f,0.6379355310703017f,-0.4548006937486622f,0.24924300338115987f,-0.3952549661109379f,0.7564999609467647f,0.5210386941986025f,0.7934964106859137f,0.6764458031511866f,-0.14403495161104304f,0.7222707304837646f,-0.3185277790643334f,0f,0f,0f,1f], start_interpolation: 0, interpolation_duration: 1 }
$data merge entity $(bone_arm_right_1) { transformation: [0.4777708420254125f,0.5091029339598804f,-0.7159254326700305f,0.33603508268426147f,-0.6238903296362898f,0.7703741570527102f,0.13147058504337777f,1.1264120714869013f,0.6184625122807772f,0.38384614206576034f,0.6856867069767226f,-0.28889702346550017f,0f,0f,0f,1f], start_interpolation: 0, interpolation_duration: 1 }
$data merge entity $(bone_arm_right_0) { transformation: [0.6611085503725763f,0.5616600445166983f,-0.4974670632491879f,0.49390019599493606f,-0.2980245691090288f,0.8050631162519023f,0.5128886185695233f,1.39821079345535f,0.6885614285099397f,-0.19081764395431766f,0.6996226024965708f,-0.35316438928637284f,0f,0f,0f,1f], start_interpolation: 0, interpolation_duration: 1 }
$data merge entity $(bone_arm_left_2) { transformation: [0.03206895375882979f,0.8060566894991494f,-0.5909688617164918f,0.017219404766025518f,-0.7778778179561279f,0.39140033168414434f,0.4916420249422895f,1.3169645911486612f,0.6275967515344765f,0.44393512326826967f,0.639565417914508f,-0.9784247491774399f,0f,0f,0f,1f], start_interpolation: 0, interpolation_duration: 1 }
$data merge entity $(bone_arm_left_1) { transformation: [0.33156848950152995f,-0.1351303891650275f,-0.933703440442297f,0.022277118259620254f,-0.5765321116954981f,0.7543684864075361f,-0.31390908062547773f,1.4664625669946054f,0.7467751073473217f,0.6423923759193529f,0.17221781094615451f,-0.6671877676571616f,0f,0f,0f,1f], start_interpolation: 0, interpolation_duration: 1 }
$data merge entity $(bone_arm_left_0) { transformation: [0.05215540084850567f,0.883820787628424f,-0.4649092702003309f,0.29856860348192704f,-0.7571549184348327f,0.3385483915925741f,0.558660376293167f,1.567782243435066f,0.6511499394550181f,0.3228711846943819f,0.6868463834379365f,-0.5394240328437161f,0f,0f,0f,1f], start_interpolation: 0, interpolation_duration: 1 }
$data merge entity $(bone_finger_right_1_fire) { transformation: [1.348286360964725f,0.24736941106919874f,-0.9480031862190949f,0.5054390964097143f,-0.9347178524441817f,0.8080513865012567f,-1.1185406880723254f,0.5816018155487241f,0.2936055226599368f,1.4365371937469815f,0.7924231608319584f,0.6974782984931334f,0f,0f,0f,1f], start_interpolation: 0, interpolation_duration: 1 }
$data merge entity $(bone_finger_right_1_fire_s) { transformation: [0.00000808971816578835f,0.0000014842164664151926f,-0.00000568801911731457f,0.5054390964097143f,-0.000005608307114665091f,0.000004848308319007541f,-0.000006711244128433952f,0.5816018155487241f,0.0000017616331359596206f,0.000008619223162481888f,0.0000047545389649917505f,0.6974782984931334f,0f,0f,0f,1f], start_interpolation: 0, interpolation_duration: 1 }
$data merge entity $(bone_finger_right_1) { transformation: [1.6083222616858257f,0.2950780651656487f,-1.1308388727260543f,1.0898278502614676f,-1.1149912763379763f,0.9638954091074351f,-1.3342669193367063f,1.2616193120557058f,0.3502314581822228f,1.7135935030817993f,0.9452530613226532f,0.17428147882271733f,0f,0f,0f,1f], start_interpolation: 0, interpolation_duration: 1 }
$data merge entity $(bone_finger_right_2_fire) { transformation: [-0.617868802286712f,1.5007337314181042f,-0.3792284118080507f,1.0596064516803632f,0.2920203648446848f,-0.28798008652583157f,-1.6154161550691293f,0.6722131730372582f,-1.5201118470213104f,-0.6653145984616954f,-0.15618654038358012f,0.005512585714920401f,0f,0f,0f,1f], start_interpolation: 0, interpolation_duration: 1 }
$data merge entity $(bone_finger_right_2_fire_s) { transformation: [-0.0000037072128137202724f,0.000009004402388508626f,-0.0000022753704708483044f,1.0596064516803632f,0.000001752122189068109f,-0.0000017278805191549894f,-0.000009692496930414777f,0.6722131730372582f,-0.000009120671082127864f,-0.000003991887590770172f,-9.371192423014808e-7f,0.005512585714920401f,0f,0f,0f,1f], start_interpolation: 0, interpolation_duration: 1 }
$data merge entity $(bone_finger_right_2) { transformation: [-0.4605615677653231f,1.1186521759671146f,-0.2826781854611623f,1.1825337996667709f,0.217673002026505f,-0.21466136442665765f,-1.2041368559450716f,1.1917737860295632f,-1.1330966911611493f,-0.4959278302944423f,-0.11642199385481194f,0.05569840371626365f,0f,0f,0f,1f], start_interpolation: 0, interpolation_duration: 1 }
$data merge entity $(bone_finger_film_right) { transformation: [0.518435496094997f,0.3927053943342217f,-0.3003439302429289f,1.1603775958844946f,-0.4541886502286755f,-0.029026913998738156f,-0.9193270048923026f,1.1505885342358289f,-0.7886405958408542f,0.2748731322778358f,0.3320130086849227f,0.14273137679546793f,0f,0f,0f,1f], start_interpolation: 0, interpolation_duration: 1 }
$data merge entity $(bone_finger_right_0_fire) { transformation: [0.8429581835868705f,1.309771182184469f,-0.5930419283834839f,0.931537088110892f,-0.7329229688955973f,-0.19997550555987928f,-1.4834458185653805f,0.5257636575848955f,-1.236941065761407f,1.0110821060986828f,0.47483423669514935f,0.36614348255664275f,0f,0f,0f,1f], start_interpolation: 0, interpolation_duration: 1 }
$data merge entity $(bone_finger_right_0_fire_s) { transformation: [0.000005057749101521223f,0.000007858627093106814f,-0.0000035582515703009035f,0.931537088110892f,-0.0000043975378133735835f,-0.0000011998530333592757f,-0.000008900674911392282f,0.5257636575848955f,-0.000007421646394568443f,0.0000060664926365920975f,0.000002849005420170896f,0.36614348255664275f,0f,0f,0f,1f], start_interpolation: 0, interpolation_duration: 1 }
$data merge entity $(bone_fire_large_right) { transformation: [0.000013487330937389929f,0.000020956338914951503f,-0.000009488670854135743f,0.8445499794379354f,-0.000011726767502329556f,-0.0000031996080889580683f,-0.000023735133097046085f,0.5326298951145144f,-0.00001979105705218251f,0.000016177313697578924f,0.000007597347787122389f,0.30093594851664096f,0f,0f,0f,1f], start_interpolation: 0, interpolation_duration: 1 }
$data merge entity $(bone_finger_right_0) { transformation: [0.7397293136852765f,1.1493762757713635f,-0.5204178655731604f,1.1249847228545884f,-0.6431690388939002f,-0.17548645515514008f,-1.3017826727624093f,1.1597420939800787f,-1.0854649536129988f,0.8872647386153116f,0.41668591736090216f,0.12338861385076105f,0f,0f,0f,1f], start_interpolation: 0, interpolation_duration: 1 }
$data merge entity $(bone_wing_right_1_model) { transformation: [-0.3642492640051633f,0.8543819483900805f,0.4102816629813071f,0.6848403425027636f,-0.5155730874176333f,-0.5474321340093812f,0.6822606050670259f,1.4067644606410792f,0.7952885943128988f,0.03642290434527127f,0.6302114778681114f,0.09979331337414668f,0f,0f,0f,1f], start_interpolation: 0, interpolation_duration: 1 }
$data merge entity $(bone_wing_right_0) { transformation: [0.1416626272795043f,0.9791304602422926f,0.14572316856967077f,0.6775427833876219f,-0.9094857036454571f,0.18685781484523434f,-0.3713757018112408f,1.6246368929555f,-0.39085477468849705f,-0.07992308087768246f,0.9169759245728449f,-0.31375747504324897f,0f,0f,0f,1f], start_interpolation: 0, interpolation_duration: 1 }
$data merge entity $(bone_finger_left_1_fire) { transformation: [-0.5812333029043917f,0.044088598487860196f,-1.5614102026232588f,-0.41824222208826856f,-0.811511234424984f,1.4150041480781248f,0.34203882104450883f,2.7734968319090383f,1.3346891554870255f,0.8795437647910731f,-0.4720014849767473f,-1.1619805999414101f,0f,0f,0f,1f], start_interpolation: 0, interpolation_duration: 1 }
$data merge entity $(bone_finger_left_1_fire_s) { transformation: [-0.00000348739981742635f,2.645315909271612e-7f,-0.000009368461215739553f,-0.41824222208826856f,-0.000004869067406549904f,0.00000849002488846875f,0.000002052232926267053f,2.7734968319090383f,0.000008008134932922154f,0.000005277262588746439f,-0.000002832008909860484f,-1.1619805999414101f,0f,0f,0f,1f], start_interpolation: 0, interpolation_duration: 1 }
$data merge entity $(bone_finger_left_1) { transformation: [-0.6933322826357442f,0.05259170194662286f,-1.8625500199419909f,0.5525788670898131f,-0.968022537141124f,1.6879075080930641f,0.408005796226437f,2.53087435027702f,1.5921026447708753f,1.0491760934437386f,-0.5630335793753027f,-0.8857385547870387f,0f,0f,0f,1f], start_interpolation: 0, interpolation_duration: 1 }
$data merge entity $(bone_finger_left_2_fire) { transformation: [-0.17329759679953094f,1.3408633285022886f,-0.9745928662775285f,0.3259233753648436f,1.6399585235295309f,-0.004026179725501594f,-0.29714913554886574f,2.363762229318917f,-0.24141615899547328f,-0.9898722654627516f,-1.3189575103168756f,-1.4311711317619191f,0f,0f,0f,1f], start_interpolation: 0, interpolation_duration: 1 }
$data merge entity $(bone_finger_left_2_fire_s) { transformation: [-0.0000010397855807971857f,0.000008045179971013732f,-0.000005847557197665171f,0.3259233753648436f,0.000009839751141177185f,-2.4157078353009568e-8f,-0.0000017828948132931946f,2.363762229318917f,-0.0000014484969539728396f,-0.0000059392335927765095f,-0.000007913745061901254f,-1.4311711317619191f,0f,0f,0f,1f], start_interpolation: 0, interpolation_duration: 1 }
$data merge entity $(bone_finger_left_2) { transformation: [-0.12917663519595915f,0.9994842180872556f,-0.7264649335983017f,0.6401796339162799f,1.2224308232937444f,-0.003001128459017927f,-0.22149600566009892f,2.459675434264614f,-0.17995244987178224f,-0.737854251228864f,-0.983155544541485f,-1.0073590969367239f,0f,0f,0f,1f], start_interpolation: 0, interpolation_duration: 1 }
$data merge entity $(bone_finger_film_left) { transformation: [-0.5068512164859645f,0.20936973919497479f,-0.7758828148626821f,0.572231901793212f,0.513056892102767f,0.40984718893754685f,0.18198859558823463f,2.5303548053680207f,0.7595335100103069f,-0.13713103716203098f,-0.6406928007794521f,-1.019581737163748f,0f,0f,0f,1f], start_interpolation: 0, interpolation_duration: 1 }
$data merge entity $(bone_finger_left_0_fire) { transformation: [-0.8102234866205836f,0.6182273369775556f,-1.318753441443776f,0.025473379538810015f,0.7926970320041092f,1.453165117484941f,0.19421723547263542f,2.6420298769394144f,1.2218621423704228f,-0.5328075439747423f,-1.0004732899499826f,-1.4453409064276448f,0f,0f,0f,1f], start_interpolation: 0, interpolation_duration: 1 }
$data merge entity $(bone_finger_left_0_fire_s) { transformation: [-0.000004861340919723502f,0.0000037093640218653338f,-0.000007912520648662656f,0.025473379538810015f,0.0000047561821920246555f,0.000008718990704909645f,0.0000011653034128358127f,2.6420298769394144f,0.000007331172854222537f,-0.000003196845263848454f,-0.000006002839739699896f,-1.4453409064276448f,0f,0f,0f,1f], start_interpolation: 0, interpolation_duration: 1 }
$data merge entity $(bone_fire_large_left) { transformation: [-0.000012963575785929338f,0.000009891637391640889f,-0.000021100055063100416f,-0.01914808971635884f,0.000012683152512065748f,0.00002325064187975905f,0.000003107475767562167f,2.547291725416109f,0.000019549794277926764f,-0.000008524920703595876f,-0.00001600757263919972f,-1.4153487088401198f,0f,0f,0f,1f], start_interpolation: 0, interpolation_duration: 1 }
$data merge entity $(bone_finger_left_0) { transformation: [-0.7110033158931554f,0.5425190627344499f,-1.1572585653162109f,0.5543164836109429f,0.695623155290628f,1.2752101539064558f,0.17043334426234763f,2.498391850961486f,1.0722325989502053f,-0.4675597989377093f,-0.8779550807443853f,-1.0003985952782812f,0f,0f,0f,1f], start_interpolation: 0, interpolation_duration: 1 }
$data merge entity $(bone_wing_left_1_model) { transformation: [0.7458853419673129f,0.35193804305442816f,0.592259869931405f,0.3537539114086456f,-0.6846324278477797f,0.47605857364264104f,0.579330437869813f,2.256211663483513f,-0.07688028628588718f,-0.8249151055437125f,0.5870107096708257f,-0.6048897144482706f,0f,0f,0f,1f], start_interpolation: 0, interpolation_duration: 1 }
$data merge entity $(bone_wing_left_0) { transformation: [0.4735101535685212f,0.8777544632362856f,-0.07304270488074793f,0.46369452191062466f,0.20029417427951587f,-0.026550767767205413f,0.9793759750375027f,1.8102830514072143f,0.8577122933811796f,-0.47837449660255993f,-0.18838116355688309f,-0.5176738023798536f,0f,0f,0f,1f], start_interpolation: 0, interpolation_duration: 1 }
$data merge entity $(bone_body_0) { transformation: [0.6128049961192441f,0.619467777704221f,-0.49064213956557723f,0.19784068393178986f,-0.5319888626814613f,0.7825093484074618f,0.3235227497994771f,1.6121636415439966f,0.5843439797877436f,0.06275979637573442f,0.8090755967427876f,-0.12064333120614035f,0f,0f,0f,1f], start_interpolation: 0, interpolation_duration: 1 }
$data merge entity $(bone_leg_right_3) { transformation: [0.15582655875134732f,0.9874094171134604f,-0.02721629260882824f,-0.5497916218198314f,-0.9860759867435682f,0.1538781805760008f,-0.06305278669747931f,1.30422357213947f,-0.058070921771666804f,0.036662631360502754f,0.9976390226461236f,-0.4023235308791706f,0f,0f,0f,1f], start_interpolation: 0, interpolation_duration: 1 }
$data merge entity $(bone_leg_right_2) { transformation: [0.03117932722263206f,0.018374577296521533f,-0.9993448976520161f,-0.5398057080799308f,-0.9449296553188652f,0.3264301658609725f,-0.023479636175815596f,1.3661403959237035f,0.3257848923030574f,0.9450427089423801f,0.027540555948149414f,-0.24287571696261967f,0f,0f,0f,1f], start_interpolation: 0, interpolation_duration: 1 }
$data merge entity $(bone_leg_right_1) { transformation: [0.044522471125083174f,-0.1511515138624942f,-0.9875074528437711f,-0.2206958853398347f,-0.9690035073612203f,0.2339088682396202f,-0.0794911572472905f,1.3837012208179218f,0.24300195942948613f,0.9604373281042008f,-0.13605214624361545f,-0.21207784577035407f,0f,0f,0f,1f], start_interpolation: 0, interpolation_duration: 1 }
$data merge entity $(bone_leg_right_0) { transformation: [0.031179333416410437f,0.3384148630493067f,-0.9404803185793031f,-0.03289902663672659f,-0.9449296693045105f,0.31667256660124393f,0.08262206503258843f,1.5096590696644518f,0.32578485114531786f,0.886111655509338f,0.32965188416680324f,0.05981648041883178f,0f,0f,0f,1f], start_interpolation: 0, interpolation_duration: 1 }
$data merge entity $(bone_leg_left_3) { transformation: [-0.15585267167027872f,0.8863546466163171f,-0.43598782684256193f,-0.41203862901172655f,-0.9876947731638798f,-0.14564614240953536f,0.0569757515612868f,1.9590859208940476f,-0.012999222976332141f,0.4395027208367257f,0.8981471920454502f,-0.555831800342155f,0f,0f,0f,1f], start_interpolation: 0, interpolation_duration: 1 }
$data merge entity $(bone_leg_left_2) { transformation: [-0.009320028866867142f,-0.03538063873608299f,-0.9993304495833936f,-0.4111126387574535f,-0.9225828686661034f,-0.3851573839476716f,0.022240504364995778f,1.8872704378674416f,-0.3856863849110366f,0.9221724350647296f,-0.029051893243695226f,-0.4002725002562396f,0f,0f,0f,1f], start_interpolation: 0, interpolation_duration: 1 }
$data merge entity $(bone_leg_left_1) { transformation: [-0.05243136687929416f,-0.4923579270758021f,-0.8688121911050672f,-0.12506903809517533f,-0.9479086029588513f,-0.24919362961474356f,0.19842332371984106f,1.8316906790314633f,-0.3141977597052017f,0.8339581563873869f,-0.45364475219182615f,-0.2654469858383451f,0f,0f,0f,1f], start_interpolation: 0, interpolation_duration: 1 }
$data merge entity $(bone_leg_left_0) { transformation: [-0.05243136687929416f,0.010625901277759753f,-0.9985679956764106f,-0.046226717152990426f,-0.9479086029588513f,-0.31514227729609606f,0.04641794369884696f,1.696304446468454f,-0.3141977597052017f,0.9489849499769035f,0.026595723595467802f,0.05159247684653292f,0f,0f,0f,1f], start_interpolation: 0, interpolation_duration: 1 }
$data merge entity $(bone_tail_3) { transformation: [-1.3766796372434522f,-0.8838607503699143f,1.8132983966211396f,-0.9610248928076494f,0.45567538888681575f,2.002325407935088f,1.3219533371244465f,2.109828882157646f,-1.9651007203693436f,1.0835085876573118f,-0.963792521298423f,0.169813267240767f,0f,0f,0f,1f], start_interpolation: 0, interpolation_duration: 1 }
$data merge entity $(bone_tail_2) { transformation: [-0.8476025510222053f,-0.7661883058704004f,-0.17731175355315656f,-0.8845379710534385f,-0.5629217192945905f,0.40903645569539226f,0.9234296824114836f,1.7295851322278744f,-0.549184045604998f,0.7632553441408693f,-0.6728686544886238f,0.44151991395954115f,0f,0f,0f,1f], start_interpolation: 0, interpolation_duration: 1 }
$data merge entity $(bone_tail_1) { transformation: [-0.4595034148573132f,0.28935244872314364f,-1.2745631064918548f,-0.5042873535514019f,-1.293920804809474f,0.08990760119034234f,0.486893124214318f,1.5833282040270906f,0.18440418350311077f,1.3518768893445503f,0.24042319655231295f,0.36278837584079354f,0f,0f,0f,1f], start_interpolation: 0, interpolation_duration: 1 }
$data merge entity $(bone_tail_0) { transformation: [0.08523948771088134f,0.8574228463193047f,-0.8322046819276295f,-0.24345056759457703f,-1.1937219192599862f,0.0978332246609451f,-0.021470442670666848f,1.5912663774817981f,0.05259799892410229f,0.8308183092830356f,0.8613818710345819f,0.12023879942535791f,0f,0f,0f,1f], start_interpolation: 0, interpolation_duration: 1 }
$data merge entity $(bone_body_1) { transformation: [0.07263886778840323f,0.46464165253553563f,-0.9060532125984158f,0.023405169624389516f,-1.0172586790215532f,0.0730994818827562f,-0.044067449985692814f,1.6051878017787937f,0.0448226425614089f,0.9060161670312311f,0.46821611488317344f,0.0037260588654895203f,0f,0f,0f,1f], start_interpolation: 0, interpolation_duration: 1 }
data modify entity @s data merge value {"locators":{"body_1":{"posx":-0.15728514934964077,"posy":1.5863307612847573,"posz":-0.1314142980271598,"roty":242.67168552341795,"rotx":-2.4741195779790095},"body_0":{"posx":0.19714559774220108,"posy":1.4362999164191854,"posz":-0.2800213586142245,"roty":211.2335906984486,"rotx":18.876100233048973},"neck_1":{"posx":0.3163775683300444,"posy":1.3492913218091227,"posz":-0.48851687027028323,"roty":187.62720818881584,"rotx":43.15210718876926},"neck_0":{"posx":0.2888973326802937,"posy":1.1679650661327032,"posz":-0.6254704993858873,"roty":156.00472767776114,"rotx":55.628322248852726},"head_0":{"posx":0.24329362428053755,"posy":0.9287624159008928,"posz":-0.9644898073341626,"roty":210.34077908856517,"rotx":33.52841337198893},"arm_right_0":{"posx":0.11595881182584411,"posy":0.7085364839802479,"posz":-0.32661355815508436,"roty":226.23592153768683,"rotx":7.554580064408857},"arm_left_0":{"posx":-0.03263979354395463,"posy":1.1803174064362223,"posz":-1.0407934267483272,"roty":259.5494795363052,"rotx":-18.294968551024215},"finger_right_0":{"posx":1.111703680914678,"posy":1.2590642069252451,"posz":-0.044151696084187744,"roty":230.10820131334972,"rotx":-42.153906946535805},"finger_right_1":{"posx":0.8889645436229192,"posy":0.7866984845024771,"posz":0.2599090884570042,"roty":230.10820131334972,"rotx":-42.153906946535805},"finger_right_2":{"posx":0.5475281387844408,"posy":0.34149666077021135,"posz":0.5691296747779063,"roty":230.10820131334972,"rotx":-42.153906946535805},"finger_right_3":{"posx":0.18110908778448212,"posy":-0.1362808180204597,"posz":0.9009760210481684,"roty":230.10820131334972,"rotx":-42.153906946535805},"finger_left_0":{"posx":0.6482502235519865,"posy":2.339798660694881,"posz":-0.9360893723802423,"roty":286.8196359073296,"rotx":11.842570695561337},"finger_left_1":{"posx":0.14535263523041883,"posy":2.527862152338405,"posz":-1.2134360840399678,"roty":286.8196359073296,"rotx":11.842570695561337},"finger_left_2":{"posx":-0.4444984179327413,"posy":2.6728142664676215,"posz":-1.4170668113381446,"roty":286.8196359073296,"rotx":11.842570695561337},"finger_left_3":{"posx":-1.0775088017065462,"posy":2.8283727116751862,"posz":-1.635597499954981,"roty":286.8196359073296,"rotx":11.842570695561337},"leg_right_0":{"posx":-0.26975653816269496,"posy":1.3393859845310894,"posz":-0.3343444366742683,"roty":250.68370203350742,"rotx":4.73929814874996},"leg_left_0":{"posx":-0.1286895720362694,"posy":1.8760752660024367,"posz":-0.3971162960333394,"roty":268.4743527124142,"rotx":2.660508251335453},"tail_0":{"posx":-0.5006745764378867,"posy":1.5729702096323381,"posz":0.12185684844097627,"roty":224.01300324599322,"rotx":-1.0269759625271195},"tail_1":{"posx":-0.7664616023674352,"posy":1.656843916899838,"posz":0.2253378485768979,"roty":259.3177098296357,"rotx":20.575518462715483},"tail_2":{"posx":-0.789484279059723,"posy":1.864872355497033,"posz":0.15614405609650667,"roty":345.23724207690026,"rotx":53.0006071685892},"tail_3":{"posx":-0.7217994224033228,"posy":2.037035681753349,"posz":-0.014659162065570365,"roty":62.008753885736496,"rotx":32.77139767789536},"tail_4":{"posx":-0.39696650533520855,"posy":2.2738494127565985,"posz":-0.1873122326937527,"roty":62.008753885736496,"rotx":32.77139767789536},"shadow":{"posx":0.21801094732327514,"posy":1.6399123520194139,"posz":-0.2358369859917082,"roty":293.7539133901558,"rotx":11.940857717349447}},"cameras":{}}