# This file was generated by Animated Java via MC-Build. It is not recommended to edit this file directly.
$data merge entity $(bone_head_lower) { transformation: [-0.9134545460230004f,-0.3386383718511933f,-0.22566533951825074f,0.45076408157177605f,-0.3671838184949088f,0.4468096917826099f,0.8158045983963483f,0.6428964979024133f,-0.17543328015348839f,0.8280610801378737f,-0.5324828746311805f,0.12745423792251512f,0f,0f,0f,1f], start_interpolation: 0, interpolation_duration: 1 }
$data merge entity $(bone_head_upper) { transformation: [-0.9134545460230004f,-0.30557890265665005f,-0.26874211914225876f,0.4428075188479811f,-0.3671838184949088f,0.3342170174154943f,0.8680293939178496f,0.6612940382884507f,-0.17543328015348839f,0.8915831534529176f,-0.41749568224538425f,0.13258541520039863f,0f,0f,0f,1f], start_interpolation: 0, interpolation_duration: 1 }
$data merge entity $(bone_neck_0) { transformation: [-0.9004155181436437f,0.3910784699014965f,-0.19055058400754912f,0.4003872843232663f,-0.15231841415266922f,0.12687733235521093f,0.9801536834825657f,0.8431849720214132f,0.40749355258228276f,0.9115699495452502f,-0.05467386660865209f,0.106839918595825f,0f,0f,0f,1f], start_interpolation: 0, interpolation_duration: 1 }
$data merge entity $(bone_neck_1) { transformation: [-0.8879661874072401f,0.4364862836320105f,-0.1448991864109888f,0.3785821592133805f,-0.2605489209239923f,-0.21780910413204646f,0.9405708128378951f,1.0055591543606832f,0.37898589660671217f,0.872948405324342f,0.3071331499771639f,0.1673809687775927f,0f,0f,0f,1f], start_interpolation: 0, interpolation_duration: 1 }
$data merge entity $(bone_neck_2) { transformation: [-0.8879661874072401f,0.38561778821846027f,-0.25062915119944273f,0.37674739358328035f,-0.2605489209239923f,0.027274098803706626f,0.9650753252154927f,1.2280763991318795f,0.37898589660671217f,0.9222554119895143f,0.07625382107972073f,0.31606042802734696f,0f,0f,0f,1f], start_interpolation: 0, interpolation_duration: 1 }
$data merge entity $(bone_arm_right_2) { transformation: [-0.89114401372734f,0.3850967624671666f,-0.23992255070174923f,-0.12548315007444852f,-0.10545654719157763f,0.3385096508835135f,0.9350348297861169f,0.7865924911968585f,0.441294984621803f,0.8585520949808629f,-0.2610498740693324f,-0.2197272588368096f,0f,0f,0f,1f], start_interpolation: 0, interpolation_duration: 1 }
$data merge entity $(bone_arm_right_1) { transformation: [-0.9328917086223096f,-0.021037914094312396f,-0.3595420227933145f,0.005236116188360507f,-0.2776324054668953f,0.6779177947923086f,0.6806964895888614f,1.040514472339535f,0.22941950095493924f,0.7348366278803022f,-0.638264696585275f,-0.025614444128550407f,0f,0f,0f,1f], start_interpolation: 0, interpolation_duration: 1 }
$data merge entity $(bone_arm_right_0) { transformation: [-0.8586940254755244f,0.4643617933688786f,-0.2168241118323297f,0.16820152858984158f,-0.033308963818610565f,0.3716169117655181f,0.9277884369936875f,1.1747911191036706f,0.5114050093047293f,0.80390857424778f,-0.3036378117246463f,0.21591876283981432f,0f,0f,0f,1f], start_interpolation: 0, interpolation_duration: 1 }
$data merge entity $(bone_arm_left_2) { transformation: [-0.9357806863665046f,-0.3090243810893015f,-0.1697599449687946f,0.7345972204240551f,-0.2615988436987443f,0.28572076603353935f,0.921916313356417f,0.9137824694768364f,-0.2363906766328019f,0.9071204857953444f,-0.34821239531571013f,-0.2753862017269637f,0f,0f,0f,1f], start_interpolation: 0, interpolation_duration: 1 }
$data merge entity $(bone_arm_left_1) { transformation: [-0.9831999426391471f,-0.11606892120066853f,-0.14087540000188536f,0.5526799704862871f,-0.13773868675815323f,0.9782099157110684f,0.15534933207028526f,1.1989425169540906f,0.11977448377896475f,0.17214344697332362f,-0.9777631137957828f,-0.2058624977726885f,0f,0f,0f,1f], start_interpolation: 0, interpolation_duration: 1 }
$data merge entity $(bone_arm_left_0) { transformation: [-0.9481440966481021f,-0.24974278921359064f,-0.1965993673112169f,0.44989313578943096f,-0.23914959460792928f,0.15312730597595914f,0.9588323625970331f,1.258160697846793f,-0.20935673715029535f,0.9561279032641823f,-0.20491263799341694f,0.0922218983948877f,0f,0f,0f,1f], start_interpolation: 0, interpolation_duration: 1 }
$data merge entity $(bone_finger_right_1_fire) { transformation: [-1.0091444319893539f,-0.7656587231460387f,-1.083130653630041f,-1.0587631529383859f,-0.7037899180830064f,1.4626672767877307f,-0.37823533203133747f,1.2091949341045365f,1.1243153669533195f,0.22836141281424666f,-1.208943256959516f,0.11969926714149648f,0f,0f,0f,1f], start_interpolation: 0, interpolation_duration: 1 }
$data merge entity $(bone_finger_right_1_fire_s) { transformation: [-0.000006054866591936124f,-0.000004593952338876232f,-0.000006498783921780246f,-1.0587631529383859f,-0.000004222739508498038f,0.000008776003660726384f,-0.000002269411992188025f,1.2091949341045365f,0.000006745892201719917f,0.00000137016847688548f,-0.000007253659541757097f,0.11969926714149648f,0f,0f,0f,1f], start_interpolation: 0, interpolation_duration: 1 }
$data merge entity $(bone_finger_right_1) { transformation: [-1.2037720637205487f,-0.9133267271268762f,-1.2920275640117451f,-0.3681539024835192f,-0.8395256568441672f,1.7447631384581195f,-0.4511833111082293f,1.414687454999364f,1.3411553258854043f,0.2724041083352535f,-1.442104889269756f,0.867028251150361f,0f,0f,0f,1f], start_interpolation: 0, interpolation_duration: 1 }
$data merge entity $(bone_finger_right_2_fire) { transformation: [1.5174596463972956f,0.1222181980346009f,-0.6783485176535335f,-0.5412743412358614f,-0.5342623626980733f,-0.8277935764400833f,-1.3442839359252141f,0.8435200748458833f,-0.4354971034781332f,1.4413876247045725f,-0.7145080587288333f,0.7227502169010043f,0f,0f,0f,1f], start_interpolation: 0, interpolation_duration: 1 }
$data merge entity $(bone_finger_right_2_fire_s) { transformation: [0.000009104757878383775f,7.333091882076055e-7f,-0.000004070091105921201f,-0.5412743412358614f,-0.0000032055741761884396f,-0.0000049667614586405f,-0.000008065703615551285f,0.8435200748458833f,-0.000002612982620868799f,0.000008648325748227435f,-0.000004287048352373f,0.7227502169010043f,0f,0f,0f,1f], start_interpolation: 0, interpolation_duration: 1 }
$data merge entity $(bone_finger_right_2) { transformation: [1.1311197315333064f,0.09110187257868461f,-0.5056433592787557f,-0.32323141582926135f,-0.3982410350734132f,-0.6170402291559556f,-1.00203395083243f,1.2757115581502239f,-0.3246210651724626f,1.0744153803114747f,-0.5325968077546778f,0.9534898628739077f,0f,0f,0f,1f], start_interpolation: 0, interpolation_duration: 1 }
$data merge entity $(bone_finger_film_right) { transformation: [0.33002906657446796f,-0.30858132384048764f,-0.7075638596142099f,-0.4157107073165541f,-0.8786980758213548f,0.0706423352682485f,-0.5319701300506944f,1.2962410132684201f,0.4605673686203428f,0.3558960132849648f,-0.5079050438167398f,0.9179664849281712f,0f,0f,0f,1f], start_interpolation: 0, interpolation_duration: 1 }
$data merge entity $(bone_finger_right_0_fire) { transformation: [0.4836606242673488f,-1.170666123546371f,-1.0832317413610113f,-0.8930549840316704f,-1.398018041962309f,0.2336883706499011f,-0.8767628399679371f,0.9369688818975385f,0.7677211294858093f,1.1630599083373503f,-0.9141518991596125f,0.5497359344847561f,0f,0f,0f,1f], start_interpolation: 0, interpolation_duration: 1 }
$data merge entity $(bone_finger_right_0_fire_s) { transformation: [0.000002901963745604093f,-0.000007023996741278225f,-0.0000064993904481660685f,-0.8930549840316704f,-0.000008388108251773854f,0.0000014021302238994066f,-0.0000052605770398076225f,0.9369688818975385f,0.000004606326776914856f,0.000006978359450024102f,-0.000005484911394957675f,0.5497359344847561f,0f,0f,0f,1f], start_interpolation: 0, interpolation_duration: 1 }
$data merge entity $(bone_fire_large_right) { transformation: [0.000007738569988277581f,-0.00001873065797674193f,-0.00001733170786177618f,-0.8203450863235298f,-0.000022368288671396943f,0.0000037390139303984177f,-0.000014028205439486993f,0.9172700551042158f,0.000012283538071772948f,0.000018608958533397605f,-0.0000146264303865538f,0.4710520620145335f,0f,0f,0f,1f], start_interpolation: 0, interpolation_duration: 1 }
$data merge entity $(bone_finger_right_0) { transformation: [0.4244314233044132f,-1.0273060573903514f,-0.9505789115060066f,-0.38675664627529743f,-1.2268164030390942f,0.20507083435802156f,-0.7693942433947535f,1.297070982660034f,0.6737058080386946f,1.0206313011973813f,-0.8022046290505516f,0.8848016619084857f,0f,0f,0f,1f], start_interpolation: 0, interpolation_duration: 1 }
$data merge entity $(bone_wing_right_1_model) { transformation: [-0.9504661021911769f,-0.35603312659817216f,-0.028838938816836388f,-0.22223413418481197f,0.13042419915689454f,-0.4222281492227457f,0.9141608180840268f,1.484740054543437f,-0.33253691509610483f,0.8520216463274304f,0.4409709710737222f,0.4454652010216916f,0f,0f,0f,1f], start_interpolation: 0, interpolation_duration: 1 }
$data merge entity $(bone_wing_right_0) { transformation: [-0.4204091954337256f,0.14389320622352492f,-0.8958520266190626f,0.21629697086076055f,-0.8949015456231173f,0.0971321035319368f,0.43556466581303027f,1.3239332977642615f,0.14969078808037314f,0.984814753984817f,0.0879350231574515f,0.4648961158389054f,0f,0f,0f,1f], start_interpolation: 0, interpolation_duration: 1 }
$data merge entity $(bone_finger_left_1_fire) { transformation: [-1.5447256971848087f,0.5946900553515337f,0.19479229014690097f,1.4277837011382948f,0.5961473329227925f,1.5562235460314888f,-0.023545912681365116f,1.6557198123826968f,-0.19028572117667325f,0.04785175671745431f,-1.6550768355194594f,-0.4180198417664809f,0f,0f,0f,1f], start_interpolation: 0, interpolation_duration: 1 }
$data merge entity $(bone_finger_left_1_fire_s) { transformation: [-0.000009268354183108853f,0.0000035681403321092024f,0.000001168753740881406f,1.4277837011382948f,0.0000035768839975367553f,0.000009337341276188933f,-1.412754760881907e-7f,1.6557198123826968f,-0.0000011417143270600394f,2.8711054030472585e-7f,-0.000009930461013116757f,-0.4180198417664809f,0f,0f,0f,1f], start_interpolation: 0, interpolation_duration: 1 }
$data merge entity $(bone_finger_left_1) { transformation: [-1.8426476740466597f,0.7093843581868519f,0.23236071039379289f,1.2934712870364031f,0.711122692139614f,1.8563630440133059f,-0.028087071584743918f,1.6384219922170122f,-0.22698498650569113f,0.05708063792500941f,-1.9742815743250843f,0.6112176838479442f,0f,0f,0f,1f], start_interpolation: 0, interpolation_duration: 1 }
$data merge entity $(bone_finger_left_2_fire) { transformation: [1.4162638029849572f,0.8382923670639957f,0.26313594481675734f,1.4069582834116754f,0.7836470620903498f,-0.9794702360159379f,-1.0974120085974208f,1.1323333407894236f,-0.39733097061458356f,1.056258368894139f,-1.2264681551957828f,0.2825628616073802f,0f,0f,0f,1f], start_interpolation: 0, interpolation_duration: 1 }
$data merge entity $(bone_finger_left_2_fire_s) { transformation: [0.000008497582817909744f,0.000005029754202383974f,0.0000015788156689005442f,1.4069582834116754f,0.000004701882372542099f,-0.0000058768214160956275f,-0.000006584472051584525f,1.1323333407894236f,-0.0000023839858236875014f,0.000006337550213364834f,-0.000007358808931174697f,0.2825628616073802f,0f,0f,0f,1f], start_interpolation: 0, interpolation_duration: 1 }
$data merge entity $(bone_finger_left_2) { transformation: [1.0556879956682974f,0.624866064432787f,0.19614245424221774f,1.3230008434094245f,0.584133262846864f,-0.7301005420721061f,-0.8180147521505474f,1.4850590441112343f,-0.2961718961545077f,0.7873386850779822f,-0.9142136555214795f,0.6776688047021122f,0f,0f,0f,1f], start_interpolation: 0, interpolation_duration: 1 }
$data merge entity $(bone_finger_film_left) { transformation: [-0.0991144664034354f,0.44953713121300926f,0.3231999469194035f,1.3739960519809926f,0.9701318267218739f,0.09479094137110253f,-0.32183283836598947f,1.5275026356534447f,-0.3770574964178224f,0.1257210814548991f,-0.9130015261177721f,0.6012893670120008f,0f,0f,0f,1f], start_interpolation: 0, interpolation_duration: 1 }
$data merge entity $(bone_finger_left_0_fire) { transformation: [-0.21147109105029382f,1.5987359096153921f,0.42083398951845774f,1.5770006062771613f,1.5386778809230137f,0.34549541925074173f,-0.539333914947685f,1.3126435194685842f,-0.6045892276463758f,0.3200846518669354f,-1.519801124894623f,-0.03522651833540269f,0f,0f,0f,1f], start_interpolation: 0, interpolation_duration: 1 }
$data merge entity $(bone_finger_left_0_fire_s) { transformation: [-0.0000012688265463017629f,0.000009592415457692353f,0.0000025250039371107463f,1.5770006062771613f,0.000009232067285538084f,0.0000020729725155044507f,-0.0000032360034896861105f,1.3126435194685842f,-0.000003627535365878255f,0.0000019205079112016126f,-0.000009118806749367739f,-0.03522651833540269f,0f,0f,0f,1f], start_interpolation: 0, interpolation_duration: 1 }
$data merge entity $(bone_fire_large_left) { transformation: [-0.000003383537456804701f,0.000025579774553846273f,0.000006733343832295323f,1.4744473423024085f,0.000024618846094768223f,0.0000055279267080118686f,-0.000008629342639162961f,1.286801429935809f,-0.000009673427642342013f,0.000005121354429870966f,-0.00002431681799831397f,-0.06132133094972503f,0f,0f,0f,1f], start_interpolation: 0, interpolation_duration: 1 }
$data merge entity $(bone_finger_left_0) { transformation: [-0.18557428837250206f,1.4029543104399138f,0.36929855395353f,1.3311696320177848f,1.3502510029557113f,0.3031859638354411f,-0.4732869488897128f,1.5258469664125491f,-0.5305510796814937f,0.28088700537814754f,-1.3336858991897464f,0.5911854816999732f,0f,0f,0f,1f], start_interpolation: 0, interpolation_duration: 1 }
$data merge entity $(bone_wing_left_1_model) { transformation: [-0.5322682677878625f,0.8540566969821165f,-0.13511007544941148f,0.9177746669173545f,-0.6672581919197599f,-0.30479131340278837f,0.7020298025240926f,1.6681116139968424f,0.549940068974721f,0.4568002809281547f,0.7210246229650403f,0.337869007170569f,0f,0f,0f,1f], start_interpolation: 0, interpolation_duration: 1 }
$data merge entity $(bone_wing_left_0) { transformation: [-0.5348839226013496f,0.15325543995561566f,0.8309103197497334f,0.5246918377499017f,0.6656119513209485f,-0.5293154571818185f,0.5261044354946285f,1.4152059856327075f,0.5204420424997513f,0.834468643456669f,0.18111367559153016f,0.32947327373034263f,0f,0f,0f,1f], start_interpolation: 0, interpolation_duration: 1 }
$data merge entity $(bone_body_0) { transformation: [-0.8837383755281236f,0.23029545716201777f,-0.4073947545433673f,0.14470891995921303f,-0.2615516195862664f,0.47882545897232764f,0.8380435132686971f,1.5532126453422752f,0.3880685943370247f,0.8471659708997272f,-0.3629222834696276f,0.006781620853901826f,0f,0f,0f,1f], start_interpolation: 0, interpolation_duration: 1 }
$data merge entity $(bone_leg_right_3) { transformation: [-0.6908505101208194f,0.4786969023068266f,-0.5418254777948819f,-0.21306396965927415f,-0.655549659632692f,-0.0986722891292354f,0.7486777832375275f,1.219375749381158f,0.3049265754591836f,0.8724179360145258f,0.3819773926541854f,-0.7189034274838453f,0f,0f,0f,1f], start_interpolation: 0, interpolation_duration: 1 }
$data merge entity $(bone_leg_right_2) { transformation: [-0.8910756094897724f,-0.19179039966044664f,-0.4113401278388932f,-0.2374096429111468f,-0.30417175223403425f,0.9250235152386517f,0.22762038880206964f,1.3779269714942535f,0.33684388567303414f,0.32794502413303084f,-0.882603114560037f,-0.6586886862332804f,0f,0f,0f,1f], start_interpolation: 0, interpolation_duration: 1 }
$data merge entity $(bone_leg_right_1) { transformation: [-0.860868492236602f,-0.384174131432482f,-0.33364003928242425f,-0.1288441815709293f,-0.3858519576532391f,0.92032859453313f,-0.06413692274997929f,1.3833045209781947f,0.3316982150229973f,0.07352220632415679f,-0.9405162302309226f,-0.3565751430484543f,0f,0f,0f,1f], start_interpolation: 0, interpolation_duration: 1 }
$data merge entity $(bone_leg_right_0) { transformation: [-0.8910755961797482f,-0.10981459769940241f,-0.4403692042196238f,-0.11102790229633028f,-0.30417179400105715f,0.8646282453377777f,0.39987187585312156f,1.6579117052975423f,0.3368438831670909f,0.4902639610416354f,-0.8038516323779415f,-0.13446472242015234f,0f,0f,0f,1f], start_interpolation: 0, interpolation_duration: 1 }
$data merge entity $(bone_leg_left_3) { transformation: [-0.8088589105203237f,-0.03690060976601778f,-0.586843767855441f,0.4310122140716056f,-0.5828486400700059f,0.18216943856135626f,0.7918975681379411f,1.4684017293126177f,0.0776834965769401f,0.9825744962358508f,-0.16885684382471508f,-0.762980927103221f,0f,0f,0f,1f], start_interpolation: 0, interpolation_duration: 1 }
$data merge entity $(bone_leg_left_2) { transformation: [-0.5089381601295743f,-0.8005625770775413f,-0.31635661735909576f,0.2930988486392356f,-0.8555083350819856f,0.51110999114618f,0.08289792250594125f,1.5499117426955973f,0.09532805342171234f,0.31283563916778667f,-0.9450113359623309f,-0.7022105539190806f,0f,0f,0f,1f], start_interpolation: 0, interpolation_duration: 1 }
$data merge entity $(bone_leg_left_1) { transformation: [-0.5816027626918363f,-0.8083394878926411f,0.09124417100662374f,0.27831379398683076f,-0.8094402702961128f,0.5639126905652958f,-0.1637343160194745f,1.5980038386953228f,0.08089916719088883f,-0.16908503698693073f,-0.9822757123206034f,-0.38510406885225823f,0f,0f,0f,1f], start_interpolation: 0, interpolation_duration: 1 }
$data merge entity $(bone_leg_left_0) { transformation: [-0.5816027626918363f,-0.7448108218808128f,-0.3271010028086911f,0.03257397044600992f,-0.8094402702961128f,0.5698609863410813f,0.14165064443667777f,1.7634970317068286f,0.08089916719088883f,0.34715313026904737f,-0.9343125969889428f,-0.19201469412735372f,0f,0f,0f,1f], start_interpolation: 0, interpolation_duration: 1 }
$data merge entity $(bone_tail_3) { transformation: [1.1230475043716266f,1.0848344965676084f,1.8778727706678082f,0.012055497087184563f,-1.2961376976978802f,2.0312322997555463f,-0.39828399148127897f,2.124899223226138f,-1.738763668922584f,-0.8134723008933524f,1.509791854577371f,-1.069762857430427f,0f,0f,0f,1f], start_interpolation: 0, interpolation_duration: 1 }
$data merge entity $(bone_tail_2) { transformation: [-0.3935030709260199f,-0.21402888047642912f,1.065955455914457f,-0.4234092324502942f,-0.708011934969832f,0.9107529423802552f,-0.07849993876419317f,2.1524456962531286f,-0.825099082299857f,-0.6794371043501483f,-0.4410110975023414f,-0.8857201406935951f,0f,0f,0f,1f], start_interpolation: 0, interpolation_duration: 1 }
$data merge entity $(bone_tail_1) { transformation: [-1.2629865769134474f,-0.5530795914029314f,-0.13545188218624474f,-0.38009131442948174f,-0.5603242776101423f,1.1484459080771707f,0.5352457757135994f,1.986437147814775f,-0.10139502322551254f,0.5427285712694209f,-1.2706471136671773f,-0.5079040530587696f,0f,0f,0f,1f], start_interpolation: 0, interpolation_duration: 1 }
$data merge entity $(bone_tail_0) { transformation: [-0.9184299449287984f,-0.07197910870765023f,-0.7657086811872478f,-0.15384014168759808f,-0.6752887247742567f,0.6462593331603858f,0.7492251682729496f,1.7742494606073276f,0.36807052955733965f,1.0060677027370095f,-0.536056156627861f,-0.33264443775659175f,0f,0f,0f,1f], start_interpolation: 0, interpolation_duration: 1 }
$data merge entity $(bone_body_1) { transformation: [-0.7826620400262803f,-0.26409617630016197f,-0.5998283381184814f,0.01215560629750306f,-0.5754634350250186f,0.7240499638704204f,0.43208121830611124f,1.6646377269886599f,0.3136601034488633f,0.6694068672543785f,-0.703997500010882f,-0.11954425296576787f,0f,0f,0f,1f], start_interpolation: 0, interpolation_duration: 1 }
data modify entity @s data merge value {"locators":{"body_1":{"posx":0.006519906443821898,"posy":1.5622662098073228,"posz":-0.3214249275370442,"roty":319.56794326066654,"rotx":25.040781222959716},"body_0":{"posx":0.18618736402848265,"posy":1.3268632195646397,"posz":-0.0513162681594284,"roty":311.6958285436925,"rotx":56.934092489171846},"neck_1":{"posx":0.29817482777130855,"posy":1.0935263435118996,"posz":0.03946265898241462,"roty":253.07763747287655,"rotx":74.81286150092677},"neck_0":{"posx":0.34608600595254047,"posy":0.8494616978422048,"posz":-0.016073111687699843,"roty":205.25698722431625,"rotx":70.14763896357206},"head_0":{"posx":0.5491192443612762,"posy":0.4847639988469907,"posz":-0.05148074360507299,"roty":327.23060179661576,"rotx":60.23044364468353},"arm_right_0":{"posx":-0.13628952749651133,"posy":0.7520453581989951,"posz":-0.37379854914272775,"roty":330.60692645304914,"rotx":42.89809319916238},"arm_left_0":{"posx":0.7239311868184855,"posy":0.7904130446003567,"posz":-0.37394818943349345,"roty":351.80128689622234,"rotx":8.937056922865537},"finger_right_0":{"posx":-0.19640367246433227,"posy":1.2853964040597545,"posz":0.9115682900389149,"roty":318.1418291412416,"rotx":-13.11705396403396},"finger_right_1":{"posx":-0.6624463937062108,"posy":1.0934949463096382,"posz":0.5781420280436864,"roty":318.1418291412416,"rotx":-13.11705396403396},"finger_right_2":{"posx":-1.0952982868828658,"posy":0.9364491151393077,"posz":0.13274703604937946,"roty":318.1418291412416,"rotx":-13.11705396403396},"finger_right_3":{"posx":-1.5598222053832687,"posy":0.7679120773800727,"posz":-0.34523730862372426,"roty":318.1418291412416,"rotx":-13.11705396403396},"finger_left_0":{"posx":1.1956833332062629,"posy":1.4730406376087473,"posz":0.7174469456478643,"roty":6.712478580840894,"rotx":-0.8094757812666007},"finger_left_1":{"posx":1.3926122939010208,"posy":1.415264319752615,"posz":0.1490492492838346,"roty":6.712478580840894,"rotx":-0.8094757812666007},"finger_left_2":{"posx":1.4933136167155758,"posy":1.3962273133194225,"posz":-0.4833253939282923,"roty":6.712478580840894,"rotx":-0.8094757812666007},"finger_left_3":{"posx":1.6013835917291241,"posy":1.375797241054213,"posz":-1.1619709054849614,"roty":6.712478580840894,"rotx":-0.8094757812666007},"leg_right_0":{"posx":-0.11499628348575155,"posy":1.2638534420648204,"posz":-0.42628584910485223,"roty":331.28501512558137,"rotx":23.57016906444177},"leg_left_0":{"posx":0.3814132411025593,"posy":1.5195283785298597,"posz":-0.4354231828158212,"roty":340.70495001268716,"rotx":8.143373196423584},"tail_0":{"posx":-0.2579310234258869,"posy":1.7874198831461836,"posz":-0.5682143570483154,"roty":304.995037267535,"rotx":38.71449988963808},"tail_1":{"posx":-0.330367931442183,"posy":1.9277704125312842,"posz":-0.8030622201184626,"roty":353.915208499174,"rotx":22.72712922360002},"tail_2":{"posx":-0.14646564098308096,"posy":1.9745260457676619,"posz":-0.8651273626161045,"roty":67.52395801438263,"rotx":-3.892910348825277},"tail_3":{"posx":0.07298750982612087,"posy":1.9007725776805442,"posz":-0.863335413834584,"roty":128.79895078861227,"rotx":-9.385821550258662},"tail_4":{"posx":0.4093882319110559,"posy":1.829424281660721,"posz":-0.5928724314584333,"roty":128.79895078861227,"rotx":-9.385821550258662},"shadow":{"posx":0.2436049172538273,"posy":1.4860725585730474,"posz":-0.014599731188783879,"roty":6.161487187957903,"rotx":-2.1724173115194705}},"cameras":{}}