# This file was generated by Animated Java via MC-Build. It is not recommended to edit this file directly.
$data merge entity $(bone_head_lower) { transformation: [-0.760279492420103f,-0.5432831045417027f,0.3561159386000014f,-0.09333333438391922f,-0.4939012866940731f,0.8395409631564443f,0.22634595243628447f,0.9058904747719837f,-0.42194384982763944f,-0.0037999344572050286f,-0.9066140017067635f,0.8599241438695073f,0f,0f,0f,1f], start_interpolation: 0, interpolation_duration: 1 }
$data merge entity $(bone_head_upper) { transformation: [-0.760279492420103f,-0.5856242412895006f,0.28110379118668505f,-0.09625461525860479f,-0.4939012866940731f,0.8022124814297817f,0.33543502148733817f,0.9219903964787202f,-0.42194384982763944f,0.11618684371463409f,-0.8991462644866305f,0.847260652961437f,0f,0f,0f,1f], start_interpolation: 0, interpolation_duration: 1 }
$data merge entity $(bone_neck_0) { transformation: [-0.9655476858687113f,-0.15869464542647935f,0.20623694098424908f,-0.05483378042492932f,0.015231041262984052f,0.7567070456408505f,0.6535766691517845f,1.0318643450053195f,-0.2597800640842593f,0.6342006437953684f,-0.7282196521063671f,0.6997525225290692f,0f,0f,0f,1f], start_interpolation: 0, interpolation_duration: 1 }
$data merge entity $(bone_neck_1) { transformation: [-0.9752900761684797f,-0.21780740085590286f,0.03700274935294801f,-0.05011244604579926f,-0.07500550428829864f,0.48397524150696536f,0.871861307740361f,1.1878399340385086f,-0.2078062599002711f,0.8475422713591756f,-0.4883530040919073f,0.6212962802283717f,0f,0f,0f,1f], start_interpolation: 0, interpolation_duration: 1 }
$data merge entity $(bone_neck_2) { transformation: [-0.9752900761684797f,-0.2108101654035497f,0.06609343000487315f,-0.06517606150628441f,-0.07500550428829864f,0.5973422968189488f,0.7984712610717563f,1.4538385592119656f,-0.2078062599002711f,0.7737837259813563f,-0.5983939369284001f,0.5959844038978688f,0f,0f,0f,1f], start_interpolation: 0, interpolation_duration: 1 }
$data merge entity $(bone_arm_right_2) { transformation: [-0.9656245052225569f,-0.0831808551779599f,0.24627273548965112f,-0.284754369164051f,0.08778874077229341f,0.78739510283111f,0.6101656242621349f,0.7512820423877489f,-0.24466804431169065f,0.610810852367121f,-0.7530256640535191f,0.1573368086490923f,0f,0f,0f,1f], start_interpolation: 0, interpolation_duration: 1 }
$data merge entity $(bone_arm_right_1) { transformation: [-0.9310392801578521f,-0.22298810616465764f,0.2888635721447897f,-0.21605950330939502f,-0.17571320860347678f,0.9677176311676453f,0.18068606656173652f,1.0795804454237692f,-0.3198292155595229f,0.11746868023596996f,-0.9401650823329908f,0.23946389238449275f,0f,0f,0f,1f], start_interpolation: 0, interpolation_duration: 1 }
$data merge entity $(bone_arm_right_0) { transformation: [-0.9581185875404132f,0.01856820878651643f,0.2857691267999816f,-0.18556281796659904f,0.18900817197264597f,0.7906784905415196f,0.582325884297223f,1.3377107799804542f,-0.2151387532201539f,0.611949954013761f,-0.7610733017557725f,0.4275195121850839f,0f,0f,0f,1f], start_interpolation: 0, interpolation_duration: 1 }
$data merge entity $(bone_arm_left_2) { transformation: [-0.6617554809508409f,-0.6740744011628661f,0.328181939064971f,0.45755294031335075f,-0.415697684024215f,0.6941903208814446f,0.5876182722579519f,0.8967191039092248f,-0.623919160571644f,0.2524351403656786f,-0.7395954170897321f,0.5914082111781926f,0f,0f,0f,1f], start_interpolation: 0, interpolation_duration: 1 }
$data merge entity $(bone_arm_left_1) { transformation: [-0.8660632467048771f,0.08931441394869333f,0.49189164271006713f,0.35828058623761316f,-0.12770097586672702f,0.9117500555647637f,-0.39038992935312167f,1.161562556381223f,-0.4833496803243926f,-0.40091741249121515f,-0.7782276754855586f,0.39330059064671086f,0f,0f,0f,1f], start_interpolation: 0, interpolation_duration: 1 }
$data merge entity $(bone_arm_left_0) { transformation: [-0.6803341191729236f,-0.6937520064570594f,0.23633374669311666f,0.12600485296805639f,-0.3834174310440589f,0.6117202770347514f,0.6919460789946721f,1.3601546452842865f,-0.6246091256624228f,0.3801400481419064f,-0.6821707879540816f,0.49094996101352667f,0f,0f,0f,1f], start_interpolation: 0, interpolation_duration: 1 }
$data merge entity $(bone_finger_right_1_fire) { transformation: [-1.615611003650204f,-0.14419786042428645f,-0.3831264017412772f,-1.057975133791425f,0.11831506794936969f,1.3287927209318748f,-0.9990441568180951f,1.3680084521022744f,0.39189336222791066f,-0.9956378154857825f,-1.2778508171121459f,-0.4257913356826868f,0f,0f,0f,1f], start_interpolation: 0, interpolation_duration: 1 }
$data merge entity $(bone_finger_right_1_fire_s) { transformation: [-0.000009693666021901225f,-8.651871625457188e-7f,-0.0000022987584104476633f,-1.057975133791425f,7.098904076962182e-7f,0.00000797275632559125f,-0.0000059942649409085705f,1.3680084521022744f,0.000002351360173367464f,-0.000005973826892914695f,-0.000007667104902672875f,-0.4257913356826868f,0f,0f,0f,1f], start_interpolation: 0, interpolation_duration: 1 }
$data merge entity $(bone_finger_right_1) { transformation: [-1.927204204258197f,-0.17200843657715603f,-0.4570176920867069f,-0.8157194897374805f,0.14113378521435693f,1.5850690002616799f,-1.1917238090786602f,1.962351238248433f,0.4674754836406344f,-1.1876605071316324f,-1.5243022371036625f,0.3901362216269647f,0f,0f,0f,1f], start_interpolation: 0, interpolation_duration: 1 }
$data merge entity $(bone_finger_right_2_fire) { transformation: [1.2127500979036427f,-0.9418709798568059f,-0.6479923110007278f,-1.0843929404116277f,-0.7049635939874579f,0.12759278377052347f,-1.5048336088949343f,1.4094774501203402f,0.9000229491322816f,1.3690788569732002f,-0.3055479540137047f,0.440721640120183f,0f,0f,0f,1f], start_interpolation: 0, interpolation_duration: 1 }
$data merge entity $(bone_finger_right_2_fire_s) { transformation: [0.0000072765005874218565f,-0.000005651225879140836f,-0.000003887953866004367f,-1.0843929404116277f,-0.000004229781563924747f,7.655567026231408e-7f,-0.000009029001653369606f,1.4094774501203402f,0.00000540013769479369f,0.000008214473141839201f,-0.0000018332877240822283f,0.440721640120183f,0f,0f,0f,1f], start_interpolation: 0, interpolation_duration: 1 }
$data merge entity $(bone_finger_right_2) { transformation: [0.9039881676027178f,-0.7020739249336926f,-0.48301573659303093f,-0.8766229937431267f,-0.52548233033083f,0.09510810759729138f,-1.1217082389879152f,1.8938635521691212f,0.6708802563635247f,1.0205161717638227f,-0.22775651433965452f,0.5395888904497597f,0f,0f,0f,1f], start_interpolation: 0, interpolation_duration: 1 }
$data merge entity $(bone_finger_film_right) { transformation: [-0.28270121315912916f,-0.3931954354667161f,-0.4885406171754257f,-0.9239893614337655f,-0.4719164175108518f,0.2582472401026532f,-0.7195721036665699f,1.894753433658026f,0.9038854241144167f,0.01185358838675094f,-0.5284839225326522f,0.4471442450652839f,0f,0f,0f,1f], start_interpolation: 0, interpolation_duration: 1 }
$data merge entity $(bone_finger_right_0_fire) { transformation: [-0.5122526253945379f,-1.4181647700790336f,-0.71005894858164f,-1.2428495857123574f,-0.711738963037123f,0.8723760589983909f,-1.2288878866516073f,1.3942792716080228f,1.4173223606678265f,-0.07447465589646321f,-0.8737440296550577f,0.07260275315786313f,0f,0f,0f,1f], start_interpolation: 0, interpolation_duration: 1 }
$data merge entity $(bone_finger_right_0_fire_s) { transformation: [-0.000003073515752367227f,-0.000008508988620474202f,-0.000004260353691489841f,-1.2428495857123574f,-0.0000042704337782227385f,0.000005234256353990345f,-0.000007373327319909645f,1.3942792716080228f,0.000008503934164006959f,-4.4684793537877925e-7f,-0.0000052424641779303464f,0.07260275315786313f,0f,0f,0f,1f], start_interpolation: 0, interpolation_duration: 1 }
$data merge entity $(bone_fire_large_right) { transformation: [-0.000008196042006312605f,-0.000022690636321264538f,-0.000011360943177306242f,-1.153413513868448f,-0.000011387823408593968f,0.000013958016943974253f,-0.000019662206186425717f,1.3321539265653308f,0.000022677157770685222f,-0.0000011915944943434112f,-0.000013979904474480924f,0.07535145196446758f,0f,0f,0f,1f], start_interpolation: 0, interpolation_duration: 1 }
$data merge entity $(bone_finger_right_0) { transformation: [-0.4495220408255664f,-1.2444959577939627f,-0.6231049522235952f,-0.8827324565450558f,-0.6245792316888562f,0.7655446687194332f,-1.0783979688302798f,1.8751025540147617f,1.2437567100498543f,-0.06535447091671835f,-0.766745117347492f,0.44328482159162474f,0f,0f,0f,1f], start_interpolation: 0, interpolation_duration: 1 }
$data merge entity $(bone_wing_right_1_model) { transformation: [-0.5776310145075092f,-0.8231006069421197f,0.14080086992764004f,-0.48548830557790246f,-0.07974305993693491f,0.22479225734268057f,0.9869582404907092f,1.7365683322610612f,-0.831240361455554f,0.550409770018789f,-0.1925243610480072f,0.16344698048331918f,0f,0f,0f,1f], start_interpolation: 0, interpolation_duration: 1 }
$data merge entity $(bone_wing_right_0) { transformation: [-0.810053517110778f,-0.30117037887187587f,-0.5031000917378463f,-0.24311010603917674f,-0.5390865118995599f,0.7200343319956624f,0.4369625766991102f,1.603253390766188f,0.23064915370411465f,0.6251775456922063f,-0.7456232321071042f,0.5403100916759482f,0f,0f,0f,1f], start_interpolation: 0, interpolation_duration: 1 }
$data merge entity $(bone_finger_left_1_fire) { transformation: [-0.8865623017146342f,1.143933395318277f,0.8265600099398872f,1.2118966792477275f,0.564154874867917f,1.18199083972976f,-1.030730182800271f,1.3531244916273486f,-1.293643822742177f,-0.2684991985990154f,-1.0159584725816657f,0.49443780857277964f,0f,0f,0f,1f], start_interpolation: 0, interpolation_duration: 1 }
$data merge entity $(bone_finger_left_1_fire_s) { transformation: [-0.000005319373810287806f,0.000006863600371909663f,0.000004959360059639324f,1.2118966792477275f,0.0000033849292492075024f,0.00000709194503837856f,-0.000006184381096801627f,1.3531244916273486f,-0.000007761862936453062f,-0.0000016109951915940925f,-0.000006095750835489994f,0.49443780857277964f,0f,0f,0f,1f], start_interpolation: 0, interpolation_duration: 1 }
$data merge entity $(bone_finger_left_1) { transformation: [-1.0575482534725253f,1.3645569656729413f,0.9859736796969336f,0.6732297603516187f,0.672960040654443f,1.4099543210434005f,-1.2295209287758626f,1.9705565055096834f,-1.543141144971524f,-0.3202830280376159f,-1.2119002874376559f,1.1318423755610014f,0f,0f,0f,1f], start_interpolation: 0, interpolation_duration: 1 }
$data merge entity $(bone_finger_left_2_fire) { transformation: [1.6371183734582173f,-0.22500043140466813f,0.2167856428156879f,0.6656418237520189f,0.17325129267384928f,-0.30860648501948523f,-1.6286570556039526f,1.3549391008221572f,0.2600099972119108f,1.6223176695855246f,-0.27974623872043547f,1.1688743553129621f,0f,0f,0f,1f], start_interpolation: 0, interpolation_duration: 1 }
$data merge entity $(bone_finger_left_2_fire_s) { transformation: [0.000009822710240749304f,-0.0000013500025884280088f,0.0000013007138568941275f,0.6656418237520189f,0.0000010395077560430957f,-0.0000018516389101169116f,-0.000009771942333623717f,1.3549391008221572f,0.000001560059983271465f,0.000009733906017513148f,-0.000001678477432322613f,1.1688743553129621f,0f,0f,0f,1f], start_interpolation: 0, interpolation_duration: 1 }
$data merge entity $(bone_finger_left_2) { transformation: [1.2203137654900622f,-0.1677161090705495f,0.16159277690456358f,0.5960768305188167f,0.1291421199386116f,-0.23003635405622186f,-1.2140066695468807f,1.878836016419432f,0.19381236195674853f,1.2092812690208934f,-0.2085238254540481f,1.259790323814109f,0f,0f,0f,1f], start_interpolation: 0, interpolation_duration: 1 }
$data merge entity $(bone_finger_film_left) { transformation: [0.5422299609320025f,0.3373367050983943f,0.48113347229621595f,0.6904621040032207f,0.5723343488454267f,0.07441404963486349f,-0.840728637894888f,1.8629673528156043f,-0.7057294124264482f,0.31953292734934124f,-0.3121492313627733f,1.219417278322923f,0f,0f,0f,1f], start_interpolation: 0, interpolation_duration: 1 }
$data merge entity $(bone_finger_left_0_fire) { transformation: [0.7945886146435159f,1.277680767654629f,0.716895088016478f,1.015316297266431f,0.8998829026809679f,0.2179338479190556f,-1.385818666771179f,1.2869876313482815f,-1.1561217378456088f,1.047766420379299f,-0.5859571941568573f,0.9845882506355051f,0f,0f,0f,1f], start_interpolation: 0, interpolation_duration: 1 }
$data merge entity $(bone_finger_left_0_fire_s) { transformation: [0.000004767531687861096f,0.000007666084605927774f,0.000004301370528098868f,1.015316297266431f,0.000005399297416085808f,0.0000013076030875143337f,-0.000008314912000627074f,1.2869876313482815f,-0.0000069367304270736524f,0.000006286598522275793f,-0.0000035157431649411438f,0.9845882506355051f,0f,0f,0f,1f], start_interpolation: 0, interpolation_duration: 1 }
$data merge entity $(bone_fire_large_left) { transformation: [0.000012713417834296256f,0.00002044289228247406f,0.000011470321408263648f,0.9339902365973942f,0.000014398126442895488f,0.0000034869415667048896f,-0.000022173098668338862f,1.2668160112893476f,-0.00001849794780552974f,0.00001676426272606878f,-0.000009375315106509717f,0.9149814809293475f,0f,0f,0f,1f], start_interpolation: 0, interpolation_duration: 1 }
$data merge entity $(bone_finger_left_0) { transformation: [0.6972830942471173f,1.121215661427451f,0.6291039363142081f,0.6589485046429536f,0.789683017447931f,0.19124561441942606f,-1.2161109663837135f,1.8620271565294582f,-1.014542780798601f,0.9194566825980448f,-0.51420072967111f,1.1861127214634897f,0f,0f,0f,1f], start_interpolation: 0, interpolation_duration: 1 }
$data merge entity $(bone_wing_left_1_model) { transformation: [-0.9329189359942875f,0.3527383929387444f,-0.1903023070068206f,0.5015429252710831f,-0.20603106201202978f,-0.008532200614388908f,0.9942109867028783f,1.8431435147696953f,0.34378851550236733f,0.9520923856126081f,0.07941428655481811f,0.7063515777188447f,0f,0f,0f,1f], start_interpolation: 0, interpolation_duration: 1 }
$data merge entity $(bone_wing_left_0) { transformation: [-0.4619825778444131f,-0.4309369279095725f,0.7751551212061304f,0.0979929582660804f,0.8307627237300164f,0.09571521114842857f,0.5483355680744193f,1.6278248464856655f,-0.310492181268571f,0.8972914590692767f,0.31378757600072865f,0.6097534983064693f,0f,0f,0f,1f], start_interpolation: 0, interpolation_duration: 1 }
$data merge entity $(bone_body_0) { transformation: [-0.9774672029322523f,-0.15323795226785092f,0.14517574582744497f,0.028881924760918463f,-0.070412126443396f,0.8850579365467338f,0.460124528150105f,1.5329542367237055f,-0.1989974865206047f,0.43953450255968907f,-0.8759049157403377f,0.1059817332934933f,0f,0f,0f,1f], start_interpolation: 0, interpolation_duration: 1 }
$data merge entity $(bone_leg_right_3) { transformation: [-0.9735458867588653f,0.09935616735790145f,-0.20575898129326795f,-0.2283105418758897f,-0.15019719843950977f,0.4003432636826437f,0.9039723849791271f,0.8429472685582399f,0.1721894536718705f,0.9109630196840471f,-0.3748295196650137f,-0.38648435579863f,0f,0f,0f,1f], start_interpolation: 0, interpolation_duration: 1 }
$data merge entity $(bone_leg_right_2) { transformation: [-0.9825958372388931f,0.1845917615248163f,0.020767816880069817f,-0.1907356037019734f,0.16795488074946463f,0.9306204830137847f,-0.32517176173158513f,1.0033979216871975f,-0.07935098407223347f,-0.3160243632575739f,-0.9454268999528271f,-0.433396282163179f,0f,0f,0f,1f], start_interpolation: 0, interpolation_duration: 1 }
$data merge entity $(bone_leg_right_1) { transformation: [-0.9944279199292811f,0.0923402632499029f,-0.05085654184136017f,-0.18041764674600225f,0.1030355131224004f,0.7493648358991438f,-0.6540917563717286f,1.2027520544924537f,-0.02228890084160788f,-0.6556871346158835f,-0.754703641437144f,-0.1819217508327175f,0f,0f,0f,1f], start_interpolation: 0, interpolation_duration: 1 }
$data merge entity $(bone_leg_right_0) { transformation: [-0.9825958451130037f,0.18114687861225034f,0.04112436669057484f,-0.0970266292651397f,0.16795484797962312f,0.96095789802417f,-0.21988880659349286f,1.546386537483874f,-0.07935095592873394f,-0.20915479098984902f,-0.9746577343863786f,-0.17735614666703625f,0f,0f,0f,1f], start_interpolation: 0, interpolation_duration: 1 }
$data merge entity $(bone_leg_left_3) { transformation: [-0.9739262035496961f,-0.21536579554260424f,-0.07131145875367415f,0.4405145535229014f,-0.22043607455079084f,0.8240586594961394f,0.5218575119187839f,0.8866760355932013f,-0.053625433107005946f,0.5239703234151024f,-0.8500467123072466f,-0.20155674172525573f,0f,0f,0f,1f], start_interpolation: 0, interpolation_duration: 1 }
$data merge entity $(bone_leg_left_2) { transformation: [-0.85626043171865f,-0.5154076624123163f,0.034249300717865055f,0.34674580364466817f,-0.4441418240274144f,0.7007671797443672f,-0.5582682150568192f,1.0077186532905995f,0.2637349298492565f,-0.493234529731848f,-0.8289533071636848f,-0.27845357619033917f,0f,0f,0f,1f], start_interpolation: 0, interpolation_duration: 1 }
$data merge entity $(bone_leg_left_1) { transformation: [-0.8914087919440984f,-0.3643624579090859f,0.26950021319326f,0.2697822299413259f,-0.4109269932704557f,0.3990389036015481f,-0.8196993104878015f,1.266720221487784f,0.19112658592269643f,-0.8414320844125946f,-0.5054331562873673f,-0.10500973396938942f,0f,0f,0f,1f], start_interpolation: 0, interpolation_duration: 1 }
$data merge entity $(bone_leg_left_0) { transformation: [-0.8914087919440984f,-0.45042978283671115f,0.0500337523921225f,0.08891937203155693f,-0.4109269932704557f,0.7567610144340956f,-0.5083815233015273f,1.55615493870494f,0.19112658592269643f,-0.4737359789654482f,-0.8596771780076417f,-0.19761500129694187f,0f,0f,0f,1f], start_interpolation: 0, interpolation_duration: 1 }
$data merge entity $(bone_tail_3) { transformation: [0.5020963652204788f,1.75956148762103f,1.617513627808829f,0.46845020819012934f,-2.3772611046289476f,0.5385109939001222f,0.1521291382381602f,1.191076442305171f,-0.2470558748234211f,-1.6057574553971716f,1.8234621229917722f,-1.0942078647365923f,0f,0f,0f,1f], start_interpolation: 0, interpolation_duration: 1 }
$data merge entity $(bone_tail_2) { transformation: [-0.5408794560607436f,0.24345061547437474f,0.9925196594206999f,0.06074838596474892f,-0.9568265980057118f,0.2737943589301016f,-0.5885860794028948f,1.4307396463762687f,-0.3589517207929921f,-1.096668823913219f,0.07338402616746305f,-1.118719763882309f,0f,0f,0f,1f], start_interpolation: 0, interpolation_duration: 1 }
$data merge entity $(bone_tail_1) { transformation: [-1.3146332606512963f,-0.12039002456555163f,0.42026773877163703f,-0.06450905106037279f,-0.25458288993395317f,1.2935433211538245f,-0.4258081360530684f,1.5518139548433978f,-0.35539595160890014f,-0.48128085206168075f,-1.249576648027869f,-0.7421140515636333f,0f,0f,0f,1f], start_interpolation: 0, interpolation_duration: 1 }
$data merge entity $(bone_tail_0) { transformation: [-1.1892489455000144f,-0.03274601322364067f,-0.1400677854570379f,-0.023434475910664287f,-0.06247545400472401f,1.168284061937568f,0.25731985649642053f,1.49404635859393f,0.1295689142957727f,0.26276299115056523f,-1.1615385689711728f,-0.3929651941614931f,0f,0f,0f,1f], start_interpolation: 0, interpolation_duration: 1 }
$data merge entity $(bone_body_1) { transformation: [-1.0134469274695774f,-0.06372485487261491f,-0.10471467193465117f,0.00521530264841125f,-0.0532399521083735f,1.0143273892251714f,-0.1020105357871927f,1.5420440141801333f,0.11041524870422366f,-0.09581119341473714f,-1.010311527457978f,-0.106859576424528f,0f,0f,0f,1f], start_interpolation: 0, interpolation_duration: 1 }
data modify entity @s data merge value {"locators":{"body_1":{"posx":0.007744613764645025,"posy":1.3298940562670958,"posz":-0.185938608733838,"roty":354.0826546063098,"rotx":-5.735064038331525},"body_0":{"posx":0.02463787101297539,"posy":1.3165682432627677,"posz":0.20339312082999028,"roty":9.410863214424694,"rotx":27.395143367814438},"neck_1":{"posx":-0.01291351075746043,"posy":1.1763699485220702,"posz":0.45085174982823545,"roty":6.30284963409224,"rotx":52.984365512226574},"neck_0":{"posx":-0.0268908473570592,"posy":0.9468965153457448,"posz":0.5992771546635611,"roty":4.333050034626638,"rotx":60.67566118012337},"head_0":{"posx":0.023925444425162454,"posy":0.6817419915895087,"posz":0.9119355772119869,"roty":17.361024625301837,"rotx":19.59899354051566},"arm_right_0":{"posx":-0.2170073731806198,"posy":0.6362512236281824,"posz":0.07232798582101557,"roty":17.0794558093732,"rotx":10.409723783091668},"arm_left_0":{"posx":0.4705101224726423,"posy":0.7396190304814735,"posz":0.5772687965023051,"roty":32.29560906888628,"rotx":-22.9787641171374},"finger_right_0":{"posx":-0.754506999147229,"posy":1.8811577138089102,"posz":0.5847095368933013,"roty":343.31016979993683,"rotx":-36.82883434329788},"finger_right_1":{"posx":-1.0237933092066926,"posy":1.5383458019838585,"posz":0.16618840717261824,"roty":343.31016979993683,"rotx":-36.82883434329788},"finger_right_2":{"posx":-1.1980051772753095,"posy":1.156687179734746,"posz":-0.31794770436540254,"roty":343.31016979993683,"rotx":-36.82883434329788},"finger_right_3":{"posx":-1.3849644856815317,"posy":0.7471025873557325,"posz":-0.8375080150071864,"roty":343.31016979993683,"rotx":-36.82883434329788},"finger_left_0":{"posx":0.4782664513129938,"posy":1.9158712438223524,"posz":1.216677290023173,"roty":39.13099422044968,"rotx":-38.20216646392135},"finger_left_1":{"posx":0.8435770628665005,"posy":1.5052471974934556,"posz":0.9654182417081865,"roty":39.13099422044968,"rotx":-38.20216646392135},"finger_left_2":{"posx":1.1758481808746333,"posy":1.0999783825319338,"posz":0.5969702193691976,"roty":39.13099422044968,"rotx":-38.20216646392135},"finger_left_3":{"posx":1.532431793986261,"posy":0.6650558928626266,"posz":0.20156309683811352,"roty":39.13099422044968,"rotx":-38.20216646392135},"leg_right_0":{"posx":-0.20600728656366216,"posy":1.0688080211873703,"posz":-0.1550131397612172,"roty":2.4160849220410796,"rotx":-12.702502157011995},"leg_left_0":{"posx":0.33294772447926296,"posy":1.1606525003764099,"posz":-0.041137471508711415,"roty":3.3308928650934604,"rotx":-30.556083835386143},"tail_0":{"posx":-0.03946011256423072,"posy":1.3528321341836451,"posz":-0.6081471645030279,"roty":353.1240088436491,"rotx":12.404154280309763},"tail_1":{"posx":0.025258575273259455,"posy":1.3051728722902325,"posz":-0.8974926018400167,"roty":18.58923852883825,"rotx":-17.899615602376212},"tail_2":{"posx":0.2406883771174726,"posy":1.2504311115418743,"posz":-0.9092259710329508,"roty":94.22858956013403,"rotx":-30.600399678700438},"tail_3":{"posx":0.4438680383852934,"posy":1.1539248148119403,"posz":-0.7866802620864505,"roty":138.42516789813806,"rotx":3.5713218510657407},"tail_4":{"posx":0.7336282185617217,"posy":1.1811771147296162,"posz":-0.4600266226863655,"roty":138.42516789813806,"rotx":3.5713218510657407},"shadow":{"posx":0.09337427525128114,"posy":1.4603993681299816,"posz":0.1795488782087196,"roty":34.305821765815324,"rotx":-45.52848561988156}},"cameras":{}}