# This file was generated by Animated Java via MC-Build. It is not recommended to edit this file directly.
$data merge entity $(bone_head_lower) { transformation: [-0.8045642038706368f,-0.5121312069209225f,0.30066271592554916f,-0.08590818864860245f,-0.5078294131051488f,0.8557792312307558f,0.09874813709319771f,0.9056062850354047f,-0.3078729105252497f,-0.07323615426697479f,-0.9486046261076825f,0.9190719299104685f,0f,0f,0f,1f], start_interpolation: 0, interpolation_duration: 1 }
$data merge entity $(bone_head_upper) { transformation: [-0.8045642038706368f,-0.5472785387710203f,0.23057025578045637f,-0.08911467095719042f,-0.5078294131051488f,0.835309974018402f,0.2106336499485707f,0.9201544695086552f,-0.3078729105252497f,0.05237793720674483f,-0.9499846433804489f,0.9047131638552807f,0f,0f,0f,1f], start_interpolation: 0, interpolation_duration: 1 }
$data merge entity $(bone_neck_0) { transformation: [-0.9756725150273736f,-0.12783009780780094f,0.17810842067293545f,-0.05349967410423509f,-0.011843501744941545f,0.8419624728139206f,0.5394060862091621f,1.007142720089824f,-0.21891293905700715f,0.5241742653617367f,-0.8229935993954675f,0.7412774427696237f,0f,0f,0f,1f], start_interpolation: 0, interpolation_duration: 1 }
$data merge entity $(bone_neck_1) { transformation: [-0.9826635551959467f,-0.18256864151766705f,0.032264972091354045f,-0.049324301500246526f,-0.0848511054471986f,0.5976080909745108f,0.797285933342731f,1.1510116232729506f,-0.16484121812838767f,0.7807261112171123f,-0.602738842343643f,0.6423311831686787f,0f,0f,0f,1f], start_interpolation: 0, interpolation_duration: 1 }
$data merge entity $(bone_neck_2) { transformation: [-0.9826635551959467f,-0.17967272669394968f,0.045717049030132476f,-0.06456752533289858f,-0.0848511054471986f,0.6550960382364523f,0.7507659226358729f,1.414431793363391f,-0.16484121812838767f,0.7338711685093416f,-0.6589844314069061f,0.5976061308490619f,0f,0f,0f,1f], start_interpolation: 0, interpolation_duration: 1 }
$data merge entity $(bone_arm_right_2) { transformation: [-0.99147204848193f,-0.05884277042165559f,0.11627856830968294f,-0.2961036075046489f,0.014025845315675033f,0.8388928477155172f,0.5441158568861336f,0.6703067174238895f,-0.12956254374712647f,0.5411065684510353f,-0.8309134905854637f,0.25735673874497667f,0f,0f,0f,1f], start_interpolation: 0, interpolation_duration: 1 }
$data merge entity $(bone_arm_right_1) { transformation: [-0.9505375325669267f,-0.2644312973854168f,0.16295547902615518f,-0.23770167809340104f,-0.25486094596295555f,0.9638702293052503f,0.07746017868500044f,1.0089101833964096f,-0.17755083048086803f,0.03209781958498109f,-0.9835880400723895f,0.2917164736990192f,0f,0f,0f,1f], start_interpolation: 0, interpolation_duration: 1 }
$data merge entity $(bone_arm_right_0) { transformation: [-0.9806629272380516f,0.07173097142717068f,0.1820848452755206f,-0.19138483503988443f,0.1526581210857707f,0.862557257024806f,0.4823800124594773f,1.289192874777667f,-0.1224570177958703f,0.5008489254175931f,-0.8568282399060997f,0.44078892767849465f,0f,0f,0f,1f], start_interpolation: 0, interpolation_duration: 1 }
$data merge entity $(bone_arm_left_2) { transformation: [-0.7037922672028001f,-0.6339667265072655f,0.32056611534471924f,0.44537598146659835f,-0.40409698027095076f,0.728388324389772f,0.5533137260438781f,0.8360971600380781f,-0.584279107243654f,0.25987812253885967f,-0.768818110000172f,0.6115271247217253f,0f,0f,0f,1f], start_interpolation: 0, interpolation_duration: 1 }
$data merge entity $(bone_arm_left_1) { transformation: [-0.876478470207781f,0.10272916786819697f,0.4703532814080656f,0.34870691611125f,-0.11321421282703767f,0.9055934081260661f,-0.40875802276233175f,1.101126497531022f,-0.46794020267143294f,-0.41151828298111404f,-0.7821027231100108f,0.4123833927464343f,0f,0f,0f,1f], start_interpolation: 0, interpolation_duration: 1 }
$data merge entity $(bone_arm_left_0) { transformation: [-0.6952420344461177f,-0.674652465277866f,0.24795677976962138f,0.1224116440551403f,-0.42711743703797256f,0.6652309315435293f,0.6124038722084002f,1.3146502442192158f,-0.5781083017197876f,0.31986224974545885f,-0.7506523380836412f,0.4906412550933926f,0f,0f,0f,1f], start_interpolation: 0, interpolation_duration: 1 }
$data merge entity $(bone_finger_right_1_fire) { transformation: [-1.5890323734549978f,-0.1589447610982463f,-0.47695959662132353f,-1.105154590188614f,0.16829291955671621f,1.3217894883598411f,-1.0011632331774307f,1.313426152135039f,0.4737418992624896f,-1.0026898269946842f,-1.2441702060017021f,-0.40381504624801373f,0f,0f,0f,1f], start_interpolation: 0, interpolation_duration: 1 }
$data merge entity $(bone_finger_right_1_fire_s) { transformation: [-0.000009534194240729987f,-9.536685665894778e-7f,-0.000002861757579727941f,-1.105154590188614f,0.0000010097575173402974f,0.000007930736930159047f,-0.000006006979399064584f,1.313426152135039f,0.000002842451395574938f,-0.000006016138961968105f,-0.000007465021236010213f,-0.40381504624801373f,0f,0f,0f,1f], start_interpolation: 0, interpolation_duration: 1 }
$data merge entity $(bone_finger_right_1) { transformation: [-1.8954995131290224f,-0.18959948350269845f,-0.5689479322640985f,-0.8041929729588354f,0.20075056519410273f,1.5767150962428733f,-1.1942515789809627f,1.9092095287968491f,0.5651096569218503f,-1.196072597788187f,-1.4841258486120144f,0.3912529988557712f,0f,0f,0f,1f], start_interpolation: 0, interpolation_duration: 1 }
$data merge entity $(bone_finger_right_2_fire) { transformation: [1.2478934298857411f,-0.8657178240320768f,-0.6863471531076274f,-1.0789586585405344f,-0.7227850324136191f,0.14332893523366638f,-1.4949302294827698f,1.3592501310497758f,0.8355366912019021f,1.4169570364890134f,-0.2681211893480772f,0.45992889131427084f,0f,0f,0f,1f], start_interpolation: 0, interpolation_duration: 1 }
$data merge entity $(bone_finger_right_2_fire_s) { transformation: [0.000007487360579314447f,-0.000005194306944192461f,-0.000004118082918645764f,-1.0789586585405344f,-0.000004336710194481715f,8.599736114019983e-7f,-0.000008969581376896618f,1.3592501310497758f,0.000005013220147211413f,0.00000850174221893408f,-0.0000016087271360884632f,0.45992889131427084f,0f,0f,0f,1f], start_interpolation: 0, interpolation_duration: 1 }
$data merge entity $(bone_finger_right_2) { transformation: [0.930184130263836f,-0.645309096045894f,-0.5116055701414612f,-0.8588141658634545f,-0.538766492908725f,0.10683788997444822f,-1.1143262253122597f,1.8404614248511977f,0.622811974000317f,1.0562047343485381f,-0.19985847296421944f,0.5467912700883283f,0f,0f,0f,1f], start_interpolation: 0, interpolation_duration: 1 }
$data merge entity $(bone_finger_film_right) { transformation: [-0.23418926349334176f,-0.3852954984167689f,-0.5295694038335191f,-0.9114254665673972f,-0.4695329207951337f,0.2618628253020172f,-0.7127616725451983f,1.8436985300105087f,0.9288809891102354f,0.035226416078923045f,-0.49380334399212994f,0.4554654183986781f,0f,0f,0f,1f], start_interpolation: 0, interpolation_duration: 1 }
$data merge entity $(bone_finger_right_0_fire) { transformation: [-0.44146228585962755f,-1.4032826060562307f,-0.7833816154859676f,-1.2604239632578844f,-0.6958100569148633f,0.8991982750204324f,-1.2186339092090757f,1.347402986167924f,1.4487018991626623f,0.004262337163114024f,-0.8240281655515065f,0.10294348938983838f,0f,0f,0f,1f], start_interpolation: 0, interpolation_duration: 1 }
$data merge entity $(bone_finger_right_0_fire_s) { transformation: [-0.0000026487737151577654f,-0.000008419695636337384f,-0.000004700289692915806f,-1.2604239632578844f,-0.00000417486034148918f,0.0000053951896501225944f,-0.000007311803455254453f,1.347402986167924f,0.000008692211394975974f,2.5574022978684143e-8f,-0.000004944168993309039f,0.10294348938983838f,0f,0f,0f,1f], start_interpolation: 0, interpolation_duration: 1 }
$data merge entity $(bone_fire_large_right) { transformation: [-0.000007063396573754041f,-0.00002245252169689969f,-0.000012534105847775483f,-1.172175829628049f,-0.000011132960910637812f,0.000014387172400326917f,-0.000019498142547345207f,1.2835793386145085f,0.000023179230386602597f,6.819739460982437e-8f,-0.000013184450648824102f,0.10076777973551143f,0f,0f,0f,1f], start_interpolation: 0, interpolation_duration: 1 }
$data merge entity $(bone_finger_right_0) { transformation: [-0.38740070396768606f,-1.231436267297933f,-0.6874485070081522f,-0.8700813841573168f,-0.6106009833925549f,0.7890822294618615f,-1.0693996960288548f,1.8227503923055086f,1.271293502415728f,0.0037403702885347896f,-0.7231174703910276f,0.4492931478302781f,0f,0f,0f,1f], start_interpolation: 0, interpolation_duration: 1 }
$data merge entity $(bone_wing_right_1_model) { transformation: [-0.6111075988093575f,-0.8022866198562827f,0.11773175153237878f,-0.48303530411665f,-0.11277957180519897f,0.23008322962221794f,0.9825067728376667f,1.6812491117182433f,-0.8029977296996159f,0.5782516494468739f,-0.22758901346741764f,0.15692936261057425f,0f,0f,0f,1f], start_interpolation: 0, interpolation_duration: 1 }
$data merge entity $(bone_wing_right_0) { transformation: [-0.816207272261822f,-0.299898815442433f,-0.49382829931378114f,-0.2446173296800623f,-0.5232164411341107f,0.7462008253309972f,0.4116174000237296f,1.5607704516310636f,0.24505151383713558f,0.5943442005871385f,-0.7659665311190585f,0.5405797318345779f,0f,0f,0f,1f], start_interpolation: 0, interpolation_duration: 1 }
$data merge entity $(bone_finger_left_1_fire) { transformation: [-0.9342459861236946f,1.1039264792092307f,0.8284374108466214f,1.2517197047937492f,0.4782295715761017f,1.1973215250940161f,-1.0561701663058165f,1.318159235034754f,-1.2947040944013735f,-0.35432368228080463f,-0.9879138696733982f,0.413799153391454f,0f,0f,0f,1f], start_interpolation: 0, interpolation_duration: 1 }
$data merge entity $(bone_finger_left_1_fire_s) { transformation: [-0.000005605475916742168f,0.000006623558875255385f,0.000004970624465079728f,1.2517197047937492f,0.0000028693774294566102f,0.000007183929150564098f,-0.0000063370209978348995f,1.318159235034754f,-0.000007768224566408242f,-0.000002125942093684828f,-0.000005927483218040389f,0.413799153391454f,0f,0f,0f,1f], start_interpolation: 0, interpolation_duration: 1 }
$data merge entity $(bone_finger_left_1) { transformation: [-1.114428403991455f,1.3168341556954397f,0.9882131636521442f,0.7126902577819758f,0.5704628396685549f,1.4282417437097485f,-1.2598673692602216f,1.9510699087628465f,-1.544405904864f,-0.42265996494020974f,-1.1784468902340886f,1.0355227717561575f,0f,0f,0f,1f], start_interpolation: 0, interpolation_duration: 1 }
$data merge entity $(bone_finger_left_2_fire) { transformation: [1.6378815217794882f,-0.18352883602013398f,0.24786904756378747f,0.7182579657205392f,0.21779732443389307f,-0.260120109730343f,-1.6317719300689941f,1.335354352165973f,0.21837175609616363f,1.6359805844326956f,-0.23164429903735878f,1.094947121490837f,0f,0f,0f,1f], start_interpolation: 0, interpolation_duration: 1 }
$data merge entity $(bone_finger_left_2_fire_s) { transformation: [0.00000982728913067693f,-0.000001101173016120804f,0.0000014872142853827248f,0.7182579657205392f,0.0000013067839466033586f,-0.0000015607206583820581f,-0.000009790631580413966f,1.335354352165973f,0.0000013102305365769819f,0.000009815883506596174f,-0.000001389865794224153f,1.094947121490837f,0f,0f,0f,1f], start_interpolation: 0, interpolation_duration: 1 }
$data merge entity $(bone_finger_left_2) { transformation: [1.2208826189197566f,-0.13680303672033392f,0.1847624555957136f,0.6387138177583233f,0.1623468879236594f,-0.1938944402133817f,-1.2163285078751833f,1.8602874487816754f,0.1627750712952267f,1.2194656535681767f,-0.17266847125749385f,1.1703855227649227f,0f,0f,0f,1f], start_interpolation: 0, interpolation_duration: 1 }
$data merge entity $(bone_finger_film_left) { transformation: [0.5265706385106876f,0.3377553191958364f,0.4911894567972642f,0.7342832011288706f,0.5609359175622889f,0.09097170940380757f,-0.8412946496891399f,1.846657190589531f,-0.7390533984925389f,0.30969525861435854f,-0.288567024795735f,1.1279644428375808f,0f,0f,0f,1f], start_interpolation: 0, interpolation_duration: 1 }
$data merge entity $(bone_finger_left_0_fire) { transformation: [0.7545257980529585f,1.29037488567831f,0.7371575491446932f,1.06699404239226f,0.8706812771680039f,0.2861290035780999f,-1.3920567821314886f,1.2688456356858748f,-1.204318359670488f,1.0153032185016801f,-0.5445681232302271f,0.909290642193867f,0f,0f,0f,1f], start_interpolation: 0, interpolation_duration: 1 }
$data merge entity $(bone_finger_left_0_fire_s) { transformation: [0.000004527154788317751f,0.00000774224931406986f,0.0000044229452948681594f,1.06699404239226f,0.000005224087663008024f,0.0000017167740214685993f,-0.000008352340692788933f,1.2688456356858748f,-0.000007225910158022929f,0.000006091819311010081f,-0.0000032674087393813625f,0.909290642193867f,0f,0f,0f,1f], start_interpolation: 0, interpolation_duration: 1 }
$data merge entity $(bone_fire_large_left) { transformation: [0.000012072412768847337f,0.00002064599817085296f,0.000011794520786315091f,0.9849490531906965f,0.000013930900434688065f,0.0000045780640572495975f,-0.000022272908514103818f,1.2442253401091277f,-0.00001926909375472781f,0.000016244851496026882f,-0.000008713089971683633f,0.8419973618361611f,0f,0f,0f,1f], start_interpolation: 0, interpolation_duration: 1 }
$data merge entity $(bone_finger_left_0) { transformation: [0.6621263801919437f,1.1323552545844227f,0.6468850513870468f,0.701526200277226f,0.764057430295691f,0.25108957426767486f,-1.221585160577471f,1.843581990772853f,-1.05683723226565f,0.8909689325381598f,-0.47788017471742267f,1.09474130949797f,0f,0f,0f,1f], start_interpolation: 0, interpolation_duration: 1 }
$data merge entity $(bone_wing_left_1_model) { transformation: [-0.9087968370613918f,0.4222058176523944f,-0.16373038670180565f,0.5085865810689981f,-0.17229522407815406f,0.017126065038240147f,1.0004989438765068f,1.8113237729512792f,0.41878365267630546f,0.9232692069372936f,0.05631435708869067f,0.6288683932284842f,0f,0f,0f,1f], start_interpolation: 0, interpolation_duration: 1 }
$data merge entity $(bone_wing_left_0) { transformation: [-0.5012110852750769f,-0.3305145191433745f,0.7997172004107472f,0.09892582505874295f,0.8024619774318964f,0.16828453007955713f,0.5724815208476111f,1.58864107986285f,-0.3237934878490773f,0.9286767303918662f,0.18087926264556356f,0.595157864389085f,0f,0f,0f,1f], start_interpolation: 0, interpolation_duration: 1 }
$data merge entity $(bone_body_0) { transformation: [-0.9844595422589011f,-0.1364012180159218f,0.11060794446678654f,0.010233802178153097f,-0.07986625707152603f,0.9086938496377506f,0.40975220391342704f,1.4656301687059463f,-0.15639945855654266f,0.3945506245772509f,-0.9054661860107874f,0.1006229317637504f,0f,0f,0f,1f], start_interpolation: 0, interpolation_duration: 1 }
$data merge entity $(bone_leg_right_3) { transformation: [-0.9738980724167711f,0.1256383896832275f,-0.18904375044074728f,-0.30204597531781696f,-0.08574110426336216f,0.567517409505531f,0.8188848838193505f,0.7454413754219463f,0.21016899767234287f,0.8137192297997737f,-0.5419317369110854f,-0.3091919362114432f,0f,0f,0f,1f], start_interpolation: 0, interpolation_duration: 1 }
$data merge entity $(bone_leg_right_2) { transformation: [-0.974381280186034f,0.22316378671779868f,-0.02791137977239208f,-0.2575806832375385f,0.21669022352638756f,0.8983139821943402f,-0.38220064942675236f,0.9004620267968961f,-0.06022016150019988f,-0.37845728119818206f,-0.92365773880641f,-0.3670577495299946f,0f,0f,0f,1f], start_interpolation: 0, interpolation_duration: 1 }
$data merge entity $(bone_leg_right_1) { transformation: [-0.9873906700985273f,0.10615560168148926f,-0.11743361032524927f,-0.2260789071170553f,0.15826910222265989f,0.6772173715657904f,-0.7185593384899787f,1.1217992547453255f,0.003248981996689951f,-0.7280848988141173f,-0.6854792660867446f,-0.13661157352458486f,0f,0f,0f,1f], start_interpolation: 0, interpolation_duration: 1 }
$data merge entity $(bone_leg_right_0) { transformation: [-0.9756081734512195f,0.21881663453223868f,-0.01754914092370022f,-0.1253940571173852f,0.2116764939045686f,0.9165639253397116f,-0.33926926281956193f,1.4582132136426285f,-0.05815284879904371f,-0.33470860642930056f,-0.9405255950577376f,-0.17841795674843577f,0f,0f,0f,1f], start_interpolation: 0, interpolation_duration: 1 }
$data merge entity $(bone_leg_left_3) { transformation: [-0.9822423035787643f,-0.1711158530403189f,-0.07693777939716305f,0.3788639932895711f,-0.18757415772087827f,0.8869095457955088f,0.42214617484007516f,0.7813267635122294f,-0.003999051835814074f,0.4290813703892169f,-0.9032569873349034f,-0.1690847746548117f,0f,0f,0f,1f], start_interpolation: 0, interpolation_duration: 1 }
$data merge entity $(bone_leg_left_2) { transformation: [-0.8625500604612935f,-0.5058439327762251f,-0.01137140588057442f,0.28701335141111667f,-0.38271181933425674f,0.6669601892323905f,-0.6392931794732035f,0.8975401864734704f,0.33096685111968854f,-0.5470703991741613f,-0.7688790033596586f,-0.2551946858942459f,0f,0f,0f,1f], start_interpolation: 0, interpolation_duration: 1 }
$data merge entity $(bone_leg_left_1) { transformation: [-0.8996886063451867f,-0.3868357729558675f,0.2022832083349779f,0.23197252596239223f,-0.35192725548924064f,0.36857873376059547f,-0.860405092885466f,1.1697637572113238f,0.25827818037237726f,-0.8452856332513128f,-0.4677441392069612f,-0.09409594139630657f,0f,0f,0f,1f], start_interpolation: 0, interpolation_duration: 1 }
$data merge entity $(bone_leg_left_0) { transformation: [-0.8996886063451867f,-0.43650296610391986f,-0.005056895800365127f,0.05992100759847743f,-0.35192725548924064f,0.7321237973922226f,-0.5832168997343982f,1.4578958240154503f,0.25827818037237726f,-0.5229339402586836f,-0.81230072982182f,-0.20562060927981024f,0f,0f,0f,1f], start_interpolation: 0, interpolation_duration: 1 }
$data merge entity $(bone_tail_3) { transformation: [0.14796706152538056f,1.2357435750588739f,2.1013213200836955f,0.3667878738808998f,-2.41373349344613f,0.36903154398821786f,-0.047053873294800895f,1.0101078280112605f,-0.34132696370769655f,-2.0739482300858945f,1.243680975010754f,-1.179034794430429f,0f,0f,0f,1f], start_interpolation: 0, interpolation_duration: 1 }
$data merge entity $(bone_tail_2) { transformation: [-0.6554903230991133f,0.04361586681402172f,0.951495746173088f,-0.02310345490480621f,-0.9186617420985845f,0.27616265464833045f,-0.6455299019270767f,1.273079561200654f,-0.25160902692036663f,-1.121938459470772f,-0.12190591959596439f,-1.123440912461878f,0f,0f,0f,1f], start_interpolation: 0, interpolation_duration: 1 }
$data merge entity $(bone_tail_1) { transformation: [-1.3462506651519786f,-0.12063535655497935f,0.30403223119348066f,-0.11355078877291519f,-0.22225750290655769f,1.282173892982397f,-0.47540619562000364f,1.409063549464216f,-0.23997935173129908f,-0.5107411861021163f,-1.265279689175246f,-0.7419859203801917f,0f,0f,0f,1f], start_interpolation: 0, interpolation_duration: 1 }
$data merge entity $(bone_tail_0) { transformation: [-1.1852136844123775f,0.024059478807862123f,-0.17231948247052387f,-0.061991216643495925f,0.0020299187764306575f,1.188239828284531f,0.15194186449391778f,1.382909715342494f,0.1739791423969443f,0.1500386358096508f,-1.175680231207866f,-0.390436879693184f,0f,0f,0f,1f], start_interpolation: 0, interpolation_duration: 1 }
$data merge entity $(bone_body_1) { transformation: [-1.0100081832383736f,-0.026008698342728703f,-0.14597161315297186f,-0.020881201014457024f,0.0017298438268713427f,1.0028697106471378f,-0.19065687910826992f,1.4559537954994086f,0.1482604865643525f,-0.1888824648332601f,-0.9921909781119047f,-0.11123168951413898f,0f,0f,0f,1f], start_interpolation: 0, interpolation_duration: 1 }
data modify entity @s data merge value {"locators":{"body_1":{"posx":-0.029881078314964442,"posy":1.2374736359884078,"posz":-0.16999322044064374,"roty":351.63065602075136,"rotx":-10.76410696455578},"body_0":{"posx":0.009909558274745888,"posy":1.25508917767134,"posz":0.2101778245807081,"roty":6.964506896552564,"rotx":24.18926959082472},"neck_1":{"posx":-0.018631240458133632,"posy":1.126530067464708,"posz":0.47196320282398674,"roty":3.968536499203964,"rotx":48.65676809478312},"neck_0":{"posx":-0.03010753546388369,"posy":0.9089220315487839,"posz":0.6523890671203988,"roty":3.0641529061736037,"rotx":52.87170410250366},"pos_head":{"posx":-0.12686306447489926,"posy":0.9011473224090405,"posz":1.0347149216133378,"roty":13.642428297486788,"rotx":12.159488325517769},"head_0":{"posx":0.026568240596121985,"posy":0.6845452402868915,"posz":0.9910331714102717,"roty":13.642428297486788,"rotx":12.159488325517769},"arm_right_0":{"posx":-0.23230763412582434,"posy":0.5489166624980881,"posz":0.17834551780991034,"roty":9.407004029828698,"rotx":4.442591545214615},"arm_left_0":{"posx":0.4546447743526598,"posy":0.6786182791318545,"posz":0.5987703134097498,"roty":31.022523713824455,"rotx":-24.126839581956794},"finger_right_0":{"posx":-0.735189946503963,"posy":1.8283641193777906,"posz":0.5833486379130887,"roty":339.02539502332627,"rotx":-36.919900280118355},"finger_right_1":{"posx":-1.0353908657812785,"posy":1.4889511630713024,"posz":0.18350702820543147,"roty":339.02539502332627,"rotx":-36.919900280118355},"finger_right_2":{"posx":-1.2451899364115249,"posy":1.1073167367883758,"posz":-0.2863231198763937,"roty":339.02539502332627,"rotx":-36.919900280118355},"finger_right_3":{"posx":-1.4703403605098666,"posy":0.6977581213919262,"posz":-0.7905306810960596,"roty":339.02539502332627,"rotx":-36.919900280118355},"finger_left_0":{"posx":0.5215153880245361,"posy":1.895422713673689,"posz":1.1280089398076094,"roty":39.98227215899942,"rotx":-39.32378797109839},"finger_left_1":{"posx":0.8914452188794919,"posy":1.4829488681880834,"posz":0.8867366729984998,"roty":39.98227215899942,"rotx":-39.32378797109839},"finger_left_2":{"posx":1.2252367530101675,"posy":1.069351506176903,"posz":0.5290758178741437,"roty":39.98227215899942,"rotx":-39.32378797109839},"finger_left_3":{"posx":1.5834520413357855,"posy":0.6254910871485378,"posz":0.145245160763535,"roty":39.98227215899942,"rotx":-39.32378797109839},"leg_right_0":{"posx":-0.2570277793371327,"posy":0.9937879166020444,"posz":-0.09216866982894394,"roty":358.9310497765824,"rotx":-19.83235987498325},"leg_left_0":{"posx":0.29308698773195946,"posy":1.0669271595645133,"posz":-0.023317669159183707,"roty":359.64331554404737,"rotx":-35.67712178409604},"tail_0":{"posx":-0.09161630290492467,"posy":1.2227715543160766,"posz":-0.59038607877409,"roty":351.66152897270194,"rotx":7.286934982158835},"tail_1":{"posx":-0.04415319525753077,"posy":1.1552274871216028,"posz":-0.8962058013788263,"roty":13.511364934569059,"rotx":-20.068926267633028},"tail_2":{"posx":0.1828002960624368,"posy":1.0795721175673263,"posz":-0.9533358508420301,"roty":82.69902227175058,"rotx":-33.93804558915113},"tail_3":{"posx":0.4329318437766806,"posy":0.9715752994750991,"posz":-0.877873753821772,"roty":120.61945001830148,"rotx":-1.1039707859133157},"tail_4":{"posx":0.8093609716974403,"posy":0.9631461038445374,"posz":-0.6550816751613358,"roty":120.61945001830148,"rotx":-1.1039707859133157},"shadow":{"posx":0.06810422181915521,"posy":1.3459202605498033,"posz":0.1652495418092012,"roty":23.85930400537282,"rotx":-45.7092024132269}},"cameras":{}}