# This file was generated by Animated Java via MC-Build. It is not recommended to edit this file directly.
$data merge entity $(bone_head_lower) { transformation: [-0.924191104698478f,-0.3670370751683308f,0.1056152803721322f,-0.026208859276875857f,-0.37831757863897825f,0.9176964197545339f,-0.12128104082027791f,0.7807901635843005f,-0.05240812617283147f,-0.1520429762323356f,-0.9869834454991966f,0.9874764808985177f,0f,0f,0f,1f], start_interpolation: 0, interpolation_duration: 1 }
$data merge entity $(bone_head_upper) { transformation: [-0.924191104698478f,-0.3776859662580251f,0.05678127233471415f,-0.02991264560881055f,-0.37831757863897825f,0.9256757778805151f,-0.0004048926312134604f,0.793107562140126f,-0.05240812617283147f,-0.02185555162983477f,-0.9983865599926753f,0.971269413843836f,0f,0f,0f,1f], start_interpolation: 0, interpolation_duration: 1 }
$data merge entity $(bone_neck_0) { transformation: [-0.997136127652454f,-0.0034550519099198615f,0.07554869652461792f,-0.015667433057659393f,0.020686499621851116f,0.9483984590921262f,0.3164054859275912f,0.8364152019795525f,-0.07274346474882964f,0.31706217908791945f,-0.9456108940406491f,0.7883264147492877f,0f,0f,0f,1f], start_interpolation: 0, interpolation_duration: 1 }
$data merge entity $(bone_neck_1) { transformation: [-0.9990421675755815f,-0.03926620592096151f,0.019310941936018285f,-0.012610851446839514f,-0.017325410907013665f,0.7602047435867034f,0.6494525217174669f,0.9557854910280059f,-0.04018180611653439f,0.648495885030003f,-0.7601568979864395f,0.6608609342070615f,0f,0f,0f,1f], start_interpolation: 0, interpolation_duration: 1 }
$data merge entity $(bone_neck_2) { transformation: [-0.9990421675755815f,-0.040102602340074504f,0.01750796080180308f,-0.01435843726821474f,-0.017325410907013665f,0.729929206243544f,0.683303142104273f,1.2145848020854688f,-0.04018180611653439f,0.6823453195840237f,-0.7299248504462562f,0.5927233181036149f,0f,0f,0f,1f], start_interpolation: 0, interpolation_duration: 1 }
$data merge entity $(bone_arm_right_2) { transformation: [-0.9842208220706279f,0.055289169474235525f,-0.16808474392837286f,-0.2958167158931489f,-0.025335865877286336f,0.8961061540024118f,0.4431160735735657f,0.4504866693326459f,0.175121293116701f,0.44038263873347117f,-0.8805655365725366f,0.4228869878770252f,0f,0f,0f,1f], start_interpolation: 0, interpolation_duration: 1 }
$data merge entity $(bone_arm_right_1) { transformation: [-0.9413633774274067f,-0.30706693856397027f,-0.1398030288635287f,-0.2526655038384201f,-0.2976875471628579f,0.9509431733443545f,-0.08419741880799958f,0.791075892184088f,0.15879897953899708f,-0.03764274579144605f,-0.9865930811568939f,0.38573004923388093f,0f,0f,0f,1f], start_interpolation: 0, interpolation_duration: 1 }
$data merge entity $(bone_arm_right_0) { transformation: [-0.9768090951386862f,0.20427851632773308f,-0.06414264900423834f,-0.1679644577490102f,0.1755835636161019f,0.9356896520139919f,0.3060315135763057f,1.0914582638353352f,0.12253327646892957f,0.28767197096845304f,-0.9498581121814531f,0.4600428823541422f,0f,0f,0f,1f], start_interpolation: 0, interpolation_duration: 1 }
$data merge entity $(bone_arm_left_2) { transformation: [-0.8002379634875022f,-0.48254030647470203f,0.35605344320856624f,0.4064226910096379f,-0.3067736144518225f,0.8395698970938867f,0.44834399446175804f,0.5703297615210607f,-0.5152758011682088f,0.2495540833588208f,-0.8198863385917581f,0.6421164917244273f,0f,0f,0f,1f], start_interpolation: 0, interpolation_duration: 1 }
$data merge entity $(bone_arm_left_1) { transformation: [-0.8898071067352297f,0.2168939501796378f,0.4014976054461f,0.34327071883343835f,-0.006514243254164172f,0.8737004294507829f,-0.48642072757268745f,0.8410382182628826f,-0.4562903433542124f,-0.43543607332533846f,-0.7760119513311022f,0.43724471774765555f,0f,0f,0f,1f], start_interpolation: 0, interpolation_duration: 1 }
$data merge entity $(bone_arm_left_0) { transformation: [-0.7650247425576634f,-0.5677495936501981f,0.30396964023503326f,0.15059042149166801f,-0.4354058709887886f,0.8037660231063826f,0.40544038724360476f,1.0953925904932516f,-0.47450908398372627f,0.17782176191283489f,-0.8621024012303524f,0.4704770802488388f,0f,0f,0f,1f], start_interpolation: 0, interpolation_duration: 1 }
$data merge entity $(bone_finger_right_1_fire) { transformation: [-1.4677136541614462f,-0.1178443794482866f,-0.7808374410837898f,-1.2075919895134801f,0.30558496237892535f,1.4348517866644905f,-0.7909462427063974f,1.2453619218543075f,0.7281567399493762f,-0.839696868111311f,-1.2419640532350882f,-0.3602970534329576f,0f,0f,0f,1f], start_interpolation: 0, interpolation_duration: 1 }
$data merge entity $(bone_finger_right_1_fire_s) { transformation: [-0.000008806281924968678f,-7.070662766897196e-7f,-0.000004685024646502739f,-1.2075919895134801f,0.0000018335097742735522f,0.000008609110719986944f,-0.000004745677456238384f,1.2453619218543075f,0.000004368940439696257f,-0.000005038181208667866f,-0.000007451784319410529f,-0.3602970534329576f,0f,0f,0f,1f], start_interpolation: 0, interpolation_duration: 1 }
$data merge entity $(bone_finger_right_1) { transformation: [-1.7507827803576392f,-0.14057231784620094f,-0.9314328733209739f,-0.7183690844818935f,0.3645213005631744f,1.7115830416477509f,-0.9434912988597239f,1.707873863686834f,0.8685919614429727f,-1.0016441648827308f,-1.48149420839822f,0.429900754810033f,0f,0f,0f,1f], start_interpolation: 0, interpolation_duration: 1 }
$data merge entity $(bone_finger_right_2_fire) { transformation: [1.2603117065839495f,-0.6354945833050525f,-0.8863062758522972f,-1.0437115343615333f,-0.9440238487207766f,0.042524782513789355f,-1.372875957141192f,1.1797104009344463f,0.5460871295605154f,1.5401675412888913f,-0.32779653669046666f,0.4828210290509666f,0f,0f,0f,1f], start_interpolation: 0, interpolation_duration: 1 }
$data merge entity $(bone_finger_right_2_fire_s) { transformation: [0.000007561870239503697f,-0.000003812967499830315f,-0.000005317837655113784f,-1.0437115343615333f,-0.00000566414309232466f,2.5514869508273615e-7f,-0.000008237255742847153f,1.1797104009344463f,0.0000032765227773630923f,0.000009241005247733348f,-0.0000019667792201428f,0.4828210290509666f,0f,0f,0f,1f], start_interpolation: 0, interpolation_duration: 1 }
$data merge entity $(bone_finger_right_2) { transformation: [0.9394407571786488f,-0.47369988662662765f,-0.6606558000922678f,-0.7591098826999425f,-0.7036786809199373f,0.03169812172251738f,-1.0233465435188944f,1.6216381995189348f,0.40705525767936157f,1.1480462758631338f,-0.24434068573695222f,0.5890034216315504f,0f,0f,0f,1f], start_interpolation: 0, interpolation_duration: 1 }
$data merge entity $(bone_finger_film_right) { transformation: [-0.13782035029308445f,-0.3373795747329246f,-0.6764125224794674f,-0.8240528298126868f,-0.5724062900189626f,0.28547760212693024f,-0.5880847161179852f,1.6458354434790747f,0.9127350014823454f,0.12808909897800538f,-0.47094370289580073f,0.5051710294425189f,0f,0f,0f,1f], start_interpolation: 0, interpolation_duration: 1 }
$data merge entity $(bone_finger_right_0_fire) { transformation: [-0.29733064258380804f,-1.265277690056933f,-1.0432854996608885f,-1.2795859468425803f,-0.8220465320417671f,1.032456548043536f,-1.0178657835578848f,1.235462524111662f,1.4190178878071198f,0.33299192366181496f,-0.8082588636304591f,0.1640254546704027f,0f,0f,0f,1f], start_interpolation: 0, interpolation_duration: 1 }
$data merge entity $(bone_finger_right_0_fire_s) { transformation: [-0.0000017839838555028483f,-0.000007591666140341598f,-0.00000625971299796533f,-1.2795859468425803f,-0.000004932279192250603f,0.000006194739288261216f,-0.000006107194701347309f,1.235462524111662f,0.000008514107326842719f,0.0000019979515419708895f,-0.000004849553181782755f,0.1640254546704027f,0f,0f,0f,1f], start_interpolation: 0, interpolation_duration: 1 }
$data merge entity $(bone_fire_large_right) { transformation: [-0.000004757290281340928f,-0.00002024444304091093f,-0.000016692567994574214f,-1.201199360565211f,-0.000013152744512668274f,0.000016519304768696576f,-0.000016285852536926157f,1.1635944089350243f,0.000022704286204913916f,0.0000053278707785890385f,-0.000012932141818087344f,0.14043643388932814f,0f,0f,0f,1f], start_interpolation: 0, interpolation_duration: 1 }
$data merge entity $(bone_finger_right_0) { transformation: [-0.26091945776033426f,-1.1103314678131384f,-0.9155244965510411f,-0.7857015782078872f,-0.7213785082162993f,0.9060216610559875f,-0.8932176852369403f,1.6205709429094053f,1.2452446025117878f,0.2922136494422082f,-0.7092792811255572f,0.48967911682059917f,0f,0f,0f,1f], start_interpolation: 0, interpolation_duration: 1 }
$data merge entity $(bone_wing_right_1_model) { transformation: [-0.6656548172041229f,-0.7632797857214519f,0.07269605273878244f,-0.4176075137242765f,-0.09495142602826682f,0.17759145690623676f,0.9951997709861867f,1.505059112421162f,-0.7608317646299898f,0.645633275307875f,-0.1878025100659766f,0.16338532267203418f,0f,0f,0f,1f], start_interpolation: 0, interpolation_duration: 1 }
$data merge entity $(bone_wing_right_0) { transformation: [-0.8266070636624224f,-0.30686742023823577f,-0.4717553907479147f,-0.1894429830463346f,-0.5219125687620898f,0.731597565037199f,0.4386026372467429f,1.3711133220340563f,0.21054223536275174f,0.6087671059017326f,-0.7649016785839104f,0.5488010070764402f,0f,0f,0f,1f], start_interpolation: 0, interpolation_duration: 1 }
$data merge entity $(bone_finger_left_1_fire) { transformation: [-1.036338356338556f,0.943512586921365f,0.9019781523297737f,1.4276203134090717f,0.2807744206103318f,1.2858722466584567f,-1.0224852408627925f,1.1021503595316706f,-1.2747338207210988f,-0.4838329684635649f,-0.9585077582968753f,0.1566117532198067f,0f,0f,0f,1f], start_interpolation: 0, interpolation_duration: 1 }
$data merge entity $(bone_finger_left_1_fire_s) { transformation: [-0.000006218030138031335f,0.00000566107552152819f,0.000005411868913978643f,1.4276203134090717f,0.000001684646523661991f,0.00000771523347995074f,-0.000006134911445176754f,1.1021503595316706f,-0.000007648402924326593f,-0.0000029029978107813895f,-0.000005751046549781251f,0.1566117532198067f,0f,0f,0f,1f], start_interpolation: 0, interpolation_duration: 1 }
$data merge entity $(bone_finger_left_1) { transformation: [-1.236210717095435f,1.1254821984853671f,1.0759372667007032f,0.8460849843437696f,0.3349256984669229f,1.533870711637993f,-1.219685834356554f,1.7121636779978178f,-1.5205840843206528f,-0.5771469300933219f,-1.1433693985930438f,0.7627217561401466f,0f,0f,0f,1f], start_interpolation: 0, interpolation_duration: 1 }
$data merge entity $(bone_finger_left_2_fire) { transformation: [1.613001881847335f,-0.09279476646205229f,0.4091354766480012f,0.9157116068174957f,0.3950688366112519f,-0.21088284789807912f,-1.6053743540304872f,1.099592357146755f,0.14114999565485783f,1.6506651185378047f,-0.182096466047491f,0.8494017354877432f,0f,0f,0f,1f], start_interpolation: 0, interpolation_duration: 1 }
$data merge entity $(bone_finger_left_2_fire_s) { transformation: [0.00000967801129108401f,-5.567685987723137e-7f,0.0000024548128598880077f,0.9157116068174957f,0.0000023704130196675116f,-0.0000012652970873884748f,-0.000009632246124182924f,1.099592357146755f,8.46899973929147e-7f,0.000009903990711226828f,-0.000001092578796284946f,0.8494017354877432f,0f,0f,0f,1f], start_interpolation: 0, interpolation_duration: 1 }
$data merge entity $(bone_finger_left_2) { transformation: [1.2023372482355899f,-0.06916954370249638f,0.3049710162675883f,0.7843225889650246f,0.2944856935509553f,-0.1571928129131958f,-1.196651662304564f,1.6160910545400684f,0.1052137007861158f,1.2304115566859943f,-0.13573534312943095f,0.908891241815736f,0f,0f,0f,1f], start_interpolation: 0, interpolation_duration: 1 }
$data merge entity $(bone_finger_film_left) { transformation: [0.4617517422553374f,0.3287560222696103f,0.562648648014875f,0.8822307630389448f,0.5864108447993381f,0.13463791785769702f,-0.7991062975194342f,1.6141343469143579f,-0.7890730272700023f,0.2924403613328977f,-0.26461505880737385f,0.8615507335815689f,0f,0f,0f,1f], start_interpolation: 0, interpolation_duration: 1 }
$data merge entity $(bone_finger_left_0_fire) { transformation: [0.624627930514429f,1.2812181703432353f,0.8637694867158556f,1.2662119329386332f,0.8806110453336774f,0.47040313216860663f,-1.33454968354875f,1.0628534279361306f,-1.2697015054867682f,0.9565451745767555f,-0.5006567623994855f,0.6592033432334631f,0f,0f,0f,1f], start_interpolation: 0, interpolation_duration: 1 }
$data merge entity $(bone_finger_left_0_fire_s) { transformation: [0.000003747767583086574f,0.000007687309022059411f,0.000005182616920295134f,1.2662119329386332f,0.000005283666272002065f,0.0000028224187930116397f,-0.0000080072981012925f,1.0628534279361306f,-0.0000076182090329206095f,0.000005739271047460533f,-0.000003003940574396913f,0.6592033432334631f,0f,0f,0f,1f], start_interpolation: 0, interpolation_duration: 1 }
$data merge entity $(bone_fire_large_left) { transformation: [0.000009994046888230863f,0.00002049949072549176f,0.00001382031178745369f,1.185347673331218f,0.000014089776725338839f,0.000007526450114697705f,-0.000021352794936779998f,1.026418030168938f,-0.00002031522408778829f,0.000015304722793228086f,-0.000008010508198391768f,0.5959628649275324f,0f,0f,0f,1f], start_interpolation: 0, interpolation_duration: 1 }
$data merge entity $(bone_finger_left_0) { transformation: [0.5481358379866493f,1.12431987289846f,0.7579920594302603f,0.847724280997662f,0.772771196569354f,0.412797447002456f,-1.171120395663949f,1.6054783394151626f,-1.1142135416994823f,0.8394064133617923f,-0.4393462101118539f,0.8286343383250532f,0f,0f,0f,1f], start_interpolation: 0, interpolation_duration: 1 }
$data merge entity $(bone_wing_left_1_model) { transformation: [-0.8048886220576537f,0.6177267323053808f,-0.03930742066440201f,0.5529796210246083f,-0.05624708321774068f,-0.008780297833866977f,1.0137732759553708f,1.584144257921928f,0.6164151642792932f,0.8058000208532542f,0.04117954202351709f,0.41878765263040924f,0f,0f,0f,1f], start_interpolation: 0, interpolation_duration: 1 }
$data merge entity $(bone_wing_left_0) { transformation: [-0.5919953060652458f,0.0037208718449738658f,0.8059328214618321f,0.15930964951153942f,0.7651822646151919f,0.31658042567911004f,0.5606005137307666f,1.3754206074304112f,-0.2530566330193341f,0.948558374160255f,-0.19026127113885036f,0.560224326013131f,0f,0f,0f,1f], start_interpolation: 0, interpolation_duration: 1 }
$data merge entity $(bone_body_0) { transformation: [-0.9993878564413435f,-0.023089511142445063f,0.026282824672764632f,0.0019265863335285044f,-0.012342985593463196f,0.9356719004124255f,0.35265527854441536f,1.234109130410721f,-0.032734738493165716f,0.35211499436093696f,-0.9353841283889635f,0.08818153488051905f,0f,0f,0f,1f], start_interpolation: 0, interpolation_duration: 1 }
$data merge entity $(bone_leg_right_3) { transformation: [-0.9634520264452252f,0.18932821750681417f,-0.18951258215295708f,-0.40886406906798495f,0.05290829249925803f,0.8280037494258417f,0.558220837591684f,0.4974770409798354f,0.2626040847424156f,0.5277922100528206f,-0.8077589229987854f,-0.14770564164142214f,0f,0f,0f,1f], start_interpolation: 0, interpolation_duration: 1 }
$data merge entity $(bone_leg_right_2) { transformation: [-0.9468486426572459f,0.2970684433224114f,-0.12340173369985621f,-0.35125481618428134f,0.3187394135461045f,0.8146692056768624f,-0.48447834995396394f,0.638270163332952f,-0.04339163687182496f,-0.49806066428079765f,-0.8660558530174335f,-0.22654400529616497f,0f,0f,0f,1f], start_interpolation: 0, interpolation_duration: 1 }
$data merge entity $(bone_leg_right_1) { transformation: [-0.9611720495196465f,0.1223769850609097f,-0.24733007247321132f,-0.2782074252587553f,0.2742823284359595f,0.5220632713747991f,-0.807600857471803f,0.8909632103168559f,0.03029018867472615f,-0.8440816395401838f,-0.535358468935726f,-0.04242916859059093f,0f,0f,0f,1f], start_interpolation: 0, interpolation_duration: 1 }
$data merge entity $(bone_leg_right_0) { transformation: [-0.9526897692683675f,0.2635632306938281f,-0.15138238655014233f,-0.15242750895697604f,0.30247384188110144f,0.7731866233938108f,-0.5573975424977795f,1.1924746669571147f,-0.029862660783513892f,-0.576816148205916f,-0.8163279688089949f,-0.17781682906398355f,0f,0f,0f,1f], start_interpolation: 0, interpolation_duration: 1 }
$data merge entity $(bone_leg_left_3) { transformation: [-0.9903727735042133f,-0.08825405204390127f,-0.10664423003334139f,0.2884619878440613f,-0.11240692365951012f,0.9623469945758424f,0.2474933242417824f,0.4968711654746333f,0.08078646554328858f,0.2570981997771971f,-0.9630026285822626f,-0.12209515311718087f,0f,0f,0f,1f], start_interpolation: 0, interpolation_duration: 1 }
$data merge entity $(bone_leg_left_2) { transformation: [-0.8610842224055003f,-0.4973730745169837f,-0.1056124361514188f,0.19873333543948513f,-0.2659101528558868f,0.6175407765127527f,-0.740226438295867f,0.6060706851152604f,0.4333886852843224f,-0.6093138879834832f,-0.6640111696183865f,-0.2189520101353117f,0f,0f,0f,1f], start_interpolation: 0, interpolation_duration: 1 }
$data merge entity $(bone_leg_left_1) { transformation: [-0.9017660503354032f,-0.4273996719368603f,0.06440117150138637f,0.1885123618660322f,-0.23537548925751983f,0.3606226899791925f,-0.9025240465100939f,0.8913730552129715f,0.36251395768890043f,-0.8290240020050295f,-0.42579670569450734f,-0.07203005899799603f,0f,0f,0f,1f], start_interpolation: 0, interpolation_duration: 1 }
$data merge entity $(bone_leg_left_0) { transformation: [-0.9017660503354032f,-0.41898048744863153f,-0.10617599351922212f,0.030187860771001218f,-0.23537548925751983f,0.6820564052475836f,-0.6923853256081667f,1.173489411927949f,0.36251395768890043f,-0.5993783539618783f,-0.7136730478886527f,-0.21487010263264672f,0f,0f,0f,1f], start_interpolation: 0, interpolation_duration: 1 }
$data merge entity $(bone_tail_3) { transformation: [-1.023440419477469f,-0.6390987613808672f,2.1233535282225735f,0.0632170600631699f,-2.166803345512029f,0.7851895731800528f,-0.8080521770784556f,0.6394749225168521f,-0.47121194222100093f,-2.222507105096583f,-0.8960631663769824f,-1.4087111222488011f,0f,0f,0f,1f], start_interpolation: 0, interpolation_duration: 1 }
$data merge entity $(bone_tail_2) { transformation: [-0.9032420511751921f,-0.4140640107012077f,0.5912857638493096f,-0.1768429808831848f,-0.7214061204486589f,0.551014766997649f,-0.716149424652245f,0.9299790111934105f,-0.025319337827964132f,-0.928357573401842f,-0.6887853145497489f,-1.1219383696479186f,0f,0f,0f,1f], start_interpolation: 0, interpolation_duration: 1 }
$data merge entity $(bone_tail_1) { transformation: [-1.381415452626708f,-0.10343424001610556f,0.01928848138697422f,-0.18210417233388837f,-0.10433319046015999f,1.3137379302464747f,-0.4273015051200859f,1.0513999676083736f,0.013611498460087494f,-0.4275199982477746f,-1.317733174237361f,-0.7251896488437456f,0f,0f,0f,1f], start_interpolation: 0, interpolation_duration: 1 }
$data merge entity $(bone_tail_0) { transformation: [-1.1679473307660224f,0.11289032940774382f,-0.24116207488017707f,-0.10868155764367467f,0.12142339370588663f,1.1913599837242332f,-0.030365917066967205f,1.0794377424922867f,0.23698044707369062f,-0.05405092954412305f,-1.1729974872087099f,-0.3776955577328289f,0f,0f,0f,1f], start_interpolation: 0, interpolation_duration: 1 }
$data merge entity $(bone_body_1) { transformation: [-0.9952942470875669f,0.028617704576350246f,-0.22510238369155117f,-0.04400338005943018f,0.10347384854936424f,0.9585038123304696f,-0.3356550295448937f,1.1929718658430846f,0.2019485548975798f,-0.35007451089329655f,-0.9374248302888304f,-0.11710441161835902f,0f,0f,0f,1f], start_interpolation: 0, interpolation_duration: 1 }
data modify entity @s data merge value {"locators":{"body_1":{"posx":-0.07158458170574586,"posy":0.9692464884704892,"posz":-0.1384053093327322,"roty":346.4973074017708,"rotx":-19.196255469670295},"body_0":{"posx":0.00046938262794374167,"posy":1.030165783312191,"posz":0.20956883368763096,"roty":1.6094979133388847,"rotx":20.649810076147048},"neck_1":{"posx":-0.005064198634523608,"posy":0.9139061035045085,"posz":0.4912855107824291,"roty":1.3740317940934972,"rotx":43.102304581377},"neck_0":{"posx":-0.010932989418500922,"posy":0.7202171663116009,"posz":0.7207154638349555,"roty":1.4552226663868169,"rotx":40.5003370658135},"pos_head":{"posx":-0.042023920108993834,"posy":0.8038926871089783,"posz":1.1070032268146879,"roty":3.255078250886527,"rotx":-0.023198639558329934},"head_0":{"posx":0.06066346376103206,"posy":0.5565510373118029,"posz":1.0816431770160133,"roty":3.255078250886527,"rotx":-0.023198639558329934},"arm_right_0":{"posx":-0.25017797910885015,"posy":0.31880760896297283,"posz":0.34788048514036857,"roty":351.93472276311314,"rotx":-4.829874910495199},"arm_left_0":{"posx":0.39448988977764937,"posy":0.41276121983264513,"posz":0.6332842998767313,"roty":27.35640595549083,"rotx":-29.105596612314493},"finger_right_0":{"posx":-0.63447632667613,"posy":1.5983464148349824,"posz":0.6006750958705528,"roty":327.8419407503603,"rotx":-28.331209721685454},"finger_right_1":{"posx":-1.0318695092426842,"posy":1.3445248383102666,"posz":0.22272228739124206,"roty":327.8419407503603,"rotx":-28.331209721685454},"finger_right_2":{"posx":-1.356326461023954,"posy":1.04591757986547,"posz":-0.2419950945228546,"roty":327.8419407503603,"rotx":-28.331209721685454},"finger_right_3":{"posx":-1.704524267878452,"posy":0.7254612666419485,"posz":-0.7407157340848328,"roty":327.8419407503603,"rotx":-28.331209721685454},"finger_left_0":{"posx":0.6665965414167513,"posy":1.6420118873075558,"posz":0.8678918923361714,"roty":43.25964193272711,"rotx":-37.84236579399907},"finger_left_1":{"posx":1.0709549175805446,"posy":1.257811557891614,"posz":0.6353419617833381,"roty":43.25964193272711,"rotx":-37.84236579399907},"finger_left_2":{"posx":1.4346984920873171,"posy":0.8604601054716107,"posz":0.2886385025087691,"roty":43.25964193272711,"rotx":-37.84236579399907},"finger_left_3":{"posx":1.825057435881479,"posy":0.43403435253975575,"posz":-0.08343300936040063,"roty":43.25964193272711,"rotx":-37.84236579399907},"leg_right_0":{"posx":-0.3156542698490394,"posy":0.7824505580584625,"posz":0.03594586062093931,"roty":349.4942363617829,"rotx":-33.876010846521424},"leg_left_0":{"posx":0.24697283945811355,"posy":0.795197692204126,"posz":0.009533285610048653,"roty":351.53794565533315,"rotx":-43.81922592147658},"tail_0":{"posx":-0.16234201158640182,"posy":0.8913968063012051,"posz":-0.5458107580124517,"roty":348.38217761107,"rotx":-1.4525428345527511},"tail_1":{"posx":-0.16497306505671577,"posy":0.801813084109762,"posz":-0.8996759147086296,"roty":0.8386141282065296,"rotx":-17.964529265221266},"tail_2":{"posx":0.02875999140173402,"posy":0.6722438337317648,"posz":-1.1131512495850657,"roty":40.64434554858363,"rotx":-38.27032376904208},"tail_3":{"posx":0.30637184594024003,"posy":0.4963214209529692,"posz":-1.2785551466482599,"roty":67.12007247679153,"rotx":-19.321344778563496},"tail_4":{"posx":0.686747807130438,"posy":0.35156755897816233,"posz":-1.4390752313479989,"roty":67.12007247679153,"rotx":-19.321344778563496},"shadow":{"posx":0.028811483503602527,"posy":1.0263810698297848,"posz":0.13471528159963614,"roty":5.364366084385921,"rotx":-41.42402621385339}},"cameras":{}}