# This file was generated by Animated Java via MC-Build. It is not recommended to edit this file directly.
$data merge entity $(bone_head_lower) { transformation: [-0.9840840021413698f,-0.11974660207321108f,-0.13129900236233585f,0.029182576758076482f,-0.08347976404232012f,0.9637789181148076f,-0.25330086062405976f,0.6154524206898936f,0.1568751278082768f,-0.2383085149325783f,-0.9584358330038407f,1.0040492984502527f,0f,0f,0f,1f], start_interpolation: 0, interpolation_duration: 1 }
$data merge entity $(bone_head_upper) { transformation: [-0.9840840021413698f,-0.101702886810756f,-0.14572302338265972f,0.025899448687716986f,-0.08347976404232012f,0.9884936674220961f,-0.12614039187291654f,0.6264744930994015f,0.1568751278082768f,-0.11196781805846262f,-0.9812509373215212f,0.986849288195494f,0f,0f,0f,1f], start_interpolation: 0, interpolation_duration: 1 }
$data merge entity $(bone_neck_0) { transformation: [-0.9845800195329826f,0.16507635852392497f,-0.0578962951570514f,0.012225668412575922f,0.15592936431489696f,0.9781789903188634f,0.13730220771393692f,0.6356457980101511f,0.0792982880066397f,0.12615727785288283f,-0.9888357410429534f,0.7990314680451736f,0f,0f,0f,1f], start_interpolation: 0, interpolation_duration: 1 }
$data merge entity $(bone_neck_1) { transformation: [-0.9874238708253726f,0.15743135872219358f,0.014472961518702823f,0.016004824373778613f,0.14204934194817284f,0.8432944779810474f,0.5183400504097322f,0.7328016386351657f,0.06939800988738015f,0.5138772136391695f,-0.8550521186022023f,0.6539366096208198f,0f,0f,0f,1f], start_interpolation: 0, interpolation_duration: 1 }
$data merge entity $(bone_neck_2) { transformation: [-0.9874238708253726f,0.1533410415639489f,0.03847888117293888f,0.046570269477684216f,0.14204934194817284f,0.7536860143072854f,0.6417003789072353f,0.9855610442662737f,0.06939800988738015f,0.6390961718002085f,-0.7659895556820535f,0.5714665628226617f,0f,0f,0f,1f], start_interpolation: 0, interpolation_duration: 1 }
$data merge entity $(bone_arm_right_2) { transformation: [-0.8838167694223005f,0.2202788391696628f,-0.41272890751920177f,-0.2927318184223991f,0.026207067516191503f,0.9041400479382391f,0.42643166313776526f,0.2549758314554252f,0.4670986059710837f,0.36607104054855866f,-0.8048669986846064f,0.5265540374919766f,0f,0f,0f,1f], start_interpolation: 0, interpolation_duration: 1 }
$data merge entity $(bone_arm_right_1) { transformation: [-0.8520579409985282f,-0.2896913069335241f,-0.435977306598056f,-0.2579454765405439f,-0.24807731249112763f,0.9569005947652528f,-0.1509930421081864f,0.5899558542545786f,0.46092831569402204f,-0.020498742035839457f,-0.8872005913920596f,0.45025214591890245f,0f,0f,0f,1f], start_interpolation: 0, interpolation_duration: 1 }
$data merge entity $(bone_arm_right_0) { transformation: [-0.892503808888257f,0.3317494849287957f,-0.3055801537558228f,-0.13808777385234622f,0.2788638730925315f,0.9383596628475626f,0.2042451552043309f,0.8874154490759019f,0.3545023150894589f,0.09707431375027845f,-0.9300025194622468f,0.4590926283078892f,0f,0f,0f,1f], start_interpolation: 0, interpolation_duration: 1 }
$data merge entity $(bone_arm_left_2) { transformation: [-0.8760651120143245f,-0.3035731038841233f,0.37463754498113055f,0.3518091280844929f,-0.11980767540045913f,0.8896198943219038f,0.44070689187012185f,0.2623233701830177f,-0.4670717722432682f,0.3412034792097589f,-0.815735340259749f,0.5866808057314616f,0f,0f,0f,1f], start_interpolation: 0, interpolation_duration: 1 }
$data merge entity $(bone_arm_left_1) { transformation: [-0.885606334471857f,0.3380712986982969f,0.31844813916832415f,0.3269274925283606f,0.168292148629283f,0.8726599896134244f,-0.45841280003686374f,0.5586174997638793f,-0.4328731604674292f,-0.3523809579479932f,-0.8297279598896221f,0.41108360500877544f,0f,0f,0f,1f], start_interpolation: 0, interpolation_duration: 1 }
$data merge entity $(bone_arm_left_0) { transformation: [-0.8509657964674601f,-0.430362019499809f,0.3010743187562622f,0.17633492837660053f,-0.3463646920784826f,0.8907479444495214f,0.2942780989817801f,0.840875620735978f,-0.39482744753104415f,0.1461390831742088f,-0.9070582423665652f,0.43513493223465405f,0f,0f,0f,1f], start_interpolation: 0, interpolation_duration: 1 }
$data merge entity $(bone_finger_right_1_fire) { transformation: [-1.2563634711689249f,0.041152726115088516f,-1.0943651398063836f,-1.2735877897431496f,0.38179847688256563f,1.5774565067737225f,-0.3789969261948943f,1.306550117380019f,1.026429992323053f,-0.5363909023728135f,-1.1985424683711274f,-0.2969281287573229f,0f,0f,0f,1f], start_interpolation: 0, interpolation_duration: 1 }
$data merge entity $(bone_finger_right_1_fire_s) { transformation: [-0.000007538180827013549f,2.469163566905311e-7f,-0.0000065661908388383025f,-1.2735877897431496f,0.0000022907908612953938f,0.000009464739040642336f,-0.0000022739815571693656f,1.306550117380019f,0.000006158579953938319f,-0.0000032183454142368816f,-0.000007191254810226765f,-0.2969281287573229f,0f,0f,0f,1f], start_interpolation: 0, interpolation_duration: 1 }
$data merge entity $(bone_finger_right_1) { transformation: [-1.4986707556724483f,0.049089605484548944f,-1.305428778130002f,-0.5925812494606104f,0.4554336583280448f,1.8816910784961296f,-0.4520917893685463f,1.5096250894109038f,1.2243913863624463f,-0.6398413973680438f,-1.4296981629910566f,0.4598146089840628f,0f,0f,0f,1f], start_interpolation: 0, interpolation_duration: 1 }
$data merge entity $(bone_finger_right_2_fire) { transformation: [1.133642125569151f,-0.39485683919439707f,-1.1561666771941863f,-0.9975975032315698f,-1.2160499004013423f,-0.21271992712122453f,-1.119710074134017f,1.0320500489217603f,0.11771129362436758f,1.6051841286670916f,-0.4327883341846532f,0.4678967689297432f,0f,0f,0f,1f], start_interpolation: 0, interpolation_duration: 1 }
$data merge entity $(bone_finger_right_2_fire_s) { transformation: [0.000006801852753414906f,-0.0000023691410351663825f,-0.000006937000063165118f,-0.9975975032315698f,-0.000007296299402408055f,-0.0000012763195627273472f,-0.0000067182604448041026f,1.0320500489217603f,7.062677617462055e-7f,0.00000963110477200255f,-0.000002596730005107919f,0.4678967689297432f,0f,0f,0f,1f], start_interpolation: 0, interpolation_duration: 1 }
$data merge entity $(bone_finger_right_2) { transformation: [0.8450208081466845f,-0.29432766993444076f,-0.8618106877639166f,-0.6260161603149671f,-0.9064478519338119f,-0.15856217819590568f,-0.8346358082447556f,1.3924364256271486f,0.08774241025713127f,1.1965098676529002f,-0.32260193906041007f,0.6079751215251075f,0f,0f,0f,1f], start_interpolation: 0, interpolation_duration: 1 }
$data merge entity $(bone_finger_film_right) { transformation: [-0.0938446418067371f,-0.2539349778868895f,-0.8319439049080869f,-0.697010756685755f,-0.7532931977921022f,0.288373412555017f,-0.36463447490442513f,1.4482404968216114f,0.8018357297901143f,0.2411956537661605f,-0.4399281976094164f,0.541823515572309f,0f,0f,0f,1f], start_interpolation: 0, interpolation_duration: 1 }
$data merge entity $(bone_finger_right_0_fire) { transformation: [-0.2234380921013841f,-0.9879032400980186f,-1.323593738644796f,-1.265956238991678f,-1.0636475463852568f,1.1078739954530077f,-0.6473383080317368f,1.1947724664779118f,1.2635296173198693f,0.7579183176178061f,-0.7789932655374359f,0.21889730998234042f,0f,0f,0f,1f], start_interpolation: 0, interpolation_duration: 1 }
$data merge entity $(bone_finger_right_0_fire_s) { transformation: [-0.0000013406285526083047f,-0.0000059274194405881115f,-0.000007941562431868777f,-1.265956238991678f,-0.000006381885278311541f,0.000006647243972718046f,-0.000003884029848190421f,1.1947724664779118f,0.000007581177703919216f,0.000004547509905706837f,-0.000004673959593224615f,0.21889730998234042f,0f,0f,0f,1f], start_interpolation: 0, interpolation_duration: 1 }
$data merge entity $(bone_fire_large_right) { transformation: [-0.0000035750094736221457f,-0.000015806451841568295f,-0.000021177499818316737f,-1.206659191375163f,-0.00001701836074216411f,0.000017725983927248122f,-0.000010357412928507789f,1.119176171415459f,0.00002021647387711791f,0.000012126693081884899f,-0.000012463892248598973f,0.16756520399137986f,0f,0f,0f,1f], start_interpolation: 0, interpolation_duration: 1 }
$data merge entity $(bone_finger_right_0) { transformation: [-0.19607580748312556f,-0.8669243623398052f,-1.1615061185119198f,-0.6658623162810031f,-0.9333930019430318f,0.9722034690013335f,-0.5680650969955933f,1.4206404133424917f,1.1087974645004737f,0.6651034509627503f,-0.6835975554914051f,0.5141116829171891f,0f,0f,0f,1f], start_interpolation: 0, interpolation_duration: 1 }
$data merge entity $(bone_wing_right_1_model) { transformation: [-0.6891279943983224f,-0.7431234332203317f,0.06202623136394055f,-0.30782562518683554f,0.0006545352782380522f,0.08385336039395473f,1.0119018077738826f,1.3525736961226715f,-0.7457072226832429f,0.6868138466799494f,-0.05643191551396983f,0.1641395222701856f,0f,0f,0f,1f], start_interpolation: 0, interpolation_duration: 1 }
$data merge entity $(bone_wing_right_0) { transformation: [-0.8520640654667065f,-0.3186929072757607f,-0.41523687118615976f,-0.10555877779592274f,-0.5127039262657895f,0.6679641852658995f,0.5394057203939416f,1.1675535105766242f,0.10545858112070322f,0.6725018052423254f,-0.7325433841171605f,0.5428232334858978f,0f,0f,0f,1f], start_interpolation: 0, interpolation_duration: 1 }
$data merge entity $(bone_finger_left_1_fire) { transformation: [-1.0627291261512706f,0.7410961142391498f,1.0484088571102255f,1.5774911448964308f,0.06628533425208102f,1.390830576210907f,-0.9159554249622108f,0.8282030574210089f,-1.2821820606569985f,-0.5423510261023273f,-0.9163199799158075f,-0.1065827137522054f,0f,0f,0f,1f], start_interpolation: 0, interpolation_duration: 1 }
$data merge entity $(bone_finger_left_1_fire_s) { transformation: [-0.000006376374756907624f,0.000004446576685434899f,0.000006290453142661354f,1.5774911448964308f,3.977120055124861e-7f,0.000008344983457265442f,-0.000005495732549773265f,0.8282030574210089f,-0.000007693092363941991f,-0.0000032541061566139644f,-0.000005497919879494845f,-0.1065827137522054f,0f,0f,0f,1f], start_interpolation: 0, interpolation_duration: 1 }
$data merge entity $(bone_finger_left_1) { transformation: [-1.2676913163373091f,0.8840268752157692f,1.250609182927932f,0.9089803805895011f,0.07906938895727438f,1.6590717244612472f,-1.0926102520421226f,1.3696236501441004f,-1.5294688216035497f,-0.6469510144005266f,-1.0930451165222899f,0.47447324145211645f,0f,0f,0f,1f], start_interpolation: 0, interpolation_duration: 1 }
$data merge entity $(bone_finger_left_2_fire) { transformation: [1.5400271214054944f,-0.0671081986365532f,0.6337118689034027f,1.062424377248224f,0.6229106382641375f,-0.1911540198005865f,-1.5340209435432162f,0.7712711047262941f,0.13444917199689524f,1.6543078335568666f,-0.15154797840788048f,0.5774808999425723f,0f,0f,0f,1f], start_interpolation: 0, interpolation_duration: 1 }
$data merge entity $(bone_finger_left_2_fire_s) { transformation: [0.000009240162728432967f,-4.026491918193193e-7f,0.0000038022712134204164f,1.062424377248224f,0.000003737463829584825f,-0.000001146924118803519f,-0.000009204125661259298f,0.7712711047262941f,8.066950319813714e-7f,0.0000099258470013412f,-9.092878704472829e-7f,0.5774808999425723f,0f,0f,0f,1f], start_interpolation: 0, interpolation_duration: 1 }
$data merge entity $(bone_finger_left_2) { transformation: [1.1479416063905803f,-0.050022686142381985f,0.4723710450721375f,0.8587768483300375f,0.464319769949322f,-0.14248687539842647f,-1.1434645803904155f,1.2648645022792961f,0.10021888337858768f,1.2331268492107057f,-0.11296439352315853f,0.6271419676110743f,0f,0f,0f,1f], start_interpolation: 0, interpolation_duration: 1 }
$data merge entity $(bone_finger_film_left) { transformation: [0.39906058475582323f,0.2974832426012541f,0.6690229881643247f,0.9585138947746222f,0.6389574921942415f,0.18133480836186217f,-0.717484207721233f,1.279438113892786f,-0.807268213834112f,0.2905838073715339f,-0.23717173784564702f,0.5784542539975561f,0f,0f,0f,1f], start_interpolation: 0, interpolation_duration: 1 }
$data merge entity $(bone_finger_left_0_fire) { transformation: [0.509838585348078f,1.1879702473626794f,1.0519358754454118f,1.4187776943539991f,0.9262023796898569f,0.6743443083694214f,-1.2104489594379397f,0.7827975959873137f,-1.2884065920837628f,0.9548634577407393f,-0.4538964731348804f,0.39479214775158f,0f,0f,0f,1f], start_interpolation: 0, interpolation_duration: 1 }
$data merge entity $(bone_finger_left_0_fire_s) { transformation: [0.0000030590315120884686f,0.000007127821484176076f,0.00000631161525267247f,1.4187776943539991f,0.0000055572142781391415f,0.000004046065850216528f,-0.000007262693756627639f,0.7827975959873137f,-0.000007730439552502578f,0.000005729180746444436f,-0.0000027233788388092825f,0.39479214775158f,0f,0f,0f,1f], start_interpolation: 0, interpolation_duration: 1 }
$data merge entity $(bone_fire_large_left) { transformation: [0.00000815741736556925f,0.000019007523957802868f,0.000016830974007126587f,1.344799515437281f,0.00001481923807503771f,0.000010789508933910742f,-0.000019367183351007038f,0.7334846531667736f,-0.000020614505473340206f,0.000015277815323851828f,-0.000007262343570158086f,0.33185259339014483f,0f,0f,0f,1f], start_interpolation: 0, interpolation_duration: 1 }
$data merge entity $(bone_finger_left_0) { transformation: [0.4474036247267061f,1.0424911138780837f,0.9231155451543978f,0.9249384026469744f,0.812779404722442f,0.591763935780425f,-1.0622170772529298f,1.2644261097595197f,-1.1306279987155372f,0.8379306399899439f,-0.39831219756066466f,0.5445830025134851f,0f,0f,0f,1f], start_interpolation: 0, interpolation_duration: 1 }
$data merge entity $(bone_wing_left_1_model) { transformation: [-0.6524815472335916f,0.7661118772337451f,0.13534217791540665f,0.549824034699879f,0.11529204742926807f,-0.07947068881988885f,1.005668551989123f,1.2760566457187281f,0.769384596519235f,0.661614755142084f,-0.03592132318073247f,0.20626687079105593f,0f,0f,0f,1f], start_interpolation: 0, interpolation_duration: 1 }
$data merge entity $(bone_wing_left_0) { transformation: [-0.6377422512673792f,0.36908183692964147f,0.676064655633658f,0.23866996357412334f,0.7595077898103753f,0.44740254346790864f,0.47220639694502764f,1.1166018890192064f,-0.1281902420848562f,0.8146223430198117f,-0.5656480355195609f,0.5165944417766692f,0f,0f,0f,1f], start_interpolation: 0, interpolation_duration: 1 }
$data merge entity $(bone_body_0) { transformation: [-0.9864241638555192f,0.1627700891293647f,-0.021754701716145464f,0.010139385541642822f,0.14600730459583955f,0.9299423185700133f,0.33747466740080756f,0.9987253908357243f,0.07516139944544348f,0.32971682125340007f,-0.9410831960118915f,0.06777191019744158f,0f,0f,0f,1f], start_interpolation: 0, interpolation_duration: 1 }
$data merge entity $(bone_leg_right_3) { transformation: [-0.9555844771433327f,0.23159442975981862f,-0.18226992935459177f,-0.4772171806600807f,0.16208692671039165f,0.9295083113464981f,0.3312734932459312f,0.2963053772730766f,0.24614251000646675f,0.2870162351540523f,-0.9257621430614402f,-0.07823136152135629f,0f,0f,0f,1f], start_interpolation: 0, interpolation_duration: 1 }
$data merge entity $(bone_leg_right_2) { transformation: [-0.9039108782988706f,0.3955401021965341f,-0.1627671700537901f,-0.40275255092130713f,0.42353113256579844f,0.7745812716073553f,-0.469728893536117f,0.42948144379329634f,-0.059720212997745215f,-0.4935300205960002f,-0.8676759849909503f,-0.15618116028687598f,0f,0f,0f,1f], start_interpolation: 0, interpolation_duration: 1 }
$data merge entity $(bone_leg_right_1) { transformation: [-0.9233267023070757f,0.1824582826632028f,-0.3379005414235607f,-0.30135542963309725f,0.3837052529791036f,0.4737036552783308f,-0.7927011579480572f,0.6786110509178944f,0.015429829648532956f,-0.8615763588118837f,-0.5073934354063657f,0.01915004930960096f,0f,0f,0f,1f], start_interpolation: 0, interpolation_duration: 1 }
$data merge entity $(bone_leg_right_0) { transformation: [-0.9184735097827967f,0.2870505672725526f,-0.2720448192040724f,-0.15908790947352805f,0.3941623241522565f,0.6082655519445684f,-0.6889478068304313f,0.9311487739056467f,-0.03228736666503086f,-0.7400101284077643f,-0.6718203151198707f,-0.18344367126060768f,0f,0f,0f,1f], start_interpolation: 0, interpolation_duration: 1 }
$data merge entity $(bone_leg_left_3) { transformation: [-0.9892976269593635f,0.02841493131068834f,-0.14311812244150182f,0.19575487672383657f,0.005002877972254405f,0.9868836676966148f,0.16135550082247557f,0.2253866584842511f,0.14582584306139507f,0.1589126115583217f,-0.9764638269711514f,-0.13576447331282782f,0f,0f,0f,1f], start_interpolation: 0, interpolation_duration: 1 }
$data merge entity $(bone_leg_left_2) { transformation: [-0.85602193314476f,-0.46065582274280703f,-0.2345691005828676f,0.11324754777200938f,-0.16085529794584158f,0.6686031945522993f,-0.7260133203717511f,0.34387844244648974f,0.4912759134110511f,-0.5837516434303271f,-0.6464379287252022f,-0.22801009492272734f,0f,0f,0f,1f], start_interpolation: 0, interpolation_duration: 1 }
$data merge entity $(bone_leg_left_1) { transformation: [-0.8966087169709704f,-0.42653433718298545f,-0.1190011254381296f,0.16180871177361655f,-0.11858380943069577f,0.49018841862383705f,-0.8635121275280195f,0.6142385468278411f,0.426650546457607f,-0.7601208939707771f,-0.49008727565250254f,-0.06177171872796869f,0f,0f,0f,1f], start_interpolation: 0, interpolation_duration: 1 }
$data merge entity $(bone_leg_left_0) { transformation: [-0.8966087169709704f,-0.3931852925386779f,-0.20371090884619913f,0.019963495232200285f,-0.11858380943069577f,0.6564142781365196f,-0.7450222651702543f,0.8944271182147795f,0.426650546457607f,-0.6438366416955363f,-0.6351721735227693f,-0.22435666098012552f,0f,0f,0f,1f], start_interpolation: 0, interpolation_duration: 1 }
$data merge entity $(bone_tail_3) { transformation: [-2.0793959518419887f,-1.2787631733453213f,0.07338219670317363f,-0.3373916538590339f,-1.2781112112462132f,2.0623408856877243f,-0.2787284121533734f,0.48579636184260977f,0.08397578212745084f,-0.2757218572231935f,-2.425166643820483f,-1.5481000468245585f,0f,0f,0f,1f], start_interpolation: 0, interpolation_duration: 1 }
$data merge entity $(bone_tail_2) { transformation: [-1.0627806759816265f,-0.4462968572359478f,-0.09072162080426865f,-0.2979828366657432f,-0.3867616978012037f,1.0060776766930735f,-0.41849391880145476f,0.6521006421231543f,0.24047179953992107f,-0.3543174934732748f,-1.074032816046534f,-1.1064555156469993f,0f,0f,0f,1f], start_interpolation: 0, interpolation_duration: 1 }
$data merge entity $(bone_tail_1) { transformation: [-1.3624948492667164f,0.03991382685695655f,-0.2477781516297978f,-0.2239798384237034f,0.08294477775833195f,1.3625393661601048f,-0.23661356635750908f,0.7161735227773798f,0.2368697740153164f,-0.24753323487449394f,-1.3423856927382234f,-0.7032204744268554f,0f,0f,0f,1f], start_interpolation: 0, interpolation_duration: 1 }
$data merge entity $(bone_tail_0) { transformation: [-1.145153392660596f,0.18511458668102546f,-0.298932496315837f,-0.13224751564242537f,0.23485952912585828f,1.1606441991275431f,-0.1809706741108685f,0.7884475564475185f,0.2616659112962269f,-0.2316073684218082f,-1.145815568944679f,-0.36663350863704686f,0f,0f,0f,1f], start_interpolation: 0, interpolation_duration: 1 }
$data merge entity $(bone_body_1) { transformation: [-0.9758698476585947f,0.07301460485923596f,-0.2905986964053436f,-0.04807728851432483f,0.20014116395073137f,0.8956430588000445f,-0.447065677680798f,0.9325556380237788f,0.22298486353939334f,-0.4843480908860842f,-0.8705086857302277f,-0.12761626460741587f,0f,0f,0f,1f], start_interpolation: 0, interpolation_duration: 1 }
data modify entity @s data merge value {"locators":{"body_1":{"posx":-0.09087526244197419,"posy":0.7105365736410995,"posz":-0.11564279867097807,"roty":341.53963435744026,"rotx":-25.97263907720192},"body_0":{"posx":-0.00992284221156608,"posy":0.7984463578804287,"posz":0.19353241495210646,"roty":358.67574870863615,"rotx":19.723091643633804},"neck_1":{"posx":-0.0028052285033429887,"posy":0.6834755060239993,"posz":0.48726395484493346,"roty":2.8757909223224942,"rotx":39.91872964131575},"neck_0":{"posx":-0.008959875305303039,"posy":0.5115934508893787,"posz":0.751514870477499,"roty":0.9697191719095315,"rotx":31.220971087481068},"pos_head":{"posx":0.04456967778397716,"posy":0.6551136110850458,"posz":1.1192044669408543,"roty":351.5528905956361,"rotx":-7.246616733275944},"head_0":{"posx":0.06718957337301791,"posy":0.38705857207467587,"posz":1.1184567765370523,"roty":351.5528905956361,"rotx":-7.246616733275944},"arm_right_0":{"posx":-0.27417423541372477,"posy":0.11644919328674515,"posz":0.45229616707778847,"roty":333.8301374103438,"rotx":-8.68447917622737},"arm_left_0":{"posx":0.3168757533537617,"posy":0.10984116978812017,"posz":0.5626582625575333,"roty":20.99671480393505,"rotx":-27.284735724546607},"finger_right_0":{"posx":-0.5073565750799166,"posy":1.3549540302012462,"posz":0.5902437113675935,"roty":317.6014214818509,"rotx":-13.143938534986594},"finger_right_1":{"posx":-0.997877724265062,"posy":1.2528605879956165,"posz":0.25236652812203025,"roty":317.6014214818509,"rotx":-13.143938534986594},"finger_right_2":{"posx":-1.4391887016723852,"posy":1.1137235439536264,"posz":-0.19067563420933722,"roty":317.6014214818509,"rotx":-13.143938534986594},"finger_right_3":{"posx":-1.9127907087571119,"posy":0.964405911010547,"posz":-0.6661350132164162,"roty":317.6014214818509,"rotx":-13.143938534986594},"finger_left_0":{"posx":0.7417402348394537,"posy":1.2779277310412023,"posz":0.5831963967516381,"roty":48.84621200687894,"rotx":-33.33774140320141},"finger_left_1":{"posx":1.1999735217861924,"posy":0.949126116641045,"posz":0.3661553573164574,"roty":48.84621200687894,"rotx":-33.33774140320141},"finger_left_2":{"posx":1.6203903339608883,"posy":0.596279289888043,"posz":0.035777279503465986,"roty":48.84621200687894,"rotx":-33.33774140320141},"finger_left_3":{"posx":2.0715693068404546,"posy":0.2176146154993257,"posz":-0.3187743197167736,"roty":48.84621200687894,"rotx":-33.33774140320141},"leg_right_0":{"posx":-0.34231125435233145,"posy":0.5927798529025785,"posz":0.1205183527513137,"roty":337.955159733643,"rotx":-43.54687626873379},"leg_left_0":{"posx":0.21646956188756172,"posy":0.5214526032826186,"posz":0.02610812662391919,"roty":342.2180387121292,"rotx":-48.16101137355709},"tail_0":{"posx":-0.20572041994621013,"posy":0.5824833779073946,"posz":-0.5033157973853497,"roty":345.37799830485795,"rotx":-8.6890076029479},"tail_1":{"posx":-0.27277611560891957,"posy":0.4935725435800156,"posz":-0.9059524936537173,"roty":349.54202670223503,"rotx":-9.83368120013422},"tail_2":{"posx":-0.23979556423857387,"posy":0.3810853630820372,"posz":-1.2851792612610893,"roty":355.17178965474113,"rotx":-21.219428153432386},"tail_3":{"posx":-0.21161685338141772,"posy":0.2690941813093551,"posz":-1.7318896477447456,"roty":1.733162415679999,"rotx":-6.55335823145611},"tail_4":{"posx":-0.19847122160874572,"posy":0.2191629822533947,"posz":-2.166332184481345,"roty":1.733162415679999,"rotx":-6.55335823145611},"shadow":{"posx":-0.0141096702571036,"posy":0.7172612679375845,"posz":0.09365775258297557,"roty":353.00762834973864,"rotx":-32.57059591535504}},"cameras":{}}