# This file was generated by Animated Java via MC-Build. It is not recommended to edit this file directly.
$data merge entity $(bone_head_lower) { transformation: [-0.9834802568977419f,-0.06107194078434111f,-0.1704018847935253f,0.031803418234187524f,-0.018309408612975274f,0.9701009227109287f,-0.2420102586909229f,0.45914865095066143f,0.18008706185785545f,-0.23489235365213215f,-0.9551932958030885f,0.9798231067360744f,0f,0f,0f,1f], start_interpolation: 0, interpolation_duration: 1 }
$data merge entity $(bone_head_upper) { transformation: [-0.9834802568977419f,-0.0384860683844917f,-0.17687681259186058f,0.028854283743100468f,-0.018309408612975274f,0.9932753929093661f,-0.11431867475171024f,0.47039711454863875f,0.18008706185785545f,-0.10919164977711644f,-0.9775713957406674f,0.9627093685316643f,0f,0f,0f,1f], start_interpolation: 0, interpolation_duration: 1 }
$data merge entity $(bone_neck_0) { transformation: [-0.9840806057507374f,0.15402350177061117f,-0.08866860936983642f,0.009590012433708738f,0.14259875213173878f,0.9820700982810723f,0.1233041684318733f,0.47687391626356335f,0.10607052972307165f,0.10869720771263347f,-0.9883996963575736f,0.7752698914803756f,0f,0f,0f,1f], start_interpolation: 0, interpolation_duration: 1 }
$data merge entity $(bone_neck_1) { transformation: [-0.9878988199535985f,0.1548706143022146f,0.008427001835914837f,0.012293884356327854f,0.13714589151938647f,0.8468777827249045f,0.5137986235543084f,0.5732659182683038f,0.0724356678276698f,0.5087367825827064f,-0.8578694306674854f,0.6296425301959666f,0f,0f,0f,1f], start_interpolation: 0, interpolation_duration: 1 }
$data merge entity $(bone_neck_2) { transformation: [-0.9878988199535985f,0.15003665972606572f,0.0393054992657846f,0.04257577958619073f,0.13714589151938647f,0.7266729081581063f,0.6731548774155862f,0.8293022462730923f,0.0724356678276698f,0.6703994967832874f,-0.7384562199203649f,0.5578701277602591f,0f,0f,0f,1f], start_interpolation: 0, interpolation_duration: 1 }
$data merge entity $(bone_arm_right_2) { transformation: [-0.8718049817170385f,0.1939130708600922f,-0.44983752044817643f,-0.3163783722061949f,0.03187918017504277f,0.9388239073376083f,0.34291892464941737f,0.1452940755124587f,0.4888146803490273f,0.28461797547054996f,-0.8246531490962266f,0.46634377528569515f,0f,0f,0f,1f], start_interpolation: 0, interpolation_duration: 1 }
$data merge entity $(bone_arm_right_1) { transformation: [-0.8263030084592121f,-0.3384192037081898f,-0.45021748163834163f,-0.30063375310994545f,-0.23973407079098022f,0.9346577470547119f,-0.2625689836454326f,0.47188211899684285f,0.5096576434364943f,-0.1090290714998754f,-0.8534411216098238f,0.35527604488560155f,0f,0f,0f,1f], start_interpolation: 0, interpolation_duration: 1 }
$data merge entity $(bone_arm_right_0) { transformation: [-0.836084170856754f,0.4588785603259138f,-0.3006554940725203f,-0.14122736397682698f,0.2732848230406921f,0.8235783934359991f,0.4970251858417198f,0.7374147315617812f,0.4756875705107209f,0.33339030690557764f,-0.8139854043673096f,0.43899144574952437f,0f,0f,0f,1f], start_interpolation: 0, interpolation_duration: 1 }
$data merge entity $(bone_arm_left_2) { transformation: [-0.9155911141054986f,-0.2180099079761778f,0.3378825118221872f,0.36498733569466496f,-0.09791396917331653f,0.9358547693137074f,0.3385095351589289f,0.15578587810687194f,-0.39000739276554575f,0.2768529045847378f,-0.8782065262859386f,0.5219654510868942f,0f,0f,0f,1f], start_interpolation: 0, interpolation_duration: 1 }
$data merge entity $(bone_arm_left_1) { transformation: [-0.89491689943581f,0.3651904515505764f,0.2564364974033197f,0.34706965702647186f,0.18169752695249644f,0.8230871896587622f,-0.5380645750455865f,0.43843936460812055f,-0.40756564109790144f,-0.4349292037974992f,-0.8029488376481589f,0.3244062263630062f,0f,0f,0f,1f], start_interpolation: 0, interpolation_duration: 1 }
$data merge entity $(bone_arm_left_0) { transformation: [-0.8363765316107423f,-0.49967198303422916f,0.22539344875445289f,0.1734164839516644f,-0.33568082460565635f,0.7919481358280657f,0.5100358165369547f,0.6927619444526603f,-0.43335052943644997f,0.35092172849382364f,-0.8300971383567439f,0.41435529215079975f,0f,0f,0f,1f], start_interpolation: 0, interpolation_duration: 1 }
$data merge entity $(bone_finger_right_1_fire) { transformation: [-1.2199598601634798f,0.0014734732856603225f,-1.1355498871666356f,-1.3092384830277077f,0.18584253390859434f,1.6444527786583316f,-0.1975231356856784f,1.231058431197055f,1.1202402733155579f,-0.2712022592404911f,-1.2038641295439099f,-0.2881207176235864f,0f,0f,0f,1f], start_interpolation: 0, interpolation_duration: 1 }
$data merge entity $(bone_finger_right_1_fire_s) { transformation: [-0.000007319759160980879f,8.840839713961935e-9f,-0.000006813299322999814f,-1.3092384830277077f,0.0000011150552034515661f,0.00000986671667194999f,-0.0000011851388141140704f,1.231058431197055f,0.000006721441639893347f,-0.0000016272135554429466f,-0.00000722318477726346f,-0.2881207176235864f,0f,0f,0f,1f], start_interpolation: 0, interpolation_duration: 1 }
$data merge entity $(bone_finger_right_1) { transformation: [-1.4552461986340492f,0.0017576532374259147f,-1.3545565806051416f,-0.6017888609291046f,0.2216848683683415f,1.961608519361492f,-0.23561823772656107f,1.319867177046016f,1.3362942933882895f,-0.32350741176664916f,-1.4360461810242666f,0.4663969840577882f,0f,0f,0f,1f], start_interpolation: 0, interpolation_duration: 1 }
$data merge entity $(bone_finger_right_2_fire) { transformation: [1.1580049947465143f,-0.33519876083710004f,-1.1508449072977547f,-0.997996230139873f,-1.1915257442284064f,-0.4963072435604852f,-1.0543828994289093f,0.8368438457679823f,-0.1306468934221032f,1.55534519914405f,-0.5844745319656689f,0.40569543427278576f,0f,0f,0f,1f], start_interpolation: 0, interpolation_duration: 1 }
$data merge entity $(bone_finger_right_2_fire_s) { transformation: [0.000006948029968479087f,-0.0000020111925650226f,-0.000006905069443786528f,-0.997996230139873f,-0.000007149154465370439f,-0.0000029778434613629114f,-0.000006326297396573455f,0.8368438457679823f,-7.838813605326193e-7f,0.0000093320711948643f,-0.000003506847191794013f,0.40569543427278576f,0f,0f,0f,1f], start_interpolation: 0, interpolation_duration: 1 }
$data merge entity $(bone_finger_right_2) { transformation: [0.8631809761015333f,-0.24985832952363726f,-0.8578438218569218f,-0.6281001961922991f,-0.8881674600879589f,-0.3699491564253381f,-0.7859407035744568f,1.1760563833599833f,-0.09738465162096269f,1.1593597551501715f,-0.4356693617880714f,0.5945995321495275f,0f,0f,0f,1f], start_interpolation: 0, interpolation_duration: 1 }
$data merge entity $(bone_finger_film_right) { transformation: [-0.04584689125543435f,-0.2482186187872813f,-0.8405342721249869f,-0.7025551469014707f,-0.8896621765728345f,0.23342489113328166f,-0.30435786278839877f,1.2425947122327015f,0.6642788718972248f,0.29549222923225377f,-0.4656351046549899f,0.5410762637412474f,0f,0f,0f,1f], start_interpolation: 0, interpolation_duration: 1 }
$data merge entity $(bone_finger_right_0_fire) { transformation: [-0.15450356505629922f,-0.9753142341003789f,-1.3426349358347058f,-1.2792279758566962f,-1.2693517612083771f,0.9380465407481144f,-0.5353434145345071f,1.0344678414626998f,1.0689492656248298f,0.9729381326320118f,-0.8297690253127364f,0.20000647402433636f,0f,0f,0f,1f], start_interpolation: 0, interpolation_duration: 1 }
$data merge entity $(bone_finger_right_0_fire_s) { transformation: [-9.270213903377953e-7f,-0.000005851885404602273f,-0.000008055809615008236f,-1.2792279758566962f,-0.000007616110567250263f,0.000005628279244488687f,-0.000003212060487207043f,1.0344678414626998f,0.000006413695593748978f,0.000005837628795792071f,-0.000004978614151876419f,0.20000647402433636f,0f,0f,0f,1f], start_interpolation: 0, interpolation_duration: 1 }
$data merge entity $(bone_fire_large_right) { transformation: [-0.0000024720570409007874f,-0.000015605027745606062f,-0.000021482158973355295f,-1.2207668020110674f,-0.000020309628179334035f,0.000015008744651969831f,-0.000008565494632552114f,0.9702025767705076f,0.000017103188249997275f,0.00001556701012211219f,-0.000013276304405003784f,0.13429352480345985f,0f,0f,0f,1f], start_interpolation: 0, interpolation_duration: 1 }
$data merge entity $(bone_finger_right_0) { transformation: [-0.13558301985361354f,-0.855877009163888f,-1.1782155259336538f,-0.6716820198784689f,-1.113906627192859f,0.8231731268564652f,-0.4697851261547577f,1.2205087052300299f,0.9380454713190967f,0.8537918856753625f,-0.7281553030306824f,0.5075081485980361f,0f,0f,0f,1f], start_interpolation: 0, interpolation_duration: 1 }
$data merge entity $(bone_wing_right_1_model) { transformation: [-0.6579389640603858f,-0.7727840200178351f,-0.02997100295387659f,-0.2960797397844581f,0.03930930776611548f,-0.07271602715428553f,1.012000118952407f,1.2307477787376564f,-0.7723653157256193f,0.654594776057533f,0.07703623344954433f,0.16968874129205969f,0f,0f,0f,1f], start_interpolation: 0, interpolation_duration: 1 }
$data merge entity $(bone_wing_right_0) { transformation: [-0.8176021493149804f,-0.416371109040505f,-0.3976956436672454f,-0.10970378452380045f,-0.5750494131512924f,0.5556169019707724f,0.6005064784652661f,1.0124051153743054f,-0.029067126962923823f,0.7196700339744464f,-0.6937075351539295f,0.5386550603659237f,0f,0f,0f,1f], start_interpolation: 0, interpolation_duration: 1 }
$data merge entity $(bone_finger_left_1_fire) { transformation: [-0.9827322171815136f,0.5109741399026635f,1.2453596249445456f,1.6323961157682851f,-0.057541459866801474f,1.524567311577586f,-0.6709405865225819f,0.8490857572902819f,-1.344880718683885f,-0.4386088446413302f,-0.8813035298309506f,-0.1362111802355609f,0f,0f,0f,1f], start_interpolation: 0, interpolation_duration: 1 }
$data merge entity $(bone_finger_left_1_fire_s) { transformation: [-0.0000058963933030890816f,0.0000030658448394159813f,0.000007472157749667274f,1.6323961157682851f,-3.4524875920080885e-7f,0.000009147403869465517f,-0.000004025643519135492f,0.8490857572902819f,-0.00000806928431210331f,-0.0000026316530678479815f,-0.000005287821178985704f,-0.1362111802355609f,0f,0f,0f,1f], start_interpolation: 0, interpolation_duration: 1 }
$data merge entity $(bone_finger_left_1) { transformation: [-1.172265883516009f,0.6095226564208508f,1.4855446636498504f,0.8460844317627332f,-0.06863913598255227f,1.8186014615576855f,-0.8003408718016732f,1.2351506438795128f,-1.6042597936121337f,-0.5232007008542356f,-1.051275253808267f,0.4208675953756297f,0f,0f,0f,1f], start_interpolation: 0, interpolation_duration: 1 }
$data merge entity $(bone_finger_left_2_fire) { transformation: [1.3970297347376748f,-0.12421849460930191f,0.9003640728247436f,1.095326199721823f,0.8691297566518754f,-0.300422761764484f,-1.3900134560837278f,0.6652911785961568f,0.26589314421175336f,1.6346540024080256f,-0.18704252471133115f,0.5052194006541375f,0f,0f,0f,1f], start_interpolation: 0, interpolation_duration: 1 }
$data merge entity $(bone_finger_left_2_fire_s) { transformation: [0.000008382178408426049f,-7.453109676558115e-7f,0.000005402184436948462f,1.095326199721823f,0.000005214778539911253f,-0.000001802536570586904f,-0.000008340080736502368f,0.6652911785961568f,0.00000159535886527052f,0.000009807924014448155f,-0.000001122255148267987f,0.5052194006541375f,0f,0f,0f,1f], start_interpolation: 0, interpolation_duration: 1 }
$data merge entity $(bone_finger_left_2) { transformation: [1.0413508538775342f,-0.09259290064650477f,0.6711345311578187f,0.8058252224260716f,0.6478523625624562f,-0.22393617809891253f,-1.036120895211907f,1.1125377245984205f,0.19819768032144566f,1.2184768146839506f,-0.1394221525686627f,0.5663151535198242f,0f,0f,0f,1f], start_interpolation: 0, interpolation_duration: 1 }
$data merge entity $(bone_finger_film_left) { transformation: [0.33411493375262885f,0.2416027669099268f,0.7953425585135261f,0.9048008136546365f,0.7505893560407592f,0.20950023123370673f,-0.5772633056733543f,1.148583674412604f,-0.7482312310729522f,0.31804571398525067f,-0.2239305974740766f,0.5246000363758749f,0f,0f,0f,1f], start_interpolation: 0, interpolation_duration: 1 }
$data merge entity $(bone_finger_left_0_fire) { transformation: [0.4163464400663052f,0.991516859101864f,1.2733136839517074f,1.4548371600600665f,1.0731720169501802f,0.8120164100993958f,-0.9832135828710614f,0.7496224377176364f,-1.2052946700525042f,1.065505253681953f,-0.4355928035412902f,0.34999506308742195f,0f,0f,0f,1f], start_interpolation: 0, interpolation_duration: 1 }
$data merge entity $(bone_finger_left_0_fire_s) { transformation: [0.0000024980786403978318f,0.000005949101154611184f,0.000007639882103710245f,1.4548371600600665f,0.0000064390321017010815f,0.000004872098460596375f,-0.000005899281497226369f,0.7496224377176364f,-0.0000072317680203150255f,0.000006393031522091717f,-0.0000026135568212477413f,0.34999506308742195f,0f,0f,0f,1f], start_interpolation: 0, interpolation_duration: 1 }
$data merge entity $(bone_fire_large_left) { transformation: [0.000006661543041060884f,0.000015864269745629824f,0.00002037301894322732f,1.3945858935859783f,0.000017170752271202884f,0.000012992262561590332f,-0.000015731417325936984f,0.69205934780539f,-0.000019284714720840068f,0.000017048084058911243f,-0.000006969484856660643f,0.2798366683174807f,0f,0f,0f,1f], start_interpolation: 0, interpolation_duration: 1 }
$data merge entity $(bone_finger_left_0) { transformation: [0.3653605509291755f,0.870095456657035f,1.1173833718865602f,0.8760779884512757f,0.9417511034614569f,0.7125766775145213f,-0.8628090017092755f,1.129680506045123f,-1.057693983434207f,0.9350232139397474f,-0.38224999992142294f,0.48737867732255435f,0f,0f,0f,1f], start_interpolation: 0, interpolation_duration: 1 }
$data merge entity $(bone_wing_left_1_model) { transformation: [-0.6297375902695682f,0.7876380623560465f,0.11846490269835278f,0.49039790585818654f,0.10030827577289664f,-0.07139105451539086f,1.0078782913568924f,1.1374461420593374f,0.7901556177455085f,0.6367940664807056f,-0.03353356053300559f,0.1610438306099209f,0f,0f,0f,1f], start_interpolation: 0, interpolation_duration: 1 }
$data merge entity $(bone_wing_left_0) { transformation: [-0.707207421346846f,0.43261746490736963f,0.5591956654419502f,0.2347670662908691f,0.7045375991048128f,0.497266146144248f,0.5063132936695157f,0.9635194191562089f,-0.05902909993868044f,0.7520428903699362f,-0.6564655789944064f,0.511683496018407f,0f,0f,0f,1f], start_interpolation: 0, interpolation_duration: 1 }
$data merge entity $(bone_body_0) { transformation: [-0.9871179542854631f,0.15912021890122602f,-0.016700307305811013f,0.009150352361110836f,0.1400871752443009f,0.9100002260213428f,0.3902245148285503f,0.8709331909864471f,0.07728989364305756f,0.382858125913413f,-0.9205682634996244f,0.05551724614684833f,0f,0f,0f,1f], start_interpolation: 0, interpolation_duration: 1 }
$data merge entity $(bone_leg_right_3) { transformation: [-0.9854811086476423f,0.13552606250381544f,-0.10227253238688078f,-0.43032983058580276f,0.08466780876112584f,0.9143971816305647f,0.3958650734602249f,0.1773397223797913f,0.14716775006163238f,0.3814583602548143f,-0.91259584303979f,-0.19811026325696113f,0f,0f,0f,1f], start_interpolation: 0, interpolation_duration: 1 }
$data merge entity $(bone_leg_right_2) { transformation: [-0.9092987031439733f,0.4149883920973618f,-0.030991980981124462f,-0.35343225791506483f,0.40690144041481974f,0.871025126238714f,-0.2752207245996877f,0.32574963691415826f,-0.08721861182702348f,-0.26286852965936897f,-0.9608813921945248f,-0.2357702883335073f,0f,0f,0f,1f], start_interpolation: 0, interpolation_duration: 1 }
$data merge entity $(bone_leg_right_1) { transformation: [-0.9357506298248576f,0.26264606670656204f,-0.23534613322923828f,-0.2861498603145023f,0.35177566331068205f,0.6478562160900001f,-0.675674630259178f,0.5346650931204786f,-0.024992828665676366f,-0.715052002946023f,-0.6986243565738091f,-0.0014299769456004585f,0f,0f,0f,1f], start_interpolation: 0, interpolation_duration: 1 }
$data merge entity $(bone_leg_right_0) { transformation: [-0.9311848054740164f,0.2857896348104483f,-0.2263164657934304f,-0.14750599868542674f,0.3595254160509588f,0.6172596268908566f,-0.6998085654119601f,0.7919834506621563f,-0.06030201711139764f,-0.7330176243757521f,-0.677531422951604f,-0.20048953321784527f,0f,0f,0f,1f], start_interpolation: 0, interpolation_duration: 1 }
$data merge entity $(bone_leg_left_3) { transformation: [-0.9887794879098746f,0.048826088507542165f,-0.1411776801400991f,0.19560035082804633f,0.00870370838831605f,0.9622999892212798f,0.2718510183998132f,0.1286676123631642f,0.14912870196235758f,0.2675719414022667f,-0.9519274585940065f,-0.25044781721733117f,0f,0f,0f,1f], start_interpolation: 0, interpolation_duration: 1 }
$data merge entity $(bone_leg_left_2) { transformation: [-0.8623060153137523f,-0.43499689842083394f,-0.25924126661851843f,0.11761721344486838f,-0.23246681273319225f,0.7948597750713376f,-0.5604972069075934f,0.26714625637167855f,0.4498750014519478f,-0.4230551221032519f,-0.7865347078996656f,-0.3144736896514899f,0f,0f,0f,1f], start_interpolation: 0, interpolation_duration: 1 }
$data merge entity $(bone_leg_left_1) { transformation: [-0.9005210326518018f,-0.39915055322055776f,-0.17245493792714492f,0.1829414578346743f,-0.17277406161550152f,0.6924409876097881f,-0.7004816930590437f,0.48253216859800263f,0.3990125228418472f,-0.6010027575158904f,-0.6925205354887897f,-0.08549853309626154f,0f,0f,0f,1f], start_interpolation: 0, interpolation_duration: 1 }
$data merge entity $(bone_leg_left_0) { transformation: [-0.9005210326518018f,-0.40268470234016035f,-0.16403322911211984f,0.03469015275076219f,-0.17277406161550152f,0.6775754794602186f,-0.7148710326115738f,0.7663666027794412f,0.3990125228418472f,-0.6154157132666273f,-0.6797444420367942f,-0.23556228272451546f,0f,0f,0f,1f], start_interpolation: 0, interpolation_duration: 1 }
$data merge entity $(bone_tail_3) { transformation: [-2.178823442298884f,-0.8133717543232145f,-0.7454277439108681f,-0.38924119395180956f,-1.0334596455414504f,2.082325180407475f,0.7485924985680426f,0.5358072756184833f,0.38626065442937596f,0.9832883387614139f,-2.2019206331132004f,-1.583443048848411f,0f,0f,0f,1f], start_interpolation: 0, interpolation_duration: 1 }
$data merge entity $(bone_tail_2) { transformation: [-1.0645682366564522f,-0.33406278924010335f,-0.3033324658642639f,-0.26332788130790824f,-0.3272752428428605f,1.10673759421117f,-0.07026290260029738f,0.5589900877781607f,0.3106436019368806f,0.02116631533343821f,-1.1135378763970654f,-1.1275171169793645f,0f,0f,0f,1f], start_interpolation: 0, interpolation_duration: 1 }
$data merge entity $(bone_tail_1) { transformation: [-1.3583946208959932f,0.03022576867720801f,-0.27061004620390844f,-0.1824392016850166f,0.04337445239407676f,1.383293524099593f,-0.06322201627140436f,0.5710342929237762f,0.268816017153226f,-0.07046111956093f,-1.3572591940487546f,-0.7207097487038764f,0f,0f,0f,1f], start_interpolation: 0, interpolation_duration: 1 }
$data merge entity $(bone_tail_0) { transformation: [-1.1652661496275905f,0.11935856671140761f,-0.25082398880981555f,-0.10604392667568699f,0.16383686187982746f,1.1688291436517855f,-0.20493963969272144f,0.6505573043091888f,0.224313672118394f,-0.23365852387749655f,-1.1532958904799449f,-0.3819340217961844f,0f,0f,0f,1f], start_interpolation: 0, interpolation_duration: 1 }
$data merge entity $(bone_body_1) { transformation: [-0.9930094144652509f,0.032339424883103644f,-0.23449340891814868f,-0.03862027248645694f,0.13961749968889642f,0.8966474138121648f,-0.4675800076233176f,0.8005297961633765f,0.19115425971828356f,-0.48690684052150146f,-0.8766313205044457f,-0.14121985146813132f,0f,0f,0f,1f], start_interpolation: 0, interpolation_duration: 1 }
data modify entity @s data merge value {"locators":{"body_1":{"posx":-0.0678561286425181,"posy":0.5763169050811643,"posz":-0.12933121842722523,"roty":345.02434908400585,"rotx":-27.26054706215899},"body_0":{"posx":-0.011309128065424893,"posy":0.6638212529317844,"posz":0.16960468347452207,"roty":358.9606939382561,"rotx":22.968470088795115},"neck_1":{"posx":-0.00595303914450937,"posy":0.530896781097844,"posz":0.46100515208588805,"roty":3.0467833289303314,"rotx":42.31102923538037},"neck_0":{"posx":-0.011111602192810786,"posy":0.3524561605100142,"posz":0.7285012659039446,"roty":0.5628083861515734,"rotx":30.917187073415153},"pos_head":{"posx":0.05250063468119728,"posy":0.49748141883215174,"posz":1.0945955331699964,"roty":349.7441482955529,"rotx":-6.564328823030613},"head_0":{"posx":0.05725623068418301,"posy":0.22851819120318953,"posz":1.0932210709779238,"roty":349.7441482955529,"rotx":-6.564328823030613},"arm_right_0":{"posx":-0.29269831784619266,"posy":0.0008889456823069075,"posz":0.406055648825048,"roty":332.1869198578337,"rotx":-15.222551311911973},"arm_left_0":{"posx":0.32132791874242844,"posy":0.004006832199145716,"posz":0.5117077114420346,"roty":17.71183980272329,"rotx":-32.55198302619981},"pos_wing_r_0":{"posx":-0.06396766405676102,"posy":1.4475822093626434,"posz":1.034485651043965,"roty":316.67264355779,"rotx":-6.806342212843888},"pos_wing_r_1":{"posx":-0.4897988717442494,"posy":1.373511033480514,"posz":0.5830366024649989,"roty":316.67264355779,"rotx":-6.806342212843888},"pos_wing_r_2":{"posx":-0.9156300794317378,"posy":1.2994398575983845,"posz":0.13158755388603266,"roty":316.67264355779,"rotx":-6.806342212843888},"pos_wing_r_3":{"posx":-1.341461287119226,"posy":1.2253686817162552,"posz":-0.31986149469293346,"roty":316.67264355779,"rotx":-6.806342212843888},"pos_wing_r_4":{"posx":-1.7672924948067146,"posy":1.151297505834126,"posz":-0.7713105432718996,"roty":316.67264355779,"rotx":-6.806342212843888},"pos_wing_r_5":{"posx":-2.1931237024942027,"posy":1.0772263299519964,"posz":-1.222759591850866,"roty":316.67264355779,"rotx":-6.806342212843888},"finger_right_0":{"posx":-0.5097208875020159,"posy":1.1475074546950512,"posz":0.566465694497333,"roty":316.67264355779,"rotx":-6.806342212843888},"finger_right_1":{"posx":-1.0117582786426653,"posy":1.0932087123044345,"posz":0.23449406292506503,"roty":316.67264355779,"rotx":-6.806342212843888},"finger_right_2":{"posx":-1.4682742331003116,"posy":1.020473858805882,"posz":-0.20901882056353377,"roty":316.67264355779,"rotx":-6.806342212843888},"finger_right_3":{"posx":-1.9581937590359864,"posy":0.9424170290299391,"posz":-0.6849833435486992,"roty":316.67264355779,"rotx":-6.806342212843888},"pos_wing_l_0":{"posx":0.26621376686983267,"posy":1.5851739019260787,"posz":0.8325971591260379,"roty":54.71410620924948,"rotx":-23.738586686408688},"pos_wing_l_1":{"posx":0.7332236262240373,"posy":1.3335711819801104,"posz":0.5021083354394315,"roty":54.71410620924948,"rotx":-23.738586686408688},"pos_wing_l_2":{"posx":1.2002334855782417,"posy":1.0819684620341423,"posz":0.17161951175282497,"roty":54.71410620924948,"rotx":-23.738586686408688},"pos_wing_l_3":{"posx":1.6672433449324462,"posy":0.830365742088174,"posz":-0.1588693119337815,"roty":54.71410620924948,"rotx":-23.738586686408688},"pos_wing_l_4":{"posx":2.134253204286651,"posy":0.5787630221422058,"posz":-0.4893581356203879,"roty":54.71410620924948,"rotx":-23.738586686408688},"pos_wing_l_5":{"posx":2.6012630636408556,"posy":0.3271603021962375,"posz":-0.8198469593069945,"roty":54.71410620924948,"rotx":-23.738586686408688},"finger_left_0":{"posx":0.6919508248901921,"posy":1.1102261225244558,"posz":0.5148613591346001,"roty":54.71410620924948,"rotx":-23.738586686408688},"finger_left_1":{"posx":1.2130633815103444,"posy":0.8781810818167634,"posz":0.31538238251540907,"roty":54.71410620924948,"rotx":-23.738586686408688},"finger_left_2":{"posx":1.707769886771853,"posy":0.6214983610255849,"posz":-0.0004978288106344819,"roty":54.71410620924948,"rotx":-23.738586686408688},"finger_left_3":{"posx":2.238674319205536,"posy":0.3460341550055517,"posz":-0.3394907380760429,"roty":54.71410620924948,"rotx":-23.738586686408688},"leg_right_0":{"posx":-0.32683755553521704,"posy":0.4475425554436497,"posz":0.09893974936768524,"roty":341.52908519652635,"rotx":-44.411647194284605},"leg_left_0":{"posx":0.2390107725295445,"posy":0.38689859471608395,"posz":-0.0016512995697618854,"roty":346.43299182797597,"rotx":-45.6326308141935},"tail_0":{"posx":-0.16215383042478757,"posy":0.4397272679913418,"posz":-0.5194255962780326,"roty":347.73012720171266,"rotx":-9.850621201937491},"tail_1":{"posx":-0.23395567412398177,"posy":0.3761104277650747,"posz":-0.9495836967311697,"roty":348.72424054579085,"rotx":-2.615540294805684},"tail_2":{"posx":-0.2726189476737199,"posy":0.34842471330513547,"posz":-1.3811962776358893,"roty":344.76210847940945,"rotx":-3.4838915347007084},"tail_3":{"posx":-0.377680779828632,"posy":0.40600215799091843,"posz":-1.865533001084303,"roty":341.29722819469094,"rotx":17.84960657928973},"tail_4":{"posx":-0.5112161477356836,"posy":0.5401044576776541,"posz":-2.259983414617687,"roty":341.29722819469094,"rotx":17.84960657928973},"shadow":{"posx":-0.015974509104746317,"posy":0.5555933911867202,"posz":0.04841396008040073,"roty":354.6071075330956,"rotx":-24.402906696377098}},"cameras":{}}