# This file was generated by Animated Java via MC-Build. It is not recommended to edit this file directly.
$data merge entity $(bone_head_lower) { transformation: [-0.9830656616221661f,-0.000343939834823212f,-0.183253340064411f,0.016926132778706006f,0.04226919697152503f,0.9726072346575105f,-0.22857926869962025f,0.3090819006798795f,0.17831214183771965f,-0.23245440154417557f,-0.9561222365764666f,0.9543801439772415f,0f,0f,0f,1f], start_interpolation: 0, interpolation_duration: 1 }
$data merge entity $(bone_head_upper) { transformation: [-0.9830656616221661f,0.023401499688234215f,-0.18175333491222168f,0.014713111863275355f,0.04226919697152503f,0.9940245581716671f,-0.10064041305064664f,0.3205351273341895f,0.17831214183771965f,-0.1066187017551983f,-0.9781805725474625f,0.9372912147971115f,0f,0f,0f,1f], start_interpolation: 0, interpolation_duration: 1 }
$data merge entity $(bone_neck_0) { transformation: [-0.9847933101719493f,0.1440421684316698f,-0.09712872877824204f,-0.005970242206287765f,0.1330164975687021f,0.9847897358699138f,0.111784558414037f,0.3248026951196733f,0.11175306535003993f,0.09716496199128694f,-0.988974328557674f,0.7499396591685918f,0f,0f,0f,1f], start_interpolation: 0, interpolation_duration: 1 }
$data merge entity $(bone_neck_1) { transformation: [-0.989302579951767f,0.14447919720635943f,0.0201535821973072f,-0.001303106166719574f,0.1345295836712191f,0.8501680418019342f,0.5090344701647558f,0.4203896634873407f,0.05641096008778935f,0.5063003676408611f,-0.8605101633965186f,0.6038321417439831f,0f,0f,0f,1f], start_interpolation: 0, interpolation_duration: 1 }
$data merge entity $(bone_neck_2) { transformation: [-0.989302579951767f,0.1353497371433455f,0.05441372948075694f,0.030308834481696738f,0.1345295836712191f,0.702253007560174f,0.6991012119070737f,0.6788245619656191f,0.05641096008778935f,0.6989428889601196f,-0.712949255946071f,0.54190508267249f,0f,0f,0f,1f], start_interpolation: 0, interpolation_duration: 1 }
$data merge entity $(bone_arm_right_2) { transformation: [-0.8643264286597948f,0.139776120823961f,-0.48311743993320105f,-0.3394461621340791f,0.011256999829014576f,0.9657394252164686f,0.25926944003760816f,0.07043616145179804f,0.5028052353297987f,0.21865497622960856f,-0.8362875681815289f,0.4095318856849388f,0f,0f,0f,1f], start_interpolation: 0, interpolation_duration: 1 }
$data merge entity $(bone_arm_right_1) { transformation: [-0.7985956832537416f,-0.4080739758202416f,-0.44240317013641584f,-0.34951885281045586f,-0.25351340537686895f,0.8947312394590646f,-0.3676777970319527f,0.3863991752227672f,0.5458716772124315f,-0.18147076732715772f,-0.8179807287601463f,0.2705729034456596f,0f,0f,0f,1f], start_interpolation: 0, interpolation_duration: 1 }
$data merge entity $(bone_arm_right_0) { transformation: [-0.7796246096089923f,0.5829850509523365f,-0.2287223173591247f,-0.1504651714416731f,0.2513235591978086f,0.6257882477381237f,0.7383938905387795f,0.5929875428161644f,0.5736043380974138f,0.518186741782295f,-0.6343977963051869f,0.41418735913330507f,0f,0f,0f,1f], start_interpolation: 0, interpolation_duration: 1 }
$data merge entity $(bone_arm_left_2) { transformation: [-0.9428950537974117f,-0.13758058700847076f,0.3033488084743054f,0.36938094642617864f,-0.06849815792555311f,0.97133613541062f,0.22762713899350434f,0.07268196527734311f,-0.32597073470663346f,0.19384966887762972f,-0.9252920544297627f,0.47321696648720124f,0f,0f,0f,1f], start_interpolation: 0, interpolation_duration: 1 }
$data merge entity $(bone_arm_left_1) { transformation: [-0.8971836533180484f,0.3921436655851165f,0.20318670665264565f,0.35943438149313667f,0.1935667786774609f,0.7626453441926455f,-0.6171741903010142f,0.33807719464863606f,-0.39698034511964325f,-0.5143883985110373f,-0.7601389222148405f,0.2525132692216966f,0f,0f,0f,1f], start_interpolation: 0, interpolation_duration: 1 }
$data merge entity $(bone_arm_left_0) { transformation: [-0.812995128937444f,-0.5631994866499862f,0.14780141596473664f,0.16472276828321886f,-0.32357290388226445f,0.6480249790143994f,0.6894666072019636f,0.5494881672050603f,-0.48408624871730055f,0.512708459858602f,-0.7090772447288325f,0.3950580759940458f,0f,0f,0f,1f], start_interpolation: 0, interpolation_duration: 1 }
$data merge entity $(bone_finger_right_1_fire) { transformation: [-1.1932679107245185f,-0.05713145490813684f,-1.1621641312108206f,-1.3405116687904972f,-0.020232011278994978f,1.6654235145082452f,-0.06109796085296294f,1.1363924951882893f,1.1633916523391972f,-0.029635990971505467f,-1.1930713931212953f,-0.288301765115662f,0f,0f,0f,1f], start_interpolation: 0, interpolation_duration: 1 }
$data merge entity $(bone_finger_right_1_fire_s) { transformation: [-0.0000071596074643471116f,-3.4278872944882106e-7f,-0.000006972984787264924f,-1.3405116687904972f,-1.2139206767396986e-7f,0.000009992541087049473f,-3.6658776511777765e-7f,1.1363924951882893f,0.000006980349914035183f,-1.778159458290328e-7f,-0.000007158428358727771f,-0.288301765115662f,0f,0f,0f,1f], start_interpolation: 0, interpolation_duration: 1 }
$data merge entity $(bone_finger_right_1) { transformation: [-1.423406333058492f,-0.06815005582753975f,-1.3863037542126642f,-0.6152927497366364f,-0.024134037902307063f,1.9866237552103634f,-0.07288155797490878f,1.1399369152154477f,1.387768019975944f,-0.03535170673423389f,-1.4231719142842407f,0.4544726823650567f,0f,0f,0f,1f], start_interpolation: 0, interpolation_duration: 1 }
$data merge entity $(bone_finger_right_2_fire) { transformation: [1.195589357036557f,-0.2800094870039767f,-1.126915504510636f,-0.9955699721816011f,-1.1119601289569472f,-0.7420277431202668f,-0.995347817512889f,0.6554531320632466f,-0.3344974420361713f,1.4658674201323227f,-0.7191119145471351f,0.3283248161100286f,0f,0f,0f,1f], start_interpolation: 0, interpolation_duration: 1 }
$data merge entity $(bone_finger_right_2_fire_s) { transformation: [0.000007173536142219343f,-0.0000016800569220238603f,-0.000006761493027063817f,-0.9955699721816011f,-0.000006671760773741683f,-0.0000044521664587216005f,-0.000005972086905077334f,0.6554531320632466f,-0.000002006984652217028f,0.000008795204520793936f,-0.000004314671487282811f,0.3283248161100286f,0f,0f,0f,1f], start_interpolation: 0, interpolation_duration: 1 }
$data merge entity $(bone_finger_right_2) { transformation: [0.8911964912977992f,-0.2087200516459687f,-0.8400067612664938f,-0.6333511688142136f,-0.8288589719849597f,-0.5531100768189476f,-0.7419357468914687f,0.9755260827981054f,-0.2493355640348092f,1.0926627055026037f,-0.5360285379951353f,0.5605398554148799f,0f,0f,0f,1f], start_interpolation: 0, interpolation_duration: 1 }
$data merge entity $(bone_finger_film_right) { transformation: [0.0077535235647536475f,-0.24732240619627147f,-0.8403021875461679f,-0.7116834300901684f,-0.9872730889106083f,0.1732972507866163f,-0.26399036749818244f,1.047995929523476f,0.5208225650087668f,0.3321847857829299f,-0.48791143053805075f,0.5193156199267048f,0f,0f,0f,1f], start_interpolation: 0, interpolation_duration: 1 }
$data merge entity $(bone_finger_right_0_fire) { transformation: [-0.07854517702341833f,-0.98002276387677f,-1.3457948637245856f,-1.2896985723079728f,-1.4219010442915612f,0.740251923806211f,-0.45607267767489645f,0.8710539776347686f,0.8659133058145635f,1.1266588877572126f,-0.8709831658698999f,0.16327959518797674f,0f,0f,0f,1f], start_interpolation: 0, interpolation_duration: 1 }
$data merge entity $(bone_finger_right_0_fire_s) { transformation: [-4.7127106214051e-7f,-0.00000588013658326062f,-0.000008074769182347514f,-1.2896985723079728f,-0.000008531406265749366f,0.000004441511542837266f,-0.000002736436066049379f,0.8710539776347686f,0.000005195479834887381f,0.000006759953326543276f,-0.000005225898995219399f,0.16327959518797674f,0f,0f,0f,1f], start_interpolation: 0, interpolation_duration: 1 }
$data merge entity $(bone_fire_large_right) { transformation: [-0.0000012567228323746933f,-0.00001568036422202832f,-0.00002153271781959337f,-1.2308791994016406f,-0.000022750416708664974f,0.000011844030780899375f,-0.000007297162842798344f,0.8198654833691426f,0.000013854612893033017f,0.0000180265422041154f,-0.000013935730653918398f,0.08721420085917786f,0f,0f,0f,1f], start_interpolation: 0, interpolation_duration: 1 }
$data merge entity $(bone_finger_right_0) { transformation: [-0.06892651500883626f,-0.8600089312067298f,-1.1809884882641568f,-0.6806556387289848f,-1.2477746869323554f,0.6496004881539215f,-0.4002219035486592f,1.0322280928862377f,0.7598733459061856f,0.9886879586977424f,-0.7643223496316804f,0.4816664371158879f,0f,0f,0f,1f], start_interpolation: 0, interpolation_duration: 1 }
$data merge entity $(bone_wing_right_1_model) { transformation: [-0.6201404358795458f,-0.7950416703220575f,-0.1196313724759527f,-0.29113517316533016f,0.07370683795642703f,-0.20666674791785652f,0.9913794633667588f,1.1100194684686553f,-0.800606160897749f,0.5968037204964544f,0.18393525321698873f,0.16937463097498975f,0f,0f,0f,1f], start_interpolation: 0, interpolation_duration: 1 }
$data merge entity $(bone_wing_right_0) { transformation: [-0.7741390522692382f,-0.5078317854980775f,-0.3779095201096694f,-0.12160922369873833f,-0.6122185629037197f,0.44887347159936175f,0.6509232195354855f,0.8627097102699417f,-0.16092594255678663f,0.7352683075804178f,-0.6583945298071956f,0.5280450334165538f,0f,0f,0f,1f], start_interpolation: 0, interpolation_duration: 1 }
$data merge entity $(bone_finger_left_1_fire) { transformation: [-0.8614786537211432f,0.274499223502602f,1.400100883242724f,1.6537139547786224f,-0.15666125623981839f,1.60744125716101f,-0.4115429908864607f,0.8773781540192103f,-1.4181288932089173f,-0.3443262389811154f,-0.8050637621784695f,-0.11491101869065273f,0f,0f,0f,1f], start_interpolation: 0, interpolation_duration: 1 }
$data merge entity $(bone_finger_left_1_fire_s) { transformation: [-0.000005168871922326859f,0.0000016469953410156119f,0.000008400605299456344f,1.6537139547786224f,-9.399675374389103e-7f,0.00000964464754296606f,-0.0000024692579453187644f,0.8773781540192103f,-0.000008508773359253505f,-0.0000020659574338866926f,-0.000004830382573070818f,-0.11491101869065273f,0f,0f,0f,1f], start_interpolation: 0, interpolation_duration: 1 }
$data merge entity $(bone_finger_left_1) { transformation: [-1.0276268727924176f,0.3274402417442078f,1.6701299399884486f,0.7760287537922025f,-0.1868755727632547f,1.9174588077821109f,-0.49091481828078704f,1.1001991112195204f,-1.691634904068762f,-0.41073437473596924f,-0.9603315796072579f,0.39271919347075096f,0f,0f,0f,1f], start_interpolation: 0, interpolation_duration: 1 }
$data merge entity $(bone_finger_left_2_fire) { transformation: [1.2098872253638346f,-0.1822886138197739f,1.1316896840348272f,1.1106003128514912f,1.0699098316386384f,-0.41095926197589033f,-1.2100343858490104f,0.5737235765668478f,0.4113923089244151f,1.6048866390015457f,-0.18130918865281428f,0.4710388556855638f,0f,0f,0f,1f], start_interpolation: 0, interpolation_duration: 1 }
$data merge entity $(bone_finger_left_2_fire_s) { transformation: [0.000007259323352183008f,-0.0000010937316829186434f,0.000006790138104208963f,1.1106003128514912f,0.000006419458989831831f,-0.0000024657555718553424f,-0.000007260206315094063f,0.5737235765668478f,0.0000024683538535464906f,0.000009629319834009273f,-0.0000010878551319168858f,0.4710388556855638f,0f,0f,0f,1f], start_interpolation: 0, interpolation_duration: 1 }
$data merge entity $(bone_finger_left_2) { transformation: [0.901854172391491f,-0.1358785707514078f,0.8435654513934542f,0.7466036257444868f,0.7975145331878517f,-0.30633047223424553f,-0.9019638663322027f,0.963040096319792f,0.30665326694534023f,1.1962881178149884f,-0.13514850380396803f,0.5303013143500194f,0f,0f,0f,1f], start_interpolation: 0, interpolation_duration: 1 }
$data merge entity $(bone_finger_film_left) { transformation: [0.2601457209515689f,0.17901588930890336f,0.8930753477390638f,0.8411967088087944f,0.8414318513816358f,0.22543789674938777f,-0.4267493392857459f,1.0185452222456925f,-0.6858141561590402f,0.3444968907359235f,-0.18481793542921485f,0.49776534863626476f,0f,0f,0f,1f], start_interpolation: 0, interpolation_duration: 1 }
$data merge entity $(bone_finger_left_0_fire) { transformation: [0.3166091313168366f,0.762355801466051f,1.447877780655409f,1.4610767230002413f,1.1922165190088496f,0.9026329432062585f,-0.7359696457184954f,0.7249164890426185f,-1.120783747003408f,1.1755191106858458f,-0.3738668086941382f,0.3504475122192847f,0f,0f,0f,1f], start_interpolation: 0, interpolation_duration: 1 }
$data merge entity $(bone_finger_left_0_fire_s) { transformation: [0.0000018996547879010196f,0.000004574134808796306f,0.000008687266683932455f,1.4610767230002413f,0.0000071532991140530985f,0.000005415797659237552f,-0.000004415817874310973f,0.7249164890426185f,-0.000006724702482020449f,0.000007053114664115075f,-0.000002243200852164829f,0.3504475122192847f,0f,0f,0f,1f], start_interpolation: 0, interpolation_duration: 1 }
$data merge entity $(bone_fire_large_left) { transformation: [0.0000050657461010693854f,0.000012197692823456815f,0.000023166044490486546f,1.416515633521788f,0.000019075464304141595f,0.000014442127091300139f,-0.000011775514331495928f,0.6622716997050593f,-0.000017932539952054528f,0.00001880830577097353f,-0.00000598186893910621f,0.27327326481759007f,0f,0f,0f,1f], start_interpolation: 0, interpolation_duration: 1 }
$data merge entity $(bone_finger_left_0) { transformation: [0.277837097943494f,0.668997519429568f,1.2705703056669024f,0.8185199282115531f,1.0462173860368962f,0.7920962873229843f,-0.645842618911397f,0.9969733137326097f,-0.983532289149434f,1.0315647465114794f,-0.3280829858347518f,0.45715468673397797f,0f,0f,0f,1f], start_interpolation: 0, interpolation_duration: 1 }
$data merge entity $(bone_wing_left_1_model) { transformation: [-0.6350038290019531f,0.7865695731060368f,0.0951605320418385f,0.43405164200009405f,0.09347423058116432f,-0.046726424768998145f,1.009978362385753f,0.9925260598212563f,0.7867717511527457f,0.6403920915610488f,-0.043188698706348505f,0.12933122475947714f,0f,0f,0f,1f], start_interpolation: 0, interpolation_duration: 1 }
$data merge entity $(bone_wing_left_0) { transformation: [-0.7632595448777206f,0.4536696029181642f,0.46002038926674754f,0.22345729668093728f,0.6456890092281353f,0.5607510754895699f,0.5183087252779759f,0.8150867644366918f,-0.02281601444258008f,0.6926341911322067f,-0.7209280870930124f,0.5071023692524894f,0f,0f,0f,1f], start_interpolation: 0, interpolation_duration: 1 }
$data merge entity $(bone_body_0) { transformation: [-0.9888249089408376f,0.14898288727461764f,0.005422062104292816f,0.009105220206787216f,0.13646862936816934f,0.889926708160758f,0.4352088777823021f,0.7452214643509681f,0.060013437299636964f,0.43108532032705094f,-0.9003131865867604f,0.04155453505260942f,0f,0f,0f,1f], start_interpolation: 0, interpolation_duration: 1 }
$data merge entity $(bone_leg_right_3) { transformation: [-0.9994252759565715f,0.033849499978981956f,-0.001824590448301508f,-0.35905811676608845f,0.028741435346312537f,0.8746870161993904f,0.483835254592347f,0.10640770055667695f,0.01797352701516515f,0.48350474149007083f,-0.8751571957558569f,-0.33692290762170246f,0f,0f,0f,1f], start_interpolation: 0, interpolation_duration: 1 }
$data merge entity $(bone_leg_right_2) { transformation: [-0.9089402792491594f,0.40066635130897726f,0.11529979916379442f,-0.2856431674120779f,0.3990043513838437f,0.9161542160117152f,-0.03817040818117834f,0.26091837787892297f,-0.12092599528314141f,0.011310500108782484f,-0.9925970865623529f,-0.3272423751836361f,0f,0f,0f,1f], start_interpolation: 0, interpolation_duration: 1 }
$data merge entity $(bone_leg_right_1) { transformation: [-0.941251370406761f,0.32963227225113156f,-0.07340587713494191f,-0.2712966840518587f,0.32730698824551435f,0.8369255168471956f,-0.4386636692224525f,0.3909574383626237f,-0.08316245037903285f,-0.4369190363678497f,-0.895648235919853f,-0.034032567070285874f,0f,0f,0f,1f], start_interpolation: 0, interpolation_duration: 1 }
$data merge entity $(bone_leg_right_0) { transformation: [-0.9373302882679974f,0.30524330680242456f,-0.16804301338572133f,-0.13026516558828666f,0.3324467599840589f,0.6389864383807464f,-0.6936681363170649f,0.6559533783563107f,-0.10436034913478578f,-0.7060615095144399f,-0.7004184908400521f,-0.2209732716409952f,0f,0f,0f,1f], start_interpolation: 0, interpolation_duration: 1 }
$data merge entity $(bone_leg_left_3) { transformation: [-0.9849622814292328f,0.09928229012569942f,-0.1413942397310326f,0.18547844787802215f,0.029381937615136973f,0.9027346283437394f,0.429193304387511f,0.07405604101726093f,0.1702527706197478f,0.4185847795327571f,-0.8920766651133816f,-0.3801339957842495f,0f,0f,0f,1f], start_interpolation: 0, interpolation_duration: 1 }
$data merge entity $(bone_leg_left_2) { transformation: [-0.8743568913655341f,-0.37988379235076747f,-0.30197405655254284f,0.11714966167110419f,-0.2977815530761934f,0.9113352060193635f,-0.28424336213388457f,0.23010773958205394f,0.38317903539876713f,-0.15860783895773656f,-0.9099546034017448f,-0.39846596932906714f,0f,0f,0f,1f], start_interpolation: 0, interpolation_duration: 1 }
$data merge entity $(bone_leg_left_1) { transformation: [-0.9075124008403085f,-0.34079396110579596f,-0.2455213196341211f,0.20509075826702772f,-0.22149598558419922f,0.8849494497673918f,-0.40963886500974855f,0.3496450086605609f,0.356876408145934f,-0.317370363188203f,-0.8785870940769871f,-0.11374650171064926f,0f,0f,0f,1f], start_interpolation: 0, interpolation_duration: 1 }
$data merge entity $(bone_leg_left_0) { transformation: [-0.9075124008403085f,-0.4004641832411148f,-0.12668733268202417f,0.05457221728952717f,-0.22149598558419922f,0.7125511967285568f,-0.6657404302059369f,0.6405635752313928f,0.356876408145934f,-0.5761069605392113f,-0.7353502562229297f,-0.24705111860387166f,0f,0f,0f,1f], start_interpolation: 0, interpolation_duration: 1 }
$data merge entity $(bone_tail_3) { transformation: [-2.154321514536995f,-0.1185515847714295f,-1.1442692246954975f,-0.3871513733270762f,-0.9390402271551583f,1.5844925657993059f,1.6037750732397456f,0.5776096265496224f,0.6645374245454062f,1.854679636893915f,-1.4432813934585453f,-1.5692706899994495f,0f,0f,0f,1f], start_interpolation: 0, interpolation_duration: 1 }
$data merge entity $(bone_tail_2) { transformation: [-1.0573648451015298f,-0.17146044933971022f,-0.4353101895839815f,-0.20801017099365166f,-0.28529490873149016f,1.0889398209520085f,0.2640661733295256f,0.46396286708603257f,0.3708105471737662f,0.3488917355817317f,-1.0381176028983703f,-1.1458879977206908f,0f,0f,0f,1f], start_interpolation: 0, interpolation_duration: 1 }
$data merge entity $(bone_tail_1) { transformation: [-1.3586887777005203f,0.026927590339363285f,-0.2694792209187181f,-0.12744371307532876f,0.009457755999613569f,1.3824283237423354f,0.09045341809012322f,0.42999041813751526f,0.27065604829727274f,0.08686872205374203f,-1.3559419120768528f,-0.7402586166067379f,0f,0f,0f,1f], start_interpolation: 0, interpolation_duration: 1 }
$data merge entity $(bone_tail_0) { transformation: [-1.1821585898245806f,0.0638990754826142f,-0.1828177150448071f,-0.07213034697440149f,0.09842807594748014f,1.1721290508201794f,-0.22678126546617688f,0.5160526413572961f,0.16678525908189304f,-0.23881946456189596f,-1.1619605333130436f,-0.3989920554108831f,0f,0f,0f,1f], start_interpolation: 0, interpolation_duration: 1 }
$data merge entity $(bone_body_1) { transformation: [-1.0074047113287727f,0.004957672490726831f,-0.1649601876833039f,-0.025031546920482955f,0.0838778386335048f,0.8941392324280395f,-0.485366084171126f,0.6710465628273904f,0.14213004686978709f,-0.4925354291428338f,-0.8827845689976241f,-0.15662952407670688f,0f,0f,0f,1f], start_interpolation: 0, interpolation_duration: 1 }
data modify entity @s data merge value {"locators":{"body_1":{"posx":-0.04205080503540312,"posy":0.44560530566044065,"posz":-0.14421663446928162,"roty":349.41558065324415,"rotx":-28.389347392412358},"body_0":{"posx":-0.013957229764385492,"posy":0.532736604958437,"posz":0.1447446339494589,"roty":0.3450549472108264,"rotx":25.79858583896343},"neck_1":{"posx":-0.01595750090565092,"posy":0.3840725179049529,"posz":0.4334414936753773,"roty":4.3644685056495405,"rotx":44.3549385119431},"neck_0":{"posx":-0.02557757915311947,"posy":0.20006366061007097,"posz":0.7035568526486238,"roty":1.3416507932177808,"rotx":30.599537664271065},"pos_head":{"posx":0.03974103268179724,"posy":0.34576500423618656,"posz":1.0692901782977036,"roty":349.47405032083367,"rotx":-5.776049489995998},"head_0":{"posx":0.027808652767840232,"posy":0.07702905469186153,"posz":1.0672092197808123,"roty":349.47405032083367,"rotx":-5.776049489995998},"arm_right_0":{"posx":-0.3060837503932515,"posy":-0.07657946294930132,"posz":0.3613488974766406,"roty":331.5933533498056,"rotx":-21.572472115211607},"arm_left_0":{"posx":0.31781815369159894,"posy":-0.07689268543056019,"posz":0.47733363491083247,"roty":14.965400684101638,"rotx":-38.110071252278296},"pos_wing_r_0":{"posx":-0.06598458753378567,"posy":1.2029609086682904,"posz":1.0224304466658467,"roty":315.7518373446593,"rotx":-2.100863902086423},"pos_wing_r_1":{"posx":-0.5017961367378433,"posy":1.1800491733484295,"posz":0.5750286742453611,"roty":315.7518373446593,"rotx":-2.100863902086423},"pos_wing_r_2":{"posx":-0.9376076859419011,"posy":1.1571374380285684,"posz":0.1276269018248754,"roty":315.7518373446593,"rotx":-2.100863902086423},"pos_wing_r_3":{"posx":-1.3734192351459587,"posy":1.1342257027087073,"posz":-0.3197748705956102,"roty":315.7518373446593,"rotx":-2.100863902086423},"pos_wing_r_4":{"posx":-1.8092307843500164,"posy":1.1113139673888461,"posz":-0.767176643016096,"roty":315.7518373446593,"rotx":-2.100863902086423},"pos_wing_r_5":{"posx":-2.2450423335540743,"posy":1.088402232068985,"posz":-1.2145784154365817,"roty":315.7518373446593,"rotx":-2.100863902086423},"finger_right_0":{"posx":-0.5151553376981144,"posy":0.958246844013684,"posz":0.5263012920260515,"roty":315.7518373446593,"rotx":-2.100863902086423},"finger_right_1":{"posx":-1.024371897567994,"posy":0.9350025569494005,"posz":0.2017196259227052,"roty":315.7518373446593,"rotx":-2.100863902086423},"finger_right_2":{"posx":-1.4906604473498644,"posy":0.9112011522293735,"posz":-0.23692525878915047,"roty":315.7518373446593,"rotx":-2.100863902086423},"finger_right_3":{"posx":-1.9910676246169547,"posy":0.8856581923274603,"posz":-0.7076655819475083,"roty":315.7518373446593,"rotx":-2.100863902086423},"pos_wing_l_0":{"posx":0.11762736461596568,"posy":1.3288066676969617,"posz":0.7702555476079179,"roty":60.100921191079294,"rotx":-14.295670810296844},"pos_wing_l_1":{"posx":0.6426651958319871,"posy":1.1744780461145388,"posz":0.4683566367909918,"roty":60.100921191079294,"rotx":-14.295670810296844},"pos_wing_l_2":{"posx":1.1677030270480087,"posy":1.020149424532116,"posz":0.16645772597406575,"roty":60.100921191079294,"rotx":-14.295670810296844},"pos_wing_l_3":{"posx":1.6927408582640298,"posy":0.8658208029496933,"posz":-0.13544118484286033,"roty":60.100921191079294,"rotx":-14.295670810296844},"pos_wing_l_4":{"posx":2.2177786894800513,"posy":0.7114921813672705,"posz":-0.4373400956597863,"roty":60.100921191079294,"rotx":-14.295670810296844},"pos_wing_l_5":{"posx":2.742816520696073,"posy":0.5571635597848478,"posz":-0.7392390064767125,"roty":60.100921191079294,"rotx":-14.295670810296844},"finger_left_0":{"posx":0.6390925701299547,"posy":0.9470283785465606,"posz":0.4700841770573458,"roty":60.100921191079294,"rotx":-14.295670810296844},"finger_left_1":{"posx":1.204762577512391,"posy":0.8147664767729906,"posz":0.30359306082450055,"roty":60.100921191079294,"rotx":-14.295670810296844},"finger_left_2":{"posx":1.7568582091013296,"posy":0.6593567318444811,"posz":0.01821773223096182,"roty":60.100921191079294,"rotx":-14.295670810296844},"finger_left_3":{"posx":2.3493509096157377,"posy":0.49257567531944996,"posz":-0.2880382338003001,"roty":60.100921191079294,"rotx":-14.295670810296844},"leg_right_0":{"posx":-0.31456449177314394,"posy":0.3008148191092121,"posz":0.0625185182833056,"roty":346.508708409292,"rotx":-43.92117967941098},"leg_left_0":{"posx":0.2609362330995474,"posy":0.24928234280517167,"posz":-0.03546160331410006,"roty":350.22494752798684,"rotx":-41.739154277209046},"tail_0":{"posx":-0.10946997952475673,"posy":0.3014290480607864,"posz":-0.5369921409453293,"roty":351.0586350491667,"rotx":-10.91269767796006},"tail_1":{"posx":-0.1783233968822986,"posy":0.2621559362577145,"posz":-0.9898089896667759,"roty":348.7595277825625,"rotx":3.7434862157285895},"tail_2":{"posx":-0.27554518174874926,"posy":0.3315762409315528,"posz":-1.4403196891710526,"roty":337.25040599998135,"rotx":13.201805851611434},"tail_3":{"posx":-0.47494709461010126,"posy":0.5681915522789056,"posz":-1.8671984733478268,"roty":321.59174802410007,"rotx":41.047431439756835},"tail_4":{"posx":-0.6799306267533596,"posy":0.8554906180765364,"posz":-2.1257468215186908,"roty":321.59174802410007,"rotx":41.047431439756835},"shadow":{"posx":-0.012133347272136257,"posy":0.4014923140631198,"posz":-0.0028706252011808132,"roty":356.31715325912086,"rotx":-16.2513356712097}},"cameras":{}}