# This file was generated by Animated Java via MC-Build. It is not recommended to edit this file directly.
$data merge entity $(bone_head_lower) { transformation: [-0.9885304298956332f,0.09121690734951578f,-0.12036222407360449f,-0.0660380499214226f,0.11475513321163185f,0.9718005732840291f,-0.20599734261978359f,0.1056370590337864f,0.09817763784047442f,-0.21744682471450727f,-0.971122046835331f,0.9127876461887436f,0f,0f,0f,1f], start_interpolation: 0, interpolation_duration: 1 }
$data merge entity $(bone_head_upper) { transformation: [-0.9885304298956332f,0.1061469568575526f,-0.10742631297887678f,-0.06597375939053035f,0.11475513321163185f,0.9903747334021835f,-0.07738957836901716f,0.11738539805042465f,0.09817763784047442f,-0.08882967403089159f,-0.9911964691420314f,0.8957559768645582f,0f,0f,0f,1f], start_interpolation: 0, interpolation_duration: 1 }
$data merge entity $(bone_neck_0) { transformation: [-0.99227544592575f,0.11568337890793483f,-0.04479726841334372f,-0.07634918237919701f,0.1112701917354024f,0.9896237003753148f,0.09090586387376642f,0.1176504640674412f,0.05484873602938155f,0.08521905596703228f,-0.9948514103402915f,0.7075037550858772f,0f,0f,0f,1f], start_interpolation: 0, interpolation_duration: 1 }
$data merge entity $(bone_neck_1) { transformation: [-0.9924038807726281f,0.08715571370372371f,0.08682406922174302f,-0.06050608631686692f,0.11876970543281118f,0.8627298813788877f,0.49151898116692627f,0.2102814178085396f,-0.03206703133797605f,0.4980974135094105f,-0.866527940782295f,0.5602809306166738f,0f,0f,0f,1f], start_interpolation: 0, interpolation_duration: 1 }
$data merge entity $(bone_neck_2) { transformation: [-0.9924038807726281f,0.057013380362262264f,0.1090138151203575f,-0.02768638263722557f,0.11876970543281118f,0.674997503584726f,0.7281978626896612f,0.4714245471716473f,-0.03206703133797605f,0.7356139236135051f,-0.6766416044606727f,0.511804078149698f,0f,0f,0f,1f], start_interpolation: 0, interpolation_duration: 1 }
$data merge entity $(bone_arm_right_2) { transformation: [-0.8827930946765906f,-0.055627974344646974f,-0.46645672946334427f,-0.37340982003519846f,-0.10911939628182525f,0.9900865410481632f,0.08843980207109065f,0.06284828274801935f,0.45691280278234486f,0.1289735232735581f,-0.8801116525464183f,0.34051177606377037f,0f,0f,0f,1f], start_interpolation: 0, interpolation_duration: 1 }
$data merge entity $(bone_arm_right_1) { transformation: [-0.7675373420004648f,-0.5683377322636655f,-0.29644333475430984f,-0.4377988386819065f,-0.34612175053346383f,0.7567144011202009f,-0.5546017029769618f,0.349079362135813f,0.5395240147041761f,-0.3230720310127292f,-0.7775206108745917f,0.15838679868866035f,0f,0f,0f,1f], start_interpolation: 0, interpolation_duration: 1 }
$data merge entity $(bone_arm_right_0) { transformation: [-0.694543742817584f,0.7178433928292435f,0.04806092679445866f,-0.19299935327903564f,0.16538838948402185f,0.0942929262722696f,0.9817105096100855f,0.3913902434884594f,0.7001825975678225f,0.6897896109875916f,-0.18421352457613915f,0.3613873771102009f,0f,0f,0f,1f], start_interpolation: 0, interpolation_duration: 1 }
$data merge entity $(bone_arm_left_2) { transformation: [-0.9710152251403678f,-0.00415284051328646f,0.23898156092316405f,0.3540704005984417f,-0.010952257860967762f,0.9995718938734084f,-0.027130739504741597f,0.04411325651300066f,-0.23876658181861968f,-0.02896174880766822f,-0.9706450105536287f,0.4464046619133221f,0f,0f,0f,1f], start_interpolation: 0, interpolation_duration: 1 }
$data merge entity $(bone_arm_left_1) { transformation: [-0.8905580446039264f,0.43682472259941674f,0.12684845650292093f,0.3588968240094368f,0.1856630130139682f,0.6036571019506938f,-0.7753240283024023f,0.2584221397655941f,-0.41525367522733114f,-0.6669199839489233f,-0.6186938824812819f,0.1756795391231461f,0f,0f,0f,1f], start_interpolation: 0, interpolation_duration: 1 }
$data merge entity $(bone_arm_left_0) { transformation: [-0.7250686732743127f,-0.6869251905893234f,-0.049083618143427696f,0.12332938371723953f,-0.3202839381602679f,0.27325579642056086f,0.9070553834684596f,0.3535323998817509f,-0.6096668089971585f,0.6733981379959311f,-0.41814032303861287f,0.3716087433491808f,0f,0f,0f,1f], start_interpolation: 0, interpolation_duration: 1 }
$data merge entity $(bone_finger_right_1_fire) { transformation: [-1.2041587607458035f,-0.211510686580732f,-1.13271474174174f,-1.3776012353816207f,-0.3557914583533793f,1.6265418830921305f,0.07450985497004982f,0.971833723684984f,1.095989003074248f,0.29563915469205f,-1.2203210123287498f,-0.3600688743440603f,0f,0f,0f,1f], start_interpolation: 0, interpolation_duration: 1 }
$data merge entity $(bone_finger_right_1_fire_s) { transformation: [-0.000007224952564474821f,-0.000001269064119484392f,-0.00000679628845045044f,-1.3776012353816207f,-0.000002134748750120276f,0.000009759251298552784f,4.4705912982029894e-7f,0.971833723684984f,0.000006575934018445489f,0.0000017738349281522998f,-0.000007321926073972498f,-0.3600688743440603f,0f,0f,0f,1f], start_interpolation: 0, interpolation_duration: 1 }
$data merge entity $(bone_finger_right_1) { transformation: [-1.436397635978282f,-0.25230348363743826f,-1.351174637693019f,-0.6675119798513173f,-0.4244108221772454f,1.9402432568328112f,0.0888801236389935f,0.891923783387771f,1.3073658261631598f,0.3526573046225775f,-1.4556770040505216f,0.3929627145812522f,0f,0f,0f,1f], start_interpolation: 0, interpolation_duration: 1 }
$data merge entity $(bone_finger_right_2_fire) { transformation: [1.306621098218584f,-0.2330466537505499f,-1.0080715949988428f,-0.994635534636569f,-0.8964831813966118f,-1.0657160250836368f,-0.9156118375876975f,0.4117935566528067f,-0.5165626670026102f,1.2600461851985358f,-0.9608456691912323f,0.15190501689757668f,0f,0f,0f,1f], start_interpolation: 0, interpolation_duration: 1 }
$data merge entity $(bone_finger_right_2_fire_s) { transformation: [0.000007839726589311504f,-0.0000013982799225032994f,-0.000006048429569993058f,-0.994635534636569f,-0.000005378899088379671f,-0.000006394296150501821f,-0.000005493671025526185f,0.4117935566528067f,-0.0000030993760020156615f,0.000007560277111191215f,-0.000005765074015147393f,0.15190501689757668f,0f,0f,0f,1f], start_interpolation: 0, interpolation_duration: 1 }
$data merge entity $(bone_finger_right_2) { transformation: [0.9739599397859761f,-0.173713791368948f,-0.7514200951627199f,-0.6706511975317766f,-0.6682417011041693f,-0.7943884551034305f,-0.6825002683793011f,0.7059997065357804f,-0.3850476199530801f,0.9392428366086367f,-0.7162177247749866f,0.4618241522638535f,0f,0f,0f,1f], start_interpolation: 0, interpolation_duration: 1 }
$data merge entity $(bone_finger_film_right) { transformation: [0.10483472547311563f,-0.26826468462665964f,-0.7992372043627036f,-0.755780143519463f,-1.0721668166262583f,0.07122590495894363f,-0.23494331852701886f,0.7791472692021235f,0.29809875377957495f,0.3505197691144531f,-0.5639427031277219f,0.4342908493299137f,0f,0f,0f,1f], start_interpolation: 0, interpolation_duration: 1 }
$data merge entity $(bone_finger_right_0_fire) { transformation: [0.05374895417467617f,-1.0672715077226351f,-1.2789919298050165f,-1.306702809301891f,-1.5738819235896138f,0.3866641736075374f,-0.38879851494576784f,0.6265358930599132f,0.5456963609011546f,1.2203278753800684f,-0.9953859231712011f,0.02768587931627875f,0f,0f,0f,1f], start_interpolation: 0, interpolation_duration: 1 }
$data merge entity $(bone_finger_right_0_fire_s) { transformation: [3.2249372504805703e-7f,-0.000006403629046335811f,-0.000007673951578830099f,-1.306702809301891f,-0.000009443291541537683f,0.0000023199850416452245f,-0.0000023327910896746072f,0.6265358930599132f,0.0000032741781654069276f,0.000007321967252280411f,-0.000005972315539027207f,0.02768587931627875f,0f,0f,0f,1f], start_interpolation: 0, interpolation_duration: 1 }
$data merge entity $(bone_fire_large_right) { transformation: [8.599832667948188e-7f,-0.000017076344123562163f,-0.000020463870876880264f,-1.2418303541916065f,-0.00002518211077743382f,0.000006186626777720598f,-0.000006220776239132286f,0.598544300473505f,0.000008731141774418474f,0.000019525246006081093f,-0.000015926174770739218f,-0.055223469379224344f,0f,0f,0f,1f], start_interpolation: 0, interpolation_duration: 1 }
$data merge entity $(bone_finger_right_0) { transformation: [0.047166843809206785f,-0.9365731720690442f,-1.1223662583331118f,-0.7221379541282862f,-1.3811439497563487f,0.33931318224151497f,-0.3411861516058804f,0.7745638898041449f,0.47887024812110895f,1.0708862186790564f,-0.873490714173175f,0.3946357583981147f,0f,0f,0f,1f], start_interpolation: 0, interpolation_duration: 1 }
$data merge entity $(bone_wing_right_1_model) { transformation: [-0.5341173094639329f,-0.8235275279689787f,-0.25980414440526656f,-0.3136223473290396f,0.09905487407967217f,-0.36189751647703294f,0.943501670655996f,0.9310655204590459f,-0.8578367645968026f,0.470966751784984f,0.27070922973004f,0.14179964152697686f,0f,0f,0f,1f], start_interpolation: 0, interpolation_duration: 1 }
$data merge entity $(bone_wing_right_0) { transformation: [-0.684715743035677f,-0.6519632421620646f,-0.3257426624018258f,-0.18111463028047095f,-0.6383505533652869f,0.32082593886747257f,0.6996994268741659f,0.6537116606654434f,-0.3516716113895638f,0.6870332217726693f,-0.6358556675247409f,0.4940241396566494f,0f,0f,0f,1f], start_interpolation: 0, interpolation_duration: 1 }
$data merge entity $(bone_finger_left_1_fire) { transformation: [-0.6174226271818997f,-0.1028189508022164f,1.544666740943661f,1.5921784385819926f,-0.2393057027662401f,1.6493364803989492f,0.014132686458673271f,0.9481102481983228f,-1.5294769883346186f,-0.21655303174722515f,-0.6257656944685671f,0.011862742322808095f,0f,0f,0f,1f], start_interpolation: 0, interpolation_duration: 1 }
$data merge entity $(bone_finger_left_1_fire_s) { transformation: [-0.000003704535763091398f,-6.169137048132984e-7f,0.000009268000445661967f,1.5921784385819926f,-0.0000014358342165974406f,0.000009896018882393695f,8.479611875203964e-8f,0.9481102481983228f,-0.000009176861930007712f,-0.000001299318190483351f,-0.0000037545941668114027f,0.011862742322808095f,0f,0f,0f,1f], start_interpolation: 0, interpolation_duration: 1 }
$data merge entity $(bone_finger_left_1) { transformation: [-0.7365012247507096f,-0.12264902492973505f,1.8425773472690192f,0.6324298507077202f,-0.2854591578245482f,1.967434111354612f,0.016858372899838832f,0.9050324895744195f,-1.8244580382127864f,-0.258318315662122f,-0.7464533693665528f,0.40517671116010534f,0f,0f,0f,1f], start_interpolation: 0, interpolation_duration: 1 }
$data merge entity $(bone_finger_left_2_fire) { transformation: [0.8444262904208132f,-0.2502661182719216f,1.4149519030232187f,1.0779507655977114f,1.2820789512891468f,-0.6098591674731796f,-0.8729966416247078f,0.4691922114554359f,0.6488417222137027f,1.5307568205537425f,-0.11647211520673889f,0.490017943454398f,0f,0f,0f,1f], start_interpolation: 0, interpolation_duration: 1 }
$data merge entity $(bone_finger_left_2_fire_s) { transformation: [0.000005066557742524879f,-0.0000015015967096315295f,0.000008489711418139313f,1.0779507655977114f,0.000007692473707734882f,-0.000003659155004839078f,-0.000005237979849748247f,0.4691922114554359f,0.000003893050333282216f,0.000009184540923322456f,-6.988326912404334e-7f,0.490017943454398f,0f,0f,0f,1f], start_interpolation: 0, interpolation_duration: 1 }
$data merge entity $(bone_finger_left_2) { transformation: [0.6294383123716905f,-0.18654924049130428f,1.0547101008451676f,0.622708991916127f,0.9556661375672594f,-0.45459115794159416f,-0.6507347521553027f,0.7499997745924247f,0.4836488906841217f,1.1410314916896316f,-0.08681872232750638f,0.5284239295071758f,0f,0f,0f,1f], start_interpolation: 0, interpolation_duration: 1 }
$data merge entity $(bone_finger_film_left) { transformation: [0.1212860901061672f,0.07539803659462166f,0.9855530756296741f,0.7035684723872043f,0.9490393071942668f,0.22214757236998703f,-0.1806392448484599f,0.8311805868186738f,-0.5779350716918192f,0.3806163045153328f,-0.08980224109936415f,0.5133572018038195f,0f,0f,0f,1f], start_interpolation: 0, interpolation_duration: 1 }
$data merge entity $(bone_finger_left_0_fire) { transformation: [0.13715105685999085f,0.3675339890578572f,1.619841391083456f,1.3899771756367723f,1.3410828026330177f,0.9344904352294158f,-0.3255799759267824f,0.7106852800817471f,-0.9800327963195593f,1.3301970422195855f,-0.21883629677480182f,0.43299806667752677f,0f,0f,0f,1f], start_interpolation: 0, interpolation_duration: 1 }
$data merge entity $(bone_finger_left_0_fire_s) { transformation: [8.229063411599451e-7f,0.0000022052039343471435f,0.000009719048346500736f,1.3899771756367723f,0.000008046496815798107f,0.0000056069426113764944f,-0.0000019534798555606946f,0.7106852800817471f,-0.000005880196777917357f,0.000007981182253317513f,-0.0000013130177806488108f,0.43299806667752677f,0f,0f,0f,1f], start_interpolation: 0, interpolation_duration: 1 }
$data merge entity $(bone_fire_large_left) { transformation: [0.0000021944169097598537f,0.000005880543824925716f,0.000025917462257335294f,1.3719710264030276f,0.000021457324842128282f,0.000014951846963670652f,-0.000005209279614828519f,0.6473809323173345f,-0.00001568052474111295f,0.000021283152675513368f,-0.0000035013807483968287f,0.346197934577591f,0f,0f,0f,1f], start_interpolation: 0, interpolation_duration: 1 }
$data merge entity $(bone_finger_left_0) { transformation: [0.12035550414915215f,0.32252568487433475f,1.4214752093710281f,0.6917689061180218f,1.1768534673518776f,0.8200525029086126f,-0.2857093706797947f,0.8085249083795224f,-0.860017735074067f,1.1673007798801145f,-0.1920375491626854f,0.4678289580328611f,0f,0f,0f,1f], start_interpolation: 0, interpolation_duration: 1 }
$data merge entity $(bone_wing_left_1_model) { transformation: [-0.7153504474681751f,0.7188427663475895f,0.0501587242527835f,0.3432255750243245f,0.0877406210521197f,0.016739488717764678f,1.0114338613951461f,0.7725918660667407f,0.7152289170372729f,0.7169113960797757f,-0.0739102797077448f,0.10378194704261473f,0f,0f,0f,1f], start_interpolation: 0, interpolation_duration: 1 }
$data merge entity $(bone_wing_left_0) { transformation: [-0.8326816655103456f,0.40576156293423177f,0.3768272786942136f,0.1652008304782002f,0.5509438694264821f,0.6754977552671042f,0.49006492974959814f,0.6122650419469506f,-0.055696469046901315f,0.6156787609413474f,-0.7860264414518349f,0.5052144513312954f,0f,0f,0f,1f], start_interpolation: 0, interpolation_duration: 1 }
$data merge entity $(bone_body_0) { transformation: [-0.9924038807726281f,0.08715571370372373f,0.08682406922174302f,-2.0744403685741444e-18f,0.11876970543281118f,0.8627298813788877f,0.4915189811669263f,0.569153361799754f,-0.03206703133797605f,0.4980974135094105f,-0.866527940782295f,0.016939091091557612f,0f,0f,0f,1f], start_interpolation: 0, interpolation_duration: 1 }
$data merge entity $(bone_leg_right_3) { transformation: [-0.9693082593608329f,-0.15563919550670982f,0.19031011312301976f,-0.20324063800726574f,-0.024359928575702294f,0.8310881728364631f,0.5556069139698819f,0.06944594606232704f,-0.2446386972959494f,0.53391842990608f,-0.8093719898736105f,-0.49107208456183543f,0f,0f,0f,1f], start_interpolation: 0, interpolation_duration: 1 }
$data merge entity $(bone_leg_right_2) { transformation: [-0.8998611073551023f,0.2574246858121578f,0.35211151444416156f,-0.15605581610832886f,0.3747539302948671f,0.8693551256361489f,0.3221508299829527f,0.21356446301593027f,-0.22318037368505134f,0.42184617654385276f,-0.8787697788028067f,-0.41131957640707456f,0f,0f,0f,1f], start_interpolation: 0, interpolation_duration: 1 }
$data merge entity $(bone_leg_right_1) { transformation: [-0.9270627176576474f,0.2716270440436014f,0.2584056239197448f,-0.24721426511348654f,0.29262241522139903f,0.9551296229501158f,0.04582057914479615f,0.18634323227357225f,-0.23436475767318848f,0.11809382840481047f,-0.9649492256349466f,-0.10466486474915526f,0f,0f,0f,1f], start_interpolation: 0, interpolation_duration: 1 }
$data merge entity $(bone_leg_right_0) { transformation: [-0.9270627176576474f,0.3740251812997527f,-0.025688154525078034f,-0.09365062499999995f,0.29262241522139903f,0.679058694831709f,-0.6732394901396167f,0.4645535223347728f,-0.23436475767318848f,-0.6316521611829907f,-0.7389781509852946f,-0.25983189532533807f,0f,0f,0f,1f], start_interpolation: 0, interpolation_duration: 1 }
$data merge entity $(bone_leg_left_3) { transformation: [-0.9852027686045871f,0.12142450753949022f,-0.12096112475770249f,0.20292790525195664f,0.02034819133139224f,0.7836274610109847f,0.6208976996728355f,0.06658271118914624f,0.17018065649008765f,0.6092487926276668f,-0.7745027132543392f,-0.4994413907063348f,0f,0f,0f,1f], start_interpolation: 0, interpolation_duration: 1 }
$data merge entity $(bone_leg_left_2) { transformation: [-0.9019140745582717f,-0.3153533820705711f,-0.2951325914404386f,0.14541857249868376f,-0.37408909903910825f,0.9118960230972508f,0.16882828270028205f,0.21906295828838943f,0.21588966648222122f,0.26267448957991796f,-0.940422120342841f,-0.4465313935947994f,0f,0f,0f,1f], start_interpolation: 0, interpolation_duration: 1 }
$data merge entity $(bone_leg_left_1) { transformation: [-0.9270627176576474f,-0.24807188705167132f,-0.2810961692799101f,0.2435114382003422f,-0.292622415221399f,0.9475015397647809f,0.12889124971604754f,0.16531114947888115f,0.2343647576731882f,0.20174531220821995f,-0.9509847471767334f,-0.1455720887738673f,0f,0f,0f,1f], start_interpolation: 0, interpolation_duration: 1 }
$data merge entity $(bone_leg_left_0) { transformation: [-0.9270627176576474f,-0.3741783210193662f,-0.023351693907405966f,0.09365062500000003f,-0.292622415221399f,0.7611246406621976f,-0.578844887242546f,0.4645535223347728f,0.2343647576731882f,-0.5297922851986132f,-0.8151032418686721f,-0.25983189532533807f,0f,0f,0f,1f], start_interpolation: 0, interpolation_duration: 1 }
$data merge entity $(bone_tail_3) { transformation: [-2.041344533373446f,0.809619866087011f,-1.0686140057745959f,-0.247261600673626f,-1.0359579525502256f,0.28308304366052933f,2.193436307662902f,0.6176266431800379f,0.8510060760349023f,2.2866760565640187f,0.10681290054360006f,-1.4884494478444341f,0f,0f,0f,1f], start_interpolation: 0, interpolation_duration: 1 }
$data merge entity $(bone_tail_2) { transformation: [-1.0530462099815414f,0.06968753651562906f,-0.4723890233672816f,-0.05415382739111827f,-0.2540737698943467f,0.8867274634799477f,0.697190782685839f,0.3276219118704651f,0.4042947706750432f,0.738763910369748f,-0.7922674331562628f,-1.1677210516161234f,0f,0f,0f,1f], start_interpolation: 0, interpolation_duration: 1 }
$data merge entity $(bone_tail_1) { transformation: [-1.3735642443274543f,3.787611734635107e-8f,-0.18083309150408824f,9.400700140561666e-17f,-0.03913942273034626f,1.352576734590988f,0.2972938326122715f,0.23185592038528016f,0.17654663001955784f,0.29985916247624744f,-1.3410052611326917f,-0.7676254204156496f,0f,0f,0f,1f], start_interpolation: 0, interpolation_duration: 1 }
$data merge entity $(bone_tail_0) { transformation: [-1.1979166666666667f,3.175222838340463e-17f,1.4322504657924305e-16f,5.197891682622868e-17f,0f,1.1695212585290868f,-0.2592766208633524f,0.327526987292029f,-1.4670248114786003e-16f,-0.2592766208633524f,-1.1695212585290868f,-0.4244400660044874f,0f,0f,0f,1f], start_interpolation: 0, interpolation_duration: 1 }
$data merge entity $(bone_body_1) { transformation: [-1.0208333333333333f,6.250801370647947e-17f,1.0826705561983424e-16f,2.229415919550294e-17f,0f,0.8840675996966144f,-0.5104166666666665f,0.48947125f,-1.2501602741295897e-16f,-0.5104166666666665f,-0.8840675996966144f,-0.182045625f,0f,0f,0f,1f], start_interpolation: 0, interpolation_duration: 1 }
data modify entity @s data merge value {"locators":{"body_1":{"posx":2.0352681792523074e-17,"posy":0.263603664472489,"posz":-0.1661922589165578,"roty":0,"rotx":-30},"body_0":{"posx":-0.029009430427766013,"posy":0.35024920627749306,"posz":0.10394088544903338,"roty":5.721805690869559,"rotx":29.440468781082284},"neck_1":{"posx":-0.05847487613273892,"posy":0.18073211181366938,"posz":0.3879748889406324,"roty":9.152284114653582,"rotx":46.735526523164225},"neck_0":{"posx":-0.08996753554576234,"posy":-0.00833132665710766,"posz":0.6623510364958541,"roty":5.721805690869559,"rotx":29.440468781082284},"head_0":{"posx":-0.08182877557767904,"posy":-0.1276281733207018,"posz":1.0224933309867346,"roty":353.8144019413019,"rotx":-4.438534265888515},"arm_right_0":{"posx":-0.3071845156222681,"posy":-0.07860120013232849,"posz":0.31492862660582605,"roty":339.12977708512665,"rotx":-33.68328545423021},"arm_left_0":{"posx":0.29050812432847023,"posy":-0.09634527303209404,"posz":0.48217452634275787,"roty":11.586566897695917,"rotx":-50.83441933787176},"finger_right_0":{"posx":-0.5520195562285881,"posy":0.7091518946445075,"posz":0.4310949738884894,"roty":317.1322039919559,"rotx":2.5623141317751115},"finger_right_1":{"posx":-1.051745137812302,"posy":0.7059295366379896,"posz":0.09130236181906493,"roty":317.1322039919559,"rotx":2.5623141317751115},"finger_right_2":{"posx":-1.5069074446641884,"posy":0.7285767309377618,"posz":-0.35893672180187186,"roty":317.1322039919559,"rotx":2.5623141317751115},"finger_right_3":{"posx":-1.9953742731289692,"posy":0.7528809470230828,"posz":-0.8421196067204496,"roty":317.1322039919559,"rotx":2.5623141317751115},"finger_left_0":{"posx":0.5305568332152025,"posy":0.7169549527261296,"posz":0.4546424656671938,"roty":67.9464550626735,"rotx":0.48585179490996944},"finger_left_1":{"posx":1.1270031661007398,"posy":0.7417997382012864,"posz":0.36067668296224287,"roty":67.9464550626735,"rotx":0.48585179490996944},"finger_left_2":{"posx":1.7305215379967904,"posy":0.751239081534357,"posz":0.14602038328859274,"roty":67.9464550626735,"rotx":0.48585179490996944},"finger_left_3":{"posx":2.378199533543428,"posy":0.7613691531888376,"posz":-0.08434201260354854,"roty":67.9464550626735,"rotx":0.48585179490996944},"leg_right_0":{"posx":-0.29972654278200966,"posy":0.09065544274702411,"posz":-0.018605497429757173,"roty":358.00910158699514,"rotx":-42.31758527927384},"leg_left_0":{"posx":0.2959383985694301,"posy":0.05842317894250758,"posz":-0.07383449294781826,"roty":358.3589960455355,"rotx":-35.3693391098928},"tail_0":{"posx":6.863250661067099e-17,"posy":0.10841713603704958,"posz":-0.5604269464343157,"roty":0,"rotx":-12.499999999999998},"tail_1":{"posx":-0.03174135205915572,"posy":0.1042948032701092,"posz":-1.0428583984476232,"roty":352.3200545358974,"rotx":12.391359034324921},"tail_2":{"posx":-0.17245559388036213,"posy":0.3280487432200442,"posz":-1.4755874629914172,"roty":329.19451269256933,"rotx":37.08332310495531},"tail_3":{"posx":-0.4152101632075478,"posy":0.7807065355617755,"posz":-1.6927922527899557,"roty":264.29198154920124,"rotx":63.912944223443866},"tail_4":{"posx":-0.6066408760799699,"posy":1.17363707338661,"posz":-1.6736578697624647,"roty":264.29198154920124,"rotx":63.912944223443866},"shadow":{"posx":1.3394574365674175e-17,"posy":0.1875,"posz":-0.109375,"roty":0,"rotx":0}},"cameras":{}}