# This file was generated by Animated Java via MC-Build. It is not recommended to edit this file directly.
$data merge entity $(bone_head_lower) { transformation: [-0.9897467540128067f,0.07347070493477896f,-0.12248844205678942f,-0.036192762817078665f,0.09323489649060096f,0.9819847524207119f,-0.16435692893705459f,0.10147496295439513f,0.10820636301761427f,-0.17409193413142307f,-0.9787662547681546f,0.9145122842977939f,0f,0f,0f,1f], start_interpolation: 0, interpolation_duration: 1 }
$data merge entity $(bone_head_upper) { transformation: [-0.9897467540128067f,0.0888301028017372f,-0.11185068510002795f,-0.036426442041842005f,0.09323489649060096f,0.9950366208340837f,-0.03477610207419768f,0.11397331897439893f,0.10820636301761427f,-0.04484792119285916f,-0.9931163310343754f,0.8980246570061616f,0f,0f,0f,1f], start_interpolation: 0, interpolation_duration: 1 }
$data merge entity $(bone_neck_0) { transformation: [-0.9891129692984661f,0.118021698051498f,-0.08790001566901273f,-0.0549350567974118f,0.1097370213543247f,0.9895266586086263f,0.09378047796384781f,0.11477980545709243f,0.09804754004997843f,0.08311360112453481f,-0.9917050010957186f,0.7103989673307336f,0f,0f,0f,1f], start_interpolation: 0, interpolation_duration: 1 }
$data merge entity $(bone_neck_1) { transformation: [-0.9943256728262199f,0.09854823595254619f,0.04005872625691502f,-0.04716074865085497f,0.10584653304875465f,0.8788997657455837f,0.4651147312372692f,0.20293258830741362f,0.010628631155706426f,0.4667155953715274f,-0.884343590035432f,0.559817745602717f,0f,0f,0f,1f], start_interpolation: 0, interpolation_duration: 1 }
$data merge entity $(bone_neck_2) { transformation: [-0.9943256728262199f,0.0819412317880707f,0.06783871233844907f,-0.020117214416752745f,0.10584653304875465f,0.6983589074822909f,0.7078780599663335f,0.4628009826921525f,0.010628631155706426f,0.7110418207624601f,-0.7030693858550243f,0.5018527816649382f,0f,0f,0f,1f], start_interpolation: 0, interpolation_duration: 1 }
$data merge entity $(bone_arm_right_2) { transformation: [-0.9098045916376479f,-0.03400739577877987f,-0.4136412722001975f,-0.3810455993672722f,-0.06810337453369453f,0.9953609124018428f,0.0679601680375631f,0.055370783562868287f,0.4094112057726019f,0.09000083941228482f,-0.9078999468514732f,0.3550544758547479f,0f,0f,0f,1f], start_interpolation: 0, interpolation_duration: 1 }
$data merge entity $(bone_arm_right_1) { transformation: [-0.7796025826792691f,-0.5521045337399109f,-0.295635581254437f,-0.438583231320306f,-0.3129147003403199f,0.7523004809244962f,-0.579765794706534f,0.3352638603909066f,0.542498113720906f,-0.35947819158414457f,-0.7592570226113498f,0.1611654086883838f,0f,0f,0f,1f], start_interpolation: 0, interpolation_duration: 1 }
$data merge entity $(bone_arm_right_0) { transformation: [-0.6664964904169101f,0.7450365075982245f,0.026514724358034432f,-0.18601748822809278f,0.14879357830712997f,0.09808933911829448f,0.9839913376681199f,0.37917155147779225f,0.7305086579339778f,0.6597719938715015f,-0.17623284820464458f,0.3540614782531234f,0f,0f,0f,1f], start_interpolation: 0, interpolation_duration: 1 }
$data merge entity $(bone_arm_left_2) { transformation: [-0.9874411188011133f,-0.02095251111646354f,0.15659191926380098f,0.38974249469702965f,-0.01827543161329878f,0.9996615199167789f,0.01851632244869339f,0.0450370159154623f,-0.15692687946987896f,0.01542199324311938f,-0.9874898058330803f,0.4148584465878175f,0f,0f,0f,1f], start_interpolation: 0, interpolation_duration: 1 }
$data merge entity $(bone_arm_left_1) { transformation: [-0.9277949199653448f,0.3601006134603554f,0.09759167316925954f,0.3650639803361661f,0.1712951903733349f,0.6435195870663668f,-0.7460164199378566f,0.2697161433770364f,-0.33144312369011775f,-0.6754332603946955f,-0.6587377069146173f,0.15379534209827406f,0f,0f,0f,1f], start_interpolation: 0, interpolation_duration: 1 }
$data merge entity $(bone_arm_left_0) { transformation: [-0.7275248509972239f,-0.6786371265551001f,-0.10079306346423073f,0.13127276491314477f,-0.33620600234142706f,0.22458392427491675f,0.9146188194799377f,0.3490515343470251f,-0.5980577858125949f,0.699295153292453f,-0.39155226140404364f,0.35867041843625513f,0f,0f,0f,1f], start_interpolation: 0, interpolation_duration: 1 }
$data merge entity $(bone_finger_right_1_fire) { transformation: [-0.6491947192605501f,-0.15212477541332228f,-0.6800248139940989f,-1.3985092508043313f,-0.30058500999411225f,0.8996291363763789f,0.08570616785025945f,0.9981948241004739f,0.6286687098218756f,0.2730475199414633f,-0.661248957354763f,-0.27084229156456735f,0f,0f,0f,1f], start_interpolation: 0, interpolation_duration: 1 }
$data merge entity $(bone_finger_right_1_fire_s) { transformation: [-0.0000068165445522357866f,-0.0000015973101418398865f,-0.000007140260546938049f,-1.3985092508043313f,-0.000003156142604938184f,0.000009446105931951993f,8.999147624277257e-7f,0.9981948241004739f,0.000006601021453129704f,0.000002866998959385369f,-0.000006943114052225023f,-0.27084229156456735f,0f,0f,0f,1f], start_interpolation: 0, interpolation_duration: 1 }
$data merge entity $(bone_finger_right_1) { transformation: [-1.3552017667930314f,-0.3175622941726157f,-1.4195599595104513f,-0.6516306526320191f,-0.6274748153828302f,1.8779866177353304f,0.1789126538614311f,0.8724612999225538f,1.3123534757776851f,0.5699899744480448f,-1.3803651334655582f,0.4391100757018765f,0f,0f,0f,1f], start_interpolation: 0, interpolation_duration: 1 }
$data merge entity $(bone_finger_right_2_fire) { transformation: [0.753195461510083f,-0.07387453251861706f,-0.5781596913170407f,-0.9689482071412939f,-0.4424883588759087f,-0.6873742642635446f,-0.48862066221712575f,0.4057139826741431f,-0.37938124291794534f,0.6550485880691241f,-0.5779365867019743f,0.1614408844434172f,0f,0f,0f,1f], start_interpolation: 0, interpolation_duration: 1 }
$data merge entity $(bone_finger_right_2_fire_s) { transformation: [0.000007908552345855885f,-7.756825914454805e-7f,-0.000006070676758828937f,-0.9689482071412939f,-0.000004646127768197049f,-0.000007217429774767231f,-0.0000051305169532798294f,0.4057139826741431f,-0.000003983503050638432f,0.000006878010174725814f,-0.00000606833416037074f,0.1614408844434172f,0f,0f,0f,1f], start_interpolation: 0, interpolation_duration: 1 }
$data merge entity $(bone_finger_right_2) { transformation: [0.982510433089031f,-0.09636608642542185f,-0.7541839505666241f,-0.6437181236616589f,-0.577206649976878f,-0.8966495691859507f,-0.6373842156306868f,0.6803503769093727f,-0.4948861860344274f,0.8544821428793721f,-0.753892920384985f,0.4875899662230172f,0f,0f,0f,1f], start_interpolation: 0, interpolation_duration: 1 }
$data merge entity $(bone_finger_film_right) { transformation: [0.16374934438783642f,-0.25454907730451326f,-0.8137965111936685f,-0.7330458802700547f,-1.091584983730137f,0.021027610655794338f,-0.21120986710561715f,0.7519203366734996f,0.17613416719045039f,0.3669683718369203f,-0.5523906901598185f,0.47165638852917835f,0f,0f,0f,1f], start_interpolation: 0, interpolation_duration: 1 }
$data merge entity $(bone_finger_right_0_fire) { transformation: [0.08310033457686267f,-0.5857853755361652f,-0.7463104626488993f,-1.2952254149619167f,-0.9248791398237607f,0.11697226984085339f,-0.19479615824031452f,0.6174982201133853f,0.21147668800631542f,0.741756334893258f,-0.5586632514616001f,0.07414100166501503f,0f,0f,0f,1f], start_interpolation: 0, interpolation_duration: 1 }
$data merge entity $(bone_finger_right_0_fire_s) { transformation: [8.725535130570595e-7f,-0.0000061507464431297445f,-0.000007836259857813457f,-1.2952254149619167f,-0.000009711230968149504f,0.0000012282088333289627f,-0.000002045359661523306f,0.6174982201133853f,0.0000022205052240663155f,0.000007788441516379222f,-0.00000586596414034681f,0.07414100166501503f,0f,0f,0f,1f], start_interpolation: 0, interpolation_duration: 1 }
$data merge entity $(bone_fire_large_right) { transformation: [0.0000023268093681521585f,-0.00001640199051501265f,-0.000020896692954169216f,-1.2331286345263552f,-0.000025896615915065342f,0.0000032752235555439006f,-0.000005454292430728815f,0.6015218697259329f,0.000005921347264176841f,0.000020769177377011256f,-0.000015642571040924826f,-0.013919607443183268f,0f,0f,0f,1f], start_interpolation: 0, interpolation_duration: 1 }
$data merge entity $(bone_finger_right_0) { transformation: [0.12761673195161896f,-0.8995874160029109f,-1.146104919426776f,-0.7011087780081374f,-1.4203318659970288f,0.17963367875788158f,-0.29914740100554105f,0.7531473477328307f,0.3247635998668081f,1.1391111701955072f,-0.8579361175381508f,0.43037871352780527f,0f,0f,0f,1f], start_interpolation: 0, interpolation_duration: 1 }
$data merge entity $(bone_wing_right_1_model) { transformation: [-0.617808354563402f,-0.7626562072533121f,-0.2600873499643814f,-0.3239762935111601f,0.04309746908769876f,-0.35854197116024217f,0.9489822685996837f,0.9070683336457084f,-0.8046319209624586f,0.5663746529430503f,0.25052805693922314f,0.13140834271588014f,0f,0f,0f,1f], start_interpolation: 0, interpolation_duration: 1 }
$data merge entity $(bone_wing_right_0) { transformation: [-0.7119057454703261f,-0.6109674568496184f,-0.34627875510497147f,-0.17824544841743878f,-0.6390737031382354f,0.3591775764037667f,0.6801295983604143f,0.6413220402996931f,-0.2911614870196977f,0.7054858150802364f,-0.6461538154317842f,0.48733938316206504f,0f,0f,0f,1f], start_interpolation: 0, interpolation_duration: 1 }
$data merge entity $(bone_finger_left_1_fire) { transformation: [-0.45537371177082536f,-0.1350914602835385f,0.8254783815731148f,1.4894441719960607f,-0.09026385904450816f,0.9423260516473508f,0.10441995305090997f,1.0356914282231955f,-0.831574829366847f,-0.028308800808620124f,-0.463369607784459f,-0.11800526667581657f,0f,0f,0f,1f], start_interpolation: 0, interpolation_duration: 1 }
$data merge entity $(bone_finger_left_1_fire_s) { transformation: [-0.000004781423973593674f,-0.0000014184603329771564f,0.000008667523006517721f,1.4894441719960607f,-9.477705199673372e-7f,0.0000098944235422972f,0.0000010964095070345565f,1.0356914282231955f,-0.000008731535708351909f,-2.972424084905118e-7f,-0.000004865380881736828f,-0.11800526667581657f,0f,0f,0f,1f], start_interpolation: 0, interpolation_duration: 1 }
$data merge entity $(bone_finger_left_1) { transformation: [-0.9505980878061406f,-0.28200504443941043f,1.7231960272744589f,0.5946795953171575f,-0.1884268889217196f,1.967116940726468f,0.21797790503321152f,0.8876993704052591f,-1.7359224352012483f,-0.0590949613936043f,-0.9672896166853531f,0.3871319685788229f,0f,0f,0f,1f], start_interpolation: 0, interpolation_duration: 1 }
$data merge entity $(bone_finger_left_2_fire) { transformation: [0.47901565082845177f,-0.0037566145060858756f,0.8231399471334715f,1.0746177508819497f,0.7338348552028091f,-0.4294995603974179f,-0.4290058407130888f,0.48130723476122433f,0.3729073477539884f,0.8500267607104638f,-0.213129290631786f,0.3749472547041427f,0f,0f,0f,1f], start_interpolation: 0, interpolation_duration: 1 }
$data merge entity $(bone_finger_left_2_fire_s) { transformation: [0.000005029664333698752f,-3.944445231390176e-8f,0.000008642969444901464f,1.0746177508819497f,0.000007705265979629507f,-0.000004509745384172895f,-0.00000450456132748744f,0.48130723476122433f,0.000003915527151416885f,0.000008925280987459883f,-0.0000022378575516337565f,0.3749472547041427f,0f,0f,0f,1f], start_interpolation: 0, interpolation_duration: 1 }
$data merge entity $(bone_finger_left_2) { transformation: [0.6248548996940361f,-0.004900338801727577f,1.0737499457704347f,0.6112851044320511f,0.9572553716077938f,-0.5602633322452201f,-0.5596192965789639f,0.7227101194603697f,0.48644127383519586f,1.1088226144226754f,-0.2780178085815388f,0.49586245547327434f,0f,0f,0f,1f], start_interpolation: 0, interpolation_duration: 1 }
$data merge entity $(bone_finger_film_left) { transformation: [-0.017276263637704656f,0.11044289414668439f,0.9746884464567259f,0.6840591803488645f,1.0000567595790737f,0.19495678232667865f,-0.0974763919087902f,0.8107455344323725f,-0.49898184103168264f,0.3869074815152109f,-0.2291083358003751f,0.4782759343672038f,0f,0f,0f,1f], start_interpolation: 0, interpolation_duration: 1 }
$data merge entity $(bone_finger_left_0_fire) { transformation: [-0.045604715772354816f,0.2735473382591191f,0.9111100603597354f,1.3602112176637826f,0.8137724072927511f,0.4836221846997149f,-0.10446784219692964f,0.7496113373174865f,-0.4926704349626942f,0.7735056009206865f,-0.25689376464998825f,0.3015992527744461f,0f,0f,0f,1f], start_interpolation: 0, interpolation_duration: 1 }
$data merge entity $(bone_finger_left_0_fire_s) { transformation: [-4.788495156097263e-7f,0.000002872247051720755f,0.000009566655633777237f,1.3602112176637826f,0.000008544610276573901f,0.0000050780329393470155f,-0.000001096912343067763f,0.7496113373174865f,-0.000005173039567108298f,0.000008121808809667221f,-0.0000026973845288248813f,0.3015992527744461f,0f,0f,0f,1f], start_interpolation: 0, interpolation_duration: 1 }
$data merge entity $(bone_fire_large_left) { transformation: [-0.0000012769320416259367f,0.000007659325471255347f,0.00002551108169007263f,1.3350356319887384f,0.00002278562740419707f,0.00001354142117159204f,-0.000002925099581514035f,0.6925262229119584f,-0.00001379477217895546f,0.000021658156825779256f,-0.000007193025410199683f,0.21230533143655128f,0f,0f,0f,1f], start_interpolation: 0, interpolation_duration: 1 }
$data merge entity $(bone_finger_left_0) { transformation: [-0.07003491403596339f,0.4200851599508781f,1.3991867655334946f,0.6678455881070249f,1.2497058609920153f,0.7426959593477241f,-0.16043069721793315f,0.7911071768274325f,-0.7565913080767206f,1.1878683453971952f,-0.39451035751314234f,0.43270417943344336f,0f,0f,0f,1f], start_interpolation: 0, interpolation_duration: 1 }
$data merge entity $(bone_wing_left_1_model) { transformation: [-0.7172936936203169f,0.7178455014600489f,0.034127352196351685f,0.3202430034561581f,0.09726918259489621f,0.049201295388219775f,1.0095023633906375f,0.738967903445829f,0.7120432193706246f,0.7164175818665617f,-0.10352480467320035f,0.06971960303115246f,0f,0f,0f,1f], start_interpolation: 0, interpolation_duration: 1 }
$data merge entity $(bone_wing_left_0) { transformation: [-0.8468376480092128f,0.4247518897269263f,0.3200809742668711f,0.16912267644608564f,0.5294661521037932f,0.7302102453591062f,0.43180851236282597f,0.6083467636626435f,-0.050314925127910526f,0.5351437468064061f,-0.8432612753846659f,0.49238523280028246f,0f,0f,0f,1f], start_interpolation: 0, interpolation_duration: 1 }
$data merge entity $(bone_body_0) { transformation: [-0.9954204020117257f,0.07468587003820448f,0.05966778088257448f,-0.003453348022585581f,0.09449417139064205f,0.8631678976382586f,0.4959960000442993f,0.5626054460121427f,-0.01445942018237429f,0.49936279527352145f,-0.8662723150745406f,0.006908141259155981f,0f,0f,0f,1f], start_interpolation: 0, interpolation_duration: 1 }
$data merge entity $(bone_leg_right_3) { transformation: [-0.968190494449474f,-0.14890821488961253f,0.2010808543747317f,-0.1998591262090539f,-0.02445874142958699f,0.8561095174744935f,0.5162153272204051f,0.06598697067208831f,-0.24901593608715827f,0.4948765882803289f,-0.8325192045512569f,-0.5170618334100152f,0f,0f,0f,1f], start_interpolation: 0, interpolation_duration: 1 }
$data merge entity $(bone_leg_right_2) { transformation: [-0.8991167189959031f,0.2549374958091304f,0.35580331484207933f,-0.15313046240000705f,0.37465198893889184f,0.8685563630384767f,0.3244159851325237f,0.20995352151453775f,-0.22632943424613292f,0.4249902557188141f,-0.8764463872581607f,-0.4367681155943286f,0f,0f,0f,1f], start_interpolation: 0, interpolation_duration: 1 }
$data merge entity $(bone_leg_right_1) { transformation: [-0.9262111775201725f,0.27043479431122797f,0.2626744689963974f,-0.24563664558370152f,0.29252789073149604f,0.9550403969272647f,0.048221088552563685f,0.18196328095814385f,-0.23782406896880187f,0.12150251957410652f,-0.9636788105776042f,-0.13058659604010045f,0f,0f,0f,1f], start_interpolation: 0, interpolation_duration: 1 }
$data merge entity $(bone_leg_right_0) { transformation: [-0.9262111775201725f,0.37688289082672f,-0.009599022803920412f,-0.09234197041172744f,0.29252789073149604f,0.7023763276507206f,-0.6489182749006761f,0.46634320945624796f,-0.23782406896880187f,-0.6038433414040285f,-0.7607975626019975f,-0.2744210956220992f,0f,0f,0f,1f], start_interpolation: 0, interpolation_duration: 1 }
$data merge entity $(bone_leg_left_3) { transformation: [-0.9899168508422682f,0.08506794982065068f,-0.11326108039321128f,0.21732993602014297f,0.003237322085620827f,0.8129639450969562f,0.5823050263548369f,0.06233601765535837f,0.1416126695046746f,0.576066895321806f,-0.8050421007314186f,-0.518754796212194f,0f,0f,0f,1f], start_interpolation: 0, interpolation_duration: 1 }
$data merge entity $(bone_leg_left_2) { transformation: [-0.9004370004219795f,-0.34023398817661415f,-0.27102406085162173f,0.15540349162875997f,-0.3888888229222043f,0.9088012354602552f,0.15114826440319015f,0.21431881069024084f,0.19488122453753845f,0.24149771782637985f,-0.9506314536177519f,-0.46952713112565286f,0f,0f,0f,1f], start_interpolation: 0, interpolation_duration: 1 }
$data merge entity $(bone_leg_left_1) { transformation: [-0.9276660350986943f,-0.2719153620404167f,-0.255925307874577f,0.24577349466016624f,-0.307702507254129f,0.9449430870499574f,0.11136305161955473f,0.16629617625922394f,0.21155352597815671f,0.18205657945519582f,-0.9602606456183047f,-0.16519990667052004f,0f,0f,0f,1f], start_interpolation: 0, interpolation_duration: 1 }
$data merge entity $(bone_leg_left_0) { transformation: [-0.9276660350986943f,-0.37334492578030026f,-0.007020948537771375f,0.09493420446636665f,-0.307702507254129f,0.7749434983002578f,-0.5520704135087129f,0.467876128744676f,0.21155352597815671f,-0.5099766081265498f,-0.8337679322269169f,-0.27176728081183543f,0f,0f,0f,1f], start_interpolation: 0, interpolation_duration: 1 }
$data merge entity $(bone_tail_3) { transformation: [-2.043942407354201f,0.7752935864729558f,-1.088910930713364f,-0.23018463902794128f,-1.0798870898054753f,0.21482145319642001f,2.179954894338887f,0.6582226472065968f,0.787814085634805f,2.3059226619413122f,0.16302566808609087f,-1.4994559859856742f,0f,0f,0f,1f], start_interpolation: 0, interpolation_duration: 1 }
$data merge entity $(bone_tail_2) { transformation: [-1.0563268386167195f,0.05175050520851837f,-0.46734308353571524f,-0.03905272006182768f,-0.27576002110068415f,0.8626521708904729f,0.718819661195007f,0.35948178201672154f,0.3808465350775264f,0.7681583038466859f,-0.7757594984599446f,-1.185636698099818f,0f,0f,0f,1f], start_interpolation: 0, interpolation_duration: 1 }
$data merge entity $(bone_tail_1) { transformation: [-1.3754950783462419f,-0.01585536750078301f,-0.16474597732405893f,0.010362482146165954f,-0.05612821742574481f,1.342009788129734f,0.33946824895764927f,0.2511385017111296f,0.15569923869965627f,0.34371161773088116f,-1.3330414139039137f,-0.78814437407919f,0f,0f,0f,1f], start_interpolation: 0, interpolation_duration: 1 }
$data merge entity $(bone_tail_0) { transformation: [-1.1977562945044429f,-0.006504694927369725f,0.0184902189458756f,0.0047674082331038686f,-0.009804043295294267f,1.1773303988206205f,-0.2209102827523437f,0.3355401974013239f,-0.016972919248867062f,-0.2210320366701585f,-1.1772260186792471f,-0.4420602955116867f,0f,0f,0f,1f], start_interpolation: 0, interpolation_duration: 1 }
$data merge entity $(bone_body_1) { transformation: [-1.0206966683603076f,-0.0005483924397729875f,0.016694457413900694f,2.3824967694437133e-17f,-0.008354749938598591f,0.9002458571276389f,-0.48123620948805435f,0.48947125f,-0.014463879012078016f,-0.4813084150881834f,-0.9001298240885418f,-0.19454562500000003f,0f,0f,0f,1f], start_interpolation: 0, interpolation_duration: 1 }
data modify entity @s data merge value {"locators":{"body_1":{"posx":0.0017317024490927065,"posy":0.2632137943793135,"posz":-0.1860567858046784,"roty":1.0625270633440493,"rotx":-28.12619056131152},"body_0":{"posx":-0.02557904815363131,"posy":0.3428059392133889,"posz":0.09367517869166109,"roty":3.9402400911142763,"rotx":29.73544917304359},"neck_1":{"posx":-0.05270718272491337,"posy":0.16802261562747153,"posz":0.38859511224426146,"roty":5.511371149709049,"rotx":45.06252967152267},"neck_0":{"posx":-0.06894001382415105,"posy":-0.012709181209831097,"posz":0.6698273197116964,"roty":2.5935938019354694,"rotx":27.717647509695052},"pos_head":{"posx":-0.02016133923693623,"posy":0.13024372312203925,"posz":1.032774017872316,"roty":353.5740863108093,"rotx":-1.9929257143436339},"head_0":{"posx":-0.047390966238651265,"posy":-0.1367043771968862,"posz":1.0137219364712087,"roty":353.5740863108093,"rotx":-1.9929257143436339},"arm_right_0":{"posx":-0.3167819741995112,"posy":-0.08797769897075995,"posz":0.3358283549903042,"roty":338.7253131977993,"rotx":-35.43407157295861},"arm_left_0":{"posx":0.33375976113224026,"posy":-0.09877763327891158,"posz":0.44995153575938535,"roty":8.427045771629992,"rotx":-48.24647613829729},"finger_right_0":{"posx":-0.5268731047201091,"posy":0.6923096295319661,"posz":0.45249149279404954,"roty":314.1979958871272,"rotx":5.1631167257037},"finger_right_1":{"posx":-1.041185839825216,"posy":0.7016027023369451,"posz":0.1353304784751221,"roty":314.1979958871272,"rotx":5.1631167257037},"finger_right_2":{"posx":-1.5172216531695097,"posy":0.7503792072574618,"posz":-0.29059394015989665,"roty":314.1979958871272,"rotx":5.1631167257037},"finger_right_3":{"posx":-2.028089290016046,"posy":0.8027245818477176,"posz":-0.7476830530143198,"roty":314.1979958871272,"rotx":5.1631167257037},"finger_left_0":{"posx":0.5125332154570623,"posy":0.6890045699804221,"posz":0.4315220687017261,"roty":60.692993422055096,"rotx":6.294618371650504},"finger_left_1":{"posx":1.0885473006515571,"posy":0.7666107705854751,"posz":0.26605270300987627,"roty":60.692993422055096,"rotx":6.294618371650504},"finger_left_2":{"posx":1.6566434076895997,"posy":0.8394311184222751,"posz":-0.02094009048388243,"roty":60.692993422055096,"rotx":6.294618371650504},"finger_left_3":{"posx":2.2663073261697644,"posy":0.9175797710518513,"posz":-0.32893186359445686,"roty":60.692993422055096,"rotx":6.294618371650504},"leg_right_0":{"posx":-0.29851067219967786,"posy":0.08308767034079559,"posz":-0.048441249195086286,"roty":359.2771344967765,"rotx":-40.460094002413605},"leg_left_0":{"posx":0.2981204394794806,"posy":0.05755361635811665,"posz":-0.09624513810397436,"roty":359.5175381589436,"rotx":-33.50916825449195},"tail_0":{"posx":0.008550403244178184,"posy":0.12099867722989108,"posz":-0.5850958982030883,"roty":0.8998479357134954,"rotx":-10.626856276930013},"tail_1":{"posx":-0.016448090996189435,"posy":0.13238444038266592,"posz":-1.0678070464406197,"roty":352.95473678357973,"rotx":14.183589712185915},"tail_2":{"posx":-0.15306479042939725,"posy":0.369001027479233,"posz":-1.4949712244121958,"roty":328.9338550976811,"rotx":38.43905775773949},"tail_3":{"posx":-0.39668089821798613,"posy":0.8265132250900414,"posz":-1.7007394427346847,"roty":261.48523755050655,"rotx":63.20267001861538},"tail_4":{"posx":-0.5917475870266679,"posy":1.217028712626186,"posz":-1.6715351466187995,"roty":261.48523755050655,"rotx":63.20267001861538},"shadow":{"posx":1.492538286460837e-17,"posy":0.1875,"posz":-0.12187500000000002,"roty":0,"rotx":0}},"cameras":{}}