# This file was generated by Animated Java via MC-Build. It is not recommended to edit this file directly.
$data merge entity $(bone_head_lower) { transformation: [-0.9901079567557116f,0.06726527654532646f,-0.12313251617794016f,-0.02604764029712913f,0.08562983647366876f,0.9848916632391802f,-0.15051891172691131f,0.10048313548083726f,0.11114749243470447f,-0.15957378936793432f,-0.9809089869464117f,0.9148382705206118f,0f,0f,0f,1f], start_interpolation: 0, interpolation_duration: 1 }
$data merge entity $(bone_head_upper) { transformation: [-0.9901079567557116f,0.08276183125493265f,-0.11329922001655615f,-0.026384134433304503f,0.08562983647366876f,0.9961124389332104f,-0.02067704301934084f,0.11322369113841432f,0.11114749243470447f,-0.030174298498241894f,-0.9933457336877309f,0.8985388724911407f,0f,0f,0f,1f], start_interpolation: 0, interpolation_duration: 1 }
$data merge entity $(bone_neck_0) { transformation: [-0.987734910080841f,0.11829606451581322f,-0.10191068897649205f,-0.04752821936116227f,0.10879421271151479f,0.9895868079696248f,0.09424313647672361f,0.11411603109306753f,0.11199806555505507f,0.08199994275948708f,-0.9903193639929325f,0.711192268388569f,0f,0f,0f,1f], start_interpolation: 0, interpolation_duration: 1 }
$data merge entity $(bone_neck_1) { transformation: [-0.9945764258642401f,0.10113125481633668f,0.02429408187988922f,-0.042483923061550605f,0.10105416056919744f,0.884322175869545f,0.45580955002830764f,0.20068845286990122f,0.02461279640285601f,0.455792451193113f,-0.8897457230515947f,0.5595814897775107f,0f,0f,0f,1f], start_interpolation: 0, interpolation_duration: 1 }
$data merge entity $(bone_neck_2) { transformation: [-0.9945764258642401f,0.0891452206538642f,0.053580432526132586f,-0.01764406625217759f,0.10105416056919744f,0.7063284738863945f,0.7006341010891288f,0.46005129693742036f,0.02461279640285601f,0.7022486857316931f,-0.7115061444860059f,0.49845237380828666f,0f,0f,0f,1f], start_interpolation: 0, interpolation_duration: 1 }
$data merge entity $(bone_arm_right_2) { transformation: [-0.9180093133742031f,-0.027161187998510555f,-0.3956275652994036f,-0.3833189798758489f,-0.05527890834470609f,0.9966759878932206f,0.05984327405223383f,0.05286050648473206f,0.3926870800655934f,0.0768065428435803f,-0.9164592801243138f,0.3597825393432122f,0f,0f,0f,1f], start_interpolation: 0, interpolation_duration: 1 }
$data merge entity $(bone_arm_right_1) { transformation: [-0.7834914284133727f,-0.5468186354312402f,-0.2951788636536997f,-0.43863116436638183f,-0.3020006316296323f,0.7502215240101363f,-0.5881864359258993f,0.330474165974363f,0.5430808412180235f,-0.3716948275898192f,-0.7529317067602469f,0.16200766170367878f,0f,0f,0f,1f], start_interpolation: 0, interpolation_duration: 1 }
$data merge entity $(bone_arm_right_0) { transformation: [-0.6570475688621793f,0.7536089243435113f,0.019028436670288862f,-0.1836408934845363f,0.1432088226912387f,0.09999759884211687f,0.9846277029056213f,0.37511879471280096f,0.7401214260887796f,0.6496722784416974f,-0.17362662603611362f,0.3515150558977791f,0f,0f,0f,1f], start_interpolation: 0, interpolation_duration: 1 }
$data merge entity $(bone_arm_left_2) { transformation: [-0.991367457625606f,-0.0260353093888213f,0.12850185456237878f,0.40143225047821485f,-0.022002878687238332f,0.9992229566147782f,0.032701013799195267f,0.046064717809155f,-0.12925338405789263f,0.02959131019486677f,-0.991169973854401f,0.4039726357718875f,0f,0f,0f,1f], start_interpolation: 0, interpolation_duration: 1 }
$data merge entity $(bone_arm_left_1) { transformation: [-0.9385810043763979f,0.33387163966044675f,0.0871517438393336f,0.3669537979918953f,0.1649608137672352f,0.655994445538881f,-0.7365183075412228f,0.27371796134318077f,-0.30307363485635563f,-0.6769054702486758f,-0.6707796629314096f,0.14662283309805985f,0f,0f,0f,1f], start_interpolation: 0, interpolation_duration: 1 }
$data merge entity $(bone_arm_left_0) { transformation: [-0.7279316166826841f,-0.6753852639542415f,-0.11819605182574151f,0.13391702538898034f,-0.34196181688635935f,0.2081992631160633f,0.9163597452036555f,0.34772189974772794f,-0.5942875374980647f,0.7074657674201542f,-0.38251079815228545f,0.3543329996505457f,0f,0f,0f,1f], start_interpolation: 0, interpolation_duration: 1 }
$data merge entity $(bone_finger_right_1_fire) { transformation: [-0.4932660411181089f,-0.10552804798928227f,-0.5057237639264066f,-1.386234475540043f,-0.23570481514748107f,0.6681782798871301f,0.09047158689898259f,1.0367400033808858f,0.4597128826002292f,0.2293593229134147f,-0.4962483734953093f,-0.252027054168154f,0f,0f,0f,1f], start_interpolation: 0, interpolation_duration: 1 }
$data merge entity $(bone_finger_right_1_fire_s) { transformation: [-0.000006905724575653532f,-0.0000014773926718499531f,-0.000007080132694969699f,-1.386234475540043f,-0.000003299867412064738f,0.00000935449591841983f,0.0000012666022165857574f,1.0367400033808858f,0.000006435980356403215f,0.000003211030520787809f,-0.0000069474772289343374f,-0.252027054168154f,0f,0f,0f,1f], start_interpolation: 0, interpolation_duration: 1 }
$data merge entity $(bone_finger_right_1) { transformation: [-1.3729317067020623f,-0.2937214220189371f,-1.4076059011753892f,-0.6460013334265828f,-0.6560488401041986f,1.8597735698716586f,0.2518140310808922f,0.8732890438554197f,1.279541545310094f,0.6383871185248381f,-1.3812325795359215f,0.4572032345563923f,0f,0f,0f,1f], start_interpolation: 0, interpolation_duration: 1 }
$data merge entity $(bone_finger_right_2_fire) { transformation: [0.5618350447361286f,-0.06622243041768723f,-0.4360734500615454f,-0.9682919560743682f,-0.32933343325452696f,-0.5327417064749789f,-0.34340915182267023f,0.42209129614378393f,-0.2934023753819839f,0.4711740076918022f,-0.44957110920132226f,0.1602301459680287f,0f,0f,0f,1f], start_interpolation: 0, interpolation_duration: 1 }
$data merge entity $(bone_finger_right_2_fire_s) { transformation: [0.000007865690626305808f,-9.271140258476222e-7f,-0.0000061050283008616415f,-0.9682919560743682f,-0.000004610668065563382f,-0.000007458383890649711f,-0.000004807728125517388f,0.42209129614378393f,-0.0000041076332553477785f,0.000006596436107685237f,-0.0000062939955288185185f,0.1602301459680287f,0f,0f,0f,1f], start_interpolation: 0, interpolation_duration: 1 }
$data merge entity $(bone_finger_right_2) { transformation: [0.9771855537942568f,-0.11517900662765132f,-0.7584515771768867f,-0.6412317562137086f,-0.5728013522348624f,-0.9265842427389851f,-0.5972828953015166f,0.6793955596339252f,-0.5103073675421045f,0.8195010936991586f,-0.7819277160276122f,0.4984595377146308f,0f,0f,0f,1f], start_interpolation: 0, interpolation_duration: 1 }
$data merge entity $(bone_finger_film_right) { transformation: [0.14653342617649925f,-0.2566379139366512f,-0.8131334175283728f,-0.7293915053065512f,-1.0997539853432257f,0.011020611193600295f,-0.17813852205860894f,0.7528386404894806f,0.13588228758419152f,0.3659490488500751f,-0.5648810108566256f,0.48469150758012985f,0f,0f,0f,1f], start_interpolation: 0, interpolation_duration: 1 }
$data merge entity $(bone_finger_right_0_fire) { transformation: [0.051081432850042074f,-0.44167864822986763f,-0.5590301785668422f,-1.290838913301061f,-0.6999816861802588f,0.07331066085784647f,-0.12188218758079307f,0.6418512684649338f,0.1327418843578788f,0.5565515253191521f,-0.4275910118731413f,0.07899182955714174f,0f,0f,0f,1f], start_interpolation: 0, interpolation_duration: 1 }
$data merge entity $(bone_finger_right_0_fire_s) { transformation: [7.151400599005898e-7f,-0.000006183501075218153f,-0.0000078264224999358f,-1.290838913301061f,-0.000009799743606523634f,0.0000010263492520098516f,-0.0000017063506261311047f,0.6418512684649338f,0.0000018583863810103047f,0.000007791721354468138f,-0.000005986274166223985f,0.07899182955714174f,0f,0f,0f,1f], start_interpolation: 0, interpolation_duration: 1 }
$data merge entity $(bone_fire_large_right) { transformation: [0.000001907040159734906f,-0.000016489336200581742f,-0.000020870459999828798f,-1.2284015048126657f,-0.000026132649617396354f,0.0000027369313386929373f,-0.000004550268336349613f,0.6282700933978403f,0.000004955697016027479f,0.000020777923611915032f,-0.00001596339777659729f,-0.009229746566401298f,0f,0f,0f,1f], start_interpolation: 0, interpolation_duration: 1 }
$data merge entity $(bone_finger_right_0) { transformation: [0.10459397156335809f,-0.9043779979452782f,-1.1446661406646728f,-0.6971671272244346f,-1.4332774257554746f,0.15011037767023536f,-0.24956508364457217f,0.7551390186004996f,0.27180132003253127f,1.1395908682449385f,-0.8755322558766089f,0.4436838469748963f,0f,0f,0f,1f], start_interpolation: 0, interpolation_duration: 1 }
$data merge entity $(bone_wing_right_1_model) { transformation: [-0.6474981981088969f,-0.7447296206919203f,-0.23895806860543656f,-0.3299002946635807f,0.027445864659881605f,-0.3316633013531908f,0.9592826810124396f,0.8952234881318226f,-0.7816456300655965f,0.6052721120631707f,0.23163087531627827f,0.12620112541745332f,0f,0f,0f,1f], start_interpolation: 0, interpolation_duration: 1 }
$data merge entity $(bone_wing_right_0) { transformation: [-0.7318023238316711f,-0.5816631382148896f,-0.35515257633385144f,-0.17737764415684187f,-0.6341644899750843f,0.3903272644206137f,0.6674429011567667f,0.6372189795360717f,-0.24960119889376967f,0.7136614185255682f,-0.6545125065412168f,0.4849712215581311f,0f,0f,0f,1f], start_interpolation: 0, interpolation_duration: 1 }
$data merge entity $(bone_finger_left_1_fire) { transformation: [-0.3849125940553123f,-0.10332508643433946f,0.5927649644535334f,1.445720428789779f,-0.04554431189562607f,0.7066598251709022f,0.09360389295342465f,1.0500299364976702f,-0.5999767430694429f,0.012645142759909665f,-0.38739139093817904f,-0.1727605843469402f,0f,0f,0f,1f], start_interpolation: 0, interpolation_duration: 1 }
$data merge entity $(bone_finger_left_1_fire_s) { transformation: [-0.000005388776316774378f,-0.0000014465512100807539f,0.000008298709502349476f,1.445720428789779f,-6.376203665387656e-7f,0.00000989323755239264f,0.0000013104545013479463f,1.0500299364976702f,-0.000008399674402972209f,1.7703199863873546e-7f,-0.000005423479473134512f,-0.1727605843469402f,0f,0f,0f,1f], start_interpolation: 0, interpolation_duration: 1 }
$data merge entity $(bone_finger_left_1) { transformation: [-1.0713462120554584f,-0.287589810443628f,1.6498719686351009f,0.5892705785067192f,-0.12676573015181636f,1.9668811532828823f,0.26053233304931944f,0.8798585459154854f,-1.6699448678378401f,0.03519584967069942f,-1.0782455697068543f,0.38866997687565263f,0f,0f,0f,1f], start_interpolation: 0, interpolation_duration: 1 }
$data merge entity $(bone_finger_left_2_fire) { transformation: [0.37763998608122396f,0.04283476879863216f,0.6047787241026199f,1.0675629554164268f,0.5408432247319254f,-0.3458080343597221f,-0.31322434654172343f,0.4760065813919959f,0.2740086290736065f,0.6235271185657325f,-0.21526097007811146f,0.32715850418118264f,0f,0f,0f,1f], start_interpolation: 0, interpolation_duration: 1 }
$data merge entity $(bone_finger_left_2_fire_s) { transformation: [0.000005286959805137141f,5.996867631808509e-7f,0.000008466902137436688f,1.0675629554164268f,0.0000075718051462469625f,-0.0000048413124810361145f,-0.000004385140851584132f,0.4760065813919959f,0.000003836120807030496f,0.000008729379659920265f,-0.000003013653581093563f,0.32715850418118264f,0f,0f,0f,1f], start_interpolation: 0, interpolation_duration: 1 }
$data merge entity $(bone_finger_left_2) { transformation: [0.6568197238514236f,0.07450143536311289f,1.051876414567131f,0.6137363821397215f,0.9406750095550828f,-0.6014552113263338f,-0.5447832231272988f,0.7109720801866194f,0.4765763126638926f,1.084485025222229f,-0.3743979878557792f,0.48965661355016f,0f,0f,0f,1f], start_interpolation: 0, interpolation_duration: 1 }
$data merge entity $(bone_finger_film_left) { transformation: [-0.05375655629411915f,0.13744886642772583f,0.9560478106655524f,0.6849828555791123f,1.017989616481279f,0.18072564618987239f,-0.0851726027678252f,0.799876477872097f,-0.4584781813087079f,0.38516130260203624f,-0.3012109819185849f,0.47027790786361395f,0f,0f,0f,1f], start_interpolation: 0, interpolation_duration: 1 }
$data merge entity $(bone_finger_left_0_fire) { transformation: [-0.06102462472973583f,0.24547813258751425f,0.6679974275628566f,1.3469360535036654f,0.6236212301655346f,0.3414764308272455f,-0.06851634920924447f,0.7479381112466483f,-0.34289449995016336f,0.577354670236142f,-0.2434933844955446f,0.24388447317443698f,0f,0f,0f,1f], start_interpolation: 0, interpolation_duration: 1 }
$data merge entity $(bone_finger_left_0_fire_s) { transformation: [-8.543447462163024e-7f,0.0000034366938562252034f,0.000009351963985880001f,1.3469360535036654f,0.000008730697222317493f,0.000004780670031581442f,-9.592288889294235e-7f,0.7479381112466483f,-0.000004800522999302292f,0.000008082965383305995f,-0.0000034089073829376278f,0.24388447317443698f,0f,0f,0f,1f], start_interpolation: 0, interpolation_duration: 1 }
$data merge entity $(bone_fire_large_left) { transformation: [-0.000002278252656576806f,0.000009164516949933875f,0.000024938570629013334f,1.3155398982533124f,0.000023281859259513313f,0.00001274845341755051f,-0.000002557943703811796f,0.6941471413559999f,-0.00001280139466480611f,0.000021554574355482653f,-0.000009090419687833673f,0.1545159228762984f,0f,0f,0f,1f], start_interpolation: 0, interpolation_duration: 1 }
$data merge entity $(bone_finger_left_0) { transformation: [-0.1249535791680779f,0.5026392445697334f,1.3677866896963566f,0.6655929320892878f,1.276922309633031f,0.699204664057745f,-0.14029357989731733f,0.7818999828441158f,-0.7021082921128305f,1.1821872369541662f,-0.49857528876604f,0.4252644987046246f,0f,0f,0f,1f], start_interpolation: 0, interpolation_duration: 1 }
$data merge entity $(bone_wing_left_1_model) { transformation: [-0.7180532925401618f,0.7170470603037107f,0.034929434920698936f,0.3183764924000145f,0.09822031350939042f,0.049186819970252475f,1.0094109717043753f,0.7297571870141233f,0.7111464842971451f,0.7172177166613084f,-0.10414656893431329f,0.06191103960011533f,0f,0f,0f,1f], start_interpolation: 0, interpolation_duration: 1 }
$data merge entity $(bone_wing_left_0) { transformation: [-0.8440252839892597f,0.43398843945958515f,0.3150799174848872f,0.17028352010071213f,0.5338043006269695f,0.7364715598475569f,0.415526906671347f,0.6072249663671134f,-0.05171352452696795f,0.5189062304030856f,-0.8532655128562612f,0.4880562953279002f,0f,0f,0f,1f], start_interpolation: 0, interpolation_duration: 1 }
$data merge entity $(bone_body_0) { transformation: [-0.9962601376424052f,0.07005255703356406f,0.05058040527511594f,-0.004595120339177712f,0.08595104302768009f,0.863375288246718f,0.49718762036815667f,0.560393715135254f,-0.008840607851816756f,0.49967564569223843f,-0.8661674738495176f,0.003507996601136487f,0f,0f,0f,1f], start_interpolation: 0, interpolation_duration: 1 }
$data merge entity $(bone_leg_right_3) { transformation: [-0.967826188797994f,-0.14655190855096079f,0.20453607597883702f,-0.1986601906351702f,-0.024557275905422928f,0.8640120476340227f,0.5028718740826217f,0.0649234483357099f,-0.25041846672490975f,0.4816697204966637f,-0.8398124027899392f,-0.5257477135588281f,0f,0f,0f,1f], start_interpolation: 0, interpolation_duration: 1 }
$data merge entity $(bone_leg_right_2) { transformation: [-0.8989078954933086f,0.2540624250869985f,0.35695501058075096f,-0.15209064916958664f,0.3745564116873847f,0.8682951483621851f,0.32522458362577883f,0.20884021387964657f,-0.22731495745696392f,0.42604673392669506f,-0.8756780747664832f,-0.4452725042917969f,0f,0f,0f,1f], start_interpolation: 0, interpolation_duration: 1 }
$data merge entity $(bone_leg_right_1) { transformation: [-0.9259605950201519f,0.2699666042175623f,0.26403599958559454f,-0.24502550580162952f,0.2924331979016992f,0.9550261149479364f,0.04907081141000713f,0.1805772243059075f,-0.23891379456806533f,0.12265052945131916f,-0.9632637470549794f,-0.1392458939238542f,0f,0f,0f,1f], start_interpolation: 0, interpolation_duration: 1 }
$data merge entity $(bone_leg_right_0) { transformation: [-0.9259605950201519f,0.37759686232048545f,-0.004193570751800768f,-0.09190508140655872f,0.2924331979016992f,0.7100037455962713f,-0.6406071385835869f,0.46694964775301107f,-0.23891379456806533f,-0.5944033065225911f,-0.7678573487048872f,-0.2792620899898025f,0f,0f,0f,1f], start_interpolation: 0, interpolation_duration: 1 }
$data merge entity $(bone_leg_left_3) { transformation: [-0.9912457459115963f,0.07316531799420695f,-0.10990317308872277f,0.2222266568632215f,-0.002424523161138472f,0.8221842745017607f,0.5692162510412495f,0.061065776962304225f,0.1320075486462963f,0.5644996501370219f,-0.8148092734472132f,-0.525112127719179f,0f,0f,0f,1f], start_interpolation: 0, interpolation_duration: 1 }
$data merge entity $(bone_leg_left_2) { transformation: [-0.8998241846839454f,-0.3482681699193826f,-0.2627274604583182f,0.15887113113475376f,-0.3937467776267273f,0.9076482162542102f,0.14538978863427582f,0.21286149972106846f,0.18782947523336593f,0.23427333896872443f,-0.9538532858264962f,-0.4771417950610717f,0f,0f,0f,1f], start_interpolation: 0, interpolation_duration: 1 }
$data merge entity $(bone_leg_left_1) { transformation: [-0.9277235689069556f,-0.279604248528658f,-0.24728615792087041f,0.24658259602516275f,-0.31266426445605977f,0.943968721958436f,0.1056603506349868f,0.16670514514073398f,0.203887315512006f,0.1753411422595441f,-0.9631642883768199f,-0.17174981699224742f,0f,0f,0f,1f], start_interpolation: 0, interpolation_duration: 1 }
$data merge entity $(bone_leg_left_0) { transformation: [-0.9277235689069556f,-0.37326469774139104f,-0.001563686211872934f,0.09535159195314365f,-0.31266426445605977f,0.7793799721965912f,-0.5429621687290855f,0.4689933628017831f,0.203887315512006f,-0.5032298921555326f,-0.8397557015075507f,-0.2757237623311977f,0f,0f,0f,1f], start_interpolation: 0, interpolation_duration: 1 }
$data merge entity $(bone_tail_3) { transformation: [-2.0443711885881135f,0.7640374159123775f,-1.0960387744923945f,-0.22466941184479228f,-1.094302349412472f,0.1918934511267945f,2.17489930716781f,0.671780178953775f,0.766522365084801f,2.3116944987031944f,0.18171332731590567f,-1.5027598989710962f,0f,0f,0f,1f], start_interpolation: 0, interpolation_duration: 1 }
$data merge entity $(bone_tail_2) { transformation: [-1.057255426162582f,0.04568367859034704f,-0.4658734032548231f,-0.03410872308018595f,-0.28294105131421193f,0.8543686604037208f,0.7258874679322961f,0.3701866549312458f,0.372920082364822f,0.7777411241090479f,-0.7700411797680751f,-1.1913308852352513f,0f,0f,0f,1f], start_interpolation: 0, interpolation_duration: 1 }
$data merge entity $(bone_tail_1) { transformation: [-1.3760266809427972f,-0.02137330056464974f,-0.15960293115823476f,0.013793777746395185f,-0.06178771537992508f,1.3381300559350833f,0.35351035615534393f,0.25765752590964275f,0.14870168741294246f,0.3582324325126381f,-1.3300137866707995f,-0.7948175540745552f,0f,0f,0f,1f], start_interpolation: 0, interpolation_duration: 1 }
$data merge entity $(bone_tail_0) { transformation: [-1.1976315692615158f,-0.008940161636238985f,0.024556833995748508f,0.006358157955980259f,-0.013070923546113838f,1.1796473841927393f,-0.20800370237728266f,0.3382632130817252f,-0.022629970031541713f,-0.2082221476090463f,-1.1794641842714961f,-0.44786427872002077f,0f,0f,0f,1f], start_interpolation: 0, interpolation_duration: 1 }
$data merge entity $(bone_body_1) { transformation: [-1.0205903807619874f,-0.0009731837121968345f,0.02224909108274676f,2.433523719408186e-17f,-0.011138700065383965f,0.9054363050917109f,-0.47134034542691966f,0.48947125f,-0.019284670113835545f,-0.4714709373649418f,-0.9052314351386986f,-0.19871229166666668f,0f,0f,0f,1f], start_interpolation: 0, interpolation_duration: 1 }
data modify entity @s data merge value {"locators":{"body_1":{"posx":0.0023561954993283262,"posy":0.2631406009141338,"posz":-0.1926806223005141,"roty":1.407952005048628,"rotx":-27.498226351686345},"body_0":{"posx":-0.02434912491450622,"posy":0.3403424545071235,"posz":0.09020926867534872,"roty":3.3420284187023412,"rotx":29.81410823832212},"neck_1":{"posx":-0.05044503836649011,"posy":0.16391999668668628,"posz":0.3888437945527574,"roty":4.306567416691195,"rotx":44.47790018399762},"neck_0":{"posx":-0.06149706282783834,"posy":-0.013867569665006074,"posz":0.672196005972734,"roty":1.5640452785089565,"rotx":27.1170342067399},"pos_head":{"posx":-0.00999206984090522,"posy":0.12758618134145613,"posz":1.0334895633666783,"roty":353.493066482196,"rotx":-1.1847917323786634},"head_0":{"posx":-0.03564559725484992,"posy":-0.13920876853036543,"posz":1.0105097045689357,"roty":353.493066482196,"rotx":-1.1847917323786634},"arm_right_0":{"posx":-0.31967950176946014,"posy":-0.0910382243607286,"posz":0.3427116057043405,"roty":338.59286586579486,"rotx":-36.028417539289094},"arm_left_0":{"posx":0.3480366453598954,"posy":-0.0988033415423117,"posz":0.43876343084298375,"roty":7.402744794293113,"rotx":-47.43566728163803},"pos_wing_r_0":{"posx":-0.0920100376834837,"posy":0.8040417425973452,"posz":1.0198629526385774,"roty":314.4581848359863,"rotx":7.2766416064506245},"pos_wing_r_1":{"posx":-0.5345183311190899,"posy":0.883204381133955,"posz":0.5856456258301814,"roty":314.4581848359863,"rotx":7.2766416064506245},"pos_wing_r_2":{"posx":-0.9770266245546961,"posy":0.9623670196705649,"posz":0.1514282990217854,"roty":314.4581848359863,"rotx":7.2766416064506245},"pos_wing_r_3":{"posx":-1.419534917990302,"posy":1.0415296582071747,"posz":-0.2827890277866106,"roty":314.4581848359863,"rotx":7.2766416064506245},"pos_wing_r_4":{"posx":-1.8620432114259085,"posy":1.1206922967437845,"posz":-0.7170063545950065,"roty":314.4581848359863,"rotx":7.2766416064506245},"pos_wing_r_5":{"posx":-2.304551504861515,"posy":1.1998549352803944,"posz":-1.1512236814034027,"roty":314.4581848359863,"rotx":7.2766416064506245},"finger_right_0":{"posx":-0.5239938211470921,"posy":0.6909202297184807,"posz":0.4645459184364692,"roty":314.4581848359863,"rotx":7.2766416064506245},"finger_right_1":{"posx":-1.0360026572736665,"posy":0.7197971030986505,"posz":0.14484584397704414,"roty":314.4581848359863,"rotx":7.2766416064506245},"finger_right_2":{"posx":-1.5084393965701546,"posy":0.7916405570265139,"posz":-0.2818190114994993,"roty":314.4581848359863,"rotx":7.2766416064506245},"finger_right_3":{"posx":-2.0154446179529075,"posy":0.8687406862488812,"posz":-0.7397027448562579,"roty":314.4581848359863,"rotx":7.2766416064506245},"pos_wing_l_0":{"posx":-0.07154160570393142,"posy":0.809920307880388,"posz":0.8207850112151951,"roty":56.83406416673738,"rotx":7.530009045668141},"pos_wing_l_1":{"posx":0.4471277381929109,"posy":0.8918237142146347,"posz":0.4818175441442882,"roty":56.83406416673738,"rotx":7.530009045668141},"pos_wing_l_2":{"posx":0.9657970820897532,"posy":0.9737271205488813,"posz":0.14285007707338118,"roty":56.83406416673738,"rotx":7.530009045668141},"pos_wing_l_3":{"posx":1.4844664259865952,"posy":1.055630526883128,"posz":-0.1961173899975257,"roty":56.83406416673738,"rotx":7.530009045668141},"pos_wing_l_4":{"posx":2.0031357698834378,"posy":1.1375339332173746,"posz":-0.5350848570684327,"roty":56.83406416673738,"rotx":7.530009045668141},"pos_wing_l_5":{"posx":2.52180511378028,"posy":1.2194373395516214,"posz":-0.8740523241393398,"roty":56.83406416673738,"rotx":7.530009045668141},"finger_left_0":{"posx":0.5106981852142395,"posy":0.679333382370462,"posz":0.4312630540882675,"roty":56.83406416673738,"rotx":7.530009045668141},"finger_left_1":{"posx":1.0734149912213111,"posy":0.765242243764817,"posz":0.22837263177023198,"roty":56.83406416673738,"rotx":7.530009045668141},"finger_left_2":{"posx":1.6196036279254613,"posy":0.8508951298479908,"posz":-0.09526668853724807,"roty":56.83406416673738,"rotx":7.530009045668141},"finger_left_3":{"posx":2.2057571259858944,"posy":0.9428152677259339,"posz":-0.44258642980200913,"roty":56.83406416673738,"rotx":7.530009045668141},"leg_right_0":{"posx":-0.2979868803121833,"posy":0.08065958724638925,"posz":-0.05842841012100755,"roty":359.6870883416726,"rotx":-39.837107205428296},"leg_left_0":{"posx":0.2989302831121148,"posy":0.05736835436355846,"posz":-0.10374178134187116,"roty":359.8933112133518,"rotx":-32.885515083458465},"tail_0":{"posx":0.011428747297699144,"posy":0.12530624365753704,"posz":-0.5932093056848559,"roty":1.1927447330305085,"rotx":-9.999400495348057},"tail_1":{"posx":-0.011380763594039745,"posy":0.14188383313915362,"posz":-1.0758784705271023,"roty":353.1571723665968,"rotx":14.783384309328541},"tail_2":{"posx":-0.14672309297902708,"posy":0.38275035365467075,"posz":-1.5010684750742183,"roty":328.8261440765093,"rotx":38.88759646249207},"tail_3":{"posx":-0.3907302301219008,"posy":0.841775376571279,"posz":-1.702967766722531,"roty":260.5865026070306,"rotx":62.940773841705436},"tail_4":{"posx":-0.5870737955282029,"posy":1.2313852100069549,"posz":-1.6704157773245547,"roty":260.5865026070306,"rotx":62.940773841705436},"shadow":{"posx":1.5435652364253097e-17,"posy":0.1875,"posz":-0.12604166666666666,"roty":0,"rotx":0}},"cameras":{}}