# This file was generated by Animated Java via MC-Build. It is not recommended to edit this file directly.
$data merge entity $(bone_head_lower) { transformation: [-0.9907468141513078f,0.054403408845057157f,-0.12434234739247893f,-0.005530064172539274f,0.06978739895838326f,0.989959482455383f,-0.1229225042182823f,0.09914093556172826f,0.11640648261870047f,-0.1304626084466647f,-0.9845958757793137f,0.915116626662609f,0f,0f,0f,1f], start_interpolation: 0, interpolation_duration: 1 }
$data merge entity $(bone_head_upper) { transformation: [-0.9907468141513078f,0.07016791327749357f,-0.11617751157309447f,-0.0060779374660994215f,0.06978739895838326f,0.997534848262432f,0.007344756542617584f,0.11235372750219981f,0.11640648261870047f,-0.0008309322048284662f,-0.9932013090788859f,0.899203508587177f,0f,0f,0f,1f], start_interpolation: 0, interpolation_duration: 1 }
$data merge entity $(bone_neck_0) { transformation: [-0.9845440297804366f,0.11807537188094452f,-0.12934937177611555f,-0.03237048980619996f,0.10630980164314241f,0.9898427327955348f,0.09439062668752246f,0.1132694177595388f,0.13918074399246047f,0.07918062191625014f,-0.9870963223589989f,0.7125099578962317f,0f,0f,0f,1f], start_interpolation: 0, interpolation_duration: 1 }
$data merge entity $(bone_neck_1) { transformation: [-0.9945023267521685f,0.10445559969889714f,-0.007358653142182172f,-0.03282242495737155f,0.09079349150208368f,0.8951698826572076f,0.43637990682929273f,0.19653819380615312f,0.05216956953420493f,0.4333127148780945f,-0.8997324197446654f,0.5589776680714736f,0f,0f,0f,1f], start_interpolation: 0, interpolation_duration: 1 }
$data merge entity $(bone_neck_2) { transformation: [-0.9945023267521685f,0.10183386570980411f,0.02439233238377933f,-0.01278702962828039f,0.09079349150208368f,0.7225167221187776f,0.6853656893656104f,0.4547486161291552f,0.05216956953420493f,0.683812437773206f,-0.7277904134854216f,0.49153263173769124f,0f,0f,0f,1f], start_interpolation: 0, interpolation_duration: 1 }
$data merge entity $(bone_arm_right_2) { transformation: [-0.9332319049910808f,-0.013959711805033553f,-0.35900325618723694f,-0.38748345054189326f,-0.031018332971989835f,0.9986443723607434f,0.041800485306452084f,0.04782289153363167f,0.357933058722378f,0.05014522907053626f,-0.9323997970158004f,0.3690293771378999f,0f,0f,0f,1f], start_interpolation: 0, interpolation_duration: 1 }
$data merge entity $(bone_arm_right_1) { transformation: [-0.7911215299866744f,-0.5363857787685988f,-0.2939677212320208f,-0.43840934322523883f,-0.2804164550450783f,0.7451819644772467f,-0.6050375621048519f,0.32063868219911296f,0.5435929879344426f,-0.3962248555462349f,-0.7399408944745993f,0.16354998223017567f,0f,0f,0f,1f], start_interpolation: 0, interpolation_duration: 1 }
$data merge entity $(bone_arm_right_0) { transformation: [-0.638037033986838f,0.76999717522637f,0.0036184809920007145f,-0.17882124161396093f,0.13202422803404773f,0.10476613763005804f,0.9856945062330891f,0.36705862908112613f,0.7586028911580105f,0.6293873263337056f,-0.16850295836339807f,0.3462668112502527f,0f,0f,0f,1f], start_interpolation: 0, interpolation_duration: 1 }
$data merge entity $(bone_arm_left_2) { transformation: [-0.9968046994350684f,-0.0354660075773753f,0.07157201611443477f,0.42442817792571136f,-0.031242045843257904f,0.9977513447827817f,0.05929745825647592f,0.04922252188956078f,-0.07351411943083559f,0.0568719288460684f,-0.9956712599817454f,0.3817044185477581f,0f,0f,0f,1f], start_interpolation: 0, interpolation_duration: 1 }
$data merge entity $(bone_arm_left_1) { transformation: [-0.9576049019385082f,0.2805766470482455f,0.06534215266200478f,0.370463770553828f,0.1501056777703391f,0.6795466112020627f,-0.7181118914938672f,0.282063381512887f,-0.24588846513093598f,-0.677859239322558f,-0.6928533137545028f,0.13247227627765729f,0f,0f,0f,1f], start_interpolation: 0, interpolation_duration: 1 }
$data merge entity $(bone_arm_left_0) { transformation: [-0.7280981092634671f,-0.6681322811632067f,-0.15320704342364455f,0.13918570964456176f,-0.3541216251125454f,0.17525651733166875f,0.9186310618308224f,0.34531616802219195f,-0.5869165340272964f,0.7231074664255821f,-0.3642040281009548f,0.34562897243024393f,0f,0f,0f,1f], start_interpolation: 0, interpolation_duration: 1 }
$data merge entity $(bone_finger_right_1_fire) { transformation: [-0.17635951515566398f,-0.02343252861163698f,-0.15823267810585684f,-1.3271056807200274f,-0.07640237785783668f,0.21926325024603288f,0.05268440141865151f,1.1414466927062887f,0.14053234672257917f,0.0897991430807559f,-0.16992973792198476f,-0.23179740690159867f,0f,0f,0f,1f], start_interpolation: 0, interpolation_duration: 1 }
$data merge entity $(bone_finger_right_1_fire_s) { transformation: [-0.000007407099636537913f,-9.841662016887567e-7f,-0.000006645772480446011f,-1.3271056807200274f,-0.0000032088998700291524f,0.000009209056510333415f,0.0000022127448595833713f,1.1414466927062887f,0.0000059023585623483455f,0.0000037715640093917614f,-0.000007137048992723385f,-0.23179740690159867f,0f,0f,0f,1f], start_interpolation: 0, interpolation_duration: 1 }
$data merge entity $(bone_finger_right_1) { transformation: [-1.4726104168065268f,-0.19566273866854286f,-1.3212504573524584f,-0.6336022260860825f,-0.6379635224270758f,1.8308586641903928f,0.4399172806970097f,0.8803252043199036f,1.173451840686183f,0.7498271550831823f,-1.418921468275998f,0.4952084046370221f,0f,0f,0f,1f], start_interpolation: 0, interpolation_duration: 1 }
$data merge entity $(bone_finger_right_2_fire) { transformation: [0.18371155737347455f,-0.041427219812197796f,-0.1456818161256653f,-0.9717154428425303f,-0.11627690728271384f,-0.1853275152711643f,-0.09392941669046624f,0.47330430448300165f,-0.09705198052490974f,0.14362047188919808f,-0.16322810889716366f,0.15512443253156083f,0f,0f,0f,1f], start_interpolation: 0, interpolation_duration: 1 }
$data merge entity $(bone_finger_right_2_fire_s) { transformation: [0.00000771588540968596f,-0.0000017399432321123136f,-0.000006118636277277965f,-0.9717154428425303f,-0.0000048836301058739995f,-0.000007783755641388928f,-0.000003945035500999596f,0.47330430448300165f,-0.000004076183182046224f,0.000006032059819346341f,-0.000006855580573680899f,0.15512443253156083f,0f,0f,0f,1f], start_interpolation: 0, interpolation_duration: 1 }
$data merge entity $(bone_finger_right_2) { transformation: [0.9585746649964745f,-0.2161599625029718f,-0.7601421493849941f,-0.6439924729269978f,-0.6067124956039749f,-0.9670064497060085f,-0.4901072116782253f,0.6843258515218787f,-0.5064002017563985f,0.7493864169250216f,-0.8516956256922915f,0.5234185289537503f,0f,0f,0f,1f], start_interpolation: 0, interpolation_duration: 1 }
$data merge entity $(bone_finger_film_right) { transformation: [0.0647126819394974f,-0.2720657341429061f,-0.7961738052645342f,-0.7262015887528204f,-1.1138624090827571f,0.005600652336786339f,-0.08302155998027261f,0.7645881514237283f,0.06721362788153604f,0.3547563221336515f,-0.6092819844358062f,0.5109601731611435f,0f,0f,0f,1f], start_interpolation: 0, interpolation_duration: 1 }
$data merge entity $(bone_finger_right_0_fire) { transformation: [-0.001002759374653912f,-0.15370352291015676f,-0.18183389101669473f,-1.2743896750610955f,-0.2363156318967273f,0.022819995327141518f,-0.017986448736407343f,0.7202321174045596f,0.029038922130731986f,0.18039905005820814f,-0.15265079804314524f,0.07546507362914345f,0f,0f,0f,1f], start_interpolation: 0, interpolation_duration: 1 }
$data merge entity $(bone_finger_right_0_fire_s) { transformation: [-4.211589373546446e-8f,-0.000006455547962226607f,-0.000007637023422701206f,-1.2743896750610955f,-0.000009925256539662583f,9.584398037399473e-7f,-7.554308469291111e-7f,0.7202321174045596f,0.0000012196347294907478f,0.000007576760102444769f,-0.000006411333517812123f,0.07546507362914345f,0f,0f,0f,1f], start_interpolation: 0, interpolation_duration: 1 }
$data merge entity $(bone_fire_large_right) { transformation: [-1.1230904996123855e-7f,-0.000017214794565937617f,-0.00002036539579386988f,-1.2089798086981234f,-0.000026467350772433553f,0.0000025558394766398595f,-0.0000020144822584776293f,0.7079676624149713f,0.000003252359278641994f,0.000020204693606519383f,-0.000017096889380832327f,-0.010773301325735729f,0f,0f,0f,1f], start_interpolation: 0, interpolation_duration: 1 }
$data merge entity $(bone_finger_right_0) { transformation: [-0.006159728476607674f,-0.944166657480891f,-1.1169652708502267f,-0.6920191786162845f,-1.451634523750228f,0.14017817096066706f,-0.1104867660927434f,0.7672330342695803f,0.17837965926810476f,1.108151361018226f,-0.9377000020645784f,0.4715914299435066f,0f,0f,0f,1f], start_interpolation: 0, interpolation_duration: 1 }
$data merge entity $(bone_wing_right_1_model) { transformation: [-0.7084919782840812f,-0.7044724914733831f,-0.18092735698681303f,-0.3471053715673744f,0.0009006817123878072f,-0.2534268429599268f,0.9832350212851747f,0.8674624657923661f,-0.7273344406264579f,0.6859084684318231f,0.17745779062624623f,0.1162150236440425f,0f,0f,0f,1f], start_interpolation: 0, interpolation_duration: 1 }
$data merge entity $(bone_wing_right_0) { transformation: [-0.7744803759101773f,-0.5047445680499231f,-0.38133065488382567f,-0.17578299703685468f,-0.6163635900191613f,0.46640594856249884f,0.6344772777997703f,0.6290611902387011f,-0.1423940737134863f,0.7264285320453845f,-0.6723284283753485f,0.4800267093739343f,0f,0f,0f,1f], start_interpolation: 0, interpolation_duration: 1 }
$data merge entity $(bone_finger_left_1_fire) { transformation: [-0.160826450420188f,-0.02938594677990163f,0.17309148269259048f,1.3376917806936457f,0.0007405182204651058f,0.23462082503744602f,0.04051990245719992f,1.072253215955132f,-0.17556664512838338f,0.02790836781728071f,-0.15838818935693208f,-0.2868469074763969f,0f,0f,0f,1f], start_interpolation: 0, interpolation_duration: 1 }
$data merge entity $(bone_finger_left_1_fire_s) { transformation: [-0.0000067547109176479205f,-0.000001234209764755873f,0.000007269842273088826f,1.3376917806936457f,3.110176525953456e-8f,0.00000985407465157277f,0.0000017018359032024028f,1.072253215955132f,-0.000007373799095392129f,0.0000011721514483257941f,-0.0000066523039529911715f,-0.2868469074763969f,0f,0f,0f,1f], start_interpolation: 0, interpolation_duration: 1 }
$data merge entity $(bone_finger_left_1) { transformation: [-1.3429085806781949f,-0.2453740661376249f,1.4453221888743049f,0.5871495176703089f,0.006183362685758238f,1.9590951508622831f,0.3383431304729385f,0.8616626418392235f,-1.4659899140209727f,0.23303621087595f,-1.3225489837634767f,0.39872354463381904f,0f,0f,0f,1f], start_interpolation: 0, interpolation_duration: 1 }
$data merge entity $(bone_finger_left_2_fire) { transformation: [0.14254803755317866f,0.04771739009836156f,0.18464140942802104f,1.0412714908556806f,0.1722866794854171f,-0.13106590989975034f,-0.0991381346287462f,0.46236113157126296f,0.08177224141023938f,0.19296144782826186f,-0.11299788754837069f,0.22559005364951357f,0f,0f,0f,1f], start_interpolation: 0, interpolation_duration: 1 }
$data merge entity $(bone_finger_left_2_fire_s) { transformation: [0.000005987017577233525f,0.000002004130384131193f,0.000007754939195976911f,1.0412714908556806f,0.000007236040538387544f,-0.0000055047682157895345f,-0.000004163801654407355f,0.46236113157126296f,0.0000034344341392300664f,0.000008104380808787026f,-0.000004745911277031587f,0.22559005364951357f,0f,0f,0f,1f], start_interpolation: 0, interpolation_duration: 1 }
$data merge entity $(bone_finger_left_2) { transformation: [0.7437906427718981f,0.24898096713128923f,0.9634264698280625f,0.6257700201792147f,0.8989616572426599f,-0.6838789157897123f,-0.5172853877501721f,0.6853882322028391f,0.42667320465026304f,1.0068389700337799f,-0.5896031460981356f,0.480914200635148f,0f,0f,0f,1f], start_interpolation: 0, interpolation_duration: 1 }
$data merge entity $(bone_finger_film_left) { transformation: [-0.11479097230824294f,0.20417011744665187f,0.8889904254503835f,0.6940899447242243f,1.0506032964967247f,0.14993378039113547f,-0.06444098732010019f,0.7753132533693309f,-0.3639376531923942f,0.36842584563865f,-0.46642601426137975f,0.45638942504344615f,0f,0f,0f,1f], start_interpolation: 0, interpolation_duration: 1 }
$data merge entity $(bone_finger_left_0_fire) { transformation: [-0.0361996299067387f,0.11535097895206968f,0.20511723685015373f,1.3066788525236963f,0.21616321880739656f,0.09832976188378899f,-0.0171482700681632f,0.7390899353991165f,-0.09301823494922082f,0.1836157727056809f,-0.11967538754587342f,0.11645366829387477f,0f,0f,0f,1f], start_interpolation: 0, interpolation_duration: 1 }
$data merge entity $(bone_finger_left_0_fire_s) { transformation: [-0.000001520384456083031f,0.000004844741115986944f,0.000008614923947706488f,1.3066788525236963f,0.00000907885518991069f,0.000004129849999119152f,-7.20227342862857e-7f,0.7390899353991165f,-0.0000039067658678672884f,0.000007711862453638626f,-0.000005026366276926702f,0.11645366829387477f,0f,0f,0f,1f], start_interpolation: 0, interpolation_duration: 1 }
$data merge entity $(bone_fire_large_left) { transformation: [-0.000004054358549554749f,0.00001291930964263185f,0.000022973130527217302f,1.2596015818254038f,0.000024210280506428503f,0.000011012933330984404f,-0.000001920606247634285f,0.6924777701863849f,-0.000010418042314312769f,0.000020564966543036337f,-0.000013403643405137872f,0.029984243486879558f,0f,0f,0f,1f], start_interpolation: 0, interpolation_duration: 1 }
$data merge entity $(bone_finger_left_0) { transformation: [-0.22236629924916484f,0.7085754846229839f,1.2599897012232275f,0.6670028161873411f,1.3278427189400714f,0.6040179226274202f,-0.1053380203998393f,0.7609358536320225f,-0.5713903904994656f,1.1279109749334042f,-0.7351393676771147f,0.4141412492844044f,0f,0f,0f,1f], start_interpolation: 0, interpolation_duration: 1 }
$data merge entity $(bone_wing_left_1_model) { transformation: [-0.7192315283761569f,0.7154377888383372f,0.04280025623344574f,0.32039649786944707f,0.09824137687412049f,0.038347463246946635f,1.009878798160572f,0.714165012728938f,0.7099519163305461f,0.719482679017692f,-0.09638482315152241f,0.049476455351663354f,0f,0f,0f,1f], start_interpolation: 0, interpolation_duration: 1 }
$data merge entity $(bone_wing_left_0) { transformation: [-0.8305639037545206f,0.4563299547005778f,0.3192594152456907f,0.17236976611489263f,0.5538591647408663f,0.7368518091692047f,0.387671816046279f,0.6052576291359332f,-0.0583406154630004f,0.49881096997463736f,-0.864745042668855f,0.47932840593511744f,0f,0f,0f,1f], start_interpolation: 0, interpolation_duration: 1 }
$data merge entity $(bone_body_0) { transformation: [-0.9976688666934046f,0.06006602493850546f,0.03238680408414421f,-0.006861943253473701f,0.06821164253783274f,0.8638582390238816f,0.4990952962038905f,0.5559281367959794f,0.0020010629647333744f,0.5001409956388748f,-0.86594167253249f,-0.0033778756848991676f,0f,0f,0f,1f], start_interpolation: 0, interpolation_duration: 1 }
$data merge entity $(bone_leg_right_3) { transformation: [-0.9671100976829021f,-0.1416867783681445f,0.21124136857023068f,-0.19615499582529305f,-0.024855174593457714f,0.8791552475343258f,0.4758868258617662f,0.0629322530705475f,-0.2531408288990468f,0.454984513548005f,-0.8537615669352825f,-0.5431493018468003f,0f,0f,0f,1f], start_interpolation: 0, interpolation_duration: 1 }
$data merge entity $(bone_leg_right_2) { transformation: [-0.8985500466019949f,0.2522411480581677f,0.3591409430541863f,-0.14991466805260895f,0.3742704464965315f,0.8677814283039983f,0.32692051873499695f,0.2067509761063252f,-0.2291930335565194f,0.4281702884565557f,-0.8741514499514316f,-0.4623098071962979f,0f,0f,0f,1f], start_interpolation: 0, interpolation_duration: 1 }
$data merge entity $(bone_leg_right_1) { transformation: [-0.9255100092650591f,0.2689222410341867f,0.2666684290037741f,-0.24367647076899956f,0.2921465748169751f,0.9550211491994189f,0.05084273207185602f,0.1779184472377769f,-0.24100124807332385f,0.12496172557616081f,-0.9624463442541245f,-0.15658872509600627f,0f,0f,0f,1f], start_interpolation: 0, interpolation_duration: 1 }
$data merge entity $(bone_leg_right_0) { transformation: [-0.9255100092650591f,0.3786644357405007f,0.006668422266050456f,-0.09103131706969268f,0.2921465748169751f,0.7250312742058816f,-0.6236826358382163f,0.46817682833223967f,-0.24100124807332385f,-0.5752763653486241f,-0.7816492192143332f,-0.28891065712244113f,0f,0f,0f,1f], start_interpolation: 0, interpolation_duration: 1 }
$data merge entity $(bone_leg_left_3) { transformation: [-0.9935369692886612f,0.04975494856740813f,-0.10202321181846946f,0.2321555124831272f,-0.013677245028824423f,0.8397872324016392f,0.5427433438224891f,0.05874495397857393f,0.11268195785094973f,0.5406309733896586f,-0.8336791511046842f,-0.5377001520487775f,0f,0f,0f,1f], start_interpolation: 0, interpolation_duration: 1 }
$data merge entity $(bone_leg_left_2) { transformation: [-0.8984184061296925f,-0.3639335245628175f,-0.24575751713155775f,0.1660092437785606f,-0.4033459895851725f,0.9051708486385174f,0.13408112268542552f,0.2101364878229337f,0.17365592478502068f,0.2195862574805429f,-0.9600132787168872f,-0.49228769208203543f,0f,0f,0f,1f], start_interpolation: 0, interpolation_duration: 1 }
$data merge entity $(bone_leg_left_1) { transformation: [-0.9276226516005018f,-0.2945802584560478f,-0.22964905304751812f,0.24828170614423217f,-0.322485651754903f,0.9418483568425872f,0.09447050928799983f,0.16764557993925727f,0.18846543622072764f,0.16169150887070943f,-0.9686777768222228f,-0.18485682978342638f,0f,0f,0f,1f], start_interpolation: 0, interpolation_duration: 1 }
$data merge entity $(bone_leg_left_0) { transformation: [-0.9276226516005018f,-0.373401436108708f,0.009358619001122448f,0.09616964419478731f,-0.322485651754903f,0.7879900819656636f,-0.5244755810673766f,0.47124164095283444f,0.18846543622072764f,-0.4895334495575366f,-0.8513740547576192f,-0.2836035602872786f,0f,0f,0f,1f], start_interpolation: 0, interpolation_duration: 1 }
$data merge entity $(bone_tail_3) { transformation: [-2.04457049526356f,0.7418309366652691f,-1.1108222522699474f,-0.21391810428959326f,-1.1227757978334167f,0.14579568250661964f,2.163937580337287f,0.6989208205123568f,0.723611582640358f,2.3222700543224484f,0.21898812091060485f,-1.5088224777596044f,0f,0f,0f,1f], start_interpolation: 0, interpolation_duration: 1 }
$data merge entity $(bone_tail_2) { transformation: [-1.0588624274021363f,0.03343222228030943f,-0.4632566338968668f,-0.024367168240000882f,-0.29722522451639494f,0.8374168389114796f,0.7398001529593541f,0.39171522024302186f,0.3569055732924806f,0.7965735288853786f,-0.7582895801287661f,-1.2023013166024488f,0f,0f,0f,1f], start_interpolation: 0, interpolation_duration: 1 }
$data merge entity $(bone_tail_1) { transformation: [-1.376920233212284f,-0.03274620935100114f,-0.14965860289855606f,0.02061395589459354f,-0.07309802852347864f,1.329831031426221f,0.3815566096395554f,0.27082844889863256f,0.13463539606800284f,0.3871129730541096f,-1.3234032629915182f,-0.8079114546162784f,0f,0f,0f,1f], start_interpolation: 0, interpolation_duration: 1 }
$data merge entity $(bone_tail_0) { transformation: [-1.197275253180327f,-0.014207129968742892f,0.03653034160548211f,0.009538356185452714f,-0.019601524914653896f,1.1838443616717071f,-0.18202375624326056f,0.34378561061769236f,-0.033942430979265054f,-0.1825240397151481f,-1.1834429545115634f,-0.45936630091252584f,0f,0f,0f,1f], start_interpolation: 0, interpolation_duration: 1 }
$data merge entity $(bone_body_1) { transformation: [-1.0202867374928002f,-0.002185566254045101f,0.03333003211656501f,2.535577619337132e-17f,-0.01670390818813984f,0.9155047816622945f,-0.45130108425435994f,0.48947125f,-0.02892485422580848f,-0.4516048189491204f,-0.9150503454752598f,-0.207045625f,0f,0f,0f,1f], start_interpolation: 0, interpolation_duration: 1 }
data modify entity @s data merge value {"locators":{"body_1":{"posx":0.0036747639187719545,"posy":0.263080559366595,"posz":-0.20592906202624164,"roty":2.0860341898841455,"rotx":-26.23736238514711},"body_0":{"posx":-0.02176247922994674,"posy":0.33545149518950945,"posz":0.08321261521118115,"roty":2.1419025629219277,"rotx":29.940163307162816},"neck_1":{"posx":-0.04542487506039168,"posy":0.15594187941245968,"posz":0.3893905907138354,"roty":1.9195838898657485,"rotx":43.26437333406059},"neck_0":{"posx":-0.046020369241061204,"posy":-0.01568414793044212,"posz":0.6767287083308985,"roty":359.53140471748225,"rotx":25.87313204181378},"pos_head":{"posx":0.010560191372084714,"posy":0.12291595335869168,"posz":1.0344746508457503,"roty":353.32827246015074,"rotx":0.4208273351208174},"head_0":{"posx":-0.011818345193404804,"posy":-0.1433833652694701,"posz":1.0036591246355129,"roty":353.32827246015074,"rotx":0.4208273351208174},"arm_right_0":{"posx":-0.32505219534735313,"posy":-0.09705302148753,"posz":0.3563190313908473,"roty":338.33279743067743,"rotx":-37.231544864027896},"arm_left_0":{"posx":0.3762877766476825,"posy":-0.09764241036126467,"posz":0.4157842971807789,"roty":5.387560348204943,"rotx":-45.89881391803881},"pos_wing_r_0":{"posx":-0.11244967696193175,"posy":0.7356785570364469,"posz":1.074660620798134,"roty":317.04139327522853,"rotx":12.783900711463875},"pos_wing_r_1":{"posx":-0.5278104569898074,"posy":0.8739751107604076,"posz":0.6285950587529224,"roty":317.04139327522853,"rotx":12.783900711463875},"pos_wing_r_2":{"posx":-0.9431712370176831,"posy":1.0122716644843683,"posz":0.18252949670771085,"roty":317.04139327522853,"rotx":12.783900711463875},"pos_wing_r_3":{"posx":-1.3585320170455586,"posy":1.150568218208329,"posz":-0.2635360653375006,"roty":317.04139327522853,"rotx":12.783900711463875},"pos_wing_r_4":{"posx":-1.7738927970734344,"posy":1.2888647719322897,"posz":-0.7096016273827123,"roty":317.04139327522853,"rotx":12.783900711463875},"pos_wing_r_5":{"posx":-2.18925357710131,"posy":1.4271613256562503,"posz":-1.1556671894279238,"roty":317.04139327522853,"rotx":12.783900711463875},"finger_right_0":{"posx":-0.5247886401591632,"posy":0.6896481879608417,"posz":0.4953150772071278,"roty":317.04139327522853,"rotx":12.783900711463875},"finger_right_1":{"posx":-1.0181786519005855,"posy":0.7754425114028386,"posz":0.15708336657639044,"roty":317.04139327522853,"rotx":12.783900711463875},"finger_right_2":{"posx":-1.4642166887154815,"posy":0.9080947702557046,"posz":-0.2832055173892951,"roty":317.04139327522853,"rotx":12.783900711463875},"finger_right_3":{"posx":-1.942891629931978,"posy":1.0504530932625789,"posz":-0.7557101694619042,"roty":317.04139327522853,"rotx":12.783900711463875},"pos_wing_l_0":{"posx":0.008866083336885766,"posy":0.7604362411513206,"posz":0.9312918390546214,"roty":47.53977808126555,"rotx":9.79849355363646},"pos_wing_l_1":{"posx":0.4632312254049374,"posy":0.8668009851014707,"posz":0.5155228419926733,"roty":47.53977808126555,"rotx":9.79849355363646},"pos_wing_l_2":{"posx":0.917596367472989,"posy":0.9731657290516209,"posz":0.09975384493072503,"roty":47.53977808126555,"rotx":9.79849355363646},"pos_wing_l_3":{"posx":1.3719615095410407,"posy":1.0795304730017712,"posz":-0.31601515213122305,"roty":47.53977808126555,"rotx":9.79849355363646},"pos_wing_l_4":{"posx":1.8263266516090924,"posy":1.1858952169519212,"posz":-0.7317841491931714,"roty":47.53977808126555,"rotx":9.79849355363646},"pos_wing_l_5":{"posx":2.280691793677144,"posy":1.2922599609020715,"posz":-1.1475531462551196,"roty":47.53977808126555,"rotx":9.79849355363646},"finger_left_0":{"posx":0.5137679584990129,"posy":0.6586763505345334,"posz":0.43884641522981854,"roty":47.53977808126555,"rotx":9.79849355363646},"finger_left_1":{"posx":1.0348485860681642,"posy":0.7583614154457935,"posz":0.1494799916367503,"roty":47.53977808126555,"rotx":9.79849355363646},"finger_left_2":{"posx":1.5190050459949034,"posy":0.8671946623740489,"posz":-0.25567269573242474,"roty":47.53977808126555,"rotx":9.79849355363646},"finger_left_3":{"posx":2.0385875156691764,"posy":0.9839912465260057,"posz":-0.6904701805984498,"roty":47.53977808126555,"rotx":9.79849355363646},"leg_right_0":{"posx":-0.2967623724492448,"posy":0.075948955172223,"posz":-0.0784605176129442,"roty":0.488791101648161,"rotx":-38.58556161713914},"leg_left_0":{"posx":0.3006720875139267,"posy":0.05715739093125222,"posz":-0.11876965172673035,"roty":0.6297910680785037,"rotx":-31.63294633555816},"tail_0":{"posx":0.017221099833691446,"posy":0.13409012851717683,"posz":-0.6092673976486185,"roty":1.7680362245737058,"rotx":-8.7399642814762},"tail_1":{"posx":-0.001303721373631224,"posy":0.16108053245355933,"posz":-1.0916499865179108,"roty":353.5480502632374,"rotx":15.986406184229885},"tail_2":{"posx":-0.13423781446982508,"posy":0.41038551275671675,"posz":-1.5127156826795876,"roty":328.5782774924222,"rotx":39.77893241262213},"tail_3":{"posx":-0.3791822103679723,"posy":0.8722743477511603,"posz":-1.7067974325529642,"roty":258.84768634218074,"rotx":62.380810310768595},"tail_4":{"posx":-0.5781740769142536,"posy":1.2599205056499816,"posz":-1.6675680645398412,"roty":258.84768634218074,"rotx":62.380810310768595},"shadow":{"posx":1.645619136354256e-17,"posy":0.1875,"posz":-0.13437500000000002,"roty":0,"rotx":0}},"cameras":{}}