# This file was generated by Animated Java via MC-Build. It is not recommended to edit this file directly.
$data merge entity $(bone_head_lower) { transformation: [-0.9933706194521987f,0.02865010228241452f,-0.11132827155921458f,0.01642251757443596f,0.038080237310336794f,0.9957778534313663f,-0.08352461997524391f,0.10224693259192319f,0.10846523837406837f,-0.08721031048464231f,-0.9902674657937768f,0.9148692876148667f,0f,0f,0f,1f], start_interpolation: 0, interpolation_duration: 1 }
$data merge entity $(bone_head_upper) { transformation: [-0.9933706194521987f,0.0429362520587981f,-0.10663625400537285f,0.01566976064245263f,0.038080237310336794f,0.9981609864563669f,0.04716503623279694f,0.11611600355840308f,0.10846523837406837f,0.04279162740064871f,-0.9931788200967944f,0.8995334605938443f,0f,0f,0f,1f], start_interpolation: 0, interpolation_duration: 1 }
$data merge entity $(bone_neck_0) { transformation: [-0.9818888891429718f,0.10823873507414301f,-0.15549464816234165f,-0.015365108685668217f,0.0949411234634654f,0.9913552787467632f,0.09055878961438518f,0.11628650571365537f,0.16395240911031456f,0.07415583274751153f,-0.983677040504884f,0.7135672634460875f,0f,0f,0f,1f], start_interpolation: 0, interpolation_duration: 1 }
$data merge entity $(bone_neck_1) { transformation: [-0.9946632941288497f,0.09313582048886529f,-0.04439200665222743f,-0.02236871596114257f,0.0674064703933927f,0.9123543166934285f,0.40381427483432497f,0.1940101653674462f,0.0781108127076541f,0.3986669283408555f,-0.9137633069813085f,0.5573109370344244f,0f,0f,0f,1f], start_interpolation: 0, interpolation_duration: 1 }
$data merge entity $(bone_neck_2) { transformation: [-0.9946632941288497f,0.10217414457403191f,-0.014330927859366653f,-0.011057325447123914f,0.0674064703933927f,0.7486984825535449f,0.6594747530960711f,0.4500856003963174f,0.0781108127076541f,0.6549893330448855f,-0.7515900974171799f,0.48036747592371676f,0f,0f,0f,1f], start_interpolation: 0, interpolation_duration: 1 }
$data merge entity $(bone_arm_right_2) { transformation: [-0.9573216888778189f,-0.0019344956700126925f,-0.2890180647133042f,-0.3940131313318043f,-0.004334438786898473f,0.9999612371970737f,0.007663990063978665f,0.040400941714031524f,0.2889920356074257f,0.008589635021398534f,-0.9572929653589205f,0.3767018424964056f,0f,0f,0f,1f], start_interpolation: 0, interpolation_duration: 1 }
$data merge entity $(bone_arm_right_1) { transformation: [-0.8083421201960626f,-0.519515184497498f,-0.2769241589198485f,-0.43709457047383793f,-0.2534305907867864f,0.7316482087155037f,-0.6328221190325568f,0.3049481444585035f,0.5313717647470508f,-0.4413557202075507f,-0.7230831044006484f,0.1589808030096384f,0f,0f,0f,1f], start_interpolation: 0, interpolation_duration: 1 }
$data merge entity $(bone_arm_right_0) { transformation: [-0.6212305834267503f,0.7832382696600063f,-0.024705771699322646f,-0.1740743112140434f,0.11209903603618182f,0.12002689000190561f,0.9864214879027268f,0.3566754169685447f,0.7755684162825471f,0.6100257032424696f,-0.16236462991831602f,0.3352501028647479f,0f,0f,0f,1f], start_interpolation: 0, interpolation_duration: 1 }
$data merge entity $(bone_arm_left_2) { transformation: [-0.9993658019047282f,-0.03452333073345798f,0.008725458061778976f,0.4438478028979807f,-0.03376440690071417f,0.9965519932587068f,0.07578977212488303f,0.05114467466937686f,-0.011311887992841548f,0.07544709647936748f,-0.9970856416691952f,0.36076517939621877f,0f,0f,0f,1f], start_interpolation: 0, interpolation_duration: 1 }
$data merge entity $(bone_arm_left_1) { transformation: [-0.9728926642237147f,0.22901878296737438f,0.03209767823106968f,0.37146979899880805f,0.13774228646395242f,0.6853594852675003f,-0.7150590454455839f,0.2839765959608135f,-0.18576040056848758f,-0.6912544922110886f,-0.6983267863820101f,0.11623623449811166f,0f,0f,0f,1f], start_interpolation: 0, interpolation_duration: 1 }
$data merge entity $(bone_arm_left_0) { transformation: [-0.735709125578098f,-0.6528200014779737f,-0.18043871040164583f,0.1444956076177937f,-0.3769688193029783f,0.17334867508089402f,0.9098597398066457f,0.3460025857989757f,-0.5626958253038927f,0.7374118811885235f,-0.37362698733840677f,0.3343227462437008f,0f,0f,0f,1f], start_interpolation: 0, interpolation_duration: 1 }
$data merge entity $(bone_finger_right_1_fire) { transformation: [-0.00001435120081794219f,-7.698337060813947e-8f,-0.000008474366431865173f,-1.1514941811580521f,-0.000003536847750700182f,0.000015199613172313984f,0.000005851516485336442f,1.2883924777886702f,0.000007701397330954984f,0.000006836929921422836f,-0.000013104298767125635f,-0.2593645431234729f,0f,0f,0f,1f], start_interpolation: 0, interpolation_duration: 1 }
$data merge entity $(bone_finger_right_1_fire_s) { transformation: [-0.000008610720490765313f,-4.619002236488368e-8f,-0.0000050846198591191036f,-1.1514941811580521f,-0.000002122108650420109f,0.00000911976790338839f,0.000003510909891201865f,1.2883924777886702f,0.00000462083839857299f,0.000004102157952853701f,-0.00000786257926027538f,-0.2593645431234729f,0f,0f,0f,1f], start_interpolation: 0, interpolation_duration: 1 }
$data merge entity $(bone_finger_right_1) { transformation: [-1.711903081249379f,-0.009183069139710768f,-1.0108766639380415f,-0.6231090656646205f,-0.42189783552912213f,1.8131071367179148f,0.6980063360764369f,0.8928045399034535f,0.9186719625792285f,0.8155527573788128f,-1.5631646244548552f,0.5418771659893142f,0f,0f,0f,1f], start_interpolation: 0, interpolation_duration: 1 }
$data merge entity $(bone_finger_right_2_fire) { transformation: [0.000012254020693125998f,-0.000006379302331046409f,-0.00000932315699746195f,-0.9680825878956996f,-0.000009939246982086913f,-0.000012625829679148936f,-0.0000044246550283582535f,0.5585632890183772f,-0.000005369182811126286f,0.00000881309845967953f,-0.0000130873583758709f,0.13577407132156266f,0f,0f,0f,1f], start_interpolation: 0, interpolation_duration: 1 }
$data merge entity $(bone_finger_right_2_fire_s) { transformation: [0.000007352412415875598f,-0.0000038275813986278455f,-0.00000559389419847717f,-0.9680825878956996f,-0.000005963548189252148f,-0.000007575497807489361f,-0.0000026547930170149518f,0.5585632890183772f,-0.000003221509686675771f,0.0000052878590758077184f,-0.00000785241502552254f,0.13577407132156266f,0f,0f,0f,1f], start_interpolation: 0, interpolation_duration: 1 }
$data merge entity $(bone_finger_right_2) { transformation: [0.9134189913728542f,-0.4755154285120151f,-0.6949513856957628f,-0.6686719655289106f,-0.7408749487812022f,-0.9411337633241492f,-0.32981533444308403f,0.7004465803436721f,-0.4002207659553371f,0.6569314437689731f,-0.9755362739128483f,0.5574319784465313f,0f,0f,0f,1f], start_interpolation: 0, interpolation_duration: 1 }
$data merge entity $(bone_finger_film_right) { transformation: [-0.12442786796441317f,-0.3168688974533174f,-0.7008311681586146f,-0.7342841788727488f,-1.1107321014349014f,0.03934747872400983f,0.06967109024712427f,0.7935904580292584f,0.013666523342914171f,0.31296814029529235f,-0.7183254534611792f,0.5380711507455168f,0f,0f,0f,1f], start_interpolation: 0, interpolation_duration: 1 }
$data merge entity $(bone_finger_right_0_fire) { transformation: [-0.0000030067317302689982f,-0.000012105401695009543f,-0.000011054256731342534f,-1.212431418943292f,-0.00001635750010716955f,0.0000029568608299679064f,0.0000012111738330758268f,0.8546931077604696f,0.0000010814491776869117f,0.000011067700827743745f,-0.000012414275808174175f,0.028389583049203082f,0f,0f,0f,1f], start_interpolation: 0, interpolation_duration: 1 }
$data merge entity $(bone_finger_right_0_fire_s) { transformation: [-0.000001804039038161399f,-0.000007263241017005725f,-0.00000663255403880552f,-1.212431418943292f,-0.00000981450006430173f,0.0000017741164979807438f,7.26704299845496e-7f,0.8546931077604696f,6.48869506612147e-7f,0.0000066406204966462466f,-0.000007448565484904505f,0.028389583049203082f,0f,0f,0f,1f], start_interpolation: 0, interpolation_duration: 1 }
$data merge entity $(bone_fire_large_right) { transformation: [-0.0000048107707684303965f,-0.000019368642712015266f,-0.000017686810770148053f,-1.137852470402937f,-0.000026172000171471276f,0.0000047309773279486495f,0.0000019378781329213224f,0.834502388698761f,0.0000017303186842990585f,0.00001770832132438999f,-0.00001986284129307868f,-0.048397395580367375f,0f,0f,0f,1f], start_interpolation: 0, interpolation_duration: 1 }
$data merge entity $(bone_finger_right_0) { transformation: [-0.26385266108973243f,-1.062297117708825f,-0.9700549688458143f,-0.6947037176284071f,-1.4354356554670538f,0.25947629135148287f,0.10628531826839026f,0.7917814291528581f,0.0949014641025078f,0.9712347417453038f,-1.0894020489136214f,0.5040793133024425f,0f,0f,0f,1f], start_interpolation: 0, interpolation_duration: 1 }
$data merge entity $(bone_wing_right_1_model) { transformation: [-0.7879691289690349f,-0.6326576178881724f,-0.09912655225359275f,-0.38869449070005885f,-0.03566985581574323f,-0.11356751589418564f,1.0083685654370371f,0.8213756905173788f,-0.639382042459518f,0.7860177102989013f,0.06590785930833831f,0.1030975230429864f,0f,0f,0f,1f], start_interpolation: 0, interpolation_duration: 1 }
$data merge entity $(bone_wing_right_0) { transformation: [-0.8142701777451887f,-0.37778405691581446f,-0.44073039828794164f,-0.1800256467662609f,-0.5790439675588354f,0.5821003082622586f,0.5708478910836983f,0.6186256903171082f,0.040892068528522396f,0.7200266921866245f,-0.6927405006712445f,0.46901451975898256f,0f,0f,0f,1f], start_interpolation: 0, interpolation_duration: 1 }
$data merge entity $(bone_finger_left_1_fire) { transformation: [-0.000014228347163574316f,-0.0000010895114931396908f,0.000008610742097920543f,1.1265980126421613f,0.0000011792356812194188f,0.000016138844118375327f,0.00000399060039451444f,1.1185102023326197f,-0.000008598913767373378f,0.000004016024527673652f,-0.000013700657166434676f,-0.4152373285990062f,0f,0f,0f,1f], start_interpolation: 0, interpolation_duration: 1 }
$data merge entity $(bone_finger_left_1_fire_s) { transformation: [-0.00000853700829814459f,-6.537068958838144e-7f,0.000005166445258752325f,1.1265980126421613f,7.075414087316513e-7f,0.000009683306471025195f,0.0000023943602367086643f,1.1185102023326197f,-0.000005159348260424026f,0.000002409614716604191f,-0.000008220394299860806f,-0.4152373285990062f,0f,0f,0f,1f], start_interpolation: 0, interpolation_duration: 1 }
$data merge entity $(bone_finger_left_1) { transformation: [-1.697248311092991f,-0.1299639037752584f,1.027144426189389f,0.592145487679063f,0.14066677916421205f,1.9251446150421663f,0.47602435490020734f,0.8367108333390417f,-1.0257334672204075f,0.47905710821789027f,-1.6343020710181932f,0.4289300348382775f,0f,0f,0f,1f], start_interpolation: 0, interpolation_duration: 1 }
$data merge entity $(bone_finger_left_2_fire) { transformation: [0.000011425968087156906f,0.000006773412755118628f,0.000010067070611545648f,0.971759889791766f,0.000011508596772819166f,-0.00001043073784234216f,-0.000006043979331761922f,0.4593675368455238f,0.000003844116461517014f,0.000011094970278955469f,-0.000011828025233197909f,0.09855356680146032f,0f,0f,0f,1f], start_interpolation: 0, interpolation_duration: 1 }
$data merge entity $(bone_finger_left_2_fire_s) { transformation: [0.000006855580852294144f,0.0000040640476530711765f,0.000006040242366927388f,0.971759889791766f,0.000006905158063691499f,-0.000006258442705405295f,-0.0000036263875990571533f,0.4593675368455238f,0.0000023064698769102083f,0.000006656982167373281f,-0.000007096815139918745f,0.09855356680146032f,0f,0f,0f,1f], start_interpolation: 0, interpolation_duration: 1 }
$data merge entity $(bone_finger_left_2) { transformation: [0.8516956603055061f,0.5048925574610067f,0.7504029668593264f,0.6484188868369641f,0.8578548314548108f,-0.7775108495264292f,-0.45052033478229975f,0.6534986894169815f,0.28654178648223966f,0.827022967832938f,-0.8816651406914034f,0.47978403671937647f,0f,0f,0f,1f], start_interpolation: 0, interpolation_duration: 1 }
$data merge entity $(bone_finger_film_left) { transformation: [-0.18955720729762032f,0.30167155422103037f,0.7226261038082165f,0.7090807974292185f,1.0803986428902885f,0.11450262671483152f,-0.012432377198189884f,0.7458533709851745f,-0.21494582328296785f,0.30949410486208456f,-0.6997619554256708f,0.44592651857069693f,0f,0f,0f,1f], start_interpolation: 0, interpolation_duration: 1 }
$data merge entity $(bone_finger_left_0_fire) { transformation: [-0.0000039289976695881745f,0.00001147273812590926f,0.00001143315507567603f,1.2020474447353822f,0.000015678960757651345f,0.0000056454645281692775f,-2.769433136751321e-7f,0.7472437378084152f,-0.000004063366172298228f,0.000010690312808017747f,-0.000012123697670031692f,-0.0531882667887853f,0f,0f,0f,1f], start_interpolation: 0, interpolation_duration: 1 }
$data merge entity $(bone_finger_left_0_fire_s) { transformation: [-0.0000023573986017529047f,0.000006883642875545556f,0.000006859893045405618f,1.2020474447353822f,0.000009407376454590806f,0.0000033872787169015662f,-1.6616598820507924e-7f,0.7472437378084152f,-0.000002438019703378937f,0.000006414187684810648f,-0.000007274218602019014f,-0.0531882667887853f,0f,0f,0f,1f], start_interpolation: 0, interpolation_duration: 1 }
$data merge entity $(bone_fire_large_left) { transformation: [-0.000006286396271341079f,0.000018356381001454817f,0.000018293048121081646f,1.1318150318562905f,0.00002508633721224215f,0.000009032743245070843f,-4.431093018802113e-7f,0.7090081321008754f,-0.0000065013858756771645f,0.000017104500492828392f,-0.000019397916272050703f,-0.12715698602894948f,0f,0f,0f,1f], start_interpolation: 0, interpolation_duration: 1 }
$data merge entity $(bone_finger_left_0) { transformation: [-0.3447851632720989f,1.006778374682588f,1.0033048046819975f,0.6710175269919022f,1.3758911303529169f,0.49541195306835356f,-0.024302876624664696f,0.7355004868058586f,-0.3565765334997044f,0.9381174428969691f,-1.0639026622435193f,0.411730967056907f,0f,0f,0f,1f], start_interpolation: 0, interpolation_duration: 1 }
$data merge entity $(bone_wing_left_1_model) { transformation: [-0.7317633162315698f,0.7017414311887423f,0.05530366907169416f,0.33106100728321874f,0.09139341588195429f,0.015617211662044213f,1.0111282951609903f,0.7000826071643451f,0.697959007100735f,0.7336839575014016f,-0.07441880107793666f,0.039603298238887016f,0f,0f,0f,1f], start_interpolation: 0, interpolation_duration: 1 }
$data merge entity $(bone_wing_left_0) { transformation: [-0.801366118720692f,0.48060756459200354f,0.35613019055322576f,0.16874345107703506f,0.5917658196067505f,0.7238797452824283f,0.35469892742295916f,0.6069411166069039f,-0.08732444395290745f,0.494989376882767f,-0.8644998312674939f,0.46799925336695286f,0f,0f,0f,1f], start_interpolation: 0, interpolation_duration: 1 }
$data merge entity $(bone_body_0) { transformation: [-0.9994350394724302f,0.030449603770270124f,0.01422756145569692f,-0.009103475181480558f,0.03348339190453037f,0.8654261426107865f,0.4999164471713069f,0.5514081656069699f,0.002909354105245787f,0.5001104011276389f,-0.865956767017062f,-0.014545377674243076f,0f,0f,0f,1f], start_interpolation: 0, interpolation_duration: 1 }
$data merge entity $(bone_leg_right_3) { transformation: [-0.966410674134292f,-0.13663634434991717f,0.2176715836345984f,-0.19350721065137094f,-0.025290175677488792f,0.8934110707790738f,0.4485276642790168f,0.061123940838224394f,-0.25575538300005507f,0.42795696981364795f,-0.8668575523431837f,-0.5647527092945624f,0f,0f,0f,1f], start_interpolation: 0, interpolation_duration: 1 }
$data merge entity $(bone_leg_right_2) { transformation: [-0.89827269517028f,0.25032269853549705f,0.3611713052132295f,-0.14761112222600226f,0.3738554004105765f,0.8672805542265791f,0.32871960672324524f,0.2048468994221472f,-0.2309508707395766f,0.43030569001390645f,-0.8726389336067278f,-0.4835475546142691f,0f,0f,0f,1f], start_interpolation: 0, interpolation_duration: 1 }
$data merge entity $(bone_leg_right_1) { transformation: [-0.9251274602655004f,0.26773193675663426f,0.2691817087085346f,-0.24215985368159634f,0.29172759079134625f,0.955048038752393f,0.05270916852203722f,0.17541343697689832f,-0.2429695351968671f,0.1272904305741373f,-0.9616459594104626f,-0.17812624055976775f,0f,0f,0f,1f], start_interpolation: 0, interpolation_duration: 1 }
$data merge entity $(bone_leg_right_0) { transformation: [-0.9251274602655004f,0.3792492157836849f,0.017584498575869682f,-0.09015869892018824f,0.29172759079134625f,0.7397450726421485f,-0.6063598273902545f,0.4694224879993886f,-0.2429695351968671f,-0.5558302437157611f,-0.7949959403274308f,-0.3026810128759058f,0f,0f,0f,1f], start_interpolation: 0, interpolation_duration: 1 }
$data merge entity $(bone_leg_left_3) { transformation: [-0.9953367153641933f,0.02694784485864299f,-0.09262093016966043f,0.2422550615762969f,-0.024826134806528476f,0.8562758903530433f,0.5159217601833354f,0.05671854870875784f,0.09321204899897156f,0.5158152898640921f,-0.8516138213203424f,-0.5542796422658637f,0f,0f,0f,1f], start_interpolation: 0, interpolation_duration: 1 }
$data merge entity $(bone_leg_left_2) { transformation: [-0.8967731702020504f,-0.37904666894424865f,-0.22830134464788696f,0.17341059467089437f,-0.4127854646824768f,0.9024773241820745f,0.12305624520533093f,0.20766791347885638f,0.15939272678712724f,0.20459301576405775f,-0.9657824064187193f,-0.5114807456033293f,0f,0f,0f,1f], start_interpolation: 0, interpolation_duration: 1 }
$data merge entity $(bone_leg_left_1) { transformation: [-0.9272332571524822f,-0.3090064248040168f,-0.21155026887299877f,0.25008664249524454f,-0.33216565254576935f,0.939511271968325f,0.08357361493499704f,0.16875099305780006f,0.17292907823510123f,0.14776196829461719f,-0.9737874175745231f,-0.2021359098534248f,0f,0f,0f,1f], start_interpolation: 0, interpolation_duration: 1 }
$data merge entity $(bone_leg_left_0) { transformation: [-0.9272332571524822f,-0.37393492327602496f,0.020277080286666572f,0.09696428165867749f,-0.33216565254576935f,0.796240799112591f,-0.505634817924345f,0.4735074864411972f,0.17292907823510123f,-0.4755767687588363f,-0.8625092874384962f,-0.2956056204080391f,0f,0f,0f,1f], start_interpolation: 0, interpolation_duration: 1 }
$data merge entity $(bone_tail_3) { transformation: [-2.043890045119316f,0.7200618604168324f,-1.1262913146558657f,-0.20355364873276416f,-1.1507561288342365f,0.09939781272149917f,2.1518336672732516f,0.726081146485761f,0.6802804864514566f,2.331552855251894f,0.25610050322898176f,-1.5183276395366738f,0f,0f,0f,1f], start_interpolation: 0, interpolation_duration: 1 }
$data merge entity $(bone_tail_2) { transformation: [-1.0601330425884787f,0.021039376688170724f,-0.4610741145853539f,-0.014833910310511927f,-0.3113985114310451f,0.8199555130948066f,0.7534042647370413f,0.4133924160685814f,0.34068014557737897f,0.8149505283598543f,-0.7461278290181717f,-1.2168800012457441f,0f,0f,0f,1f], start_interpolation: 0, interpolation_duration: 1 }
$data merge entity $(bone_tail_1) { transformation: [-1.377585845501994f,-0.04455448956465845f,-0.14018372234309842f,0.02736859011514725f,-0.08439280773988521f,1.3208092283907713f,0.4095365386352379f,0.28417146393829873f,0.12047585879383861f,0.4157610130052909f,-1.3160576308773408f,-0.8248325924540032f,0f,0f,0f,1f], start_interpolation: 0, interpolation_duration: 1 }
$data merge entity $(bone_tail_0) { transformation: [-1.1967765145815432f,-0.019996227858477093f,0.048274893011406216f,0.012712670301034155f,-0.026126295028729832f,1.187450164080512f,-0.1558328104444478f,0.34940799955711843f,-0.04525186329757725f,-0.15673735666514f,-1.1867560870589626f,-0.47489182752335474f,0f,0f,0f,1f], start_interpolation: 0, interpolation_duration: 1 }
$data merge entity $(bone_body_1) { transformation: [-1.019861725469489f,-0.003880971423879881f,0.044358690553802115f,2.6886584692305512e-17f,-0.022264147067961072f,0.9251468603501555f,-0.43093884599097165f,0.48947125f,-0.03856245741880495f,-0.43149614052677365f,-0.9243509679947146f,-0.21954562500000002f,0f,0f,0f,1f], start_interpolation: 0, interpolation_duration: 1 }
data modify entity @s data merge value {"locators":{"body_1":{"posx":0.005084556577717696,"posy":0.26313691987668664,"posz":-0.2233421629284435,"roty":2.7474601139750234,"rotx":-24.970032453816085},"body_0":{"posx":-0.016250747930049214,"posy":0.3305470722305061,"posz":0.07205244276535343,"roty":0.9412778063019118,"rotx":29.994472343287256},"neck_1":{"posx":-0.038711104831513146,"posy":0.14710888393932403,"posz":0.38968082212643435,"roty":358.9076463375368,"rotx":41.259826772376705},"neck_0":{"posx":-0.026628624945052578,"posy":-0.014160805179601874,"posz":0.682708368206698,"roty":357.2186709301649,"rotx":23.81684482038315},"pos_head":{"posx":0.03069265725054441,"posy":0.12126171109798613,"posz":1.0353071846557498,"roty":353.87170744994575,"rotx":2.70336043836815},"head_0":{"posx":0.015888244465916388,"posy":-0.14396052008854954,"posz":0.992836958581614,"roty":353.87170744994575,"rotx":2.70336043836815},"arm_right_0":{"posx":-0.33227181573243647,"posy":-0.10523867125414163,"posz":0.37166619254524647,"roty":339.0443120883982,"rotx":-39.25864162827801},"arm_left_0":{"posx":0.3998841942689815,"posy":-0.09646669828397768,"posz":0.3971839709609106,"roty":2.6316734017412386,"rotx":-45.648038358748344},"pos_wing_r_0":{"posx":-0.22268183959599208,"posy":0.6453123226379667,"posz":1.179602139515493,"roty":327.1098170607932,"rotx":20.5540594036711},"pos_wing_r_1":{"posx":-0.540470580790936,"posy":0.8647441908380833,"posz":0.6881909357482816,"roty":327.1098170607932,"rotx":20.5540594036711},"pos_wing_r_2":{"posx":-0.85825932198588,"posy":1.0841760590382,"posz":0.1967797319810704,"roty":327.1098170607932,"rotx":20.5540594036711},"pos_wing_r_3":{"posx":-1.1760480631808239,"posy":1.3036079272383163,"posz":-0.2946314717861407,"roty":327.1098170607932,"rotx":20.5540594036711},"pos_wing_r_4":{"posx":-1.4938368043757677,"posy":1.523039795438433,"posz":-0.7860426755533518,"roty":327.1098170607932,"rotx":20.5540594036711},"pos_wing_r_5":{"posx":-1.8116255455707118,"posy":1.7424716636385496,"posz":-1.2774538793205632,"roty":327.1098170607932,"rotx":20.5540594036711},"finger_right_0":{"posx":-0.5473258026607939,"posy":0.6868129305823146,"posz":0.5466191451843723,"roty":327.1098170607932,"rotx":20.5540594036711},"finger_right_1":{"posx":-0.9655218167549733,"posy":0.8640048215124335,"posz":0.14798373872677287,"roty":327.1098170607932,"rotx":20.5540594036711},"finger_right_2":{"posx":-1.315007014528508,"posy":1.0827785729860402,"posz":-0.34232126391093315,"roty":327.1098170607932,"rotx":20.5540594036711},"finger_right_3":{"posx":-1.690064379442659,"posy":1.3175599442611343,"posz":-0.8685017637720005,"roty":327.1098170607932,"rotx":20.5540594036711},"pos_wing_l_0":{"posx":0.18283766650167865,"posy":0.6798984929487325,"posz":1.0893575480956406,"roty":32.14899900037457,"rotx":13.85325642422409},"pos_wing_l_1":{"posx":0.505740495173699,"posy":0.829546007743024,"posz":0.5755829043543403,"roty":32.14899900037457,"rotx":13.85325642422409},"pos_wing_l_2":{"posx":0.8286433238457193,"posy":0.9791935225373155,"posz":0.06180826061304007,"roty":32.14899900037457,"rotx":13.85325642422409},"pos_wing_l_3":{"posx":1.1515461525177395,"posy":1.1288410373316071,"posz":-0.4519663831282601,"roty":32.14899900037457,"rotx":13.85325642422409},"pos_wing_l_4":{"posx":1.4744489811897599,"posy":1.2784885521258986,"posz":-0.9657410268695604,"roty":32.14899900037457,"rotx":13.85325642422409},"pos_wing_l_5":{"posx":1.7973518098617802,"posy":1.4281360669201901,"posz":-1.4795156706108608,"roty":32.14899900037457,"rotx":13.85325642422409},"finger_left_0":{"posx":0.5286038629727245,"posy":0.6302790953592593,"posz":0.46825600479747265,"roty":32.14899900037457,"rotx":13.85325642422409},"finger_left_1":{"posx":0.9505941014873891,"posy":0.7613491979689333,"posz":0.05601829849503891,"roty":32.14899900037457,"rotx":13.85325642422409},"finger_left_2":{"posx":1.3051102731813826,"posy":0.9126148582821332,"posz":-0.4556826272669237,"roty":32.14899900037457,"rotx":13.85325642422409},"finger_left_3":{"posx":1.6855667262190834,"posy":1.074948615365754,"posz":-1.0048245728158778,"roty":32.14899900037457,"rotx":13.85325642422409},"leg_right_0":{"posx":-0.29530310211854005,"posy":0.07143648951859469,"posz":-0.10273063978193336,"roty":1.267117530169969,"rotx":-37.3267576407659},"leg_left_0":{"posx":0.30257470135172915,"posy":0.057162050960097105,"posz":-0.13800464795392803,"roty":1.3467416195254032,"rotx":-30.373502062258765},"tail_0":{"posx":0.023053538938003895,"posy":0.1430967857136726,"posz":-0.6292625114121441,"roty":2.329394862990057,"rotx":-7.474592004335941},"tail_1":{"posx":0.008683232242961494,"posy":0.18053373240470066,"posz":-1.1110888102560288,"roty":353.9198986184489,"rotx":17.19383861704338},"tail_2":{"posx":-0.12203342265049408,"posy":0.43818971386044786,"posz":-1.5277989231029858,"roty":328.28576209254993,"rotx":40.66180595154499},"tail_3":{"posx":-0.36812113186422457,"posy":0.9027223440311816,"posz":-1.7139629730399788,"roty":257.18967761513096,"rotx":61.77440634883447},"tail_4":{"posx":-0.569884114663898,"posy":1.288200216006486,"posz":-1.6680853206461441,"roty":257.18967761513096,"rotx":61.77440634883447},"shadow":{"posx":1.7986999862476752e-17,"posy":0.1875,"posz":-0.146875,"roty":0,"rotx":0}},"cameras":{}}