# This file was generated by Animated Java via MC-Build. It is not recommended to edit this file directly.
$data merge entity $(bone_head_lower) { transformation: [-0.9714921835554675f,0.22736184379633675f,-0.06715302879364277f,0.21944116748574757f,0.1408262398994679f,0.7813220823377802f,0.6080327078431985f,0.6538055930009732f,0.1907115818360467f,0.5812421144728636f,-0.7910668093888832f,0.7493115118240693f,0f,0f,0f,1f], start_interpolation: 0, interpolation_duration: 1 }
$data merge entity $(bone_head_upper) { transformation: [-1.0112258090744763f,0.24674274554403186f,0.0035104368062498312f,0.22490979746805514f,0.1465859744337562f,0.5887198836727904f,0.8458093125823984f,0.725378512554167f,0.19851160606998192f,0.8221914975680524f,-0.606684618369237f,0.7260119889846305f,0f,0f,0f,1f], start_interpolation: 0, interpolation_duration: 1 }
$data merge entity $(bone_neck_0) { transformation: [-0.9218739684585856f,-0.3719105838240951f,-0.10876995871121489f,0.22421121462798332f,-0.3817830411015772f,0.9197765356843267f,0.09084510956441078f,0.7164463935631771f,0.06625779807426452f,0.12527426728645913f,-0.9899071987566262f,0.6599478876387161f,0f,0f,0f,1f], start_interpolation: 0, interpolation_duration: 1 }
$data merge entity $(bone_neck_1) { transformation: [-0.9218068977911014f,-0.06302215824033053f,-0.3824921577699033f,0.19151877345005838f,-0.011436892690201117f,0.9906880743526798f,-0.13566995548378313f,0.7095173437880684f,0.3874806326390245f,-0.12068697902470502f,-0.9139438781585835f,0.5819688558187889f,0f,0f,0f,1f], start_interpolation: 0, interpolation_duration: 1 }
$data merge entity $(bone_neck_2) { transformation: [-0.9074968924765524f,0.024882772083561995f,-0.4193211630705491f,0.15502671254678585f,0.047240040996477814f,0.9979568380988109f,-0.04301776166276833f,0.7155192864012087f,0.4173940208868014f,-0.05884723396440264f,-0.9068181925737304f,0.501948629812853f,0f,0f,0f,1f], start_interpolation: 0, interpolation_duration: 1 }
$data merge entity $(bone_body_0) { transformation: [-0.9469835002627748f,-0.06646475961980902f,-0.31433212683202477f,0.006249999999999992f,0.019100388654810067f,0.964990528587132f,-0.26158833095220957f,0.6014264280026265f,0.3207139307596386f,-0.25372369906220527f,-0.9125606057412807f,0.06944520304106766f,0f,0f,0f,1f], start_interpolation: 0, interpolation_duration: 1 }
$data merge entity $(bone_leg_left_3) { transformation: [-0.9683439001312107f,-0.03562499483330722f,-0.2470646693110985f,0.25851611750377546f,-0.054975906625636714f,0.9958977051272936f,0.07187079109679229f,0.041376453155479664f,0.24349074062346795f,0.08317824634672386f,-0.966329984304181f,-0.13673663146634715f,0f,0f,0f,1f], start_interpolation: 0, interpolation_duration: 1 }
$data merge entity $(bone_leg_left_2) { transformation: [-0.9939949083505486f,-0.11899558264107703f,-0.2233301882544977f,0.2223344547048329f,-0.05623134528457985f,0.9864544003109043f,-0.2753324380007452f,0.26272129992844906f,0.24672729375033725f,-0.25457801735393143f,-0.9624852596790615f,-0.2254407359382931f,0f,0f,0f,1f], start_interpolation: 0, interpolation_duration: 1 }
$data merge entity $(bone_leg_left_1) { transformation: [-0.9557512114619349f,0.15357255787802895f,0.2509085316521608f,0.2697824546467944f,0.290654009955147f,0.3613800429653504f,0.8859597682983998f,0.3081204244473631f,0.045385771845780284f,0.9196846927143894f,-0.39002589362861806f,0.044190479714103836f,0f,0f,0f,1f], start_interpolation: 0, interpolation_duration: 1 }
$data merge entity $(bone_leg_left_0) { transformation: [-0.9829030850065907f,0.08682782152769376f,-0.16236518990621607f,0.20280375000000003f,0.16344044588750611f,0.8175126051608972f,-0.5522321622751937f,0.6930617318492625f,0.08478647375979159f,-0.5693277349750298f,-0.8177268395103479f,-0.10291941643162439f,0f,0f,0f,1f], start_interpolation: 0, interpolation_duration: 1 }
$data merge entity $(bone_leg_right_3) { transformation: [-0.9945418884019299f,-0.004037128985334721f,0.10425993383596079f,-0.18353776199512833f,-0.0006279513766378581f,0.9994646556949996f,0.03271097206663984f,0.016826252420423293f,-0.10433617728761076f,0.03246696176163841f,-0.9940120011865939f,-0.10726035592733128f,0f,0f,0f,1f], start_interpolation: 0, interpolation_duration: 1 }
$data merge entity $(bone_leg_right_2) { transformation: [-1.0204194276953538f,0.016963919462411423f,0.10256030674219717f,-0.17483086759741218f,-0.0011052763158770978f,1.0101237574177067f,-0.17807574951490143f,0.24678301005815548f,-0.1039479169913776f,-0.17726934206878853f,-1.004904279230787f,-0.17947636296665698f,0f,0f,0f,1f], start_interpolation: 0, interpolation_duration: 1 }
$data merge entity $(bone_leg_right_1) { transformation: [-0.9385028940225167f,-0.037984791820324215f,-0.3431755724140737f,-0.1856402747565712f,-0.32123916926706786f,0.46039272132392706f,0.8275529821591805f,0.3215693394888508f,0.12656110792800676f,0.8869023045084029f,-0.4442821043185511f,0.08755087779150367f,0f,0f,0f,1f], start_interpolation: 0, interpolation_duration: 1 }
$data merge entity $(bone_leg_right_0) { transformation: [-0.9561733076250295f,-0.2732078338838861f,0.10530947388476282f,-0.19030374999999997f,-0.2782294233402652f,0.7357378168937175f,-0.6174773297702598f,0.6930617318492625f,0.09121948132473726f,-0.6197155349811247f,-0.7795073199976409f,-0.10291941643162444f,0f,0f,0f,1f], start_interpolation: 0, interpolation_duration: 1 }
$data merge entity $(bone_tail_4) { transformation: [-2.4507787787150312f,0.7725550368322569f,-1.0111891140954639f,-0.7476023458676386f,0.5313710474928844f,2.6151521913144324f,0.7101303808101991f,0.5007487956849823f,1.1562826295012714f,0.43565934275352575f,-2.4695895912854002f,-1.557841553154768f,0f,0f,0f,1f], start_interpolation: 0, interpolation_duration: 1 }
$data merge entity $(bone_tail_3) { transformation: [-1.327446863748434f,0.18179843331565498f,-1.5939823335322332f,-0.4791008867203401f,0.10689800064445845f,2.0743059340962353f,0.14755756597276054f,0.4554297733292626f,1.600750813658112f,0.012237134532299215f,-1.3316878805319863f,-1.3321562499486022f,0f,0f,0f,1f], start_interpolation: 0, interpolation_duration: 1 }
$data merge entity $(bone_tail_2) { transformation: [-1.2699653245905156f,-0.031106901881767072f,-1.4849223245664405f,-0.20400354133816057f,0.18269206495650717f,1.9356315585701482f,-0.19679419166225934f,0.49260906358883977f,1.473969320828086f,-0.26671465112624154f,-1.255010602001024f,-1.097826066428398f,0f,0f,0f,1f], start_interpolation: 0, interpolation_duration: 1 }
$data merge entity $(bone_tail_1) { transformation: [-1.368743128960952f,-0.029611063790223786f,-0.6429009891292706f,-0.06398879795006479f,0.09412018525728529f,1.4854440666989726f,-0.268800233325704f,0.532203935843629f,0.6366630880216927f,-0.2832584678522954f,-1.3424161064068967f,-0.8060988055768953f,0f,0f,0f,1f], start_interpolation: 0, interpolation_duration: 1 }
$data merge entity $(bone_tail_0) { transformation: [-1.2542164873050852f,-0.03835507622583407f,-0.24352742696425708f,0.006250000000000058f,0.03777573941940478f,1.217840099140539f,-0.38636019854626247f,0.674496016689329f,0.2436179654036999f,-0.3863031162663596f,-1.1938408209972922f,-0.46655295257333995f,0f,0f,0f,1f], start_interpolation: 0, interpolation_duration: 1 }
$data merge entity $(bone_body_1) { transformation: [-1.2363675f,4.967246545101597e-18f,1.5132984971358084e-16f,0.006250000000000022f,0f,1.2357019984777862f,-0.04056064612719347f,0.6006925000000001f,-1.5141135014448153e-16f,-0.04056064612719347f,-1.2357019984777862f,-0.17653749999999999f,0f,0f,0f,1f], start_interpolation: 0, interpolation_duration: 1 }