# This file was generated by Animated Java via MC-Build. It is not recommended to edit this file directly.
$data merge entity $(bone_head_lower) { transformation: [-0.7774869552946974f,0.3150504402100444f,-0.5442951905630237f,0.1588774530178031f,0.17832586937406625f,0.9403910137975253f,0.2895938975200378f,0.36070624327624995f,0.6030869909545093f,0.12809356460150478f,-0.7873233897510703f,0.8484375330489606f,0f,0f,0f,1f], start_interpolation: 0, interpolation_duration: 1 }
$data merge entity $(bone_head_upper) { transformation: [-0.8001569759955521f,0.37760421274507844f,-0.548302667207018f,0.12930952283165387f,0.0899025835172626f,0.9107069208367825f,0.4959862623101727f,0.41537582102308557f,0.6596501207656087f,0.3339160155498136f,-0.7326893989384325f,0.805630626301491f,0f,0f,0f,1f], start_interpolation: 0, interpolation_duration: 1 }
$data merge entity $(bone_neck_0) { transformation: [-0.9537966777067588f,-0.06516297813107312f,-0.29330135334948315f,0.11171002025117405f,-0.033398514911376014f,0.9931425627264743f,-0.11203744598483942f,0.39202149565526956f,0.2985907513592202f,-0.09706511413572061f,-0.9494324235144678f,0.7457176122742301f,0f,0f,0f,1f], start_interpolation: 0, interpolation_duration: 1 }
$data merge entity $(bone_neck_1) { transformation: [-0.997686849133644f,-0.04144823133088465f,0.05387945049202715f,0.11608337005492399f,-0.02560729971604884f,0.9633751875902725f,0.26693166566868737f,0.4190722602828492f,-0.06296997115319157f,0.2649345052177028f,-0.9622081327228621f,0.6654264745995865f,0f,0f,0f,1f], start_interpolation: 0, interpolation_duration: 1 }
$data merge entity $(bone_neck_2) { transformation: [-0.9916359631232061f,-0.036057298716108535f,-0.12392734908005007f,0.10487338133015109f,-0.07608387923080998f,0.9389195112679367f,0.3356209091841127f,0.4576677779242041f,0.1042562226531481f,0.34224263698387475f,-0.933809733012256f,0.5869685077324355f,0f,0f,0f,1f], start_interpolation: 0, interpolation_duration: 1 }
$data merge entity $(bone_body_0) { transformation: [-0.9761161148953246f,-0.062025384355326015f,-0.20820706505119269f,0.006155303030303016f,-0.08772074592276487f,0.9893050298712504f,0.1165359541351863f,0.5220151031391004f,0.19875210936342594f,0.13201670184873812f,-0.9711174951861232f,0.13054209804780906f,0f,0f,0f,1f], start_interpolation: 0, interpolation_duration: 1 }
$data merge entity $(bone_leg_left_3) { transformation: [-0.9743118038337908f,0.0173419882310556f,-0.2245345504690512f,0.20424228146169796f,-0.007400757972005595f,0.9940265117975332f,0.10888766057303154f,0.023425689063594185f,0.2250816245089429f,0.10775225885252654f,-0.9683634199104141f,-0.14018774333356593f,0f,0f,0f,1f], start_interpolation: 0, interpolation_duration: 1 }
$data merge entity $(bone_leg_left_2) { transformation: [-1.0000475591167204f,-0.051910956108958156f,-0.22197371835701116f,0.18373047874961046f,-0.007205292126984671f,1.00545187580601f,-0.202674144143337f,0.2515203444719947f,0.22784899115587218f,-0.1960458557958396f,-0.9806696993153312f,-0.21583935395514497f,0f,0f,0f,1f], start_interpolation: 0, interpolation_duration: 1 }
$data merge entity $(bone_leg_left_1) { transformation: [-0.9290706694050604f,0.16427556349171768f,0.33142303856357264f,0.22928460366030395f,0.3610263598644822f,0.20760669083850894f,0.9091531385867205f,0.2525124559191828f,0.08054600383777046f,0.9643199682463087f,-0.25218909593240435f,0.057907286349832846f,0f,0f,0f,1f], start_interpolation: 0, interpolation_duration: 1 }
$data merge entity $(bone_leg_left_0) { transformation: [-0.9682903215067232f,0.1840385995873549f,-0.1689486523720498f,0.20270905303030304f,0.23291029091495877f,0.9096229435990824f,-0.34400421053244384f,0.6647458687305748f,0.09036951732921748f,-0.3724458273897908f,-0.9236435762769198f,-0.0026289179830930876f,0f,0f,0f,1f], start_interpolation: 0, interpolation_duration: 1 }
$data merge entity $(bone_leg_right_3) { transformation: [-0.989518680475506f,0.02019541910672971f,0.1429857546649921f,-0.18507343668435972f,0.018843654980534145f,0.999764090862363f,-0.010801818787954179f,0.01925115523646942f,-0.14317017027645254f,-0.007994227245753705f,-0.9896657994867535f,-0.07198331310269596f,0f,0f,0f,1f], start_interpolation: 0, interpolation_duration: 1 }
$data merge entity $(bone_leg_right_2) { transformation: [-1.015388075995522f,0.018895732156289095f,0.14384785689430432f,-0.17464807485022762f,0.01835313120130323f,1.025523632635907f,-0.005161490197198601f,0.2581112391958787f,-0.14391809198955585f,-0.0025356877224557432f,-1.0155507631756053f,-0.10373617419499767f,0f,0f,0f,1f], start_interpolation: 0, interpolation_duration: 1 }
$data merge entity $(bone_leg_right_1) { transformation: [-0.9409785460017615f,-0.07627392600571185f,-0.32976000997101873f,-0.1966202585121828f,-0.3370787634341336f,0.29930758085094156f,0.8926325555831316f,0.28536873792711415f,0.03061508135097064f,0.9511031806575102f,-0.3073523328966957f,0.1715593716603752f,0f,0f,0f,1f], start_interpolation: 0, interpolation_duration: 1 }
$data merge entity $(bone_leg_right_0) { transformation: [-0.9561733076250296f,-0.2296605774053841f,0.18162770981113044f,-0.19039844696969696f,-0.29277016844531983f,0.758947375596445f,-0.5816223083271204f,0.6647458687305748f,-0.0042701585344914195f,-0.6093069015373898f,-0.7929229883696122f,-0.002628917983093143f,0f,0f,0f,1f], start_interpolation: 0, interpolation_duration: 1 }
$data merge entity $(bone_tail_4) { transformation: [-1.1708853812826547f,-0.6265249357266706f,-2.4211888113923017f,-0.3887561080148718f,-0.7437225145470489f,2.639687406538067f,-0.32340152862988647f,0.6394962317610959f,2.38779512874417f,0.51495459244192f,-1.2879897214141842f,-1.6111455134197796f,0f,0f,0f,1f], start_interpolation: 0, interpolation_duration: 1 }
$data merge entity $(bone_tail_3) { transformation: [-1.093236766394581f,-0.9544651944851883f,-1.4932431453597625f,-0.1262170608152296f,-0.857864139161054f,1.8202562069363746f,-0.5354269192854522f,0.7124722150349498f,1.5507572399924587f,0.33407942120160333f,-1.348884149578835f,-1.3856938378982084f,0f,0f,0f,1f], start_interpolation: 0, interpolation_duration: 1 }
$data merge entity $(bone_tail_2) { transformation: [-1.5162567727550416f,-0.9996398467419031f,-0.7214287566233185f,0.006535913667492191f,-0.9916130830784458f,1.6684196568859389f,-0.22771301453154108f,0.7544673290229037f,0.7324225334770239f,0.18939350655502155f,-1.8017938858628275f,-1.0501576369656278f,0f,0f,0f,1f], start_interpolation: 0, interpolation_duration: 1 }
$data merge entity $(bone_tail_1) { transformation: [-1.343703490519406f,-0.6862996158221648f,-0.1054040648566923f,0.03889073280299161f,-0.6817603057136274f,1.3475747896000716f,-0.08307419567822646f,0.7565225940310305f,0.13160571841385224f,-0.026292085437862815f,-1.5065340723409153f,-0.7257726518579881f,0f,0f,0f,1f], start_interpolation: 0, interpolation_duration: 1 }
$data merge entity $(bone_tail_0) { transformation: [-1.257061337527622f,-0.21140021740217432f,0.09456457243390326f,0.006155303030303075f,-0.20627117740974205f,1.2593334803632548f,0.07326051590180246f,0.7655041287385869f,-0.10528395721710038f,0.056787761907940756f,-1.2726060486396495f,-0.35251719647565133f,0f,0f,0f,1f], start_interpolation: 0, interpolation_duration: 1 }
$data merge entity $(bone_body_1) { transformation: [-1.2363675f,-4.4540532050875456e-17f,1.4471191366711906e-16f,0.006155303030303045f,0f,1.1816624496783328f,0.36370104492075844f,0.6013553787878788f,-1.5141135014448153e-16f,0.36370104492075844f,-1.1816624496783328f,-0.10229507575757574f,0f,0f,0f,1f], start_interpolation: 0, interpolation_duration: 1 }