# This file was generated by Animated Java via MC-Build. It is not recommended to edit this file directly.
$data merge entity $(bone_head_lower) { transformation: [-0.9798028733215118f,0.17954837299288642f,-0.08802676403524642f,0.2230287540280094f,0.11192604976615861f,0.8572161609456951f,0.502646011420829f,0.7415369067062747f,0.16570723826873998f,0.48264151828156265f,-0.8599989976832619f,0.7346762937410743f,0f,0f,0f,1f], start_interpolation: 0, interpolation_duration: 1 }
$data merge entity $(bone_head_upper) { transformation: [-1.0198764025891645f,0.20564847007938278f,-0.032136782342059536f,0.22511451215105874f,0.11650377856574044f,0.6971840870689799f,0.7640897597149209f,0.8099024922196069f,0.17248459526924886f,0.7450603989444813f,-0.7061203926406608f,0.7027818926294642f,0f,0f,0f,1f], start_interpolation: 0, interpolation_duration: 1 }
$data merge entity $(bone_neck_0) { transformation: [-0.9048219702468695f,-0.4137583230271911f,-0.10050498636535274f,0.2256241152645486f,-0.41301696823400286f,0.9102595856027803f,-0.029059779232604888f,0.7933816687041451f,0.10350935276276202f,0.015216338060833001f,-0.9945120798394821f,0.6381944406799208f,0f,0f,0f,1f], start_interpolation: 0, interpolation_duration: 1 }
$data merge entity $(bone_neck_1) { transformation: [-0.9220243918655905f,-0.10378140241195205f,-0.3729617156201107f,0.19355125488077116f,-0.0055740206820009755f,0.9668563020620526f,-0.25526030137161904f,0.7762119570130755f,0.3870916572316232f,-0.23327732782313343f,-0.892043573613629f,0.5615519624333276f,0f,0f,0f,1f], start_interpolation: 0, interpolation_duration: 1 }
$data merge entity $(bone_neck_2) { transformation: [-0.9084313967955572f,-0.00949851585185292f,-0.41792604072094497f,0.1568448028615489f,0.06478786212310202f,0.9844631619190017f,-0.16320176391803898f,0.7715527681252892f,0.4129829660380568f,-0.1753341410594455f,-0.8937018567404656f,0.48154034619412706f,0f,0f,0f,1f], start_interpolation: 0, interpolation_duration: 1 }
$data merge entity $(bone_body_0) { transformation: [-0.9436561680063107f,-0.09750754095547785f,-0.3162361713031279f,0.006874999999999993f,0.028758757679915314f,0.9278268716447841f,-0.3719008337051175f,0.6051160105641997f,0.3296755532949833f,-0.36004107503265426f,-0.8727453545272971f,0.06678889210946165f,0f,0f,0f,1f], start_interpolation: 0, interpolation_duration: 1 }
$data merge entity $(bone_leg_left_3) { transformation: [-0.9649937713832638f,-0.036106917246471804f,-0.25977550253721343f,0.2659363175589266f,-0.05826485137796064f,0.9952409727374725f,0.0781064227735132f,0.044095970969148524f,0.25571904169500065f,0.09050799252843386f,-0.9625051038841632f,-0.13778569406538105f,0f,0f,0f,1f], start_interpolation: 0, interpolation_duration: 1 }
$data merge entity $(bone_leg_left_2) { transformation: [-0.9905982447339189f,-0.1239950659726842f,-0.23537744294048887f,0.22822223783343595f,-0.05958699078552501f,0.987837010400883f,-0.2696101461593509f,0.2659347407198729f,0.2592811361435674f,-0.24670927018936775f,-0.9612335969697612f,-0.2245974472556035f,0f,0f,0f,1f], start_interpolation: 0, interpolation_duration: 1 }
$data merge entity $(bone_leg_left_1) { transformation: [-0.9556797473289201f,0.16472615330317714f,0.24401130089253978f,0.27906470110455406f,0.2883900422313695f,0.3570618002418945f,0.8884469901743194f,0.3100739090468912f,0.05922334072914432f,0.919441224454264f,-0.3887421133436973f,0.044623954953971645f,0f,0f,0f,1f], start_interpolation: 0, interpolation_duration: 1 }
$data merge entity $(bone_leg_left_0) { transformation: [-0.9831163694791115f,0.06287751329358617f,-0.1718389431538324f,0.20342875000000002f,0.15135215494173462f,0.8071981144815883f,-0.57054686851464f,0.6910507701570503f,0.10283350259863915f,-0.5869221603410316f,-0.8030863268938851f,-0.10848748408182718f,0f,0f,0f,1f], start_interpolation: 0, interpolation_duration: 1 }
$data merge entity $(bone_leg_right_3) { transformation: [-0.99537673713442f,-0.0013040716016192826f,0.09603879720661819f,-0.18495181412317216f,0.002051878095907873f,0.9993909136512167f,0.03483664030395048f,0.01743697991779647f,-0.09602573075960245f,0.03487264126281728f,-0.9947677909559801f,-0.10518027715030857f,0f,0f,0f,1f], start_interpolation: 0, interpolation_duration: 1 }
$data merge entity $(bone_leg_right_2) { transformation: [-1.021250512697633f,0.0162836793055446f,0.09404483826234368f,-0.17666535950907167f,0.0015831496026605988f,1.0134137783080213f,-0.15827889017014107f,0.2487682775090864f,-0.0954310403005848f,-0.15744699179225422f,-1.009041902412092f,-0.17291680710774143f,0f,0f,0f,1f], start_interpolation: 0, interpolation_duration: 1 }
$data merge entity $(bone_leg_right_1) { transformation: [-0.9384947896161664f,-0.029010986008048523f,-0.34407251060517535f,-0.1849891324180115f,-0.31696758306545536f,0.46763901966784993f,0.825133503482762f,0.325736591137901f,0.13696379502974945f,0.8834433258420906f,-0.448072325496806f,0.09357893237314135f,0f,0f,0f,1f], start_interpolation: 0, interpolation_duration: 1 }
$data merge entity $(bone_leg_right_0) { transformation: [-0.9561733076250295f,-0.2733522631039829f,0.10493400803048324f,-0.18967874999999998f,-0.2750890469913564f,0.7159061432659201f,-0.6417198845754303f,0.6910507701570503f,0.10029268174098216f,-0.6424616208693303f,-0.7597265585058581f,-0.10848748408182723f,0f,0f,0f,1f], start_interpolation: 0, interpolation_duration: 1 }
$data merge entity $(bone_tail_4) { transformation: [-2.416968262882607f,0.9046344606754221f,-0.9826302663650871f,-0.7799611641340949f,0.6650041311928452f,2.5769549736201456f,0.7367047583875433f,0.4912097234278865f,1.1583156967401778f,0.4081677205425324f,-2.473330788671914f,-1.5263421684887726f,0f,0f,0f,1f], start_interpolation: 0, interpolation_duration: 1 }
$data merge entity $(bone_tail_3) { transformation: [-1.2523338559884576f,0.26438630207261127f,-1.642469275957969f,-0.5040462984765856f,0.15898064226642838f,2.0654400697611264f,0.21125340152090724f,0.4351770006300183f,1.655998367926152f,0.001651528373851528f,-1.2623835407372814f,-1.312304731763742f,0f,0f,0f,1f], start_interpolation: 0, interpolation_duration: 1 }
$data merge entity $(bone_tail_2) { transformation: [-1.1924258824058913f,0.02489405130367054f,-1.5479905284532582f,-0.21715405000001242f,0.23365376259008908f,1.934429026257652f,-0.14887624592977913f,0.46348584666355513f,1.5304575489698502f,-0.27593206334954995f,-1.1833575377795311f,-1.0912551197544775f,0f,0f,0f,1f], start_interpolation: 0, interpolation_duration: 1 }
$data merge entity $(bone_tail_1) { transformation: [-1.3500203211048454f,-0.016340278742079144f,-0.6817876340141423f,-0.06895144337420858f,0.12307543858097246f,1.4814018136458222f,-0.27920843996013234f,0.5053421981937406f,0.6707859710981381f,-0.3046931436995272f,-1.32093320011287f,-0.8039213239268252f,0f,0f,0f,1f], start_interpolation: 0, interpolation_duration: 1 }
$data merge entity $(bone_tail_0) { transformation: [-1.250058029583657f,-0.04419197966277333f,-0.26313059151481727f,0.006875000000000059f,0.04842637429995364f,1.2020475852872272f,-0.4319400485731034f,0.6605726691003859f,0.2623843088479442f,-0.4323937883719645f,-1.1738934375963415f,-0.47131680999458725f,0f,0f,0f,1f], start_interpolation: 0, interpolation_duration: 1 }
$data merge entity $(bone_body_1) { transformation: [-1.2363675f,9.926192261826441e-18f,1.5108563022258618e-16f,0.0068750000000000235f,0f,1.2337077949967115f,-0.08105351084686166f,0.5963175000000001f,-1.5141135014448153e-16f,-0.08105351084686166f,-1.2337077949967115f,-0.1790375f,0f,0f,0f,1f], start_interpolation: 0, interpolation_duration: 1 }