# This file was generated by Animated Java via MC-Build. It is not recommended to edit this file directly.
$data merge entity $(bone_head_lower) { transformation: [-0.9885380429052828f,0.049415044686447515f,-0.1426558484171951f,0.033604592145818776f,0.03191966045392769f,0.9919647385440717f,0.12242178221908517f,0.4017752459531462f,0.1475590492158963f,0.11646506276058743f,-0.9821721927191143f,0.8265359474866084f,0f,0f,0f,1f], start_interpolation: 0, interpolation_duration: 1 }
$data merge entity $(bone_head_upper) { transformation: [-1.0293759274585903f,0.1180489868534195f,-0.09960712452006307f,0.029069150466719255f,0.012605306092123738f,0.7332251049278043f,0.7387110357544695f,0.469168327569393f,0.15394235547956908f,0.729326624215789f,-0.7265372454202954f,0.7928750085389461f,0f,0f,0f,1f], start_interpolation: 0, interpolation_duration: 1 }
$data merge entity $(bone_neck_0) { transformation: [-0.99755011156298f,0.004306105652697202f,-0.06982286426947817f,0.024806710356291697f,-0.0011103262448578354f,0.9970033720633356f,0.07735013425953374f,0.4579870569463735f,0.06994670897416218f,0.07723816121869886f,-0.9945560438483284f,0.7272888282426618f,0f,0f,0f,1f], start_interpolation: 0, interpolation_duration: 1 }
$data merge entity $(bone_neck_1) { transformation: [-0.999988815625432f,-0.0033379904066419335f,-0.0033505886186197993f,0.02450749381926438f,-0.004000420809398178f,0.9748731805890718f,0.22272466949463587f,0.4813458785976825f,0.002522946173383833f,0.22273558222294032f,-0.974875630608548f,0.6457301820728194f,0f,0f,0f,1f], start_interpolation: 0, interpolation_duration: 1 }
$data merge entity $(bone_neck_2) { transformation: [-0.9995662947625529f,-0.0014884567534475257f,-0.02941099915260226f,0.021916296789101054f,-0.010450576282846702f,0.9516479639587266f,0.30701292830851035f,0.5175597420616038f,0.027531941995029268f,0.30718713708373796f,-0.9512507844833976f,0.5654010330352006f,0f,0f,0f,1f], start_interpolation: 0, interpolation_duration: 1 }
$data merge entity $(bone_body_0) { transformation: [-0.9990302094852103f,-0.007818879687284624f,-0.04333019335720478f,0.0014204545454545357f,-0.011850966540105982f,0.9955398670738195f,0.09359448519387803f,0.571154233612871f,0.04240513091599027f,0.09401722282155289f,-0.9946670632351915f,0.09751380770284584f,0f,0f,0f,1f], start_interpolation: 0, interpolation_duration: 1 }
$data merge entity $(bone_leg_left_3) { transformation: [-0.9837163278957392f,0.012608114800967227f,-0.1792853080218447f,0.1839195743830611f,0.007182426223190463f,0.9994972968862296f,0.03087986837194928f,0.029439453680771915f,0.1795845176647211f,0.029089327222988737f,-0.983312367489011f,-0.1249566534217988f,0f,0f,0f,1f], start_interpolation: 0, interpolation_duration: 1 }
$data merge entity $(bone_leg_left_2) { transformation: [-1.0095538699433746f,-0.04731076166914037f,-0.17499964289487988f,0.16591703176641745f,0.0074247095713071655f,0.9785329528604548f,-0.30737653351333666f,0.24804627109459879f,0.1811299447105073f,-0.30380446260247634f,-0.9627860567814035f,-0.22524643308826997f,0f,0f,0f,1f], start_interpolation: 0, interpolation_duration: 1 }
$data merge entity $(bone_leg_left_1) { transformation: [-0.9377050752419439f,0.11445992406938071f,0.3280367626464017f,0.19828935914965118f,0.34659309936950905f,0.37376043928292085f,0.8603350263103763f,0.2970537407002562f,-0.024133282721952053f,0.9204357988524078f,-0.39014808067705875f,0.045979830393733115f,0f,0f,0f,1f], start_interpolation: 0, interpolation_duration: 1 }
$data merge entity $(bone_leg_left_0) { transformation: [-0.9587472876262233f,0.2586986836771254f,-0.11780759539640208f,0.19797420454545456f,0.28425493506176724f,0.8700934770919746f,-0.40266173522576987f,0.7045118199614351f,-0.0016644405637539217f,-0.4195382368577627f,-0.9077361386724061f,-0.045042655217347655f,0f,0f,0f,1f], start_interpolation: 0, interpolation_duration: 1 }
$data merge entity $(bone_leg_right_3) { transformation: [-0.9859838784159974f,-0.007153269739096205f,0.16668719877599142f,-0.1791065914949638f,-0.005170024864834729f,0.9999106305786517f,0.012328896897137898f,0.026670006796736284f,-0.1667604939625814f,0.01129431661690955f,-0.9859327441897409f,-0.11314831339444376f,0f,0f,0f,1f], start_interpolation: 0, interpolation_duration: 1 }
$data merge entity $(bone_leg_right_2) { transformation: [-1.0118388198591939f,0.04047055549598855f,0.16311510127665688f,-0.16306223175251147f,-0.005451500285141812f,0.9870893623379136f,-0.2787240057918707f,0.2481537410874406f,-0.1679722693520839f,-0.275824082338493f,-0.9735340732771164f,-0.20726848143039184f,0f,0f,0f,1f], start_interpolation: 0, interpolation_duration: 1 }
$data merge entity $(bone_leg_right_1) { transformation: [-0.9388529294108445f,-0.10085478356769362f,-0.3292164782756011f,-0.19169876016222087f,-0.34181229272558983f,0.3881497450188204f,0.8558645523583159f,0.3014026453221954f,0.04146725790730961f,0.9160611814029336f,-0.3988889299646084f,0.06357813401496215f,0f,0f,0f,1f], start_interpolation: 0, interpolation_duration: 1 }
$data merge entity $(bone_leg_right_0) { transformation: [-0.9561733076250295f,-0.26698950492410417f,0.12020486698046964f,-0.19513329545454544f,-0.29238427691228797f,0.8487371954563147f,-0.4406320547389037f,0.7045118199614351f,0.01562179246722746f,-0.45646662233873303f,-0.8896033848242595f,-0.04504265521734771f,0f,0f,0f,1f], start_interpolation: 0, interpolation_duration: 1 }
$data merge entity $(bone_tail_4) { transformation: [-2.7190496591165094f,-0.10038527223220917f,-0.47154329597319455f,-0.0639574885865255f,-0.16125805619970732f,2.734736332844106f,0.34766990196602315f,0.6761357425634271f,0.4543414158637649f,0.36986662263745484f,-2.698598504944682f,-1.808123153118214f,0f,0f,0f,1f], start_interpolation: 0, interpolation_duration: 1 }
$data merge entity $(bone_tail_3) { transformation: [-2.0569343883307267f,-0.1704400778108516f,-0.2755297225759418f,-0.015569939630411938f,-0.15741718868192456f,2.073549929383881f,-0.10749904699125068f,0.6740722944714308f,0.28317181507774386f,-0.08536039053553231f,-2.0611823919579852f,-1.457787470204302f,0f,0f,0f,1f], start_interpolation: 0, interpolation_duration: 1 }
$data merge entity $(bone_tail_2) { transformation: [-1.94280233545725f,-0.18714327645496298f,-0.09628267976295053f,0.0008476734902285264f,-0.1684548964375814f,1.9186849390135967f,-0.3302195143709273f,0.7357913744423225f,0.12615826651804193f,-0.3199990216904867f,-1.923657608024118f,-1.1001665799921834f,0f,0f,0f,1f], start_interpolation: 0, interpolation_duration: 1 }
$data merge entity $(bone_tail_1) { transformation: [-1.508142783839796f,-0.1140360329589175f,-0.012544988598778603f,0.006382025007155156f,-0.11197717613249736f,1.499181231836946f,-0.16605118528107463f,0.7533047749069648f,0.024954069354365137f,-0.1646440624342426f,-1.5033049847345705f,-0.7746833565285458f,0f,0f,0f,1f], start_interpolation: 0, interpolation_duration: 1 }
$data merge entity $(bone_tail_0) { transformation: [-1.277690911504602f,-0.03376820507641552f,0.014190122215275568f,0.0014204545454545967f,-0.03366058665629867f,1.277735003752835f,0.009794982119659066f,0.781276475200735f,-0.014443550412593164f,0.009417276394360428f,-1.278099532642438f,-0.4009657116387034f,0f,0f,0f,1f], start_interpolation: 0, interpolation_duration: 1 }
$data merge entity $(bone_body_1) { transformation: [-1.2363675f,-3.4610286213574484e-17f,1.4740259509516529e-16f,0.0014204545454545648f,0f,1.203633530890643f,0.2826144341182414f,0.6344993181818182f,-1.5141135014448153e-16f,0.2826144341182414f,-1.203633530890643f,-0.1401738636363636f,0f,0f,0f,1f], start_interpolation: 0, interpolation_duration: 1 }