# This file was generated by Animated Java via MC-Build. It is not recommended to edit this file directly.
$data merge entity $(bone_head_lower) { transformation: [-0.9961226612576372f,0.02637864337788577f,-0.08392741448742713f,0.01912189309809841f,0.017285837804167137f,0.9940786980263718f,0.10727880471743395f,0.40516922419495094f,0.08626032425402831f,0.10541209277751601f,-0.9906802951284812f,0.8218516426067473f,0f,0f,0f,1f], start_interpolation: 0, interpolation_duration: 1 }
$data merge entity $(bone_head_upper) { transformation: [-1.0370227813863173f,0.06970814280249857f,-0.056537317731912326f,0.01646771575327552f,0.005952011735544593f,0.707648864847763f,0.7633279768353047f,0.473682959792175f,0.08955594355257884f,0.7601616943060248f,-0.7054118471274128f,0.7903194389264974f,0f,0f,0f,1f], start_interpolation: 0, interpolation_duration: 1 }
$data merge entity $(bone_neck_0) { transformation: [-0.999204338990655f,0.0032549854112392785f,-0.03975039637815397f,0.014167413977185168f,-0.0007070201784229856f,0.9950619198848306f,0.09925359297064434f,0.4639493909692083f,0.039877174733361435f,0.09920272508902002f,-0.9942678865729283f,0.7244050815830143f,0f,0f,0f,1f], start_interpolation: 0, interpolation_duration: 1 }
$data merge entity $(bone_neck_1) { transformation: [-0.9999969877192516f,-0.0024284533361194575f,-0.00035660456665575005f,0.014126017308991653f,-0.002447401514995547f,0.9754881580947086f,0.22003832312308091f,0.4870834769490468f,-0.0001864892679672072f,0.22003853306043308f,-0.9754911630508837f,0.6427818667680822f,0f,0f,0f,1f], start_interpolation: 0, interpolation_duration: 1 }
$data merge entity $(bone_neck_2) { transformation: [-0.9998677553143227f,-0.0014234892978225366f,-0.016200171632312618f,0.01269282392280733f,-0.006292251406361684f,0.952438634297756f,0.304665481256516f,0.5230994276021486f,0.01499598129288447f,0.3047271264184473f,-0.9523216363024727f,0.5623348180378039f,0f,0f,0f,1f], start_interpolation: 0, interpolation_duration: 1 }
$data merge entity $(bone_body_0) { transformation: [-0.9996798602673699f,-0.004896105811470849f,-0.024823479282619194f,0.0009469696969696898f,-0.007142633328766273f,0.9958037148350882f,0.09123565262422911f,0.5755847236886981f,0.02427261347573722f,0.09138374947725167f,-0.995519889588619f,0.09402057171773148f,0f,0f,0f,1f], start_interpolation: 0, interpolation_duration: 1 }
$data merge entity $(bone_leg_left_3) { transformation: [-0.9843033534303447f,0.01239901870122622f,-0.17604877949314085f,0.18236063935787358f,0.008079369332336113f,0.9996489657620296f,0.02523230156160966f,0.031097294847410917f,0.1762998361229231f,0.023413875931826256f,-0.9840580055041872f,-0.12479443738417889f,0f,0f,0f,1f], start_interpolation: 0, interpolation_duration: 1 }
$data merge entity $(bone_leg_left_2) { transformation: [-1.0101459321266748f,-0.046748453489922445f,-0.1717031665547442f,0.16459012733322123f,0.008321216954863108f,0.9761842774368289f,-0.3147335592754934f,0.24893066520305562f,0.17775869221226773f,-0.3113535580046112f,-0.9610010451407152f,-0.2267939654610176f,0f,0f,0f,1f], start_interpolation: 0, interpolation_duration: 1 }
$data merge entity $(bone_leg_left_1) { transformation: [-0.9380568976279239f,0.11099672563968861f,0.3282209373424286f,0.19601885075554218f,0.34505644745126157f,0.3850954246612376f,0.8559424992236894f,0.30128106266576926f,-0.03138956649891068f,0.916177515988167f,-0.3995415551763814f,0.043918163726620996f,0f,0f,0f,1f], start_interpolation: 0, interpolation_duration: 1 }
$data merge entity $(bone_leg_left_0) { transformation: [-0.9578073529984179f,0.2637418182897283f,-0.1142161452133281f,0.19750071969696972f,0.2872919730984181f,0.8671299990829882f,-0.40687699232514357f,0.708271865916691f,-0.008270231881993523f,-0.4225231567329356f,-0.9063143964922178f,-0.049160129650852424f,0f,0f,0f,1f], start_interpolation: 0, interpolation_duration: 1 }
$data merge entity $(bone_leg_right_3) { transformation: [-0.9857059867571157f,-0.009085688099357933f,0.1682294800055631f,-0.17918243825848623f,-0.006832518525740832f,0.9998791063381512f,0.01396744067522332f,0.02924929101878404f,-0.16833604593721563f,0.012618358854528777f,-0.9856488992831284f,-0.117470657534196f,0f,0f,0f,1f], start_interpolation: 0, interpolation_duration: 1 }
$data merge entity $(bone_leg_right_2) { transformation: [-1.011559225211416f,0.0424121185445209f,0.16435128715936334f,-0.16264773306469174f,-0.00709872839390896f,0.9817245240209265f,-0.2970332750581484f,0.24891920633113693f,-0.1695869731010124f,-0.2940754505856373f,-0.9678957006919628f,-0.21566843702453709f,0f,0f,0f,1f], start_interpolation: 0, interpolation_duration: 1 }
$data merge entity $(bone_leg_right_1) { transformation: [-0.938739868481523f,-0.10255961863727685f,-0.3290121334362446f,-0.19175599789162678f,-0.34203558352610286f,0.39411210750312836f,0.8530458993051905f,0.30393294194119047f,0.04217960318982558f,0.9133220523694909f,-0.4050477869712781f,0.054774872141649875f,0f,0f,0f,1f], start_interpolation: 0, interpolation_duration: 1 }
$data merge entity $(bone_leg_right_0) { transformation: [-0.9561733076250296f,-0.2689942119291135f,0.11564912336047245f,-0.19560678030303028f,-0.29230774902562773f,0.8540243588934023f,-0.43034703934880714f,0.708271865916691f,0.016993694271148066f,-0.4452914869670745f,-0.8952243886253717f,-0.04916012965085248f,0f,0f,0f,1f], start_interpolation: 0, interpolation_duration: 1 }
$data merge entity $(bone_tail_4) { transformation: [-2.7464268548482678f,-0.06314270044735712f,-0.28073806643999755f,-0.0382230556456153f,-0.09525705651289368f,2.741755419445525f,0.3152215803614846f,0.6645662388528064f,0.2715270810669767f,0.3231896516309083f,-2.729007663039065f,-1.8136932670350523f,0f,0f,0f,1f], start_interpolation: 0, interpolation_duration: 1 }
$data merge entity $(bone_tail_3) { transformation: [-2.073286216779967f,-0.10279422403907443f,-0.1638997768725181f,-0.009425788079030908f,-0.09261134727461452f,2.076129552983865f,-0.13059381159703445f,0.66639356574898f,0.16986149566819844f,-0.12273936929797856f,-2.0717209381473514f,-1.461204853478126f,0f,0f,0f,1f], start_interpolation: 0, interpolation_duration: 1 }
$data merge entity $(bone_tail_2) { transformation: [-1.950099030618065f,-0.11249945700468161f,-0.05684644191954112f,-0.0003269192317051162f,-0.10000803175035826f,1.9173994411886552f,-0.3638016650836382f,0.7344058009932516f,0.07672052770073536f,-0.36013487765816316f,-1.9191640642546008f,-1.1044654101698232f,0f,0f,0f,1f], start_interpolation: 0, interpolation_duration: 1 }
$data merge entity $(bone_tail_1) { transformation: [-1.5109477978063344f,-0.06802143082384796f,-0.00812940667367079f,0.0036974471758651683f,-0.06659934183216946f,1.5005720208996176f,-0.1774947541781414f,0.7543213761410243f,0.01604774039269379f,-0.17695464119913185f,-1.5020272217860686f,-0.7790981540723801f,0f,0f,0f,1f], start_interpolation: 0, interpolation_duration: 1 }
$data merge entity $(bone_tail_0) { transformation: [-1.278033395782395f,-0.020157630251460303f,0.007747631353711982f,0.000946969696969751f,-0.020120489721203828f,1.2780426639517137f,0.006150739517600865f,0.7833654332118418f,-0.007843579688288999f,0.0060279055964620075f,-1.2781775538616773f,-0.40543950112388166f,0f,0f,0f,1f], start_interpolation: 0, interpolation_duration: 1 }
$data merge entity $(bone_body_1) { transformation: [-1.2363675f,-3.391818790135097e-17f,1.4756338801363784e-16f,0.000946969696969719f,0f,1.20494650470958f,0.276963022521809f,0.6378137121212122f,-1.5141135014448153e-16f,0.276963022521809f,-1.20494650470958f,-0.14396174242424237f,0f,0f,0f,1f], start_interpolation: 0, interpolation_duration: 1 }