# This file was generated by Animated Java via MC-Build. It is not recommended to edit this file directly.
$data merge entity $(bone_head_lower) { transformation: [-0.9902157567986088f,0.1016567042541084f,-0.09559638836248621f,0.2119093319875123f,0.0616065285480803f,0.9331502358554272f,0.35416842457115616f,0.8386858419321314f,0.12520938714015462f,0.34481379294215136f,-0.9302827836571166f,0.7111647875602611f,0f,0f,0f,1f], start_interpolation: 0, interpolation_duration: 1 }
$data merge entity $(bone_head_upper) { transformation: [-1.0307151686617735f,0.1312579789673273f,-0.06220551930055805f,0.21024844712439508f,0.06412620989630989f,0.8111818069434532f,0.649110042960202f,0.9016685578603916f,0.13033039890360898f,0.6389267263347757f,-0.8113313552921885f,0.6696211304322661f,0f,0f,0f,1f], start_interpolation: 0, interpolation_duration: 1 }
$data merge entity $(bone_neck_0) { transformation: [-0.8848543855884535f,-0.46106487382112576f,-0.0667225481616956f,0.2137039080275806f,-0.4454435447273817f,0.8792813382365501f,-0.16865460767392762f,0.8766345838741076f,0.13642860684469932f,-0.11951364088358583f,-0.9834143200488609f,0.6079275635820871f,0f,0f,0f,1f], start_interpolation: 0, interpolation_duration: 1 }
$data merge entity $(bone_neck_1) { transformation: [-0.9292086267390554f,-0.14934859532046174f,-0.3380330236375193f,0.18438004393198054f,-0.0073662480929985365f,0.9220048743985253f,-0.38710818897872945f,0.8480890006783737f,0.36948215976248583f,-0.3572142335646275f,-0.8578350219920403f,0.5336120368124446f,0f,0f,0f,1f], start_interpolation: 0, interpolation_duration: 1 }
$data merge entity $(bone_neck_2) { transformation: [-0.9185425562212793f,-0.05041113667714895f,-0.3920947458324271f,0.14953604695143646f,0.07482679456665542f,0.9517359666950531f,-0.297656850272108f,0.8313301181170838f,0.3881758921228331f,-0.30274967712278467f,-0.8704378839277918f,0.45439104133866026f,0f,0f,0f,1f], start_interpolation: 0, interpolation_duration: 1 }
$data merge entity $(bone_body_0) { transformation: [-0.9455328390071666f,-0.12926686154281591f,-0.2987603200994369f,0.007499999999999992f,0.035678946138466214f,0.8710927246020509f,-0.48982086312020623f,0.6087776292245075f,0.3235655469321417f,-0.47380116468012806f,-0.8190346715409903f,0.06386952367637577f,0f,0f,0f,1f], start_interpolation: 0, interpolation_duration: 1 }
$data merge entity $(bone_leg_left_3) { transformation: [-0.9614115430197526f,-0.03509441310162621f,-0.2728666837806159f,0.2727301041835851f,-0.06021504396178998f,0.9946246291474632f,0.0842377324834358f,0.046903083284432684f,0.26844365037947526f,0.09741780772694267f,-0.9583568110618398f,-0.13898844712956704f,0f,0f,0f,1f], start_interpolation: 0, interpolation_duration: 1 }
$data merge entity $(bone_leg_left_2) { transformation: [-0.9869648124778749f,-0.1276864824765749f,-0.24831194216945504f,0.2337614634971222f,-0.061569671116197176f,0.9892393196143029f,-0.2639639059196705f,0.2692401475031977f,0.2723450642656312f,-0.23908979531231514f,-0.9595449104905717f,-0.22395165671845757f,0f,0f,0f,1f], start_interpolation: 0, interpolation_duration: 1 }
$data merge entity $(bone_leg_left_1) { transformation: [-0.9549907467897661f,0.17688367314817918f,0.2381277802347576f,0.2882050629837559f,0.28738506543216374f,0.35279010819884926f,0.8904768181842779f,0.31213119086777047f,0.07350168509956637f,0.9188314893007601f,-0.38774501487043256f,0.04476685498812921f,0f,0f,0f,1f], start_interpolation: 0, interpolation_duration: 1 }
$data merge entity $(bone_leg_left_0) { transformation: [-0.982545785558924f,0.038934510840082606f,-0.1819007508121951f,0.20405375000000003f,0.14054256154265948f,0.7959866826381763f,-0.5887724428484226f,0.6889328628968072f,0.1218670081499689f,-0.6040606798396291f,-0.7875653162730445f,-0.11412409832163367f,0f,0f,0f,1f], start_interpolation: 0, interpolation_duration: 1 }
$data merge entity $(bone_leg_right_3) { transformation: [-0.9961237639221628f,0.001826659823056272f,0.08794379036312948f,-0.1865381666470862f,0.00510084108880221f,0.999301504037447f,0.037020068188535205f,0.01845674975659442f,-0.08781473890942242f,0.03732515696400829f,-0.9954372929963408f,-0.10339672911552406f,0f,0f,0f,1f], start_interpolation: 0, interpolation_duration: 1 }
$data merge entity $(bone_leg_right_2) { transformation: [-1.021992403851415f,0.016295552869329405f,0.0856047950022882f,-0.1785086285094894f,0.004649047725785687f,1.01636831281317f,-0.13797115120650716f,0.25109958877850325f,-0.08701788509234332f,-0.13708430678486982f,-1.0127674856590048f,-0.1665149359590234f,0f,0f,0f,1f], start_interpolation: 0, interpolation_duration: 1 }
$data merge entity $(bone_leg_right_1) { transformation: [-0.9384885672423712f,-0.01998097718692181f,-0.3447317358556032f,-0.18434414345185363f,-0.3123581736141529f,0.47472812692332866f,0.8228399460917654f,0.3302072322673115f,0.14721270506241052f,0.8799056574761435f,-0.451768141207062f,0.0994198552338003f,0f,0f,0f,1f], start_interpolation: 0, interpolation_duration: 1 }
$data merge entity $(bone_leg_right_0) { transformation: [-0.9561733076250296f,-0.2734631687469412f,0.10464464211937727f,-0.18905374999999996f,-0.2716611152024223f,0.6952119193990112f,-0.6654927690159519f,0.6889328628968072f,0.10923755889064352f,-0.6647543023286309f,-0.7390323898606802f,-0.11412409832163371f,0f,0f,0f,1f], start_interpolation: 0, interpolation_duration: 1 }
$data merge entity $(bone_tail_4) { transformation: [-2.3991116844085725f,1.027650219365474f,-0.9021416097112225f,-0.7947644039343643f,0.8032928033903866f,2.5334504935197755f,0.7496736626730477f,0.4810270020654696f,1.106636855230964f,0.38887652940554457f,-2.4999582490757772f,-1.5102606765677884f,0f,0f,0f,1f], start_interpolation: 0, interpolation_duration: 1 }
$data merge entity $(bone_tail_3) { transformation: [-1.2191913231904221f,0.3487677396541639f,-1.6516292281496345f,-0.518122087494746f,0.21701821115277622f,2.052841858143473f,0.2732927505927423f,0.4145979816661138f,1.6740433505526917f,-0.012120036098256542f,-1.238296204968642f,-1.300172796292724f,0f,0f,0f,1f], start_interpolation: 0, interpolation_duration: 1 }
$data merge entity $(bone_tail_2) { transformation: [-1.1497627014238319f,0.08671126925008472f,-1.577751805957575f,-0.22565102587138153f,0.2856694878092362f,1.9304782732297752f,-0.10208063148987752f,0.4342451478579461f,1.554095411856093f,-0.2907037450319532f,-1.148500177829771f,-1.0855891274297993f,0f,0f,0f,1f], start_interpolation: 0, interpolation_duration: 1 }
$data merge entity $(bone_tail_1) { transformation: [-1.338167212393285f,-0.0029912224368616844f,-0.7049509303943916f,-0.07263843884800439f,0.15047538994853304f,1.4764165582512252f,-0.291903329103051f,0.4788680603480159f,0.6887103300339136f,-0.32839221840649696f,-1.305945206428906f,-0.8012080083446091f,0f,0f,0f,1f], start_interpolation: 0, interpolation_duration: 1 }
$data merge entity $(bone_tail_0) { transformation: [-1.2465456719786345f,-0.04980758659994791f,-0.27835015461186813f,0.007500000000000059f,0.058986189507399575f,1.1847491361918994f,-0.476157358783809f,0.6466024146129821f,0.2765505988110663f,-0.4772047832887517f,-1.1530963002662025f,-0.47576227044180486f,0f,0f,0f,1f], start_interpolation: 0, interpolation_duration: 1 }
$data merge entity $(bone_body_1) { transformation: [-1.2363675f,1.4863103763138893e-17f,1.5068007532219034e-16f,0.007500000000000022f,0f,1.2303961879220986f,-0.12136645254360004f,0.5919425f,-1.5141135014448153e-16f,-0.12136645254360004f,-1.2303961879220986f,-0.1815375f,0f,0f,0f,1f], start_interpolation: 0, interpolation_duration: 1 }