# This file was generated by Animated Java via MC-Build. It is not recommended to edit this file directly.
$data merge entity $(bone_head_lower) { transformation: [-0.9878706381481608f,-0.1544147236038886f,-0.01636140027869966f,0.15628090904423042f,-0.14834949674277154f,0.9696571483691354f,-0.1943127413032997f,1.0819792523967924f,0.04586969697863289f,-0.18952864625425686f,-0.9808031724806544f,0.5912912721129768f,0f,0f,0f,1f], start_interpolation: 0, interpolation_duration: 1 }
$data merge entity $(bone_head_upper) { transformation: [-1.0282741356356548f,-0.14171910597108311f,-0.07771704812337298f,0.1474218297304937f,-0.1544169293472606f,1.009215730046776f,0.20275839006222132f,1.1185706186542166f,0.04774574847268524f,0.21182834515809645f,-1.017998545320116f,0.5258845054834849f,0f,0f,0f,1f], start_interpolation: 0, interpolation_duration: 1 }
$data merge entity $(bone_neck_0) { transformation: [-0.8368131434693896f,-0.5386928286190312f,0.09774353846319095f,0.16275650010118234f,-0.4991477434400261f,0.6773204898236059f,-0.5404521109995227f,1.0727910773981228f,0.22493397505847862f,-0.5010458965599233f,-0.8356779980380327f,0.4799082318056321f,0f,0f,0f,1f], start_interpolation: 0, interpolation_duration: 1 }
$data merge entity $(bone_neck_1) { transformation: [-0.9529992128911935f,-0.23974386741948722f,-0.1852441045310552f,0.14595942308931184f,-0.0415027478373214f,0.7089600535140977f,-0.704026394706363f,1.016416891766596f,0.3001166808938099f,-0.6632484606510859f,-0.6855884022452887f,0.4187743930355147f,0f,0f,0f,1f], start_interpolation: 0, interpolation_duration: 1 }
$data merge entity $(bone_neck_2) { transformation: [-0.9557977888674404f,-0.13126656164625156f,-0.2630963256863965f,0.121625030056623f,0.06764638697656677f,0.7726317225463767f,-0.6312401980577881f,0.968680063573804f,0.2861372976826478f,-0.6211355014073737f,-0.7295999833924628f,0.3487746577219929f,0f,0f,0f,1f], start_interpolation: 0, interpolation_duration: 1 }
$data merge entity $(bone_body_0) { transformation: [-0.9562087631022416f,-0.17495852512679147f,-0.2346365612003786f,0.009374999999999993f,0.06632713626214916f,0.6512800005240019f,-0.7559332456723401f,0.6186158157430932f,0.2850710654586737f,-0.7383927649990308f,-0.6111551457979737f,0.053705415261632666f,0f,0f,0f,1f], start_interpolation: 0, interpolation_duration: 1 }
$data merge entity $(bone_leg_left_3) { transformation: [-0.9497770970834138f,-0.023302278322649944f,-0.31205843952820334f,0.2889200873675816f,-0.057817615291777785f,0.9931218862208235f,0.10181376366270711f,0.054981053231489496f,0.30753957341743116f,0.11474285569989692f,-0.9445917043082992f,-0.14368239527110943f,0f,0f,0f,1f], start_interpolation: 0, interpolation_duration: 1 }
$data merge entity $(bone_leg_left_2) { transformation: [-0.9751543994335974f,-0.13023810286509074f,-0.29012778792817573f,0.24808269315901632f,-0.05905898016897424f,0.9936299760221401f,-0.2475352643813328f,0.27885318672499204f,0.312487013533995f,-0.21863144058675016f,-0.9521629897555679f,-0.22358638231391745f,0f,0f,0f,1f], start_interpolation: 0, interpolation_duration: 1 }
$data merge entity $(bone_leg_left_1) { transformation: [-0.9491862176659552f,0.21730902606760402f,0.2276451435514214f,0.3139489566560442f,0.2922103490445292f,0.33992800856761957f,0.8939027133321202f,0.3179722043898959f,0.11687016772586714f,0.9150004022845027f,-0.3861549270887604f,0.04314330004190639f,0f,0f,0f,1f], start_interpolation: 0, interpolation_duration: 1 }
$data merge entity $(bone_leg_left_0) { transformation: [-0.9762653167286274f,-0.03046079764048723f,-0.21442521111067636f,0.20592875000000002f,0.11701175497734675f,0.7589399307222696f,-0.6405610281248757f,0.6817079728773359f,0.18224785471953908f,-0.6504477852697953f,-0.7373624604546559f,-0.13102674399922606f,0f,0f,0f,1f], start_interpolation: 0, interpolation_duration: 1 }
$data merge entity $(bone_leg_right_3) { transformation: [-0.9977790127999794f,0.013157090323733012f,0.06529879470642493f,-0.19207236822352874f,0.016044298116177864f,0.9989075388071976f,0.04388974153610903f,0.023498664044043716f,-0.06464999701359563f,0.04483993631084206f,-0.996900074228998f,-0.10037001533804704f,0f,0f,0f,1f], start_interpolation: 0, interpolation_duration: 1 }
$data merge entity $(bone_leg_right_2) { transformation: [-1.023625875863154f,0.02024350794608447f,0.061987629008713095f,-0.18384990957032096f,0.01568590619134558f,1.0228346363906915f,-0.07500305625221479f,0.2595776675371683f,-0.06329469259773171f,-0.07390335909993137f,-1.0210750584082444f,-0.14905437986512277f,0f,0f,0f,1f], start_interpolation: 0, interpolation_duration: 1 }
$data merge entity $(bone_leg_right_1) { transformation: [-0.938486453438466f,0.006504484535698574f,-0.345254787647347f,-0.1824623694300123f,-0.2971744350883834f,0.4940003118714223f,0.8170991659528468f,0.34452782451381403f,0.17587078166196352f,0.8694373948432758f,-0.46167963416826996f,0.11513292342889986f,0f,0f,0f,1f], start_interpolation: 0, interpolation_duration: 1 }
$data merge entity $(bone_leg_right_0) { transformation: [-0.9561733076250295f,-0.2735008477653388f,0.1045461240651782f,-0.18717874999999998f,-0.2602068113333385f,0.6300018354310228f,-0.7317035620312909f,0.6817079728773359f,0.13425729448021442f,-0.726839028688735f,-0.6735577222879041f,-0.13102674399922612f,0f,0f,0f,1f], start_interpolation: 0, interpolation_duration: 1 }
$data merge entity $(bone_tail_4) { transformation: [-2.390004866022732f,1.3401935341305928f,-0.34266508877067053f,-0.7435004167526702f,1.2277907316875807f,2.370313737313149f,0.7069682011849255f,0.43562210454500966f,0.6372346437300278f,0.4595164952198398f,-2.6473454498895936f,-1.5562604581150543f,0f,0f,0f,1f], start_interpolation: 0, interpolation_duration: 1 }
$data merge entity $(bone_tail_3) { transformation: [-1.3843327078590584f,0.6037410132486744f,-1.4335498836515994f,-0.5063314118604526f,0.43619436490689883f,1.9927219671316574f,0.4180181380979183f,0.34524132695670534f,1.4930850464791072f,-0.02239367492947268f,-1.451255006312839f,-1.309962099217285f,0f,0f,0f,1f], start_interpolation: 0, interpolation_duration: 1 }
$data merge entity $(bone_tail_2) { transformation: [-1.2462901292394948f,0.295956798989553f,-1.4757860149407964f,-0.23283715422553905f,0.4447874032077526f,1.9028668433607008f,0.0059847630666517255f,0.34491046105703427f,1.437949566122082f,-0.3320861704032811f,-1.2809346961180241f,-1.0708548731917535f,0f,0f,0f,1f], start_interpolation: 0, interpolation_duration: 1 }
$data merge entity $(bone_tail_1) { transformation: [-1.3371971426795668f,0.027439403837643782f,-0.7062627915490362f,-0.07991517906510459f,0.21338493178896167f,1.456509647600537f,-0.3474230379983172f,0.4016638348757428f,0.673815199067981f,-0.4067959876444145f,-1.2915674012382716f,-0.7885950618971707f,0f,0f,0f,1f], start_interpolation: 0, interpolation_duration: 1 }
$data merge entity $(bone_tail_0) { transformation: [-1.2376880225876858f,-0.07069965677262295f,-0.3113930536464249f,0.009375000000000059f,0.0881621876769529f,1.1223817766218696f,-0.6052456466222429f,0.605615751653926f,0.30690634400583133f,-0.607533062987848f,-1.0819185690104434f,-0.4870941649402829f,0f,0f,0f,1f], start_interpolation: 0, interpolation_duration: 1 }
$data merge entity $(bone_body_1) { transformation: [-1.2363675f,2.89425273303313e-17f,1.486194033910371e-16f,0.009375000000000022f,0f,1.2135695246540612f,-0.2363336706590195f,0.5788175f,-1.5141135014448153e-16f,-0.2363336706590195f,-1.2135695246540612f,-0.1890375f,0f,0f,0f,1f], start_interpolation: 0, interpolation_duration: 1 }