# This file was generated by Animated Java via MC-Build. It is not recommended to edit this file directly.
$data merge entity $(bone_head_lower) { transformation: [-0.947187586858681f,-0.29330046110998476f,0.1296553693971027f,0.14204439575023942f,-0.312132722715402f,0.7505010865922066f,-0.582512903234072f,1.181774563508458f,0.07354480750602961f,-0.5922186745929141f,-0.8024139846440327f,0.5022468697009296f,0f,0f,0f,1f], start_interpolation: 0, interpolation_duration: 1 }
$data merge entity $(bone_head_upper) { transformation: [-0.9859271644997066f,-0.3323306395228217f,-0.031239636992579905f,0.13212236082389783f,-0.32489882101916084f,0.977778203952709f,-0.14785967184760399f,1.1934364004961702f,0.07655275948935643f,-0.13029993281991384f,-1.0298706448409911f,0.4283482142815692f,0f,0f,0f,1f], start_interpolation: 0, interpolation_duration: 1 }
$data merge entity $(bone_neck_0) { transformation: [-0.831210594991634f,-0.5099085080336697f,0.22154516516622716f,0.1549932426880765f,-0.4949165484729216f,0.49712220371385385f,-0.7126900621043708f,1.1394432192259525f,0.25327170552847855f,-0.7020418990413313f,-0.6655754015655457f,0.39662447879261564f,0f,0f,0f,1f], start_interpolation: 0, interpolation_duration: 1 }
$data merge entity $(bone_neck_1) { transformation: [-0.9608517499341747f,-0.2636606019347098f,-0.08512932300835412f,0.14656702027136645f,-0.08270933195634582f,0.566206175931847f,-0.820103489045114f,1.0725781309222837f,0.26442972801061765f,-0.7809568831402033f,-0.5658473872168804f,0.34509200760737213f,0f,0f,0f,1f], start_interpolation: 0, interpolation_duration: 1 }
$data merge entity $(bone_neck_2) { transformation: [-0.9731915491575172f,-0.14505290744958882f,-0.17848771018984183f,0.12950999957891124f,0.042252471408447914f,0.6500837682931755f,-0.7586869070055338f,1.0124761941107419f,0.22608170493932103f,-0.7458892332257963f,-0.626527185722666f,0.2829008054101223f,0f,0f,0f,1f], start_interpolation: 0, interpolation_duration: 1 }
$data merge entity $(bone_body_0) { transformation: [-0.9541496490219489f,-0.16831790566765642f,-0.2475227866337675f,0.011249999999999994f,0.12113703887028532f,0.5390496004303356f,-0.8335174539801999f,0.6247776649964255f,0.27372297142372f,-0.8252845635946123f,-0.4939444543745987f,0.04224476928113466f,0f,0f,0f,1f], start_interpolation: 0, interpolation_duration: 1 }
$data merge entity $(bone_leg_left_3) { transformation: [-0.9380608166135762f,-0.0014094086891095758f,-0.3464677732508721f,0.2989768730170878f,-0.045045340945921476f,0.9920003346131665f,0.11792477850914246f,0.06088823599699583f,0.3435299427900519f,0.1262273730001211f,-0.9306201312631011f,-0.1502301376924005f,0f,0f,0f,1f], start_interpolation: 0, interpolation_duration: 1 }
$data merge entity $(bone_leg_left_2) { transformation: [-0.9632460104635947f,-0.12113107655163319f,-0.3309782245406865f,0.25901832636960065f,-0.04590832322350817f,0.9981355322413885f,-0.23168962997229584f,0.28632071082499283f,0.3494449150945948f,-0.2027681460963134f,-0.9427807431974252f,-0.22608912469302336f,0f,0f,0f,1f], start_interpolation: 0, interpolation_duration: 1 }
$data merge entity $(bone_leg_left_1) { transformation: [-0.9387064037036862f,0.2583918211414727f,0.22817527125629855f,0.33580867342042253f,0.3070450527980133f,0.32585026407313106f,0.8941727690752695f,0.32130548009941157f,0.15669595782264933f,0.9094257925585041f,-0.3852156598989437f,0.03828313969640837f,0f,0f,0f,1f], start_interpolation: 0, interpolation_duration: 1 }
$data merge entity $(bone_leg_left_0) { transformation: [-0.964588334220242f,-0.09164015786724657f,-0.24732858094503501f,0.20780375f,0.10662639782966588f,0.7221867028503356f,-0.6834304481891562f,0.6728930116783375f,0.2412470865566845f,-0.6856007932406636f,-0.6868416087684877f,-0.14694165827303912f,0f,0f,0f,1f], start_interpolation: 0, interpolation_duration: 1 }
$data merge entity $(bone_leg_right_3) { transformation: [-0.998577898597593f,0.02589933198777431f,0.0465983372557719f,-0.19799122820066775f,0.02827851887343302f,0.9982908335637893f,0.051144276247096235f,0.030111951947211446f,-0.045194090351953035f,0.052389275859678175f,-0.9976035575177936f,-0.1015488565937817f,0f,0f,0f,1f], start_interpolation: 0, interpolation_duration: 1 }
$data merge entity $(bone_leg_right_2) { transformation: [-1.0243987618944372f,0.028496553493985364f,0.043096665402362754f,-0.1884276129650829f,0.028048268088357982f,1.0252558473030124f,-0.011222376259949091f,0.2687072661826394f,-0.04338975440219007f,-0.010029631630358962f,-1.0247335923072742f,-0.1354882931615663f,0f,0f,0f,1f], start_interpolation: 0, interpolation_duration: 1 }
$data merge entity $(bone_leg_right_1) { transformation: [-0.9385207237877383f,0.030114230707203413f,-0.34390694108995984f,-0.18069820983694818f,-0.28189372986162115f,0.5082160829638604f,0.813788878076847f,0.3579992939726491f,0.19928566452618496f,0.8607029372122436f,-0.4684823132078446f,0.12715324155866126f,0f,0f,0f,1f], start_interpolation: 0, interpolation_duration: 1 }
$data merge entity $(bone_leg_right_0) { transformation: [-0.9561733076250296f,-0.2728901714495462f,0.10612992090663162f,-0.18530375f,-0.24863548371192035f,0.5653016194728763f,-0.7865204862307674f,0.6728930116783375f,0.15463829417304742f,-0.7784375590550477f,-0.6083764990757526f,-0.14694165827303918f,0f,0f,0f,1f], start_interpolation: 0, interpolation_duration: 1 }
$data merge entity $(bone_tail_4) { transformation: [-2.210806976683567f,1.5110775393147142f,0.6742688733923984f,-0.5464155256315185f,1.6451487786849661f,2.127947687648528f,0.6252883064816144f,0.37540470224784545f,-0.17742417940807761f,0.902299640036429f,-2.603850485675301f,-1.6766396812973117f,0f,0f,0f,1f], start_interpolation: 0, interpolation_duration: 1 }
$data merge entity $(bone_tail_3) { transformation: [-1.7497558723981934f,0.8324066430092476f,-0.7624953073472366f,-0.4252702513484876f,0.6924997171096212f,1.9022804253124754f,0.4875642022549703f,0.2741165236817177f,0.8914841865426305f,0.15612139568779915f,-1.8753206608463955f,-1.3601823684786456f,0f,0f,0f,1f], start_interpolation: 0, interpolation_duration: 1 }
$data merge entity $(bone_tail_2) { transformation: [-1.5437177806066609f,0.499519187309019f,-1.0891234412828326f,-0.22382721476431727f,0.5653698891839412f,1.8697520319881071f,0.05619699532233704f,0.2645325978271049f,1.0564403330267926f,-0.2707061051939131f,-1.6215504624795853f,-1.0580229149675855f,0f,0f,0f,1f], start_interpolation: 0, interpolation_duration: 1 }
$data merge entity $(bone_tail_1) { transformation: [-1.3670868654454191f,0.04241984810940634f,-0.645701408402517f,-0.08409193822646321f,0.23506058988971057f,1.4387034709945228f,-0.4031564108742579f,0.33347612546960953f,0.6028899330784354f,-0.46474630610117507f,-1.3069777540409755f,-0.7716708249002617f,0f,0f,0f,1f], start_interpolation: 0, interpolation_duration: 1 }
$data merge entity $(bone_tail_0) { transformation: [-1.2299367742594185f,-0.09677081222700767f,-0.3342553781306873f,0.01125000000000006f,0.11227552730638213f,1.0517754591931965f,-0.7176338244474284f,0.568566623738925f,0.3293713009301772f,-0.7198885399309354f,-1.0035490784130572f,-0.495782652374712f,0f,0f,0f,1f], start_interpolation: 0, interpolation_duration: 1 }
$data merge entity $(bone_body_1) { transformation: [-1.2363675f,4.0736246037451655e-17f,1.4582851302592025e-16f,0.011250000000000024f,0f,1.1907801753734362f,-0.3326366921941397f,0.5656925f,-1.5141135014448153e-16f,-0.3326366921941397f,-1.1907801753734362f,-0.19653749999999998f,0f,0f,0f,1f], start_interpolation: 0, interpolation_duration: 1 }