# This file was generated by Animated Java via MC-Build. It is not recommended to edit this file directly.
$data merge entity $(bone_head_lower) { transformation: [-0.8953985699679695f,-0.3349687564550638f,0.2933553018069781f,0.14628311046704043f,-0.40672391235283667f,0.34716799969921147f,-0.8450148159087216f,1.2470646889806623f,0.18120998874156194f,-0.8759396738267976f,-0.44709353361068227f,0.4093224709280776f,0f,0f,0f,1f], start_interpolation: 0, interpolation_duration: 1 }
$data merge entity $(bone_head_upper) { transformation: [-0.9320199983969221f,-0.46063363367967464f,0.05125739648838691f,0.13918392819541853f,-0.42335875089977093f,0.7992741306510026f,-0.5151700444437519f,1.2293662900099256f,0.18862140177692988f,-0.4821301299220482f,-0.9030196272488002f,0.3363031257054328f,0f,0f,0f,1f], start_interpolation: 0, interpolation_duration: 1 }
$data merge entity $(bone_neck_0) { transformation: [-0.8580146462276996f,-0.4106822710907484f,0.308465458472258f,0.16607327238459285f,-0.4455411223764609f,0.2963058593087595f,-0.8448052710600363f,1.170073962978401f,0.25554642460867805f,-0.8622893423619723f,-0.43721060705188564f,0.3219462674641697f,0f,0f,0f,1f], start_interpolation: 0, interpolation_duration: 1 }
$data merge entity $(bone_neck_1) { transformation: [-0.9656291965768087f,-0.25976683981328313f,-0.009024613667462503f,0.16411205579873958f,-0.10809871932968995f,0.43292527270234754f,-0.8949247874178473f,1.0962565202119552f,0.23637876723112786f,-0.8631899542910693f,-0.44612574596550003f,0.2801769531598014f,0f,0f,0f,1f], start_interpolation: 0, interpolation_duration: 1 }
$data merge entity $(bone_neck_2) { transformation: [-0.9846279454076922f,-0.1319572818656378f,-0.11443375762798072f,0.1527948561145805f,0.025192104266706428f,0.5410216440537532f,-0.8406312738341285f,1.0279078559233454f,0.17283855763353906f,-0.8305918711545439f,-0.5293807482022282f,0.22566721572315218f,0f,0f,0f,1f], start_interpolation: 0, interpolation_duration: 1 }
$data merge entity $(bone_body_0) { transformation: [-0.9456833917793321f,-0.14259998058993414f,-0.29214408782052825f,0.013749999999999998f,0.1993531408325075f,0.45547668484464776f,-0.8676400836770648f,0.62333132290566f,0.25679027970885604f,-0.8787526586581003f,-0.40230898218703437f,0.02768928356254438f,0f,0f,0f,1f], start_interpolation: 0, interpolation_duration: 1 }
$data merge entity $(bone_leg_left_3) { transformation: [-0.9253756977466608f,0.03106983929803174f,-0.37777570475862415f,0.30541480262174736f,-0.02252620035925118f,0.9903659216170012f,0.1366305661156523f,0.06242533821773194f,0.3783812737401992f,0.13494445666904292f,-0.91576067031569f,-0.1625496104725424f,0f,0f,0f,1f], start_interpolation: 0, interpolation_duration: 1 }
$data merge entity $(bone_leg_left_2) { transformation: [-0.9503348403444813f,-0.09986147779951572f,-0.37276477298669264f,0.26914280715581207f,-0.022744993269127933f,1.0035362970480535f,-0.21085484412022346f,0.28979654677231015f,0.3852383106718632f,-0.1870956580454855f,-0.9320133358659148f,-0.23436707305209434f,0f,0f,0f,1f], start_interpolation: 0, interpolation_duration: 1 }
$data merge entity $(bone_leg_left_1) { transformation: [-0.9221699535478242f,0.3024843027809654f,0.24105149521361036f,0.35689946320504157f,0.3325972492981607f,0.302017972668843f,0.8934003659862133f,0.3178389046311989f,0.19743770291639093f,0.9040400382483709f,-0.3791173468874561f,0.0274072212255084f,0f,0f,0f,1f], start_interpolation: 0, interpolation_duration: 1 }
$data merge entity $(bone_leg_left_0) { transformation: [-0.9467264237328141f,-0.15187721570643656f,-0.28397603764285567f,0.21030375000000004f,0.10522124625559794f,0.6875268869623451f,-0.7184951419740329f,0.6585089663994139f,0.3043642027941113f,-0.7100986488179846f,-0.6349191609995541f,-0.16432406064888688f,0f,0f,0f,1f], start_interpolation: 0, interpolation_duration: 1 }
$data merge entity $(bone_leg_right_3) { transformation: [-0.9987240679941976f,0.040671633150305274f,0.029934165530519957f,-0.20429814285375414f,0.04244053158131659f,0.9972323648922091f,0.06104434200306576f,0.03723899089061805f,-0.02736854559922496f,0.06223687547088921f,-0.9976860899318004f,-0.11005446906570716f,0f,0f,0f,1f], start_interpolation: 0, interpolation_duration: 1 }
$data merge entity $(bone_leg_right_2) { transformation: [-1.024516838552775f,0.040514217310411056f,0.028036497966873415f,-0.1923984710800954f,0.042343198973794474f,1.0224446645220295f,0.0698295137588307f,0.27766171209982615f,-0.025189293820735908f,0.07090631626910156f,-1.022936944924101f,-0.12510056503955475f,0f,0f,0f,1f], start_interpolation: 0, interpolation_duration: 1 }
$data merge entity $(bone_leg_right_1) { transformation: [-0.9386531963412398f,0.0529064620992646f,-0.3407801098457966f,-0.17864560461724022f,-0.26669405270037483f,0.5151317043139969f,0.8145634471695908f,0.3690941289279202f,0.2186423089263005f,0.8554766118829293f,-0.4694201819997521f,0.13655638112621055f,0f,0f,0f,1f], start_interpolation: 0, interpolation_duration: 1 }
$data merge entity $(bone_leg_right_0) { transformation: [-0.9561733076250296f,-0.27053332595552104f,0.1120014523693974f,-0.18280374999999996f,-0.2375787495573841f,0.49325637912726217f,-0.8368120949227567f,0.6585089663994139f,0.17114012838653697f,-0.8267465536654548f,-0.5359115528313726f,-0.16432406064888694f,0f,0f,0f,1f], start_interpolation: 0, interpolation_duration: 1 }
$data merge entity $(bone_tail_4) { transformation: [-1.612306622107895f,1.0665454268088252f,1.9719557653406459f,-0.1507607712735446f,1.985224065693714f,1.807756142498957f,0.6454180581977965f,0.3063566708903502f,-1.0416400995053665f,1.7944804020692104f,-1.8222204370744983f,-1.7423619787160587f,0f,0f,0f,1f], start_interpolation: 0, interpolation_duration: 1 }
$data merge entity $(bone_tail_3) { transformation: [-1.8624862093931993f,0.7861624516589902f,0.49903832063892917f,-0.2430724457054251f,0.8944502603245753f,1.8207368900253065f,0.469916412940344f,0.20885887274299772f,-0.2589389458345263f,0.634674170694654f,-1.9662362130292488f,-1.4151717625500395f,0f,0f,0f,1f], start_interpolation: 0, interpolation_duration: 1 }
$data merge entity $(bone_tail_2) { transformation: [-1.8462585010645987f,0.5752188886714898f,-0.28147229413392516f,-0.19197569261734448f,0.5707532336349876f,1.8675428936518752f,0.07278847208427776f,0.19619408261263852f,0.2904206751329594f,-0.013440442280472746f,-1.9324205186680765f,-1.055727456872581f,0f,0f,0f,1f], start_interpolation: 0, interpolation_duration: 1 }
$data merge entity $(bone_tail_1) { transformation: [-1.424224736685798f,0.03931437710742145f,-0.5076362173495165f,-0.08185795570581228f,0.1933299429380831f,1.4368037226844717f,-0.43113205128313326f,0.2712207466942608f,0.47102407855207107f,-0.47085633927207554f,-1.3579716032345717f,-0.7582013896228454f,0f,0f,0f,1f], start_interpolation: 0, interpolation_duration: 1 }
$data merge entity $(bone_tail_0) { transformation: [-1.2271478948098535f,-0.11972294821892215f,-0.3370610872194261f,0.013750000000000064f,0.1257292803602523f,0.9832536430285186f,-0.806994509346419f,0.530770960541657f,0.3348670018199247f,-0.8079074239818221f,-0.9321938650040659f,-0.5052889213688909f,0f,0f,0f,1f], start_interpolation: 0, interpolation_duration: 1 }
$data merge entity $(bone_body_1) { transformation: [-1.2363675f,5.052979144936281e-17f,1.4273099568299343e-16f,0.013750000000000028f,0f,1.1654870268094304f,-0.4126070593132944f,0.5481925000000001f,-1.5141135014448153e-16f,-0.4126070593132944f,-1.1654870268094304f,-0.20653749999999998f,0f,0f,0f,1f], start_interpolation: 0, interpolation_duration: 1 }