# This file was generated by Animated Java via MC-Build. It is not recommended to edit this file directly.
$data merge entity $(bone_head_lower) { transformation: [-0.8903851647932377f,-0.3367613096594574f,0.30627778018094315f,0.15683715349191435f,-0.3988682584707991f,0.25294964272919784f,-0.8814309902809426f,1.247249741919181f,0.2193589995887813f,-0.9069775623242387f,-0.3595460064300408f,0.39591944275530633f,0f,0f,0f,1f], start_interpolation: 0, interpolation_duration: 1 }
$data merge entity $(bone_head_upper) { transformation: [-0.9268015470394626f,-0.4690693556932995f,0.06696845927926903f,0.1506332485464908f,-0.4151818040471471f,0.7330487325988265f,-0.6113391593926548f,1.2214371620741487f,0.22833069127237932f,-0.5710389109055828f,-0.8397925935838862f,0.32527470638401784f,0f,0f,0f,1f], start_interpolation: 0, interpolation_duration: 1 }
$data merge entity $(bone_neck_0) { transformation: [-0.8815468875546575f,-0.36086172815645245f,0.30439102843979304f,0.1764580554803468f,-0.4073391791054949f,0.25548357745362393f,-0.8768140822415889f,1.1607253634684715f,0.23864173609902745f,-0.8969431168159085f,-0.37221387264341105f,0.3156886169211729f,0f,0f,0f,1f], start_interpolation: 0, interpolation_duration: 1 }
$data merge entity $(bone_neck_1) { transformation: [-0.9687803857349561f,-0.24786464646354056f,-0.005261297248224037f,0.1748704731057191f,-0.10225846479081038f,0.4188302132614518f,-0.9022884565580973f,1.0862191871007274f,0.22584899954141202f,-0.8735813468091399f,-0.43110075378416174f,0.27514424481117966f,0f,0f,0f,1f], start_interpolation: 0, interpolation_duration: 1 }
$data merge entity $(bone_neck_2) { transformation: [-0.9867556980756825f,-0.11707186422758513f,-0.11228254949657374f,0.1638874729299948f,0.03226374335363802f,0.5367149099607761f,-0.8431465805484872f,1.0176079974606604f,0.15897246044514513f,-0.8356023480292967f,-0.5258293190646018f,0.22089658350255315f,0f,0f,0f,1f], start_interpolation: 0, interpolation_duration: 1 }
$data merge entity $(bone_body_0) { transformation: [-0.9411664021246087f,-0.1265542488496998f,-0.3133525580076022f,0.014999999999999998f,0.22420647126758522f,0.4599489430503888f,-0.8591731071376523f,0.6170645225845705f,0.2528581850634005f,-0.8788805333405209f,-0.40451421033323987f,0.021878117420050858f,0f,0f,0f,1f], start_interpolation: 0, interpolation_duration: 1 }
$data merge entity $(bone_leg_left_3) { transformation: [-0.9214975486334832f,0.0430241729892122f,-0.3859937673085869f,0.3069530634251802f,-0.014386599244991775f,0.9893818687723119f,0.14462552854448701f,0.05957177964655522f,0.38811762859298876f,0.13882520766489975f,-0.9110939952014573f,-0.17075942573844882f,0f,0f,0f,1f], start_interpolation: 0, interpolation_duration: 1 }
$data merge entity $(bone_leg_left_2) { transformation: [-0.9463832057516688f,-0.09021968340945807f,-0.3850732866577298f,0.2725542985085166f,-0.014363655989173791f,1.0058390024530017f,-0.20035914262061913f,0.28781711230028406f,0.39524006977850007f,-0.1794728652764593f,-0.9293207074910358f,-0.2407012956020178f,0f,0f,0f,1f], start_interpolation: 0, interpolation_duration: 1 }
$data merge entity $(bone_leg_left_1) { transformation: [-0.9152801596011626f,0.3163193188254203f,0.24940793487435872f,0.3634890872972467f,0.34284008065252014f,0.2866659934898844f,0.8945855393838151f,0.31142196762479885f,0.211477915013941f,0.9043034317718142f,-0.37082663705170466f,0.020425226706275168f,0f,0f,0f,1f], start_interpolation: 0, interpolation_duration: 1 }
$data merge entity $(bone_leg_left_0) { transformation: [-0.9398354292133231f,-0.17006984355439755f,-0.2962863721280332f,0.21155375f,0.10494277493735746f,0.6816230515821584f,-0.7241388192468854f,0.650201042924523f,0.3251097968131009f,-0.7116644320641639f,-0.6227658919296523f,-0.17049797770819303f,0f,0f,0f,1f], start_interpolation: 0, interpolation_duration: 1 }
$data merge entity $(bone_leg_right_3) { transformation: [-0.9986450688916292f,0.045280707871917306f,0.025645347980701377f,-0.2058844636757154f,0.04688578958997997f,0.9967244940313704f,0.06589389753560132f,0.03818501687850265f,-0.02257762416547131f,0.0670070182333635f,-0.9974970227497001f,-0.1170616732412271f,0f,0f,0f,1f], start_interpolation: 0, interpolation_duration: 1 }
$data merge entity $(bone_leg_right_2) { transformation: [-1.024431103276239f,0.0444203444528191f,0.02509874776985352f,-0.19316520198410722f,0.04679987183325346f,1.0190714391439029f,0.10660850537485128f,0.27895116574318557f,-0.020319599831513498f,0.10762171909313456f,-1.019836692290888f,-0.12346120516983927f,0f,0f,0f,1f], start_interpolation: 0, interpolation_duration: 1 }
$data merge entity $(bone_leg_right_1) { transformation: [-0.9387719227495916f,0.05904010801552338f,-0.3394429888840685f,-0.17781929599447222f,-0.2634545642216789f,0.5118958824445502f,0.817651697318045f,0.3694052381195819f,0.2220337128631594f,0.8570162607452847f,-0.46499909588123883f,0.13844707957817803f,0f,0f,0f,1f], start_interpolation: 0, interpolation_duration: 1 }
$data merge entity $(bone_leg_right_0) { transformation: [-0.9561733076250295f,-0.26842551923644803f,0.11696301299151739f,-0.18155374999999999f,-0.23574788166732558f,0.46885689981588774f,-0.8512321327255001f,0.650201042924523f,0.17365351155326314f,-0.8414992264510277f,-0.511589200245219f,-0.17049797770819308f,0f,0f,0f,1f], start_interpolation: 0, interpolation_duration: 1 }
$data merge entity $(bone_tail_4) { transformation: [-1.3357719615049808f,0.6671598312452331f,2.322987808411824f,0.02668020380228059f,2.100333238082056f,1.6336435931802336f,0.7385595650107859f,0.3101044015847245f,-1.1958155741856191f,2.1240922064811607f,-1.2976589469121342f,-1.7192193373229778f,0f,0f,0f,1f], start_interpolation: 0, interpolation_duration: 1 }
$data merge entity $(bone_tail_3) { transformation: [-1.7103474823997595f,0.641921581140274f,0.9992966021955741f,-0.14904527841696058f,0.9536332164290489f,1.7865398019706689f,0.4845665594551837f,0.21045712532535155f,-0.707983547843053f,0.8556621679643299f,-1.7614048587257245f,-1.428923490525837f,0f,0f,0f,1f], start_interpolation: 0, interpolation_duration: 1 }
$data merge entity $(bone_tail_2) { transformation: [-1.8782737939729277f,0.5290991119308044f,0.10447755563447465f,-0.16973040731672057f,0.5351827434091012f,1.8753483044455168f,0.12418551917679381f,0.18821329129752246f,-0.06663978567214036f,0.1479754769214672f,-1.947417847355367f,-1.0669168313891806f,0f,0f,0f,1f], start_interpolation: 0, interpolation_duration: 1 }
$data merge entity $(bone_tail_1) { transformation: [-1.449990833284414f,0.03494080419618134f,-0.4289078847413446f,-0.07647605059313772f,0.15413260640610973f,1.4496591188984862f,-0.40297373194406116f,0.25706090331600495f,0.40177851240905066f,-0.43002770747544744f,-1.3933077362053874f,-0.7622197551474625f,0f,0f,0f,1f], start_interpolation: 0, interpolation_duration: 1 }
$data merge entity $(bone_tail_0) { transformation: [-1.231111519578804f,-0.11830969546071277f,-0.3228048309805621f,0.015000000000000062f,0.1198239428494344f,0.9772455687142186f,-0.8151497026512778f,0.5188492686557591f,0.3222458155886766f,-0.8153708548706192f,-0.9301417741114371f,-0.5100870614296458f,0f,0f,0f,1f], start_interpolation: 0, interpolation_duration: 1 }
$data merge entity $(bone_body_1) { transformation: [-1.2363675f,5.204271374678193e-17f,1.4218633161610612e-16f,0.015000000000000025f,0f,1.1610395071877198f,-0.42496100739426335f,0.5394425f,-1.5141135014448153e-16f,-0.42496100739426335f,-1.1610395071877198f,-0.2115375f,0f,0f,0f,1f], start_interpolation: 0, interpolation_duration: 1 }