# This file was generated by Animated Java via MC-Build. It is not recommended to edit this file directly.
$data merge entity $(bone_head_lower) { transformation: [-0.9275180696236349f,-0.35087656515997323f,0.12882494534516745f,0.19114642944539179f,-0.29533651157701457f,0.47671434694668646f,-0.8279612166911652f,1.1655969134592303f,0.22909948810760417f,-0.8059956993909665f,-0.5457878315903535f,0.5224418987720822f,0f,0f,0f,1f], start_interpolation: 0, interpolation_duration: 1 }
$data merge entity $(bone_head_upper) { transformation: [-0.9654531722053793f,-0.3889867933174357f,-0.007835144331553872f,0.18157199533877227f,-0.3074156518436347f,0.7755349084020566f,-0.6225055545413828f,1.1400020212936743f,0.23846956171308514f,-0.57507114608363f,-0.834204643754718f,0.45209498556070943f,0f,0f,0f,1f], start_interpolation: 0, interpolation_duration: 1 }
$data merge entity $(bone_neck_0) { transformation: [-0.9390965964396969f,-0.29409744501816143f,0.1777759134111447f,0.1981445177828533f,-0.2792816927868236f,0.35169536075804647f,-0.89348313319021f,1.0766092943837977f,0.20024814263683852f,-0.8887165273893903f,-0.4124119485604642f,0.4397884860963154f,0f,0f,0f,1f], start_interpolation: 0, interpolation_duration: 1 }
$data merge entity $(bone_neck_1) { transformation: [-0.9735562831176163f,-0.2107696636121718f,-0.08811533636673984f,0.1897090027847473f,-0.038569248106961426f,0.531825657820722f,-0.8459751076621702f,1.0073941536688966f,0.22516788559356193f,-0.8202058391552502f,-0.5258914381438016f,0.39145999318515146f,0f,0f,0f,1f], start_interpolation: 0, interpolation_duration: 1 }
$data merge entity $(bone_neck_2) { transformation: [-0.980225119672482f,-0.07968817771718631f,-0.18113119304852593f,0.17306035472478623f,0.08006982795905532f,0.6773349566900417f,-0.7313044366721064f,0.9499579327934884f,0.18096280671363246f,-0.7313461224193463f,-0.6575601202996655f,0.3266924593161865f,0f,0f,0f,1f], start_interpolation: 0, interpolation_duration: 1 }
$data merge entity $(bone_body_0) { transformation: [-0.9382322202376727f,-0.09716374341643347f,-0.3320835856726326f,0.015624999999999991f,0.21033474612578398f,0.601907788834503f,-0.7703676449024592f,0.5926204747030124f,0.27473550094607213f,-0.7926324625610944f,-0.5442923697924175f,0.06261869153293428f,0f,0f,0f,1f], start_interpolation: 0, interpolation_duration: 1 }
$data merge entity $(bone_leg_left_3) { transformation: [-0.9225850540692674f,0.04735697182864479f,-0.38287613561989975f,0.30529909039238634f,-0.018694267771962574f,0.9857838666631248f,0.16697512563004613f,0.057650480015029204f,0.38534055374496584f,0.16120634431039157f,-0.9085841580137766f,-0.15837495580299726f,0f,0f,0f,1f], start_interpolation: 0, interpolation_duration: 1 }
$data merge entity $(bone_leg_left_2) { transformation: [-0.9474871933536921f,-0.07920527067704955f,-0.38478142240551705f,0.273475076301745f,-0.018666239601807317f,1.012579442844902f,-0.16247043708850956f,0.2886312553121245f,0.39240513430709f,-0.14307898701618865f,-0.9368077783326476f,-0.2200692475675285f,0f,0f,0f,1f], start_interpolation: 0, interpolation_duration: 1 }
$data merge entity $(bone_leg_left_1) { transformation: [-0.9070766850378723f,0.32092723034760195f,0.2724290738561543f,0.36427735844839404f,0.349719512977732f,0.21425425720496538f,0.9120259730469125f,0.2915021213605195f,0.23432488067493484f,0.9225512593297822f,-0.3065795560791872f,0.042152203394932364f,0f,0f,0f,1f], start_interpolation: 0, interpolation_duration: 1 }
$data merge entity $(bone_leg_left_0) { transformation: [-0.9366468135328097f,-0.1731321704823214f,-0.30449630251107235f,0.21217875000000003f,0.0881795493363826f,0.724761503632175f,-0.6833338349091616f,0.6419478196447596f,0.33899426806019384f,-0.6668928057768424f,-0.6635788361795637f,-0.12625535114638448f,0f,0f,0f,1f], start_interpolation: 0, interpolation_duration: 1 }
$data merge entity $(bone_leg_right_3) { transformation: [-0.9985888698632109f,0.044258285488523064f,0.02935086286519074f,-0.20572805843452857f,0.046167344502927574f,0.9966222682614846f,0.06791635080656866f,0.047544503568991064f,-0.02624586228080253f,0.06917556339452012f,-0.9972591920570036f,-0.09535172807666498f,0f,0f,0f,1f], start_interpolation: 0, interpolation_duration: 1 }
$data merge entity $(bone_leg_right_2) { transformation: [-1.0243909705785903f,0.040333261608542614f,0.03253562517863415f,-0.19373171925805097f,0.045818597758345826f,1.005806403301864f,0.1957455866095604f,0.2879748492330995f,-0.02420733354185508f,0.19694899488364706f,-1.0063236546548078f,-0.08050555698052622f,0f,0f,0f,1f], start_interpolation: 0, interpolation_duration: 1 }
$data merge entity $(bone_leg_right_1) { transformation: [-0.9395126223994714f,0.05265887306464272f,-0.33844213011921237f,-0.18018722868311024f,-0.27650489234404746f,0.4665465915418858f,0.840166246900252f,0.3646549437152913f,0.20214122999001158f,0.8829276986300807f,-0.42376597566335444f,0.18585903440697996f,0f,0f,0f,1f], start_interpolation: 0, interpolation_duration: 1 }
$data merge entity $(bone_leg_right_0) { transformation: [-0.9561733076250295f,-0.25534444026400815f,0.14328929691945239f,-0.18092874999999997f,-0.24962185165051587f,0.4551001992774695f,-0.85473547942985f,0.6419478196447596f,0.15304096498643233f,-0.8530433901296394f,-0.4988942148313143f,-0.1262553511463845f,0f,0f,0f,1f], start_interpolation: 0, interpolation_duration: 1 }
$data merge entity $(bone_tail_4) { transformation: [-1.1573578355669143f,0.2937212108633665f,2.489962253195985f,0.18313562711241477f,2.308815488391548f,1.194087654198932f,0.9323020145065576f,0.4919650068050569f,-0.9775250444951077f,2.4725581602823117f,-0.7460310067324211f,-1.6563756002448722f,0f,0f,0f,1f], start_interpolation: 0, interpolation_duration: 1 }
$data merge entity $(bone_tail_3) { transformation: [-1.5201410673930826f,0.4822616037278068f,1.338857874025226f,-0.04860450039633575f,1.113035305581297f,1.6236345712992082f,0.6789025802396309f,0.3609596785118683f,-0.8867181456353604f,1.2112720794670222f,-1.4430857236315064f,-1.423534837714366f,0f,0f,0f,1f], start_interpolation: 0, interpolation_duration: 1 }
$data merge entity $(bone_tail_2) { transformation: [-1.8510098864536384f,0.4484864094719737f,0.43748853216124656f,-0.1311946643569962f,0.5414335636044376f,1.8316592384929509f,0.41309563692781653f,0.2850023108109871f,-0.31525540670425356f,0.5125019507915421f,-1.859228241497363f,-1.0780195311387455f,0f,0f,0f,1f], start_interpolation: 0, interpolation_duration: 1 }
$data merge entity $(bone_tail_1) { transformation: [-1.4794932913669645f,0.033551178515542054f,-0.31245826796608345f,-0.06295379337434852f,0.0752701016013442f,1.4979139937772887f,-0.19556157355445922f,0.3087026174724241f,0.3051069691191434f,-0.20684350525552175f,-1.4668952763331606f,-0.7601230763134177f,0f,0f,0f,1f], start_interpolation: 0, interpolation_duration: 1 }
$data merge entity $(bone_tail_0) { transformation: [-1.2442545908450615f,-0.095226549067648f,-0.2767636791518774f,0.01562500000000006f,0.07489676882900301f,1.0648387386475655f,-0.7030964736637955f,0.5398602041667179f,0.28294293375872f,-0.7006326295657063f,-1.030966988418097f,-0.4757580738143712f,0f,0f,0f,1f], start_interpolation: 0, interpolation_duration: 1 }
$data merge entity $(bone_body_1) { transformation: [-1.2363675f,3.980041497846339e-17f,1.4608670001104445e-16f,0.01562500000000002f,0f,1.1928884320994078f,-0.3249950516848939f,0.5350675f,-1.5141135014448153e-16f,-0.3249950516848939f,-1.1928884320994078f,-0.17653749999999996f,0f,0f,0f,1f], start_interpolation: 0, interpolation_duration: 1 }