# This file was generated by Animated Java via MC-Build. It is not recommended to edit this file directly.
$data merge entity $(bone_head_lower) { transformation: [-0.9268899346038052f,-0.016341378541045185f,-0.37497734395231386f,0.28774274802369165f,-0.045279480923421794f,0.9966236176914519f,0.06849184817850981f,0.7232466668381144f,0.372592025864026f,0.08046318417127715f,-0.9245003289645497f,0.8195861902086762f,0f,0f,0f,1f], start_interpolation: 0, interpolation_duration: 1 }
$data merge entity $(bone_head_upper) { transformation: [-0.9647993467249615f,-0.12838197540258095f,-0.3689881184189074f,0.25912339461573386f,-0.047131392826739366f,1.014161888708887f,-0.22962194556300966f,0.7301752410581221f,0.38783088447518727f,-0.19612667963757818f,-0.9458295159092046f,0.7500996162422967f,0f,0f,0f,1f], start_interpolation: 0, interpolation_duration: 1 }
$data merge entity $(bone_neck_0) { transformation: [-0.9327424351434221f,-0.2467019468411643f,-0.2629252728580843f,0.2464279810505816f,-0.023125608893021246f,0.7686822288879649f,-0.6392126697783431f,0.6763728699148414f,0.3598009948513841f,-0.5901404751553732f,-0.7226876667602299f,0.7128321023989063f,0f,0f,0f,1f], start_interpolation: 0, interpolation_duration: 1 }
$data merge entity $(bone_neck_1) { transformation: [-0.9075133445303187f,-0.14087068923136484f,-0.39569556279401835f,0.21225839972121388f,0.06277651117823776f,0.8860076784644186f,-0.45940124438923724f,0.6415372814974661f,0.4153054769006584f,-0.441753146697985f,-0.7952204211655695f,0.6434313939304604f,0f,0f,0f,1f], start_interpolation: 0, interpolation_duration: 1 }
$data merge entity $(bone_neck_2) { transformation: [-0.9144124569931037f,0.02415363349746663f,-0.4040624462687731f,0.17709597812768346f,0.09209574432705638f,0.9844528248782737f,-0.14956941353776912f,0.6380722875395299f,0.3941677718594971f,-0.17398056666782302f,-0.9024203732458963f,0.5626692225957883f,0f,0f,0f,1f], start_interpolation: 0, interpolation_duration: 1 }
$data merge entity $(bone_body_0) { transformation: [-0.9388625439606805f,-0.0416024344529172f,-0.3417694559132953f,0.015624999999999984f,0.07175052637833881f,0.9472347946325319f,-0.3124069554313671f,0.49985965643317765f,0.33673281026967133f,-0.3178293272891217f,-0.8863382724461547f,0.14191359693134933f,0f,0f,0f,1f], start_interpolation: 0, interpolation_duration: 1 }
$data merge entity $(bone_leg_left_3) { transformation: [-0.9431117409614878f,0.02303740997541437f,-0.3316768333818575f,0.28276203852819987f,-0.050162384421687745f,0.9763173609145861f,0.21044748980662242f,0.03696064140509184f,0.32867001574485405f,0.2151131993123675f,-0.9196207545678137f,-0.15603708655926046f,0f,0f,0f,1f], start_interpolation: 0, interpolation_duration: 1 }
$data merge entity $(bone_leg_left_2) { transformation: [-0.9683776014179892f,-0.07229016433864215f,-0.33027435975644326f,0.2542020291395371f,-0.05068218182578748f,1.0216969325181116f,-0.07502595570303269f,0.27271944761970507f,0.3342728481615194f,-0.05451339031529502f,-0.968169485554576f,-0.1981462687170219f,0f,0f,0f,1f], start_interpolation: 0, interpolation_duration: 1 }
$data merge entity $(bone_leg_left_1) { transformation: [-0.9070789142744317f,0.27473418313964393f,0.31894979525516365f,0.32998786367885036f,0.3385501840559557f,0.025804316077514544f,0.9405944450970618f,0.2231016332649699f,0.2501831652098053f,0.9611738999194495f,-0.11641785927957521f,0.06416645579630487f,0f,0f,0f,1f], start_interpolation: 0, interpolation_duration: 1 }
$data merge entity $(bone_leg_left_0) { transformation: [-0.9582940091355062f,-0.07351550537071284f,-0.2761667295766943f,0.21217875000000003f,0.06488584770572144f,0.8851408478460088f,-0.4607770678342821f,0.61569147288089f,0.2783207121694471f,-0.45947921600931774f,-0.8434550558464597f,-0.015215589585525116f,0f,0f,0f,1f], start_interpolation: 0, interpolation_duration: 1 }
$data merge entity $(bone_leg_right_3) { transformation: [-0.996469322034288f,0.025878954818664934f,0.07986970603439052f,-0.19549873088907418f,0.035688558447303814f,0.9916465866646818f,0.12394907806127006f,0.039165851502069055f,-0.07599484877595214f,0.12636188845446636f,-0.9890689845029723f,-0.07754482518485548f,0f,0f,0f,1f], start_interpolation: 0, interpolation_duration: 1 }
$data merge entity $(bone_leg_right_2) { transformation: [-1.0223270723273339f,0.0034384975997254433f,0.08305259430970918f,-0.19054450890286492f,0.03457502948766289f,0.9495529664000358f,0.38628477945359635f,0.2723895602374911f,-0.07559182510856377f,0.38781379582970377f,-0.9465455801183623f,-0.016281219069789243f,0f,0f,0f,1f], start_interpolation: 0, interpolation_duration: 1 }
$data merge entity $(bone_leg_right_1) { transformation: [-0.9421938516501571f,-0.00725951524929816f,-0.33498961976602637f,-0.19351447854170198f,-0.3209835172789985f,0.3063746140226627f,0.8961607989181781f,0.30170037312782655f,0.09612662247184509f,0.9518833412350537f,-0.290994462372303f,0.2596634152100202f,0f,0f,0f,1f], start_interpolation: 0, interpolation_duration: 1 }
$data merge entity $(bone_leg_right_0) { transformation: [-0.9561733076250296f,-0.20848419031307336f,0.2055892705734246f,-0.18092874999999997f,-0.288570288822581f,0.5520555033904404f,-0.782279943233354f,0.61569147288089f,0.049596312305077384f,-0.8073221559983533f,-0.5880230796830237f,-0.015215589585525158f,0f,0f,0f,1f], start_interpolation: 0, interpolation_duration: 1 }
$data merge entity $(bone_tail_4) { transformation: [-1.1532382258282259f,0.023813783091107987f,2.509010926605035f,0.3547524161046317f,2.504364466004996f,-0.15907452845854278f,1.1526123578233929f,1.136299208148213f,0.15447183400243555f,2.7567715773583017f,0.044835860305587914f,-1.4045772505878305f,0f,0f,0f,1f], start_interpolation: 0, interpolation_duration: 1 }
$data merge entity $(bone_tail_3) { transformation: [-1.3740408642471178f,0.3212445437461612f,1.531260648138258f,0.09196356652355904f,1.4974169196449485f,0.8607571163355506f,1.1630929805837467f,0.9306584355948236f,-0.4535413963294978f,1.8686478148210461f,-0.7990000450716267f,-1.2873825551691933f,0f,0f,0f,1f], start_interpolation: 0, interpolation_duration: 1 }
$data merge entity $(bone_tail_2) { transformation: [-1.7755505713481305f,0.2997525327085112f,0.75917222204381f,-0.05040648642828961f,0.7437753011632451f,1.342764855149777f,1.2093612860336225f,0.7067103096315148f,-0.3361433399126432f,1.387769735191039f,-1.3341201940316105f,-1.0392908606908202f,0f,0f,0f,1f], start_interpolation: 0, interpolation_duration: 1 }
$data merge entity $(bone_tail_1) { transformation: [-1.5093015503652856f,0.012601178962173502f,-0.09750020694187632f,-0.02813762181059696f,-0.022655114774899846f,1.415071223173517f,0.533588258042418f,0.5746119299654179f,0.09566517568834305f,0.5339203064456055f,-1.4118900561040684f,-0.7420858931060594f,0f,0f,0f,1f], start_interpolation: 0, interpolation_duration: 1 }
$data merge entity $(bone_tail_0) { transformation: [-1.2683177148849591f,-0.041667138453259124f,-0.15319836900613532f,0.01562500000000005f,-0.022985228997626072f,1.2686061315385735f,-0.15474456001646597f,0.6504456127779371f,0.15709096072323753f,-0.1507914095029285f,-1.2595316976810063f,-0.3776603221260113f,0f,0f,0f,1f], start_interpolation: 0, interpolation_duration: 1 }
$data merge entity $(bone_body_1) { transformation: [-1.2363675f,-1.7192763179979424e-17f,1.5043206389201713e-16f,0.015625000000000014f,0f,1.2283710209078553f,0.14038956531752417f,0.5350675f,-1.5141135014448153e-16f,0.14038956531752417f,-1.2283710209078553f,-0.10153750000000006f,0f,0f,0f,1f], start_interpolation: 0, interpolation_duration: 1 }