# This file was generated by Animated Java via MC-Build. It is not recommended to edit this file directly.
$data merge entity $(bone_head_lower) { transformation: [-0.7159740858779244f,0.5232917465523f,-0.46211130297961056f,0.3781595548421096f,-0.15909327692852118f,0.5222140611257333f,0.8378435436277551f,0.24280262934347197f,0.6797576315036226f,0.6733930667543379f,-0.290639536298441f,0.8166941307648972f,0f,0f,0f,1f], start_interpolation: 0, interpolation_duration: 1 }
$data merge entity $(bone_head_upper) { transformation: [-0.7452571276677958f,-0.06772058041864303f,-0.7235175735471913f,0.32653016258718504f,-0.16560012566603233f,1.0249277392029434f,0.07464362246866695f,0.2709114384728668f,0.7075594353997743f,0.16854968105461562f,-0.7445955902210587f,0.7693680576496338f,0f,0f,0f,1f], start_interpolation: 0, interpolation_duration: 1 }
$data merge entity $(bone_neck_0) { transformation: [-0.7159740858779244f,-0.32589074578966537f,-0.6173947927865328f,0.29212942464618524f,-0.15909327692852118f,0.9372541154023964f,-0.31023225557220235f,0.23568925451274925f,0.6797576315036226f,-0.12389489485013958f,-0.7228966851789111f,0.7244156023163466f,0f,0f,0f,1f], start_interpolation: 0, interpolation_duration: 1 }
$data merge entity $(bone_neck_1) { transformation: [-0.7220562676495192f,-0.1493401325978431f,-0.6755237013930038f,0.23421570956625537f,-0.14730065938576734f,0.9872212404205983f,-0.06080080761744283f,0.23508663294891452f,0.6759713470943598f,0.055603482427576345f,-0.7348271842068463f,0.6624222535003426f,0f,0f,0f,1f], start_interpolation: 0, interpolation_duration: 1 }
$data merge entity $(bone_neck_2) { transformation: [-0.7874087295189215f,0.14483831250290602f,-0.599173894548743f,0.18314164020292512f,-0.1527375507363694f,0.8958528081055522f,0.41727567243304703f,0.28041407032095117f,0.5972091202187493f,0.420082860208206f,-0.6832800723618684f,0.6066746683141261f,0f,0f,0f,1f], start_interpolation: 0, interpolation_duration: 1 }
$data merge entity $(bone_body_0) { transformation: [-0.9344062970403593f,0.017313081626101037f,-0.35578803978764056f,0.015624999999999977f,-0.0801901768874891f,0.9629552494447936f,0.25746208089244593f,0.410928336007781f,0.3470654226252984f,0.2691048954800398f,-0.8984031097712205f,0.18582421220117826f,0f,0f,0f,1f], start_interpolation: 0, interpolation_duration: 1 }
$data merge entity $(bone_leg_left_3) { transformation: [-0.9502470304068539f,0.03668608934574993f,-0.30932945551866037f,0.2466159280917807f,-0.04790997149132279f,0.9640115203194087f,0.261507979463653f,0.02483900794278779f,0.307790863793349f,0.26331714630835834f,-0.9142914549668317f,-0.16033404899688958f,0f,0f,0f,1f], start_interpolation: 0, interpolation_duration: 1 }
$data merge entity $(bone_leg_left_2) { transformation: [-0.9756192781404319f,-0.041584732139935875f,-0.31384699086383794f,0.22570975506550117f,-0.04811286235167905f,1.0244785878334357f,0.013819372193833843f,0.2639959185410772f,0.31291272920379043f,0.027866334964489536f,-0.9764073385521924f,-0.18352836098264758f,0f,0f,0f,1f], start_interpolation: 0, interpolation_duration: 1 }
$data merge entity $(bone_leg_left_1) { transformation: [-0.894104671802963f,0.2593153109150513f,0.36514710102251335f,0.29459824185542516f,0.3375249226168709f,-0.1457373743538407f,0.9299664210760105f,0.168359676835303f,0.294370111377821f,0.9547335687203412f,0.04277908701609384f,0.06771150711148037f,0f,0f,0f,1f], start_interpolation: 0, interpolation_duration: 1 }
$data merge entity $(bone_leg_left_0) { transformation: [-0.9636610357918298f,0.020241375096523892f,-0.26636008490541396f,0.21217875f,0.08010710428337313f,0.9731309839288835f,-0.21586787616719544f,0.5773300257944854f,0.25483378885059627f,-0.22936079623990802f,-0.9393898898797266f,0.08376017057455731f,0f,0f,0f,1f], start_interpolation: 0, interpolation_duration: 1 }
$data merge entity $(bone_leg_right_3) { transformation: [-0.989695022512962f,0.03764601826091869f,0.13815404345210605f,-0.1941188585047439f,0.05655096562456537f,0.989151506548129f,0.13557759911023687f,0.023696771027149788f,-0.1315513234444909f,0.14199321956581396f,-0.9810872412264556f,-0.05764822195291819f,0f,0f,0f,1f], start_interpolation: 0, interpolation_duration: 1 }
$data merge entity $(bone_leg_right_2) { transformation: [-1.0155307235472995f,-0.018026411740678858f,0.14294963278004108f,-0.1923275326525572f,0.05568131890927774f,0.8894771078648882f,0.5077324736606196f,0.24663741825644314f,-0.13288769603208717f,0.510458345572647f,-0.8796791103460476f,0.03435901162515809f,0f,0f,0f,1f], start_interpolation: 0, interpolation_duration: 1 }
$data merge entity $(bone_leg_right_1) { transformation: [-0.9455973905168926f,-0.06856178354670064f,-0.3180327921528514f,-0.2129185230441563f,-0.32472114115724415f,0.13867062221798493f,0.9355889263021523f,0.22822274018667305f,-0.02004384028025925f,0.987962418501115f,-0.15339003910374094f,0.31049357376116715f,0f,0f,0f,1f], start_interpolation: 0, interpolation_duration: 1 }
$data merge entity $(bone_leg_right_0) { transformation: [-0.9561733076250296f,-0.14949012352402294f,0.2517643913546612f,-0.18092875f,-0.2860498099060138f,0.6605018574071877f,-0.6941993968697963f,0.5773300257944854f,-0.06251489453037579f,-0.7357920897443976f,-0.6743158671063796f,0.08376017057455729f,0f,0f,0f,1f], start_interpolation: 0, interpolation_duration: 1 }
$data merge entity $(bone_tail_4) { transformation: [-2.118303574921028f,0.7560574389771556f,1.6021324680075915f,0.5162637325722725f,1.4644918670138722f,-0.6579133490979349f,2.246792141727614f,1.7224662965442927f,0.9968524803234494f,2.573167018606846f,0.10372057860879454f,-0.8758548799403438f,0f,0f,0f,1f], start_interpolation: 0, interpolation_duration: 1 }
$data merge entity $(bone_tail_3) { transformation: [-1.6922250856683536f,0.40707287064692305f,1.1430710666719068f,0.3184575932411598f,1.20649221077399f,0.3555925135650056f,1.6594806523978083f,1.4375999506491572f,0.12921428257304887f,2.010917991446752f,-0.5248409539082647f,-0.8065396604424655f,0f,0f,0f,1f], start_interpolation: 0, interpolation_duration: 1 }
$data merge entity $(bone_tail_2) { transformation: [-1.5668405865941852f,-0.0246281738478364f,1.1675520991616979f,0.10024775531786813f,1.1471294290501093f,0.3336107954398447f,1.5464707514776799f,1.1510420384209799f,-0.21881161808993635f,1.9253236520703971f,-0.25303000922805335f,-0.7592055972103747f,0f,0f,0f,1f], start_interpolation: 0, interpolation_duration: 1 }
$data merge entity $(bone_tail_1) { transformation: [-1.486290334070001f,-0.11198975847376873f,0.25701281455809144f,0.047730384250394095f,0.14304345362457935f,0.8895871036328967f,1.2148372752863597f,0.878611667705795f,-0.24111379725191548f,1.2180924960966721f,-0.8635803713191619f,-0.588032305348074f,0f,0f,0f,1f], start_interpolation: 0, interpolation_duration: 1 }
$data merge entity $(bone_tail_0) { transformation: [-1.2734908633081423f,-0.0007950073129384474f,0.10980029880689086f,0.01562500000000003f,0.04668176646039184f,1.1529978852533411f,0.5497748683465699f,0.7457785660747777f,-0.0993858658705934f,0.5517526267710224f,-1.1487067533101982f,-0.2390387198568797f,0f,0f,0f,1f], start_interpolation: 0, interpolation_duration: 1 }
$data merge entity $(bone_body_1) { transformation: [-1.2363675f,-7.247938051395762e-17f,1.3293658771341968e-16f,0.015625000000000003f,0f,1.0855096163724538f,0.5918390556723832f,0.5350675f,-1.5141135014448153e-16f,0.5918390556723832f,-1.0855096163724538f,-0.026537499999999988f,0f,0f,0f,1f], start_interpolation: 0, interpolation_duration: 1 }