# This file was generated by Animated Java via MC-Build. It is not recommended to edit this file directly.
$data merge entity $(bone_head_lower) { transformation: [-0.7672293712982177f,0.48286839257614045f,-0.4221341105244587f,0.35800602366426537f,-0.09274761728932457f,0.5677260253522715f,0.8179761852431066f,0.30256368372916675f,0.6346313664675695f,0.6667272872686753f,-0.3907911886248961f,0.8518608532322939f,0f,0f,0f,1f], start_interpolation: 0, interpolation_duration: 1 }
$data merge entity $(bone_head_upper) { transformation: [-0.7986087329054101f,0.015604380473640954f,-0.6674223083031884f,0.3120981693181629f,-0.09654095619161741f,1.026978016445519f,0.1395275603554476f,0.3352128969729783f,0.6605875249263571f,0.16895147123114598f,-0.78648042878638f,0.8016417903607703f,0f,0f,0f,1f], start_interpolation: 0, interpolation_duration: 1 }
$data merge entity $(bone_neck_0) { transformation: [-0.7672293712982177f,-0.2573951306512501f,-0.587457946183697f,0.2785379536112164f,-0.09274761728932457f,0.9508362615276604f,-0.29547975100039486f,0.3007027359800119f,0.6346313664675695f,-0.17221541882516872f,-0.7533822922091926f,0.7555169926458789f,0f,0f,0f,1f], start_interpolation: 0, interpolation_duration: 1 }
$data merge entity $(bone_neck_1) { transformation: [-0.7672293712982177f,-0.12414466723005885f,-0.6292433499177241f,0.2246608640903721f,-0.09274761728932457f,0.9922511687873519f,-0.08267706772308181f,0.29827008031056024f,0.6346313664675695f,-0.005071453289938577f,-0.7727983624834058f,0.6900274648136517f,0f,0f,0f,1f], start_interpolation: 0, interpolation_duration: 1 }
$data merge entity $(bone_neck_2) { transformation: [-0.8191520176388856f,0.12414462815030536f,-0.5599804311755592f,0.17681783196614334f,-0.09960050901477507f,0.9306766124444809f,0.3520238367679993f,0.33822191429892706f,0.5648625590372763f,0.34413537212888734f,-0.7500007566979994f,0.6276910738989812f,0f,0f,0f,1f], start_interpolation: 0, interpolation_duration: 1 }
$data merge entity $(bone_body_0) { transformation: [-0.939692604894611f,-4.356799841082559e-8f,-0.3420201869866432f,0.015624999999999976f,-0.05939120124666229f,0.984807763976528f,0.16317583530054194f,0.42450759852827147f,0.33682412847190557f,0.17364811548516512f,-0.9254165756390966f,0.19319992747257417f,0f,0f,0f,1f], start_interpolation: 0, interpolation_duration: 1 }
$data merge entity $(bone_leg_left_3) { transformation: [-0.951069235447523f,0.034796121945015815f,-0.30701227871675046f,0.24638307519971364f,-0.043060428581340585f,0.969014970194971f,0.2432196271447502f,0.025225052725198344f,0.305962593915752f,0.24453878513566646f,-0.920101990916614f,-0.14873221522501257f,0f,0f,0f,1f], start_interpolation: 0, interpolation_duration: 1 }
$data merge entity $(bone_leg_left_2) { transformation: [-0.9764560642138848f,-0.04330809933395675f,-0.310998653843878f,0.22516191598297552f,-0.04319865116602992f,1.024766351803408f,-0.007071085465766886f,0.26381105577478575f,0.3110138754108243f,0.006366493878787532f,-0.9773904217651848f,-0.1769714364666784f,0f,0f,0f,1f], start_interpolation: 0, interpolation_duration: 1 }
$data merge entity $(bone_leg_left_1) { transformation: [-0.8931740563310753f,0.2556241965553964f,0.3699951016331179f,0.29277198878756355f,0.3499645782091262f,-0.12160647317247661f,0.9288361856008087f,0.17454262576464347f,0.28242680307648144f,0.9590975632426345f,0.01915633279202089f,0.07694471331243319f,0f,0f,0f,1f], start_interpolation: 0, interpolation_duration: 1 }
$data merge entity $(bone_leg_left_0) { transformation: [-0.9638169443818481f,0.02514276083406366f,-0.2653765990061645f,0.21217875f,0.09181822832506716f,0.9659328055466847f,-0.24195707907799796f,0.5841722783920352f,0.2502524938330953f,-0.25756874178819095f,-0.933290968875176f,0.08088883736552793f,0f,0f,0f,1f], start_interpolation: 0, interpolation_duration: 1 }
$data merge entity $(bone_leg_right_3) { transformation: [-0.9910493438134866f,0.03375536688558081f,0.12915793948990384f,-0.1933860004861193f,0.05050940782537231f,0.9903928018815139f,0.1287279989062815f,0.024054464413969717f,-0.12357183274512085f,0.13409948988607362f,-0.9832331000145935f,-0.04681973644715834f,0f,0f,0f,1f], start_interpolation: 0, interpolation_duration: 1 }
$data merge entity $(bone_leg_right_2) { transformation: [-1.0168949115530659f,-0.014963632267005948f,0.13327801044266316f,-0.19117752526462772f,0.04955010544788851f,0.9052604752869566f,0.4796982993862206f,0.24981732195050266f,-0.12462634315536991f,0.4820184240185291f,-0.8967656957082539f,0.03801732420531173f,0f,0f,0f,1f], start_interpolation: 0, interpolation_duration: 1 }
$data merge entity $(bone_leg_right_1) { transformation: [-0.9449458247598288f,-0.05940224356155979f,-0.3217899341632987f,-0.20906791381565648f,-0.32722399615069575f,0.1674551626909903f,0.9299909810483672f,0.23946955211284543f,-0.001358164988650908f,0.9840884827839353f,-0.1776738963378598f,0.31475952069266666f,0f,0f,0f,1f], start_interpolation: 0, interpolation_duration: 1 }
$data merge entity $(bone_leg_right_0) { transformation: [-0.9561733076250295f,-0.16075701897126785f,0.24472389878571746f,-0.18092875f,-0.2894106986539105f,0.6457162187956162f,-0.7066059809320522f,0.5841722783920352f,-0.044430319490929446f,-0.7464634925003123f,-0.6639414138869262f,0.0808888373655279f,0f,0f,0f,1f], start_interpolation: 0, interpolation_duration: 1 }
$data merge entity $(bone_tail_4) { transformation: [-2.137347485006288f,0.9150099711885591f,1.4900214134578105f,0.470071631275009f,1.4776562939173843f,-0.3129154373550354f,2.3117692656732083f,1.6528262612645195f,0.9348470126088221f,2.586600474230688f,-0.24742752742154903f,-1.007276241784011f,0f,0f,0f,1f], start_interpolation: 0, interpolation_duration: 1 }
$data merge entity $(bone_tail_3) { transformation: [-1.7285286294056628f,0.49257627113864777f,1.0514289897470834f,0.2869678837379064f,1.1581923543565897f,0.5982953371634248f,1.6237545029600031f,1.3716427124192174f,0.08200471742141514f,1.9327071254290171f,-0.7706256676759378f,-0.8955196628662744f,0f,0f,0f,1f], start_interpolation: 0, interpolation_duration: 1 }
$data merge entity $(bone_tail_2) { transformation: [-1.595331844536448f,0.049697416704457466f,1.1274840786386369f,0.07620322158669919f,1.097737070380627f,0.5216164874360175f,1.5302494696453401f,1.0881085146191447f,-0.26203722087304704f,1.8826099653966013f,-0.4537511301025217f,-0.8109141084664755f,0f,0f,0f,1f], start_interpolation: 0, interpolation_duration: 1 }
$data merge entity $(bone_tail_1) { transformation: [-1.4968503900717463f,-0.08215904994066874f,0.2008607733105408f,0.03541458249178739f,0.09648849338183485f,1.0019732245222583f,1.1288914376437493f,0.8328434023391602f,-0.19438397667237228f,1.1300246890459142f,-0.9863647001792595f,-0.6122871053367395f,0f,0f,0f,1f], start_interpolation: 0, interpolation_duration: 1 }
$data merge entity $(bone_tail_0) { transformation: [-1.2764227027804749f,-0.000496207300138797f,0.06767979158456894f,0.01562500000000003f,0.023075664827522373f,1.1984066937641262f,0.4439871919527985f,0.7320197139228174f,-0.06362636327327884f,0.444586174665473f,-1.1967165645118172f,-0.2518500545501892f,0f,0f,0f,1f], start_interpolation: 0, interpolation_duration: 1 }
$data merge entity $(bone_body_1) { transformation: [-1.2363675f,-6.398920160587319e-17f,1.372252856816764e-16f,0.015625000000000003f,0f,1.1205294928890353f,0.5225114837226943f,0.5350675f,-1.5141135014448153e-16f,0.5225114837226943f,-1.1205294928890353f,-0.026537499999999988f,0f,0f,0f,1f], start_interpolation: 0, interpolation_duration: 1 }