# This file was generated by Animated Java via MC-Build. It is not recommended to edit this file directly.
$data merge entity $(bone_head_lower) { transformation: [-0.8955477364748009f,0.3740896568630569f,-0.2409381255072366f,0.27483849907222657f,0.07733477806820974f,0.6640892469873522f,0.7436429278470362f,0.5161214270096396f,0.43819354604558164f,0.6473348443146343f,-0.6236537625478953f,0.8633443087392157f,0f,0f,0f,1f], start_interpolation: 0, interpolation_duration: 1 }
$data merge entity $(bone_head_upper) { transformation: [-0.9321752657517302f,0.24135991496791304f,-0.39530571454366836f,0.25271746378295257f,0.08049773826837532f,0.9593019560981142f,0.39589368995162727f,0.5649791556529659f,0.4561154794982018f,0.3239708182175067f,-0.8777662108381203f,0.810249689036814f,0f,0f,0f,1f], start_interpolation: 0, interpolation_duration: 1 }
$data merge entity $(bone_neck_0) { transformation: [-0.8955477364748009f,-0.029186226968249858f,-0.4440072249977677f,0.2247702451512687f,0.07733477806820974f,0.9724512133407279f,-0.21990445601052924f,0.5349500258677616f,0.43819354604558164f,-0.23127213802683588f,-0.8686193725542244f,0.7576955208920026f,0f,0f,0f,1f], start_interpolation: 0, interpolation_duration: 1 }
$data merge entity $(bone_neck_1) { transformation: [-0.8897273438527263f,-0.06006448316282231f,-0.4525234927196106f,0.18615885638120505f,0.016929006680175135f,0.986282384131373f,-0.1641964295743278f,0.5255841128630732f,0.45617832295451644f,-0.15375082638645438f,-0.876505573885236f,0.6827356838099569f,0f,0f,0f,1f], start_interpolation: 0, interpolation_duration: 1 }
$data merge entity $(bone_neck_2) { transformation: [-0.9081939240927782f,0.055436880974103535f,-0.41486208367218136f,0.15035658809868147f,0.01684509512732765f,0.9952278627288884f,0.0961131833737707f,0.5437482513690208f,0.4182105199670523f,0.08030101790109434f,-0.9047937375517889f,0.6042551636007764f,0f,0f,0f,1f], start_interpolation: 0, interpolation_duration: 1 }
$data merge entity $(bone_body_0) { transformation: [-0.9570004372563994f,-0.055357176391357f,-0.28475559013483204f,0.015624999999999981f,-0.006697264852692585f,0.9855777439958328f,-0.16909067739996067f,0.47344530918419986f,0.2900091545702535f,-0.1599127686023254f,-0.9435690736259778f,0.1580312285729813f,0f,0f,0f,1f], start_interpolation: 0, interpolation_duration: 1 }
$data merge entity $(bone_leg_left_3) { transformation: [-0.9550485437669459f,0.029202078225176238f,-0.29500765697853787f,0.23997845336819884f,-0.02254030908254144f,0.9851025766355832f,0.17048415754080604f,0.02817647947005611f,0.2955912947214439f,0.1694702101646938f,-0.9401625574078318f,-0.1673499736191545f,0f,0f,0f,1f], start_interpolation: 0, interpolation_duration: 1 }
$data merge entity $(bone_leg_left_2) { transformation: [-0.9805014768501795f,-0.04577803713323626f,-0.29762967713509225f,0.21858844053303705f,-0.02237414663587316f,1.022052202115384f,-0.08349187513827337f,0.26380038015253304f,0.3002972709793209f,-0.07332030392747058f,-0.9780122093179868f,-0.21419991325733845f,0f,0f,0f,1f], start_interpolation: 0, interpolation_duration: 1 }
$data merge entity $(bone_leg_left_1) { transformation: [-0.8854753230535225f,0.23822848490678167f,0.3989744869565962f,0.2797823590888924f,0.40034007263520205f,-0.04482265282291903f,0.9152697722728295f,0.19510796686966636f,0.23592642604358904f,0.9701742723722038f,-0.05568305596286516f,0.047620716848313885f,0f,0f,0f,1f], start_interpolation: 0, interpolation_duration: 1 }
$data merge entity $(bone_leg_left_0) { transformation: [-0.9638169443818481f,0.059367926125819065f,-0.25986986564424286f,0.21217875f,0.14263373663914203f,0.9384410901361004f,-0.3146171284538134f,0.6057670656795237f,0.22519439356874188f,-0.3402995293732961f,-0.9129532931171889f,0.014512784758175828f,0f,0f,0f,1f], start_interpolation: 0, interpolation_duration: 1 }
$data merge entity $(bone_leg_right_3) { transformation: [-0.9948266831508681f,0.025371404775869508f,0.09836748604463258f,-0.19259137315975164f,0.03651779972555297f,0.9928980506737428f,0.11322504701472635f,0.02697992278562067f,-0.0947962066448148f,0.11623146212614516f,-0.9886879823370833f,-0.0671958635459077f,0f,0f,0f,1f], start_interpolation: 0, interpolation_duration: 1 }
$data merge entity $(bone_leg_right_2) { transformation: [-1.0206880900232278f,-0.0033488270829856994f,0.10122651699331413f,-0.18866015376955855f,0.03542002461463044f,0.9486054283547788f,0.3885297448752681f,0.2600508303583923f,-0.09488648081643904f,0.39012655145953606f,-0.9438538176567687f,-0.005280036624785489f,0f,0f,0f,1f], start_interpolation: 0, interpolation_duration: 1 }
$data merge entity $(bone_leg_right_1) { transformation: [-0.9428921069952014f,-0.027607970345277122f,-0.3319522172535738f,-0.19733316139935855f,-0.3271526081097708f,0.2642045491372625f,0.9072855819542991f,0.27719247636001615f,0.0626549724533033f,0.9640714476575847f,-0.25814840351682544f,0.27156708467282553f,0f,0f,0f,1f], start_interpolation: 0, interpolation_duration: 1 }
$data merge entity $(bone_leg_right_0) { transformation: [-0.9561733076250295f,-0.19634925847347104f,0.2172085967044782f,-0.18092875f,-0.29226348407600733f,0.5950792283298715f,-0.7486406133025901f,0.6057670656795237f,0.017738705171573f,-0.7793123126880794f,-0.6263845924283205f,0.014512784758175787f,0f,0f,0f,1f], start_interpolation: 0, interpolation_duration: 1 }
$data merge entity $(bone_tail_4) { transformation: [-1.9919992353643161f,1.115651850816706f,1.5533580803141425f,0.34636222756684687f,1.8023372837878264f,0.3449191565520839f,2.0635581946026433f,1.3319464645668515f,0.6396723328207183f,2.5024014575628466f,-0.9769685682820314f,-1.3868062063669166f,0f,0f,0f,1f], start_interpolation: 0, interpolation_duration: 1 }
$data merge entity $(bone_tail_3) { transformation: [-1.722357999557135f,0.6633052896942331f,0.9640822268197029f,0.17639854571905775f,1.1673562987342694f,1.0939315532235252f,1.3328685436725696f,1.09523623549962f,-0.08190066673363738f,1.642950204835819f,-1.2766959039892665f,-1.1864033178087725f,0f,0f,0f,1f], start_interpolation: 0, interpolation_duration: 1 }
$data merge entity $(bone_tail_2) { transformation: [-1.687301152006498f,0.25256895799398543f,0.9528890905546948f,-0.0019290218614154264f,0.9164237008075267f,1.0979419918465207f,1.3317150063512493f,0.848612227854294f,-0.36325789466790365f,1.5967173134279917f,-1.0664480287212852f,-0.9880416242716114f,0f,0f,0f,1f], start_interpolation: 0, interpolation_duration: 1 }
$data merge entity $(bone_tail_1) { transformation: [-1.5124294092476493f,-0.008630332254533794f,0.011791921301593115f,-0.0029160823070020145f,-0.001520477357513191f,1.306848374680426f,0.7614468226631027f,0.6687839483891225f,-0.014533416370967346f,0.7613994306277787f,-1.3067960578637674f,-0.7161271292274871f,0f,0f,0f,1f], start_interpolation: 0, interpolation_duration: 1 }
$data merge entity $(bone_tail_0) { transformation: [-1.276486935418659f,-0.015181226941765541f,-0.06470201417305672f,0.01562500000000004f,-0.018584334812267376f,1.2763139321877108f,0.0671795027307932f,0.6799522650316878f,0.0638078583647294f,0.06802935716375484f,-1.274808330832059f,-0.34195683608406063f,0f,0f,0f,1f], start_interpolation: 0, interpolation_duration: 1 }
$data merge entity $(bone_body_1) { transformation: [-1.2363675f,-3.354195194405251e-17f,1.4764936306113095e-16f,0.01562500000000001f,0f,1.205648544249086f,0.2738908227858492f,0.5350675f,-1.5141135014448153e-16f,0.2738908227858492f,-1.205648544249086f,-0.0801089285714286f,0f,0f,0f,1f], start_interpolation: 0, interpolation_duration: 1 }