# This file was generated by Animated Java via MC-Build. It is not recommended to edit this file directly.
$data merge entity $(bone_head_lower) { transformation: [-0.9875364235839726f,0.1517157180051348f,-0.04188260981795721f,0.14487936478150185f,0.10034365734482846f,0.8119097749749823f,0.5750944859157815f,0.8304432800267456f,0.12125577316416934f,0.5637240975958542f,-0.8170141854729938f,0.7464123019085609f,0f,0f,0f,1f], start_interpolation: 0, interpolation_duration: 1 }
$data merge entity $(bone_head_upper) { transformation: [-1.0279262518350474f,0.16122784173847157f,-0.029071402102625325f,0.14617648977143866f,0.10444767112037473f,0.7872507851418998f,0.6729032827045051f,0.8945413913850545f,0.12621508376334506f,0.6615993704088025f,-0.7936170161285575f,0.7065976553716999f,0f,0f,0f,1f], start_interpolation: 0, interpolation_duration: 1 }
$data merge entity $(bone_neck_0) { transformation: [-0.9875364235839726f,0.07886232570464416f,-0.13620772988135238f,0.13640805686164037f,0.10034365734482846f,0.9821921483571948f,-0.15883870477985398f,0.8682953391890227f,0.12125577316416934f,-0.17052658821993866f,-0.9778638556488459f,0.6460959304631749f,0f,0f,0f,1f], start_interpolation: 0, interpolation_duration: 1 }
$data merge entity $(bone_neck_1) { transformation: [-0.9810503661980667f,-0.09619429835345358f,-0.16818690777502868f,0.12171726321170384f,-0.03683802345389336f,0.9448209122133971f,-0.3255094528155126f,0.8450730880639337f,0.19021866104735796f,-0.3131454946323365f,-0.9304605097374202f,0.5658310908436408f,0f,0f,0f,1f], start_interpolation: 0, interpolation_duration: 1 }
$data merge entity $(bone_neck_2) { transformation: [-0.9822629719688802f,-0.052431926069953186f,-0.1800287394486162f,0.10543205409428055f,0.00722799467457233f,0.9488083011706934f,-0.31576979545638484f,0.8266987119821377f,0.18736918100863637f,-0.31147022451299844f,-0.9316002840542587f,0.48116643079148463f,0f,0f,0f,1f], start_interpolation: 0, interpolation_duration: 1 }
$data merge entity $(bone_body_0) { transformation: [-0.9760962963748782f,-0.10842453874266265f,-0.1883617254159847f,0.015624999999999988f,0.02920949013801886f,0.7933675561234794f,-0.6080417145036471f,0.5476887497745195f,0.2153667241918374f,-0.5990092155293594f,-0.7712361077009936f,0.11197943382797376f,0f,0f,0f,1f], start_interpolation: 0, interpolation_duration: 1 }
$data merge entity $(bone_leg_left_3) { transformation: [-0.962208146451837f,0.015391062393074487f,-0.2718797493380715f,0.23442926039300752f,-0.0014687666223840018f,0.998093659190755f,0.06170000168409906f,0.03423210058961898f,0.2723110824522737f,0.059767572157662235f,-0.9603512439165419f,-0.17551790076398435f,0f,0f,0f,1f], start_interpolation: 0, interpolation_duration: 1 }
$data merge entity $(bone_leg_left_2) { transformation: [-0.9877760716379838f,-0.053549661741836285f,-0.27109604483920813f,0.21203641558267908f,-0.0010969353094260027f,1.007009426737284f,-0.1949179588849309f,0.2629389960962302f,0.27633209826774363f,-0.18742104388321906f,-0.9698330388666725f,-0.24874896326511273f,0f,0f,0f,1f], start_interpolation: 0, interpolation_duration: 1 }
$data merge entity $(bone_leg_left_1) { transformation: [-0.8757682797077305f,0.2069333214363328f,0.436129018453358f,0.26256455734124323f,0.4576947105181758f,0.06876392103449303f,0.8864463182436063f,0.22549093980365864f,0.1534453395233804f,0.9759355120310402f,-0.15493354748170318f,0.021543351886651102f,0f,0f,0f,1f], start_interpolation: 0, interpolation_duration: 1 }
$data merge entity $(bone_leg_left_0) { transformation: [-0.9638169443818481f,0.10642817110732475f,-0.2443970992405342f,0.21217875000000003f,0.20359633627488094f,0.8857110629065786f,-0.4172103125527271f,0.6308867069646432f,0.17206228400751605f,-0.45187272261074646f,-0.8753317159697048f,-0.06461244275875255f,0f,0f,0f,1f], start_interpolation: 0, interpolation_duration: 1 }
$data merge entity $(bone_leg_right_3) { transformation: [-0.998003532505135f,0.02915478256513737f,0.05602631311135565f,-0.19692710781949743f,0.03410576372709841f,0.9953983807922888f,0.08954808985501184f,0.03250989347336042f,-0.05315774626395895f,0.09128013020186557f,-0.994405446406277f,-0.07694945303102751f,0f,0f,0f,1f], start_interpolation: 0, interpolation_duration: 1 }
$data merge entity $(bone_leg_right_2) { transformation: [-1.0238453950847808f,0.019582792197783146f,0.05847495800872256f,-0.1889668777581681f,0.033301277571328114f,0.994175958058186f,0.2501347413533351f,0.2719294868343517f,-0.05190213267776946f,0.2515807587426372f,-0.993013338256175f,-0.048914383595694944f,0f,0f,0f,1f], start_interpolation: 0, interpolation_duration: 1 }
$data merge entity $(bone_leg_right_1) { transformation: [-0.940443697860039f,0.019135391189194495f,-0.3394105006616211f,-0.1844968538075176f,-0.3042468985884354f,0.3980283973688943f,0.8654520319389563f,0.3281017665434397f,0.15165578081515413f,0.9171735014118029f,-0.3685014144523188f,0.22281724786801638f,0f,0f,0f,1f], start_interpolation: 0, interpolation_duration: 1 }
$data merge entity $(bone_leg_right_0) { transformation: [-0.9561733076250296f,-0.23900914450970626f,0.16913673352098582f,-0.18092874999999997f,-0.27349572330174315f,0.5227679590005969f,-0.8074117601187184f,0.6308867069646432f,0.10455952907825734f,-0.818283746559278f,-0.5652247473313995f,-0.06461244275875261f,0f,0f,0f,1f], start_interpolation: 0, interpolation_duration: 1 }
$data merge entity $(bone_tail_4) { transformation: [-1.723690277307018f,1.1010694304515545f,1.8553164875142858f,0.21545309548704114f,2.1531415657989115f,1.027801990459356f,1.3904192884295008f,0.7805289692628438f,-0.13614168041518587f,2.3145043766069824f,-1.5000654202803472f,-1.6574453720303723f,0f,0f,0f,1f], start_interpolation: 0, interpolation_duration: 1 }
$data merge entity $(bone_tail_3) { transformation: [-1.6655737857841484f,0.7583771223743844f,0.9933144670305841f,0.03960235343117907f,1.1674406379035687f,1.5348035853090989f,0.7857517658510796f,0.6322752485442957f,-0.44597292196322214f,1.1854060995397013f,-1.6528357625892847f,-1.3887856351022738f,0f,0f,0f,1f], start_interpolation: 0, interpolation_duration: 1 }
$data merge entity $(bone_tail_2) { transformation: [-1.7793498028594898f,0.4230456709026391f,0.6882735752571123f,-0.08956126729955344f,0.6923170134658148f,1.6565217646045731f,0.7716259918249928f,0.48973776649107614f,-0.4163956134884789f,0.9464364102910795f,-1.6582058645854758f,-1.0806114809965213f,0f,0f,0f,1f], start_interpolation: 0, interpolation_duration: 1 }
$data merge entity $(bone_tail_1) { transformation: [-1.4973838119338698f,0.032966266039195884f,-0.21073963808886675f,-0.04318486853779162f,0.011172840533763538f,1.50439747720409f,0.15594758163042177f,0.437779207588151f,0.21300971196825907f,0.15283228024669038f,-1.4896057890333927f,-0.7621366550001021f,0f,0f,0f,1f], start_interpolation: 0, interpolation_duration: 1 }
$data merge entity $(bone_tail_0) { transformation: [-1.2601190251297052f,-0.05879236431728423f,-0.20610486890942925f,0.015625000000000052f,0.01563044787155105f,1.2007023385170308f,-0.4380699715377626f,0.5947685212568232f,0.2137555804874437f,-0.43438815449059515f,-1.1829840234055395f,-0.42692378821663846f,0f,0f,0f,1f], start_interpolation: 0, interpolation_duration: 1 }
$data merge entity $(bone_body_1) { transformation: [-1.2363675f,1.2275112445042732e-17f,1.5091295029597803e-16f,0.015625000000000017f,0f,1.2322977563902469f,-0.10023389971369005f,0.5350675f,-1.5141135014448153e-16f,-0.10023389971369005f,-1.2322977563902469f,-0.1336803571428571f,0f,0f,0f,1f], start_interpolation: 0, interpolation_duration: 1 }