# This file was generated by Animated Java via MC-Build. It is not recommended to edit this file directly.
$data merge entity $(bone_head_lower) { transformation: [-0.9842727025081897f,-0.16535333505011152f,0.062173319720202826f,0.015007981122170364f,-0.1013473525471897f,0.8168161932970539f,0.5679260695718991f,0.9466407621708391f,-0.14469264400411186f,0.5526930259696747f,-0.8207280047711201f,0.6131111864295337f,0f,0f,0f,1f], start_interpolation: 0, interpolation_duration: 1 }
$data merge entity $(bone_head_upper) { transformation: [-1.0245290459271488f,-0.183221506205793f,-0.015558158592662503f,0.009503209049713478f,-0.10549241703830621f,0.5135288932933765f,0.899239327589604f,1.0201303600403744f,-0.15061051285527838f,0.8866735013521423f,-0.5240214862015767f,0.5968497910035203f,0f,0f,0f,1f], start_interpolation: 0, interpolation_duration: 1 }
$data merge entity $(bone_neck_0) { transformation: [-0.9842727025081897f,-0.10296968214884614f,0.14354264751421647f,0.020774379906874578f,-0.1013473525471897f,0.9946774332856674f,0.018588110283519976f,1.0052195702048916f,-0.14469264400411186f,0.003748102240100415f,-0.9894695500624043f,0.5328547497246241f,0f,0f,0f,1f], start_interpolation: 0, interpolation_duration: 1 }
$data merge entity $(bone_neck_1) { transformation: [-0.955970451224093f,-0.25745772163617725f,0.1408403988787054f,0.03151933468077353f,-0.28924840046430406f,0.9076812802354909f,-0.3040560085558279f,0.9836436097429857f,-0.04955662635052705f,-0.33140641979293134f,-0.9421857172048329f,0.4515125053396529f,0f,0f,0f,1f], start_interpolation: 0, interpolation_duration: 1 }
$data merge entity $(bone_neck_2) { transformation: [-0.9815119597826252f,-0.15239108804677226f,0.11580686114212424f,0.04017288027187425f,-0.18888556231874631f,0.86896599746998f,-0.4574060992034688f,0.9520791251259973f,-0.03092761146938698f,-0.4708238009329215f,-0.881684995519304f,0.3696606278186865f,0f,0f,0f,1f], start_interpolation: 0, interpolation_duration: 1 }
$data merge entity $(bone_body_0) { transformation: [-0.9938260869791334f,-0.09900112763496188f,-0.05008478378459772f,0.015624999999999991f,-0.024952917545136368f,0.6393015823595253f,-0.7685511295278882f,0.5959540065451918f,0.10810670999401259f,-0.7625564002220511f,-0.6378249569706859f,0.061791814534375655f,0f,0f,0f,1f], start_interpolation: 0, interpolation_duration: 1 }
$data merge entity $(bone_leg_left_3) { transformation: [-0.9673295667453357f,0.002135134348065025f,-0.2535132156349983f,0.23336467613706555f,0.005392579966618223f,0.9999115839593725f,-0.012155013169984352f,0.03847969869365739f,0.2534648484141046f,-0.013124993911411087f,-0.9672555531777736f,-0.19111100010010257f,0f,0f,0f,1f], start_interpolation: 0, interpolation_duration: 1 }
$data merge entity $(bone_leg_left_2) { transformation: [-0.9929748107445864f,-0.06199422348605044f,-0.2494392530894223f,0.2096646429028566f,0.005711224613864072f,0.9898507273254605f,-0.2687473144560913f,0.26091583053352124f,0.25696421276290055f,-0.26156156707038003f,-0.9579233473986969f,-0.28128609501456175f,0f,0f,0f,1f], start_interpolation: 0, interpolation_duration: 1 }
$data merge entity $(bone_leg_left_1) { transformation: [-0.8704015099505702f,0.1828875410335229f,0.45711416386990106f,0.2524404415640718f,0.48373454968103186f,0.14481419603909812f,0.8631510493942752f,0.24484515141928953f,0.09166295282531967f,0.9724098909206245f,-0.21451551719883144f,-0.007561141856344586f,0f,0f,0f,1f], start_interpolation: 0, interpolation_duration: 1 }
$data merge entity $(bone_leg_left_0) { transformation: [-0.9638169443818481f,0.1352609281974573f,-0.22969845237963582f,0.21217875000000003f,0.23356624828338976f,0.8438011450203606f,-0.48316294904012463f,0.6426394498098502f,0.1284667481695535f,-0.519330442941188f,-0.8448622287978378f,-0.12775253474624412f,0f,0f,0f,1f], start_interpolation: 0, interpolation_duration: 1 }
$data merge entity $(bone_leg_right_3) { transformation: [-0.9986503159414131f,0.04093248357401108f,0.03196995868904204f,-0.20327555482479573f,0.04319853885994726f,0.9963413560645868f,0.07374136177035484f,0.036311380760393225f,-0.02883457491417885f,0.07502288973269429f,-0.9967648335017016f,-0.09286518946831686f,0f,0f,0f,1f], start_interpolation: 0, interpolation_duration: 1 }
$data merge entity $(bone_leg_right_2) { transformation: [-1.0244535167789115f,0.038263642498822956f,0.03306183786085024f,-0.1917452814961694f,0.04287982582560439f,1.0127759001970458f,0.1565518956062949f,0.2771596045727418f,-0.02680507409392362f,0.15774368178624665f,-1.0131439277615166f,-0.08736446684127322f,0f,0f,0f,1f], start_interpolation: 0, interpolation_duration: 1 }
$data merge entity $(bone_leg_right_1) { transformation: [-0.9392058622336803f,0.0498648431195286f,-0.33971435908208825f,-0.17888625797012125f,-0.2755860323582753f,0.4806779208157643f,0.8324668613279798f,0.35810538582356816f,0.20480402123716415f,0.875478288629078f,-0.43771346680698403f,0.17776910642212093f,0f,0f,0f,1f], start_interpolation: 0, interpolation_duration: 1 }
$data merge entity $(bone_leg_right_0) { transformation: [-0.9561733076250296f,-0.2607498466141368f,0.1331995618465568f,-0.18092874999999997f,-0.24746073396080948f,0.4764835643042346f,-0.8436389026683807f,0.6426394498098502f,0.15651131247608924f,-0.8396266613433833f,-0.5201262141330463f,-0.12775253474624418f,0f,0f,0f,1f], start_interpolation: 0, interpolation_duration: 1 }
$data merge entity $(bone_tail_4) { transformation: [-1.238955952723068f,0.5087452978508558f,2.4149177420207746f,0.141810285361347f,2.2758634123082073f,1.2806296757448354f,0.8978277639494779f,0.434953491683817f,-0.9545130734195927f,2.393079018151369f,-0.993850560775995f,-1.6709518146433324f,0f,0f,0f,1f], start_interpolation: 0, interpolation_duration: 1 }
$data merge entity $(bone_tail_3) { transformation: [-1.5476987125376962f,0.5901894672288319f,1.2618441322230527f,-0.07792731638801624f,1.1010854469539113f,1.6737006502439138f,0.5676993023809773f,0.3223141940078022f,-0.8533376001090698f,1.08919605773694f,-1.5560888194749185f,-1.4177552932784883f,0f,0f,0f,1f], start_interpolation: 0, interpolation_duration: 1 }
$data merge entity $(bone_tail_2) { transformation: [-1.857283943188187f,0.4789951719329804f,0.3739436516950253f,-0.1487020055322903f,0.54335060535437f,1.8474827679170711f,0.33219183751755904f,0.26140184871397065f,-0.27210356307692013f,0.4196962264747535f,-1.8890708307118802f,-1.066682489523374f,0f,0f,0f,1f], start_interpolation: 0, interpolation_duration: 1 }
$data merge entity $(bone_tail_1) { transformation: [-1.4671594460978798f,0.036466356066415656f,-0.36574528650551363f,-0.06904178112775584f,0.10015876386314697f,1.4877467179899604f,-0.253444619456613f,0.29765844756551485f,0.35364902339349f,-0.2700669509313168f,-1.445563025352922f,-0.752650031509293f,0f,0f,0f,1f], start_interpolation: 0, interpolation_duration: 1 }
$data merge entity $(bone_tail_0) { transformation: [-1.2385076332094065f,-0.10447650871377281f,-0.29836088582963216f,0.01562500000000006f,0.08707371427403945f,1.0469828251576183f,-0.7280665139199319f,0.5356819653803522f,0.30389591532066496f,-0.72577361452176f,-1.0073408805858435f,-0.4757958235923901f,0f,0f,0f,1f], start_interpolation: 0, interpolation_duration: 1 }
$data merge entity $(bone_body_1) { transformation: [-1.2363675f,4.183622424428815e-17f,1.4551675949373125e-16f,0.01562500000000002f,0f,1.1882345145967448f,-0.34161869588371246f,0.5350675f,-1.5141135014448153e-16f,-0.34161869588371246f,-1.1882345145967448f,-0.17653750000000012f,0f,0f,0f,1f], start_interpolation: 0, interpolation_duration: 1 }