# This file was generated by Animated Java via MC-Build. It is not recommended to edit this file directly.
$data merge entity $(bone_head_lower) { transformation: [-0.9886848697115216f,-0.12806491536501682f,0.07811277652255671f,0.01741334132945453f,-0.025540144146965555f,0.6568327292173415f,0.7536036536972535f,0.6992680807791017f,-0.14781721631956146f,0.7430815185976898f,-0.652671377707102f,0.7868607175290789f,0f,0f,0f,1f], start_interpolation: 0, interpolation_duration: 1 }
$data merge entity $(bone_head_upper) { transformation: [-1.029121668930694f,-0.14351520739537763f,0.061513562464487914f,0.018111859421962778f,-0.02658472540084972f,0.5651301709913537f,0.8737236890425664f,0.7721818860037877f,-0.15386287887652475f,0.8622663264125833f,-0.5624010485607961f,0.7674044698968178f,0f,0f,0f,1f], start_interpolation: 0, interpolation_duration: 1 }
$data merge entity $(bone_neck_0) { transformation: [-0.9886848697115216f,-0.04058964054002823f,0.14441159747175125f,0.02842809885629769f,-0.025540144146965555f,0.994188451429598f,0.10458022796384382f,0.7628149496208859f,-0.14781721631956146f,0.0997085960429121f,-0.9839757448406373f,0.7022080592515297f,0f,0f,0f,1f], start_interpolation: 0, interpolation_duration: 1 }
$data merge entity $(bone_neck_1) { transformation: [-0.9770336550981593f,-0.17034571645175273f,0.12801395897350532f,0.03848779994208644f,-0.18282356523309348f,0.9787407995720355f,-0.09296231090368347f,0.7594487582780417f,-0.10945675310821179f,-0.11423127478773651f,-0.9874059120034558f,0.6180355695982043f,0f,0f,0f,1f], start_interpolation: 0, interpolation_duration: 1 }
$data merge entity $(bone_neck_2) { transformation: [-0.9912221205691002f,-0.10545935015128888f,0.07973100501162736f,0.04444032101356762f,-0.11430167868446668f,0.9866538805093743f,-0.11597088568130443f,0.758948797059579f,-0.06643669125121471f,-0.12406629494532789f,-0.9900473324614988f,0.5300853113506343f,0f,0f,0f,1f], start_interpolation: 0, interpolation_duration: 1 }
$data merge entity $(bone_body_0) { transformation: [-0.9955547983960836f,-0.07287263134215646f,-0.059667604207002324f,0.015624999999999988f,-0.038231240860932866f,0.8916550407550047f,-0.4510982825487415f,0.554841996944909f,0.08607563890420251f,-0.44681189319159914f,-0.8904774654587123f,0.10615017937292226f,0f,0f,0f,1f], start_interpolation: 0, interpolation_duration: 1 }
$data merge entity $(bone_leg_left_3) { transformation: [-0.9629492857751344f,0.013668273602274308f,-0.26933594509811026f,0.23414149287608124f,-0.0000902098806030595f,0.9986984183113745f,0.05100452062843289f,0.03485724079029287f,0.26968252610678406f,0.0491390634739019f,-0.9616946956043646f,-0.17677645487187377f,0f,0f,0f,1f], start_interpolation: 0, interpolation_duration: 1 }
$data merge entity $(bone_leg_left_2) { transformation: [-0.9885287125506123f,-0.05460681958046792f,-0.2681254915501875f,0.21159286187985551f,0.00028388432423728023f,1.0048632933971566f,-0.2056985184521384f,0.26273285032677796f,0.27362950018851007f,-0.1983180686145882f,-0.9684312261530293f,-0.25250846847634f,0f,0f,0f,1f], start_interpolation: 0, interpolation_duration: 1 }
$data merge entity $(bone_leg_left_1) { transformation: [-0.874930539031283f,0.20357519306784214f,0.43937875760876194f,0.2610196669947721f,0.46211652227919203f,0.07983525274426573f,0.8832183491390132f,0.22837566511220614f,0.14472343178287847f,0.9757988897240298f,-0.1639257609600655f,0.018397346189992475f,0f,0f,0f,1f], start_interpolation: 0, interpolation_duration: 1 }
$data merge entity $(bone_leg_left_0) { transformation: [-0.9638169443818481f,0.11076389567823353f,-0.24246289847442423f,0.21217875000000003f,0.20852382660524288f,0.8799103330540732f,-0.42693748901048345f,0.6328586771857354f,0.16605635025600238f,-0.4620488774998285f,-0.8711693999107201f,-0.07279111983224125f,0f,0f,0f,1f], start_interpolation: 0, interpolation_duration: 1 }
$data merge entity $(bone_leg_right_3) { transformation: [-0.9981689192247535f,0.030445594499434767f,0.052267336542657736f,-0.1976842297544026f,0.03493441208465365f,0.9955749783902452f,0.08723559626415278f,0.03306887656483279f,-0.04938011285919742f,0.08890178951426478f,-0.9948155991314039f,-0.07829187643293456f,0f,0f,0f,1f], start_interpolation: 0, interpolation_duration: 1 }
$data merge entity $(bone_leg_right_2) { transformation: [-1.024006368668371f,0.02214596738656504f,0.05461421569357077f,-0.18924559177752237f,0.03418728900557255f,0.9974695418199057f,0.23653317296466317f,0.272834475593277f,-0.04800401751687189f,0.23796274660289787f,-0.996559855218009f,-0.05354679656557354f,0f,0f,0f,1f], start_interpolation: 0, interpolation_duration: 1 }
$data merge entity $(bone_leg_right_1) { transformation: [-0.9402433934133766f,0.0236435715227927f,-0.33968123685029306f,-0.18353248809043665f,-0.30069446092256563f,0.41041849911795353f,0.8608945909646861f,0.3326852173521657f,0.1597660862416862f,0.9115907179800664f,-0.3787837913369592f,0.21737502761427552f,0f,0f,0f,1f], start_interpolation: 0, interpolation_duration: 1 }
$data merge entity $(bone_leg_right_0) { transformation: [-0.9561733076250296f,-0.24251605761850065f,0.16406878917877912f,-0.18092874999999997f,-0.2703326789619253f,0.5159236473630555f,-0.8128610168884163f,0.6328586771857354f,0.1124848810759882f,-0.8215891624703806f,-0.5588724359283961f,-0.0727911198322413f,0f,0f,0f,1f], start_interpolation: 0, interpolation_duration: 1 }
$data merge entity $(bone_tail_4) { transformation: [-1.222333292837355f,0.3687435863095709f,2.448589557352752f,0.1787101543806323f,2.429358669798294f,0.7071949531623607f,1.1062337380940572f,0.7481602555638368f,-0.47935279940483627f,2.6437785076245026f,-0.6374303318210577f,-1.6118157840547471f,0f,0f,0f,1f], start_interpolation: 0, interpolation_duration: 1 }
$data merge entity $(bone_tail_3) { transformation: [-1.5357303991369844f,0.5090613978756922f,1.310852455619567f,-0.04854354610760904f,1.2477448207081507f,1.3884951324181283f,0.9225831429695608f,0.5781367328431738f,-0.648544932604509f,1.4659069842552954f,-1.3290792715067834f,-1.400798105243652f,0f,0f,0f,1f], start_interpolation: 0, interpolation_duration: 1 }
$data merge entity $(bone_tail_2) { transformation: [-1.8624351461879218f,0.43232375459858624f,0.4039868468855544f,-0.12491811424929028f,0.5605605560393307f,1.7162955458240041f,0.7475796528801036f,0.4399862093698372f,-0.18942297711636577f,0.8283716832420347f,-1.7597423576040634f,-1.0736087989172451f,0f,0f,0f,1f], start_interpolation: 0, interpolation_duration: 1 }
$data merge entity $(bone_tail_1) { transformation: [-1.481863839601602f,0.039529412037190695f,-0.300288588636319f,-0.059366835454762054f,0.028905511640073142f,1.5111759246183445f,0.056285399978297276f,0.40937403921220505f,0.3014967367618165f,0.04940648173959904f,-1.4813220336186494f,-0.7557368091391736f,0f,0f,0f,1f], start_interpolation: 0, interpolation_duration: 1 }
$data merge entity $(bone_tail_0) { transformation: [-1.2480118896350414f,-0.08296038674142675f,-0.2634760219551561f,0.015625000000000052f,0.029368867933869735f,1.1724445925083677f,-0.5082783328828783f,0.5861979581121117f,0.2746625375071816f,-0.5023215785864947f,-1.1428338631491963f,-0.43389610689536734f,0f,0f,0f,1f], start_interpolation: 0, interpolation_duration: 1 }
$data merge entity $(bone_body_1) { transformation: [-1.2363675f,1.6667552539062905e-17f,1.504911613515304e-16f,0.015625000000000017f,0f,1.2288535882860938f,-0.13610089497369776f,0.5350675f,-1.5141135014448153e-16f,-0.13610089497369776f,-1.2288535882860938f,-0.13903749999999993f,0f,0f,0f,1f], start_interpolation: 0, interpolation_duration: 1 }