# This file was generated by Animated Java via MC-Build. It is not recommended to edit this file directly.
$data merge entity $(bone_head_lower) { transformation: [-0.9957639079703927f,-0.07097153039250963f,0.05845751839820373f,0.024944262012985368f,0.014590656502196145f,0.5057521204340099f,0.8625554506345303f,0.4374177985630882f,-0.09078189426513505f,0.8597545199359219f,-0.50257418668629f,0.877904737371221f,0f,0f,0f,1f], start_interpolation: 0, interpolation_duration: 1 }
$data merge entity $(bone_head_upper) { transformation: [-1.0364902369047535f,-0.05752155849811035f,0.0764931480106777f,0.028604110509790608f,0.015187408273695758f,0.7225334423905581f,0.7491239615982693f,0.5052894429561489f,-0.09449483591478981f,0.7470666888027504f,-0.7186334469326057f,0.8451098919201563f,0f,0f,0f,1f], start_interpolation: 0, interpolation_duration: 1 }
$data merge entity $(bone_neck_0) { transformation: [-0.9957639079703927f,0.0063457768024398785f,0.0917276986537047f,0.034754147851101966f,0.014590656502196145f,0.9958803498536785f,0.0894954832276467f,0.4949066687460161f,-0.09078189426513505f,0.09045473946725335f,-0.9917542980907845f,0.7795422833416915f,0f,0f,0f,1f], start_interpolation: 0, interpolation_duration: 1 }
$data merge entity $(bone_neck_1) { transformation: [-0.9930310053482307f,-0.08813740279374863f,0.07823823007874543f,0.04097591481804603f,-0.08399195928941774f,0.9949591237161968f,0.054787707641611255f,0.5041315589849934f,-0.08267268709680956f,0.047834510164424054f,-0.9954280920516169f,0.6954368265602252f,0f,0f,0f,1f], start_interpolation: 0, interpolation_duration: 1 }
$data merge entity $(bone_neck_2) { transformation: [-0.9976645120770731f,-0.06067123541486523f,0.03137710208495546f,0.0431307749747201f,-0.052688250455842224f,0.9759030030714175f,0.21174814487992866f,0.5322369849270079f,-0.0434680296990576f,0.20960040503162872f,-0.9768204546407998f,0.611912147545794f,0f,0f,0f,1f], start_interpolation: 0, interpolation_duration: 1 }
$data merge entity $(bone_body_0) { transformation: [-0.9971466875924139f,-0.04906256871608869f,-0.057370269081259355f,0.015624999999999984f,-0.04418447584881078f,0.9955354753187333f,-0.08340773031242076f,0.5024109542315077f,0.06120633559888129f,-0.08063486673197105f,-0.9948627054773308f,0.14226893729026813f,0f,0f,0f,1f], start_interpolation: 0, interpolation_duration: 1 }
$data merge entity $(bone_leg_left_3) { transformation: [-0.9577103499930021f,0.024635701997755693f,-0.2866774628451963f,0.2372536382892418f,-0.01288476191670839f,0.9916565249802927f,0.12826269673743892f,0.03040437327083584f,0.28744541816948627f,0.12653228303910538f,-0.9494022924568282f,-0.1702789875018302f,0f,0f,0f,1f], start_interpolation: 0, interpolation_duration: 1 }
$data merge entity $(bone_leg_left_2) { transformation: [-0.9832067463787612f,-0.048171897695155355f,-0.2881773093920336f,0.21559354363809066f,-0.012600486466327693f,1.0177136610553004f,-0.1271311580334402f,0.26368347966804384f,0.29190395872066593f,-0.1183240122483983f,-0.9761422573115758f,-0.22757445751682281f,0f,0f,0f,1f], start_interpolation: 0, interpolation_duration: 1 }
$data merge entity $(bone_leg_left_1) { transformation: [-0.8814500084641123f,0.22674945117420728f,0.4142831989965463f,0.2727768841138111f,0.42524906043300875f,-0.0005383910976903827f,0.9050762104573674f,0.20706626664546746f,0.205448580378302f,0.9739529744947757f,-0.09595042622791577f,0.03801534353238843f,0f,0f,0f,1f], start_interpolation: 0, interpolation_duration: 1 }
$data merge entity $(bone_leg_left_0) { transformation: [-0.9638169443818481f,0.07825748963936507f,-0.25481888281244425f,0.21217875000000003f,0.1685785618437857f,0.9194430165640614f,-0.3552545675684691f,0.6165909966276643f,0.20649011164973122f,-0.38535737258669867f,-0.8993672938149118f,-0.016064599509246075f,0f,0f,0f,1f], start_interpolation: 0, interpolation_duration: 1 }
$data merge entity $(bone_leg_right_3) { transformation: [-0.9963941191351984f,0.024694069456206013f,0.0811724231896783f,-0.19352315126291011f,0.03311081178566502f,0.9940220789719907f,0.10403740028997852f,0.029051710829268412f,-0.07811807406539448f,0.10634993864546882f,-0.9912553944642214f,-0.0708973608548917f,0f,0f,0f,1f], start_interpolation: 0, interpolation_duration: 1 }
$data merge entity $(bone_leg_right_2) { transformation: [-1.0222536749166018f,0.0048311515899285675f,0.08388255834505817f,-0.1882187679145643f,0.03206052307871615f,0.9689540135972157f,0.3349066166776371f,0.2652138610885734f,-0.07766431922135228f,0.33640300089157593f,-0.9658485771650344f,-0.022210870241879455f,0f,0f,0f,1f], start_interpolation: 0, interpolation_duration: 1 }
$data merge entity $(bone_leg_right_1) { transformation: [-0.9418526379513992f,-0.009299181649867955f,-0.33589750461209644f,-0.19168790488312443f,-0.32128073250581424f,0.31779036952630413f,0.8920694883005829f,0.29783704655262966f,0.0984494758976296f,0.9481153971205081f,-0.30229934574607364f,0.2533559610688515f,0f,0f,0f,1f], start_interpolation: 0, interpolation_duration: 1 }
$data merge entity $(bone_leg_right_0) { transformation: [-0.9561733076250295f,-0.21442190286745721f,0.19938869916850688f,-0.18092874999999997f,-0.2880351044551299f,0.566451106687349f,-0.7721197590621549f,0.6165909966276643f,0.052615438674718205f,-0.7957112486972748f,-0.6033864634789967f,-0.01606459950924613f,0f,0f,0f,1f], start_interpolation: 0, interpolation_duration: 1 }
$data merge entity $(bone_tail_4) { transformation: [-1.2971105821819522f,0.3381858285028988f,2.414289919332681f,0.22117816248831038f,2.4302219684473427f,-0.03694917327783737f,1.3108460147057721f,1.1289212204025423f,0.19283841232368143f,2.740424499159554f,-0.2802645941580734f,-1.463299369991009f,0f,0f,0f,1f], start_interpolation: 0, interpolation_duration: 1 }
$data merge entity $(bone_tail_3) { transformation: [-1.5575309857445099f,0.4524062984945285f,1.3058986544034183f,-0.004681141751755713f,1.3453197560247132f,0.9468613138485705f,1.2765241605355568f,0.9032041143096499f,-0.3164767108963716f,1.7985348813586803f,-1.0005300085658486f,-1.3112465300306555f,0f,0f,0f,1f], start_interpolation: 0, interpolation_duration: 1 }
$data merge entity $(bone_tail_2) { transformation: [-1.8683647525508662f,0.35547677333143274f,0.4490248211960997f,-0.08945084152772007f,0.5632001925473352f,1.4183889850651918f,1.2205540156679486f,0.6770597539730288f,-0.1038872924999039f,1.296372950068916f,-1.4585604134863364f,-1.0398716781062851f,0f,0f,0f,1f], start_interpolation: 0, interpolation_duration: 1 }
$data merge entity $(bone_tail_1) { transformation: [-1.498133943459378f,0.035876820770170535f,-0.20485065581119988f,-0.04437654791882423f,-0.028015921963791088f,1.441428330646956f,0.45733546300811706f,0.5610530581980966f,0.20607291324036833f,0.45678602358189013f,-1.4270727847902058f,-0.7385621502286065f,0f,0f,0f,1f], start_interpolation: 0, interpolation_duration: 1 }
$data merge entity $(bone_tail_0) { transformation: [-1.2595924272573134f,-0.05631760035714621f,-0.209978479064094f,0.01562500000000005f,-0.024545470656572633f,1.2635287478121033f,-0.19164639288714216f,0.6475477879399354f,0.21600961471727298f,-0.18482193572846894f,-1.2462007924116019f,-0.378853396825228f,0f,0f,0f,1f], start_interpolation: 0, interpolation_duration: 1 }
$data merge entity $(bone_body_1) { transformation: [-1.2363675f,-1.5616528392627177e-17f,1.5060385451088912e-16f,0.015625000000000014f,0f,1.2297737977655712f,0.1275186315229829f,0.5350675f,-1.5141135014448153e-16f,0.1275186315229829f,-1.2297737977655712f,-0.10153750000000006f,0f,0f,0f,1f], start_interpolation: 0, interpolation_duration: 1 }