# This file was generated by Animated Java via MC-Build. It is not recommended to edit this file directly.
$data merge entity $(bone_head_lower) { transformation: [-0.9991949676497346f,-0.030582821637978822f,0.02596358303673757f,0.01939423236905416f,0.007863860807900898f,0.4853201708304527f,0.8743011446168274f,0.3076589443752045f,-0.03933924651845728f,0.8738014779146117f,-0.48468897334022376f,0.9141184885892529f,0f,0f,0f,1f], start_interpolation: 0, interpolation_duration: 1 }
$data merge entity $(bone_head_upper) { transformation: [-1.0400616254953723f,-0.011236720574535099f,0.040218078847217925f,0.021591578305094023f,0.008185489438335376f,0.9281972274023971f,0.4710146997585798f,0.3609744212755075f,-0.04094820530970947f,0.4709517870618392f,-0.9273616346003758f,0.8607510070529513f,0f,0f,0f,1f], start_interpolation: 0, interpolation_duration: 1 }
$data merge entity $(bone_neck_0) { transformation: [-0.9991949676497346f,0.01084902488998683f,0.03862273012595613f,0.024235761310693f,0.007863860807900898f,0.9970293697650521f,-0.07661981153133521f,0.33983384348836604f,-0.03933924651845728f,-0.07625440633064949f,-0.9963120440898625f,0.7975780656828075f,0f,0f,0f,1f], start_interpolation: 0, interpolation_duration: 1 }
$data merge entity $(bone_neck_1) { transformation: [-0.9988766442425743f,-0.03261050064376843f,0.03438029718395015f,0.026997991223420854f,-0.031185917594211767f,0.9986645878133295f,0.04118834290718898f,0.34792375965258815f,-0.03567755779899999f,0.040069892630202275f,-0.9985597205846544f,0.7131715482395654f,0f,0f,0f,1f], start_interpolation: 0, interpolation_duration: 1 }
$data merge entity $(bone_neck_2) { transformation: [-0.9995996819265243f,-0.02657738002249717f,0.009701482542965507f,0.027587704694020942f,-0.021305856777670266f,0.9327263952618383f,0.3599549027987069f,0.3885904831631364f,-0.018615487083638138f,0.35960410794788894f,-0.932919261880492f,0.6349615729737474f,0f,0f,0f,1f], start_interpolation: 0, interpolation_duration: 1 }
$data merge entity $(bone_body_0) { transformation: [-0.9994160113071221f,-0.02339102949223123f,-0.024909758775548498f,0.01562499999999998f,-0.026207961440997303f,0.9924848614468669f,0.11952799904583289f,0.45437823979479913f,0.021926675536196663f,0.12011103004340196f,-0.992518292708927f,0.16833563126357873f,0f,0f,0f,1f], start_interpolation: 0, interpolation_duration: 1 }
$data merge entity $(bone_leg_left_3) { transformation: [-0.9534110241036445f,0.0316883510541154f,-0.3000054458257564f,0.24218719410097123f,-0.02989262485226875f,0.9796500771700274f,0.19847457590381803f,0.02687229459582771f,0.3001896901911875f,0.19819579891670266f,-0.9330619353476426f,-0.16424275775115824f,0f,0f,0f,1f], start_interpolation: 0, interpolation_duration: 1 }
$data merge entity $(bone_leg_left_2) { transformation: [-0.9788368943975233f,-0.0445934709521945f,-0.3032358092563311f,0.22090262972661412f,-0.029829449091178926f,1.0238294255753182f,-0.054274402748667204f,0.2638018482578356f,0.3050421899243167f,-0.042975913896548736f,-0.9783478587351369f,-0.20402247603738008f,0f,0f,0f,1f], start_interpolation: 0, interpolation_duration: 1 }
$data merge entity $(bone_leg_left_1) { transformation: [-0.8883242890359306f,0.2453041096334242f,0.3882085152411797f,0.28464650011296067f,0.38203772257958324f,-0.07430276111315359f,0.9211548611483121f,0.18715299050135037f,0.25480803761854487f,0.9665945341703075f,-0.027710475944517032f,0.05496605122311518f,0f,0f,0f,1f], start_interpolation: 0, interpolation_duration: 1 }
$data merge entity $(bone_leg_left_0) { transformation: [-0.9638169443818481f,0.04643631956141629f,-0.2624891730110549f,0.21217875f,0.12394441937231815f,0.9498582462268921f,-0.28706635640776723f,0.5978789187671287f,0.23599720046834544f,-0.30921348660813996f,-0.9212449951401315f,0.03599460931077818f,0f,0f,0f,1f], start_interpolation: 0, interpolation_duration: 1 }
$data merge entity $(bone_leg_right_3) { transformation: [-0.9935391909026123f,0.02747150133224098f,0.11011445298022846f,-0.19252834572027244f,0.0406474710872966f,0.9920306240791394f,0.11926032023837929f,0.025727146962527647f,-0.10596064946379706f,0.1229656761202329f,-0.9867379506543287f,-0.06347250585271362f,0f,0f,0f,1f], start_interpolation: 0, interpolation_duration: 1 }
$data merge entity $(bone_leg_right_2) { transformation: [-1.0193974726767698f,-0.0082104945738687f,0.11324124681299093f,-0.18936106723211377f,0.03956880652332875f,0.9331882866464246f,0.4238586211426218f,0.2562897253769733f,-0.10642040101046255f,0.42562237834194944f,-0.9271367152712751f,0.007251873592260483f,0f,0f,0f,1f], start_interpolation: 0, interpolation_duration: 1 }
$data merge entity $(bone_leg_right_1) { transformation: [-0.9436434008908856f,-0.039822085513631034f,-0.3285594823778918f,-0.20154716868459815f,-0.3287426161941164f,0.2276029988807659f,0.9165834207524869f,0.2629630854646373f,0.03828086013833824f,0.972939400171371f,-0.2278672844908673f,0.284416717784838f,0f,0f,0f,1f], start_interpolation: 0, interpolation_duration: 1 }
$data merge entity $(bone_leg_right_0) { transformation: [-0.9561733076250295f,-0.18331332085867563f,0.22831739351432442f,-0.18092875f,-0.2927404805968683f,0.6143980032960155f,-0.7326787185156837f,0.5978789187671287f,-0.005967981679362855f,-0.7674055772156169f,-0.6411342006577415f,0.035994609310778136f,0f,0f,0f,1f], start_interpolation: 0, interpolation_duration: 1 }
$data merge entity $(bone_tail_4) { transformation: [-1.4531272690508612f,0.4186573163326766f,2.3105861860190164f,0.26139507478383595f,2.1996767498867107f,-0.7083589133313567f,1.5117245706516307f,1.4625164304901883f,0.821890909761523f,2.636022578238878f,0.03926360994911235f,-1.229724441791131f,0f,0f,0f,1f], start_interpolation: 0, interpolation_duration: 1 }
$data merge entity $(bone_tail_3) { transformation: [-1.6154714826156236f,0.4200039155183802f,1.2449072760046636f,0.04619473719238774f,1.3137027190058483f,0.4869948182584746f,1.5404436825507384f,1.1965484810631228f,0.019559677317470124f,1.9804995036563555f,-0.6427944158785233f,-1.140111005226884f,0f,0f,0f,1f], start_interpolation: 0, interpolation_duration: 1 }
$data merge entity $(bone_tail_2) { transformation: [-1.8753038433099782f,0.24794439808114713f,0.49044158238242613f,-0.04630496674361235f,0.5471764538345092f,1.0044690031013583f,1.584428548461694f,0.9026502977022395f,-0.051061714020307604f,1.6578116516273853f,-1.0333572006293696f,-0.9476554348786461f,0f,0f,0f,1f], start_interpolation: 0, interpolation_duration: 1 }
$data merge entity $(bone_tail_1) { transformation: [-1.5095664809998068f,0.019552309140458787f,-0.09210318479366413f,-0.025282198355731086f,-0.03391886320222543f,1.2672646012363908f,0.8249522356914007f,0.7096711851303394f,0.08783393513288944f,0.8254177049594029f,-1.264368246271087f,-0.6857512876814328f,0f,0f,0f,1f], start_interpolation: 0, interpolation_duration: 1 }
$data merge entity $(bone_tail_0) { transformation: [-1.269837946793901f,-0.03177516413265301f,-0.1426101132831079f,0.015625000000000038f,-0.04702297146151868f,1.270121281772647f,0.13570735546448778f,0.700664630782882f,0.13833345806856384f,0.14006421783088863f,-1.2629653937643113f,-0.3133034464979291f,0f,0f,0f,1f], start_interpolation: 0, interpolation_duration: 1 }
$data merge entity $(bone_body_1) { transformation: [-1.2363675f,-4.537902709598195e-17f,1.444511711700425e-16f,0.015625000000000007f,0f,1.1795333256136793f,0.3705478765598097f,0.5350675f,-1.5141135014448153e-16f,0.3705478765598097f,-1.1795333256136793f,-0.06403750000000019f,0f,0f,0f,1f], start_interpolation: 0, interpolation_duration: 1 }