# This file was generated by Animated Java via MC-Build. It is not recommended to edit this file directly.
$data merge entity $(bone_head_lower) { transformation: [-1f,-1.032856634543009e-16f,6.580022455450647e-17f,0.015624999999999884f,0f,0.537299608346824f,0.8433914458128856f,0.28674371292965345f,-1.2246467991473532e-16f,0.8433914458128856f,-0.537299608346824f,0.9425729075115463f,0f,0f,0f,1f], start_interpolation: 0, interpolation_duration: 1 }
$data merge entity $(bone_head_upper) { transformation: [-1.0408995833333334f,-2.2135529566497333e-17f,1.2553682639808664e-16f,0.015301874999999892f,0f,1.0250859797738436f,0.18075031578010037f,0.3222221982206006f,-1.2747343429629804e-16f,0.18075031578010037f,-1.0250859797738436f,0.8759648812422499f,0f,0f,0f,1f], start_interpolation: 0, interpolation_duration: 1 }
$data merge entity $(bone_neck_0) { transformation: [-1f,3.1696191514317656e-17f,1.18291797137867e-16f,0.0156249999999999f,0f,0.9659258262890682f,-0.25881904510252074f,0.2898076862069662f,-1.2246467991473532e-16f,-0.25881904510252074f,-0.9659258262890682f,0.8177074245911978f,0f,0f,0f,1f], start_interpolation: 0, interpolation_duration: 1 }
$data merge entity $(bone_neck_1) { transformation: [-1f,5.341834311772731e-18f,1.223481206754078e-16f,0.01562499999999991f,0f,0.9990482215818577f,-0.04361938736533599f,0.290715041868463f,-1.2246467991473532e-16f,-0.04361938736533599f,-0.9990482215818577f,0.7328739786501376f,0f,0f,0f,1f], start_interpolation: 0, interpolation_duration: 1 }
$data merge entity $(bone_neck_2) { transformation: [-1f,-4.686520405326298e-17f,1.1314261122877005e-16f,0.015624999999999918f,0f,0.9238795325112867f,0.3826834323650898f,0.33328633871738095f,-1.2246467991473532e-16f,0.3826834323650898f,-0.9238795325112867f,0.6556819124856544f,0f,0f,0f,1f], start_interpolation: 0, interpolation_duration: 1 }
$data merge entity $(bone_body_0) { transformation: [-1f,-2.1265768495757713e-17f,1.2060416625018979e-16f,0.015624999999999976f,0f,0.984807753012208f,0.17364817766693036f,0.42450759852827147f,-1.2246467991473532e-16f,0.17364817766693036f,-0.984807753012208f,0.19319992747257417f,0f,0f,0f,1f], start_interpolation: 0, interpolation_duration: 1 }
$data merge entity $(bone_leg_left_3) { transformation: [-0.951069235447523f,0.034796121945015815f,-0.30701227871675046f,0.24638307519971364f,-0.043060428581340585f,0.969014970194971f,0.2432196271447502f,0.025225052725198344f,0.305962593915752f,0.24453878513566646f,-0.920101990916614f,-0.14873221522501257f,0f,0f,0f,1f], start_interpolation: 0, interpolation_duration: 1 }
$data merge entity $(bone_leg_left_2) { transformation: [-0.9764560642138848f,-0.04330809933395675f,-0.310998653843878f,0.22516191598297552f,-0.04319865116602992f,1.024766351803408f,-0.007071085465766886f,0.26381105577478575f,0.3110138754108243f,0.006366493878787532f,-0.9773904217651848f,-0.1769714364666784f,0f,0f,0f,1f], start_interpolation: 0, interpolation_duration: 1 }
$data merge entity $(bone_leg_left_1) { transformation: [-0.8931740563310753f,0.2556241965553964f,0.3699951016331179f,0.29277198878756355f,0.3499645782091262f,-0.12160647317247661f,0.9288361856008087f,0.17454262576464347f,0.28242680307648144f,0.9590975632426345f,0.01915633279202089f,0.07694471331243319f,0f,0f,0f,1f], start_interpolation: 0, interpolation_duration: 1 }
$data merge entity $(bone_leg_left_0) { transformation: [-0.9638169443818481f,0.02514276083406366f,-0.2653765990061645f,0.21217875f,0.09181822832506716f,0.9659328055466847f,-0.24195707907799796f,0.5841722783920352f,0.2502524938330953f,-0.25756874178819095f,-0.933290968875176f,0.08088883736552793f,0f,0f,0f,1f], start_interpolation: 0, interpolation_duration: 1 }
$data merge entity $(bone_leg_right_3) { transformation: [-0.9910493438134866f,0.03375536688558081f,0.12915793948990384f,-0.1933860004861193f,0.05050940782537231f,0.9903928018815139f,0.1287279989062815f,0.024054464413969717f,-0.12357183274512085f,0.13409948988607362f,-0.9832331000145935f,-0.04681973644715834f,0f,0f,0f,1f], start_interpolation: 0, interpolation_duration: 1 }
$data merge entity $(bone_leg_right_2) { transformation: [-1.0168949115530659f,-0.014963632267005948f,0.13327801044266316f,-0.19117752526462772f,0.04955010544788851f,0.9052604752869566f,0.4796982993862206f,0.24981732195050266f,-0.12462634315536991f,0.4820184240185291f,-0.8967656957082539f,0.03801732420531173f,0f,0f,0f,1f], start_interpolation: 0, interpolation_duration: 1 }
$data merge entity $(bone_leg_right_1) { transformation: [-0.9449458247598288f,-0.05940224356155979f,-0.3217899341632987f,-0.20906791381565648f,-0.32722399615069575f,0.1674551626909903f,0.9299909810483672f,0.23946955211284543f,-0.001358164988650908f,0.9840884827839353f,-0.1776738963378598f,0.31475952069266666f,0f,0f,0f,1f], start_interpolation: 0, interpolation_duration: 1 }
$data merge entity $(bone_leg_right_0) { transformation: [-0.9561733076250295f,-0.16075701897126785f,0.24472389878571746f,-0.18092875f,-0.2894106986539105f,0.6457162187956162f,-0.7066059809320522f,0.5841722783920352f,-0.044430319490929446f,-0.7464634925003123f,-0.6639414138869262f,0.0808888373655279f,0f,0f,0f,1f], start_interpolation: 0, interpolation_duration: 1 }
$data merge entity $(bone_tail_4) { transformation: [-1.67721648055752f,0.5671587245009293f,2.1191831421962397f,0.2915631784731827f,1.843173510653196f,-1.08230087745349f,1.7484271651658174f,1.6736111904685718f,1.1896712228900128f,2.4764121473385408f,0.2787948879400357f,-1.0005937639353442f,0f,0f,0f,1f], start_interpolation: 0, interpolation_duration: 1 }
$data merge entity $(bone_tail_3) { transformation: [-1.7054801452355637f,0.39211769299569815f,1.1285064089722565f,0.09637301501780046f,1.1743901980507212f,0.18920774918820046f,1.7090797571833696f,1.3819628748355468f,0.21929583437474f,2.036268564932266f,-0.3761185910574218f,-0.9567444365351857f,0f,0f,0f,1f], start_interpolation: 0, interpolation_duration: 1 }
$data merge entity $(bone_tail_2) { transformation: [-1.882290145613757f,0.11623270546674072f,0.5121012018224532f,-0.00018967202861025967f,0.5215052241143706f,0.6371707757256568f,1.7722357571117227f,1.0530453594461946f,-0.06156284552828208f,1.8437128940656198f,-0.6447531739428771f,-0.8364930352559794f,0f,0f,0f,1f], start_interpolation: 0, interpolation_duration: 1 }
$data merge entity $(bone_tail_1) { transformation: [-1.5122663228413926f,-0.010932252936175144f,0.02423436909666667f,-0.003826225624852249f,0.00921784460546771f,1.0775834244134495f,1.0613129815328808f,0.8114814962884075f,-0.024936923238511845f,1.06129670652232f,-1.077350314700039f,-0.6176086993772882f,0f,0f,0f,1f], start_interpolation: 0, interpolation_duration: 1 }
$data merge entity $(bone_tail_0) { transformation: [-1.276340237220946f,-0.014239696768862385f,-0.06773881066816934f,0.01562500000000003f,-0.033423417365854066f,1.2221713059768786f,0.37284834799471306f,0.7320197139228174f,0.0606151021313597f,0.3740725149843672f,-1.2207502936763532f,-0.2518500545501892f,0f,0f,0f,1f], start_interpolation: 0, interpolation_duration: 1 }
$data merge entity $(bone_body_1) { transformation: [-1.2363675f,-6.398920160587319e-17f,1.372252856816764e-16f,0.015625000000000003f,0f,1.1205294928890353f,0.5225114837226943f,0.5350675f,-1.5141135014448153e-16f,0.5225114837226943f,-1.1205294928890353f,-0.026537499999999988f,0f,0f,0f,1f], start_interpolation: 0, interpolation_duration: 1 }