# This file was generated by Animated Java via MC-Build. It is not recommended to edit this file directly.
$data merge entity $(bone_head_lower) { transformation: [-0.9995771559680227f,0.027256119126135087f,-0.010129819201820628f,0.028632495005552247f,0.006205284914412309f,0.5402973948392564f,0.8414512579876765f,0.2463714582650163f,0.0284078106514847f,0.8410325969307579f,-0.5402380652951947f,0.9220750420547148f,0f,0f,0f,1f], start_interpolation: 0, interpolation_duration: 1 }
$data merge entity $(bone_head_upper) { transformation: [-1.0404594451566331f,0.006557282333896602f,-0.029548056048613568f,0.026419783539607153f,0.006459078481876392f,1.0408734895374632f,0.003549882642583548f,0.2699907219755439f,0.029569678270542656f,0.0033650274894451815f,-1.0404740521995153f,0.8504322421266138f,0f,0f,0f,1f], start_interpolation: 0, interpolation_duration: 1 }
$data merge entity $(bone_neck_0) { transformation: [-0.999814036446135f,-0.011006268551870793f,-0.015835232169153404f,0.02589756502236643f,-0.004809595561320731f,0.9375042036904717f,-0.3479407073816322f,0.23227632650170868f,0.01867512559056604f,-0.3477998420288001f,-0.937382797777364f,0.7954587219904583f,0f,0f,0f,1f], start_interpolation: 0, interpolation_duration: 1 }
$data merge entity $(bone_neck_1) { transformation: [-0.9997528184512178f,-0.00007011932397112813f,-0.022232792944813298f,0.024013832623572724f,0.0013901131351674052f,0.9978412859132881f,-0.06565695479069056f,0.23131125075744735f,0.02218940252278031f,-0.06567163170042123f,-0.9975945404850042f,0.7106468299847447f,0f,0f,0f,1f], start_interpolation: 0, interpolation_duration: 1 }
$data merge entity $(bone_neck_2) { transformation: [-0.9997751145307113f,0.010808816073065195f,-0.01824526952943335f,0.022521235238138246f,0.0018370729141494323f,0.9012665913303175f,0.43326107200501907f,0.2780921333438705f,0.021126891115616612f,0.4331301199950529f,-0.9010837661532141f,0.6359457485225536f,0f,0f,0f,1f], start_interpolation: 0, interpolation_duration: 1 }
$data merge entity $(bone_body_0) { transformation: [-0.9998661790078132f,0.007024193267824009f,-0.014774463958191637f,0.015624999999999977f,0.003136940913052582f,0.9686910672266125f,0.24824942271246958f,0.40431914861208973f,0.016055643183119906f,0.24816985510795356f,-0.9685834705061169f,0.18182011914325727f,0f,0f,0f,1f], start_interpolation: 0, interpolation_duration: 1 }
$data merge entity $(bone_leg_left_3) { transformation: [-0.9496753763389711f,0.03636372796111337f,-0.31111791794141913f,0.24980322704533275f,-0.05318165910625584f,0.9601003819522823f,0.27455230414219295f,0.024508942105482184f,0.3086881771466793f,0.27728132981477743f,-0.9098498081694628f,-0.165114964416108f,0f,0f,0f,1f], start_interpolation: 0, interpolation_duration: 1 }
$data merge entity $(bone_leg_left_2) { transformation: [-0.9750388266013431f,-0.04280658834761718f,-0.31548230079452594f,0.22856260320938254f,-0.05348436951420243f,1.0239661374800235f,0.02636230286988604f,0.2639257007702035f,0.31384854362930936f,0.04151077919014546f,-0.9756219279892606f,-0.18510305175716785f,0f,0f,0f,1f], start_interpolation: 0, interpolation_duration: 1 }
$data merge entity $(bone_leg_left_1) { transformation: [-0.8967818119590074f,0.2620493786633147f,0.35652840683694476f,0.29870427090581214f,0.32558075260840763f,-0.15484340169495153f,0.9327489986499469f,0.16590593413017307f,0.29963236686056177f,0.952551124136498f,0.05354251241612745f,0.06486826151770217f,0f,0f,0f,1f], start_interpolation: 0, interpolation_duration: 1 }
$data merge entity $(bone_leg_left_0) { transformation: [-0.9638169443818481f,0.009824923826142029f,-0.2663838745011567f,0.21217875f,0.06785989567929356f,0.9754402057507098f,-0.20955056564802776f,0.573844638231918f,0.25778272300686267f,-0.22004516781066452f,-0.9408125168397493f,0.08503324334809212f,0f,0f,0f,1f], start_interpolation: 0, interpolation_duration: 1 }
$data merge entity $(bone_leg_right_3) { transformation: [-0.9889766650513356f,0.0404102857302496f,0.14245056964132424f,-0.19471269991661763f,0.059880666689349944f,0.9890120026963448f,0.13516495211187074f,0.023231401181489225f,-0.13542326883064504f,0.14220501865182172f,-0.9805295869730077f,-0.062300673310790936f,0f,0f,0f,1f], start_interpolation: 0, interpolation_duration: 1 }
$data merge entity $(bone_leg_right_2) { transformation: [-1.0148073288683357f,-0.018883304517561518f,0.14789085700713478f,-0.19296953082435153f,0.059072646072867746f,0.8832436618622381f,0.518124749232102f,0.2450349478303365f,-0.13688939791582636f,0.5211393806760106f,-0.8727755943812593f,0.032415851760202063f,0f,0f,0f,1f], start_interpolation: 0, interpolation_duration: 1 }
$data merge entity $(bone_leg_right_1) { transformation: [-0.9459301650268854f,-0.0730965153370076f,-0.316026932931033f,-0.2149054767965123f,-0.32304352963129096f,0.12426082557801327f,0.9381908788674231f,0.22260099119493781f,-0.02930871637527578f,0.9895535087463723f,-0.14115541956360161f,0.3081492692557118f,0f,0f,0f,1f], start_interpolation: 0, interpolation_duration: 1 }
$data merge entity $(bone_leg_right_0) { transformation: [-0.9561733076250295f,-0.14373978343146773f,0.25509112184567573f,-0.18092875f,-0.28394502130154303f,0.6678506292128263f,-0.6880049141816494f,0.573844638231918f,-0.07146908886698453f,-0.7302837884816471f,-0.6793951410022127f,0.08503324334809209f,0f,0f,0f,1f], start_interpolation: 0, interpolation_duration: 1 }
$data merge entity $(bone_tail_4) { transformation: [-2.197363338461353f,0.8606106946344622f,1.4340867904930874f,0.3002571429245495f,1.1150080051280924f,-1.0110591624929233f,2.3152057899978096f,1.85177679221295f,1.246600512949617f,2.421315744346428f,0.45703233900223617f,-0.7986791340516914f,0f,0f,0f,1f], start_interpolation: 0, interpolation_duration: 1 }
$data merge entity $(bone_tail_3) { transformation: [-1.9188136816573802f,0.28268844311541474f,0.7577511631517811f,0.16900421934272708f,0.7794804460078957f,0.12616941596324224f,1.9267685483241808f,1.5238333816815128f,0.21566134428827646f,2.059153721471256f,-0.22208480806956665f,-0.7811721932852618f,0f,0f,0f,1f], start_interpolation: 0, interpolation_duration: 1 }
$data merge entity $(bone_tail_2) { transformation: [-1.8920093878842745f,-0.15963623532664742f,0.4621586562332067f,0.08165291178365566f,0.44005879472303383f,0.24916581403816448f,1.8876012633245365f,1.173317118604667f,-0.21312580403944248f,1.9316331288544963f,-0.20529179761282984f,-0.742706853620773f,0f,0f,0f,1f], start_interpolation: 0, interpolation_duration: 1 }
$data merge entity $(bone_tail_1) { transformation: [-1.4938039916425976f,-0.09298912201149741f,0.21808004892739083f,0.03728835269139968f,0.1281871545854088f,0.8535828037581082f,1.2420228260896593f,0.8954910293285734f,-0.19943404411468682f,1.2451528702597037f,-0.8351506700782103f,-0.5780219210588353f,0f,0f,0f,1f], start_interpolation: 0, interpolation_duration: 1 }
$data merge entity $(bone_tail_0) { transformation: [-1.2760736402673842f,-0.002443161223971424f,0.07393113121011755f,0.015625000000000028f,0.03164150877617522f,1.136715171717718f,0.5837063901424704f,0.7523494175041302f,-0.06686251656302776f,0.5845582656451112f,-1.1347496439871072f,-0.23231526880110154f,0f,0f,0f,1f], start_interpolation: 0, interpolation_duration: 1 }
$data merge entity $(bone_body_1) { transformation: [-1.2363675f,-7.661925544427951e-17f,1.3059435917274158e-16f,0.015625000000000003f,0f,1.066383868913604f,0.6256436998620729f,0.5350675f,-1.5141135014448153e-16f,0.6256436998620729f,-1.066383868913604f,-0.026537499999999988f,0f,0f,0f,1f], start_interpolation: 0, interpolation_duration: 1 }