# This file was generated by Animated Java via MC-Build. It is not recommended to edit this file directly.
$data merge entity $(bone_head_lower) { transformation: [-0.9917612721588587f,0.12499023018297713f,0.028053901772280766f,0.056550369656763716f,0.11488877516304248f,0.7710242731457002f,0.626356240139492f,0.33025663791281407f,0.05665817140870555f,0.6244189399585437f,-0.7790319884534077f,0.761847788095417f,0f,0f,0f,1f], start_interpolation: 0, interpolation_duration: 1 }
$data merge entity $(bone_head_upper) { transformation: [-1.0323238949562927f,0.09778199112452944f,0.09065318911929633f,0.06467496758930152f,0.11958767819688794f,0.3659603297467159f,0.9670800209179488f,0.4051792526639826f,0.05897546701175019f,0.9695275456875398f,-0.3741793353825789f,0.7578416429308654f,0f,0f,0f,1f], start_interpolation: 0, interpolation_duration: 1 }
$data merge entity $(bone_neck_0) { transformation: [-0.9839668008567897f,-0.17580049797019914f,0.03005860484262396f,0.06979012931882655f,-0.15219171028255027f,0.915502768847977f,0.37241423650682337f,0.41444910591349804f,-0.09298934419022055f,0.36186857440943654f,-0.9275797090934853f,0.6920188414445253f,0f,0f,0f,1f], start_interpolation: 0, interpolation_duration: 1 }
$data merge entity $(bone_neck_1) { transformation: [-0.98959450011516f,0.013285342614038017f,-0.1432697630815875f,0.0577145038829307f,-0.03296727182319674f,0.948303589720006f,0.31564768447223923f,0.4455573237640467f,0.14005671826214564f,0.317086425751369f,-0.9379980353251598f,0.6140188741559041f,0f,0f,0f,1f], start_interpolation: 0, interpolation_duration: 1 }
$data merge entity $(bone_neck_2) { transformation: [-0.9866912548620367f,0.048488678663619195f,-0.15520700892754735f,0.04459194031785158f,-0.017855437818018793f,0.9164224161874214f,0.3998138797609905f,0.4895563664536927f,0.16162162887159115f,0.3972641478294576f,-0.9033601972249101f,0.5387672099748655f,0f,0f,0f,1f], start_interpolation: 0, interpolation_duration: 1 }
$data merge entity $(bone_body_0) { transformation: [-0.9960221665734815f,0.012420366652819544f,-0.08823592344661774f,0.00312499999999999f,-0.004113428063414769f,0.9827729384630325f,0.18477129412953636f,0.5860005251896236f,0.0890108049836365f,0.18439925682319344f,-0.9788125411329889f,0.07921316330622907f,0f,0f,0f,1f], start_interpolation: 0, interpolation_duration: 1 }
$data merge entity $(bone_leg_left_3) { transformation: [-0.9805430966664311f,-0.015381103692205113f,-0.19570042725813286f,0.21589346853143124f,-0.02377645765170622f,0.9988916434959282f,0.04062221824987716f,0.03199589076658951f,0.1948587068656228f,0.04448489859731802f,-0.9798220135082922f,-0.13264233289722194f,0f,0f,0f,1f], start_interpolation: 0, interpolation_duration: 1 }
$data merge entity $(bone_leg_left_2) { transformation: [-1.006348868028246f,-0.08113792604064679f,-0.18094416894938872f,0.18982712270357316f,-0.024319169109416346f,0.9793452454702365f,-0.3038974624595683f,0.25085032452306805f,0.19680633458501784f,-0.2938736576036709f,-0.9627916386916461f,-0.23059310883253192f,0f,0f,0f,1f], start_interpolation: 0, interpolation_duration: 1 }
$data merge entity $(bone_leg_left_1) { transformation: [-0.9488172254410386f,0.11630070232747994f,0.29363245621781026f,0.22474551282834412f,0.3156094222833804f,0.3835579821112729f,0.8679135711144744f,0.3027346020390774f,-0.011686114509115402f,0.9161645163380121f,-0.4006320178553088f,0.0397809162466196f,0f,0f,0f,1f], start_interpolation: 0, interpolation_duration: 1 }
$data merge entity $(bone_leg_left_0) { transformation: [-0.9720806534955589f,0.19788978448069253f,-0.1260905876655043f,0.19967875000000002f,0.23416875109406157f,0.8524246493310426f,-0.4674796393682797f,0.7027081054488034f,0.014973279891011866f,-0.483954388771333f,-0.8749651138635591f,-0.07726664902455808f,0f,0f,0f,1f], start_interpolation: 0, interpolation_duration: 1 }
$data merge entity $(bone_leg_right_3) { transformation: [-0.989556795911062f,-0.011543008905070228f,0.14368057144809135f,-0.17939682944263804f,-0.008311838159501914f,0.9996993324870548f,0.023068549398415794f,0.02061858172636491f,-0.14390365183914855f,0.02163339017247118f,-0.98935521195221f,-0.11941378897982324f,0f,0f,0f,1f], start_interpolation: 0, interpolation_duration: 1 }
$data merge entity $(bone_leg_right_2) { transformation: [-1.0154312084992454f,0.02915151182064123f,0.1418162531765222f,-0.16664357899933369f,-0.008714101309925964f,0.9905669435750437f,-0.26601389857571456f,0.2433107959258431f,-0.1445189425121039f,-0.2645553234309625f,-0.9804014257436675f,-0.21115584260889608f,0f,0f,0f,1f], start_interpolation: 0, interpolation_duration: 1 }
$data merge entity $(bone_leg_right_1) { transformation: [-0.9385529657373979f,-0.07882696567610051f,-0.3360128568787712f,-0.18892940925848f,-0.33647698551818217f,0.42568377066858587f,0.8399860508401147f,0.3077049141450849f,0.07682166831130222f,0.9014319923719556f,-0.42605022521551905f,0.0578611177638515f,0f,0f,0f,1f], start_interpolation: 0, interpolation_duration: 1 }
$data merge entity $(bone_leg_right_0) { transformation: [-0.9561733076250295f,-0.27231601828508417f,0.10759457221797178f,-0.19342874999999998f,-0.2888427847960418f,0.8170340542465234f,-0.4990242477803627f,0.7027081054488034f,0.04798386662908773f,-0.5082315814536195f,-0.8598826711572196f,-0.07726664902455813f,0f,0f,0f,1f], start_interpolation: 0, interpolation_duration: 1 }
$data merge entity $(bone_tail_4) { transformation: [-2.692664377207136f,0.18276194464695478f,-0.5846519947016094f,-0.37655718087726586f,0.08048895596711172f,2.718395544276769f,0.4790704795993284f,0.5732065737423974f,0.6072408181990337f,0.45009451012545093f,-2.6559997839359664f,-1.775346227929444f,0f,0f,0f,1f], start_interpolation: 0, interpolation_duration: 1 }
$data merge entity $(bone_tail_3) { transformation: [-1.9054167391259549f,-0.06249432135673697f,-0.8375124095207302f,-0.23393446976640309f,-0.034693649173248624f,2.0806049404084246f,-0.0763214170436064f,0.5657875129318832f,0.8391239044444523f,-0.05588441455953034f,-1.9049129983397355f,-1.4517965049395412f,0f,0f,0f,1f], start_interpolation: 0, interpolation_duration: 1 }
$data merge entity $(bone_tail_2) { transformation: [-1.798804753390822f,-0.13409705222965562f,-0.7517268884140555f,-0.09555210904177183f,0.005438399601807516f,1.9215004952052477f,-0.35578103622668894f,0.6323876784836873f,0.7635743303641972f,-0.3295871698232237f,-1.7683609401079754f,-1.1225758735114806f,0f,0f,0f,1f], start_interpolation: 0, interpolation_duration: 1 }
$data merge entity $(bone_tail_1) { transformation: [-1.481272470682902f,-0.051996966542984455f,-0.3013045520188831f,-0.02866395581359375f,-0.006768063534445806f,1.4956795160121859f,-0.22484045164860214f,0.6624941641859147f,0.30568335072909314f,-0.21885006477467955f,-1.4650319410289843f,-0.8049341705264766f,0f,0f,0f,1f], start_interpolation: 0, interpolation_duration: 1 }
$data merge entity $(bone_tail_0) { transformation: [-1.2734287466377785f,-0.012483270462783833f,-0.10981398717429866f,0.003125000000000054f,0.001254968332764946f,1.268321150127843f,-0.1587312249587228f,0.7394859660441847f,0.11051411165569669f,-0.15824457235863068f,-1.2635588640930087f,-0.43951162601713806f,0f,0f,0f,1f], start_interpolation: 0, interpolation_duration: 1 }
$data merge entity $(bone_body_1) { transformation: [-1.2363675f,-1.8032661808337693e-17f,1.5033369569288488e-16f,0.00312500000000002f,0f,1.2275677836054693f,0.14724785808359386f,0.6225675f,-1.5141135014448153e-16f,0.14724785808359386f,-1.2275677836054693f,-0.1640375f,0f,0f,0f,1f], start_interpolation: 0, interpolation_duration: 1 }