# This file was generated by Animated Java via MC-Build. It is not recommended to edit this file directly.
$data merge entity $(bone_head_lower) { transformation: [-0.9997000804466922f,0.022125094766260525f,0.010499015975840962f,0.029144518421245543f,0.021216548031374807f,0.568337010657087f,0.8225222795809232f,0.2863529382299564f,0.012231404028538104f,0.8224983419429791f,-0.5686359734105295f,0.9346043498151055f,0f,0f,0f,1f], start_interpolation: 0, interpolation_duration: 1 }
$data merge entity $(bone_head_upper) { transformation: [-1.040587397195262f,0.022399247144657086f,-0.012169022526478519f,0.02848555915313927f,0.02208429600562969f,1.0403289388764005f,0.026456103071788313f,0.31154391920312746f,0.012731663356886969f,0.026189983718244738f,-1.0404921585886708f,0.8634676030375843f,0f,0f,0f,1f], start_interpolation: 0, interpolation_duration: 1 }
$data merge entity $(bone_neck_0) { transformation: [-0.9999788237983308f,0.006296829135472384f,-0.0016437450366514426f,0.028600180331063933f,0.006472188673707542f,0.9358543063740169f,-0.35232772813813484f,0.27356898624198545f,-0.0006802416326438295f,-0.35233090580311893f,-0.9358752428007029f,0.8086713660967211f,0f,0f,0f,1f], start_interpolation: 0, interpolation_duration: 1 }
$data merge entity $(bone_neck_1) { transformation: [-0.9999624683240279f,-0.004061622668643409f,-0.007652788028882815f,0.027933177354243072f,-0.0033235477464400994f,0.9955568812254916f,-0.09410340203706374f,0.27018359908949013f,0.008000998293624557f,-0.09407443577226332f,-0.9955330153040809f,0.7239032641633413f,0f,0f,0f,1f], start_interpolation: 0, interpolation_duration: 1 }
$data merge entity $(bone_neck_2) { transformation: [-0.9998986958725735f,0.006960617181768524f,-0.012415627280797582f,0.02691362407983585f,0.0016665367142658129f,0.9235219251045713f,0.38354201400436744f,0.31282661292935476f,0.014135793140351922f,0.38348246851661316f,-0.9234399686458766f,0.6467575301535181f,0f,0f,0f,1f], start_interpolation: 0, interpolation_duration: 1 }
$data merge entity $(bone_body_0) { transformation: [-0.9997017771625225f,0.0042982636439660585f,-0.02403916944782439f,0.015624999999999977f,-0.0003053348084245365f,0.9821111828472575f,0.18830170285213926f,0.41092833600778095f,0.02441850750453472f,0.18825288697921083f,-0.9818169824540841f,0.18582421220117823f,0f,0f,0f,1f], start_interpolation: 0, interpolation_duration: 1 }
$data merge entity $(bone_leg_left_3) { transformation: [-0.9501124948923161f,0.03589777577077491f,-0.30983478943496595f,0.24862587640375947f,-0.049753053987166285f,0.9631933872086846f,0.26416497204665607f,0.024699099271744185f,0.3079137552439784f,0.2664016676602676f,-0.9133560482086818f,-0.15959113169909672f,0f,0f,0f,1f], start_interpolation: 0, interpolation_duration: 1 }
$data merge entity $(bone_leg_left_2) { transformation: [-0.975483284871231f,-0.04293952042564332f,-0.314087182201284f,0.22739669218397368f,-0.04999932182280945f,1.0243680580742127f,0.015242995611727102f,0.263871315271592f,0.31304093702706987f,0.029807359553905136f,-0.9763089124669162f,-0.18232975296557016f,0f,0f,0f,1f], start_interpolation: 0, interpolation_duration: 1 }
$data merge entity $(bone_leg_left_1) { transformation: [-0.8955668304127026f,0.25999699147849753f,0.3610562514161409f,0.2967164534054665f,0.3338305514525833f,-0.1438155168166337f,0.9315976921609607f,0.1687442414102685f,0.2941380886274502f,0.9548395999040332f,0.04200146751835804f,0.06898478338786704f,0f,0f,0f,1f], start_interpolation: 0, interpolation_duration: 1 }
$data merge entity $(bone_leg_left_0) { transformation: [-0.9638169443818481f,0.014937002298717155f,-0.266146169772863f,0.21217875f,0.07592356192406041f,0.972456865498107f,-0.2203707273899141f,0.5773300257944854f,0.25552399196005227f,-0.23260380630575367f,-0.9384044750665219f,0.08376017057455734f,0f,0f,0f,1f], start_interpolation: 0, interpolation_duration: 1 }
$data merge entity $(bone_leg_right_3) { transformation: [-0.9896945509957648f,0.03799269202567116f,0.138062489771604f,-0.19420533393968725f,0.05654579165092016f,0.9894946840108984f,0.1330520340345967f,0.023465566351799916f,-0.1315570947378457f,0.1394877258643757f,-0.9814458238524031f,-0.05708425190908864f,0f,0f,0f,1f], start_interpolation: 0, interpolation_duration: 1 }
$data merge entity $(bone_leg_right_2) { transformation: [-1.0155307235472995f,-0.017661468179680263f,0.14299518024720695f,-0.1923275326525572f,0.05568131890927774f,0.8907702182685046f,0.505460392583928f,0.24663741825644306f,-0.1328876960320871f,0.5082112654087012f,-0.8809792105695029f,0.03435901162515814f,0f,0f,0f,1f], start_interpolation: 0, interpolation_duration: 1 }
$data merge entity $(bone_leg_right_1) { transformation: [-0.9455973905168926f,-0.06856178354670064f,-0.3180327921528514f,-0.2129185230441563f,-0.32472114115724415f,0.13867062221798482f,0.9355889263021524f,0.22822274018667293f,-0.02004384028025932f,0.987962418501115f,-0.15339003910374088f,0.3104935737611672f,0f,0f,0f,1f], start_interpolation: 0, interpolation_duration: 1 }
$data merge entity $(bone_leg_right_0) { transformation: [-0.9561733076250296f,-0.14949012352402294f,0.2517643913546612f,-0.18092875f,-0.2860498099060138f,0.6605018574071879f,-0.6941993968697961f,0.5773300257944854f,-0.06251489453037586f,-0.7357920897443976f,-0.6743158671063797f,0.0837601705745573f,0f,0f,0f,1f], start_interpolation: 0, interpolation_duration: 1 }
$data merge entity $(bone_tail_4) { transformation: [-2.570491080752989f,0.8695102674451924f,0.5120437775978908f,0.23889854803720417f,0.4577262362459093f,-0.24408570509427502f,2.7122997977400622f,1.8473788319970383f,0.8992906248935781f,2.609604451823307f,0.08308013362108328f,-0.8719066728578161f,0f,0f,0f,1f], start_interpolation: 0, interpolation_duration: 1 }
$data merge entity $(bone_tail_3) { transformation: [-2.0572377270606217f,0.0746697561697082f,0.3132776530754246f,0.18504753279329605f,0.3219820854094034f,0.5195313608081858f,1.9905678154377584f,1.504768067964818f,-0.006782114589233629f,2.01505759686784f,-0.5248260762112983f,-0.8026344853564511f,0f,0f,0f,1f], start_interpolation: 0, interpolation_duration: 1 }
$data merge entity $(bone_tail_2) { transformation: [-1.9009458853920285f,-0.339596642899643f,0.2997544594250182f,0.1278373805610163f,0.2475104776318664f,0.30431447317274163f,1.9143941965757258f,1.1491418010086878f,-0.3793641776398213f,1.900221223055796f,-0.2530138319831013f,-0.755428122421492f,0f,0f,0f,1f], start_interpolation: 0, interpolation_duration: 1 }
$data merge entity $(bone_tail_1) { transformation: [-1.472817767729267f,-0.13955532860543451f,0.31462419379127265f,0.06324677276086517f,0.1737750538307833f,0.8919275573093061f,1.209100373491946f,0.8778879778172308f,-0.29709645525836803f,1.2135261813286453f,-0.8524929052507291f,-0.5865314268148196f,0f,0f,0f,1f], start_interpolation: 0, interpolation_duration: 1 }
$data merge entity $(bone_tail_0) { transformation: [-1.2677625689955043f,0.0019601726285410426f,0.1631255435583691f,0.01562500000000003f,0.07220309136281328f,1.1528655116336177f,0.547287440261f,0.7457785660747778f,-0.14628909335832355f,0.5520262551664102f,-1.1435480887813056f,-0.23903871985687963f,0f,0f,0f,1f], start_interpolation: 0, interpolation_duration: 1 }
$data merge entity $(bone_body_1) { transformation: [-1.2363675f,-7.247938051395766e-17f,1.3293658771341968e-16f,0.015625000000000003f,0f,1.0855096163724536f,0.5918390556723835f,0.5350675f,-1.5141135014448153e-16f,0.5918390556723835f,-1.0855096163724536f,-0.026537499999999988f,0f,0f,0f,1f], start_interpolation: 0, interpolation_duration: 1 }