# This file was generated by Animated Java via MC-Build. It is not recommended to edit this file directly.
$data merge entity $(bone_head_lower) { transformation: [-0.9994916761158651f,-0.02554765307900892f,-0.01907109848049566f,-0.00279179174351885f,-0.031204769202549006f,0.6614131083063672f,0.7493723790876773f,0.44248503648112414f,-0.006530831043122083f,0.7495865644357992f,-0.6618741048441323f,0.9367938616464512f,0f,0f,0f,1f], start_interpolation: 0, interpolation_duration: 1 }
$data merge entity $(bone_head_upper) { transformation: [-1.0403704692141391f,-0.03316186405595684f,0.001232940790579731f,-0.0037743976930863584f,-0.0324810312609461f,1.0255266829207261f,0.17524824623757318f,0.47758403642476654f,-0.006797939311606176f,0.1751206897355476f,-1.0260401915281725f,0.8699915324931878f,0f,0f,0f,1f], start_interpolation: 0, interpolation_duration: 1 }
$data merge entity $(bone_neck_0) { transformation: [-0.9998446520119769f,-0.013910836651893597f,-0.010824068860313528f,-0.00392542851586302f,-0.009591983725691618f,0.9446336415796338f,-0.32798670254174367f,0.441045725482176f,0.014787349027278084f,-0.3278319261750515f,-0.9446203271627712f,0.8142271596602577f,0f,0f,0f,1f], start_interpolation: 0, interpolation_duration: 1 }
$data merge entity $(bone_neck_1) { transformation: [-0.999952606588772f,0.009733979521491055f,0.0001849837709684641f,-0.0038649147356419273f,0.009547519300384291f,0.9841618883658693f,-0.17701475182406445f,0.43058416348352563f,-0.0019051119466106346f,-0.17700459635501423f,-0.98420818093413f,0.7300363709529292f,0f,0f,0f,1f], start_interpolation: 0, interpolation_duration: 1 }
$data merge entity $(bone_neck_2) { transformation: [-0.9999077267361205f,-0.005408443230223485f,0.012461410643626464f,-0.002826153742181328f,-0.0029738073743506314f,0.982225419473294f,0.18768159688741973f,0.45664307973037105f,-0.01325497955878828f,0.18762722105903806f,-0.9821508699963356f,0.6458295763709063f,0f,0f,0f,1f], start_interpolation: 0, interpolation_duration: 1 }
$data merge entity $(bone_body_0) { transformation: [-0.9992287849647546f,-0.0023315647646601164f,0.03919692722151014f,0.01562499999999998f,-0.004216668269252393f,0.998834611551932f,-0.04807950160523938f,0.4434985391402493f,-0.03903914710348125f,-0.0482077024099814f,-0.9980741267169405f,0.17498174460210444f,0f,0f,0f,1f], start_interpolation: 0, interpolation_duration: 1 }
$data merge entity $(bone_leg_left_3) { transformation: [-0.9525238704192807f,0.03293001357512777f,-0.3026778658696658f,0.2436061024267406f,-0.034450232364230775f,0.9760922851020234f,0.21460902230419057f,0.026207207128667753f,0.3025086077643479f,0.21484753936280487f,-0.9286167546723586f,-0.16127289605483366f,0f,0f,0f,1f], start_interpolation: 0, interpolation_duration: 1 }
$data merge entity $(bone_leg_left_2) { transformation: [-0.9779349923281405f,-0.04404726007089954f,-0.30621102063952654f,0.2223583108489301f,-0.03445472204876779f,1.0244422380899316f,-0.03732522533794199f,0.2637962364496427f,0.30743816030121607f,-0.025300972278403347f,-0.9782146175012235f,-0.1969247763053681f,0f,0f,0f,1f], start_interpolation: 0, interpolation_duration: 1 }
$data merge entity $(bone_leg_left_1) { transformation: [-0.8900314344475077f,0.24917198854343908f,0.3817818301342012f,0.2875278092097542f,0.37086205158853164f,-0.09133608256914261f,0.9241856191872215f,0.18258178797640073f,0.26515162527666536f,0.9641426451237548f,-0.011116450283783996f,0.06031156541630879f,0f,0f,0f,1f], start_interpolation: 0, interpolation_duration: 1 }
$data merge entity $(bone_leg_left_0) { transformation: [-0.9638169443818481f,0.038842727706218584f,-0.26371981386838966f,0.21217875f,0.11266549575616143f,0.9559758740348341f,-0.2709550042522808f,0.5930866670882774f,0.2415851481123289f,-0.29086314783360867f,-0.9257619809885629f,0.04956251587685827f,0f,0f,0f,1f], start_interpolation: 0, interpolation_duration: 1 }
$data merge entity $(bone_leg_right_3) { transformation: [-0.9927037082501411f,0.029312473508524638f,0.11696207301185622f,-0.1926995826904295f,0.04373360524211904f,0.9914791516305619f,0.12270478252483874f,0.025069148360112647f,-0.11236867623561848f,0.12692466576183492f,-0.9855269706214544f,-0.06011209438507148f,0f,0f,0f,1f], start_interpolation: 0, interpolation_duration: 1 }
$data merge entity $(bone_leg_right_2) { transformation: [-1.0185585286637597f,-0.010795134486193556f,0.12035027319634957f,-0.18991638077511397f,0.042685139646927f,0.9235882469732325f,0.4441001333110903f,0.2540146902442464f,-0.1130429212305367f,0.44601615960078256f,-0.9167077412323572f,0.01569862190553334f,0f,0f,0f,1f], start_interpolation: 0, interpolation_duration: 1 }
$data merge entity $(bone_leg_right_1) { transformation: [-0.9440987791068801f,-0.04687898724164119f,-0.32631251254601973f,-0.20414786189444825f,-0.328783533753661f,0.20613750626330513f,0.9216337214121461f,0.254587882877258f,0.024059992131203627f,0.9773994521518539f,-0.21002720707542283f,0.2928457345643542f,0f,0f,0f,1f], start_interpolation: 0, interpolation_duration: 1 }
$data merge entity $(bone_leg_right_0) { transformation: [-0.9561733076250295f,-0.17542107039721713f,0.23443560703550392f,-0.18092875f,-0.2921323801810725f,0.6256375518653806f,-0.7233507628707078f,0.5930866670882774f,-0.019780754160344f,-0.7601349233896495f,-0.6494641021705975f,0.049562515876858226f,0f,0f,0f,1f], start_interpolation: 0, interpolation_duration: 1 }
$data merge entity $(bone_tail_4) { transformation: [-2.7095747033970015f,0.46231800166068915f,-0.26481752897328853f,0.18064173128906844f,-0.14848396421714352f,0.6629210274910493f,2.6765929005511038f,1.6408200145065477f,0.5116822946725958f,2.6405414422520765f,-0.6256064678916837f,-1.1777893082126099f,0f,0f,0f,1f], start_interpolation: 0, interpolation_duration: 1 }
$data merge entity $(bone_tail_3) { transformation: [-2.0710405936450296f,-0.21368803058293567f,-0.032769057119100574f,0.18828925756256656f,-0.1350095477252987f,1.031920331542839f,1.8035682347546405f,1.3249033406151127f,-0.16884551383409288f,1.7959463747502447f,-1.0401987009816913f,-1.0189847933711402f,0f,0f,0f,1f], start_interpolation: 0, interpolation_duration: 1 }
$data merge entity $(bone_tail_2) { transformation: [-1.897590456381533f,-0.44833804707738867f,0.1300666382872145f,0.16260030648271295f,-0.051369689400080125f,0.7417086217726291f,1.8072087179963088f,0.9890856937759458f,-0.46398867428358975f,1.7514665828766918f,-0.7320199411256342f,-0.8828302127175243f,0f,0f,0f,1f], start_interpolation: 0, interpolation_duration: 1 }
$data merge entity $(bone_tail_1) { transformation: [-1.4569237939211388f,-0.14460207102101805f,0.37963080718359643f,0.08406750731741598f,0.13979775158566715f,1.148643862928955f,0.9740277792790307f,0.7653112394747721f,-0.3814261361758376f,0.9733261360983174f,-1.0930720861086387f,-0.6591467979181629f,0f,0f,0f,1f], start_interpolation: 0, interpolation_duration: 1 }
$data merge entity $(bone_tail_0) { transformation: [-1.2559974463268817f,0.023328784006819064f,0.2361395757621813f,0.015625000000000038f,0.07655493348528031f,1.2438433342156687f,0.28430409541605256f,0.712247130319298f,-0.2246006980475441f,0.29350510105965577f,-1.2236196298983377f,-0.2944939015736766f,0f,0f,0f,1f], start_interpolation: 0, interpolation_duration: 1 }
$data merge entity $(bone_body_1) { transformation: [-1.2363675f,-5.2147554455033184e-17f,1.4214791421942897e-16f,0.015625000000000007f,0f,1.160725805337489f,0.4258170967444682f,0.5350675f,-1.5141135014448153e-16f,0.4258170967444682f,-1.160725805337489f,-0.05332321428571418f,0f,0f,0f,1f], start_interpolation: 0, interpolation_duration: 1 }