# This file was generated by Animated Java via MC-Build. It is not recommended to edit this file directly.
$data merge entity $(bone_head_lower) { transformation: [-0.9805314516549178f,-0.18642162789017644f,0.06168507899221334f,-0.12805178062497935f,-0.14024517855916824f,0.884734164324088f,0.44449606113965096f,0.9614644763446734f,-0.13743857612186633f,0.42719133316645574f,-0.8936544089641478f,0.616319765663224f,0f,0f,0f,1f], start_interpolation: 0, interpolation_duration: 1 }
$data merge entity $(bone_head_upper) { transformation: [-1.0206347794728325f,-0.2043795208914788f,-0.0023666334990131497f,-0.13312105244620126f,-0.14598114792674716f,0.7204702484925222f,0.7369423777139021f,1.0283999946346065f,-0.1430597566191773f,0.7229270883434926f,-0.7351069810298153f,0.5818321538836668f,0f,0f,0f,1f], start_interpolation: 0, interpolation_duration: 1 }
$data merge entity $(bone_neck_0) { transformation: [-0.9987224636877392f,-0.014741368208674398f,-0.04833355551610421f,-0.13568439852911787f,-0.006099506829458569f,0.9846765390706752f,-0.17428399071697356f,1.0011492894178808f,0.05016210264661397f,-0.1737665257382245f,-0.9835084941122458f,0.5210409984714919f,0f,0f,0f,1f], start_interpolation: 0, interpolation_duration: 1 }
$data merge entity $(bone_neck_1) { transformation: [-0.9886420869224749f,0.1390989779621239f,0.05690604796913888f,-0.13022289777015295f,0.10296671146708519f,0.9027234083165345f,-0.41771797232945695f,0.9699218285148772f,-0.10947456460396346f,-0.40711413928684864f,-0.9067929186410207f,0.44234821265511315f,0f,0f,0f,1f], start_interpolation: 0, interpolation_duration: 1 }
$data merge entity $(bone_neck_2) { transformation: [-0.9933336335613676f,0.03386223276439898f,0.11018911755695368f,-0.12023797223112319f,-0.02733705246498261f,0.859416056747063f,-0.5105455189969406f,0.933608432289942f,-0.11198650810833095f,-0.5101542811714299f,-0.8527611807558809f,0.3626452082529482f,0f,0f,0f,1f], start_interpolation: 0, interpolation_duration: 1 }
$data merge entity $(bone_body_0) { transformation: [-0.9553575520390076f,0.07079855833917018f,0.2868440550179312f,0.015624999999999991f,-0.18253317708867917f,0.6219824949506615f,-0.761458741651091f,0.5806609435625877f,-0.2323221621454735f,-0.7798239160939123f,-0.5812925880002315f,0.08125539379495453f,0f,0f,0f,1f], start_interpolation: 0, interpolation_duration: 1 }
$data merge entity $(bone_leg_left_3) { transformation: [-0.9656791350438763f,0.006771723908302718f,-0.2596496714733536f,0.23347403338586362f,0.0038573813647679103f,0.9999237372661478f,0.011732018611754408f,0.03713069314371398f,0.2597093158704892f,0.010327797781208292f,-0.9656316108346251f,-0.1836085239807837f,0f,0f,0f,1f], start_interpolation: 0, interpolation_duration: 1 }
$data merge entity $(bone_leg_left_2) { transformation: [-0.9913000602355918f,-0.05896654315195981f,-0.256728138049405f,0.21025708701996637f,0.004210934554447581f,0.9959956773013461f,-0.24502464840890043f,0.26173001302129884f,0.2633793046307635f,-0.2378607935041737f,-0.9623490969011581f,-0.2683858262378442f,0f,0f,0f,1f], start_interpolation: 0, interpolation_duration: 1 }
$data merge entity $(bone_leg_left_1) { transformation: [-0.8720308630811194f,0.1908760012508957f,0.45069782114013573f,0.2555758490259021f,0.4764620400379364f,0.12032206994820677f,0.8709228001874026f,0.23873824068397104f,0.1120093667372766f,0.9742119644255282f,-0.19586972745492703f,0.0044345796609878f,0f,0f,0f,1f], start_interpolation: 0, interpolation_duration: 1 }
$data merge entity $(bone_leg_left_0) { transformation: [-0.9638169443818481f,0.12622009468774542f,-0.23478795842089972f,0.21217875000000003f,0.2249157681174642f,0.8578116947329453f,-0.46213850048608074f,0.6393161747316124f,0.14307269122571453f,-0.4982244314326714f,-0.8551623360210754f,-0.10493309890408288f,0f,0f,0f,1f], start_interpolation: 0, interpolation_duration: 1 }
$data merge entity $(bone_leg_right_3) { transformation: [-0.9985657987964085f,0.03641683990107051f,0.039244862666473215f,-0.20094004079160346f,0.03942455740228306f,0.996109871272586f,0.07880881059212652f,0.03510049087211273f,-0.036222227260683644f,0.08024299424206066f,-0.996116967091387f,-0.08532294784602892f,0f,0f,0f,1f], start_interpolation: 0, interpolation_duration: 1 }
$data merge entity $(bone_leg_right_2) { transformation: [-1.024383555342606f,0.031977359207442685f,0.040963148590588264f,-0.19063101361501492f,0.03892658871012369f,1.0078108242983341f,0.18671974351738846f,0.27572981729389456f,-0.034427485178695295f,0.18803454583114398f,-1.007730101435419f,-0.07258233206469727f,0f,0f,0f,1f], start_interpolation: 0, interpolation_duration: 1 }
$data merge entity $(bone_leg_right_1) { transformation: [-0.9395692027094346f,0.0400318376773519f,-0.3400105370310334f,-0.1804348383711038f,-0.2858796117113463f,0.4546931850341638f,0.8435205718245745f,0.34882510743622464f,0.1883681526366055f,0.8897480314424199f,-0.4157714271286696f,0.19493683029413195f,0f,0f,0f,1f], start_interpolation: 0, interpolation_duration: 1 }
$data merge entity $(bone_leg_right_0) { transformation: [-0.9561733076250296f,-0.25434894962370247f,0.14504901795851574f,-0.18092874999999997f,-0.2569208646590187f,0.49120687898461124f,-0.83229049696669f,0.6393161747316124f,0.14044313827408156f,-0.8330800765013628f,-0.5350264582693182f,-0.10493309890408292f,0f,0f,0f,1f], start_interpolation: 0, interpolation_duration: 1 }
$data merge entity $(bone_tail_4) { transformation: [-2.0712092011201078f,-0.377018029106099f,-1.7870677610332397f,0.026298465029434143f,-1.5228129556086762f,1.8482546229424355f,1.3750115936246798f,0.5854219803527189f,1.0083622756855655f,2.0167978545458807f,-1.5941747916942366f,-1.7066555315875287f,0f,0f,0f,1f], start_interpolation: 0, interpolation_duration: 1 }
$data merge entity $(bone_tail_3) { transformation: [-1.8331397887570353f,-0.5742246913193022f,-0.8036230738346853f,0.16818248056990126f,-0.8573333655393334f,1.766334346736988f,0.6935329854553859f,0.4505394466576964f,0.4904319945244763f,0.9414215344153288f,-1.7914093555997403f,-1.4121112536378642f,0f,0f,0f,1f], start_interpolation: 0, interpolation_duration: 1 }
$data merge entity $(bone_tail_2) { transformation: [-1.8839721279191006f,-0.49348372612202374f,-0.16092454219128965f,0.1965874818372212f,-0.5190193975146935f,1.7834604812436863f,0.607174976302795f,0.3377075379908098f,-0.006462292955088552f,0.62810540428939f,-1.850463648622961f,-1.0679694220353524f,0f,0f,0f,1f], start_interpolation: 0, interpolation_duration: 1 }
$data merge entity $(bone_tail_1) { transformation: [-1.448696784588844f,-0.06572879502762523f,0.42966684981059566f,0.10631548038005602f,-0.10084248267851387f,1.5051379588705958f,-0.10975777172524295f,0.343023771317655f,-0.42280571189280086f,-0.13377481179606796f,-1.4460276206628104f,-0.7547612158609927f,0f,0f,0f,1f], start_interpolation: 0, interpolation_duration: 1 }
$data merge entity $(bone_tail_0) { transformation: [-1.233792775482798f,0.10032510973581389f,0.318631411048846f,0.01562500000000006f,-0.07336161176713624f,1.1080695999470922f,-0.6329577807216265f,0.5547284394515322f,-0.3258974956476495f,-0.6292474478403672f,-1.0638017617493414f,-0.45907847784684874f,0f,0f,0f,1f], start_interpolation: 0, interpolation_duration: 1 }
$data merge entity $(bone_body_1) { transformation: [-1.2363675f,3.2489286264275564e-17f,1.4788456048760717e-16f,0.01562500000000002f,0f,1.2075690769826055f,-0.2652951551981834f,0.5350675f,-1.5141135014448153e-16f,-0.2652951551981834f,-1.2075690769826055f,-0.1604660714285714f,0f,0f,0f,1f], start_interpolation: 0, interpolation_duration: 1 }