# This file was generated by Animated Java via MC-Build. It is not recommended to edit this file directly.
$data merge entity $(bone_head_lower) { transformation: [-0.9865818224109905f,0.1615872809482104f,0.023363611107288386f,0.08560736513552049f,0.13406345336090872f,0.720097923612341f,0.6807980397167301f,0.3664775508823003f,0.09318421626625364f,0.6747951771055862f,-0.7320984706949503f,0.7642044736187054f,0f,0f,0f,1f], start_interpolation: 0, interpolation_duration: 1 }
$data merge entity $(bone_head_upper) { transformation: [-1.0269326078718408f,0.1395042900762697f,0.0970562441235129f,0.09511190961514157f,0.13954659274359765f,0.3529132567278501f,0.9692527659299724f,0.4412631761924702f,0.09699541188478665f,0.9692588554455235f,-0.3668802308618468f,0.7607072786000303f,0f,0f,0f,1f], start_interpolation: 0, interpolation_duration: 1 }
$data merge entity $(bone_neck_0) { transformation: [-0.9763411898942118f,-0.21594191660940817f,0.011268077343089627f,0.09966114706843968f,-0.1970573258203829f,0.9099937320388403f,0.3648010663231991f,0.45014466678209536f,-0.08902972119732794f,0.3539498499803031f,-0.931017299754654f,0.6947894523479701f,0f,0f,0f,1f], start_interpolation: 0, interpolation_duration: 1 }
$data merge entity $(bone_neck_1) { transformation: [-0.9803909963705872f,0.015891183920660388f,-0.19642037702103782f,0.08309497181523388f,-0.037453861360170475f,0.9635487910604877f,0.2648979718968906f,0.4770239506244599f,0.19347015920988958f,0.2670602881737989f,-0.9440593731200531f,0.6160455460305101f,0f,0f,0f,1f], start_interpolation: 0, interpolation_duration: 1 }
$data merge entity $(bone_neck_2) { transformation: [-0.9753904820174698f,0.06188581708927511f,-0.21162124948341227f,0.06516126402905552f,-0.016717226684197006f,0.9362806671177177f,0.3508547373395301f,0.5169282299324323f,0.21984981674251403f,0.34575809177052425f,-0.9122046919707708f,0.5395147612959216f,0f,0f,0f,1f], start_interpolation: 0, interpolation_duration: 1 }
$data merge entity $(bone_body_0) { transformation: [-0.9913615570661979f,0.01254158949674172f,-0.13055639281237408f,0.0037499999999999903f,-0.004781175689010503f,0.9913003821196267f,0.13153209786403106f,0.5883621896755502f,0.13107022366012241f,0.13102007839402877f,-0.9826771267956266f,0.07763084649816945f,0f,0f,0f,1f], start_interpolation: 0, interpolation_duration: 1 }
$data merge entity $(bone_leg_left_3) { transformation: [-0.9787608136478524f,-0.021120594564560002f,-0.2039146638979975f,0.22466483748313748f,-0.03127079516687401f,0.9984201572822082f,0.04668326147777585f,0.03306440095551694f,0.2026065325625639f,0.05206832067399958f,-0.977874983290382f,-0.13345458772254945f,0f,0f,0f,1f], start_interpolation: 0, interpolation_duration: 1 }
$data merge entity $(bone_leg_left_2) { transformation: [-1.0045460381827098f,-0.08960651229285102f,-0.1868692848673293f,0.19644416074555f,-0.031988746696418977f,0.9808263915431784f,-0.2983596977439731f,0.25242333102904035f,0.20475882583397545f,-0.28637818022292433f,-0.9633916963706886f,-0.2296643859111295f,0f,0f,0f,1f], start_interpolation: 0, interpolation_duration: 1 }
$data merge entity $(bone_leg_left_1) { transformation: [-0.9509028610124493f,0.12122155651116466f,0.28476144955971316f,0.23321141483813224f,0.30948134698017193f,0.37911946024246534f,0.8720606233151457f,0.3030039012095357f,-0.0022460609245820093f,0.9173732986644383f,-0.398021590002164f,0.040711575680268536f,0f,0f,0f,1f], start_interpolation: 0, interpolation_duration: 1 }
$data merge entity $(bone_leg_left_0) { transformation: [-0.9752277050968645f,0.177674706356436f,-0.13176730221362715f,0.20030375000000003f,0.219678388470302f,0.8477467884706773f,-0.48276991235654276f,0.7007005722299008f,0.02592930486137654f,-0.49975702232065444f,-0.8657774481878117f,-0.08201463186593465f,0f,0f,0f,1f], start_interpolation: 0, interpolation_duration: 1 }
$data merge entity $(bone_leg_right_3) { transformation: [-0.9905983936530918f,-0.010803557001928227f,0.13637487176170074f,-0.17983200565952043f,-0.007481600917979628f,0.9996632419901881f,0.02484810377816965f,0.018932587798150546f,-0.13659739433685525f,0.0235941893222186f,-0.9903456296115052f,-0.11704362651221367f,0f,0f,0f,1f], start_interpolation: 0, interpolation_duration: 1 }
$data merge entity $(bone_leg_right_2) { transformation: [-1.0164761333636825f,0.025824293921129133f,0.13480198680355876f,-0.16806947605270034f,-0.007912076261752858f,0.9946820364682118f,-0.25021439782189453f,0.24307105527328993f,-0.13702506650952562f,-0.24900391898847737f,-0.9855371017760487f,-0.2053310115746345f,0f,0f,0f,1f], start_interpolation: 0, interpolation_duration: 1 }
$data merge entity $(bone_leg_right_1) { transformation: [-0.9385435001075364f,-0.07148777979195911f,-0.33767676222433646f,-0.18827304304286585f,-0.3342720693936324f,0.43204757418810846f,0.8376139189754844f,0.3093637413012245f,0.08601326658831987f,0.899013009348912f,-0.4293918105788922f,0.06338906828513555f,0f,0f,0f,1f], start_interpolation: 0, interpolation_duration: 1 }
$data merge entity $(bone_leg_right_0) { transformation: [-0.9561733076250295f,-0.2724845417848644f,0.10716706711347047f,-0.19280374999999997f,-0.2874063289844746f,0.803495195576249f,-0.5213377722221494f,0.7007005722299008f,0.055948260429423344f,-0.5292897554026321f,-0.8465944406743665f,-0.08201463186593469f,0f,0f,0f,1f], start_interpolation: 0, interpolation_duration: 1 }
$data merge entity $(bone_tail_4) { transformation: [-2.6512519432544335f,0.2732687257868183f,-0.7223909388249827f,-0.46990089415238934f,0.13439975635719653f,2.70666480388082f,0.5306257405402881f,0.5554615860649379f,0.7605663485066356f,0.474290179678698f,-2.6119435266826945f,-1.7395056851450257f,0f,0f,0f,1f], start_interpolation: 0, interpolation_duration: 1 }
$data merge entity $(bone_tail_3) { transformation: [-1.8032814240088697f,-0.04497121185326885f,-1.0402399828757956f,-0.29307455560435325f,-0.024873246132199725f,2.0816170998580237f,-0.0468732039652123f,0.5430392917745247f,1.04091447943423f,-0.028166748615447112f,-1.8032329873926565f,-1.4334683736370604f,0f,0f,0f,1f], start_interpolation: 0, interpolation_duration: 1 }
$data merge entity $(bone_tail_2) { transformation: [-1.7085976039410582f,-0.14144664843586846f,-0.93779579251344f,-0.12003743763935049f,0.025364455684141963f,1.9248062415603353f,-0.3365285305007607f,0.606075979396344f,0.9480636830917523f,-0.30641092196495545f,-1.6810893714213602f,-1.1203294016307392f,0f,0f,0f,1f], start_interpolation: 0, interpolation_duration: 1 }
$data merge entity $(bone_tail_1) { transformation: [-1.4630321460343396f,-0.05574889704237917f,-0.3795856295339872f,-0.03627563273308206f,0.003574586933911182f,1.4944011216121882f,-0.23325685424545942f,0.6379993270086497f,0.3836409936365079f,-0.22652504983509833f,-1.4453934550145162f,-0.806894341506802f,0f,0f,0f,1f], start_interpolation: 0, interpolation_duration: 1 }
$data merge entity $(bone_tail_0) { transformation: [-1.2705960333600639f,-0.016740009813153687f,-0.13835175700060634f,0.0037500000000000545f,0.0053538558769474194f,1.2621606187163368f,-0.20188517868548675f,0.7274530525400983f,0.13925793629430308f,-0.20126117662648593f,-1.254566412170357f,-0.4451376677416288f,0f,0f,0f,1f], start_interpolation: 0, interpolation_duration: 1 }
$data merge entity $(bone_body_1) { transformation: [-1.2363675f,-1.3871014874347297e-17f,1.5077463944221663e-16f,0.0037500000000000202f,0f,1.2311683625612855f,0.11326543199234944f,0.6181925f,-1.5141135014448153e-16f,0.11326543199234944f,-1.2311683625612855f,-0.1665375f,0f,0f,0f,1f], start_interpolation: 0, interpolation_duration: 1 }