# This file was generated by Animated Java via MC-Build. It is not recommended to edit this file directly.
$data merge entity $(bone_head_lower) { transformation: [-0.7864411199026345f,-0.5881191012680909f,0.18874927191886873f,-0.30154616778282134f,-0.2727600907013675f,0.6048533256182547f,0.7481673525416088f,0.43009620552223926f,-0.5541771358030497f,0.5369063020790044f,-0.6360969461811441f,0.8562286687585957f,0f,0f,0f,1f], start_interpolation: 0, interpolation_duration: 1 }
$data merge entity $(bone_head_upper) { transformation: [-0.8186062340228524f,-0.3971210004335597f,0.5056191127885484f,-0.27586148409245437f,-0.28391586476101566f,0.9577429929084966f,0.2925612480407952f,0.47168233734122833f,-0.5768427497502546f,0.09216948048476613f,-0.8615272320195345f,0.7987278239312688f,0f,0f,0f,1f], start_interpolation: 0, interpolation_duration: 1 }
$data merge entity $(bone_neck_0) { transformation: [-0.8504675646193516f,0.023382967602607996f,0.5255075245479597f,-0.24198592430401167f,-0.12505547996720215f,0.9613821685130123f,-0.2451641348064416f,0.44026493806732325f,-0.5109462285413229f,-0.2742217403695661f,-0.8147001832871309f,0.7506640150291379f,0f,0f,0f,1f], start_interpolation: 0, interpolation_duration: 1 }
$data merge entity $(bone_neck_1) { transformation: [-0.8246618676744284f,0.06709610920126442f,0.5616323674199837f,-0.1940991879706401f,-0.00030808169671236313f,0.9928859674698971f,-0.11906872253885534f,0.4347523560326868f,-0.5656259444981212f,-0.09836446376318403f,-0.8187745252382915f,0.6808499135368119f,0f,0f,0f,1f], start_interpolation: 0, interpolation_duration: 1 }
$data merge entity $(bone_neck_2) { transformation: [-0.8546023960461516f,-0.11018279161950811f,0.5074588624737071f,-0.15072074407067454f,-0.002485731869886684f,0.9780868520650958f,0.20818244631683683f,0.462566781284389f,-0.5192769644508098f,0.17665181077001074f,-0.8361492521927104f,0.6093264995601592f,0f,0f,0f,1f], start_interpolation: 0, interpolation_duration: 1 }
$data merge entity $(bone_body_0) { transformation: [-0.9356106635059747f,0.0174860519544118f,0.3526002330131925f,0.01562499999999998f,0.004516101281732757f,0.9992836843882908f,-0.03757290173217753f,0.45437823979479913f,-0.3530046616733597f,-0.03356122915523729f,-0.9350194397628675f,0.16833563126357873f,0f,0f,0f,1f], start_interpolation: 0, interpolation_duration: 1 }
$data merge entity $(bone_leg_left_3) { transformation: [-0.9534110241036445f,0.0316883510541154f,-0.3000054458257564f,0.24218719410097123f,-0.02989262485226875f,0.9796500771700274f,0.19847457590381803f,0.02687229459582771f,0.3001896901911875f,0.19819579891670266f,-0.9330619353476426f,-0.16424275775115824f,0f,0f,0f,1f], start_interpolation: 0, interpolation_duration: 1 }
$data merge entity $(bone_leg_left_2) { transformation: [-0.9788368943975233f,-0.0445934709521945f,-0.3032358092563311f,0.22090262972661412f,-0.029829449091178926f,1.0238294255753182f,-0.054274402748667204f,0.2638018482578356f,0.3050421899243167f,-0.042975913896548736f,-0.9783478587351369f,-0.20402247603738008f,0f,0f,0f,1f], start_interpolation: 0, interpolation_duration: 1 }
$data merge entity $(bone_leg_left_1) { transformation: [-0.8883242890359306f,0.2453041096334242f,0.3882085152411797f,0.28464650011296067f,0.38203772257958324f,-0.07430276111315359f,0.9211548611483121f,0.18715299050135037f,0.25480803761854487f,0.9665945341703075f,-0.027710475944517032f,0.05496605122311518f,0f,0f,0f,1f], start_interpolation: 0, interpolation_duration: 1 }
$data merge entity $(bone_leg_left_0) { transformation: [-0.9638169443818481f,0.04643631956141629f,-0.2624891730110549f,0.21217875f,0.12394441937231815f,0.9498582462268921f,-0.28706635640776723f,0.5978789187671287f,0.23599720046834544f,-0.30921348660813996f,-0.9212449951401315f,0.03599460931077818f,0f,0f,0f,1f], start_interpolation: 0, interpolation_duration: 1 }
$data merge entity $(bone_leg_right_3) { transformation: [-0.9935391909026123f,0.02747150133224098f,0.11011445298022846f,-0.19252834572027244f,0.0406474710872966f,0.9920306240791394f,0.11926032023837929f,0.025727146962527647f,-0.10596064946379706f,0.1229656761202329f,-0.9867379506543287f,-0.06347250585271362f,0f,0f,0f,1f], start_interpolation: 0, interpolation_duration: 1 }
$data merge entity $(bone_leg_right_2) { transformation: [-1.0193974726767698f,-0.0082104945738687f,0.11324124681299093f,-0.18936106723211377f,0.03956880652332875f,0.9331882866464246f,0.4238586211426218f,0.2562897253769733f,-0.10642040101046255f,0.42562237834194944f,-0.9271367152712751f,0.007251873592260483f,0f,0f,0f,1f], start_interpolation: 0, interpolation_duration: 1 }
$data merge entity $(bone_leg_right_1) { transformation: [-0.9436434008908856f,-0.039822085513631034f,-0.3285594823778918f,-0.20154716868459815f,-0.3287426161941164f,0.2276029988807659f,0.9165834207524869f,0.2629630854646373f,0.03828086013833824f,0.972939400171371f,-0.2278672844908673f,0.284416717784838f,0f,0f,0f,1f], start_interpolation: 0, interpolation_duration: 1 }
$data merge entity $(bone_leg_right_0) { transformation: [-0.9561733076250295f,-0.18331332085867563f,0.22831739351432442f,-0.18092875f,-0.2927404805968683f,0.6143980032960155f,-0.7326787185156837f,0.5978789187671287f,-0.005967981679362855f,-0.7674055772156169f,-0.6411342006577415f,0.035994609310778136f,0f,0f,0f,1f], start_interpolation: 0, interpolation_duration: 1 }
$data merge entity $(bone_tail_4) { transformation: [-1.1939239953337895f,-0.315396475394747f,-2.469965969051957f,-0.309801109119971f,-2.3425936275548307f,-0.786274449454753f,1.2327566336767866f,1.4169450063382174f,-0.8440745945150222f,2.6282996185829344f,0.07239147360776757f,-1.2307894603683598f,0f,0f,0f,1f], start_interpolation: 0, interpolation_duration: 1 }
$data merge entity $(bone_tail_3) { transformation: [-1.443224397624029f,-0.4385137477564086f,-1.435532847821962f,-0.06209658571014452f,-1.500739375461601f,0.45977985662339443f,1.3683308578070354f,1.1804273514734973f,0.028813036742526332f,1.9829910999589595f,-0.6347138193246421f,-1.1425705765941387f,0f,0f,0f,1f], start_interpolation: 0, interpolation_duration: 1 }
$data merge entity $(bone_tail_2) { transformation: [-1.7885131418144613f,-0.32946631623308226f,-0.7151549223962209f,0.06944824780983207f,-0.7775113524655932f,1.0193303671153515f,1.4748612051533467f,0.9059215004555761f,0.12438132233927324f,1.6343779930441615f,-1.0640073954201865f,-0.9442930476094626f,0f,0f,0f,1f], start_interpolation: 0, interpolation_duration: 1 }
$data merge entity $(bone_tail_1) { transformation: [-1.510398342721717f,-0.01619675659001686f,0.07804333014073273f,0.054295174647733285f,0.030548322095030767f,1.2502277517579927f,0.8506783286009663f,0.707553087463658f,-0.07361994512813702f,0.8510725490873965f,-1.2481633987059595f,-0.6860353582764246f,0f,0f,0f,1f], start_interpolation: 0, interpolation_duration: 1 }
$data merge entity $(bone_tail_0) { transformation: [-1.2706860329136065f,0.031426923314627035f,0.1349261680819749f,0.015625000000000038f,0.04508059820452392f,1.27093838002175f,0.1285266137313182f,0.700664630782882f,-0.13099794657868138f,0.13252810744402013f,-1.2645598267039415f,-0.3133034464979291f,0f,0f,0f,1f], start_interpolation: 0, interpolation_duration: 1 }
$data merge entity $(bone_body_1) { transformation: [-1.2363675f,-4.537902709598195e-17f,1.444511711700425e-16f,0.015625000000000007f,0f,1.1795333256136793f,0.3705478765598097f,0.5350675f,-1.5141135014448153e-16f,0.3705478765598097f,-1.1795333256136793f,-0.06403750000000019f,0f,0f,0f,1f], start_interpolation: 0, interpolation_duration: 1 }