# This file was generated by Animated Java via MC-Build. It is not recommended to edit this file directly.
$data merge entity $(bone_head_lower) { transformation: [-0.7332919430323709f,-0.5128130400751383f,0.4464366833188161f,-0.3347245413031342f,0.1821504579620823f,0.48443673836669077f,0.8556531173231628f,0.24734869344925506f,-0.6550604070984705f,0.7087621832812028f,-0.26182442705456105f,0.8255706421416928f,0f,0f,0f,1f], start_interpolation: 0, interpolation_duration: 1 }
$data merge entity $(bone_head_upper) { transformation: [-0.7632832779640853f,0.0634250431670126f,0.7048743462938417f,-0.284945113258151f,0.18960033579670732f,1.01714101575933f,0.11378844101824036f,0.2780914588066865f,-0.6818521048069617f,0.21183333199203636f,-0.7574142124432147f,0.7779014968431969f,0f,0f,0f,1f], start_interpolation: 0, interpolation_duration: 1 }
$data merge entity $(bone_neck_0) { transformation: [-0.7297009841302443f,0.31881721237597993f,0.6048901213048222f,-0.25077100035424194f,0.1607930139481807f,0.9398454287501347f,-0.30139040582429943f,0.24329558029765078f,-0.66459166442622f,-0.12266277002532205f,-0.7370697147657757f,0.7324469800124991f,0f,0f,0f,1f], start_interpolation: 0, interpolation_duration: 1 }
$data merge entity $(bone_neck_1) { transformation: [-0.7371544446486973f,0.15550131317106325f,0.6575885235743899f,-0.19434824644600432f,0.14294215111789305f,0.9870229591370061f,-0.07316569941043038f,0.24164457665265687f,-0.6604323327703303f,0.040062697593933216f,-0.7498160535044824f,0.6691122827849453f,0f,0f,0f,1f], start_interpolation: 0, interpolation_duration: 1 }
$data merge entity $(bone_neck_2) { transformation: [-0.8003948881579408f,-0.12944492912322536f,0.5853307042475397f,-0.14433623353283503f,0.15116868273713152f,0.9012716754248352f,0.40602634943613064f,0.28603954305808904f,-0.5801000365197007f,0.41346508607280685f,-0.7018052224290215f,0.6116769633693263f,0f,0f,0f,1f], start_interpolation: 0, interpolation_duration: 1 }
$data merge entity $(bone_body_0) { transformation: [-0.9405592322252152f,-0.0072208425684428855f,0.3395529268148275f,0.015624999999999977f,0.08223556172218995f,0.9651817783816621f,0.24831723071153944f,0.41226508561913067f,-0.32952335738783334f,0.26148038953736813f,-0.9072168223877005f,0.18660000460191742f,0f,0f,0f,1f], start_interpolation: 0, interpolation_duration: 1 }
$data merge entity $(bone_leg_left_3) { transformation: [-0.9502032727875306f,0.0357979310559669f,-0.30956784154039263f,0.24839481523178816f,-0.04907351218193493f,0.9637974276838605f,0.26208072953214834f,0.024743164246605387f,0.3077426372571648f,0.2642215481789587f,-0.9140467398836445f,-0.15849391390672904f,0f,0f,0f,1f], start_interpolation: 0, interpolation_duration: 1 }
$data merge entity $(bone_leg_left_2) { transformation: [-0.9755755862188827f,-0.04297006212537353f,-0.3137961899630378f,0.22716736155538797f,-0.04930867455038917f,1.0244322494298073f,0.013016160838085206f,0.2638625954446282f,0.31286279690698476f,0.027465243305324155f,-0.9764347035119205f,-0.18178264293958774f,0f,0f,0f,1f], start_interpolation: 0, interpolation_duration: 1 }
$data merge entity $(bone_leg_left_1) { transformation: [-0.8953252896803598f,0.2595757368501803f,0.3619572661205539f,0.29632008418280964f,0.3354664110600253f,-0.14160381725334673f,0.9313488315286527f,0.1693169907072542f,0.2930100897738605f,0.9552846674044163f,0.039702537862805864f,0.06979719575545702f,0f,0f,0f,1f], start_interpolation: 0, interpolation_duration: 1 }
$data merge entity $(bone_leg_left_0) { transformation: [-0.9638169443818481f,0.015958817605908008f,-0.26608685398391796f,0.21217875f,0.07752755728608843f,0.9718378125806213f,-0.2225325681777064f,0.5780222077116945f,0.25504190946526767f,-0.2351097237017955f,-0.9379109991023539f,0.08349245185905523f,0f,0f,0f,1f], start_interpolation: 0, interpolation_duration: 1 }
$data merge entity $(bone_leg_right_3) { transformation: [-0.9898348984808497f,0.03753301907482824f,0.13717924853466218f,-0.19411163917956462f,0.05590396914524379f,0.9895884185097111f,0.13262544320475356f,0.023517430424149638f,-0.13077316232015535f,0.13894615658800463f,-0.9816273965136713f,-0.05604773945962939f,0f,0f,0f,1f], start_interpolation: 0, interpolation_duration: 1 }
$data merge entity $(bone_leg_right_2) { transformation: [-1.0156721078455964f,-0.01740690172754829f,0.14201890232439235f,-0.19220445084221927f,0.05502892507311805f,0.892253149642886f,0.5029098665350898f,0.24695714090961998f,-0.13207644093658416f,0.5056120214406421f,-0.8825953189457371f,0.034738440528465475f,0f,0f,0f,1f], start_interpolation: 0, interpolation_duration: 1 }
$data merge entity $(bone_leg_right_1) { transformation: [-0.9455313827473542f,-0.0676511295557134f,-0.31842381963306815f,-0.2125259917852215f,-0.3250226863689283f,0.14155151503621716f,0.9350526305703213f,0.22934754904381388f,-0.01818399255944348f,0.9876165719857015f,-0.15582955160626744f,0.31094546959866726f,0f,0f,0f,1f], start_interpolation: 0, interpolation_duration: 1 }
$data merge entity $(bone_leg_right_0) { transformation: [-0.9561733076250296f,-0.15063105101287677f,0.25108343684155426f,-0.18092875f,-0.2864369536099902f,0.6590283091838218f,-0.6954391125763217f,0.5780222077116945f,-0.06071636840291879f,-0.7368798912747379f,-0.6732915775820251f,0.08349245185905518f,0f,0f,0f,1f], start_interpolation: 0, interpolation_duration: 1 }
$data merge entity $(bone_tail_4) { transformation: [-1.8442157824803584f,-0.6380993372470601f,-1.9538062122573019f,-0.4311622338555874f,-1.6529286564353565f,-1.0997495124061445f,1.919385109428864f,1.7406356027810301f,-1.2216203731049868f,2.451334652259318f,0.3525101675803434f,-0.874288396177225f,0f,0f,0f,1f], start_interpolation: 0, interpolation_duration: 1 }
$data merge entity $(bone_tail_3) { transformation: [-1.6491063998757804f,-0.4022503786974663f,-1.2060631164126252f,-0.22272216257437624f,-1.2473181284470258f,0.1294431499684465f,1.662343972653704f,1.457496792646491f,-0.24615258353427236f,2.038966559266835f,-0.3434673228349559f,-0.8360019192611297f,0f,0f,0f,1f], start_interpolation: 0, interpolation_duration: 1 }
$data merge entity $(bone_tail_2) { transformation: [-1.7105674750123496f,-0.07324747265691407f,-0.9420019087995666f,-0.04888836519893147f,-0.9353074435471165f,0.4074016207039569f,1.6667326661753297f,1.14706016435446f,0.13391330956260233f,1.9098252805426836f,-0.3916739694246055f,-0.7626371138443029f,0f,0f,0f,1f], start_interpolation: 0, interpolation_duration: 1 }
$data merge entity $(bone_tail_1) { transformation: [-1.4959202909792826f,0.0914317697968002f,-0.20376202911309102f,-0.0047295486313855516f,-0.11296992262547341f,0.8806037964421395f,1.224512556192743f,0.8729021807716066f,0.1926565068157672f,1.2263088661358996f,-0.8641216842656075f,-0.5918621860710322f,0f,0f,0f,1f], start_interpolation: 0, interpolation_duration: 1 }
$data merge entity $(bone_tail_0) { transformation: [-1.2763242609307048f,0.0020833314634905544f,-0.06948206440320487f,0.01562500000000003f,-0.027254193931134298f,1.1603493996309098f,0.5354271157434775f,0.7444392310615133f,0.06394768531293374f,0.5361162626615876f,-1.1585878313865192f,-0.24035845322801414f,0f,0f,0f,1f], start_interpolation: 0, interpolation_duration: 1 }
$data merge entity $(bone_body_1) { transformation: [-1.2363675f,-7.1642690114145e-17f,1.333893620412939e-16f,0.015625000000000003f,0f,1.0892067993332017f,0.5850069600804528f,0.5350675f,-1.5141135014448153e-16f,0.5850069600804528f,-1.0892067993332017f,-0.026537499999999988f,0f,0f,0f,1f], start_interpolation: 0, interpolation_duration: 1 }