# This file was generated by Animated Java via MC-Build. It is not recommended to edit this file directly.
$data merge entity $(bone_head_lower) { transformation: [-0.7601634409817197f,-0.4960064313695641f,0.4196774511870535f,-0.32862108089702574f,0.11217245605099899f,0.5360378258540682f,0.8367083060165774f,0.2900589841288246f,-0.6399756894588405f,0.683111315448422f,-0.3518380985737729f,0.8464114954654843f,0f,0f,0f,1f], start_interpolation: 0, interpolation_duration: 1 }
$data merge entity $(bone_head_upper) { transformation: [-0.791253808983105f,0.0015934100576165846f,0.6763037878036938f,-0.2822083277146561f,0.1167602627649615f,1.0255886995737946f,0.13418942927480312f,0.3223752187349566f,-0.6661504285011699f,0.17786855521544137f,-0.7797937716196417f,0.7964417664817212f,0f,0f,0f,1f], start_interpolation: 0, interpolation_duration: 1 }
$data merge entity $(bone_neck_0) { transformation: [-0.7591866117828779f,0.27083601605456054f,0.5918475655921276f,-0.24808921859344685f,0.1073981441958995f,0.9489755849042328f,-0.2964978547628059f,0.28776475541495516f,-0.6419511874846173f,-0.16153387156681098f,-0.7495368444737899f,0.750804736825457f,0f,0f,0f,1f], start_interpolation: 0, interpolation_duration: 1 }
$data merge entity $(bone_neck_1) { transformation: [-0.7606835609238899f,0.13078651934987773f,0.6358108260296413f,-0.19362517946531466f,0.1034181534542212f,0.9913991930050519f,-0.0802017808097229f,0.2855378640892737f,-0.6408316515874272f,0.004746205355411315f,-0.7676667687600227f,0.6857951510599398f,0f,0f,0f,1f], start_interpolation: 0, interpolation_duration: 1 }
$data merge entity $(bone_neck_2) { transformation: [-0.815054983587749f,-0.1254030120893673f,0.5656495896645628f,-0.1452978069040139f,0.11070528779962449f,0.9245999507149605f,0.3644986562267339f,0.326523091507126f,-0.5687088121191516f,0.35970684688619203f,-0.7397170211109224f,0.6245121469807597f,0f,0f,0f,1f], start_interpolation: 0, interpolation_duration: 1 }
$data merge entity $(bone_body_0) { transformation: [-0.9398876533157905f,-0.0016194233389713f,0.3414799798122662f,0.015624999999999977f,0.0645181872716629f,0.9811364577970032f,0.18223241943388668f,0.42175509859583254f,-0.33533356923474744f,0.19330967034682603f,-0.9220535606431365f,0.19179327779764338f,0f,0f,0f,1f], start_interpolation: 0, interpolation_duration: 1 }
$data merge entity $(bone_leg_left_3) { transformation: [-0.9508692992830715f,0.03503507940900866f,-0.3076038343254599f,0.24681944267740272f,-0.044379846764929176f,0.9678895922853737f,0.24742709299261148f,0.02510512679721183f,0.30639517764162333f,0.2489222375692004f,-0.9187816469442024f,-0.15088387193105668f,0f,0f,0f,1f], start_interpolation: 0, interpolation_duration: 1 }
$data merge entity $(bone_leg_left_2) { transformation: [-0.9762527797640596f,-0.04322283867946213f,-0.31164803179248546f,0.22559840427925373f,-0.04453912167639811f,1.0247300648820008f,-0.0026000515225318177f,0.2638187668164633f,0.31146264004521607f,0.01105802170887777f,-0.9772056812732132f,-0.1780230993349296f,0f,0f,0f,1f], start_interpolation: 0, interpolation_duration: 1 }
$data merge entity $(bone_leg_left_1) { transformation: [-0.8936485215709006f,0.25652712408309497f,0.3682202527072621f,0.29355735487976803f,0.34677877033984966f,-0.12606465518266485f,0.9294364890379855f,0.1733707975840173f,0.2848452287396183f,0.9582805107708974f,0.02369933207798003f,0.07538197471602338f,0f,0f,0f,1f], start_interpolation: 0, interpolation_duration: 1 }
$data merge entity $(bone_leg_left_0) { transformation: [-0.9638169443818481f,0.023104093504279433f,-0.2655618545382281f,0.21217875f,0.08866629592533043f,0.9672967130836729f,-0.23764544351702654f,0.5828184776453031f,0.2513865264673492f,-0.25259309119781576f,-0.9343455167066479f,0.08149740803726763f,0f,0f,0f,1f], start_interpolation: 0, interpolation_duration: 1 }
$data merge entity $(bone_leg_right_3) { transformation: [-0.9907870587557144f,0.03453881602597508f,0.13095065631650984f,-0.19352888299431995f,0.051648451429175346f,0.9902199295953875f,0.1296029648467758f,0.023924620602142815f,-0.12519361671894044f,0.135172338958939f,-0.9828809679270429f,-0.04885484552638372f,0f,0f,0f,1f], start_interpolation: 0, interpolation_duration: 1 }
$data merge entity $(bone_leg_right_2) { transformation: [-1.0166309203240838f,-0.015530181885843417f,0.13521310880345047f,-0.1913930760097364f,0.05070617276100079f,0.9024229806610756f,0.48489570787892783f,0.24918489196581844f,-0.12630382173803242f,0.4872922910595522f,-0.8936754260854409f,0.037309651452960835f,0f,0f,0f,1f], start_interpolation: 0, interpolation_duration: 1 }
$data merge entity $(bone_leg_right_1) { transformation: [-0.9450745996129312f,-0.06124335598204814f,-0.3210658071400849f,-0.20982460688416743f,-0.3268147707614964f,0.16170329072295953f,0.931152055993798f,0.23722108917876344f,-0.005109479285469412f,0.9849372046569378f,-0.17283690608203217f,0.3139511735574039f,0f,0f,0f,1f], start_interpolation: 0, interpolation_duration: 1 }
$data merge entity $(bone_leg_right_0) { transformation: [-0.9561733076250296f,-0.1585293851940685f,0.2461727844734289f,-0.18092875f,-0.288829534835021f,0.6486817089694558f,-0.7041232422349456f,0.5828184776453031f,-0.04806355784163331f,-0.7443658203319502f,-0.6660401038444659f,0.0814974080372676f,0f,0f,0f,1f], start_interpolation: 0, interpolation_duration: 1 }
$data merge entity $(bone_tail_4) { transformation: [-2.1972102489695486f,-0.8036661258096065f,-1.4669864388089446f,-0.45623536111928864f,-1.4241837416063357f,-0.371362684532845f,2.336546973266477f,1.7070551880146716f,-0.8772850868260278f,2.615697200817162f,-0.11899731791059105f,-0.9691679228494727f,0f,0f,0f,1f], start_interpolation: 0, interpolation_duration: 1 }
$data merge entity $(bone_tail_3) { transformation: [-1.783681479344517f,-0.3816383126300009f,-1.0043794624646225f,-0.2821950897524553f,-1.0739816731931493f,0.5763050859705501f,1.688307240870027f,1.4151410721816116f,-0.031452693573714316f,1.9642225363389578f,-0.6904969817816407f,-0.8713066110110991f,0f,0f,0f,1f], start_interpolation: 0, interpolation_duration: 1 }
$data merge entity $(bone_tail_2) { transformation: [-1.6789705310852558f,0.03322621585158567f,-0.9993637222404331f,-0.09764915662036962f,-0.9504132826040095f,0.5538848260293248f,1.61514707279155f,1.1143177791944687f,0.31071920281814125f,1.8737346378496145f,-0.45972378546841586f,-0.7851693430609258f,0f,0f,0f,1f], start_interpolation: 0, interpolation_duration: 1 }
$data merge entity $(bone_tail_1) { transformation: [-1.4725106074186085f,0.13775061525260615f,-0.3168493791018205f,-0.029743769043148138f,-0.15978205585674787f,0.9583260457017614f,1.1591967627438482f,0.8533096744229783f,0.3063306312889258f,1.1620207434151746f,-0.9184364900236565f,-0.6020292202576193f,0f,0f,0f,1f], start_interpolation: 0, interpolation_duration: 1 }
$data merge entity $(bone_tail_0) { transformation: [-1.2687639806576019f,0.0012320995652886483f,-0.15515205412937672f,0.01562500000000003f,-0.060291345780397215f,1.1738134304447545f,0.5023571445849394f,0.7348354499506546f,0.14296374223519892f,0.5059606990885818f,-1.1650754722196879f,-0.24935735544278578f,0f,0f,0f,1f], start_interpolation: 0, interpolation_duration: 1 }
$data merge entity $(bone_body_1) { transformation: [-1.2363675f,-6.570852770039363e-17f,1.3641036009050556e-16f,0.015625000000000003f,0f,1.1138751204468076f,0.5365508467105982f,0.5350675f,-1.5141135014448153e-16f,0.5365508467105982f,-1.1138751204468076f,-0.026537499999999988f,0f,0f,0f,1f], start_interpolation: 0, interpolation_duration: 1 }