# This file was generated by Animated Java via MC-Build. It is not recommended to edit this file directly.
$data merge entity $(bone_head_lower) { transformation: [-0.7672293712982176f,-0.4828683925761406f,0.4221341105244588f,-0.3267560236642656f,0.09274761728932457f,0.5677260253522715f,0.8179761852431066f,0.30256368372916675f,-0.6346313664675696f,0.6667272872686751f,-0.390791188624896f,0.8518608532322937f,0f,0f,0f,1f], start_interpolation: 0, interpolation_duration: 1 }
$data merge entity $(bone_head_upper) { transformation: [-0.79860873290541f,-0.015604380473640982f,0.6674223083031886f,-0.2813439912993646f,0.09654095619161741f,1.026978016445519f,0.1395275603554476f,0.3352728351206515f,-0.6605875249263572f,0.16895147123114598f,-0.7864804287863799f,0.8012316598401905f,0f,0f,0f,1f], start_interpolation: 0, interpolation_duration: 1 }
$data merge entity $(bone_neck_0) { transformation: [-0.7672293712982176f,0.25739513065125014f,0.5874579461836972f,-0.24728795361121664f,0.09274761728932457f,0.9508362615276604f,-0.29547975100039486f,0.3007027359800119f,-0.6346313664675696f,-0.17221541882516864f,-0.7533822922091925f,0.7555169926458788f,0f,0f,0f,1f], start_interpolation: 0, interpolation_duration: 1 }
$data merge entity $(bone_neck_1) { transformation: [-0.7672293712982176f,0.12414466723005885f,0.6292433499177243f,-0.19341086409037228f,0.09274761728932457f,0.9922511687873519f,-0.08267706772308181f,0.29827008031056024f,-0.6346313664675696f,-0.005071453289938521f,-0.7727983624834057f,0.6900274648136517f,0f,0f,0f,1f], start_interpolation: 0, interpolation_duration: 1 }
$data merge entity $(bone_neck_2) { transformation: [-0.8191520176388856f,-0.12414462815030544f,0.5599804311755594f,-0.1455678319661435f,0.09960050901477507f,0.9306766124444809f,0.3520238367679993f,0.33822191429892706f,-0.5648625590372764f,0.34413537212888734f,-0.7500007566979993f,0.6276910738989812f,0f,0f,0f,1f], start_interpolation: 0, interpolation_duration: 1 }
$data merge entity $(bone_body_0) { transformation: [-0.939692604894611f,4.3567998368294064e-8f,0.34202018698664344f,0.015624999999999976f,0.05939120124666229f,0.984807763976528f,0.16317583530054194f,0.42450759852827147f,-0.3368241284719058f,0.17364811548516512f,-0.9254165756390965f,0.19319992747257417f,0f,0f,0f,1f], start_interpolation: 0, interpolation_duration: 1 }
$data merge entity $(bone_leg_left_3) { transformation: [-0.951069235447523f,0.034796121945015815f,-0.30701227871675046f,0.24638307519971364f,-0.043060428581340585f,0.969014970194971f,0.2432196271447502f,0.025225052725198344f,0.305962593915752f,0.24453878513566646f,-0.920101990916614f,-0.14873221522501257f,0f,0f,0f,1f], start_interpolation: 0, interpolation_duration: 1 }
$data merge entity $(bone_leg_left_2) { transformation: [-0.9764560642138848f,-0.04330809933395675f,-0.310998653843878f,0.22516191598297552f,-0.04319865116602992f,1.024766351803408f,-0.007071085465766886f,0.26381105577478575f,0.3110138754108243f,0.006366493878787532f,-0.9773904217651848f,-0.1769714364666784f,0f,0f,0f,1f], start_interpolation: 0, interpolation_duration: 1 }
$data merge entity $(bone_leg_left_1) { transformation: [-0.8931740563310753f,0.2556241965553964f,0.3699951016331179f,0.29277198878756355f,0.3499645782091262f,-0.12160647317247661f,0.9288361856008087f,0.17454262576464347f,0.28242680307648144f,0.9590975632426345f,0.01915633279202089f,0.07694471331243319f,0f,0f,0f,1f], start_interpolation: 0, interpolation_duration: 1 }
$data merge entity $(bone_leg_left_0) { transformation: [-0.9638169443818481f,0.02514276083406366f,-0.2653765990061645f,0.21217875f,0.09181822832506716f,0.9659328055466847f,-0.24195707907799796f,0.5841722783920352f,0.2502524938330953f,-0.25756874178819095f,-0.933290968875176f,0.08088883736552793f,0f,0f,0f,1f], start_interpolation: 0, interpolation_duration: 1 }
$data merge entity $(bone_leg_right_3) { transformation: [-0.9910493438134866f,0.03375536688558081f,0.12915793948990384f,-0.1933860004861193f,0.05050940782537231f,0.9903928018815139f,0.1287279989062815f,0.024054464413969717f,-0.12357183274512085f,0.13409948988607362f,-0.9832331000145935f,-0.04681973644715834f,0f,0f,0f,1f], start_interpolation: 0, interpolation_duration: 1 }
$data merge entity $(bone_leg_right_2) { transformation: [-1.0168949115530659f,-0.014963632267005948f,0.13327801044266316f,-0.19117752526462772f,0.04955010544788851f,0.9052604752869566f,0.4796982993862206f,0.24981732195050266f,-0.12462634315536991f,0.4820184240185291f,-0.8967656957082539f,0.03801732420531173f,0f,0f,0f,1f], start_interpolation: 0, interpolation_duration: 1 }
$data merge entity $(bone_leg_right_1) { transformation: [-0.9449458247598288f,-0.05940224356155979f,-0.3217899341632987f,-0.20906791381565648f,-0.32722399615069575f,0.1674551626909903f,0.9299909810483672f,0.23946955211284543f,-0.001358164988650908f,0.9840884827839353f,-0.1776738963378598f,0.31475952069266666f,0f,0f,0f,1f], start_interpolation: 0, interpolation_duration: 1 }
$data merge entity $(bone_leg_right_0) { transformation: [-0.9561733076250295f,-0.16075701897126785f,0.24472389878571746f,-0.18092875f,-0.2894106986539105f,0.6457162187956162f,-0.7066059809320522f,0.5841722783920352f,-0.044430319490929446f,-0.7464634925003123f,-0.6639414138869262f,0.0808888373655279f,0f,0f,0f,1f], start_interpolation: 0, interpolation_duration: 1 }
$data merge entity $(bone_tail_4) { transformation: [-2.2878641463386047f,-0.8372849504619165f,-1.3001126455920335f,-0.4657639622795029f,-1.3485130480732166f,-0.056084134305259936f,2.4091551342027593f,1.6788142847446605f,-0.756869565166028f,2.630868642332645f,-0.3624085811845139f,-1.0213400965127335f,0f,0f,0f,1f], start_interpolation: 0, interpolation_duration: 1 }
$data merge entity $(bone_tail_3) { transformation: [-1.8211243296782236f,-0.36579017633571315f,-0.9410893946882908f,-0.30261043403374055f,-1.0080552651767893f,0.7687289188410688f,1.6519158446274553f,1.3911877866324005f,0.05723883513697548f,1.9003154796712503f,-0.8493940896418062f,-0.8959103263646422f,0f,0f,0f,1f], start_interpolation: 0, interpolation_duration: 1 }
$data merge entity $(bone_tail_2) { transformation: [-1.6701434483625575f,0.06686517058836794f,-1.012385196383566f,-0.1156293056704757f,-0.9359880906377794f,0.6509938008422552f,1.5871065624122331f,1.0956109372776526f,0.391562295271961f,1.841333754437234f,-0.5243499296216325f,-0.7977071302320236f,0f,0f,0f,1f], start_interpolation: 0, interpolation_duration: 1 }
$data merge entity $(bone_tail_1) { transformation: [-1.4618032965831183f,0.15017208731044532f,-0.358100148410403f,-0.039009281901616705f,-0.16915713603709545f,1.009252556601408f,1.1137555343616707f,0.8437677105675511f,0.3495328817528563f,1.1164738560245588f,-0.9586287828910613f,-0.6054025850004245f,0f,0f,0f,1f], start_interpolation: 0, interpolation_duration: 1 }
$data merge entity $(bone_tail_0) { transformation: [-1.2644796915180019f,0.0009181612288535128f,-0.1868849466985616f,0.01562500000000003f,-0.07009260155148495f,1.1825661610153888f,0.4800625153176391f,0.7320197139228174f,0.17324506783834032f,0.4851516756492876f,-1.1698075545440818f,-0.2518500545501892f,0f,0f,0f,1f], start_interpolation: 0, interpolation_duration: 1 }
$data merge entity $(bone_body_1) { transformation: [-1.2363675f,-6.398920160587319e-17f,1.372252856816764e-16f,0.015625000000000003f,0f,1.1205294928890353f,0.5225114837226943f,0.5350675f,-1.5141135014448153e-16f,0.5225114837226943f,-1.1205294928890353f,-0.026537499999999988f,0f,0f,0f,1f], start_interpolation: 0, interpolation_duration: 1 }