# This file was generated by Animated Java via MC-Build. It is not recommended to edit this file directly.
$data merge entity $(bone_head_lower) { transformation: [-0.7665130479444596f,-0.4757992244033986f,0.4313616178892356f,-0.32694873829896404f,0.09379651986640991f,0.581524149850025f,0.8081038769874551f,0.30246932517931135f,-0.6353423960289798f,0.6598823843673435f,-0.4011175371506774f,0.8516153613194206f,0f,0f,0f,1f], start_interpolation: 0, interpolation_duration: 1 }
$data merge entity $(bone_head_upper) { transformation: [-0.7978631122249514f,-0.013352458210982493f,0.6683622585050308f,-0.28142111046233437f,0.0976327584470628f,1.0272055494592653f,0.13707131801224381f,0.33501459781500964f,-0.6613276353005668f,0.16775700761315518f,-0.786114042469633f,0.8009843745185071f,0f,0f,0f,1f], start_interpolation: 0, interpolation_duration: 1 }
$data merge entity $(bone_neck_0) { transformation: [-0.7670191034665835f,0.2587406697821924f,0.5871413464558435f,-0.24740745327198804f,0.09348099952616915f,0.9503859703351286f,-0.2966948097249844f,0.3003730027952185f,-0.6347779120644534f,-0.172684027028613f,-0.7531515313429793f,0.7552922824968097f,0f,0f,0f,1f], start_interpolation: 0, interpolation_duration: 1 }
$data merge entity $(bone_neck_1) { transformation: [-0.7670925591932847f,0.1253777639115373f,0.6291656554094796f,-0.19353126477345794f,0.09349284909886532f,0.9920944189791476f,-0.08371231090947373f,0.29785192631353996f,-0.6346873976987994f,-0.0053926011321448475f,-0.7727501711778236f,0.6898053576127107f,0f,0f,0f,1f], start_interpolation: 0, interpolation_duration: 1 }
$data merge entity $(bone_neck_2) { transformation: [-0.8185543547692968f,-0.12371600274580286f,0.560948410241816f,-0.14559923391258114f,0.10068478970743838f,0.9305139165614682f,0.35214545887602483f,0.337812822416356f,-0.5655363307602697f,0.34472917159712163f,-0.7492198988549178f,0.6275431893694465f,0f,0f,0f,1f], start_interpolation: 0, interpolation_duration: 1 }
$data merge entity $(bone_body_0) { transformation: [-0.9396727622755258f,0.0006280178543651699f,0.3420741227147383f,0.015624999999999976f,0.06023776023479842f,0.9846752484776751f,0.16366449608062178f,0.42432754826310315f,-0.33672913755625333f,0.1743968481051293f,-0.9253103410702911f,0.19310924351105885f,0f,0f,0f,1f], start_interpolation: 0, interpolation_duration: 1 }
$data merge entity $(bone_leg_left_3) { transformation: [-0.9509177312594436f,0.0349232225186484f,-0.3074668061845143f,0.2465878834124861f,-0.04328683386851691f,0.9688291876057477f,0.2439185422570949f,0.025665629935409634f,0.30640123757914584f,0.24525573137461998f,-0.9197651373246691f,-0.14914403044086819f,0f,0f,0f,1f], start_interpolation: 0, interpolation_duration: 1 }
$data merge entity $(bone_leg_left_2) { transformation: [-0.9763019964405935f,-0.04319566259766618f,-0.31149758583262604f,0.2253777528198897f,-0.04342776797258919f,1.0247635412884086f,-0.005992738577078302f,0.264283948160112f,0.3114653114164154f,0.007484562744932561f,-0.9772387326572184f,-0.17711724323230987f,0f,0f,0f,1f], start_interpolation: 0, interpolation_duration: 1 }
$data merge entity $(bone_leg_left_1) { transformation: [-0.8928958042053257f,0.2561027437886937f,0.3703356146206134f,0.2930942308562386f,0.34975812377883786f,-0.12347098061701894f,0.9286679556204029f,0.17452202369945674f,0.2835601129976357f,0.9587316108115835f,0.020672705371907407f,0.07659649541666012f,0f,0f,0f,1f], start_interpolation: 0, interpolation_duration: 1 }
$data merge entity $(bone_leg_left_0) { transformation: [-0.9636938909880671f,0.024174398947653324f,-0.265912923544154f,0.21217875f,0.09085327250773768f,0.9661567267589546f,-0.24142672224312223f,0.5840842198703786f,0.25107721391419446f,-0.25682051665305594f,-0.9332756585699336f,0.08092904546346946f,0f,0f,0f,1f], start_interpolation: 0, interpolation_duration: 1 }
$data merge entity $(bone_leg_right_3) { transformation: [-0.9910450385353705f,0.03348733846992043f,0.12926070461136646f,-0.1933151104318251f,0.050605294854055155f,0.990022507428036f,0.1315087028247115f,0.024231350361961085f,-0.12356713044802836f,0.13687232352855372f,-0.98285153066205f,-0.047657649384725206f,0f,0f,0f,1f], start_interpolation: 0, interpolation_duration: 1 }
$data merge entity $(bone_leg_right_2) { transformation: [-1.016890214823576f,-0.015260907176439189f,0.13328013808856753f,-0.1911758710927145f,0.04964239597400565f,0.9038955055537625f,0.4822558937559628f,0.2497549333798436f,-0.12462793835539254f,0.4845639475369111f,-0.8953925715737339f,0.0378152072648677f,0f,0f,0f,1f], start_interpolation: 0, interpolation_duration: 1 }
$data merge entity $(bone_leg_right_1) { transformation: [-0.9449472438071344f,-0.05943681785800464f,-0.32177938265870065f,-0.2090762402730903f,-0.32721869488278715f,0.16676277386240934f,0.9301172522714114f,0.23921247176052235f,-0.0016223872859450377f,0.9842039635851041f,-0.1770308614983983f,0.3145494099684312f,0f,0f,0f,1f], start_interpolation: 0, interpolation_duration: 1 }
$data merge entity $(bone_leg_right_0) { transformation: [-0.9561733076250296f,-0.16073246897455992f,0.2447400237042416f,-0.18092875f,-0.2893741882699234f,0.6462569405001016f,-0.7061264376997728f,0.5840842198703786f,-0.04466749319733025f,-0.7460006972334478f,-0.664445464111748f,0.0809290454634694f,0f,0f,0f,1f], start_interpolation: 0, interpolation_duration: 1 }
$data merge entity $(bone_tail_4) { transformation: [-2.326362868698466f,-0.8334328074069518f,-1.232512430070711f,-0.4839690849067889f,-1.3311384204265189f,0.14397691545323013f,2.4151609646317507f,1.653698195217745f,-0.6646560316475252f,2.6287490817790773f,-0.5230410655390488f,-1.0577025612073607f,0f,0f,0f,1f], start_interpolation: 0, interpolation_duration: 1 }
$data merge entity $(bone_tail_3) { transformation: [-1.834694956155095f,-0.342855580815938f,-0.9231955343300053f,-0.32407412714807876f,-0.9756061319757945f,0.8989489154914763f,1.6050012612556954f,1.3727523718595966f,0.13428558803805993f,1.8466960833024229f,-0.9526943281059292f,-0.9142321800978155f,0f,0f,0f,1f], start_interpolation: 0, interpolation_duration: 1 }
$data merge entity $(bone_tail_2) { transformation: [-1.659798746278775f,0.09798672974375615f,-1.0267621913804128f,-0.13440529201307397f,-0.9191623727263409f,0.7420710043701659f,1.5566775620018147f,1.0828663209967437f,0.46795569172547424f,1.8051324328896077f,-0.5841988063275685f,-0.8048553339976903f,0f,0f,0f,1f], start_interpolation: 0, interpolation_duration: 1 }
$data merge entity $(bone_tail_1) { transformation: [-1.4496117846999654f,0.15914182502834626f,-0.40119297499536183f,-0.048633465956091554f,-0.17991779046864084f,1.055136614131818f,1.0686311637751007f,0.8401827506076058f,0.39231557747795853f,1.0719220377644498f,-0.9923345618404338f,-0.604793954624111f,0f,0f,0f,1f], start_interpolation: 0, interpolation_duration: 1 }
$data merge entity $(bone_tail_0) { transformation: [-1.2591581656708744f,-0.000070489282003878f,-0.21990094460835774f,0.01562500000000003f,-0.08171398597086324f,1.1868392844996856f,0.46751583272554054f,0.7322043043098955f,0.2041549776643726f,0.4746032283745688f,-1.1691485095125103f,-0.2516885652728813f,0f,0f,0f,1f], start_interpolation: 0, interpolation_duration: 1 }
$data merge entity $(bone_body_1) { transformation: [-1.2363675f,-6.410164408963187e-17f,1.3717279678413265e-16f,0.015625000000000003f,0f,1.1201008885144492f,0.5234296462805597f,0.5350675f,-1.5141135014448153e-16f,0.5234296462805597f,-1.1201008885144492f,-0.026537499999999988f,0f,0f,0f,1f], start_interpolation: 0, interpolation_duration: 1 }