# This file was generated by Animated Java via MC-Build. It is not recommended to edit this file directly.
$data merge entity $(bone_head_lower) { transformation: [-0.7646433776106579f,-0.4663755132274097f,0.444763291805917f,-0.32744490852433145f,0.09651235992891707f,0.5994876983035575f,0.7945438087126813f,0.3022274460837125f,-0.6371858986646801f,0.6504678164556436f,-0.4133832970722342f,0.8509755562860161f,0f,0f,0f,1f], start_interpolation: 0, interpolation_duration: 1 }
$data merge entity $(bone_head_upper) { transformation: [-0.7959169731535266f,-0.007484656925796061f,0.6707697774500123f,-0.2816189486102674f,0.10045967523652649f,1.0277669630537962f,0.13067083029527138f,0.33434496990812707f,-0.6632465364259411f,0.16465415922286045f,-0.785152840122936f,0.800340562920364f,0f,0f,0f,1f], start_interpolation: 0, interpolation_duration: 1 }
$data merge entity $(bone_neck_0) { transformation: [-0.7664723460872105f,0.2622366140754213f,0.5863037616473447f,-0.24771637362586296f,0.09538619049945832f,0.9492045493981396f,-0.29985362773172464f,0.29951768085537467f,-0.6351547979395014f,-0.1739042312312535f,-0.7525527895199765f,0.754707114650923f,0f,0f,0f,1f], start_interpolation: 0, interpolation_duration: 1 }
$data merge entity $(bone_neck_1) { transformation: [-0.7667367221478676f,0.12858455339597155f,0.6289521536157598f,-0.19384349825316585f,0.09542998791195181f,0.9916789841310942f,-0.08640549658352448f,0.29676654234262645f,-0.6348290449538904f,-0.006229370809262447f,-0.7726275160918437f,0.6892267253691483f,0f,0f,0f,1f], start_interpolation: 0, interpolation_duration: 1 }
$data merge entity $(bone_neck_2) { transformation: [-0.8169949759231964f,-0.12260060581571502f,0.5634610019955911f,-0.14568042507715157f,0.10350477293321667f,0.9300887793949196f,0.35245088228533566f,0.3367500334682024f,-0.5672794472711832f,0.3462715031550935f,-0.7471881120617572f,0.6271576572772757f,0f,0f,0f,1f], start_interpolation: 0, interpolation_duration: 1 }
$data merge entity $(bone_body_0) { transformation: [-0.9396195418542479f,0.0022607998127348794f,0.34221339154074637f,0.015624999999999977f,0.062438039021721195f,0.9843262944842944f,0.16493403914880622f,0.4238597659792189f,-0.33647675677338473f,0.17634237939594852f,-0.92503338176535f,0.1928727749181686f,0f,0f,0f,1f], start_interpolation: 0, interpolation_duration: 1 }
$data merge entity $(bone_leg_left_3) { transformation: [-0.9505232114775555f,0.03525464299623994f,-0.3086466176545628f,0.2471211454198362f,-0.04387595009019459f,0.9683447875821221f,0.24573008233876822f,0.02681254731788299f,0.3075394697369378f,0.247114310613009f,-0.9188873663535594f,-0.15021001436914075f,0f,0f,0f,1f], start_interpolation: 0, interpolation_duration: 1 }
$data merge entity $(bone_leg_left_2) { transformation: [-0.9759007873802391f,-0.042900367009670363f,-0.31279292063881364f,0.22594043857958845f,-0.044023966617535853f,1.024750645912141f,-0.0031943022090545376f,0.2655134189378085f,0.3126367589625084f,0.01038613083781688f,-0.9768380545066477f,-0.17749267574318822f,0f,0f,0f,1f], start_interpolation: 0, interpolation_duration: 1 }
$data merge entity $(bone_leg_left_1) { transformation: [-0.8921691596235578f,0.25734253089408166f,0.3712263627621605f,0.29393201450700335f,0.3492144273709644f,-0.12831150381718764f,0.9282162688210873f,0.17447125941780062f,0.28650213669807756f,0.9577635302000177f,0.02460784196624377f,0.075690768527178f,0f,0f,0f,1f], start_interpolation: 0, interpolation_duration: 1 }
$data merge entity $(bone_leg_left_0) { transformation: [-0.9633686069508469f,0.021655684148804286f,-0.26730499150900977f,0.21217875f,0.0883383799192072f,0.9667322438676915f,-0.24005228451274496f,0.5838551137808908f,0.25321385778593236f,-0.25487212482063476f,-0.9332325231230318f,0.08103324863674485f,0f,0f,0f,1f], start_interpolation: 0, interpolation_duration: 1 }
$data merge entity $(bone_leg_right_3) { transformation: [-0.9910338471802691f,0.03278911990554664f,0.12952523830857995f,-0.19313062657528815f,0.05085465883184613f,0.989023165023569f,0.13873349531334705f,0.024700371407959637f,-0.12355451192963894f,0.14407655139744835f,-0.9818229116899072f,-0.049833258760862656f,0f,0f,0f,1f], start_interpolation: 0, interpolation_duration: 1 }
$data merge entity $(bone_leg_right_2) { transformation: [-1.016877996507605f,-0.016034159728352614f,0.13328257741047447f,-0.19117157485257397f,0.049882495836851094f,0.9003127563238702f,0.48888738673675775f,0.2495933911329992f,-0.1246317629196506f,0.49116397060759165f,-0.8917886953472888f,0.037289435534689885f,0f,0f,0f,1f], start_interpolation: 0, interpolation_duration: 1 }
$data merge entity $(bone_leg_right_1) { transformation: [-0.9449509337819739f,-0.059526704684865234f,-0.3217519295574405f,-0.2090978929725413f,-0.3272039115557471f,0.16496219322567773f,0.9304434830062451f,0.23854476038721012f,-0.002309330464481058f,0.9845019279999074f,-0.17535854914223853f,0.3140022117794281f,0f,0f,0f,1f], start_interpolation: 0, interpolation_duration: 1 }
$data merge entity $(bone_leg_right_0) { transformation: [-0.9561733076250295f,-0.16066863141417065f,0.2447819369661659f,-0.18092875f,-0.28927835170418315f,0.6476612656166972f,-0.7048779470625315f,0.5838551137808908f,-0.045284004027046465f,-0.744795593367251f,-0.6657543714313883f,0.08103324863674483f,0f,0f,0f,1f], start_interpolation: 0, interpolation_duration: 1 }
$data merge entity $(bone_tail_4) { transformation: [-2.3505762579176546f,-0.8308866011564415f,-1.1874679125485994f,-0.5045736962853584f,-1.329104933819339f,0.3336938966608911f,2.397454856682052f,1.6216943597957894f,-0.5778690701282796f,2.6122666730159776f,-0.6839528481109731f,-1.097028205564987f,0f,0f,0f,1f], start_interpolation: 0, interpolation_duration: 1 }
$data merge entity $(bone_tail_3) { transformation: [-1.8429026047654276f,-0.32354085300716656f,-0.9137706669775737f,-0.3464658575167753f,-0.9462062424118505f,1.0268468123527974f,1.5447410452325625f,1.3497148608826481f,0.21059264520417487f,1.7823727069389101f,-1.0558142816753404f,-0.9354430363023037f,0f,0f,0f,1f], start_interpolation: 0, interpolation_duration: 1 }
$data merge entity $(bone_tail_2) { transformation: [-1.6476091096975587f,0.12412341343966603f,-1.043432544480226f,-0.15368280728562111f,-0.8968815502601284f,0.8449582065844609f,1.5167145377200473f,1.0672988066988647f,0.5475048688800692f,1.757672575414555f,-0.6554383351551549f,-0.812775388358866f,0f,0f,0f,1f], start_interpolation: 0, interpolation_duration: 1 }
$data merge entity $(bone_tail_1) { transformation: [-1.4360965319048162f,0.16290703520800895f,-0.4458074684554932f,-0.05836937789854761f,-0.1890803618868813f,1.1066773826797833f,1.0134939750258758f,0.8358588651739469f,0.4353522915980631f,1.0180288397411743f,-1.0304086148977767f,-0.6039032249568315f,0f,0f,0f,1f], start_interpolation: 0, interpolation_duration: 1 }
$data merge entity $(bone_tail_0) { transformation: [-1.2528441540470123f,-0.0022893473646095667f,-0.25340087044621157f,0.01562500000000003f,-0.09350264220126461f,1.192151289102418f,0.4515177475768291f,0.732683619320353f,0.23553024891855362f,0.4610919424194213f,-1.1686553979100414f,-0.25126798567516434f,0f,0f,0f,1f], start_interpolation: 0, interpolation_duration: 1 }
$data merge entity $(bone_body_1) { transformation: [-1.2363675f,-6.439379285962469e-17f,1.3703589454492037e-16f,0.015625000000000003f,0f,1.118982996896167f,0.5258152220253068f,0.5350675f,-1.5141135014448153e-16f,0.5258152220253068f,-1.118982996896167f,-0.026537499999999988f,0f,0f,0f,1f], start_interpolation: 0, interpolation_duration: 1 }