# This file was generated by Animated Java via MC-Build. It is not recommended to edit this file directly.
$data merge entity $(bone_head_lower) { transformation: [-0.7532140090063392f,-0.37435071194361325f,0.5408606115293553f,-0.3302722250294492f,0.11245858993372117f,0.7368624366555985f,0.666623443179201f,0.3008790552737297f,-0.6480908286549943f,0.5629345378578967f,-0.5129161567936795f,0.847091062620388f,0f,0f,0f,1f], start_interpolation: 0, interpolation_duration: 1 }
$data merge entity $(bone_head_upper) { transformation: [-0.7840201481355281f,0.02808889128083218f,0.6841018667476835f,-0.2827246982664541f,0.11705809940426457f,1.0302096517241062f,0.09185541596370068f,0.3303807492482486f,-0.6745974735091385f,0.14611991741243457f,-0.7791271789983822f,0.7964517573017627f,0f,0f,0f,1f], start_interpolation: 0, interpolation_duration: 1 }
$data merge entity $(bone_neck_0) { transformation: [-0.7631910778913656f,0.28313154093036824f,0.5808406917196923f,-0.24951559972745724f,0.10676789775997561f,0.9417923745049861f,-0.318791059053066f,0.2944455661607598f,-0.637291138048326f,-0.18128335239247792f,-0.7489968968630067f,0.7511687069960165f,0f,0f,0f,1f], start_interpolation: 0, interpolation_duration: 1 }
$data merge entity $(bone_neck_1) { transformation: [-0.7645982238438628f,0.1478434630593745f,0.6273211829082626f,-0.1956921655907201f,0.10703804592208215f,0.9889461417129108f,-0.10260792131375351f,0.2903092797531213f,-0.6355567738762544f,-0.011306600804777356f,-0.7719713388191615f,0.685720514377629f,0f,0f,0f,1f], start_interpolation: 0, interpolation_duration: 1 }
$data merge entity $(bone_neck_2) { transformation: [-0.8074746741236223f,-0.11587864405356749f,0.5784088437266988f,-0.1461537371633703f,0.12044623726914787f,0.927473649887048f,0.3539566819441351f,0.3303990864699676f,-0.5774749817755345f,0.35547822523679845f,-0.7349543365446874f,0.6248133563377494f,0f,0f,0f,1f], start_interpolation: 0, interpolation_duration: 1 }
$data merge entity $(bone_body_0) { transformation: [-0.9392508313914756f,0.012058729334621173f,0.34301962447833256f,0.015624999999999977f,0.07561481438732778f,0.9820990686844765f,0.17252193812455824f,0.42106375020385933f,-0.33479885838454093f,0.18797873905289997f,-0.9233491853510727f,0.1914330803041366f,0f,0f,0f,1f], start_interpolation: 0, interpolation_duration: 1 }
$data merge entity $(bone_leg_left_3) { transformation: [-0.9481380231409566f,0.0372711179192837f,-0.3156662047850631f,0.25034428840674117f,-0.04742370232994717f,0.9653991725923408f,0.2564282161060767f,0.033735415235587235f,0.31430125919518553f,0.2580994020277285f,-0.9135641286419087f,-0.15646322568605914f,0f,0f,0f,1f], start_interpolation: 0, interpolation_duration: 1 }
$data merge entity $(bone_leg_left_2) { transformation: [-0.973474746875798f,-0.0410403167341488f,-0.32050711239870444f,0.22936251721333673f,-0.04761517431127078f,1.024506949627131f,0.013435209031244287f,0.2728878366667845f,0.3195964828828728f,0.027629731608661345f,-0.9742468298951891f,-0.17963555114550045f,0f,0f,0f,1f], start_interpolation: 0, interpolation_duration: 1 }
$data merge entity $(bone_leg_left_1) { transformation: [-0.8877139910613924f,0.2646442754481344f,0.3767323685939212f,0.29895700358837984f,0.3457455814663082f,-0.15713077325526412f,0.9250783280310525f,0.17425189108906664f,0.3040129322419995f,0.9514585264575305f,0.04798759694844823f,0.07024630767171956f,0f,0f,0f,1f], start_interpolation: 0, interpolation_duration: 1 }
$data merge entity $(bone_leg_left_0) { transformation: [-0.9612548208704206f,0.006514907132024242f,-0.2755843343487372f,0.21217875f,0.07307014034903479f,0.9699811778074396f,-0.2319423835538999f,0.5824758617836525f,0.2658005341280334f,-0.24309272034421991f,-0.9328751284994682f,0.08164819431164841f,0f,0f,0f,1f], start_interpolation: 0, interpolation_duration: 1 }
$data merge entity $(bone_leg_right_3) { transformation: [-0.9909667704065163f,0.02856011768758867f,0.13103121623395622f,-0.19201887840406334f,0.052352504428862565f,0.9819206428458567f,0.18190950066779232f,0.027789279243593284f,-0.1234668993297582f,0.18712608271123177f,-0.9745459219241773f,-0.06279228627419067f,0f,0f,0f,1f], start_interpolation: 0, interpolation_duration: 1 }
$data merge entity $(bone_leg_right_2) { transformation: [-1.0168044798313391f,-0.020682588034918677f,0.13320315254449344f,-0.19114593720668668f,0.05132743050102655f,0.8778004510909956f,0.5281042155136628f,0.2486444473315525f,-0.12464487223217832f,0.5301893983448904f,-0.8691519183719274f,0.03412677670374381f,0f,0f,0f,1f], start_interpolation: 0, interpolation_duration: 1 }
$data merge entity $(bone_leg_right_1) { transformation: [-0.9449730873240046f,-0.06006583276454827f,-0.3215866290249645f,-0.20922792770015247f,-0.32708488531612534f,0.15414780982131487f,0.9323378843128862f,0.23455978510493353f,-0.006429776907172684f,0.9862203346421088f,-0.16531215777229136f,0.31069150614248103f,0f,0f,0f,1f], start_interpolation: 0, interpolation_duration: 1 }
$data merge entity $(bone_leg_right_0) { transformation: [-0.9561733076250295f,-0.16028537668491058f,0.24503306676117606f,-0.18092875f,-0.2886757650258477f,0.6560399009804365f,-0.6973363256050276f,0.5824758617836525f,-0.048978653229261426f,-0.737509488984756f,-0.6735583457914336f,0.08164819431164838f,0f,0f,0f,1f], start_interpolation: 0, interpolation_duration: 1 }
$data merge entity $(bone_tail_4) { transformation: [-2.2445384563036854f,-0.8906655550539515f,-1.3395608679019793f,-0.6437801904072048f,-1.6085938363451493f,1.2261510649803422f,1.8800640327180265f,1.2973743352388762f,-0.011589626666244694f,2.3084474796901944f,-1.5154528186867868f,-1.3270087074004238f,0f,0f,0f,1f], start_interpolation: 0, interpolation_duration: 1 }
$data merge entity $(bone_tail_3) { transformation: [-1.7821488574542999f,-0.3833177965808255f,-1.0064583661250968f,-0.4693709787346648f,-0.8867711732424622f,1.6265599794425143f,0.9507286919129972f,1.1202487160873589f,0.6111692582459998f,1.2423025501643439f,-1.555346275809553f,-1.075436361227955f,0f,0f,0f,1f], start_interpolation: 0, interpolation_duration: 1 }
$data merge entity $(bone_tail_2) { transformation: [-1.566294335034456f,0.08266875977974256f,-1.1656164923328027f,-0.25382393591507857f,-0.7020866684006101f,1.49163962071465f,1.0492184839065517f,0.9250370770448788f,0.9341146830533601f,1.2597424312427958f,-1.1658699073367436f,-0.8577132060900126f,0f,0f,0f,1f], start_interpolation: 0, interpolation_duration: 1 }
$data merge entity $(bone_tail_1) { transformation: [-1.3480583094540908f,0.03266367378527967f,-0.6850752723070858f,-0.10551476335542456f,-0.23505823823338065f,1.3972818064418218f,0.5291572809905383f,0.7943125754216739f,0.644315659401817f,0.5780941859260729f,-1.2402905680718825f,-0.5984986790880261f,0f,0f,0f,1f], start_interpolation: 0, interpolation_duration: 1 }
$data merge entity $(bone_tail_0) { transformation: [-1.2064076867704818f,-0.053634484073847244f,-0.41897440495005767f,0.01562500000000003f,-0.15991494789427763f,1.2314889839840084f,0.30281645984000477f,0.735540590635707f,0.39095193991729105f,0.3382217335243183f,-1.1690159777482683f,-0.24872314701168f,0f,0f,0f,1f], start_interpolation: 0, interpolation_duration: 1 }
$data merge entity $(bone_body_1) { transformation: [-1.2363675f,-6.614049914343238e-17f,1.3620143657697743e-16f,0.015625000000000003f,0f,1.1121691304938386f,0.5400781612256037f,0.5350675f,-1.5141135014448153e-16f,0.5400781612256037f,-1.1121691304938386f,-0.026537499999999988f,0f,0f,0f,1f], start_interpolation: 0, interpolation_duration: 1 }