# This file was generated by Animated Java via MC-Build. It is not recommended to edit this file directly.
$data merge entity $(bone_head_lower) { transformation: [-0.7599974582447101f,-0.3443604487105842f,0.5511984622850697f,-0.32863601793498287f,0.10312730331677589f,0.7734538179440156f,0.6254070281172376f,0.30165310631646014f,-0.6416919999284624f,0.5321513627452915f,-0.5523099712626411f,0.8493913275412348f,0f,0f,0f,1f], start_interpolation: 0, interpolation_duration: 1 }
$data merge entity $(bone_head_upper) { transformation: [-0.7910810376213112f,0.007035676644712154f,0.6764711625440126f,-0.28208946808815205f,0.10734516705272232f,1.028962096259891f,0.1148301447982226f,0.3327075888691876f,-0.6679369353538699f,0.1570332649412496f,-0.7827341481470441f,0.7987504912276854f,0f,0f,0f,1f], start_interpolation: 0, interpolation_duration: 1 }
$data merge entity $(bone_neck_0) { transformation: [-0.7651262252947125f,0.27082623886155277f,0.5841532399211443f,-0.24846581055189848f,0.1000659405448116f,0.946230790170011f,-0.30762655814659245f,0.297424445105403f,-0.6360571255077226f,-0.17691930386009835f,-0.7510864750563089f,0.7532610894474274f,0f,0f,0f,1f], start_interpolation: 0, interpolation_duration: 1 }
$data merge entity $(bone_neck_1) { transformation: [-0.7658600780780389f,0.13648228709521493f,0.6283557321418811f,-0.19460707603413505f,0.10019540037007676f,0.990607737389487f,-0.09304403456837512f,0.29410600019469413f,-0.6351529127312414f,-0.008300357422443005f,-0.772341816500751f,0.6877953618943717f,0f,0f,0f,1f], start_interpolation: 0, interpolation_duration: 1 }
$data merge entity $(bone_neck_2) { transformation: [-0.8131230859536193f,-0.11984902483074572f,0.5696201000108604f,-0.1458774799811671f,0.11045106441545001f,0.929029218630801f,0.353136338118491f,0.3341391686300671f,-0.5715167621852899f,0.3500584553719028f,-0.742177652832447f,0.6262023242384787f,0f,0f,0f,1f], start_interpolation: 0, interpolation_duration: 1 }
$data merge entity $(bone_body_0) { transformation: [-0.9394785139295398f,0.006280230138259372f,0.3425502599242249f,0.015624999999999977f,0.06784919496078101f,0.9834402093368843f,0.16805309102363777f,0.42271045752461167f,-0.3358222872412095f,0.18112402758561788f,-0.9243470549654209f,0.19228645630251934f,0f,0f,0f,1f], start_interpolation: 0, interpolation_duration: 1 }
$data merge entity $(bone_leg_left_3) { transformation: [-0.9495483811524046f,0.036076228595464874f,-0.31153872565248675f,0.24843852457416996f,-0.04532882484576934f,0.967144249560548f,0.2501545485895991f,0.029644275156277627f,0.3103275197093375f,0.2516555309789402f,-0.9167149634639759f,-0.15280493275799797f,0f,0f,0f,1f], start_interpolation: 0, interpolation_duration: 1 }
$data merge entity $(bone_leg_left_2) { transformation: [-0.9749093447887304f,-0.042155429336951274f,-0.31596975918862846f,0.22733482118566992f,-0.04549447230762507f,1.0246848516210556f,0.0036616046318827403f,0.26853940714178476f,0.3155062946024268f,0.01749497460549156f,-0.9758134572911435f,-0.17839441659282668f,0f,0f,0f,1f], start_interpolation: 0, interpolation_duration: 1 }
$data merge entity $(bone_leg_left_1) { transformation: [-0.8903610220836458f,0.2603667590691643f,0.37345200645596394f,0.2959939354165755f,0.3478338700457556f,-0.14018175764276172f,0.9270170838086956f,0.17436356554089377f,0.293715592373231f,0.9552791349108415f,0.034247995573992884f,0.07345915703986367f,0f,0f,0f,1f], start_interpolation: 0, interpolation_duration: 1 }
$data merge entity $(bone_leg_left_0) { transformation: [-0.962535019703511f,0.015449888683607627f,-0.2707168941607187f,0.21217875f,0.08211125857155502f,0.9681076354589683f,-0.23669674138407676f,0.5832902187334787f,0.25842615397857255f,-0.2500578075279984f,-0.933106111776219f,0.08128766690761444f,0f,0f,0f,1f], start_interpolation: 0, interpolation_duration: 1 }
$data merge entity $(bone_leg_right_3) { transformation: [-0.9910063137538258f,0.031062268681165642f,0.13015998449766794f,-0.19267550001396638f,0.051468823568160134f,0.9863384635546416f,0.15648448968884643f,0.025910807525324875f,-0.12352103586257573f,0.16177629856393733f,-0.9790663833072751f,-0.05516986406873829f,0f,0f,0f,1f], start_interpolation: 0, interpolation_duration: 1 }
$data merge entity $(bone_leg_right_2) { transformation: [-1.016847878695557f,-0.017939488635537258f,0.13326952329972408f,-0.19116102784771782f,0.050474395073265406f,0.8912865854921997f,0.5050967802949633f,0.2491998645402557f,-0.12463918539138574f,0.5072953742839038f,-0.8827109811233913f,0.03599359054689305f,0f,0f,0f,1f], start_interpolation: 0, interpolation_duration: 1 }
$data merge entity $(bone_leg_right_1) { transformation: [-0.9449600195761787f,-0.059747925479459396f,-0.3216842346206741f,-0.20915121597928688f,-0.3271613686062035f,0.1605277529493544f,0.9312337404887923f,0.23690546992366895f,-0.004000036787792904f,0.985221308099826f,-0.17123952164078327f,0.31264967063870674f,0f,0f,0f,1f], start_interpolation: 0, interpolation_duration: 1 }
$data merge entity $(bone_leg_right_0) { transformation: [-0.9561733076250296f,-0.16051144624955457f,0.24488503712617268f,-0.18092875f,-0.28903685136759205f,0.6511084919684724f,-0.7017944358842199f,0.5832902187334787f,-0.04680068735519931f,-0.741817907110241f,-0.6689662834206691f,0.08128766690761441f,0f,0f,0f,1f], start_interpolation: 0, interpolation_duration: 1 }
$data merge entity $(bone_tail_4) { transformation: [-2.145552619678878f,-0.9050714066908621f,-1.4842880571438049f,-0.672728508241401f,-1.717918104156412f,1.4652327120285602f,1.5898150265402171f,1.1616023420562671f,0.2665007977487975f,2.1586107059847675f,-1.701481259493386f,-1.3831688115318206f,0f,0f,0f,1f], start_interpolation: 0, interpolation_duration: 1 }
$data merge entity $(bone_tail_3) { transformation: [-1.726144109995062f,-0.4633513120590371f,-1.068493144192778f,-0.4870172998693021f,-0.9033856871658903f,1.7383975825113913f,0.7055591196964343f,1.0249540035793536f,0.7350281204128262f,1.0484392842583514f,-1.6420883823566466f,-1.1149911053158874f,0f,0f,0f,1f], start_interpolation: 0, interpolation_duration: 1 }
$data merge entity $(bone_tail_2) { transformation: [-1.5583990173919773f,-0.008183387746142008f,-1.1790247706301562f,-0.2689934677775333f,-0.6445178567473533f,1.6422304505376182f,0.8405056541532521f,0.868620026223911f,0.9873009216689177f,1.0591440197134592f,-1.3123355937334389f,-0.8700487036509474f,0f,0f,0f,1f], start_interpolation: 0, interpolation_duration: 1 }
$data merge entity $(bone_tail_1) { transformation: [-1.327826833067642f,-0.05656892980808471f,-0.7220333147202593f,-0.11165988901992455f,-0.25445899518862064f,1.4481858195796666f,0.3544921744354421f,0.7748777927526684f,0.6780728361711259f,0.43268237559292655f,-1.280882289946312f,-0.6003540324800574f,0f,0f,0f,1f], start_interpolation: 0, interpolation_duration: 1 }
$data merge entity $(bone_tail_0) { transformation: [-1.1965403800587329f,-0.08086874516866104f,-0.4422522826710755f,0.01562500000000003f,-0.17380987383629695f,1.2428106383580557f,0.24299704015703705f,0.7338596444185355f,0.41462870526525447f,0.28760681463226206f,-1.1743939175298763f,-0.2502283695600055f,0f,0f,0f,1f], start_interpolation: 0, interpolation_duration: 1 }
$data merge entity $(bone_body_1) { transformation: [-1.2363675f,-6.511167989628176e-17f,1.3669625486332434e-16f,0.015625000000000003f,0f,1.1162096284291732f,0.5316772145374082f,0.5350675f,-1.5141135014448153e-16f,0.5316772145374082f,-1.1162096284291732f,-0.026537499999999988f,0f,0f,0f,1f], start_interpolation: 0, interpolation_duration: 1 }