# This file was generated by Animated Java via MC-Build. It is not recommended to edit this file directly.
$data merge entity $(bone_head_lower) { transformation: [-0.9725535814233883f,0.23220368890196466f,-0.014865332854000213f,0.1644945664936402f,0.15510508661420394f,0.6946075834328129f,0.7024690150775535f,0.4938652181354417f,0.17344146957097936f,0.6808830677127662f,-0.711559066230704f,0.7664965131459346f,0f,0f,0f,1f], start_interpolation: 0, interpolation_duration: 1 }
$data merge entity $(bone_head_upper) { transformation: [-1.012330617672946f,0.23180067444836708f,0.07019337882379349f,0.17422427959985995f,0.16144882002960548f,0.4209904771221823f,0.9381754842602702f,0.5680439125878161f,0.18053515340915344f,0.9233132773231556f,-0.4453892599578641f,0.7565813498084595f,0f,0f,0f,1f], start_interpolation: 0, interpolation_duration: 1 }
$data merge entity $(bone_neck_0) { transformation: [-0.9544866157414723f,-0.2916587501951666f,-0.062373662751071396f,0.17523366847929364f,-0.29747240914336176f,0.9158080408278222f,0.26982549574410203f,0.5707221741949265f,-0.021574664976201974f,0.2760992679992098f,-0.9608869486268741f,0.6899739605550828f,0f,0f,0f,1f], start_interpolation: 0, interpolation_duration: 1 }
$data merge entity $(bone_neck_1) { transformation: [-0.9478334522245664f,-0.0020046781160266425f,-0.31875967139792327f,0.1482213052897067f,-0.031291132327069954f,0.995735769184611f,0.08678215832774044f,0.5826609922427766f,0.31722643629078373f,0.09222938377752683f,-0.9438544002579353f,0.6104419940066224f,0f,0f,0f,1f], start_interpolation: 0, interpolation_duration: 1 }
$data merge entity $(bone_neck_2) { transformation: [-0.9370804103359242f,0.06728289428159552f,-0.3425687036227154f,0.1188684591739054f,0.005888447668696021f,0.9841593661455995f,0.1771882281979954f,0.6078195452388018f,0.3490639350444402f,0.16402241970225745f,-0.9226326544656367f,0.5312183357334215f,0f,0f,0f,1f], start_interpolation: 0, interpolation_duration: 1 }
$data merge entity $(bone_body_0) { transformation: [-0.9703647005831368f,-0.01138095483720778f,-0.24137692874256367f,0.0049999999999999906f,0.00041124749043139775f,0.9988110569927849f,-0.04874734151169027f,0.5943600298185503f,0.24164473662321062f,-0.04740196510640866f,-0.9692063118688146f,0.07398347250322385f,0f,0f,0f,1f], start_interpolation: 0, interpolation_duration: 1 }
$data merge entity $(bone_leg_left_3) { transformation: [-0.974196061769814f,-0.030540588863683202f,-0.22362760487928263f,0.24216365232352882f,-0.04485775450776383f,0.9972363465105422f,0.05922373729195929f,0.036547788825189886f,0.22120084785711436f,0.06772696383395094f,-0.9728737036620572f,-0.1349902642564333f,0f,0f,0f,1f], start_interpolation: 0, interpolation_duration: 1 }
$data merge entity $(bone_leg_left_2) { transformation: [-0.9999248006438674f,-0.10572830177645987f,-0.20256880006921735f,0.20970699381270844f,-0.045889156863417754f,0.9836879798918289f,-0.2869047629430222f,0.2569061949869777f,0.22384543292276785f,-0.27063200830739315f,-0.9636979494321963f,-0.22750950667747863f,0f,0f,0f,1f], start_interpolation: 0, interpolation_duration: 1 }
$data merge entity $(bone_leg_left_1) { transformation: [-0.954212104061309f,0.13482391163326388f,0.26702391899377814f,0.25117622046744f,0.29847770031761484f,0.3701847254155032f,0.8797012740028042f,0.30487338996598146f,0.01975659069774042f,0.9191222888826897f,-0.393476676822207f,0.04266235918991765f,0f,0f,0f,1f], start_interpolation: 0, interpolation_duration: 1 }
$data merge entity $(bone_leg_left_0) { transformation: [-0.9802742455873887f,0.13374829837376123f,-0.1455121854698061f,0.20155375000000003f,0.19055727865947683f,0.8349497549733038f,-0.5162817353150453f,0.6968875263254574f,0.05244356002380465f,-0.5338260946714233f,-0.84396645292327f,-0.09213306314888206f,0f,0f,0f,1f], start_interpolation: 0, interpolation_duration: 1 }
$data merge entity $(bone_leg_right_3) { transformation: [-0.9926570600883996f,-0.008240359386777179f,0.12068163710288533f,-0.18128477671961107f,-0.004815497777479405f,0.9995780913534447f,0.028643503056716896f,0.01694534900474437f,-0.12086675323599486f,0.027852033379661967f,-0.9922779309239965f,-0.11202590977284115f,0f,0f,0f,1f], start_interpolation: 0, interpolation_duration: 1 }
$data merge entity $(bone_leg_right_2) { transformation: [-1.0185376469095364f,0.02029903010088903f,0.11929463820994794f,-0.17128622643063288f,-0.005284661067400893f,1.002740319408452f,-0.21574550676835139f,0.244023357542566f,-0.12089389432920877f,-0.21485344007088492f,-0.9956328967567913f,-0.1926898986193607f,0f,0f,0f,1f], start_interpolation: 0, interpolation_duration: 1 }
$data merge entity $(bone_leg_right_1) { transformation: [-0.9385226379444426f,-0.05539385740203802f,-0.34074444768466516f,-0.1869544636265193f,-0.3286035865375473f,0.4458679553719904f,0.8325992128791989f,0.31444946183632916f,0.10580614812224036f,0.8933830572237889f,-0.4366597898650747f,0.07528035315673305f,0f,0f,0f,1f], start_interpolation: 0, interpolation_duration: 1 }
$data merge entity $(bone_leg_right_0) { transformation: [-0.9561733076250295f,-0.2728560747537702f,0.10621755154104993f,-0.19155374999999997f,-0.28351853313629183f,0.7721717798516591f,-0.5686545381591237f,0.6968875263254574f,0.07314264934807865f,-0.5738469350538399f,-0.8156897988669823f,-0.0921330631488821f,0f,0f,0f,1f], start_interpolation: 0, interpolation_duration: 1 }
$data merge entity $(bone_tail_4) { transformation: [-2.5487225588384876f,0.5053258712382591f,-0.9350510218833434f,-0.6346086991518531f,0.29888812649367996f,2.6721157845106167f,0.6293841860186109f,0.5238871466196727f,1.0199708513035501f,0.4796919111539254f,-2.520955466577029f,-1.6477941938373672f,0f,0f,0f,1f], start_interpolation: 0, interpolation_duration: 1 }
$data merge entity $(bone_tail_3) { transformation: [-1.5561546099693955f,0.04046876120072171f,-1.3830005912082326f,-0.4004989250620302f,0.023763579242935578f,2.0818771661077444f,0.03418016362153894f,0.49771865149060446f,1.383388466128371f,0.009760668548281164f,-1.5563054350534562f,-1.3839978197662712f,0f,0f,0f,1f], start_interpolation: 0, interpolation_duration: 1 }
$data merge entity $(bone_tail_2) { transformation: [-1.486061668904007f,-0.11326605586303197f,-1.2639483343104838f,-0.16665950320048434f,0.09108878802676326f,1.9318275537472076f,-0.280212437771186f,0.55033657074626f,1.265739872135199f,-0.272005474531466f,-1.4637928381143483f,-1.1110107077521618f,0f,0f,0f,1f], start_interpolation: 0, interpolation_duration: 1 }
$data merge entity $(bone_tail_1) { transformation: [-1.416682886855214f,-0.05011754175386736f,-0.5274031476016494f,-0.0512021358904991f,0.04059545075505151f,1.4910202660397456f,-0.25073257793266696f,0.586026457892685f,0.5282214095145822f,-0.24900411295260994f,-1.3952187442344344f,-0.8082360303299065f,0f,0f,0f,1f], start_interpolation: 0, interpolation_duration: 1 }
$data merge entity $(bone_tail_0) { transformation: [-1.2630386796761313f,-0.0268615523542975f,-0.19454425519947968f,0.005000000000000056f,0.018711990071232525f,1.2439825276933627f,-0.2932457140440998f,0.70173918555451f,0.19549647478554957f,-0.29261176391727184f,-1.2288186198734432f,-0.4562079123063778f,0f,0f,0f,1f], start_interpolation: 0, interpolation_duration: 1 }
$data merge entity $(bone_body_1) { transformation: [-1.2363675f,-4.772427265919813e-18f,1.5133611892263624e-16f,0.005000000000000021f,0f,1.2357531904546055f,0.038969825987726116f,0.6094425f,-1.5141135014448153e-16f,0.038969825987726116f,-1.2357531904546055f,-0.17153749999999998f,0f,0f,0f,1f], start_interpolation: 0, interpolation_duration: 1 }