# This file was generated by Animated Java via MC-Build. It is not recommended to edit this file directly.
$data merge entity $(bone_head_lower) { transformation: [-0.7672293712982176f,-0.33358159577713214f,0.5477977827411534f,-0.3267560236642656f,0.09274761728932457f,0.7874201165183625f,0.6093992448217846f,0.30256368372916675f,-0.6346313664675696f,0.5183559385798436f,-0.573192942764053f,0.8518608532322937f,0f,0f,0f,1f], start_interpolation: 0, interpolation_duration: 1 }
$data merge entity $(bone_head_upper) { transformation: [-0.79860873290541f,-0.015604380473640982f,0.6674223083031886f,-0.2813439912993646f,0.09654095619161741f,1.026978016445519f,0.1395275603554476f,0.3352728351206515f,-0.6605875249263572f,0.16895147123114598f,-0.7864804287863799f,0.8012316598401905f,0f,0f,0f,1f], start_interpolation: 0, interpolation_duration: 1 }
$data merge entity $(bone_neck_0) { transformation: [-0.7672293712982176f,0.25739513065125014f,0.5874579461836972f,-0.24728795361121664f,0.09274761728932457f,0.9508362615276604f,-0.29547975100039486f,0.3007027359800119f,-0.6346313664675696f,-0.17221541882516864f,-0.7533822922091925f,0.7555169926458788f,0f,0f,0f,1f], start_interpolation: 0, interpolation_duration: 1 }
$data merge entity $(bone_neck_1) { transformation: [-0.7672293712982176f,0.12414466723005885f,0.6292433499177243f,-0.19341086409037228f,0.09274761728932457f,0.9922511687873519f,-0.08267706772308181f,0.29827008031056024f,-0.6346313664675696f,-0.005071453289938521f,-0.7727983624834057f,0.6900274648136517f,0f,0f,0f,1f], start_interpolation: 0, interpolation_duration: 1 }
$data merge entity $(bone_neck_2) { transformation: [-0.8191520176388856f,-0.12414462815030544f,0.5599804311755594f,-0.1455678319661435f,0.09960050901477507f,0.9306766124444809f,0.3520238367679993f,0.33822191429892706f,-0.5648625590372764f,0.34413537212888734f,-0.7500007566979993f,0.6276910738989812f,0f,0f,0f,1f], start_interpolation: 0, interpolation_duration: 1 }
$data merge entity $(bone_body_0) { transformation: [-0.939692604894611f,4.3567998368294064e-8f,0.34202018698664344f,0.015624999999999976f,0.05939120124666229f,0.984807763976528f,0.16317583530054194f,0.42450759852827147f,-0.3368241284719058f,0.17364811548516512f,-0.9254165756390965f,0.19319992747257417f,0f,0f,0f,1f], start_interpolation: 0, interpolation_duration: 1 }
$data merge entity $(bone_leg_left_3) { transformation: [-0.951069235447523f,0.034796121945015815f,-0.30701227871675046f,0.24638307519971364f,-0.043060428581340585f,0.969014970194971f,0.2432196271447502f,0.025225052725198344f,0.305962593915752f,0.24453878513566646f,-0.920101990916614f,-0.14873221522501257f,0f,0f,0f,1f], start_interpolation: 0, interpolation_duration: 1 }
$data merge entity $(bone_leg_left_2) { transformation: [-0.9764560642138848f,-0.04330809933395675f,-0.310998653843878f,0.22516191598297552f,-0.04319865116602992f,1.024766351803408f,-0.007071085465766886f,0.26381105577478575f,0.3110138754108243f,0.006366493878787532f,-0.9773904217651848f,-0.1769714364666784f,0f,0f,0f,1f], start_interpolation: 0, interpolation_duration: 1 }
$data merge entity $(bone_leg_left_1) { transformation: [-0.8931740563310753f,0.2556241965553964f,0.3699951016331179f,0.29277198878756355f,0.3499645782091262f,-0.12160647317247661f,0.9288361856008087f,0.17454262576464347f,0.28242680307648144f,0.9590975632426345f,0.01915633279202089f,0.07694471331243319f,0f,0f,0f,1f], start_interpolation: 0, interpolation_duration: 1 }
$data merge entity $(bone_leg_left_0) { transformation: [-0.9638169443818481f,0.02514276083406366f,-0.2653765990061645f,0.21217875f,0.09181822832506716f,0.9659328055466847f,-0.24195707907799796f,0.5841722783920352f,0.2502524938330953f,-0.25756874178819095f,-0.933290968875176f,0.08088883736552793f,0f,0f,0f,1f], start_interpolation: 0, interpolation_duration: 1 }
$data merge entity $(bone_leg_right_3) { transformation: [-0.9910493438134866f,0.03375536688558081f,0.12915793948990384f,-0.1933860004861193f,0.05050940782537231f,0.9903928018815139f,0.1287279989062815f,0.024054464413969717f,-0.12357183274512085f,0.13409948988607362f,-0.9832331000145935f,-0.04681973644715834f,0f,0f,0f,1f], start_interpolation: 0, interpolation_duration: 1 }
$data merge entity $(bone_leg_right_2) { transformation: [-1.0168949115530659f,-0.014963632267005948f,0.13327801044266316f,-0.19117752526462772f,0.04955010544788851f,0.9052604752869566f,0.4796982993862206f,0.24981732195050266f,-0.12462634315536991f,0.4820184240185291f,-0.8967656957082539f,0.03801732420531173f,0f,0f,0f,1f], start_interpolation: 0, interpolation_duration: 1 }
$data merge entity $(bone_leg_right_1) { transformation: [-0.9449458247598288f,-0.05940224356155979f,-0.3217899341632987f,-0.20906791381565648f,-0.32722399615069575f,0.1674551626909903f,0.9299909810483672f,0.23946955211284543f,-0.001358164988650908f,0.9840884827839353f,-0.1776738963378598f,0.31475952069266666f,0f,0f,0f,1f], start_interpolation: 0, interpolation_duration: 1 }
$data merge entity $(bone_leg_right_0) { transformation: [-0.9561733076250295f,-0.16075701897126785f,0.24472389878571746f,-0.18092875f,-0.2894106986539105f,0.6457162187956162f,-0.7066059809320522f,0.5841722783920352f,-0.044430319490929446f,-0.7464634925003123f,-0.6639414138869262f,0.0808888373655279f,0f,0f,0f,1f], start_interpolation: 0, interpolation_duration: 1 }
$data merge entity $(bone_tail_4) { transformation: [-2.0939772477634344f,-0.8992174260556781f,-1.55959245898628f,-0.6802759222045114f,-1.7480487822336648f,1.5875452518656725f,1.431672748853649f,1.0952695704533024f,0.43040222162585773f,2.0728650283017847f,-1.7730329477093667f,-1.4066576818979268f,0f,0f,0f,1f], start_interpolation: 0, interpolation_duration: 1 }
$data merge entity $(bone_tail_3) { transformation: [-1.693015623264575f,-0.5059455889436784f,-1.1016635994962076f,-0.4885234119596399f,-0.9115428409396616f,1.778782295281441f,0.5839252701925008f,0.9788506418604379f,0.799207904464262f,0.9570256700142209f,-1.66772723142009f,-1.1332380203612231f,0f,0f,0f,1f], start_interpolation: 0, interpolation_duration: 1 }
$data merge entity $(bone_tail_2) { transformation: [-1.5609116583605231f,-0.06107290645713302f,-1.1741374578361152f,-0.27142256381529245f,-0.6231296914827172f,1.6978703590205455f,0.7400807432671627f,0.8412144911459782f,0.9970145723055561f,0.965546590827755f,-1.3756655111450766f,-0.8765378144387266f,0f,0f,0f,1f], start_interpolation: 0, interpolation_duration: 1 }
$data merge entity $(bone_tail_1) { transformation: [-1.3214336490127387f,-0.1030935013401103f,-0.7285884237608464f,-0.11211579177166117f,-0.2662407607263704f,1.4631054587399885f,0.27585235894059784f,0.7642235473747073f,0.6859921417805905f,0.36925654576010625f,-1.2964261007973394f,-0.602730539230277f,0f,0f,0f,1f], start_interpolation: 0, interpolation_duration: 1 }
$data merge entity $(bone_tail_0) { transformation: [-1.1945702020351578f,-0.09426210799739979f,-0.4449184239718519f,0.01562500000000003f,-0.1778738307455698f,1.24768851839036f,0.2132369058038314f,0.7320197139228174f,0.4185673772878226f,0.2611967317115247f,-1.1791578921406747f,-0.2518500545501892f,0f,0f,0f,1f], start_interpolation: 0, interpolation_duration: 1 }
$data merge entity $(bone_body_1) { transformation: [-1.2363675f,-6.398920160587319e-17f,1.372252856816764e-16f,0.015625000000000003f,0f,1.1205294928890353f,0.5225114837226943f,0.5350675f,-1.5141135014448153e-16f,0.5225114837226943f,-1.1205294928890353f,-0.026537499999999988f,0f,0f,0f,1f], start_interpolation: 0, interpolation_duration: 1 }