# This file was generated by Animated Java via MC-Build. It is not recommended to edit this file directly.
$data merge entity $(bone_head_lower) { transformation: [-0.7621706184766248f,-0.3174197489410565f,0.5642168477749986f,-0.33018998108177455f,0.08273043161974637f,0.8166409411790656f,0.5711858269199097f,0.29659807919723136f,-0.6420682393756679f,0.4820189583121881f,-0.5961594583772561f,0.8451253334759666f,0f,0f,0f,1f], start_interpolation: 0, interpolation_duration: 1 }
$data merge entity $(bone_head_upper) { transformation: [-0.7933430792012278f,-0.06032696123048806f,0.6711477922303825f,-0.2855237227895609f,0.08611407180198083f,1.019143192200897f,0.193399749254636f,0.3328418716533155f,-0.6683285628376997f,0.2029279530344893f,-0.7717701215750934f,0.7962707597865932f,0f,0f,0f,1f], start_interpolation: 0, interpolation_duration: 1 }
$data merge entity $(bone_neck_0) { transformation: [-0.7555270660655606f,0.23459696781145503f,0.6116723920008462f,-0.24953565801072325f,0.08832881560883477f,0.9616364701384104f,-0.2597177691897091f,0.30041032949942015f,-0.6491354810634731f,-0.14219550623493576f,-0.7472640532175249f,0.7504691165705341f,0f,0f,0f,1f], start_interpolation: 0, interpolation_duration: 1 }
$data merge entity $(bone_neck_1) { transformation: [-0.7551998790850234f,0.10020890293326966f,0.6477895633636562f,-0.19419772986610173f,0.08856219507911786f,0.9947825651481706f,-0.050639763822456774f,0.3007033157865749f,-0.6494843186965598f,0.019126522165215154f,-0.7601343933260283f,0.686163870188707f,0f,0f,0f,1f], start_interpolation: 0, interpolation_duration: 1 }
$data merge entity $(bone_neck_2) { transformation: [-0.8202222135721708f,-0.13780549498426803f,0.5551983122406885f,-0.14690739565080593f,0.0862828734657003f,0.9296431447276835f,0.35821626038934284f,0.34118753423248377f,-0.565500474013303f,0.34172103975752555f,-0.7506237039141286f,0.623749266602926f,0f,0f,0f,1f], start_interpolation: 0, interpolation_duration: 1 }
$data merge entity $(bone_body_0) { transformation: [-0.9388052853224917f,-0.014372046151865964f,0.34414834089381213f,0.01515151515151513f,0.04562049810480623f,0.985139079349076f,0.1655891436414974f,0.4286137578260819f,-0.34141383452230567f,0.1711561819761814f,-0.9241981145664127f,0.18980863752925592f,0f,0f,0f,1f], start_interpolation: 0, interpolation_duration: 1 }
$data merge entity $(bone_leg_left_3) { transformation: [-0.9517331767504015f,0.03424028726990851f,-0.30501075882706663f,0.24501185845880186f,-0.04206712712130706f,0.9698275052995138f,0.24013530931597768f,0.026607812501999006f,0.3040301252973933f,0.24137566715018025f,-0.92157662200137f,-0.1506991403934249f,0f,0f,0f,1f], start_interpolation: 0, interpolation_duration: 1 }
$data merge entity $(bone_leg_left_2) { transformation: [-0.9771312053202224f,-0.04379444464535646f,-0.30880228902705475f,0.22374416296751495f,-0.04219352213069264f,1.02476444502838f,-0.011821099634840102f,0.26504813370668767f,0.3090251021848397f,0.0014416395440220355f,-0.9780406982307885f,-0.18010951982501947f,0f,0f,0f,1f], start_interpolation: 0, interpolation_duration: 1 }
$data merge entity $(bone_leg_left_1) { transformation: [-0.894388184598915f,0.2535109942734252f,0.3685131626310741f,0.29088292136034405f,0.350853842080785f,-0.11339843917479489f,0.9295387971945394f,0.17795459590272106f,0.27743712215024285f,0.9606627763035367f,0.012476917799343956f,0.0746854731674331f,0f,0f,0f,1f], start_interpolation: 0, interpolation_duration: 1 }
$data merge entity $(bone_leg_left_0) { transformation: [-0.9643439389999866f,0.029393879034770497f,-0.263014766105022f,0.21170526515151517f,0.09604156743702913f,0.9649323671804857f,-0.24429806403592896f,0.5878730861148581f,0.2466105931184399f,-0.26084770775828864f,-0.9333497140509648f,0.07692348655695551f,0f,0f,0f,1f], start_interpolation: 0, interpolation_duration: 1 }
$data merge entity $(bone_leg_right_3) { transformation: [-0.9912093853681458f,0.03591444110688788f,0.12733462717612432f,-0.19486948364216963f,0.050595338172217334f,0.9921911776271741f,0.11400341571215866f,0.028389275586347684f,-0.1222459247310176f,0.11944379414092732f,-0.985286310636597f,-0.04668304576765234f,0f,0f,0f,1f], start_interpolation: 0, interpolation_duration: 1 }
$data merge entity $(bone_leg_right_2) { transformation: [-1.0170579818253624f,-0.012978504203289875f,0.13223773869308436f,-0.19223017402419856f,0.0496584413277515f,0.9097005455077045f,0.471212432145605f,0.2549246876676568f,-0.12324487945108913f,0.4736440387382948f,-0.90140680259107f,0.03605638367144587f,0f,0f,0f,1f], start_interpolation: 0, interpolation_duration: 1 }
$data merge entity $(bone_leg_right_1) { transformation: [-0.9449806843571767f,-0.058049227981909646f,-0.3219344550099384f,-0.2097460199308891f,-0.3271261212422874f,0.16743725468496407f,0.9300286374862539f,0.24457200486810637f,-0.00008362307178018565f,0.9841722678851836f,-0.1772143903099156f,0.3128223547748142f,0f,0f,0f,1f], start_interpolation: 0, interpolation_duration: 1 }
$data merge entity $(bone_leg_right_0) { transformation: [-0.9561733076250296f,-0.16015395150795952f,0.2451189866203692f,-0.18140223484848483f,-0.2895687712713393f,0.6412770966844363f,-0.710572735173808f,0.5878730861148581f,-0.04338816071023732f,-0.7504094862702404f,-0.6595476255933429f,0.07692348655695545f,0f,0f,0f,1f], start_interpolation: 0, interpolation_duration: 1 }
$data merge entity $(bone_tail_4) { transformation: [-2.0452553959037543f,-0.9004458000556204f,-1.6222789705500003f,-0.6816463903303539f,-1.766676897934093f,1.6828860165369646f,1.2932164262992933f,1.0476830591727464f,0.5669607000776543f,1.9956836793706914f,-1.822488284752721f,-1.428112920082786f,0f,0f,0f,1f], start_interpolation: 0, interpolation_duration: 1 }
$data merge entity $(bone_tail_3) { transformation: [-1.6626744230647845f,-0.5505792657946781f,-1.1261979226617416f,-0.48529698995283854f,-0.9244102030998762f,1.8020476912464212f,0.48377207538543654f,0.9480187411808897f,0.8467142760905088f,0.8862460812860503f,-1.6833265708453868f,-1.1513555531973245f,0f,0f,0f,1f], start_interpolation: 0, interpolation_duration: 1 }
$data merge entity $(bone_tail_2) { transformation: [-1.5676108870482335f,-0.11597489827130204f,-1.160999485263274f,-0.27065648001337755f,-0.6164170082544096f,1.7332955262021421f,0.6591589836944485f,0.8254391620078864f,0.9906563752105514f,0.8949917970693233f,-1.4270120898002552f,-0.8851316207046989f,0f,0f,0f,1f], start_interpolation: 0, interpolation_duration: 1 }
$data merge entity $(bone_tail_1) { transformation: [-1.317850499363428f,-0.14873889765308504f,-0.7271884567651694f,-0.11109642067264984f,-0.2856540508564854f,1.469321902402939f,0.21714317937317082f,0.7610243359698129f,0.6850752327714409f,0.3265365790289868f,-1.3083203116971023f,-0.6082417605644324f,0f,0f,0f,1f], start_interpolation: 0, interpolation_duration: 1 }
$data merge entity $(bone_tail_0) { transformation: [-1.195025657026335f,-0.10679537726147532f,-0.4408448060580765f,0.015151515151515185f,-0.18325169097430324f,1.2500593734829972f,0.19392291537201667f,0.7345217123776947f,0.41493157675436365f,0.24450363340225242f,-1.1840124477594238f,-0.25634549610052343f,0f,0f,0f,1f], start_interpolation: 0, interpolation_duration: 1 }
$data merge entity $(bone_body_1) { transformation: [-1.2363675f,-6.349477955449859e-17f,1.3745475590862767e-16f,0.015151515151515157f,0f,1.122403259489422f,0.5184742212914462f,0.538381893939394f,-1.5141135014448153e-16f,0.5184742212914462f,-1.122403259489422f,-0.030325378787878762f,0f,0f,0f,1f], start_interpolation: 0, interpolation_duration: 1 }