# This file was generated by Animated Java via MC-Build. It is not recommended to edit this file directly.
$data merge entity $(bone_head_lower) { transformation: [-0.6870890933229283f,-0.3159988581076366f,0.6542578234238748f,-0.342734655413607f,-0.02487580584259512f,0.9101737180017427f,0.41347913773558864f,0.23274564632798678f,-0.7261472110532119f,0.2678218152682006f,-0.6332311609089433f,0.7893235665245993f,0f,0f,0f,1f], start_interpolation: 0, interpolation_duration: 1 }
$data merge entity $(bone_head_upper) { transformation: [-0.715190750952714f,-0.4671770537907236f,0.5947434175731747f,-0.31244696398795746f,-0.02589321593663816f,0.8332052812254229f,0.6233541876734525f,0.29441940813637724f,-0.7558463294239504f,0.41350514184589116f,-0.584107666913265f,0.7581072351529692f,0f,0f,0f,1f], start_interpolation: 0, interpolation_duration: 1 }
$data merge entity $(bone_neck_0) { transformation: [-0.6383848402920068f,-0.010212967838143822f,0.7696495897311231f,-0.2623079247041151f,0.06356455812141645f,0.995797070733145f,0.0659374011477312f,0.28249885125186713f,-0.7670882235024719f,0.09101587338055266f,-0.6350525711754871f,0.7158140522796814f,0f,0f,0f,1f], start_interpolation: 0, interpolation_duration: 1 }
$data merge entity $(bone_neck_1) { transformation: [-0.6367139169729119f,-0.13776784670578918f,0.7586932241341438f,-0.19867133002017917f,0.06680498376378134f,0.9703551577390523f,0.23226700582204937f,0.3066452200667552f,-0.768200808433142f,0.19857212358049955f,-0.6086350545765483f,0.6651694717737764f,0f,0f,0f,1f], start_interpolation: 0, interpolation_duration: 1 }
$data merge entity $(bone_neck_2) { transformation: [-0.8179882194933134f,-0.2541256744369486f,0.5160575688449158f,-0.15594886573888245f,-0.02520669352426455f,0.9120981878104842f,0.409196185703636f,0.3514238862258186f,-0.5746824300182953f,0.3217095543884215f,-0.7524912406423548f,0.6023953330151354f,0f,0f,0f,1f], start_interpolation: 0, interpolation_duration: 1 }
$data merge entity $(bone_body_0) { transformation: [-0.9226233717073369f,-0.13640658028882352f,0.36077605080339537f,0.01278409090909089f,-0.06996162319070351f,0.979044083319342f,0.19125389982405935f,0.4508877507094943f,-0.3793039483842838f,0.15121483978531366f,-0.9128321789731092f,0.17362146055328495f,0f,0f,0f,1f], start_interpolation: 0, interpolation_duration: 1 }
$data merge entity $(bone_leg_left_3) { transformation: [-0.9564035414586514f,0.03039169097080186f,-0.29046275321508025f,0.23631199756833926f,-0.03502982612804158f,0.9754525147708399f,0.2174058479173988f,0.02955415594950625f,0.2899399544160627f,0.2181025826238179f,-0.9318616240011344f,-0.156041225757738f,0f,0f,0f,1f], start_interpolation: 0, interpolation_duration: 1 }
$data merge entity $(bone_leg_left_2) { transformation: [-0.9818786775577429f,-0.04690240217811359f,-0.2928764700826517f,0.21480465570261323f,-0.03507578181744892f,1.0240501362730436f,-0.04640266619224947f,0.2667702898261726f,0.29452699636543783f,-0.03440468819473716f,-0.9819024214976099f,-0.193949168731393f,0f,0f,0f,1f], start_interpolation: 0, interpolation_duration: 1 }
$data merge entity $(bone_leg_left_1) { transformation: [-0.9026732335965209f,0.23789219886819707f,0.3585921570057756f,0.27839145033473595f,0.3563532571199694f,-0.053900605359096104f,0.9327953049205981f,0.19555821691709868f,0.2412330605211268f,0.9697948373030126f,-0.03611902617780821f,0.06662509300635149f,0f,0f,0f,1f], start_interpolation: 0, interpolation_duration: 1 }
$data merge entity $(bone_leg_left_0) { transformation: [-0.9674695879184289f,0.05966312393438098f,-0.2458513943327067f,0.2093378409090909f,0.12548663765312618f,0.9569922795236927f,-0.2615700302071308f,0.6071889606009999f,0.21967180115676738f,-0.283912114173448f,-0.933347851126312f,0.05667479431827535f,0f,0f,0f,1f], start_interpolation: 0, interpolation_duration: 1 }
$data merge entity $(bone_leg_right_3) { transformation: [-0.9923244713261397f,0.04798196658531632f,0.11397313056112515f,-0.20307820525343925f,0.05096412668204925f,0.998426410131668f,0.023395754809927893f,0.050528889291861195f,-0.11267120927208393f,0.029024721087304528f,-0.9932083186154704f,-0.04217026132361423f,0f,0f,0f,1f], start_interpolation: 0, interpolation_duration: 1 }
$data merge entity $(bone_leg_right_2) { transformation: [-1.018190377612591f,0.00018879094143567753f,0.12389721060542226f,-0.19762562115728233f,0.050182776193811555f,0.9384267595108376f,0.4109733635020216f,0.28189786966714553f,-0.11327949245695688f,0.4140258215288791f,-0.9315645845547826f,0.02572477761732206f,0f,0f,0f,1f], start_interpolation: 0, interpolation_duration: 1 }
$data merge entity $(bone_leg_right_1) { transformation: [-0.9450393823495373f,-0.048444416585704225f,-0.3233476523961107f,-0.21245835827531168f,-0.3268461959927433f,0.16566614804136875f,0.9304441367208504f,0.27104757090462994f,0.008492936681652272f,0.9849913024462731f,-0.17239490749936742f,0.3026284550687368f,0f,0f,0f,1f], start_interpolation: 0, interpolation_duration: 1 }
$data merge entity $(bone_leg_right_0) { transformation: [-0.9561733076250296f,-0.15913855411304648f,0.24577942627530808f,-0.1837696590909091f,-0.2905895440785032f,0.6187370105342016f,-0.7298782286569774f,0.6071889606009999f,-0.0359210614773324f,-0.7693110114836575f,-0.6378638137975325f,0.056674794318275296f,0f,0f,0f,1f], start_interpolation: 0, interpolation_duration: 1 }
$data merge entity $(bone_tail_4) { transformation: [-1.627429782701695f,-0.8655328195254548f,-2.056206840835773f,-0.6132630525960772f,-1.7731565915174818f,2.0464168997725287f,0.5419916105287031f,0.8706626167147312f,1.353901523720842f,1.6397231907397383f,-1.761794498066297f,-1.5180310900001106f,0f,0f,0f,1f], start_interpolation: 0, interpolation_duration: 1 }
$data merge entity $(bone_tail_3) { transformation: [-1.3979091416358311f,-0.8360347738873791f,-1.2972437760985778f,-0.3851171900784481f,-1.097899140008835f,1.7688135129394513f,0.04314812690143147f,0.8460370600378772f,1.0846257585652652f,0.7129446958483674f,-1.6282635998396717f,-1.2489144780839976f,0f,0f,0f,1f], start_interpolation: 0, interpolation_duration: 1 }
$data merge entity $(bone_tail_2) { transformation: [-1.6065248120426663f,-0.5110029757673935f,-0.9882954325761711f,-0.2027047591039992f,-0.7804217325990845f,1.7547566463979447f,0.36130998631653916f,0.7787107931975522f,0.7929652089348531f,0.6917217256107281f,-1.646663628899296f,-0.9420523546662029f,0f,0f,0f,1f], start_interpolation: 0, interpolation_duration: 1 }
$data merge entity $(bone_tail_1) { transformation: [-1.319937420314796f,-0.44023806656784314f,-0.5929687185656001f,-0.06846201994075793f,-0.4938698794406314f,1.4290829345968712f,0.038350465776727766f,0.753460967694879f,0.5491029035017195f,0.22708734176215772f,-1.390889496177672f,-0.6460489589207103f,0f,0f,0f,1f], start_interpolation: 0, interpolation_duration: 1 }
$data merge entity $(bone_tail_0) { transformation: [-1.231117296972776f,-0.18000056517211124f,-0.2928919838715183f,0.012784090909090946f,-0.21456217130853247f,1.2531757327019508f,0.1317170231759149f,0.7452115549011715f,0.2686056446202149f,0.17602867973338063f,-1.2372148674234031f,-0.28025813350116224f,0f,0f,0f,1f], start_interpolation: 0, interpolation_duration: 1 }
$data merge entity $(bone_body_1) { transformation: [-1.2363675f,-5.993602812797158e-17f,1.3904340863492158e-16f,0.012784090909090919f,0f,1.135375593450528f,0.4894148106188771f,0.5549538636363637f,-1.5141135014448153e-16f,0.4894148106188771f,-1.135375593450528f,-0.0492647727272727f,0f,0f,0f,1f], start_interpolation: 0, interpolation_duration: 1 }