# This file was generated by Animated Java via MC-Build. It is not recommended to edit this file directly.
$data merge entity $(bone_head_lower) { transformation: [-0.9686408960344098f,0.24493317149289912f,-0.04174393407533974f,0.19880502363809988f,0.1543459289871647f,0.724824460692446f,0.6714215035184633f,0.5729170075098883f,0.19471042276864717f,0.6439233205004574f,-0.7398990529666324f,0.7599459958891183f,0f,0f,0f,1f], start_interpolation: 0, interpolation_duration: 1 }
$data merge entity $(bone_head_upper) { transformation: [-1.0082579050818439f,0.25561293172324695f,0.03936964007107323f,0.20694579162980514f,0.160658613171936f,0.4948574226408371f,0.9015413933117243f,0.6462286616790314f,0.20267399793054203f,0.8793464067002387f,-0.5187919526840561f,0.7439902523688038f,0f,0f,0f,1f], start_interpolation: 0, interpolation_duration: 1 }
$data merge entity $(bone_neck_0) { transformation: [-0.9386737100734706f,-0.3313379880891517f,-0.09542957437786165f,0.20645668216806273f,-0.34388989613777066f,0.9197782628049587f,0.18907058630534138f,0.6436357139300064f,0.025127780468238103f,0.21029285513427562f,-0.9773154607025382f,0.6773736354612923f,0f,0f,0f,1f], start_interpolation: 0, interpolation_duration: 1 }
$data merge entity $(bone_neck_1) { transformation: [-0.9310584607849629f,-0.028487624427380433f,-0.36375623411183f,0.17551051591343414f,-0.021404854867774672f,0.9994949352307491f,-0.02348843622231911f,0.6462504833259918f,0.3642416434028726f,-0.014082957876986185f,-0.9311979894247031f,0.5984240653568392f,0f,0f,0f,1f], start_interpolation: 0, interpolation_duration: 1 }
$data merge entity $(bone_neck_2) { transformation: [-0.9178875349720361f,0.051098163378525324f,-0.39353710224361416f,0.14153399718445459f,0.026151865453184646f,0.9973084896567381f,0.06849712688802456f,0.6620156188013799f,0.39597797044315197f,0.052580929603204485f,-0.9167533434712878f,0.5186243969825747f,0f,0f,0f,1f], start_interpolation: 0, interpolation_duration: 1 }
$data merge entity $(bone_body_0) { transformation: [-0.9570155505354684f,-0.03738507046070802f,-0.28761709361569987f,0.005624999999999991f,0.008360274386818467f,0.987690073600398f,-0.15619994981886956f,0.5978081507651942f,0.2899160944919606f,-0.1518903387904845f,-0.9449222100980801f,0.07183915748173461f,0f,0f,0f,1f], start_interpolation: 0, interpolation_duration: 1 }
$data merge entity $(bone_leg_left_3) { transformation: [-0.9714217573469267f,-0.03372435896727234f,-0.23495198863864725f,0.25055452191894156f,-0.050454678311968676f,0.9965720727560726f,0.06556240720947182f,0.038832221515345294f,0.23193554016028736f,0.07554317583284012f,-0.9697933459225446f,-0.1358158231127849f,0f,0f,0f,1f], start_interpolation: 0, interpolation_duration: 1 }
$data merge entity $(bone_leg_left_2) { transformation: [-0.997114263783168f,-0.11284027514306358f,-0.21234975103936982f,0.2161421577531843f,-0.05161189081847898f,0.9850767781425035f,-0.2811087928031072f,0.25968459784597364f,0.23486497650136362f,-0.2625890572181497f,-0.9633003837552394f,-0.22643088327197386f,0f,0f,0f,1f], start_interpolation: 0, interpolation_duration: 1 }
$data merge entity $(bone_leg_left_1) { transformation: [-0.9552426824123442f,0.14357177895170145f,0.25864756327155464f,0.26045268169562674f,0.2940681468898063f,0.365755728743914f,0.8830326561774504f,0.3063597078300782f,0.032176741327617636f,0.9195704927734752f,-0.3916053704150181f,0.04351614344935091f,0f,0f,0f,1f], start_interpolation: 0, interpolation_duration: 1 }
$data merge entity $(bone_leg_left_0) { transformation: [-0.9819362294099659f,0.11053576547285435f,-0.15356785446006863f,0.20217875000000002f,0.17659558226530925f,0.8267936913277991f,-0.5340657190879493f,0.6949958309849814f,0.06793557018613346f,-0.5515378831339531f,-0.8313788076271866f,-0.09745687250871622f,0f,0f,0f,1f], start_interpolation: 0, interpolation_duration: 1 }
$data merge entity $(bone_leg_right_3) { transformation: [-0.9936304521665648f,-0.006350993479930848f,0.11250861926575169f,-0.1823122025629022f,-0.0029186845551610026f,0.9995260531671462f,0.03064555955721987f,0.016655662351620998f,-0.11264992591091864f,0.03012198403036448f,-0.993178060707313f,-0.10956808969119515f,0f,0f,0f,1f], start_interpolation: 0, interpolation_duration: 1 }
$data merge entity $(bone_leg_right_2) { transformation: [-1.0195102759697736f,0.01831791312980379f,0.11102004661906531f,-0.17302966079097995f,-0.0033960852634924653f,1.0065474718945766f,-0.19726341000858377f,0.24518936228436974f,-0.11246983283358059f,-0.19644042451058902f,-1.0004118630949856f,-0.1861007917166465f,0f,0f,0f,1f], start_interpolation: 0, interpolation_duration: 1 }
$data merge entity $(bone_leg_right_1) { transformation: [-0.9385123542798572f,-0.04680949365393018f,-0.34205764451031095f,-0.18629594277712094f,-0.32512778517431856f,0.4530986044173003f,0.8300563703645298f,0.3177838935538041f,0.116131322956908f,0.8902306026973897f,-0.4404577049494317f,0.081420096162788f,0f,0f,0f,1f], start_interpolation: 0, interpolation_duration: 1 }
$data merge entity $(bone_leg_right_0) { transformation: [-0.9561733076250295f,-0.27303927192739635f,0.10574574114718732f,-0.19092874999999998f,-0.2810465605649524f,0.7545398618182255f,-0.5930281845932317f,0.6949958309849814f,0.08213060684069692f,-0.5967571976211856f,-0.7982076236840189f,-0.09745687250871626f,0f,0f,0f,1f], start_interpolation: 0, interpolation_duration: 1 }
$data merge entity $(bone_tail_4) { transformation: [-2.496465250758861f,0.637442192837567f,-0.9934737209126026f,-0.6987257028155303f,0.4079177529223915f,2.646878731329238f,0.6732736591369584f,0.5113134409361167f,1.1076667776024722f,0.46191099145545006f,-2.487041189318826f,-1.6000656077355002f,0f,0f,0f,1f], start_interpolation: 0, interpolation_duration: 1 }
$data merge entity $(bone_tail_3) { transformation: [-1.4330266522247865f,0.1057267516979315f,-1.5070507602709569f,-0.4442202048871414f,0.06152036606619831f,2.079548863011684f,0.08739162974987323f,0.4761450318086485f,1.5095017007664966f,0.015617501934109842f,-1.4342615643810708f,-1.357020677818352f,0f,0f,0f,1f], start_interpolation: 0, interpolation_duration: 1 }
$data merge entity $(bone_tail_2) { transformation: [-1.371681023522336f,-0.07807869228172358f,-1.3896649821172977f,-0.18691738164944297f,0.13454693700602607f,1.934515494149773f,-0.24149699716463086f,0.5215986097293621f,1.3853382859265058f,-0.2651931290754214f,-1.3525103743928082f,-1.10463067528803f,0f,0f,0f,1f], start_interpolation: 0, interpolation_duration: 1 }
$data merge entity $(bone_tail_1) { transformation: [-1.391808769068206f,-0.04129856203097644f,-0.590609032371686f,-0.05799038007635693f,0.06597202163968674f,1.4886011515349649f,-0.2595583826609156f,0.5591930386965572f,0.5883640817602808f,-0.26460780491692065f,-1.368015594527866f,-0.8075765317807695f,0f,0f,0f,1f], start_interpolation: 0, interpolation_duration: 1 }
$data merge entity $(bone_tail_0) { transformation: [-1.2586546301947446f,-0.032513715275050425f,-0.220379438225011f,0.005625000000000057f,0.02769676626662779f,1.2318751760947835f,-0.33992963425368733f,0.6882557209174517f,0.22103648479771446f,-0.3395027620277732f,-1.2123186311971828f,-0.4615016572572491f,0f,0f,0f,1f], start_interpolation: 0, interpolation_duration: 1 }
$data merge entity $(bone_body_1) { transformation: [-1.2363675f,4.735586762954708e-20f,1.514113427388998e-16f,0.0056250000000000215f,0f,1.2363674395288362f,-0.00038669000451818495f,0.6050675000000001f,-1.5141135014448153e-16f,-0.00038669000451818495f,-1.2363674395288362f,-0.17403749999999998f,0f,0f,0f,1f], start_interpolation: 0, interpolation_duration: 1 }