# This file was generated by Animated Java via MC-Build. It is not recommended to edit this file directly.
$data merge entity $(bone_head_lower) { transformation: [-0.8809584715828439f,-0.3104453300016909f,0.35712164373860145f,-0.22662112192899916f,-0.19088594360022498f,0.9237241339378757f,0.33210883896182836f,0.2377211099943879f,-0.4329835191808933f,0.2244045932258591f,-0.8730222509517532f,0.824160532629199f,0f,0f,0f,1f], start_interpolation: 0, interpolation_duration: 1 }
$data merge entity $(bone_head_upper) { transformation: [-0.9180688953396411f,-0.46096404034126065f,0.16773073512513653f,-0.22569402745968037f,-0.19323874090317816f,0.6670024844366572f,0.7753956521370161f,0.3060922210999662f,-0.4508660943201567f,0.6527570618929334f,-0.6738693684423562f,0.7922232792433724f,0f,0f,0f,1f], start_interpolation: 0, interpolation_duration: 1 }
$data merge entity $(bone_neck_0) { transformation: [-0.8456875335592404f,-0.1295093448780027f,0.5177257238845286f,-0.18984146913590144f,-0.02729914710837359f,0.9793359737995184f,0.20038913890055088f,0.3031621204781036f,-0.5329796920611929f,0.15533312593075393f,-0.8317477188660853f,0.7360917833940485f,0f,0f,0f,1f], start_interpolation: 0, interpolation_duration: 1 }
$data merge entity $(bone_neck_1) { transformation: [-0.7323923311834162f,-0.20678519390351324f,0.6487228659497117f,-0.13583876144250956f,0.01469143171259607f,0.9477460439913545f,0.3186873043172125f,0.3345252654810533f,-0.6807243458683957f,0.24293480541294182f,-0.6910839639732793f,0.6786670714501714f,0f,0f,0f,1f], start_interpolation: 0, interpolation_duration: 1 }
$data merge entity $(bone_neck_2) { transformation: [-0.8880539668073201f,-0.2569276588818169f,0.3812457608148475f,-0.1049542558121626f,-0.09073943712315899f,0.9109068019215502f,0.40251105918176466f,0.378706600005883f,-0.45069558083961214f,0.32285751704825233f,-0.8322478699865095f,0.6089168930581788f,0f,0f,0f,1f], start_interpolation: 0, interpolation_duration: 1 }
$data merge entity $(bone_body_0) { transformation: [-0.9537120030613319f,-0.1683207621986862f,0.2492017982069862f,0.010890151515151497f,-0.12667497563648622f,0.9764340118295155f,0.17472856403580161f,0.47035727150903206f,-0.27273955665476496f,0.135073097082176f,-0.9525588657297728f,0.1612662118265625f,0f,0f,0f,1f], start_interpolation: 0, interpolation_duration: 1 }
$data merge entity $(bone_leg_left_3) { transformation: [-0.9612664370305223f,0.026528705529033046f,-0.2743411467891722f,0.22775750826316227f,-0.02761515650986895f,0.9810784716856562f,0.19163098790611158f,0.02856550566334859f,0.27423391506081035f,0.1917844106748269f,-0.9423452125694327f,-0.1554075135596515f,0f,0f,0f,1f], start_interpolation: 0, interpolation_duration: 1 }
$data merge entity $(bone_leg_left_2) { transformation: [-0.9868184253748713f,-0.04948074717826337f,-0.2753239010693299f,0.20618394750678523f,-0.027583372832745316f,1.0218192341243388f,-0.08477505421651645f,0.2640873643839154f,0.2783716084382945f,-0.07415731880889662f,-0.9844146175180692f,-0.20268443823877896f,0f,0f,0f,1f], start_interpolation: 0, interpolation_duration: 1 }
$data merge entity $(bone_leg_left_1) { transformation: [-0.9107730411595737f,0.2201663022931993f,0.3493125632316719f,0.26560863755904873f,0.3605026904511343f,0.011522400092884133f,0.932687002414847f,0.21057178298780876f,0.20132132940757902f,0.9753942964927768f,-0.08986483569742959f,0.06305636483781805f,0f,0f,0f,1f], start_interpolation: 0, interpolation_duration: 1 }
$data merge entity $(bone_leg_left_0) { transformation: [-0.9695737692691141f,0.09195423646525863f,-0.22687248476043514f,0.20744390151515152f,0.1556028392693883f,0.9469562212628975f,-0.28117907358621f,0.6233601228797634f,0.18898270385563726f,-0.3079258569974041f,-0.9324522530595477f,0.04003618902091774f,0f,0f,0f,1f], start_interpolation: 0, interpolation_duration: 1 }
$data merge entity $(bone_leg_right_3) { transformation: [-0.9919463123228107f,0.042142303898275744f,0.11944262091616373f,-0.1984045988572986f,0.043677554940905396f,0.9989929566264428f,0.010263713029037336f,0.040820390083817465f,-0.11888980050265549f,0.015398013927244658f,-0.9927880521559146f,-0.05055545350065647f,0f,0f,0f,1f], start_interpolation: 0, interpolation_duration: 1 }
$data merge entity $(bone_leg_right_2) { transformation: [-1.0178149517661477f,0.0041899112498858596f,0.126875403864133f,-0.19192790234269425f,0.04295706049602863f,0.9760317734055086f,0.3123761638747946f,0.2779191593179686f,-0.11945549135769912f,0.3152881562115996f,-0.9687032381683643f,-0.006814190419624333f,0f,0f,0f,1f], start_interpolation: 0, interpolation_duration: 1 }
$data merge entity $(bone_leg_right_1) { transformation: [-0.943947995974779f,-0.053613920117654895f,-0.32571111197626723f,-0.20801794734844134f,-0.32977549821682683f,0.19651697318222439f,0.9233792287176166f,0.2757664230004178f,0.014501781650624416f,0.9790335166994615f,-0.2031823602285469f,0.2702234637680795f,0f,0f,0f,1f], start_interpolation: 0, interpolation_duration: 1 }
$data merge entity $(bone_leg_right_0) { transformation: [-0.9561733076250296f,-0.17803360713301067f,0.23245782524281564f,-0.18566359848484848f,-0.29147281390897345f,0.6542911201915991f,-0.6978156839670541f,0.6233601228797634f,-0.027860447544781272f,-0.7349878670900843f,-0.6775076609847104f,0.04003618902091771f,0f,0f,0f,1f], start_interpolation: 0, interpolation_duration: 1 }
$data merge entity $(bone_tail_4) { transformation: [-1.0076658122179938f,-0.8458985741150248f,-2.4279057940532245f,-0.5451194434779155f,-1.4893713478568718f,2.3176671643447087f,-0.1893495051521425f,0.7355571880622447f,2.0957203846577563f,1.2403773011582102f,-1.3019529759946864f,-1.5335667456844444f,0f,0f,0f,1f], start_interpolation: 0, interpolation_duration: 1 }
$data merge entity $(bone_tail_3) { transformation: [-0.9902724094862401f,-1.0451369029195359f,-1.504325408683414f,-0.27981396010383836f,-1.1670453228620477f,1.6780561556956846f,-0.3975905918933225f,0.7865527629691276f,1.4118467676913733f,0.6540351049691635f,-1.3837891140169591f,-1.3053274956279972f,0f,0f,0f,1f], start_interpolation: 0, interpolation_duration: 1 }
$data merge entity $(bone_tail_2) { transformation: [-1.4822759043789027f,-0.8656503509563205f,-0.9339601105987778f,-0.10749486094341903f,-1.0323277430873121f,1.6560071291636032f,0.10350697567967665f,0.7669417443573253f,0.7456081069521294f,0.5718948618857286f,-1.713411419595055f,-0.9861206348265888f,0f,0f,0f,1f], start_interpolation: 0, interpolation_duration: 1 }
$data merge entity $(bone_tail_1) { transformation: [-1.2899226616750854f,-0.6807225087895595f,-0.40046553275445723f,-0.01176566098911392f,-0.7001905699780373f,1.3404666316130636f,-0.023208301225185215f,0.7562190344492822f,0.36536138631619847f,0.1655968766588785f,-1.4583363747194713f,-0.6746762244301832f,0f,0f,0f,1f], start_interpolation: 0, interpolation_duration: 1 }
$data merge entity $(bone_tail_0) { transformation: [-1.2526401388540258f,-0.23521990466948606f,-0.0969535742666169f,0.010890151515151554f,-0.2436854217051499f,1.2492489464365042f,0.11760187778983522f,0.7519996348563477f,0.07311507617569563f,0.13373250486919758f,-1.2690963396690025f,-0.3005895738696105f,0f,0f,0f,1f], start_interpolation: 0, interpolation_duration: 1 }
$data merge entity $(bone_body_1) { transformation: [-1.2363675f,-5.606273352084177e-17f,1.406498022136749e-16f,0.010890151515151525f,0f,1.1484927924655564f,0.45778695996163815f,0.5682114393939395f,-1.5141135014448153e-16f,0.45778695996163815f,-1.1484927924655564f,-0.06441628787878786f,0f,0f,0f,1f], start_interpolation: 0, interpolation_duration: 1 }