# This file was generated by Animated Java via MC-Build. It is not recommended to edit this file directly.
$data merge entity $(bone_head_lower) { transformation: [-0.9352063459400186f,-0.2892881147537155f,0.20420939541499836f,-0.1769516211634494f,-0.22894241808331237f,0.9339225863581367f,0.2745432058753124f,0.2486915039054432f,-0.27013785317071703f,0.21000235558766817f,-0.9396406498933232f,0.83842159745318f,0f,0f,0f,1f], start_interpolation: 0, interpolation_duration: 1 }
$data merge entity $(bone_head_upper) { transformation: [-0.9750878061944868f,-0.3638808169876103f,0.016323719636138777f,-0.1842998496390249f,-0.23154667587487995f,0.6552369181630252f,0.7749339717363158f,0.3167547034212467f,-0.2811793905776584f,0.7223069116990072f,-0.6947537824364303f,0.8066590266860092f,0f,0f,0f,1f], start_interpolation: 0, interpolation_duration: 1 }
$data merge entity $(bone_neck_0) { transformation: [-0.9182455113216554f,-0.13063201096559884f,0.3738455010411592f,-0.15770918802755102f,-0.05756930199062338f,0.9780317623608257f,0.20034881402616217f,0.3138529461582397f,-0.3918047427047613f,0.1624473746308661f,-0.9055936694067572f,0.7455914184624381f,0f,0f,0f,1f], start_interpolation: 0, interpolation_duration: 1 }
$data merge entity $(bone_neck_1) { transformation: [-0.7765875317218321f,-0.1989237524557562f,0.5977801822435346f,-0.10798577758872634f,0.0009826647066888544f,0.9484597045288641f,0.31689623420781443f,0.34506765176001697f,-0.6300086030716301f,0.24668508182283896f,-0.7363665055268285f,0.6843479579702534f,0f,0f,0f,1f], start_interpolation: 0, interpolation_duration: 1 }
$data merge entity $(bone_neck_2) { transformation: [-0.9134347968443198f,-0.24117993504409496f,0.32782481731269575f,-0.08162716720754543f,-0.10015899040379686f,0.9139369611967124f,0.39330320059695806f,0.3884719759670316f,-0.39446805771224164f,0.3264222264041544f,-0.8589781612789039f,0.6122909063163999f,0f,0f,0f,1f], start_interpolation: 0, interpolation_duration: 1 }
$data merge entity $(bone_body_0) { transformation: [-0.9661703694814827f,-0.16450873068250582f,0.1986245067086282f,0.01041666666666665f,-0.1325680058229676f,0.9773993988735017f,0.16466978749557903f,0.47539118032551353f,-0.2212250911812147f,0.1327678146651074f,-0.9661429327076377f,0.1582161445617415f,0f,0f,0f,1f], start_interpolation: 0, interpolation_duration: 1 }
$data merge entity $(bone_leg_left_3) { transformation: [-0.9625703790109795f,0.025524201958900677f,-0.2698273161950448f,0.22547885859387973f,-0.02561326260968124f,0.9825336161757656f,0.1843140088627579f,0.028052513800406992f,0.2698188767101865f,0.18432636327702706f,-0.9451039972256593f,-0.15464592772518573f,0f,0f,0f,1f], start_interpolation: 0, interpolation_duration: 1 }
$data merge entity $(bone_leg_left_2) { transformation: [-0.9881423106210341f,-0.05004201966724491f,-0.2704307115119164f,0.20392363366299743f,-0.02556186988761379f,1.0209238841580528f,-0.09551551216518712f,0.26303687560104544f,0.2738312697064872f,-0.08527847632288199f,-0.9847873967043219f,-0.20453374240313438f,0f,0f,0f,1f], start_interpolation: 0, interpolation_duration: 1 }
$data merge entity $(bone_leg_left_1) { transformation: [-0.912842763435566f,0.2151464864022308f,0.3470303713395904f,0.2621468553193706f,0.3613055318444197f,0.029709204330933464f,0.9319740746590778f,0.21448390250534816f,0.19020095136970322f,0.9761297826451143f,-0.10485344787493725f,0.06242327833857046f,0f,0f,0f,1f], start_interpolation: 0, interpolation_duration: 1 }
$data merge entity $(bone_leg_left_0) { transformation: [-0.9699234597067721f,0.10076759080022342f,-0.22157250496116254f,0.20697041666666668f,0.16357325268329956f,0.9439387331057899f,-0.2867463324076555f,0.6274674529431015f,0.18025613253659667f,-0.31436533012874524f,-0.9320312043574475f,0.035825792557295f,0f,0f,0f,1f], start_interpolation: 0, interpolation_duration: 1 }
$data merge entity $(bone_leg_right_3) { transformation: [-0.9918056805194929f,0.040880486032131846f,0.12103833256882725f,-0.1973306921995933f,0.04166053364627829f,0.99912413308359f,0.003920028861046754f,0.03867839806891707f,-0.12077206641261332f,0.008930428418659486f,-0.9926400936002365f,-0.05153074370756963f,0f,0f,0f,1f], start_interpolation: 0, interpolation_duration: 1 }
$data merge entity $(bone_leg_right_2) { transformation: [-1.0176750000261658f,0.005439512284005604f,0.12794610399910467f,-0.19052984318638588f,0.04096179789475329f,0.9847648366536745f,0.28394109794882627f,0.2769371561719144f,-0.12133393975169086f,0.28682891712180564f,-0.9772765457472924f,-0.014685327358550826f,0f,0f,0f,1f], start_interpolation: 0, interpolation_duration: 1 }
$data merge entity $(bone_leg_right_1) { transformation: [-0.9436905190728467f,-0.05521034528196264f,-0.3261901623070007f,-0.2070230521744606f,-0.3304311948023164f,0.20566979185132256f,0.9211488274005166f,0.2773761881757178f,0.016230517968772406f,0.9770628201368015f,-0.2123318529867465f,0.262336633806879f,0f,0f,0f,1f], start_interpolation: 0, interpolation_duration: 1 }
$data merge entity $(bone_leg_right_0) { transformation: [-0.9561733076250296f,-0.1824964018069705f,0.2289708914096274f,-0.18613708333333331f,-0.2916763055432978f,0.6621561985100846f,-0.6902710348546333f,0.6274674529431015f,-0.025642514892719792f,-0.7268041222380226f,-0.6863659587478056f,0.035825792557294955f,0f,0f,0f,1f], start_interpolation: 0, interpolation_duration: 1 }
$data merge entity $(bone_tail_4) { transformation: [-0.8018895680437944f,-0.8485919890384199f,-2.502503963713615f,-0.5380350713904576f,-1.3581980772313444f,2.3756656496797923f,-0.37036743314790516f,0.6983044264582882f,2.2667007820326917f,1.1232834409316768f,-1.1072322284241358f,-1.5208993529745496f,0f,0f,0f,1f], start_interpolation: 0, interpolation_duration: 1 }
$data merge entity $(bone_tail_3) { transformation: [-0.8505212813085488f,-1.0805664124009604f,-1.5636288896271475f,-0.2623272035920145f,-1.1480881212891694f,1.6572890098639816f,-0.5207997019807268f,0.7703949361763313f,1.5147451078780263f,0.6493957901152623f,-1.2727049508761268f,-1.3114504726304554f,0f,0f,0f,1f], start_interpolation: 0, interpolation_duration: 1 }
$data merge entity $(bone_tail_2) { transformation: [-1.4156506954129195f,-0.9403709394674918f,-0.9645773581132415f,-0.08428493929319715f,-1.0905512938363011f,1.6214439356572246f,0.019781659059767035f,0.7662969935316836f,0.7908254289611986f,0.5526263970606305f,-1.6994037428412645f,-0.994818757607194f,0f,0f,0f,1f], start_interpolation: 0, interpolation_duration: 1 }
$data merge entity $(bone_tail_1) { transformation: [-1.2784659580865574f,-0.727590177624108f,-0.3518431148093427f,0.001543222222646367f,-0.7413433055722515f,1.3179755599266052f,-0.0317297450251296f,0.7577222495394462f,0.3218557864898948f,0.14563381084443022f,-1.4706651202234655f,-0.6804357468462656f,0f,0f,0f,1f], start_interpolation: 0, interpolation_duration: 1 }
$data merge entity $(bone_tail_0) { transformation: [-1.253382306928304f,-0.24556804572568566f,-0.05064429071058039f,0.010416666666666708f,-0.24929058517355396f,1.2481540445069692f,0.117479368013067f,0.7535122282167193f,0.02688332953592746f,0.12507410876512423f,-1.2717977317536386f,-0.30576862925393905f,0f,0f,0f,1f], start_interpolation: 0, interpolation_duration: 1 }
$data merge entity $(bone_body_1) { transformation: [-1.2363675f,-5.499124019929389e-17f,1.410721817153132e-16f,0.010416666666666678f,0f,1.1519417828351255f,0.44903755301186377f,0.5715258333333333f,-1.5141135014448153e-16f,0.44903755301186377f,-1.1519417828351255f,-0.06820416666666664f,0f,0f,0f,1f], start_interpolation: 0, interpolation_duration: 1 }