# This file was generated by Animated Java via MC-Build. It is not recommended to edit this file directly.
$data merge entity $(bone_head_lower) { transformation: [-0.962365422220661f,-0.263687654508522f,0.0657389912749158f,-0.1259039224626662f,-0.24627597857802852f,0.9484956113637855f,0.1992591719321174f,0.26228509431740826f,-0.11489532840583018f,0.17557020272082913f,-0.977739314657585f,0.8499034856283614f,0f,0f,0f,1f], start_interpolation: 0, interpolation_duration: 1 }
$data merge entity $(bone_head_upper) { transformation: [-1.0035747692858101f,-0.25584746139881537f,-0.10417150057583999f,-0.1391417566971555f,-0.24907090736101095f,0.6682967684488086f,0.7581655854566003f,0.329480140923188f,-0.11947095104167899f,0.755905713935388f,-0.705553106492017f,0.8182010890592668f,0f,0f,0f,1f], start_interpolation: 0, interpolation_duration: 1 }
$data merge entity $(bone_neck_0) { transformation: [-0.9629486927432009f,-0.11829776063787689f,0.24235398691216964f,-0.12123934622989255f,-0.07596301683689093f,0.9812493416367367f,0.1771421734384817f,0.3250315148918311f,-0.2587652125329035f,0.15216888435397855f,-0.9538790255673237f,0.7541351099424871f,0f,0f,0f,1f], start_interpolation: 0, interpolation_duration: 1 }
$data merge entity $(bone_neck_1) { transformation: [-0.8219858144073222f,-0.1864025291684659f,0.5381388464260228f,-0.07651065601681209f,-0.01079569488158627f,0.9498490903043327f,0.3125222529997749f,0.3558820876033784f,-0.5694056321157661f,0.25107927586248696f,-0.7827748228879198f,0.688980499363319f,0f,0f,0f,1f], start_interpolation: 0, interpolation_duration: 1 }
$data merge entity $(bone_neck_2) { transformation: [-0.9377957532108059f,-0.2209237267470775f,0.2678279899860354f,-0.0552098967462936f,-0.10670078807207499f,0.9174837488477318f,0.3831951362231917f,0.39843559482861407f,-0.3303847258645221f,0.3307813138018756f,-0.8839850990570655f,0.6147753305981185f,0f,0f,0f,1f], start_interpolation: 0, interpolation_duration: 1 }
$data merge entity $(bone_body_0) { transformation: [-0.9773036393798674f,-0.15771836554683144f,0.14143024296133463f,0.009943181818181804f,-0.13561117237818815f,0.9786743279445747f,0.15429248117924782f,0.4804761589281711f,-0.16274890592897834f,0.13161108232770996f,-0.9778503549252562f,0.1551718853337006f,0f,0f,0f,1f], start_interpolation: 0, interpolation_duration: 1 }
$data merge entity $(bone_leg_left_3) { transformation: [-0.9638937178994897f,0.024520463300832948f,-0.2651558927751962f,0.2231623190029643f,-0.023576206309298124f,0.9839826108363119f,0.1766985683807781f,0.027480491263795453f,0.26524151841286114f,0.1765700100562596f,-0.9478765576058797f,-0.15366747559532234f,0f,0f,0f,1f], start_interpolation: 0, interpolation_duration: 1 }
$data merge entity $(bone_leg_left_2) { transformation: [-0.9894855780236005f,-0.05054977375455867f,-0.2653774872843557f,0.2016428206783678f,-0.02350551664121296f,1.0198728937559882f,-0.10662537582541372f,0.2618797143598016f,0.26912447133515194f,-0.09677913233669741f,-0.9850218362926915f,-0.20625062375004988f,0f,0f,0f,1f], start_interpolation: 0, interpolation_duration: 1 }
$data merge entity $(bone_leg_left_1) { transformation: [-0.9148953616180165f,0.20993204815984473f,0.3448115607766818f,0.2586079985828742f,0.36197360050162386f,0.04845979949929677f,0.9309279028863505f,0.2184628720380798f,0.17872210224180296f,0.9765143025004297f,-0.12032550511994503f,0.06186004737082207f,0f,0f,0f,1f], start_interpolation: 0, interpolation_duration: 1 }
$data merge entity $(bone_leg_left_0) { transformation: [-0.9701801929049193f,0.10978638431738984f,-0.2160956804600402f,0.20649693181818182f,0.17161320433841334f,0.940728096340872f,-0.29253983805899103f,0.6315923001093287f,0.17117038701736761f,-0.32090122868788323f,-0.9315165591845007f,0.03159800932607634f,0f,0f,0f,1f], start_interpolation: 0, interpolation_duration: 1 }
$data merge entity $(bone_leg_right_3) { transformation: [-0.991641370255685f,0.03935367420568719f,0.1228766907266793f,-0.19611795369205762f,0.03949612650821564f,0.9992189072787472f,-0.0012772343223423632f,0.036316617449234256f,-0.12283097650134693f,0.003586594928306347f,-0.9924211240942763f,-0.05277073979532388f,0f,0f,0f,1f], start_interpolation: 0, interpolation_duration: 1 }
$data merge entity $(bone_leg_right_2) { transformation: [-1.0175112462559293f,0.006695020664673588f,0.12918297078833396f,-0.1889864768183977f,0.03881939282083305f,0.9929176424481494f,0.25430259447541226f,0.2755631439141825f,-0.12339415701086442f,0.2571612947435978f,-0.9852431933294794f,-0.023083812064874587f,0f,0f,0f,1f], start_interpolation: 0, interpolation_duration: 1 }
$data merge entity $(bone_leg_right_1) { transformation: [-0.9434145861381904f,-0.057002154426950113f,-0.32667977141597415f,-0.2059350019491722f,-0.3311294994267744f,0.21524878130411523f,0.9187062733847351f,0.27872012474127233f,0.017949185805510883f,0.9748942078696436f,-0.22194393479241575f,0.2538930220345038f,0f,0f,0f,1f], start_interpolation: 0, interpolation_duration: 1 }
$data merge entity $(bone_leg_right_0) { transformation: [-0.9561733076250295f,-0.1872814758761308f,0.2250738869328667f,-0.18661056818181818f,-0.2918676069298519f,0.6709761700884151f,-0.6816188665218441f,0.6315923001093287f,-0.02336462733390153f,-0.7174375429033113f,-0.6962309000772713f,0.031598009326076315f,0f,0f,0f,1f], start_interpolation: 0, interpolation_duration: 1 }
$data merge entity $(bone_tail_4) { transformation: [-0.6203454591855418f,-0.8586947126518726f,-2.550191411116349f,-0.5291538351909331f,-1.2069952517201117f,2.4278315854960932f,-0.5238869977319807f,0.6632037967043051f,2.404993826435524f,0.9969646505926087f,-0.9207211911734056f,-1.5072014070070845f,0f,0f,0f,1f], start_interpolation: 0, interpolation_duration: 1 }
$data merge entity $(bone_tail_3) { transformation: [-0.7252895249530733f,-1.1076531614025609f,-1.6071730165332856f,-0.2457974275006169f,-1.1099773046235324f,1.6443807047198538f,-0.6323828011656851f,0.7543409944877226f,1.605568751022038f,0.6364448900135756f,-1.1631992149935388f,-1.3161939180549724f,0f,0f,0f,1f], start_interpolation: 0, interpolation_duration: 1 }
$data merge entity $(bone_tail_2) { transformation: [-1.3517876002237932f,-1.0046476738482717f,-0.9910233147182921f,-0.06280698921875792f,-1.1339351551067953f,1.5901878881930387f,-0.06532548706185158f,0.7660247669756116f,0.8400209657484168f,0.529867348190277f,-1.682967392859314f,-1.0025867227819605f,0f,0f,0f,1f], start_interpolation: 0, interpolation_duration: 1 }
$data merge entity $(bone_tail_1) { transformation: [-1.2679931183133322f,-0.7657839647550712f,-0.3056544147138016f,0.013538753499440448f,-0.7748169095517996f,1.2983907217073003f,-0.03868514517220642f,0.7592181316490749f,0.28197244294900686f,0.12414790819180303f,-1.4807886710496434f,-0.6857244904424682f,0f,0f,0f,1f], start_interpolation: 0, interpolation_duration: 1 }
$data merge entity $(bone_tail_0) { transformation: [-1.252753775112252f,-0.2537103104365595f,-0.00864719053874334f,0.009943181818181861f,-0.25342029309625463f,1.2473152043416678f,0.11755276538278485f,0.7549664192015515f,-0.014894649141123227f,0.11692551466774158f,-1.2727695353168516f,-0.3109700293531707f,0f,0f,0f,1f], start_interpolation: 0, interpolation_duration: 1 }
$data merge entity $(bone_body_1) { transformation: [-1.2363675f,-5.388821905753118e-17f,1.4149719714320252e-16f,0.009943181818181832f,0f,1.1554122971759562f,0.44003070187298293f,0.5748402272727273f,-1.5141135014448153e-16f,0.44003070187298293f,-1.1554122971759562f,-0.0719920454545454f,0f,0f,0f,1f], start_interpolation: 0, interpolation_duration: 1 }