# This file was generated by Animated Java via MC-Build. It is not recommended to edit this file directly.
$data merge entity $(bone_head_lower) { transformation: [-0.9710028233357436f,-0.2338547212332524f,-0.049653664828814836f,-0.07678736912134204f,-0.23828395627288793f,0.9635207806707171f,0.12185426294813095f,0.27634779643905616f,0.01934614320620304f,0.13015250505698922f,-0.9913052265424789f,0.8579675711114547f,0f,0f,0f,1f], start_interpolation: 0, interpolation_duration: 1 }
$data merge entity $(bone_head_upper) { transformation: [-1.0123168505921687f,-0.150876655039456f,-0.1895330355235329f,-0.09355542477057754f,-0.24140645895634835f,0.696297422601348f,0.7350950710189696f,0.3425835491108243f,0.02023507264174495f,0.7588663102459694f,-0.7121688055456785f,0.8259189538316816f,0f,0f,0f,1f], start_interpolation: 0, interpolation_duration: 1 }
$data merge entity $(bone_neck_0) { transformation: [-0.9837074706665234f,-0.10350618082576796f,0.14699007682743226f,-0.08205281093117132f,-0.0817962491812878f,0.9857853745242816f,0.1467534292406642f,0.33609818644511585f,-0.16009055492046903f,0.132339207738619f,-0.9781908547519604f,0.7605709148385135f,0f,0f,0f,1f], start_interpolation: 0, interpolation_duration: 1 }
$data merge entity $(bone_neck_1) { transformation: [-0.8653486389149643f,-0.16993228518532827f,0.4714814435157666f,-0.04289500126775293f,-0.0199156469613401f,0.9516775257928936f,0.30645269440295003f,0.3664430112542969f,-0.5007745002834411f,0.25579856401553325f,-0.8269171630299259f,0.691698609851713f,0f,0f,0f,1f], start_interpolation: 0, interpolation_duration: 1 }
$data merge entity $(bone_neck_2) { transformation: [-0.9590224338666646f,-0.1970102814972469f,0.20362445905350957f,-0.026984825258506574f,-0.1100257004437909f,0.9212367449351151f,0.37311821856243776f,0.4081504490928861f,-0.26109445911836593f,0.3354248183508928f,-0.9051628995114408f,0.6156835697449312f,0f,0f,0f,1f], start_interpolation: 0, interpolation_duration: 1 }
$data merge entity $(bone_body_0) { transformation: [-0.9856779745448084f,-0.1482679518814396f,0.08034640590671809f,0.00946969696969695f,-0.1356563038976799f,0.980157318871244f,0.14453026491345983f,0.48560424461700347f,-0.10018132415807005f,0.13156080232355555f,-0.9862329631389929f,0.1521289536842704f,0f,0f,0f,1f], start_interpolation: 0, interpolation_duration: 1 }
$data merge entity $(bone_leg_left_3) { transformation: [-0.9652287948523852f,0.023525162786664097f,-0.26034580907645255f,0.22081645090414323f,-0.02151594296794094f,0.9854131935671162f,0.1688132167280067f,0.026872569206567942f,0.2605195535579088f,0.16854496331755975f,-0.9506430231975989f,-0.15248691725994257f,0f,0f,0f,1f], start_interpolation: 0, interpolation_duration: 1 }
$data merge entity $(bone_leg_left_2) { transformation: [-0.990840427274504f,-0.05099542848527965f,-0.2601863052752294f,0.19935140000124368f,-0.021426444855347046f,1.018658778755484f,-0.11805676357558098f,0.2606387282014124f,0.26426947353039654f,-0.10860919960428139f,-0.9851029827495087f,-0.2078376766454167f,0f,0f,0f,1f], start_interpolation: 0, interpolation_duration: 1 }
$data merge entity $(bone_leg_left_1) { transformation: [-0.916914988969221f,0.2045460607236712f,0.34267741688941433f,0.2550067825611565f,0.36248998872245f,0.0676851151934586f,0.9295266178314884f,0.22250883807300942f,0.16693684757887162f,0.9765140215192387f,-0.13620739589593578f,0.061349944783710864f,0f,0f,0f,1f], start_interpolation: 0, interpolation_duration: 1 }
$data merge entity $(bone_leg_left_0) { transformation: [-0.9703356303649109f,0.11896570086435218f,-0.21046597459490812f,0.206023446969697f,0.17967227272188915f,0.9373331555633858f,-0.29853714994374964f,0.6357305939432669f,0.1617610548286642f,-0.3274961335641068f,-0.9309025962157796f,0.027354476346154732f,0f,0f,0f,1f], start_interpolation: 0, interpolation_duration: 1 }
$data merge entity $(bone_leg_right_3) { transformation: [-0.991453359354804f,0.037583707158652266f,0.12493078555858984f,-0.19479880515546352f,0.037199946870062686f,0.9992932303525105f,-0.005404047049172911f,0.03382663124760277f,-0.12504559239308768f,-0.0007104420157991731f,-0.9921507421229927f,-0.0542736967811834f,0f,0f,0f,1f], start_interpolation: 0, interpolation_duration: 1 }
$data merge entity $(bone_leg_right_2) { transformation: [-1.0173236685949563f,0.007975148495792665f,0.13058005140014242f,-0.18732604729832686f,0.036545519626257794f,1.0003597933799913f,0.2236222446106003f,0.2738632796945715f,-0.12561519737850435f,0.22644840537284958f,-0.9924737484650908f,-0.031965909836472906f,0f,0f,0f,1f], start_interpolation: 0, interpolation_duration: 1 }
$data merge entity $(bone_leg_right_1) { transformation: [-0.9431240043060616f,-0.05897315761761587f,-0.32716857914889635f,-0.20477832075422983f,-0.3318598181317811f,0.22518684128616062f,0.9160567382106325f,0.27984609751082673f,0.019651300497446456f,0.9725292042875475f,-0.23194993683247633f,0.24493300619962066f,0f,0f,0f,1f], start_interpolation: 0, interpolation_duration: 1 }
$data merge entity $(bone_leg_right_0) { transformation: [-0.9561733076250295f,-0.19232339532496914f,0.22078115271935303f,-0.187084053030303f,-0.29204457130456657f,0.6806052460051586f,-0.6719274272432922f,0.6357305939432669f,-0.021037446540456667f,-0.7069570076892466f,-0.7069435727992187f,0.027354476346154677f,0f,0f,0f,1f], start_interpolation: 0, interpolation_duration: 1 }
$data merge entity $(bone_tail_4) { transformation: [-0.4891064369637185f,-0.8712536024587343f,-2.5743646565945806f,-0.517075042435245f,-1.0520536143494048f,2.4724904943728987f,-0.6368950301030862f,0.6332554084535387f,2.505916881593443f,0.8679684597025025f,-0.769852367085181f,-1.4966521443905685f,0f,0f,0f,1f], start_interpolation: 0, interpolation_duration: 1 }
$data merge entity $(bone_tail_3) { transformation: [-0.6329887221233741f,-1.1262895209189852f,-1.6330164477974936f,-0.2291541724153719f,-1.0594212487617316f,1.6411503438218922f,-0.7212473172843432f,0.739492355877448f,1.6771694671025927f,0.6115905412004101f,-1.0719165613877968f,-1.3208796009037813f,0f,0f,0f,1f], start_interpolation: 0, interpolation_duration: 1 }
$data merge entity $(bone_tail_2) { transformation: [-1.3018253262231152f,-1.0566119189935055f,-1.0037907887840565f,-0.043765709279197096f,-1.1600280474977254f,1.5660086916290894f,-0.1439638210229874f,0.7657697751235657f,0.8822469178327975f,0.4999619039344756f,-1.6704647094720435f,-1.0095725194827003f,0f,0f,0f,1f], start_interpolation: 0, interpolation_duration: 1 }
$data merge entity $(bone_tail_1) { transformation: [-1.260311328947942f,-0.7937440937841099f,-0.26313859030616443f,0.023765547103826196f,-0.7989783574772785f,1.2834660151864867f,-0.04477524030344336f,0.7604791826094918f,0.24678976560705101f,0.10169341888324608f,-1.488761065499583f,-0.6906866213294447f,0f,0f,0f,1f], start_interpolation: 0, interpolation_duration: 1 }
$data merge entity $(bone_tail_0) { transformation: [-1.2513675283709211f,-0.2591479190219089f,0.02752056666375312f,0.009469696969697006f,-0.2556508205621067f,1.2469090543240222f,0.11703070013770649f,0.7563702286370869f,-0.05057354514765069f,0.10906824879594612f,-1.2725494686729517f,-0.31618607865029663f,0f,0f,0f,1f], start_interpolation: 0, interpolation_duration: 1 }
$data merge entity $(bone_body_1) { transformation: [-1.2363675f,-5.2758651477671145e-17f,1.4192223802784546e-16f,0.009469696969696977f,0f,1.1588830193869548f,0.43080708261683104f,0.5781546212121212f,-1.5141135014448153e-16f,0.43080708261683104f,-1.1588830193869548f,-0.07577992424242425f,0f,0f,0f,1f], start_interpolation: 0, interpolation_duration: 1 }