# This file was generated by Animated Java via MC-Build. It is not recommended to edit this file directly.
$data merge entity $(bone_head_lower) { transformation: [-0.9038155620268299f,-0.09326655269852532f,-0.41763474470625556f,0.0641034796893002f,-0.08418544393781455f,0.9956405254132323f,-0.04015912329541249f,0.3193164405227346f,0.41955957963931534f,-0.0011376742047957689f,-0.9077270871965233f,0.8646959757449301f,0f,0f,0f,1f], start_interpolation: 0, interpolation_duration: 1 }
$data merge entity $(bone_head_upper) { transformation: [-0.9381240549426182f,0.18233858231236427f,-0.4124898077793489f,0.03947066318645273f,-0.10432785826384393f,0.8384688797704289f,0.6079124757973868f,0.38001953575375835f,0.43876063874464205f,0.5892321457968381f,-0.737405263631576f,0.8272284555133058f,0f,0f,0f,1f], start_interpolation: 0, interpolation_duration: 1 }
$data merge entity $(bone_neck_0) { transformation: [-0.9905389206187515f,-0.06758957971451043f,-0.11943322591915054f,0.033165060359175255f,-0.0690975331146835f,0.9975734796919685f,0.008525463783457476f,0.36440064734195393f,0.1185671862570088f,0.01669734497678227f,-0.992805631034505f,0.7627224406615022f,0f,0f,0f,1f], start_interpolation: 0, interpolation_duration: 1 }
$data merge entity $(bone_neck_1) { transformation: [-0.9608541969938518f,-0.1067492346674425f,0.2556634761111091f,0.05433133198845157f,-0.030126973374350066f,0.9575767557858593f,0.2865992363107935f,0.3930908006892657f,-0.2754116511598621f,0.2676777123268655f,-0.9233076760911576f,0.6857393198443084f,0f,0f,0f,1f], start_interpolation: 0, interpolation_duration: 1 }
$data merge entity $(bone_neck_2) { transformation: [-0.9933059313666469f,-0.11464218957845022f,0.014159628543741684f,0.054449402958755895f,-0.10247636360601856f,0.9311259106330371f,0.35000447632835296f,0.43287012246799356f,-0.05330967655055825f,0.34621049509865554f,-0.9366410045847973f,0.607072160163721f,0f,0f,0f,1f], start_interpolation: 0, interpolation_duration: 1 }
$data merge entity $(bone_body_0) { transformation: [-0.989386214486331f,-0.108860007397413f,-0.09625184348282823f,0.00804924242424241f,-0.12051740739120242f,0.9848093424100626f,0.12500445439088606f,0.501165793053848f,0.08118172885637888f,0.1352777065569023f,-0.987476313137988f,0.14296696607004925f,0f,0f,0f,1f], start_interpolation: 0, interpolation_duration: 1 }
$data merge entity $(bone_leg_left_3) { transformation: [-0.9692312466050387f,0.020660515679525794f,-0.24528337427615998f,0.2136845144502794f,-0.015312839657811418f,0.9894805207021822f,0.14385345353015908f,0.025056934717374524f,0.24567520743057647f,0.14318324707449356f,-0.9587190674077305f,-0.1479065032851506f,0f,0f,0f,1f], start_interpolation: 0, interpolation_duration: 1 }
$data merge entity $(bone_leg_left_2) { transformation: [-0.9948999753166275f,-0.05189093367090797f,-0.2440155110201603f,0.1925041746677566f,-0.015171432333681316f,1.0139949594240298f,-0.15377337027034338f,0.2566418649619312f,0.24901017299823913f,-0.1455463938616037f,-0.9843131516331401f,-0.21186653264987493f,0f,0f,0f,1f], start_interpolation: 0, interpolation_duration: 1 }
$data merge entity $(bone_leg_left_1) { transformation: [-0.9226358204774442f,0.18761201911521533f,0.3369642014449392f,0.24397604876907522f,0.3629992922162483f,0.12728182954052158f,0.9230551715468154f,0.23503561786992377f,0.13028682443906664f,0.9739615321727702f,-0.18553780538007383f,0.05997386523620596f,0f,0f,0f,1f], start_interpolation: 0, interpolation_duration: 1 }
$data merge entity $(bone_leg_left_0) { transformation: [-0.9701388727599352f,0.1470237453258805f,-0.1929108236217784f,0.20460299242424243f,0.20349468632822915f,0.9261648855098275f,-0.3175035708220363f,0.6481862991790862f,0.13198666673667414f,-0.34727888383677863f,-0.9284271089562298f,0.014547490383103573f,0f,0f,0f,1f], start_interpolation: 0, interpolation_duration: 1 }
$data merge entity $(bone_leg_right_3) { transformation: [-0.9907496449283317f,0.031027816027783213f,0.13210759140537884f,-0.19051487316074325f,0.029684157418508356f,0.9994857406771656f,-0.012128684239068821f,0.02642457516500768f,-0.13241598042811037f,-0.008094987063848091f,-0.9911611772621544f,-0.060348619965069836f,0f,0f,0f,1f], start_interpolation: 0, interpolation_duration: 1 }
$data merge entity $(bone_leg_right_2) { transformation: [-1.0166204732163702f,0.012135244558340431f,0.13563830129254392f,-0.1819171712954056f,0.0290986480356193f,1.0173827613838233f,0.1270739352590453f,0.26745703044068186f,-0.13303488873418437f,0.12979696521579448f,-1.0087203109390377f,-0.06106072419234809f,0f,0f,0f,1f], start_interpolation: 0, interpolation_duration: 1 }
$data merge entity $(bone_leg_right_1) { transformation: [-0.9422013743291848f,-0.06578903531843228f,-0.3285245394853563f,-0.20113081592241444f,-0.3341430440345373f,0.25649255998189935f,0.9069509318575426f,0.28238209967418454f,0.024596673261412627f,0.9643046041089934f,-0.26365059104555316f,0.21538359900544857f,0f,0f,0f,1f], start_interpolation: 0, interpolation_duration: 1 }
$data merge entity $(bone_leg_right_0) { transformation: [-0.9561733076250295f,-0.20835334363159977f,0.20572187531456917f,-0.18850450757575757f,-0.2924727367369265f,0.7129119374644199f,-0.6373509768458346f,0.6481862991790862f,-0.013867373616627432f,-0.6695860315286302f,-0.742605037910946f,0.014547490383103517f,0f,0f,0f,1f], start_interpolation: 0, interpolation_duration: 1 }
$data merge entity $(bone_tail_4) { transformation: [-0.5436930435992388f,-0.8429324590682351f,-2.5728435777153216f,-0.46502404977619965f,-0.7714707193513448f,2.56365151181829f,-0.6768937780296953f,0.5990426786101848f,2.5951670726805465f,0.5855058727297061f,-0.7402378465558963f,-1.518016293182438f,0f,0f,0f,1f], start_interpolation: 0, interpolation_duration: 1 }
$data merge entity $(bone_tail_3) { transformation: [-0.6681679330724204f,-1.1183636487981294f,-1.6244260181076606f,-0.1786373600609068f,-0.9394540163609185f,1.688517551439869f,-0.7760671077086653f,0.7141115113597075f,1.7340482376224466f,0.48385612900002495f,-1.046377313435284f,-1.3453242808647148f,0f,0f,0f,1f], start_interpolation: 0, interpolation_duration: 1 }
$data merge entity $(bone_tail_2) { transformation: [-1.3142042836333652f,-1.1153626534086374f,-0.9206558136805173f,-0.008726640683615831f,-1.1457216856710046f,1.5620726381293493f,-0.25695285013710795f,0.7614029865072893f,0.8825886895183297f,0.366972886725485f,-1.7044477054299607f,-1.0277312271179464f,0f,0f,0f,1f], start_interpolation: 0, interpolation_duration: 1 }
$data merge entity $(bone_tail_1) { transformation: [-1.2691582587543215f,-0.804367245344077f,-0.1728782775633811f,0.03951991259534369f,-0.8025507601980254f,1.280348156342658f,-0.06539973895611804f,0.7605920815718433f,0.1811238293026933f,0.03685353670326134f,-1.5011636237569808f,-0.7053211008366611f,0f,0f,0f,1f], start_interpolation: 0, interpolation_duration: 1 }
$data merge entity $(bone_tail_0) { transformation: [-1.2494841964487875f,-0.2551898739280494f,0.08662036511895842f,0.008049242424242467f,-0.24800668906865816f,1.2496067799910806f,0.10397737331531672f,0.7603627140104054f,-0.10544022755076608f,0.08483360318256598f,-1.2710316025847403f,-0.33184893907586166f,0f,0f,0f,1f], start_interpolation: 0, interpolation_duration: 1 }
$data merge entity $(bone_body_1) { transformation: [-1.2363675f,-4.926147778868851e-17f,1.4317368389005478e-16f,0.008049242424242438f,0f,1.1691018503436084f,0.40225049232959464f,0.588097803030303f,-1.5141135014448153e-16f,0.40225049232959464f,-1.1691018503436084f,-0.08714356060606057f,0f,0f,0f,1f], start_interpolation: 0, interpolation_duration: 1 }