# This file was generated by Animated Java via MC-Build. It is not recommended to edit this file directly.
$data merge entity $(bone_head_lower) { transformation: [-0.8595476843243738f,0.020421374491033123f,-0.5106473791536619f,0.10214793810422568f,0.0008880987665737146f,0.9992594902570786f,0.03846664024508395f,0.3318592593334918f,0.5110547814600579f,0.03261040623882033f,-0.8589293170871231f,0.8611650803829853f,0f,0f,0f,1f], start_interpolation: 0, interpolation_duration: 1 }
$data merge entity $(bone_head_upper) { transformation: [-0.888958408889396f,0.2633737004592399f,-0.47313759494965846f,0.07516910751232571f,-0.04091301894611417f,0.8742186895643339f,0.563506655045565f,0.39032357257893285f,0.5399546413626384f,0.4998478961707582f,-0.7362560753896151f,0.8218010959755429f,0f,0f,0f,1f], start_interpolation: 0, interpolation_duration: 1 }
$data merge entity $(bone_neck_0) { transformation: [-0.9797994122206597f,-0.06519808037875804f,-0.18905639932828172f,0.06431925102703201f,-0.059310760706087755f,0.9975669556671338f,-0.03663881310130068f,0.3717812208870619f,0.19098519700886482f,-0.024685608680602572f,-0.9812824645572513f,0.7586885135352688f,0f,0f,0f,1f], start_interpolation: 0, interpolation_duration: 1 }
$data merge entity $(bone_neck_1) { transformation: [-0.9781911708258964f,-0.08534086114753427f,0.18936465017753257f,0.07996776762840353f,-0.029244632915951307f,0.9591992801548446f,0.28121431755164833f,0.4000226757053677f,-0.2056375081639371f,0.2695434628571529f,-0.9407760290670152f,0.6802341892283612f,0f,0f,0f,1f], start_interpolation: 0, interpolation_duration: 1 }
$data merge entity $(bone_neck_2) { transformation: [-0.9953675115763494f,-0.08834104629980391f,-0.03793911486792699f,0.07577910256618259f,-0.0960185530610016f,0.9334943802601928f,0.34549772718602667f,0.43943036125655255f,0.004894319807437958f,0.34754007187847336f,-0.9376523577916968f,0.6014914448093602f,0f,0f,0f,1f], start_interpolation: 0, interpolation_duration: 1 }
$data merge entity $(bone_body_0) { transformation: [-0.9852331131464477f,-0.0944585381424632f,-0.14280510261103369f,0.007575757575757564f,-0.11224838037566279f,0.9861462308055586f,0.12213071919476454f,0.5063843867540595f,0.12929042448224676f,0.13635687016054135f,-0.9821867389133401f,0.13988948759414088f,0f,0f,0f,1f], start_interpolation: 0, interpolation_duration: 1 }
$data merge entity $(bone_leg_left_3) { transformation: [-0.9705414017843853f,0.019767067446212608f,-0.24012215738448034f,0.21130181605064763f,-0.01327534925950918f,0.990727381136652f,0.13521472319296093f,0.024525505378878126f,0.2405683946914855f,0.1344191924938096f,-0.9612795265503542f,-0.14610092487961227f,0f,0f,0f,1f], start_interpolation: 0, interpolation_duration: 1 }
$data merge entity $(bone_leg_left_2) { transformation: [-0.9962280443340484f,-0.05202578548228036f,-0.23850618614200167f,0.19025824498498647f,-0.013118600257507836f,1.0120980111129596f,-0.16597505152633463f,0.2552943578417165f,0.2437617392256938f,-0.1581554078962761f,-0.9836814936469633f,-0.2129887183534951f,0f,0f,0f,1f], start_interpolation: 0, interpolation_duration: 1 }
$data merge entity $(bone_leg_left_1) { transformation: [-0.9243901911328185f,0.18179989238032115f,0.33533799914106766f,0.24027233294141698f,0.362794007756837f,0.1474680653180452f,0.9201269899568674f,0.239331468329756f,0.11782734178942969f,0.9722149807742402f,-0.20227394465175325f,0.05951295654792822f,0f,0f,0f,1f], start_interpolation: 0, interpolation_duration: 1 }
$data merge entity $(bone_leg_left_0) { transformation: [-0.9698437004210237f,0.1564045969725348f,-0.18692458051180544f,0.2041295075757576f,0.2111740079210933f,0.9221664014706499f,-0.3240596648415448f,0.652338839800968f,0.12169114648238583f,-0.35376083735276764f,-0.9273858608062079f,0.010259673921479043f,0f,0f,0f,1f], start_interpolation: 0, interpolation_duration: 1 }
$data merge entity $(bone_leg_right_3) { transformation: [-0.9904706492122093f,0.02849866571907717f,0.13474315975728435f,-0.18907527327860454f,0.027026453470953154f,0.9995534937087879f,-0.012742999150062315f,0.02422606632799712f,-0.13504615456179092f,-0.008979936903363253f,-0.9907986156991159f,-0.06288893040245448f,0f,0f,0f,1f], start_interpolation: 0, interpolation_duration: 1 }
$data merge entity $(bone_leg_right_2) { transformation: [-1.01634136542647f,0.013677044172224638f,0.13756949838704907f,-0.1800589305233184f,0.02646450209962337f,1.0210411328995292f,0.0940044390258191f,0.26509337369280933f,-0.13569104079625993f,0.09669613689621193f,-1.0120770712043974f,-0.07141640788174897f,0f,0f,0f,1f], start_interpolation: 0, interpolation_duration: 1 }
$data merge entity $(bone_leg_right_1) { transformation: [-0.9418885922053039f,-0.06830058569651797f,-0.32890866493150256f,-0.1999282830774247f,-0.3349042800672084f,0.2672077331840451f,0.9035702244536993f,0.28309356018785636f,0.026172563232815516f,0.9612154063060768f,-0.2745540741159516f,0.2047983414981307f,0f,0f,0f,1f], start_interpolation: 0, interpolation_duration: 1 }
$data merge entity $(bone_leg_right_0) { transformation: [-0.9561733076250296f,-0.21379597343446402f,0.20005970990836855f,-0.1889779924242424f,-0.2925773295714161f,0.7243589557538914f,-0.6242616514250985f,0.652338839800968f,-0.01145041511341735f,-0.6554352637464222f,-0.7551645536115879f,0.010259673921478987f,0f,0f,0f,1f], start_interpolation: 0, interpolation_duration: 1 }
$data merge entity $(bone_tail_4) { transformation: [-0.6577676968902233f,-0.8016455507786785f,-2.559368554828413f,-0.44855654870199396f,-0.7489456253247875f,2.585286300252195f,-0.617281562688523f,0.6037036002970864f,2.575283176436058f,0.5471018993250442f,-0.8332211018213201f,-1.5369238949715116f,0f,0f,0f,1f], start_interpolation: 0, interpolation_duration: 1 }
$data merge entity $(bone_tail_3) { transformation: [-0.7473096795251243f,-1.091436602538091f,-1.6081790670110743f,-0.16518824378788638f,-0.9201803138038028f,1.7163096437188419f,-0.7372210815013933f,0.7119136150813429f,1.7119409916876325f,0.4460861750404934f,-1.0982762364094703f,-1.3550621345454616f,0f,0f,0f,1f], start_interpolation: 0, interpolation_duration: 1 }
$data merge entity $(bone_tail_2) { transformation: [-1.3530042763872998f,-1.103066273879977f,-0.8782927180097757f,-0.0031784958706310568f,-1.1206364026372837f,1.579992794685984f,-0.2580129780211075f,0.7594249790271888f,0.855761272882002f,0.3250252900493986f,-1.7265008194803895f,-1.0333992740145428f,0f,0f,0f,1f], start_interpolation: 0, interpolation_duration: 1 }
$data merge entity $(bone_tail_1) { transformation: [-1.2825817586011348f,-0.7867663656835838f,-0.1537496937644625f,0.04074947145632668f,-0.7837758637650818f,1.2916201146863582f,-0.07119778589886155f,0.759706024050208f,0.1683320465120083f,0.019298061214670825f,-1.5029797593282601f,-0.7103715171591221f,0f,0f,0f,1f], start_interpolation: 0, interpolation_duration: 1 }
$data merge entity $(bone_tail_0) { transformation: [-1.2505077149933714f,-0.24780301042027036f,0.09305825784279377f,0.007575757575757623f,-0.2408218144841021f,1.2515943710519015f,0.09670625938277043f,0.7616494090891515f,-0.10986821648988951f,0.07707733105053877f,-1.2711505719730782f,-0.3370517624410763f,0f,0f,0f,1f], start_interpolation: 0, interpolation_duration: 1 }
$data merge entity $(bone_body_1) { transformation: [-1.2363675f,-4.8076858450014115e-17f,1.4357580796969976e-16f,0.0075757575757575924f,0f,1.172385442640791f,0.3925773413484369f,0.5914121969696969f,-1.5141135014448153e-16f,0.3925773413484369f,-1.172385442640791f,-0.09093143939393934f,0f,0f,0f,1f], start_interpolation: 0, interpolation_duration: 1 }