# This file was generated by Animated Java via MC-Build. It is not recommended to edit this file directly.
$data merge entity $(bone_head_lower) { transformation: [-0.7873075802897482f,0.26577233415555535f,-0.5563378833189501f,0.15125692633216936f,0.14590184508287884f,0.9570058656192844f,0.25070385870922607f,0.3523633915886526f,0.5990487673134077f,0.11621032470392545f,-0.7922346463090938f,0.8516144255627455f,0f,0f,0f,1f], start_interpolation: 0, interpolation_duration: 1 }
$data merge entity $(bone_head_upper) { transformation: [-0.8099501119525383f,0.3594729279579966f,-0.5461061918682875f,0.12143024209252078f,0.06405105776377967f,0.9088898823539755f,0.5032778420886662f,0.40748680546380867f,0.6506536872491532f,0.35800885240925046f,-0.729349973229039f,0.809575935558781f,0f,0f,0f,1f], start_interpolation: 0, interpolation_duration: 1 }
$data merge entity $(bone_neck_0) { transformation: [-0.9581784826349392f,-0.06656869023352506f,-0.27832104644815897f,0.10482362745820642f,-0.03995849818221435f,0.99416281185875f,-0.1002178723588035f,0.3848823150265631f,0.2833678066372876f,-0.0849053178410897f,-0.9552453994465906f,0.7490945862289526f,0f,0f,0f,1f], start_interpolation: 0, interpolation_duration: 1 }
$data merge entity $(bone_neck_1) { transformation: [-0.9949924622227851f,-0.0510173202605766f,0.08594901484757753f,0.11186960667934066f,-0.025810058260447688f,0.9619025365445337f,0.2721715471569061f,0.4123701820703531f,-0.09656003838250919f,0.2685902887719908f,-0.9584025332630058f,0.6691426745149135f,0f,0f,0f,1f], start_interpolation: 0, interpolation_duration: 1 }
$data merge entity $(bone_neck_2) { transformation: [-0.9929416779733926f,-0.04728500666852754f,-0.10877018105961118f,0.10187757327374672f,-0.08179979493819725f,0.9370942595682216f,0.33935695400618404f,0.45127513490353505f,0.08588141644996411f,0.3458590418489066f,-0.9343478503640409f,0.5906729713957477f,0f,0f,0f,1f], start_interpolation: 0, interpolation_duration: 1 }
$data merge entity $(bone_body_0) { transformation: [-0.977171578513284f,-0.06970633920364265f,-0.20069063859752792f,0.006628787878787863f,-0.09496139618603583f,0.9883316720237741f,0.1190917264510408f,0.5168177135765528f,0.19004746612427006f,0.1354309135667241f,-0.97238903133994f,0.13367981612446656f,0f,0f,0f,1f], start_interpolation: 0, interpolation_duration: 1 }
$data merge entity $(bone_leg_left_3) { transformation: [-0.9730874501801028f,0.01810377488166153f,-0.22972389435367832f,0.20657338644111647f,-0.00930951679152976f,0.9930067765657817f,0.11768973868415111f,0.023691978680357245f,0.2302480123673038f,0.11666102618042432f,-0.9661138948237088f,-0.14221418102116415f,0f,0f,0f,1f], start_interpolation: 0, interpolation_duration: 1 }
$data merge entity $(bone_leg_left_2) { transformation: [-0.9988076790181911f,-0.05203548982082889f,-0.2274592878606953f,0.185864949956411f,-0.009125666399939548f,1.0078167511685518f,-0.190484429225899f,0.2527116206654743f,0.23315690435358175f,-0.1834663548552321f,-0.9818554649687923f,-0.21496193912671233f,0f,0f,0f,1f], start_interpolation: 0, interpolation_duration: 1 }
$data merge entity $(bone_leg_left_1) { transformation: [-0.9276141283348954f,0.170100759399529f,0.3325624160442603f,0.2329121623232241f,0.3618041754666997f,0.18773045220213913f,0.9131566217965252f,0.2480761587873792f,0.0928965420688725f,0.9673794544891287f,-0.2356845847822091f,0.0584945619140462f,0f,0f,0f,1f], start_interpolation: 0, interpolation_duration: 1 }
$data merge entity $(bone_leg_left_0) { transformation: [-0.968914887055613f,0.1749533883679601f,-0.1749149894679653f,0.2031825378787879f,0.22591392164952856f,0.9138724536562048f,-0.3373426128631224f,0.6606222644619375f,0.10083075744503443f,-0.3663720108673115f,-0.9249890312896165f,0.001669051026751675f,0f,0f,0f,1f], start_interpolation: 0, interpolation_duration: 1 }
$data merge entity $(bone_leg_right_3) { transformation: [-0.9898532996992304f,0.023058677091986314f,0.14020963763348435f,-0.18633314379127722f,0.021588115307551527f,0.999694924998654f,-0.012000425384255508f,0.020594087904363872f,-0.14044357711199676f,-0.008851798839938169f,-0.9900491135823939f,-0.06871485070785793f,0f,0f,0f,1f], start_interpolation: 0, interpolation_duration: 1 }
$data merge entity $(bone_leg_right_2) { transformation: [-1.015723308160839f,0.01705322078887024f,0.14169526604732324f,-0.1764032733086951f,0.02107375783080922f,1.0251103885965736f,0.027690926726356f,0.2603689113904005f,-0.14115331200642833f,0.030332793356399688f,-1.0154889776149756f,-0.09280849635260657f,0f,0f,0f,1f], start_interpolation: 0, interpolation_duration: 1 }
$data merge entity $(bone_leg_right_1) { transformation: [-0.9412743819903268f,-0.07356415576393294f,-0.3295312622430052f,-0.1976573207565786f,-0.33637883805711283f,0.2886768371465432f,0.8963899603422693f,0.2845530300610716f,0.029185871857374462f,0.9545962490402988f,-0.296469536718559f,0.18283036072485936f,0f,0f,0f,1f], start_interpolation: 0, interpolation_duration: 1 }
$data merge entity $(bone_leg_right_0) { transformation: [-0.9561733076250296f,-0.22449810537841886f,0.18797129160302894f,-0.1899249621212121f,-0.292725986624146f,0.7474939971364661f,-0.5962920601516248f,0.6606222644619375f,-0.006640974351018389f,-0.6251826332572339f,-0.7804502370639783f,0.0016690510267516195f,0f,0f,0f,1f], start_interpolation: 0, interpolation_duration: 1 }
$data merge entity $(bone_tail_4) { transformation: [-0.9765969829959481f,-0.6904261887390466f,-2.4890221658929605f,-0.41103319412380823f,-0.7425915129565994f,2.6236918468281742f,-0.4364175401747662f,0.6251231651101893f,2.4739598843328157f,0.5149894196880552f,-1.1135392763263092f,-1.5843469088298576f,0f,0f,0f,1f], start_interpolation: 0, interpolation_duration: 1 }
$data merge entity $(bone_tail_3) { transformation: [-0.9641832807082703f,-1.0088715658362968f,-1.5454689550081877f,-0.1391061705108728f,-0.8830591245046158f,1.7832936862738422f,-0.6132012207827356f,0.7116485031191524f,1.6206488545876376f,0.3714664428818767f,-1.2535770809890023f,-1.3754216515099003f,0f,0f,0f,1f], start_interpolation: 0, interpolation_duration: 1 }
$data merge entity $(bone_tail_2) { transformation: [-1.4563277563131771f,-1.0448459270823751f,-0.7785758343629576f,0.004303878200796078f,-1.0438114945549422f,1.634382580186799f,-0.24088383179386771f,0.7560453461943227f,0.7799621176887896f,0.2363566060936116f,-1.7761105046502892f,-1.044613607135801f,0f,0f,0f,1f], start_interpolation: 0, interpolation_duration: 1 }
$data merge entity $(bone_tail_1) { transformation: [-1.3208639076843693f,-0.7269964968378296f,-0.12021181706596795f,0.040320817433789936f,-0.7227368411845523f,1.326268786718482f,-0.07949096659911407f,0.7576291319882763f,0.14361840331710035f,-0.011977018068363947f,-1.5056183298787371f,-0.7206121430809702f,0f,0f,0f,1f], start_interpolation: 0, interpolation_duration: 1 }
$data merge entity $(bone_tail_0) { transformation: [-1.2544310301151107f,-0.22559754713628027f,0.0966656815755402f,0.006628787878787922f,-0.21972081797180215f,1.2565658719554642f,0.08124461933343112f,0.7642107387843404f,-0.10936758851767794f,0.06311634294638552f,-1.2719633541965467f,-0.3473917780186813f,0f,0f,0f,1f], start_interpolation: 0, interpolation_duration: 1 }
$data merge entity $(bone_body_1) { transformation: [-1.2363675f,-4.571099946758969e-17f,1.443464633451364e-16f,0.006628787878787892f,0f,1.178678321338332f,0.37325863668949666f,0.5980409848484849f,-1.5141135014448153e-16f,0.37325863668949666f,-1.178678321338332f,-0.09850719696969695f,0f,0f,0f,1f], start_interpolation: 0, interpolation_duration: 1 }