# This file was generated by Animated Java via MC-Build. It is not recommended to edit this file directly.
$data merge entity $(bone_head_lower) { transformation: [-1f,-2.4928458658581806e-17f,1.199006662847457e-16f,-0.00038812500000015224f,0f,0.979063239851892f,0.20355631252976752f,0.7631743561774175f,-1.2246467991473532e-16f,0.20355631252976752f,-0.979063239851892f,1.243029923084516f,0f,0f,0f,1f], start_interpolation: 0, interpolation_duration: 1 }
$data merge entity $(bone_head_upper) { transformation: [-1f,-3.6132109945538636e-17f,1.170131123314908e-16f,-6.250000001508344e-7f,0f,0.9554845724739564f,0.2950410679282812f,0.7804542707784548f,-1.2246467991473532e-16f,0.2950410679282812f,-0.9554845724739564f,1.231656279955708f,0f,0f,0f,1f], start_interpolation: 0, interpolation_duration: 1 }
$data merge entity $(bone_neck_0) { transformation: [-1f,-4.615716156601429e-18f,1.2237766540909442e-16f,-1.2777693065259942e-16f,0f,0.9992894726405892f,0.03769018266993451f,0.7705628672461233f,-1.2246467991473532e-16f,0.03769018266993451f,-0.9992894726405892f,1.0433778191521237f,0f,0f,0f,1f], start_interpolation: 0, interpolation_duration: 1 }
$data merge entity $(bone_neck_1) { transformation: [-1f,2.6422731721741827e-17f,1.1958025370009648e-16f,-1.067023351418186e-16f,0f,0.9764468725460508f,-0.21575797805651684f,0.7406952191208604f,-1.2246467991473532e-16f,-0.21575797805651684f,-0.9764468725460508f,0.8712906873729547f,0f,0f,0f,1f], start_interpolation: 0, interpolation_duration: 1 }
$data merge entity $(bone_neck_2) { transformation: [-1f,7.412286076152197e-18f,1.2224015642064542e-16f,-7.795355168763022e-17f,0f,0.998166626538801f,-0.0605259090319994f,0.8692041430569586f,-1.2246467991473532e-16f,-0.0605259090319994f,-0.998166626538801f,0.6365390555211881f,0f,0f,0f,1f], start_interpolation: 0, interpolation_duration: 1 }
$data merge entity $(bone_arm_right_2) { transformation: [-0.9634410820316351f,-0.22898731258792726f,0.1390902301654262f,-0.36996491675076676f,-0.20987718354449217f,0.9677337618515076f,0.13943792167183572f,0.4689903433788763f,-0.1665318266312595f,0.10514835636608097f,-0.9804136748701375f,1.0951330090951317f,0f,0f,0f,1f], start_interpolation: 0, interpolation_duration: 1 }
$data merge entity $(bone_arm_right_1) { transformation: [-0.9402547726226043f,-0.26305622261579065f,0.21615361737321565f,-0.3125511499477236f,-0.230848186918197f,0.025908617247627885f,-0.9726447749044339f,0.5093234432248759f,0.2502600190941335f,-0.9644325623367491f,-0.08508675306753932f,0.7570197376135611f,0f,0f,0f,1f], start_interpolation: 0, interpolation_duration: 1 }
$data merge entity $(bone_arm_right_0) { transformation: [-0.9063077674422407f,0.4161977712708935f,0.07338695976127027f,-0.15937500000000007f,0.2572736941527078f,0.6811076779964368f,-0.6854944035302704f,0.7108260180569587f,-0.3352856647261858f,-0.6023883682172517f,-0.7243699171457056f,0.5598903055211879f,0f,0f,0f,1f], start_interpolation: 0, interpolation_duration: 1 }
$data merge entity $(bone_arm_left_2) { transformation: [-0.9969360599545941f,-0.00900701133304551f,0.077700489760726f,0.38685263494295496f,-0.02590339956913578f,0.9753145751973077f,-0.2192954475096496f,0.4484131475233182f,-0.07380722358260028f,-0.22063624623923905f,-0.9725595820269759f,1.0445329424532162f,0f,0f,0f,1f], start_interpolation: 0, interpolation_duration: 1 }
$data merge entity $(bone_arm_left_1) { transformation: [-0.9674883626272568f,0.24817068567283856f,-0.04876042404966498f,0.3210923181387162f,0.06624421008128041f,0.06258997780415565f,-0.9958384403652949f,0.4758000191348791f,-0.2440859947058354f,-0.9666921978846983f,-0.07699494618034575f,0.7066435760759802f,0f,0f,0f,1f], start_interpolation: 0, interpolation_duration: 1 }
$data merge entity $(bone_arm_left_0) { transformation: [-0.8633790661804073f,-0.45971076993485616f,0.20794854192167267f,0.1593749999999999f,-0.5045547818505944f,0.785798991278531f,-0.35769318894457897f,0.7108260180569587f,0.0010296568102746897f,-0.4137462426555013f,-0.9103916665344143f,0.5598903055211879f,0f,0f,0f,1f], start_interpolation: 0, interpolation_duration: 1 }
$data merge entity $(bone_finger_right_1_fire) { transformation: [4.406403526199594e-7f,-0.000014991474043756148f,-0.000007269065954633144f,-1.2205991340009896f,0.000016503642017917492f,0.000001389288315808018f,-0.0000018647937949718486f,1.1037467853508032f,0.000002283290170313264f,-0.000007148661535471028f,0.000014881565845945307f,1.1633893466841845f,0f,0f,0f,1f], start_interpolation: 0, interpolation_duration: 1 }
$data merge entity $(bone_finger_right_1_fire_s) { transformation: [2.6438421157197564e-7f,-0.000008994884426253688f,-0.000004361439572779886f,-1.2205991340009896f,0.000009902185210750495f,8.335729894848108e-7f,-0.0000011188762769831091f,1.1037467853508032f,0.0000013699741021879584f,-0.0000042891969212826165f,0.000008928939507567184f,1.1633893466841845f,0f,0f,0f,1f], start_interpolation: 0, interpolation_duration: 1 }
$data merge entity $(bone_finger_right_1) { transformation: [0.052562401358765526f,-1.7882789693731131f,-0.867100709090751f,-0.7370505111092888f,1.968660043206113f,0.16572320175480154f,-0.2224445385445299f,1.2161749775922295f,0.2723654645720561f,-0.8527380993848112f,1.77516841612577f,0.2516824013414769f,0f,0f,0f,1f], start_interpolation: 0, interpolation_duration: 1 }
$data merge entity $(bone_finger_right_2_fire) { transformation: [0.00001490651636582102f,0.000005961229392804882f,0.000004476303356526139f,-0.44106248243143703f,-0.000007243817332890693f,0.000013946630485258143f,0.000005549449191871076f,1.5210134392055246f,-0.0000017608685530159f,-0.000006908908742471955f,0.000015064663942649779f,0.7436380825366943f,0f,0f,0f,1f], start_interpolation: 0, interpolation_duration: 1 }
$data merge entity $(bone_finger_right_2_fire_s) { transformation: [0.000008943909819492612f,0.000003576737635682929f,0.0000026857820139156833f,-0.44106248243143703f,-0.0000043462903997344155f,0.000008367978291154885f,0.0000033296695151226454f,1.5210134392055246f,-0.00000105652113180954f,-0.000004145345245483173f,0.000009038798365589867f,0.7436380825366943f,0f,0f,0f,1f], start_interpolation: 0, interpolation_duration: 1 }
$data merge entity $(bone_finger_right_2) { transformation: [1.1111369471890264f,0.4443521253699633f,0.3336652189016331f,-0.5850527364531631f,-0.5399566793297386f,1.0395867176918117f,0.4136578850692871f,1.3433301205805361f,-0.13125575824579871f,-0.5149924757819193f,1.1229253229174943f,0.25859331675363284f,0f,0f,0f,1f], start_interpolation: 0, interpolation_duration: 1 }
$data merge entity $(bone_finger_film_right) { transformation: [0.9846118848904779f,-0.2495542726441811f,-0.21852483364599287f,-0.6815758639873641f,0.7362246342860888f,0.3372642113196673f,0.27077772852325666f,1.3350278875556063f,0.016748609181489536f,-0.15452733047285724f,0.9438941481886503f,0.30968361284564305f,0f,0f,0f,1f], start_interpolation: 0, interpolation_duration: 1 }
$data merge entity $(bone_finger_right_0_fire) { transformation: [0.00001331242732537209f,-0.000009586516747245252f,-0.0000029420661344114674f,-0.8310747579825363f,0.00001001948192361794f,0.000012915303412300647f,0.000003253105828018283f,1.4951693010928566f,4.0870339704721143e-7f,-0.000004367082802143716f,0.000016079158159252018f,0.9767647577824019f,0f,0f,0f,1f], start_interpolation: 0, interpolation_duration: 1 }
$data merge entity $(bone_finger_right_0_fire_s) { transformation: [0.000007987456395223253f,-0.0000057519100483471505f,-0.0000017652396806468803f,-0.8310747579825363f,0.000006011689154170764f,0.000007749182047380388f,0.0000019518634968109697f,1.4951693010928566f,2.4522203822832684e-7f,-0.00000262024968128623f,0.00000964749489555121f,0.9767647577824019f,0f,0f,0f,1f], start_interpolation: 0, interpolation_duration: 1 }
$data merge entity $(bone_fire_large_right) { transformation: [0.00002129988372059534f,-0.0000153384267955924f,-0.000004707305815058347f,-0.7685312315446443f,0.000016031171077788704f,0.000020664485459681034f,0.000005204969324829252f,1.4129549564170583f,6.539254352755382e-7f,-0.000006987332483429946f,0.000025726653054803225f,1.0113340160751918f,0f,0f,0f,1f], start_interpolation: 0, interpolation_duration: 1 }
$data merge entity $(bone_finger_right_0) { transformation: [1.168218414700019f,-0.8412549509748409f,-0.25817799800749053f,-0.6667183974738077f,0.8792493662381207f,1.1333692127604456f,0.2854729675042707f,1.3023587795491107f,0.03586534768689607f,-0.3832288750422496f,1.4110100431280475f,0.3179084297223492f,0f,0f,0f,1f], start_interpolation: 0, interpolation_duration: 1 }
$data merge entity $(bone_wing_right_1_model) { transformation: [-0.7024076391226952f,-0.7061860802115969f,0.19723542191833016f,-0.3307436748850234f,-0.3695533432309578f,0.5768833378072079f,0.7494084494513503f,0.9911341869083735f,-0.6332700198578358f,0.44663622526350794f,-0.6560962179996632f,0.10445093487226892f,0f,0f,0f,1f], start_interpolation: 0, interpolation_duration: 1 }
$data merge entity $(bone_wing_right_0) { transformation: [-0.9619214386481353f,-0.052940537704866855f,-0.26815004258180003f,-0.1744831250000001f,-0.08830317324944603f,0.9886461651016569f,0.12157841018809924f,1.0042403930569588f,0.2586690848616818f,0.14062737890363658f,-0.9556747589214194f,0.544855930521188f,0f,0f,0f,1f], start_interpolation: 0, interpolation_duration: 1 }
$data merge entity $(bone_finger_left_1_fire) { transformation: [0.0000034610592060659227f,0.0000158848798132119f,0.000003670073605487696f,0.9984438851881933f,-0.000015871265569014903f,0.000004140889070160269f,-0.0000029552909711578673f,1.0897049214833254f,-0.0000037285085741736434f,-0.0000028812165496918657f,0.000015986700497096746f,1.2182064595145918f,0f,0f,0f,1f], start_interpolation: 0, interpolation_duration: 1 }
$data merge entity $(bone_finger_left_1_fire_s) { transformation: [0.0000020766355236395534f,0.00000953092788792714f,0.0000022020441632926173f,0.9984438851881933f,-0.000009522759341408941f,0.000002484533442096161f,-0.0000017731745826947203f,1.0897049214833254f,-0.000002237105144504186f,-0.0000017287299298151194f,0.000009592020298258046f,1.2182064595145918f,0f,0f,0f,1f], start_interpolation: 0, interpolation_duration: 1 }
$data merge entity $(bone_finger_left_1) { transformation: [0.41285729287846207f,1.89485012735072f,0.4377898681336474f,0.7372320417583988f,-1.893226133171739f,0.49395174997876584f,-0.35252602090192575f,1.2643486542668885f,-0.4447603651823069f,-0.34368994983316375f,1.9069959501768807f,0.2287940769618476f,0f,0f,0f,1f], start_interpolation: 0, interpolation_duration: 1 }
$data merge entity $(bone_finger_left_2_fire) { transformation: [0.000012776517088692983f,-0.000006156769849433614f,-0.000008754003305986313f,0.28907448004698594f,0.000008690873510889377f,0.000013924333343908103f,0.0000028912689814730575f,1.4622205362778853f,0.000006245566946069462f,-0.000006781216979761975f,0.000013884731454851057f,0.6560613367067509f,0f,0f,0f,1f], start_interpolation: 0, interpolation_duration: 1 }
$data merge entity $(bone_finger_left_2_fire_s) { transformation: [0.00000766591025321579f,-0.0000036940619096601683f,-0.000005252401983591788f,0.28907448004698594f,0.000005214524106533626f,0.00000835460000634486f,0.0000017347613888838344f,1.4622205362778853f,0.0000037473401676416772f,-0.000004068730187857185f,0.000008330838872910634f,0.6560613367067509f,0f,0f,0f,1f], start_interpolation: 0, interpolation_duration: 1 }
$data merge entity $(bone_finger_left_2) { transformation: [0.9523660555721557f,-0.45892777944622876f,-0.6525264703293768f,0.5706515379694258f,0.6478207533074228f,1.03792468097158f,0.21551620182314518f,1.370091206916323f,0.4655467461084487f,-0.5054742870974004f,1.034972742300607f,0.2090719331326763f,0f,0f,0f,1f], start_interpolation: 0, interpolation_duration: 1 }
$data merge entity $(bone_finger_film_left) { transformation: [1.0591425130889922f,0.22559610286160311f,-0.05844170596885386f,0.6521588143608296f,-0.6027268535224924f,0.3826648724904531f,0.16585712316304513f,1.3667338900493304f,0.16341746821312675f,-0.05076586284732361f,0.9904977667155684f,0.2821551178995095f,0f,0f,0f,1f], start_interpolation: 0, interpolation_duration: 1 }
$data merge entity $(bone_finger_left_0_fire) { transformation: [0.000014373832545648057f,0.00000829473738345332f,-0.0000015388461479266242f,0.6108293281511382f,-0.000008188948760483817f,0.000014449090975788934f,0.0000013937955191932491f,1.4526417664466384f,0.000002027765747224567f,-4.459590684071572e-7f,0.000016536839612255608f,0.9777873166282436f,0f,0f,0f,1f], start_interpolation: 0, interpolation_duration: 1 }
$data merge entity $(bone_finger_left_0_fire_s) { transformation: [0.000008624299527388834f,0.000004976842430071991f,-9.233076887559745e-7f,0.6108293281511382f,-0.00000491336925629029f,0.00000866945458547336f,8.362773115159495e-7f,1.4526417664466384f,0.00000121665944833474f,-2.675754410442943e-7f,0.000009922103767353364f,0.9777873166282436f,0f,0f,0f,1f], start_interpolation: 0, interpolation_duration: 1 }
$data merge entity $(bone_fire_large_left) { transformation: [0.00002299813207303689f,0.000013271579813525309f,-0.0000024621538366825986f,0.5549423169457066f,-0.000013102318016774106f,0.000023118545561262295f,0.0000022300728307091986f,1.359570000566925f,0.0000032444251955593067f,-7.135345094514515e-7f,0.00002645894337960897f,0.9867434967976902f,0f,0f,0f,1f], start_interpolation: 0, interpolation_duration: 1 }
$data merge entity $(bone_finger_left_0) { transformation: [1.2613609418649858f,0.7278961769791279f,-0.13503986639399929f,0.6408611915140454f,-0.7186128048037779f,1.2679651682621078f,0.1223110971463964f,1.3317004849580787f,0.17794450468780093f,-0.039134680940024966f,1.4511734099128881f,0.2829838443446929f,0f,0f,0f,1f], start_interpolation: 0, interpolation_duration: 1 }
$data merge entity $(bone_wing_left_1_model) { transformation: [-0.685691159200736f,0.6897981220745699f,-0.29151889821791677f,0.3152587854411106f,0.3371578231528381f,0.6372985238890149f,0.7149491427909836f,0.9918105180316289f,0.6686772910175961f,0.3860132449451958f,-0.6594251574258368f,0.09924014531550712f,0f,0f,0f,1f], start_interpolation: 0, interpolation_duration: 1 }
$data merge entity $(bone_wing_left_0) { transformation: [-0.9690309297366321f,0.07079303043461081f,0.23657430979639957f,0.17448312499999993f,0.10236611935975959f,0.9869940805773583f,0.12395104885590377f,1.0042403930569588f,-0.22472257301166257f,0.1443295941487381f,-0.9636745993497383f,0.544855930521188f,0f,0f,0f,1f], start_interpolation: 0, interpolation_duration: 1 }
$data merge entity $(bone_body_0) { transformation: [-1f,3.0814879110195774e-33f,1.2246467991473532e-16f,-1.926189459594364e-17f,0f,1f,0f,0.7094397680569586f,-1.2246467991473532e-16f,0f,-1f,0.15728530552118802f,0f,0f,0f,1f], start_interpolation: 0, interpolation_duration: 1 }
$data merge entity $(bone_leg_right_3) { transformation: [-0.9747042021072583f,-0.2131420059773318f,0.06724733215832226f,-0.2796430313380102f,0.21844004257588998f,-0.8448430847296768f,0.4883893016681337f,0.6821524634503889f,-0.04728283191493607f,0.49072461469993833f,0.8700308536676734f,-0.8637951386092674f,0f,0f,0f,1f], start_interpolation: 0, interpolation_duration: 1 }
$data merge entity $(bone_leg_right_2) { transformation: [-0.8336932402249615f,0.4416534545726418f,0.3315083818959271f,-0.20120881616508002f,0.5208777876572751f,0.42952041204310987f,0.7376981401383493f,0.7471845512792795f,0.18341731523623162f,0.7876893053116618f,-0.5881357383879714f,-0.726042032124014f,0f,0f,0f,1f], start_interpolation: 0, interpolation_duration: 1 }
$data merge entity $(bone_leg_right_1) { transformation: [-0.8783028150289615f,0.47348994024898855f,0.06626795300302518f,-0.2334554345900295f,0.4543285670743176f,0.7834030873204216f,0.42410512366278835f,0.6018979814002972f,0.14889499068940903f,0.4026001481120456f,-0.9031851429733327f,-0.4415425793598452f,0f,0f,0f,1f], start_interpolation: 0, interpolation_duration: 1 }
$data merge entity $(bone_leg_right_0) { transformation: [-0.8783028150289615f,0.4011215728239236f,0.26016465733735566f,-0.09365062499999996f,0.4543285670743176f,0.5307697482693587f,0.7154502271033805f,0.7187177883323855f,0.14889499068940903f,0.7465821844494706f,-0.6484175534408807f,-0.13844636961363763f,0f,0f,0f,1f], start_interpolation: 0, interpolation_duration: 1 }
$data merge entity $(bone_leg_left_3) { transformation: [-0.9813459845856773f,-0.17176230143024807f,0.08635838317703991f,0.2899274667794842f,0.19030922808979248f,-0.9315809655995595f,0.30974070161420364f,0.4874676943702959f,0.027248050231808228f,0.32039759103335413f,0.9468911909076925f,-0.7557604504542237f,0f,0f,0f,1f], start_interpolation: 0, interpolation_duration: 1 }
$data merge entity $(bone_leg_left_2) { transformation: [-0.9568152129940481f,-0.2886222537445923f,0.034667604857369416f,0.2343257515876916f,-0.07133472138929366f,0.3487298089763677f,0.9345046162837387f,0.5401018833864968f,-0.2818084557061167f,0.8916752295397121f,-0.35425877451071747f,-0.6024793090249754f,0f,0f,0f,1f], start_interpolation: 0, interpolation_duration: 1 }
$data merge entity $(bone_leg_left_1) { transformation: [-0.9670290318015988f,-0.07496902879270372f,0.24338138050134653f,0.1618824869748589f,0.01086585219271273f,0.942671396557288f,0.3335454562257718f,0.41936700775544444f,-0.2544342447647104f,0.3251926857028167f,-0.9107760055339624f,-0.3139259627807399f,0f,0f,0f,1f], start_interpolation: 0, interpolation_duration: 1 }
$data merge entity $(bone_leg_left_0) { transformation: [-0.9670290318015988f,-0.07496902879270372f,0.24338138050134653f,0.09365062500000002f,0.01086585219271273f,0.942671396557288f,0.3335454562257718f,0.7187177883323855f,-0.2544342447647104f,0.3251926857028167f,-0.9107760055339624f,-0.1384463696136376f,0f,0f,0f,1f], start_interpolation: 0, interpolation_duration: 1 }
$data merge entity $(bone_tail_3) { transformation: [-2.4422341666666667f,6.527333411692364e-17f,2.9187785106801266e-16f,1.9105771415881258e-16f,0f,2.3833635238440123f,-0.5329972214222867f,0.8832650633975462f,-2.990874254976637e-16f,-0.5329972214222867f,-2.3833635238440123f,-1.5601046301009762f,0f,0f,0f,1f], start_interpolation: 0, interpolation_duration: 1 }
$data merge entity $(bone_tail_2) { transformation: [-1.15625f,-6.6011406626356955e-18f,1.4144583549923945e-16f,1.3316403018868854e-16f,0f,1.154992897525389f,0.05390240408280713f,0.8553539871622136f,-1.415997861514127e-16f,0.05390240408280713f,-1.154992897525389f,-1.0873668251238033f,0f,0f,0f,1f], start_interpolation: 0, interpolation_duration: 1 }
$data merge entity $(bone_tail_1) { transformation: [-1.3854166666666667f,-3.6722142391241896e-17f,1.656428799568637e-16f,8.374206982980062e-17f,0f,1.3525767598640743f,0.29985904847674677f,0.7588197940208284f,-1.696646086318729e-16f,0.29985904847674677f,-1.3525767598640743f,-0.6838058931612373f,0f,0f,0f,1f], start_interpolation: 0, interpolation_duration: 1 }
$data merge entity $(bone_tail_0) { transformation: [-1.1979166666666667f,-5.017520362842231e-17f,1.378552389856279e-16f,4.200076512581106e-17f,0f,1.1256734519831193f,0.40971163002554073f,0.6551145969462893f,-1.4670248114786003e-16f,0.40971163002554073f,-1.1256734519831193f,-0.3429622741434806f,0f,0f,0f,1f], start_interpolation: 0, interpolation_duration: 1 }
$data merge entity $(bone_body_1) { transformation: [-1.0208333333333333f,1.631786602469112e-17f,1.2394649796794557e-16f,6.986074206161022e-18f,0f,1.0120999626524314f,-0.13324548789130264f,0.71197125f,-1.2501602741295897e-16f,-0.13324548789130264f,-1.0120999626524314f,-0.057045625f,0f,0f,0f,1f], start_interpolation: 0, interpolation_duration: 1 }