# This file was generated by Animated Java via MC-Build. It is not recommended to edit this file directly.
$data merge entity $(bone_head_lower) { transformation: [-0.9684593043917857f,0.24325000726422083f,-0.054000089841917724f,0.22260678589657948f,0.14949409216280896f,0.7406122988476211f,0.6550915502462682f,0.7321105860283922f,0.19934415503193523f,0.62635681265681f,-0.75361731077053f,0.7167498846640855f,0f,0f,0f,1f], start_interpolation: 0, interpolation_duration: 1 }
$data merge entity $(bone_head_upper) { transformation: [-1.0080688864166998f,0.2584617311825259f,0.021600841100152524f,0.22958664741518484f,0.15560833824306278f,0.5333490344058813f,0.8802254229179325f,0.8048155245738445f,0.2074972479126768f,0.8556916989172869f,-0.5551653367207101f,0.6977569929390227f,0f,0f,0f,1f], start_interpolation: 0, interpolation_duration: 1 }
$data merge entity $(bone_neck_0) { transformation: [-0.9309754097846915f,-0.34809650717608315f,-0.11006183747347076f,0.2284209230599104f,-0.3610406925350304f,0.9225679048474441f,0.13608114961015966f,0.7987564412230728f,0.05417014592975733f,0.16642500604539018f,-0.9845650372894319f,0.6313742779450364f,0f,0f,0f,1f], start_interpolation: 0, interpolation_duration: 1 }
$data merge entity $(bone_neck_1) { transformation: [-0.9199647677734976f,-0.037480913266144826f,-0.3902050835089037f,0.19519276116268225f,0.0036784386761916114f,0.9945492179489008f,-0.1042032732985622f,0.7945108202351608f,0.39198379449201753f,-0.09729868559217583f,-0.9148123690886971f,0.5534294204886921f,0f,0f,0f,1f], start_interpolation: 0, interpolation_duration: 1 }
$data merge entity $(bone_neck_2) { transformation: [-0.9073648212492061f,-0.009205616491826663f,-0.4202431888614039f,0.15828617725554148f,0.07471022608336017f,0.9803103276786417f,-0.1827841447313392f,0.7880954090775388f,0.4136513789146234f,-0.1972483664611684f,-0.8888113515535404f,0.4736316952195814f,0f,0f,0f,1f], start_interpolation: 0, interpolation_duration: 1 }
$data merge entity $(bone_body_0) { transformation: [-0.9421933487212092f,-0.10347631542165703f,-0.31869161547218594f,0.007102272727272719f,0.03621994106097375f,0.9140944663324221f,-0.4038804556920079f,0.6064559572715036f,0.33310630359549404f,-0.3920764705605301f,-0.8575058202354923f,0.06575739931174254f,0f,0f,0f,1f], start_interpolation: 0, interpolation_duration: 1 }
$data merge entity $(bone_leg_left_3) { transformation: [-0.9637156382812109f,-0.03591365527630527f,-0.26450402245888976f,0.26848286622765355f,-0.059132828924880865f,0.9950111961242332f,0.08034941275930241f,0.04511125639760938f,0.26029882265499965f,0.09307485671285598f,-0.9610315260033373f,-0.13820415901662034f,0f,0f,0f,1f], start_interpolation: 0, interpolation_duration: 1 }
$data merge entity $(bone_leg_left_2) { transformation: [-0.989302008741503f,-0.12549511930321341f,-0.2399889789798556f,0.23027862008186864f,-0.060470839739802947f,0.9883440038915331f,-0.26754739208878753f,0.2671305827509374f,0.2639829777502413f,-0.24390429373715525f,-0.9606694969943567f,-0.2243373487175851f,0f,0f,0f,1f], start_interpolation: 0, interpolation_duration: 1 }
$data merge entity $(bone_leg_left_1) { transformation: [-0.9555019472231303f,0.1690401354520838f,0.2417466886208524f,0.28240962303326494f,0.28787477052015786f,0.35550411859811515f,0.8892384034429373f,0.310814866019098f,0.06437503670501973f,0.9192617985460501f,-0.38834726776830675f,0.044711768705970587f,0f,0f,0f,1f], start_interpolation: 0, interpolation_duration: 1 }
$data merge entity $(bone_leg_left_0) { transformation: [-0.9830002727652054f,0.054157154653258585f,-0.17543507728899238f,0.20365602272727276f,0.14726400051226524f,0.8032164839070869f,-0.5771971882581031f,0.6902944344429475f,0.10965298854411244f,-0.5932202648087803f,-0.7975374220207759f,-0.11053128637909955f,0f,0f,0f,1f], start_interpolation: 0, interpolation_duration: 1 }
$data merge entity $(bone_leg_right_3) { transformation: [-0.9956590260348636f,-0.00021000407801756438f,0.09307555948579804f,-0.18550979094158093f,0.0031194003625731785f,0.9993603934618738f,0.03562405537142768f,0.01776245321092476f,-0.09302350894631477f,0.035759752208534334f,-0.9950215409252702f,-0.10449406883881532f,0f,0f,0f,1f], start_interpolation: 0, interpolation_duration: 1 }
$data merge entity $(bone_leg_right_2) { transformation: [-1.0215310853295867f,0.01620784422118556f,0.090960139576373f,-0.17733590910741917f,0.002655886896494979f,1.0145293533199518f,-0.15094812691016551f,0.2495786789166045f,-0.09235468299357923f,-0.15009895582113894f,-1.0104469879668372f,-0.17056597831137493f,0f,0f,0f,1f], start_interpolation: 0, interpolation_duration: 1 }
$data merge entity $(bone_leg_right_1) { transformation: [-0.9384922816251586f,-0.025728923221846098f,-0.3443403256080362f,-0.18475379427015595f,-0.3153276746518301f,0.470240742700912f,0.8242827800595888f,0.3273315783708097f,0.14071494209455376f,0.8821630611252883f,-0.4494303490613283f,0.09572868416976148f,0f,0f,0f,1f], start_interpolation: 0, interpolation_duration: 1 }
$data merge entity $(bone_leg_right_0) { transformation: [-0.9561733076250296f,-0.27339696304289896f,0.10481749083206636f,-0.18945147727272724f,-0.2738734957474662f,0.7084711694476516f,-0.6504320951402534f,0.6902944344429475f,0.1035659891686126f,-0.6506325404253899f,-0.7522974034430334f,-0.1105312863790996f,0f,0f,0f,1f], start_interpolation: 0, interpolation_duration: 1 }
$data merge entity $(bone_tail_4) { transformation: [-2.392881638098578f,1.0081328875781383f,-0.9399185489360392f,-0.7959677881120629f,0.7554381316404646f,2.5343398374751445f,0.7950447465709233f,0.5076453006592403f,1.1528625360008145f,0.4317997229848852f,-2.4718653490665603f,-1.5102505364442036f,0f,0f,0f,1f], start_interpolation: 0, interpolation_duration: 1 }
$data merge entity $(bone_tail_3) { transformation: [-1.2165857420106f,0.3356456990513823f,-1.6562628484299435f,-0.5184113714353602f,0.17802507994465452f,2.0549081301514525f,0.2856661925965443f,0.43909798165203945f,1.680527217658691f,0.02529955316236633f,-1.2292817941231244f,-1.3020573471865353f,0f,0f,0f,1f], start_interpolation: 0, interpolation_duration: 1 }
$data merge entity $(bone_tail_2) { transformation: [-1.151128638616926f,0.07852515633103661f,-1.577184368481347f,-0.2260487531441088f,0.250840829322291f,1.9360625558159197f,-0.08668640790349998f,0.45585897022107635f,1.5590880702204173f,-0.2535142102397674f,-1.150542832538476f,-1.0870814121212047f,0f,0f,0f,1f], start_interpolation: 0, interpolation_duration: 1 }
$data merge entity $(bone_tail_1) { transformation: [-1.338167212393285f,-0.002991222436861695f,-0.7049509303943916f,-0.07303616612073166f,0.13612426334712788f,1.482924862454433f,-0.26468903876568844f,0.4945598244287285f,0.6916899208487767f,-0.2976258639682304f,-1.3117317364817314f,-0.8018340298460299f,0f,0f,0f,1f], start_interpolation: 0, interpolation_duration: 1 }
$data merge entity $(bone_tail_0) { transformation: [-1.2465456719786345f,-0.049807586599947926f,-0.27835015461186813f,0.007102272727272785f,0.053223826766554946f,1.1944143639677969f,-0.45208104140270544f,0.6554917583325819f,0.27771717361316706f,-0.4524701626058006f,-1.1627465932075753f,-0.4729713615941413f,0f,0f,0f,1f], start_interpolation: 0, interpolation_duration: 1 }
$data merge entity $(bone_body_1) { transformation: [-1.2363675f,1.1727183637345753e-17f,1.5095651730386059e-16f,0.00710227272727275f,0f,1.2326535080070629f,-0.09575972146018488f,0.594726590909091f,-1.5141135014448153e-16f,-0.09575972146018488f,-1.2326535080070629f,-0.1799465909090909f,0f,0f,0f,1f], start_interpolation: 0, interpolation_duration: 1 }