# This file was generated by Animated Java via MC-Build. It is not recommended to edit this file directly.
$data merge entity $(bone_head_lower) { transformation: [-0.995163631620654f,0.02043579944639062f,-0.09608186301575286f,0.17101450171444518f,-0.023036793198666614f,0.902290738885527f,0.4305121701886385f,0.9912840189861183f,0.0954916355431869f,0.43064347275025106f,-0.8974561532013087f,0.5946849839169791f,0f,0f,0f,1f], start_interpolation: 0, interpolation_duration: 1 }
$data merge entity $(bone_head_upper) { transformation: [-1.0358654095024258f,0.05705342836680598f,-0.08485105945992998f,0.1661246506218606f,-0.023978988441828247f,0.7041508075686924f,0.7662040138874059f,1.0599081816107043f,0.09939720364872177f,0.7644530653319791f,-0.6994309468381154f,0.5636645043564761f,0f,0f,0f,1f], start_interpolation: 0, interpolation_duration: 1 }
$data merge entity $(bone_neck_0) { transformation: [-0.8900162302490884f,-0.45456145646906054f,-0.035284446799228764f,0.17150906336910768f,-0.44754271887291186f,0.8858005374670411f,-0.12273109877672728f,1.0377385672849289f,0.0870438089529813f,-0.09344137261313809f,-0.9918125252320267f,0.5010206494758053f,0f,0f,0f,1f], start_interpolation: 0, interpolation_duration: 1 }
$data merge entity $(bone_neck_1) { transformation: [-0.9518733087079171f,-0.1491247138468811f,-0.26776673409803536f,0.1481387076365157f,-0.02199530152473401f,0.9046349643529022f,-0.4256192993522021f,1.0058505665778967f,0.3057015061792764f,-0.3992460406695466f,-0.8643779197373176f,0.4259572181102484f,0f,0f,0f,1f], start_interpolation: 0, interpolation_duration: 1 }
$data merge entity $(bone_neck_2) { transformation: [-0.950819303421001f,-0.10031442115012297f,-0.2930523317622946f,0.12148298460207754f,0.08091091477760566f,0.8328191625039335f,-0.5475999145691111f,0.9660305271751735f,0.29899176595995625f,-0.5443797015645996f,-0.7837440043870092f,0.3519655477302825f,0f,0f,0f,1f], start_interpolation: 0, interpolation_duration: 1 }
$data merge entity $(bone_body_0) { transformation: [-0.9562087631022416f,-0.17495852512679147f,-0.2346365612003786f,0.009232954545454537f,0.06439889092760569f,0.6562557532340292f,-0.7517853212151269f,0.6179685808506844f,0.2855128442185666f,-0.7339740464299095f,-0.616250367102146f,0.05453704039411483f,0f,0f,0f,1f], start_interpolation: 0, interpolation_duration: 1 }
$data merge entity $(bone_leg_left_3) { transformation: [-0.9506826214366415f,-0.024616465750520844f,-0.3091869707997232f,0.2879181275928841f,-0.05841292522314988f,0.9932178012300568f,0.10053024165197913f,0.054420066509194315f,0.3046153040561655f,0.11363286907265921f,-0.9456728227040706f,-0.14326524723981435f,0f,0f,0f,1f], start_interpolation: 0, interpolation_duration: 1 }
$data merge entity $(bone_leg_left_2) { transformation: [-0.976074142710272f,-0.1304902412748803f,-0.2869037545329884f,0.24712017049012203f,-0.05967344157259635f,0.9932885766422304f,-0.24875506705116074f,0.27817396967469504f,0.30948432561922046f,-0.22002795264413344f,-0.9528217838357499f,-0.22351977720828697f,0f,0f,0f,1f], start_interpolation: 0, interpolation_duration: 1 }
$data merge entity $(bone_leg_left_1) { transformation: [-0.9498121715510716f,0.21413440126765942f,0.22804231398400293f,0.31211538946851825f,0.2914485565090772f,0.34092378043117716f,0.8937721828549428f,0.31758560185854084f,0.1136423234636326f,0.9153783011030221f,-0.3862227183731317f,0.04338044837858124f,0f,0f,0f,1f], start_interpolation: 0, interpolation_duration: 1 }
$data merge entity $(bone_leg_left_0) { transformation: [-0.9769620366511409f,-0.025421438549650944f,-0.21189367476288912f,0.20578670454545456f,0.11830955901355131f,0.7618313443707139f,-0.6368797774936255f,0.6823078594815406f,0.1776176432353322f,-0.647276411741056f,-0.7412727025967901f,-0.12976447393035367f,0f,0f,0f,1f], start_interpolation: 0, interpolation_duration: 1 }
$data merge entity $(bone_leg_right_3) { transformation: [-0.9976850244156001f,0.012221438672900549f,0.06689714862090776f,-0.19162550721375568f,0.01514385765270245f,0.9989449931770276f,0.04335394078907548f,0.023036115009687663f,-0.06629672414409318f,0.04426665837074786f,-0.9968175396352378f,-0.10046045071722998f,0f,0f,0f,1f], start_interpolation: 0, interpolation_duration: 1 }
$data merge entity $(bone_leg_right_2) { transformation: [-1.0235337787354142f,0.019761200420259088f,0.063641953507484f,-0.18346449058507242f,0.014776611645847686f,1.0224820684540188f,-0.07983903142544338f,0.2588848927946654f,-0.0649804204092757f,-0.07875350245313223f,-1.020606501211653f,-0.15025828090022222f,0f,0f,0f,1f], start_interpolation: 0, interpolation_duration: 1 }
$data merge entity $(bone_leg_right_1) { transformation: [-0.9384855325853879f,0.004567145311704449f,-0.3452883524123317f,-0.18260146648144068f,-0.29836289654756676f,0.4926851758966577f,0.817460029246339f,0.34343496063636925f,0.1738519113834149f,0.8701956438843974f,-0.46101524299414665f,0.11405957108319084f,0f,0f,0f,1f], start_interpolation: 0, interpolation_duration: 1 }
$data merge entity $(bone_leg_right_0) { transformation: [-0.9561733076250296f,-0.27351726268941723f,0.10450317122603947f,-0.18732079545454544f,-0.2611082824718662f,0.6350141690376594f,-0.7270347102759286f,0.6823078594815406f,0.1324955493969617f,-0.7224578272344342f,-0.6786012210847383f,-0.12976447393035373f,0f,0f,0f,1f], start_interpolation: 0, interpolation_duration: 1 }
$data merge entity $(bone_tail_4) { transformation: [-2.384838244361141f,1.3714202681468644f,-0.23961287099914097f,-0.7269740326095275f,1.268207755305055f,2.3360985233797056f,0.7483008152122207f,0.4569827185997269f,0.5743317588437734f,0.5362009593232218f,-2.6473180567518284f,-1.5711464368796393f,0f,0f,0f,1f], start_interpolation: 0, interpolation_duration: 1 }
$data merge entity $(bone_tail_3) { transformation: [-1.4246776622909523f,0.6383720824682189f,-1.3779405534850986f,-0.4995732073191871f,0.4430303617175795f,1.9819077817444188f,0.4601208203306523f,0.35956870726647894f,1.4525712317163733f,0.02163689050097552f,-1.4918157352045434f,-1.3184013508977284f,0f,0f,0f,1f], start_interpolation: 0, interpolation_duration: 1 }
$data merge entity $(bone_tail_2) { transformation: [-1.279894592614094f,0.33222465924582095f,-1.4388434531209346f,-0.23296270984930637f,0.4444744467486932f,1.9024430527371694f,0.04389501432167493f,0.352190076203299f,1.40822092477971f,-0.29851479340872705f,-1.3215811061495624f,-1.0717520403135776f,0f,0f,0f,1f], start_interpolation: 0, interpolation_duration: 1 }
$data merge entity $(bone_tail_1) { transformation: [-1.3387377783471928f,0.029351395523219533f,-0.7032609091986148f,-0.08070860652173867f,0.20752926890057197f,1.4604670619231872f,-0.3341015019227659f,0.40603402312118503f,0.6725838337156321f,-0.39221257835298107f,-1.2967098865999636f,-0.7885627142452204f,0f,0f,0f,1f], start_interpolation: 0, interpolation_duration: 1 }
$data merge entity $(bone_tail_0) { transformation: [-1.2369577028178023f,-0.07281958539723338f,-0.31379717335614804f,0.009232954545454603f,0.08606225122268871f,1.1251680473595917f,-0.6003547873545393f,0.6086239548234067f,0.3104265564319783f,-0.6021045505288979f,-1.0839470373953728f,-0.4863380520045839f,0f,0f,0f,1f], start_interpolation: 0, interpolation_duration: 1 }
$data merge entity $(bone_body_1) { transformation: [-1.2363675f,2.793738157937431e-17f,1.4881162475782337e-16f,0.009232954545454567f,0f,1.2151391312289535f,-0.22812603273715654f,0.5798118181818182f,-1.5141135014448153e-16f,-0.22812603273715654f,-1.2151391312289535f,-0.18846931818181817f,0f,0f,0f,1f], start_interpolation: 0, interpolation_duration: 1 }