# This file was generated by Animated Java via MC-Build. It is not recommended to edit this file directly.
$data merge entity $(bone_head_lower) { transformation: [-0.9695287580241706f,-0.21426404828108245f,-0.11876407275902531f,0.13062698707553377f,-0.24372522080754538f,0.8925980429783157f,0.3792977068393568f,1.0547556354808625f,0.02473871674970846f,0.3966858344905745f,-0.9176210245019969f,0.5218819692168071f,0f,0f,0f,1f], start_interpolation: 0, interpolation_duration: 1 }
$data merge entity $(bone_head_upper) { transformation: [-1.0091820802570435f,-0.1336987826581803f,-0.21713614850432894f,0.11234274324448179f,-0.2536934807863987f,0.6159315166743106f,0.7998374379567841f,1.1236461469467613f,0.025750519956972893f,0.828386953582993f,-0.629749083714253f,0.4970779302454949f,0f,0f,0f,1f], start_interpolation: 0, interpolation_duration: 1 }
$data merge entity $(bone_neck_0) { transformation: [-0.8652578426317589f,-0.4997868836907426f,0.039267501256515f,0.12327391816540098f,-0.5008767176231779f,0.8585051547708468f,-0.10996096114037934f,1.1027625624529083f,0.02124569385230024f,-0.11481276114866662f,-0.9931599319194032f,0.43471510824525783f,0f,0f,0f,1f], start_interpolation: 0, interpolation_duration: 1 }
$data merge entity $(bone_neck_1) { transformation: [-0.9671922813106966f,-0.21725660689143628f,-0.13167633703528597f,0.11111833013571569f,-0.13113849192026278f,0.87088842441631f,-0.4736623778120409f,1.0666492163437526f,0.21758167870914474f,-0.4408547595066853f,-0.8708072657657452f,0.35891534071933373f,0f,0f,0f,1f], start_interpolation: 0, interpolation_duration: 1 }
$data merge entity $(bone_neck_2) { transformation: [-0.979977089131169f,-0.13073286086819152f,-0.1501793057222562f,0.09668154019371547f,-0.0059331970090697045f,0.7730904677868017f,-0.6342680236228498f,1.018651619325389f,0.199021862998145f,-0.6206770881113644f,-0.7583866100758538f,0.286398169161323f,0f,0f,0f,1f], start_interpolation: 0, interpolation_duration: 1 }
$data merge entity $(bone_body_0) { transformation: [-0.9689828571940319f,-0.1718920826474986f,-0.1775537506987556f,0.011363636363636359f,0.06105725793186376f,0.5296754964970283f,-0.8459999288797067f,0.6249808465426214f,0.23946656075104142f,-0.8306003734249896f,-0.5027512167547044f,0.04154089921455392f,0f,0f,0f,1f], start_interpolation: 0, interpolation_duration: 1 }
$data merge entity $(bone_leg_left_3) { transformation: [-0.9373865718918547f,0.00010057586464495838f,-0.3482906899722302f,0.2994156191524246f,-0.0440521739003782f,0.991934745356387f,0.11884808340655131f,0.06113556635856149f,0.3454935901163545f,0.1267495595229238f,-0.9298218799045641f,-0.15069341589367682f,0f,0f,0f,1f], start_interpolation: 0, interpolation_duration: 1 }
$data merge entity $(bone_leg_left_2) { transformation: [-0.962560239540061f,-0.1202968869050898f,-0.33326962621609985f,0.2595817702152156f,-0.04488662877285195f,0.9984019903671031f,-0.23073980083442397f,0.2866610911981387f,0.351461484823989f,-0.20195129148546073f,-0.9422062937878128f,-0.226341113748248f,0f,0f,0f,1f], start_interpolation: 0, interpolation_duration: 1 }
$data merge entity $(bone_leg_left_1) { transformation: [-0.9379714827602632f,0.2607467683540903f,0.22851831506776843f,0.33697905266434536f,0.30816082514729914f,0.3249184663128382f,0.8941280087847872f,0.3213728727540282f,0.15889116832929762f,0.9090869667099026f,-0.38511619491413157f,0.0378901080073793f,0f,0f,0f,1f], start_interpolation: 0, interpolation_duration: 1 }
$data merge entity $(bone_leg_left_0) { transformation: [-0.9637751220619567f,-0.09496790090778523f,-0.24923605656411257f,0.20791738636363638f,0.10634483650121368f,0.7201432105011444f,-0.6856271086520971f,0.6723041459945299f,0.24459822126088848f,-0.6872953180156791f,-0.683956764707928f,-0.1478452045154089f,0f,0f,0f,1f], start_interpolation: 0, interpolation_duration: 1 }
$data merge entity $(bone_leg_right_3) { transformation: [-0.9986027918149306f,0.026663567949919826f,0.04562365969106756f,-0.198335609491243f,0.029011183651187537f,0.998246756855652f,0.05159228285635673f,0.030514225197291023f,-0.044168035982862376f,0.05284379406660036f,-0.9976255399828454f,-0.10176526683523372f,0f,0f,0f,1f], start_interpolation: 0, interpolation_duration: 1 }
$data merge entity $(bone_leg_right_2) { transformation: [-1.0244221130696538f,0.029069008358273012f,0.042148861285528035f,-0.18866781102400373f,0.028788717074727684f,1.0252700571197726f,-0.007397245670119237f,0.26922991667238805f,-0.04234080211558745f,-0.006205016307751641f,-1.0248077642902225f,-0.13481711069270685f,0f,0f,0f,1f], start_interpolation: 0, interpolation_duration: 1 }
$data merge entity $(bone_leg_right_1) { transformation: [-0.9385243263582287f,0.031397933960325294f,-0.34378228368671954f,-0.18059634894636797f,-0.28102983770112444f,0.5088603696974465f,0.8136850462390581f,0.35871968883756855f,0.20048520931857458f,0.860276289278277f,-0.46875407939567443f,0.12774682026034517f,0f,0f,0f,1f], start_interpolation: 0, interpolation_duration: 1 }
$data merge entity $(bone_leg_right_0) { transformation: [-0.9561733076250295f,-0.2728260002647949f,0.10629477581200653f,-0.18519011363636362f,-0.24798624319686385f,0.5615625648536342f,-0.7893987008730847f,0.6723041459945299f,0.15567732323789651f,-0.781161608973791f,-0.6046082299265877f,-0.14784520451540895f,0f,0f,0f,1f], start_interpolation: 0, interpolation_duration: 1 }
$data merge entity $(bone_tail_4) { transformation: [-2.0805114885790834f,1.4709344220301623f,1.0646526210822178f,-0.4583584799787301f,1.7664158878614808f,2.0145776330297642f,0.6685156716238815f,0.38539180323550826f,-0.4206045513317483f,1.1846899249098832f,-2.4587116392159603f,-1.7098549951738453f,0f,0f,0f,1f], start_interpolation: 0, interpolation_duration: 1 }
$data merge entity $(bone_tail_3) { transformation: [-1.8270403506178905f,0.8817184843566249f,-0.4695120846180156f,-0.3873748884117376f,0.7647220513494934f,1.8642380832267855f,0.5251305354587439f,0.27810603697206554f,0.6427046502385998f,0.2883303824351857f,-1.9595259245978103f,-1.3804133500828186f,0f,0f,0f,1f], start_interpolation: 0, interpolation_duration: 1 }
$data merge entity $(bone_tail_2) { transformation: [-1.6378648510387706f,0.5712692702334687f,-0.8999022311459409f,-0.22116020494826405f,0.5938648375775085f,1.8590952095123365f,0.09931481087983465f,0.2605251380058014f,0.8851537490309589f,-0.1902374775326307f,-1.7317870590003948f,-1.0578686633155183f,0f,0f,0f,1f], start_interpolation: 0, interpolation_duration: 1 }
$data merge entity $(bone_tail_1) { transformation: [-1.3738248075465633f,0.043234346374530004f,-0.6311833643745813f,-0.084552568666359f,0.22974694339928256f,1.4400454008446528f,-0.40142475696554875f,0.3290847058496786f,0.5894726373364036f,-0.46049569465927737f,-1.3145805319690136f,-0.7699196810888751f,0f,0f,0f,1f], start_interpolation: 0, interpolation_duration: 1 }
$data merge entity $(bone_tail_0) { transformation: [-1.2289821056392691f,-0.100838701866108f,-0.3365564689743078f,0.011363636363636425f,0.11304326655337638f,1.0458348160910487f,-0.7261449400242163f,0.5665189916068802f,0.33265585894350086f,-0.7279401144612025f,-0.9966338273673039f,-0.496246604480319f,0f,0f,0f,1f], start_interpolation: 0, interpolation_duration: 1 }
$data merge entity $(bone_body_1) { transformation: [-1.2363675f,4.1346089860016914e-17f,1.4565678084408632e-16f,0.011363636363636388f,0f,1.1893778756903481f,-0.3376164449113301f,0.5648970454545454f,-1.5141135014448153e-16f,-0.3376164449113301f,-1.1893778756903481f,-0.19699204545454546f,0f,0f,0f,1f], start_interpolation: 0, interpolation_duration: 1 }