# This file was generated by Animated Java via MC-Build. It is not recommended to edit this file directly.
$data merge entity $(bone_head_lower) { transformation: [-0.9201315473611256f,-0.37084919904975233f,-0.1258125872676432f,0.10129373213622796f,-0.3908571425892536f,0.8497752315477465f,0.3537128071401116f,1.0747236189741622f,-0.024261690744567233f,0.3746370609164699f,-0.9268540569852859f,0.4883707984686375f,0f,0f,0f,1f], start_interpolation: 0, interpolation_duration: 1 }
$data merge entity $(bone_head_upper) { transformation: [-0.957764544260051f,-0.2500183718027061f,-0.3219469429936683f,0.07318814410616206f,-0.40684303686401135f,0.5353855777001069f,0.7945520556448764f,1.1413935903369754f,-0.025253983786982227f,0.8569276746233332f,-0.5903466264416529f,0.46690810218502127f,0f,0f,0f,1f], start_interpolation: 0, interpolation_duration: 1 }
$data merge entity $(bone_neck_0) { transformation: [-0.8440511665202813f,-0.5293150055069094f,0.08604215967171769f,0.08761630051777905f,-0.5356217293253077f,0.8399623004625804f,-0.08702124382113258f,1.122305543252136f,-0.026210520222223588f,-0.11953643271752265f,-0.992483778145945f,0.4046810098911839f,0f,0f,0f,1f], start_interpolation: 0, interpolation_duration: 1 }
$data merge entity $(bone_neck_1) { transformation: [-0.9626585815330612f,-0.2680540595791373f,-0.03788768327437431f,0.08317182492287294f,-0.21833148408806785f,0.8514795756193059f,-0.4767744701209039f,1.0858391479379064f,0.16006192069526337f,-0.45069896099981344f,-0.878208761113798f,0.3282088875588996f,0f,0f,0f,1f], start_interpolation: 0, interpolation_duration: 1 }
$data merge entity $(bone_neck_2) { transformation: [-0.9871766291980831f,-0.15193483138485464f,-0.048970499049592525f,0.0773941049688584f,-0.08304790431296777f,0.7508002923075604f,-0.6552876976260931f,1.035781835080002f,0.1363280908482713f,-0.6428178031782706f,-0.7537903710997691f,0.2558776095685342f,0f,0f,0f,1f], start_interpolation: 0, interpolation_duration: 1 }
$data merge entity $(bone_body_0) { transformation: [-0.978086954707105f,-0.15945386302876582f,-0.13386700339136953f,0.012784090909090903f,0.043402138804476166f,0.4726942256898253f,-0.8801570447066214f,0.6254701238661667f,0.20362260036395358f,-0.8666802377836361f,-0.4554154170165097f,0.032985818721280674f,0f,0f,0f,1f], start_interpolation: 0, interpolation_duration: 1 }
$data merge entity $(bone_leg_left_3) { transformation: [-0.9296459118347691f,0.019175629558160323f,-0.36795485299143554f,0.30361487577579505f,-0.030939770620509868f,0.9910550122277856f,0.12981792377069756f,0.06287234369913916f,0.3671528417469364f,0.1320691408665649f,-0.9207369509408846f,-0.15722116215552345f,0f,0f,0f,1f], start_interpolation: 0, interpolation_duration: 1 }
$data merge entity $(bone_leg_left_2) { transformation: [-0.954683392813981f,-0.10839606214521433f,-0.35901547696066166f,0.2657716496727817f,-0.0313999528991765f,1.0015773347503947f,-0.21890428267377565f,0.28952473016418034f,0.37370558190079256f,-0.19275719370856606f,-0.9355485031950419f,-0.23048546460790112f,0f,0f,0f,1f], start_interpolation: 0, interpolation_duration: 1 }
$data merge entity $(bone_leg_left_1) { transformation: [-0.9284467775888725f,0.28765991813605596f,0.23502840824631446f,0.3499454324959712f,0.3228906795808838f,0.3121544625607883f,0.8934770285481217f,0.32051010206912817f,0.18365236242595312f,0.9054343504646505f,-0.3827015113296829f,0.03213225503971193f,0f,0f,0f,1f], start_interpolation: 0, interpolation_duration: 1 }
$data merge entity $(bone_leg_left_0) { transformation: [-0.9533729884872799f,-0.13204491891899198f,-0.2713744354402411f,0.20933784090909094f,0.10498589381220247f,0.69793175242549f,-0.7084272941218015f,0.6644185006846297f,0.2829450599025996f,-0.7038859341853347f,-0.6515264267339835f,-0.15829830215716093f,0f,0f,0f,1f], start_interpolation: 0, interpolation_duration: 1 }
$data merge entity $(bone_leg_right_3) { transformation: [-0.9987470732925826f,0.03562061677712462f,0.0351490433713038f,-0.20224903607217068f,0.03759551384911297f,0.9976532129061916f,0.05722450625714691f,0.03506518989311125f,-0.03302818384231425f,0.05847425449178757f,-0.9977424019423585f,-0.10585740658311729f,0f,0f,0f,1f], start_interpolation: 0, interpolation_duration: 1 }
$data merge entity $(bone_leg_right_2) { transformation: [-1.0245488804270015f,0.03622237866469766f,0.03239954321195455f,-0.191214898305562f,0.03745953970870893f,1.0242572130524306f,0.0394479897532649f,0.2749790647613458f,-0.030960846262395637f,0.04058694734312137f,-1.024429756110577f,-0.1280080841229168f,0f,0f,0f,1f], start_interpolation: 0, interpolation_duration: 1 }
$data merge entity $(bone_leg_right_1) { transformation: [-0.9385876075831106f,0.04557652461258879f,-0.34201766518069054f,-0.1793864052620488f,-0.27144608147277133f,0.5143832704930351f,0.8134659648012117f,0.3661717222350811f,0.21300311674830122f,0.8563484287608207f,-0.47042219421959913f,0.13382654237816904f,0f,0f,0f,1f], start_interpolation: 0, interpolation_duration: 1 }
$data merge entity $(bone_leg_right_0) { transformation: [-0.9561733076250296f,-0.2716995194124084f,0.10914200353886168f,-0.18376965909090906f,-0.24089966481733394f,0.5181100973504436f,-0.8206882955875574f,0.6644185006846297f,0.16643304141998577f,-0.8110125141911068f,-0.5608553686549796f,-0.15829830215716095f,0f,0f,0f,1f], start_interpolation: 0, interpolation_duration: 1 }
$data merge entity $(bone_tail_4) { transformation: [-1.6961476435342644f,1.1538993825701909f,1.8485834354546442f,-0.22094437289862107f,1.9646314631146908f,1.8232607659009266f,0.6645334643689468f,0.33288768255836754f,-0.9428508456129162f,1.7233391210178275f,-1.9408235078173668f,-1.7430706446854922f,0f,0f,0f,1f], start_interpolation: 0, interpolation_duration: 1 }
$data merge entity $(bone_tail_3) { transformation: [-1.878846318689356f,0.8471627761667089f,0.2969802476081783f,-0.2795914010887404f,0.8957351210007779f,1.8148167395238701f,0.48994318139363374f,0.232052017873445f,-0.059503191491057615f,0.5698253755896698f,-2.001925057933217f,-1.4091943229033346f,0f,0f,0f,1f], start_interpolation: 0, interpolation_duration: 1 }
$data merge entity $(bone_tail_2) { transformation: [-1.8096270670567585f,0.6140778666508973f,-0.4085732821267363f,-0.20483051840173866f,0.6087366092718426f,1.8546867968099492f,0.09138107721977286f,0.21595593052890275f,0.41648948811530717f,-0.042651312185077866f,-1.9087931388343569f,-1.0540560253892566f,0f,0f,0f,1f], start_interpolation: 0, interpolation_duration: 1 }
$data merge entity $(bone_tail_1) { transformation: [-1.4051075872641177f,0.04225854685277671f,-0.5581604907467943f,-0.08389477497670386f,0.21295452711045335f,1.435132688012569f,-0.42743512628348784f,0.29018873549359003f,0.5176671590858104f,-0.47567282139692396f,-1.3391834562106555f,-0.7605586427294839f,0f,0f,0f,1f], start_interpolation: 0, interpolation_duration: 1 }
$data merge entity $(bone_tail_0) { transformation: [-1.226685937808487f,-0.11508345785291774f,-0.3403426571788446f,0.012784090909090969f,0.12344434224430724f,1.0021344163728765f,-0.7837881234574126f,0.5434131307115738f,0.3374000903005379f,-0.7850593135767753f,-0.9506202027179829f,-0.5017102047231785f,0f,0f,0f,1f], start_interpolation: 0, interpolation_duration: 1 }
$data merge entity $(bone_body_1) { transformation: [-1.2363675f,4.771201824517862e-17f,1.4369746089457018e-16f,0.012784090909090932f,0f,1.1733788141578287f,-0.38959819499301823f,0.5549538636363637f,-1.5141135014448153e-16f,-0.38959819499301823f,-1.1733788141578287f,-0.20267386363636364f,0f,0f,0f,1f], start_interpolation: 0, interpolation_duration: 1 }