# This file was generated by Animated Java via MC-Build. It is not recommended to edit this file directly.
$data merge entity $(bone_head_lower) { transformation: [-0.8623123105951531f,-0.49072191316521496f,-0.12493791632454632f,0.0744045920083939f,-0.5011155003084159f,0.7914965728237027f,0.3498805947162236f,1.075607259192556f,-0.0728061422319155f,0.3643146705086191f,-0.928425595567842f,0.47485284565344166f,0f,0f,0f,1f], start_interpolation: 0, interpolation_duration: 1 }
$data merge entity $(bone_head_upper) { transformation: [-0.8975805248016989f,-0.34402254728059223f,-0.39933648849408504f,0.03887181652504648f,-0.5216109154729051f,0.4663652755545227f,0.7706474065355559f,1.1390438471509485f,-0.07578388311330826f,0.8646524500069571f,-0.5745475492426556f,0.4546370679923173f,0f,0f,0f,1f], start_interpolation: 0, interpolation_duration: 1 }
$data merge entity $(bone_neck_0) { transformation: [-0.8278430330284644f,-0.5458746390245237f,0.12921606376948133f,0.05635523517486424f,-0.5561484354432401f,0.8287761797350293f,-0.06187860420085428f,1.1217697746917046f,-0.07331323495978598f,-0.12308908308073413f,-0.989683912775223f,0.3926639064844123f,0f,0f,0f,1f], start_interpolation: 0, interpolation_duration: 1 }
$data merge entity $(bone_neck_1) { transformation: [-0.9505934558887192f,-0.307486640754007f,0.042708867689952176f,0.058556684303967994f,-0.29214496762180536f,0.8395413335204754f,-0.4580629511365395f,1.0868334926350682f,0.10499237836526937f,-0.4479088245039137f,-0.8878931722998697f,0.31538424122684044f,0f,0f,0f,1f], start_interpolation: 0, interpolation_duration: 1 }
$data merge entity $(bone_neck_2) { transformation: [-0.9853141096596394f,-0.1666880657984929f,0.03702963713013249f,0.060168777894637704f,-0.15082812150117808f,0.7479750585815175f,-0.6463622741964455f,1.0375304530063278f,0.08004363228925744f,-0.6424549793256586f,-0.7621316267349161f,0.24232575895570094f,0f,0f,0f,1f], start_interpolation: 0, interpolation_duration: 1 }
$data merge entity $(bone_body_0) { transformation: [-0.985508519375088f,-0.14074156490334716f,-0.09468247011817249f,0.01420454545454545f,0.02113563329170698f,0.45194815969212065f,-0.8917937799493018f,0.6215367598991637f,0.16830402028614821f,-0.8808715416333202f,-0.4424240995877796f,0.025421537386869475f,0f,0f,0f,1f], start_interpolation: 0, interpolation_duration: 1 }
$data merge entity $(bone_leg_left_3) { transformation: [-0.9237279533414183f,0.03596651548014215f,-0.38135689056301436f,0.30605690485409387f,-0.019104523400870592f,0.9900172191371828f,0.13964570525979464f,0.06170047418002955f,0.38257245771396026f,0.13628028315239327f,-0.913819456469714f,-0.1653490998565851f,0f,0f,0f,1f], start_interpolation: 0, interpolation_duration: 1 }
$data merge entity $(bone_leg_left_2) { transformation: [-0.9486561870474182f,-0.0960793756315489f,-0.377997872818882f,0.27050738991385964f,-0.019223557657358104f,1.0044011194565392f,-0.20705324331229322f,0.2893962211539407f,0.3895434418756685f,-0.18441622573243727f,-0.930757090802404f,-0.2364964881679092f,0f,0f,0f,1f], start_interpolation: 0, interpolation_duration: 1 }
$data merge entity $(bone_leg_left_1) { transformation: [-0.9194543965717601f,0.3082643606015962f,0.2440833804414984f,0.3596194252088286f,0.3367173831307638f,0.2967520857096924f,0.8936216221223152f,0.3159142124488874f,0.2030394457302097f,0.9038314464599226f,-0.3766479787118642f,0.024978610002136303f,0f,0f,0f,1f], start_interpolation: 0, interpolation_duration: 1 }
$data merge entity $(bone_leg_left_0) { transformation: [-0.9439378750248688f,-0.15951944399461407f,-0.2890239351354559f,0.21075829545454547f,0.10529052212962953f,0.6843022126943313f,-0.7215569192041001f,0.6555754651957522f,0.3128820768967201f,-0.7115363860613816f,-0.6291428909774818f,-0.16679697758700923f,0f,0f,0f,1f], start_interpolation: 0, interpolation_duration: 1 }
$data merge entity $(bone_leg_right_3) { transformation: [-0.9986972001136347f,0.04263137277299118f,0.028044046439068788f,-0.2050299210781697f,0.04432477000317638f,0.9970398310850295f,0.06282427869940868f,0.037866458588204116f,-0.025282746080121175f,0.06398547714462853f,-0.9976305134994731f,-0.11240352600585604f,0f,0f,0f,1f], start_interpolation: 0, interpolation_duration: 1 }
$data merge entity $(bone_leg_right_2) { transformation: [-1.024486808990603f,0.042195860600077996f,0.026617420107228104f,-0.19278216314463634f,0.04423729446412284f,1.0213328339871446f,0.08357334203546048f,0.2784518211095979f,-0.023065981085580528f,0.08462240287713668f,-1.0219438384512887f,-0.12422502472922897f,0f,0f,0f,1f], start_interpolation: 0, interpolation_duration: 1 }
$data merge entity $(bone_leg_right_1) { transformation: [-0.9386915607024533f,0.055603436202542086f,-0.34024463515015524f,-0.1783257767184194f,-0.265099010696767f,0.5145351111543481f,0.8154606881493294f,0.369706342181243f,0.22041022751584805f,0.8556645822235793f,-0.46824935059705064f,0.13745609980069623f,0f,0f,0f,1f], start_interpolation: 0, interpolation_duration: 1 }
$data merge entity $(bone_leg_right_0) { transformation: [-0.9561733076250296f,-0.26985179326613556f,0.1136336897951544f,-0.18234920454545453f,-0.23655999809719414f,0.48326331503686415f,-0.8429092096067263f,0.6555754651957522f,0.17254556814263902f,-0.8328484724189817f,-0.5259196220941966f,-0.1667969775870093f,0f,0f,0f,1f], start_interpolation: 0, interpolation_duration: 1 }
$data merge entity $(bone_tail_4) { transformation: [-1.353690511040959f,0.6833594776930816f,2.307856831817066f,-0.010572702592209937f,2.0855375187661735f,1.6548362176340463f,0.7332882667991352f,0.3058144828590937f,-1.2015475811370524f,2.1024267522683604f,-1.3273079873224662f,-1.7205823087101315f,0f,0f,0f,1f], start_interpolation: 0, interpolation_duration: 1 }
$data merge entity $(bone_tail_3) { transformation: [-1.7354206791938347f,0.6895614295353697f,0.9212847698556565f,-0.17353645422267128f,0.9576550274253315f,1.7897580631824326f,0.4643365694890958f,0.20956597210384287f,-0.638088897190541f,0.8106889885862834f,-1.8087485864850188f,-1.4218186173641325f,0f,0f,0f,1f], start_interpolation: 0, interpolation_duration: 1 }
$data merge entity $(bone_tail_2) { transformation: [-1.8699250634549414f,0.5657790592073755f,0.045256913595902545f,-0.1831976935868766f,0.5674249044732576f,1.8671563123656334f,0.10261655801800498f,0.19135365284247297f,-0.013531808797220308f,0.1113338958195797f,-1.9509473413690814f,-1.0591252815414156f,0f,0f,0f,1f], start_interpolation: 0, interpolation_duration: 1 }
$data merge entity $(bone_tail_1) { transformation: [-1.435501931747281f,0.03726808569094664f,-0.47497530855693626f,-0.08007243213502761f,0.17734398500829962f,1.4413078955169298f,-0.42289113410183543f,0.2645671771660055f,0.44219855826449816f,-0.45705458110546576f,-1.3723038274956851f,-0.7586562526791326f,0f,0f,0f,1f], start_interpolation: 0, interpolation_duration: 1 }
$data merge entity $(bone_tail_0) { transformation: [-1.228298883218419f,-0.12048012905173049f,-0.33256895310911233f,0.014204545454545517f,0.1242267321530798f,0.97829930598734f,-0.8132243869359082f,0.5258183490626966f,0.3311876946490912f,-0.8137878857493487f,-0.9283855365658458f,-0.5069985725261877f,0f,0f,0f,1f], start_interpolation: 0, interpolation_duration: 1 }
$data merge entity $(bone_body_1) { transformation: [-1.2363675f,5.13750611054037e-17f,1.4242892981761403e-16f,0.01420454545454548f,0f,1.1630204718354598f,-0.41950920984869283f,0.5450106818181819f,-1.5141135014448153e-16f,-0.41950920984869283f,-1.1630204718354598f,-0.20835568181818181f,0f,0f,0f,1f], start_interpolation: 0, interpolation_duration: 1 }