# This file was generated by Animated Java via MC-Build. It is not recommended to edit this file directly.
$data merge entity $(bone_head_lower) { transformation: [-0.8394823624245751f,-0.529362653948916f,-0.12265620156443094f,0.06278903179322176f,-0.5347656037454431f,0.7647911187418741f,0.35933312363922654f,1.068222801791675f,-0.09641116236632512f,0.3672461372127859f,-0.9251135943620448f,0.47740277570931705f,0f,0f,0f,1f], start_interpolation: 0, interpolation_duration: 1 }
$data merge entity $(bone_head_upper) { transformation: [-0.8738168412634226f,-0.3830117862859123f,-0.41619471653781964f,0.025225978353213926f,-0.5566372941196303f,0.4464338708986802f,0.7578414506300797f,1.130318153274844f,-0.10035433873579017f,0.8587611501832174f,-0.5795948897431785f,0.4566991327390165f,0f,0f,0f,1f], start_interpolation: 0, interpolation_duration: 1 }
$data merge entity $(bone_neck_0) { transformation: [-0.82459249734151f,-0.5453576110450609f,0.1504403184100454f,0.04407235444069002f,-0.5574372317232511f,0.828611394994692f,-0.05164192844645077f,1.1137090946712518f,-0.09649324337387713f,-0.12644458137925052f,-0.9872693765244701f,0.3949440557415037f,0f,0f,0f,1f], start_interpolation: 0, interpolation_duration: 1 }
$data merge entity $(bone_neck_1) { transformation: [-0.9450814732216796f,-0.31816102103115423f,0.07479688275291348f,0.04894290406518502f,-0.31740201021287323f,0.8388632287404647f,-0.4422266922970045f,1.080111227645263f,0.077954941382614f,-0.4416809347974347f,-0.8937790436962021f,0.317194471033992f,0f,0f,0f,1f], start_interpolation: 0, interpolation_duration: 1 }
$data merge entity $(bone_neck_2) { transformation: [-0.9831681488592653f,-0.1689848801167681f,0.06945863056933166f,0.0533735334508945f,-0.1744468680051262f,0.755262958286427f,-0.6317801469527486f,1.032157044822073f,0.05430176159064683f,-0.6332629581243134f,-0.7720293676770311f,0.24335886805584056f,0f,0f,0f,1f], start_interpolation: 0, interpolation_duration: 1 }
$data merge entity $(bone_body_0) { transformation: [-0.9883822704402365f,-0.1298579020207751f,-0.07897729269964779f,0.014914772727272724f,0.010827452540697863f,0.45814803247295555f,-0.8888099609098891f,0.6176286759769412f,0.15160228807930967f,-0.8793391300425122f,-0.4514193622621827f,0.0222298110567149f,0f,0f,0f,1f], start_interpolation: 0, interpolation_duration: 1 }
$data merge entity $(bone_leg_left_3) { transformation: [-0.9216938194556508f,0.04237245825556343f,-0.38559704091011227f,0.3068686854907354f,-0.014801979095867494f,0.9894509737097102f,0.14410993039951195f,0.05985439158645564f,0.3876356595981589f,0.13853283151039403f,-0.9113436508812763f,-0.17014649474534427f,0f,0f,0f,1f], start_interpolation: 0, interpolation_duration: 1 }
$data merge entity $(bone_leg_left_2) { transformation: [-0.9465832653638421f,-0.09078978854290291f,-0.38444705166011545f,0.2723560729934987f,-0.014791936987690704f,1.0056889971947036f,-0.2010796832660085f,0.28804182587309224f,0.394744879427172f,-0.18002515023890722f,-0.9294243513854052f,-0.2402210727199074f,0f,0f,0f,1f], start_interpolation: 0, interpolation_duration: 1 }
$data merge entity $(bone_leg_left_1) { transformation: [-0.915685885748018f,0.3155878635270766f,0.24884464839791667f,0.36313010312782656f,0.3422617531179996f,0.28780317297710556f,0.8944418516465473f,0.3119747557404864f,0.21065671362304345f,0.9041977847897693f,-0.3715509588021723f,0.020931518653221015f,0f,0f,0f,1f], start_interpolation: 0, interpolation_duration: 1 }
$data merge entity $(bone_leg_left_0) { transformation: [-0.940219925277955f,-0.16911855492907166f,-0.2956102273078846f,0.21146852272727276f,0.10502001105157875f,0.681718083266949f,-0.724038156608865f,0.6507919296777663f,0.3239711243136384f,-0.711800090844009f,-0.6232040928022033f,-0.1701416773738889f,0f,0f,0f,1f], start_interpolation: 0, interpolation_duration: 1 }
$data merge entity $(bone_leg_right_3) { transformation: [-0.9986504180375732f,0.04504836485697278f,0.025845451768022554f,-0.2058208787842639f,0.046659868016101544f,0.9967565650317325f,0.06556833674008689f,0.03820384803620508f,-0.022807877369455175f,0.06668579226382851f,-0.9975133111092027f,-0.11653009455725186f,0f,0f,0f,1f], start_interpolation: 0, interpolation_duration: 1 }
$data merge entity $(bone_leg_right_2) { transformation: [-1.0244367087057298f,0.04423160814442579f,0.025203059294934646f,-0.1931423788626178f,0.046574820228534874f,1.0193300669883656f,0.10420748607882135f,0.2789564295653633f,-0.02055274866157043f,0.10522347112287274f,-1.020082254108953f,-0.12349588186368404f,0f,0f,0f,1f], start_interpolation: 0, interpolation_duration: 1 }
$data merge entity $(bone_leg_right_1) { transformation: [-0.9387624481917664f,0.05875397261351262f,-0.3395188309462843f,-0.1778699958496649f,-0.2635563119247405f,0.5122802518659006f,0.8173781340315132f,0.3695274055037527f,0.2219530047321503f,0.8568062291150431f,-0.465424483068983f,0.13837629744224944f,0f,0f,0f,1f], start_interpolation: 0, interpolation_duration: 1 }
$data merge entity $(bone_leg_right_0) { transformation: [-0.9561733076250295f,-0.26859358443481884f,0.11657655075471395f,-0.18163897727272724f,-0.23577201127469927f,0.47019841322576483f,-0.8504851620689546f,0.6507919296777663f,0.173620749004529f,-0.8406966983403877f,-0.512918021631798f,-0.17014167737388897f,0f,0f,0f,1f], start_interpolation: 0, interpolation_duration: 1 }
$data merge entity $(bone_tail_4) { transformation: [-1.2435758670802926f,0.49197848623466284f,2.416016879803977f,0.06912066185337296f,2.1339691405738823f,1.5702009314600323f,0.7786565825319992f,0.30780231299350697f,-1.2350530763873524f,2.2176761565937206f,-1.0872983466288544f,-1.703103048261955f,0f,0f,0f,1f], start_interpolation: 0, interpolation_duration: 1 }
$data merge entity $(bone_tail_3) { transformation: [-1.638702196505107f,0.6087968884971625f,1.1313562594381816f,-0.12867310696228967f,0.9817691085975474f,1.7761376845497665f,0.46627231203473396f,0.21135885793398101f,-0.8286917729876162f,0.9003592616965804f,-1.6848052324539693f,-1.426233063560393f,0f,0f,0f,1f], start_interpolation: 0, interpolation_duration: 1 }
$data merge entity $(bone_tail_2) { transformation: [-1.8691160627711374f,0.5262549329756128f,0.21962414351006698f,-0.17075764019454104f,0.5424007771033319f,1.8730114581820854f,0.12807556175592985f,0.18839665476666126f,-0.1760125446989477f,0.1834603445985761f,-1.9375592277582507f,-1.0661315316871354f,0f,0f,0f,1f], start_interpolation: 0, interpolation_duration: 1 }
$data merge entity $(bone_tail_1) { transformation: [-1.4490133434508095f,0.03506804960139481f,-0.4321883991949126f,-0.07679984267127866f,0.1558097393612797f,1.4489655984063308f,-0.4048188110193921f,0.2576481825024325f,0.4046478785582314f,-0.4323484434251367f,-1.3917583008001728f,-0.7617422493697918f,0f,0f,0f,1f], start_interpolation: 0, interpolation_duration: 1 }
$data merge entity $(bone_tail_0) { transformation: [-1.2308631183776055f,-0.11859840347793867f,-0.3236450510887939f,0.014914772727272789f,0.12024602332945086f,0.9770341122879093f,-0.8153410046620113f,0.5194873479157519f,0.323036521581132f,-0.8155822942550244f,-0.9296820120915007f,-0.5097490112090559f,0f,0f,0f,1f], start_interpolation: 0, interpolation_duration: 1 }
$data merge entity $(bone_body_1) { transformation: [-1.2363675f,5.202295421961029e-17f,1.4219356239590847e-16f,0.014914772727272752f,0f,1.161098550985551f,-0.4247996586103903f,0.540039090909091f,-1.5141135014448153e-16f,-0.4247996586103903f,-1.161098550985551f,-0.2111965909090909f,0f,0f,0f,1f], start_interpolation: 0, interpolation_duration: 1 }