# This file was generated by Animated Java via MC-Build. It is not recommended to edit this file directly.
$data merge entity $(bone_head_lower) { transformation: [-0.8435649260722147f,-0.5279092038631339f,-0.09853977865497235f,0.031843465513081974f,-0.5109262886606507f,0.7324299732493933f,0.45000073537867297f,0.9837138090265228f,-0.1653860425073175f,0.42995140046577973f,-0.8875749265167885f,0.6041373073218046f,0f,0f,0f,1f], start_interpolation: 0, interpolation_duration: 1 }
$data merge entity $(bone_head_upper) { transformation: [-0.8780663800631825f,-0.47463023518003783f,-0.29529225292782f,0.0005565221633493656f,-0.5318229609809177f,0.5399762103989902f,0.7134857903000885f,1.0448595697284682f,-0.17215026273501577f,0.7527441628067232f,-0.6980060565526472f,0.5728678395327946f,0f,0f,0f,1f], start_interpolation: 0, interpolation_duration: 1 }
$data merge entity $(bone_neck_0) { transformation: [-0.8608790008869114f,-0.45407988340217037f,0.22956220359942583f,0.0230491841117802f,-0.48057255128947685f,0.8738538129235567f,-0.07368538923073126f,1.026065933446691f,-0.1671447539681582f,-0.17375549812432536f,-0.9705007254466589f,0.5129878291112961f,0f,0f,0f,1f], start_interpolation: 0, interpolation_duration: 1 }
$data merge entity $(bone_neck_1) { transformation: [-0.9506493983778614f,-0.2779984974523166f,0.1377771997758128f,0.03344001693058795f,-0.30979834372790027f,0.8748945047920151f,-0.372269514878917f,0.9985603491208277f,-0.01705014918584854f,-0.3965809386480755f,-0.917841408694199f,0.43340761631467406f,0f,0f,0f,1f], start_interpolation: 0, interpolation_duration: 1 }
$data merge entity $(bone_neck_2) { transformation: [-0.9840965981626942f,-0.1419645697135912f,0.10677053165854056f,0.041403994417511414f,-0.1765883506719941f,0.8469826935740826f,-0.5014348125060091f,0.9629233887184813f,-0.01924681510165667f,-0.5123147252734654f,-0.8585820766685128f,0.35317350567580674f,0f,0f,0f,1f], start_interpolation: 0, interpolation_duration: 1 }
$data merge entity $(bone_body_0) { transformation: [-0.9942976104103974f,-0.09263756377041794f,-0.052825597117828714f,0.015624999999999991f,-0.013756621304046705f,0.602642510345651f,-0.7978926996122906f,0.5926204747030125f,0.1057497862998808f,-0.7926161028536914f,-0.6004803878517232f,0.06261869153293412f,0f,0f,0f,1f], start_interpolation: 0, interpolation_duration: 1 }
$data merge entity $(bone_leg_left_3) { transformation: [-0.9225850540692675f,0.04735697182864472f,-0.3828761356198998f,0.3052990903923864f,-0.01869426777196252f,0.9857838666631249f,0.1669751256300459f,0.057650480015029176f,0.38534055374496606f,0.1612063443103912f,-0.9085841580137765f,-0.1583749558029972f,0f,0f,0f,1f], start_interpolation: 0, interpolation_duration: 1 }
$data merge entity $(bone_leg_left_2) { transformation: [-0.9474871933536922f,-0.07920527067704967f,-0.38478142240551705f,0.273475076301745f,-0.01866623960180726f,1.012579442844902f,-0.16247043708850983f,0.28863125531212447f,0.39240513430709023f,-0.14307898701618899f,-0.9368077783326474f,-0.22006924756752852f,0f,0f,0f,1f], start_interpolation: 0, interpolation_duration: 1 }
$data merge entity $(bone_leg_left_1) { transformation: [-0.9070766850378724f,0.32092723034760195f,0.2724290738561542f,0.36427735844839404f,0.349719512977732f,0.21425425720496566f,0.9120259730469125f,0.2915021213605195f,0.2343248806749349f,0.922551259329782f,-0.3065795560791876f,0.04215220339493228f,0f,0f,0f,1f], start_interpolation: 0, interpolation_duration: 1 }
$data merge entity $(bone_leg_left_0) { transformation: [-0.9366468135328095f,-0.17313217048232152f,-0.30449630251107235f,0.21217875000000003f,0.08817954933638263f,0.7247615036321748f,-0.6833338349091618f,0.6419478196447596f,0.33899426806019395f,-0.6668928057768426f,-0.6635788361795634f,-0.1262553511463847f,0f,0f,0f,1f], start_interpolation: 0, interpolation_duration: 1 }
$data merge entity $(bone_leg_right_3) { transformation: [-0.9985886588542561f,0.04419021948537646f,0.029460395609908503f,-0.20571184772774678f,0.04617409077857997f,0.9964453395525807f,0.0704601917731802f,0.047582411447128686f,-0.026242022567430093f,0.07172105538665842f,-0.9970794584514289f,-0.09596597234310161f,0f,0f,0f,1f], start_interpolation: 0, interpolation_duration: 1 }
$data merge entity $(bone_leg_right_2) { transformation: [-1.0243909705785903f,0.04025008168765138f,0.03263847150044135f,-0.193731719258051f,0.045818597758346f,1.0053034779612455f,0.1983123112647745f,0.2879748492330995f,-0.024207333541854937f,0.19951703592389117f,-1.0058176558798482f,-0.08050555698052644f,0f,0f,0f,1f], start_interpolation: 0, interpolation_duration: 1 }
$data merge entity $(bone_leg_right_1) { transformation: [-0.9395126223994715f,0.0526588730646429f,-0.3384421301192123f,-0.18018722868311024f,-0.2765048923440474f,0.4665465915418858f,0.840166246900252f,0.3646549437152913f,0.20214122999001174f,0.8829276986300807f,-0.42376597566335444f,0.18585903440697973f,0f,0f,0f,1f], start_interpolation: 0, interpolation_duration: 1 }
$data merge entity $(bone_leg_right_0) { transformation: [-0.9561733076250296f,-0.2553444402640082f,0.14328929691945225f,-0.18092874999999997f,-0.24962185165051584f,0.4551001992774695f,-0.85473547942985f,0.6419478196447596f,0.1530409649864325f,-0.8530433901296394f,-0.49889421483131435f,-0.12625535114638473f,0f,0f,0f,1f], start_interpolation: 0, interpolation_duration: 1 }
$data merge entity $(bone_tail_4) { transformation: [-1.1718420772447509f,0.3350130722607411f,2.4779454632846796f,0.18394017460521161f,2.319250165212355f,1.1684876678897615f,0.9388165809954633f,0.4872612284486558f,-0.9346262080431789f,2.4795290163666093f,-0.7772200716881051f,-1.656028378470917f,0f,0f,0f,1f], start_interpolation: 0, interpolation_duration: 1 }
$data merge entity $(bone_tail_3) { transformation: [-1.502557374088876f,0.5074211995950682f,1.3493667365905706f,-0.049828074046225954f,1.1309614967710209f,1.6235411080304016f,0.6488342541830789f,0.36135529171736347f,-0.8939759260947898f,1.2010759854319633f,-1.4471244061330888f,-1.4224030278494122f,0f,0f,0f,1f], start_interpolation: 0, interpolation_duration: 1 }
$data merge entity $(bone_tail_2) { transformation: [-1.8489479872959316f,0.4473931501926366f,0.4472187210278743f,-0.13422579434833476f,0.5427126518119332f,1.8316697772454014f,0.4113668432090976f,0.28572025131597806f,-0.32500491202496956f,0.5134190016830966f,-1.8572955098403565f,-1.0772540028755202f,0f,0f,0f,1f], start_interpolation: 0, interpolation_duration: 1 }
$data merge entity $(bone_tail_1) { transformation: [-1.477812870251103f,0.03556306229477613f,-0.3200947346027654f,-0.06436783957364518f,0.07760032398048332f,1.4982809642166963f,-0.19180352443063142f,0.3086051556711108f,0.31257568721562623f,-0.2038275517836234f,-1.4657445271586633f,-0.7596491787525514f,0f,0f,0f,1f], start_interpolation: 0, interpolation_duration: 1 }
$data merge entity $(bone_tail_0) { transformation: [-1.2429938502368227f,-0.0970435402145169f,-0.28175265067093946f,0.01562500000000006f,0.07634686637885547f,1.0644967776778436f,-0.7034582310923976f,0.5398602041667176f,0.28805062202952486f,-0.7009029021199366f,-1.0293676104931038f,-0.4757580738143713f,0f,0f,0f,1f], start_interpolation: 0, interpolation_duration: 1 }
$data merge entity $(bone_body_1) { transformation: [-1.2363675f,3.980041497846347e-17f,1.4608670001104442e-16f,0.01562500000000002f,0f,1.1928884320994075f,-0.3249950516848945f,0.5350675f,-1.5141135014448153e-16f,-0.3249950516848945f,-1.1928884320994075f,-0.17653750000000012f,0f,0f,0f,1f], start_interpolation: 0, interpolation_duration: 1 }