# This file was generated by Animated Java via MC-Build. It is not recommended to edit this file directly.
$data merge entity $(bone_head_lower) { transformation: [-0.9659221725029006f,-0.25787785354486303f,-0.022211918385652014f,0.0034171294206229437f,-0.2016115290978308f,0.6957900653185065f,0.6893685344856572f,0.6215250384397052f,-0.162318045830127f,0.6703545313154545f,-0.7240701998720332f,0.8744704555523678f,0f,0f,0f,1f], start_interpolation: 0, interpolation_duration: 1 }
$data merge entity $(bone_head_upper) { transformation: [-1.0054279868906975f,-0.2637579297403962f,0.05493869546582662f,0.0009697301542449417f,-0.20985735663312832f,0.8998076832923653f,0.47935160950860406f,0.674710073490315f,-0.1689567862720601f,0.45194007364980776f,-0.922320831807203f,0.8209838331567332f,0f,0f,0f,1f], start_interpolation: 0, interpolation_duration: 1 }
$data merge entity $(bone_neck_0) { transformation: [-0.9704665433287502f,-0.13592211086059666f,0.19929843967965888f,0.016376593663544554f,-0.1759130469430542f,0.9640608649747934f,-0.19910110130098202f,0.6462441494162593f,-0.16507358418219964f,-0.2282801533275566f,-0.9594992878590319f,0.762699564458286f,0f,0f,0f,1f], start_interpolation: 0, interpolation_duration: 1 }
$data merge entity $(bone_neck_1) { transformation: [-0.9902278572612592f,-0.09081038987965076f,0.10584074732200757f,0.024924342006650377f,-0.11085542889265809f,0.9730306341604379f,-0.20229300252445923f,0.6335899075095274f,-0.08461598305757637f,-0.21204918786744234f,-0.9735888646322728f,0.6792469251677274f,0f,0f,0f,1f], start_interpolation: 0, interpolation_duration: 1 }
$data merge entity $(bone_neck_2) { transformation: [-0.9970008115287161f,-0.05312910465981561f,0.05627326229327564f,0.029334134692698514f,-0.054782585823810015f,0.9980983480936519f,-0.028258730034804613f,0.6408862374573077f,-0.05466488911118658f,-0.03125677159863821f,-0.9980154127706106f,0.5915072665639932f,0f,0f,0f,1f], start_interpolation: 0, interpolation_duration: 1 }
$data merge entity $(bone_body_0) { transformation: [-0.9989955956945022f,-0.03466924153352272f,-0.02838738231110434f,0.015624999999999984f,-0.023840490300542767f,0.9476612453322274f,-0.31838623575399994f,0.49985965643317765f,0.037939831380967716f,-0.31738967813535174f,-0.9475359420137694f,0.14191359693134933f,0f,0f,0f,1f], start_interpolation: 0, interpolation_duration: 1 }
$data merge entity $(bone_leg_left_3) { transformation: [-0.9431117409614878f,0.02303740997541437f,-0.3316768333818575f,0.28276203852819987f,-0.050162384421687745f,0.9763173609145861f,0.21044748980662242f,0.03696064140509184f,0.32867001574485405f,0.2151131993123675f,-0.9196207545678137f,-0.15603708655926046f,0f,0f,0f,1f], start_interpolation: 0, interpolation_duration: 1 }
$data merge entity $(bone_leg_left_2) { transformation: [-0.9683776014179892f,-0.07229016433864215f,-0.33027435975644326f,0.2542020291395371f,-0.05068218182578748f,1.0216969325181116f,-0.07502595570303269f,0.27271944761970507f,0.3342728481615194f,-0.05451339031529502f,-0.968169485554576f,-0.1981462687170219f,0f,0f,0f,1f], start_interpolation: 0, interpolation_duration: 1 }
$data merge entity $(bone_leg_left_1) { transformation: [-0.9070789142744317f,0.27473418313964393f,0.31894979525516365f,0.32998786367885036f,0.3385501840559557f,0.025804316077514544f,0.9405944450970618f,0.2231016332649699f,0.2501831652098053f,0.9611738999194495f,-0.11641785927957521f,0.06416645579630487f,0f,0f,0f,1f], start_interpolation: 0, interpolation_duration: 1 }
$data merge entity $(bone_leg_left_0) { transformation: [-0.9582940091355062f,-0.07351550537071284f,-0.2761667295766943f,0.21217875000000003f,0.06488584770572144f,0.8851408478460088f,-0.4607770678342821f,0.61569147288089f,0.2783207121694471f,-0.45947921600931774f,-0.8434550558464597f,-0.015215589585525116f,0f,0f,0f,1f], start_interpolation: 0, interpolation_duration: 1 }
$data merge entity $(bone_leg_right_3) { transformation: [-0.9964705833473565f,0.024493239761150767f,0.0802898357787705f,-0.19515419951994062f,0.035729467578899964f,0.9892720982341959f,0.14164787609364213f,0.040287552724345754f,-0.075959078916924f,0.14401665480531856f,-0.9866556752326406f,-0.08169131711893059f,0f,0f,0f,1f], start_interpolation: 0, interpolation_duration: 1 }
$data merge entity $(bone_leg_right_2) { transformation: [-1.0223270723273339f,0.001954059862653773f,0.08310077218275178f,-0.19054450890286492f,0.034575029487662834f,0.9424996988660335f,0.40318864626134737f,0.2723895602374911f,-0.07559182510856376f,0.40466368602604297f,-0.9394654739208177f,-0.016281219069789243f,0f,0f,0f,1f], start_interpolation: 0, interpolation_duration: 1 }
$data merge entity $(bone_leg_right_1) { transformation: [-0.9421938516501571f,-0.00725951524929816f,-0.33498961976602637f,-0.19351447854170198f,-0.3209835172789985f,0.3063746140226627f,0.8961607989181781f,0.30170037312782655f,0.09612662247184509f,0.9518833412350537f,-0.290994462372303f,0.2596634152100202f,0f,0f,0f,1f], start_interpolation: 0, interpolation_duration: 1 }
$data merge entity $(bone_leg_right_0) { transformation: [-0.9561733076250296f,-0.20848419031307336f,0.2055892705734246f,-0.18092874999999997f,-0.288570288822581f,0.5520555033904404f,-0.782279943233354f,0.61569147288089f,0.049596312305077384f,-0.8073221559983533f,-0.5880230796830237f,-0.015215589585525158f,0f,0f,0f,1f], start_interpolation: 0, interpolation_duration: 1 }
$data merge entity $(bone_tail_4) { transformation: [-1.2884192666032708f,0.533089885599335f,2.383579723633589f,0.293328352022325f,2.4281825897621983f,-0.011447802882053878f,1.3150891947639607f,1.1501083265224226f,0.2637544991488056f,2.709491733384854f,-0.46341066290915384f,-1.4355375163842754f,0f,0f,0f,1f], start_interpolation: 0, interpolation_duration: 1 }
$data merge entity $(bone_tail_3) { transformation: [-1.4668350566355892f,0.4698602776465255f,1.4012750487178602f,0.05112593496947429f,1.4383424664882372f,0.9078303280447401f,1.2012329377032418f,0.9375397783383512f,-0.3398696687935642f,1.814117124393173f,-0.964060782970681f,-1.2898209938775989f,0f,0f,0f,1f], start_interpolation: 0, interpolation_duration: 1 }
$data merge entity $(bone_tail_2) { transformation: [-1.812726216738196f,0.3376047128218178f,0.6471635002325931f,-0.07044042354923442f,0.691493575330793f,1.349079404349759f,1.2331241912468975f,0.7091370233018297f,-0.2337395418602524f,1.3728735169863886f,-1.3708967896713307f,-1.034820433216709f,0f,0f,0f,1f], start_interpolation: 0, interpolation_duration: 1 }
$data merge entity $(bone_tail_1) { transformation: [-1.5051079564496173f,0.027986717905783512f,-0.14670730402034995f,-0.037774819406280705f,-0.027744426622513873f,1.4074558834608661f,0.553131478857226f,0.5729311124070195f,0.1467533175892294f,0.553119272609675f,-1.400063849988385f,-0.7404438289457189f,0f,0f,0f,1f], start_interpolation: 0, interpolation_duration: 1 }
$data merge entity $(bone_tail_0) { transformation: [-1.263486980985327f,-0.05013506690037534f,-0.186876538205057f,0.01562500000000005f,-0.026558763339390546f,1.267813170241846f,-0.16056186980485054f,0.6504456127779371f,0.19165332648950675f,-0.15482879904023805f,-1.2542458937613836f,-0.3776603221260113f,0f,0f,0f,1f], start_interpolation: 0, interpolation_duration: 1 }
$data merge entity $(bone_body_1) { transformation: [-1.2363675f,-1.7192763179979424e-17f,1.5043206389201713e-16f,0.015625000000000014f,0f,1.2283710209078553f,0.14038956531752417f,0.5350675f,-1.5141135014448153e-16f,0.14038956531752417f,-1.2283710209078553f,-0.10153750000000006f,0f,0f,0f,1f], start_interpolation: 0, interpolation_duration: 1 }