# This file was generated by Animated Java via MC-Build. It is not recommended to edit this file directly.
$data merge entity $(bone_head_lower) { transformation: [-0.9992358635753198f,0.038904225223763605f,0.0037616757733482283f,0.017380603957068117f,0.022617081718262183f,0.49703570146418624f,0.8674352881250302f,0.23701051409649293f,0.03187721065956947f,0.866857527353684f,-0.49753579842140244f,0.9263680941570338f,0f,0f,0f,1f], start_interpolation: 0, interpolation_duration: 1 }
$data merge entity $(bone_head_upper) { transformation: [-1.040104194047274f,0.027403478817578292f,-0.030070873906033496f,0.015600056917223732f,0.02354211093675506f,1.0328599324336627f,0.12695696739162887f,0.26896249786600657f,0.033180975293374756f,0.12617983953600545f,-1.0326904732574786f,0.8580207688455886f,0f,0f,0f,1f], start_interpolation: 0, interpolation_duration: 1 }
$data merge entity $(bone_neck_0) { transformation: [-0.9992358635753198f,0.013151696369010007f,-0.03680654598712691f,0.013329478038340429f,0.022617081718262183f,0.9625753474569949f,-0.2700688210115996f,0.2358676306578234f,0.03187721065956947f,-0.27069490824665204f,-0.962137261564015f,0.8001907550955957f,0f,0f,0f,1f], start_interpolation: 0, interpolation_duration: 1 }
$data merge entity $(bone_neck_1) { transformation: [-0.9998044460659399f,0.012050242482204637f,-0.01567996437812952f,0.012056693216815602f,0.012389543902298315f,0.9996872121225546f,-0.021725034419480094f,0.23863266912676379f,0.015413267942664287f,-0.02191505361058116f,-0.9996410163636609f,0.7154070808086517f,0f,0f,0f,1f], start_interpolation: 0, interpolation_duration: 1 }
$data merge entity $(bone_neck_2) { transformation: [-0.9999427255057828f,0.009876135784650674f,-0.00412403322368352f,0.011792090518088345f,0.007014018718137527f,0.8957616944960518f,0.4444792348524097f,0.28634245053427176f,0.0080838882654648f,0.4444248514828183f,-0.8957796615993168f,0.6412812611666385f,0f,0f,0f,1f], start_interpolation: 0, interpolation_duration: 1 }
$data merge entity $(bone_body_0) { transformation: [-0.9999299461883316f,0.008817731532523547f,0.007896222287936166f,0.015597550386570782f,0.010516347768320201f,0.9679894247015645f,0.25077057262675373f,0.4137509902806767f,-0.005432232084135088f,0.2508360446119229f,-0.9680143436840332f,0.1874492579121268f,0f,0f,0f,1f], start_interpolation: 0, interpolation_duration: 1 }
$data merge entity $(bone_leg_left_3) { transformation: [-0.9509128362856564f,0.04268257625012598f,-0.30650118347539984f,0.239443880812436f,-0.03746743976311055f,0.9672766538938489f,0.25094235551121596f,0.02674837081618095f,0.30718230539008307f,0.2501081216525607f,-0.918196579572513f,-0.16078903538432884f,0f,0f,0f,1f], start_interpolation: 0, interpolation_duration: 1 }
$data merge entity $(bone_leg_left_2) { transformation: [-0.9762909197077515f,-0.03314302028009972f,-0.3127615382421566f,0.22053796194162822f,-0.037417670406756996f,1.0249854395025537f,0.008183290889535351f,0.2658658399341084f,0.3122789738970883f,0.019198659202255358f,-0.9768190484666606f,-0.1860174768800511f,0f,0f,0f,1f], start_interpolation: 0, interpolation_duration: 1 }
$data merge entity $(bone_leg_left_1) { transformation: [-0.8870952517279465f,0.2559228551235185f,0.38414256023923987f,0.28735777960167164f,0.3551029273809426f,-0.1533074482565955f,0.9221706660236687f,0.16823642637653052f,0.29489646543696707f,0.9544633667849587f,0.04511935436490355f,0.06501438411780645f,0f,0f,0f,1f], start_interpolation: 0, interpolation_duration: 1 }
$data merge entity $(bone_leg_left_0) { transformation: [-0.9626682241357755f,0.03836338552508188f,-0.2679517510491885f,0.21229858937366897f,0.09614537564007196f,0.9738179900457271f,-0.2059965752296125f,0.5785377906988542f,0.2530335096035736f,-0.22406867901238198f,-0.9411520972209244f,0.08307503089496732f,0f,0f,0f,1f], start_interpolation: 0, interpolation_duration: 1 }
$data merge entity $(bone_leg_right_3) { transformation: [-0.9899718912499319f,0.029252931362104398f,0.13820246214071943f,-0.19239619770196534f,0.056532266752755696f,0.9786083310997513f,0.19781263134075566f,0.030282812254265046f,-0.12945948150223763f,0.20364184321716028f,-0.970448474850823f,-0.0691775772584864f,0f,0f,0f,1f], start_interpolation: 0, interpolation_duration: 1 }
$data merge entity $(bone_leg_right_2) { transformation: [-1.0157988491967527f,-0.025347375030804885f,0.13990142261712257f,-0.19240516514621217f,0.05554485086545385f,0.8583164613415495f,0.5588110783020933f,0.24753872740699545f,-0.13088035381057558f,0.560992479691004f,-0.8486577462188455f,0.035564674563546284f,0f,0f,0f,1f], start_interpolation: 0, interpolation_duration: 1 }
$data merge entity $(bone_leg_right_1) { transformation: [-0.9458921536684449f,-0.06611885198977513f,-0.3176733086679225f,-0.21235742342377345f,-0.3241094113732528f,0.14567039873931287f,0.9347369813965918f,0.2310830368190307f,-0.015528138579837394f,0.9871212855281173f,-0.15921822938835095f,0.3118697655348569f,0f,0f,0f,1f], start_interpolation: 0, interpolation_duration: 1 }
$data merge entity $(bone_leg_right_0) { transformation: [-0.9565701501519925f,-0.1512657035535713f,0.24918313499640682f,-0.18080852729230545f,-0.28564167480514957f,0.6569495606062998f,-0.6977292515250444f,0.5790354713197599f,-0.05815824492454719f,-0.7386040629103203f,-0.6716261287350751f,0.08330675662406509f,0f,0f,0f,1f], start_interpolation: 0, interpolation_duration: 1 }
$data merge entity $(bone_tail_4) { transformation: [-1.7782642097288233f,1.110118936085861f,1.7975187564365274f,0.4147234379864261f,1.7442226856336425f,-0.5543084018654006f,2.067871067098331f,1.7230246124942776f,1.192109455930322f,2.4669899624775575f,-0.3442337893299986f,-0.9090652839146401f,0f,0f,0f,1f], start_interpolation: 0, interpolation_duration: 1 }
$data merge entity $(bone_tail_3) { transformation: [-1.6258634991248913f,0.4277726953427187f,1.2286268470845956f,0.2022076359012056f,1.2782610239170422f,0.15947689644907936f,1.6360199877379156f,1.444055473633838f,0.24199620449991405f,2.031630666893626f,-0.3871178068617362f,-0.8633055105071389f,0f,0f,0f,1f], start_interpolation: 0, interpolation_duration: 1 }
$data merge entity $(bone_tail_2) { transformation: [-1.7585926411296864f,0.09146886612784681f,0.847206730436307f,0.04343513787494947f,0.8438198024095466f,0.45760857785082876f,1.7021563986724702f,1.1283611644747114f,-0.11871789514982699f,1.897630551769602f,-0.4513072405408165f,-0.7790447188885876f,0f,0f,0f,1f], start_interpolation: 0, interpolation_duration: 1 }
$data merge entity $(bone_tail_1) { transformation: [-1.5061315339149883f,-0.0539640055119202f,0.12771820017520732f,0.01805017611826544f,0.06933329016801824f,0.9134024095321969f,1.2035552264583687f,0.8581378679001532f,-0.12007059349133854f,1.2043422164691757f,-0.9070827570893136f,-0.5984577572777939f,0f,0f,0f,1f], start_interpolation: 0, interpolation_duration: 1 }
$data merge entity $(bone_tail_0) { transformation: [-1.2781883878888338f,-0.0036695909518679854f,0.007529658187304409f,0.015761281223925432f,-0.0004912762982372039f,1.1798898898074879f,0.49162518564624064f,0.7429464070523351f,-0.008361835789493958f,0.4916117356373296f,-1.179865965976606f,-0.24181003247264468f,0f,0f,0f,1f], start_interpolation: 0, interpolation_duration: 1 }
$data merge entity $(bone_body_1) { transformation: [-1.2363662943711813f,0.0017244430080126047f,0.00008657618311757582f,0.015625000000000003f,0.0015652617797103782f,1.0932495600505583f,0.5774145343347982f,0.5350675f,0.0007288035979224223f,0.5774140808828816f,-1.0932506771549435f,-0.026537499999999988f,0f,0f,0f,1f], start_interpolation: 0, interpolation_duration: 1 }