# This file was generated by Animated Java via MC-Build. It is not recommended to edit this file directly.
$data merge entity $(bone_head_lower) { transformation: [-0.9988150676463737f,0.047199195004987766f,0.011861561172584377f,0.016674940621539753f,0.03323876203237301f,0.4835763523068679f,0.8746708501991701f,0.23408060532213162f,0.035547789539225966f,0.8740286880191432f,-0.48457218985246114f,0.924378137660001f,0f,0f,0f,1f], start_interpolation: 0, interpolation_duration: 1 }
$data merge entity $(bone_head_upper) { transformation: [-1.0396661877401656f,0.03832812050183313f,-0.0331227388984466f,0.014929451960295116f,0.03459821355001289f,1.0343890899164274f,0.1109689905537572f,0.2649681890466728f,0.037001679319801334f,0.10973654097049496f,-1.0344373880940558f,0.8555423407750241f,0f,0f,0f,1f], start_interpolation: 0, interpolation_duration: 1 }
$data merge entity $(bone_neck_0) { transformation: [-0.9988150676463737f,0.021811357956009664f,-0.043505462952193f,0.012085010035874307f,0.03323876203237301f,0.9587013950996511f,-0.2824656080526224f,0.23113117172441025f,0.035547789539225966f,-0.2835769731450302f,-0.9582903813358336f,0.7981689875248577f,0f,0f,0f,1f], start_interpolation: 0, interpolation_duration: 1 }
$data merge entity $(bone_neck_1) { transformation: [-0.9996202195701848f,0.021080068319234924f,-0.017749573124779875f,0.010678501468796366f,0.02159583905643917f,0.9993348164618077f,-0.029386125003024066f,0.23324559182635096f,0.017118304878226014f,-0.02975828165236294f,-0.9994105304184034f,0.71336870565142f,0f,0f,0f,1f], start_interpolation: 0, interpolation_duration: 1 }
$data merge entity $(bone_neck_2) { transformation: [-0.9998274104702923f,0.01846683517051036f,-0.0020310763290642825f,0.010681365807389147f,0.01556781850137648f,0.8924576265760128f,0.4508625375803784f,0.2814822495376198f,0.010138653726086317f,0.45075310399940144f,-0.8925910860721874f,0.6395841866871949f,0f,0f,0f,1f], start_interpolation: 0, interpolation_duration: 1 }
$data merge entity $(bone_body_0) { transformation: [-0.9997945130082672f,0.017663246763033453f,0.009946932811170891f,0.015537582444772291f,0.019636727001188823f,0.9657068676132254f,0.2588911833132466f,0.4126962584388159f,-0.00503296247179945f,0.2590333097469136f,-0.9658552757687442f,0.18684783324164642f,0f,0f,0f,1f], start_interpolation: 0, interpolation_duration: 1 }
$data merge entity $(bone_leg_left_3) { transformation: [-0.9509022530073218f,0.051015703740734164f,-0.30525776517139935f,0.23718114763964104f,-0.030006773272927105f,0.9664768372119189f,0.25499434638947005f,0.029449478419321523f,0.3080332754482001f,0.25163449903517504f,-0.9174941853286971f,-0.1630736959205939f,0f,0f,0f,1f], start_interpolation: 0, interpolation_duration: 1 }
$data merge entity $(bone_leg_left_2) { transformation: [-0.9762733838111162f,-0.023437767663212858f,-0.31369276467533125f,0.22050875719938004f,-0.029742602932265803f,1.025145123116766f,0.015970398286145264f,0.26885673298693114f,0.3131578789261115f,0.02429705944285834f,-0.9764240857688954f,-0.18710013809214465f,0f,0f,0f,1f], start_interpolation: 0, interpolation_duration: 1 }
$data merge entity $(bone_leg_left_1) { transformation: [-0.8823515249583642f,0.2552643348934324f,0.39534276992890943f,0.28646118408706706f,0.36186632212296044f,-0.16903262821078674f,0.916777364202103f,0.1671066227179981f,0.30084639156362003f,0.9519811394831134f,0.056774631232457795f,0.06252073064212173f,0f,0f,0f,1f], start_interpolation: 0, interpolation_duration: 1 }
$data merge entity $(bone_leg_left_0) { transformation: [-0.9617236239158016f,0.04033073109130017f,-0.2710370884803392f,0.2125354373982998f,0.097269390315294f,0.9749415327527404f,-0.2000691715917981f,0.577497294228713f,0.25617637851673397f,-0.21877486108641148f,-0.9415472496092123f,0.08305750930738105f,0f,0f,0f,1f], start_interpolation: 0, interpolation_duration: 1 }
$data merge entity $(bone_leg_right_3) { transformation: [-0.9897944870429395f,0.033536938038469355f,0.13849962890350442f,-0.19405603634689522f,0.05940348742417787f,0.9805437730308022f,0.18709659230559178f,0.029677379015375455f,-0.12953030186504688f,0.19341453657241797f,-0.9725290319271849f,-0.06695004327473562f,0f,0f,0f,1f], start_interpolation: 0, interpolation_duration: 1 }
$data merge entity $(bone_leg_right_2) { transformation: [-1.0156256892263114f,-0.02175440705216252f,0.14175120690168125f,-0.19317059018886934f,0.05850638514475813f,0.8627737596097146f,0.5515982615336155f,0.2477447811174315f,-0.13093380687037137f,0.5542656267561813f,-0.8530581180175855f,0.036088280622623536f,0f,0f,0f,1f], start_interpolation: 0, interpolation_duration: 1 }
$data merge entity $(bone_leg_right_1) { transformation: [-0.9468070048408641f,-0.06579102016453323f,-0.31500482099482563f,-0.21319353321648993f,-0.3214137020782569f,0.14526716701788928f,0.9357300263980776f,0.23118056442421536f,-0.015802775092419535f,0.9872026093220718f,-0.15868610666051325f,0.31238177337556283f,0f,0f,0f,1f], start_interpolation: 0, interpolation_duration: 1 }
$data merge entity $(bone_leg_right_0) { transformation: [-0.9573596255831106f,-0.1491208025182727f,0.24743793880420367f,-0.18056861260258314f,-0.2829252280480543f,0.6572126615474215f,-0.6985877416872637f,0.5789903308255172f,-0.058445381659486234f,-0.7388061340825893f,-0.67137890464671f,0.08375268617259718f,0f,0f,0f,1f], start_interpolation: 0, interpolation_duration: 1 }
$data merge entity $(bone_tail_4) { transformation: [-1.962388413727135f,1.2251529150075884f,1.507877110416465f,0.44125953921070826f,1.5957015306171491f,-0.2062842353937875f,2.244291596699076f,1.7515653106365217f,1.1083454653020373f,2.466193115041158f,-0.5613583351728215f,-0.8864514731741379f,0f,0f,0f,1f], start_interpolation: 0, interpolation_duration: 1 }
$data merge entity $(bone_tail_3) { transformation: [-1.6998606840048065f,0.39686513011777f,1.1353049147765377f,0.2448701430044892f,1.1879535485592383f,0.24748706792162295f,1.6921767176395959f,1.4622128169862463f,0.18757811035584776f,2.0290869241490395f,-0.4284463009610023f,-0.833659021906085f,0f,0f,0f,1f], start_interpolation: 0, interpolation_duration: 1 }
$data merge entity $(bone_tail_2) { transformation: [-1.7423251522604257f,0.009249657835370297f,0.8848680029435971f,0.07908896129157297f,0.8659695964987358f,0.4200128259468879f,1.7007233046509076f,1.1467923494123415f,-0.18213620382361712f,1.9084751884352114f,-0.37857989036223744f,-0.76296239967794f,0f,0f,0f,1f], start_interpolation: 0, interpolation_duration: 1 }
$data merge entity $(bone_tail_1) { transformation: [-1.4953926981569907f,-0.08779642476849323f,0.20916193749491271f,0.03658152272611936f,0.11979023151372788f,0.878665064233311f,1.2252568119907596f,0.8722755367729691f,-0.1926323667835781f,1.227964064088906f,-0.8617733336403575f,-0.5923449496801394f,0f,0f,0f,1f], start_interpolation: 0, interpolation_duration: 1 }
$data merge entity $(bone_tail_0) { transformation: [-1.2762639568835328f,0.0030423549561266377f,0.07054624738663619f,0.01603968703697576f,0.032326697414964335f,1.160517778525584f,0.5347795685554122f,0.7440058786842947f,-0.06277749260887121f,0.5357470918132851f,-1.1588225733991284f,-0.24078152851531454f,0f,0f,0f,1f], start_interpolation: 0, interpolation_duration: 1 }
$data merge entity $(bone_body_1) { transformation: [-1.236356649363003f,0.005171968737789002f,0.0002852569266740113f,0.015625000000000003f,0.004695768777241125f,1.0903770662878332f,0.5828039105268418f,0.5350675f,0.0021864097807981144f,0.5827998791259f,-1.090387140221012f,-0.026537499999999988f,0f,0f,0f,1f], start_interpolation: 0, interpolation_duration: 1 }