# This file was generated by Animated Java via MC-Build. It is not recommended to edit this file directly.
$data merge entity $(bone_head_lower) { transformation: [-0.9997462278382904f,0.016772299545908385f,0.015038945809187267f,0.014432877778719808f,0.02150476800318447f,0.5117063175694339f,0.8588912559297939f,0.28064285644145476f,0.006710057841670475f,0.8589967022797421f,-0.5119371451616785f,0.9394442701842722f,0f,0f,0f,1f], start_interpolation: 0, interpolation_duration: 1 }
$data merge entity $(bone_head_upper) { transformation: [-1.0406354319959483f,0.023151020811962124f,-0.003724311141340463f,0.014372940633314693f,0.022384304054194715f,1.0300335218049923f,0.1483301367676874f,0.31400442447970145f,0.006984496411537364f,0.14821240426116702f,-1.0302699853031285f,0.8717504102162892f,0f,0f,0f,1f], start_interpolation: 0, interpolation_duration: 1 }
$data merge entity $(bone_neck_0) { transformation: [-0.9997462278382904f,0.018706958754238542f,-0.01255108032308645f,0.013580758230089609f,0.02150476800318447f,0.9584717959239193f,-0.28437538812546004f,0.28005143556903284f,0.006710057841670475f,-0.2845731296390157f,-0.958630851272385f,0.8143805292213898f,0f,0f,0f,1f], start_interpolation: 0, interpolation_duration: 1 }
$data merge entity $(bone_neck_1) { transformation: [-0.999819738818554f,0.018602550326212927f,-0.0037993407532380197f,0.013344603825977035f,0.018794880078356235f,0.9980705396534658f,-0.059177279074654476f,0.2796363295469878f,0.002691161763757068f,-0.05923801986224758f,-0.9982402589813543f,0.7295435752295172f,0f,0f,0f,1f], start_interpolation: 0, interpolation_duration: 1 }
$data merge entity $(bone_neck_2) { transformation: [-0.9998417435137681f,0.01741395495937863f,0.003638969637305127f,0.013833898361251411f,0.017432240134347746f,0.9181917860908714f,0.39575239855135913f,0.32329687925877204f,0.0035503424126317835f,0.3957532035599057f,-0.9183500405296582f,0.6529638952624188f,0f,0f,0f,1f], start_interpolation: 0, interpolation_duration: 1 }
$data merge entity $(bone_body_0) { transformation: [-0.9998362339634387f,0.01778932670333242f,0.0033234183080219537f,0.015569678520511122f,0.01809668474116014f,0.9815556570358047f,0.19031816030633697f,0.4223436590958848f,0.00012351189033130757f,0.19034713550892127f,-0.9817168393932953f,0.19209772469414835f,0f,0f,0f,1f], start_interpolation: 0, interpolation_duration: 1 }
$data merge entity $(bone_leg_left_3) { transformation: [-0.9512228669722232f,0.05146774680954555f,-0.3041810782864252f,0.2418212379144018f,-0.028018160245778127f,0.9674986972770449f,0.25131902726149274f,0.030487759866795333f,0.3072296210419591f,0.24758299983151f,-0.9188648530381629f,-0.153434745030681f,0f,0f,0f,1f], start_interpolation: 0, interpolation_duration: 1 }
$data merge entity $(bone_leg_left_2) { transformation: [-0.9765995933282713f,-0.02382351924697267f,-0.31264656361847043f,0.22509075556442112f,-0.027724356281784684f,1.0252910517296845f,0.008474598072606235f,0.26970050744494417f,0.31232482110858545f,0.016519645105772467f,-0.9768533702382175f,-0.17928865039264605f,0f,0f,0f,1f], start_interpolation: 0, interpolation_duration: 1 }
$data merge entity $(bone_leg_left_1) { transformation: [-0.8838385111838479f,0.25449146334549844f,0.39250933903868557f,0.2910131062138689f,0.3639223565571149f,-0.1531339189369263f,0.9187548755075726f,0.17212375265630175f,0.2939217660300698f,0.9548738649451487f,0.042730521860598336f,0.07200083659304954f,0f,0f,0f,1f], start_interpolation: 0, interpolation_duration: 1 }
$data merge entity $(bone_leg_left_0) { transformation: [-0.9619393151682536f,0.029011300893707716f,-0.27171878542729816f,0.2126733981049479f,0.09423134585388572f,0.9685741635185628f,-0.23018371624179118f,0.5821126496980639f,0.2565018662548028f,-0.24702719320910982f,-0.9344433414728965f,0.08090437523459534f,0f,0f,0f,1f], start_interpolation: 0, interpolation_duration: 1 }
$data merge entity $(bone_leg_right_3) { transformation: [-0.9907329312191809f,0.03664422498112308f,0.1307878426054305f,-0.19528461580466092f,0.05621456867404852f,0.9872022544421829f,0.14923682887632805f,0.02681654156138319f,-0.12364538514089676f,0.15520602307837317f,-0.9801137225513961f,-0.05168461163484758f,0f,0f,0f,1f], start_interpolation: 0, interpolation_duration: 1 }
$data merge entity $(bone_leg_right_2) { transformation: [-1.016579107698871f,-0.013501517949049482f,0.1358190940329562f,-0.19265728292499879f,0.055347417235371565f,0.8922068374035801f,0.5029570778867417f,0.25024642167152106f,-0.12476289791534653f,0.5058130759520433f,-0.8835437459460577f,0.039107777153665424f,0f,0f,0f,1f], start_interpolation: 0, interpolation_duration: 1 }
$data merge entity $(bone_leg_right_1) { transformation: [-0.9467487167764019f,-0.05866722092291615f,-0.3165833610147857f,-0.21066003163103092f,-0.32196760126948254f,0.16660652633141199f,0.9319759273267503f,0.2396675141371019f,-0.0019315835503212113f,0.984276598610859f,-0.17662345940453633f,0.31583394760772876f,0f,0f,0f,1f], start_interpolation: 0, interpolation_duration: 1 }
$data merge entity $(bone_leg_right_0) { transformation: [-0.9577331755158923f,-0.15659921916720698f,0.24129618536658676f,-0.1804279685743529f,-0.284111851824335f,0.6462641077917048f,-0.7082535976845714f,0.58410335901692f,-0.04502910357970988f,-0.7468730732436489f,-0.6634402703291343f,0.08183127734579346f,0f,0f,0f,1f], start_interpolation: 0, interpolation_duration: 1 }
$data merge entity $(bone_tail_4) { transformation: [-2.266774507065149f,1.2618290398396173f,0.9461406554719999f,0.4714674890315296f,1.3758864132554378f,0.7723721956899272f,2.2662831025148225f,1.7084614926073594f,0.7709288187236498f,2.3317139612616615f,-1.2627114044463235f,-0.9908391295144914f,0f,0f,0f,1f], start_interpolation: 0, interpolation_duration: 1 }
$data merge entity $(bone_tail_3) { transformation: [-1.8273224860790185f,0.322173476536899f,0.945009158119946f,0.30807613740862416f,0.9972168451230513f,0.6855776840467034f,1.6945463490221895f,1.4144201364343432f,-0.04895530325990394f,1.9396218745409455f,-0.7559205567580791f,-0.8816436602424598f,0f,0f,0f,1f], start_interpolation: 0, interpolation_duration: 1 }
$data merge entity $(bone_tail_2) { transformation: [-1.7181626988416094f,-0.1084869289183887f,0.924619598302973f,0.13489507198563452f,0.8482710700831119f,0.6172264475484115f,1.6487090644227067f,1.1087028429768822f,-0.38357138445424577f,1.8509554218574258f,-0.49559145909431174f,-0.7893574801874618f,0f,0f,0f,1f], start_interpolation: 0, interpolation_duration: 1 }
$data merge entity $(bone_tail_1) { transformation: [-1.4678804673323116f,-0.13269107588976561f,0.33967081417674394f,0.06482608556795051f,0.17628194411123754f,0.9750848438562346f,1.1427118943383f,0.850716172867101f,-0.3192301047906324f,1.148589951053499f,-0.9308541854309315f,-0.6027833871656986f,0f,0f,0f,1f], start_interpolation: 0, interpolation_duration: 1 }
$data merge entity $(bone_tail_0) { transformation: [-1.26719698711921f,0.0072442641845345285f,0.1673171630659856f,0.01610693870668756f,0.07217615929675403f,1.175962677186744f,0.49571978019540763f,0.7342334056885309f,-0.1511228455568335f,0.5008942194558031f,-1.1662343602598042f,-0.2498951315091594f,0f,0f,0f,1f], start_interpolation: 0, interpolation_duration: 1 }
$data merge entity $(bone_body_1) { transformation: [-1.2363482100134706f,0.006906044526550346f,0.0000721230511884983f,0.015625000000000003f,0.00626100571416437f,1.1152986356806047f,0.5335488244881429f,0.5350675f,0.0029152118592668075f,0.5335408652148673f,-1.1153162070649902f,-0.026537499999999988f,0f,0f,0f,1f], start_interpolation: 0, interpolation_duration: 1 }