# This file was generated by Animated Java via MC-Build. It is not recommended to edit this file directly.
$data merge entity $(bone_head_lower) { transformation: [-0.9933202152259325f,-0.08877876398710798f,-0.07371079356802782f,0.02696182088473344f,-0.11339351597741759f,0.6326854281657065f,0.766062046782802f,0.2497399664532328f,-0.021374296661789565f,0.7693032432348758f,-0.6385261618684984f,0.9224961668338365f,0f,0f,0f,1f], start_interpolation: 0, interpolation_duration: 1 }
$data merge entity $(bone_head_upper) { transformation: [-1.0339465981452503f,-0.11954888325197464f,-0.011594795409027985f,0.02315710106870826f,-0.11803126353359567f,0.9926951257793072f,0.28999474248023177f,0.29198550636947895f,-0.02224849648929982f,0.28937241463332125f,-0.9996202041959508f,0.8600758579904539f,0f,0f,0f,1f], start_interpolation: 0, interpolation_duration: 1 }
$data merge entity $(bone_neck_0) { transformation: [-0.9927227057743063f,-0.11806106813990518f,0.023732122319855088f,0.02692879062035619f,-0.11983327672564081f,0.9879652217940604f,-0.09779931653446897f,0.2696638123316752f,-0.011900219717967314f,-0.09993150011421778f,-0.9949231528392465f,0.7973681823238694f,0f,0f,0f,1f], start_interpolation: 0, interpolation_duration: 1 }
$data merge entity $(bone_neck_1) { transformation: [-0.992831863598859f,-0.11807427714834502f,-0.018529859651716486f,0.024815114867910094f,-0.11934701550579141f,0.9877366807264685f,0.1006605157811103f,0.2827414586086266f,0.006417204428479579f,0.1021504509209557f,-0.9947482620562696f,0.7135705428153505f,0f,0f,0f,1f], start_interpolation: 0, interpolation_duration: 1 }
$data merge entity $(bone_neck_2) { transformation: [-0.9927068650600015f,-0.11511356849176022f,-0.03580427923917369f,0.020551357692949537f,-0.1197601772630702f,0.9076670158559472f,0.40224133088119846f,0.3268674433809159f,-0.0138050717007158f,0.4035956574050972f,-0.9148332991966819f,0.637375738289259f,0f,0f,0f,1f], start_interpolation: 0, interpolation_duration: 1 }
$data merge entity $(bone_body_0) { transformation: [-0.9927068650600015f,-0.12013438165969126f,-0.01004043853561845f,0.014674906509471442f,-0.1197601772630702f,0.9732126417405018f,0.1962515067417109f,0.4286311094935144f,-0.0138050717007158f,0.19602266271969015f,-0.9805021854619299f,0.17713609605498032f,0f,0f,0f,1f], start_interpolation: 0, interpolation_duration: 1 }
$data merge entity $(bone_leg_left_3) { transformation: [-0.9567277265512623f,-0.010552737112784566f,-0.29079322032585486f,0.26447067057814994f,-0.07917252566036011f,0.9710805975433721f,0.22524250099696447f,0.034142048090194055f,0.28000672925594544f,0.2385185795996539f,-0.9298952192355605f,-0.15131250138179156f,0f,0f,0f,1f], start_interpolation: 0, interpolation_duration: 1 }
$data merge entity $(bone_leg_left_2) { transformation: [-0.9822195096975616f,-0.08577004261260149f,-0.28275525469990537f,0.23421560029040828f,-0.08031081820437849f,1.0220802066660277f,-0.031055162559035464f,0.27130312418825914f,0.2843540165876316f,-0.00759937053033846f,-0.9854680321140397f,-0.1830981392062435f,0f,0f,0f,1f], start_interpolation: 0, interpolation_duration: 1 }
$data merge entity $(bone_leg_left_1) { transformation: [-0.9159738995500671f,0.23258414368684538f,0.3269501971990539f,0.2983034241726625f,0.31543942875230585f,-0.08617048853662232f,0.9450251920947814f,0.1914905295631436f,0.2479713332856489f,0.9687513938110315f,0.005563708989601623f,0.07484775866579044f,0f,0f,0f,1f], start_interpolation: 0, interpolation_duration: 1 }
$data merge entity $(bone_leg_left_0) { transformation: [-0.973536289349514f,0.008207024584053754f,-0.22838506533277514f,0.2069191999731116f,0.06792120234820583f,0.9645882806733965f,-0.25486498201815594f,0.5988644203708455f,0.2182058743277855f,-0.26363249711486186f,-0.9396191264942562f,0.0731999661746472f,0f,0f,0f,1f], start_interpolation: 0, interpolation_duration: 1 }
$data merge entity $(bone_leg_right_3) { transformation: [-0.9908160205157877f,0.003926237260677604f,0.13515989845450002f,-0.17980470930594217f,0.01973385747356587f,0.9930747235958084f,0.11581523312726305f,0.032407076350444264f,-0.1337691607152819f,0.11741881457450587f,-0.9840318255145242f,-0.06864153445549556f,0f,0f,0f,1f], start_interpolation: 0, interpolation_duration: 1 }
$data merge entity $(bone_leg_right_2) { transformation: [-1.0166053274799856f,-0.04891323123796333f,0.1272136134612436f,-0.18569770259640742f,0.017958112220687734f,0.9009526148840664f,0.48992253616232756f,0.25753076372616696f,-0.1351048253967059f,0.4878053720943625f,-0.892106946846117f,0.017704687687989495f,0f,0f,0f,1f], start_interpolation: 0, interpolation_duration: 1 }
$data merge entity $(bone_leg_right_1) { transformation: [-0.9322081903912177f,-0.0762752480058968f,-0.3537936917317348f,-0.2062209219367623f,-0.36090761056164467f,0.1227570853413591f,0.9244870981453333f,0.23466099816389507f,-0.027084800280140035f,0.9895012807167727f,-0.14196347788657376f,0.29351106352219686f,0f,0f,0f,1f], start_interpolation: 0, interpolation_duration: 1 }
$data merge entity $(bone_leg_right_0) { transformation: [-0.9439224138789172f,-0.1688727262516954f,0.2837119646848154f,-0.18586660112662456f,-0.3227264123833405f,0.6533161275043282f,-0.6848545103107132f,0.5844507953801004f,-0.06970035385258834f,-0.7380108670413118f,-0.6711794251925156f,0.06648666405760813f,0f,0f,0f,1f], start_interpolation: 0, interpolation_duration: 1 }
$data merge entity $(bone_tail_4) { transformation: [-2.5937844127469067f,0.8600227050678702f,0.3978752298886256f,0.5593079181070679f,0.8995020075250341f,1.8698805725606504f,1.8221152857101794f,1.5483378677563797f,0.2980602124565052f,1.841078195712501f,-2.0364804243160264f,-1.214496585727809f,0f,0f,0f,1f], start_interpolation: 0, interpolation_duration: 1 }
$data merge entity $(bone_tail_3) { transformation: [-1.9406879469349874f,0.09702315450159106f,0.7485067308690463f,0.43143938922867064f,0.6189945593392774f,1.3862032189050015f,1.4252129305651948f,1.293109335477778f,-0.4318814121655157f,1.5507974301733989f,-1.3207767799435097f,-1.0057174223322467f,0f,0f,0f,1f], start_interpolation: 0, interpolation_duration: 1 }
$data merge entity $(bone_tail_2) { transformation: [-1.6435938068067555f,-0.23908666277694646f,1.02966540240577f,0.23875460126745285f,0.6973136206917255f,1.1853664390754108f,1.3883205661929283f,1.0358212609389825f,-0.7944350115818474f,1.5350953871986714f,-0.9116627883033765f,-0.836463461794833f,0f,0f,0f,1f], start_interpolation: 0, interpolation_duration: 1 }
$data merge entity $(bone_tail_1) { transformation: [-1.3812450615809353f,-0.14851961073422548f,0.5981306337963573f,0.1131786637646534f,0.2257994232109121f,1.243895008476235f,0.8302987886089727f,0.8417291714072263f,-0.5734395786269879f,0.8475396056322454f,-1.113777319103258f,-0.6066034572261438f,0f,0f,0f,1f], start_interpolation: 0, interpolation_duration: 1 }
$data merge entity $(bone_tail_0) { transformation: [-1.2290534680824166f,-0.01396518581552608f,0.35081086466035993f,0.010326570697278945f,0.10445654229790617f,1.2048208947127244f,0.4139216822284429f,0.7498461098145861f,-0.33518967757044266f,0.4266700151555017f,-1.1573401811055617f,-0.25810544970701255f,0f,0f,0f,1f], start_interpolation: 0, interpolation_duration: 1 }
$data merge entity $(bone_body_1) { transformation: [-1.2353557206137713f,-0.049983162911653035f,-0.0015880895525949333f,0.014062500000000006f,-0.04533247901844977f,1.1027049996907112f,0.557307137097131f,0.5460050000000001f,-0.02111409361354924f,0.5569092943547501f,-1.1036352785084496f,-0.03903749999999999f,0f,0f,0f,1f], start_interpolation: 0, interpolation_duration: 1 }