# This file was generated by Animated Java via MC-Build. It is not recommended to edit this file directly.
$data merge entity $(bone_head_lower) { transformation: [-0.9868234227403262f,-0.12913600510079012f,-0.09748550927023131f,0.03416954784487442f,-0.15925678189937342f,0.6687924449886044f,0.7261913955323487f,0.23480442271893875f,-0.028579883661818014f,0.7321479069920049f,-0.6805458342662187f,0.9140771678253696f,0f,0f,0f,1f], start_interpolation: 0, interpolation_duration: 1 }
$data merge entity $(bone_head_upper) { transformation: [-1.0271840895539794f,-0.16645321385050335f,-0.025653778464549713f,0.02834451370655891f,-0.16577031792206534f,0.9712291860680248f,0.33571716132656493f,0.27970511416376936f,-0.029748788995301513f,0.33537909641477076f,-0.9849405128355887f,0.853699577803405f,0f,0f,0f,1f], start_interpolation: 0, interpolation_duration: 1 }
$data merge entity $(bone_neck_0) { transformation: [-0.9855396165988833f,-0.16804709063728332f,0.0217218655384548f,0.032795262118724855f,-0.1686335121772518f,0.9852585434573821f,-0.02878091581244241f,0.2619059823666597f,-0.016565104433437547f,-0.03202776721195086f,-0.9993496982750966f,0.7896049758455365f,0f,0f,0f,1f], start_interpolation: 0, interpolation_duration: 1 }
$data merge entity $(bone_neck_1) { transformation: [-0.9855041454135779f,-0.16595980061376547f,-0.03519835156499307f,0.02904894370635311f,-0.1694695159744047f,0.972629950282354f,0.15896874840403882f,0.2798535064235116f,0.00785254914372589f,0.16262940814620472f,-0.9866559750378855f,0.7067714782548088f,0f,0f,0f,1f], start_interpolation: 0, interpolation_duration: 1 }
$data merge entity $(bone_neck_2) { transformation: [-0.9852535166566405f,-0.16334123269652276f,-0.05094261101380256f,0.022986776155591995f,-0.16982039361579052f,0.8971748993148665f,0.40772323204784067f,0.3243570224737475f,-0.02089358341455997f,0.41036184245192653f,-0.9116833970362513f,0.6309188739627113f,0f,0f,0f,1f], start_interpolation: 0, interpolation_duration: 1 }
$data merge entity $(bone_body_0) { transformation: [-0.9852535166566405f,-0.17049539234048947f,-0.014381554380030161f,0.014584621775829124f,-0.16982039361579052f,0.9641557308273625f,0.20387437461567487f,0.42962703923200435f,-0.02089358341455997f,0.20331022577189065f,-0.9788914190392527f,0.1715078030505924f,0f,0f,0f,1f], start_interpolation: 0, interpolation_duration: 1 }
$data merge entity $(bone_leg_left_3) { transformation: [-0.9587945112060763f,-0.02838171755432896f,-0.2826792588602272f,0.2716442782712145f,-0.0928911110307373f,0.971626651821403f,0.217515266043111f,0.03694591873491462f,0.2684852449811281f,0.23481083360653615f,-0.9342267099844811f,-0.15070256716801958f,0f,0f,0f,1f], start_interpolation: 0, interpolation_duration: 1 }
$data merge entity $(bone_leg_left_2) { transformation: [-0.9843176348329383f,-0.10196156371976435f,-0.2697866430744948f,0.23801252112399562f,-0.09441288887853563f,1.0205141899434163f,-0.04122128137790477f,0.27340590235557416f,0.2725200903992104f,-0.014725051736668097f,-0.9887255294978752f,-0.18426822109168867f,0f,0f,0f,1f], start_interpolation: 0, interpolation_duration: 1 }
$data merge entity $(bone_leg_left_1) { transformation: [-0.9245392212482272f,0.22129568277626388f,0.3102506231392756f,0.30008988946092113f,0.30200725028648856f,-0.07105192113352984f,0.9506541144273396f,0.19766952333584564f,0.2324195541431829f,0.972614952223038f,-0.0011426128225464072f,0.07539268642638074f,0f,0f,0f,1f], start_interpolation: 0, interpolation_duration: 1 }
$data merge entity $(bone_leg_left_0) { transformation: [-0.9771975401598174f,0.0026811037414319304f,-0.21231528251242204f,0.20480211416216035f,0.059198079830485056f,0.9637129227927295f,-0.2602940448544264f,0.6041273933142821f,0.20391310612607874f,-0.26692735739339707f,-0.9418966137666025f,0.0709747258495564f,0f,0f,0f,1f], start_interpolation: 0, interpolation_duration: 1 }
$data merge entity $(bone_leg_right_3) { transformation: [-0.9904337219566142f,-0.008424008816547125f,0.137731908019266f,-0.17408406998627485f,0.0066355624184732025f,0.9940725207792163f,0.10851632477671391f,0.03545952819029316f,-0.13782964747310128f,0.10839215611433095f,-0.984507048613837f,-0.07591700664865038f,0f,0f,0f,1f], start_interpolation: 0, interpolation_duration: 1 }
$data merge entity $(bone_leg_right_2) { transformation: [-1.0161908699569677f,-0.06313013584802699f,0.12422922870486333f,-0.18338387693616603f,0.004513864517824345f,0.8990129726282314f,0.4937787961972042f,0.26027112059413876f,-0.13927648884111893f,0.4897473435299628f,-0.8903997970923676f,0.010941116618880531f,0f,0f,0f,1f], start_interpolation: 0, interpolation_duration: 1 }
$data merge entity $(bone_leg_right_1) { transformation: [-0.9263308042443537f,-0.08230181190135094f,-0.3676107355148427f,-0.2046944693499711f,-0.3748355960473244f,0.10411841347731854f,0.9212261567665203f,0.23223337391116666f,-0.0375435353137671f,0.9911537558485675f,-0.12729774241290825f,0.2862103104486294f,0f,0f,0f,1f], start_interpolation: 0, interpolation_duration: 1 }
$data merge entity $(bone_leg_right_0) { transformation: [-0.9382467521427752f,-0.17225118432477726f,0.3000376002974384f,-0.18765559086896125f,-0.3365813855055177f,0.6550971563332837f,-0.6764323223318294f,0.5836478378480401f,-0.08003751011069728f,-0.7356475006840962f,-0.6726193215426711f,0.06143302129217923f,0f,0f,0f,1f], start_interpolation: 0, interpolation_duration: 1 }
$data merge entity $(bone_tail_4) { transformation: [-2.637586466745924f,0.7664298850048321f,0.2852791499746075f,0.5791020090771293f,0.7721266296617523f,2.016421468736644f,1.721489546812626f,1.4930149034745894f,0.2694799246807418f,1.7240333591289463f,-2.1402688799318246f,-1.2652368633832018f,0f,0f,0f,1f], start_interpolation: 0, interpolation_duration: 1 }
$data merge entity $(bone_tail_3) { transformation: [-1.9595473699762966f,0.06087191372662606f,0.701722338950872f,0.45952015246368755f,0.5231986513040845f,1.5146933162886986f,1.3296288410336086f,1.2527365240780761f,-0.4715748107533011f,1.4275658631930261f,-1.4407006733368957f,-1.03491712172341f,0f,0f,0f,1f], start_interpolation: 0, interpolation_duration: 1 }
$data merge entity $(bone_tail_2) { transformation: [-1.6230336886430141f,-0.2344363860441171f,1.062814707007389f,0.2606892908028954f,0.6484436852384976f,1.324324718055604f,1.2823644970226054f,1.0151423802702846f,-0.8741031447186f,1.4177367516744066f,-1.0221252713574471f,-0.8452152628800924f,0f,0f,0f,1f], start_interpolation: 0, interpolation_duration: 1 }
$data merge entity $(bone_tail_1) { transformation: [-1.35708518616848f,-0.1281701123236558f,0.6553994734427273f,0.12251790469610428f,0.22972368117440548f,1.3041974669914913f,0.7307203619721151f,0.8417375727665943f,-0.6270590704150152f,0.7551805343094594f,-1.150719571750797f,-0.6062254769168334f,0f,0f,0f,1f], start_interpolation: 0, interpolation_duration: 1 }
$data merge entity $(bone_tail_0) { transformation: [-1.217049099489432f,-0.018690076515003567f,0.39022799368555483f,0.008033190359020684f,0.10742447097046962f,1.2115266337531778f,0.39306350037549376f,0.7561115781289081f,-0.375615746545196f,0.4070498904687046f,-1.151980431344534f,-0.25976718140892585f,0f,0f,0f,1f], start_interpolation: 0, interpolation_duration: 1 }
$data merge entity $(bone_body_1) { transformation: [-1.23432382141034f,-0.07098961313598713f,-0.003126304852055116f,0.013541666666666672f,-0.06441051568059364f,1.0947901018962867f,0.5708682101115186f,0.5496508333333334f,-0.030009738835669677f,0.5700874517764548f,-1.096678762426944f,-0.043204166666666655f,0f,0f,0f,1f], start_interpolation: 0, interpolation_duration: 1 }