# This file was generated by Animated Java via MC-Build. It is not recommended to edit this file directly.
$data merge entity $(bone_head_lower) { transformation: [-0.9667001115911464f,-0.18990045534898364f,-0.17154798543822514f,0.05756087244691482f,-0.25559757707462416f,0.749675927520267f,0.6104554711772257f,0.2195713260694109f,0.012679623150801216f,0.6339746215384934f,-0.7732498990636067f,0.8931827008299267f,0f,0f,0f,1f], start_interpolation: 0, interpolation_duration: 1 }
$data merge entity $(bone_head_upper) { transformation: [-1.0062377433635112f,-0.23163017272157627f,-0.13154850625981326f,0.04297870571846611f,-0.2660514114779859f,0.8993709247387478f,0.45146486991641777f,0.27080667122119745f,0.013198214454492674f,0.4700546195954779f,-0.9286260842317919f,0.8397247144062135f,0f,0f,0f,1f], start_interpolation: 0, interpolation_duration: 1 }
$data merge entity $(bone_neck_0) { transformation: [-0.9667001115911464f,-0.25233308498594964f,-0.042648663181140176f,0.04462916725834432f,-0.25559757707462416f,0.9602677499791332f,0.11205234019686544f,0.26254782951936434f,0.012679623150801216f,0.11922190474693012f,-0.9927866662003815f,0.773589974936353f,0f,0f,0f,1f], start_interpolation: 0, interpolation_duration: 1 }
$data merge entity $(bone_neck_1) { transformation: [-0.9667001115911464f,-0.24109371579431593f,-0.08581791452927796f,0.036248574925636344f,-0.25559757707462416f,0.9262214404685385f,0.27709875822523455f,0.2902887176608019f,0.012679623150801216f,0.28980625152138306f,-0.957001339463994f,0.6938545020161498f,0f,0f,0f,1f], start_interpolation: 0, interpolation_duration: 1 }
$data merge entity $(bone_neck_2) { transformation: [-0.9661877530035645f,-0.2456539507956932f,-0.07832855420847566f,0.026981300400808213f,-0.2559757830213857f,0.8774113466508475f,0.4057409608049631f,0.3344250743503262f,-0.030945507792107127f,0.41207216021810233f,-0.9106255598876386f,0.6181113172719289f,0f,0f,0f,1f], start_interpolation: 0, interpolation_duration: 1 }
$data merge entity $(bone_body_0) { transformation: [-0.9661877530035645f,-0.2567843733282841f,-0.023302608444622487f,0.013552676289220748f,-0.2559757830213857f,0.9444316112524473f,0.20621670682487045f,0.4406111266009306f,-0.030945507792107127f,0.20520896004196948f,-0.9782288373719015f,0.15903060643229172f,0f,0f,0f,1f], start_interpolation: 0, interpolation_duration: 1 }
$data merge entity $(bone_leg_left_3) { transformation: [-0.9672274673425341f,-0.049866697291401224f,-0.2489665417669518f,0.2756228825697651f,-0.09902999224098098f,0.9769615282941135f,0.18904822895224588f,0.039124049325783256f,0.23380352233210439f,0.2075077943945175f,-0.9498823233488578f,-0.14270635405123774f,0f,0f,0f,1f], start_interpolation: 0, interpolation_duration: 1 }
$data merge entity $(bone_leg_left_2) { transformation: [-0.992865529334343f,-0.11625111437256554f,-0.22970833369180635f,0.23988559017093533f,-0.10082200231239452f,1.0176537284193106f,-0.07923390931091094f,0.27373256009223695f,0.2368863947339506f,-0.05411808331885775f,-0.9965030198391466f,-0.18575010707026396f,0f,0f,0f,1f], start_interpolation: 0, interpolation_duration: 1 }
$data merge entity $(bone_leg_left_1) { transformation: [-0.9391358863578547f,0.18166571290139116f,0.2915842171841201f,0.29247743201082954f,0.2940604835025166f,-0.013765349692919704f,0.9556876828703493f,0.21345045556046116f,0.17762944293419639f,0.9832639950205954f,-0.04049317348672632f,0.07998199807488643f,0f,0f,0f,1f], start_interpolation: 0, interpolation_duration: 1 }
$data merge entity $(bone_leg_left_0) { transformation: [-0.9851267770305756f,0.021492559353473266f,-0.17047962655340423f,0.20024798471682934f,0.06987140642317649f,0.9565222651867178f,-0.28316628112562653f,0.620188030370752f,0.15698159045505314f,-0.29086633716280663f,-0.9437974116110379f,0.060862561531427176f,0f,0f,0f,1f], start_interpolation: 0, interpolation_duration: 1 }
$data merge entity $(bone_leg_right_3) { transformation: [-0.9891926182372303f,-0.02832639957563963f,0.14385958123133266f,-0.16433433802896086f,-0.01911280697021216f,0.9977003359821708f,0.06502876433381644f,0.040869437313612256f,-0.1453707832911849f,0.061576413245209904f,-0.9874592045736181f,-0.0823782205158277f,0f,0f,0f,1f], start_interpolation: 0, interpolation_duration: 1 }
$data merge entity $(bone_leg_right_2) { transformation: [-1.014889217823566f,-0.08518458068854448f,0.12167852012200678f,-0.17885585172460333f,-0.02181523204878036f,0.9166292442879836f,0.45975767929137673f,0.26877679855488207f,-0.14692232878913492f,0.4523235735948897f,-0.9087790785302114f,-0.004799664212914612f,0f,0f,0f,1f], start_interpolation: 0, interpolation_duration: 1 }
$data merge entity $(bone_leg_right_1) { transformation: [-0.9152794213853981f,-0.09233751027031381f,-0.3920935666208906f,-0.20137425702168305f,-0.39979656180464224f,0.08920764552677984f,0.9122525446107319f,0.2366670756852839f,-0.04925738480266625f,0.9917236410294192f,-0.11856614131257703f,0.269927969598975f,0f,0f,0f,1f], start_interpolation: 0, interpolation_duration: 1 }
$data merge entity $(bone_leg_right_0) { transformation: [-0.9277491455282837f,-0.18165791288735944f,0.326009088304219f,-0.19136362310867736f,-0.3617444780597179f,0.6525274006593378f,-0.6658445193752598f,0.589136511006746f,-0.09177393728527597f,-0.7356686713964222f,-0.6710954852783482f,0.04638297874191606f,0f,0f,0f,1f], start_interpolation: 0, interpolation_duration: 1 }
$data merge entity $(bone_tail_4) { transformation: [-2.6820605895134912f,0.6543381644825763f,-0.06367018360358068f,0.5983837524572843f,0.5229911944811586f,2.285629838671152f,1.45877955245858f,1.2825911535673218f,0.3983623178385624f,1.4047772558942064f,-2.3438365251545665f,-1.4143489495006623f,0f,0f,0f,1f], start_interpolation: 0, interpolation_duration: 1 }
$data merge entity $(bone_tail_3) { transformation: [-2.0131172629525786f,0.062036981337559985f,0.5286358147092235f,0.5081395729925152f,0.3172834087344177f,1.8003628900761464f,0.9969805557898204f,1.0959221295726285f,-0.42735892431143824f,1.0444091166911718f,-1.7500055636563505f,-1.1278330389679925f,0f,0f,0f,1f], start_interpolation: 0, interpolation_duration: 1 }
$data merge entity $(bone_tail_2) { transformation: [-1.6003597930842623f,-0.11831448172087937f,1.1151789502573983f,0.29961871052334516f,0.49647245957162367f,1.6677060763406049f,0.8894073390895216f,0.9313471973767052f,-1.005553332533375f,1.011697583942218f,-1.3357036980855f,-0.8800314538702345f,0f,0f,0f,1f], start_interpolation: 0, interpolation_duration: 1 }
$data merge entity $(bone_tail_1) { transformation: [-1.3111333631918558f,-0.01635023934683164f,0.7538688371318413f,0.13884703246458122f,0.21778261397533608f,1.4394915207517018f,0.4099892007529256f,0.8253177354813007f,-0.721911550659278f,0.46395374915745047f,-1.245490618859678f,-0.6169974299433512f,0f,0f,0f,1f], start_interpolation: 0, interpolation_duration: 1 }
$data merge entity $(bone_tail_0) { transformation: [-1.1917891880609457f,-0.009194972055824114f,0.46194123034640633f,0.003635177389147098f,0.10760765336461238f,1.2372955192086292f,0.30225172897377645f,0.7668509002184171f,-0.44932709771659723f,0.32070386218311814f,-1.1528616172908346f,-0.27236531489574867f,0f,0f,0f,1f], start_interpolation: 0, interpolation_duration: 1 }
$data merge entity $(bone_body_1) { transformation: [-1.2316627501083093f,-0.10765395082795873f,-0.004700204571954703f,0.011979166666666674f,-0.09766053653842192f,1.0924115114903536f,0.5707049186949752f,0.5605883333333334f,-0.0455399237473487f,0.5689044836268582f,-1.0967581314540567f,-0.05570416666666665f,0f,0f,0f,1f], start_interpolation: 0, interpolation_duration: 1 }