# This file was generated by Animated Java via MC-Build. It is not recommended to edit this file directly.
$data merge entity $(bone_head_lower) { transformation: [-0.9927764599420221f,0.1193457151666031f,0.01230856841223666f,0.05701134251977043f,0.10553651375298499f,0.819866874666357f,0.5627435935572129f,0.3212917132627818f,0.05706964911275234f,0.5599775960662995f,-0.8265398641650357f,0.7637903492317607f,0f,0f,0f,1f], start_interpolation: 0, interpolation_duration: 1 }
$data merge entity $(bone_head_upper) { transformation: [-1.0333806034967927f,0.09826548932449938f,0.07707376017769385f,0.06421033918813f,0.10985291319193469f,0.4096667606372679f,0.950566896791446f,0.39605435114403437f,0.05940377398244345f,0.9518345346856726f,-0.41707811354692165f,0.7564297163919496f,0f,0f,0f,1f], start_interpolation: 0, interpolation_duration: 1 }
$data merge entity $(bone_neck_0) { transformation: [-0.9894793053004113f,-0.14326509576897178f,0.02014489306308484f,0.06815813237217373f,-0.12587001022807517f,0.9211311087418941f,0.3683398173332787f,0.4049608811013068f,-0.07132632688846395f,0.36192898867351886f,-0.9294729486382936f,0.6904765139875696f,0f,0f,0f,1f], start_interpolation: 0, interpolation_duration: 1 }
$data merge entity $(bone_neck_1) { transformation: [-0.9904885491088992f,0.019262674207770763f,-0.13624016832973124f,0.056705542694677105f,-0.031209883042201778f,0.9328923735603862f,0.35880044948879447f,0.43965370698235323f,0.13400887017149385f,0.35963977635299754f,-0.9234180277534794f,0.6139077026699219f,0f,0f,0f,1f], start_interpolation: 0, interpolation_duration: 1 }
$data merge entity $(bone_neck_2) { transformation: [-0.9882611239351102f,0.04368293681266047f,-0.14639587408781068f,0.044307849408760674f,-0.017821299876267467f,0.9187453401826952f,0.394448223678728f,0.4832054208345137f,0.15173118397097266f,0.39242680963971455f,-0.9071818157826809f,0.5382738754768694f,0f,0f,0f,1f], start_interpolation: 0, interpolation_duration: 1 }
$data merge entity $(bone_body_0) { transformation: [-0.9960221665734815f,0.012420366652819542f,-0.08823592344661774f,0.002840909090909081f,-0.005170541560183104f,0.9805130195730037f,0.19638605843543155f,0.5851020458801207f,0.08895565858472565f,0.19606109491696672f,-0.9765484820866386f,0.07989796493169726f,0f,0f,0f,1f], start_interpolation: 0, interpolation_duration: 1 }
$data merge entity $(bone_leg_left_3) { transformation: [-0.9812463921348439f,-0.012651529974147424f,-0.19234203053847965f,0.21197250087877162f,-0.02031906212848262f,0.9990732698106595f,0.03794386991406157f,0.03167889196222931f,0.19168373336454758f,0.041140495125236654f,-0.9805941087036363f,-0.1322416295829824f,0f,0f,0f,1f], start_interpolation: 0, interpolation_duration: 1 }
$data merge entity $(bone_leg_left_2) { transformation: [-1.0070599285874853f,-0.07730607760658367f,-0.1786512527220228f,0.18686911161509254f,-0.020780624613573197f,0.9786632941477368f,-0.30634706107495724f,0.25030414990738137f,0.19354757909809386f,-0.2971601025603517f,-0.96244345681826f,-0.2309527662490522f,0f,0f,0f,1f], start_interpolation: 0, interpolation_duration: 1 }
$data merge entity $(bone_leg_left_1) { transformation: [-0.9478152076053321f,0.11444441144000721f,0.29757151900377055f,0.22105433658468626f,0.31843727803966465f,0.38555350459396315f,0.8659943389249154f,0.30277601888527733f,-0.015621529590612778f,0.9155604686668501f,-0.4018768418654979f,0.0394015550027272f,0f,0f,0f,1f], start_interpolation: 0, interpolation_duration: 1 }
$data merge entity $(bone_leg_left_0) { transformation: [-0.9705657967758783f,0.20660046057461276f,-0.12376705465980167f,0.19939465909090912f,0.24060745469903075f,0.8541948779456483f,-0.4609329270454354f,0.7036602925673535f,0.010492229127230312f,-0.4771450095953816f,-0.8787619432736973f,-0.0751843780331951f,0f,0f,0f,1f], start_interpolation: 0, interpolation_duration: 1 }
$data merge entity $(bone_leg_right_3) { transformation: [-0.9890898891053502f,-0.01177760449955468f,0.14684168107801648f,-0.17925938833735683f,-0.008595029349027932f,0.9997146173169015f,0.02228922146264445f,0.02153150537978285f,-0.14706228864006973f,0.020783935026205347f,-0.9889088488353064f,-0.12042237687014964f,0f,0f,0f,1f], start_interpolation: 0, interpolation_duration: 1 }
$data merge entity $(bone_leg_right_2) { transformation: [-1.014962454794706f,0.03073889789264956f,0.1448051622496369f,-0.16604447704168643f,-0.008983070697484136f,0.988705106240743f,-0.2728437590179029f,0.243579071993654f,-0.14775899058481148f,-0.27125547469225525f,-0.9780848366330657f,-0.21364960651000134f,0f,0f,0f,1f], start_interpolation: 0, interpolation_duration: 1 }
$data merge entity $(bone_leg_right_1) { transformation: [-0.9385568397519349f,-0.0819757190323017f,-0.33524772936441755f,-0.18922638183672413f,-0.3373480211601292f,0.4229543925104135f,0.8410148003902739f,0.30715979522285153f,0.07285170673502234f,0.9024353513384125f,-0.4246210845924988f,0.05548507461357957f,0f,0f,0f,1f], start_interpolation: 0, interpolation_duration: 1 }
$data merge entity $(bone_leg_right_0) { transformation: [-0.9561733076250295f,-0.27224705512821784f,0.10776895081341271f,-0.19371284090909088f,-0.28939242725853465f,0.8227007410492345f,-0.48930104610807273f,0.7036602925673535f,0.04454917317778596f,-0.49904411794054226f,-0.8654307248521523f,-0.07518437803319514f,0f,0f,0f,1f], start_interpolation: 0, interpolation_duration: 1 }
$data merge entity $(bone_tail_4) { transformation: [-2.6984863807288306f,0.16366768232308035f,-0.563067912763642f,-0.35507174159720023f,0.06483798253733145f,2.7187339484283086f,0.4795238109665738f,0.5877284729852272f,0.5827766473028081f,0.4553679161144412f,-2.660577526014247f,-1.782034960680408f,0f,0f,0f,1f], start_interpolation: 0, interpolation_duration: 1 }
$data merge entity $(bone_tail_3) { transformation: [-1.9265477463950018f,-0.06379288599522698f,-0.7875847729617318f,-0.2209022051400525f,-0.039520215231706624f,2.080677773821813f,-0.07185875142519751f,0.5795519962676162f,0.7891751766831129f,-0.05153634896603293f,-1.9262637595321348f,-1.4549074868263672f,0f,0f,0f,1f], start_interpolation: 0, interpolation_duration: 1 }
$data merge entity $(bone_tail_2) { transformation: [-1.817096284513379f,-0.13072249787688983f,-0.7069983001105988f,-0.09084751388402075f,-0.0024696839856562483f,1.9227208266236275f,-0.34915956027515793f,0.6449156866907564f,0.7189776550571381f,-0.3237748081913681f,-1.788019820950528f,-1.1220639061075754f,0f,0f,0f,1f], start_interpolation: 0, interpolation_duration: 1 }
$data merge entity $(bone_tail_1) { transformation: [-1.4843986346338365f,-0.05075379283064867f,-0.285728885502509f,-0.027323280177235718f,-0.010093011502300495f,1.497316987876839f,-0.21353271162574763f,0.6725720330607193f,0.29002598955268943f,-0.20765871117950688f,-1.4698363973773576f,-0.8035101818533164f,0f,0f,0f,1f], start_interpolation: 0, interpolation_duration: 1 }
$data merge entity $(bone_tail_0) { transformation: [-1.2739086473051369f,-0.011704370020200234f,-0.10418964741112413f,0.0028409090909091443f,-0.00005274509556497404f,1.270297447005726f,-0.1420567137896592f,0.7447388467678194f,0.10484499093032065f,-0.14157372792009287f,-1.2660174264296902f,-0.43696689111408943f,0f,0f,0f,1f], start_interpolation: 0, interpolation_duration: 1 }
$data merge entity $(bone_body_1) { transformation: [-1.2363675f,-1.981727832175244e-17f,1.5010886860040278e-16f,0.002840909090909111f,0f,1.2257319310752652f,0.16182035780071446f,0.6245561363636364f,-1.5141135014448153e-16f,0.16182035780071446f,-1.2257319310752652f,-0.16290113636363635f,0f,0f,0f,1f], start_interpolation: 0, interpolation_duration: 1 }