# This file was generated by Animated Java via MC-Build. It is not recommended to edit this file directly.
$data merge entity $(bone_head_lower) { transformation: [-0.9406279978713251f,-0.14150552934662264f,-0.3085371205947749f,0.07329115495253469f,-0.3060727162901218f,0.7465818578239191f,0.5907072218205668f,0.22970146490308443f,0.1467598785886975f,0.650070545965988f,-0.7455667799091598f,0.8802173866511495f,0f,0f,0f,1f], start_interpolation: 0, interpolation_duration: 1 }
$data merge entity $(bone_head_upper) { transformation: [-0.97909929105593f,-0.19152063357416413f,-0.296911380301654f,0.048218380991152276f,-0.31859096285608934f,0.8567476112574948f,0.49795107347460743f,0.28316804144230373f,0.15276229647302583f,0.5592631939466736f,-0.8645000308018272f,0.8332265610481224f,0f,0f,0f,1f], start_interpolation: 0, interpolation_duration: 1 }
$data merge entity $(bone_neck_0) { transformation: [-0.9581749245253828f,-0.2493733769586341f,-0.14040560129504875f,0.043496899306519676f,-0.2651620295025648f,0.9581621978296843f,0.10776966530647666f,0.27466954152502926f,0.1076564541532845f,0.14049242511408203f,-0.9842113423267921f,0.7672703682823582f,0f,0f,0f,1f], start_interpolation: 0, interpolation_duration: 1 }
$data merge entity $(bone_neck_1) { transformation: [-0.9679225441772731f,-0.23523543892289311f,-0.0882623178267422f,0.03493622228098524f,-0.2508230835437911f,0.9251374353170623f,0.28497106263014305f,0.3030723232973257f,0.014619481351246792f,0.2979681426758946f,-0.9544638582551455f,0.6877874541372978f,0f,0f,0f,1f], start_interpolation: 0, interpolation_duration: 1 }
$data merge entity $(bone_neck_2) { transformation: [-0.967465317531252f,-0.2407974850974983f,-0.07763652841848269f,0.0257771222400303f,-0.25142468575300914f,0.880813632594088f,0.40118944655911337f,0.3468432437083698f,-0.028222097160813767f,0.4076566150660714f,-0.9126990727642483f,0.6118193831669851f,0f,0f,0f,1f], start_interpolation: 0, interpolation_duration: 1 }
$data merge entity $(bone_body_0) { transformation: [-0.967465317531252f,-0.2518932434636002f,-0.023678117989849277f,0.012218116013811687f,-0.25142468575300914f,0.9467681214477077f,0.20103669218423587f,0.4506102326641456f,-0.028222097160813767f,0.20044929061427483f,-0.9792975008260154f,0.1521896734480264f,0f,0f,0f,1f], start_interpolation: 0, interpolation_duration: 1 }
$data merge entity $(bone_leg_left_3) { transformation: [-0.968031710767598f,-0.052708252915807004f,-0.24522733742982444f,0.2712791874875616f,-0.09839091459159888f,0.9791081004338835f,0.1779509921033888f,0.03847320213186253f,0.23072458662697026f,0.1963903453312179f,-0.9529937027003368f,-0.14470034283213104f,0f,0f,0f,1f], start_interpolation: 0, interpolation_duration: 1 }
$data merge entity $(bone_leg_left_2) { transformation: [-0.9936784704349173f,-0.11947835182590807f,-0.22447766111527062f,0.23495002075641394f,-0.10021981418977978f,1.0161534760174198f,-0.09721266132646848f,0.2721773164967859f,0.23371197174852582f,-0.07224428090425712f,-0.9961032464753524f,-0.1919618561335784f,0f,0f,0f,1f], start_interpolation: 0, interpolation_duration: 1 }
$data merge entity $(bone_leg_left_1) { transformation: [-0.9423224916737987f,0.17526095710167988f,0.2851524480019184f,0.28620647074893024f,0.29290431405817696f,0.019519349304780886f,0.9559424971246056f,0.2209471359804393f,0.16197340674256555f,0.9843284979713433f,-0.0697282122937794f,0.0759217577702825f,0f,0f,0f,1f], start_interpolation: 0, interpolation_duration: 1 }
$data merge entity $(bone_leg_left_0) { transformation: [-0.9857191708151045f,0.03643630112548251f,-0.16440837037047668f,0.1992813029900448f,0.08368113843102855f,0.9532207046113428f,-0.29046128033034324f,0.6285880045574237f,0.14613412797313885f,-0.3000711320013112f,-0.9426569537116787f,0.05183408373677574f,0f,0f,0f,1f], start_interpolation: 0, interpolation_duration: 1 }
$data merge entity $(bone_leg_right_3) { transformation: [-0.9889133049684599f,-0.02945180358369129f,0.14554403636709246f,-0.16189078312044133f,-0.02087705662140292f,0.9979742871166117f,0.06009551365050042f,0.03665995819475937f,-0.14701912720181878f,0.05639072192975031f,-0.9875249175170501f,-0.08933048977194215f,0f,0f,0f,1f], start_interpolation: 0, interpolation_duration: 1 }
$data merge entity $(bone_leg_right_2) { transformation: [-1.014621574903261f,-0.0808495012468471f,0.12676205027395462f,-0.1752451074563879f,-0.023506290907509657f,0.9394461555268065f,0.41103597732360275f,0.2683828129673743f,-0.1485015606964857f,0.40369106816318556f,-0.9311514417411747f,-0.023777056119877904f,0f,0f,0f,1f], start_interpolation: 0, interpolation_duration: 1 }
$data merge entity $(bone_leg_right_1) { transformation: [-0.9151978342619558f,-0.09413401882778158f,-0.391856747627952f,-0.19826250312039814f,-0.40033611056652313f,0.10064164673054593f,0.9108250422116384f,0.23944431483560485f,-0.04630251330861224f,0.9904595122682676f,-0.1297922640938623f,0.2512613929785883f,0f,0f,0f,1f], start_interpolation: 0, interpolation_duration: 1 }
$data merge entity $(bone_leg_right_0) { transformation: [-0.9283982034864644f,-0.1942936916694853f,0.3167439614902681f,-0.19238337777061862f,-0.36113035743753374f,0.6725695654904582f,-0.6459373379152311f,0.5980909791902216f,-0.08753079858052597f,-0.7140729241144907f,-0.6945777266414724f,0.03761382197231267f,0f,0f,0f,1f], start_interpolation: 0, interpolation_duration: 1 }
$data merge entity $(bone_tail_4) { transformation: [-2.674611039056083f,0.6319339955526588f,-0.2697712857666567f,0.5632458950270606f,0.408783588267324f,2.3348968230138554f,1.4166206745078576f,1.1996915838573725f,0.5522799103015009f,1.332132719643452f,-2.3550096920252175f,-1.4800596321404529f,0f,0f,0f,1f], start_interpolation: 0, interpolation_duration: 1 }
$data merge entity $(bone_tail_3) { transformation: [-2.0439096141722373f,0.08136849866950832f,0.3895615260302423f,0.4963944014796813f,0.24114100510347436f,1.874724776994212f,0.8736152197770674f,1.0332130725497592f,-0.31659126771979523f,0.9026248966169271f,-1.8495901684576774f,-1.1752703827925612f,0f,0f,0f,1f], start_interpolation: 0, interpolation_duration: 1 }
$data merge entity $(bone_tail_2) { transformation: [-1.6337578448751375f,-0.043282637557091316f,1.0713243171877622f,0.2960191775354504f,0.42253198463539987f,1.7685751703652994f,0.7158089575649349f,0.9008790274949666f,-0.9854318349189828f,0.8300857516282462f,-1.469236406666658f,-0.9026736951423331f,0f,0f,0f,1f], start_interpolation: 0, interpolation_duration: 1 }
$data merge entity $(bone_tail_1) { transformation: [-1.3175497830643954f,0.03202154127244157f,0.7420872186215731f,0.13719760735231357f,0.2023286098398977f,1.4694248849002007f,0.29582070799098326f,0.8190662113287154f,-0.7146901096190009f,0.3569613123723207f,-1.2843102890976976f,-0.6299851384437831f,0f,0f,0f,1f], start_interpolation: 0, interpolation_duration: 1 }
$data merge entity $(bone_tail_0) { transformation: [-1.1929261164044684f,0.00033342256255521464f,0.4590891920025731f,0.003049121303972757f,0.10269910797833888f,1.2460163026740692f,0.26595485194845403f,0.7714166151902753f,-0.44745490343121075f,0.2850946840680574f,-1.1629019077701817f,-0.28327833006015346f,0f,0f,0f,1f], start_interpolation: 0, interpolation_duration: 1 }
$data merge entity $(bone_body_1) { transformation: [-1.2318296704854512f,-0.10578032833338902f,-0.003283307118606718f,0.010937500000000011f,-0.0959165902728497f,1.0996800242355673f,0.5568738161055362f,0.5678799999999999f,-0.04472432982600129f,0.5550846435375354f,-1.1038502470383709f,-0.06403749999999997f,0f,0f,0f,1f], start_interpolation: 0, interpolation_duration: 1 }