# This file was generated by Animated Java via MC-Build. It is not recommended to edit this file directly.
$data merge entity $(bone_head_lower) { transformation: [-0.8707580204852496f,-0.038340228073178856f,-0.49021474546560323f,0.09176922973304519f,-0.36543328537907904f,0.7175069261145757f,0.5929943717394498f,0.24335285013023916f,0.3289969356964624f,0.695495390271502f,-0.6387857061749493f,0.8614610586439878f,0f,0f,0f,1f], start_interpolation: 0, interpolation_duration: 1 }
$data merge entity $(bone_head_upper) { transformation: [-0.9063716607072546f,-0.08295444923046173f,-0.5050553579590571f,0.05480796002057224f,-0.3803793544872145f,0.7964170965053627f,0.5518181744536549f,0.29915899605145935f,0.34245277328439117f,0.6650641400123338f,-0.7238008913527195f,0.8266042786656511f,0f,0f,0f,1f], start_interpolation: 0, interpolation_duration: 1 }
$data merge entity $(bone_neck_0) { transformation: [-0.9322680814506858f,-0.23673959785848453f,-0.27355179969077226f,0.04126355442675041f,-0.27007413534599456f,0.9585422872639395f,0.09086608247265926f,0.28956289643394745f,0.24069936793720678f,0.1585908141495517f,-0.957555621330694f,0.7620349345189299f,0f,0f,0f,1f], start_interpolation: 0, interpolation_duration: 1 }
$data merge entity $(bone_neck_1) { transformation: [-0.9711415577376796f,-0.2220121430141775f,-0.08714747953375063f,0.03285823690822441f,-0.23791286793243102f,0.9274568046145313f,0.28848109616813433f,0.3182737091605342f,0.016779216519216135f,0.3008894878995527f,-0.953511391628095f,0.6826461650705824f,0f,0f,0f,1f], start_interpolation: 0, interpolation_duration: 1 }
$data merge entity $(bone_neck_2) { transformation: [-0.9707739685164662f,-0.22810300589801466f,-0.07461180034740711f,0.024088412617168674f,-0.23880412077783375f,0.8871475070877973f,0.3948947867058162f,0.36155518274844556f,-0.023885015183517336f,0.4011711846184825f,-0.9156916438853675f,0.6063524260083004f,0f,0f,0f,1f], start_interpolation: 0, interpolation_duration: 1 }
$data merge entity $(bone_body_0) { transformation: [-0.9707739685164662f,-0.23884500313270593f,-0.02347267622851612f,0.010750531122111953f,-0.23880412077783375f,0.9515894440769957f,0.19352033955313283f,0.46182567202020214f,-0.023885015183517336f,0.19346987982570238f,-0.980815432000288f,0.1459408334071243f,0f,0f,0f,1f], start_interpolation: 0, interpolation_duration: 1 }
$data merge entity $(bone_leg_left_3) { transformation: [-0.9694178494061746f,-0.051792282520793126f,-0.2398887090381584f,0.2647138822755713f,-0.09328533736267358f,0.9818739762513802f,0.16498891051654585f,0.036767443897119056f,0.2269953283348362f,0.18232129396093832f,-0.9566776189932371f,-0.1451661175686934f,0f,0f,0f,1f], start_interpolation: 0, interpolation_duration: 1 }
$data merge entity $(bone_leg_left_2) { transformation: [-0.9950825806225826f,-0.1185884267660967f,-0.21865416135838409f,0.22876994970441306f,-0.09504363780808789f,1.0144858897281375f,-0.11767449152390418f,0.2694585143225246f,0.22986858018093986f,-0.09390082044554529f,-0.9951910727422885f,-0.1974535110934681f,0f,0f,0f,1f], start_interpolation: 0, interpolation_duration: 1 }
$data merge entity $(bone_leg_left_1) { transformation: [-0.9444816718659133f,0.1677427119956214f,0.2825185906833803f,0.2781666187849967f,0.29533365320652877f,0.056602951550478814f,0.9537159635653899f,0.22837249485676753f,0.1439875161014148f,0.9842044952387325f,-0.10300051824537917f,0.07251925373285356f,0f,0f,0f,1f], start_interpolation: 0, interpolation_duration: 1 }
$data merge entity $(bone_leg_left_0) { transformation: [-0.9857542792379252f,0.05635374550712252f,-0.15847004868881975f,0.1985741882540819f,0.10238788253897468f,0.9485616307466048f,-0.2995789615185399f,0.6371014342116483f,0.13343621125205693f,-0.31153665601765096f,-0.940818627304985f,0.04230373287901462f,0f,0f,0f,1f], start_interpolation: 0, interpolation_duration: 1 }
$data merge entity $(bone_leg_right_3) { transformation: [-0.988626343406161f,-0.02612582724892f,0.14810602375974852f,-0.161786815608965f,-0.020832343004735004f,0.9990913916370423f,0.03718070254435524f,0.033817640043350444f,-0.1489428299996233f,0.033672426513667586f,-0.9882723314372334f,-0.08914607415819666f,0f,0f,0f,1f], start_interpolation: 0, interpolation_duration: 1 }
$data merge entity $(bone_leg_right_2) { transformation: [-1.014354500818818f,-0.07288470169434211f,0.13354761857939568f,-0.1730752666124237f,-0.02330581070624006f,0.9641547378699084f,0.349177147206154f,0.26938800353974934f,-0.1503462182983859f,0.3422800917415881f,-0.9551453046219923f,-0.03864610601827942f,0f,0f,0f,1f], start_interpolation: 0, interpolation_duration: 1 }
$data merge entity $(bone_leg_right_1) { transformation: [-0.9163913348493045f,-0.09604435978006545f,-0.3885902756986427f,-0.19680865294701044f,-0.3982635525891962f,0.12136485011668768f,0.9092066408881905f,0.24620646239254673f,-0.040162969164922145f,0.9879504309987376f,-0.149468664934381f,0.2368765394809598f,0f,0f,0f,1f], start_interpolation: 0, interpolation_duration: 1 }
$data merge entity $(bone_leg_right_0) { transformation: [-0.9300837885167375f,-0.20283031501771204f,0.3062744025349954f,-0.19323300337741522f,-0.3583982604645617f,0.6839448699954165f,-0.6354290689785365f,0.6081463259419857f,-0.08059052819239335f,-0.7007704889025859f,-0.7088200678937515f,0.02880436818354168f,0f,0f,0f,1f], start_interpolation: 0, interpolation_duration: 1 }
$data merge entity $(bone_tail_4) { transformation: [-2.670459471930615f,0.6134489468382848f,-0.34349371173146775f,0.5262442283955246f,0.3772564617131236f,2.38874242787464f,1.333134842004838f,1.1423495574981612f,0.5932833239454451f,1.2422766738913555f,-2.3938305902117794f,-1.531404772460112f,0f,0f,0f,1f], start_interpolation: 0, interpolation_duration: 1 }
$data merge entity $(bone_tail_3) { transformation: [-2.0561861581347554f,0.09863109489127939f,0.313553689597216f,0.4721119270476368f,0.20956218468681645f,1.9236563133779578f,0.7691395223201424f,0.9931074301731001f,-0.2532344761061744f,0.7910523504586253f,-1.9094643240944726f,-1.2153712539576635f,0f,0f,0f,1f], start_interpolation: 0, interpolation_duration: 1 }
$data merge entity $(bone_tail_2) { transformation: [-1.6734969691454145f,0.0010669786693137163f,1.009049369862748f,0.28329464801687443f,0.3616902696923186f,1.8249477612875553f,0.59792950452726f,0.88265534289247f,-0.9419988949429761f,0.6988121386544713f,-1.5630334455148915f,-0.9253370223161005f,0f,0f,0f,1f], start_interpolation: 0, interpolation_duration: 1 }
$data merge entity $(bone_tail_1) { transformation: [-1.3351843289272642f,0.05130224168975198f,0.7087362963646336f,0.13143098511144305f,0.18008421239776207f,1.4837342885438742f,0.23185876615793818f,0.8144527569788842f,-0.6873927074330434f,0.2890620884806757f,-1.315899169682488f,-0.6450469722563925f,0f,0f,0f,1f], start_interpolation: 0, interpolation_duration: 1 }
$data merge entity $(bone_tail_0) { transformation: [-1.1999608411988336f,0.0032879445687632324f,0.4403622208976699f,0.00282625315428771f,0.09124802967275938f,1.2522968120486928f,0.2392952322917195f,0.7747452812103071f,-0.4308172388081224f,0.2560812381593417f,-1.1758633520917945f,-0.2952526747226886f,0f,0f,0f,1f], start_interpolation: 0, interpolation_duration: 1 }
$data merge entity $(bone_body_1) { transformation: [-1.232277883274817f,-0.10046951425998775f,-0.0013000585944667712f,0.009895833333333345f,-0.09106708679837489f,1.1100087489349475f,0.5368351311587012f,0.5751716666666666f,-0.04245702709851668f,0.5351551635259485f,-1.1137373778668476f,-0.0723708333333333f,0f,0f,0f,1f], start_interpolation: 0, interpolation_duration: 1 }