# This file was generated by Animated Java via MC-Build. It is not recommended to edit this file directly.
$data merge entity $(bone_head_lower) { transformation: [-0.7870493316664623f,0.0973699378949729f,-0.6091571592928253f,0.09946277324823295f,-0.3936219644047036f,0.681055900804145f,0.6174338904838613f,0.2661387748115289f,0.4749895774241343f,0.7257285685255775f,-0.4976976453272194f,0.8369983658263276f,0f,0f,0f,1f], start_interpolation: 0, interpolation_duration: 1 }
$data merge entity $(bone_head_upper) { transformation: [-0.8192393213943991f,0.0966716100875183f,-0.6348019192376775f,0.05761762147267649f,-0.40972093873970417f,0.7136330298521364f,0.637439090145735f,0.3259793982891221f,0.4944164532284575f,0.7515679883354891f,-0.5236123301354219f,0.8179316527773924f,0f,0f,0f,1f], start_interpolation: 0, interpolation_duration: 1 }
$data merge entity $(bone_neck_0) { transformation: [-0.9003907342797159f,-0.1999441882093859f,-0.38641796959319064f,0.03616751885109312f,-0.25174555947684696f,0.9637938357421209f,0.08789548036832828f,0.3161000490701332f,0.354853066644384f,0.17641928405585253f,-0.9181261009830278f,0.7555856199378469f,0f,0f,0f,1f], start_interpolation: 0, interpolation_duration: 1 }
$data merge entity $(bone_neck_1) { transformation: [-0.9782532587367297f,-0.19156994521763043f,-0.07950797356418622f,0.028549611156679047f,-0.20650142055335313f,0.9354695555254445f,0.2867993619143433f,0.34470531057451453f,0.019435150640435966f,0.29698091988264397f,-0.9546856069645349f,0.6760793727546438f,0f,0f,0f,1f], start_interpolation: 0, interpolation_duration: 1 }
$data merge entity $(bone_neck_2) { transformation: [-0.9780370302944691f,-0.19759737850533735f,-0.06632377688728551f,0.02080454903909735f,-0.20782290872623718f,0.9002017009464074f,0.38268333674431276f,0.3870447782766704f,-0.01591244737122699f,0.38806207444301155f,-0.9214958602173123f,0.5991487944282492f,0f,0f,0f,1f], start_interpolation: 0, interpolation_duration: 1 }
$data merge entity $(bone_body_0) { transformation: [-0.9780370302944691f,-0.20726862431652793f,-0.021983738233293765f,0.008469202916369059f,-0.20782290872623718f,0.9616911599020339f,0.1787729050355415f,0.4804610884335439f,-0.01591244737122699f,0.17941524556239544f,-0.9836447344841751f,0.13726987421665066f,0f,0f,0f,1f], start_interpolation: 0, interpolation_duration: 1 }
$data merge entity $(bone_leg_left_3) { transformation: [-0.972257174978688f,-0.04500830217254294f,-0.2295435436643905f,0.2517407259884845f,-0.07932540189427642f,0.9866051204894913f,0.14254057961938071f,0.03317851932320057f,0.22005332607523193f,0.1567947351139781f,-0.962804208925037f,-0.1433903471117428f,0f,0f,0f,1f], start_interpolation: 0, interpolation_duration: 1 }
$data merge entity $(bone_leg_left_2) { transformation: [-0.9979605200614017f,-0.11122404438839519f,-0.20920375677640002f,0.21780101531541726f,-0.08082714364118491f,1.0111484440671898f,-0.15201314552368075f,0.264052472955157f,0.22271949342228228f,-0.13141626806101547f,-0.99256636616366f,-0.204352512753995f,0f,0f,0f,1f], start_interpolation: 0, interpolation_duration: 1 }
$data merge entity $(bone_leg_left_1) { transformation: [-0.946044641665117f,0.1553470204479908f,0.28437095353543357f,0.2637630475089656f,0.3035027902708763f,0.11737254991270724f,0.9455737627624734f,0.2397447926414551f,0.1135147227213836f,0.9808623694305544f,-0.1581879260897201f,0.06824611881661977f,0f,0f,0f,1f], start_interpolation: 0, interpolation_duration: 1 }
$data merge entity $(bone_leg_left_0) { transformation: [-0.9843758702620551f,0.09279953200959039f,-0.1496408797909935f,0.19792194308156724f,0.13656755448876723f,0.938822505551488f,-0.31616705415173124f,0.649974472057342f,0.11114607103617809f,-0.33166330808340433f,-0.936827626068101f,0.02721152781619489f,0f,0f,0f,1f], start_interpolation: 0, interpolation_duration: 1 }
$data merge entity $(bone_leg_right_3) { transformation: [-0.988075534977627f,-0.02153008030337459f,0.1524571835657695f,-0.1614398294185348f,-0.019442724237215565f,0.9996958917647119f,0.015169194540057829f,0.02696893908306683f,-0.15273741405730326f,0.012024127032295634f,-0.9881936564844969f,-0.09002478049592645f,0f,0f,0f,1f], start_interpolation: 0, interpolation_duration: 1 }
$data merge entity $(bone_leg_right_2) { transformation: [-1.0138378525640548f,-0.05665021079716245f,0.14486463276327122f,-0.16859509925346666f,-0.021594161628529812f,0.9972670857916467f,0.23886031750982167f,0.2668458032265447f,-0.15404122952171379f,0.23304787644166378f,-0.986925623537136f,-0.06596310498700864f,0f,0f,0f,1f], start_interpolation: 0, interpolation_duration: 1 }
$data merge entity $(bone_leg_right_1) { transformation: [-0.919399320682316f,-0.09940948690534188f,-0.38055570294256896f,-0.19372871499495822f,-0.3923466641921792f,0.16357782481565247f,0.9051554509176034f,0.2554649066041509f,-0.02773056483675535f,0.9815090672743665f,-0.1893963215905688f,0.21017483556371525f,0f,0f,0f,1f], start_interpolation: 0, interpolation_duration: 1 }
$data merge entity $(bone_leg_right_0) { transformation: [-0.9340434027582473f,-0.21938093895404615f,0.2818420220397162f,-0.19420202318266144f,-0.3509609876988179f,0.7101470499933338f,-0.6103421601849542f,0.6247855928835122f,-0.0662518443310446f,-0.6690016225760647f,-0.7403023180521107f,0.01547176617354315f,0f,0f,0f,1f], start_interpolation: 0, interpolation_duration: 1 }
$data merge entity $(bone_tail_4) { transformation: [-2.6694015701619604f,0.6025896903880845f,-0.3699219564379116f,0.45428846803918077f,0.40490042429754813f,2.487109710321417f,1.1296027030901528f,1.048671497013605f,0.5796656236318704f,1.037705297983443f,-2.492552268442242f,-1.6098322506197222f,0f,0f,0f,1f], start_interpolation: 0, interpolation_duration: 1 }
$data merge entity $(bone_tail_3) { transformation: [-2.065533723136819f,0.1344112571498077f,0.22682499549300866f,0.4145120112507331f,0.19339006898879288f,1.9899729006788047f,0.5818536429592388f,0.9305371739723904f,-0.17921006067044634f,0.5982365707308737f,-1.9864396002997682f,-1.2788597160496822f,0f,0f,0f,1f], start_interpolation: 0, interpolation_duration: 1 }
$data merge entity $(bone_tail_2) { transformation: [-1.7464970839176375f,0.056267044695806824f,0.8748461753652267f,0.25060196840464266f,0.26819803911207823f,1.8909295196213327f,0.41379854838296454f,0.8542611974599064f,-0.8346206459742059f,0.48989125988183585f,-1.6977010354617104f,-0.9637613865866392f,0f,0f,0f,1f], start_interpolation: 0, interpolation_duration: 1 }
$data merge entity $(bone_tail_1) { transformation: [-1.3758921470284287f,0.06599617096141354f,0.624677160751002f,0.11668616663329541f,0.1370601379639835f,1.4994287842273446f,0.14347156377415532f,0.8049278063564668f,-0.6130184078205116f,0.1871204864490779f,-1.3699819725909776f,-0.6706582450869267f,0f,0f,0f,1f], start_interpolation: 0, interpolation_duration: 1 }
$data merge entity $(bone_tail_0) { transformation: [-1.2173284913860958f,0.004580574046682332f,0.38977696056216926f,0.0028948169089294245f,0.06777824630307423f,1.26114544651133f,0.1968603277855787f,0.777834329275569f,-0.383866083382942f,0.20815114140731616f,-1.201314134164374f,-0.3145832761150048f,0f,0f,0f,1f], start_interpolation: 0, interpolation_duration: 1 }
$data merge entity $(bone_body_1) { transformation: [-1.2332741752833227f,-0.08738250201522829f,0.0019240522470278351f,0.008333333333333345f,-0.07922187079094156f,1.1290545951024282f,0.4975582493766184f,0.5861091666666667f,-0.03692287670095642f,0.4961900993328066f,-1.1318289100197414f,-0.08487083333333331f,0f,0f,0f,1f], start_interpolation: 0, interpolation_duration: 1 }