# This file was generated by Animated Java via MC-Build. It is not recommended to edit this file directly.
$data merge entity $(bone_head_lower) { transformation: [-0.7952346036738122f,0.09527784491049031f,-0.5987687845812999f,0.09606301004525161f,-0.380610917579587f,0.6902874501947565f,0.615336140270378f,0.27454183891356787f,0.4719504789053398f,0.7172345281515902f,-0.5126766789002463f,0.8346105071175762f,0f,0f,0f,1f], start_interpolation: 0, interpolation_duration: 1 }
$data merge entity $(bone_head_upper) { transformation: [-0.8277593676163196f,0.11217727555580653f,-0.6210496202042266f,0.05551143628771784f,-0.3961777455207098f,0.7049783861581742f,0.6553782202571663f,0.3354290052180356f,0.49125305684653536f,0.7575577050510409f,-0.5179273117342258f,0.8160692197567629f,0f,0f,0f,1f], start_interpolation: 0, interpolation_duration: 1 }
$data merge entity $(bone_neck_0) { transformation: [-0.9049339050076999f,-0.18623681576426535f,-0.38263621890968724f,0.03408484041204617f,-0.2383773976981695f,0.9666847203419782f,0.09325699825750416f,0.32584509773386783f,0.3525206998662117f,0.17560324573121786f,-0.9191804263878217f,0.7536690117377791f,0f,0f,0f,1f], start_interpolation: 0, interpolation_duration: 1 }
$data merge entity $(bone_neck_1) { transformation: [-0.980884437595137f,-0.17930520949196527f,-0.07560001278249973f,0.02685449039222238f,-0.19356614336292996f,0.9388949112070639f,0.2846199112027851f,0.3542815113431453f,0.019946634484878045f,0.2938128444410184f,-0.9556548248265189f,0.6740660641531314f,0f,0f,0f,1f], start_interpolation: 0, interpolation_duration: 1 }
$data merge entity $(bone_neck_2) { transformation: [-0.9807139199062834f,-0.18511474627495747f,-0.06271154609487717f,0.019548099554967162f,-0.1950017195787332f,0.9050478114144658f,0.3779719413067891f,0.39625567191980965f,-0.01321123247047342f,0.3829112034995109f,-0.9236906806778811f,0.5968927728474063f,0f,0f,0f,1f], start_interpolation: 0, interpolation_duration: 1 }
$data merge entity $(bone_body_0) { transformation: [-0.9807139199062834f,-0.1943000504734973f,-0.02115886783474457f,0.00772505363438328f,-0.1950017195787332f,0.965402665592454f,0.17312429820311617f,0.4870451715899201f,-0.01321123247047342f,0.17391142473391674f,-0.9846726764177172f,0.13447695668414425f,0f,0f,0f,1f], start_interpolation: 0, interpolation_duration: 1 }
$data merge entity $(bone_leg_left_3) { transformation: [-0.9733210164512656f,-0.04167637296842907f,-0.22563084645161263f,0.24682389027461957f,-0.07346609500731074f,0.9882020989207704f,0.1343850608250808f,0.03191488317630056f,0.21736819412842273f,0.14737602120012694f,-0.9648996717568971f,-0.1422492306756181f,0f,0f,0f,1f], start_interpolation: 0, interpolation_duration: 1 }
$data merge entity $(bone_leg_left_2) { transformation: [-0.9990387832336696f,-0.10755150443404422f,-0.20595238039327607f,0.21383905263213868f,-0.07485371841901083f,1.0097047457063837f,-0.1641811403223544f,0.2620855343173455f,0.21995597271847478f,-0.1448834010253588f,-0.9913074042261001f,-0.20631594516155205f,0f,0f,0f,1f], start_interpolation: 0, interpolation_duration: 1 }
$data merge entity $(bone_leg_left_1) { transformation: [-0.9461735263210448f,0.15112121990414348f,0.2862132683575005f,0.2585579242231846f,0.3069508962135297f,0.1385172626994178f,0.9415912676145483f,0.24366475711889324f,0.10264894253186448f,0.9787621492624978f,-0.17744816079110548f,0.06695001164755031f,0f,0f,0f,1f], start_interpolation: 0, interpolation_duration: 1 }
$data merge entity $(bone_leg_left_0) { transformation: [-0.9834775545037822f,0.10607568182618736f,-0.14669645364619247f,0.19779422522404155f,0.14891002519372246f,0.934838600902747f,-0.3223392539840592f,0.6542678102306466f,0.1029451513382976f,-0.3388579938371003f,-0.9351885135247495f,0.02200355212400934f,0f,0f,0f,1f], start_interpolation: 0, interpolation_duration: 1 }
$data merge entity $(bone_leg_right_3) { transformation: [-0.9878694878103116f,-0.020161263942275482f,0.1539720704856646f,-0.16147034860640733f,-0.018745520310163393f,0.9997676578638831f,0.010641229142645564f,0.024567181528852455f,-0.15415083691532092f,0.007625859008330571f,-0.9880178974860178f,-0.09065843314237121f,0f,0f,0f,1f], start_interpolation: 0, interpolation_duration: 1 }
$data merge entity $(bone_leg_right_2) { transformation: [-1.0136432797412314f,-0.05025665787642225f,0.14853878037477597f,-0.1670220447763946f,-0.020771509434356957f,1.0060668244510873f,0.19864613924115748f,0.2652511774993181f,-0.15542858595493994f,0.19330290369958542f,-0.99525782669118f,-0.07611660315640925f,0f,0f,0f,1f], start_interpolation: 0, interpolation_duration: 1 }
$data merge entity $(bone_leg_right_1) { transformation: [-0.9206414091422431f,-0.10051848887008363f,-0.37724717251141815f,-0.19265715071045894f,-0.3897335773725388f,0.17980094475947933f,0.90320504811034f,0.2584330789012429f,-0.022959408550487472f,0.9785538583332414f,-0.20470762540789306f,0.2001255741717856f,0f,0f,0f,1f], start_interpolation: 0, interpolation_duration: 1 }
$data merge entity $(bone_leg_right_0) { transformation: [-0.9356246726717421f,-0.22529558173775557f,0.2717505708132766f,-0.19444736953204927f,-0.34774096591037895f,0.7206069183082037f,-0.5998348855427391f,0.6306308815544353f,-0.06068519189729918f,-0.6557191244243227f,-0.7525621152759339f,0.010988403364037641f,0f,0f,0f,1f], start_interpolation: 0, interpolation_duration: 1 }
$data merge entity $(bone_tail_4) { transformation: [-2.673476978274682f,0.5890708006869336f,-0.3621847180836426f,0.4263376107220785f,0.41132154534337073f,2.517324604576208f,1.058089199043058f,1.0168868150002648f,0.5558747741817529f,0.9704296772941841f,-2.5248625325857033f,-1.6346233877601666f,0f,0f,0f,1f], start_interpolation: 0, interpolation_duration: 1 }
$data merge entity $(bone_tail_3) { transformation: [-2.0675514535037784f,0.14207672979284916f,0.20246164083654639f,0.39061726588915446f,0.18879274315851968f,2.007703789127194f,0.5190648526912929f,0.9092256398201848f,-0.1597930326689435f,0.5337464042221945f,-2.006371473265802f,-1.2996400571918727f,0f,0f,0f,1f], start_interpolation: 0, interpolation_duration: 1 }
$data merge entity $(bone_tail_2) { transformation: [-1.771894003343224f,0.06992384769348267f,0.8211432100692527f,0.23667495704776276f,0.23799463889862899f,1.9075770762739954f,0.351115543564002f,0.8445839245764015f,-0.7890019440879782f,0.41837092226930894f,-1.7381644279606276f,-0.9770029573907744f,0f,0f,0f,1f], start_interpolation: 0, interpolation_duration: 1 }
$data merge entity $(bone_tail_1) { transformation: [-1.3913891155284002f,0.06734049198173947f,0.5892010160622212f,0.11039159823775603f,0.12170927916210293f,1.5031552723082875f,0.11561716437294495f,0.8012136027639188f,-0.5804131550498642f,0.15377169918894895f,-1.388211469471999f,-0.6796005272185026f,0f,0f,0f,1f], start_interpolation: 0, interpolation_duration: 1 }
$data merge entity $(bone_tail_0) { transformation: [-1.2240915101876597f,0.004387153614420052f,0.3679897337612639f,0.0029623149872997296f,0.05931375895192542f,1.2637671800741308f,0.18223641005710223f,0.7784568414358317f,-0.3632045832165603f,0.19159588731147376f,-1.2104582451616586f,-0.3212529442561908f,0f,0f,0f,1f], start_interpolation: 0, interpolation_duration: 1 }
$data merge entity $(bone_body_1) { transformation: [-1.2336441301796612f,-0.08196602806068985f,0.0028853723280511958f,0.00781250000000001f,-0.07434081113966487f,1.135867271443644f,0.482580128598887f,0.589755f,-0.03464388731961184f,0.4813436474737938f,-1.1382937622442901f,-0.08903749999999999f,0f,0f,0f,1f], start_interpolation: 0, interpolation_duration: 1 }