# This file was generated by Animated Java via MC-Build. It is not recommended to edit this file directly.
$data merge entity $(bone_head_lower) { transformation: [-0.8710838719234639f,0.03649851075536775f,-0.48977622113314817f,0.07393105451638594f,-0.29245220497603663f,0.7626144817266018f,0.5769669488502095f,0.31048164002233697f,0.39456887342957053f,0.6458227395915279f,-0.6536271055785653f,0.8303270072520571f,0f,0f,0f,1f], start_interpolation: 0, interpolation_duration: 1 }
$data merge entity $(bone_head_upper) { transformation: [-0.9067108393335204f,0.12716447011546247f,-0.4951531015341251f,0.04237047977598999f,-0.3044133783044711f,0.6756554479309643f,0.7309542758435535f,0.37594886794912125f,0.4107065759491427f,0.7815310971451926f,-0.5513630339900105f,0.8099940615373993f,0f,0f,0f,1f], start_interpolation: 0, interpolation_duration: 1 }
$data merge entity $(bone_neck_0) { transformation: [-0.9413614834111887f,-0.12580200227193536f,-0.3130693433957692f,0.024473008831955672f,-0.1701419206755309f,0.9782693505678364f,0.11849390097563972f,0.3677867370556404f,0.2913593732467302f,0.16481181378759036f,-0.9423092813176135f,0.7462932263200961f,0f,0f,0f,1f], start_interpolation: 0, interpolation_duration: 1 }
$data merge entity $(bone_neck_1) { transformation: [-0.9907050131245989f,-0.12433692215029056f,-0.05517161190305071f,0.01922644451812993f,-0.13467834651864571f,0.9535646019086563f,0.2693998755860683f,0.3950013953165654f,0.019113344782948512f,0.27432622874413254f,-0.9614467225354872f,0.6661098565781527f,0f,0f,0f,1f], start_interpolation: 0, interpolation_duration: 1 }
$data merge entity $(bone_neck_2) { transformation: [-0.9906614585035093f,-0.12862271504794887f,-0.04523352528151843f,0.014004351682512971f,-0.13628404164041868f,0.92424474334115f,0.35664872690142074f,0.43529543234885615f,-0.004066279608222749f,0.3594827556085908f,-0.9331428689060439f,0.5878791035445968f,0f,0f,0f,1f], start_interpolation: 0, interpolation_duration: 1 }
$data merge entity $(bone_body_0) { transformation: [-0.9906614585035093f,-0.13536416987522873f,-0.016322259331656333f,0.005022219144701944f,-0.13628404164041868f,0.9795293652876118f,0.14815155258518514f,0.5144499451300028f,-0.004066279608222749f,0.1489924966340201f,-0.9888299658267389f,0.12326658853388651f,0f,0f,0f,1f], start_interpolation: 0, interpolation_duration: 1 }
$data merge entity $(bone_leg_left_3) { transformation: [-0.9776352473132318f,-0.025361225233719385f,-0.20877291841960804f,0.22577913493831894f,-0.0470391056414806f,0.9939216736668776f,0.09953406027929329f,0.027722526703409217f,0.2049796227707657f,0.10712849700185742f,-0.9728858305982659f,-0.13588786416905477f,0f,0f,0f,1f], start_interpolation: 0, interpolation_duration: 1 }
$data merge entity $(bone_leg_left_2) { transformation: [-1.003408994989165f,-0.08930821353764504f,-0.19301976911768068f,0.19743967767940956f,-0.047900273922645946f,1.0018673676704957f,-0.21454496231750825f,0.25455164370626415f,0.20721523118164809f,-0.20086816595070495f,-0.9842642060822036f,-0.21280664541259225f,0f,0f,0f,1f], start_interpolation: 0, interpolation_duration: 1 }
$data merge entity $(bone_leg_left_1) { transformation: [-0.9451447167628093f,0.13487496710161015f,0.2975066513957101f,0.23712550200788876f,0.32156228849680074f,0.2240204757358288f,0.9200068049029815f,0.26021318146544226f,0.05743830596430683f,0.9652064907057103f,-0.2551024721705343f,0.06179555413674882f,0f,0f,0f,1f], start_interpolation: 0, interpolation_duration: 1 }
$data merge entity $(bone_leg_left_0) { transformation: [-0.9777086759234236f,0.16085788299227116f,-0.13494623560259345f,0.19758531438295673f,0.19884969060756305f,0.9157309583408618f,-0.34913552165513484f,0.6713021025824f,0.06741324476200744f,-0.36818684579350675f,-0.9273046430463325f,0.000560343171700714f,0f,0f,0f,1f], start_interpolation: 0, interpolation_duration: 1 }
$data merge entity $(bone_leg_right_3) { transformation: [-0.9870015029045787f,-0.01579099743047313f,0.15993335382043866f,-0.1632615514591876f,-0.015467330398219565f,0.9998750314182138f,0.0032685221091643367f,0.01740855412656389f,-0.1599649804002587f,0.0007522942087860134f,-0.9871224033011148f,-0.09524840518557703f,0f,0f,0f,1f], start_interpolation: 0, interpolation_duration: 1 }
$data merge entity $(bone_leg_right_2) { transformation: [-1.0128156656075775f,-0.021483103169963446f,0.16063966906951319f,-0.1617334860848477f,-0.01694168627687831f,1.0251138626482346f,0.030277836336277706f,0.2573231108375492f,-0.1611819042779612f,0.02724416240773964f,-1.0125909089305147f,-0.11994137099365187f,0f,0f,0f,1f], start_interpolation: 0, interpolation_duration: 1 }
$data merge entity $(bone_leg_right_1) { transformation: [-0.9262420713746959f,-0.10411890423200465f,-0.3622635490869034f,-0.18925292824638756f,-0.3769223009794136f,0.2500337527434014f,0.8918591264955669f,0.2704419611051145f,-0.0022812803196894504f,0.9626226551824856f,-0.27083651801321906f,0.15589184261656686f,0f,0f,0f,1f], start_interpolation: 0, interpolation_duration: 1 }
$data merge entity $(bone_leg_right_0) { transformation: [-0.9424864166567941f,-0.24739877375582275f,0.22475142082209645f,-0.19509770048359026f,-0.3322732096018994f,0.7664095197968118f,-0.5497371755172399f,0.6547465639484034f,-0.03624732539495949f,-0.5927986966154156f,-0.804534546612373f,-0.007151370782244482f,0f,0f,0f,1f], start_interpolation: 0, interpolation_duration: 1 }
$data merge entity $(bone_tail_4) { transformation: [-2.704911076570467f,0.48224837606465837f,-0.2766837603282851f,0.3014014452134614f,0.38916619363590754f,2.623688380860777f,0.768420643571666f,0.8911584510033047f,0.3970731332857204f,0.7136925917502251f,-2.6379228841843547f,-1.7202421090829494f,0f,0f,0f,1f], start_interpolation: 0, interpolation_duration: 1 }
$data merge entity $(bone_tail_3) { transformation: [-2.073553856196411f,0.14501911192044928f,0.12365026759066759f,0.27901580335842646f,0.1603857463002143f,2.0576306370520614f,0.2763658804789317f,0.8241614793789668f,-0.1029385441958588f,0.2847299504565265f,-2.060164565629723f,-1.373700636432602f,0f,0f,0f,1f], start_interpolation: 0, interpolation_duration: 1 }
$data merge entity $(bone_tail_2) { transformation: [-1.8643991793089232f,0.09561820366539868f,0.5776216186421633f,0.17028133803593687f,0.13120273350941686f,1.9471327941223917f,0.10116125629686959f,0.8059161658613616f,-0.5705921642597691f,0.13529566210232438f,-1.8641066334586183f,-1.0275570122607605f,0f,0f,0f,1f], start_interpolation: 0, interpolation_duration: 1 }
$data merge entity $(bone_tail_1) { transformation: [-1.451328779539186f,0.05869672860027883f,0.42172943664501605f,0.08019892038052054f,0.06436041102403625f,1.5110887275791325f,0.011173400381980565f,0.7849787879802655f,-0.42090231785310295f,0.02866707928799402f,-1.4524722673397183f,-0.7149494927804263f,0f,0f,0f,1f], start_interpolation: 0, interpolation_duration: 1 }
$data merge entity $(bone_tail_0) { transformation: [-1.250650803729601f,0.0021495407742707162f,0.2640145132165858f,0.003099615598391994f,0.02819532809353746f,1.2719515756614408f,0.12320685545091756f,0.7796693385273439f,-0.2625134419191307f,0.1263735938828411f,-1.244569051585702f,-0.3482078694958574f,0f,0f,0f,1f], start_interpolation: 0, interpolation_duration: 1 }
$data merge entity $(bone_body_1) { transformation: [-1.235032446297808f,-0.05719937003194568f,0.005261531701949837f,0.005729166666666682f,-0.05206903941559964f,1.162646340710965f,0.417309113993439f,0.6043383333333334f,-0.024254211639193706f,0.41663690853739893f,-1.1637998172874966f,-0.10570416666666664f,0f,0f,0f,1f], start_interpolation: 0, interpolation_duration: 1 }