# This file was generated by Animated Java via MC-Build. It is not recommended to edit this file directly.
$data merge entity $(bone_head_lower) { transformation: [-0.93703921365763f,-0.025334106603328244f,-0.34830402683647177f,0.051600764877235125f,-0.20098048334908505f,0.8547639531638291f,0.4785242205829407f,0.339775796576552f,0.2855947432651005f,0.5183982710371959f,-0.8060390035258762f,0.828872590462427f,0f,0f,0f,1f], start_interpolation: 0, interpolation_duration: 1 }
$data merge entity $(bone_head_upper) { transformation: [-0.9753637270632215f,0.09983175496955811f,-0.3495299174785284f,0.029444008084379417f,-0.2092005013761946f,0.6643537677810836f,0.7735251541110566f,0.40795352925678297f,0.2972754492668334f,0.7950720939124222f,-0.6024612977847013f,0.8052859122986399f,0f,0f,0f,1f], start_interpolation: 0, interpolation_duration: 1 }
$data merge entity $(bone_neck_0) { transformation: [-0.9716170366721141f,-0.08072787938164346f,-0.22235859223120255f,0.016690203190461998f,-0.11196346081686094f,0.9849537017417945f,0.13164493483247708f,0.4005144704031201f,0.20838550211185672f,0.15280449900339543f,-0.966036369705567f,0.740272551222654f,0f,0f,0f,1f], start_interpolation: 0, interpolation_duration: 1 }
$data merge entity $(bone_neck_1) { transformation: [-0.9959514901098577f,-0.0817812427488136f,-0.03731564929641881f,0.01315232196446987f,-0.08859260722850792f,0.9633198769749853f,0.25331041149023903f,0.4264110812137333f,0.01523086643658278f,0.25559077244563916f,-0.9666650804431868f,0.6595608061697458f,0f,0f,0f,1f], start_interpolation: 0, interpolation_duration: 1 }
$data merge entity $(bone_neck_2) { transformation: [-0.9959447844201218f,-0.08462382135095689f,-0.030541696847396424f,0.00964812015699737f,-0.08996652912407159f,0.9364211547357247f,0.3391481160212738f,0.4652911481561515f,-0.00010011855227046867f,0.3405205277562179f,-0.9402370765678741f,0.5805228952763889f,0f,0f,0f,1f], start_interpolation: 0, interpolation_duration: 1 }
$data merge entity $(bone_body_0) { transformation: [-0.9959447844201218f,-0.08922833196683483f,-0.011501789459612489f,0.00337735851899342f,-0.08996652912407159f,0.9876293216506048f,0.12843031827934479f,0.5352282793728872f,-0.00010011855227046867f,0.12894428172812683f,-0.9916518351648894f,0.11438945952137097f,0f,0f,0f,1f], start_interpolation: 0, interpolation_duration: 1 }
$data merge entity $(bone_leg_left_3) { transformation: [-0.9805164808103662f,-0.01224096580564809f,-0.196055067813611f,0.21012526632331824f,-0.026979138862080664f,0.9969903117113815f,0.07268042666291522f,0.0264498005365027f,0.1945753245545674f,0.0765537530744752f,-0.9778956825575507f,-0.13048341498699148f,0f,0f,0f,1f], start_interpolation: 0, interpolation_duration: 1 }
$data merge entity $(bone_leg_left_2) { transformation: [-1.0063237551524744f,-0.07437605332582388f,-0.18396440418785148f,0.18554180337015957f,-0.027439631376013116f,0.9939476780782661f,-0.25174844462968776f,0.25031483734805005f,0.19652421211256774f,-0.24207109582763653f,-0.9771601803793668f,-0.21680357896164398f,0f,0f,0f,1f], start_interpolation: 0, interpolation_duration: 1 }
$data merge entity $(bone_leg_left_1) { transformation: [-0.9432812224651655f,0.12422588464781484f,0.30787735371100367f,0.22174746896547826f,0.33113018218912055f,0.2851542612200612f,0.8994664250273277f,0.2734833483318617f,0.023944473016178382f,0.9503972731923788f,-0.3101155999308465f,0.05736015959135758f,0f,0f,0f,1f], start_interpolation: 0, interpolation_duration: 1 }
$data merge entity $(bone_leg_left_0) { transformation: [-0.9716180275015139f,0.19994933039670632f,-0.1264067795174605f,0.19756888291855057f,0.23320016243742686f,0.8992959328859247f,-0.3699790660753555f,0.6838102616859048f,0.0397000361866939f,-0.38895641191365316f,-0.9204003567785227f,-0.01581428074519775f,0f,0f,0f,1f], start_interpolation: 0, interpolation_duration: 1 }
$data merge entity $(bone_leg_right_3) { transformation: [-0.9863774326293133f,-0.013770223506904872f,0.1639205336258234f,-0.16669227108564458f,-0.013046373282557805f,0.9998998118927346f,0.0054916592252962915f,0.01661169669081805f,-0.1639797321127735f,0.0032782802571641873f,-0.986458260817344f,-0.10113342559103901f,0f,0f,0f,1f], start_interpolation: 0, interpolation_duration: 1 }
$data merge entity $(bone_leg_right_2) { transformation: [-1.0122122111732563f,0.0010925347909353533f,0.16579338171402466f,-0.15974352066218542f,-0.014099784721753888f,1.0213956269943396f,-0.09281362361385866f,0.2518510517497267f,-0.1651963532383263f,-0.09387214190197983f,-1.0079486025349644f,-0.1539087300907465f,0f,0f,0f,1f], start_interpolation: 0, interpolation_duration: 1 }
$data merge entity $(bone_leg_right_1) { transformation: [-0.930541945163023f,-0.10551486114648993f,-0.35065410644886863f,-0.18834355666976446f,-0.3659431264319573f,0.30277649962417524f,0.8800068292306242f,0.2801457166578727f,0.01331602453519917f,0.9472027266391124f,-0.3203586710829117f,0.12067247017224778f,0f,0f,0f,1f], start_interpolation: 0, interpolation_duration: 1 }
$data merge entity $(bone_leg_right_0) { transformation: [-0.947483511946548f,-0.2597660456287421f,0.18653845750365247f,-0.1953523073574684f,-0.31932441700558123f,0.8004044698711553f,-0.5073308598087846f,0.6728400736459524f,-0.017518883910836322f,-0.5402539089619633f,-0.8413196791694805f,-0.02092307342983482f,0f,0f,0f,1f], start_interpolation: 0, interpolation_duration: 1 }
$data merge entity $(bone_tail_4) { transformation: [-2.732415656106726f,0.3554805139894649f,-0.1822076234317174f,0.20264181847953128f,0.3111725905671783f,2.6840113750150043f,0.5700139377855402f,0.8040168784026245f,0.25047481458733534f,0.5434867749668357f,-2.695838612434652f,-1.766106298363489f,0f,0f,0f,1f], start_interpolation: 0, interpolation_duration: 1 }
$data merge entity $(bone_tail_3) { transformation: [-2.0773526111867975f,0.11891250869621624f,0.08007165613005032f,0.18790097232655378f,0.12320581607348817f,2.0755101545055625f,0.1141203376896798f,0.7643557900780228f,-0.07329380414129498f,0.11858726687259896f,-2.077621381401007f,-1.414978958268235f,0f,0f,0f,1f], start_interpolation: 0, interpolation_duration: 1 }
$data merge entity $(bone_tail_2) { transformation: [-1.9139513706150748f,0.08559418953990891f,0.3850164420391145f,0.11493236229580496f,0.07211503228610511f,1.9513838715078726f,-0.07532783775005228f,0.7788767331188151f,-0.38776726014689106f,-0.05956925162137215f,-1.9143829113378077f,-1.0594002635570259f,0f,0f,0f,1f], start_interpolation: 0, interpolation_duration: 1 }
$data merge entity $(bone_tail_1) { transformation: [-1.4850228204050129f,0.04269605606079305f,0.28379661674021806f,0.05475933059605301f,0.03217213008296093f,1.5110072211944046f,-0.058977805522837344f,0.7730668601801919f,-0.285181393015508f,-0.05186978210112524f,-1.484465341051288f,-0.7390533755881776f,0f,0f,0f,1f], start_interpolation: 0, interpolation_duration: 1 }
$data merge entity $(bone_tail_0) { transformation: [-1.265788241835053f,0.00044515725616428505f,0.1778078886078188f,0.002810475342591925f,0.01183904824224403f,1.2755863229095334f,0.0810869060137378f,0.7801535518373504f,-0.1774138674198582f,0.08194541613281489f,-1.2631884202311137f,-0.3679428711019902f,0f,0f,0f,1f], start_interpolation: 0, interpolation_duration: 1 }
$data merge entity $(bone_body_1) { transformation: [-1.2357815348691792f,-0.03771790292336112f,0.0050944019952869415f,0.0041666666666666805f,-0.03450248077557848f,1.1800426075748451f,0.3673058918456669f,0.6152758333333334f,-0.01606773017437481f,0.36698964449051397f,-1.1805359054006024f,-0.11820416666666667f,0f,0f,0f,1f], start_interpolation: 0, interpolation_duration: 1 }