# This file was generated by Animated Java via MC-Build. It is not recommended to edit this file directly.
$data merge entity $(bone_head_lower) { transformation: [-0.9897568805516694f,-0.044064145860464844f,-0.13579274078615544f,0.021296077761554424f,-0.07934058121394744f,0.9605352893869407f,0.26660275695307295f,0.3793451631038328f,0.1186860967984934f,0.2746457880469569f,-0.9541924866266789f,0.8236917252507674f,0f,0f,0f,1f], start_interpolation: 0, interpolation_duration: 1 }
$data merge entity $(bone_head_upper) { transformation: [-1.0302375245675326f,0.04259043826895456f,-0.14236797436406892f,0.012118146522007368f,-0.08258557792702238f,0.6649502498756342f,0.7965505194852983f,0.4491629025532257f,0.12354030870501147f,0.7996869151998782f,-0.6547599349125452f,0.7965494090611771f,0f,0f,0f,1f], start_interpolation: 0, interpolation_duration: 1 }
$data merge entity $(bone_neck_0) { transformation: [-0.9953952434710297f,-0.03063809965520502f,-0.0908273974347342f,0.0070640275943946625f,-0.04277050063580584f,0.9899495434383401f,0.13479831498050943f,0.44182429731932576f,0.08578457641448124f,0.13806233481923957f,-0.9867014736756241f,0.7304787120058001f,0f,0f,0f,1f], start_interpolation: 0, interpolation_duration: 1 }
$data merge entity $(bone_neck_1) { transformation: [-0.9993730477040152f,-0.0320534206414734f,-0.015036281055130588f,0.005642591135618566f,-0.03466262268776621f,0.9723101066224862f,0.23110940947563136f,0.46588160873535756f,0.007212080919794765f,0.2314857118375781f,-0.9728115701942778f,0.6491352295972077f,0f,0f,0f,1f], start_interpolation: 0, interpolation_duration: 1 }
$data merge entity $(bone_neck_2) { transformation: [-0.9993741343081958f,-0.03316259530904971f,-0.012311862089562652f,0.004239297142909539f,-0.03535519081494561f,0.9478177895997889f,0.31684609544794606f,0.502919431588614f,0.0011619630729939427f,0.31708308058068685f,-0.9483970528482671f,0.5691529763256133f,0f,0f,0f,1f], start_interpolation: 0, interpolation_duration: 1 }
$data merge entity $(bone_body_0) { transformation: [-0.9993741343081958f,-0.03504128406348357f,-0.004842322472375036f,0.001623316688078697f,-0.03535519081494561f,0.9939287700400637f,0.10419026139272669f,0.5614923250151199f,0.0011619630729939427f,0.1042962535176992f,-0.9945455954072638f,0.10142091894122562f,0f,0f,0f,1f], start_interpolation: 0, interpolation_duration: 1 }
$data merge entity $(bone_leg_left_3) { transformation: [-0.983458251284336f,0.0028924713149043393f,-0.18111184828842178f,0.1920249193348944f,-0.004394696424642078f,0.9991971442065889f,0.039821522481348126f,0.02839051504870349f,0.18108162420326115f,0.03995873645511999f,-0.9826559645963686f,-0.1251991945044288f,0f,0f,0f,1f], start_interpolation: 0, interpolation_duration: 1 }
$data merge entity $(bone_leg_left_2) { transformation: [-1.0092944769046657f,-0.056816453128498666f,-0.17366274512493662f,0.17184833238667294f,-0.004412771956806263f,0.9821489840313572f,-0.2956790491572313f,0.2481833643276207f,0.1826674186440724f,-0.2902024522997079f,-0.9666836868106556f,-0.22243643434077778f,0f,0f,0f,1f], start_interpolation: 0, interpolation_duration: 1 }
$data merge entity $(bone_leg_left_1) { transformation: [-0.9404555307524941f,0.1129479291698673f,0.3206028071824751f,0.20425894416655047f,0.3395629340794808f,0.35519302228697486f,0.8709391085018394f,0.29172425634873794f,-0.015505111298498488f,0.9279443314202008f,-0.3723961725216009f,0.04971633273283685f,0f,0f,0f,1f], start_interpolation: 0, interpolation_duration: 1 }
$data merge entity $(bone_leg_left_0) { transformation: [-0.9629099037963759f,0.24354652955161538f,-0.1161447593058686f,0.19737518536035492f,0.2697637970681703f,0.8779722039702905f,-0.3954646670018871f,0.7000049273787f,0.0056578230987774855f,-0.4121284957375728f,-0.9111081670355439f,-0.03727094273015864f,0f,0f,0f,1f], start_interpolation: 0, interpolation_duration: 1 }
$data merge entity $(bone_leg_right_3) { transformation: [-0.9856943112802554f,-0.012490531096535952f,0.16807947924321293f,-0.17325469140489497f,-0.01058068439426988f,0.9998689409804258f,0.012253570109606843f,0.02269728793180381f,-0.16821050450995037f,0.010299878426887815f,-0.9856972855176682f,-0.11217029191844849f,0f,0f,0f,1f], start_interpolation: 0, interpolation_duration: 1 }
$data merge entity $(bone_leg_right_2) { transformation: [-1.0115423625157542f,0.027802798513246386f,0.16754477828799333f,-0.160026730479096f,-0.01114439244899557f,0.9988168535983453f,-0.23302981565786637f,0.24833567038252935f,-0.1694699113520857f,-0.23163354002265762f,-0.9847273997323233f,-0.19633330921691092f,0f,0f,0f,1f], start_interpolation: 0, interpolation_duration: 1 }
$data merge entity $(bone_leg_right_1) { transformation: [-0.9354711079289472f,-0.10573975728394275f,-0.337213448663782f,-0.18949887318288108f,-0.3520032091954571f,0.36363645842098313f,0.8624745021292769f,0.29437155526949765f,0.03142525968528457f,0.9255201941808604f,-0.37739213454593196f,0.07574292231919214f,0f,0f,0f,1f], start_interpolation: 0, interpolation_duration: 1 }
$data merge entity $(bone_leg_right_0) { transformation: [-0.9529193181639157f,-0.26897996705517496f,0.1399805357648516f,-0.19570315129319632f,-0.30319029653712265f,0.8383301983161251f,-0.4530762879217782f,0.6956641196472751f,0.0045185346905353835f,-0.4741858875106293f,-0.8804131569496262f,-0.03929213004612067f,0f,0f,0f,1f], start_interpolation: 0, interpolation_duration: 1 }
$data merge entity $(bone_tail_4) { transformation: [-2.756039673650056f,0.1612011437191072f,-0.06261661225694676f,0.08296123535951047f,0.1515238833621666f,2.732863730979489f,0.3662754049451259f,0.7078715405229223f,0.08334963489862225f,0.3621206301227799f,-2.7363447917252226f,-1.802807208531457f,0f,0f,0f,1f], start_interpolation: 0, interpolation_duration: 1 }
$data merge entity $(bone_tail_3) { transformation: [-2.0811217321158826f,0.06000678039535211f,0.035735814892256336f,0.07631454828431786f,0.05895184138986115f,2.080578548111444f,-0.06052364479825823f,0.6977740196018325f,-0.03745053479156568f,-0.0594778739491005f,-2.081106764680459f,-1.4493463690358512f,0f,0f,0f,1f], start_interpolation: 0, interpolation_duration: 1 }
$data merge entity $(bone_tail_2) { transformation: [-1.9474731272057968f,0.04584474165798715f,0.1549856557116225f,0.046073913022454935f,0.023501721357000065f,1.9343140136085724f,-0.2768588825620927f,0.7497191350106388f,-0.15990610653538873f,-0.2740464037760489f,-1.9282381804831283f,-1.0910745547198692f,0f,0f,0f,1f], start_interpolation: 0, interpolation_duration: 1 }
$data merge entity $(bone_tail_1) { transformation: [-1.5080543174554748f,0.018419043596934262f,0.11440788625298585f,0.02267021129221791f,0.00792448307729654f,1.5061677914366451f,-0.13802911506930943f,0.7610025444589839f,-0.11560981001567104f,-0.13702398648351058f,-1.5018372245207894f,-0.7661105129931403f,0f,0f,0f,1f], start_interpolation: 0, interpolation_duration: 1 }
$data merge entity $(bone_tail_0) { transformation: [-1.2762066455868781f,-0.00037374863247731567f,0.07163919776125173f,0.0017265534362340532f,0.0014917165457439736f,1.277782678754742f,0.03324029542784967f,0.7821241297670425f,-0.0716246404923834f,0.03327165115144253f,-1.2757737356945476f,-0.3924968714722944f,0f,0f,0f,1f], start_interpolation: 0, interpolation_duration: 1 }
$data merge entity $(bone_body_1) { transformation: [-1.2362757779806022f,-0.014805613177654293f,0.002754932511069731f,0.002083333333333351f,-0.013652330731116675f,1.1972970498617552f,0.30805516277802586f,0.6298591666666666f,-0.006356862458405615f,0.3080018884147003f,-1.1973717142512235f,-0.13487083333333333f,0f,0f,0f,1f], start_interpolation: 0, interpolation_duration: 1 }