# This file was generated by Animated Java via MC-Build. It is not recommended to edit this file directly.
$data merge entity $(bone_head_lower) { transformation: [-0.9996936669451012f,-0.011172616978683773f,-0.02208494735571453f,0.0039001869336823887f,-0.013736259263461706f,0.9927310119962214f,0.11956777576924887f,0.40542242828905184f,0.020588527176658794f,0.11983451276992818f,-0.9925803756360939f,0.815759829371717f,0f,0f,0f,1f], start_interpolation: 0, interpolation_duration: 1 }
$data merge entity $(bone_head_upper) { transformation: [-1.040580721384128f,0.007229916033542238f,-0.024727174956770556f,0.002034880473798732f,-0.014298066543895932f,0.6690060181045828f,0.7973070021117741f,0.4754045872577816f,0.02143058935963115f,0.797402419508184f,-0.668701767446221f,0.7875734044532742f,0f,0f,0f,1f], start_interpolation: 0, interpolation_duration: 1 }
$data merge entity $(bone_neck_0) { transformation: [-0.999861139178365f,-0.005470978219260175f,-0.01574073563294273f,0.0014289393590731052f,-0.007491706673425788f,0.9913104161099324f,0.13132986424675885f,0.46780821652069693f,0.014885452363336486f,0.13142955264809042f,-0.9912137488950914f,0.7213415069922536f,0f,0f,0f,1f], start_interpolation: 0, interpolation_duration: 1 }
$data merge entity $(bone_neck_1) { transformation: [-0.9999793754679244f,-0.005796478194812639f,-0.002765769208860746f,0.0011679387558780063f,-0.006261258352927519f,0.9757393246618908f,0.21884598911607928f,0.49084245325373776f,0.001430133776090879f,0.2188587927155185f,-0.9757554937424068f,0.6396904649821078f,0f,0f,0f,1f], start_interpolation: 0, interpolation_duration: 1 }
$data merge entity $(bone_neck_2) { transformation: [-0.999979448696385f,-0.005999306598253362f,-0.002260642655043467f,0.0009111525433127611f,-0.006402548657817938f,0.9527064624516157f,0.303824626674028f,0.5267873609440231f,0.0003309917792363292f,0.3038328565564764f,-0.9527252939442584f,0.5591992973541094f,0f,0f,0f,1f], start_interpolation: 0, interpolation_duration: 1 }
$data merge entity $(bone_body_0) { transformation: [-0.999979448696385f,-0.006346391700872644f,-0.0009085687936216709f,0.00042249016407140607f,-0.006402548657817938f,0.995883200151084f,0.0904193509571945f,0.578888694313022f,0.0003309917792363292f,0.09042330987757047f,-0.9959033665347391f,0.09069517039963265f,0f,0f,0f,1f], start_interpolation: 0, interpolation_duration: 1 }
$data merge entity $(bone_leg_left_3) { transformation: [-0.9849128204037934f,0.010517149633331752f,-0.1727313688009071f,0.18204542316762107f,0.0070561688430584345f,0.9997621006999258f,0.020638616361813245f,0.032929503389161285f,0.17290733554567067f,0.019108416147393448f,-0.9847527211167455f,-0.12484161010589886f,0f,0f,0f,1f], start_interpolation: 0, interpolation_duration: 1 }
$data merge entity $(bone_leg_left_2) { transformation: [-1.0107606630623993f,-0.04770167118447793f,-0.16777852089156312f,0.16417305293215262f,0.007252677648000909f,0.9742535629372759f,-0.32068612890434184f,0.2501272082256729f,0.17427702135762752f,-0.31720142681098695f,-0.959725468119129f,-0.22817024825589843f,0f,0f,0f,1f], start_interpolation: 0, interpolation_duration: 1 }
$data merge entity $(bone_leg_left_1) { transformation: [-0.9388751014403995f,0.10685290262969589f,0.3272552537315298f,0.19454354041483896f,0.34217253140518367f,0.3941240763792937f,0.8529854460481362f,0.3051446742168033f,-0.037835203806081366f,0.9128245557705914f,-0.4065954103715078f,0.04213346534371981f,0f,0f,0f,1f], start_interpolation: 0, interpolation_duration: 1 }
$data merge entity $(bone_leg_left_0) { transformation: [-0.9575095781850638f,0.26662392304035837f,-0.10994130864434096f,0.19684364288785616f,0.2880495306402647f,0.8652996480921538f,-0.41022431291857653f,0.7117774004760271f,-0.014243439956147304f,-0.4244622511769028f,-0.9053335969376435f,-0.05248056124884143f,0f,0f,0f,1f], start_interpolation: 0, interpolation_duration: 1 }
$data merge entity $(bone_leg_right_3) { transformation: [-0.9853400641553094f,-0.012158712061596175f,0.17016792791655616f,-0.17822330573381692f,-0.0096301569785869f,0.9998307359772984f,0.01567671750274474f,0.03156319687498044f,-0.17032973330272905f,0.013808153971341941f,-0.9852903718381321f,-0.12221822762362362f,0f,0f,0f,1f], start_interpolation: 0, interpolation_duration: 1 }
$data merge entity $(bone_leg_right_2) { transformation: [-1.0111903824079571f,0.042335656450725435f,0.16662503479138527f,-0.16163672697153766f,-0.009930886243460993f,0.9780709975401854f,-0.3087728951346921f,0.2500230673738607f,-0.1716321284747224f,-0.30601799859538686f,-0.9638244635365946f,-0.2230708054418963f,0f,0f,0f,1f], start_interpolation: 0, interpolation_duration: 1 }
$data merge entity $(bone_leg_right_1) { transformation: [-0.9380151546339509f,-0.10535811962187136f,-0.3301927260052659f,-0.19142820973097197f,-0.3441420774614924f,0.3962458643698667f,0.8512082268694686f,0.305671989156142f,0.041155803934964645f,0.9120794272427816f,-0.4079427879040712f,0.047168071700585706f,0f,0f,0f,1f], start_interpolation: 0, interpolation_duration: 1 }
$data merge entity $(bone_leg_right_0) { transformation: [-0.955599873689193f,-0.2716236289226837f,0.11423434516847604f,-0.19626289131219682f,-0.29420544048027064f,0.8577889518825613f,-0.42147511530341436f,0.7109874398815841f,0.016493641108262125f,-0.4363699327853476f,-0.8996161634630089f,-0.05284837605523557f,0f,0f,0f,1f], start_interpolation: 0, interpolation_duration: 1 }
$data merge entity $(bone_tail_4) { transformation: [-2.7612503617652266f,0.0331730619193586f,-0.0075709454031657455f,0.01594402129510948f,0.03229108668139359f,2.7484635448893275f,0.26564404705417716f,0.6562040029870269f,0.010726461314806571f,0.26553534976963356f,-2.748642801938873f,-1.817323160417687f,0f,0f,0f,1f], start_interpolation: 0, interpolation_duration: 1 }
$data merge entity $(bone_tail_3) { transformation: [-2.082233090979316f,0.013351728024075435f,0.008521281238060957f,0.014368469752972377f,0.012675027710067762f,2.076387995266031f,-0.1561978323540542f,0.6623702965687187f,-0.009498660311645273f,-0.15614144394851523f,-2.076409196420205f,-1.46371292598496f,0f,0f,0f,1f], start_interpolation: 0, interpolation_duration: 1 }
$data merge entity $(bone_tail_2) { transformation: [-1.9539214686593271f,0.010438824242126922f,0.02925406404921848f,0.007487869632267994f,0.004353315607455133f,1.9143715827676617f,-0.3923472527463846f,0.735765543200755f,-0.0307541535109598f,-0.3922325191042368f,-1.9141530001548324f,-1.10799213788994f,0f,0f,0f,1f], start_interpolation: 0, interpolation_duration: 1 }
$data merge entity $(bone_tail_1) { transformation: [-1.5123475827491453f,0.003593382579978105f,0.021168999845319655f,0.004333466043584516f,0.0009846881315473276f,1.5012071935415974f,-0.18447829804138072f,0.7571115668597748f,-0.02144922707467156f,-0.1844459261154738f,-1.5010582536988046f,-0.7827059961458189f,0f,0f,0f,1f], start_interpolation: 0, interpolation_duration: 1 }
$data merge entity $(bone_tail_0) { transformation: [-1.2781476866210746f,-0.00011302888239181074f,0.013198295105605204f,0.0004738898685328304f,-0.00004372761319804486f,1.2781982114621864f,0.006711697757736963f,0.7859954525334533f,-0.013198706645680892f,0.006710888418615838f,-1.2781300695561237f,-0.40904473762291543f,0f,0f,0f,1f], start_interpolation: 0, interpolation_duration: 1 }
$data merge entity $(bone_body_1) { transformation: [-1.2363644624500525f,-0.0026797444829223097f,0.0005744704944763406f,0.0005208333333333547f,-0.002484515317693441f,1.2053163622083998f,0.27533777298546575f,0.6407966666666667f,-0.0011568191210915854f,0.2753359421115703f,-1.2053187859679717f,-0.14737083333333328f,0f,0f,0f,1f], start_interpolation: 0, interpolation_duration: 1 }