# This file was generated by Animated Java via MC-Build. It is not recommended to edit this file directly.
$data merge entity $(bone_head_lower) { transformation: [-0.9613250669243493f,0.27364433807886274f,-0.031191215755018015f,0.21628684665921347f,0.171326922253748f,0.682831449171831f,0.7102029975527814f,0.6352628003492142f,0.215641372222385f,0.6773920491556413f,-0.7033056308083763f,0.7388585167748379f,0f,0f,0f,1f], start_interpolation: 0, interpolation_duration: 1 }
$data merge entity $(bone_head_upper) { transformation: [-1.000642861609444f,0.2816334405765527f,0.05355755075228073f,0.22599233941040106f,0.1783341219877087f,0.4592505919608655f,0.9169284472094731f,0.7088411424890829f,0.2244610144957088f,0.8906421512123236f,-0.48974049662954044f,0.7251659103683887f,0f,0f,0f,1f], start_interpolation: 0, interpolation_duration: 1 }
$data merge entity $(bone_neck_0) { transformation: [-0.9429174219379436f,-0.31651416229873613f,-0.10356408870950945f,0.22473798976190434f,-0.3322391295520512f,0.9154190044343682f,0.22721181112540315f,0.7087814721347308f,0.02288877891887603f,0.24865001786591498f,-0.968322917427282f,0.658508882976635f,0f,0f,0f,1f], start_interpolation: 0, interpolation_duration: 1 }
$data merge entity $(bone_neck_1) { transformation: [-0.9207039913227552f,-0.004052364951211692f,-0.390240616415885f,0.19166081890460382f,-0.008281302991873955f,0.999923801978484f,0.009154794244031497f,0.7141635273291143f,0.3901737822856688f,0.011660556384494022f,-0.9206673943622091f,0.5805699896402988f,0f,0f,0f,1f], start_interpolation: 0, interpolation_duration: 1 }
$data merge entity $(bone_neck_2) { transformation: [-0.9074968924765524f,0.024882772083561995f,-0.4193211630705491f,0.1551687580013313f,0.05034426965343664f,0.9974913742417979f,-0.04976356926780462f,0.7195699294204212f,0.4170309876477557f,-0.06627070217409073f,-0.9064730273840973f,0.5005073223002733f,0f,0f,0f,1f], start_interpolation: 0, interpolation_duration: 1 }
$data merge entity $(bone_body_0) { transformation: [-0.9469835002627748f,-0.06646475961980902f,-0.31433212683202477f,0.006392045454545445f,0.02148606744196096f,0.9630760380883367f,-0.2683708139234817f,0.6022622743166754f,0.32056294098966365f,-0.26089649401391646f,-0.9105890512603937f,0.06886475192409197f,0f,0f,0f,1f], start_interpolation: 0, interpolation_duration: 1 }
$data merge entity $(bone_leg_left_3) { transformation: [-0.9676051038482613f,-0.035862813375205804f,-0.24990842647580122f,0.260253562330873f,-0.05583626707476012f,0.9957459799111046f,0.0732956667889027f,0.0419822529001502f,0.24621672218992727f,0.0848752149198396f,-0.9654913379240431f,-0.13696276268845528f,0f,0f,0f,1f], start_interpolation: 0, interpolation_duration: 1 }
$data merge entity $(bone_leg_left_2) { transformation: [-0.9932459671817854f,-0.12023959974140129f,-0.22598027974104667f,0.22370118314609636f,-0.05710975089506833f,0.9867676155864965f,-0.27402618247740057f,0.26343911610626547f,0.24952579932848087f,-0.2527732402460001f,-0.9622394525198572f,-0.2252342381539525f,0f,0f,0f,1f], start_interpolation: 0, interpolation_duration: 1 }
$data merge entity $(bone_leg_left_1) { transformation: [-0.9557875883805123f,0.15601084798994744f,0.24926030812630834f,0.27189973037894216f,0.2900337859410054f,0.36039372805453884f,0.8865645852343064f,0.30855056461291763f,0.048481841038596936f,0.9196613377153615f,-0.389708269095101f,0.04431212690786834f,0f,0f,0f,1f], start_interpolation: 0, interpolation_duration: 1 }
$data merge entity $(bone_leg_left_0) { transformation: [-0.9830192760820119f,0.0813968091434439f,-0.16446173510109569f,0.20294579545454547f,0.16059097889595506f,0.8152549447846018f,-0.5563900722528168f,0.6926125974808777f,0.08878986624855408f,-0.5733532370759946f,-0.8144829189037929f,-0.10417689063964314f,0f,0f,0f,1f], start_interpolation: 0, interpolation_duration: 1 }
$data merge entity $(bone_leg_right_3) { transformation: [-0.994738810916952f,-0.003452273371401908f,0.1023854475211059f,-0.18384306236859577f,-0.00005258957251506489f,0.9994490959010782f,0.0331888827298433f,0.016927348185436786f,-0.10244362005447144f,0.03300888533542937f,-0.994190986782242f,-0.1067650021028424f,0f,0f,0f,1f], start_interpolation: 0, interpolation_duration: 1 }
$data merge entity $(bone_leg_right_2) { transformation: [-1.020615621833682f,0.016749041521413953f,0.10062515380288722f,-0.17524575622924285f,-0.0005287086302403012f,1.0108984976278754f,-0.1736264595664623f,0.24720130515506633f,-0.1020081978907827f,-0.17281752400296116f,-1.0058780395561164f,-0.17797639960851652f,0f,0f,0f,1f], start_interpolation: 0, interpolation_duration: 1 }
$data merge entity $(bone_leg_right_1) { transformation: [-0.9385009140772538f,-0.03595506879337462f,-0.3433995738265014f,-0.185491831444067f,-0.3203006041678756f,0.4620477705239463f,0.8269941842138584f,0.32248558839120056f,0.12893237470027819f,0.8861258887888981f,-0.4451486852414964f,0.08893309872393203f,0f,0f,0f,1f], start_interpolation: 0, interpolation_duration: 1 }
$data merge entity $(bone_leg_right_0) { transformation: [-0.9561733076250295f,-0.2732431164340848f,0.10521789347254489f,-0.19016170454545453f,-0.27754302191749086f,0.7313154481606999f,-0.6230149165681526f,0.6926125974808777f,0.09328706646860434f,-0.6249127255888649f,-0.7751010312383659f,-0.10417689063964318f,0f,0f,0f,1f], start_interpolation: 0, interpolation_duration: 1 }
$data merge entity $(bone_tail_4) { transformation: [-2.41587823772589f,0.8620545404747664f,-1.0227686157334364f,-0.7743666442863155f,0.5958797225920743f,2.5839943700927543f,0.7704296094599059f,0.5177394561916602f,1.1975479231688564f,0.45331710333472985f,-2.446639308753573f,-1.5332679733705386f,0f,0f,0f,1f], start_interpolation: 0, interpolation_duration: 1 }
$data merge entity $(bone_tail_3) { transformation: [-1.2677570748452156f,0.23738044289625052f,-1.6347440321208477f,-0.4994974209705703f,0.11553218480377168f,2.0683765328406842f,0.21075188899001734f,0.46176303578952826f,1.6478439973185606f,0.03761076666027183f,-1.2724547602083367f,-1.317874719373278f,0f,0f,0f,1f], start_interpolation: 0, interpolation_duration: 1 }
$data merge entity $(bone_tail_2) { transformation: [-1.2106603971755694f,0.007013810458469541f,-1.5339576539710356f,-0.21523159128625985f,0.19288330278729465f,1.93933409110086f,-0.14336383645341777f,0.4890181566030214f,1.5217987085088927f,-0.24022482086501823f,-1.202162468730334f,-1.093327217867532f,0f,0f,0f,1f], start_interpolation: 0, interpolation_duration: 1 }
$data merge entity $(bone_tail_1) { transformation: [-1.3532939880758046f,-0.01905114611002019f,-0.6751952944665562f,-0.06841131745767377f,0.10481039084164304f,1.4876637137426005f,-0.2520470328831444f,0.5249705810243306f,0.6672828589207929f,-0.27230493687311186f,-1.3297518029861901f,-0.8044883226855339f,0f,0f,0f,1f], start_interpolation: 0, interpolation_duration: 1 }
$data merge entity $(bone_tail_0) { transformation: [-1.2508500240723237f,-0.043035098562956994f,-0.2595340327470975f,0.006392045454545511f,0.041406913737482114f,1.2130747579951255f,-0.4007128842373702f,0.6713418540458752f,0.2597987708920726f,-0.40054129423914825f,-1.1857094866940316f,-0.4676622271527554f,0f,0f,0f,1f], start_interpolation: 0, interpolation_duration: 1 }
$data merge entity $(bone_body_1) { transformation: [-1.2363675f,6.093048354080274e-18f,1.5128870319468546e-16f,0.006392045454545476f,0f,1.2353660116534706f,-0.04975351553053902f,0.5996981818181819f,-1.5141135014448153e-16f,-0.04975351553053902f,-1.2353660116534706f,-0.17710568181818181f,0f,0f,0f,1f], start_interpolation: 0, interpolation_duration: 1 }