# This file was generated by Animated Java via MC-Build. It is not recommended to edit this file directly.
$data merge entity $(bone_head_lower) { transformation: [-0.9880824998268989f,0.021613683323244384f,0.15240020416334557f,-0.006613397824530676f,0.0464140041804787f,0.9858445321710534f,0.1611095856998317f,0.4030863031306717f,-0.14676073641053114f,0.16626306589750894f,-0.9750989073763743f,0.80573502189182f,0f,0f,0f,1f], start_interpolation: 0, interpolation_duration: 1 }
$data merge entity $(bone_head_upper) { transformation: [-1.0284946623687776f,-0.08957358761804922f,0.1328429315532959f,0.00021381850835802338f,0.04831231761229188f,0.6494838735307638f,0.8119781774000525f,0.47366092573002155f,-0.15276318937941505f,0.8084671997107945f,-0.6375861804853697f,0.7798880055475659f,0f,0f,0f,1f], start_interpolation: 0, interpolation_duration: 1 }
$data merge entity $(bone_neck_0) { transformation: [-0.9962469504187399f,0.018379828987591024f,0.08458247849140127f,0.00570665336896531f,0.031558310047483024f,0.9870595667942639f,0.1572179527498908f,0.4677949085537982f,-0.08059830549278552f,0.15929718605897233f,-0.9839351196422377f,0.7137052671486508f,0f,0f,0f,1f], start_interpolation: 0, interpolation_duration: 1 }
$data merge entity $(bone_neck_1) { transformation: [-0.9997115458368134f,0.008350922893252254f,0.02251859692343881f,0.007652745742869047f,0.013580066595838566f,0.9698783424001085f,0.24321098399223323f,0.4928661793307497f,-0.01980926328316987f,0.24344663281723297f,-0.9697119830434856f,0.6326794629216501f,0f,0f,0f,1f], start_interpolation: 0, interpolation_duration: 1 }
$data merge entity $(bone_neck_2) { transformation: [-0.999731555224328f,0.0005254211125619601f,0.02316336377560841f,0.00968717433592084f,0.008077854531146768f,0.9449182894184599f,0.3272066236931418f,0.5307832742432843f,-0.02171556480776692f,0.32730589706747737f,-0.9446688753155433f,0.5531239137259198f,0f,0f,0f,1f], start_interpolation: 0, interpolation_duration: 1 }
$data merge entity $(bone_body_0) { transformation: [-0.9999614821702638f,0.005526436047351277f,-0.006818554132944538f,0.006526261554038157f,0.004704860335904869f,0.9933404283239737f,0.1151201882658472f,0.5945017965275933f,0.007409349841179573f,0.11508367374114804f,-0.9933281681162434f,0.08606838892034147f,0f,0f,0f,1f], start_interpolation: 0, interpolation_duration: 1 }
$data merge entity $(bone_leg_left_3) { transformation: [-0.9806189015996534f,0.019427679065921674f,-0.1949593165550208f,0.1932376058548536f,0.006032635146065449f,0.9975937973349188f,0.06906679978174213f,0.05133821202992028f,0.19583201254821375f,0.06655209091387243f,-0.9783765338847348f,-0.12865545232229625f,0f,0f,0f,1f], start_interpolation: 0, interpolation_duration: 1 }
$data merge entity $(bone_leg_left_2) { transformation: [-1.0052958279581061f,-0.07253613565420818f,-0.19021305637383246f,0.16889150840234926f,-0.011160151092662876f,0.9765763880430777f,-0.31342656052896833f,0.26927315194269513f,0.2032681697125977f,-0.3051217246309813f,-0.9579378809926039f,-0.22906810874599604f,0f,0f,0f,1f], start_interpolation: 0, interpolation_duration: 1 }
$data merge entity $(bone_leg_left_1) { transformation: [-0.9443035010329488f,0.11849460227923869f,0.30700151004123905f,0.20360697446113188f,0.3285836263823813f,0.3905247524570806f,0.8599553582551478f,0.3232137676333384f,-0.017991620558460878f,0.912934525006597f,-0.40770927710889704f,0.04092935801064125f,0f,0f,0f,1f], start_interpolation: 0, interpolation_duration: 1 }
$data merge entity $(bone_leg_left_0) { transformation: [-0.9603948009325621f,0.2456419281559202f,-0.13153657085976608f,0.1990913720641798f,0.27854278552301553f,0.8589957194567548f,-0.42958150633849645f,0.7278417604292404f,0.007466121803446246f,-0.44920640810969514f,-0.8933968098993873f,-0.061847464986594755f,0f,0f,0f,1f], start_interpolation: 0, interpolation_duration: 1 }
$data merge entity $(bone_leg_right_3) { transformation: [-0.964426171234799f,0.00033535010556874634f,0.26435212837745947f,-0.18760420479635084f,0.009902312539375305f,0.9993431987854713f,0.03485850323228773f,0.03608223650693684f,-0.264166811775739f,0.036236150202933914f,-0.9637960556957641f,-0.12096764786355137f,0f,0f,0f,1f], start_interpolation: 0, interpolation_duration: 1 }
$data merge entity $(bone_leg_right_2) { transformation: [-1.0074691004777379f,0.09066930757484218f,0.16984489320309457f,-0.15965738720320083f,0.03466488803198011f,0.9754781829105129f,-0.31512356259732344f,0.2536722766943347f,-0.18938467895002029f,-0.3037821436987327f,-0.9612034394702795f,-0.22119050884684927f,0f,0f,0f,1f], start_interpolation: 0, interpolation_duration: 1 }
$data merge entity $(bone_leg_right_1) { transformation: [-0.9372134211080815f,-0.09758439569755586f,-0.33482575918114277f,-0.187075306371246f,-0.3424999345665424f,0.4385671938508459f,0.8308746062431498f,0.3219297044440866f,0.06576319728237034f,0.8933846328397069f,-0.4444537092758508f,0.04639605084038097f,0f,0f,0f,1f], start_interpolation: 0, interpolation_duration: 1 }
$data merge entity $(bone_leg_right_0) { transformation: [-0.9553829218921355f,-0.2820427536646482f,0.08772318771059505f,-0.19386792724171234f,-0.2923823436661831f,0.8609120296874604f,-0.41634485976373903f,0.7278417604292404f,0.04190510313930421f,-0.4234174798525445f,-0.9049649717454286f,-0.05105415014488396f,0f,0f,0f,1f], start_interpolation: 0, interpolation_duration: 1 }
$data merge entity $(bone_tail_4) { transformation: [-2.7065636264665796f,0.05297568858915285f,-0.5453148117432586f,-0.15670633415743063f,0.0002490376056383602f,2.748639496232316f,0.2657859840774767f,0.674044859642251f,0.5478819265757462f,0.26045312010084837f,-2.6940027650990594f,-1.811078053066691f,0f,0f,0f,1f], start_interpolation: 0, interpolation_duration: 1 }
$data merge entity $(bone_tail_3) { transformation: [-2.053809812436208f,-0.0320639772232898f,-0.34173481202508116f,-0.09844696736039073f,-0.005379934358178161f,2.0759402204573965f,-0.1624462478423002f,0.6812750354140411f,0.3431935848635503f,-0.15934123288202773f,-2.047626445633232f,-1.4623169970792391f,0f,0f,0f,1f], start_interpolation: 0, interpolation_duration: 1 }
$data merge entity $(bone_tail_2) { transformation: [-1.938210547092507f,-0.05183487048262459f,-0.24377632441275215f,-0.05457501544431277f,-0.00005765991899901139f,1.9115285928930357f,-0.4059954559234401f,0.7572035150357351f,0.24922629640043123f,-0.4026728942419611f,-1.8959205332576843f,-1.1097810389323404f,0f,0f,0f,1f], start_interpolation: 0, interpolation_duration: 1 }
$data merge entity $(bone_tail_1) { transformation: [-1.5079469670316665f,-0.030126547263794868f,-0.11333395682654597f,-0.028377896326934098f,-0.016304337248973837f,1.5014009519620224f,-0.18216915225802033f,0.7780667852378876f,0.11613080214512761f,-0.18039906484651289f,-1.4972060860802139f,-0.7855047494734132f,0f,0f,0f,1f], start_interpolation: 0, interpolation_duration: 1 }
$data merge entity $(bone_tail_0) { transformation: [-1.276086791944654f,-0.008222387526010374f,-0.07328443458062331f,-0.0071609021116454275f,-0.009089655911359963f,1.2780969440761896f,0.014876030470081613f,0.804562419373856f,0.07318192511708493f,0.015372393128782127f,-1.2760265718039256f,-0.41224916434576564f,0f,0f,0f,1f], start_interpolation: 0, interpolation_duration: 1 }
$data merge entity $(bone_body_1) { transformation: [-1.2359013920736124f,0.007755488509097737f,-0.033048396704565566f,1.8557991432579204e-17f,0f,1.2036684557124224f,0.28246565061812795f,0.6578175f,0.033946194584328404f,0.2823591616666751f,-1.2032146752564088f,-0.1515375f,0f,0f,0f,1f], start_interpolation: 0, interpolation_duration: 1 }