# This file was generated by Animated Java via MC-Build. It is not recommended to edit this file directly.
$data merge entity $(bone_head_lower) { transformation: [-0.8677583194832837f,-0.16469130271316185f,0.4689053996044291f,-0.005635875066221737f,-0.14177827022195366f,0.9863240627802623f,0.08404620915608285f,0.34401020703419005f,-0.476334358471461f,0.006451200762573273f,-0.8792405592033972f,0.7931248118277031f,0f,0f,0f,1f], start_interpolation: 0, interpolation_duration: 1 }
$data merge entity $(bone_head_upper) { transformation: [-0.9032492731841837f,-0.4701329086682265f,0.21584193583014524f,-0.0015934052505137079f,-0.14757694239975233f,0.650429019604144f,0.7991464691233012f,0.4136606588469634f,-0.49581623526029445f,0.6628643007640798f,-0.6310698235602483f,0.7643510478774916f,0f,0f,0f,1f], start_interpolation: 0, interpolation_duration: 1 }
$data merge entity $(bone_neck_0) { transformation: [-0.9688023404001121f,0.013730948126851023f,0.2474540084516782f,0.014497600134852929f,0.04351856249361271f,0.992375472989731f,0.11531285846295514f,0.4049948279206468f,-0.24398393380252517f,0.12248420988823724f,-0.9620132319122743f,0.7002361574514644f,0f,0f,0f,1f], start_interpolation: 0, interpolation_duration: 1 }
$data merge entity $(bone_neck_1) { transformation: [-0.9855661735242859f,0.14277084922663233f,0.09097143626327803f,0.02286180224248447f,0.16213034997283007f,0.950649851053957f,0.2645347053011702f,0.4317839145102372f,-0.04871413780808478f,0.2754656880669452f,-0.9600758238157127f,0.6201741701707995f,0f,0f,0f,1f], start_interpolation: 0, interpolation_duration: 1 }
$data merge entity $(bone_neck_2) { transformation: [-0.9946640397031776f,0.004507734598994361f,0.10306856189032979f,0.031935514817349825f,0.040140152099939465f,0.9372341317698294f,0.3463826647438464f,0.47130574173314277f,-0.09503797299369043f,0.3486715683482655f,-0.9324140288063084f,0.5419014207160104f,0f,0f,0f,1f], start_interpolation: 0, interpolation_duration: 1 }
$data merge entity $(bone_body_0) { transformation: [-0.9993658976578891f,0.026709003034853008f,-0.0235463745686217f,0.021092633422223818f,0.02317796605384781f,0.9899888708154113f,0.13922937028958193f,0.5463549033210894f,0.027029326444591648f,0.13859532754934795f,-0.9899801769194374f,0.07664776949860996f,0f,0f,0f,1f], start_interpolation: 0, interpolation_duration: 1 }
$data merge entity $(bone_leg_left_3) { transformation: [-0.9645586457424172f,-0.023215571399574718f,-0.26284530843852916f,0.31779131124764737f,-0.051027529758303436f,0.9937298536462453f,0.09948451728272739f,0.06020608041601999f,0.2588876399720924f,0.10937099806074296f,-0.9596953551272807f,-0.22046672615748097f,0f,0f,0f,1f], start_interpolation: 0, interpolation_duration: 1 }
$data merge entity $(bone_leg_left_2) { transformation: [-0.9537628091004902f,-0.28094241389097574f,-0.25193265678460264f,0.2430385480337959f,-0.24738956015521468f,0.9826082102616717f,-0.15919079795408408f,0.28394712406057293f,0.2849510642262038f,-0.08726204618366641f,-0.9814532213981918f,-0.2706966161310388f,0f,0f,0f,1f], start_interpolation: 0, interpolation_duration: 1 }
$data merge entity $(bone_leg_left_1) { transformation: [-0.9822924958314314f,0.07016108881533784f,0.17372067881948805f,0.27244859896615053f,0.1850977891417085f,0.21996283466963568f,0.9577865940902233f,0.28922040499403656f,0.028987257340236154f,0.9729818975604556f,-0.22905450428128726f,0.005203052357560051f,0f,0f,0f,1f], start_interpolation: 0, interpolation_duration: 1 }
$data merge entity $(bone_leg_left_0) { transformation: [-0.989983769038451f,0.10137115649225892f,-0.09826507859786714f,0.20513861963740346f,0.13160024795065847f,0.914623768419754f,-0.3822888135702813f,0.6947540215584291f,0.05112251734557159f,-0.3913914292279152f,-0.9188031548417657f,-0.06772932099900217f,0f,0f,0f,1f], start_interpolation: 0, interpolation_duration: 1 }
$data merge entity $(bone_leg_right_3) { transformation: [-0.9262209755063076f,0.17296871052303908f,0.33495750433770155f,-0.26211349145669016f,0.23551270594215934f,0.9592906626500907f,0.15586914348950365f,0.1053430191768546f,-0.294361121536024f,0.22325601835638534f,-0.9292514624124659f,-0.08881399039208357f,0f,0f,0f,1f], start_interpolation: 0, interpolation_duration: 1 }
$data merge entity $(bone_leg_right_2) { transformation: [-0.9832398663273376f,0.2732173570718341f,0.10321744309938978f,-0.1937116639226413f,0.2819481015800079f,0.9825096818504658f,0.08510107276773742f,0.33655719564205244f,-0.07620257725774879f,0.10995089979382737f,-1.016939608017358f,-0.09449436516301013f,0f,0f,0f,1f], start_interpolation: 0, interpolation_duration: 1 }
$data merge entity $(bone_leg_right_1) { transformation: [-0.9366684024208228f,0.04226762785807067f,-0.34765752047334625f,-0.1824447557787318f,-0.3325588653879904f,0.20389270230970075f,0.9207781312545924f,0.33649073439540683f,0.10980393871931972f,0.9780803717384877f,-0.17692337737456992f,0.18278967336705915f,0f,0f,0f,1f], start_interpolation: 0, interpolation_duration: 1 }
$data merge entity $(bone_leg_right_0) { transformation: [-0.9536814208613911f,-0.2613692127669384f,0.1489224030204628f,-0.18630011431978497f,-0.2923058771925861f,0.6882299276160345f,-0.6640006332017316f,0.6947540215584291f,0.07105646812550631f,-0.676775960973215f,-0.7327518522571677f,-0.03154611889853241f,0f,0f,0f,1f], start_interpolation: 0, interpolation_duration: 1 }
$data merge entity $(bone_tail_4) { transformation: [-1.6026864015769218f,-1.5694045941488233f,1.6105982893524327f,0.5010275544369547f,-1.110144528438728f,2.272139349478653f,1.1093345907021368f,0.9650098952120159f,-1.9556678541557024f,-0.0036507554410211166f,-1.949618231297282f,-1.6593930243969148f,0f,0f,0f,1f], start_interpolation: 0, interpolation_duration: 1 }
$data merge entity $(bone_tail_3) { transformation: [-1.4968344776278553f,-0.9545467076003887f,1.0882429212442626f,0.32584275897562537f,-0.9352307685193976f,1.8325460040490475f,0.32103594612274944f,0.8926411610375429f,-1.1048870902692298f,-0.2579946745527316f,-1.7460265724505084f,-1.360806760165081f,0f,0f,0f,1f], start_interpolation: 0, interpolation_duration: 1 }
$data merge entity $(bone_tail_2) { transformation: [-1.45535558871818f,-0.5165408194037404f,1.197455455238001f,0.1020393374597555f,-0.567106759838474f,1.8664763740269343f,0.11588676864746658f,0.8711228530461554f,-1.174352548570932f,-0.2611999274344398f,-1.5399495331263224f,-1.0754640278095533f,0f,0f,0f,1f], start_interpolation: 0, interpolation_duration: 1 }
$data merge entity $(bone_tail_1) { transformation: [-1.3645980483296065f,-0.4403196398780626f,0.48129723792338797f,0.005155693057003901f,-0.434590818320113f,1.445882932068245f,0.09060693894835017f,0.8343660213806957f,-0.48647634796245076f,-0.05654565846631206f,-1.4310134874912006f,-0.7663699130613323f,0f,0f,0f,1f], start_interpolation: 0, interpolation_duration: 1 }
$data merge entity $(bone_tail_0) { transformation: [-1.2598309277888207f,-0.2016406048856641f,0.07747784478243f,-0.022351080928177686f,-0.18883526706230305f,1.2506716230772459f,0.1843839736171875f,0.8106656729483084f,-0.10489514709601916f,0.17028586046615407f,-1.2624719602529928f,-0.3933369625463773f,0f,0f,0f,1f], start_interpolation: 0, interpolation_duration: 1 }
$data merge entity $(bone_body_1) { transformation: [-1.2311190422615041f,0.03818499296011274f,-0.10720263592842856f,1.8557991432579204e-17f,-2.144755727184755e-18f,1.1646885227630974f,0.41485568575127957f,0.6357675f,0.11380025851186393f,0.413094597293163f,-1.159744346787723f,-0.1515375f,0f,0f,0f,1f], start_interpolation: 0, interpolation_duration: 1 }