# This file was generated by Animated Java via MC-Build. It is not recommended to edit this file directly.
$data merge entity $(bone_head_lower) { transformation: [-0.9005490286908192f,-0.13757577271670152f,0.41241284374449916f,-0.0054356551702219955f,-0.121215897623685f,0.9904486407772995f,0.06571298308313167f,0.3457684982954902f,-0.4175142549510215f,0.009186770041864134f,-0.9086239322012661f,0.7961512478686468f,0f,0f,0f,1f], start_interpolation: 0, interpolation_duration: 1 }
$data merge entity $(bone_head_upper) { transformation: [-0.9373811087355118f,-0.40619080945221f,0.1994934231643947f,-0.0010950013091426472f,-0.12617357732986972f,0.6752579679211616f,0.7820350680923932f,0.4148035068895932f,-0.4345904140142454f,0.6800791466138693f,-0.6573396907013793f,0.765972069545384f,0f,0f,0f,1f], start_interpolation: 0, interpolation_duration: 1 }
$data merge entity $(bone_neck_0) { transformation: [-0.9754715820691926f,0.007564494783913684f,0.2199953885746033f,0.013322726328630269f,0.03625360040416166f,0.9912827817228289f,0.12666539826482098f,0.4068918363918105f,-0.21711948100795087f,0.13153412134695108f,-0.9672424235362734f,0.7013634721763465f,0f,0f,0f,1f], start_interpolation: 0, interpolation_duration: 1 }
$data merge entity $(bone_neck_1) { transformation: [-0.98662129869047f,0.13886741579843834f,0.08540640373996597f,0.0211975145106109f,0.1574619412831983f,0.9474338416803592f,0.278522625088381f,0.43485106762564185f,-0.04223920001203905f,0.2882446122102889f,-0.9566247401745802f,0.6216527078817211f,0f,0f,0f,1f], start_interpolation: 0, interpolation_duration: 1 }
$data merge entity $(bone_neck_2) { transformation: [-0.9954990377907839f,0.003605725686875323f,0.09470303321380226f,0.029529512800942154f,0.035998070243612956f,0.9387689320782548f,0.3426616860744558f,0.4740619358640385f,-0.087668721311306f,0.344528505216802f,-0.9346733677583398f,0.5431414602122205f,0f,0f,0f,1f], start_interpolation: 0, interpolation_duration: 1 }
$data merge entity $(bone_body_0) { transformation: [-0.9994754184594271f,0.024017743538428855f,-0.021726386967817236f,0.019518747126343976f,0.020880836462689623f,0.9906819230415788f,0.1345857274277547f,0.5469291681736362f,0.024756384307315346f,0.13406146110632142f,-0.9906637401672006f,0.07752245745430866f,0f,0f,0f,1f], start_interpolation: 0, interpolation_duration: 1 }
$data merge entity $(bone_leg_left_3) { transformation: [-0.9647788940994314f,-0.022144746835256968f,-0.26212839542460925f,0.3064231227742097f,-0.04474375802900642f,0.9957449112647894f,0.0805609570928642f,0.05329559321932775f,0.25922901384243163f,0.08945212058905544f,-0.9616645134891905f,-0.19413807332710062f,0f,0f,0f,1f], start_interpolation: 0, interpolation_duration: 1 }
$data merge entity $(bone_leg_left_2) { transformation: [-0.9593662340744337f,-0.2625949831550317f,-0.25044461112258276f,0.23598441326992925f,-0.21962625097726057f,0.9837076157525612f,-0.1901205830329236f,0.2763801091849846f,0.2888649135845445f,-0.1241990379709689f,-0.9763164754154124f,-0.25281310213626096f,0f,0f,0f,1f], start_interpolation: 0, interpolation_duration: 1 }
$data merge entity $(bone_leg_left_1) { transformation: [-0.9793886626229106f,0.07582214848769181f,0.18721337912771302f,0.26615896332718214f,0.20052579312370447f,0.25379068763347795f,0.9462450492143327f,0.2911482225659391f,0.02423332040426307f,0.9642827845965292f,-0.26376401860933885f,0.022658829311890782f,0f,0f,0f,1f], start_interpolation: 0, interpolation_duration: 1 }
$data merge entity $(bone_leg_left_0) { transformation: [-0.9877777274662177f,0.1132581626734763f,-0.10708757962295462f,0.20449092453954282f,0.14810496583655425f,0.8961234536460349f,-0.4183630898155999f,0.694273782228166f,0.04858065681140343f,-0.42910994443537553f,-0.901944884885125f,-0.06675098392779563f,0f,0f,0f,1f], start_interpolation: 0, interpolation_duration: 1 }
$data merge entity $(bone_leg_right_3) { transformation: [-0.9409696611458721f,0.18195048828990693f,0.2854297052061812f,-0.2648439286582766f,0.23556732300062425f,0.9575426941892017f,0.16619273491703754f,0.12121962938634828f,-0.24307227965636644f,0.22362023302006767f,-0.9438802139290281f,-0.07970744036886715f,0f,0f,0f,1f], start_interpolation: 0, interpolation_duration: 1 }
$data merge entity $(bone_leg_right_2) { transformation: [-0.9879536753358149f,0.2624682931822009f,0.08438086255290389f,-0.19952251411946012f,0.27021447162065415f,0.9841376654976143f,0.10256409789186141f,0.3533711754702375f,-0.05471630669115603f,0.12101921303504952f,-1.0170657183088765f,-0.08284503810018681f,0f,0f,0f,1f], start_interpolation: 0, interpolation_duration: 1 }
$data merge entity $(bone_leg_right_1) { transformation: [-0.9374720633762196f,0.051718450425683266f,-0.34419664768079844f,-0.1858876699469941f,-0.331168153068405f,0.17179522925797214f,0.9278006540186651f,0.3442400824735638f,0.10711575412792908f,0.9837741616294702f,-0.1439257243436287f,0.19418221656051313f,0f,0f,0f,1f], start_interpolation: 0, interpolation_duration: 1 }
$data merge entity $(bone_leg_right_0) { transformation: [-0.953960803765253f,-0.25217929612012896f,0.1623711411794248f,-0.187197094459211f,-0.2924367530603526f,0.6617753732290175f,-0.6903144941598091f,0.694273782228166f,0.06662980068310818f,-0.7060162590167106f,-0.7050542615040194f,-0.03337431050035772f,0f,0f,0f,1f], start_interpolation: 0, interpolation_duration: 1 }
$data merge entity $(bone_tail_4) { transformation: [-1.3043944723728673f,-1.6069660136967314f,1.8280800373251562f,0.5680989934071742f,-1.0650314369436764f,2.241782267771929f,1.2106946905909166f,0.971287830296621f,-2.1885895984320123f,-0.13316841339816274f,-1.6786908812846457f,-1.6199787938847736f,0f,0f,0f,1f], start_interpolation: 0, interpolation_duration: 1 }
$data merge entity $(bone_tail_3) { transformation: [-1.3715269717912941f,-0.9539626676813104f,1.2429056763744402f,0.36668339481382256f,-0.9370878256287705f,1.8232749759370301f,0.36534955210675935f,0.8914958704063312f,-1.2556773864141177f,-0.31869910077787217f,-1.6302302630168632f,-1.3404332641138363f,0f,0f,0f,1f], start_interpolation: 0, interpolation_duration: 1 }
$data merge entity $(bone_tail_2) { transformation: [-1.3585768750330303f,-0.5073713329284842f,1.3098156664777822f,0.1220661998798776f,-0.5612131880204648f,1.866535824796647f,0.14091716483588543f,0.8653288385519565f,-1.2876655261441803f,-0.27819457269301845f,-1.4433638306077776f,-1.0731334355397777f,0f,0f,0f,1f], start_interpolation: 0, interpolation_duration: 1 }
$data merge entity $(bone_tail_1) { transformation: [-1.3479175340573237f,-0.43731080874596645f,0.5287095875192476f,0.01492723087793665f,-0.43445732624570593f,1.446056687659682f,0.08844850335727317f,0.8290342266267945f,-0.5310568736512655f,-0.07304493568111464f,-1.4143193714006348f,-0.7673874307167691f,0f,0f,0f,1f], start_interpolation: 0, interpolation_duration: 1 }
$data merge entity $(bone_tail_0) { transformation: [-1.2574522332726727f,-0.20391056024213622f,0.10521445263524214f,-0.020739602646903454f,-0.18812108612535994f,1.2517522500393035f,0.17765831829830928f,0.8073253484509191f,-0.1313775269085636f,0.1592874901783144f,-1.261429014047208f,-0.39492466359039224f,0f,0f,0f,1f], start_interpolation: 0, interpolation_duration: 1 }
$data merge entity $(bone_body_1) { transformation: [-1.2319030718809532f,0.03440373056163015f,-0.09917560118276998f,1.8557991432579204e-17f,0f,1.1680814364773098f,0.40520408785370643f,0.6344425f,0.10497340875917617f,0.4037409270024491f,-1.163863584090907f,-0.1515375f,0f,0f,0f,1f], start_interpolation: 0, interpolation_duration: 1 }