# This file was generated by Animated Java via MC-Build. It is not recommended to edit this file directly.
$data merge entity $(bone_head_lower) { transformation: [-0.9287112341656806f,-0.1060540136940196f,0.3553139312127337f,-0.005770172723809704f,-0.09214758047154996f,0.99417570900314f,0.0558881296998085f,0.3379102279058513f,-0.3591716399546291f,0.01916261483963283f,-0.9330747704470472f,0.7982409995001205f,0f,0f,0f,1f], start_interpolation: 0, interpolation_duration: 1 }
$data merge entity $(bone_head_upper) { transformation: [-0.9666951366800428f,-0.3389690861319213f,0.1845871445945f,-0.0009567723207728578f,-0.09591637811801117f,0.6931642868744848f,0.7705811199309366f,0.40656710584825734f,-0.37386161037392346f,0.6986380841552972f,-0.6749846414844854f,0.7672810127501482f,0f,0f,0f,1f], start_interpolation: 0, interpolation_duration: 1 }
$data merge entity $(bone_neck_0) { transformation: [-0.9805550798903561f,0.0030832000416145654f,0.19621984909463425f,0.011997966776417351f,0.03267520266365769f,0.9884843333195119f,0.1477533549966587f,0.4000656025071206f,-0.1935046935660904f,0.15129182614861647f,-0.9693640786146916f,0.7022068900628171f,0f,0f,0f,1f], start_interpolation: 0, interpolation_duration: 1 }
$data merge entity $(bone_neck_1) { transformation: [-0.9885411380251405f,0.1273560266680146f,0.08103617033952211f,0.019449507299266786f,0.14610412644178744f,0.9421898655949613f,0.3015490696500831f,0.4299513174750846f,-0.03794736708445379f,0.3099333793599594f,-0.9500006829944245f,0.6231571877912641f,0f,0f,0f,1f], start_interpolation: 0, interpolation_duration: 1 }
$data merge entity $(bone_neck_2) { transformation: [-0.9962863957399163f,0.002749221065718072f,0.08605730327577431f,0.027015689088495734f,0.03187106868138211f,0.9402703508087049f,0.3389334777964277f,0.46885026653452166f,-0.07998532768372843f,0.34041755121263473f,-0.9368661794417171f,0.544413584563165f,0f,0f,0f,1f], start_interpolation: 0, interpolation_duration: 1 }
$data merge entity $(bone_body_0) { transformation: [-0.9995763464778701f,0.02131026304671339f,-0.019824233928013336f,0.01787560887244903f,0.018556518438683643f,0.991340820192755f,0.12999628395839066f,0.5395607881664075f,0.02242282732813832f,0.12957334181240998f,-0.9913162794518089f,0.07844428754101601f,0f,0f,0f,1f], start_interpolation: 0, interpolation_duration: 1 }
$data merge entity $(bone_leg_left_3) { transformation: [-0.9673202806822772f,-0.024886108900204373f,-0.25233342260700986f,0.29556071890619695f,-0.04141207855368147f,0.9973151923591512f,0.06039409606487167f,0.04630714640891287f,0.2501529818543533f,0.0688700854757448f,-0.9657537972982239f,-0.17499488490337048f,0f,0f,0f,1f], start_interpolation: 0, interpolation_duration: 1 }
$data merge entity $(bone_leg_left_2) { transformation: [-0.9671611960168701f,-0.2410837232025968f,-0.2419505297094542f,0.23038666509098804f,-0.1991056352892436f,0.9883053379042762f,-0.18886954377737894f,0.27053388268669043f,0.27752183052145374f,-0.13112359428181597f,-0.9786983376441044f,-0.2353752253588851f,0f,0f,0f,1f], start_interpolation: 0, interpolation_duration: 1 }
$data merge entity $(bone_leg_left_1) { transformation: [-0.976050848307577f,0.07566651193963103f,0.20395911474839493f,0.25956432788273875f,0.216702976800072f,0.25589509043453074f,0.9421027133691373f,0.2857712117819185f,0.019093490096017265f,0.9637386998883011f,-0.2661637784777641f,0.0401785324739926f,0f,0f,0f,1f], start_interpolation: 0, interpolation_duration: 1 }
$data merge entity $(bone_leg_left_0) { transformation: [-0.9851565490151994f,0.12546153697183793f,-0.11715791340377717f,0.20381229772627468f,0.16548092752464427f,0.8755659117742665f,-0.45387266580449726f,0.6857363146107832f,0.04563591302961112f,-0.46652302931319645f,-0.8833309835856502f,-0.06577856364033796f,0f,0f,0f,1f], start_interpolation: 0, interpolation_duration: 1 }
$data merge entity $(bone_leg_right_3) { transformation: [-0.9517186614580108f,0.178500994689211f,0.2497378311900995f,-0.2648574031270718f,0.22323599560768775f,0.9608811089293611f,0.1639304266075276f,0.12289551500663112f,-0.2107066199662862f,0.21176611956978342f,-0.9543363300769491f,-0.06833215148377608f,0f,0f,0f,1f], start_interpolation: 0, interpolation_duration: 1 }
$data merge entity $(bone_leg_right_2) { transformation: [-0.99274464224864f,0.24738060593611902f,0.07295965045141459f,-0.2033984405880147f,0.25370497488429017f,0.9888647180154999f,0.09920965015451945f,0.35607087518370817f,-0.046411857388772994f,0.11406842144738819f,-1.0182811665855949f,-0.07314041478031164f,0f,0f,0f,1f], start_interpolation: 0, interpolation_duration: 1 }
$data merge entity $(bone_leg_right_1) { transformation: [-0.9382572582175192f,0.05341362471782243f,-0.34178985078063273f,-0.18944635566267878f,-0.32988115423725484f,0.15937216142500055f,0.9304724274484549f,0.3434487534202168f,0.10417169232205079f,0.9857725391068812f,-0.1319119390409101f,0.20373393764004072f,0f,0f,0f,1f], start_interpolation: 0, interpolation_duration: 1 }
$data merge entity $(bone_leg_right_0) { transformation: [-0.954224057907729f,-0.24305246535250957f,0.1743041777932301f,-0.1881131035154207f,-0.29255735671512184f,0.6373287897723294f,-0.7128970520062479f,0.6857363146107832f,0.06218231534743443f,-0.7312574873554493f,-0.6792612508045983f,-0.03531569414670588f,0f,0f,0f,1f], start_interpolation: 0, interpolation_duration: 1 }
$data merge entity $(bone_tail_4) { transformation: [-1.1205064838204386f,-1.6112602251483503f,1.9426700795995295f,0.5975621372907658f,-1.0284343395774491f,2.232531779528936f,1.258485595535864f,0.9538310026052116f,-2.304875129045878f,-0.2128465922871421f,-1.5059576020783245f,-1.6028488360108755f,0f,0f,0f,1f], start_interpolation: 0, interpolation_duration: 1 }
$data merge entity $(bone_tail_3) { transformation: [-1.309147773569002f,-0.942147090402932f,1.3169800655473332f,0.3834706349484614f,-0.9344614413986928f,1.8226633248067334f,0.3750009933159988f,0.8724085004329188f,-1.3224444969611566f,-0.35525032089246245f,-1.5687202707963581f,-1.333375445488576f,0f,0f,0f,1f], start_interpolation: 0, interpolation_duration: 1 }
$data merge entity $(bone_tail_2) { transformation: [-1.3190828203862293f,-0.49178191102869184f,1.3553394187249386f,0.13042358713092f,-0.5570490572894446f,1.8681681268163446f,0.13571320025416625f,0.847212341784749f,-1.3298461323542765f,-0.29474103368084675f,-1.4012176356047958f,-1.0739456300290884f,0f,0f,0f,1f], start_interpolation: 0, interpolation_duration: 1 }
$data merge entity $(bone_tail_1) { transformation: [-1.3463933686968128f,-0.4258871167798654f,0.5417576123047848f,0.020335729794558898f,-0.4285322192615309f,1.448643791977241f,0.0738075268559202f,0.8140310192945646f,-0.5396677531445025f,-0.08779281136137161f,-1.4102153695408484f,-0.7688942564807637f,0f,0f,0f,1f], start_interpolation: 0, interpolation_duration: 1 }
$data merge entity $(bone_tail_0) { transformation: [-1.2568268133582812f,-0.20061890808478422f,0.11821223086704866f,-0.01904992319596718f,-0.18448219085265807f,1.2538290714209386f,0.166477318280715f,0.79563960659392f,-0.1420858862304731f,0.1466302491391321f,-1.2618030304114525f,-0.396627634852977f,0f,0f,0f,1f], start_interpolation: 0, interpolation_duration: 1 }
$data merge entity $(bone_body_1) { transformation: [-1.232649665853976f,0.030576830172926887f,-0.09079897456969131f,1.8557991432579204e-17f,4.28951145436951e-18f,1.1717135807943604f,0.39457810334369514f,0.6249825f,0.09580916619160955f,0.39339158238946065f,-1.168190165013828f,-0.1515375f,0f,0f,0f,1f], start_interpolation: 0, interpolation_duration: 1 }