# This file was generated by Animated Java via MC-Build. It is not recommended to edit this file directly.
$data merge entity $(bone_head_lower) { transformation: [-0.9518728243412553f,-0.07492496277053765f,0.29719417261183834f,-0.006170764540388424f,-0.060148298260448665f,0.9964695867984152f,0.058570852837971976f,0.32364868060902596f,-0.30053337334973923f,0.03787627937943233f,-0.9530189289638467f,0.7996152112294242f,0f,0f,0f,1f], start_interpolation: 0, interpolation_duration: 1 }
$data merge entity $(bone_head_upper) { transformation: [-0.9908040262431359f,-0.27098963554019057f,0.16835659058585417f,-0.00095727926589932f,-0.06260833859751008f,0.7037812024543368f,0.7643586576951255f,0.39212533819913425f,-0.3128250630975047f,0.7174458718852799f,-0.6862097663224561f,0.7683226653378447f,0f,0f,0f,1f], start_interpolation: 0, interpolation_duration: 1 }
$data merge entity $(bone_neck_0) { transformation: [-0.9846572318425297f,0.000037342647013874006f,0.17449966872671488f,0.010643757727709563f,0.03098701633695481f,0.9841444207114164f,0.17464124370011694f,0.38743344657052675f,-0.1717263538270694f,0.17736898767292172f,-0.9690460781681866f,0.7028387868033901f,0f,0f,0f,1f], start_interpolation: 0, interpolation_duration: 1 }
$data merge entity $(bone_neck_1) { transformation: [-0.9908848128421922f,0.110857177028938f,0.07653740248968598f,0.017638185429418828f,0.13006429588305096f,0.935237362906487f,0.32926335046610633f,0.41963489556272066f,-0.03507943293640393f,0.33621683676593966f,-0.9411310599804715f,0.6246615426177581f,0f,0f,0f,1f], start_interpolation: 0, interpolation_duration: 1 }
$data merge entity $(bone_neck_2) { transformation: [-0.9970105120176576f,0.0019680057683801686f,0.07724095985669638f,0.02442434082654041f,0.027828105463090995f,0.9417340568251883f,0.33520525467526335f,0.45822155491178795f,-0.07208075660412595f,0.33635263217175615f,-0.9389735200518213f,0.5456935224491747f,0f,0f,0f,1f], start_interpolation: 0, interpolation_duration: 1 }
$data merge entity $(bone_body_0) { transformation: [-0.9996665958386128f,0.018639359705250422f,-0.017868168183048615f,0.016180703367892426f,0.01625285798318569f,0.9919628953592252f,0.1254809102529992f,0.5268099238925288f,0.020063443667970367f,0.12514866559544746f,-0.9919351136681578f,0.07939042060967688f,0f,0f,0f,1f], start_interpolation: 0, interpolation_duration: 1 }
$data merge entity $(bone_leg_left_3) { transformation: [-0.9716686392411853f,-0.03193238213946627f,-0.23418022650531847f,0.28592177642603533f,-0.04389496836753064f,0.9979743284084962f,0.046048578584199945f,0.040410209899074956f,0.23223541346486473f,0.05502329332665232f,-0.9711020285862312f,-0.16321546652996727f,0f,0f,0f,1f], start_interpolation: 0, interpolation_duration: 1 }
$data merge entity $(bone_leg_left_2) { transformation: [-0.9765817406207813f,-0.21768863712236483f,-0.22574755957614837f,0.22668721273204206f,-0.184932185871257f,0.9960472638437933f,-0.16047471551265283f,0.2673410936318219f,0.25327927277149676f,-0.11208793404196232f,-0.9875971367552873f,-0.21947124435120463f,0f,0f,0f,1f], start_interpolation: 0, interpolation_duration: 1 }
$data merge entity $(bone_leg_left_1) { transformation: [-0.9724309538231019f,0.06880794680679349f,0.22280822808623046f,0.25292983895900506f,0.23280055779764547f,0.23118814584696262f,0.9446459344690736f,0.2754108416780098f,0.013488526079498962f,0.9704728268612561f,-0.24083303757608862f,0.05668014419310201f,0f,0f,0f,1f], start_interpolation: 0, interpolation_duration: 1 }
$data merge entity $(bone_leg_left_0) { transformation: [-0.9822468553162454f,0.13755831970401364f,-0.12754929988657393f,0.20311164910790155f,0.18281681547158174f,0.8543738513720764f,-0.48643944543229095f,0.6717221334610468f,0.042060993832485946f,-0.5011217723985394f,-0.8643540027245609f,-0.06482206372787776f,0f,0f,0f,1f], start_interpolation: 0, interpolation_duration: 1 }
$data merge entity $(bone_leg_right_3) { transformation: [-0.9599045329615206f,0.16864511996961215f,0.22392434238009995f,-0.26330661588766713f,0.20558760776963445f,0.9665477850828069f,0.15335942971685657f,0.11558253615506536f,-0.19057025773053907f,0.19324648162891755f,-0.9624649470014796f,-0.05546271146217889f,0f,0f,0f,1f], start_interpolation: 0, interpolation_duration: 1 }
$data merge entity $(bone_leg_right_2) { transformation: [-0.9974589815761241f,0.2296420497086045f,0.06634989509747942f,-0.20617944237277436f,0.2345942733156951f,0.9950850615886508f,0.08266466374023895f,0.3497261831275559f,-0.04586181964659421f,0.09556384624656196f,-1.0202090199022755f,-0.06464479698980888f,0f,0f,0f,1f], start_interpolation: 0, interpolation_duration: 1 }
$data merge entity $(bone_leg_right_1) { transformation: [-0.939036882965005f,0.05041099185225667f,-0.3401006679379489f,-0.19314819360238752f,-0.3286132864111908f,0.15930526284518082f,0.9309324042184075f,0.3370867420477162f,0.10110905214373227f,0.9859414613101021f,-0.13302779575824175f,0.21227363277686298f,0f,0f,0f,1f], start_interpolation: 0, interpolation_duration: 1 }
$data merge entity $(bone_leg_right_0) { transformation: [-0.9544713603553746f,-0.23376206434189026f,0.18530979341626394f,-0.18903439873047603f,-0.2926596074817266f,0.6135545216924427f,-0.7334174821064737f,0.6717221334610468f,0.05774752297719933f,-0.7542586732583033f,-0.6540329329663928f,-0.03734509662830807f,0f,0f,0f,1f], start_interpolation: 0, interpolation_duration: 1 }
$data merge entity $(bone_tail_4) { transformation: [-1.0544948656861572f,-1.5888939253308147f,1.9972776481722232f,0.6030130783774468f,-1.0040109114777038f,2.245055794952698f,1.255925116709997f,0.9182318945786934f,-2.34641513792322f,-0.24658041932834762f,-1.4349896964538151f,-1.6045207477571921f,0f,0f,0f,1f], start_interpolation: 0, interpolation_duration: 1 }
$data merge entity $(bone_tail_3) { transformation: [-1.3078659983505827f,-0.918387556694567f,1.3349143613398804f,0.3856480765248911f,-0.9252102677658267f,1.8316283816025465f,0.3536508987308924f,0.8403418493550278f,-1.3301947289113594f,-0.37100848165650324f,-1.5584865144619684f,-1.3366284181554295f,0f,0f,0f,1f], start_interpolation: 0, interpolation_duration: 1 }
$data merge entity $(bone_tail_2) { transformation: [-1.3287334964955475f,-0.4673529158830077f,1.3545561717068595f,0.13274530942307797f,-0.55163283642502f,1.8717681213567814f,0.10468614355763003f,0.8209184144060045f,-1.3224758538707544f,-0.3111900173381721f,-1.4046324302253113f,-1.0765622640019763f,0f,0f,0f,1f], start_interpolation: 0, interpolation_duration: 1 }
$data merge entity $(bone_tail_1) { transformation: [-1.3546958701297245f,-0.4060039337571028f,0.5362985691079427f,0.023597057880597645f,-0.41530421256475397f,1.4534611385421814f,0.05127747823007626f,0.7925137822607299f,-0.5291292474239527f,-0.10133002773819982f,-1.413297815394596f,-0.7706921722036131f,0f,0f,0f,1f], start_interpolation: 0, interpolation_duration: 1 }
$data merge entity $(bone_tail_0) { transformation: [-1.2575354988551242f,-0.19248980354965542f,0.1240478183308206f,-0.017297719625352755f,-0.1772995060982257f,1.256629653178931f,0.1525860952798538f,0.7782492908096169f,-0.14493126246792454f,0.13291089821697266f,-1.2629985506241244f,-0.3984072641598392f,0f,0f,0f,1f], start_interpolation: 0, interpolation_duration: 1 }
$data merge entity $(bone_body_1) { transformation: [-1.2333436243287532f,0.02678312874320241f,-0.08216302939029348f,1.8557991432579204e-17f,2.144755727184755e-18f,1.1754901099164838f,0.3831808927188083f,0.6099875f,0.08641816582099612f,0.38224371879667013f,-1.1726151265922153f,-0.1515375f,0f,0f,0f,1f], start_interpolation: 0, interpolation_duration: 1 }