# This file was generated by Animated Java via MC-Build. It is not recommended to edit this file directly.
$data merge entity $(bone_head_lower) { transformation: [-0.982745271299275f,-0.023445048485578046f,0.18347223615692615f,-0.005962780308880134f,-0.00515146788907082f,0.9950186701221102f,0.09955555477729627f,0.29652393359658796f,-0.1848923852339567f,0.09689259935586536f,-0.9779706693314283f,0.8012070720635363f,0f,0f,0f,1f], start_interpolation: 0, interpolation_duration: 1 }
$data merge entity $(bone_head_upper) { transformation: [-1.0229391434182191f,-0.14470815824544486f,0.12699212725014983f,-0.0007752106281683647f,-0.005362160779288864f,0.7077243042897915f,0.7632624050304163f,0.3650313305763335f,-0.19245440675153172f,0.7494383234384596f,-0.6962581728548499f,0.7699775640356442f,0f,0f,0f,1f], start_interpolation: 0, interpolation_duration: 1 }
$data merge entity $(bone_neck_0) { transformation: [-0.991167744569641f,-0.0028246316727973207f,0.13258402460569602f,0.00816404114358004f,0.027882203351746748f,0.9729870141430986f,0.22916992177236006f,0.3640474743845856f,-0.12964985484366195f,0.23084256922156016f,-0.9643145873490697f,0.7039180601088652f,0f,0f,0f,1f], start_interpolation: 0, interpolation_duration: 1 }
$data merge entity $(bone_neck_1) { transformation: [-0.9952757427364806f,0.0731291445808325f,0.0638617579872538f,0.013910867058614839f,0.09206146169132248f,0.9197598763120839f,0.3815317250211799f,0.40060543787795566f,-0.0308363939461805f,0.38560847778446955f,-0.9221470699780704f,0.6275765501575226f,0f,0f,0f,1f], start_interpolation: 0, interpolation_duration: 1 }
$data merge entity $(bone_neck_2) { transformation: [-0.9982260110690426f,0.0007174962995951475f,0.05953415846593857f,0.01913353058362778f,0.020229217535311858f,0.944528567104358f,0.3278056812834357f,0.43857119910330045f,-0.05599651402628961f,0.3284284870757232f,-0.9428674982700671f,0.5481898059591034f,0f,0f,0f,1f], start_interpolation: 0, interpolation_duration: 1 }
$data merge entity $(bone_body_0) { transformation: [-0.9998110437450101f,0.013586039046915653f,-0.01390310571523945f,0.012710473001152542f,0.011871117200551394f,0.9930896037784004f,0.11675665053293802f,0.5030585905000285f,0.015393290159163957f,0.11656954323611099f,-0.9930632347478181f,0.08127329802084002f,0f,0f,0f,1f], start_interpolation: 0, interpolation_duration: 1 }
$data merge entity $(bone_leg_left_3) { transformation: [-0.9807804408343097f,-0.045832571331194345f,-0.18965521949587325f,0.2693881139692701f,-0.051031790299809f,0.9984408460823972f,0.022619311507292322f,0.0319731800114883f,0.18832281660928207f,0.03186302370206841f,-0.9815901713367494f,-0.14796304605325106f,0f,0f,0f,1f], start_interpolation: 0, interpolation_duration: 1 }
$data merge entity $(bone_leg_left_2) { transformation: [-0.993894096764956f,-0.17355772496124966f,-0.18470094754153718f,0.22168206797655457f,-0.15794754222349652f,1.008723715659805f,-0.09793487056063777f,0.26383355098063865f,0.1982152815047906f,-0.06645585807471914f,-1.0041695676558937f,-0.1941796406465846f,0f,0f,0f,1f], start_interpolation: 0, interpolation_duration: 1 }
$data merge entity $(bone_leg_left_1) { transformation: [-0.9651975372614032f,0.048224449463218425f,0.2570371890184211f,0.24037336746860874f,0.26152083522569347f,0.17515155767230667f,0.9491726842823814f,0.25586784505321397f,0.0007528661087555517f,0.9833597176613119f,-0.18166755041472926f,0.08258843647240294f,0f,0f,0f,1f], start_interpolation: 0, interpolation_duration: 1 }
$data merge entity $(bone_leg_left_0) { transformation: [-0.9763638678952903f,0.16061016595212335f,-0.14463046726530138f,0.2016806434606794f,0.2136964627325037f,0.8175647155757235f,-0.5347165208418405f,0.6452472797807913f,0.03236385768359015f,-0.552984909774596f,-0.8325624722970754f,-0.06299249457466682f,0f,0f,0f,1f], start_interpolation: 0, interpolation_duration: 1 }
$data merge entity $(bone_leg_right_3) { transformation: [-0.9718457661365704f,0.13610632196023045f,0.19233012235445732f,-0.25449998843388527f,0.16115540289634198f,0.9794607136411345f,0.12118434944710002f,0.08715334101754074f,-0.1718858428135954f,0.14876753528931425f,-0.9738190168014805f,-0.036766842066417046f,0f,0f,0f,1f], start_interpolation: 0, interpolation_duration: 1 }
$data merge entity $(bone_leg_right_2) { transformation: [-1.0061059160272383f,0.18835219387623048f,0.06585238262733402f,-0.2069993810607802f,0.19003050031079113f,1.0077247302883965f,0.021011340211959145f,0.32240704783129226f,-0.06083990620732593f,0.03281034178248191f,-1.0233690374373725f,-0.06065110038839902f,0f,0f,0f,1f], start_interpolation: 0, interpolation_duration: 1 }
$data merge entity $(bone_leg_right_1) { transformation: [-0.9401842269504833f,0.032941145280842604f,-0.33907005226222553f,-0.19879165373433358f,-0.327554743563581f,0.18606345522241208f,0.9263305460793647f,0.31730211826796073f,0.09360293458283614f,0.9819853723850898f,-0.1641438974168622f,0.21669337596916918f,0f,0f,0f,1f], start_interpolation: 0, interpolation_duration: 1 }
$data merge entity $(bone_leg_right_0) { transformation: [-0.9549194144028758f,-0.22158699108197738f,0.19755535269818517f,-0.19084229670658628f,-0.29278509752358445f,0.5930264755409143f,-0.7500643212256045f,0.6452472797807913f,0.049048941523480404f,-0.7740922455952891f,-0.6311698635428256f,-0.041562422276721106f,0f,0f,0f,1f], start_interpolation: 0, interpolation_duration: 1 }
$data merge entity $(bone_tail_4) { transformation: [-1.2339565522013003f,-1.4674874756824745f,1.9873331546558968f,0.5595337883009612f,-0.9668139665869597f,2.331132274291515f,1.1210505810929574f,0.8228177867881382f,-2.2733858697748315f,-0.1948439377336312f,-1.5554465142320337f,-1.646671136489037f,0f,0f,0f,1f], start_interpolation: 0, interpolation_duration: 1 }
$data merge entity $(bone_tail_3) { transformation: [-1.4432156039808626f,-0.8295333316456454f,1.2509790958123457f,0.35553159737902285f,-0.8650778828007117f,1.877888211793749f,0.24722792467591284f,0.7625204564407011f,-1.226668049294362f,-0.34836165365808686f,-1.6461698518516887f,-1.364132570118379f,0f,0f,0f,1f], start_interpolation: 0, interpolation_duration: 1 }
$data merge entity $(bone_tail_2) { transformation: [-1.450818996770872f,-0.39697270584589134f,1.2475218572934619f,0.12245274721105093f,-0.5240054647415835f,1.8825740657866463f,-0.01034576006244423f,0.7645042013569904f,-1.1997151272416688f,-0.34220086593067545f,-1.5041130462257741f,-1.0854897910452013f,0f,0f,0f,1f], start_interpolation: 0, interpolation_duration: 1 }
$data merge entity $(bone_tail_1) { transformation: [-1.3922376751803132f,-0.34557099824037213f,0.47949055359169507f,0.024826082978907628f,-0.3674451490700345f,1.467157015865844f,-0.009518572399884323f,0.7489690598481281f,-0.4629412146627448f,-0.12524865656279274f,-1.4344526676735618f,-0.7748382647202336f,0f,0f,0f,1f], start_interpolation: 0, interpolation_duration: 1 }
$data merge entity $(bone_tail_0) { transformation: [-1.262055069172025f,-0.1645879278781462f,0.11816739380218749f,-0.013676975843211455f,-0.15358119344258409f,1.2633321472040189f,0.11933322858978847f,0.7445835720326512f,-0.13215723961242026f,0.10362633073543279f,-1.267135258834022f,-0.4020512031706917f,0f,0f,0f,1f], start_interpolation: 0, interpolation_duration: 1 }
$data merge entity $(bone_body_1) { transformation: [-1.2345289932836485f,0.0195651847019404f,-0.06449777783684069f,1.8557991432579204e-17f,2.144755727184755e-18f,1.1831299422833184f,0.35889850198756984f,0.5814525f,0.0673999985037945f,0.3583648117163579f,-1.181370601031462f,-0.1515375f,0f,0f,0f,1f], start_interpolation: 0, interpolation_duration: 1 }