# This file was generated by Animated Java via MC-Build. It is not recommended to edit this file directly.
$data merge entity $(bone_head_lower) { transformation: [-0.9958663428108577f,0.008320343853137582f,0.09044887580668196f,-0.004030352822555086f,0.019902965056403467f,0.9915845530542178f,0.12792164057043165f,0.3006269851564751f,-0.08862335605522173f,0.12919305717581225f,-0.9876512819508094f,0.8034286587881463f,0f,0f,0f,1f], start_interpolation: 0, interpolation_duration: 1 }
$data merge entity $(bone_head_upper) { transformation: [-1.0365968612875125f,-0.05388285757340772f,0.07768865690761158f,-0.00020641612381328434f,0.020716988034308263f,0.7050755988415474f,0.7654483319653436f,0.369233693913182f,-0.09224801439148195f,0.7638304655887095f,-0.7010886293920847f,0.7722204304902553f,0f,0f,0f,1f], start_interpolation: 0, interpolation_duration: 1 }
$data merge entity $(bone_neck_0) { transformation: [-0.9958663428108577f,-0.0035567851915741175f,0.09076109593668433f,0.006041889121159855f,0.019902965056403467f,0.9664042850970502f,0.25625500917645083f,0.37011063858393f,-0.08862335605522173f,0.25700215373642377f,-0.9623387105049602f,0.7058508146716673f,0f,0f,0f,1f], start_interpolation: 0, interpolation_duration: 1 }
$data merge entity $(bone_neck_1) { transformation: [-0.9979025750147452f,0.04498100583877499f,0.04655276460826646f,0.010192741159789012f,0.05993249776396682f,0.9137663459680531f,0.40179492367122377f,0.4083575495123374f,-0.02446520980316107f,0.40374221242015884f,-0.9145456136351884f,0.6302367876904311f,0f,0f,0f,1f], start_interpolation: 0, interpolation_duration: 1 }
$data merge entity $(bone_neck_2) { transformation: [-0.9990983677429848f,-0.00004588680734676862f,0.04245526431085292f,0.013911691467378882f,0.013581046393495501f,0.9471085106434473f,0.32062598810079146f,0.445719575026896f,-0.04022445465337216f,0.3209134882817364f,-0.9462539438684983f,0.55047978892418f,0f,0f,0f,1f], start_interpolation: 0, interpolation_duration: 1 }
$data merge entity $(bone_body_0) { transformation: [-0.99990779622186f,0.009144201910288991f,-0.010039055043535569f,0.009267432425264873f,0.008000430547325986f,0.9940544223335626f,0.10859004811742509f,0.5063672684327131f,0.010972336387510318f,0.10849971894208374f,-0.9940359243124407f,0.08302798087801497f,0f,0f,0f,1f], start_interpolation: 0, interpolation_duration: 1 }
$data merge entity $(bone_leg_left_3) { transformation: [-0.9849316463391653f,-0.04015466670973897f,-0.1682178788983241f,0.24977985840234757f,-0.04028193377398461f,0.9991848203928339f,-0.0026571616376093316f,0.026562946701258805f,0.1681874485538375f,0.004159018871062514f,-0.9857462577717352f,-0.12978152392429404f,0f,0f,0f,1f], start_interpolation: 0, interpolation_duration: 1 }
$data merge entity $(bone_leg_left_2) { transformation: [-1.0033036959517538f,-0.13679962840311655f,-0.16349236942137146f,0.21128291355909418f,-0.11757586575893719f,1.011286553134002f,-0.12465000097103647f,0.25825772591648805f,0.17781959673017286f,-0.10318705645483013f,-1.0048854770070073f,-0.1846138737568271f,0f,0f,0f,1f], start_interpolation: 0, interpolation_duration: 1 }
$data merge entity $(bone_leg_left_1) { transformation: [-0.958647387022545f,0.047792590281984126f,0.28055490669205063f,0.2284791485173876f,0.2843129804754225f,0.2048207143630108f,0.9365973543102754f,0.25856523122727504f,-0.012701042792972392f,0.9776320081103953f,-0.20993889641990315f,0.0923655128471377f,0f,0f,0f,1f], start_interpolation: 0, interpolation_duration: 1 }
$data merge entity $(bone_leg_left_0) { transformation: [-0.9712065718550147f,0.18453182395743528f,-0.15068444091070698f,0.20027134400869326f,0.2374174613296961f,0.8021492378293348f,-0.5478955642324362f,0.6457230788271218f,0.019767241623263404f,-0.5678948900956582f,-0.8228636885668538f,-0.061323782066679405f,0f,0f,0f,1f], start_interpolation: 0, interpolation_duration: 1 }
$data merge entity $(bone_leg_right_3) { transformation: [-0.979871965762527f,0.09589983028454685f,0.17508327522660833f,-0.23821149744124762f,0.11307761193188515f,0.9894185926219838f,0.09090820784569273f,0.06394775359401947f,-0.16451256606248404f,0.10887640297754514f,-0.9803476651077456f,-0.03921762340769967f,0f,0f,0f,1f], start_interpolation: 0, interpolation_duration: 1 }
$data merge entity $(bone_leg_right_2) { transformation: [-1.0125330072463665f,0.14424298552471254f,0.07767283865188451f,-0.20061740660491556f,0.14012475306347935f,1.0144685108546765f,-0.05727908487300441f,0.2984313237505173f,-0.08487733688225058f,-0.04593257136180702f,-1.021150447325253f,-0.08135088493428985f,0f,0f,0f,1f], start_interpolation: 0, interpolation_duration: 1 }
$data merge entity $(bone_leg_right_1) { transformation: [-0.940374344112279f,0.0061344148938748955f,-0.3400859624996463f,-0.19964213644705447f,-0.3297346776114718f,0.22898599563816463f,0.9158823375205232f,0.3054978261409141f,0.08349332497786777f,0.973410387634891f,-0.21330982614176947f,0.19607027332847018f,0f,0f,0f,1f], start_interpolation: 0, interpolation_duration: 1 }
$data merge entity $(bone_leg_right_0) { transformation: [-0.9553073922146885f,-0.22505281360148913f,0.19167424832257643f,-0.19252970296406782f,-0.2927853935571055f,0.6308353365389535f,-0.7185565332619254f,0.6457230788271218f,0.04079828059590473f,-0.7425617881791649f,-0.668533836867349f,-0.04580463088651726f,0f,0f,0f,1f], start_interpolation: 0, interpolation_duration: 1 }
$data merge entity $(bone_tail_4) { transformation: [-1.7267427266676751f,-1.227172694491379f,1.7714593039059776f,0.4556338038145783f,-0.8881965967867499f,2.4734860356671975f,0.8477234032488481f,0.7384406098417201f,-1.9634479094075086f,-0.03969056379219542f,-1.9413805133948214f,-1.7131897674572185f,0f,0f,0f,1f], start_interpolation: 0, interpolation_duration: 1 }
$data merge entity $(bone_tail_3) { transformation: [-1.677274770178948f,-0.6793423024478371f,1.0301402367981132f,0.28760798534384435f,-0.7298933234252962f,1.9478104868732038f,0.09610187141983655f,0.7030844290399662f,-0.9949626162749918f,-0.28367916627078926f,-1.8070752748249248f,-1.4040005563887867f,0f,0f,0f,1f], start_interpolation: 0, interpolation_duration: 1 }
$data merge entity $(bone_tail_2) { transformation: [-1.6407451735055718f,-0.3060822966735058f,1.0163871202863701f,0.09737776563009573f,-0.4522954103918179f,1.8943906439988087f,-0.15964593534146937f,0.7328785878788883f,-0.9602905874574865f,-0.36928524286197445f,-1.6613982882041571f,-1.0959481978912733f,0f,0f,0f,1f], start_interpolation: 0, interpolation_duration: 1 }
$data merge entity $(bone_tail_1) { transformation: [-1.4404814296319872f,-0.2655283558647078f,0.3770466723327124f,0.020863533788993506f,-0.2931675309162548f,1.4818441922443972f,-0.07646462402979382f,0.7314989914542552f,-0.3559807574881731f,-0.1459065870457395f,-1.462752616868215f,-0.7790565033988184f,0f,0f,0f,1f], start_interpolation: 0, interpolation_duration: 1 }
$data merge entity $(bone_tail_0) { transformation: [-1.2684020632267832f,-0.12611187728676077f,0.09532951795365566f,-0.010037271268726104f,-0.11996674121860743f,1.269821913814104f,0.08364212325677643f,0.7376998837843574f,-0.102955833188096f,0.07405280675790156f,-1.271908799721053f,-0.4055881640688605f,0f,0f,0f,1f], start_interpolation: 0, interpolation_duration: 1 }
$data merge entity $(bone_body_1) { transformation: [-1.235403670606883f,0.013187138088654286f,-0.046994309190807444f,1.8557991432579204e-17f,0f,1.1903882619456712f,0.33403649632669535f,0.5798599804687501f,0.048809483784306155f,0.33377609301333305f,-1.1894602763782045f,-0.1515375f,0f,0f,0f,1f], start_interpolation: 0, interpolation_duration: 1 }