# This file was generated by Animated Java via MC-Build. It is not recommended to edit this file directly.
$data merge entity $(bone_head_lower) { transformation: [-0.9984696565843856f,0.017302593571601063f,0.05252585207262263f,-0.002796673673382554f,0.023734300137170254f,0.9919470377976496f,0.12440963468102961f,0.31306010194821093f,-0.04995025402595832f,0.12546590955380887f,-0.9908396831286976f,0.8052795658331405f,0f,0f,0f,1f], start_interpolation: 0, interpolation_duration: 1 }
$data merge entity $(bone_head_upper) { transformation: [-1.0393066495096634f,-0.021573927014068857f,0.05336849765260609f,0.00007534261800545838f,0.024705023123488795f,0.704469783621319f,0.7658876734747121f,0.3816847323306324f,-0.05199319860301418f,0.7659822662576669f,-0.7028796608675656f,0.7740086829051689f,0f,0f,0f,1f], start_interpolation: 0, interpolation_duration: 1 }
$data merge entity $(bone_neck_0) { transformation: [-0.9974625405680669f,-0.003654491913741566f,0.07109940120950153f,0.005054387550942523f,0.014365363216843084f,0.967808191296234f,0.25127861269825663f,0.38221889518201446f,-0.06972887854501492f,0.2516623721352971f,-0.9652999191692135f,0.7075281591715152f,0f,0f,0f,1f], start_interpolation: 0, interpolation_duration: 1 }
$data merge entity $(bone_neck_1) { transformation: [-0.9986247917436931f,0.036698548453067616f,0.037439843166117565f,0.00839509929045896f,0.04843704832521136f,0.9190906387780019f,0.391057860246007f,0.4195807642657874f,-0.02005935353910417f,0.3923335497406287f,-0.9196042671081464f,0.6314330395634109f,0f,0f,0f,1f], start_interpolation: 0, interpolation_duration: 1 }
$data merge entity $(bone_neck_2) { transformation: [-0.9994073585204909f,-0.00024574186175349956f,0.03442196022937331f,0.011408315204838555f,0.01069150254740622f,0.9483026911058458f,0.31718716527421115f,0.4566532148826561f,-0.03272038368317191f,0.31736720947878083f,-0.9477380602462253f,0.5515113007856929f,0f,0f,0f,1f], start_interpolation: 0, interpolation_duration: 1 }
$data merge entity $(bone_body_0) { transformation: [-0.9999403371596584f,0.007210358984626132f,-0.00820565928745342f,0.00760970643616138f,0.006311163137536135f,0.9944759984657963f,0.1047743179186057f,0.5155065849943875f,0.008915791657522869f,0.10471627953078969f,-0.9944621709549083f,0.08382256230566582f,0f,0f,0f,1f], start_interpolation: 0, interpolation_duration: 1 }
$data merge entity $(bone_leg_left_3) { transformation: [-0.9859273624669662f,-0.03133531651166993f,-0.16421124772086912f,0.23800680741175725f,-0.030592738026918514f,0.9995070710125517f,-0.007049778430984088f,0.025370783255862783f,0.16435121027527447f,-0.0019268977718388258f,-0.98640000341952f,-0.12487281694571627f,0f,0f,0f,1f], start_interpolation: 0, interpolation_duration: 1 }
$data merge entity $(bone_leg_left_2) { transformation: [-1.0062703119003906f,-0.1189220074728143f,-0.1591848454697268f,0.20380562949074338f,-0.09500927302687995f,1.0096600991404008f,-0.15369424759369996f,0.2558238504149532f,0.17451503352860073f,-0.13603764127301593f,-1.0015490316155666f,-0.18726460592310112f,0f,0f,0f,1f], start_interpolation: 0, interpolation_duration: 1 }
$data merge entity $(bone_leg_left_1) { transformation: [-0.9551766806084009f,0.05365531168976917f,0.29113333088018367f,0.22196442140821093f,0.2954535453403043f,0.2344587719811569f,0.9261405329575703f,0.26451580907062017f,-0.018566404276584323f,0.9706442148225894f,-0.23980220362556492f,0.08951706577969049f,0f,0f,0f,1f], start_interpolation: 0, interpolation_duration: 1 }
$data merge entity $(bone_leg_left_0) { transformation: [-0.9685688698165921f,0.19889864109557848f,-0.1493776254749745f,0.19959781373852487f,0.24838871772949736f,0.8055176056367709f,-0.5380004014068203f,0.6534663489397694f,0.013318758459615457f,-0.5581941576006828f,-0.8296034553288447f,-0.060564548554979974f,0f,0f,0f,1f], start_interpolation: 0, interpolation_duration: 1 }
$data merge entity $(bone_leg_right_3) { transformation: [-0.982357253495128f,0.07487098899427834f,0.17137258098227814f,-0.22827387047820252f,0.0890325644920283f,0.9930873186481182f,0.07649039155517799f,0.054709974296964586f,-0.16446102567320248f,0.09039863133538165f,-0.9822324869842214f,-0.04691817511207952f,0f,0f,0f,1f], start_interpolation: 0, interpolation_duration: 1 }
$data merge entity $(bone_leg_right_2) { transformation: [-1.0144955235197475f,0.12305065853250338f,0.08786107041121977f,-0.19530177369295748f,0.11431671944419688f,1.0143322008585764f,-0.10061845485599759f,0.2878624281589689f,-0.09895817255085572f,-0.08972692592978332f,-1.0169653673303143f,-0.09910865468188271f,0f,0f,0f,1f], start_interpolation: 0, interpolation_duration: 1 }
$data merge entity $(bone_leg_right_1) { transformation: [-0.9401942343171463f,-0.010068352844681133f,-0.3404899852092425f,-0.19870327434459972f,-0.3316587038416722f,0.25505845084245793f,0.9082663105168596f,0.30237760919142925f,0.07770010246362023f,0.9668732155380255f,-0.24314374175022974f,0.17800346156834093f,0f,0f,0f,1f], start_interpolation: 0, interpolation_duration: 1 }
$data merge entity $(bone_leg_right_0) { transformation: [-0.955479148957221f,-0.23120008139334752f,0.18331971599283653f,-0.1933043757128461f,-0.2927392662934443f,0.6650544614245477f,-0.6870271357881585f,0.6534663489397694f,0.03692313472554368f,-0.7101049821702524f,-0.703127013006203f,-0.047861160008256215f,0f,0f,0f,1f], start_interpolation: 0, interpolation_duration: 1 }
$data merge entity $(bone_tail_4) { transformation: [-2.0103350620893257f,-1.0605875846766757f,1.5682373050543092f,0.3865793799208028f,-0.805178533501718f,2.549247052546898f,0.6918730561808094f,0.7052160017674886f,-1.7134473434927409f,0.04641952079293733f,-2.16508770278874f,-1.7454796157592063f,0f,0f,0f,1f], start_interpolation: 0, interpolation_duration: 1 }
$data merge entity $(bone_tail_3) { transformation: [-1.7958832037261583f,-0.5822462476263922f,0.8784863981552022f,0.24331828712558173f,-0.632921369093974f,1.9836634811721132f,0.02086288697152847f,0.6822667226410368f,-0.8427096683691983f,-0.24902615652489843f,-1.8877955170642708f,-1.4229423414582956f,0f,0f,0f,1f], start_interpolation: 0, interpolation_duration: 1 }
$data merge entity $(bone_tail_2) { transformation: [-1.7340276168035f,-0.2562291170421256f,0.8638684730590438f,0.08138383628211526f,-0.39618131775543813f,1.8994898022841686f,-0.2318463488666395f,0.7255254873034475f,-0.8092975118132489f,-0.3808661255625651f,-1.7374557280042051f,-1.1006421756515623f,0f,0f,0f,1f], start_interpolation: 0, interpolation_duration: 1 }
$data merge entity $(bone_tail_1) { transformation: [-1.4626155964391285f,-0.22141181551652403f,0.3152596945419604f,0.017647339932937343f,-0.24834968979783797f,1.4881252985058224f,-0.10705969140752805f,0.7306100102872175f,-0.2945068736554906f,-0.15529376644487114f,-1.4754002160339532f,-0.7809728407788114f,0f,0f,0f,1f], start_interpolation: 0, interpolation_duration: 1 }
$data merge entity $(bone_tail_0) { transformation: [-1.2713932921221187f,-0.10483764176709631f,0.0800242600692011f,-0.008267527843841087f,-0.10073761173940568f,1.272498984692305f,0.0665881680339803f,0.741859067193292f,-0.08512782689549822f,0.05992594938584474f,-1.2739693286191325f,-0.4072432732468628f,0f,0f,0f,1f], start_interpolation: 0, interpolation_duration: 1 }
$data merge entity $(bone_body_1) { transformation: [-1.235721775128986f,0.010403103064726079f,-0.03857544523323885f,1.8557991432579204e-17f,0f,1.1937206188136587f,0.321924959074916f,0.58661046875f,0.039953592182905444f,0.32175682544743484f,-1.1930971673782154f,-0.1515375f,0f,0f,0f,1f], start_interpolation: 0, interpolation_duration: 1 }