# This file was generated by Animated Java via MC-Build. It is not recommended to edit this file directly.
$data merge entity $(bone_head_lower) { transformation: [-0.999412708787766f,0.019785291265579777f,0.027978201569015513f,-0.0017656233223483433f,0.022980305691536113f,0.9926378107590446f,0.1189204868885696f,0.32952766305641024f,-0.025419344283907925f,0.11949359355642075f,-0.9925095153373337f,0.8070840086452964f,0f,0f,0f,1f], start_interpolation: 0, interpolation_duration: 1 }
$data merge entity $(bone_head_upper) { transformation: [-1.0402882721552238f,-0.0034760654446432523f,0.035498878416523855f,0.00028058647078848826f,0.02392019061919257f,0.7004750483786718f,0.7695677186987159f,0.3983160417030169f,-0.02645898487372631f,0.7699315334180235f,-0.6999837844918481f,0.7761093661057866f,0f,0f,0f,1f], start_interpolation: 0, interpolation_duration: 1 }
$data merge entity $(bone_neck_0) { transformation: [-0.9985641831556044f,-0.0031992027288375215f,0.0534727708341429f,0.004112826204845791f,0.00955153662546609f,0.9715854014519498f,0.2364964605095513f,0.39783460714196295f,-0.05270996363946141f,0.2366676420369992f,-0.9701598254647392f,0.7095524850664754f,0f,0f,0f,1f], start_interpolation: 0, interpolation_duration: 1 }
$data merge entity $(bone_neck_1) { transformation: [-0.9991643815128601f,0.029196954071802422f,0.028602038195780236f,0.00667030095956923f,0.03768500536651622f,0.9290108707987114f,0.36812856763411556f,0.4332997654634335f,-0.015823371529148107f,0.36889882056025747f,-0.9293348595111998f,0.6325250956998143f,0f,0f,0f,1f], start_interpolation: 0, interpolation_duration: 1 }
$data merge entity $(bone_neck_2) { transformation: [-0.9996389042560054f,-0.0003388075034156963f,0.026869058549350237f,0.009020914869218303f,0.008115210947777715f,0.9494243797947173f,0.3138908893273098f,0.47009441961860354f,-0.025616487837442706f,0.3139955927411912f,-0.9490787971975679f,0.5524528880745101f,0f,0f,0f,1f], start_interpolation: 0, interpolation_duration: 1 }
$data merge entity $(bone_body_0) { transformation: [-0.9999640356657362f,0.0054847522465346285f,-0.006468760923728608f,0.006024461224807024f,0.004802281753791958f,0.9948576539605923f,0.1011690982760223f,0.5272522989780164f,0.006990383755661897f,0.10113439498420107f,-0.994848213893018f,0.08454808707775108f,0f,0f,0f,1f], start_interpolation: 0, interpolation_duration: 1 }
$data merge entity $(bone_leg_left_3) { transformation: [-0.9863865306877881f,-0.022464470011670592f,-0.16290168711466413f,0.22599366838660426f,-0.02164878408508268f,0.9997426416749133f,-0.00678089702793136f,0.025169691633636526f,0.16301209226725083f,-0.0031619620428914585f,-0.9866190043632309f,-0.1227036893221513f,0f,0f,0f,1f], start_interpolation: 0, interpolation_duration: 1 }
$data merge entity $(bone_leg_left_2) { transformation: [-1.0083598594988503f,-0.10224147933291931f,-0.15754133792744413f,0.19572824742174696f,-0.07285072870335092f,1.0059575150780953f,-0.18655950441076133f,0.25377838446471873f,0.17310506803540945f,-0.1722160191806047f,-0.9962120646020789f,-0.1933658568653247f,0f,0f,0f,1f], start_interpolation: 0, interpolation_duration: 1 }
$data merge entity $(bone_leg_left_1) { transformation: [-0.951782314643519f,0.06173321281380545f,0.30049864553357075f,0.21551725055125f,0.3058390946532896f,0.26737131663499386f,0.9137696795268084f,0.27186092195554357f,-0.02393478041431185f,0.9616140543256195f,-0.27335972053315305f,0.08284928184506367f,0f,0f,0f,1f], start_interpolation: 0, interpolation_duration: 1 }
$data merge entity $(bone_leg_left_0) { transformation: [-0.9660379961607962f,0.21382919861943994f,-0.14507812995555644f,0.19895713811754756f,0.25830879266645074f,0.8140466914500812f,-0.5201966472117797f,0.6638643841586884f,0.006867139494271299f,-0.5400046832731588f,-0.8416339967219848f,-0.05986135847787717f,0f,0f,0f,1f], start_interpolation: 0, interpolation_duration: 1 }
$data merge entity $(bone_leg_right_3) { transformation: [-0.9840228050742081f,0.05449987854433655f,0.1694959655346988f,-0.21770234208124048f,0.06606933151658921f,0.9958000551316184f,0.06338054617008337f,0.04626271131508114f,-0.1653298597556968f,0.07356638796705717f,-0.9834907340868257f,-0.05858738367946137f,0f,0f,0f,1f], start_interpolation: 0, interpolation_duration: 1 }
$data merge entity $(bone_leg_right_2) { transformation: [-1.0154841229109888f,0.10340164726415105f,0.10080820879003004f,-0.1889087430340965f,0.0884862623153822f,1.0113866267810863f,-0.14604612987177867f,0.2773647103121238f,-0.11412439265050953f,-0.13589477551448076f,-1.010232860528065f,-0.12130792879427121f,0f,0f,0f,1f], start_interpolation: 0, interpolation_duration: 1 }
$data merge entity $(bone_leg_right_1) { transformation: [-0.9398826927234718f,-0.027974737955247964f,-0.3403497288895811f,-0.19717608306942716f,-0.33393571309249587f,0.28385889433722494f,0.8988387328253358f,0.30015872713323427f,0.07146651971575471f,0.9584578979496097f,-0.27613582603084f,0.15514363937936904f,0f,0f,0f,1f], start_interpolation: 0, interpolation_duration: 1 }
$data merge entity $(bone_leg_right_0) { transformation: [-0.9556358751597104f,-0.2393917668669549f,0.17161484802910287f,-0.19402243353956866f,-0.2926669314500992f,0.7059252247445672f,-0.6449927474824159f,0.6638643841586884f,0.033258703271737924f,-0.6666041996759773f,-0.7446695237694589f,-0.04983325714016244f,0f,0f,0f,1f], start_interpolation: 0, interpolation_duration: 1 }
$data merge entity $(bone_tail_4) { transformation: [-2.27185888138488f,-0.8694053167925471f,1.3070780197851595f,0.31074626502764235f,-0.6880769718374432f,2.6181373340168665f,0.5454982242446509f,0.6791200399006999f,-1.410981444066384f,0.1230960070835129f,-2.3705780031756896f,-1.773029550130701f,0f,0f,0f,1f], start_interpolation: 0, interpolation_duration: 1 }
$data merge entity $(bone_tail_3) { transformation: [-1.8994348400692913f,-0.4744706838149813f,0.7092040500275891f,0.1951345342907887f,-0.5205681989364607f,2.0156549982178444f,-0.04570781617965674f,0.6671456298567594f,-0.6760928668692201f,-0.2189932062964688f,-1.9572649123225494f,-1.4390067295706463f,0f,0f,0f,1f], start_interpolation: 0, interpolation_duration: 1 }
$data merge entity $(bone_tail_2) { transformation: [-1.814378149821911f,-0.20536762620595378f,0.6961536774004199f,0.06433058548748825f,-0.328668706386096f,1.9036029215787815f,-0.2950367322927671f,0.7222022493732044f,-0.647134210109531f,-0.3910165342617053f,-1.8019703823988495f,-1.10459593489735f,0f,0f,0f,1f], start_interpolation: 0, interpolation_duration: 1 }
$data merge entity $(bone_tail_1) { transformation: [-1.4811317986720605f,-0.17652460962086217f,0.25048733932211f,0.014001367453178377f,-0.20056644834484752f,1.493171245200626f,-0.1336749127710432f,0.7329067387959146f,-0.23168501194682678f,-0.16411869090452377f,-1.4856121164472864f,-0.7826812556466484f,0f,0f,0f,1f], start_interpolation: 0, interpolation_duration: 1 }
$data merge entity $(bone_tail_0) { transformation: [-1.273918815715352f,-0.08327186759219296f,0.06350089462465072f,-0.006564568355063676f,-0.08078760212149563f,1.2746485635733478f,0.050794874819099924f,0.7488228362172014f,-0.06663280643858269f,0.04661064290628699f,-1.2756266043235416f,-0.40878871569968894f,0f,0f,0f,1f], start_interpolation: 0, interpolation_duration: 1 }
$data merge entity $(bone_body_1) { transformation: [-1.2359651509085419f,0.00791614243174152f,-0.030529911314574526f,1.8557991432579204e-17f,0f,1.1967905696123626f,0.3103174625172853f,0.59606603515625f,0.03153951166196782f,0.3102164764034418f,-1.1964010999778494f,-0.1515375f,0f,0f,0f,1f], start_interpolation: 0, interpolation_duration: 1 }