# This file was generated by Animated Java via MC-Build. It is not recommended to edit this file directly.
$data merge entity $(bone_head_lower) { transformation: [-0.9998866788516885f,0.013077047913146395f,0.007457900027342017f,-0.0004847539415604252f,0.013786477431459257f,0.9944057220172049f,0.10472436707602079f,0.36780703136343285f,-0.006046692895494126f,0.10481531776090042f,-0.9944733212448232f,0.8100618236797961f,0f,0f,0f,1f], start_interpolation: 0, interpolation_duration: 1 }
$data merge entity $(bone_head_upper) { transformation: [-1.0407816273972732f,0.00474111348062713f,0.014935477854923147f,0.000328230620754585f,0.014350338614040345f,0.6868749467656687f,0.7819647165127266f,0.4371416689366228f,-0.006294000115464464f,0.7820820110014873f,-0.6868624725619558f,0.7802708253666697f,0f,0f,0f,1f], start_interpolation: 0, interpolation_duration: 1 }
$data merge entity $(bone_neck_0) { transformation: [-0.999676671938323f,-0.0016666927983440387f,0.025372696298077695f,0.002318950810980041f,0.0031980088525170565f,0.9816847164794109f,0.19048593168556405f,0.4335232294766186f,-0.025225469702222794f,0.19050548434586878f,-0.9813619801645306f,0.7137300094466992f,0f,0f,0f,1f], start_interpolation: 0, interpolation_duration: 1 }
$data merge entity $(bone_neck_1) { transformation: [-0.9997862360344428f,0.015634657185085166f,0.013529217670887717f,0.0035370800300057f,0.01898987187132719f,0.9531814131773759f,0.30180221725409956f,0.4634810260549738f,-0.008177224614254644f,0.30199462092541474f,-0.953274557475297f,0.6343663941692504f,0f,0f,0f,1f], start_interpolation: 0, interpolation_duration: 1 }
$data merge entity $(bone_neck_2) { transformation: [-0.9999070889489231f,-0.00028374197409077235f,0.013628388025821623f,0.004728251022712786f,0.003926025177973713f,0.951423953624843f,0.3078588098384944f,0.499766801883858f,-0.013053727283505491f,0.3078837117474135f,-0.951334441847158f,0.5540367360204526f,0f,0f,0f,1f], start_interpolation: 0, interpolation_duration: 1 }
$data merge entity $(bone_body_0) { transformation: [-0.9999907392429543f,0.0026727068865503474f,-0.0033731389280975393f,0.0031639641691493963f,0.0023413171218648397f,0.9955042489510825f,0.09468795358690513f,0.5538763016811107f,0.003611047280848481f,0.09467917911684495f,-0.9955012874824903f,0.08576264988984475f,0f,0f,0f,1f], start_interpolation: 0, interpolation_duration: 1 }
$data merge entity $(bone_leg_left_3) { transformation: [-0.9861988311955214f,-0.005774524423291717f,-0.1654645587921249f,0.20337231896887695f,-0.006243238981030513f,0.9999778363261803f,0.0023127523509824666f,0.027911054140300234f,0.16544753644467936f,0.003313868448813484f,-0.9862130251422816f,-0.12343223181179634f,0f,0f,0f,1f], start_interpolation: 0, interpolation_duration: 1 }
$data merge entity $(bone_leg_left_2) { transformation: [-1.0104630421017131f,-0.0738265657801068f,-0.15992585229524844f,0.17965341809025767f,-0.03234003791698251f,0.9931886335563477f,-0.25415085996844f,0.25151731099687025f,0.17314953651331033f,-0.24533278594652838f,-0.9807615722720968f,-0.21066025312215006f,0f,0f,0f,1f], start_interpolation: 0, interpolation_duration: 1 }
$data merge entity $(bone_leg_left_1) { transformation: [-0.9455354198579973f,0.081371916415856f,0.3151846776300708f,0.20387434039520938f,0.32382619277430147f,0.33375571595177234f,0.8852930130430381f,0.28878648657136874f,-0.033156698678573425f,0.939140954962742f,-0.3419282089041609f,0.06326992253299815f,0f,0f,0f,1f], start_interpolation: 0, interpolation_duration: 1 }
$data merge entity $(bone_leg_left_0) { transformation: [-0.9614313201165985f,0.2422843615856691f,-0.13018488710245713f,0.1978098908200464f,0.2749932782814324f,0.8375659300472483f,-0.4720826301868337f,0.6880475835172644f,-0.005339812626434973f,-0.48967499523164626f,-0.8718886886787798f,-0.058636096520055886f,0f,0f,0f,1f], start_interpolation: 0, interpolation_duration: 1 }
$data merge entity $(bone_leg_right_3) { transformation: [-0.9853885245762048f,0.019404868775229123f,0.16921260798577017f,-0.19797350184040302f,0.026672376134435044f,0.9988119985651129f,0.0407820533287471f,0.03569517865293875f,-0.1682202127714533f,0.044699469685687415f,-0.9847354555538992f,-0.08867381003535865f,0f,0f,0f,1f], start_interpolation: 0, interpolation_duration: 1 }
$data merge entity $(bone_leg_right_2) { transformation: [-1.0148230675926515f,0.07173791832673054f,0.13057569473942074f,-0.17564174893343898f,0.040435671964596805f,0.9978448219313999f,-0.23395056588552912f,0.2609985064353449f,-0.14339211071501312f,-0.22632185471035499f,-0.990090561598207f,-0.17180488345734457f,0f,0f,0f,1f], start_interpolation: 0, interpolation_duration: 1 }
$data merge entity $(bone_leg_right_1) { transformation: [-0.9391676798785762f,-0.0646724494573215f,-0.3373151988166f,-0.1940254105482926f,-0.3384181613491937f,0.3418920548410965f,0.8766886396580968f,0.30064380654927025f,0.05862778471444413f,0.9375112250622513f,-0.3429802993493267f,0.1022456170426052f,0f,0f,0f,1f], start_interpolation: 0, interpolation_duration: 1 }
$data merge entity $(bone_leg_right_0) { transformation: [-0.9559023710625568f,-0.25662738478122304f,0.14280420994260634f,-0.1952626717847657f,-0.29246889503107243f,0.787630563102884f,-0.5423099127856116f,0.6880475835172644f,0.026694614368547136f,-0.5601611209701938f,-0.8279534504530618f,-0.05339519168061661f,0f,0f,0f,1f], start_interpolation: 0, interpolation_duration: 1 }
$data merge entity $(bone_tail_4) { transformation: [-2.633077350449672f,-0.4591725044204022f,0.6940645570357513f,0.15746258702094765f,-0.38532747542001156f,2.714007517220143f,0.3336873757860767f,0.6498129213167723f,-0.7376230303043542f,0.2213258666691576f,-2.651902799407959f,-1.8083829039541963f,0f,0f,0f,1f], start_interpolation: 0, interpolation_duration: 1 }
$data merge entity $(bone_tail_3) { transformation: [-2.035390436731246f,-0.2501002076733964f,0.36136018351384214f,0.09863668052402474f,-0.27748611721873867f,2.05911356225413f,-0.1378343880764979f,0.653034497242607f,-0.34078255656400913f,-0.18288452615592773f,-2.0460611000844686f,-1.4596568831181609f,0f,0f,0f,1f], start_interpolation: 0, interpolation_duration: 1 }
$data merge entity $(bone_tail_2) { transformation: [-1.9185281780053163f,-0.10736061824087344f,0.35566445261414087f,0.03107524276744223f,-0.17757157652586394f,1.908257278528525f,-0.38183290737677983f,0.7243391716672613f,-0.3263308756653257f,-0.40718758772416275f,-1.8832101059079034f,-1.1099104328108016f,0f,0f,0f,1f], start_interpolation: 0, interpolation_duration: 1 }
$data merge entity $(bone_tail_1) { transformation: [-1.5045412080814726f,-0.09100468832378061f,0.12541989430642628f,0.006636115521056614f,-0.10501995263640374f,1.4989967362049774f,-0.17215064448056477f,0.7431607162324866f,-0.11394214642962938f,-0.179953276018854f,-1.4974278799718843f,-0.7853720598586307f,0f,0f,0f,1f], start_interpolation: 0, interpolation_duration: 1 }
$data merge entity $(bone_tail_0) { transformation: [-1.2771299210739508f,-0.042549749381077216f,0.03105479205016865f,-0.003465617744814815f,-0.041961400651030434f,1.2772934755547551f,0.024419966107383652f,0.7668480014268574f,-0.0318452843773674f,0.023379750146004206f,-1.277605174429903f,-0.41146193856485364f,0f,0f,0f,1f], start_interpolation: 0, interpolation_duration: 1 }
$data merge entity $(bone_body_1) { transformation: [-1.2362576179449771f,0.0038595900589792577f,-0.01602500214782846f,1.8557991432579204e-17f,-2.680944658980944e-19f,1.2019963584191835f,0.2894984445610577f,0.61858068359375f,0.016483237826994984f,0.2894727154117438f,-1.2018895310964068f,-0.1515375f,0f,0f,0f,1f], start_interpolation: 0, interpolation_duration: 1 }