# This file was generated by Animated Java via MC-Build. It is not recommended to edit this file directly.
$data merge entity $(bone_head_lower) { transformation: [-0.9999609130038656f,0.0072301183102882645f,0.0050889933872160995f,-0.00016668004396180885f,0.007692675208029051f,0.9951891823034483f,0.09766941268553408f,0.38617943614446093f,-0.004358349758758463f,0.09770474305484156f,-0.9952059022996034f,0.8110849567082103f,0f,0f,0f,1f], start_interpolation: 0, interpolation_duration: 1 }
$data merge entity $(bone_head_upper) { transformation: [-1.0408588976953435f,0.0017891327385358658f,0.009027550940655896f,0.0001727176672900628f,0.008007302418756104f,0.6793684185249086f,0.7885850477928464f,0.45579993574741107f,-0.004536604447912619f,0.7886236703894421f,-0.6793556272712216f,0.781958897310721f,0f,0f,0f,1f], start_interpolation: 0, interpolation_duration: 1 }
$data merge entity $(bone_neck_0) { transformation: [-0.9998883471627795f,-0.0009426900343559955f,0.01491323384060243f,0.0014754258787152536f,0.0015445417223624391f,0.9861426056773929f,0.16589266306461437f,0.4505194238023385f,-0.01486296063889174f,0.1658971747899912f,-0.9860310440334757f,0.7155122615854209f,0f,0f,0f,1f], start_interpolation: 0, interpolation_duration: 1 }
$data merge entity $(bone_neck_1) { transformation: [-0.999923758798372f,0.009594137453182909f,0.007773616730007893f,0.0021781522364461353f,0.0113212112830095f,0.9636520390727384f,0.26692054579226127f,0.4775705218506098f,-0.0049301892074325015f,0.2669882022065443f,-0.963687186340514f,0.635105289782099f,0f,0f,0f,1f], start_interpolation: 0, interpolation_duration: 1 }
$data merge entity $(bone_neck_2) { transformation: [-0.99996676636106f,-0.00018658347225149972f,0.008150543540985301f,0.002890374210904993f,0.0023098568273246184f,0.95228879597324f,0.3051896355141733f,0.5136309253369933f,-0.007818614637061762f,0.30519831954066284f,-0.9522567169701208f,0.5546685417473919f,0f,0f,0f,1f], start_interpolation: 0, interpolation_duration: 1 }
$data merge entity $(bone_body_0) { transformation: [-0.9999966313263478f,0.0015819397984428443f,-0.002057863559797881f,0.0019355807861655171f,0.0013862168716257635f,0.9957708760223211f,0.09186098665115597f,0.5664106261746907f,0.0021944791503820393f,0.09185782455628444f,-0.9957697145068459f,0.08624107003792414f,0f,0f,0f,1f], start_interpolation: 0, interpolation_duration: 1 }
$data merge entity $(bone_leg_left_3) { transformation: [-0.9858170258261505f,0.0014838812119407144f,-0.16781713168753673f,0.19373016820273525f,0.00009084378791115739f,0.999965481375156f,0.00830829739233302f,0.030436373581831766f,0.1678236673973292f,0.00817521588107012f,-0.985783131579461f,-0.12480230230686327f,0f,0f,0f,1f], start_interpolation: 0, interpolation_duration: 1 }
$data merge entity $(bone_leg_left_2) { transformation: [-1.0108159866346322f,-0.06250927877415781f,-0.16249870993852308f,0.17256925011741603f,-0.015228737475734283f,0.9853880375469589f,-0.28432499101370434f,0.25131835313126993f,0.17343969043862129f,-0.27778625780837757f,-0.9720162901176438f,-0.21932446225956234f,0f,0f,0f,1f], start_interpolation: 0, interpolation_duration: 1 }
$data merge entity $(bone_leg_left_1) { transformation: [-0.9428310538177288f,0.09108705907272574f,0.3205818953503658f,0.1990893657557925f,0.3312082938963715f,0.3629510939175791f,0.8709578459823917f,0.2971322648898777f,-0.03702256084073404f,0.9273454863714571f,-0.37237035179412403f,0.053092781349698276f,0f,0f,0f,1f], start_interpolation: 0, interpolation_duration: 1 }
$data merge entity $(bone_leg_left_0) { transformation: [-0.959424504612974f,0.2544214098156287f,-0.12154985057817792f,0.19732071355466818f,0.28176099165559904f,0.848652532539212f,-0.4476601641826477f,0.6995451010179481f,-0.010740741566711523f,-0.4637441376903967f,-0.8859040643480464f,-0.058118997492326074f,0f,0f,0f,1f], start_interpolation: 0, interpolation_duration: 1 }
$data merge entity $(bone_leg_right_3) { transformation: [-0.9854458340816229f,0.0058482051609192245f,0.16988910084984915f,-0.19004186583895558f,0.011318769053053318f,0.9994475041935574f,0.03125014925391312f,0.03410176957476793f,-0.1696124805499232f,0.03271826489384794f,-0.9849675738744081f,-0.10392329868764691f,0f,0f,0f,1f], start_interpolation: 0, interpolation_duration: 1 }
$data merge entity $(bone_leg_right_2) { transformation: [-1.0136158144267602f,0.0603729302125233f,0.14491476647403276f,-0.16991800652334338f,0.019991223121506738f,0.9887505931410305f,-0.2720933940066537f,0.2561381786686227f,-0.1557097660481699f,-0.2660631003380736f,-0.978277616475206f,-0.195933816504728f,0f,0f,0f,1f], start_interpolation: 0, interpolation_duration: 1 }
$data merge entity $(bone_leg_right_1) { transformation: [-0.9388761652305389f,-0.08122966689042149f,-0.33453443407049843f,-0.1929414223395786f,-0.3402067453097531f,0.36752077679084355f,0.8655563812212348f,0.3033007941128159f,0.052639498551395235f,0.9264611270009799f,-0.3726913781513218f,0.07657122140903513f,0f,0f,0f,1f], start_interpolation: 0, interpolation_duration: 1 }
$data merge entity $(bone_leg_right_0) { transformation: [-0.9560107459576074f,-0.26368780273019043f,0.12849979106949164f,-0.19577376266885382f,-0.2923594879442668f,0.8209130846587727f,-0.49053810988034857f,0.6995451010179481f,0.023861756484905634f,-0.5065278374653688f,-0.8618933614143413f,-0.05491910393083024f,0f,0f,0f,1f], start_interpolation: 0, interpolation_duration: 1 }
$data merge entity $(bone_tail_4) { transformation: [-2.7186713074755553f,-0.2700156516956808f,0.40196915472273714f,0.09030911373556076f,-0.23075633747620236f,2.7376925175525173f,0.27830293503937475f,0.6448508499763945f,-0.4257219353330573f,0.24040082940022947f,-2.7178354634892745f,-1.8164589172680654f,0f,0f,0f,1f], start_interpolation: 0, interpolation_duration: 1 }
$data merge entity $(bone_tail_3) { transformation: [-2.0666458893286968f,-0.14787950091803284f,0.20748963196622197f,0.056573656763745456f,-0.16436424704281233f,2.0694499738462526f,-0.1621934834888194f,0.6521016784128688f,-0.19469126446580498f,-0.17735271354118642f,-2.065571797973803f,-1.464478736200078f,0f,0f,0f,1f], start_interpolation: 0, interpolation_duration: 1 }
$data merge entity $(bone_tail_2) { transformation: [-1.9422767869780457f,-0.06408871032409584f,0.20549305335706897f,0.01692149001987152f,-0.10581137355362782f,1.9088566182920546f,-0.4047767767944355f,0.7277247733875621f,-0.18745322348711868f,-0.41344035000758184f,-1.9007109830252134f,-1.1113777065384454f,0f,0f,0f,1f], start_interpolation: 0, interpolation_duration: 1 }
$data merge entity $(bone_tail_1) { transformation: [-1.5098246774547632f,-0.05387784636940949f,0.07199215942875652f,0.0035306256140592565f,-0.062305362807259554f,1.499957157675587f,-0.18412717589544045f,0.7490709854116254f,-0.06483621761081487f,-0.18676710847568695f,-1.4995234449909591f,-0.7863520137362963f,0f,0f,0f,1f], start_interpolation: 0, interpolation_duration: 1 }
$data merge entity $(bone_tail_0) { transformation: [-1.2778533140647999f,-0.025058029403888443f,0.017283503118003734f,-0.0021247105894855647f,-0.024866491788566557f,1.277894801759481f,0.014221455841571968f,0.775753023413587f,-0.01755795841677882f,0.01388118808022182f,-1.2780198540311272f,-0.41254993064784157f,0f,0f,0f,1f], start_interpolation: 0, interpolation_duration: 1 }
$data merge entity $(bone_body_1) { transformation: [-1.2363265387515765f,0.002285154886831903f,-0.009801158193805242f,1.8557991432579204e-17f,1.340472329490472e-19f,1.2040740482849686f,0.28073168916760605f,0.6293839062500001f,0.01006402676848623f,0.28072238843747493f,-1.2040341569288693f,-0.1515375f,0f,0f,0f,1f], start_interpolation: 0, interpolation_duration: 1 }