# This file was generated by Animated Java via MC-Build. It is not recommended to edit this file directly.
$data merge entity $(bone_head_lower) { transformation: [-0.9999909518134389f,0.002166929314558178f,0.0036606978295170515f,-0.00001111129968225851f,0.0024932182267995147f,0.9957910812222736f,0.09161826466949319f,0.40171168402887114f,-0.00344675994622154f,0.09162656260889346f,-0.9957874737464574f,0.8118175170565828f,0f,0f,0f,1f], start_interpolation: 0, interpolation_duration: 1 }
$data merge entity $(bone_head_upper) { transformation: [-1.040890165079712f,-0.0010591531654935255f,0.004299420706306748f,-0.00006162564378388823f,0.002595189813434687f,0.6729773978733291f,0.7940822561454088f,0.4715659579392064f,-0.0035877309918720237f,0.7940857905350797f,-0.672968667948304f,0.7832547028297291f,0f,0f,0f,1f], start_interpolation: 0, interpolation_duration: 1 }
$data merge entity $(bone_neck_0) { transformation: [-0.999978327015794f,-0.00037383621476224656f,0.006573107726107454f,0.0006925898859886791f,0.0005816583213242253f,0.9894661603179561f,0.14476318336938468f,0.4648655378274835f,-0.006557985383615576f,0.1447638692220038f,-0.9894444981885456f,0.7169276963877227f,0f,0f,0f,1f], start_interpolation: 0, interpolation_duration: 1 }
$data merge entity $(bone_neck_1) { transformation: [-0.999985388862105f,0.004291250830944469f,0.003287434959216196f,0.0009908480307899378f,0.004947933500392723f,0.9715186457005075f,0.2369114581659728f,0.48941071275794135f,-0.002177157867691225f,0.2369242626295537f,-0.9715256835313524f,0.6357182001804224f,0f,0f,0f,1f], start_interpolation: 0, interpolation_duration: 1 }
$data merge entity $(bone_neck_2) { transformation: [-0.9999936127487439f,-0.00008188078661819316f,0.0035731998618032993f,0.0013030854736063868f,0.0010039165337470642f,0.9530551841009138f,0.3027949937003027f,0.5252688310803787f,-0.0034302497443885346f,0.30279664686701846f,-0.9530490144965165f,0.5551885270636512f,0f,0f,0f,1f], start_interpolation: 0, interpolation_duration: 1 }
$data merge entity $(bone_body_0) { transformation: [-0.9999993305480368f,0.0006934421135772074f,-0.0009263053024940815f,0.0008731271611202753f,0.0006079111368401532f,0.9960008023415591f,0.08934221946549287f,0.5768636367244487f,0.0009845544819951763f,0.08934159654385918f,-0.9960005571180501f,0.08662828988007937f,0f,0f,0f,1f], start_interpolation: 0, interpolation_duration: 1 }
$data merge entity $(bone_leg_left_3) { transformation: [-0.9854455710248273f,0.0075736554807902395f,-0.16982245520016115f,0.18571427330793167f,0.005390598186622779f,0.9998968562916742f,0.01331233372543067f,0.03306009293499815f,0.16990576211165662f,0.012203135690680378f,-0.9853847550477792f,-0.1258296452459422f,0f,0f,0f,1f], start_interpolation: 0, interpolation_duration: 1 }
$data merge entity $(bone_leg_left_2) { transformation: [-1.0109623858153738f,-0.05317870316640406f,-0.16489172052204842f,0.16665411698324656f,-0.0010032713678835294f,0.9779698962402394f,-0.3092508286086101f,0.2514646635678962f,0.1732519766517665f,-0.30464587159206497f,-0.9639693174623666f,-0.22636434588981752f,0f,0f,0f,1f], start_interpolation: 0, interpolation_duration: 1 }
$data merge entity $(bone_leg_left_1) { transformation: [-0.9404911842321109f,0.09939662588119313f,0.32495637114098247f,0.1951530764926547f,0.3374053745194189f,0.3868899114736445f,0.8581805227604073f,0.30433624654338687f,-0.040422093304188424f,0.9167532422431619f,-0.39740350679071496f,0.04457068447781981f,0f,0f,0f,1f], start_interpolation: 0, interpolation_duration: 1 }
$data merge entity $(bone_leg_left_0) { transformation: [-0.9576610363856894f,0.2644631281219039f,-0.1137743084033683f,0.19689919989454605f,0.2874838685769621f,0.857248468151085f,-0.4271745417983639f,0.7091218997541949f,-0.015439063984299659f,-0.4417966927406718f,-0.8969823396180624f,-0.057668273714338525f,0f,0f,0f,1f], start_interpolation: 0, interpolation_duration: 1 }
$data merge entity $(bone_leg_right_3) { transformation: [-0.9853431313018931f,-0.004673859413939073f,0.17051999482277458f,-0.1838720136679974f,-0.0007760410089965894f,0.9997370487612216f,0.022917920816586057f,0.03426394203829028f,-0.17058227151885585f,0.022449685351507376f,-0.9850876612114711f,-0.11690887494298688f,0f,0f,0f,1f], start_interpolation: 0, interpolation_duration: 1 }
$data merge entity $(bone_leg_right_2) { transformation: [-1.012255920836141f,0.051846717597059805f,0.15720072553039205f,-0.16535802067765704f,0.0030149910276393906f,0.9797026308364533f,-0.30370357992939445f,0.25324072448260315f,-0.16550244729904798f,-0.299260542850603f,-0.9670130645092045f,-0.21629435114502232f,0f,0f,0f,1f], start_interpolation: 0, interpolation_duration: 1 }
$data merge entity $(bone_leg_right_1) { transformation: [-0.9386716768951907f,-0.09511223681298007f,-0.3314349791485539f,-0.19231320786464165f,-0.34153479764747735f,0.3886725707620047f,0.8557380526382774f,0.3066438996921686f,0.04742852507370965f,0.916453651389794f,-0.39732007231405575f,0.0546944021659162f,0f,0f,0f,1f], start_interpolation: 0, interpolation_duration: 1 }
$data merge entity $(bone_leg_right_0) { transformation: [-0.9561013778357093f,-0.2689209162689128f,0.11641175238671904f,-0.19620565846811863f,-0.29225560937097667f,0.8461077126077439f,-0.44574476716714306f,0.7091218997541949f,0.021373209676075415f,-0.4601991736832868f,-0.8875583960784568f,-0.05622713252786671f,0f,0f,0f,1f], start_interpolation: 0, interpolation_duration: 1 }
$data merge entity $(bone_tail_4) { transformation: [-2.7544484833768355f,-0.11226328077058519f,0.16146776710438537f,0.03625781143229836f,-0.09730554277487737f,2.748316436236281f,0.2508978462617679f,0.6436333084141436f,-0.17089913799764406f,0.24457116286294217f,-2.7452941122086583f,-1.8199512379742375f,0f,0f,0f,1f], start_interpolation: 0, interpolation_duration: 1 }
$data merge entity $(bone_tail_3) { transformation: [-2.0796953979767436f,-0.062224007865012615f,0.08331116686262775f,0.02274022699066082f,-0.0690688100694154f,2.073750858831134f,-0.1753065914823894f,0.6530655478468159f,-0.07773079926510967f,-0.1778512704109623f,-2.073227525985331f,-1.4666680495758742f,0f,0f,0f,1f], start_interpolation: 0, interpolation_duration: 1 }
$data merge entity $(bone_tail_2) { transformation: [-1.9521872280043169f,-0.02753127385313694f,0.08355196454675466f,0.0057580130424383005f,-0.04477088537714097f,1.9085968339991064f,-0.41716611568284373f,0.7310368681281361f,-0.07572628105318173f,-0.41865741270326084f,-1.907292682350887f,-1.1122621218712925f,0f,0f,0f,1f], start_interpolation: 0, interpolation_duration: 1 }
$data merge entity $(bone_tail_1) { transformation: [-1.51204587019159f,-0.022931637365464008f,0.02911488355287312f,0.001217696651564152f,-0.02644981907468988f,1.5000058493138921f,-0.19219549707271139f,0.7540844422671407f,-0.025960421943309733f,-0.19264693621194526f,-1.4999564875224467f,-0.7871085091707628f,0f,0f,0f,1f], start_interpolation: 0, interpolation_duration: 1 }
$data merge entity $(bone_tail_0) { transformation: [-1.2781549898531022f,-0.010595824818797275f,0.006577765126101358f,-0.0009601753274509619f,-0.010564513073297666f,1.278157672599785f,0.00608864696404317f,0.7831494195888209f,-0.006627937927358576f,0.006033991609041946f,-1.2781844068709807f,-0.4134477067473424f,0f,0f,0f,1f], start_interpolation: 0, interpolation_duration: 1 }
$data merge entity $(bone_body_1) { transformation: [-1.2363591917521335f,0.0010021349837261212f,-0.004420379139349963f,1.8557991432579204e-17f,6.70236164745236e-20f,1.205769572637221f,0.2733575182037318f,0.63838048828125f,0.004532551848705988f,0.27335568127254634f,-1.2057614700039188f,-0.1515375f,0f,0f,0f,1f], start_interpolation: 0, interpolation_duration: 1 }