# This file was generated by Animated Java via MC-Build. It is not recommended to edit this file directly.
$data merge entity $(bone_head_lower) { transformation: [-0.5631591752118429f,-0.11068104642065313f,0.8189025884303615f,-0.031810177458309954f,0.28320470191231906f,0.9051223142797982f,0.31709413903056766f,0.3542364046742412f,-0.7763033171315652f,0.4104915372526111f,-0.4783825432167409f,0.7404440016662135f,0f,0f,0f,1f], start_interpolation: 0, interpolation_duration: 1 }
$data merge entity $(bone_head_upper) { transformation: [-0.586192150828351f,-0.5088328532537745f,0.6934982569122735f,0.004390087308211294f,0.2947876562185738f,0.669562013591261f,0.7404450622971857f,0.42040708509606756f,-0.8080537993425309f,0.6133903976985181f,-0.23296613479830522f,0.7379066063199664f,0f,0f,0f,1f], start_interpolation: 0, interpolation_duration: 1 }
$data merge entity $(bone_neck_0) { transformation: [-0.860729139771201f,0.12752208785477764f,0.4928320860677462f,0.03446573456700398f,0.25298198180911735f,0.9472588201377962f,0.19672530226455825f,0.4176701804364394f,-0.4417527190959434f,0.2940048380219428f,-0.8475940599078262f,0.6784700767346544f,0f,0f,0f,1f], start_interpolation: 0, interpolation_duration: 1 }
$data merge entity $(bone_neck_1) { transformation: [-0.9864756555324665f,0.09441044752191552f,0.13398674725696524f,0.04625110776615421f,0.13702272813432725f,0.9235984678079433f,0.358037207895277f,0.4522555338749057f,-0.08994750144621311f,0.37155421900650143f,-0.9240437810634582f,0.6019031442466387f,0f,0f,0f,1f], start_interpolation: 0, interpolation_duration: 1 }
$data merge entity $(bone_neck_2) { transformation: [-0.9895190052816165f,0.023644196956340638f,0.14245381755772563f,0.05896262205366834f,0.08540314436211105f,0.8913018623560092f,0.44529461381626223f,0.4999930840509433f,-0.11644071933625472f,0.4527934872665457f,-0.8839794210101591f,0.5288930483567602f,0f,0f,0f,1f], start_interpolation: 0, interpolation_duration: 1 }
$data merge entity $(bone_body_0) { transformation: [-0.997779553384127f,0.053916384356235726f,-0.039102255005591446f,0.04104749685946295f,0.042316187681092535f,0.9665538436598407f,0.2529486263384859f,0.6284144566400874f,0.0514325102314693f,0.2507323090555724f,-0.9666891982881317f,0.07568459294719798f,0f,0f,0f,1f], start_interpolation: 0, interpolation_duration: 1 }
$data merge entity $(bone_leg_left_3) { transformation: [-0.9415834461767221f,0.08026094151594798f,-0.3270761305154227f,0.2896537673376977f,-0.031117662709962194f,0.9462986708397363f,0.3217926609393331f,0.13615743856641715f,0.33533908951006186f,0.31317248735149333f,-0.8885216306948532f,-0.19827613517104525f,0f,0f,0f,1f], start_interpolation: 0, interpolation_duration: 1 }
$data merge entity $(bone_leg_left_2) { transformation: [-0.9397884705064432f,-0.24473554274258658f,-0.3300974770008798f,0.22094680964871674f,-0.19225021701272407f,0.9900721128148434f,-0.1867063603244568f,0.3608734949155385f,0.3631799612622029f,-0.10919672634990948f,-0.9530155246336449f,-0.25261875242526555f,0f,0f,0f,1f], start_interpolation: 0, interpolation_duration: 1 }
$data merge entity $(bone_leg_left_1) { transformation: [-0.9686831061662358f,0.17266819257540145f,0.17843411977779744f,0.2776838145916121f,0.21892153139623446f,0.2548404469401728f,0.9418756338787303f,0.3757921698742026f,0.11715973249910078f,0.9514420854030352f,-0.2846604208608251f,0.018622341561897765f,0f,0f,0f,1f], start_interpolation: 0, interpolation_duration: 1 }
$data merge entity $(bone_leg_left_0) { transformation: [-0.9750040322561825f,0.07669107866116166f,-0.20853204918662369f,0.21140183343503144f,0.1681182850134702f,0.8682770203893773f,-0.46672396350291956f,0.7742482534000137f,0.14527002212540113f,-0.49011579684553375f,-0.8594667686153741f,-0.08695571979406608f,0f,0f,0f,1f], start_interpolation: 0, interpolation_duration: 1 }
$data merge entity $(bone_leg_right_3) { transformation: [-0.6805575054244739f,-0.004232318868002113f,0.7326824477817226f,-0.2155920282811304f,0.047902477477221234f,0.9975868766048585f,0.05025710175992354f,0.04017917689784564f,-0.7311270987058006f,0.06930015225641689f,-0.6787124976271443f,-0.08917829150682224f,0f,0f,0f,1f], start_interpolation: 0, interpolation_duration: 1 }
$data merge entity $(bone_leg_right_2) { transformation: [-0.9565777007205761f,0.27785425598174873f,0.24457782895769398f,-0.14178204035348352f,0.21874237829025817f,0.9710309329441226f,-0.24761441538465168f,0.25853333078529195f,-0.2986186094749482f,-0.178768395414822f,-0.9648476493088185f,-0.1602037885359432f,0f,0f,0f,1f], start_interpolation: 0, interpolation_duration: 1 }
$data merge entity $(bone_leg_right_1) { transformation: [-0.9219076661704286f,-0.05738441631886713f,-0.38313611656947244f,-0.15541185750597755f,-0.3418212905265737f,0.585935525104442f,0.7347365281264634f,0.3719384476420189f,0.18233063483392253f,0.8083233197083484f,-0.5597936677176102f,0.09271298278392666f,0f,0f,0f,1f], start_interpolation: 0, interpolation_duration: 1 }
$data merge entity $(bone_leg_right_0) { transformation: [-0.9429303025084047f,-0.33277051015046594f,-0.012092650065507748f,-0.17544414728263125f,-0.2925878551577313f,0.8453144822238181f,-0.4470299465996399f,0.7742482534000137f,0.15898047561133616f,-0.4179799202316746f,-0.8944372502627093f,-0.017072290006742957f,0f,0f,0f,1f], start_interpolation: 0, interpolation_duration: 1 }
$data merge entity $(bone_tail_4) { transformation: [-1.453331383989099f,-0.03003598167339713f,-2.3478899164392795f,-0.7576597983198505f,-0.3518031516111525f,2.7328517570895356f,0.1828035773421704f,0.808304724629753f,2.3215778605140063f,0.39532321608722887f,-1.4421016344188988f,-1.575458789789733f,0f,0f,0f,1f], start_interpolation: 0, interpolation_duration: 1 }
$data merge entity $(bone_tail_3) { transformation: [-1.345053789319445f,-0.3297381484539489f,-1.5550075830477514f,-0.4907612295353f,-0.29566279545193574f,2.0533505118969475f,-0.1796683409021564f,0.8186761889897007f,1.561844851855457f,0.10473755196274287f,-1.373177421160828f,-1.3436435829059856f,0f,0f,0f,1f], start_interpolation: 0, interpolation_duration: 1 }
$data merge entity $(bone_tail_2) { transformation: [-1.5679971781428192f,-0.3677096676364443f,-1.1067738362762418f,-0.2862613359629966f,-0.19666343933701405f,1.911305070426519f,-0.3563850367128105f,0.8852367676879196f,1.149557400031451f,-0.17457492114089707f,-1.5706098356830562f,-1.0508621510128147f,0f,0f,0f,1f], start_interpolation: 0, interpolation_duration: 1 }
$data merge entity $(bone_tail_1) { transformation: [-1.3857527722758758f,-0.22727485258494629f,-0.5618644369527376f,-0.16125226832131623f,-0.20817667273869558f,1.4953130459087023f,-0.09142000690595929f,0.8868295621009887f,0.5692169859176478f,-0.006425427435630594f,-1.401287617452284f,-0.7497859596390304f,0f,0f,0f,1f], start_interpolation: 0, interpolation_duration: 1 }
$data merge entity $(bone_tail_0) { transformation: [-1.2101259682733263f,-0.06120276255326053f,-0.4070443211130963f,-0.04378138878541103f,-0.1035368696063223f,1.2686261994716586f,0.11706151899854524f,0.883235675539261f,0.39838545923100105f,0.1437967470215254f,-1.206004659196373f,-0.393893296408635f,0f,0f,0f,1f], start_interpolation: 0, interpolation_duration: 1 }
$data merge entity $(bone_body_1) { transformation: [-1.21667431444311f,0.06959526431090121f,-0.20848191004529404f,1.8557991432579204e-17f,0f,1.1727501455287366f,0.391486514734004f,0.7132275f,0.2197912819714155f,0.38525081492979785f,-1.1540702738661708f,-0.1515375f,0f,0f,0f,1f], start_interpolation: 0, interpolation_duration: 1 }