# This file was generated by Animated Java via MC-Build. It is not recommended to edit this file directly.
$data merge entity $(bone_head_lower) { transformation: [-0.9711440051757577f,-0.016006373020867132f,0.2379561245984333f,-0.0488851486835237f,0.017246896469761106f,0.990419580985023f,0.1370094820208183f,0.38964629234236486f,-0.23786943009422126f,0.1371599417620481f,-0.9615639784239436f,0.8028008882711435f,0f,0f,0f,1f], start_interpolation: 0, interpolation_duration: 1 }
$data merge entity $(bone_head_upper) { transformation: [-1.0108633903441109f,-0.17830761430720127f,0.17272389332571153f,-0.041295669776318066f,0.017952287349167474f,0.6698255143984738f,0.7965446868966363f,0.4596043123133568f,-0.24759819067281238f,0.7765385486403116f,-0.6474217798581196f,0.7755294427016061f,0f,0f,0f,1f], start_interpolation: 0, interpolation_duration: 1 }
$data merge entity $(bone_neck_0) { transformation: [-0.9895627416052293f,0.02092074771284188f,0.14257595429061032f,-0.03209627174287309f,0.04533193809065167f,0.9843679099532657f,0.17019057918458613f,0.4546163695198999f,-0.1367866799644173f,0.17487750046639838f,-0.9750421857616915f,0.7096869962342371f,0f,0f,0f,1f], start_interpolation: 0, interpolation_duration: 1 }
$data merge entity $(bone_neck_1) { transformation: [-0.9967120138446104f,0.004837910522363077f,0.08088112313512219f,-0.025222291399549387f,0.026087954834956673f,0.9642214333965763f,0.26381138336163834f,0.48140670383101614f,-0.07671101661658808f,0.2650539982728607f,-0.9611772978640414f,0.6294837342914117f,0f,0f,0f,1f], start_interpolation: 0, interpolation_duration: 1 }
$data merge entity $(bone_neck_2) { transformation: [-0.9966819361699705f,-0.008067149904676451f,0.08099406894887007f,-0.018205585943646723f,0.020628849327777275f,0.9375521442683394f,0.34723252634690027f,0.5210060988454295f,-0.07873733985785084f,0.3477512011054087f,-0.934274870389788f,0.551038950187061f,0f,0f,0f,1f], start_interpolation: 0, interpolation_duration: 1 }
$data merge entity $(bone_body_0) { transformation: [-0.9985852531595086f,0.009710819585958402f,0.05227994027663947f,0.006526261554038157f,0.016748978227458775f,0.9905780480611237f,0.13592130968965188f,0.5945017965275933f,-0.05046745387570227f,0.13660465102763925f,-0.9893392772031852f,0.08606838892034147f,0f,0f,0f,1f], start_interpolation: 0, interpolation_duration: 1 }
$data merge entity $(bone_leg_left_3) { transformation: [-0.9806576705809488f,0.019622539775641712f,-0.1947446765986195f,0.19317151354514087f,0.0060909136185811966f,0.9975395425296646f,0.06984097551579849f,0.051257913713755876f,0.19563597292430265f,0.0673039153575834f,-0.9783643232842765f,-0.1288138853124644f,0f,0f,0f,1f], start_interpolation: 0, interpolation_duration: 1 }
$data merge entity $(bone_leg_left_2) { transformation: [-1.005339710479722f,-0.07226961044925156f,-0.19008253322900862f,0.16889150840234926f,-0.011102280976376383f,0.9768199916157415f,-0.31266858306782f,0.26927315194269513f,0.20305419323511964f,-0.3044043476792506f,-0.9582114522506494f,-0.22906810874599604f,0f,0f,0f,1f], start_interpolation: 0, interpolation_duration: 1 }
$data merge entity $(bone_leg_left_1) { transformation: [-0.9443035010329488f,0.11849460227923869f,0.30700151004123905f,0.20360697446113188f,0.3285836263823813f,0.3905247524570806f,0.8599553582551478f,0.3232137676333384f,-0.017991620558460878f,0.912934525006597f,-0.40770927710889704f,0.04092935801064125f,0f,0f,0f,1f], start_interpolation: 0, interpolation_duration: 1 }
$data merge entity $(bone_leg_left_0) { transformation: [-0.9603948009325621f,0.2456419281559202f,-0.13153657085976608f,0.1990913720641798f,0.27854278552301553f,0.8589957194567548f,-0.42958150633849645f,0.7278417604292404f,0.007466121803446246f,-0.44920640810969514f,-0.8933968098993873f,-0.061847464986594755f,0f,0f,0f,1f], start_interpolation: 0, interpolation_duration: 1 }
$data merge entity $(bone_leg_right_3) { transformation: [-0.9648309084519316f,-0.0030815671452943255f,0.26285323288814444f,-0.18656923611065274f,0.0054886446775456454f,0.9994771416888083f,0.03186405531588499f,0.03607959843132888f,-0.26281398911668274f,0.032186133435055f,-0.9643095249654425f,-0.11913717185990966f,0f,0f,0f,1f], start_interpolation: 0, interpolation_duration: 1 }
$data merge entity $(bone_leg_right_2) { transformation: [-1.0078527148888645f,0.08684913298995199f,0.16956512816830288f,-0.15952094652821136f,0.030405097911361235f,0.974546084653013f,-0.318429989808086f,0.2533567930034032f,-0.1880708233959749f,-0.30786256103506776f,-0.9601625947727728f,-0.22028104372355242f,0f,0f,0f,1f], start_interpolation: 0, interpolation_duration: 1 }
$data merge entity $(bone_leg_right_1) { transformation: [-0.937223026012546f,-0.09813318166978138f,-0.33463842900547475f,-0.18709808027305333f,-0.34245358687052907f,0.4402342079886509f,0.8300116763974557f,0.32211378600656704f,0.06586759712784022f,0.8925041852966132f,-0.446203696619194f,0.04716121783461577f,0f,0f,0f,1f], start_interpolation: 0, interpolation_duration: 1 }
$data merge entity $(bone_leg_right_0) { transformation: [-0.9553829218921355f,-0.28186996601749126f,0.08827680790640355f,-0.19386792724171234f,-0.2923823436661831f,0.8600928794495837f,-0.41803445292510777f,0.7278417604292404f,0.04190510313930423f,-0.4251935570742136f,-0.9041318495404649f,-0.05105415014488396f,0f,0f,0f,1f], start_interpolation: 0, interpolation_duration: 1 }
$data merge entity $(bone_tail_4) { transformation: [-2.667711200443125f,0.24123488720186728f,-0.671404506856342f,-0.24093909087812648f,0.2464830321965275f,2.750423393626091f,0.008865790068611016f,0.5994445191214742f,0.6694956291638586f,-0.05136357260780668f,-2.678581474874239f,-1.7879927982700412f,0f,0f,0f,1f], start_interpolation: 0, interpolation_duration: 1 }
$data merge entity $(bone_tail_3) { transformation: [-2.024445024488723f,0.10549990784269764f,-0.47585463989802634f,-0.161284128166866f,0.17842654643284508f,2.052227029879091f,-0.30409490526172367f,0.6309251248752307f,0.45357671500568225f,-0.33642163028448563f,-2.0042540199101078f,-1.4448532321870697f,0f,0f,0f,1f], start_interpolation: 0, interpolation_duration: 1 }
$data merge entity $(bone_tail_2) { transformation: [-1.9054248772054199f,0.056073811266943836f,-0.4300995698899119f,-0.0827251714894732f,0.1761351361307443f,1.8708340873113343f,-0.5364047973097815f,0.7312170177357149f,0.39636640391144684f,-0.5617912605645825f,-1.8292233675542036f,-1.1046451921272245f,0f,0f,0f,1f], start_interpolation: 0, interpolation_duration: 1 }
$data merge entity $(bone_tail_1) { transformation: [-1.496625907377007f,0.03504313729498595f,-0.21572927918221071f,-0.03530116932026416f,0.06952292579844878f,1.4917178416472676f,-0.2400014452032334f,0.7645615212082955f,0.20720450322416947f,-0.2473986852021287f,-1.4776726411502257f,-0.783840290192653f,0f,0f,0f,1f], start_interpolation: 0, interpolation_duration: 1 }
$data merge entity $(bone_tail_0) { transformation: [-1.2745509421163792f,0.019910662831064192f,-0.09465293466082053f,-0.0071609021116454275f,0.022289077672827586f,1.277636239593454f,-0.03137758559896924f,0.804562419373856f,0.09412124919895898f,-0.03293814456149068f,-1.2743202053118758f,-0.41224916434576564f,0f,0f,0f,1f], start_interpolation: 0, interpolation_duration: 1 }
$data merge entity $(bone_body_1) { transformation: [-1.2359013920736124f,0.007755488509097737f,-0.033048396704565566f,1.8557991432579204e-17f,0f,1.2036684557124224f,0.28246565061812795f,0.6578175f,0.033946194584328404f,0.2823591616666751f,-1.2032146752564088f,-0.1515375f,0f,0f,0f,1f], start_interpolation: 0, interpolation_duration: 1 }