# This file was generated by Animated Java via MC-Build. It is not recommended to edit this file directly.
$data merge entity $(bone_head_lower) { transformation: [-0.28134058531153344f,-0.14634601998061258f,0.9483830014779882f,-0.3545424228033373f,0.016972976734965665f,0.9873890345569691f,0.15740016676424035f,0.2714447941768834f,-0.9594578641698227f,0.0603799376655072f,-0.2753086813200621f,0.6490034865787958f,0f,0f,0f,1f], start_interpolation: 0, interpolation_duration: 1 }
$data merge entity $(bone_head_upper) { transformation: [-0.29284729802553133f,-0.7794939255322789f,0.624581157801715f,-0.3290796814873345f,0.01766716441135212f,0.6467271620696998f,0.8154163303039997f,0.3421850196203722f,-0.9986992910402585f,0.2400107091007766f,-0.16872026605045f,0.6424517081427089f,0f,0f,0f,1f], start_interpolation: 0, interpolation_duration: 1 }
$data merge entity $(bone_neck_0) { transformation: [-0.6231849673629323f,0.060754351133199325f,0.7797111037244788f,-0.2794468899529112f,0.25227422434625923f,0.9593010556463865f,0.12688262436686049f,0.334736717085492f,-0.7402690133886154f,0.2757723580312438f,-0.6131487538620081f,0.5985672570450107f,0f,0f,0f,1f], start_interpolation: 0, interpolation_duration: 1 }
$data merge entity $(bone_neck_1) { transformation: [-0.8205203791951801f,0.032939649873038976f,0.5706674047040354f,-0.23095212191528386f,0.2613415441130763f,0.909505246482813f,0.32326584097431427f,0.36631155366256973f,-0.5083767349574434f,0.41438531113744764f,-0.7548760886844477f,0.5365283659150204f,0f,0f,0f,1f], start_interpolation: 0, interpolation_duration: 1 }
$data merge entity $(bone_neck_2) { transformation: [-0.8134446748279452f,-0.11021154071402181f,0.5711052243566853f,-0.18199806083825876f,0.1682627745503372f,0.8953109643235178f,0.4124389844118945f,0.4112099558995148f,-0.5567723050715441f,0.43159204517175026f,-0.7097414366160294f,0.4785752488739412f,0f,0f,0f,1f], start_interpolation: 0, interpolation_duration: 1 }
$data merge entity $(bone_body_0) { transformation: [-0.8969949500725378f,0.010627233627388356f,0.4419130247569019f,0.026375128240169174f,0.13071137819757936f,0.9613815470802711f,0.24219838261894688f,0.534515506346763f,-0.42227312861944516f,0.2750137866343674f,-0.8637434931777906f,0.07411602966227362f,0f,0f,0f,1f], start_interpolation: 0, interpolation_duration: 1 }
$data merge entity $(bone_leg_left_3) { transformation: [-0.9652810238470924f,-0.023193349269963012f,-0.2601818855154033f,0.3438822803737669f,-0.058546015312348806f,0.9899196633310589f,0.1289628793163758f,0.0826570099637692f,0.25456808341140325f,0.13971803283816087f,-0.9569085443280774f,-0.29623740988184327f,0f,0f,0f,1f], start_interpolation: 0, interpolation_duration: 1 }
$data merge entity $(bone_leg_left_2) { transformation: [-0.9399177858975998f,-0.3207155461060053f,-0.25643379991720056f,0.25974083117290003f,-0.3220108581727757f,0.973147518972987f,-0.036811859994401605f,0.30785907167830795f,0.2548053423162095f,0.04677225997684504f,-0.9924458638759459f,-0.31561058700679334f,0f,0f,0f,1f], start_interpolation: 0, interpolation_duration: 1 }
$data merge entity $(bone_leg_left_1) { transformation: [-0.9878883451248339f,0.060485992110194044f,0.1428917853655779f,0.288268954413768f,0.14797189763871674f,0.09007534505651035f,0.9848810840513428f,0.2771483758576997f,0.04670048260686359f,0.9940965129057624f,-0.0979346105975302f,-0.04128161477394006f,0f,0f,0f,1f], start_interpolation: 0, interpolation_duration: 1 }
$data merge entity $(bone_leg_left_0) { transformation: [-0.9937366445313164f,0.06985376673092376f,-0.08722346352410927f,0.20724899912897526f,0.09222412434774474f,0.953439311706713f,-0.28713792814694666f,0.6855978760732098f,0.06310461317472475f,-0.29338358878050946f,-0.953909784848828f,-0.07148179993567916f,0f,0f,0f,1f], start_interpolation: 0, interpolation_duration: 1 }
$data merge entity $(bone_leg_right_3) { transformation: [-0.8193825228156656f,0.09938455178845298f,0.5645661982177498f,-0.24600671898768398f,0.14389402621141015f,0.9889830365532638f,0.03474280688943038f,0.013025154847363746f,-0.5548934947581432f,0.1097053520831798f,-0.8246562588129679f,-0.11295143544417036f,0f,0f,0f,1f], start_interpolation: 0, interpolation_duration: 1 }
$data merge entity $(bone_leg_right_2) { transformation: [-0.954490804718236f,0.3207170910757678f,0.19532037963542417f,-0.16373097981347734f,0.299126655251507f,0.9719061328497354f,-0.13410411085352156f,0.23496658697803519f,-0.22700825387433574f,-0.06783226313241356f,-0.9979620414885303f,-0.15925235890299694f,0f,0f,0f,1f], start_interpolation: 0, interpolation_duration: 1 }
$data merge entity $(bone_leg_right_1) { transformation: [-0.9334858419172601f,-0.0311966942241043f,-0.35725473993988055f,-0.17184964900676897f,-0.33919987675926716f,0.40014618393579504f,0.8513674148615972f,0.2917650879831055f,0.11639427196611463f,0.9159201918022709f,-0.3841127122373974f,0.11226449721071208f,0f,0f,0f,1f], start_interpolation: 0, interpolation_duration: 1 }
$data merge entity $(bone_leg_right_0) { transformation: [-0.9524112097105076f,-0.29525691365438417f,0.07573798622260083f,-0.18320044593201218f,-0.29187398027705036f,0.811739303425547f,-0.5058546064942372f,0.6855978760732098f,0.08787756969215378f,-0.5038875452057682f,-0.8592874225377125f,-0.025844781980767284f,0f,0f,0f,1f], start_interpolation: 0, interpolation_duration: 1 }
$data merge entity $(bone_tail_4) { transformation: [1.8300935662165811f,-0.6828131325739408f,-1.9519695429174189f,-1.1717968501253897f,1.1799025286309204f,2.4854403301983155f,0.2368073469173791f,0.7308834965184804f,1.6983076557040637f,-0.9909661561366508f,1.9389168408079591f,-0.6213426469232137f,0f,0f,0f,1f], start_interpolation: 0, interpolation_duration: 1 }
$data merge entity $(bone_tail_3) { transformation: [0.7671691471331216f,-0.184098209422465f,-1.9270456338703879f,-0.8432395774029673f,1.0344187540648897f,1.7910854857952274f,0.24069929342846003f,0.6725426135903222f,1.636268580328524f,-1.0459761746357132f,0.7513351457030077f,-0.7385056246727245f,0f,0f,0f,1f], start_interpolation: 0, interpolation_duration: 1 }
$data merge entity $(bone_tail_2) { transformation: [0.4856726226010395f,-0.46268048540134893f,-1.8354353017982892f,-0.501787131602861f,1.1319041459468777f,1.5897540749761534f,-0.1012366558503456f,0.6925775542322669f,1.5171318278405717f,-1.0379704352862191f,0.6631004957226612f,-0.8608997110484145f,0f,0f,0f,1f], start_interpolation: 0, interpolation_duration: 1 }
$data merge entity $(bone_tail_1) { transformation: [-0.7554598180300769f,0.09039849984553665f,-1.3071973166158353f,-0.2208761366913869f,0.5395373648079507f,1.396505951069814f,-0.21523663861593764f,0.7213077760437283f,1.1940838100058373f,-0.5738078858400881f,-0.7297702479751227f,-0.6979878812405761f,0f,0f,0f,1f], start_interpolation: 0, interpolation_duration: 1 }
$data merge entity $(bone_tail_0) { transformation: [-1.0940635172380802f,-0.0008014419674784339f,-0.6609539276859179f,-0.027749377245344237f,0.11737443518535776f,1.2576630824982766f,-0.1958124854800609f,0.8088783859174303f,0.6504490593409965f,-0.22829508359956743f,-1.0763982035430506f,-0.38894847538268307f,0f,0f,0f,1f], start_interpolation: 0, interpolation_duration: 1 }
$data merge entity $(bone_body_1) { transformation: [-1.2280076169150689f,0.05104781836066734f,-0.13414920087514526f,1.8557991432579204e-17f,-4.28951145436951e-18f,1.155532489767998f,0.4397149760319999f,0.6288175f,0.14353357744731285f,0.43674177769872047f,-1.1477191846501424f,-0.1515375f,0f,0f,0f,1f], start_interpolation: 0, interpolation_duration: 1 }