# This file was generated by Animated Java via MC-Build. It is not recommended to edit this file directly.
$data merge entity $(bone_head_lower) { transformation: [-0.3818537390961476f,-0.13290717366535415f,0.9146165344703638f,-0.34732782835408116f,-0.028755062017465277f,0.9908355321140101f,0.13197762957682552f,0.2943763852233543f,-0.9237753343463242f,0.024096296160062453f,-0.3821760067883693f,0.667297593887208f,0f,0f,0f,1f], start_interpolation: 0, interpolation_duration: 1 }
$data merge entity $(bone_head_upper) { transformation: [-0.39747139791945546f,-0.7690936940515634f,0.5779129001757799f,-0.3248812176342006f,-0.02993113207270377f,0.6348797725954393f,0.8243201709684874f,0.3654496121133559f,-0.9615573606146997f,0.2981518182114448f,-0.2645465519117749f,0.655456876914433f,0f,0f,0f,1f], start_interpolation: 0, interpolation_duration: 1 }
$data merge entity $(bone_neck_0) { transformation: [-0.6599449158333826f,0.05474018408701108f,0.749317169369413f,-0.2771042556177304f,0.19979632523461666f,0.9742171951640778f,0.10479639816988073f,0.3563480127899216f,-0.7242610969038809f,0.21887066704507702f,-0.6538665724892428f,0.6098579838957499f,0f,0f,0f,1f], start_interpolation: 0, interpolation_duration: 1 }
$data merge entity $(bone_neck_1) { transformation: [-0.8255572438322651f,0.04975957907085889f,0.5621202909046822f,-0.22925605298845367f,0.2504860608281332f,0.9249106449112685f,0.28600180464575053f,0.38483706714437826f,-0.5056797113656809f,0.37691415895467784f,-0.7760307637539954f,0.5458543892180465f,0f,0f,0f,1f], start_interpolation: 0, interpolation_duration: 1 }
$data merge entity $(bone_neck_2) { transformation: [-0.8194667345798066f,-0.10027100391579148f,0.5642871580063007f,-0.1808019815911297f,0.14685391363954214f,0.914970627359756f,0.3758492771280056f,0.4267224169888642f,-0.5539929593107285f,0.3908637573920275f,-0.7350628028893367f,0.4852841751886353f,0f,0f,0f,1f], start_interpolation: 0, interpolation_duration: 1 }
$data merge entity $(bone_body_0) { transformation: [-0.8990716093128903f,0.017464018206860298f,0.43745313965680893f,0.025534409283293716f,0.11678538194363339f,0.9725644478504523f,0.20119535119287557f,0.5308099235948348f,-0.4219376919544031f,0.2319771601805128f,-0.8764446253259677f,0.07442898236202136f,0f,0f,0f,1f], start_interpolation: 0, interpolation_duration: 1 }
$data merge entity $(bone_leg_left_3) { transformation: [-0.9654565706425591f,-0.027568701424658136f,-0.25910147993569527f,0.34183949479009657f,-0.053868117165047205f,0.9940228674208684f,0.0949566479899529f,0.07329302278433761f,0.25493496456194903f,0.10563382860690598f,-0.9611709827588666f,-0.28524793731434506f,0f,0f,0f,1f], start_interpolation: 0, interpolation_duration: 1 }
$data merge entity $(bone_leg_left_2) { transformation: [-0.9405874749500736f,-0.3198124545379989f,-0.2551027153719057f,0.25794865245600246f,-0.3137656609529351f,0.9743876161151048f,-0.06466902712261663f,0.29793602952188303f,0.2625043075351468f,0.018734112858588493f,-0.9913640708849548f,-0.31111138956664386f,0f,0f,0f,1f], start_interpolation: 0, interpolation_duration: 1 }
$data merge entity $(bone_leg_left_1) { transformation: [-0.9874314441266175f,0.06106723541822899f,0.14577357753858353f,0.28647274242073195f,0.15189761247811162f,0.11188543876438409f,0.9820431578683043f,0.2732227844942025f,0.04366072002924635f,0.9918429519590672f,-0.11975516763652347f,-0.03617682012938389f,0f,0f,0f,1f], start_interpolation: 0, interpolation_duration: 1 }
$data merge entity $(bone_leg_left_0) { transformation: [-0.9934985536248206f,0.07361486823557051f,-0.08684166695802742f,0.20692612136471442f,0.09634731250936907f,0.9500312556736168f,-0.29691380671069006f,0.6816094150441131f,0.060645027146595726f,-0.3033503987435497f,-0.950947273125339f,-0.07081745567658863f,0f,0f,0f,1f], start_interpolation: 0, interpolation_duration: 1 }
$data merge entity $(bone_leg_right_3) { transformation: [-0.8642513855952457f,0.14827872108869902f,0.48071089374903675f,-0.2589781099442903f,0.210095602343352f,0.9746369228404297f,0.0770889519459326f,0.04066093147178043f,-0.45708793505482304f,0.16761947830857274f,-0.87348401823896f,-0.13990317227817153f,0f,0f,0f,1f], start_interpolation: 0, interpolation_duration: 1 }
$data merge entity $(bone_leg_right_2) { transformation: [-0.9630166535651983f,0.3261501585061664f,0.13523016883515274f,-0.17727976048949717f,0.32455884709688343f,0.9724040311601061f,-0.03397284879740587f,0.26577347252423866f,-0.1390060402569733f,0.010893750073876331f,-1.0161795345715732f,-0.16855270322168653f,0f,0f,0f,1f], start_interpolation: 0, interpolation_duration: 1 }
$data merge entity $(bone_leg_right_1) { transformation: [-0.933790261375891f,0.01552269534194449f,-0.3574839768281459f,-0.17270013635748283f,-0.3395026921279423f,0.27712575754271984f,0.8988544023056534f,0.2866266055714786f,0.11302066093164015f,0.960708259793625f,-0.2535073367121361f,0.10813766441818855f,0f,0f,0f,1f], start_interpolation: 0, interpolation_duration: 1 }
$data merge entity $(bone_leg_right_0) { transformation: [-0.9526660455826036f,-0.2943979843563385f,0.07587642849350365f,-0.18369532859092644f,-0.2919264284817312f,0.8161364772256602f,-0.4986985170376892f,0.6816094150441131f,0.08489031716223792f,-0.4972434789402619f,-0.8634480625396528f,-0.026676891670192618f,0f,0f,0f,1f], start_interpolation: 0, interpolation_duration: 1 }
$data merge entity $(bone_tail_4) { transformation: [1.405955440718583f,-0.6593432354496392f,-2.2834660339450235f,-1.176213716258009f,1.292029826657623f,2.43884873851696f,0.09130766266477744f,0.6863704004642671f,1.9948958763155757f,-1.1148742799531406f,1.5501958309059147f,-0.7565394855448891f,0f,0f,0f,1f], start_interpolation: 0, interpolation_duration: 1 }
$data merge entity $(bone_tail_3) { transformation: [0.4185788330887401f,-0.11134136995072974f,-2.0367475017468433f,-0.8297670434735518f,1.070964948901704f,1.7815506226341435f,0.1227068998072696f,0.648129973309813f,1.7360217063039518f,-1.0722061389368351f,0.41538916320978475f,-0.816481758461335f,0f,0f,0f,1f], start_interpolation: 0, interpolation_duration: 1 }
$data merge entity $(bone_tail_2) { transformation: [0.22380998378714018f,-0.3829967692649834f,-1.9031543397456132f,-0.47590044847461477f,1.14955382814211f,1.5699140776181904f,-0.18074750372501694f,0.682954136893803f,1.5643557659189284f,-1.098843546020811f,0.40510217724345754f,-0.8908940863625263f,0f,0f,0f,1f], start_interpolation: 0, interpolation_duration: 1 }
$data merge entity $(bone_tail_1) { transformation: [-0.867033405990401f,0.11315582217210472f,-1.2341414354948301f,-0.2108818545791041f,0.5224351714848221f,1.3991852847773723f,-0.23874312651485782f,0.716726279506919f,1.1238197428824204f,-0.5631452288451178f,-0.8411616293772984f,-0.7040752857245982f,0f,0f,0f,1f], start_interpolation: 0, interpolation_duration: 1 }
$data merge entity $(bone_tail_0) { transformation: [-1.1126471676753984f,0.006112609482324395f,-0.6291380077957918f,-0.02688559801794838f,0.11725729437194396f,1.2577766264240489f,-0.1951522521569702f,0.8041066938755534f,0.6181445816024859f,-0.22758802826748833f,-1.0954162141436616f,-0.38946131264484385f,0f,0f,0f,1f], start_interpolation: 0, interpolation_duration: 1 }
$data merge entity $(bone_body_1) { transformation: [-1.228548591741523f,0.04907730947434444f,-0.12986289108490376f,1.8557991432579204e-17f,0f,1.1565343036795268f,0.43707321980277203f,0.6245925000000001f,0.13882706071285295f,0.4343091262724301f,-1.1492202683152426f,-0.1515375f,0f,0f,0f,1f], start_interpolation: 0, interpolation_duration: 1 }