# This file was generated by Animated Java via MC-Build. It is not recommended to edit this file directly.
$data merge entity $(bone_head_lower) { transformation: [-0.4549668721936121f,-0.11562051724344719f,0.8829705777650346f,-0.339854062365798f,-0.06804387326846911f,0.9931502789153595f,0.09498712965959372f,0.3225895111512879f,-0.8879049366441124f,-0.016864740813356233f,-0.45971774383888253f,0.6841774309448388f,0f,0f,0f,1f], start_interpolation: 0, interpolation_duration: 1 }
$data merge entity $(bone_head_upper) { transformation: [-0.4735748276968008f,-0.744685082199515f,0.551944701491874f,-0.3186731666033291f,-0.07082683933353565f,0.6470678932934292f,0.8122552818432961f,0.39309200220165913f,-0.9242198785924665f,0.3319927896834694f,-0.3450657128667245f,0.6675574158368847f,0f,0f,0f,1f], start_interpolation: 0, interpolation_duration: 1 }
$data merge entity $(bone_neck_0) { transformation: [-0.6967558112386927f,0.047124874872772615f,0.7157587482338841f,-0.2729306497516921f,0.15223189233318837f,0.9848239274055036f,0.08335036272420218f,0.3824468641204708f,-0.7009684660965623f,0.16703615829461932f,-0.6933557033445438f,0.6202389264103716f,0f,0f,0f,1f], start_interpolation: 0, interpolation_duration: 1 }
$data merge entity $(bone_neck_1) { transformation: [-0.8325138366679089f,0.06341829228905364f,0.5503624550781223f,-0.22601556615406318f,0.23863592916212953f,0.9375902519528082f,0.25293756691325375f,0.4081933569355542f,-0.49997360437267585f,0.34191028011191743f,-0.7956907409819375f,0.5544086151299168f,0f,0f,0f,1f], start_interpolation: 0, interpolation_duration: 1 }
$data merge entity $(bone_neck_2) { transformation: [-0.8275391747784548f,-0.09143827509964417f,0.5539115056160105f,-0.17838400178795596f,0.1260453393680479f,0.9311970059955734f,0.3420302741695149f,0.44727477486668543f,-0.547075393918048f,0.3528614145407255f,-0.759076633481581f,0.491362542748917f,0f,0f,0f,1f], start_interpolation: 0, interpolation_duration: 1 }
$data merge entity $(bone_body_0) { transformation: [-0.9024177222598448f,0.022461422763198614f,0.43027635194001357f,0.02461760247365055f,0.10258314310725991f,0.9811235865445456f,0.16393049342999932f,0.5338810302472137f,-0.41847216550397826f,0.19207288307676462f,-0.8876874755706483f,0.07482849864291385f,0f,0f,0f,1f], start_interpolation: 0, interpolation_duration: 1 }
$data merge entity $(bone_leg_left_3) { transformation: [-0.9649560522344671f,-0.030983411673435185f,-0.26057598787522035f,0.3367646559436884f,-0.05423800340490527f,0.9951115700580144f,0.08253000741138566f,0.06856155215441442f,0.2567451192188899f,0.09377095146018481f,-0.9619194105638633f,-0.26734152904213776f,0f,0f,0f,1f], start_interpolation: 0, interpolation_duration: 1 }
$data merge entity $(bone_leg_left_2) { transformation: [-0.9425790770038824f,-0.31467284369085646f,-0.254141465602749f,0.25409846663093993f,-0.2981439489090008f,0.9760236734893717f,-0.1027140400235245f,0.2924343953680033f,0.2733442313716361f,-0.020518034323902694f,-0.9883947293182149f,-0.3022460170342044f,0f,0f,0f,1f], start_interpolation: 0, interpolation_duration: 1 }
$data merge entity $(bone_leg_left_1) { transformation: [-0.9862493549877508f,0.06435701457639761f,0.15221821330267585f,0.2831509454297956f,0.16005588378395708f,0.14255331553084374f,0.9767602911140993f,0.2761703604565382f,0.041162165302398836f,0.9876926277471029f,-0.1508938343393822f,-0.026737722596802196f,0f,0f,0f,1f], start_interpolation: 0, interpolation_duration: 1 }
$data merge entity $(bone_leg_left_0) { transformation: [-0.9927070345182195f,0.08028289771966432f,-0.0899299724884663f,0.2065658512110983f,0.10493145885038348f,0.942691120517586f,-0.3167378099324873f,0.6842869401329659f,0.05934755733450761f,-0.3238643352254645f,-0.9442403082941309f,-0.07012964927885207f,0f,0f,0f,1f], start_interpolation: 0, interpolation_duration: 1 }
$data merge entity $(bone_leg_right_3) { transformation: [-0.9030976651869141f,0.21513895838760802f,0.37165822433768236f,-0.2783530032791929f,0.2958773939842222f,0.9389812898401981f,0.175415806183888f,0.09103305125645153f,-0.3112413450411904f,0.26838287187138665f,-0.9116465648610856f,-0.1821927246945067f,0f,0f,0f,1f], start_interpolation: 0, interpolation_duration: 1 }
$data merge entity $(bone_leg_right_2) { transformation: [-0.9660243413844974f,0.3400596409571868f,0.056732811894097436f,-0.19583362752869288f,0.34464043610783024f,0.9569628192281286f,0.13231527468531754f,0.3176541619282272f,-0.009063175643587279f,0.1436795138762504f,-1.015547269032925f,-0.18007213759320415f,0f,0f,0f,1f], start_interpolation: 0, interpolation_duration: 1 }
$data merge entity $(bone_leg_right_1) { transformation: [-0.9339919065651983f,0.08289523026433217f,-0.34754496007010227f,-0.1734821351174892f,-0.34048232223568287f,0.08836838927023266f,0.9360891068818082f,0.2852335176371494f,0.10830931038328274f,0.9926325647374299f,-0.05431099987193849f,0.09463260985486768f,0f,0f,0f,1f], start_interpolation: 0, interpolation_duration: 1 }
$data merge entity $(bone_leg_right_0) { transformation: [-0.9529139853356949f,-0.29528622930866416f,0.06899985023399458f,-0.1842374553884856f,-0.29199663762798317f,0.8321230280378373f,-0.4714967972564533f,0.6842869401329659f,0.0818101470821009f,-0.4694436164118239f,-0.8791642570331175f,-0.02762927155015872f,0f,0f,0f,1f], start_interpolation: 0, interpolation_duration: 1 }
$data merge entity $(bone_tail_4) { transformation: [0.8036539972370739f,-0.5870001105908539f,-2.575894495993808f,-1.1549665240887503f,1.387632029354155f,2.3849352193468287f,-0.11055624012041679f,0.6394586655092732f,2.2481723544771524f,-1.2622108386816444f,0.9890430702852319f,-0.9211075485733349f,0f,0f,0f,1f], start_interpolation: 0, interpolation_duration: 1 }
$data merge entity $(bone_tail_3) { transformation: [-0.021704557793400553f,-0.019409549216929303f,-2.0820897453315097f,-0.8017311074136184f,1.0836140523956024f,1.7779058968211725f,-0.02786993978693335f,0.6267861724176895f,1.7779918514060231f,-1.0837986055961424f,-0.008431185330911169f,-0.9090721109013875f,0f,0f,0f,1f], start_interpolation: 0, interpolation_duration: 1 }
$data merge entity $(bone_tail_2) { transformation: [-0.09722269885375827f,-0.27609447169810136f,-1.932121493211054f,-0.44269153015458196f,1.1497389795239075f,1.555130469936723f,-0.28007744543338003f,0.6800721743224113f,1.577156270251522f,-1.1507019332454909f,0.08507076486181547f,-0.9239941728166522f,0f,0f,0f,1f], start_interpolation: 0, interpolation_duration: 1 }
$data merge entity $(bone_tail_1) { transformation: [-0.9883770014235304f,0.1370523071264757f,-1.1366546609099621f,-0.19882718406806751f,0.49685344672249376f,1.4041963125922325f,-0.26272726958265136f,0.7189686223546952f,1.031457127338315f,-0.5450739682040293f,-0.9626249600178173f,-0.7111704804393779f,0f,0f,0f,1f], start_interpolation: 0, interpolation_duration: 1 }
$data merge entity $(bone_tail_0) { transformation: [-1.1335941514777772f,0.014286258912753959f,-0.5904201208679154f,-0.025947949233818764f,0.11631881340190993f,1.2582134321810932f,-0.19288496393413587f,0.8056970233089549f,0.5790249994328205f,-0.22479007644773588f,-1.1171549526124256f,-0.39013642316223623f,0f,0f,0f,1f], start_interpolation: 0, interpolation_duration: 1 }
$data merge entity $(bone_body_1) { transformation: [-1.2291205514325243f,0.04685720672673975f,-0.12518652994721463f,1.8557991432579204e-17f,0f,1.1579135633893496f,0.4334060160810283f,0.6269425f,0.13366848956450914f,0.43086561356529274f,-1.151126471331798f,-0.1515375f,0f,0f,0f,1f], start_interpolation: 0, interpolation_duration: 1 }