# This file was generated by Animated Java via MC-Build. It is not recommended to edit this file directly.
$data merge entity $(bone_head_lower) { transformation: [-0.5267111611262774f,-0.09823708326786684f,0.8443487598238247f,-0.33183139741335527f,-0.09057367145405118f,0.9941308410704464f,0.05916317158419443f,0.3491095907713408f,-0.8452051601737548f,-0.04531386436389451f,-0.5325175029161653f,0.6988731525890663f,0f,0f,0f,1f], start_interpolation: 0, interpolation_duration: 1 }
$data merge entity $(bone_head_upper) { transformation: [-0.5482534281533583f,-0.705929993896869f,0.5334350614820552f,-0.3110794545788321f,-0.09427809687749211f,0.6705726628540175f,0.7905162154349129f,0.4186339613019778f,-0.8797736990560447f,0.368058541720126f,-0.4171367772081546f,0.6781083924722664f,0f,0f,0f,1f], start_interpolation: 0, interpolation_duration: 1 }
$data merge entity $(bone_neck_0) { transformation: [-0.7305164164603248f,0.03854365107462418f,0.6818065357884175f,-0.26738215319671654f,0.11376882718155687f,0.9913221908269899f,0.06585565986086603f,0.4067645323094307f,-0.6733516312029684f,0.12567697058655836f,-0.7285622003785861f,0.629175798410554f,0f,0f,0f,1f], start_interpolation: 0, interpolation_duration: 1 }
$data merge entity $(bone_neck_1) { transformation: [-0.8409947043439521f,0.07251666754530517f,0.5361615803035055f,-0.22162815500147043f,0.22686910353610457f,0.9469134781210771f,0.2277833945075204f,0.4304230875107896f,-0.49118053414824264f,0.31320312559227137f,-0.8128010119291676f,0.5617637723360849f,0f,0f,0f,1f], start_interpolation: 0, interpolation_duration: 1 }
$data merge entity $(bone_neck_2) { transformation: [-0.8370178948612055f,-0.08475950185004236f,0.5405708746577534f,-0.17509994059769182f,0.10754193755004252f,0.943177954316491f,0.31440432274277336f,0.4672015658744571f,-0.5365032854979537f,0.3212960836012352f,-0.7803416247467576f,0.49654568291459167f,0f,0f,0f,1f], start_interpolation: 0, interpolation_duration: 1 }
$data merge entity $(bone_body_0) { transformation: [-0.9066443787739027f,0.02476710667618584f,0.42116809098574215f,0.02363093895352125f,0.08926264602652446f,0.986937052992623f,0.1341172377234924f,0.5398123261749685f,-0.41234469859818423f,0.159191217902015f,-0.8970117087757806f,0.0753039237020133f,0f,0f,0f,1f], start_interpolation: 0, interpolation_duration: 1 }
$data merge entity $(bone_leg_left_3) { transformation: [-0.9639699462727931f,-0.03382257549952685f,-0.26385218602355265f,0.3292595846672518f,-0.05628424900080309f,0.995360260090544f,0.0780386823754784f,0.06613540786629282f,0.25998851127933365f,0.09007766659424517f,-0.9614010547028187f,-0.2444003147393005f,0f,0f,0f,1f], start_interpolation: 0, interpolation_duration: 1 }
$data merge entity $(bone_leg_left_2) { transformation: [-0.9455724162687728f,-0.3060832567679298f,-0.25351142975942303f,0.2486104427227604f,-0.2769050207647013f,0.976702467432175f,-0.1464175504777213f,0.28884879234745886f,0.28509404512832187f,-0.06653968394073832f,-0.9830341069332904f,-0.2898484867880995f,0f,0f,0f,1f], start_interpolation: 0, interpolation_duration: 1 }
$data merge entity $(bone_leg_left_1) { transformation: [-0.9844001902136539f,0.06986521061068654f,0.16147791754183138f,0.27863139899184824f,0.17156424616253274f,0.17766129576939124f,0.96902124508404f,0.2823037522929406f,0.039012497305401427f,0.9816085351767605f,-0.1868761855404021f,-0.014041869218578654f,0f,0f,0f,1f], start_interpolation: 0, interpolation_duration: 1 }
$data merge entity $(bone_leg_left_0) { transformation: [-0.9913769878664644f,0.08912344321868695f,-0.09606601791300319f,0.20617155470734919f,0.11707910412841809f,0.9316903736978084f,-0.343868479124396f,0.6897221623295375f,0.05885704125508691f,-0.3521506203710051f,-0.9340908891895978f,-0.06942317196572056f,0f,0f,0f,1f], start_interpolation: 0, interpolation_duration: 1 }
$data merge entity $(bone_leg_right_3) { transformation: [-0.9249710035902824f,0.28226490288900474f,0.2544703658861801f,-0.2990144408274103f,0.35295715441187897f,0.8862834055701025f,0.29987159278686304f,0.15085135125183877f,-0.14088963647711858f,0.367189664353617f,-0.9194138680296394f,-0.22222510381739313f,0f,0f,0f,1f], start_interpolation: 0, interpolation_duration: 1 }
$data merge entity $(bone_leg_right_2) { transformation: [-0.9597302145893328f,0.36141996508181173f,-0.018860634805580534f,-0.21386194520496604f,0.3385477817804791f,0.915447433671147f,0.3152833568983977f,0.3734592711181871f,0.127927769293944f,0.2887798547784582f,-0.975860072355818f,-0.1852678505636315f,0f,0f,0f,1f], start_interpolation: 0, interpolation_duration: 1 }
$data merge entity $(bone_leg_right_1) { transformation: [-0.9341451019082664f,0.15070143296678207f,-0.32351507952884184f,-0.17436713219620187f,-0.3418034616066202f,-0.11697398593816893f,0.9324631254089721f,0.2854195175758162f,0.10268068082422394f,0.9816344353757642f,0.1607809474719511f,0.07492928086053885f,0f,0f,0f,1f], start_interpolation: 0, interpolation_duration: 1 }
$data merge entity $(bone_leg_right_0) { transformation: [-0.9531541716578461f,-0.2969383369796986f,0.057660637205774926f,-0.18482011300704262f,-0.2920805994477337f,0.8539273794155873f,-0.4306935733333854f,0.6897221623295375f,0.07865143658889899f,-0.42735892960854205f,-0.900654371446863f,-0.028692074089912936f,0f,0f,0f,1f], start_interpolation: 0, interpolation_duration: 1 }
$data merge entity $(bone_tail_4) { transformation: [0.04852786702896223f,-0.4489613512733932f,-2.724287077894763f,-1.0949712987279197f,1.4285879017777696f,2.3357169683197396f,-0.35947765215300065f,0.5909653147717349f,2.3627194045454933f,-1.40304001388628f,0.27330764061434104f,-1.1040618747686237f,0f,0f,0f,1f], start_interpolation: 0, interpolation_duration: 1 }
$data merge entity $(bone_tail_3) { transformation: [-0.5209139941812627f,0.08585499705961337f,-2.014254963054692f,-0.7542682505764544f,1.0551034565937047f,1.7843679215596153f,-0.196807882051201f,0.6068752177487449f,1.7179496012964357f,-1.0698624051873948f,-0.489886851646892f,-1.0105257245253723f,0f,0f,0f,1f], start_interpolation: 0, interpolation_duration: 1 }
$data merge entity $(bone_tail_2) { transformation: [-0.45720802238787656f,-0.14582490960160455f,-1.8943256834574744f,-0.4024900231278205f,1.122890846832225f,1.5509578779524582f,-0.3904096334882035f,0.6806508868347594f,1.5325961129297414f,-1.1798468678433098f,-0.27907776349210633f,-0.957793255275879f,0f,0f,0f,1f], start_interpolation: 0, interpolation_duration: 1 }
$data merge entity $(bone_tail_1) { transformation: [-1.1101870055022867f,0.1596469695486003f,-1.0147186348578676f,-0.18502477195583164f,0.46289324819380573f,1.4115684363165335f,-0.28436005410655907f,0.7241447967617964f,0.916990132766135f,-0.5192722260133366f,-1.0849616130078987f,-0.7188501211816123f,0f,0f,0f,1f], start_interpolation: 0, interpolation_duration: 1 }
$data merge entity $(bone_tail_0) { transformation: [-1.155545051320676f,0.022975365809578808f,-0.5459152713729853f,-0.02494120490523585f,0.11433706821400863f,1.2589794255287408f,-0.18903321801094922f,0.8097661128183729f,0.5343017740795452f,-0.21972404339367585f,-1.1402099260900218f,-0.3909566124049386f,0f,0f,0f,1f], start_interpolation: 0, interpolation_duration: 1 }
$data merge entity $(bone_body_1) { transformation: [-1.2297129684192576f,0.04442906023358259f,-0.12015269020920251f,1.8557991432579204e-17f,0f,1.1596280515303328f,0.42879759462969697f,0.6319675f,0.1281039045374804f,0.42648966665908167f,-1.1533865565938974f,-0.1515375f,0f,0f,0f,1f], start_interpolation: 0, interpolation_duration: 1 }