# This file was generated by Animated Java via MC-Build. It is not recommended to edit this file directly.
$data merge entity $(bone_head_lower) { transformation: [-0.5926002150296075f,-0.07766096631353375f,0.8017441982690682f,-0.32373221894577003f,-0.09335788412353546f,0.9952554898708452f,0.027401010089417532f,0.3670364361125815f,-0.8000683037209009f,-0.05861129748770311f,-0.5970388808008807f,0.710735985967739f,0f,0f,0f,1f], start_interpolation: 0, interpolation_duration: 1 }
$data merge entity $(bone_head_upper) { transformation: [-0.6168373169075622f,-0.6563521343651866f,0.5217140431002893f,-0.3026963249089866f,-0.09717618268506968f,0.6992930931635561f,0.764864629824135f,0.43543646393306534f,-0.8327907639812926f,0.4045528249209456f,-0.4756768838817428f,0.6867696794515666f,0f,0f,0f,1f], start_interpolation: 0, interpolation_duration: 1 }
$data merge entity $(bone_neck_0) { transformation: [-0.7588032078849185f,0.030182535632797006f,0.6506202473381317f,-0.260870730662166f,0.08803186269004615f,0.9945121081057414f,0.0565336889155037f,0.42292079673861793f,-0.6453433836763789f,0.10017325677968661f,-0.7572960027434933f,0.6363840267826268f,0f,0f,0f,1f], start_interpolation: 0, interpolation_duration: 1 }
$data merge entity $(bone_neck_1) { transformation: [-0.850645048113702f,0.07600600815784267f,0.5202173476956985f,-0.2164513432808197f,0.21625940278181743f,0.9524912083985791f,0.21445831443864818f,0.44547623867263964f,-0.4792023297398388f,0.29492979613346026f,-0.8266689437281326f,0.56771302192353f,0f,0f,0f,1f], start_interpolation: 0, interpolation_duration: 1 }
$data merge entity $(bone_neck_2) { transformation: [-0.8473326367619094f,-0.08091448422842347f,0.5248621237240864f,-0.17126168814881068f,0.09299701819020739f,0.9504451548307068f,0.2966573145340664f,0.4807710964496973f,-0.5228565360458262f,0.3001780370061774f,-0.7978183933786421f,0.5007570776191742f,0f,0f,0f,1f], start_interpolation: 0, interpolation_duration: 1 }
$data merge entity $(bone_body_0) { transformation: [-0.9114065784212708f,0.02387942102050164f,0.41081360987941634f,0.022580706970817745f,0.07805207834350501f,0.9902241507313516f,0.11560278705391491f,0.5446873792936604f,-0.4040370303285221f,0.1374259966676577f,-0.9043606435284598f,0.07584445207737964f,0f,0f,0f,1f], start_interpolation: 0, interpolation_duration: 1 }
$data merge entity $(bone_leg_left_3) { transformation: [-0.9628840593954658f,-0.03659184885032728f,-0.26742349328326387f,0.31997779671428184f,-0.05667061182248934f,0.9960914346795433f,0.0677517196365845f,0.06352945256007073f,0.26389909040724974f,0.08039210381476775f,-0.9611942466153562f,-0.21843698562226602f,0f,0f,0f,1f], start_interpolation: 0, interpolation_duration: 1 }
$data merge entity $(bone_leg_left_2) { transformation: [-0.949285296101225f,-0.2948002389335768f,-0.253006808666111f,0.24196854481568023f,-0.25201949992459977f,0.9756854986712342f,-0.19127513910886174f,0.28465808954449356f,0.29564471543468984f,-0.11486002920104886f,-0.9754299438853465f,-0.2748971892142432f,0f,0f,0f,1f], start_interpolation: 0, interpolation_duration: 1 }
$data merge entity $(bone_leg_left_1) { transformation: [-0.9819389216281635f,0.07693964666171874f,0.17284746154713773f,0.2732593886032826f,0.1855413953972745f,0.21284981548692902f,0.9593067010300786f,0.28790952998034286f,0.03701816831978099f,0.9740509467264792f,-0.2232810076909773f,0.0008267613049628697f,0f,0f,0f,1f], start_interpolation: 0, interpolation_duration: 1 }
$data merge entity $(bone_leg_left_0) { transformation: [-0.9895178939693859f,0.09936373829641418f,-0.10479114956022226f,0.20574666452886217f,0.1318898162845151f,0.9173714925796073f,-0.37554576413894003f,0.6940067357221582f,0.05881678225496545f,-0.38543013908362844f,-0.9208605725141819f,-0.06870287368037223f,0f,0f,0f,1f], start_interpolation: 0, interpolation_duration: 1 }
$data merge entity $(bone_leg_right_3) { transformation: [-0.9319334986713442f,0.3303549642328986f,0.1495511673671183f,-0.3155100446034047f,0.36250388389935656f,0.8378550907596922f,0.4081541143317668f,0.2018530880521208f,0.009533530933986456f,0.43458537077857035f,-0.9005801837111356f,-0.25293013627536365f,0f,0f,0f,1f], start_interpolation: 0, interpolation_duration: 1 }
$data merge entity $(bone_leg_right_2) { transformation: [-0.9488133384261357f,0.3825746323874781f,-0.0738383300118006f,-0.22714241998607138f,0.31071310249540196f,0.8602024190826354f,0.46429663539892f,0.41623183510292044f,0.23510171471732677f,0.40712485598236564f,-0.9116132594905607f,-0.18656758811425905f,0f,0f,0f,1f], start_interpolation: 0, interpolation_duration: 1 }
$data merge entity $(bone_leg_right_1) { transformation: [-0.9342988772961792f,0.20117192966116706f,-0.2943050502446422f,-0.17548860317704854f,-0.34315926598103397f,-0.28386363152072347f,0.8953564412407076f,0.28479437784391887f,0.09657808268161541f,0.9375240228475583f,0.33424748395354265f,0.052324571024783564f,0f,0f,0f,1f], start_interpolation: 0, interpolation_duration: 1 }
$data merge entity $(bone_leg_right_0) { transformation: [-0.953385995505763f,-0.2984657804363814f,0.04442208326932695f,-0.18543665143669988f,-0.29217404692051885f,0.8762638971616192f,-0.3831395422521897f,0.6940067357221582f,0.07542857468871933f,-0.3782588537491657f,-0.9226216828585785f,-0.029855481664469552f,0f,0f,0f,1f], start_interpolation: 0, interpolation_duration: 1 }
$data merge entity $(bone_tail_4) { transformation: [-0.7862649353995306f,-0.2456538734006046f,-2.635735752583033f,-0.9880702291442423f,1.3841462306800565f,2.3055768381849195f,-0.6277865775240967f,0.543416214165835f,2.2564547403073174f,-1.4998769780580359f,-0.5333314046970501f,-1.2898773919415558f,0f,0f,0f,1f], start_interpolation: 0, interpolation_duration: 1 }
$data merge entity $(bone_tail_3) { transformation: [-1.0275601787381232f,0.19319056538674256f,-1.8007617861787468f,-0.6846180971382199f,0.9750955601508304f,1.803727763019263f,-0.3629054030075987f,0.5873006674606878f,1.5261894553725168f,-1.0223448969909907f,-0.980562177503632f,-1.1136058350335365f,0f,0f,0f,1f], start_interpolation: 0, interpolation_duration: 1 }
$data merge entity $(bone_tail_2) { transformation: [-0.8283279306044387f,-0.00245791920260049f,-1.769926742273967f,-0.35620566932196884f,1.063027345502253f,1.5617553168366427f,-0.49966695713213577f,0.6813453378945404f,1.4151394196678213f,-1.1746012787190583f,-0.6606558362237862f,-0.9900244400423632f,0f,0f,0f,1f], start_interpolation: 0, interpolation_duration: 1 }
$data merge entity $(bone_tail_1) { transformation: [-1.2237252972577517f,0.17849229384260654f,-0.8708002916227303f,-0.16983193324123078f,0.42150169682878225f,1.4210416890959767f,-0.3010532966464756f,0.7283551909655419f,0.7826167429986948f,-0.48624815566751306f,-1.1994707227306787f,-0.7267155317001304f,0f,0f,0f,1f], start_interpolation: 0, interpolation_duration: 1 }
$data merge entity $(bone_tail_0) { transformation: [-1.1772625041807752f,0.03144666656001799f,-0.49689014882195126f,-0.02387021887250196f,0.1111735119252288f,1.260058509026484f,-0.18365380654969732f,0.8124305581710047f,0.4853134688840284f,-0.21236614037140117f,-1.163274333907326f,-0.39190450758564666f,0f,0f,0f,1f], start_interpolation: 0, interpolation_duration: 1 }
$data merge entity $(bone_body_1) { transformation: [-1.2303157238212248f,0.04183420380937343f,-0.11479422531705066f,1.8557991432579204e-17f,0f,1.1616345032981725f,0.4233318743060321f,0.6357675f,0.12217943679075455f,0.4212597478932612f,-1.1559485304660628f,-0.1515375f,0f,0f,0f,1f], start_interpolation: 0, interpolation_duration: 1 }