# This file was generated by Animated Java via MC-Build. It is not recommended to edit this file directly.
$data merge entity $(bone_head_lower) { transformation: [-0.8071751571218463f,-0.020826456583915798f,0.5899445096205921f,-0.27943965795571657f,0.006633561805046911f,0.9989943377351597f,0.044343083235929226f,0.3203200844899881f,-0.5902747339867268f,0.03970606854434461f,-0.8062252579382831f,0.7392115773095901f,0f,0f,0f,1f], start_interpolation: 0, interpolation_duration: 1 }
$data merge entity $(bone_head_upper) { transformation: [-0.8401882847251477f,-0.4328391212518417f,0.43612599545091835f,-0.2593543873406012f,0.006904871718889245f,0.7321083932579565f,0.7398929421553541f,0.38776779857652827f,-0.6144167246589781f,0.6001162705832046f,-0.5880684422957475f,0.7119564078803831f,0f,0f,0f,1f], start_interpolation: 0, interpolation_duration: 1 }
$data merge entity $(bone_neck_0) { transformation: [-0.8523066173870488f,-0.035777300528449144f,0.5218174151225154f,-0.2247565606253675f,0.061493349128723215f,0.9838846187692633f,0.16789766217012791f,0.38263421403584275f,-0.5194150536624631f,0.17518858900099205f,-0.8363713052900981f,0.6551992677952521f,0f,0f,0f,1f], start_interpolation: 0, interpolation_duration: 1 }
$data merge entity $(bone_neck_1) { transformation: [-0.8973950339272125f,-0.009882429178846668f,0.4411173207620643f,-0.18743366100790898f,0.14602584575112057f,0.9367584481420014f,0.318056696529501f,0.4138933198018176f,-0.4163635496239395f,0.3498370298126176f,-0.839199289273078f,0.5857197289698687f,0f,0f,0f,1f], start_interpolation: 0, interpolation_duration: 1 }
$data merge entity $(bone_neck_2) { transformation: [-0.8937769559972749f,-0.08051099048820494f,0.44122639691982757f,-0.14956717235600375f,0.05943845156375703f,0.9538177896258115f,0.29444642071017596f,0.4490275069007396f,-0.4445557596117139f,0.28939523942860435f,-0.8477149119793239f,0.5142869050846707f,0f,0f,0f,1f], start_interpolation: 0, interpolation_duration: 1 }
$data merge entity $(bone_body_0) { transformation: [-0.9347767544583684f,0.0028076000460096878f,0.3552246285187173f,0.01787560887244903f,0.04770846900740465f,0.9919018648924001f,0.11770553261401256f,0.5139507881664076f,-0.35201750142464305f,0.12697561893907247f,-0.9273407523051012f,0.07844428754101601f,0f,0f,0f,1f], start_interpolation: 0, interpolation_duration: 1 }
$data merge entity $(bone_leg_left_3) { transformation: [-0.9697063943241825f,-0.06995532585539474f,-0.23404222095865257f,0.2816696552106772f,-0.05623146200138057f,0.9963117567674004f,-0.06481439661251648f,0.040507017745414514f,0.2377131285562086f,-0.0496903985848656f,-0.9700635715253392f,-0.14166615615962688f,0f,0f,0f,1f], start_interpolation: 0, interpolation_duration: 1 }
$data merge entity $(bone_leg_left_2) { transformation: [-0.9752670013824605f,-0.2275872255838548f,-0.22163151911720896f,0.2202569886627858f,-0.17516492945815137f,0.9822467116184489f,-0.23784626232791536f,0.2618450381474254f,0.2650164579853091f,-0.18830202273603475f,-0.9728159254099067f,-0.21521231294577145f,0f,0f,0f,1f], start_interpolation: 0, interpolation_duration: 1 }
$data merge entity $(bone_leg_left_1) { transformation: [-0.9681209121116794f,0.08228533811399918f,0.23658195760352219f,0.24934465680286774f,0.24900851493966822f,0.2138184360837485f,0.9446038512933564f,0.2648754191917496f,0.02714146310704289f,0.9734016640227019f,-0.22749184921276666f,0.06075527575381537f,0f,0f,0f,1f], start_interpolation: 0, interpolation_duration: 1 }
$data merge entity $(bone_leg_left_0) { transformation: [-0.9782358125729811f,0.1424503434545084f,-0.1508727763692706f,0.20381229772627468f,0.19961930389706806f,0.8445236874279889f,-0.4969224032831312f,0.6601263146107833f,0.05662886641395301f,-0.5162244095572441f,-0.8545791540085363f,-0.06577856364033796f,0f,0f,0f,1f], start_interpolation: 0, interpolation_duration: 1 }
$data merge entity $(bone_leg_right_3) { transformation: [-0.985960552671908f,0.13627640534225363f,0.09649108726664571f,-0.28365058678456345f,0.15847696862789507f,0.945741692637708f,0.2836506675847532f,0.11318964551584629f,-0.05260075084462945f,0.2949599839872468f,-0.9540606735720869f,-0.3926944323376452f,0f,0f,0f,1f], start_interpolation: 0, interpolation_duration: 1 }
$data merge entity $(bone_leg_right_2) { transformation: [-0.9844127499485088f,0.28518222056827897f,0.040802430212606766f,-0.21438685081882353f,0.27354786457608476f,0.8797442125577164f,0.4508701428989968f,0.33176627483807825f,0.09036206629650045f,0.4436027739359206f,-0.920387676705679f,-0.31787555731124906f,0f,0f,0f,1f], start_interpolation: 0, interpolation_duration: 1 }
$data merge entity $(bone_leg_right_1) { transformation: [-0.9351944066116494f,0.11686767059175007f,-0.33429533262183475f,-0.1835327671031614f,-0.34736036806178255f,-0.11896331843858479f,0.9301550965113629f,0.24319782175448473f,0.06893617731110344f,0.9859967933196019f,0.1518490270669987f,-0.05669163687162501f,0f,0f,0f,1f], start_interpolation: 0, interpolation_duration: 1 }
$data merge entity $(bone_leg_right_0) { transformation: [-0.9542240579077291f,-0.2984175269045226f,-0.020085490939863164f,-0.1881131035154207f,-0.2925573567151218f,0.9452283628154249f,-0.14475335975766684f,0.6601263146107833f,0.06218231534743446f,-0.13225098020604625f,-0.9892638868838648f,-0.03531569414670588f,0f,0f,0f,1f], start_interpolation: 0, interpolation_duration: 1 }
$data merge entity $(bone_tail_4) { transformation: [-2.7020627074013515f,0.5537469358623689f,0.13372654147144677f,-0.20914578144662377f,0.45940198263719495f,2.5014806915045105f,-1.0757348650941498f,0.4408130428746304f,-0.33685052355591066f,-1.030349461422265f,-2.5397978352079433f,-1.7430406579773559f,0f,0f,0f,1f], start_interpolation: 0, interpolation_duration: 1 }
$data merge entity $(bone_tail_3) { transformation: [-2.0422202856488347f,0.36852822423802056f,0.1716647280859019f,-0.24186011360211918f,0.3065425892695828f,1.9733930584012414f,-0.5896583791163652f,0.5214861133457279f,-0.267045823582274f,-0.5530391586842748f,-1.9896682495113345f,-1.400254526975603f,0f,0f,0f,1f], start_interpolation: 0, interpolation_duration: 1 }
$data merge entity $(bone_tail_2) { transformation: [-1.845235957434873f,0.388305170416764f,-0.5129300449571973f,-0.14777959071530491f,0.5577335193804237f,1.7421083119795435f,-0.6875796867957115f,0.6501326283211137f,0.3206422582126552f,-0.7956453977508886f,-1.7558219779604354f,-1.0738032850310026f,0f,0f,0f,1f], start_interpolation: 0, interpolation_duration: 1 }
$data merge entity $(bone_tail_1) { transformation: [-1.4865117564308405f,0.1875411292695664f,-0.20680273892091827f,-0.10415027360495102f,0.22596139429679593f,1.4662306764818849f,-0.294559504397537f,0.6953795147741084f,0.1639527257484474f,-0.3203937861066759f,-1.4690553344050334f,-0.7539191201312343f,0f,0f,0f,1f], start_interpolation: 0, interpolation_duration: 1 }
$data merge entity $(bone_tail_0) { transformation: [-1.2445053800905337f,0.052235852392512876f,-0.28690327853576664f,-0.01904992319596718f,0.08793336407841584f,1.2662288391500307f,-0.15089057946288825f,0.7700296065939201f,0.2780463971922615f,-0.1666483099632906f,-1.2364280239378311f,-0.396627634852977f,0f,0f,0f,1f], start_interpolation: 0, interpolation_duration: 1 }
$data merge entity $(bone_body_1) { transformation: [-1.232649665853976f,0.030576830172926887f,-0.09079897456969131f,1.8557991432579204e-17f,4.28951145436951e-18f,1.1717135807943604f,0.39457810334369514f,0.5993725000000001f,0.09580916619160955f,0.39339158238946065f,-1.168190165013828f,-0.1515375f,0f,0f,0f,1f], start_interpolation: 0, interpolation_duration: 1 }