# This file was generated by Animated Java via MC-Build. It is not recommended to edit this file directly.
$data merge entity $(bone_head_lower) { transformation: [-0.8849291065521393f,-0.013726430182023353f,0.4655234274354951f,-0.24371182308860612f,0.04148477900247872f,0.9932689282421752f,0.10814734994328884f,0.27972900401506184f,-0.46387443288884556f,0.11501487426893425f,-0.8784031473127549f,0.7512293032915306f,0f,0f,0f,1f], start_interpolation: 0, interpolation_duration: 1 }
$data merge entity $(bone_head_upper) { transformation: [-0.9211223382896608f,-0.3250055644515287f,0.35969009377912836f,-0.22649959239341064f,0.043181489178355514f,0.7142433840735292f,0.7559521743358106f,0.347893906500315f,-0.4828467039129857f,0.6838857462809441f,-0.618571975713117f,0.7237931651619001f,0f,0f,0f,1f], start_interpolation: 0, interpolation_duration: 1 }
$data merge entity $(bone_neck_0) { transformation: [-0.8947271657278297f,-0.05843144706491019f,0.4427742821151036f,-0.1966314164498165f,0.053471561962771225f,0.9702580812788889f,0.23609330311186366f,0.34739375626295343f,-0.4434005987477986f,0.2349149244022386f,-0.8649918423448768f,0.6641913349061146f,0f,0f,0f,1f], start_interpolation: 0, interpolation_duration: 1 }
$data merge entity $(bone_neck_1) { transformation: [-0.9231551058640504f,-0.05515242902330368f,0.380450864225544f,-0.1646563151787767f,0.10298452514214368f,0.9180028094425311f,0.38296870555812645f,0.38406535628073774f,-0.37037661656532944f,0.39272006751431654f,-0.8417791340210148f,0.5946908061644307f,0f,0f,0f,1f], start_interpolation: 0, interpolation_duration: 1 }
$data merge entity $(bone_neck_2) { transformation: [-0.919997418881951f,-0.08049103825184228f,0.3835699962349616f,-0.13184076430500674f,0.04664544604016326f,0.9492400115451272f,0.3110749151659789f,0.4206115048991753f,-0.3891387305502527f,0.3040799125936261f,-0.8695438201394974f,0.5214893783357966f,0f,0f,0f,1f], start_interpolation: 0, interpolation_duration: 1 }
$data merge entity $(bone_body_0) { transformation: [-0.9498861069340315f,-0.009771456506380331f,0.31244343886766685f,0.015319571432884996f,0.03510579273525079f,0.9898537198241348f,0.1376851359688208f,0.4949315871604953f,-0.3106186845154991f,0.14175377239448336f,-0.9399052616310827f,0.07986593504807141f,0f,0f,0f,1f], start_interpolation: 0, interpolation_duration: 1 }
$data merge entity $(bone_leg_left_3) { transformation: [-0.9776262457444274f,-0.08272080060795649f,-0.1934016359249203f,0.2684294885081597f,-0.06573624021065703f,0.9935258683812044f,-0.09265579086242315f,0.036635206058780206f,0.19981408947975493f,-0.07786923657101709f,-0.9767347191746711f,-0.12965267536658592f,0f,0f,0f,1f], start_interpolation: 0, interpolation_duration: 1 }
$data merge entity $(bone_leg_left_2) { transformation: [-0.990451135503472f,-0.19172514621579423f,-0.18523017029930597f,0.21647762898057202f,-0.15421154270891468f,0.9933863436360395f,-0.20362851439189927f,0.26165984681633714f,0.2174570021312585f,-0.16878163432864282f,-0.9880725740744618f,-0.1991939394446417f,0f,0f,0f,1f], start_interpolation: 0, interpolation_duration: 1 }
$data merge entity $(bone_leg_left_1) { transformation: [-0.9615949904730896f,0.06389321200340417f,0.2669320733013305f,0.2388291070785348f,0.27379864115519137f,0.15519724645635186f,0.9491828689951887f,0.24802811776607375f,0.019219219511457417f,0.9858151308192904f,-0.166730769353218f,0.0770812368736482f,0f,0f,0f,1f], start_interpolation: 0, interpolation_duration: 1 }
$data merge entity $(bone_leg_left_0) { transformation: [-0.9728516236764722f,0.16195161154871687f,-0.16532209116396238f,0.20275589410850606f,0.22583385203417236f,0.8204665870184564f,-0.5251986775132752f,0.6391833921263438f,0.05058447968952057f,-0.5482757108454279f,-0.8347664076323875f,-0.06435268130234639f,0f,0f,0f,1f], start_interpolation: 0, interpolation_duration: 1 }
$data merge entity $(bone_leg_right_3) { transformation: [-0.9893419849824534f,-0.0009630378897687898f,0.14560738068175844f,-0.24646177952293227f,0.014209291785321342f,0.9945669817886372f,0.103124268544316f,0.027844467284654756f,-0.1449156057087685f,0.1040941462997006f,-0.9839531878744014f,-0.4198456339135958f,0f,0f,0f,1f], start_interpolation: 0, interpolation_duration: 1 }
$data merge entity $(bone_leg_right_2) { transformation: [-0.9993138341997297f,0.19634067209918774f,0.12200164243717815f,-0.19537434293495648f,0.22579543779966257f,0.9450337520875209f,0.328618056693382f,0.2579359385060921f,-0.049502328698643336f,0.3470212491991166f,-0.963943967022145f,-0.3686688739532423f,0f,0f,0f,1f], start_interpolation: 0, interpolation_duration: 1 }
$data merge entity $(bone_leg_right_1) { transformation: [-0.935746433248948f,0.028660395306396746f,-0.35150703321946963f,-0.18758156933664932f,-0.3479473163461564f,0.08759918326356315f,0.9334125819481246f,0.22529960780287256f,0.05754370260402138f,0.9957434231931626f,-0.07199831566211944f,-0.09319196338242644f,0f,0f,0f,1f], start_interpolation: 0, interpolation_duration: 1 }
$data merge entity $(bone_leg_right_0) { transformation: [-0.9545891265288304f,-0.2954730653024377f,-0.03814796447657243f,-0.18949296761049386f,-0.2927017589679815f,0.9540043543712131f,-0.06481799239265501f,0.6391833921263438f,0.05554529512005629f,-0.050708574438116105f,-0.997167669285602f,-0.03838468106361302f,0f,0f,0f,1f], start_interpolation: 0, interpolation_duration: 1 }
$data merge entity $(bone_tail_4) { transformation: [-2.1589129615550546f,0.4943973153136667f,1.6493415203165849f,0.156998620981161f,0.05052420790741173f,2.6622282683031897f,-0.7318806483728935f,0.4771641740845009f,-1.7211053019629312f,-0.5420085549675738f,-2.090379055936279f,-1.7271342257759623f,0f,0f,0f,1f], start_interpolation: 0, interpolation_duration: 1 }
$data merge entity $(bone_tail_3) { transformation: [-1.7588262643427421f,0.2466325148303905f,1.0870363841799577f,-0.02973607207452155f,0.036424359231572896f,2.0423148522773236f,-0.40443644280216384f,0.5257559950106703f,-1.11406865316154f,-0.3225956801327879f,-1.7293723107668109f,-1.4307397373264557f,0f,0f,0f,1f], start_interpolation: 0, interpolation_duration: 1 }
$data merge entity $(bone_tail_2) { transformation: [-1.913375882669161f,0.3570128978709526f,0.17409307101826726f,-0.06342947771013845f,0.2896789080408554f,1.8402744003125635f,-0.5901272208543411f,0.6361114566795156f,-0.2717586003405308f,-0.5520016279965084f,-1.8547817501886672f,-1.086272161979123f,0f,0f,0f,1f], start_interpolation: 0, interpolation_duration: 1 }
$data merge entity $(bone_tail_1) { transformation: [-1.5030610142356753f,0.1594686852476394f,0.05507790764193083f,-0.07579498660764743f,0.1476743474985601f,1.4823267706834395f,-0.2618317818869203f,0.6741937375135292f,-0.08158507569217714f,-0.2548201980624664f,-1.4886459592810195f,-0.7627393026355733f,0f,0f,0f,1f], start_interpolation: 0, interpolation_duration: 1 }
$data merge entity $(bone_tail_0) { transformation: [-1.2615536439064536f,0.05248396663010872f,-0.19890589075526566f,-0.01640353071917496f,0.07391187293478634f,1.2690290110250781f,-0.13393326995191143f,0.7439560825051048f,0.19197696520584973f,-0.14368896619959803f,-1.25552142252009f,-0.3993142326562099f,0f,0f,0f,1f], start_interpolation: 0, interpolation_duration: 1 }
$data merge entity $(bone_body_1) { transformation: [-1.2336669855990172f,0.024920960819215614f,-0.07777730653044829f,1.8557991432579204e-17f,0f,1.1774045843281127f,0.37725725951848066f,0.5769425f,0.08167229456360456f,0.37643324185204663f,-1.1748328586593604f,-0.1515375f,0f,0f,0f,1f], start_interpolation: 0, interpolation_duration: 1 }