# This file was generated by Animated Java via MC-Build. It is not recommended to edit this file directly.
$data merge entity $(bone_head_lower) { transformation: [-0.9606811300058966f,0.021028703173781846f,0.27685656953271437f,-0.17066549238231934f,0.041183343318340254f,0.9968901834811401f,0.06718552159552127f,0.2597212044894133f,-0.2745827720082188f,0.07594574195942433f,-0.9585596202607927f,0.7791412020955539f,0f,0f,0f,1f], start_interpolation: 0, interpolation_duration: 1 }
$data merge entity $(bone_head_upper) { transformation: [-0.9999725879393337f,-0.17086553600977278f,0.2330916870193184f,-0.1587439261007579f,0.04286772490033399f,0.7425284143126708f,0.7282072882659765f,0.32660848309953944f,-0.28581309297386664f,0.7091744955410555f,-0.7062962220926208f,0.7462866025800741f,0f,0f,0f,1f], start_interpolation: 0, interpolation_duration: 1 }
$data merge entity $(bone_neck_0) { transformation: [-0.9539791346748976f,-0.03101188037244857f,0.29826510670995154f,-0.13864590958020498f,0.027406788740647794f,0.9814585492442927f,0.1897049921488989f,0.32293539528112103f,-0.2986179474443212f,0.1891490930220211f,-0.9354410414735327f,0.6828254773764137f,0f,0f,0f,1f], start_interpolation: 0, interpolation_duration: 1 }
$data merge entity $(bone_neck_1) { transformation: [-0.9631149796648176f,-0.04231364190554176f,0.26574252887697064f,-0.11632896317268766f,0.05734725337730412f,0.9325964602760878f,0.3563357052143255f,0.3574180617368397f,-0.26290840320407655f,0.35843185961797663f,-0.8957710497306116f,0.6085931632424808f,0f,0f,0f,1f], start_interpolation: 0, interpolation_duration: 1 }
$data merge entity $(bone_neck_2) { transformation: [-0.9613613768926994f,-0.069901778533751f,0.2662668668400029f,-0.09368637073645911f,0.027111246067583118f,0.9384824679118107f,0.3442610023787478f,0.396766237415135f,-0.2739512426612377f,0.3381780578038374f,-0.9003256732229666f,0.5330288563727854f,0f,0f,0f,1f], start_interpolation: 0, interpolation_duration: 1 }
$data merge entity $(bone_body_0) { transformation: [-0.9750854284860294f,-0.02234710315098112f,0.2207011874344495f,0.010116387180552019f,0.017366647182324772f,0.9841689252022416f,0.17638006188883487f,0.4892689383818186f,-0.22114883386502684f,0.1758184678781611f,-0.9592606838774926f,0.0826077839685121f,0f,0f,0f,1f], start_interpolation: 0, interpolation_duration: 1 }
$data merge entity $(bone_leg_left_3) { transformation: [-0.9917773646173398f,-0.06853683053823167f,-0.10807572295598081f,0.2551822039640338f,-0.06916326064758797f,0.9976032399126503f,0.0020540429344453465f,0.053219438558463006f,0.10767591378427196f,0.009512022684816435f,-0.9941405428887634f,-0.13908887865963093f,0f,0f,0f,1f], start_interpolation: 0, interpolation_duration: 1 }
$data merge entity $(bone_leg_left_2) { transformation: [-1.0112113245498473f,-0.14038203024986404f,-0.09902899669169564f,0.21783014568575876f,-0.12895678848140624f,1.0109022635406175f,-0.11622805071802615f,0.28506726029690926f,0.11350772355835265f,-0.10213568745583694f,-1.014271412167975f,-0.1940659953858616f,0f,0f,0f,1f], start_interpolation: 0, interpolation_duration: 1 }
$data merge entity $(bone_leg_left_1) { transformation: [-0.9541411884747691f,0.007162603804045292f,0.29927126417800515f,0.22290609382990614f,0.29934681669149255f,0.031060277029144767f,0.9536386855237903f,0.2369662682507881f,-0.0024649122956137116f,0.9994918490401103f,-0.031779992286906866f,0.07919928776291767f,0f,0f,0f,1f], start_interpolation: 0, interpolation_duration: 1 }
$data merge entity $(bone_leg_left_0) { transformation: [-0.9674089533436511f,0.1966498567082009f,-0.15952664619801216f,0.20061760405531687f,0.2516140982683793f,0.8173469579976338f,-0.5182994267839823f,0.6293326469833948f,0.028465110980497255f,-0.5415466592165982f,-0.840188641525348f,-0.061723125742818755f,0f,0f,0f,1f], start_interpolation: 0, interpolation_duration: 1 }
$data merge entity $(bone_leg_right_3) { transformation: [-0.9968821761666398f,-0.0037313413019087853f,0.07881626693362961f,-0.24090440154265996f,0.0005905325635588213f,0.9985004432759116f,0.05474044253656918f,0.028855776585266835f,-0.07890233274470303f,0.0546163150523426f,-0.9953850913177008f,-0.3651617843109687f,0f,0f,0f,1f], start_interpolation: 0, interpolation_duration: 1 }
$data merge entity $(bone_leg_right_2) { transformation: [-1.0094683525624901f,0.16612074065220137f,0.0737546215543854f,-0.1983364826484235f,0.18112387984387152f,0.9541325539107806f,0.32998092250717836f,0.2611795864439295f,-0.015165250600283366f,0.337782723941811f,-0.9683672062195081f,-0.3163284788751775f,0f,0f,0f,1f], start_interpolation: 0, interpolation_duration: 1 }
$data merge entity $(bone_leg_right_1) { transformation: [-0.9363264769539101f,0.046715831395714044f,-0.3480091373112004f,-0.18583567851180322f,-0.3470792126870774f,0.026988795195858395f,0.9374473985533238f,0.21188060466209957f,0.05318598194634718f,0.9985435574029223f,-0.009056229542121874f,-0.04351585828921879f,0f,0f,0f,1f], start_interpolation: 0, interpolation_duration: 1 }
$data merge entity $(bone_leg_right_0) { transformation: [-0.9552159503388242f,-0.2954397744964143f,0.016668169179751675f,-0.19212349728343997f,-0.2927972973819292f,0.9355204203882284f,-0.197664578724846f,0.6293326469833948f,0.04280456592625385f,-0.19369275330311314f,-0.9801279949341946f,-0.04475451131882044f,0f,0f,0f,1f], start_interpolation: 0, interpolation_duration: 1 }
$data merge entity $(bone_tail_4) { transformation: [-0.6876796481926466f,-0.043643317327891964f,2.674107943579364f,0.4620130647721401f,-0.08789690661187989f,2.7599695419867767f,0.02244087149295926f,0.5809536370178789f,-2.673019297885763f,-0.07952810671654395f,-0.6886976440880143f,-1.6067045032978031f,0f,0f,0f,1f], start_interpolation: 0, interpolation_duration: 1 }
$data merge entity $(bone_tail_3) { transformation: [-1.1006874230240828f,-0.023285966767586017f,1.7674531073249857f,0.1625462039230944f,-0.11764385306731046f,2.0784610911460644f,-0.04587965204568437f,0.5683937570606731f,-1.7636872304001423f,-0.12410794651453595f,-1.0999773165751483f,-1.4189745054193486f,0f,0f,0f,1f], start_interpolation: 0, interpolation_duration: 1 }
$data merge entity $(bone_tail_2) { transformation: [-1.781477176222823f,0.14572640991943395f,0.7898586956234183f,0.014430569196994453f,0.000566574457411328f,1.9219625097771575f,-0.3533180790834949f,0.6345325717499535f,-0.8031890341590318f,-0.32186612040700974f,-1.7521596533831036f,-1.0939223558951188f,0f,0f,0f,1f], start_interpolation: 0, interpolation_duration: 1 }
$data merge entity $(bone_tail_1) { transformation: [-1.4881700207746669f,0.10591263731972812f,0.24857343487088152f,-0.03893257740309514f,0.07034787948535577f,1.4953463780427318f,-0.21597832188994792f,0.6626624238655789f,-0.2608781614459947f,-0.2009427105681215f,-1.4762184330071528f,-0.7735510666014018f,0f,0f,0f,1f], start_interpolation: 0, interpolation_duration: 1 }
$data merge entity $(bone_tail_0) { transformation: [-1.2741880623499828f,0.041889140917792056f,-0.09233524907636059f,-0.01093921196282511f,0.049234307571579865f,1.2732034595641206f,-0.1018069255794025f,0.7231374412251683f,0.08863679431687084f,-0.10504269137428027f,-1.2708049686187508f,-0.4047271857755175f,0f,0f,0f,1f], start_interpolation: 0, interpolation_duration: 1 }
$data merge entity $(bone_body_1) { transformation: [-1.2352151348154017f,0.014685397736277523f,-0.05130794161284149f,1.8557991432579204e-17f,1.0723778635923776e-18f,1.1886378082258025f,0.3402128097418009f,0.5639795370370371f,0.05336820944363242f,0.33989571195550283f,-1.1875299298423145f,-0.1515375f,0f,0f,0f,1f], start_interpolation: 0, interpolation_duration: 1 }