# This file was generated by Animated Java via MC-Build. It is not recommended to edit this file directly.
$data merge entity $(bone_head_lower) { transformation: [-0.9826572650400359f,0.02270990429369696f,0.18403521323651004f,-0.11989518280220704f,0.02755210776040272f,0.9993370796547234f,0.023796692735080727f,0.2879995755420198f,-0.18337279193488817f,0.028454551026853625f,-0.9826315472769358f,0.7965243316437662f,0f,0f,0f,1f], start_interpolation: 0, interpolation_duration: 1 }
$data merge entity $(bone_head_upper) { transformation: [-1.0228475377396464f,-0.11044206931005401f,0.15829531404928904f,-0.11178018948614103f,0.028678977487758293f,0.7572238440680171f,0.7136256082909435f,0.3542072089481386f,-0.19087266271969514f,0.7056107580563634f,-0.741048599840068f,0.7612234442039574f,0f,0f,0f,1f], start_interpolation: 0, interpolation_duration: 1 }
$data merge entity $(bone_neck_0) { transformation: [-0.9783736452117946f,-0.013495530067728079f,0.20640465358895524f,-0.09789848283512652f,0.012440532142601927f,0.9922236556213884f,0.12384446045478745f,0.34610555377247054f,-0.2064709265610887f,0.12373393994179435f,-0.9705975832400812f,0.6965210666729373f,0f,0f,0f,1f], start_interpolation: 0, interpolation_duration: 1 }
$data merge entity $(bone_neck_1) { transformation: [-0.9824832312394142f,-0.019894344885058098f,0.18528603664322388f,-0.08229397441230688f,0.03492237459720947f,0.9570138413011505f,0.2879321713711555f,0.3749060309375009f,-0.18304952358815887f,0.2893591584858006f,-0.9395552933779564f,0.6182614431338482f,0f,0f,0f,1f], start_interpolation: 0, interpolation_duration: 1 }
$data merge entity $(bone_neck_2) { transformation: [-0.9815538851670192f,-0.05269820554635794f,0.18377940484647254f,-0.06670946857089684f,0.014043648454926269f,0.9387906949318787f,0.3442016953000009f,0.41425202860606325f,-0.19066920687831138f,0.34043344465770986f,-0.9207335788961332f,0.5409313323148071f,0f,0f,0f,1f], start_interpolation: 0, interpolation_duration: 1 }
$data merge entity $(bone_body_0) { transformation: [-0.9876320064447297f,-0.019684847485009035f,0.1555491132261745f,0.006412722405070543f,0.00790453019847763f,0.9845745348461393f,0.17478702393155407f,0.506007800696243f,-0.15659035170884153f,0.17385480180886642f,-0.9722417238730815f,0.0843736380656201f,0f,0f,0f,1f], start_interpolation: 0, interpolation_duration: 1 }
$data merge entity $(bone_leg_left_3) { transformation: [-0.994872822036125f,-0.05303460106197408f,-0.08611271139659799f,0.23874115156101566f,-0.05649836129157893f,0.9976679612786409f,0.03829587718653951f,0.05776317891497082f,0.08388088665031329f,0.04296475448920392f,-0.9955491081440633f,-0.14607609060582435f,0f,0f,0f,1f], start_interpolation: 0, interpolation_duration: 1 }
$data merge entity $(bone_leg_left_2) { transformation: [-1.0172775920876966f,-0.10752096279184332f,-0.0751514650373993f,0.20977747199811786f,-0.0973879283075152f,1.012681733423746f,-0.13058904131106022f,0.28963094880956003f,0.08788681105218604f,-0.12238116215695359f,-1.0145742748034197f,-0.20582150562909815f,0f,0f,0f,1f], start_interpolation: 0, interpolation_duration: 1 }
$data merge entity $(bone_leg_left_1) { transformation: [-0.9486450559991384f,-0.0028985497443463903f,0.31632918951271466f,0.21110597182834762f,0.3158540328240029f,0.04686746152762805f,0.9476495507299992f,0.24581316454107938f,-0.017572355482551358f,0.9988969113273578f,-0.04354506703932137f,0.0682070011539874f,0f,0f,0f,1f], start_interpolation: 0, interpolation_duration: 1 }
$data merge entity $(bone_leg_left_0) { transformation: [-0.9635284165152774f,0.2246503583550456f,-0.14541391631653242f,0.19911373644475353f,0.26736390905077306f,0.8312426096687957f,-0.4873933360316899f,0.6429507978705142f,0.011381155681733965f,-0.5084957623834829f,-0.8609892734136637f,-0.06003170224109847f,0f,0f,0f,1f], start_interpolation: 0, interpolation_duration: 1 }
$data merge entity $(bone_leg_right_3) { transformation: [-0.9984027108059605f,0.0009815164769624851f,0.05648950062370196f,-0.22852357520174685f,0.0034182210127571967f,0.9990668521012143f,0.04305509026443241f,0.03330774560772212f,-0.05639452828437983f,0.043179412432036574f,-0.9974744084544761f,-0.2986953393475782f,0f,0f,0f,1f], start_interpolation: 0, interpolation_duration: 1 }
$data merge entity $(bone_leg_right_2) { transformation: [-1.0167293658815018f,0.12371801838188333f,0.054931302392661044f,-0.19641012959861076f,0.13280509253999365f,0.992239851665325f,0.2233496891945723f,0.27129388923628905f,-0.02619930247807645f,0.2285084860470793f,-0.9995797456205426f,-0.2762811893901704f,0f,0f,0f,1f], start_interpolation: 0, interpolation_duration: 1 }
$data merge entity $(bone_leg_right_1) { transformation: [-0.9370626288709961f,0.03626127469967207f,-0.34727330667722356f,-0.1868031884343933f,-0.3453895562290577f,0.04953027792594644f,0.9371514317422096f,0.2281680714250714f,0.05118284889758055f,0.9981141575620164f,-0.03388870686517875f,-0.0023080954934400905f,0f,0f,0f,1f], start_interpolation: 0, interpolation_duration: 1 }
$data merge entity $(bone_leg_right_0) { transformation: [-0.9555981219936281f,-0.28873629204359785f,0.05885221235574153f,-0.19384860964865044f,-0.29268717913877795f,0.906887232006485f,-0.3031332439561861f,0.6429507978705142f,0.03415324889430025f,-0.30689884665884615f,-0.9511291465986278f,-0.049349890174890276f,0f,0f,0f,1f], start_interpolation: 0, interpolation_duration: 1 }
$data merge entity $(bone_tail_4) { transformation: [-0.7522083161208991f,-0.225053656515868f,2.6474884008145154f,0.4323084111440218f,-0.048344496600709864f,2.7522402109986364f,0.22022252884437196f,0.6173053317173184f,-2.65659684378473f,0.013638337546194621f,-0.7536368733959282f,-1.6520730296989985f,0f,0f,0f,1f], start_interpolation: 0, interpolation_duration: 1 }
$data merge entity $(bone_tail_3) { transformation: [-1.270841351394017f,-0.0712357655304897f,1.6479785348543707f,0.15356924913195946f,-0.10895923460702622f,2.0794323867323627f,0.00586176141170184f,0.5959625152066887f,-1.6459148431268626f,-0.08265555493904693f,-1.2728228134570967f,-1.4354404670982377f,0f,0f,0f,1f], start_interpolation: 0, interpolation_duration: 1 }
$data merge entity $(bone_tail_2) { transformation: [-1.824207121129701f,0.06693717691873843f,0.6975397254412214f,0.022565164756038238f,-0.04688823977878412f,1.9292131706979698f,-0.30775300157547003f,0.6535975165981668f,-0.6991736173461586f,-0.30402274808706925f,-1.7993055039251813f,-1.101542847369418f,0f,0f,0f,1f], start_interpolation: 0, interpolation_duration: 1 }
$data merge entity $(bone_tail_1) { transformation: [-1.4963806888995894f,0.072030363026639f,0.2081170600663034f,-0.02167020131638578f,0.04436132338993318f,1.4986005944104368f,-0.19971124510097119f,0.6782119226731749f,-0.21571545349252222f,-0.1914788114516514f,-1.4847420509602263f,-0.779496204162504f,0f,0f,0f,1f], start_interpolation: 0, interpolation_duration: 1 }
$data merge entity $(bone_tail_0) { transformation: [-1.277002676807243f,0.028345794617917388f,-0.04792072556465123f,-0.006982617007376275f,0.03086030721764563f,1.2760556375757286f,-0.06756750575284588f,0.7287502138974171f,0.04634135787389383f,-0.06866034024607798f,-1.2755288914061196f,-0.40841391236177593f,0f,0f,0f,1f], start_interpolation: 0, interpolation_duration: 1 }
$data merge entity $(bone_body_1) { transformation: [-1.2359109745645571f,0.00850941976660471f,-0.032499965882633305f,1.8557991432579204e-17f,-5.361889317961888e-19f,1.1960499079200193f,0.31316004346142756f,0.5753824414062501f,0.033595505758011915f,0.3130444099421021f,-1.1956082696490162f,-0.1515375f,0f,0f,0f,1f], start_interpolation: 0, interpolation_duration: 1 }