# This file was generated by Animated Java via MC-Build. It is not recommended to edit this file directly.
$data merge entity $(bone_head_lower) { transformation: [-0.5458004579958293f,-0.08261039166562012f,0.8338329468427086f,-0.20163116923124658f,0.14645525005533688f,0.970404350274527f,0.19200587673168268f,0.3358957353504052f,-0.8250167996972981f,0.22691610819227054f,-0.5175484132524244f,0.7271601163355199f,0f,0f,0f,1f], start_interpolation: 0, interpolation_duration: 1 }
$data merge entity $(bone_head_upper) { transformation: [-0.5681234693110013f,-0.5428492191000202f,0.6826583270744134f,-0.16693640013763214f,0.15244520875957931f,0.7403651515271786f,0.7156059273887364f,0.40189974983107996f,-0.8587596430479179f,0.49055693890734386f,-0.32458852066204796f,0.7155325816968912f,0f,0f,0f,1f], start_interpolation: 0, interpolation_duration: 1 }
$data merge entity $(bone_neck_0) { transformation: [-0.8273056989342978f,0.07240299522893007f,0.5570665012300703f,-0.13182334888261937f,0.23910451160551127f,0.9427306202065767f,0.23256829159370207f,0.40155850539989735f,-0.5083250072942728f,0.32560218673529034f,-0.7972382974697558f,0.6588607770838569f,0f,0f,0f,1f], start_interpolation: 0, interpolation_duration: 1 }
$data merge entity $(bone_neck_1) { transformation: [-0.944569686977453f,-0.0023557296880768186f,0.3283025387976046f,-0.10402266742784733f,0.13257765411913536f,0.9120792058480821f,0.3879879996698337f,0.4386280162058693f,-0.30035191371386816f,0.410007283834286f,-0.8612100528507831f,0.5877938345311661f,0f,0f,0f,1f], start_interpolation: 0, interpolation_duration: 1 }
$data merge entity $(bone_neck_2) { transformation: [-0.9435717516081906f,-0.05392168000281569f,0.32674883625305334f,-0.0759249457040855f,0.11225570587903f,0.8761655270467067f,0.4687564673821232f,0.48827280653529037f,-0.31156220256098366f,0.47898478226415586f,-0.8206720248032755f,0.5205863705020681f,0f,0f,0f,1f], start_interpolation: 0, interpolation_duration: 1 }
$data merge entity $(bone_body_0) { transformation: [-0.9759812290751788f,0.019116624346989203f,0.21701427410767093f,0.026535177622017406f,0.08021540016211663f,0.9576916235954049f,0.2763914681607028f,0.6276582788406997f,-0.2025490806440126f,0.287160771639814f,-0.9362224955433895f,0.08208378448766063f,0f,0f,0f,1f], start_interpolation: 0, interpolation_duration: 1 }
$data merge entity $(bone_leg_left_3) { transformation: [-0.9618008932053855f,0.06078047919429047f,-0.26691716913348823f,0.23404984033677906f,-0.004976136597535482f,0.9709971156327064f,0.23903940992549064f,0.10455359913375917f,0.2737047312230561f,0.23123653427146088f,-0.9336034411484557f,-0.14238255056019694f,0f,0f,0f,1f], start_interpolation: 0, interpolation_duration: 1 }
$data merge entity $(bone_leg_left_2) { transformation: [-0.9792451641084484f,-0.14792011688137122f,-0.266947086690816f,0.18980083550831905f,-0.0764031905075979f,0.9874215782948984f,-0.2668770853755813f,0.32635390779662926f,0.2954719285332741f,-0.2349052260808753f,-0.9537180263104051f,-0.2261543878013729f,0f,0f,0f,1f], start_interpolation: 0, interpolation_duration: 1 }
$data merge entity $(bone_leg_left_1) { transformation: [-0.956267476519205f,0.16271986406220967f,0.24305299667185357f,0.2401607825455847f,0.28614472080095915f,0.34824761094103696f,0.8926616381538982f,0.3679197241897258f,0.06061115499091889f,0.9231716239754317f,-0.37957929418927827f,0.04356684662733276f,0f,0f,0f,1f], start_interpolation: 0, interpolation_duration: 1 }
$data merge entity $(bone_leg_left_0) { transformation: [-0.967400967480294f,0.15953425194058624f,-0.1966829697150949f,0.2063251856046405f,0.23679519442968242f,0.8451949080695867f,-0.47913839677931436f,0.7663090832744817f,0.08979645880100323f,-0.5100925306559589f,-0.8554193159824013f,-0.07663444085387726f,0f,0f,0f,1f], start_interpolation: 0, interpolation_duration: 1 }
$data merge entity $(bone_leg_right_3) { transformation: [-0.8338760626712732f,-0.00015076720526535636f,0.5519517092763685f,-0.20319995038166674f,0.03575010739493613f,0.9978854058773461f,0.05428302274426278f,0.04228947324421764f,-0.5507927395355766f,0.06499764615932996f,-0.8321073633063473f,-0.09649637578919518f,0f,0f,0f,1f], start_interpolation: 0, interpolation_duration: 1 }
$data merge entity $(bone_leg_right_2) { transformation: [-0.9834892447476856f,0.20151609021487354f,0.2102435976452849f,-0.14820360960639423f,0.13623986012996772f,0.9728289704915443f,-0.29513504397956997f,0.25972213941371075f,-0.25739037565163214f,-0.2550632452110003f,-0.9595598652325136f,-0.18520663590476164f,0f,0f,0f,1f], start_interpolation: 0, interpolation_duration: 1 }
$data merge entity $(bone_leg_right_1) { transformation: [-0.9296668909539078f,-0.08155571775587372f,-0.3592605416204503f,-0.16982081477912161f,-0.34242049742258956f,0.5510204876367486f,0.7610023818290097f,0.3622369557221161f,0.13589582336834855f,0.8304968916894778f,-0.5401918530347849f,0.07176961696219056f,0f,0f,0f,1f], start_interpolation: 0, interpolation_duration: 1 }
$data merge entity $(bone_leg_right_0) { transformation: [-0.9495501314881907f,-0.3124810058021495f,0.02664899254449886f,-0.1842708728314381f,-0.29276581721285866f,0.8527516640226731f,-0.43255378368273334f,0.7663090832744817f,0.11243986865185666f,-0.4185334162518435f,-0.9012142117266653f,-0.032269751173350056f,0f,0f,0f,1f], start_interpolation: 0, interpolation_duration: 1 }
$data merge entity $(bone_tail_4) { transformation: [-1.1706656103053754f,0.29699945634946423f,-2.4833434485339447f,-0.9288573739187268f,1.0487837435881187f,2.5474920047424296f,-0.18973264494727515f,0.5902856517248033f,2.2705188877509115f,-1.0235903185852822f,-1.1927565433334861f,-1.3800336677569658f,0f,0f,0f,1f], start_interpolation: 0, interpolation_duration: 1 }
$data merge entity $(bone_tail_3) { transformation: [-1.089479966509691f,0.10456765538365681f,-1.7714526621013755f,-0.6295077415140906f,0.757730436864418f,1.9070566076520121f,-0.3534476005074911f,0.6315552573559996f,1.6046256615384613f,-0.8295457954222957f,-1.035845444877705f,-1.19627480221568f,0f,0f,0f,1f], start_interpolation: 0, interpolation_duration: 1 }
$data merge entity $(bone_tail_2) { transformation: [-1.1325697475240477f,-0.07676920412329731f,-1.5906495941263636f,-0.3346651966477776f,0.7363905808537746f,1.7054327349094698f,-0.606631662651912f,0.7452770914554481f,1.4120157769748647f,-0.9509887228565111f,-0.9594820319196123f,-1.0170913706296254f,0f,0f,0f,1f], start_interpolation: 0, interpolation_duration: 1 }
$data merge entity $(bone_tail_1) { transformation: [-1.2336353914335703f,0.07500844367273017f,-0.8718794093109071f,-0.14678479549125373f,0.2987568466016052f,1.4524950098090847f,-0.2977563485274022f,0.7913102607036172f,0.822523141079451f,-0.4150761735603499f,-1.199509775921519f,-0.7546821878843161f,0f,0f,0f,1f], start_interpolation: 0, interpolation_duration: 1 }
$data merge entity $(bone_tail_0) { transformation: [-1.2131802771829812f,0.04196510882222984f,-0.4003351861625348f,-0.028784856608982945f,0.08290622049722393f,1.2700444337582864f,-0.11810762662286976f,0.8564724888516435f,0.3938983247503327f,-0.13806441433316524f,-1.2081465324362561f,-0.40496543142654173f,0f,0f,0f,1f], start_interpolation: 0, interpolation_duration: 1 }
$data merge entity $(bone_body_1) { transformation: [-1.2284687325438166f,0.03700660713057471f,-0.13453504839677283f,1.8557991432579204e-17f,0f,1.19209075772816f,0.32790885989151186f,0.6999425f,0.13953196127926643f,0.3258139521629398f,-1.1844748606086062f,-0.1515375f,0f,0f,0f,1f], start_interpolation: 0, interpolation_duration: 1 }