# This file was generated by Animated Java via MC-Build. It is not recommended to edit this file directly.
$data merge entity $(bone_head_lower) { transformation: [-0.9961762593522844f,0.005546841882616095f,0.08718998135118147f,-0.05720037770699362f,0.010021784887584364f,0.998649877914761f,0.050970434258497455f,0.344141679635097f,-0.08678953929222753f,0.0516493357746452f,-0.9948868890398954f,0.8078947685468152f,0f,0f,0f,1f], start_interpolation: 0, interpolation_duration: 1 }
$data merge entity $(bone_head_upper) { transformation: [-1.0369194532863515f,-0.05829485609353346f,0.06979756251385229f,-0.05401960266879611f,0.010431671713742863f,0.7173868601339113f,0.7541347463921629f,0.4122417128700118f,-0.09033919528697161f,0.75195062686572f,-0.7140595403288585f,0.7755261937348662f,0f,0f,0f,1f], start_interpolation: 0, interpolation_duration: 1 }
$data merge entity $(bone_neck_0) { transformation: [-0.9951597527246797f,-0.009437021742477155f,0.09781620099751565f,-0.04721988215452454f,0.0025961762645594446f,0.9925061625185756f,0.1221670054943407f,0.40403018565222454f,-0.09823607497125335f,0.12182963507818156f,-0.9876776870978506f,0.7097153217152962f,0f,0f,0f,1f], start_interpolation: 0, interpolation_duration: 1 }
$data merge entity $(bone_neck_1) { transformation: [-0.9961133583544053f,-0.00787703476678472f,0.08772758762892797f,-0.03982449257230794f,0.014513172065980405f,0.9677013775562937f,0.2516811707542595f,0.4298089634142061f,-0.08687660873038047f,0.2519761818087857f,-0.9638259483208441f,0.6292274364495194f,0f,0f,0f,1f], start_interpolation: 0, interpolation_duration: 1 }
$data merge entity $(bone_neck_2) { transformation: [-0.995885034662869f,-0.025847260560197084f,0.08686148085353827f,-0.03246783622385376f,0.0038392066428022415f,0.9455721071207578f,0.3253899978910908f,0.46757330956572907f,-0.09054423353748256f,0.32438450850301626f,-0.941581877701757f,0.5499137291773251f,0f,0f,0f,1f], start_interpolation: 0, interpolation_duration: 1 }
$data merge entity $(bone_body_0) { transformation: [-0.9970871346348122f,-0.008650824690257582f,0.0757786855119444f,0.0031639641691493963f,0.001849282581495009f,0.9905127157023194f,0.13740866124793596f,0.5417693680873608f,-0.07624844981816695f,0.13714854452087583f,-0.9876114876995569f,0.08576264988984475f,0f,0f,0f,1f], start_interpolation: 0, interpolation_duration: 1 }
$data merge entity $(bone_leg_left_3) { transformation: [-0.9925390274092343f,-0.02593675731062956f,-0.11913674365929625f,0.21133900727288985f,-0.029780185261695756f,0.9990881530937417f,0.03059416469713419f,0.04700631168368172f,0.11823459576329781f,0.03391381677054045f,-0.9924063852055485f,-0.14370941174810936f,0f,0f,0f,1f], start_interpolation: 0, interpolation_duration: 1 }
$data merge entity $(bone_leg_left_2) { transformation: [-1.017121730922032f,-0.0750463855051666f,-0.1090578929260691f,0.1888974858310536f,-0.05025395760424536f,1.0005998972661103f,-0.21985582738889295f,0.2733722022030295f,0.12247499227178887f,-0.21267365872235774f,-0.9959076215464793f,-0.2238713340727012f,0f,0f,0f,1f], start_interpolation: 0, interpolation_duration: 1 }
$data merge entity $(bone_leg_left_1) { transformation: [-0.9436748460073332f,0.03997540673709113f,0.3284505318449646f,0.20113164444551304f,0.32945150716269944f,0.20548027671067595f,0.921541947125105f,0.2737584103611219f,-0.030651092007655048f,0.9778444777872951f,-0.20707652648146802f,0.053371450984043736f,0f,0f,0f,1f], start_interpolation: 0, interpolation_duration: 1 }
$data merge entity $(bone_leg_left_0) { transformation: [-0.959982815756674f,0.24942807445240858f,-0.12735238170859361f,0.1978098908200464f,0.2800282148671939f,0.8481605766914733f,-0.4496752550726803f,0.6759406499235144f,-0.004146363488680957f,-0.46734277764971544f,-0.8840664770527544f,-0.058636096520055886f,0f,0f,0f,1f], start_interpolation: 0, interpolation_duration: 1 }
$data merge entity $(bone_leg_right_3) { transformation: [-0.995158292659875f,-0.0029847086374308225f,0.09823982931903263f,-0.20237877421614112f,-0.0009416727812552327f,0.9997824591087788f,0.020836211526470756f,0.025372248849406365f,-0.09828064815952371f,0.02064281891487793f,-0.9949446156568673f,-0.21881471534818853f,0f,0f,0f,1f], start_interpolation: 0, interpolation_duration: 1 }
$data merge entity $(bone_leg_right_2) { transformation: [-1.018394154203096f,0.07175549124910229f,0.09892772948600036f,-0.18101544886202706f,0.06834135583752195f,1.0227056273102737f,-0.03827346928203441f,0.2624746007460844f,-0.10131636229131237f,-0.031409375100336645f,-1.0202012769000812f,-0.2575078041483053f,0f,0f,0f,1f], start_interpolation: 0, interpolation_duration: 1 }
$data merge entity $(bone_leg_right_1) { transformation: [-0.9377872754333163f,-0.02861455927347343f,-0.34602923725162654f,-0.1891136569847676f,-0.34394483033885104f,0.21292010816189993f,0.9145310170920962f,0.2649651684633247f,0.04750768062678425f,0.9766505181168492f,-0.20951559785265092f,0.019875688073946948f,0f,0f,0f,1f], start_interpolation: 0, interpolation_duration: 1 }
$data merge entity $(bone_leg_right_0) { transformation: [-0.9559023710625569f,-0.28113720505187434f,0.08492660909633859f,-0.1952626717847657f,-0.29246889503107243f,0.8849895038674458f,-0.3622920417063502f,0.6759406499235144f,0.026694614368547122f,-0.3711542132053368f,-0.928187452826013f,-0.05339519168061661f,0f,0f,0f,1f], start_interpolation: 0, interpolation_duration: 1 }
$data merge entity $(bone_tail_4) { transformation: [-1.9966375926036635f,-0.23375633919899494f,1.8932663915271233f,0.24357329716402842f,-0.062495161897324236f,2.7471936910594037f,0.2732810094807829f,0.6295725789146133f,-1.9066184752438744f,0.15474536919627957f,-1.9916127113902018f,-1.771643350651799f,0f,0f,0f,1f], start_interpolation: 0, interpolation_duration: 1 }
$data merge entity $(bone_tail_3) { transformation: [-1.8403325017954753f,-0.024639892628888646f,0.9739171856841267f,0.07867405342511914f,-0.07050293328437911f,2.0795375913043417f,-0.08061184028961906f,0.6228914601866958f,-0.9716744029138314f,-0.10421999850229102f,-1.8387312399256928f,-1.458842606564377f,0f,0f,0f,1f], start_interpolation: 0, interpolation_duration: 1 }
$data merge entity $(bone_tail_2) { transformation: [-1.9203106740514209f,0.04356602071572003f,0.35955916337364124f,0.010423192816859633f,-0.023779742154386732f,1.9206285163660015f,-0.3597144714736668f,0.6902010300610949f,-0.3614074072152178f,-0.3578574841518703f,-1.8868218204295932f,-1.108438945341073f,0f,0f,0f,1f], start_interpolation: 0, interpolation_duration: 1 }
$data merge entity $(bone_tail_1) { transformation: [-1.50858984562177f,0.03895815691072329f,0.10146521422144973f,-0.010445948107510192f,0.025487251766090502f,1.4994294419028413f,-0.19676889681132548f,0.7141901755653604f,-0.10565664997669169f,-0.19455040674605031f,-1.496209564717005f,-0.7839922211260146f,0f,0f,0f,1f], start_interpolation: 0, interpolation_duration: 1 }
$data merge entity $(bone_tail_0) { transformation: [-1.2779320362166726f,0.014514280920151047f,-0.022688390081870846f,-0.003465617744814815f,0.015101984035702603f,1.2776939213445642f,-0.033254924768576666f,0.7547410678331075f,0.02230151280343062f,-0.03351560222566872f,-1.2775817247902996f,-0.41146193856485364f,0f,0f,0f,1f], start_interpolation: 0, interpolation_duration: 1 }
$data merge entity $(bone_body_1) { transformation: [-1.2362576179449771f,0.0038595900589792577f,-0.01602500214782846f,1.8557991432579204e-17f,-2.680944658980944e-19f,1.2019963584191835f,0.2894984445610577f,0.60647375f,0.016483237826994984f,0.2894727154117438f,-1.2018895310964068f,-0.1515375f,0f,0f,0f,1f], start_interpolation: 0, interpolation_duration: 1 }