# This file was generated by Animated Java via MC-Build. It is not recommended to edit this file directly.
$data merge entity $(bone_head_lower) { transformation: [-0.9981631265674139f,0.002031535165702855f,0.06054953035354596f,-0.039140019551341346f,0.00581756551395265f,0.9980331823837355f,0.062417327662154465f,0.36520984997914574f,-0.0603036374744952f,0.06265492579090987f,-0.9962117403350959f,0.8099680515628354f,0f,0f,0f,1f], start_interpolation: 0, interpolation_duration: 1 }
$data merge entity $(bone_head_upper) { transformation: [-1.0389875825427184f,-0.04224944024635259f,0.046815923620220745f,-0.037183884587737914f,0.0060555015194876825f,0.7023354984043539f,0.7682187977171366f,0.4339414677701762f,-0.06277003112068645f,0.7670800317199538f,-0.7007996081000117f,0.7788618665889634f,0f,0f,0f,1f], start_interpolation: 0, interpolation_duration: 1 }
$data merge entity $(bone_neck_0) { transformation: [-0.9977196739685439f,-0.007227910370221956f,0.06710595717059953f,-0.032404976866125514f,0.0011939977942712083f,0.9922036567218206f,0.12462133828969733f,0.42589400562800855f,-0.06748352795586177f,0.12441728537276463f,-0.9899324787858527f,0.712853256178233f,0f,0f,0f,1f], start_interpolation: 0, interpolation_duration: 1 }
$data merge entity $(bone_neck_1) { transformation: [-0.9981692707362612f,-0.00517079381157543f,0.06026084839428272f,-0.027323913284235297f,0.009505148230744914f,0.9705470132493919f,0.24072421404959798f,0.4507576948349822f,-0.05973072170124952f,0.24085630148294496f,-0.9687210552687522f,0.6318994632070136f,0f,0f,0f,1f], start_interpolation: 0, interpolation_duration: 1 }
$data merge entity $(bone_neck_2) { transformation: [-0.998061224522829f,-0.01776002544741916f,0.059652104741561435f,-0.022271823267235088f,0.002120996253039737f,0.9481619936444409f,0.3177803253555732f,0.48788073320759573f,-0.06220364522185001f,0.3172907425442892f,-0.9462860514753496f,0.5521041826286096f,0f,0f,0f,1f], start_interpolation: 0, interpolation_duration: 1 }
$data merge entity $(bone_body_0) { transformation: [-0.9986270922242176f,-0.005482768651950877f,0.05209481666838994f,0.0022280382481439367f,0.0009115492223350872f,0.9925377374559246f,0.12193444469832794f,0.5548031423611895f,-0.05237460982020996f,0.12181452694068765f,-0.9911700768649129f,0.08612987792723314f,0f,0f,0f,1f], start_interpolation: 0, interpolation_duration: 1 }
$data merge entity $(bone_leg_left_3) { transformation: [-0.990656680711579f,-0.015337917879230709f,-0.13551416618437545f,0.20179860232306115f,-0.01906837086688993f,0.9994729221781544f,0.026273086326954576f,0.04277027806327924f,0.135039765232317f,0.028611642871230664f,-0.9904269966525597f,-0.13993848287887378f,0f,0f,0f,1f], start_interpolation: 0, interpolation_duration: 1 }
$data merge entity $(bone_leg_left_2) { transformation: [-1.015722349826067f,-0.06602488660429275f,-0.12653466684429662f,0.1809220395509816f,-0.033052633295614725f,0.9934457382549248f,-0.253051947386396f,0.26646932146775215f,0.13884462898049915f,-0.2465126345498583f,-0.9859086618501988f,-0.2276538131966852f,0f,0f,0f,1f], start_interpolation: 0, interpolation_duration: 1 }
$data merge entity $(bone_leg_left_1) { transformation: [-0.9422070171722778f,0.05957830134011974f,0.3296913144150825f,0.19838665285540003f,0.333260287876526f,0.2677133209629555f,0.9040282950789983f,0.2846153071464826f,-0.03440228649049244f,0.9616548256980835f,-0.27209645145759376f,0.04871386969268604f,0f,0f,0f,1f], start_interpolation: 0, interpolation_duration: 1 }
$data merge entity $(bone_leg_left_0) { transformation: [-0.9589130922489038f,0.25636649455442934f,-0.12149856782497186f,0.19743699419361962f,0.283567785617586f,0.8530488380998046f,-0.4380604875773576f,0.6881828881410992f,-0.008659819489128778f,-0.45451501656870186f,-0.8906969783489604f,-0.058242122579990355f,0f,0f,0f,1f], start_interpolation: 0, interpolation_duration: 1 }
$data merge entity $(bone_leg_right_3) { transformation: [-0.9929086653014143f,-0.00423087856462924f,0.11880438559217886f,-0.1945243887321585f,-0.0020606529760210488f,0.9998288742360047f,0.01838412231455383f,0.0259918807809712f,-0.11886183608995858f,0.018008939739346766f,-0.9927474714199925f,-0.19069175581601022f,0f,0f,0f,1f], start_interpolation: 0, interpolation_duration: 1 }
$data merge entity $(bone_leg_right_2) { transformation: [-1.0169685959764896f,0.06055422583760936f,0.1190389013369549f,-0.17515274837124237f,0.045338735526804695f,1.0164534768024074f,-0.12972635837725277f,0.25884624733497447f,-0.1256243342634378f,-0.12336010185712701f,-1.0104766258609656f,-0.2504801793817547f,0f,0f,0f,1f], start_interpolation: 0, interpolation_duration: 1 }
$data merge entity $(bone_leg_right_1) { transformation: [-0.9380128027366733f,-0.05252068949091141f,-0.3425982473356948f,-0.18993196336362125f,-0.3434825585276044f,0.27314668869557107f,0.8985603031750157f,0.2785547281105971f,0.046386570140737035f,0.9605375909510488f,-0.2742550318235463f,0.025937143247438704f,0f,0f,0f,1f], start_interpolation: 0, interpolation_duration: 1 }
$data merge entity $(bone_leg_right_0) { transformation: [-0.9559852789355598f,-0.27858469696066546f,0.09210164535899494f,-0.19565323316150382f,-0.2923867018572268f,0.8782355328890958f,-0.37843409643960374f,0.6881828881410992f,0.024539010484390777f,-0.38870672156568153f,-0.9210347016123263f,-0.054557056210524396f,0f,0f,0f,1f], start_interpolation: 0, interpolation_duration: 1 }
$data merge entity $(bone_tail_4) { transformation: [-2.3897867949981872f,-0.17508912722162598f,1.3725611839116918f,0.16526969804292815f,-0.05336605927329324f,2.7488874846715725f,0.25774210353303295f,0.6324634996699701f,-1.3826541396061183f,0.19652665403136213f,-2.382290103258901f,-1.7979849188612773f,0f,0f,0f,1f], start_interpolation: 0, interpolation_duration: 1 }
$data merge entity $(bone_tail_3) { transformation: [-1.9702439057389265f,-0.00899163313710167f,0.6737979136778284f,0.05110646168643317f,-0.04922282968912287f,2.0784660889074265f,-0.1161953370136023f,0.631826512521517f,-0.6720577289046396f,-0.12587054397211753f,-1.9668351586302668f,-1.4632506165456205f,0f,0f,0f,1f], start_interpolation: 0, interpolation_duration: 1 }
$data merge entity $(bone_tail_2) { transformation: [-1.9393056953674355f,0.034959817821395615f,0.2380023236359262f,0.005436658444570333f,-0.012350996748830608f,1.9164010476494953f,-0.38213656256632117f,0.7033117451474099f,-0.24023893897017554f,-0.3807344359374239f,-1.901604695118487f,-1.1100146974244018f,0f,0f,0f,1f], start_interpolation: 0, interpolation_duration: 1 }
$data merge entity $(bone_tail_1) { transformation: [-1.5108191211953987f,0.028022444579123916f,0.06554826946741917f,-0.007567749121702677f,0.01925273427076566f,1.4994559774308565f,-0.19727481838788918f,0.7274153912437853f,-0.06863792867986879f,-0.1962212127846663f,-1.4981462947255362f,-0.785166153288001f,0f,0f,0f,1f], start_interpolation: 0, interpolation_duration: 1 }
$data merge entity $(bone_tail_0) { transformation: [-1.2780650725568687f,0.010357414367442268f,-0.016676656195250408f,-0.00244449972109791f,0.010657895729471824f,1.27796279067043f,-0.02309180600329819f,0.7650028722912428f,0.016486241319754767f,-0.023228134094140096f,-1.2778984209308968f,-0.41229506982232456f,0f,0f,0f,1f], start_interpolation: 0, interpolation_duration: 1 }
$data merge entity $(bone_body_1) { transformation: [-1.2363131755804344f,0.002651036797227659f,-0.011282683473890835f,1.8557991432579204e-17f,-2.680944658980944e-19f,1.20358958266342f,0.2828015409440777f,0.61818517578125f,0.011589950063406847f,0.2827891150031143f,-1.2035366984639617f,-0.1515375f,0f,0f,0f,1f], start_interpolation: 0, interpolation_duration: 1 }