# This file was generated by Animated Java via MC-Build. It is not recommended to edit this file directly.
$data merge entity $(bone_head_lower) { transformation: [-0.9993140827225981f,-0.000017401917868829775f,0.03703192905406574f,-0.02327925358836379f,0.0026910443091206528f,0.997321935991805f,0.07308703216087337f,0.38473484198941954f,-0.03693402703224295f,0.07313655506469707f,-0.9966378088154444f,0.811280334274139f,0f,0f,0f,1f], start_interpolation: 0, interpolation_duration: 1 }
$data merge entity $(bone_head_upper) { transformation: [-1.0401856123250848f,-0.026986328802821626f,0.02752403591665937f,-0.022310693307883413f,0.0028011069000952256f,0.6883670874745051f,0.7807783611662842f,0.4540176157638752f,-0.038444613348683765f,0.7803168801987564f,-0.6878223031894627f,0.7813735517508126f,0f,0f,0f,1f], start_interpolation: 0, interpolation_duration: 1 }
$data merge entity $(bone_neck_0) { transformation: [-0.9991812817151612f,-0.004715758247892649f,0.0401811883123821f,-0.01931309628181247f,0.000440260881170397f,0.9918571536134604f,0.12735459550468214f,0.44615275910446783f,-0.040454572552483976f,0.1272680181740572f,-0.9910430258619672f,0.7152381248141612f,0f,0f,0f,1f], start_interpolation: 0, interpolation_duration: 1 }
$data merge entity $(bone_neck_1) { transformation: [-0.9993416543353916f,-0.003010077519687987f,0.0361551841860641f,-0.016264144695333913f,0.005425660561787584f,0.9729459514546476f,0.2309691272778229f,0.4702011160348026f,-0.03587227505568908f,0.2310132355111637f,-0.9722890850467225f,0.6339367271158081f,0f,0f,0f,1f], start_interpolation: 0, interpolation_duration: 1 }
$data merge entity $(bone_neck_2) { transformation: [-0.9993031830853075f,-0.010620043745876277f,0.03578215961073402f,-0.013233336013036001f,0.0010229679081524663f,0.9505143959500765f,0.3106788319604673f,0.506725041813628f,-0.03731088061452397f,0.31049894969628655f,-0.9498411974773845f,0.5537634931871782f,0f,0f,0f,1f], start_interpolation: 0, interpolation_duration: 1 }
$data merge entity $(bone_body_0) { transformation: [-0.9995126809397241f,-0.002991563679637873f,0.03107171040409885f,0.0013821461979986213f,0.00036375134406837865f,0.9942133053744461f,0.1074233266166066f,0.5668243773108831f,-0.031213271626748796f,0.1073822795584501f,-0.9937277180954478f,0.08644629656838021f,0f,0f,0f,1f], start_interpolation: 0, interpolation_duration: 1 }
$data merge entity $(bone_leg_left_3) { transformation: [-0.9885438156343583f,-0.004768594830598931f,-0.15085882498019618f,0.19294863113926256f,-0.008193753486357652f,0.9997223878417743f,0.022090940490305855f,0.03914462664803092f,0.15071160199158093f,0.023073962626367794f,-0.9883084565427178f,-0.1350881362304125f,0f,0f,0f,1f], start_interpolation: 0, interpolation_duration: 1 }
$data merge entity $(bone_leg_left_2) { transformation: [-1.01397361276928f,-0.058073387713818286f,-0.1433429236054206f,0.17340881374586797f,-0.016368166791230144f,0.9856021322627776f,-0.2835184641176924f,0.26009966897260506f,0.15379140165888144f,-0.2779894206965462f,-0.9752601121020436f,-0.22978838371474644f,0f,0f,0f,1f], start_interpolation: 0, interpolation_duration: 1 }
$data merge entity $(bone_leg_left_1) { transformation: [-0.940857764478429f,0.07839443514231192f,0.3296073111436868f,0.19596276660798234f,0.3366869583304078f,0.3248747757261431f,0.8837976421031608f,0.2947793493001639f,-0.037796284352717834f,0.9425023568329188f,-0.33205533914322555f,0.044623760044303545f,0f,0f,0f,1f], start_interpolation: 0, interpolation_duration: 1 }
$data merge entity $(bone_leg_left_0) { transformation: [-0.9579151128551938f,0.26249266221839623f,-0.11617331382516542f,0.19710097219084344f,0.28676927467589064f,0.8571520831946111f,-0.4278477408810311f,0.6994988714049043f,-0.012728694571126548f,-0.44315675393322995f,-0.8963537648595434f,-0.05788522239047998f,0f,0f,0f,1f], start_interpolation: 0, interpolation_duration: 1 }
$data merge entity $(bone_leg_right_3) { transformation: [-0.990213687290333f,-0.00640992478188265f,0.1394122174243469f,-0.18796219489520552f,-0.0040415977131669535f,0.9998427902095047f,0.01726442451973431f,0.028327634127686824f,-0.13950096412142704f,0.016532021363501903f,-0.9900839223413482f,-0.16451342282875864f,0f,0f,0f,1f], start_interpolation: 0, interpolation_duration: 1 }
$data merge entity $(bone_leg_right_2) { transformation: [-1.0149464890230186f,0.05305054746402084f,0.1383165331199037f,-0.16974702295198324f,0.023522452994057565f,1.0032385350298036f,-0.21218231673985144f,0.2555872038041346f,-0.14626181362776844f,-0.20678559124299734f,-0.9939363161839365f,-0.24320502064942995f,0f,0f,0f,1f], start_interpolation: 0, interpolation_duration: 1 }
$data merge entity $(bone_leg_right_1) { transformation: [-0.9382215854207906f,-0.07440810455534484f,-0.33794036548920764f,-0.19072355925937207f,-0.3430539281410849f,0.3279250044003761f,0.880215424697832f,0.2911587211375641f,0.04532393448796952f,0.9417688811303407f,-0.3331923100808841f,0.031218079214462638f,0f,0f,0f,1f], start_interpolation: 0, interpolation_duration: 1 }
$data merge entity $(bone_leg_right_0) { transformation: [-0.9560583391677344f,-0.2761634085594523f,0.09841861551890663f,-0.19599989826698688f,-0.29230624677702444f,0.8720588015208419f,-0.3925181585419486f,0.6994988714049043f,0.022572332687665744f,-0.4040386348641155f,-0.9144633788917845f,-0.05560219774187909f,0f,0f,0f,1f], start_interpolation: 0, interpolation_duration: 1 }
$data merge entity $(bone_tail_4) { transformation: [-2.637438339263223f,-0.10376781708664544f,0.811672703940157f,0.09259436288768819f,-0.033710289254944376f,2.750619200876679f,0.2421135266086655f,0.6356022133037552f,-0.8175842186483308f,0.221331388432842f,-2.628351154909022f,-1.8131892945005148f,0f,0f,0f,1f], start_interpolation: 0, interpolation_duration: 1 }
$data merge entity $(bone_tail_3) { transformation: [-2.0459706495346586f,0.0008222279449344824f,0.38723242533183944f,0.026926007241883577f,-0.027012353038715697f,2.0769131210068466f,-0.1471317321904267f,0.640226092559886f,-0.38628999478433795f,-0.14958856164576959f,-2.0406736211846104f,-1.4657026181485049f,0f,0f,0f,1f], start_interpolation: 0, interpolation_duration: 1 }
$data merge entity $(bone_tail_2) { transformation: [-1.9496718353342712f,0.024312474579027566f,0.1302402130177757f,0.0012787462405482852f,-0.002999966223135267f,1.9123909174487246f,-0.4019027918104847f,0.7153917843808498f,-0.13245606709294785f,-0.40117796230880615f,-1.9079532247544224f,-1.1112116863246486f,0f,0f,0f,1f], start_interpolation: 0, interpolation_duration: 1 }
$data merge entity $(bone_tail_1) { transformation: [-1.512001613750469f,0.01757786087761815f,0.03461775300253561f,-0.00494095530896909f,0.012901847077391474f,1.4994470118230885f,-0.19785967521656098f,0.7396274621959561f,-0.0366184701751598f,-0.19749918364838498f,-1.499102868418393f,-0.7861722668194053f,0f,0f,0f,1f], start_interpolation: 0, interpolation_duration: 1 }
$data merge entity $(bone_tail_0) { transformation: [-1.2781503143638084f,0.006533107388734124f,-0.011171794107156779f,-0.0015186418952052123f,0.00665530107959814f,1.2781218710479239f,-0.013996653190029015f,0.7745609670932432f,0.011099434366909655f,-0.014054104056442628f,-1.2780903729001065f,-0.41302370484003703f,0f,0f,0f,1f], start_interpolation: 0, interpolation_duration: 1 }
$data merge entity $(bone_body_1) { transformation: [-1.236346649340884f,0.001607881830739832f,-0.006998030854312503f,1.8557991432579204e-17f,0f,1.2049709650517972f,0.27685658460363616f,0.6290323437500001f,0.007180370451413566f,0.27685191556933236f,-1.2049506438780062f,-0.1515375f,0f,0f,0f,1f], start_interpolation: 0, interpolation_duration: 1 }