# This file was generated by Animated Java via MC-Build. It is not recommended to edit this file directly.
$data merge entity $(bone_head_lower) { transformation: [-0.025046596445483627f,-0.12839539630529062f,0.9914067229014054f,-0.31586996652623317f,0.1763883296158878f,0.9755909201894037f,0.1308033394807232f,0.3065278240971107f,-0.9840019436880263f,0.17814875428023563f,-0.00178778258920205f,0.6285041909226071f,0f,0f,0f,1f], start_interpolation: 0, interpolation_duration: 1 }
$data merge entity $(bone_head_upper) { transformation: [-0.026070991804022055f,-0.6108998675506433f,0.8423737874580783f,-0.2715246250994293f,0.18360253880204028f,0.8267171590857939f,0.6052278820428438f,0.36687135055566256f,-1.0242472131840568f,0.16374380380102144f,0.08704915614164642f,0.6378639986173791f,0f,0f,0f,1f], start_interpolation: 0, interpolation_duration: 1 }
$data merge entity $(bone_neck_0) { transformation: [-0.5915835377399591f,0.08852309060182059f,0.8013691910133406f,-0.2209523309519037f,0.3831540937992767f,0.9054084214914829f,0.18283470867741805f,0.36387350264566726f,-0.7093813207858868f,0.4152098899624179f,-0.5695427016453355f,0.5945258834430712f,0f,0f,0f,1f], start_interpolation: 0, interpolation_duration: 1 }
$data merge entity $(bone_neck_1) { transformation: [-0.8556057131303153f,-0.008511486206748117f,0.5175581303209491f,-0.1771475757162776f,0.2490596488774231f,0.8697473591009323f,0.4260385224812526f,0.403971374620395f,-0.4537710380355041f,0.49342384005994944f,-0.742040941660684f,0.5339384183502283f,0f,0f,0f,1f], start_interpolation: 0, interpolation_duration: 1 }
$data merge entity $(bone_neck_2) { transformation: [-0.850775672113132f,-0.1078927331883993f,0.5143344377596984f,-0.13314435875111746f,0.200744141844824f,0.8377622369538937f,0.507795454734476f,0.45666028082222243f,-0.48567740863193687f,0.5352696446270282f,-0.6910888960802523f,0.47863447225130407f,0f,0f,0f,1f], start_interpolation: 0, interpolation_duration: 1 }
$data merge entity $(bone_body_0) { transformation: [-0.9292179018923226f,0.005340895838805636f,0.36949366115600535f,0.04104749685946295f,0.1427879409679201f,0.9274236177252779f,0.3456834349509669f,0.6284144566400874f,-0.34083088873658673f,0.37397447522123306f,-0.8625412437478175f,0.07568459294719798f,0f,0f,0f,1f], start_interpolation: 0, interpolation_duration: 1 }
$data merge entity $(bone_leg_left_3) { transformation: [-0.9420370468844635f,0.08552217002030477f,-0.32442589405319866f,0.28829226714092704f,-0.029376877793578962f,0.9422274545251296f,0.3336831176283808f,0.13516156224906986f,0.3342202886545043f,0.3238724785685143f,-0.8851007944169899f,-0.2007556164503938f,0f,0f,0f,1f], start_interpolation: 0, interpolation_duration: 1 }
$data merge entity $(bone_leg_left_2) { transformation: [-0.9412079463981143f,-0.23884984535574172f,-0.33036427244978694f,0.22094680964871674f,-0.19082035287775043f,0.9926544661114011f,-0.17403132860894363f,0.3608734949155385f,0.360246296393661f,-0.09823472799026635f,-0.9553191841745996f,-0.25261875242526555f,0f,0f,0f,1f], start_interpolation: 0, interpolation_duration: 1 }
$data merge entity $(bone_leg_left_1) { transformation: [-0.9686831061662358f,0.17266819257540145f,0.17843411977779744f,0.2776838145916121f,0.21892153139623446f,0.2548404469401728f,0.9418756338787303f,0.3757921698742026f,0.11715973249910078f,0.9514420854030352f,-0.2846604208608251f,0.018622341561897765f,0f,0f,0f,1f], start_interpolation: 0, interpolation_duration: 1 }
$data merge entity $(bone_leg_left_0) { transformation: [-0.9750040322561825f,0.07669107866116166f,-0.20853204918662369f,0.21140183343503144f,0.1681182850134702f,0.8682770203893773f,-0.46672396350291956f,0.7742482534000137f,0.14527002212540113f,-0.49011579684553375f,-0.8594667686153741f,-0.08695571979406608f,0f,0f,0f,1f], start_interpolation: 0, interpolation_duration: 1 }
$data merge entity $(bone_leg_right_3) { transformation: [-0.6684737468078542f,-0.0036461811150542006f,0.7437268014479144f,-0.21339234251265132f,0.02744777156652914f,0.9991858128299383f,0.029569093246284817f,0.03834998365293721f,-0.7432290828975281f,0.04017980590610265f,-0.6678294045133436f,-0.06785866905417771f,0f,0f,0f,1f], start_interpolation: 0, interpolation_duration: 1 }
$data merge entity $(bone_leg_right_2) { transformation: [-0.9508978486322187f,0.2838879701254463f,0.2593513088175307f,-0.13772814947781345f,0.21217915229031467f,0.9643446889928f,-0.2776356022656998f,0.2542279766861132f,-0.3206797285465296f,-0.20373792167912194f,-0.9527421322004661f,-0.14429618655946075f,0f,0f,0f,1f], start_interpolation: 0, interpolation_duration: 1 }
$data merge entity $(bone_leg_right_1) { transformation: [-0.9218859865916489f,-0.0685149654111443f,-0.3813553818168192f,-0.15447580072018433f,-0.34100018120317155f,0.6107972556584627f,0.7145947025408843f,0.37547184860786975f,0.18397038931672274f,0.788817096667409f,-0.5864490462605025f,0.10476771158527286f,0f,0f,0f,1f], start_interpolation: 0, interpolation_duration: 1 }
$data merge entity $(bone_leg_right_0) { transformation: [-0.9429303025084048f,-0.33298614730946563f,-0.001634108750040053f,-0.17544414728263125f,-0.2925878551577312f,0.8308558206015181f,-0.47336133385266776f,0.7742482534000137f,0.1589804756113362f,-0.4458686253512092f,-0.8808668328991712f,-0.017072290006742957f,0f,0f,0f,1f], start_interpolation: 0, interpolation_duration: 1 }
$data merge entity $(bone_tail_4) { transformation: [1.92751520620995f,-0.6083515126330862f,-1.881556509517173f,-1.1922219879660556f,1.249636535220698f,2.4111159306322696f,0.5005894830026857f,0.8053474581644193f,1.532564840804793f,-1.200870408382321f,1.9582687769049107f,-0.47949795781983484f,0f,0f,0f,1f], start_interpolation: 0, interpolation_duration: 1 }
$data merge entity $(bone_tail_3) { transformation: [1.011254695642445f,-0.32990217990957316f,-1.790104471330224f,-0.8854580695526137f,1.0568585605568719f,1.773700026499166f,0.2701550018396094f,0.742182105967643f,1.482011959993308f,-1.0397587670860073f,1.0288283543667638f,-0.6437743714532413f,0f,0f,0f,1f], start_interpolation: 0, interpolation_duration: 1 }
$data merge entity $(bone_tail_2) { transformation: [0.6560967955647395f,-0.5824308865812067f,-1.7461629741260367f,-0.5605036301355937f,1.1268272838079325f,1.5929174815483689f,-0.10792610641737992f,0.7634575995407551f,1.4555312234089974f,-0.9706503151684482f,0.8706553269507253f,-0.8047819788683299f,0f,0f,0f,1f], start_interpolation: 0, interpolation_duration: 1 }
$data merge entity $(bone_tail_1) { transformation: [-0.5569267527057693f,0.01280290695910801f,-1.4061738611188888f,-0.25753513408051915f,0.5602351422771369f,1.389248983845602f,-0.20923693804316415f,0.7909656875802091f,1.2898160440459419f,-0.5978959746121052f,-0.5162859925122101f,-0.6876065868725357f,0f,0f,0f,1f], start_interpolation: 0, interpolation_duration: 1 }
$data merge entity $(bone_tail_0) { transformation: [-1.0472966698509423f,-0.014416958132939415f,-0.7326646935818233f,-0.04378138878541103f,0.13121209011934357f,1.253626208346493f,-0.21222731619029767f,0.883235675539261f,0.7209637919546773f,-0.24909676362613864f,-1.0256694056202242f,-0.393893296408635f,0f,0f,0f,1f], start_interpolation: 0, interpolation_duration: 1 }
$data merge entity $(bone_body_1) { transformation: [-1.21667431444311f,0.06959526431090121f,-0.20848191004529404f,1.8557991432579204e-17f,0f,1.1727501455287366f,0.391486514734004f,0.7132275f,0.2197912819714155f,0.38525081492979785f,-1.1540702738661708f,-0.1515375f,0f,0f,0f,1f], start_interpolation: 0, interpolation_duration: 1 }