# This file was generated by Animated Java via MC-Build. It is not recommended to edit this file directly.
$data merge entity $(bone_head_lower) { transformation: [-0.04809188518478086f,-0.13742564210604086f,0.9893439055612139f,-0.3278063034452599f,0.15161921708990456f,0.9780078245925115f,0.14322118574033593f,0.2866235253679761f,-0.9872683442653363f,0.15689132521451202f,-0.026197871745925215f,0.625533916114709f,0f,0f,0f,1f], start_interpolation: 0, interpolation_duration: 1 }
$data merge entity $(bone_head_upper) { transformation: [-0.05005882325055291f,-0.6576900941433526f,0.805238968793727f,-0.28707904726348143f,0.15782037989420789f,0.7920231092150893f,0.6567069854530388f,0.3497288363541287f,-1.0276472081839785f,0.15367197896323806f,0.061628572729735286f,0.6329140801400958f,0f,0f,0f,1f], start_interpolation: 0, interpolation_duration: 1 }
$data merge entity $(bone_neck_0) { transformation: [-0.5853389324958793f,0.08573246480587587f,0.8062433122717321f,-0.23614830399538883f,0.3720781306353249f,0.9119058513426798f,0.17316345743229028f,0.3460037406564588f,-0.7203722640465182f,0.4013448177880109f,-0.5656731728013994f,0.5900547835231454f,0f,0f,0f,1f], start_interpolation: 0, interpolation_duration: 1 }
$data merge entity $(bone_neck_1) { transformation: [-0.8448030938080656f,0.0012447826271816467f,0.5350758667782838f,-0.19081462065055116f,0.26282286020160095f,0.8720172989516458f,0.41292853435494836f,0.38500148189744415f,-0.46608140581637697f,0.4894734730762098f,-0.7370100693389086f,0.5298753004992578f,0f,0f,0f,1f], start_interpolation: 0, interpolation_duration: 1 }
$data merge entity $(bone_neck_2) { transformation: [-0.8390896137063849f,-0.11064866952427235f,0.5326213402620834f,-0.14523631621360172f,0.2038314267615297f,0.8438169641529433f,0.49641281255832803f,0.4367524628383079f,-0.504362339627404f,0.5250998028377262f,-0.6854843743115903f,0.4749627834339133f,0f,0f,0f,1f], start_interpolation: 0, interpolation_duration: 1 }
$data merge entity $(bone_body_0) { transformation: [-0.9204794589756851f,0.005724485998181313f,0.3907490190184574f,0.03897676402571606f,0.1481120455934672f,0.9304053624734931f,0.33527404228583896f,0.6036291357742283f,-0.36163571111541065f,0.3664875055723243f,-0.8572668900088389f,0.0744273645235434f,0f,0f,0f,1f], start_interpolation: 0, interpolation_duration: 1 }
$data merge entity $(bone_leg_left_3) { transformation: [-0.946574818698f,0.05727433210264926f,-0.3173574695655419f,0.30534537716077864f,-0.04295670718019521f,0.9529383784780316f,0.30010526175309643f,0.12330501909640368f,0.31961044087307805f,0.2977047156258277f,-0.8995671561251343f,-0.2391560013255891f,0f,0f,0f,1f], start_interpolation: 0, interpolation_duration: 1 }
$data merge entity $(bone_leg_left_2) { transformation: [-0.9385780832993699f,-0.2642886230330326f,-0.31825289438759063f,0.2324485532705145f,-0.23856909803982815f,0.990455551185678f,-0.11893185480194819f,0.35013313205845653f,0.3379617826193343f,-0.034806958520854664f,-0.9677977622561356f,-0.27665443199677314f,0f,0f,0f,1f], start_interpolation: 0, interpolation_duration: 1 }
$data merge entity $(bone_leg_left_1) { transformation: [-0.9752552458741763f,0.1452532342961039f,0.1666694432744676f,0.2824926133604416f,0.19343746901567863f,0.19560487708652857f,0.9614159753409407f,0.348430538394416f,0.10704742395643252f,0.9698660886877555f,-0.21886210050579033f,-0.003696415290363561f,0f,0f,0f,1f], start_interpolation: 0, interpolation_duration: 1 }
$data merge entity $(bone_leg_left_0) { transformation: [-0.9812643751240774f,0.07160857763539082f,-0.17886429973974705f,0.21107201161177144f,0.14076354027844679f,0.9003427973322289f,-0.41178692672334205f,0.7518237798946235f,0.13155170785904668f,-0.42924941339623657f,-0.893554189323935f,-0.08419653281988175f,0f,0f,0f,1f], start_interpolation: 0, interpolation_duration: 1 }
$data merge entity $(bone_leg_right_3) { transformation: [-0.6915406070727117f,0.013474498727110096f,0.7222118987205612f,-0.21951145106296877f,0.04481887011559972f,0.9986999702811086f,0.024282467792077767f,0.025763523594845655f,-0.720945807707532f,0.04916103380285464f,-0.6912454955400201f,-0.07287878728701114f,0f,0f,0f,1f], start_interpolation: 0, interpolation_duration: 1 }
$data merge entity $(bone_leg_right_2) { transformation: [-0.948917710551761f,0.29593681187611814f,0.2530588498324007f,-0.14123622762079158f,0.23256294181216564f,0.9653900582787632f,-0.2569021466879774f,0.24249432436758456f,-0.3123009064949532f,-0.1802932007975314f,-0.9602211750681741f,-0.14409550904180818f,0f,0f,0f,1f], start_interpolation: 0, interpolation_duration: 1 }
$data merge entity $(bone_leg_right_1) { transformation: [-0.9243862537016113f,-0.06311637378993776f,-0.3761999167026875f,-0.15684047114449f,-0.34042330329860593f,0.581469006321123f,0.7389220319216303f,0.35449188601332626f,0.17211051257481505f,0.8111165872102075f,-0.5589882408545814f,0.10933384882587649f,0f,0f,0f,1f], start_interpolation: 0, interpolation_duration: 1 }
$data merge entity $(bone_leg_right_0) { transformation: [-0.9450725972105994f,-0.3265570414199227f,0.014081360043651237f,-0.17631478251481555f,-0.29233292241037684f,0.8251845714037531f,-0.4833341345200159f,0.7518237798946235f,0.14621644393371303f,-0.4609022909644419f,-0.8753227003266327f,-0.01737603976142471f,0f,0f,0f,1f], start_interpolation: 0, interpolation_duration: 1 }
$data merge entity $(bone_tail_4) { transformation: [2.2193493742885986f,-0.6649668659999635f,-1.5026539034544824f,-1.1575112180748777f,1.1095890506759127f,2.469037841910539f,0.5461919126404907f,0.8273964357893069f,1.2120073535523335f,-1.0427523838073622f,2.2515254767821595f,-0.39958834453445036f,0f,0f,0f,1f], start_interpolation: 0, interpolation_duration: 1 }
$data merge entity $(bone_tail_3) { transformation: [1.2250478665022622f,-0.34368236918420736f,-1.6483584804085032f,-0.874647331651957f,1.0046601597135452f,1.78504109051797f,0.37447535925774406f,0.7464312248273198f,1.3512443207307305f,-1.0156063510626505f,1.2159885079303172f,-0.5958365542240363f,0f,0f,0f,1f], start_interpolation: 0, interpolation_duration: 1 }
$data merge entity $(bone_tail_2) { transformation: [0.8487515694748786f,-0.6055576989106355f,-1.6527838702040756f,-0.5669149091843246f,1.1128951318170748f,1.6062221136767862f,-0.016994767321470417f,0.7507956448843289f,1.3637665027029233f,-0.9338759392063329f,1.0424924610181618f,-0.7888474139415902f,0f,0f,0f,1f], start_interpolation: 0, interpolation_duration: 1 }
$data merge entity $(bone_tail_1) { transformation: [-0.5100602595741781f,0.016504693886087756f,-1.4238055965204128f,-0.26024228584020165f,0.5753889278991368f,1.3858067816346147f,-0.1900615574665064f,0.7742050048289436f,1.3024677973962369f,-0.6057420317719734f,-0.4736142709954559f,-0.6807706775130452f,0f,0f,0f,1f], start_interpolation: 0, interpolation_duration: 1 }
$data merge entity $(bone_tail_0) { transformation: [-1.0340697538658994f,-0.02262360473395551f,-0.7510150685789116f,-0.04132417546988864f,0.1284684057195151f,1.2534982201689382f,-0.2146480779071133f,0.8671793070426707f,0.7402913814543782f,-0.2491306908555705f,-1.0117995285639454f,-0.39111130621540663f,0f,0f,0f,1f], start_interpolation: 0, interpolation_duration: 1 }
$data merge entity $(bone_body_1) { transformation: [-1.2183752337141953f,0.07019827592094316f,-0.1980873216181617f,1.8557991432579204e-17f,0f,1.1653552408673231f,0.4129791249437599f,0.6926725f,0.2101579999146592f,0.40696923679442987f,-1.1483963821046632f,-0.1515375f,0f,0f,0f,1f], start_interpolation: 0, interpolation_duration: 1 }