# This file was generated by Animated Java via MC-Build. It is not recommended to edit this file directly.
$data merge entity $(bone_head_lower) { transformation: [-0.1067623464886408f,-0.1454354041199244f,0.9835905370634235f,-0.3393216736865355f,0.11654220590423212f,0.9805951202525283f,0.1576423939805069f,0.2683802934367129f,-0.9874308662459439f,0.13146008278334545f,-0.08774127318076146f,0.6279188644074518f,0f,0f,0f,1f], start_interpolation: 0, interpolation_duration: 1 }
$data merge entity $(bone_head_upper) { transformation: [-0.11112888197571519f,-0.7120479836809779f,0.7510725551570826f,-0.30356805729195807f,0.12130873356646277f,0.7412212827423335f,0.7206574385613582f,0.33474210433704205f,-1.0278163772458755f,0.1644707315274386f,0.0038491193149499635f,0.6315582957552348f,0f,0f,0f,1f], start_interpolation: 0, interpolation_duration: 1 }
$data merge entity $(bone_neck_0) { transformation: [-0.5888839290566744f,0.07908631545449409f,0.8043389041981034f,-0.25265143167815474f,0.34577736535166137f,0.9241759682168533f,0.1622861466080989f,0.3301229927579674f,-0.7305160721772228f,0.3736898907895074f,-0.5715786330965225f,0.5887693100390399f,0f,0f,0f,1f], start_interpolation: 0, interpolation_duration: 1 }
$data merge entity $(bone_neck_1) { transformation: [-0.834332302427623f,0.011251922827218881f,0.5511469888863691f,-0.2059102117132755f,0.27045126035321687f,0.879555966188353f,0.3914555123073748f,0.36733641689573504f,-0.48035999510698f,0.47566237666559574f,-0.7368850510938998f,0.5285367917065923f,0f,0f,0f,1f], start_interpolation: 0, interpolation_duration: 1 }
$data merge entity $(bone_neck_2) { transformation: [-0.8278704057031323f,-0.11241340873691447f,0.549539640878689f,-0.15886701515491058f,0.20033697363577477f,0.8558371507469859f,0.4768730107646478f,0.4174932497903312f,-0.5239233611468286f,0.5048821614371302f,-0.6860016871022853f,0.47338101081559925f,0f,0f,0f,1f], start_interpolation: 0, interpolation_duration: 1 }
$data merge entity $(bone_body_0) { transformation: [-0.9113473514962613f,0.006553517300386576f,0.41158602543301104f,0.03517436562825493f,0.14887807599571956f,0.9374347445557171f,0.31472435270816007f,0.5747518947406882f,-0.38377248912417183f,0.3480993408651489f,-0.8553043466981133f,0.07359536095399524f,0f,0f,0f,1f], start_interpolation: 0, interpolation_duration: 1 }
$data merge entity $(bone_leg_left_3) { transformation: [-0.9534443672710202f,0.023068125138610895f,-0.30068538395098954f,0.32255741600655197f,-0.05557463732973833f,0.9665527317714067f,0.2503742726218074f,0.10973293675387522f,0.29640394431389167f,0.25542842110427044f,-0.9202722550894089f,-0.2755205581074911f,0f,0f,0f,1f], start_interpolation: 0, interpolation_duration: 1 }
$data merge entity $(bone_leg_left_2) { transformation: [-0.9379788513629183f,-0.28925649078548543f,-0.29763829799785807f,0.24447863139425594f,-0.28297627806321884f,0.9837937068813736f,-0.06431615547269542f,0.336627160886587f,0.3036153816098306f,0.0232985909395097f,-0.979457541300716f,-0.2998882932237682f,0f,0f,0f,1f], start_interpolation: 0, interpolation_duration: 1 }
$data merge entity $(bone_leg_left_1) { transformation: [-0.9814835798318673f,0.1121895889278903f,0.15525295055687005f,0.286269861401927f,0.1697907285048122f,0.1343930040703013f,0.9762733372220943f,0.3179781750524867f,0.0886627939680907f,0.9845567614887171f,-0.15095327877399983f,-0.02617476765082344f,0f,0f,0f,1f], start_interpolation: 0, interpolation_duration: 1 }
$data merge entity $(bone_leg_left_0) { transformation: [-0.9873055911240484f,0.06875799635952032f,-0.14317823742391067f,0.2101225141239034f,0.11540169383819472f,0.9299155600086056f,-0.3491983681421734f,0.724938579901234f,0.109133490709631f,-0.36128851239764803f,-0.9260456209145558f,-0.07995291332652338f,0f,0f,0f,1f], start_interpolation: 0, interpolation_duration: 1 }
$data merge entity $(bone_leg_right_3) { transformation: [-0.7326282836942909f,0.03867486114747973f,0.6795292878503326f,-0.2279432057580928f,0.07492771597859867f,0.9968990314210654f,0.024044927323082332f,0.01346526609410656f,-0.6764921546547217f,0.06853157131545279f,-0.7332542454180866f,-0.08454223006933678f,0f,0f,0f,1f], start_interpolation: 0, interpolation_duration: 1 }
$data merge entity $(bone_leg_right_2) { transformation: [-0.9484317054156048f,0.3075626576214199f,0.24071707729197447f,-0.14734018458239664f,0.2569415840369294f,0.967458210874463f,-0.22375842353947495f,0.23166461923832862f,-0.29414370986940186f,-0.14660157348789501f,-0.9716221776471722f,-0.1482859931431385f,0f,0f,0f,1f], start_interpolation: 0, interpolation_duration: 1 }
$data merge entity $(bone_leg_right_1) { transformation: [-0.9278648498536001f,-0.055817946331664856f,-0.36871557774722663f,-0.16142789312995642f,-0.3398766574666314f,0.5334605806135867f,0.7745344838293031f,0.32874192777354516f,0.15346230193590185f,0.8439811406653174f,-0.5139505385596983f,0.11131161527266142f,0f,0f,0f,1f], start_interpolation: 0, interpolation_duration: 1 }
$data merge entity $(bone_leg_right_0) { transformation: [-0.9479816890953836f,-0.3164057295522572f,0.034901739875929066f,-0.17827312211203647f,-0.29203436133055877f,0.8208132227271738f,-0.4908987524922871f,0.724938579901234f,0.12667536833226817f,-0.47555553587644744f,-0.8705172504638545f,-0.019270656371714323f,0f,0f,0f,1f], start_interpolation: 0, interpolation_duration: 1 }
$data merge entity $(bone_tail_4) { transformation: [2.250242372530889f,-0.6717492632590238f,-1.452867345554134f,-1.1506576613135053f,1.050429099226754f,2.511007275439336f,0.4659425949496293f,0.810896345922174f,1.20775382589509f,-0.9323393811277542f,2.3016809739914192f,-0.4235009610664759f,0f,0f,0f,1f], start_interpolation: 0, interpolation_duration: 1 }
$data merge entity $(bone_tail_3) { transformation: [1.2050385205828897f,-0.30832922655193207f,-1.669958316249161f,-0.8644771991902298f,0.9779699565563925f,1.8000349950003525f,0.3733554698830776f,0.7299742996870623f,1.3883092069236351f,-1.0003762446561861f,1.1865034518041226f,-0.6148986333793767f,0f,0f,0f,1f], start_interpolation: 0, interpolation_duration: 1 }
$data merge entity $(bone_tail_2) { transformation: [0.8318663665151157f,-0.5806969593380965f,-1.670198570433829f,-0.5535139919800127f,1.1000594515919349f,1.6150719177972324f,-0.013630051679959402f,0.7337058410122188f,1.384428194680738f,-0.9344022778017165f,1.0144086119581068f,-0.8026736139545717f,0f,0f,0f,1f], start_interpolation: 0, interpolation_duration: 1 }
$data merge entity $(bone_tail_1) { transformation: [-0.5568531447812533f,0.03593645997744696f,-1.4058020472283852f,-0.2509083602361311f,0.561368875828007f,1.3919892819854218f,-0.1867808183120253f,0.7563470421779661f,1.2893548039228104f,-0.59053421550491f,-0.5258229549184518f,-0.6835355232971896f,0f,0f,0f,1f], start_interpolation: 0, interpolation_duration: 1 }
$data merge entity $(bone_tail_0) { transformation: [-1.0469643421056356f,-0.01708882582027115f,-0.7330820929305433f,-0.037097118076873416f,0.12105715749985128f,1.2563064508219044f,-0.20217562371698952f,0.8457443709986129f,0.7232195707815142f,-0.2350272116997987f,-1.0274003011403336f,-0.3889769015818685f,0f,0f,0f,1f], start_interpolation: 0, interpolation_duration: 1 }
$data merge entity $(bone_body_1) { transformation: [-1.2215481561250763f,0.06658829597536368f,-0.17885943129389034f,1.8557991432579204e-17f,-4.28951145436951e-18f,1.158674502494602f,0.4313675837671823f,0.6674125f,0.1908525538830343f,0.4261971271187012f,-1.1447864021590837f,-0.1515375f,0f,0f,0f,1f], start_interpolation: 0, interpolation_duration: 1 }