# This file was generated by Animated Java via MC-Build. It is not recommended to edit this file directly.
$data merge entity $(bone_head_lower) { transformation: [-1f,-4.759402069755224e-18f,1.22372161534219e-16f,-8.435092901937224e-17f,0f,0.9992445300916091f,0.038863467189633016f,0.25511073284742947f,-1.2246467991473532e-16f,0.038863467189633016f,-0.9992445300916091f,0.6883792379478499f,0f,0f,0f,1f], start_interpolation: 0, interpolation_duration: 1 }
$data merge entity $(bone_head_upper) { transformation: [-1.0408995833333334f,-8.514295346522977e-17f,9.486914106552423e-17f,-0.0003231250000000797f,0f,0.774665324986566f,0.6952449761393212f,0.3204339949660861f,-1.2747343429629804e-16f,0.6952449761393212f,-0.774665324986566f,0.6505873934809743f,0f,0f,0f,1f], start_interpolation: 0, interpolation_duration: 1 }
$data merge entity $(bone_neck_0) { transformation: [-1f,-3.60587731420733e-18f,1.224115822764066e-16f,-7.170008431767069e-17f,0f,0.9995664248796822f,0.02944422274828859f,0.3061130763540642f,-1.2246467991473532e-16f,0.02944422274828859f,-0.9995664248796822f,0.5854756193180849f,0f,0f,0f,1f], start_interpolation: 0, interpolation_duration: 1 }
$data merge entity $(bone_neck_1) { transformation: [-1f,-3.0222295454684494e-17f,1.1867691723358984e-16f,-6.178582213081974e-17f,0f,0.9690705705205561f,0.2467837704367205f,0.3314832877316083f,-1.2246467991473532e-16f,0.2467837704367205f,-0.9690705705205561f,0.5045195249261865f,0f,0f,0f,1f], start_interpolation: 0, interpolation_duration: 1 }
$data merge entity $(bone_neck_2) { transformation: [-1f,-4.0450665364614826e-17f,1.155912691260829e-16f,-5.2055197316441864e-17f,0f,0.943874341618841f,0.33030474903276735f,0.3696615807584085f,-1.2246467991473532e-16f,0.33030474903276735f,-0.943874341618841f,0.4250629434763127f,0f,0f,0f,1f], start_interpolation: 0, interpolation_duration: 1 }
$data merge entity $(bone_body_0) { transformation: [-1f,-2.987569294174035e-17f,1.1876464456171044e-16f,3.6335309781889114e-18f,0f,0.9697869185172331f,0.2439535461370656f,0.49387440485953427f,-1.2246467991473532e-16f,0.2439535461370656f,-0.9697869185172331f,-0.029670032051026612f,0f,0f,0f,1f], start_interpolation: 0, interpolation_duration: 1 }
$data merge entity $(bone_leg_left_3) { transformation: [-0.9970555199668971f,-0.06254694510026572f,0.04436405935174218f,0.23327920356140974f,-0.04793996919187749f,0.9599642952595053f,0.27598969397570605f,0.0920075091171407f,-0.0598502252077837f,0.2730502361939031f,-0.960136198180775f,-0.4008871985258985f,0f,0f,0f,1f], start_interpolation: 0, interpolation_duration: 1 }
$data merge entity $(bone_leg_left_2) { transformation: [-1.0226107020730348f,-0.06397319665109907f,0.047296740021159606f,0.21824236938446107f,-0.047359041770373596f,0.9794475337801858f,0.3008352526470246f,0.3295389921467997f,-0.06392708869471062f,0.29774512285316584f,-0.979450544258804f,-0.3618518266987796f,0f,0f,0f,1f], start_interpolation: 0, interpolation_duration: 1 }
$data merge entity $(bone_leg_left_1) { transformation: [-0.9382676630483873f,-0.10396564093432935f,0.32991656215296633f,0.19118680332629578f,0.3448671094726079f,-0.20714331869433045f,0.9155098701402994f,0.21784117130894043f,-0.026841558854251064f,0.9727706775111047f,0.23021020762090588f,-0.1092553524060622f,0f,0f,0f,1f], start_interpolation: 0, interpolation_duration: 1 }
$data merge entity $(bone_leg_left_0) { transformation: [-0.9561733076250295f,0.2774108044774399f,-0.09367951400701359f,0.19655375000000003f,0.29270202656549166f,0.8972758472268589f,-0.330486879660565f,0.631078639020277f,-0.007624265857432672f,-0.34342291644924083f,-0.9391499193566663f,-0.16852819380392925f,0f,0f,0f,1f], start_interpolation: 0, interpolation_duration: 1 }
$data merge entity $(bone_leg_right_3) { transformation: [-0.9777692956525019f,-0.038520128027243f,0.2061150266622377f,-0.2151405764487799f,-0.026236262102045313f,0.9977310790799196f,0.06200284178110205f,0.05305153646150973f,-0.20803572536976178f,0.05521678707408134f,-0.9765614386177109f,0.023307860493009952f,0f,0f,0f,1f], start_interpolation: 0, interpolation_duration: 1 }
$data merge entity $(bone_leg_right_2) { transformation: [-1.0035433731513723f,0.09205189267264047f,0.1910218489075121f,-0.18622310777922516f,-0.026147401756694284f,0.8632370225660871f,-0.5533537347423487f,0.23721028862144067f,-0.2104262604477724f,-0.5462696142266346f,-0.8422425404759278f,-0.1297294097213339f,0f,0f,0f,1f], start_interpolation: 0, interpolation_duration: 1 }
$data merge entity $(bone_leg_right_1) { transformation: [-0.9451243366369102f,-0.13432484761303856f,-0.29782011955268295f,-0.22574245077540836f,-0.3216797734055604f,0.5419561943446859f,0.7764055684970149f,0.33685875692438866f,0.057114898917775256f,0.8296025064602683f,-0.5554255752091842f,0.12624283477754156f,0f,0f,0f,1f], start_interpolation: 0, interpolation_duration: 1 }
$data merge entity $(bone_leg_right_0) { transformation: [-0.9561733076250295f,-0.15766911600029196f,0.24672465552736533f,-0.19655374999999997f,-0.29270202656549166f,0.49276900094649156f,-0.8194536200119267f,0.631078639020277f,0.0076242658574324496f,-0.8557564849686407f,-0.5173226353101631f,-0.1685281938039293f,0f,0f,0f,1f], start_interpolation: 0, interpolation_duration: 1 }
$data merge entity $(bone_tail_4) { transformation: [-2.76146f,-4.285378310374137e-17f,3.3545514616268884e-16f,2.3673120327861664e-16f,0f,2.7391991421220045f,0.34992769452856015f,0.6290676466008646f,-3.38181314997345e-16f,0.34992769452856015f,-2.7391991421220045f,-1.9335597722664128f,0f,0f,0f,1f], start_interpolation: 0, interpolation_duration: 1 }
$data merge entity $(bone_tail_3) { transformation: [-2.0822933333333333f,1.2101407704876036e-17f,2.547200878009056e-16f,1.93421667571414e-16f,0f,2.079947360971765f,-0.09881549286946653f,0.6254691847324998f,-2.550073865552539e-16f,-0.09881549286946653f,-2.079947360971765f,-1.5799105753113687f,0f,0f,0f,1f], start_interpolation: 0, interpolation_duration: 1 }
$data merge entity $(bone_tail_2) { transformation: [-1.954168333333333f,4.246153227945551e-17f,2.3551953856223943e-16f,-0.0014449999999998505f,0f,1.9231629783070299f,-0.34672472347960964f,0.6903821757200999f,-2.393165994411784e-16f,-0.34672472347960964f,-1.9231629783070299f,-1.2224812822404392f,0f,0f,0f,1f], start_interpolation: 0, interpolation_duration: 1 }
$data merge entity $(bone_tail_1) { transformation: [-1.5125000000000002f,1.6852065593812418e-17f,1.8445963322166791e-16f,1.0981112479000318e-16f,0f,1.5062272105728434f,-0.13760755840414954f,0.7015817153683247f,-1.852278283710372e-16f,-0.13760755840414954f,-1.5062272105728434f,-0.8966758812945739f,0f,0f,0f,1f], start_interpolation: 0, interpolation_duration: 1 }
$data merge entity $(bone_tail_0) { transformation: [-1.2782158333333333f,-6.227484193746839e-18f,1.5641236982000194e-16f,6.395351468001094e-17f,0f,1.2772039246654816f,0.05085126746816025f,0.7175429989619984f,-1.5653629289111334e-16f,0.05085126746816025f,-1.2772039246654816f,-0.5222200778586763f,0f,0f,0f,1f], start_interpolation: 0, interpolation_duration: 1 }
$data merge entity $(bone_body_1) { transformation: [-1.2363675f,-3.8626285678622205e-17f,1.4640152665613924e-16f,3.2518964942859025e-17f,0f,1.195459186747311f,0.31540755837124085f,0.5636925f,-1.5141135014448153e-16f,0.31540755837124085f,-1.195459186747311f,-0.2655375f,0f,0f,0f,1f], start_interpolation: 0, interpolation_duration: 1 }