# This file was generated by Animated Java via MC-Build. It is not recommended to edit this file directly.
$data merge entity $(bone_head_lower) { transformation: [-1f,5.719654399492983e-18f,1.22331040133602e-16f,-8.261620554339544e-17f,0f,0.9989087483736014f,-0.04670452250783841f,0.25080832575123846f,-1.2246467991473532e-16f,-0.04670452250783841f,-0.9989087483736014f,0.6748456099417833f,0f,0f,0f,1f], start_interpolation: 0, interpolation_duration: 1 }
$data merge entity $(bone_head_upper) { transformation: [-1.0408995833333334f,-8.58291463552902e-17f,9.424878825329689e-17f,-0.00032312500000007807f,0f,0.7695997598566098f,0.7008481663043401f,0.31640411111213335f,-1.2747343429629804e-16f,0.7008481663043401f,-0.7695997598566098f,0.637528790343663f,0f,0f,0f,1f], start_interpolation: 0, interpolation_duration: 1 }
$data merge entity $(bone_neck_0) { transformation: [-1f,-4.963963276245642e-18f,1.2236403432059056e-16f,-7.008189692272675e-17f,0f,0.9991781663560886f,0.04053383620241971f,0.30280656986290344f,-1.2246467991473532e-16f,0.04053383620241971f,-0.9991781663560886f,0.5722621164855082f,0f,0f,0f,1f], start_interpolation: 0, interpolation_duration: 1 }
$data merge entity $(bone_neck_1) { transformation: [-1f,-3.133072187434599e-17f,1.1838911982716553e-16f,-6.019712133550298e-17f,0f,0.9667205263557838f,0.2558347590191691f,0.32893269240789447f,-1.2246467991473532e-16f,0.2558347590191691f,-0.9667205263557838f,0.4915467984517214f,0f,0f,0f,1f], start_interpolation: 0, interpolation_duration: 1 }
$data merge entity $(bone_neck_2) { transformation: [-1f,-4.403315615233257e-17f,1.1427457716343944e-16f,-5.061692343611088e-17f,0f,0.9331227358206614f,0.3595580063001852f,0.3695685252302322f,-1.2246467991473532e-16f,0.3595580063001852f,-0.9331227358206614f,0.4133185459787455f,0f,0f,0f,1f], start_interpolation: 0, interpolation_duration: 1 }
$data merge entity $(bone_body_0) { transformation: [-1f,-3.1696191514317656e-17f,1.1829179713786698e-16f,4.8316111163132855e-18f,0f,0.9659258262890683f,0.25881904510252074f,0.5007506215183173f,-1.2246467991473532e-16f,0.25881904510252074f,-0.9659258262890683f,-0.039453098801035896f,0f,0f,0f,1f], start_interpolation: 0, interpolation_duration: 1 }
$data merge entity $(bone_leg_left_3) { transformation: [-0.998461756125084f,-0.053132333138805624f,0.015845400936546055f,0.22491093279980784f,-0.05058241740939388f,0.989943217343992f,0.13211300270468535f,0.06929880683511497f,-0.022705519254903238f,0.13110828200328678f,-0.9911080051061602f,-0.36999677631084354f,0f,0f,0f,1f], start_interpolation: 0, interpolation_duration: 1 }
$data merge entity $(bone_leg_left_2) { transformation: [-1.0241330909649726f,-0.05428711205788715f,0.01632546953810847f,0.2111723980945595f,-0.05036627836357734f,1.0069263733755307f,0.18874510882483464f,0.3097668146047172f,-0.02601633131377219f,0.1876549694676656f,-1.0080530553694862f,-0.3574483911762193f,0f,0f,0f,1f], start_interpolation: 0, interpolation_duration: 1 }
$data merge entity $(bone_leg_left_1) { transformation: [-0.938567781532621f,-0.07315594262576118f,0.33725172724164143f,0.19210381166151339f,0.3432211558415096f,-0.09618228809030188f,0.9343169727884282f,0.22724896024722863f,-0.035913196067077546f,0.9926717360317309f,0.11538226394033524f,-0.09317471033863123f,0f,0f,0f,1f], start_interpolation: 0, interpolation_duration: 1 }
$data merge entity $(bone_leg_left_0) { transformation: [-0.9561733076250295f,0.2720523024795643f,-0.10825964391673522f,0.19655375000000003f,0.29251767856773525f,0.8712844975731419f,-0.39407706354729766f,0.6354365825940249f,-0.012884623034987941f,-0.4084738290322715f,-0.9126790878972526f,-0.18075519661329142f,0f,0f,0f,1f], start_interpolation: 0, interpolation_duration: 1 }
$data merge entity $(bone_leg_right_3) { transformation: [-0.9791659440130094f,-0.036400368308748265f,0.1997725388337942f,-0.21210879832632587f,-0.02528353207360988f,0.9980010087856359f,0.057920026491160403f,0.05050061559148625f,-0.20148150558052483f,0.05166236202344482f,-0.9781289297731481f,0.001582003087296835f,0f,0f,0f,1f], start_interpolation: 0, interpolation_duration: 1 }
$data merge entity $(bone_leg_right_2) { transformation: [-1.0049572073839956f,0.08429615456545736f,0.1871292845952545f,-0.18511728522956789f,-0.025248837243969167f,0.8773123666037501f,-0.5307991212527109f,0.23863595457858525f,-0.20368040417645175f,-0.5246707245790438f,-0.8574946782487419f,-0.1469024220588193f,0f,0f,0f,1f], start_interpolation: 0, interpolation_duration: 1 }
$data merge entity $(bone_leg_right_1) { transformation: [-0.9446395238881027f,-0.12875115198234627f,-0.30179349027385843f,-0.222902041269069f,-0.32223270114815566f,0.5373518894217717f,0.7793709214780957f,0.3368652940148898f,0.06182439825200131f,0.8334723077571751f,-0.5490916644629629f,0.10987899226999912f,0f,0f,0f,1f], start_interpolation: 0, interpolation_duration: 1 }
$data merge entity $(bone_leg_right_0) { transformation: [-0.9561733076250295f,-0.16605738687125807f,0.24115876523755037f,-0.19655374999999997f,-0.2925176785677352f,0.5055090973797054f,-0.8117228345880746f,0.6354365825940249f,0.012884623034987747f,-0.8466909097963937f,-0.5319290269927008f,-0.18075519661329145f,0f,0f,0f,1f], start_interpolation: 0, interpolation_duration: 1 }
$data merge entity $(bone_tail_4) { transformation: [-2.76146f,-3.6816742897088767e-17f,3.361712796414697e-16f,2.3825001007741942e-16f,0f,2.7450468157474064f,0.300631520228706f,0.6016978432754353f,-3.38181314997345e-16f,0.300631520228706f,-2.7450468157474064f,-1.9454654319010762f,0f,0f,0f,1f], start_interpolation: 0, interpolation_duration: 1 }
$data merge entity $(bone_tail_3) { transformation: [-2.0822933333333333f,1.6678281057514326e-17f,2.5446139616591605e-16f,1.949395506128937e-16f,0f,2.0778349834669223f,-0.13618849997506538f,0.6044571335975466f,-2.550073865552539e-16f,-0.13618849997506538f,-2.0778349834669223f,-1.5918086918950585f,0f,0f,0f,1f], start_interpolation: 0, interpolation_duration: 1 }
$data merge entity $(bone_tail_2) { transformation: [-1.954168333333333f,4.668835244878429e-17f,2.3471819808806383e-16f,-0.0014449999999998487f,0f,1.9166195367634464f,-0.3812393294237206f,0.6757847574147943f,-2.393165994411784e-16f,-0.3812393294237206f,-1.9166195367634464f,-1.235604023165512f,0f,0f,0f,1f], start_interpolation: 0, interpolation_duration: 1 }
$data merge entity $(bone_tail_1) { transformation: [-1.5125000000000002f,2.0165174810370882e-17f,1.8412689680738556e-16f,1.114492988834625e-16f,0f,1.5035102115612584f,-0.1646611482135964f,0.6928391402585392f,-1.852278283710372e-16f,-0.1646611482135964f,-1.5035102115612584f,-0.9100525879058177f,0f,0f,0f,1f], start_interpolation: 0, interpolation_duration: 1 }
$data merge entity $(bone_tail_0) { transformation: [-1.2782158333333333f,-3.4148212331560237e-18f,1.5649904149239386e-16f,6.563423586391862e-17f,0f,1.2779116525789684f,0.027884131453522393f,0.7155290335368546f,-1.5653629289111334e-16f,0.027884131453522393f,-1.2779116525789684f,-0.5359442078288674f,0f,0f,0f,1f], start_interpolation: 0, interpolation_duration: 1 }
$data merge entity $(bone_body_1) { transformation: [-1.2363675f,-3.598834186740173e-17f,1.4707221424256116e-16f,3.3866076421921116e-17f,0f,1.2009357664998475f,0.29386711248057984f,0.5663175f,-1.5141135014448153e-16f,0.29386711248057984f,-1.2009357664998475f,-0.2765375f,0f,0f,0f,1f], start_interpolation: 0, interpolation_duration: 1 }