# This file was generated by Animated Java via MC-Build. It is not recommended to edit this file directly.
$data merge entity $(bone_head_lower) { transformation: [-1f,6.922597317934537e-18f,1.2226886550954946e-16f,-8.478460988836645e-17f,0f,0.9984010540400534f,-0.056527296872488586f,0.27489973207911456f,-1.2246467991473532e-16f,-0.056527296872488586f,-0.9984010540400534f,0.6927824506610539f,0f,0f,0f,1f], start_interpolation: 0, interpolation_duration: 1 }
$data merge entity $(bone_head_upper) { transformation: [-1.0408995833333334f,-8.890261764631486e-17f,9.135535576486883e-17f,-0.0003231250000000805f,0f,0.7459730905961948f,0.7259449639537894f,0.3416950939389027f,-1.2747343429629804e-16f,0.7259449639537894f,-0.7459730905961948f,0.6576579333540331f,0f,0f,0f,1f], start_interpolation: 0, interpolation_duration: 1 }
$data merge entity $(bone_neck_0) { transformation: [-1f,-8.304741314614731e-18f,1.2218276923656585e-16f,-7.250449982713315e-17f,0f,0.9976980246192966f,0.06781335908767178f,0.32988552326419246f,-1.2246467991473532e-16f,0.06781335908767178f,-0.9976980246192966f,0.5920441704303119f,0f,0f,0f,1f], start_interpolation: 0, interpolation_duration: 1 }
$data merge entity $(bone_neck_1) { transformation: [-1f,-3.1780309293356885e-17f,1.1826922578522762e-16f,-6.263195203191178e-17f,0f,0.965741517207829f,0.2595059188941952f,0.3563181310618031f,-1.2246467991473532e-16f,0.2595059188941952f,-0.965741517207829f,0.5114286998955012f,0f,0f,0f,1f], start_interpolation: 0, interpolation_duration: 1 }
$data merge entity $(bone_neck_2) { transformation: [-1f,-4.518572686586825e-17f,1.1382375812729838e-16f,-5.310253364887062e-17f,0f,0.9294415190285634f,0.3689694603973024f,0.3977424364357989f,-1.2246467991473532e-16f,0.3689694603973024f,-0.9294415190285634f,0.4336150936404086f,0f,0f,0f,1f], start_interpolation: 0, interpolation_duration: 1 }
$data merge entity $(bone_body_0) { transformation: [-1f,-2.8945899864671805e-17f,1.1899467512306155e-16f,2.7034646280107462e-18f,0f,0.9716652605952205f,0.23636120949179035f,0.5183949143034893f,-1.2246467991473532e-16f,0.23636120949179035f,-0.9716652605952205f,-0.022075463961470365f,0f,0f,0f,1f], start_interpolation: 0, interpolation_duration: 1 }
$data merge entity $(bone_leg_left_3) { transformation: [-0.9985247695689982f,-0.044005874731144055f,-0.03180829367202924f,0.2124721774501701f,-0.04536881494924388f,0.9980236880537946f,0.043478600639893554f,0.05100880960815318f,0.029832116708012182f,0.044857564274589715f,-0.998547867525674f,-0.31595952109611f,0f,0f,0f,1f], start_interpolation: 0, interpolation_duration: 1 }
$data merge entity $(bone_leg_left_2) { transformation: [-1.0243206728194147f,-0.044137279190887384f,-0.029686012212854395f,0.1996773021612846f,-0.045416961645933694f,1.0237030002982987f,0.045074008872161356f,0.29095502250693933f,0.027688595672728973f,0.0463278238921445f,-1.0242798806497107f,-0.3367724533231624f,0f,0f,0f,1f], start_interpolation: 0, interpolation_duration: 1 }
$data merge entity $(bone_leg_left_1) { transformation: [-0.9387218763646639f,-0.027654583217596673f,0.34356435039373023f,0.1926382841971947f,0.3421842642576329f,0.04485546166407989f,0.938561621233984f,0.246548247435866f,-0.04136626800748809f,0.9986106406332566f,-0.0326438399268435f,-0.0629260069090197f,0f,0f,0f,1f], start_interpolation: 0, interpolation_duration: 1 }
$data merge entity $(bone_leg_left_0) { transformation: [-0.9561733076250296f,0.26931354075123304f,-0.11490353586136734f,0.19655375000000003f,0.29234034187975383f,0.8560753373453688f,-0.4262301506212831f,0.6513611014899173f,-0.01642346781405335f,-0.44114083188597153f,-0.8972875994617968f,-0.16499706492554794f,0f,0f,0f,1f], start_interpolation: 0, interpolation_duration: 1 }
$data merge entity $(bone_leg_right_3) { transformation: [-0.9810053000331495f,-0.03145223154474708f,0.1914141019823936f,-0.2025180886194799f,-0.022521854041294975f,0.9985617743978777f,0.04865335344973004f,0.03886495652611338f,-0.19266906185844454f,0.04341819713227829f,-0.9803027556629481f,-0.025749262971826697f,0f,0f,0f,1f], start_interpolation: 0, interpolation_duration: 1 }
$data merge entity $(bone_leg_right_2) { transformation: [-1.0068176079651767f,0.0727982185148731f,0.1818816185683283f,-0.17836601792202814f,-0.02256920606920914f,0.9028169581260539f,-0.4862863051311631f,0.23431686704141855f,-0.19460507375035116f,-0.48133580689761063f,-0.8845942040108228f,-0.1649839577248158f,0f,0f,0f,1f], start_interpolation: 0, interpolation_duration: 1 }
$data merge entity $(bone_leg_right_1) { transformation: [-0.9430666447550471f,-0.12216128812747644f,-0.30935727441502553f,-0.21392803426776538f,-0.3268314305670133f,0.5128974315395748f,0.7937993705676681f,0.32504587706932975f,0.06169699785222368f,0.8497133895632942f,-0.5236226084241206f,0.09485633051499184f,0f,0f,0f,1f], start_interpolation: 0, interpolation_duration: 1 }
$data merge entity $(bone_leg_right_0) { transformation: [-0.9561733076250296f,-0.1933190031988743f,0.21990991061706205f,-0.19655374999999997f,-0.29234034187975383f,0.5881822515861128f,-0.7540416191621782f,0.6513611014899173f,0.016423467814053128f,-0.7852830075337708f,-0.618919112472443f,-0.16499706492554797f,0f,0f,0f,1f], start_interpolation: 0, interpolation_duration: 1 }
$data merge entity $(bone_tail_4) { transformation: [-2.76146f,-3.274600196075624e-17f,3.3659218821731375e-16f,2.360743453396918e-16f,0f,2.7484837950963694f,0.2673913979406576f,0.5962698822966433f,-3.38181314997345e-16f,0.2673913979406576f,-2.7484837950963694f,-1.9291698100466357f,0f,0f,0f,1f], start_interpolation: 0, interpolation_duration: 1 }
$data merge entity $(bone_tail_3) { transformation: [-2.0822933333333333f,1.975632485328803e-17f,2.5424093853278636e-16f,1.927711462679227e-16f,0f,2.0760348102799826f,-0.16132263495926458f,0.6033086092099312f,-2.550073865552539e-16f,-0.16132263495926458f,-2.0760348102799826f,-1.575572355646571f,0f,0f,0f,1f], start_interpolation: 0, interpolation_duration: 1 }
$data merge entity $(bone_tail_2) { transformation: [-1.954168333333333f,4.952528428955416e-17f,2.34136030939555e-16f,-0.001444999999999851f,0f,1.911865781240515f,-0.4044046358838777f,0.6789414817321158f,-2.393165994411784e-16f,-0.4044046358838777f,-1.911865781240515f,-1.2202569119374866f,0f,0f,0f,1f], start_interpolation: 0, interpolation_duration: 1 }
$data merge entity $(bone_tail_1) { transformation: [-1.5125000000000002f,2.2391837874611476e-17f,1.8386939386327328e-16f,1.0959801292422412e-16f,0f,1.5014075404540341f,-0.18284323194411278f,0.6999341491188138f,-1.852278283710372e-16f,-0.18284323194411278f,-1.5014075404540341f,-0.894935690850052f,0f,0f,0f,1f], start_interpolation: 0, interpolation_duration: 1 }
$data merge entity $(bone_tail_0) { transformation: [-1.2782158333333333f,-1.5207592942181406e-18f,1.5652890558379772e-16f,6.381993001162777e-17f,0f,1.27815551139136f,0.01241794201623643f,0.7271495071659304f,-1.5653629289111334e-16f,0.01241794201623643f,-1.27815551139136f,-0.5211292762620349f,0f,0f,0f,1f], start_interpolation: 0, interpolation_duration: 1 }
$data merge entity $(bone_body_1) { transformation: [-1.2363675f,-3.4205969920201404e-17f,1.4749694428832437e-16f,3.1832971384274146e-17f,0f,1.204403950518774f,0.27931294103750515f,0.5810880078125f,-1.5141135014448153e-16f,0.27931294103750515f,-1.204403950518774f,-0.2599359375f,0f,0f,0f,1f], start_interpolation: 0, interpolation_duration: 1 }