# This file was generated by Animated Java via MC-Build. It is not recommended to edit this file directly.
$data merge entity $(bone_head_lower) { transformation: [-1f,1.5263900832078343e-18f,1.2245516714264232e-16f,-9.009720053354542e-17f,0f,0.9999223223210183f,-0.012463920897605396f,0.32360057281501325f,-1.2246467991473532e-16f,-0.012463920897605396f,-0.9999223223210183f,0.7358060802320433f,0f,0f,0f,1f], start_interpolation: 0, interpolation_duration: 1 }
$data merge entity $(bone_head_upper) { transformation: [-1.0408995833333334f,-9.242514068961219e-17f,8.778991866836429e-17f,-0.0003231250000000861f,0f,0.7168590872853057f,0.7547085474274065f,0.3917250730925555f,-1.2747343429629804e-16f,0.7547085474274065f,-0.7168590872853057f,0.7033344842754786f,0f,0f,0f,1f], start_interpolation: 0, interpolation_duration: 1 }
$data merge entity $(bone_neck_0) { transformation: [-1f,-1.1481537123723848e-17f,1.2192527273660345e-16f,-7.806334886935663e-17f,0f,0.9955954061325482f,0.09375386545506625f,0.38162699363846003f,-1.2246467991473532e-16f,0.09375386545506625f,-0.9955954061325482f,0.637435617548728f,0f,0f,0f,1f], start_interpolation: 0, interpolation_duration: 1 }
$data merge entity $(bone_neck_1) { transformation: [-1f,-3.02193498253663e-17f,1.1867766732941257e-16f,-6.814900956939843e-17f,0f,0.9690766955177652f,0.24675971754799986f,0.40699519563773184f,-1.2246467991473532e-16f,0.24675971754799986f,-0.9690766955177652f,0.5564788934805236f,0f,0f,0f,1f], start_interpolation: 0, interpolation_duration: 1 }
$data merge entity $(bone_neck_2) { transformation: [-1f,-4.280338923311563e-17f,1.147408719540556e-16f,-5.851592056239397e-17f,0f,0.9369303217380117f,0.34951619734699846f,0.4467885693280753f,-1.2246467991473532e-16f,0.34951619734699846f,-0.9369303217380117f,0.4778187523385111f,0f,0f,0f,1f], start_interpolation: 0, interpolation_duration: 1 }
$data merge entity $(bone_body_0) { transformation: [-1f,-2.2580064568900903e-17f,1.20365021956891e-16f,-2.0034404230430834e-18f,0f,0.9828549916653012f,0.18438021954266343f,0.5430491977370608f,-1.2246467991473532e-16f,0.18438021954266343f,-0.9828549916653012f,0.016359332539291754f,0f,0f,0f,1f], start_interpolation: 0, interpolation_duration: 1 }
$data merge entity $(bone_leg_left_3) { transformation: [-0.995703381185679f,-0.028687362582364376f,-0.08804437474066534f,0.19860925551889877f,-0.03015967634805501f,0.9994258714333785f,0.015437662783372622f,0.03978600368698246f,0.0875509601203055f,0.018026722877453744f,-0.995996921001422f,-0.2460427270199244f,0f,0f,0f,1f], start_interpolation: 0, interpolation_duration: 1 }
$data merge entity $(bone_leg_left_2) { transformation: [-1.0215762159982158f,-0.038978896733540935f,-0.08321586397374901f,0.185366737195193f,-0.030257147867757676f,1.0197383502530661f,-0.10620923465856724f,0.2741562511797379f,0.08676830879053828f,-0.10332735423539068f,-1.0167875480930315f,-0.30141686235986925f,0f,0f,0f,1f], start_interpolation: 0, interpolation_duration: 1 }
$data merge entity $(bone_leg_left_1) { transformation: [-0.938704282364132f,0.024843303729195007f,0.3438271084877677f,0.19257546845609758f,0.34201262716614284f,0.1919555492297499f,0.9198806607266065f,0.2707061593741803f,-0.04314664680080251f,0.9810891281528525f,-0.1886862196614336f,-0.024019103320783067f,0f,0f,0f,1f], start_interpolation: 0, interpolation_duration: 1 }
$data merge entity $(bone_leg_left_0) { transformation: [-0.9561733076250296f,0.2696258897127996f,-0.11416867075512369f,0.19655375000000003f,0.2922433427523762f,0.8547535016933334f,-0.4289408816607504f,0.6752094096061052f,-0.018067495740357223f,-0.4435068555722289f,-0.8960888542204429f,-0.12730788486175815f,0f,0f,0f,1f], start_interpolation: 0, interpolation_duration: 1 }
$data merge entity $(bone_leg_right_3) { transformation: [-0.9828423355102995f,-0.02455960808493228f,0.1828052766726767f,-0.19097135935180748f,-0.01823369524200019f,0.9991780060234277f,0.036205588475655026f,0.02832738923557604f,-0.18354420689981255f,0.032251169432458426f,-0.9824822574396737f,-0.060168392429734596f,0f,0f,0f,1f], start_interpolation: 0, interpolation_duration: 1 }
$data merge entity $(bone_leg_right_2) { transformation: [-1.0086730588398436f,0.06070811648788881f,0.1759414233881845f,-0.1698181740146063f,-0.018370300694386516f,0.9323965451413948f,-0.4270379540058266f,0.2324987838769178f,-0.18521174888155795f,-0.4230997597512644f,-0.9158304433001508f,-0.18680826145333668f,0f,0f,0f,1f], start_interpolation: 0, interpolation_duration: 1 }
$data merge entity $(bone_leg_right_1) { transformation: [-0.9410357132071245f,-0.11547429883253478f,-0.31798973690654314f,-0.20306526362739852f,-0.33356079857300514f,0.4735945891149004f,0.815135178247404f,0.311284849032122f,0.05647105563115741f,0.873140224402829f,-0.4841871212720135f,0.07720077746276649f,0f,0f,0f,1f], start_interpolation: 0, interpolation_duration: 1 }
$data merge entity $(bone_leg_right_0) { transformation: [-0.9561733076250295f,-0.2286625510685093f,0.18288259491884945f,-0.19655374999999997f,-0.2922433427523761f,0.7067574088408018f,-0.6442730738324804f,0.6752094096061052f,0.018067495740357015f,-0.6694829368904609f,-0.7426076775863519f,-0.1273078848617582f,0f,0f,0f,1f], start_interpolation: 0, interpolation_duration: 1 }
$data merge entity $(bone_tail_4) { transformation: [-2.76146f,-3.085229881642153e-17f,3.367710460699906e-16f,2.3129832246004596e-16f,0f,2.7499442802975f,0.25192813828364297f,0.6101963548075726f,-3.38181314997345e-16f,0.25192813828364297f,-2.7499442802975f,-1.8911428600694842f,0f,0f,0f,1f], start_interpolation: 0, interpolation_duration: 1 }
$data merge entity $(bone_tail_3) { transformation: [-2.0822933333333333f,2.118600743022601e-17f,2.541257961854859e-16f,1.8800065670898647e-16f,0f,2.075094601663256f,-0.1729968791407983f,0.6192238028019792f,-2.550073865552539e-16f,-0.1729968791407983f,-2.075094601663256f,-1.5375905886618833f,0f,0f,0f,1f], start_interpolation: 0, interpolation_duration: 1 }
$data merge entity $(bone_tail_2) { transformation: [-1.954168333333333f,5.084141459004952e-17f,2.338537691177376e-16f,-0.0014449999999998555f,0f,1.9095609385543304f,-0.415151655362569f,0.6968539743283401f,-2.393165994411784e-16f,-0.415151655362569f,-1.9095609385543304f,-1.182706167458404f,0f,0f,0f,1f], start_interpolation: 0, interpolation_duration: 1 }
$data merge entity $(bone_tail_1) { transformation: [-1.5125000000000002f,2.342566932568799e-17f,1.8374054103461744e-16f,1.050144631906641e-16f,0f,1.5003553772609763f,-0.19128510638330867f,0.7196761005162403f,-1.852278283710372e-16f,-0.19128510638330867f,-1.5003553772609763f,-0.8575081669570299f,0f,0f,0f,1f], start_interpolation: 0, interpolation_duration: 1 }
$data merge entity $(bone_tail_0) { transformation: [-1.2782158333333333f,-6.403279899522614e-19f,1.5653498322150773e-16f,5.92558506267941e-17f,0f,1.2782051390694318f,0.005228674834230426f,0.7489935271323304f,-1.5653629289111334e-16f,0.005228674834230426f,-1.2782051390694318f,-0.4838607398316831f,0f,0f,0f,1f], start_interpolation: 0, interpolation_duration: 1 }
$data merge entity $(bone_body_1) { transformation: [-1.2363675f,-3.337582246881022e-17f,1.4768700493647114e-16f,2.7168789239084032e-17f,0f,1.2059559134870281f,0.2725342726739478f,0.6044034375f,-1.5141135014448153e-16f,0.2725342726739478f,-1.2059559134870281f,-0.22185f,0f,0f,0f,1f], start_interpolation: 0, interpolation_duration: 1 }